12 13 25 48 F: 13 
16 8 32 86 F: 7 1 
25 2 33 73 F: 2 
38 8 46 75 F: 5 3 
81 11 125 54 F: 5 2 4 
108 6 126 68 F: 3 3 
116 8 132 92 F: 4 4 
134 11 145 99 F: 4 3 4 
136 9 172 83 F: 9 
192 12 204 53 F: 12 
216 5 226 5 F: 2 3 
234 6 240 74 F: 4 1 1 
248 9 266 62 F: 3 6 
252 5 262 95 F: 5 
285 7 292 5 F: 2 5 
304 10 324 7 F: 5 4 1 
356 9 374 48 F: 3 3 3 
367 9 385 45 F: 3 2 4 
382 5 402 88 F: 2 2 1 
383 8 399 91 F: 4 2 2 
434 5 454 61 F: 2 2 1 
446 11 490 75 F: 11 
449 7 470 61 F: 7 
476 7 497 48 F: 2 5 
492 2 496 50 F: 2 
525 7 539 92 F: 7 
546 6 564 77 F: 6 
569 9 587 63 F: 7 2 
581 8 605 86 F: 2 2 4 
583 13 635 24 F: 13 
623 10 643 25 F: 2 4 4 
636 10 666 50 F: 10 
645 7 659 23 F: 7 
676 8 684 20 F: 6 2 
688 5 693 86 F: 2 1 2 
701 13 753 45 F: 13 
721 10 731 85 F: 2 4 4 
772 5 787 27 F: 5 
779 7 800 55 F: 3 2 2 
797 3 809 9 F: 3 
832 5 847 3 F: 5 
850 12 862 35 F: 12 
870 3 882 41 F: 3 
876 8 900 95 F: 8 
895 4 911 54 F: 2 1 1 
924 7 931 77 F: 6 1 
956 8 980 11 F: 4 4 
967 6 973 92 F: 4 2 
971 9 998 36 F: 4 1 4 
997 9 1033 65 F: 4 5 
1002 10 1042 3 F: 4 3 3 
1042 5 1047 10 F: 5 
1069 8 1077 76 F: 5 2 1 
1080 10 1100 4 F: 3 3 4 
1099 8 1115 63 F: 8 
1132 13 1145 17 F: 13 
1151 10 1181 99 F: 4 4 2 
1157 11 1190 100 F: 6 5 
1172 6 1178 81 F: 4 2 
1199 11 1243 21 F: 4 3 4 
1229 7 1250 83 F: 2 5 
1244 6 1250 58 F: 6 
1253 4 1265 4 F: 4 
1273 6 1297 89 F: 3 2 1 
1285 10 1305 68 F: 4 6 
1310 9 1328 30 F: 7 2 
1317 3 1326 20 F: 3 
1374 8 1406 71 F: 3 1 4 
1380 6 1392 88 F: 2 4 
1381 11 1414 75 F: 3 4 4 
1408 11 1441 78 F: 11 
1417 6 1441 98 F: 3 1 2 
1463 9 1481 20 F: 2 3 4 
1484 5 1489 1 F: 4 1 
1493 12 1517 61 F: 12 
1525 11 1547 40 F: 11 
1579 10 1599 51 F: 10 
1579 13 1631 100 F: 7 6 
1582 6 1594 54 F: 2 3 1 
1594 9 1603 88 F: 9 
1622 7 1636 98 F: 7 
1628 4 1640 37 F: 4 
1648 3 1657 67 F: 3 
1665 11 1709 94 F: 5 3 3 
1685 11 1696 97 F: 7 4 
1710 11 1732 44 F: 11 
1739 3 1748 96 F: 2 1 
1740 13 1779 4 F: 13 
1753 13 1766 16 F: 7 6 
1761 10 1771 25 F: 6 4 
1840 3 1852 24 F: 3 
1844 6 1850 13 F: 4 2 
1851 6 1869 10 F: 6 
1857 8 1873 2 F: 3 5 
1897 10 1927 38 F: 10 
1909 12 1945 15 F: 4 4 4 
1921 13 1973 78 F: 13 
1931 6 1955 27 F: 6 
1953 2 1961 90 F: 2 
1994 9 2003 29 F: 9 
D: 4 61 
D: 6 75 
D: 8 65 
D: 19 21 
D: 32 40 
D: 36 76 
D: 44 98 
D: 51 69 
D: 53 77 
D: 85 87 
