6 5 26 4 F: 3 2 
12 8 28 13 F: 5 1 2 
69 11 102 68 F: 5 3 3 
77 12 101 32 F: 7 5 
89 6 113 94 F: 3 1 2 
106 6 124 84 F: 6 
132 10 162 69 F: 6 4 
133 10 153 60 F: 4 3 3 
141 7 148 39 F: 2 4 1 
145 5 165 29 F: 5 
215 2 223 5 F: 2 
227 9 263 45 F: 4 5 
256 10 286 54 F: 7 3 
277 4 285 77 F: 4 
278 8 310 95 F: 7 1 
317 10 357 47 F: 5 3 2 
320 7 327 69 F: 7 
341 11 385 41 F: 5 6 
373 12 397 51 F: 12 
399 13 412 26 F: 13 
419 6 425 7 F: 6 
420 9 456 74 F: 4 4 1 
449 7 456 54 F: 3 1 3 
454 12 478 63 F: 12 
492 11 503 56 F: 11 
500 6 524 76 F: 5 1 
530 6 548 78 F: 4 2 
552 5 572 73 F: 4 1 
552 10 562 53 F: 7 3 
566 12 602 97 F: 5 3 4 
618 5 628 67 F: 2 3 
639 6 645 21 F: 6 
646 10 686 34 F: 5 5 
651 4 659 93 F: 2 2 
692 6 716 55 F: 4 1 1 
704 8 728 58 F: 3 2 3 
707 7 735 53 F: 3 2 2 
729 6 735 19 F: 4 1 1 
729 9 765 92 F: 2 4 3 
781 6 799 9 F: 6 
805 12 829 11 F: 12 
851 4 867 91 F: 4 
853 7 881 97 F: 3 2 2 
862 6 886 49 F: 2 1 3 
886 3 895 70 F: 2 1 
926 8 934 21 F: 4 1 3 
934 11 967 86 F: 11 
955 10 985 74 F: 10 
984 9 1002 94 F: 4 4 1 
991 7 1005 4 F: 3 3 1 
1002 4 1018 3 F: 2 1 1 
1003 9 1012 49 F: 5 2 2 
1008 6 1014 17 F: 3 1 2 
1061 6 1073 82 F: 4 2 
1076 8 1108 53 F: 4 4 
1170 11 1192 58 F: 6 5 
1177 11 1221 13 F: 5 3 3 
1181 8 1213 79 F: 4 1 3 
1193 3 1202 96 F: 3 
1198 9 1234 26 F: 5 4 
1213 10 1253 58 F: 5 5 
1224 12 1260 28 F: 12 
1242 7 1263 4 F: 7 
1278 10 1288 87 F: 5 4 1 
1289 7 1296 41 F: 5 1 1 
1321 7 1335 21 F: 2 1 4 
1340 9 1376 12 F: 6 3 
1357 6 1369 44 F: 5 1 
1360 2 1368 16 F: 2 
1371 3 1377 42 F: 3 
1452 8 1484 7 F: 5 3 
1459 9 1486 81 F: 3 4 2 
1460 4 1476 73 F: 4 
1460 11 1471 66 F: 6 5 
1493 6 1517 42 F: 5 1 
1506 7 1534 90 F: 3 4 
1514 6 1538 7 F: 2 1 3 
1551 7 1572 20 F: 7 
1555 5 1560 3 F: 5 
1586 7 1614 67 F: 2 3 2 
1642 11 1653 56 F: 11 
1649 9 1676 74 F: 4 4 1 
1651 4 1659 92 F: 3 1 
1666 4 1670 40 F: 4 
1677 3 1683 62 F: 3 
1708 10 1718 22 F: 4 6 
1743 5 1758 61 F: 4 1 
1746 10 1766 46 F: 4 3 3 
1755 9 1791 91 F: 2 4 3 
1760 3 1763 94 F: 3 
1815 10 1835 35 F: 5 4 1 
1834 7 1855 41 F: 7 
1852 5 1872 3 F: 4 1 
1869 9 1905 85 F: 3 3 3 
1898 9 1934 25 F: 3 4 2 
1909 9 1927 70 F: 9 
1912 7 1933 10 F: 7 
1928 5 1933 29 F: 5 
1961 6 1979 20 F: 2 1 3 
1991 11 2035 99 F: 11 
D: 6 24 
D: 11 67 
D: 36 45 
D: 36 94 
D: 37 76 
D: 40 71 
D: 46 68 
D: 50 81 
D: 56 94 
D: 78 99 
