17 8 33 3 F: 4 4 
34 10 64 25 F: 10 
80 4 96 14 F: 3 1 
82 10 102 51 F: 7 3 
86 9 122 6 F: 9 
103 13 142 30 F: 7 6 
105 10 125 74 F: 4 6 
108 9 117 13 F: 3 2 4 
116 13 142 71 F: 13 
126 3 132 43 F: 3 
228 11 261 57 F: 6 5 
235 7 242 76 F: 7 
239 7 253 9 F: 4 2 1 
254 8 286 22 F: 4 3 1 
263 7 284 54 F: 2 2 3 
352 7 373 97 F: 7 
358 7 386 9 F: 5 2 
374 13 413 37 F: 13 
388 9 397 69 F: 9 
391 9 409 66 F: 5 4 
404 7 418 62 F: 5 2 
416 11 438 2 F: 5 6 
418 6 442 15 F: 2 4 
465 8 489 67 F: 3 2 3 
467 5 472 81 F: 5 
530 7 551 99 F: 5 2 
545 6 551 41 F: 6 
551 6 557 18 F: 2 1 3 
561 7 582 47 F: 4 3 
574 6 580 22 F: 3 1 2 
636 8 660 49 F: 2 3 3 
650 4 666 33 F: 4 
652 13 665 64 F: 7 6 
667 3 670 19 F: 3 
686 5 706 51 F: 2 3 
703 7 724 25 F: 7 
709 8 733 84 F: 5 1 2 
760 6 772 87 F: 6 
761 9 770 49 F: 4 5 
768 7 782 62 F: 5 1 1 
831 9 867 72 F: 6 3 
850 5 870 2 F: 3 1 1 
868 13 894 15 F: 13 
878 6 884 97 F: 6 
890 13 929 27 F: 5 4 4 
930 10 950 6 F: 5 2 3 
942 9 951 6 F: 9 
947 9 965 7 F: 3 4 2 
990 12 1002 15 F: 12 
998 7 1012 15 F: 7 
1005 12 1041 48 F: 6 6 
1069 7 1090 11 F: 2 5 
1074 9 1110 48 F: 4 1 4 
1086 5 1091 14 F: 2 1 2 
1095 7 1123 49 F: 4 1 2 
1114 12 1126 87 F: 12 
1137 6 1161 47 F: 4 2 
1141 5 1161 25 F: 4 1 
1171 8 1203 83 F: 4 1 3 
1183 10 1213 47 F: 10 
1222 8 1238 59 F: 3 4 1 
1248 9 1284 1 F: 7 2 
1261 8 1293 97 F: 2 2 4 
1264 4 1280 20 F: 2 2 
1295 11 1317 82 F: 11 
1318 5 1333 41 F: 5 
1377 10 1387 24 F: 10 
1379 5 1399 48 F: 4 1 
1390 5 1400 94 F: 2 2 1 
1394 9 1403 67 F: 4 4 1 
1434 9 1461 68 F: 4 2 3 
1436 9 1472 89 F: 3 3 3 
1438 7 1452 37 F: 7 
1467 13 1480 99 F: 7 6 
1487 10 1527 15 F: 6 4 
1504 10 1524 25 F: 6 4 
1518 10 1538 93 F: 3 3 4 
1524 8 1540 9 F: 4 1 3 
1525 7 1553 28 F: 2 3 2 
1544 5 1554 100 F: 2 2 1 
1602 5 1607 30 F: 5 
1605 7 1626 19 F: 6 1 
1631 9 1667 29 F: 2 4 3 
1640 7 1647 63 F: 2 1 4 
1665 4 1681 75 F: 2 2 
1706 10 1726 20 F: 3 3 4 
1713 7 1727 27 F: 4 1 2 
1721 8 1729 28 F: 4 4 
1735 7 1749 9 F: 4 3 
1766 9 1793 84 F: 6 3 
1827 10 1867 33 F: 3 4 3 
1842 3 1854 83 F: 3 
1864 9 1873 21 F: 5 1 3 
1868 10 1898 19 F: 7 3 
1875 9 1893 56 F: 2 3 4 
1905 4 1909 93 F: 4 
1909 8 1917 86 F: 4 4 
1958 9 1967 43 F: 3 6 
1961 11 1972 57 F: 5 6 
1987 3 1993 98 F: 3 
D: 2 62 
D: 4 81 
D: 22 50 
D: 30 50 
D: 39 57 
D: 48 74 
D: 51 55 
D: 64 71 
D: 64 89 
D: 78 90 
