3 8 19 86 F: 3 5 
9 3 12 76 F: 3 
32 9 41 41 F: 4 5 
61 7 68 17 F: 2 5 
63 6 69 11 F: 3 2 1 
123 9 132 73 F: 5 4 
131 9 158 39 F: 5 4 
142 11 175 47 F: 11 
179 10 209 98 F: 7 3 
193 9 229 97 F: 3 6 
216 5 221 85 F: 5 
265 7 293 31 F: 5 2 
266 13 279 76 F: 7 6 
277 8 301 22 F: 3 3 2 
283 4 287 48 F: 4 
314 10 354 91 F: 5 5 
351 9 387 31 F: 4 1 4 
360 12 372 68 F: 12 
370 8 402 9 F: 5 3 
380 5 400 44 F: 4 1 
426 6 450 82 F: 6 
430 9 466 49 F: 2 4 3 
464 7 492 1 F: 2 2 3 
482 5 492 71 F: 3 2 
489 8 521 66 F: 4 3 1 
516 10 556 2 F: 3 3 4 
524 10 544 45 F: 10 
532 13 545 64 F: 5 4 4 
556 11 589 31 F: 5 2 4 
581 6 605 70 F: 4 2 
606 6 624 30 F: 6 
663 13 715 91 F: 13 
676 6 682 72 F: 4 1 1 
679 7 707 17 F: 6 1 
695 6 701 30 F: 2 4 
735 3 747 79 F: 3 
747 10 757 49 F: 4 6 
763 8 795 63 F: 5 1 2 
793 11 804 93 F: 11 
797 12 833 46 F: 5 3 4 
810 7 824 58 F: 5 1 1 
811 4 815 21 F: 2 2 
813 12 861 79 F: 12 
817 3 829 67 F: 3 
870 11 892 23 F: 5 4 2 
900 6 924 84 F: 5 1 
910 7 938 79 F: 2 2 3 
911 4 923 13 F: 2 2 
913 6 931 48 F: 2 1 3 
960 8 992 83 F: 3 3 2 
1005 9 1041 11 F: 2 3 4 
1020 10 1060 20 F: 5 1 4 
1034 11 1078 36 F: 11 
1043 13 1056 37 F: 13 
1093 11 1126 27 F: 6 5 
1137 7 1165 36 F: 7 
1140 7 1161 85 F: 4 3 
1142 6 1160 87 F: 5 1 
1162 5 1172 83 F: 5 
1172 9 1190 55 F: 9 
1246 5 1266 60 F: 2 3 
1252 5 1262 16 F: 2 2 1 
1252 10 1292 86 F: 6 4 
1288 3 1300 23 F: 3 
1289 10 1319 46 F: 3 4 3 
1312 9 1348 16 F: 4 5 
1328 6 1352 83 F: 5 1 
1361 6 1379 58 F: 3 3 
1368 6 1380 99 F: 4 2 
1398 9 1425 39 F: 3 3 3 
1413 2 1419 32 F: 2 
1431 10 1451 78 F: 6 4 
1434 6 1446 17 F: 5 1 
1479 9 1488 52 F: 6 3 
1481 9 1499 63 F: 9 
1505 5 1525 72 F: 3 2 
1531 8 1539 93 F: 3 1 4 
1532 2 1540 100 F: 2 
1579 10 1599 64 F: 10 
1594 9 1612 87 F: 4 2 3 
1619 10 1659 27 F: 5 2 3 
1630 5 1645 21 F: 2 1 2 
1633 11 1666 49 F: 5 3 3 
1679 6 1685 74 F: 3 1 2 
1694 6 1706 30 F: 2 4 
1703 11 1725 31 F: 3 4 4 
1722 10 1752 90 F: 4 6 
1732 13 1758 29 F: 7 6 
1757 4 1761 80 F: 3 1 
1783 7 1804 19 F: 2 1 4 
1805 6 1823 91 F: 3 3 
1808 10 1848 23 F: 4 6 
1812 10 1832 41 F: 5 1 4 
1876 7 1890 61 F: 4 1 2 
1885 10 1905 12 F: 10 
1904 8 1920 15 F: 8 
1950 2 1954 23 F: 2 
1966 9 1993 66 F: 9 
1977 10 2017 100 F: 10 
1993 6 1999 42 F: 4 2 
D: 0 52 
D: 1 23 
D: 28 53 
D: 29 28 
D: 35 90 
D: 36 72 
D: 41 97 
D: 45 89 
D: 51 70 
D: 53 97 
