14 10 44 98 F: 10 
28 3 34 8 F: 3 
39 8 63 74 F: 5 2 1 
49 9 58 93 F: 2 3 4 
83 12 95 87 F: 5 4 3 
131 9 149 71 F: 3 6 
133 8 157 83 F: 3 4 1 
158 9 176 37 F: 4 5 
160 9 169 20 F: 6 3 
170 9 179 36 F: 4 3 2 
241 9 250 48 F: 4 3 2 
242 8 266 8 F: 2 2 4 
270 8 302 46 F: 3 5 
281 12 317 37 F: 4 4 4 
298 2 302 52 F: 2 
311 4 323 6 F: 2 1 1 
312 11 345 11 F: 11 
335 13 361 43 F: 7 6 
364 5 379 71 F: 5 
372 9 408 80 F: 5 1 3 
407 12 419 12 F: 7 5 
410 10 420 52 F: 7 3 
444 12 468 58 F: 6 6 
481 7 502 92 F: 3 4 
494 3 497 10 F: 3 
538 2 544 48 F: 2 
538 2 546 59 F: 2 
572 4 584 6 F: 4 
584 8 608 70 F: 8 
595 11 628 81 F: 11 
626 9 635 70 F: 4 1 4 
637 3 643 86 F: 3 
638 8 654 14 F: 8 
677 6 683 87 F: 6 
680 10 690 91 F: 4 6 
702 8 718 29 F: 8 
718 11 762 49 F: 3 4 4 
726 5 736 69 F: 5 
733 10 773 73 F: 4 2 4 
758 9 776 28 F: 4 5 
813 6 831 57 F: 6 
821 8 853 62 F: 3 5 
838 8 846 92 F: 8 
843 10 863 61 F: 10 
845 3 854 59 F: 3 
942 7 963 49 F: 3 3 1 
960 3 972 44 F: 2 1 
967 7 995 51 F: 4 3 
970 9 979 37 F: 9 
982 9 1018 59 F: 9 
1001 7 1029 37 F: 2 1 4 
1035 6 1059 32 F: 4 2 
1049 10 1089 79 F: 7 3 
1064 10 1094 86 F: 5 2 3 
1072 11 1105 88 F: 11 
1146 9 1182 46 F: 7 2 
1153 9 1189 70 F: 4 5 
1157 8 1189 22 F: 7 1 
1197 6 1221 21 F: 4 1 1 
1198 9 1234 18 F: 4 1 4 
1230 10 1260 2 F: 10 
1232 6 1244 74 F: 6 
1248 9 1284 82 F: 4 2 3 
1262 5 1282 23 F: 5 
1268 5 1273 5 F: 5 
1334 3 1340 100 F: 2 1 
1339 4 1347 61 F: 4 
1346 11 1379 73 F: 4 3 4 
1349 10 1379 100 F: 10 
1363 7 1391 9 F: 2 1 4 
1426 5 1441 33 F: 5 
1435 9 1471 3 F: 6 3 
1468 5 1478 52 F: 5 
1494 11 1516 23 F: 5 6 
1498 12 1522 75 F: 5 4 3 
1505 4 1509 2 F: 2 2 
1509 9 1545 50 F: 2 3 4 
1547 11 1558 56 F: 7 4 
1555 13 1581 21 F: 13 
1566 2 1574 64 F: 2 
1601 11 1623 47 F: 5 6 
1603 2 1605 10 F: 2 
1608 7 1615 6 F: 3 4 
1669 5 1689 94 F: 3 2 
1675 11 1708 74 F: 5 4 2 
1706 9 1724 36 F: 7 2 
1709 6 1721 94 F: 5 1 
1711 4 1715 14 F: 4 
1725 9 1743 3 F: 4 1 4 
1740 12 1788 99 F: 12 
1822 8 1830 17 F: 4 4 
1830 6 1842 98 F: 2 4 
1834 9 1870 71 F: 5 3 1 
1874 13 1926 53 F: 7 6 
1896 4 1912 53 F: 4 
1920 8 1944 99 F: 8 
1923 5 1933 79 F: 3 1 1 
1951 9 1960 83 F: 7 2 
1971 6 1989 47 F: 2 3 1 
1999 10 2029 73 F: 2 4 4 
D: 4 32 
D: 5 92 
D: 12 83 
D: 27 46 
D: 29 69 
D: 32 45 
D: 36 94 
D: 37 56 
D: 38 95 
D: 60 95 
