5 4 17 57 F: 4 
42 13 68 71 F: 13 
48 5 53 5 F: 5 
50 9 86 100 F: 9 
82 6 88 40 F: 3 1 2 
128 13 167 77 F: 7 6 
134 6 152 22 F: 2 3 1 
142 5 152 56 F: 5 
191 9 227 28 F: 3 3 3 
199 8 215 31 F: 3 5 
200 10 220 16 F: 5 2 3 
237 7 258 89 F: 2 4 1 
238 11 282 54 F: 6 5 
244 12 256 53 F: 6 6 
249 6 267 51 F: 2 4 
300 6 324 42 F: 6 
301 8 333 50 F: 8 
316 8 324 57 F: 7 1 
332 6 356 23 F: 4 2 
369 4 377 92 F: 4 
424 12 448 95 F: 12 
426 10 436 88 F: 5 2 3 
461 13 487 15 F: 7 6 
463 11 485 60 F: 7 4 
490 6 514 74 F: 2 2 2 
510 7 538 22 F: 6 1 
545 8 577 34 F: 4 4 
550 8 558 74 F: 6 2 
568 6 574 79 F: 3 3 
574 5 589 26 F: 2 1 2 
603 6 627 36 F: 2 1 3 
606 9 615 14 F: 3 6 
651 10 671 42 F: 5 1 4 
684 7 691 69 F: 3 3 1 
691 11 724 78 F: 5 6 
717 8 741 15 F: 6 2 
741 8 765 86 F: 7 1 
756 9 783 59 F: 6 3 
761 7 782 18 F: 4 1 2 
782 10 792 9 F: 5 5 
829 8 861 30 F: 8 
844 4 860 47 F: 4 
853 6 871 47 F: 6 
861 9 897 81 F: 4 4 1 
897 6 915 33 F: 5 1 
929 7 957 11 F: 7 
956 11 1000 14 F: 11 
960 4 976 38 F: 3 1 
969 11 980 18 F: 11 
999 12 1047 83 F: 7 5 
1005 10 1045 24 F: 4 6 
1022 9 1040 33 F: 5 1 3 
1047 10 1087 100 F: 10 
1063 8 1071 32 F: 7 1 
1072 8 1104 60 F: 6 2 
1135 5 1140 43 F: 3 1 1 
1139 12 1187 86 F: 6 6 
1161 2 1165 33 F: 2 
1174 9 1192 7 F: 9 
1176 9 1203 83 F: 3 4 2 
1212 13 1238 99 F: 13 
1225 12 1273 3 F: 12 
1242 7 1249 29 F: 4 2 1 
1276 10 1286 73 F: 2 4 4 
1290 4 1298 41 F: 4 
1347 8 1363 90 F: 4 3 1 
1376 13 1415 90 F: 7 6 
1378 13 1404 90 F: 13 
1394 7 1415 72 F: 2 5 
1399 9 1435 91 F: 9 
1416 10 1456 97 F: 3 4 3 
1421 11 1443 37 F: 11 
1434 12 1446 33 F: 5 4 3 
1476 9 1503 27 F: 7 2 
1480 8 1512 34 F: 4 2 2 
1511 7 1518 61 F: 3 3 1 
1539 9 1566 88 F: 2 3 4 
1543 5 1553 59 F: 5 
1597 10 1637 55 F: 5 5 
1599 6 1605 48 F: 3 1 2 
1600 12 1624 75 F: 4 4 4 
1608 10 1628 95 F: 4 6 
1621 7 1635 75 F: 4 3 
1670 11 1681 8 F: 4 3 4 
1699 7 1727 46 F: 3 4 
1701 2 1705 30 F: 2 
1735 9 1762 33 F: 2 4 3 
1741 11 1763 1 F: 5 4 2 
1781 4 1797 63 F: 2 2 
1797 9 1824 24 F: 2 4 3 
1804 11 1837 52 F: 4 4 3 
1809 11 1820 93 F: 3 4 4 
1811 9 1820 79 F: 9 
1843 5 1858 100 F: 5 
1870 12 1918 56 F: 12 
1905 3 1911 46 F: 3 
1907 4 1911 7 F: 4 
1912 12 1960 13 F: 12 
1967 6 1979 71 F: 6 
1994 7 2022 3 F: 7 
D: 0 69 
D: 14 38 
D: 26 79 
D: 28 46 
D: 30 32 
D: 41 92 
D: 51 75 
D: 52 79 
D: 56 62 
D: 67 71 
