52 7 66 99 F: 6 1 
86 7 93 27 F: 7 
88 8 112 82 F: 7 1 
91 7 112 58 F: 2 2 3 
97 7 104 63 F: 2 4 1 
114 7 135 50 F: 4 3 
119 4 131 76 F: 2 2 
124 7 152 65 F: 2 5 
163 11 174 92 F: 11 
180 4 192 94 F: 2 2 
200 9 236 54 F: 4 3 2 
204 7 232 94 F: 4 1 2 
233 8 241 63 F: 7 1 
258 3 270 55 F: 2 1 
267 12 303 8 F: 5 3 4 
310 7 338 58 F: 2 2 3 
311 10 351 94 F: 10 
317 7 331 3 F: 2 3 2 
325 12 361 9 F: 4 4 4 
377 9 413 56 F: 5 3 1 
401 10 431 45 F: 7 3 
415 6 433 97 F: 6 
450 12 498 74 F: 5 3 4 
451 9 469 76 F: 9 
485 10 515 81 F: 10 
517 8 525 92 F: 4 4 
525 9 534 45 F: 2 4 3 
532 12 580 83 F: 5 3 4 
567 10 587 38 F: 7 3 
574 12 598 28 F: 12 
631 9 640 22 F: 9 
634 6 652 46 F: 6 
643 8 659 72 F: 8 
652 6 658 54 F: 3 3 
677 11 721 54 F: 7 4 
711 9 720 41 F: 5 3 1 
721 2 729 60 F: 2 
738 9 747 5 F: 5 1 3 
779 2 785 44 F: 2 
788 9 797 62 F: 5 2 2 
803 5 823 83 F: 5 
813 8 829 32 F: 2 4 2 
863 7 884 45 F: 7 
874 11 918 76 F: 4 4 3 
883 6 895 41 F: 2 4 
935 6 959 92 F: 3 3 
959 8 967 94 F: 2 6 
970 10 1010 9 F: 4 4 2 
981 9 990 69 F: 3 6 
996 4 1000 75 F: 4 
1004 5 1009 37 F: 3 2 
1019 11 1030 99 F: 11 
1021 8 1053 17 F: 8 
1021 11 1043 50 F: 11 
1043 8 1051 76 F: 4 2 2 
1108 8 1140 45 F: 8 
1120 3 1123 57 F: 2 1 
1133 12 1157 88 F: 12 
1138 9 1147 39 F: 9 
1190 6 1214 12 F: 3 3 
1207 10 1227 96 F: 7 3 
1276 5 1296 62 F: 2 1 2 
1277 10 1287 99 F: 5 4 1 
1287 9 1323 12 F: 4 5 
1291 8 1323 22 F: 4 2 2 
1343 9 1370 25 F: 7 2 
1346 10 1376 37 F: 5 3 2 
1378 11 1400 31 F: 3 4 4 
1379 8 1387 22 F: 4 4 
1388 8 1412 87 F: 2 4 2 
1425 7 1432 79 F: 2 5 
1425 10 1445 88 F: 3 3 4 
1430 6 1436 18 F: 2 3 1 
1476 2 1482 85 F: 2 
1496 11 1518 77 F: 6 5 
1525 8 1557 70 F: 5 1 2 
1530 7 1537 7 F: 7 
1544 7 1565 33 F: 5 1 1 
1558 6 1564 64 F: 6 
1594 6 1612 45 F: 3 1 2 
1611 8 1627 44 F: 5 1 2 
1649 8 1657 37 F: 5 3 
1649 9 1685 81 F: 4 5 
1680 3 1692 2 F: 3 
1694 11 1705 55 F: 5 2 4 
1714 7 1728 28 F: 4 1 2 
1752 5 1772 77 F: 2 1 2 
1762 9 1780 72 F: 5 4 
1783 7 1797 52 F: 4 3 
1793 13 1806 54 F: 13 
1806 7 1827 85 F: 7 
1822 9 1858 63 F: 3 3 3 
1833 13 1846 49 F: 13 
1837 6 1849 45 F: 6 
1885 10 1895 79 F: 10 
1938 11 1960 2 F: 11 
1959 13 1985 89 F: 7 6 
1962 13 2001 73 F: 13 
1969 8 1977 19 F: 2 4 2 
1987 11 1998 89 F: 11 
D: 1 9 
D: 12 87 
D: 18 60 
D: 19 55 
D: 20 47 
D: 23 99 
D: 31 49 
D: 33 89 
D: 54 66 
D: 90 96 
