31 8 39 39 F: 2 6 
35 12 83 82 F: 12 
37 10 67 77 F: 7 3 
43 7 64 34 F: 3 3 1 
43 11 76 42 F: 6 5 
113 8 129 55 F: 8 
118 8 150 10 F: 4 2 2 
130 8 154 65 F: 8 
159 8 175 44 F: 4 3 1 
186 9 222 10 F: 9 
210 8 226 31 F: 7 1 
217 6 235 49 F: 3 3 
221 7 228 30 F: 5 2 
252 7 280 28 F: 7 
253 10 273 3 F: 4 2 4 
315 4 323 19 F: 3 1 
318 5 333 30 F: 5 
330 7 337 36 F: 3 2 2 
342 7 356 68 F: 6 1 
376 9 403 16 F: 4 5 
420 6 444 59 F: 3 2 1 
449 4 461 36 F: 4 
461 4 469 94 F: 4 
471 10 511 13 F: 6 4 
495 6 513 15 F: 5 1 
500 9 527 68 F: 5 4 
502 8 526 67 F: 5 3 
522 10 532 18 F: 7 3 
550 11 572 54 F: 5 6 
568 13 581 94 F: 5 4 4 
616 4 624 62 F: 4 
640 6 646 47 F: 2 1 3 
645 6 657 38 F: 2 4 
678 11 700 30 F: 7 4 
686 7 707 34 F: 4 3 
710 7 724 9 F: 2 5 
725 8 757 84 F: 8 
727 6 751 43 F: 2 4 
762 7 769 15 F: 2 5 
794 9 812 74 F: 5 4 
818 7 825 21 F: 2 3 2 
831 9 849 61 F: 6 3 
868 3 880 95 F: 2 1 
871 6 889 21 F: 2 3 1 
885 10 895 55 F: 10 
909 10 949 65 F: 4 2 4 
923 9 950 29 F: 5 4 
940 9 949 20 F: 9 
945 12 981 49 F: 7 5 
961 12 1009 93 F: 12 
1031 7 1059 72 F: 7 
1056 9 1065 46 F: 3 6 
1057 9 1084 92 F: 4 5 
1080 12 1104 41 F: 12 
1097 8 1113 70 F: 7 1 
1110 4 1118 82 F: 3 1 
1129 8 1153 67 F: 4 4 
1143 12 1179 44 F: 7 5 
1157 6 1169 33 F: 2 1 3 
1198 13 1250 27 F: 13 
1206 9 1242 47 F: 2 4 3 
1216 3 1219 91 F: 3 
1224 4 1240 94 F: 4 
1228 4 1232 36 F: 4 
1260 3 1263 21 F: 3 
1340 8 1348 7 F: 3 1 4 
1361 7 1368 56 F: 2 5 
1362 10 1382 24 F: 5 5 
1390 9 1399 80 F: 4 1 4 
1393 11 1437 98 F: 11 
1456 7 1463 68 F: 7 
1461 2 1467 80 F: 2 
1461 5 1481 17 F: 2 3 
1463 9 1499 10 F: 3 6 
1464 8 1496 24 F: 5 3 
1521 6 1533 16 F: 5 1 
1535 11 1546 36 F: 11 
1544 3 1550 99 F: 3 
1572 10 1602 95 F: 10 
1589 9 1607 46 F: 4 5 
1656 4 1664 97 F: 4 
1660 9 1669 31 F: 4 5 
1686 8 1718 82 F: 2 6 
1689 13 1741 13 F: 13 
1698 7 1719 48 F: 7 
1715 7 1743 27 F: 2 5 
1715 8 1739 27 F: 2 4 2 
1718 7 1746 49 F: 7 
1769 5 1784 42 F: 3 1 1 
1778 11 1811 7 F: 5 3 3 
1814 7 1842 69 F: 4 3 
1825 8 1857 62 F: 2 6 
1827 7 1834 18 F: 5 1 1 
1869 10 1909 42 F: 10 
1883 6 1889 51 F: 6 
1915 10 1945 2 F: 2 4 4 
1922 8 1946 71 F: 4 2 2 
1939 5 1949 51 F: 2 2 1 
1949 7 1956 98 F: 7 
1966 6 1984 88 F: 4 2 
D: 1 8 
D: 3 23 
D: 7 43 
D: 7 76 
D: 10 92 
D: 21 58 
D: 27 87 
D: 28 59 
D: 33 69 
D: 45 58 
