44 12 92 28 F: 5 3 4 
50 10 60 65 F: 3 3 4 
66 3 78 90 F: 3 
70 2 78 82 F: 2 
97 8 113 80 F: 2 6 
108 6 132 42 F: 4 2 
110 9 146 9 F: 2 3 4 
141 7 162 74 F: 6 1 
160 7 174 21 F: 6 1 
174 10 194 2 F: 5 5 
216 6 240 7 F: 6 
230 6 248 66 F: 3 2 1 
243 3 246 58 F: 3 
271 7 285 76 F: 2 5 
295 10 325 98 F: 3 4 3 
317 8 333 52 F: 8 
357 7 371 90 F: 2 3 2 
367 6 391 9 F: 2 3 1 
372 9 408 96 F: 2 4 3 
390 6 396 33 F: 6 
406 6 424 89 F: 2 1 3 
409 2 415 98 F: 2 
422 2 426 30 F: 2 
423 7 437 80 F: 3 3 1 
473 3 482 88 F: 3 
523 9 532 34 F: 2 3 4 
526 7 547 88 F: 5 2 
545 7 559 84 F: 4 2 1 
554 3 560 42 F: 3 
559 10 569 58 F: 10 
614 8 630 23 F: 3 3 2 
628 3 634 77 F: 2 1 
648 6 660 26 F: 6 
655 2 659 43 F: 2 
683 5 693 77 F: 5 
726 7 733 17 F: 3 1 3 
730 12 766 86 F: 12 
757 10 787 58 F: 4 4 2 
768 3 774 41 F: 2 1 
787 2 791 54 F: 2 
812 9 839 28 F: 5 3 1 
818 6 824 73 F: 6 
822 7 836 82 F: 7 
857 7 878 56 F: 3 1 3 
884 7 905 89 F: 4 1 2 
926 5 936 95 F: 3 2 
946 5 951 48 F: 5 
947 10 957 40 F: 5 1 4 
963 5 973 10 F: 3 1 1 
973 12 1009 100 F: 12 
1014 4 1030 92 F: 2 1 1 
1024 5 1044 35 F: 2 1 2 
1043 10 1063 1 F: 4 6 
1047 7 1075 48 F: 6 1 
1077 5 1082 17 F: 2 1 2 
1103 12 1139 62 F: 5 4 3 
1122 7 1150 58 F: 2 4 1 
1129 7 1157 30 F: 6 1 
1144 12 1192 8 F: 4 4 4 
1157 6 1169 19 F: 6 
1228 2 1236 45 F: 2 
1228 9 1237 97 F: 9 
1229 8 1245 84 F: 2 6 
1262 12 1298 35 F: 12 
1283 9 1310 97 F: 2 3 4 
1301 2 1307 91 F: 2 
1331 11 1342 69 F: 11 
1344 9 1380 80 F: 5 1 3 
1359 8 1375 16 F: 4 3 1 
1382 3 1388 11 F: 3 
1402 8 1426 57 F: 4 2 2 
1407 10 1437 41 F: 7 3 
1458 3 1467 60 F: 3 
1468 4 1480 28 F: 4 
1488 8 1520 94 F: 2 6 
1513 4 1517 8 F: 3 1 
1513 12 1537 54 F: 5 4 3 
1583 6 1595 87 F: 5 1 
1593 3 1602 60 F: 3 
1598 13 1624 63 F: 13 
1608 8 1624 29 F: 6 2 
1619 5 1624 35 F: 3 1 1 
1659 8 1667 9 F: 2 4 2 
1683 9 1710 31 F: 9 
1699 11 1710 13 F: 7 4 
1706 10 1716 36 F: 10 
1729 11 1740 44 F: 7 4 
1750 9 1768 61 F: 4 3 2 
1758 4 1774 16 F: 4 
1799 3 1808 44 F: 2 1 
1834 7 1841 83 F: 6 1 
1855 11 1899 13 F: 7 4 
1865 3 1871 4 F: 3 
1865 11 1898 13 F: 5 4 2 
1873 8 1881 48 F: 8 
1922 13 1948 11 F: 13 
1976 5 1981 37 F: 5 
1979 11 2001 54 F: 5 6 
1985 5 1990 29 F: 5 
1998 9 2034 10 F: 4 5 
D: 2 86 
D: 33 52 
D: 37 67 
D: 41 50 
D: 42 47 
D: 54 76 
D: 58 75 
D: 67 83 
D: 68 96 
D: 78 85 
