0 9 27 52 F: 7 2 
50 8 58 39 F: 4 3 1 
55 6 67 40 F: 6 
64 8 80 19 F: 2 6 
67 12 115 83 F: 7 5 
128 9 146 16 F: 5 1 3 
132 3 138 66 F: 3 
138 6 162 11 F: 3 1 2 
138 9 156 46 F: 9 
186 8 218 25 F: 4 1 3 
209 11 242 14 F: 6 5 
227 5 247 97 F: 5 
232 8 264 91 F: 8 
273 9 291 50 F: 7 2 
277 13 290 26 F: 13 
302 7 323 80 F: 4 3 
304 7 311 58 F: 7 
328 12 364 2 F: 12 
335 8 367 59 F: 3 2 3 
348 10 358 7 F: 10 
417 7 438 45 F: 6 1 
423 8 431 39 F: 8 
436 8 468 80 F: 6 2 
440 9 458 33 F: 3 4 2 
456 4 460 84 F: 4 
502 7 530 6 F: 3 2 2 
546 11 557 94 F: 11 
563 7 577 8 F: 2 4 1 
573 7 601 72 F: 2 2 3 
596 12 608 63 F: 12 
606 7 620 12 F: 7 
624 3 630 28 F: 3 
646 8 670 96 F: 5 3 
661 13 700 92 F: 7 6 
693 7 700 48 F: 6 1 
720 11 731 22 F: 6 5 
755 9 791 78 F: 9 
781 10 821 49 F: 7 3 
782 9 800 3 F: 3 4 2 
797 10 817 4 F: 10 
833 9 860 30 F: 5 4 
852 12 888 68 F: 7 5 
890 13 942 68 F: 7 6 
894 6 900 42 F: 6 
896 12 908 4 F: 7 5 
913 4 917 65 F: 4 
920 11 953 40 F: 3 4 4 
959 9 977 36 F: 4 2 3 
959 10 969 91 F: 6 4 
989 9 1007 90 F: 5 1 3 
1003 8 1027 97 F: 4 2 2 
1037 8 1061 48 F: 4 2 2 
1074 10 1094 89 F: 4 6 
1093 8 1101 46 F: 5 1 2 
1097 9 1115 51 F: 9 
1134 6 1152 45 F: 2 4 
1164 4 1168 99 F: 4 
1177 9 1195 94 F: 7 2 
1188 10 1228 16 F: 5 1 4 
1195 11 1217 100 F: 5 2 4 
1214 8 1230 5 F: 8 
1233 7 1247 49 F: 2 3 2 
1248 7 1255 68 F: 2 2 3 
1253 4 1257 99 F: 3 1 
1287 7 1315 69 F: 3 1 3 
1302 12 1338 55 F: 5 4 3 
1317 3 1326 18 F: 3 
1328 6 1346 86 F: 6 
1347 10 1367 77 F: 4 6 
1358 7 1365 4 F: 4 3 
1406 9 1415 16 F: 3 3 3 
1420 9 1456 13 F: 5 4 
1451 5 1471 61 F: 3 1 1 
1476 8 1508 47 F: 4 4 
1481 9 1499 84 F: 4 1 4 
1500 10 1530 52 F: 6 4 
1530 8 1538 18 F: 3 2 3 
1558 2 1566 80 F: 2 
1577 11 1588 64 F: 5 2 4 
1593 5 1603 97 F: 5 
1608 4 1624 71 F: 4 
1618 8 1626 57 F: 3 1 4 
1638 8 1670 25 F: 5 2 1 
1649 6 1661 45 F: 2 4 
1699 5 1719 49 F: 4 1 
1760 12 1796 13 F: 7 5 
1766 8 1798 82 F: 8 
1774 7 1781 37 F: 3 1 3 
1774 8 1806 13 F: 8 
1799 5 1814 81 F: 5 
1834 10 1864 56 F: 10 
1853 9 1889 64 F: 2 4 3 
1862 7 1869 4 F: 5 2 
1868 11 1912 68 F: 6 5 
1877 8 1909 2 F: 2 3 3 
1912 12 1960 38 F: 7 5 
1917 8 1925 25 F: 6 2 
1917 10 1947 69 F: 10 
1941 9 1959 30 F: 3 3 3 
1999 7 2006 21 F: 7 
D: 0 92 
D: 2 42 
D: 12 91 
D: 26 54 
D: 31 78 
D: 47 56 
D: 49 53 
D: 57 81 
D: 59 62 
D: 71 85 
