5 9 23 36 F: 5 3 1 
34 10 64 28 F: 5 4 1 
57 4 69 85 F: 4 
68 7 82 35 F: 2 1 4 
99 6 123 50 F: 4 2 
143 6 149 47 F: 2 1 3 
150 8 166 66 F: 3 2 3 
160 5 170 18 F: 3 2 
161 7 189 45 F: 2 4 1 
192 9 228 38 F: 6 3 
202 8 210 6 F: 3 2 3 
212 9 248 87 F: 9 
254 7 261 74 F: 2 3 2 
255 10 285 97 F: 4 2 4 
289 7 296 76 F: 6 1 
363 10 383 57 F: 5 1 4 
365 7 386 24 F: 4 3 
371 7 385 15 F: 6 1 
381 8 405 98 F: 8 
384 8 400 80 F: 5 3 
406 11 439 1 F: 4 3 4 
411 12 459 5 F: 6 6 
430 9 448 38 F: 2 3 4 
439 9 448 69 F: 9 
444 12 480 45 F: 6 6 
539 10 569 19 F: 5 2 3 
542 10 582 65 F: 6 4 
559 7 566 33 F: 4 3 
589 6 601 82 F: 5 1 
590 8 614 83 F: 5 3 
603 6 609 42 F: 3 3 
634 9 643 80 F: 3 3 3 
671 6 683 19 F: 2 2 2 
684 10 724 2 F: 7 3 
690 6 708 53 F: 2 4 
751 11 795 5 F: 11 
782 10 822 8 F: 7 3 
786 6 792 21 F: 5 1 
787 7 794 96 F: 2 2 3 
798 6 810 4 F: 6 
800 9 818 72 F: 4 1 4 
817 11 850 48 F: 11 
825 5 840 51 F: 5 
850 7 878 10 F: 7 
855 4 859 24 F: 4 
916 5 921 34 F: 4 1 
922 9 940 45 F: 5 4 
922 10 962 15 F: 10 
964 11 975 85 F: 4 4 3 
995 9 1004 34 F: 2 4 3 
1004 7 1032 57 F: 3 1 3 
1024 8 1056 46 F: 7 1 
1039 7 1067 11 F: 7 
1081 2 1083 91 F: 2 
1085 10 1125 2 F: 3 4 3 
1102 5 1122 3 F: 2 3 
1117 6 1141 54 F: 2 1 3 
1128 5 1138 43 F: 3 2 
1172 10 1212 79 F: 3 4 3 
1188 5 1203 58 F: 3 2 
1201 13 1240 17 F: 13 
1212 4 1224 36 F: 3 1 
1221 8 1253 4 F: 2 6 
1224 2 1232 16 F: 2 
1286 9 1322 21 F: 9 
1315 11 1359 21 F: 11 
1357 10 1367 80 F: 10 
1359 6 1365 15 F: 6 
1363 6 1387 42 F: 3 2 1 
1381 9 1408 13 F: 5 4 
1424 10 1434 91 F: 4 3 3 
1470 5 1490 84 F: 3 1 1 
1473 7 1480 78 F: 7 
1484 7 1512 80 F: 5 2 
1488 5 1498 58 F: 4 1 
1503 11 1514 55 F: 4 4 3 
1511 4 1519 22 F: 3 1 
1537 8 1545 59 F: 4 2 2 
1562 11 1573 96 F: 5 4 2 
1587 9 1596 71 F: 5 4 
1624 4 1636 84 F: 4 
1662 7 1683 58 F: 7 
1671 12 1683 60 F: 12 
1683 9 1701 52 F: 5 3 1 
1697 3 1706 9 F: 3 
1714 8 1738 65 F: 2 2 4 
1732 5 1752 75 F: 2 3 
1743 5 1748 74 F: 5 
1773 10 1813 93 F: 10 
1797 9 1806 46 F: 3 2 4 
1824 10 1834 76 F: 4 3 3 
1832 7 1839 52 F: 7 
1843 7 1857 13 F: 4 3 
1861 9 1870 55 F: 9 
1878 5 1893 90 F: 2 3 
1969 7 1976 77 F: 7 
1976 8 1984 75 F: 4 4 
1983 13 2035 41 F: 13 
1988 9 2015 90 F: 2 4 3 
1999 7 2020 34 F: 5 2 
D: 1 43 
D: 2 87 
D: 10 36 
D: 18 19 
D: 28 99 
D: 32 98 
D: 49 86 
D: 51 87 
D: 73 87 
D: 88 94 
