31 3 37 34 F: 2 1 
72 4 88 78 F: 2 2 
77 10 87 1 F: 4 2 4 
99 8 131 46 F: 3 1 4 
99 13 138 43 F: 13 
109 12 133 58 F: 7 5 
128 5 143 38 F: 5 
131 6 149 2 F: 6 
138 8 146 14 F: 8 
182 10 212 89 F: 10 
208 13 234 84 F: 13 
219 9 228 20 F: 9 
242 8 274 44 F: 8 
264 6 282 48 F: 3 3 
277 11 299 71 F: 6 5 
314 4 330 61 F: 4 
317 12 329 79 F: 5 4 3 
326 8 334 64 F: 2 3 3 
342 8 374 33 F: 2 6 
354 10 364 42 F: 5 4 1 
404 8 428 95 F: 3 2 3 
404 11 415 43 F: 5 6 
419 3 428 94 F: 3 
471 4 487 60 F: 3 1 
486 7 514 10 F: 6 1 
508 6 514 50 F: 3 3 
547 6 559 97 F: 2 2 2 
550 8 582 86 F: 2 4 2 
573 10 593 71 F: 4 4 2 
584 6 602 81 F: 6 
618 5 628 3 F: 2 3 
620 8 636 35 F: 2 3 3 
631 9 640 18 F: 4 2 3 
661 7 689 28 F: 7 
698 11 742 16 F: 7 4 
712 10 722 76 F: 2 4 4 
747 13 799 69 F: 13 
760 5 775 96 F: 5 
781 12 817 30 F: 4 4 4 
787 7 815 90 F: 4 3 
823 12 859 93 F: 4 4 4 
878 9 905 87 F: 7 2 
881 12 893 5 F: 12 
883 10 923 100 F: 10 
887 9 923 77 F: 5 1 3 
909 5 924 23 F: 2 3 
929 6 953 80 F: 6 
958 4 970 99 F: 3 1 
967 10 997 64 F: 10 
976 6 1000 78 F: 3 3 
1019 7 1026 13 F: 7 
1034 7 1041 60 F: 4 2 1 
1061 2 1063 41 F: 2 
1083 12 1095 2 F: 12 
1088 11 1121 58 F: 6 5 
1113 9 1122 25 F: 9 
1136 10 1166 51 F: 4 6 
1163 3 1172 19 F: 2 1 
1180 6 1198 61 F: 4 1 1 
1197 11 1241 31 F: 7 4 
1227 8 1259 50 F: 3 5 
1261 10 1271 7 F: 3 4 3 
1266 10 1276 2 F: 10 
1285 7 1306 12 F: 5 1 1 
1298 9 1325 74 F: 5 4 
1317 7 1331 79 F: 3 1 3 
1331 6 1355 86 F: 6 
1332 6 1338 81 F: 6 
1362 10 1372 70 F: 4 6 
1396 4 1408 12 F: 4 
1425 10 1435 18 F: 5 5 
1428 7 1442 93 F: 6 1 
1433 7 1454 9 F: 7 
1441 11 1485 15 F: 5 3 3 
1450 7 1471 85 F: 7 
1529 6 1553 45 F: 2 3 1 
1541 9 1550 18 F: 5 4 
1551 10 1581 96 F: 3 3 4 
1552 6 1558 90 F: 2 1 3 
1589 2 1595 41 F: 2 
1653 9 1680 82 F: 4 4 1 
1672 13 1711 11 F: 13 
1682 7 1703 19 F: 4 1 2 
1686 9 1704 20 F: 3 4 2 
1697 12 1733 37 F: 4 4 4 
1723 9 1750 42 F: 5 4 
1743 13 1782 26 F: 13 
1766 8 1782 10 F: 2 6 
1769 10 1809 7 F: 7 3 
1786 12 1834 18 F: 12 
1806 8 1838 92 F: 3 1 4 
1831 5 1836 10 F: 5 
1832 9 1841 34 F: 7 2 
1857 10 1897 64 F: 5 5 
1890 2 1894 71 F: 2 
1905 8 1921 55 F: 5 3 
1907 12 1931 73 F: 6 6 
1940 10 1970 6 F: 10 
1970 8 1986 50 F: 2 6 
1994 8 2026 11 F: 6 2 
D: 6 37 
D: 6 50 
D: 18 26 
D: 22 64 
D: 25 93 
D: 28 85 
D: 36 90 
D: 60 78 
D: 66 74 
D: 82 85 
