8 5 13 69 F: 5 
40 11 84 86 F: 7 4 
55 5 65 7 F: 5 
83 4 99 47 F: 4 
95 11 128 17 F: 11 
109 7 130 5 F: 2 2 3 
159 3 168 35 F: 3 
188 8 212 54 F: 5 1 2 
196 10 226 85 F: 4 2 4 
198 7 219 87 F: 3 2 2 
206 9 242 49 F: 9 
208 8 224 1 F: 3 1 4 
253 11 297 42 F: 7 4 
271 3 277 17 F: 3 
277 11 310 83 F: 5 2 4 
354 9 390 84 F: 5 1 3 
368 9 377 92 F: 6 3 
385 3 397 75 F: 3 
387 7 394 43 F: 4 3 
388 11 421 64 F: 3 4 4 
402 9 429 71 F: 2 3 4 
424 11 457 80 F: 4 4 3 
435 8 443 40 F: 8 
445 10 455 48 F: 5 5 
454 7 475 50 F: 5 1 1 
507 4 523 64 F: 4 
516 11 549 28 F: 4 3 4 
521 12 545 51 F: 5 3 4 
542 11 575 35 F: 5 2 4 
582 9 609 89 F: 3 3 3 
630 11 652 83 F: 11 
653 8 661 78 F: 8 
687 5 692 44 F: 5 
692 5 702 37 F: 2 1 2 
698 8 714 64 F: 5 1 2 
717 4 729 90 F: 3 1 
736 8 768 18 F: 5 3 
737 8 769 45 F: 2 3 3 
777 13 803 6 F: 13 
787 7 808 89 F: 3 4 
802 5 807 76 F: 5 
838 11 860 18 F: 6 5 
845 7 866 34 F: 4 3 
853 13 879 57 F: 7 6 
882 9 918 83 F: 3 3 3 
910 9 928 46 F: 6 3 
935 6 947 52 F: 3 2 1 
969 10 979 15 F: 5 5 
981 10 1021 51 F: 10 
996 10 1006 28 F: 3 4 3 
1020 13 1033 5 F: 7 6 
1024 10 1034 31 F: 10 
1026 10 1046 83 F: 7 3 
1069 10 1079 69 F: 10 
1096 7 1117 40 F: 3 2 2 
1107 11 1151 57 F: 5 2 4 
1130 13 1143 24 F: 13 
1137 8 1145 86 F: 5 1 2 
1197 8 1205 76 F: 3 3 2 
1198 8 1230 95 F: 8 
1208 9 1235 33 F: 2 4 3 
1221 10 1241 74 F: 4 6 
1236 4 1252 80 F: 2 1 1 
1248 8 1264 2 F: 2 2 4 
1297 10 1327 69 F: 7 3 
1307 9 1325 23 F: 3 4 2 
1346 8 1354 79 F: 2 4 2 
1355 3 1358 23 F: 2 1 
1355 4 1363 28 F: 3 1 
1358 9 1394 41 F: 4 3 2 
1457 7 1478 63 F: 3 2 2 
1464 6 1470 64 F: 2 4 
1471 12 1495 64 F: 12 
1485 10 1515 87 F: 5 5 
1489 10 1509 56 F: 6 4 
1511 3 1514 93 F: 2 1 
1533 6 1551 80 F: 2 4 
1551 9 1578 97 F: 2 3 4 
1576 7 1583 2 F: 3 4 
1595 9 1622 1 F: 4 1 4 
1602 12 1614 91 F: 5 4 3 
1618 3 1627 15 F: 3 
1634 6 1646 56 F: 2 4 
1654 7 1668 41 F: 5 2 
1690 7 1711 82 F: 3 1 3 
1714 9 1723 71 F: 5 3 1 
1733 10 1773 48 F: 6 4 
1735 9 1762 25 F: 9 
1779 6 1797 71 F: 6 
1781 10 1811 21 F: 10 
1816 9 1843 83 F: 4 4 1 
1817 10 1837 53 F: 10 
1820 8 1836 68 F: 8 
1868 13 1907 57 F: 7 6 
1886 4 1902 84 F: 2 2 
1927 9 1963 63 F: 5 1 3 
1942 11 1953 98 F: 11 
1951 9 1978 47 F: 4 2 3 
1954 4 1970 54 F: 3 1 
1968 5 1978 14 F: 3 1 1 
D: 1 76 
D: 17 68 
D: 21 94 
D: 31 48 
D: 38 83 
D: 52 59 
D: 57 90 
D: 60 79 
D: 63 88 
D: 66 75 
