8 11 52 53 F: 5 6 
44 5 49 92 F: 3 2 
65 10 85 97 F: 5 5 
90 6 96 31 F: 2 3 1 
98 9 107 1 F: 3 4 2 
114 7 135 30 F: 2 5 
149 8 181 62 F: 5 3 
160 4 172 53 F: 4 
185 7 192 79 F: 2 3 2 
194 8 210 32 F: 3 5 
206 6 230 34 F: 6 
216 9 243 97 F: 9 
219 7 240 28 F: 3 4 
226 8 242 91 F: 3 1 4 
295 10 325 72 F: 5 4 1 
320 8 344 92 F: 4 3 1 
326 7 354 59 F: 7 
345 10 365 28 F: 10 
365 8 397 11 F: 5 3 
366 12 378 86 F: 6 6 
425 9 434 57 F: 4 5 
453 12 477 92 F: 12 
480 7 501 95 F: 3 3 1 
481 9 517 52 F: 4 1 4 
486 10 496 30 F: 4 6 
508 6 532 8 F: 2 1 3 
530 8 554 19 F: 8 
545 3 554 33 F: 3 
557 4 573 86 F: 2 2 
572 7 593 85 F: 2 5 
605 6 617 39 F: 2 4 
626 5 636 27 F: 5 
637 11 670 69 F: 5 4 2 
679 7 700 80 F: 5 2 
681 5 691 97 F: 3 1 1 
724 12 748 73 F: 12 
727 8 759 29 F: 4 4 
772 9 790 45 F: 4 1 4 
792 9 801 27 F: 9 
794 2 802 64 F: 2 
816 10 826 7 F: 7 3 
827 10 867 49 F: 10 
838 8 870 32 F: 5 3 
841 9 868 10 F: 3 4 2 
850 7 871 14 F: 6 1 
908 10 928 47 F: 6 4 
933 8 965 5 F: 4 4 
933 10 953 91 F: 10 
966 8 998 13 F: 4 4 
992 9 1001 1 F: 2 3 4 
1036 8 1060 62 F: 3 5 
1073 6 1097 97 F: 6 
1076 6 1088 89 F: 6 
1085 2 1087 45 F: 2 
1088 10 1108 6 F: 5 3 2 
1115 8 1139 10 F: 4 4 
1122 8 1154 91 F: 8 
1145 10 1165 38 F: 7 3 
1155 7 1162 93 F: 7 
1183 3 1189 44 F: 3 
1211 2 1217 36 F: 2 
1223 8 1239 82 F: 3 5 
1232 5 1237 45 F: 5 
1232 9 1250 21 F: 3 3 3 
1277 9 1295 51 F: 9 
1361 7 1389 22 F: 2 5 
1368 9 1377 55 F: 5 4 
1368 12 1416 25 F: 12 
1384 7 1398 56 F: 5 2 
1388 10 1428 69 F: 4 6 
1469 10 1489 88 F: 5 5 
1476 8 1500 84 F: 4 1 3 
1478 4 1486 17 F: 4 
1490 12 1526 32 F: 7 5 
1497 8 1505 7 F: 4 3 1 
1500 7 1507 93 F: 5 1 1 
1501 8 1533 4 F: 4 1 3 
1522 7 1550 60 F: 7 
1553 9 1589 27 F: 9 
1575 10 1595 24 F: 7 3 
1604 8 1628 48 F: 4 2 2 
1610 8 1634 17 F: 2 3 3 
1649 10 1679 51 F: 5 5 
1652 8 1684 93 F: 3 2 3 
1673 5 1683 68 F: 4 1 
1703 13 1755 74 F: 13 
1708 7 1722 18 F: 5 2 
1764 12 1776 27 F: 12 
1778 13 1830 84 F: 13 
1787 9 1805 44 F: 6 3 
1818 8 1842 56 F: 3 2 3 
1818 9 1836 34 F: 9 
1848 9 1884 90 F: 7 2 
1856 13 1869 10 F: 7 6 
1890 11 1923 50 F: 11 
1906 9 1915 15 F: 3 4 2 
1954 12 1990 99 F: 4 4 4 
1991 8 1999 20 F: 2 6 
1992 11 2003 41 F: 5 3 3 
1996 5 2016 18 F: 3 2 
D: 1 9 
D: 12 32 
D: 13 36 
D: 20 52 
D: 20 66 
D: 33 43 
D: 54 59 
D: 54 88 
D: 65 90 
D: 67 81 
