29 6 53 49 F: 6 
44 7 58 88 F: 4 3 
51 13 103 43 F: 13 
55 5 75 31 F: 5 
68 8 100 24 F: 8 
125 6 143 71 F: 3 1 2 
129 6 135 85 F: 2 2 2 
138 9 174 55 F: 3 2 4 
151 9 160 51 F: 9 
196 5 201 13 F: 5 
205 2 207 42 F: 2 
261 6 267 19 F: 5 1 
279 9 297 78 F: 9 
291 9 300 54 F: 2 3 4 
295 8 303 43 F: 4 3 1 
310 7 338 69 F: 5 2 
330 9 357 7 F: 3 3 3 
375 8 399 60 F: 3 4 1 
380 10 390 51 F: 10 
386 8 410 83 F: 5 2 1 
403 4 419 100 F: 4 
410 2 412 21 F: 2 
423 7 451 30 F: 2 5 
479 8 511 43 F: 5 1 2 
485 6 497 18 F: 6 
511 8 519 93 F: 2 6 
541 10 581 68 F: 5 2 3 
548 12 572 14 F: 12 
568 10 578 18 F: 6 4 
577 6 589 55 F: 2 1 3 
600 8 608 22 F: 4 4 
602 4 610 2 F: 2 2 
609 9 627 90 F: 4 1 4 
655 6 673 27 F: 2 1 3 
689 8 697 15 F: 3 2 3 
723 12 747 72 F: 7 5 
730 8 754 42 F: 4 4 
786 10 826 80 F: 4 4 2 
790 10 830 99 F: 5 3 2 
794 5 809 99 F: 3 2 
802 3 808 39 F: 3 
853 13 905 60 F: 5 4 4 
862 11 895 41 F: 5 3 3 
865 6 871 5 F: 2 4 
867 9 894 66 F: 3 4 2 
953 6 971 1 F: 3 1 2 
954 10 984 27 F: 7 3 
959 6 965 17 F: 3 3 
964 6 970 78 F: 2 4 
966 3 969 80 F: 2 1 
1020 11 1031 95 F: 6 5 
1042 11 1064 26 F: 11 
1060 5 1075 70 F: 4 1 
1066 10 1096 51 F: 4 3 3 
1079 9 1088 50 F: 5 4 
1123 4 1135 94 F: 4 
1123 5 1138 88 F: 2 3 
1143 10 1163 23 F: 3 4 3 
1147 10 1157 26 F: 5 5 
1160 4 1164 11 F: 4 
1201 12 1213 31 F: 12 
1229 7 1236 71 F: 2 5 
1270 4 1282 40 F: 4 
1292 3 1301 79 F: 3 
1296 2 1304 80 F: 2 
1308 7 1322 32 F: 2 4 1 
1310 8 1342 1 F: 8 
1324 9 1351 9 F: 3 4 2 
1350 13 1363 36 F: 13 
1359 11 1403 29 F: 11 
1422 6 1446 7 F: 6 
1431 7 1445 31 F: 5 2 
1467 8 1483 72 F: 3 5 
1473 9 1500 4 F: 5 4 
1490 10 1500 88 F: 5 3 2 
1507 4 1511 4 F: 4 
1514 9 1532 58 F: 9 
1524 3 1533 78 F: 2 1 
1535 6 1541 93 F: 6 
1588 7 1609 95 F: 3 3 1 
1617 8 1633 40 F: 2 6 
1638 11 1682 42 F: 7 4 
1639 9 1657 23 F: 5 3 1 
1650 12 1662 38 F: 12 
1683 7 1690 68 F: 7 
1758 9 1785 95 F: 2 3 4 
1775 4 1791 100 F: 4 
1775 7 1796 1 F: 2 4 1 
1776 9 1812 3 F: 3 4 2 
1793 8 1817 25 F: 2 4 2 
1802 3 1808 97 F: 3 
1819 5 1824 77 F: 5 
1868 9 1886 10 F: 4 1 4 
1874 6 1886 93 F: 4 1 1 
1875 7 1889 14 F: 2 3 2 
1902 4 1906 98 F: 3 1 
1918 11 1940 84 F: 7 4 
1942 9 1969 25 F: 5 1 3 
1968 4 1984 45 F: 4 
1974 9 2010 65 F: 3 6 
D: 8 31 
D: 21 68 
D: 33 45 
D: 51 62 
D: 51 72 
D: 53 79 
D: 57 97 
D: 60 77 
D: 72 91 
D: 78 91 
