2 6 14 24 F: 6 
4 4 20 68 F: 3 1 
62 11 73 61 F: 7 4 
87 8 119 35 F: 4 2 2 
92 7 113 43 F: 5 2 
101 9 128 6 F: 9 
139 11 150 23 F: 11 
146 10 166 42 F: 10 
166 9 184 50 F: 9 
198 9 207 97 F: 5 4 
202 7 230 58 F: 3 2 2 
207 11 240 29 F: 4 4 3 
245 5 265 78 F: 2 3 
255 8 287 52 F: 2 2 4 
293 10 313 57 F: 5 5 
345 8 377 71 F: 8 
357 7 378 4 F: 3 1 3 
375 9 393 75 F: 6 3 
382 8 406 25 F: 2 6 
391 6 397 69 F: 3 1 2 
419 12 431 47 F: 7 5 
470 8 478 37 F: 3 5 
470 8 502 68 F: 2 6 
483 6 501 64 F: 6 
499 8 515 12 F: 5 1 2 
519 8 535 40 F: 5 2 1 
521 8 545 28 F: 3 3 2 
532 7 553 34 F: 3 1 3 
546 10 576 55 F: 4 6 
596 10 636 55 F: 3 3 4 
609 7 630 40 F: 2 3 2 
614 6 632 98 F: 5 1 
615 5 630 11 F: 5 
631 6 649 1 F: 3 2 1 
638 11 682 39 F: 11 
737 12 761 4 F: 12 
747 6 771 28 F: 6 
747 8 779 95 F: 2 2 4 
762 6 774 94 F: 3 3 
788 7 809 95 F: 3 2 2 
823 8 847 76 F: 2 6 
832 7 853 53 F: 2 2 3 
847 6 859 45 F: 2 4 
851 13 903 7 F: 7 6 
873 11 917 95 F: 3 4 4 
937 7 958 59 F: 3 4 
939 8 955 55 F: 8 
955 11 988 78 F: 6 5 
958 9 967 76 F: 3 6 
960 8 968 96 F: 3 2 3 
1006 6 1024 58 F: 4 2 
1013 11 1057 12 F: 4 4 3 
1021 4 1029 19 F: 2 2 
1060 4 1072 25 F: 2 1 1 
1068 7 1089 4 F: 2 1 4 
1104 8 1136 14 F: 3 4 1 
1113 4 1129 47 F: 4 
1135 9 1153 89 F: 3 6 
1152 9 1188 1 F: 3 6 
1198 5 1208 33 F: 3 2 
1225 11 1247 40 F: 4 3 4 
1248 8 1256 1 F: 3 5 
1250 2 1256 33 F: 2 
1250 12 1298 84 F: 4 4 4 
1296 3 1299 85 F: 3 
1320 11 1342 5 F: 6 5 
1327 10 1347 1 F: 6 4 
1350 10 1370 24 F: 10 
1388 10 1428 43 F: 4 4 2 
1397 9 1406 26 F: 5 3 1 
1401 10 1411 29 F: 10 
1427 3 1436 53 F: 3 
1431 9 1467 43 F: 3 6 
1471 5 1486 36 F: 2 1 2 
1476 5 1486 30 F: 5 
1506 8 1522 47 F: 4 3 1 
1508 12 1556 17 F: 5 3 4 
1511 8 1519 78 F: 3 2 3 
1517 10 1557 61 F: 5 3 2 
1583 2 1589 46 F: 2 
1642 7 1663 47 F: 3 3 1 
1642 10 1672 22 F: 5 5 
1649 11 1660 22 F: 3 4 4 
1675 5 1695 30 F: 3 2 
1686 11 1697 75 F: 11 
1701 10 1731 92 F: 10 
1712 4 1724 39 F: 4 
1739 6 1763 15 F: 3 2 1 
1759 7 1766 19 F: 7 
1789 10 1829 84 F: 4 4 2 
1804 10 1844 63 F: 4 4 2 
1830 7 1858 84 F: 7 
1858 6 1882 76 F: 3 2 1 
1890 8 1922 98 F: 8 
1892 11 1914 27 F: 11 
1916 5 1926 50 F: 5 
1929 13 1942 6 F: 13 
1936 9 1972 40 F: 3 4 2 
1974 5 1989 22 F: 3 2 
1985 7 2006 48 F: 2 5 
D: 13 61 
D: 14 42 
D: 16 43 
D: 18 81 
D: 23 83 
D: 26 27 
D: 29 67 
D: 37 59 
D: 37 66 
D: 80 94 
