2 6 14 103 F: 6 
24 4 36 36 F: 2 1 1 
42 9 69 76 F: 7 2 
64 10 74 24 F: 5 5 
94 10 114 29 F: 3 3 4 
104 11 148 113 F: 4 3 4 
126 13 152 65 F: 13 
127 5 137 74 F: 2 2 1 
185 12 209 33 F: 5 4 3 
189 11 222 136 F: 7 4 
207 7 228 7 F: 2 1 4 
245 7 259 72 F: 3 3 1 
255 4 259 114 F: 2 2 
265 8 297 38 F: 3 3 2 
297 8 313 94 F: 4 4 
303 7 324 78 F: 3 3 1 
330 3 339 57 F: 3 
334 7 362 35 F: 4 2 1 
337 8 369 16 F: 3 5 
343 6 361 144 F: 3 2 1 
405 12 453 108 F: 12 
407 8 439 62 F: 3 2 3 
464 11 475 3 F: 11 
465 8 497 145 F: 4 3 1 
479 4 487 113 F: 4 
503 11 514 113 F: 4 4 3 
532 6 550 135 F: 6 
573 6 597 42 F: 2 4 
583 10 603 1 F: 10 
589 5 594 22 F: 5 
611 10 651 65 F: 5 5 
637 8 645 82 F: 2 2 4 
664 5 679 148 F: 4 1 
672 9 699 19 F: 5 2 2 
681 11 692 76 F: 11 
725 10 735 21 F: 6 4 
725 10 755 132 F: 5 5 
751 9 787 105 F: 3 3 3 
756 6 768 48 F: 4 1 1 
789 11 822 42 F: 11 
807 7 828 103 F: 3 4 
870 10 880 52 F: 2 4 4 
871 8 887 34 F: 4 3 1 
872 13 885 104 F: 13 
886 9 904 124 F: 7 2 
923 9 932 142 F: 3 4 2 
967 8 975 42 F: 7 1 
970 12 1018 41 F: 12 
993 4 1005 143 F: 2 2 
994 5 999 65 F: 2 1 2 
1035 8 1067 38 F: 8 
1046 6 1070 137 F: 3 1 2 
1062 10 1082 33 F: 5 1 4 
1065 5 1085 9 F: 5 
1094 10 1114 106 F: 4 4 2 
1103 10 1133 79 F: 3 4 3 
1137 13 1163 101 F: 5 4 4 
1165 11 1187 89 F: 4 4 3 
1188 12 1236 133 F: 6 6 
1194 9 1212 99 F: 6 3 
1210 6 1228 85 F: 2 4 
1213 6 1231 144 F: 6 
1255 2 1263 36 F: 2 
1260 10 1300 105 F: 10 
1273 10 1303 145 F: 5 3 2 
1361 3 1373 126 F: 2 1 
1375 3 1378 115 F: 2 1 
1384 5 1399 40 F: 4 1 
1384 13 1436 71 F: 13 
1393 8 1409 112 F: 3 2 3 
1422 7 1443 123 F: 3 1 3 
1449 4 1465 129 F: 4 
1472 4 1488 99 F: 2 2 
1488 4 1492 85 F: 2 1 1 
1495 13 1521 80 F: 13 
1539 9 1575 114 F: 5 2 2 
1540 4 1552 17 F: 4 
1554 10 1574 52 F: 4 4 2 
1557 9 1566 52 F: 5 1 3 
1580 8 1604 107 F: 2 6 
1602 4 1614 109 F: 4 
1620 6 1626 94 F: 3 3 
1644 10 1654 61 F: 5 5 
1654 7 1675 9 F: 7 
1682 9 1700 72 F: 5 1 3 
1712 7 1726 97 F: 3 3 1 
1732 10 1742 36 F: 4 3 3 
1747 8 1779 88 F: 3 5 
1751 8 1759 55 F: 4 4 
1777 5 1782 54 F: 2 1 2 
1826 9 1844 116 F: 4 5 
1878 10 1908 96 F: 4 4 2 
1887 5 1892 80 F: 5 
1891 7 1919 124 F: 4 3 
1896 9 1932 54 F: 9 
1910 6 1922 124 F: 6 
1933 5 1953 33 F: 3 2 
1946 7 1960 12 F: 5 2 
1961 6 1973 118 F: 3 2 1 
1982 4 1990 96 F: 2 1 1 
2004 10 2024 78 F: 2 4 4 
2011 7 2025 103 F: 3 3 1 
2031 6 2037 105 F: 3 1 2 
2039 8 2055 136 F: 3 5 
2097 8 2105 142 F: 8 
2120 11 2142 66 F: 4 3 4 
2128 9 2155 30 F: 2 3 4 
2137 12 2173 109 F: 12 
2183 9 2201 135 F: 4 1 4 
2188 13 2240 14 F: 5 4 4 
2220 8 2252 138 F: 4 4 
2275 6 2287 71 F: 3 3 
2276 5 2281 62 F: 3 1 1 
2284 8 2308 90 F: 8 
2292 11 2325 23 F: 11 
2303 8 2327 23 F: 5 3 
2325 5 2335 137 F: 5 
2335 6 2359 76 F: 6 
2337 11 2381 25 F: 11 
2349 4 2365 13 F: 4 
2421 7 2449 73 F: 7 
2430 9 2439 68 F: 9 
2455 7 2469 93 F: 2 4 1 
2470 6 2488 82 F: 2 3 1 
2493 13 2532 98 F: 13 
2513 7 2534 143 F: 6 1 
2516 6 2540 130 F: 4 2 
2524 13 2563 40 F: 13 
2544 9 2562 22 F: 6 3 
2570 8 2602 143 F: 3 4 1 
2607 7 2628 148 F: 7 
2614 10 2624 5 F: 10 
2656 7 2677 22 F: 3 3 1 
2668 9 2677 84 F: 5 2 2 
2669 6 2693 110 F: 6 
2716 13 2729 27 F: 13 
2717 10 2757 50 F: 4 6 
2730 5 2750 82 F: 5 
2740 6 2752 81 F: 2 1 3 
2747 11 2780 37 F: 4 4 3 
2806 8 2822 100 F: 4 1 3 
2856 10 2896 62 F: 3 3 4 
2887 11 2898 106 F: 4 3 4 
2889 8 2921 20 F: 3 5 
2895 7 2923 125 F: 3 4 
2917 5 2937 123 F: 2 3 
2949 7 2956 114 F: 3 2 2 
2968 7 2989 145 F: 7 
2976 9 2985 4 F: 9 
2983 5 2988 45 F: 2 1 2 
D: 11 24 
D: 12 137 
D: 17 53 
D: 24 60 
D: 26 70 
D: 29 88 
D: 32 103 
D: 50 111 
D: 53 117 
D: 65 133 
D: 71 139 
D: 77 108 
D: 82 128 
D: 115 124 
D: 126 138 
