9 8 33 28 F: 2 4 2 
31 10 61 25 F: 7 3 
54 12 66 2 F: 7 5 
63 7 70 137 F: 4 2 1 
97 10 107 149 F: 4 4 2 
106 9 133 54 F: 3 4 2 
115 5 120 130 F: 5 
141 11 185 73 F: 5 2 4 
151 11 162 13 F: 11 
187 7 194 60 F: 2 2 3 
203 11 225 13 F: 7 4 
214 11 247 145 F: 4 4 3 
227 5 232 123 F: 5 
273 12 321 76 F: 6 6 
280 3 286 133 F: 3 
319 12 367 85 F: 12 
331 10 341 77 F: 4 3 3 
366 11 410 95 F: 11 
372 9 390 99 F: 3 2 4 
378 2 380 25 F: 2 
416 10 446 107 F: 4 3 3 
427 10 457 43 F: 5 5 
463 6 469 66 F: 6 
474 10 504 28 F: 10 
476 4 492 96 F: 4 
526 3 538 138 F: 3 
534 12 582 22 F: 12 
544 8 560 84 F: 4 3 1 
559 8 591 43 F: 4 1 3 
595 11 628 124 F: 11 
601 7 608 8 F: 4 1 2 
623 2 631 57 F: 2 
626 9 653 33 F: 3 6 
627 8 659 105 F: 2 4 2 
645 5 660 127 F: 2 1 2 
702 9 738 48 F: 3 2 4 
703 8 719 47 F: 3 5 
752 8 776 142 F: 5 3 
765 7 793 129 F: 3 2 2 
774 6 798 2 F: 3 1 2 
837 10 867 39 F: 10 
847 10 877 12 F: 5 5 
862 8 878 99 F: 4 4 
871 9 907 38 F: 3 6 
882 7 903 141 F: 2 1 4 
903 5 923 17 F: 3 1 1 
919 9 946 125 F: 3 6 
934 8 958 89 F: 2 2 4 
946 5 966 26 F: 5 
960 11 982 51 F: 5 4 2 
1005 8 1013 8 F: 4 4 
1037 8 1069 138 F: 6 2 
1037 10 1067 8 F: 4 6 
1054 4 1062 148 F: 4 
1076 6 1088 22 F: 2 4 
1118 8 1150 62 F: 3 4 1 
1125 12 1137 69 F: 12 
1133 10 1163 122 F: 5 4 1 
1143 7 1150 20 F: 3 2 2 
1170 10 1190 49 F: 4 2 4 
1226 8 1258 40 F: 4 3 1 
1226 8 1258 90 F: 3 3 2 
1264 9 1300 32 F: 5 3 1 
1273 8 1305 41 F: 7 1 
1280 6 1298 91 F: 2 4 
1317 8 1325 123 F: 3 1 4 
1339 10 1359 16 F: 6 4 
1356 7 1384 39 F: 3 2 2 
1390 8 1422 97 F: 7 1 
1391 8 1423 94 F: 8 
1436 9 1463 17 F: 4 3 2 
1440 13 1492 114 F: 13 
1445 13 1458 44 F: 13 
1460 9 1469 69 F: 3 3 3 
1467 10 1477 139 F: 5 3 2 
1500 12 1536 64 F: 6 6 
1525 8 1549 31 F: 3 2 3 
1547 7 1561 92 F: 6 1 
1563 5 1578 12 F: 2 3 
1570 9 1588 143 F: 4 4 1 
1643 6 1661 66 F: 2 1 3 
1658 5 1663 130 F: 5 
1658 9 1694 87 F: 4 3 2 
1690 12 1738 149 F: 7 5 
1691 8 1699 69 F: 3 3 2 
1732 8 1740 148 F: 3 2 3 
1743 13 1782 49 F: 7 6 
1755 6 1761 99 F: 4 2 
1761 4 1765 63 F: 4 
1761 9 1797 56 F: 3 6 
1838 10 1878 136 F: 10 
1843 5 1863 120 F: 4 1 
1865 9 1901 96 F: 3 2 4 
1869 13 1895 104 F: 5 4 4 
1872 9 1908 90 F: 7 2 
1907 13 1933 141 F: 5 4 4 
1913 9 1922 6 F: 5 4 
1930 13 1969 60 F: 13 
1954 11 1998 133 F: 5 2 4 
1965 10 1975 100 F: 10 
2021 4 2037 72 F: 4 
2043 6 2061 12 F: 3 1 2 
2049 5 2054 2 F: 3 2 
2078 7 2092 84 F: 7 
2097 6 2121 64 F: 6 
2118 7 2146 128 F: 2 2 3 
2131 6 2155 64 F: 2 2 2 
2131 12 2167 139 F: 12 
2143 11 2154 132 F: 5 2 4 
2177 9 2213 62 F: 7 2 
2211 3 2220 71 F: 3 
2228 8 2260 144 F: 3 5 
2247 7 2261 5 F: 2 1 4 
2271 8 2287 137 F: 8 
2279 9 2297 109 F: 9 
2342 9 2378 85 F: 4 4 1 
2343 12 2379 98 F: 12 
2372 11 2383 78 F: 11 
2376 9 2403 32 F: 4 2 3 
2380 8 2388 72 F: 4 2 2 
2426 7 2440 129 F: 2 3 2 
2478 12 2514 125 F: 7 5 
2482 10 2522 148 F: 4 6 
2491 13 2543 115 F: 13 
2496 7 2503 137 F: 3 3 1 
2501 4 2509 35 F: 4 
2516 11 2538 116 F: 11 
2528 5 2543 113 F: 2 3 
2531 7 2552 97 F: 3 4 
2554 8 2578 85 F: 4 4 
2606 10 2636 44 F: 3 3 4 
2651 9 2660 142 F: 9 
2676 8 2700 95 F: 2 6 
2681 11 2725 80 F: 6 5 
2694 11 2716 69 F: 4 3 4 
2703 5 2723 145 F: 2 1 2 
2720 6 2738 34 F: 3 1 2 
2727 7 2741 124 F: 2 5 
2778 10 2808 3 F: 3 3 4 
2794 6 2812 37 F: 3 3 
2840 6 2846 99 F: 3 3 
2862 10 2882 18 F: 10 
2869 9 2905 5 F: 6 3 
2894 8 2902 119 F: 8 
2896 12 2920 106 F: 7 5 
2933 3 2939 116 F: 2 1 
2937 4 2949 60 F: 4 
2944 4 2956 120 F: 2 2 
2955 6 2973 37 F: 2 2 2 
2998 3 3001 53 F: 3 
D: 1 80 
D: 1 134 
D: 11 104 
D: 27 108 
D: 29 133 
D: 33 105 
D: 39 67 
D: 42 50 
D: 46 76 
D: 47 128 
D: 58 89 
D: 70 119 
D: 79 115 
D: 100 127 
D: 102 147 
