12 11 56 6 F: 5 4 2 
37 8 53 60 F: 5 3 
70 9 97 109 F: 4 2 3 
75 7 82 24 F: 2 5 
94 4 98 129 F: 2 1 1 
116 9 125 129 F: 5 1 3 
126 10 136 3 F: 7 3 
162 10 172 147 F: 10 
186 12 222 16 F: 5 3 4 
187 8 203 129 F: 4 1 3 
218 8 250 121 F: 2 4 2 
221 8 245 92 F: 8 
232 6 256 10 F: 5 1 
236 9 263 86 F: 9 
261 9 270 78 F: 7 2 
312 13 364 123 F: 7 6 
327 8 335 109 F: 3 2 3 
337 8 345 49 F: 8 
340 10 350 24 F: 6 4 
375 10 415 108 F: 6 4 
409 9 418 61 F: 9 
486 11 508 133 F: 4 4 3 
489 6 513 124 F: 4 2 
493 11 537 59 F: 5 6 
494 13 546 131 F: 13 
526 10 536 132 F: 4 6 
527 6 545 131 F: 2 4 
533 2 535 125 F: 2 
572 5 592 134 F: 2 3 
587 8 595 126 F: 7 1 
613 5 618 38 F: 4 1 
632 10 652 63 F: 6 4 
643 3 649 80 F: 3 
650 6 668 132 F: 3 3 
689 13 728 11 F: 5 4 4 
747 8 755 107 F: 3 4 1 
749 7 756 41 F: 2 1 4 
749 11 760 34 F: 11 
786 10 796 31 F: 4 3 3 
795 10 815 60 F: 5 3 2 
804 8 836 88 F: 5 3 
806 13 858 11 F: 13 
838 7 866 133 F: 2 5 
887 7 894 5 F: 5 2 
893 3 902 42 F: 2 1 
901 8 933 120 F: 5 2 1 
930 6 954 9 F: 2 2 2 
934 13 960 47 F: 7 6 
943 7 957 59 F: 7 
980 11 1024 144 F: 5 2 4 
1037 11 1081 89 F: 7 4 
1039 9 1066 132 F: 3 2 4 
1051 9 1087 68 F: 9 
1056 8 1064 46 F: 3 1 4 
1083 6 1095 41 F: 3 3 
1134 8 1142 149 F: 4 2 2 
1136 9 1163 134 F: 9 
1157 7 1171 90 F: 3 1 3 
1168 6 1186 15 F: 6 
1179 9 1188 137 F: 4 1 4 
1246 7 1260 73 F: 7 
1259 2 1267 30 F: 2 
1277 8 1285 23 F: 4 1 3 
1285 8 1293 84 F: 4 2 2 
1293 7 1314 52 F: 3 4 
1300 5 1305 98 F: 5 
1320 9 1338 108 F: 4 4 1 
1336 8 1360 91 F: 6 2 
1337 10 1367 31 F: 5 1 4 
1340 7 1361 76 F: 2 3 2 
1431 7 1459 51 F: 3 2 2 
1449 10 1479 97 F: 4 2 4 
1460 9 1496 32 F: 5 1 3 
1464 8 1488 35 F: 3 4 1 
1477 10 1507 46 F: 6 4 
1528 10 1568 133 F: 2 4 4 
1547 8 1555 63 F: 5 3 
1560 4 1564 58 F: 4 
1567 9 1576 91 F: 4 4 1 
1579 7 1600 51 F: 5 2 
1604 9 1613 46 F: 2 3 4 
1619 7 1647 85 F: 6 1 
1621 6 1645 83 F: 4 2 
1623 7 1637 26 F: 4 2 1 
1674 13 1700 109 F: 13 
1735 4 1751 28 F: 2 2 
1757 10 1777 44 F: 6 4 
1764 11 1808 83 F: 5 6 
1779 7 1786 112 F: 4 3 
1788 3 1800 119 F: 3 
1805 5 1815 51 F: 4 1 
1805 8 1821 24 F: 5 3 
1807 12 1831 123 F: 12 
1858 11 1902 6 F: 7 4 
1860 9 1887 144 F: 3 4 2 
1914 7 1942 8 F: 2 3 2 
1935 2 1939 29 F: 2 
1938 5 1948 69 F: 2 1 2 
1944 8 1960 100 F: 4 1 3 
1988 8 2004 90 F: 6 2 
2006 2 2010 150 F: 2 
2023 12 2071 130 F: 6 6 
2045 12 2069 119 F: 5 3 4 
2046 12 2070 36 F: 12 
2078 11 2122 128 F: 3 4 4 
2101 2 2103 44 F: 2 
2109 7 2130 112 F: 5 1 1 
2127 9 2145 40 F: 5 2 2 
2139 4 2151 99 F: 4 
2176 11 2209 29 F: 11 
2255 9 2273 125 F: 5 4 
2259 5 2269 130 F: 2 2 1 
2267 9 2303 127 F: 9 
2276 9 2285 124 F: 3 6 
2294 9 2330 64 F: 2 3 4 
2346 11 2357 146 F: 7 4 
2348 10 2388 57 F: 5 5 
2353 9 2371 88 F: 9 
2371 5 2381 79 F: 2 1 2 
2394 3 2400 11 F: 3 
2442 8 2474 144 F: 3 3 2 
2443 9 2470 136 F: 9 
2450 7 2464 51 F: 3 4 
2457 7 2471 122 F: 5 2 
2471 11 2504 149 F: 6 5 
2502 9 2538 148 F: 9 
2512 7 2533 43 F: 2 5 
2524 2 2526 45 F: 2 
2527 12 2539 134 F: 4 4 4 
2575 4 2579 119 F: 4 
2604 12 2640 121 F: 7 5 
2609 9 2645 7 F: 4 5 
2614 12 2626 111 F: 7 5 
2639 9 2657 31 F: 4 2 3 
2680 8 2696 131 F: 4 4 
2715 9 2724 120 F: 9 
2748 6 2754 132 F: 6 
2758 11 2780 99 F: 4 3 4 
2769 9 2778 30 F: 4 3 2 
2781 7 2788 69 F: 5 1 1 
2802 10 2842 121 F: 2 4 4 
2810 4 2814 38 F: 4 
2834 8 2850 125 F: 4 4 
2842 13 2881 137 F: 13 
2855 11 2888 36 F: 5 3 3 
2907 6 2925 126 F: 6 
2941 9 2959 25 F: 5 4 
2951 3 2957 32 F: 3 
2951 6 2957 119 F: 6 
2981 7 2988 99 F: 7 
D: 0 77 
D: 1 20 
D: 2 138 
D: 4 53 
D: 9 56 
D: 9 68 
D: 19 138 
D: 25 134 
D: 31 96 
D: 36 109 
D: 51 96 
D: 54 124 
D: 70 96 
D: 88 119 
D: 89 95 
