17 10 57 89 F: 6 4 
22 9 58 146 F: 3 4 2 
25 6 37 136 F: 2 1 3 
27 4 31 114 F: 4 
44 7 72 10 F: 7 
106 11 128 19 F: 5 2 4 
113 7 141 141 F: 3 4 
160 2 162 17 F: 2 
167 8 191 98 F: 5 1 2 
181 12 205 101 F: 5 4 3 
207 2 211 135 F: 2 
213 4 225 23 F: 2 2 
243 10 253 9 F: 5 3 2 
269 6 287 87 F: 2 1 3 
293 7 321 37 F: 7 
336 7 364 2 F: 2 5 
347 10 377 62 F: 4 2 4 
366 11 399 118 F: 5 6 
390 10 420 149 F: 10 
397 5 412 90 F: 3 2 
457 12 493 52 F: 12 
459 7 480 75 F: 2 1 4 
470 10 480 20 F: 7 3 
482 13 508 116 F: 13 
489 7 517 67 F: 3 1 3 
550 13 602 23 F: 13 
566 2 568 30 F: 2 
570 7 591 83 F: 2 4 1 
577 7 591 78 F: 3 1 3 
580 8 588 26 F: 3 5 
625 5 630 64 F: 5 
635 6 641 2 F: 3 1 2 
640 8 664 17 F: 8 
671 10 711 16 F: 10 
690 10 730 104 F: 4 2 4 
706 8 730 89 F: 5 1 2 
718 10 748 111 F: 5 3 2 
724 9 751 106 F: 3 3 3 
758 2 766 1 F: 2 
788 8 804 135 F: 5 1 2 
813 12 861 35 F: 6 6 
869 6 893 61 F: 3 3 
889 8 897 139 F: 5 1 2 
892 7 899 39 F: 2 5 
899 13 938 65 F: 5 4 4 
934 11 967 8 F: 11 
937 12 949 26 F: 12 
961 7 989 10 F: 4 2 1 
965 8 997 70 F: 6 2 
986 12 1010 74 F: 7 5 
1048 5 1068 70 F: 5 
1055 9 1082 146 F: 9 
1058 7 1079 64 F: 5 1 1 
1081 2 1085 144 F: 2 
1089 6 1113 28 F: 2 2 2 
1123 9 1141 56 F: 9 
1141 5 1146 126 F: 3 2 
1147 5 1162 100 F: 4 1 
1184 9 1211 32 F: 9 
1189 9 1216 48 F: 7 2 
1218 11 1262 4 F: 5 6 
1236 9 1254 91 F: 3 6 
1264 4 1268 92 F: 4 
1284 13 1310 49 F: 13 
1297 5 1317 125 F: 5 
1308 11 1319 137 F: 5 4 2 
1317 12 1329 64 F: 6 6 
1324 7 1352 28 F: 3 3 1 
1360 11 1404 148 F: 11 
1389 11 1411 128 F: 11 
1433 8 1457 58 F: 8 
1439 3 1448 20 F: 2 1 
1441 6 1459 133 F: 6 
1492 9 1519 8 F: 4 2 3 
1496 8 1512 64 F: 2 6 
1516 9 1543 11 F: 6 3 
1535 9 1562 89 F: 2 4 3 
1579 8 1595 95 F: 7 1 
1585 9 1594 96 F: 4 5 
1595 11 1639 93 F: 4 3 4 
1624 3 1633 32 F: 3 
1629 9 1656 14 F: 7 2 
1660 8 1692 29 F: 5 2 1 
1673 9 1682 111 F: 5 3 1 
1680 13 1732 95 F: 7 6 
1709 10 1749 72 F: 10 
1712 2 1714 86 F: 2 
1718 13 1731 98 F: 13 
1721 3 1724 150 F: 2 1 
1771 7 1799 18 F: 7 
1817 11 1850 97 F: 11 
1855 7 1862 66 F: 6 1 
1870 10 1900 77 F: 4 6 
1889 3 1901 131 F: 3 
1895 9 1922 35 F: 3 3 3 
1910 9 1937 91 F: 4 3 2 
1936 3 1948 82 F: 3 
1940 5 1955 43 F: 3 2 
1966 10 1976 90 F: 6 4 
1998 12 2046 47 F: 7 5 
2013 10 2023 142 F: 4 4 2 
2028 10 2068 37 F: 5 2 3 
2030 3 2033 88 F: 3 
2033 8 2049 37 F: 2 4 2 
2058 5 2068 75 F: 5 
2143 12 2191 94 F: 6 6 
2163 5 2173 120 F: 2 2 1 
2182 13 2221 85 F: 7 6 
2187 5 2197 83 F: 5 
2199 6 2223 53 F: 6 
2207 10 2247 71 F: 4 2 4 
2223 9 2241 124 F: 9 
2237 8 2245 139 F: 8 
2242 3 2245 75 F: 2 1 
2263 12 2287 4 F: 4 4 4 
2314 6 2332 48 F: 4 2 
2320 7 2348 26 F: 5 1 1 
2336 8 2368 101 F: 8 
2388 10 2428 29 F: 10 
2398 9 2416 107 F: 5 3 1 
2420 7 2434 128 F: 4 2 1 
2424 12 2436 23 F: 6 6 
2429 11 2451 141 F: 4 4 3 
2435 10 2465 52 F: 6 4 
2439 10 2479 124 F: 10 
2506 2 2510 118 F: 2 
2516 10 2546 42 F: 3 3 4 
2518 6 2542 63 F: 3 3 
2525 6 2531 16 F: 2 1 3 
2551 9 2560 129 F: 9 
2610 9 2628 150 F: 9 
2616 7 2623 105 F: 5 2 
2638 11 2671 137 F: 11 
2640 7 2661 71 F: 4 3 
2661 6 2673 46 F: 5 1 
2702 11 2735 29 F: 5 4 2 
2710 6 2728 39 F: 3 3 
2711 7 2725 28 F: 6 1 
2732 11 2743 76 F: 11 
2744 8 2752 117 F: 4 3 1 
2801 7 2815 44 F: 2 1 4 
2814 11 2858 42 F: 11 
2832 10 2872 143 F: 6 4 
2858 4 2862 9 F: 4 
2882 7 2903 122 F: 5 2 
2907 6 2931 26 F: 2 4 
2910 10 2950 79 F: 6 4 
2911 13 2963 100 F: 7 6 
2930 7 2958 77 F: 5 2 
2949 10 2979 94 F: 4 6 
D: 0 73 
D: 7 69 
D: 12 72 
D: 25 141 
D: 26 78 
D: 33 97 
D: 49 130 
D: 50 71 
D: 63 139 
D: 70 146 
D: 72 131 
D: 76 131 
D: 81 92 
D: 92 107 
D: 130 139 
