16 10 46 75 F: 10 
20 6 44 34 F: 4 2 
28 7 42 121 F: 7 
44 9 80 66 F: 4 1 4 
71 7 85 48 F: 4 3 
154 8 162 118 F: 3 4 1 
158 8 190 129 F: 4 3 1 
172 10 212 51 F: 4 6 
183 10 213 40 F: 2 4 4 
185 10 215 139 F: 5 5 
200 11 233 106 F: 11 
206 8 222 118 F: 3 1 4 
211 6 217 39 F: 6 
215 7 229 4 F: 2 3 2 
285 13 298 14 F: 5 4 4 
316 12 328 74 F: 4 4 4 
363 5 373 118 F: 5 
376 6 382 125 F: 6 
384 11 428 62 F: 4 4 3 
397 13 423 27 F: 7 6 
413 8 421 19 F: 4 2 2 
434 13 473 118 F: 5 4 4 
462 11 484 72 F: 5 2 4 
481 5 501 135 F: 4 1 
498 9 534 107 F: 3 3 3 
525 11 558 33 F: 3 4 4 
541 9 577 88 F: 2 4 3 
546 10 586 35 F: 4 6 
549 8 573 77 F: 3 5 
558 7 572 11 F: 7 
622 9 649 45 F: 3 4 2 
623 7 630 10 F: 2 1 4 
659 2 663 127 F: 2 
688 11 699 78 F: 6 5 
694 7 715 123 F: 5 2 
709 8 725 141 F: 4 1 3 
732 9 768 132 F: 4 3 2 
748 10 788 20 F: 5 5 
763 6 769 113 F: 2 1 3 
779 11 801 150 F: 6 5 
824 5 844 66 F: 2 3 
826 9 844 50 F: 2 3 4 
828 6 852 23 F: 6 
835 9 871 144 F: 5 1 3 
840 10 880 126 F: 10 
900 5 920 128 F: 3 2 
943 7 957 2 F: 2 3 2 
948 11 959 110 F: 5 4 2 
977 11 999 130 F: 11 
997 8 1005 24 F: 4 2 2 
1001 5 1016 120 F: 4 1 
1021 11 1054 35 F: 5 6 
1024 7 1045 41 F: 7 
1040 7 1047 34 F: 2 4 1 
1066 10 1076 39 F: 5 1 4 
1125 5 1135 44 F: 5 
1137 10 1157 137 F: 10 
1141 7 1162 63 F: 2 2 3 
1142 4 1154 100 F: 4 
1150 5 1170 12 F: 5 
1205 8 1213 17 F: 6 2 
1242 4 1250 61 F: 4 
1244 9 1262 80 F: 5 1 3 
1291 11 1313 130 F: 11 
1292 4 1300 2 F: 4 
1324 11 1346 144 F: 5 4 2 
1336 10 1346 71 F: 4 3 3 
1345 9 1381 129 F: 3 6 
1362 7 1369 106 F: 2 1 4 
1382 7 1403 12 F: 2 5 
1430 7 1458 57 F: 4 1 2 
1449 5 1454 25 F: 3 1 1 
1477 5 1497 145 F: 2 3 
1483 3 1486 69 F: 3 
1484 7 1505 30 F: 7 
1503 3 1512 58 F: 2 1 
1512 9 1530 113 F: 3 2 4 
1519 8 1527 74 F: 2 2 4 
1538 12 1550 103 F: 4 4 4 
1557 12 1593 36 F: 6 6 
1613 9 1649 132 F: 5 4 
1624 7 1631 135 F: 7 
1656 7 1684 59 F: 6 1 
1658 6 1682 19 F: 3 3 
1699 9 1735 7 F: 3 6 
1726 2 1732 105 F: 2 
1729 10 1759 82 F: 5 2 3 
1761 10 1781 88 F: 4 3 3 
1763 6 1769 74 F: 3 2 1 
1777 10 1817 149 F: 7 3 
1801 9 1819 85 F: 9 
1829 7 1836 63 F: 2 3 2 
1859 7 1880 142 F: 3 2 2 
1877 7 1905 59 F: 2 5 
1878 10 1888 93 F: 2 4 4 
1902 8 1926 3 F: 3 5 
1906 9 1942 137 F: 4 5 
1969 12 2017 3 F: 12 
1977 3 1989 89 F: 3 
1982 3 1994 103 F: 3 
2032 9 2041 93 F: 5 4 
2042 7 2056 3 F: 3 4 
2051 9 2069 23 F: 9 
2057 6 2063 71 F: 3 3 
2066 10 2106 58 F: 5 5 
2132 8 2148 112 F: 3 5 
2161 8 2193 13 F: 5 2 1 
2169 5 2179 46 F: 2 3 
2170 8 2186 125 F: 2 2 4 
2194 3 2206 116 F: 3 
2222 3 2225 45 F: 3 
2255 7 2262 48 F: 7 
2259 5 2269 142 F: 2 2 1 
2268 12 2316 58 F: 4 4 4 
2295 7 2309 129 F: 2 2 3 
2328 3 2334 90 F: 3 
2331 4 2343 54 F: 3 1 
2333 9 2351 26 F: 3 3 3 
2333 10 2363 6 F: 6 4 
2396 2 2402 34 F: 2 
2431 11 2475 129 F: 3 4 4 
2456 6 2468 23 F: 6 
2458 12 2482 20 F: 6 6 
2466 10 2476 64 F: 10 
2474 13 2526 45 F: 13 
2507 7 2528 142 F: 7 
2514 3 2523 38 F: 2 1 
2530 11 2552 28 F: 11 
2562 9 2589 5 F: 3 6 
2586 11 2630 136 F: 6 5 
2647 9 2665 8 F: 9 
2648 13 2674 28 F: 13 
2653 13 2705 29 F: 13 
2664 7 2692 76 F: 3 3 1 
2696 4 2708 78 F: 4 
2726 10 2746 54 F: 3 4 3 
2727 13 2779 59 F: 5 4 4 
2748 11 2792 28 F: 6 5 
2795 5 2800 46 F: 3 2 
2798 10 2818 12 F: 5 4 1 
2863 13 2915 46 F: 13 
2873 12 2921 128 F: 6 6 
2887 11 2920 36 F: 4 4 3 
2890 9 2917 149 F: 4 1 4 
2892 9 2928 3 F: 4 4 1 
2913 4 2917 3 F: 2 1 1 
2921 4 2925 62 F: 2 1 1 
2921 4 2929 45 F: 2 2 
2932 2 2938 103 F: 2 
2967 6 2973 88 F: 3 1 2 
D: 3 136 
D: 4 113 
D: 7 126 
D: 9 73 
D: 12 64 
D: 17 38 
D: 33 67 
D: 64 116 
D: 71 76 
D: 75 103 
D: 77 89 
D: 88 113 
D: 91 134 
D: 110 126 
D: 145 147 
