2 10 22 6 F: 10 
27 11 60 62 F: 5 6 
45 10 55 26 F: 5 1 4 
81 3 90 147 F: 3 
91 6 103 42 F: 2 1 3 
116 8 148 128 F: 6 2 
117 3 126 101 F: 3 
124 10 144 122 F: 10 
193 7 200 117 F: 2 5 
194 9 221 20 F: 5 3 1 
212 8 220 92 F: 8 
234 8 258 69 F: 3 4 1 
237 11 281 115 F: 7 4 
253 9 262 27 F: 5 3 1 
294 9 330 91 F: 3 3 3 
309 7 330 80 F: 7 
311 7 318 73 F: 2 5 
339 10 349 130 F: 4 4 2 
372 10 392 103 F: 5 5 
384 10 394 147 F: 10 
418 9 454 62 F: 4 4 1 
419 13 458 60 F: 13 
457 5 472 8 F: 4 1 
463 9 481 27 F: 4 1 4 
470 4 478 139 F: 4 
517 8 541 148 F: 2 2 4 
541 8 573 9 F: 2 3 3 
545 3 554 57 F: 3 
560 11 604 71 F: 6 5 
564 9 573 69 F: 9 
600 11 622 61 F: 5 6 
639 8 647 80 F: 8 
644 8 676 44 F: 2 4 2 
658 3 667 146 F: 2 1 
679 8 711 104 F: 4 4 
700 10 730 53 F: 2 4 4 
748 2 750 97 F: 2 
757 7 771 99 F: 4 3 
762 7 790 16 F: 3 4 
797 9 815 38 F: 4 2 3 
825 8 841 68 F: 2 6 
825 9 843 37 F: 4 2 3 
843 10 853 134 F: 10 
858 6 882 109 F: 3 3 
863 7 870 14 F: 4 3 
918 8 942 47 F: 3 5 
937 5 957 37 F: 5 
959 2 965 83 F: 2 
977 4 989 135 F: 4 
982 6 988 40 F: 4 2 
1005 7 1026 109 F: 7 
1012 3 1015 22 F: 3 
1020 10 1030 11 F: 4 4 2 
1038 10 1068 140 F: 3 3 4 
1063 12 1075 142 F: 12 
1102 7 1116 22 F: 7 
1132 7 1153 142 F: 7 
1141 10 1161 17 F: 5 5 
1176 6 1200 10 F: 6 
1184 5 1189 86 F: 3 1 1 
1201 11 1234 44 F: 11 
1213 8 1245 133 F: 7 1 
1240 7 1254 74 F: 7 
1267 6 1273 45 F: 5 1 
1267 8 1291 29 F: 6 2 
1309 7 1337 51 F: 2 5 
1343 10 1363 32 F: 10 
1367 11 1378 102 F: 7 4 
1389 9 1416 75 F: 4 3 2 
1399 7 1427 27 F: 3 2 2 
1400 9 1418 81 F: 6 3 
1406 6 1424 133 F: 6 
1450 12 1498 95 F: 4 4 4 
1471 6 1495 47 F: 3 3 
1497 4 1505 117 F: 4 
1510 12 1534 19 F: 6 6 
1516 13 1529 87 F: 13 
1558 10 1588 35 F: 5 1 4 
1569 7 1576 121 F: 3 4 
1597 10 1607 22 F: 6 4 
1602 8 1634 77 F: 8 
1610 10 1650 78 F: 4 3 3 
1644 6 1650 50 F: 6 
1650 9 1677 52 F: 4 5 
1670 13 1709 39 F: 13 
1706 9 1715 4 F: 9 
1752 5 1767 56 F: 2 1 2 
1760 5 1775 144 F: 2 1 2 
1795 8 1827 134 F: 6 2 
1799 6 1805 137 F: 2 2 2 
1827 8 1859 123 F: 3 5 
1840 9 1876 133 F: 9 
1878 9 1887 29 F: 2 3 4 
1885 4 1901 47 F: 4 
1898 8 1930 87 F: 4 4 
1904 9 1922 142 F: 3 6 
1912 12 1948 121 F: 12 
1950 12 1986 107 F: 12 
1961 10 2001 52 F: 3 4 3 
1991 7 1998 90 F: 3 1 3 
2007 11 2018 3 F: 6 5 
2010 6 2034 26 F: 2 3 1 
2049 8 2057 101 F: 4 3 1 
2050 4 2058 104 F: 4 
2078 2 2080 115 F: 2 
2119 13 2158 15 F: 13 
2155 9 2191 35 F: 3 6 
2171 10 2211 69 F: 2 4 4 
2182 8 2198 109 F: 8 
2196 8 2204 7 F: 3 1 4 
2202 9 2220 49 F: 9 
2218 5 2238 149 F: 4 1 
2229 11 2262 125 F: 7 4 
2236 10 2276 29 F: 5 2 3 
2272 6 2296 44 F: 2 4 
2326 4 2342 82 F: 2 2 
2329 8 2345 78 F: 8 
2335 3 2338 26 F: 3 
2342 8 2350 69 F: 2 3 3 
2395 5 2415 100 F: 3 2 
2400 9 2418 31 F: 9 
2462 11 2506 48 F: 11 
2465 8 2489 117 F: 2 6 
2468 6 2480 96 F: 3 1 2 
2477 5 2492 40 F: 2 3 
2513 8 2529 49 F: 8 
2552 9 2561 70 F: 9 
2567 7 2595 70 F: 4 3 
2581 7 2588 117 F: 2 2 3 
2597 13 2636 13 F: 13 
2610 5 2620 4 F: 5 
2611 9 2647 113 F: 7 2 
2628 6 2646 38 F: 2 4 
2652 5 2662 114 F: 3 2 
2665 5 2670 79 F: 5 
2716 7 2744 14 F: 6 1 
2741 7 2755 36 F: 6 1 
2764 9 2773 47 F: 6 3 
2768 9 2804 54 F: 5 2 2 
2771 9 2789 84 F: 9 
2852 10 2882 144 F: 4 4 2 
2853 8 2869 67 F: 4 4 
2864 8 2896 105 F: 2 4 2 
2874 11 2896 8 F: 5 4 2 
2893 9 2911 146 F: 4 2 3 
2901 3 2913 96 F: 3 
2903 6 2921 78 F: 4 2 
2948 6 2954 64 F: 2 2 2 
2991 13 3030 50 F: 13 
2993 7 3000 54 F: 2 3 2 
D: 5 72 
D: 14 35 
D: 17 147 
D: 23 104 
D: 26 113 
D: 27 42 
D: 27 80 
D: 33 122 
D: 37 120 
D: 44 54 
D: 57 79 
D: 79 97 
D: 94 129 
D: 131 138 
D: 142 147 
