2 6 20 116 F: 4 2 
26 4 34 68 F: 4 
74 10 84 86 F: 4 6 
85 11 118 47 F: 11 
96 7 110 85 F: 3 1 3 
128 7 156 107 F: 7 
151 6 175 41 F: 3 1 2 
153 2 155 14 F: 2 
160 12 208 145 F: 4 4 4 
188 9 197 95 F: 5 3 1 
217 3 220 50 F: 3 
227 7 255 38 F: 4 2 1 
234 11 245 18 F: 5 6 
275 7 289 13 F: 3 1 3 
284 6 302 31 F: 2 1 3 
326 6 350 53 F: 4 2 
330 8 346 32 F: 8 
362 7 390 139 F: 7 
377 3 383 131 F: 2 1 
388 9 424 43 F: 2 3 4 
409 8 441 79 F: 8 
414 13 453 138 F: 7 6 
432 6 438 131 F: 3 1 2 
438 7 445 2 F: 4 3 
461 7 475 60 F: 4 2 1 
514 6 538 75 F: 5 1 
514 9 523 72 F: 9 
528 10 548 44 F: 4 4 2 
542 13 555 72 F: 13 
563 3 569 9 F: 2 1 
619 11 663 83 F: 5 2 4 
634 9 670 71 F: 9 
660 2 662 107 F: 2 
677 4 681 147 F: 4 
680 3 692 52 F: 3 
706 7 713 2 F: 3 3 1 
715 3 727 131 F: 2 1 
731 8 739 89 F: 3 1 4 
737 10 747 107 F: 10 
753 4 769 109 F: 2 2 
835 12 883 3 F: 12 
837 13 863 44 F: 13 
878 10 908 122 F: 4 3 3 
884 13 936 20 F: 13 
899 6 905 93 F: 2 4 
913 6 931 1 F: 6 
914 10 924 131 F: 10 
964 12 1000 42 F: 12 
971 8 979 83 F: 3 2 3 
993 5 998 90 F: 4 1 
1007 8 1015 102 F: 5 2 1 
1024 9 1033 133 F: 4 5 
1028 8 1060 54 F: 6 2 
1073 6 1091 139 F: 4 2 
1073 7 1094 18 F: 7 
1109 7 1130 145 F: 3 2 2 
1151 10 1161 34 F: 5 5 
1168 7 1182 120 F: 3 3 1 
1186 7 1207 31 F: 3 1 3 
1196 3 1205 106 F: 2 1 
1213 3 1225 22 F: 3 
1240 9 1267 125 F: 7 2 
1275 5 1285 8 F: 3 2 
1288 5 1293 118 F: 5 
1296 10 1326 50 F: 2 4 4 
1304 11 1337 143 F: 4 4 3 
1338 4 1346 104 F: 3 1 
1345 9 1363 137 F: 4 1 4 
1371 6 1383 4 F: 4 2 
1383 12 1407 49 F: 7 5 
1411 7 1425 84 F: 5 2 
1447 8 1479 61 F: 2 2 4 
1447 9 1456 45 F: 3 4 2 
1461 8 1493 34 F: 3 3 2 
1477 11 1499 48 F: 6 5 
1542 6 1548 114 F: 3 1 2 
1548 9 1557 55 F: 3 3 3 
1576 8 1592 83 F: 2 4 2 
1587 12 1611 11 F: 12 
1589 5 1604 72 F: 5 
1603 12 1651 81 F: 5 3 4 
1629 13 1642 46 F: 13 
1660 7 1667 122 F: 6 1 
1690 10 1730 7 F: 4 2 4 
1692 10 1712 64 F: 5 4 1 
1706 3 1712 144 F: 3 
1731 9 1758 55 F: 2 4 3 
1741 11 1785 74 F: 11 
1763 9 1781 40 F: 5 4 
1798 4 1810 15 F: 4 
1803 12 1827 115 F: 12 
1813 9 1831 136 F: 6 3 
1845 12 1881 118 F: 6 6 
1861 8 1893 111 F: 3 2 3 
1897 8 1913 37 F: 2 6 
1901 8 1917 30 F: 7 1 
1913 11 1946 71 F: 5 3 3 
1929 9 1965 95 F: 9 
1979 12 2027 93 F: 5 3 4 
1993 5 2003 42 F: 5 
2034 8 2066 91 F: 5 3 
2064 3 2070 133 F: 3 
2064 7 2085 127 F: 7 
2092 6 2110 2 F: 5 1 
2096 8 2128 96 F: 3 5 
2133 12 2169 130 F: 12 
2148 7 2162 76 F: 3 3 1 
2168 9 2204 131 F: 6 3 
2169 2 2171 131 F: 2 
2197 10 2237 122 F: 10 
2200 4 2216 148 F: 4 
2226 7 2240 13 F: 3 1 3 
2234 2 2242 119 F: 2 
2240 6 2252 41 F: 3 2 1 
2262 9 2280 41 F: 9 
2300 9 2336 125 F: 4 2 3 
2301 7 2308 146 F: 3 4 
2316 9 2334 47 F: 7 2 
2360 2 2362 35 F: 2 
2368 4 2384 114 F: 4 
2448 6 2460 89 F: 6 
2457 6 2475 144 F: 6 
2470 4 2482 75 F: 3 1 
2473 6 2485 127 F: 4 2 
2481 10 2491 9 F: 3 4 3 
2510 7 2531 72 F: 4 1 2 
2525 7 2546 12 F: 3 3 1 
2526 7 2533 33 F: 2 5 
2572 6 2578 105 F: 6 
2582 8 2590 16 F: 4 4 
2603 2 2611 66 F: 2 
2631 6 2655 44 F: 5 1 
2638 8 2646 125 F: 5 3 
2654 10 2694 61 F: 5 4 1 
2665 11 2698 74 F: 5 3 3 
2748 10 2778 134 F: 3 4 3 
2760 9 2769 45 F: 4 1 4 
2767 12 2815 47 F: 12 
2769 9 2796 119 F: 9 
2776 7 2797 67 F: 4 3 
2812 3 2815 70 F: 2 1 
2836 9 2872 143 F: 4 3 2 
2860 7 2874 112 F: 5 2 
2896 12 2920 28 F: 5 4 3 
2898 10 2928 100 F: 4 4 2 
2909 12 2933 61 F: 6 6 
2931 11 2975 113 F: 11 
2936 10 2956 16 F: 3 3 4 
2946 9 2955 74 F: 5 2 2 
2976 4 2988 78 F: 3 1 
D: 4 55 
D: 11 109 
D: 20 135 
D: 23 50 
D: 25 127 
D: 30 114 
D: 34 54 
D: 49 146 
D: 52 121 
D: 66 79 
D: 71 148 
D: 73 141 
D: 85 97 
D: 115 136 
D: 126 140 
