10 11 32 131 F: 5 2 4 
11 7 25 120 F: 2 1 4 
17 11 50 134 F: 11 
59 3 65 142 F: 3 
70 6 88 124 F: 5 1 
116 9 134 107 F: 4 4 1 
149 7 177 74 F: 3 4 
193 4 201 149 F: 4 
194 9 212 134 F: 4 5 
195 2 199 101 F: 2 
222 11 255 125 F: 11 
227 13 266 103 F: 13 
289 8 297 68 F: 5 1 2 
290 2 292 20 F: 2 
291 8 307 37 F: 3 2 3 
304 12 340 147 F: 5 3 4 
322 9 340 50 F: 3 3 3 
335 6 353 112 F: 6 
386 11 430 83 F: 6 5 
388 7 395 101 F: 2 2 3 
418 10 458 90 F: 10 
423 8 447 12 F: 8 
444 8 476 31 F: 8 
481 3 490 61 F: 3 
488 11 499 139 F: 4 3 4 
523 9 550 2 F: 4 3 2 
528 5 548 57 F: 2 2 1 
533 4 545 150 F: 4 
572 5 577 104 F: 3 1 1 
589 8 605 49 F: 6 2 
614 13 653 85 F: 7 6 
635 8 659 106 F: 5 1 2 
635 11 668 39 F: 6 5 
647 9 683 59 F: 4 1 4 
691 8 715 68 F: 3 3 2 
707 9 734 40 F: 5 3 1 
707 11 729 27 F: 5 4 2 
709 9 718 13 F: 6 3 
728 7 742 9 F: 7 
765 7 772 101 F: 7 
819 10 839 71 F: 10 
839 11 850 112 F: 11 
844 3 847 46 F: 3 
850 11 883 17 F: 5 6 
881 12 917 140 F: 5 4 3 
900 5 915 1 F: 5 
903 7 917 69 F: 3 4 
906 11 950 108 F: 4 3 4 
909 11 942 46 F: 11 
921 10 931 137 F: 5 5 
1019 7 1040 97 F: 7 
1035 2 1039 79 F: 2 
1049 9 1085 119 F: 4 5 
1064 4 1080 52 F: 4 
1071 10 1111 73 F: 10 
1149 8 1173 4 F: 3 5 
1155 8 1171 76 F: 4 2 2 
1177 11 1188 116 F: 11 
1180 6 1186 84 F: 2 1 3 
1193 8 1201 120 F: 3 4 1 
1212 2 1218 118 F: 2 
1220 6 1232 5 F: 2 4 
1222 8 1238 17 F: 5 3 
1273 2 1275 145 F: 2 
1283 10 1313 85 F: 5 2 3 
1328 5 1343 66 F: 2 3 
1342 7 1356 64 F: 7 
1365 5 1380 82 F: 5 
1382 8 1406 106 F: 4 4 
1384 11 1428 121 F: 4 3 4 
1402 5 1412 122 F: 5 
1426 2 1430 64 F: 2 
1455 12 1491 7 F: 7 5 
1466 2 1470 60 F: 2 
1491 7 1519 77 F: 2 2 3 
1517 9 1544 84 F: 5 4 
1548 9 1575 1 F: 6 3 
1550 10 1570 42 F: 10 
1564 9 1591 85 F: 5 2 2 
1585 9 1594 88 F: 5 1 3 
1616 10 1626 59 F: 10 
1636 10 1656 99 F: 2 4 4 
1637 8 1661 127 F: 3 4 1 
1643 12 1691 88 F: 7 5 
1685 9 1703 121 F: 7 2 
1717 8 1749 114 F: 5 3 
1727 10 1757 29 F: 4 6 
1727 13 1779 124 F: 13 
1772 9 1799 47 F: 9 
1797 6 1815 89 F: 5 1 
1810 9 1819 10 F: 5 2 2 
1827 9 1836 15 F: 4 2 3 
1828 3 1840 7 F: 3 
1833 10 1853 120 F: 5 5 
1855 11 1899 128 F: 4 4 3 
1916 7 1923 29 F: 4 1 2 
1958 6 1976 104 F: 4 1 1 
1981 8 1989 55 F: 4 4 
1991 10 2011 75 F: 7 3 
1997 9 2024 116 F: 3 6 
2019 5 2034 122 F: 3 2 
2019 7 2047 55 F: 7 
2031 8 2063 56 F: 2 3 3 
2037 10 2047 7 F: 10 
2080 6 2086 116 F: 2 4 
2128 8 2160 68 F: 2 6 
2135 2 2137 66 F: 2 
2157 8 2173 60 F: 4 3 1 
2196 4 2208 70 F: 3 1 
2196 8 2204 46 F: 6 2 
2245 13 2258 150 F: 7 6 
2260 11 2304 57 F: 5 6 
2264 10 2284 126 F: 7 3 
2268 9 2277 119 F: 2 3 4 
2293 8 2317 57 F: 2 6 
2338 11 2360 60 F: 11 
2347 6 2365 26 F: 6 
2350 8 2366 141 F: 8 
2358 9 2385 37 F: 5 3 1 
2398 11 2420 108 F: 7 4 
2410 4 2422 109 F: 3 1 
2454 10 2494 3 F: 3 4 3 
2459 9 2468 37 F: 3 6 
2475 6 2487 113 F: 3 1 2 
2496 10 2516 98 F: 10 
2516 9 2525 45 F: 2 3 4 
2518 12 2566 96 F: 12 
2556 6 2580 64 F: 6 
2564 11 2608 113 F: 4 4 3 
2569 9 2587 97 F: 9 
2605 10 2645 64 F: 3 4 3 
2654 11 2698 55 F: 7 4 
2656 13 2708 31 F: 13 
2667 6 2673 117 F: 5 1 
2679 6 2697 76 F: 6 
2716 9 2734 37 F: 7 2 
2735 11 2768 146 F: 7 4 
2741 7 2769 68 F: 5 1 1 
2774 4 2778 108 F: 4 
2783 9 2810 6 F: 9 
2805 10 2835 117 F: 10 
2809 8 2841 28 F: 5 3 
2846 9 2873 61 F: 5 1 3 
2846 11 2890 27 F: 4 4 3 
2856 10 2866 84 F: 4 6 
2909 10 2949 86 F: 10 
2914 8 2930 100 F: 4 1 3 
2915 7 2943 77 F: 2 3 2 
2922 11 2955 26 F: 7 4 
2981 9 2990 66 F: 5 4 
D: 1 67 
D: 12 35 
D: 16 93 
D: 20 30 
D: 20 130 
D: 33 146 
D: 34 106 
D: 72 149 
D: 96 122 
D: 98 104 
D: 102 128 
D: 103 137 
D: 110 145 
D: 115 123 
D: 122 126 
