19 9 28 11 F: 3 4 2 
20 10 60 43 F: 4 2 4 
44 9 80 96 F: 9 
72 11 116 110 F: 5 4 2 
83 13 96 95 F: 13 
110 7 131 70 F: 6 1 
120 2 128 84 F: 2 
170 8 186 14 F: 4 4 
183 10 193 124 F: 10 
195 13 221 111 F: 13 
217 10 247 61 F: 10 
218 2 226 20 F: 2 
240 9 258 3 F: 4 5 
263 10 293 92 F: 10 
287 5 307 59 F: 3 1 1 
321 11 343 137 F: 4 3 4 
330 9 366 22 F: 4 2 3 
333 9 351 74 F: 9 
339 8 355 75 F: 4 1 3 
383 4 387 128 F: 4 
410 7 424 57 F: 2 1 4 
416 2 418 35 F: 2 
429 7 450 107 F: 4 3 
448 8 464 110 F: 6 2 
484 7 512 136 F: 7 
521 8 553 29 F: 6 2 
525 8 549 128 F: 4 4 
549 9 558 136 F: 4 1 4 
576 9 585 67 F: 9 
589 10 599 54 F: 3 4 3 
615 12 651 145 F: 12 
627 4 631 84 F: 3 1 
641 11 674 18 F: 11 
685 6 697 46 F: 3 3 
693 8 717 1 F: 8 
735 9 744 57 F: 9 
766 9 802 68 F: 4 1 4 
767 13 819 90 F: 7 6 
774 8 806 6 F: 7 1 
799 13 812 88 F: 13 
816 6 822 46 F: 3 3 
839 13 878 104 F: 5 4 4 
840 9 867 28 F: 9 
846 9 855 6 F: 9 
852 8 860 124 F: 6 2 
908 9 944 100 F: 5 2 2 
918 3 927 131 F: 2 1 
983 8 999 115 F: 3 1 4 
994 10 1014 94 F: 10 
998 6 1022 116 F: 6 
1012 8 1020 35 F: 8 
1034 10 1074 48 F: 5 2 3 
1068 9 1095 134 F: 2 4 3 
1087 8 1095 135 F: 4 4 
1088 8 1096 125 F: 4 4 
1100 7 1128 49 F: 7 
1103 6 1121 71 F: 3 2 1 
1103 11 1147 84 F: 4 4 3 
1127 13 1153 114 F: 7 6 
1140 8 1148 49 F: 4 2 2 
1209 9 1218 112 F: 4 5 
1212 8 1244 4 F: 8 
1217 4 1229 60 F: 2 2 
1239 9 1266 31 F: 2 4 3 
1297 4 1305 59 F: 4 
1312 8 1344 123 F: 3 1 4 
1316 4 1328 4 F: 2 1 1 
1370 9 1388 17 F: 5 4 
1379 7 1393 134 F: 3 4 
1384 8 1392 2 F: 7 1 
1428 3 1434 139 F: 2 1 
1433 7 1440 87 F: 2 3 2 
1457 13 1509 65 F: 7 6 
1476 12 1488 95 F: 12 
1494 11 1516 142 F: 6 5 
1526 11 1559 81 F: 11 
1545 5 1555 149 F: 4 1 
1556 11 1578 23 F: 5 6 
1577 8 1601 121 F: 3 5 
1589 8 1605 142 F: 8 
1624 12 1672 24 F: 7 5 
1649 8 1681 76 F: 6 2 
1672 10 1692 102 F: 5 5 
1676 8 1684 97 F: 3 4 1 
1695 9 1713 26 F: 7 2 
1735 3 1738 80 F: 2 1 
1746 9 1755 132 F: 5 4 
1777 9 1804 80 F: 2 3 4 
1784 3 1787 120 F: 3 
1788 10 1808 26 F: 5 4 1 
1825 9 1843 88 F: 4 2 3 
1837 8 1869 35 F: 2 2 4 
1866 2 1872 75 F: 2 
1868 11 1890 62 F: 11 
1896 10 1916 28 F: 4 2 4 
1921 7 1935 77 F: 4 1 2 
1923 7 1930 33 F: 5 2 
1932 11 1965 10 F: 11 
1958 13 2010 72 F: 13 
1972 10 2012 135 F: 10 
2007 5 2027 111 F: 2 1 2 
2009 7 2030 139 F: 4 2 1 
2041 9 2068 143 F: 4 1 4 
2056 13 2069 137 F: 13 
2081 4 2085 110 F: 2 1 1 
2130 11 2152 22 F: 6 5 
2147 5 2157 16 F: 3 2 
2160 8 2184 134 F: 3 1 4 
2176 7 2204 70 F: 7 
2194 8 2218 65 F: 8 
2219 13 2232 116 F: 13 
2227 10 2257 149 F: 10 
2269 10 2299 78 F: 10 
2278 12 2290 123 F: 4 4 4 
2296 3 2305 141 F: 3 
2319 12 2367 30 F: 12 
2329 2 2333 113 F: 2 
2331 4 2339 56 F: 4 
2379 9 2397 120 F: 6 3 
2379 13 2405 126 F: 13 
2403 3 2415 121 F: 2 1 
2403 11 2425 129 F: 5 2 4 
2433 3 2445 15 F: 2 1 
2469 11 2480 48 F: 6 5 
2486 9 2504 30 F: 7 2 
2514 11 2547 57 F: 11 
2527 10 2557 30 F: 5 5 
2563 5 2583 124 F: 5 
2574 6 2586 74 F: 5 1 
2581 5 2596 79 F: 2 1 2 
2605 2 2613 22 F: 2 
2626 7 2640 36 F: 3 4 
2627 11 2649 20 F: 5 4 2 
2635 8 2659 145 F: 3 2 3 
2658 9 2694 46 F: 2 3 4 
2707 9 2725 58 F: 3 6 
2731 8 2747 136 F: 8 
2767 5 2782 73 F: 2 3 
2787 5 2797 50 F: 3 2 
2794 3 2800 87 F: 2 1 
2821 9 2830 46 F: 9 
2830 13 2869 91 F: 7 6 
2851 10 2891 79 F: 6 4 
2855 7 2883 100 F: 3 3 1 
2873 11 2906 31 F: 7 4 
2918 7 2946 57 F: 2 1 4 
2942 12 2990 119 F: 6 6 
2949 11 2960 89 F: 3 4 4 
2985 10 2995 89 F: 6 4 
2991 9 3027 30 F: 4 4 1 
D: 3 14 
D: 3 144 
D: 4 140 
D: 7 17 
D: 14 89 
D: 30 33 
D: 33 87 
D: 34 46 
D: 35 126 
D: 38 65 
D: 56 66 
D: 84 101 
D: 93 95 
D: 133 139 
D: 138 141 
