0 12 36 31 F: 12 
11 12 59 148 F: 7 5 
20 7 41 57 F: 5 2 
26 6 32 45 F: 2 3 1 
82 2 88 144 F: 2 
100 11 122 179 F: 11 
109 7 137 128 F: 2 2 3 
125 8 157 117 F: 4 4 
130 8 162 139 F: 4 3 1 
158 8 182 11 F: 4 1 3 
203 4 219 163 F: 4 
221 11 243 132 F: 5 2 4 
241 7 262 90 F: 5 2 
247 6 253 127 F: 5 1 
270 10 300 58 F: 7 3 
300 7 307 165 F: 2 3 2 
321 3 330 81 F: 3 
325 6 343 175 F: 6 
350 10 360 130 F: 7 3 
381 6 387 193 F: 4 2 
421 7 449 55 F: 6 1 
432 8 440 153 F: 2 2 4 
442 8 474 135 F: 3 5 
467 2 471 38 F: 2 
467 10 507 194 F: 10 
507 6 525 150 F: 3 1 2 
518 11 551 89 F: 11 
524 7 552 3 F: 5 2 
558 9 567 30 F: 6 3 
596 6 602 131 F: 6 
610 9 619 116 F: 5 4 
617 6 641 155 F: 3 3 
617 11 661 186 F: 5 6 
652 9 661 66 F: 3 6 
654 9 663 143 F: 4 1 4 
720 9 747 170 F: 9 
729 7 757 81 F: 7 
742 8 758 179 F: 3 2 3 
792 10 812 39 F: 5 4 1 
796 4 812 59 F: 4 
813 7 827 174 F: 7 
839 13 891 193 F: 13 
841 10 881 120 F: 10 
860 9 887 81 F: 3 4 2 
877 6 895 53 F: 6 
904 8 920 3 F: 6 2 
917 5 932 27 F: 2 1 2 
927 5 947 16 F: 2 2 1 
945 6 963 106 F: 4 1 1 
973 8 981 136 F: 5 1 2 
1011 7 1039 97 F: 3 4 
1025 9 1052 193 F: 9 
1056 3 1068 120 F: 3 
1063 5 1068 73 F: 5 
1092 8 1100 110 F: 8 
1100 6 1124 38 F: 2 4 
1107 12 1119 181 F: 6 6 
1150 8 1182 13 F: 7 1 
1183 6 1201 129 F: 2 1 3 
1197 8 1229 79 F: 3 3 2 
1201 6 1213 124 F: 6 
1225 7 1253 120 F: 4 3 
1266 8 1290 10 F: 3 2 3 
1273 10 1283 124 F: 6 4 
1299 9 1308 198 F: 7 2 
1329 7 1357 108 F: 7 
1354 7 1382 157 F: 2 4 1 
1355 6 1373 95 F: 6 
1367 10 1407 158 F: 4 4 2 
1373 8 1381 34 F: 7 1 
1408 3 1420 138 F: 3 
1437 10 1457 16 F: 10 
1438 2 1440 41 F: 2 
1477 6 1495 96 F: 6 
1498 5 1513 99 F: 5 
1513 8 1545 144 F: 3 5 
1522 6 1528 133 F: 4 1 1 
1527 7 1541 108 F: 2 5 
1595 8 1603 12 F: 3 3 2 
1596 9 1632 198 F: 4 1 4 
1621 9 1639 30 F: 4 1 4 
1635 8 1659 164 F: 3 5 
1637 12 1649 42 F: 12 
1658 12 1670 176 F: 12 
1673 8 1681 27 F: 6 2 
1710 4 1714 184 F: 2 2 
1715 11 1726 118 F: 11 
1765 3 1768 59 F: 3 
1766 12 1802 12 F: 5 4 3 
1778 5 1783 174 F: 5 
1808 9 1826 123 F: 3 4 2 
1813 7 1841 141 F: 2 1 4 
1826 9 1844 55 F: 9 
1871 10 1891 49 F: 10 
1882 5 1902 133 F: 4 1 
1953 6 1971 70 F: 3 2 1 
1965 4 1969 53 F: 2 2 
1969 8 1977 42 F: 3 5 
1979 10 2019 113 F: 10 
1998 7 2019 9 F: 5 1 1 
2016 6 2022 31 F: 6 
2043 8 2059 68 F: 4 3 1 
2070 7 2077 47 F: 7 
2087 2 2093 135 F: 2 
2096 9 2114 114 F: 5 3 1 
2127 10 2147 52 F: 4 4 2 
2142 6 2154 193 F: 6 
2156 10 2166 140 F: 5 5 
2163 11 2196 1 F: 6 5 
2178 4 2194 58 F: 4 
2209 9 2218 26 F: 3 4 2 
2231 11 2253 11 F: 11 
2240 8 2256 139 F: 8 
2266 9 2284 197 F: 9 
2295 4 2303 23 F: 4 
2311 6 2335 72 F: 2 3 1 
2342 10 2362 51 F: 10 
2344 7 2358 44 F: 7 
2372 11 2383 46 F: 4 4 3 
2393 3 2405 159 F: 2 1 
2418 13 2431 64 F: 13 
2470 12 2518 132 F: 12 
2486 12 2510 22 F: 12 
2492 12 2516 184 F: 4 4 4 
2497 11 2508 94 F: 5 4 2 
2517 7 2538 41 F: 7 
2544 7 2558 156 F: 2 5 
2552 7 2566 132 F: 7 
2554 11 2587 130 F: 4 3 4 
2572 7 2586 94 F: 7 
2615 10 2655 46 F: 7 3 
2635 8 2643 136 F: 2 4 2 
2644 12 2692 30 F: 12 
2648 8 2672 66 F: 4 1 3 
2679 9 2715 1 F: 4 5 
2703 10 2743 4 F: 10 
2721 8 2729 14 F: 5 3 
2748 10 2778 55 F: 4 6 
2777 13 2790 77 F: 7 6 
2789 10 2829 125 F: 5 3 2 
2816 9 2852 20 F: 5 1 3 
2816 11 2838 186 F: 4 3 4 
2822 9 2858 53 F: 4 5 
2842 3 2848 29 F: 3 
2851 6 2869 130 F: 2 1 3 
2900 8 2908 84 F: 6 2 
2915 9 2933 122 F: 4 5 
2960 8 2992 25 F: 6 2 
2961 7 2982 43 F: 4 3 
2967 10 2997 84 F: 5 4 1 
3016 11 3060 127 F: 5 3 3 
3022 10 3062 46 F: 2 4 4 
3023 8 3055 98 F: 5 3 
3028 3 3040 106 F: 3 
3045 6 3063 40 F: 6 
3109 9 3145 155 F: 9 
3110 8 3142 43 F: 4 3 1 
3111 4 3127 101 F: 3 1 
3165 7 3172 160 F: 6 1 
3174 9 3183 154 F: 4 1 4 
3234 5 3254 123 F: 4 1 
3254 9 3290 32 F: 3 3 3 
3281 4 3289 61 F: 4 
3288 2 3290 63 F: 2 
3293 10 3323 137 F: 4 6 
3326 4 3334 12 F: 4 
3338 12 3350 145 F: 6 6 
3356 6 3374 47 F: 6 
3372 11 3405 186 F: 6 5 
3377 12 3413 6 F: 12 
3404 10 3444 40 F: 4 4 2 
3406 13 3458 19 F: 13 
3416 10 3426 159 F: 3 3 4 
3472 5 3492 107 F: 4 1 
3472 10 3512 76 F: 6 4 
3537 11 3570 115 F: 11 
3541 5 3546 154 F: 5 
3550 7 3557 20 F: 4 3 
3559 10 3569 58 F: 5 3 2 
3577 7 3598 4 F: 2 4 1 
3606 8 3622 128 F: 5 3 
3607 6 3625 150 F: 6 
3672 9 3699 125 F: 3 6 
3682 8 3714 26 F: 3 2 3 
3684 12 3696 5 F: 12 
3714 11 3758 166 F: 5 6 
3728 8 3744 155 F: 4 2 2 
3745 8 3761 6 F: 4 4 
3750 8 3758 155 F: 8 
3776 11 3809 106 F: 5 6 
3805 9 3832 1 F: 4 2 3 
3819 7 3847 56 F: 4 2 1 
3824 8 3848 14 F: 8 
3856 8 3872 130 F: 8 
3877 11 3921 69 F: 5 6 
3946 8 3954 162 F: 3 4 1 
3959 6 3965 133 F: 4 1 1 
3963 9 3999 71 F: 6 3 
3974 10 3984 141 F: 10 
3996 11 4029 51 F: 5 3 3 
D: 6 132 
D: 9 178 
D: 10 164 
D: 15 35 
D: 15 49 
D: 19 156 
D: 25 56 
D: 26 38 
D: 28 139 
D: 41 132 
D: 43 161 
D: 62 67 
D: 66 192 
D: 71 192 
D: 72 114 
D: 86 99 
D: 118 131 
D: 127 141 
D: 130 191 
D: 162 161 
