4 11 26 191 F: 5 4 2 
66 9 93 83 F: 4 5 
86 10 106 75 F: 5 5 
91 6 103 177 F: 2 2 2 
95 5 105 145 F: 5 
121 13 173 61 F: 7 6 
122 8 146 95 F: 4 4 
137 10 177 146 F: 10 
145 8 177 118 F: 4 3 1 
186 8 210 16 F: 2 6 
201 10 211 26 F: 10 
216 9 252 47 F: 5 1 3 
256 11 289 81 F: 5 4 2 
271 9 307 32 F: 5 4 
293 12 317 145 F: 12 
311 11 355 177 F: 7 4 
323 6 341 66 F: 4 2 
352 5 362 23 F: 4 1 
354 9 381 181 F: 4 1 4 
378 8 402 126 F: 4 1 3 
403 8 427 180 F: 3 1 4 
412 8 444 51 F: 8 
432 6 444 157 F: 2 1 3 
464 10 504 84 F: 5 2 3 
495 12 531 178 F: 12 
528 12 564 120 F: 12 
537 6 555 10 F: 2 4 
553 7 560 11 F: 4 3 
587 11 598 139 F: 11 
596 10 606 197 F: 10 
603 4 611 121 F: 3 1 
612 5 632 145 F: 2 3 
652 7 659 5 F: 7 
690 4 694 46 F: 4 
690 7 697 47 F: 2 3 2 
742 8 750 143 F: 5 2 1 
752 6 758 65 F: 6 
776 9 794 151 F: 5 4 
788 8 804 165 F: 8 
795 2 797 37 F: 2 
808 9 817 168 F: 9 
809 12 857 36 F: 7 5 
860 8 892 73 F: 8 
871 6 883 4 F: 3 2 1 
886 10 926 20 F: 5 2 3 
915 4 919 178 F: 4 
958 3 964 5 F: 2 1 
967 5 987 114 F: 5 
980 8 1004 94 F: 5 2 1 
982 12 1006 119 F: 5 4 3 
1031 8 1055 44 F: 2 4 2 
1046 8 1078 111 F: 8 
1051 10 1081 169 F: 5 5 
1079 11 1112 1 F: 6 5 
1081 7 1088 144 F: 2 1 4 
1104 8 1120 74 F: 4 4 
1125 5 1140 137 F: 5 
1147 11 1191 77 F: 5 6 
1149 8 1165 67 F: 8 
1190 7 1218 124 F: 3 1 3 
1223 8 1255 196 F: 8 
1227 4 1239 5 F: 4 
1251 9 1269 161 F: 3 4 2 
1269 4 1281 132 F: 4 
1289 3 1301 55 F: 3 
1348 13 1361 167 F: 13 
1361 6 1367 114 F: 2 4 
1374 11 1396 176 F: 4 3 4 
1377 7 1405 8 F: 3 3 1 
1380 8 1412 107 F: 2 2 4 
1408 10 1438 1 F: 5 1 4 
1416 5 1431 12 F: 4 1 
1445 5 1450 130 F: 5 
1462 6 1474 91 F: 3 2 1 
1488 9 1506 63 F: 6 3 
1516 13 1568 133 F: 7 6 
1555 7 1562 6 F: 5 1 1 
1570 4 1582 6 F: 2 2 
1585 8 1593 123 F: 3 2 3 
1597 7 1611 85 F: 4 3 
1606 11 1628 9 F: 4 3 4 
1630 10 1640 43 F: 5 2 3 
1669 9 1678 167 F: 3 2 4 
1670 10 1710 107 F: 6 4 
1692 8 1700 148 F: 6 2 
1711 3 1723 182 F: 3 
1718 8 1750 24 F: 5 3 
1759 10 1799 116 F: 4 2 4 
1768 4 1772 31 F: 3 1 
1787 8 1795 39 F: 4 4 
1819 9 1855 4 F: 5 4 
1822 5 1827 134 F: 4 1 
1828 5 1843 57 F: 4 1 
1854 7 1882 33 F: 4 2 1 
1882 9 1900 174 F: 3 4 2 
1914 6 1938 123 F: 6 
1927 8 1959 101 F: 3 5 
1937 6 1943 183 F: 6 
1954 6 1960 163 F: 6 
1965 9 1983 71 F: 3 4 2 
2006 8 2030 54 F: 5 1 2 
2007 11 2051 65 F: 4 3 4 
2008 5 2028 8 F: 3 1 1 
2018 8 2034 137 F: 2 3 3 
2071 9 2098 195 F: 3 6 
2119 9 2155 90 F: 9 
2151 5 2156 101 F: 3 2 
2160 11 2204 192 F: 5 6 
2169 9 2178 151 F: 3 2 4 
2196 7 2217 132 F: 2 2 3 
2206 10 2226 53 F: 5 2 3 
2222 10 2242 40 F: 4 6 
2251 2 2259 31 F: 2 
2288 10 2308 132 F: 5 1 4 
2292 10 2302 164 F: 4 6 
2307 11 2340 96 F: 4 4 3 
2347 5 2362 116 F: 5 
2371 4 2383 15 F: 4 
2383 9 2419 59 F: 7 2 
2397 10 2427 155 F: 4 4 2 
2407 9 2443 46 F: 5 2 2 
2428 8 2460 63 F: 5 1 2 
2437 8 2453 87 F: 4 1 3 
2473 10 2513 91 F: 2 4 4 
2484 8 2516 43 F: 8 
2505 6 2517 22 F: 2 2 2 
2518 8 2542 61 F: 3 5 
2519 8 2535 94 F: 5 3 
2548 8 2580 141 F: 4 1 3 
2598 5 2608 21 F: 5 
2632 8 2664 6 F: 5 3 
2634 12 2646 198 F: 6 6 
2639 12 2675 5 F: 7 5 
2657 11 2701 97 F: 4 4 3 
2666 9 2675 115 F: 7 2 
2731 12 2755 61 F: 4 4 4 
2733 11 2744 118 F: 6 5 
2737 6 2755 106 F: 6 
2755 9 2764 109 F: 4 1 4 
2773 7 2780 187 F: 6 1 
2811 7 2832 155 F: 2 5 
2825 4 2829 58 F: 2 2 
2833 9 2842 12 F: 2 3 4 
2862 11 2873 132 F: 5 4 2 
2872 10 2912 80 F: 4 6 
2921 8 2929 96 F: 8 
2941 10 2981 29 F: 2 4 4 
2964 10 3004 97 F: 7 3 
2966 3 2969 148 F: 3 
2974 10 3014 175 F: 7 3 
3002 9 3029 151 F: 3 6 
3015 9 3051 39 F: 3 6 
3026 4 3034 111 F: 3 1 
3071 8 3095 78 F: 3 5 
3079 12 3091 165 F: 4 4 4 
3132 6 3156 56 F: 4 1 1 
3139 12 3151 121 F: 12 
3145 7 3159 121 F: 7 
3147 9 3165 49 F: 9 
3188 10 3208 199 F: 7 3 
3217 4 3221 173 F: 3 1 
3236 7 3257 76 F: 6 1 
3244 13 3257 184 F: 5 4 4 
3262 7 3290 121 F: 4 2 1 
3264 10 3304 32 F: 5 3 2 
3305 12 3353 197 F: 12 
3320 13 3333 138 F: 13 
3349 5 3369 113 F: 5 
3368 4 3372 36 F: 4 
3394 11 3427 27 F: 11 
3428 2 3436 87 F: 2 
3437 6 3455 199 F: 6 
3448 8 3480 163 F: 7 1 
3460 4 3464 122 F: 2 2 
3483 10 3523 190 F: 4 4 2 
3500 6 3524 43 F: 6 
3511 7 3518 120 F: 4 2 1 
3518 8 3526 167 F: 6 2 
3524 2 3530 110 F: 2 
3595 12 3643 111 F: 7 5 
3600 6 3624 12 F: 5 1 
3652 5 3657 25 F: 5 
3660 5 3670 1 F: 2 1 2 
3692 10 3712 39 F: 5 3 2 
3695 8 3711 1 F: 4 1 3 
3703 11 3747 135 F: 5 2 4 
3729 10 3739 198 F: 10 
3730 7 3751 189 F: 3 1 3 
3749 5 3754 77 F: 2 1 2 
3756 11 3778 184 F: 5 3 3 
3804 11 3826 55 F: 5 6 
3815 6 3839 105 F: 4 1 1 
3824 8 3848 67 F: 7 1 
3828 2 3836 21 F: 2 
3879 11 3890 147 F: 11 
3937 11 3948 6 F: 6 5 
3939 9 3957 28 F: 7 2 
3966 12 3978 20 F: 5 3 4 
3983 6 4001 161 F: 6 
3998 5 4013 89 F: 3 2 
D: 8 107 
D: 20 59 
D: 21 103 
D: 27 175 
D: 40 125 
D: 59 167 
D: 65 133 
D: 69 70 
D: 69 176 
D: 86 137 
D: 87 148 
D: 89 192 
D: 91 168 
D: 106 120 
D: 106 129 
D: 121 143 
D: 121 187 
D: 142 184 
D: 149 186 
D: 151 186 
