13 7 41 24 F: 6 1 
13 10 23 159 F: 6 4 
47 10 77 85 F: 5 1 4 
56 4 64 176 F: 2 2 
73 10 83 38 F: 10 
101 11 123 41 F: 5 4 2 
116 9 125 184 F: 9 
133 8 141 107 F: 6 2 
146 3 155 57 F: 2 1 
196 8 228 1 F: 3 4 1 
213 10 223 170 F: 3 4 3 
229 11 251 191 F: 11 
232 6 250 179 F: 4 1 1 
244 7 265 151 F: 2 4 1 
267 8 275 191 F: 5 2 1 
319 2 321 61 F: 2 
347 10 357 184 F: 5 1 4 
359 5 374 12 F: 3 2 
377 6 383 67 F: 4 2 
396 2 400 113 F: 2 
440 6 464 19 F: 6 
461 10 481 44 F: 3 3 4 
474 9 501 43 F: 4 5 
482 10 492 50 F: 10 
490 8 514 149 F: 4 2 2 
533 6 551 41 F: 2 1 3 
548 5 553 82 F: 5 
557 10 597 91 F: 3 4 3 
569 7 597 159 F: 7 
589 13 615 162 F: 13 
600 12 636 194 F: 7 5 
606 10 646 83 F: 10 
634 7 655 42 F: 5 2 
676 11 698 10 F: 5 6 
688 9 715 53 F: 2 4 3 
708 4 712 127 F: 4 
717 12 765 99 F: 6 6 
768 10 788 58 F: 10 
776 7 797 39 F: 7 
783 11 827 155 F: 4 3 4 
814 10 824 41 F: 4 3 3 
817 8 849 117 F: 8 
830 10 850 88 F: 4 2 4 
873 12 885 16 F: 6 6 
895 12 907 28 F: 12 
903 2 905 36 F: 2 
944 6 962 35 F: 2 3 1 
969 10 989 76 F: 10 
972 12 984 17 F: 6 6 
980 9 1007 118 F: 9 
1026 13 1065 195 F: 13 
1044 7 1051 112 F: 3 4 
1046 12 1058 65 F: 5 3 4 
1059 13 1111 140 F: 13 
1072 6 1090 134 F: 6 
1113 13 1139 87 F: 5 4 4 
1128 5 1148 56 F: 5 
1136 3 1142 129 F: 3 
1154 9 1181 199 F: 4 4 1 
1163 5 1183 55 F: 5 
1218 12 1266 178 F: 7 5 
1261 7 1268 149 F: 3 4 
1269 9 1278 132 F: 4 5 
1289 12 1301 43 F: 5 3 4 
1297 11 1341 110 F: 6 5 
1311 2 1319 92 F: 2 
1313 10 1333 195 F: 10 
1322 5 1327 30 F: 2 3 
1345 6 1363 26 F: 6 
1393 11 1437 100 F: 11 
1403 13 1455 22 F: 13 
1418 7 1425 32 F: 3 3 1 
1425 10 1465 41 F: 5 1 4 
1494 10 1504 65 F: 4 3 3 
1497 10 1507 112 F: 5 5 
1526 12 1574 194 F: 12 
1572 12 1620 74 F: 5 3 4 
1575 6 1593 65 F: 2 1 3 
1576 6 1594 50 F: 2 4 
1585 8 1617 43 F: 4 1 3 
1622 10 1642 135 F: 5 5 
1623 6 1629 38 F: 3 2 1 
1654 7 1682 110 F: 6 1 
1696 3 1708 126 F: 2 1 
1699 13 1725 31 F: 7 6 
1710 8 1742 145 F: 8 
1736 12 1772 130 F: 12 
1741 7 1748 102 F: 7 
1757 2 1763 95 F: 2 
1773 9 1800 131 F: 3 2 4 
1853 10 1873 96 F: 10 
1865 8 1889 191 F: 4 3 1 
1873 7 1901 35 F: 3 4 
1883 9 1901 147 F: 3 4 2 
1885 7 1913 89 F: 3 1 3 
1925 11 1947 58 F: 11 
1937 8 1953 69 F: 4 1 3 
1958 5 1963 148 F: 5 
1970 5 1975 174 F: 2 2 1 
1975 8 2007 174 F: 3 2 3 
2022 12 2058 88 F: 6 6 
2027 5 2037 179 F: 2 3 
2052 9 2061 131 F: 6 3 
2087 6 2111 124 F: 2 1 3 
2096 8 2104 127 F: 8 
2129 9 2165 19 F: 9 
2130 9 2157 190 F: 3 6 
2136 9 2154 159 F: 4 5 
2148 11 2192 5 F: 11 
2177 9 2213 164 F: 4 2 3 
2208 6 2232 44 F: 6 
2233 7 2261 184 F: 7 
2234 6 2252 140 F: 6 
2262 10 2282 105 F: 10 
2291 9 2300 106 F: 4 5 
2305 12 2341 18 F: 5 3 4 
2320 13 2333 33 F: 7 6 
2366 10 2406 116 F: 5 3 2 
2374 11 2418 177 F: 11 
2396 8 2404 17 F: 7 1 
2402 10 2422 49 F: 3 4 3 
2426 6 2438 30 F: 6 
2437 6 2461 22 F: 3 1 2 
2451 12 2463 162 F: 4 4 4 
2473 9 2500 66 F: 3 6 
2503 5 2523 186 F: 2 3 
2531 3 2543 157 F: 3 
2560 10 2590 160 F: 10 
2571 9 2580 74 F: 7 2 
2579 10 2589 108 F: 3 4 3 
2661 4 2673 15 F: 2 2 
2663 2 2669 80 F: 2 
2676 13 2702 188 F: 7 6 
2685 12 2709 74 F: 7 5 
2697 6 2715 109 F: 2 4 
2708 11 2730 44 F: 4 4 3 
2716 8 2740 87 F: 5 1 2 
2722 9 2749 31 F: 3 3 3 
2775 10 2795 29 F: 5 2 3 
2780 5 2795 143 F: 5 
2803 6 2821 130 F: 3 3 
2806 8 2814 133 F: 4 2 2 
2850 8 2882 176 F: 3 5 
2890 5 2905 78 F: 3 2 
2894 11 2905 162 F: 11 
2912 3 2921 76 F: 2 1 
2926 12 2962 75 F: 7 5 
2941 4 2949 177 F: 2 1 1 
2953 11 2997 16 F: 11 
2989 7 2996 200 F: 3 4 
3029 9 3047 100 F: 5 1 3 
3065 3 3071 21 F: 3 
3066 8 3090 87 F: 3 5 
3081 11 3125 125 F: 7 4 
3082 6 3088 178 F: 2 2 2 
3129 12 3165 115 F: 5 3 4 
3143 12 3191 184 F: 12 
3169 5 3189 181 F: 5 
3170 7 3198 123 F: 7 
3173 11 3217 113 F: 11 
3218 6 3242 29 F: 6 
3224 10 3244 195 F: 10 
3225 10 3265 49 F: 5 3 2 
3236 8 3244 51 F: 3 1 4 
3298 10 3338 31 F: 5 4 1 
3321 12 3357 153 F: 7 5 
3352 11 3396 28 F: 5 2 4 
3371 10 3391 126 F: 4 2 4 
3376 7 3383 60 F: 2 5 
3395 5 3405 142 F: 2 1 2 
3446 8 3478 142 F: 3 5 
3446 9 3482 1 F: 7 2 
3467 8 3483 21 F: 5 3 
3481 11 3514 180 F: 11 
3498 9 3516 25 F: 9 
3517 4 3521 38 F: 4 
3548 5 3558 99 F: 5 
3554 11 3598 137 F: 6 5 
3587 6 3599 26 F: 4 1 1 
3588 13 3614 117 F: 13 
3613 10 3623 120 F: 10 
3645 8 3661 158 F: 5 3 
3677 6 3689 42 F: 2 3 1 
3682 7 3696 40 F: 3 4 
3695 6 3719 51 F: 4 2 
3701 10 3711 73 F: 5 3 2 
3715 4 3723 120 F: 4 
3717 8 3725 169 F: 8 
3730 3 3736 200 F: 3 
3763 9 3772 45 F: 3 6 
3802 11 3813 29 F: 5 4 2 
3811 9 3820 51 F: 9 
3831 6 3843 119 F: 2 3 1 
3831 9 3858 152 F: 3 4 2 
3896 2 3904 54 F: 2 
3933 11 3966 34 F: 11 
3964 11 3997 36 F: 5 2 4 
3969 9 3996 152 F: 4 3 2 
3993 4 3997 46 F: 4 
3995 3 4004 30 F: 3 
D: 18 151 
D: 35 100 
D: 35 116 
D: 41 174 
D: 43 112 
D: 48 56 
D: 57 89 
D: 57 104 
D: 66 138 
D: 66 152 
D: 68 76 
D: 76 160 
D: 98 161 
D: 99 156 
D: 108 115 
D: 108 134 
D: 115 134 
D: 138 163 
D: 147 199 
D: 172 192 
