5 10 15 37 F: 6 4 
39 10 49 7 F: 3 4 3 
40 4 52 195 F: 3 1 
70 6 94 45 F: 5 1 
83 7 111 46 F: 7 
103 7 131 182 F: 2 1 4 
115 7 136 111 F: 2 5 
176 10 196 41 F: 5 4 1 
177 6 183 40 F: 2 1 3 
186 5 196 79 F: 3 2 
212 9 221 112 F: 9 
224 9 251 25 F: 3 6 
227 9 263 154 F: 4 5 
273 6 279 58 F: 5 1 
283 12 331 172 F: 4 4 4 
304 2 310 15 F: 2 
344 2 346 80 F: 2 
352 11 385 104 F: 5 6 
376 10 406 142 F: 10 
391 8 415 174 F: 8 
420 10 430 179 F: 10 
458 11 469 23 F: 11 
465 7 472 111 F: 2 3 2 
474 11 485 59 F: 3 4 4 
481 5 486 3 F: 4 1 
510 7 538 192 F: 4 3 
541 10 561 177 F: 10 
554 6 578 194 F: 6 
565 10 585 46 F: 10 
575 12 587 196 F: 12 
638 6 644 157 F: 2 1 3 
679 9 715 58 F: 7 2 
685 9 703 159 F: 4 1 4 
694 7 708 1 F: 2 5 
699 10 739 108 F: 4 6 
712 5 732 65 F: 5 
718 9 754 43 F: 3 6 
723 6 747 40 F: 4 1 1 
724 2 728 73 F: 2 
780 4 784 189 F: 4 
820 9 829 141 F: 9 
827 9 854 87 F: 3 6 
863 4 879 130 F: 2 1 1 
867 9 903 10 F: 9 
890 3 899 121 F: 2 1 
905 3 917 45 F: 3 
915 10 925 51 F: 5 1 4 
935 7 942 192 F: 7 
942 9 978 192 F: 9 
974 5 994 85 F: 3 2 
1001 10 1031 86 F: 10 
1023 10 1053 151 F: 3 4 3 
1025 2 1031 15 F: 2 
1056 11 1100 16 F: 11 
1069 9 1096 42 F: 9 
1116 5 1136 133 F: 2 1 2 
1152 8 1168 117 F: 2 3 3 
1170 9 1197 12 F: 3 6 
1171 8 1195 173 F: 6 2 
1193 8 1209 90 F: 8 
1205 9 1223 81 F: 4 5 
1242 4 1246 15 F: 4 
1273 9 1309 32 F: 4 3 2 
1278 6 1302 48 F: 6 
1294 7 1308 65 F: 2 2 3 
1301 6 1313 15 F: 2 2 2 
1350 3 1359 78 F: 3 
1353 8 1361 93 F: 8 
1361 3 1364 14 F: 3 
1377 7 1398 153 F: 2 3 2 
1400 8 1424 149 F: 3 5 
1400 9 1418 200 F: 4 1 4 
1460 8 1484 192 F: 4 4 
1462 8 1494 118 F: 4 4 
1499 6 1523 75 F: 5 1 
1538 9 1547 131 F: 9 
1548 10 1578 154 F: 7 3 
1561 6 1585 153 F: 2 2 2 
1582 8 1598 76 F: 3 3 2 
1584 8 1608 126 F: 3 4 1 
1605 7 1633 195 F: 7 
1614 11 1647 189 F: 7 4 
1655 9 1691 112 F: 2 3 4 
1690 11 1701 143 F: 6 5 
1698 13 1750 181 F: 13 
1712 11 1734 75 F: 11 
1731 11 1742 144 F: 5 6 
1740 6 1758 140 F: 5 1 
1745 10 1775 43 F: 5 4 1 
1765 7 1793 63 F: 7 
1803 4 1815 80 F: 4 
1849 12 1861 45 F: 4 4 4 
1852 9 1861 47 F: 4 3 2 
1887 6 1911 60 F: 5 1 
1892 6 1898 160 F: 5 1 
1911 12 1959 23 F: 12 
1918 11 1940 89 F: 5 6 
1944 11 1988 76 F: 11 
1947 7 1954 75 F: 2 4 1 
1973 6 1997 149 F: 6 
2012 4 2028 142 F: 3 1 
2027 7 2034 174 F: 6 1 
2033 9 2051 26 F: 9 
2045 6 2063 79 F: 2 4 
2051 6 2069 199 F: 3 2 1 
2110 5 2120 171 F: 5 
2137 10 2157 52 F: 4 3 3 
2170 6 2194 110 F: 3 3 
2177 5 2187 137 F: 4 1 
2180 8 2196 128 F: 7 1 
2201 3 2213 107 F: 3 
2217 7 2245 145 F: 7 
2232 9 2268 95 F: 9 
2236 5 2246 96 F: 3 2 
2245 11 2278 99 F: 11 
2333 12 2369 151 F: 12 
2336 10 2366 71 F: 6 4 
2364 11 2386 187 F: 5 2 4 
2387 7 2394 90 F: 2 1 4 
2396 9 2405 117 F: 5 4 
2413 5 2428 104 F: 3 2 
2439 7 2460 101 F: 2 5 
2470 6 2476 161 F: 3 3 
2487 11 2531 90 F: 5 6 
2488 9 2515 49 F: 4 4 1 
2504 7 2525 187 F: 5 2 
2506 12 2542 12 F: 7 5 
2530 8 2554 158 F: 8 
2546 7 2574 107 F: 3 1 3 
2589 9 2607 12 F: 3 6 
2611 4 2623 9 F: 3 1 
2611 9 2629 143 F: 9 
2632 13 2658 128 F: 13 
2649 8 2665 63 F: 4 4 
2672 3 2675 144 F: 3 
2719 9 2737 1 F: 5 1 3 
2729 11 2762 139 F: 3 4 4 
2777 11 2788 114 F: 11 
2781 3 2790 75 F: 2 1 
2797 9 2833 169 F: 6 3 
2807 11 2829 27 F: 6 5 
2814 6 2820 113 F: 2 4 
2834 13 2873 4 F: 7 6 
2882 9 2909 186 F: 4 5 
2898 11 2942 153 F: 6 5 
2918 2 2924 116 F: 2 
2929 13 2955 44 F: 13 
2933 10 2953 186 F: 5 5 
2984 2 2986 82 F: 2 
2987 11 3020 98 F: 7 4 
3005 7 3033 55 F: 5 1 1 
3006 10 3016 6 F: 3 4 3 
3026 5 3041 127 F: 2 3 
3042 4 3046 149 F: 4 
3051 3 3060 158 F: 3 
3126 11 3170 58 F: 11 
3128 9 3155 129 F: 6 3 
3152 11 3174 167 F: 3 4 4 
3163 9 3181 61 F: 5 2 2 
3179 5 3189 25 F: 3 1 1 
3212 8 3244 177 F: 8 
3239 7 3267 64 F: 5 2 
3267 10 3277 121 F: 10 
3282 4 3294 50 F: 2 2 
3292 7 3299 42 F: 3 3 1 
3326 13 3365 61 F: 13 
3338 7 3366 72 F: 3 4 
3352 8 3368 129 F: 6 2 
3367 7 3388 151 F: 4 1 2 
3369 5 3379 93 F: 4 1 
3406 7 3434 60 F: 7 
3431 7 3438 28 F: 5 2 
3436 5 3446 104 F: 5 
3474 9 3501 12 F: 5 3 1 
3485 5 3500 141 F: 5 
3549 6 3573 111 F: 6 
3552 8 3560 185 F: 5 3 
3555 12 3603 2 F: 4 4 4 
3575 9 3602 47 F: 9 
3598 12 3634 140 F: 12 
3606 5 3616 60 F: 3 2 
3614 8 3630 5 F: 3 1 4 
3632 10 3642 102 F: 10 
3646 4 3662 64 F: 3 1 
3692 10 3712 150 F: 4 3 3 
3706 6 3730 4 F: 3 2 1 
3721 10 3751 9 F: 10 
3767 8 3775 83 F: 2 4 2 
3788 8 3796 104 F: 5 3 
3795 10 3805 20 F: 2 4 4 
3845 10 3855 130 F: 10 
3856 4 3864 161 F: 3 1 
3874 2 3880 95 F: 2 
3887 4 3891 19 F: 2 2 
3891 7 3912 29 F: 7 
3908 6 3926 58 F: 2 3 1 
3925 10 3945 188 F: 5 1 4 
3938 2 3940 129 F: 2 
3970 7 3977 98 F: 7 
3999 8 4031 96 F: 4 3 1 
D: 9 119 
D: 10 159 
D: 15 159 
D: 19 106 
D: 20 43 
D: 20 191 
D: 21 55 
D: 22 87 
D: 31 72 
D: 35 171 
D: 40 175 
D: 64 121 
D: 65 69 
D: 78 188 
D: 81 113 
D: 86 183 
D: 91 197 
D: 97 124 
D: 120 126 
D: 164 167 
