36 4 52 33 F: 2 1 1 
47 8 79 134 F: 8 
51 11 84 7 F: 5 3 3 
53 10 83 196 F: 4 6 
54 6 66 128 F: 4 1 1 
100 4 108 136 F: 4 
144 7 151 19 F: 2 3 2 
149 8 157 65 F: 2 4 2 
152 9 179 193 F: 5 3 1 
176 7 204 168 F: 5 1 1 
205 10 245 199 F: 10 
239 6 263 105 F: 4 2 
265 8 281 43 F: 3 3 2 
295 13 347 1 F: 5 4 4 
296 4 308 134 F: 4 
330 9 366 156 F: 4 5 
339 10 359 97 F: 4 6 
355 7 383 105 F: 4 1 2 
357 9 375 157 F: 9 
391 6 397 120 F: 6 
415 8 439 157 F: 8 
420 3 429 89 F: 3 
438 7 466 81 F: 4 3 
454 10 494 129 F: 10 
490 7 504 20 F: 5 2 
514 6 520 3 F: 6 
516 4 520 183 F: 3 1 
534 3 543 118 F: 3 
561 13 600 68 F: 13 
564 10 594 78 F: 4 3 3 
610 12 646 90 F: 5 3 4 
620 8 644 90 F: 2 2 4 
627 5 642 26 F: 5 
660 10 690 149 F: 4 3 3 
684 3 693 185 F: 3 
705 5 720 23 F: 5 
706 7 727 72 F: 5 1 1 
734 10 744 108 F: 5 2 3 
749 13 775 176 F: 7 6 
754 5 759 9 F: 3 2 
835 13 848 94 F: 13 
849 8 865 122 F: 8 
854 11 876 56 F: 7 4 
889 8 913 123 F: 8 
897 6 921 178 F: 6 
959 3 968 95 F: 3 
972 7 1000 80 F: 7 
978 10 1018 42 F: 10 
986 10 1026 160 F: 3 4 3 
994 6 1006 132 F: 3 2 1 
1010 4 1014 48 F: 4 
1028 12 1076 179 F: 7 5 
1037 10 1057 45 F: 7 3 
1048 2 1052 29 F: 2 
1056 12 1092 69 F: 12 
1123 5 1138 104 F: 4 1 
1128 8 1144 148 F: 3 1 4 
1136 5 1141 79 F: 5 
1140 11 1173 40 F: 11 
1145 3 1148 122 F: 3 
1208 13 1260 101 F: 13 
1212 9 1239 186 F: 9 
1264 11 1308 101 F: 11 
1265 5 1275 78 F: 5 
1278 11 1311 158 F: 5 2 4 
1302 11 1313 135 F: 4 4 3 
1319 8 1327 48 F: 2 4 2 
1346 7 1374 139 F: 7 
1350 13 1389 67 F: 13 
1362 7 1376 121 F: 2 5 
1414 8 1438 107 F: 8 
1418 7 1425 160 F: 2 3 2 
1476 11 1498 10 F: 7 4 
1495 8 1511 152 F: 2 3 3 
1497 6 1515 110 F: 3 2 1 
1530 7 1544 178 F: 7 
1552 4 1564 91 F: 3 1 
1561 3 1567 13 F: 3 
1575 10 1605 48 F: 4 6 
1596 11 1640 76 F: 11 
1618 13 1657 105 F: 5 4 4 
1622 7 1643 75 F: 4 1 2 
1658 5 1673 182 F: 5 
1664 7 1685 2 F: 4 3 
1677 8 1709 196 F: 5 3 
1730 6 1748 57 F: 2 1 3 
1751 4 1755 49 F: 4 
1753 11 1775 25 F: 3 4 4 
1761 2 1769 12 F: 2 
1797 9 1815 128 F: 5 4 
1833 7 1861 94 F: 3 2 2 
1835 5 1845 29 F: 4 1 
1842 3 1845 163 F: 3 
1860 11 1871 169 F: 11 
1870 5 1885 82 F: 2 2 1 
1918 11 1951 197 F: 11 
1922 5 1942 110 F: 5 
1930 7 1944 159 F: 5 2 
1931 9 1967 140 F: 5 3 1 
1998 10 2028 174 F: 3 4 3 
2035 8 2067 67 F: 2 6 
2037 5 2052 162 F: 3 2 
2072 5 2087 93 F: 3 1 1 
2075 9 2111 45 F: 3 2 4 
2095 6 2119 105 F: 3 2 1 
2107 8 2115 38 F: 8 
2110 8 2118 161 F: 2 6 
2184 6 2202 37 F: 3 3 
2189 11 2222 170 F: 5 6 
2192 8 2216 127 F: 8 
2213 3 2222 38 F: 3 
2234 6 2252 106 F: 6 
2248 10 2268 81 F: 10 
2256 7 2277 24 F: 2 4 1 
2259 2 2263 137 F: 2 
2304 8 2336 50 F: 3 2 3 
2327 10 2357 48 F: 2 4 4 
2333 9 2351 125 F: 3 6 
2349 8 2381 104 F: 4 3 1 
2396 9 2405 117 F: 9 
2410 10 2430 150 F: 2 4 4 
2431 11 2475 133 F: 5 6 
2450 6 2462 172 F: 3 2 1 
2451 8 2475 121 F: 8 
2471 2 2477 173 F: 2 
2529 7 2536 106 F: 4 3 
2560 11 2571 23 F: 6 5 
2565 9 2601 80 F: 2 4 3 
2582 7 2603 114 F: 6 1 
2582 12 2618 45 F: 12 
2642 8 2666 104 F: 5 3 
2648 5 2653 60 F: 4 1 
2663 10 2693 179 F: 10 
2679 7 2700 84 F: 7 
2681 9 2690 63 F: 5 3 1 
2711 8 2719 92 F: 8 
2717 13 2730 62 F: 13 
2737 4 2745 185 F: 4 
2763 10 2793 99 F: 6 4 
2780 12 2804 85 F: 12 
2803 7 2810 105 F: 4 3 
2829 11 2873 39 F: 7 4 
2861 3 2864 198 F: 3 
2863 3 2875 138 F: 3 
2868 6 2874 161 F: 3 1 2 
2903 8 2911 70 F: 8 
2947 3 2959 20 F: 2 1 
2968 9 2986 162 F: 5 2 2 
2988 10 3008 128 F: 5 5 
2996 9 3023 132 F: 6 3 
3027 11 3071 153 F: 3 4 4 
3038 13 3051 33 F: 13 
3048 13 3061 165 F: 13 
3065 8 3097 87 F: 5 1 2 
3083 8 3107 42 F: 3 5 
3124 4 3128 162 F: 3 1 
3149 7 3177 127 F: 7 
3165 13 3178 118 F: 13 
3190 9 3199 130 F: 5 4 
3196 3 3205 96 F: 3 
3205 2 3207 2 F: 2 
3225 10 3255 14 F: 3 3 4 
3230 6 3236 135 F: 3 2 1 
3230 11 3274 77 F: 11 
3293 10 3323 167 F: 4 6 
3325 7 3346 146 F: 4 1 2 
3333 6 3351 100 F: 6 
3337 3 3343 198 F: 3 
3339 12 3375 136 F: 12 
3379 9 3415 141 F: 4 2 3 
3424 8 3440 179 F: 4 2 2 
3443 4 3447 177 F: 4 
3468 7 3496 134 F: 3 1 3 
3469 5 3489 152 F: 3 2 
3471 2 3479 48 F: 2 
3516 10 3526 36 F: 10 
3538 3 3544 48 F: 3 
3553 7 3567 9 F: 2 2 3 
3574 6 3598 100 F: 2 4 
3589 7 3603 29 F: 4 3 
3632 11 3643 26 F: 11 
3657 5 3672 31 F: 4 1 
3673 6 3679 38 F: 2 1 3 
3677 13 3716 34 F: 13 
3690 9 3699 86 F: 5 2 2 
3744 7 3751 160 F: 4 2 1 
3761 10 3781 22 F: 10 
3762 8 3770 144 F: 8 
3765 6 3783 34 F: 6 
3790 10 3820 143 F: 4 2 4 
3823 10 3833 93 F: 6 4 
3844 4 3848 50 F: 2 2 
3844 8 3860 130 F: 8 
3846 9 3873 22 F: 9 
3892 9 3901 7 F: 4 5 
3900 4 3904 142 F: 4 
3940 10 3980 64 F: 5 2 3 
3948 4 3956 20 F: 4 
3952 11 3974 130 F: 6 5 
3974 9 4010 116 F: 3 6 
D: 7 160 
D: 12 175 
D: 35 71 
D: 35 143 
D: 39 72 
D: 39 178 
D: 45 197 
D: 50 91 
D: 54 164 
D: 59 162 
D: 64 84 
D: 64 111 
D: 68 93 
D: 84 179 
D: 86 172 
D: 90 139 
D: 98 118 
D: 136 137 
D: 137 178 
D: 176 182 
