32 7 39 13 F: 6 1 
53 6 71 167 F: 2 4 
63 9 72 143 F: 7 2 
90 4 94 19 F: 4 
98 5 118 11 F: 2 1 2 
100 7 114 109 F: 2 4 1 
114 7 128 109 F: 3 3 1 
148 5 163 101 F: 2 1 2 
155 4 167 42 F: 4 
167 11 211 66 F: 5 4 2 
217 8 233 104 F: 6 2 
248 5 263 76 F: 4 1 
253 6 271 50 F: 3 1 2 
268 4 284 25 F: 4 
270 7 291 4 F: 7 
300 4 304 59 F: 4 
315 8 323 155 F: 5 3 
344 2 348 167 F: 2 
372 9 408 56 F: 4 1 4 
398 13 424 123 F: 13 
431 11 475 114 F: 7 4 
446 5 466 71 F: 5 
449 9 485 193 F: 9 
468 8 500 16 F: 3 4 1 
470 3 482 200 F: 2 1 
566 9 575 124 F: 6 3 
574 2 582 155 F: 2 
587 6 593 119 F: 3 1 2 
598 8 622 75 F: 2 4 2 
598 9 634 68 F: 3 3 3 
609 10 649 157 F: 3 4 3 
634 8 666 77 F: 8 
664 6 682 22 F: 3 2 1 
672 8 704 60 F: 7 1 
690 6 714 115 F: 6 
708 10 738 135 F: 2 4 4 
741 10 751 92 F: 10 
770 4 782 114 F: 3 1 
778 11 811 132 F: 11 
786 13 838 188 F: 13 
825 2 831 40 F: 2 
856 10 886 52 F: 7 3 
873 9 909 191 F: 3 4 2 
874 7 888 187 F: 4 2 1 
885 2 891 115 F: 2 
913 10 933 162 F: 4 6 
914 8 946 174 F: 2 3 3 
931 7 945 132 F: 2 4 1 
975 6 999 193 F: 6 
975 8 999 48 F: 8 
1014 6 1038 34 F: 3 2 1 
1023 8 1055 32 F: 3 5 
1028 5 1038 37 F: 4 1 
1051 6 1057 151 F: 3 2 1 
1091 7 1119 53 F: 3 4 
1101 6 1125 162 F: 4 1 1 
1126 10 1146 192 F: 10 
1152 7 1180 147 F: 3 4 
1185 7 1199 52 F: 2 4 1 
1188 11 1199 138 F: 11 
1210 13 1262 168 F: 5 4 4 
1220 8 1228 5 F: 8 
1265 10 1275 165 F: 4 3 3 
1295 10 1335 31 F: 4 3 3 
1299 5 1319 51 F: 5 
1331 10 1371 140 F: 10 
1335 10 1345 107 F: 6 4 
1357 10 1367 66 F: 5 3 2 
1385 8 1401 196 F: 5 3 
1394 7 1422 166 F: 7 
1409 6 1433 75 F: 4 1 1 
1418 3 1421 172 F: 3 
1439 2 1445 186 F: 2 
1455 2 1457 69 F: 2 
1482 9 1491 93 F: 6 3 
1500 9 1536 186 F: 5 2 2 
1510 10 1550 187 F: 4 2 4 
1559 8 1567 119 F: 4 4 
1562 8 1578 84 F: 2 6 
1583 10 1623 157 F: 7 3 
1609 8 1641 74 F: 5 1 2 
1625 9 1643 51 F: 3 3 3 
1654 10 1674 122 F: 4 3 3 
1660 12 1708 197 F: 7 5 
1674 4 1682 66 F: 4 
1706 8 1714 79 F: 4 4 
1719 8 1751 20 F: 8 
1737 5 1742 20 F: 3 1 1 
1751 13 1803 44 F: 13 
1755 9 1764 14 F: 7 2 
1815 3 1821 76 F: 3 
1816 10 1856 7 F: 5 4 1 
1853 5 1863 29 F: 2 2 1 
1876 8 1884 187 F: 3 5 
1889 6 1895 91 F: 3 3 
1900 5 1910 118 F: 5 
1936 4 1952 146 F: 2 1 1 
1954 5 1964 157 F: 3 1 1 
1983 10 2023 185 F: 4 4 2 
1998 11 2009 170 F: 4 4 3 
2009 8 2025 5 F: 5 2 1 
2019 8 2051 173 F: 8 
2033 2 2035 38 F: 2 
2078 9 2096 21 F: 4 3 2 
2083 5 2088 184 F: 5 
2100 10 2140 148 F: 5 5 
2112 5 2117 17 F: 5 
2120 11 2131 117 F: 11 
2133 10 2153 102 F: 10 
2152 10 2172 27 F: 2 4 4 
2219 7 2247 77 F: 7 
2259 6 2265 193 F: 3 2 1 
2259 9 2286 110 F: 9 
2278 10 2318 81 F: 5 3 2 
2290 6 2302 66 F: 2 4 
2318 10 2328 43 F: 2 4 4 
2331 5 2346 115 F: 5 
2332 6 2344 67 F: 2 4 
2344 7 2365 85 F: 3 4 
2383 4 2399 104 F: 2 2 
2401 7 2422 185 F: 7 
2404 10 2424 24 F: 5 5 
2449 8 2481 198 F: 3 5 
2455 10 2465 165 F: 2 4 4 
2469 7 2497 139 F: 4 1 2 
2543 11 2565 182 F: 5 6 
2560 9 2569 148 F: 7 2 
2567 9 2576 73 F: 4 3 2 
2577 4 2585 70 F: 4 
2580 8 2612 119 F: 3 5 
2605 2 2611 23 F: 2 
2652 10 2692 109 F: 4 2 4 
2680 10 2700 130 F: 3 3 4 
2691 10 2701 74 F: 5 5 
2695 5 2705 109 F: 3 2 
2700 9 2709 159 F: 7 2 
2716 13 2742 58 F: 13 
2759 4 2763 40 F: 4 
2767 7 2788 126 F: 4 2 1 
2795 12 2819 4 F: 5 3 4 
2802 6 2814 35 F: 2 1 3 
2808 10 2848 193 F: 5 1 4 
2819 6 2843 106 F: 6 
2849 10 2879 105 F: 3 3 4 
2886 13 2938 92 F: 13 
2920 9 2956 6 F: 3 2 4 
2930 11 2952 98 F: 5 2 4 
2957 9 2984 56 F: 4 3 2 
2971 8 2987 15 F: 2 6 
2976 6 2994 134 F: 3 1 2 
3020 9 3056 146 F: 9 
3043 9 3061 82 F: 3 3 3 
3061 10 3101 65 F: 5 4 1 
3076 10 3106 99 F: 5 1 4 
3079 4 3091 49 F: 2 2 
3103 10 3133 197 F: 2 4 4 
3127 8 3159 11 F: 4 4 
3151 3 3160 140 F: 3 
3181 9 3199 82 F: 5 4 
3194 4 3206 180 F: 3 1 
3202 8 3210 47 F: 2 4 2 
3218 10 3248 60 F: 5 2 3 
3225 4 3229 55 F: 3 1 
3249 7 3277 92 F: 5 2 
3264 4 3268 16 F: 4 
3320 7 3327 27 F: 4 3 
3341 6 3347 57 F: 2 4 
3366 9 3375 61 F: 4 2 3 
3380 9 3389 106 F: 5 2 2 
3388 6 3412 114 F: 6 
3401 7 3429 88 F: 2 5 
3425 3 3428 2 F: 3 
3434 6 3440 22 F: 3 3 
3434 8 3442 184 F: 8 
3440 10 3480 191 F: 5 1 4 
3519 9 3537 200 F: 3 4 2 
3532 6 3538 108 F: 6 
3544 8 3560 33 F: 2 4 2 
3568 12 3592 117 F: 12 
3584 10 3594 58 F: 10 
3614 8 3646 72 F: 4 4 
3630 10 3650 69 F: 4 6 
3651 10 3671 88 F: 7 3 
3663 10 3673 76 F: 10 
3680 6 3692 103 F: 6 
3708 8 3716 62 F: 3 3 2 
3717 11 3728 124 F: 4 4 3 
3729 11 3762 190 F: 11 
3773 10 3793 78 F: 4 6 
3787 9 3805 122 F: 9 
3809 6 3821 56 F: 5 1 
3825 6 3837 185 F: 4 1 1 
3842 10 3872 168 F: 5 4 1 
3886 10 3916 126 F: 5 4 1 
3889 9 3898 127 F: 9 
3906 2 3910 90 F: 2 
3913 9 3940 97 F: 9 
3945 6 3957 25 F: 5 1 
3963 4 3967 76 F: 2 1 1 
3985 8 4009 93 F: 4 3 1 
D: 10 65 
D: 17 186 
D: 18 39 
D: 28 59 
D: 31 126 
D: 39 136 
D: 40 198 
D: 47 73 
D: 48 166 
D: 49 62 
D: 49 159 
D: 54 185 
D: 64 71 
D: 72 139 
D: 73 144 
D: 75 151 
D: 76 173 
D: 81 184 
D: 86 135 
D: 112 197 
