48 4 60 73 F: 2 2 
66 6 78 13 F: 2 1 3 
74 3 80 150 F: 3 
75 9 111 45 F: 7 2 
96 11 129 153 F: 5 3 3 
101 10 121 41 F: 4 4 2 
120 4 128 64 F: 4 
154 9 181 100 F: 4 5 
170 9 179 150 F: 9 
197 10 237 98 F: 5 1 4 
200 4 204 91 F: 4 
203 3 206 196 F: 3 
203 8 219 48 F: 5 3 
252 12 276 77 F: 12 
299 12 335 116 F: 12 
308 5 313 187 F: 3 2 
320 12 368 157 F: 5 4 3 
355 10 375 47 F: 4 3 3 
378 8 410 30 F: 2 2 4 
397 6 409 139 F: 2 3 1 
418 12 454 26 F: 12 
420 9 438 124 F: 4 1 4 
427 7 448 192 F: 7 
463 3 475 92 F: 3 
491 10 521 56 F: 6 4 
517 5 522 40 F: 2 1 2 
517 10 547 185 F: 5 4 1 
533 9 560 80 F: 4 1 4 
541 8 557 134 F: 7 1 
568 7 582 97 F: 2 1 4 
609 9 645 109 F: 9 
629 13 681 150 F: 7 6 
675 8 707 120 F: 3 5 
684 11 695 154 F: 11 
696 8 712 39 F: 5 1 2 
724 4 740 3 F: 4 
757 2 763 66 F: 2 
772 10 812 190 F: 3 3 4 
774 9 783 165 F: 5 4 
799 10 829 150 F: 6 4 
832 9 859 84 F: 3 6 
834 4 842 40 F: 4 
865 2 873 128 F: 2 
872 6 890 114 F: 4 2 
883 8 915 98 F: 7 1 
916 6 928 118 F: 6 
936 8 952 130 F: 6 2 
951 2 953 109 F: 2 
961 9 979 104 F: 9 
997 8 1021 90 F: 2 2 4 
1010 11 1021 23 F: 5 3 3 
1024 8 1032 173 F: 4 2 2 
1025 8 1033 177 F: 4 1 3 
1069 8 1093 38 F: 8 
1078 8 1110 125 F: 2 3 3 
1123 4 1131 173 F: 3 1 
1123 12 1171 45 F: 12 
1173 10 1213 117 F: 6 4 
1176 13 1215 25 F: 7 6 
1199 13 1251 158 F: 13 
1200 12 1224 122 F: 12 
1200 12 1224 147 F: 7 5 
1230 7 1251 121 F: 7 
1277 6 1295 18 F: 3 2 1 
1295 7 1323 35 F: 7 
1318 10 1348 20 F: 10 
1336 2 1344 8 F: 2 
1353 11 1364 200 F: 6 5 
1368 3 1377 90 F: 3 
1371 9 1389 194 F: 5 3 1 
1400 11 1433 79 F: 11 
1429 7 1450 78 F: 7 
1446 4 1458 158 F: 2 2 
1471 13 1523 96 F: 13 
1494 6 1518 160 F: 5 1 
1501 7 1522 162 F: 4 2 1 
1509 2 1511 65 F: 2 
1512 5 1527 114 F: 5 
1520 8 1536 163 F: 2 2 4 
1537 8 1561 1 F: 5 3 
1604 10 1614 133 F: 10 
1615 6 1639 110 F: 3 3 
1648 11 1670 146 F: 4 3 4 
1660 11 1671 46 F: 7 4 
1671 6 1677 185 F: 3 2 1 
1706 9 1733 155 F: 9 
1752 11 1785 193 F: 5 6 
1755 13 1807 45 F: 13 
1775 6 1793 158 F: 6 
1791 8 1823 170 F: 6 2 
1810 7 1817 79 F: 7 
1825 12 1873 188 F: 12 
1851 6 1857 130 F: 3 3 
1875 10 1905 29 F: 5 1 4 
1879 7 1900 181 F: 3 1 3 
1906 6 1924 23 F: 2 1 3 
1957 7 1978 81 F: 3 3 1 
1959 5 1969 134 F: 4 1 
1960 5 1965 146 F: 5 
1996 12 2008 80 F: 12 
2003 10 2023 197 F: 4 2 4 
2009 8 2033 161 F: 2 2 4 
2036 5 2046 189 F: 4 1 
2070 6 2082 99 F: 3 1 2 
2071 9 2080 36 F: 5 3 1 
2112 6 2124 44 F: 6 
2122 13 2148 69 F: 13 
2123 10 2153 12 F: 4 6 
2132 4 2144 26 F: 2 2 
2167 3 2176 167 F: 2 1 
2216 10 2256 134 F: 10 
2226 8 2242 27 F: 2 3 3 
2274 7 2281 23 F: 5 2 
2277 11 2299 40 F: 7 4 
2280 9 2289 165 F: 3 6 
2307 11 2318 59 F: 4 3 4 
2308 4 2316 200 F: 4 
2340 6 2358 139 F: 2 4 
2354 11 2387 194 F: 7 4 
2355 9 2391 160 F: 5 4 
2407 11 2429 89 F: 4 3 4 
2431 7 2459 135 F: 5 1 1 
2444 4 2456 155 F: 3 1 
2451 12 2499 157 F: 7 5 
2461 5 2481 25 F: 5 
2526 4 2542 94 F: 4 
2529 2 2531 36 F: 2 
2569 9 2587 177 F: 4 2 3 
2577 12 2601 97 F: 12 
2591 5 2611 40 F: 4 1 
2602 11 2613 170 F: 5 3 3 
2608 11 2641 93 F: 11 
2622 7 2643 200 F: 2 2 3 
2649 4 2653 69 F: 2 2 
2674 10 2694 44 F: 5 5 
2725 8 2733 145 F: 8 
2743 10 2753 11 F: 7 3 
2758 8 2782 142 F: 2 6 
2779 4 2795 185 F: 4 
2788 9 2797 157 F: 3 4 2 
2802 13 2815 47 F: 13 
2880 2 2884 159 F: 2 
2882 10 2892 72 F: 5 3 2 
2890 6 2896 39 F: 4 2 
2899 10 2909 83 F: 2 4 4 
2905 6 2917 127 F: 5 1 
2934 7 2941 142 F: 4 2 1 
2952 8 2976 49 F: 7 1 
2963 5 2973 9 F: 3 2 
2984 5 3004 162 F: 5 
3003 8 3019 42 F: 3 3 2 
3031 10 3071 64 F: 3 4 3 
3031 12 3055 83 F: 4 4 4 
3054 2 3062 25 F: 2 
3067 6 3085 153 F: 3 3 
3101 11 3145 126 F: 11 
3114 12 3126 152 F: 12 
3144 8 3176 172 F: 4 4 
3156 8 3188 187 F: 8 
3195 8 3203 174 F: 4 4 
3229 12 3265 94 F: 7 5 
3244 9 3280 108 F: 3 2 4 
3256 7 3277 143 F: 2 1 4 
3256 9 3274 145 F: 5 3 1 
3292 7 3306 38 F: 2 5 
3317 13 3369 116 F: 7 6 
3336 6 3348 6 F: 2 3 1 
3341 8 3349 21 F: 4 1 3 
3363 9 3390 73 F: 4 2 3 
3387 5 3392 151 F: 5 
3405 6 3411 176 F: 5 1 
3425 5 3445 105 F: 5 
3456 8 3472 51 F: 5 3 
3485 9 3512 48 F: 3 2 4 
3489 7 3503 117 F: 2 2 3 
3502 9 3511 157 F: 5 2 2 
3539 12 3575 123 F: 5 4 3 
3551 6 3563 125 F: 5 1 
3561 9 3597 175 F: 5 2 2 
3568 10 3588 23 F: 4 4 2 
3604 11 3626 32 F: 5 4 2 
3631 9 3667 24 F: 4 1 4 
3635 5 3655 3 F: 5 
3677 3 3689 196 F: 3 
3687 10 3717 117 F: 5 5 
3737 6 3761 107 F: 6 
3745 10 3775 7 F: 2 4 4 
3758 8 3766 94 F: 7 1 
3779 9 3788 21 F: 5 4 
3784 10 3804 164 F: 2 4 4 
3819 2 3827 98 F: 2 
3826 9 3844 161 F: 9 
3832 6 3850 160 F: 3 2 1 
3832 8 3840 34 F: 3 5 
3849 12 3861 199 F: 6 6 
3902 4 3914 16 F: 3 1 
3907 7 3928 113 F: 5 2 
3929 8 3945 114 F: 2 6 
3937 11 3970 84 F: 5 4 2 
3959 10 3989 54 F: 5 3 2 
D: 5 141 
D: 16 70 
D: 28 84 
D: 29 115 
D: 49 102 
D: 51 147 
D: 54 58 
D: 56 70 
D: 61 170 
D: 85 194 
D: 88 119 
D: 91 99 
D: 91 190 
D: 102 104 
D: 122 166 
D: 135 153 
D: 135 163 
D: 140 199 
D: 168 171 
D: 174 192 
