2 11 46 168 F: 5 2 4 
51 5 61 99 F: 5 
69 9 87 73 F: 3 6 
74 9 92 49 F: 2 3 4 
80 4 84 15 F: 2 1 1 
107 5 122 29 F: 2 3 
107 8 139 42 F: 3 4 1 
127 7 148 82 F: 6 1 
135 3 144 62 F: 3 
199 6 211 55 F: 6 
209 12 221 146 F: 12 
236 5 241 108 F: 4 1 
257 12 305 1 F: 4 4 4 
268 5 278 91 F: 5 
281 7 288 23 F: 3 4 
311 6 335 14 F: 3 3 
322 8 346 104 F: 2 6 
347 6 359 67 F: 6 
368 13 420 51 F: 7 6 
392 10 412 160 F: 6 4 
415 7 429 36 F: 4 1 2 
416 2 424 20 F: 2 
426 7 447 90 F: 4 2 1 
449 6 461 150 F: 3 3 
464 11 486 93 F: 7 4 
520 7 527 141 F: 7 
535 10 575 86 F: 10 
549 7 570 139 F: 3 4 
588 6 612 136 F: 6 
594 6 612 57 F: 3 1 2 
615 9 642 94 F: 7 2 
617 9 626 21 F: 2 4 3 
634 5 654 14 F: 2 2 1 
634 10 644 59 F: 3 4 3 
641 6 653 200 F: 6 
725 10 765 134 F: 4 4 2 
781 3 784 32 F: 3 
789 12 837 173 F: 5 4 3 
791 12 839 144 F: 5 4 3 
792 10 822 29 F: 4 6 
801 11 812 48 F: 5 6 
810 6 822 187 F: 2 2 2 
850 13 863 147 F: 7 6 
852 11 863 197 F: 11 
863 8 887 15 F: 7 1 
904 3 913 54 F: 3 
911 9 947 100 F: 2 3 4 
914 3 917 190 F: 2 1 
935 8 951 18 F: 4 2 2 
966 6 978 161 F: 5 1 
1006 10 1016 60 F: 3 4 3 
1039 7 1060 138 F: 4 3 
1050 8 1058 130 F: 4 4 
1051 8 1059 125 F: 7 1 
1088 10 1098 178 F: 2 4 4 
1108 9 1135 197 F: 6 3 
1152 8 1176 25 F: 8 
1166 8 1190 166 F: 5 3 
1192 5 1207 38 F: 4 1 
1195 5 1200 126 F: 5 
1212 7 1240 132 F: 5 2 
1220 9 1256 100 F: 5 2 2 
1249 9 1267 118 F: 6 3 
1264 6 1270 182 F: 6 
1291 8 1323 8 F: 2 4 2 
1303 8 1335 198 F: 2 3 3 
1312 4 1320 200 F: 2 1 1 
1367 9 1376 115 F: 3 6 
1372 9 1390 1 F: 4 2 3 
1395 3 1401 150 F: 3 
1406 8 1438 64 F: 4 4 
1435 6 1453 83 F: 6 
1475 11 1508 161 F: 3 4 4 
1479 12 1527 94 F: 4 4 4 
1488 9 1497 16 F: 4 3 2 
1502 8 1534 193 F: 3 5 
1513 2 1519 19 F: 2 
1540 6 1546 86 F: 3 3 
1545 10 1575 50 F: 3 3 4 
1585 4 1597 125 F: 2 1 1 
1605 7 1626 130 F: 2 3 2 
1606 9 1633 40 F: 5 4 
1625 12 1661 115 F: 12 
1696 2 1698 199 F: 2 
1696 6 1708 189 F: 2 1 3 
1709 8 1741 94 F: 6 2 
1736 8 1768 198 F: 7 1 
1760 8 1776 24 F: 8 
1767 12 1779 120 F: 6 6 
1796 7 1817 152 F: 5 2 
1802 7 1816 165 F: 6 1 
1813 7 1820 77 F: 7 
1844 2 1848 154 F: 2 
1845 2 1847 56 F: 2 
1895 9 1922 61 F: 6 3 
1914 2 1918 55 F: 2 
1921 10 1941 191 F: 10 
1943 10 1973 189 F: 10 
1983 7 2004 188 F: 5 1 1 
1997 9 2024 125 F: 9 
2014 9 2032 190 F: 3 3 3 
2030 4 2046 160 F: 3 1 
2073 11 2117 154 F: 11 
2091 7 2119 174 F: 4 3 
2097 6 2115 12 F: 2 2 2 
2102 8 2126 167 F: 4 2 2 
2132 6 2156 38 F: 2 4 
2170 8 2178 173 F: 4 1 3 
2182 8 2214 129 F: 2 3 3 
2193 12 2229 21 F: 12 
2218 8 2242 170 F: 3 1 4 
2232 9 2259 121 F: 9 
2239 9 2275 164 F: 4 4 1 
2241 9 2268 65 F: 7 2 
2297 13 2336 187 F: 13 
2342 12 2354 189 F: 12 
2348 7 2362 16 F: 3 4 
2351 6 2369 24 F: 6 
2357 6 2369 72 F: 4 2 
2390 12 2402 124 F: 12 
2439 11 2450 57 F: 11 
2449 8 2481 120 F: 4 3 1 
2459 7 2487 94 F: 3 2 2 
2462 11 2495 200 F: 5 2 4 
2471 6 2483 58 F: 6 
2517 10 2527 27 F: 10 
2525 10 2565 85 F: 5 5 
2572 6 2590 167 F: 3 1 2 
2589 12 2601 14 F: 12 
2590 8 2622 160 F: 8 
2606 4 2618 179 F: 4 
2609 9 2636 167 F: 9 
2613 10 2633 51 F: 7 3 
2630 5 2650 134 F: 2 1 2 
2694 6 2700 28 F: 2 3 1 
2717 3 2723 71 F: 2 1 
2751 9 2787 115 F: 2 4 3 
2765 11 2776 4 F: 5 4 2 
2771 10 2801 168 F: 4 6 
2796 13 2809 110 F: 13 
2824 5 2839 2 F: 5 
2840 3 2843 73 F: 3 
2872 6 2878 11 F: 6 
2894 3 2897 11 F: 3 
2895 6 2907 68 F: 3 1 2 
2927 10 2937 11 F: 10 
2932 8 2964 92 F: 2 6 
2938 7 2959 168 F: 7 
2941 7 2969 121 F: 4 2 1 
2975 7 2989 125 F: 5 1 1 
3021 6 3045 159 F: 3 2 1 
3022 10 3032 9 F: 3 4 3 
3024 3 3027 51 F: 3 
3090 9 3099 54 F: 4 2 3 
3095 6 3119 167 F: 2 2 2 
3110 9 3119 129 F: 6 3 
3138 11 3149 157 F: 5 4 2 
3182 7 3203 30 F: 7 
3187 12 3223 101 F: 7 5 
3191 9 3200 182 F: 6 3 
3210 7 3224 92 F: 2 5 
3212 4 3228 95 F: 2 2 
3256 9 3283 153 F: 4 4 1 
3279 7 3300 146 F: 7 
3290 7 3304 34 F: 7 
3303 6 3327 32 F: 4 1 1 
3319 6 3337 133 F: 5 1 
3343 11 3354 23 F: 11 
3376 8 3400 119 F: 4 2 2 
3376 8 3408 74 F: 3 2 3 
3407 9 3425 109 F: 3 2 4 
3422 7 3429 52 F: 2 5 
3449 11 3460 48 F: 7 4 
3461 5 3476 63 F: 4 1 
3494 4 3498 196 F: 4 
3500 13 3513 127 F: 13 
3514 4 3526 141 F: 3 1 
3515 7 3543 38 F: 6 1 
3550 4 3558 32 F: 4 
3563 9 3590 71 F: 2 3 4 
3635 12 3647 155 F: 7 5 
3637 12 3649 14 F: 12 
3646 9 3682 92 F: 9 
3671 10 3691 119 F: 2 4 4 
3681 12 3729 181 F: 12 
3702 6 3708 71 F: 3 3 
3718 5 3723 157 F: 2 3 
3739 9 3748 53 F: 2 3 4 
3746 10 3766 198 F: 10 
3748 7 3755 130 F: 3 2 2 
3801 6 3825 137 F: 5 1 
3826 7 3833 193 F: 2 1 4 
3827 11 3871 146 F: 4 4 3 
3835 7 3856 56 F: 2 1 4 
3892 6 3910 5 F: 4 2 
3938 12 3974 70 F: 4 4 4 
3941 8 3965 148 F: 4 3 1 
3980 7 4008 174 F: 6 1 
3987 2 3991 29 F: 2 
3993 10 4023 157 F: 5 5 
D: 0 143 
D: 18 36 
D: 26 73 
D: 27 178 
D: 29 192 
D: 34 96 
D: 44 190 
D: 45 77 
D: 49 91 
D: 62 91 
D: 78 170 
D: 94 194 
D: 100 144 
D: 103 148 
D: 119 128 
D: 134 189 
D: 136 164 
D: 142 169 
D: 163 181 
D: 170 190 
