14 13 40 16 F: 13 
20 10 40 29 F: 5 3 2 
55 8 71 184 F: 6 2 
74 2 78 36 F: 2 
76 9 112 96 F: 5 2 2 
144 5 154 8 F: 3 1 1 
154 8 178 80 F: 2 6 
156 11 200 59 F: 11 
169 6 193 86 F: 3 2 1 
198 5 203 7 F: 2 3 
204 3 213 86 F: 2 1 
205 6 229 90 F: 6 
207 9 243 72 F: 5 2 2 
250 11 294 120 F: 4 4 3 
295 7 302 52 F: 6 1 
316 6 328 41 F: 6 
326 8 342 133 F: 3 4 1 
345 3 348 148 F: 3 
359 13 372 71 F: 13 
387 7 415 142 F: 4 2 1 
404 9 431 159 F: 9 
429 2 435 53 F: 2 
453 2 457 154 F: 2 
454 6 472 86 F: 3 1 2 
464 7 492 123 F: 4 2 1 
526 5 541 195 F: 2 2 1 
527 7 548 33 F: 3 1 3 
555 5 570 191 F: 4 1 
557 6 569 2 F: 6 
589 7 603 166 F: 7 
624 6 636 18 F: 4 2 
637 7 665 23 F: 7 
641 9 668 46 F: 5 1 3 
652 8 676 117 F: 3 5 
658 7 686 163 F: 7 
711 9 747 191 F: 9 
730 8 746 198 F: 3 5 
738 6 744 104 F: 2 1 3 
745 8 769 130 F: 2 4 2 
788 11 799 103 F: 5 4 2 
804 2 810 98 F: 2 
804 12 852 179 F: 5 3 4 
815 12 839 44 F: 4 4 4 
821 9 830 54 F: 4 2 3 
846 12 882 34 F: 12 
901 5 906 187 F: 4 1 
929 5 934 186 F: 2 1 2 
929 6 941 179 F: 5 1 
931 6 955 101 F: 5 1 
944 8 952 120 F: 7 1 
1033 7 1054 100 F: 6 1 
1063 8 1087 49 F: 3 4 1 
1070 11 1103 190 F: 6 5 
1087 10 1097 131 F: 10 
1089 3 1098 57 F: 3 
1123 6 1135 43 F: 2 3 1 
1160 5 1165 179 F: 5 
1164 9 1191 41 F: 9 
1165 9 1183 1 F: 3 2 4 
1175 8 1199 23 F: 5 3 
1212 6 1224 86 F: 6 
1232 6 1238 82 F: 2 1 3 
1233 10 1253 184 F: 5 3 2 
1272 2 1280 163 F: 2 
1277 4 1293 111 F: 4 
1329 10 1359 143 F: 10 
1330 8 1362 43 F: 8 
1346 5 1351 117 F: 5 
1366 5 1386 154 F: 5 
1378 9 1414 145 F: 4 3 2 
1400 5 1420 60 F: 4 1 
1418 12 1430 120 F: 12 
1424 4 1436 144 F: 4 
1427 2 1429 195 F: 2 
1492 13 1505 150 F: 13 
1513 8 1545 198 F: 3 3 2 
1556 8 1564 51 F: 4 2 2 
1566 7 1580 118 F: 7 
1567 8 1599 179 F: 3 2 3 
1598 10 1628 171 F: 10 
1613 9 1640 148 F: 4 5 
1614 7 1635 69 F: 5 2 
1627 12 1675 46 F: 12 
1658 6 1670 4 F: 3 3 
1687 12 1723 69 F: 12 
1730 11 1774 175 F: 4 3 4 
1768 7 1796 200 F: 4 2 1 
1782 9 1800 134 F: 5 1 3 
1788 9 1806 27 F: 9 
1799 5 1804 60 F: 5 
1813 9 1822 88 F: 2 3 4 
1819 10 1829 8 F: 4 6 
1871 5 1891 9 F: 2 3 
1876 12 1888 107 F: 6 6 
1878 8 1886 172 F: 3 2 3 
1902 7 1909 135 F: 6 1 
1910 4 1914 26 F: 4 
1915 8 1939 85 F: 6 2 
1963 10 2003 70 F: 4 4 2 
1970 9 1979 97 F: 9 
2046 7 2053 63 F: 6 1 
2063 9 2099 182 F: 5 4 
2065 7 2079 94 F: 2 5 
2074 8 2106 138 F: 8 
2076 6 2088 197 F: 3 1 2 
2103 13 2142 132 F: 13 
2109 8 2141 18 F: 3 5 
2127 8 2159 134 F: 2 3 3 
2165 9 2183 30 F: 2 4 3 
2172 9 2208 171 F: 4 3 2 
2212 5 2222 66 F: 4 1 
2220 11 2264 54 F: 11 
2223 11 2245 140 F: 3 4 4 
2227 10 2237 170 F: 5 3 2 
2233 13 2272 83 F: 13 
2303 7 2331 170 F: 6 1 
2312 7 2340 114 F: 2 2 3 
2358 6 2370 152 F: 3 2 1 
2363 9 2381 155 F: 9 
2393 12 2405 135 F: 5 4 3 
2418 13 2470 115 F: 7 6 
2424 11 2468 120 F: 7 4 
2451 8 2483 153 F: 4 4 
2464 9 2473 173 F: 3 2 4 
2498 9 2534 153 F: 4 3 2 
2507 8 2531 156 F: 3 5 
2539 11 2572 39 F: 4 4 3 
2548 6 2566 100 F: 5 1 
2552 9 2570 130 F: 9 
2575 10 2615 27 F: 10 
2609 8 2633 66 F: 3 1 4 
2618 7 2646 118 F: 3 2 2 
2624 6 2630 89 F: 6 
2625 10 2635 14 F: 10 
2665 10 2685 103 F: 4 6 
2718 6 2730 131 F: 3 1 2 
2726 11 2759 41 F: 11 
2733 2 2735 160 F: 2 
2779 8 2811 188 F: 2 6 
2782 7 2803 46 F: 2 3 2 
2808 10 2848 72 F: 5 2 3 
2824 7 2838 187 F: 5 1 1 
2850 8 2874 174 F: 2 3 3 
2874 5 2889 162 F: 2 2 1 
2891 6 2909 66 F: 6 
2909 3 2921 149 F: 2 1 
2960 10 3000 132 F: 2 4 4 
2976 5 2986 49 F: 4 1 
2989 8 3021 78 F: 3 5 
2993 9 3029 79 F: 3 6 
3007 13 3046 139 F: 13 
3014 10 3044 18 F: 10 
3045 9 3063 63 F: 4 5 
3058 10 3088 130 F: 5 4 1 
3074 5 3094 7 F: 5 
3170 2 3172 126 F: 2 
3183 7 3197 113 F: 2 3 2 
3186 13 3238 140 F: 13 
3189 9 3198 30 F: 9 
3195 5 3210 197 F: 4 1 
3238 9 3256 89 F: 9 
3243 10 3273 48 F: 2 4 4 
3264 9 3291 144 F: 4 4 1 
3270 5 3280 5 F: 3 1 1 
3274 5 3289 34 F: 2 1 2 
3305 7 3312 40 F: 4 1 2 
3314 3 3320 10 F: 2 1 
3315 9 3333 67 F: 9 
3321 4 3325 81 F: 4 
3362 13 3401 57 F: 13 
3404 3 3416 109 F: 2 1 
3468 3 3474 126 F: 3 
3482 11 3515 50 F: 7 4 
3487 7 3515 159 F: 3 2 2 
3487 10 3517 93 F: 4 3 3 
3502 9 3529 165 F: 3 6 
3522 4 3530 166 F: 2 2 
3529 13 3542 161 F: 13 
3547 13 3586 51 F: 7 6 
3595 7 3609 61 F: 2 2 3 
3613 3 3616 37 F: 3 
3628 9 3637 194 F: 3 4 2 
3640 10 3660 127 F: 5 1 4 
3679 5 3699 170 F: 2 1 2 
3697 6 3721 14 F: 5 1 
3704 8 3720 13 F: 2 6 
3708 13 3734 32 F: 13 
3728 5 3738 102 F: 4 1 
3776 9 3785 37 F: 4 5 
3777 8 3801 92 F: 2 3 3 
3807 7 3835 111 F: 5 1 1 
3830 8 3838 87 F: 5 2 1 
3839 6 3845 33 F: 5 1 
3858 9 3867 187 F: 9 
3891 3 3894 155 F: 3 
3900 10 3920 49 F: 10 
3905 8 3921 148 F: 8 
3915 8 3947 10 F: 7 1 
3949 3 3955 182 F: 3 
3970 7 3977 182 F: 3 4 
D: 7 137 
D: 17 149 
D: 34 134 
D: 36 78 
D: 40 89 
D: 41 140 
D: 42 143 
D: 46 89 
D: 49 176 
D: 51 109 
D: 60 90 
D: 67 92 
D: 70 185 
D: 74 166 
D: 76 88 
D: 95 122 
D: 114 193 
D: 116 121 
D: 164 165 
D: 171 178 
