18 13 70 78 F: 13 
51 9 87 121 F: 9 
68 13 81 68 F: 7 6 
89 5 109 145 F: 2 1 2 
94 12 130 70 F: 7 5 
108 9 144 176 F: 9 
112 4 124 27 F: 4 
125 7 132 65 F: 2 5 
173 9 209 186 F: 3 3 3 
176 4 180 37 F: 4 
234 9 261 184 F: 9 
253 9 262 119 F: 4 4 1 
256 9 274 54 F: 4 2 3 
271 10 311 124 F: 5 5 
287 10 327 171 F: 6 4 
312 9 321 139 F: 4 5 
342 9 369 6 F: 3 4 2 
343 5 363 60 F: 3 2 
347 9 374 162 F: 2 3 4 
353 8 369 121 F: 2 6 
405 10 435 14 F: 2 4 4 
459 5 464 107 F: 2 3 
459 10 479 99 F: 3 4 3 
476 7 504 131 F: 2 3 2 
483 10 513 10 F: 5 3 2 
517 9 535 77 F: 3 4 2 
568 8 576 159 F: 2 6 
570 7 598 129 F: 7 
576 6 588 136 F: 2 1 3 
590 5 610 12 F: 5 
632 8 648 47 F: 8 
649 11 693 31 F: 7 4 
652 6 658 8 F: 2 4 
660 9 687 192 F: 9 
672 10 712 9 F: 4 6 
708 7 715 129 F: 7 
744 8 776 158 F: 4 1 3 
767 6 779 150 F: 3 1 2 
795 11 817 27 F: 5 4 2 
799 4 811 194 F: 4 
812 8 844 172 F: 4 2 2 
832 10 842 78 F: 6 4 
833 11 877 112 F: 3 4 4 
876 4 884 162 F: 3 1 
889 6 907 123 F: 5 1 
921 8 945 27 F: 5 3 
934 7 955 33 F: 2 1 4 
944 10 974 161 F: 4 4 2 
967 4 971 144 F: 3 1 
990 7 1004 133 F: 3 3 1 
1000 5 1010 98 F: 5 
1085 7 1113 83 F: 6 1 
1088 10 1108 47 F: 2 4 4 
1089 3 1098 70 F: 3 
1091 10 1121 37 F: 5 4 1 
1106 3 1112 148 F: 3 
1126 12 1162 181 F: 4 4 4 
1132 10 1142 49 F: 5 1 4 
1151 7 1172 101 F: 5 1 1 
1199 5 1219 117 F: 2 1 2 
1216 5 1221 143 F: 5 
1218 8 1234 144 F: 8 
1229 8 1261 107 F: 4 4 
1251 5 1256 50 F: 5 
1271 7 1292 111 F: 7 
1304 13 1343 33 F: 13 
1338 5 1343 21 F: 3 1 1 
1351 6 1357 21 F: 4 1 1 
1378 9 1414 34 F: 9 
1385 10 1405 66 F: 6 4 
1408 8 1440 25 F: 8 
1409 6 1427 67 F: 6 
1417 5 1422 173 F: 2 2 1 
1469 7 1497 60 F: 3 4 
1475 11 1497 151 F: 11 
1503 3 1512 160 F: 3 
1528 7 1542 18 F: 4 1 2 
1531 5 1536 101 F: 4 1 
1555 5 1565 156 F: 2 3 
1591 5 1606 27 F: 2 2 1 
1601 8 1609 161 F: 8 
1608 6 1632 189 F: 3 2 1 
1622 8 1638 172 F: 6 2 
1632 6 1656 41 F: 5 1 
1652 9 1679 177 F: 9 
1731 6 1737 168 F: 5 1 
1751 8 1783 161 F: 8 
1759 7 1780 185 F: 5 2 
1768 8 1776 180 F: 8 
1769 7 1776 64 F: 3 4 
1803 9 1812 67 F: 9 
1827 3 1833 134 F: 2 1 
1839 9 1875 27 F: 5 1 3 
1870 9 1897 190 F: 3 6 
1871 4 1879 176 F: 3 1 
1951 5 1961 100 F: 5 
1960 6 1978 68 F: 6 
1973 10 1993 161 F: 10 
1990 11 2001 88 F: 3 4 4 
1996 12 2008 4 F: 12 
2025 5 2040 37 F: 5 
2027 12 2051 181 F: 12 
2044 10 2054 63 F: 3 4 3 
2068 8 2092 117 F: 4 4 
2083 9 2101 50 F: 5 2 2 
2109 8 2117 155 F: 5 1 2 
2114 7 2128 117 F: 3 2 2 
2116 9 2125 112 F: 7 2 
2158 7 2186 171 F: 6 1 
2164 10 2174 166 F: 5 2 3 
2200 8 2224 192 F: 3 2 3 
2210 9 2237 70 F: 4 1 4 
2240 2 2244 55 F: 2 
2295 9 2322 160 F: 7 2 
2296 11 2329 16 F: 5 6 
2302 3 2314 134 F: 3 
2317 6 2323 50 F: 6 
2327 12 2351 179 F: 12 
2364 10 2404 98 F: 10 
2394 9 2412 93 F: 3 2 4 
2461 5 2476 118 F: 5 
2473 10 2493 50 F: 10 
2482 8 2498 48 F: 3 3 2 
2485 2 2493 47 F: 2 
2492 5 2512 21 F: 5 
2506 4 2514 182 F: 2 1 1 
2513 7 2534 169 F: 7 
2572 8 2596 16 F: 8 
2575 8 2583 140 F: 5 2 1 
2584 9 2611 147 F: 5 3 1 
2610 5 2615 72 F: 5 
2616 4 2628 143 F: 4 
2651 9 2678 9 F: 2 3 4 
2686 12 2722 114 F: 12 
2694 8 2718 183 F: 8 
2777 10 2817 43 F: 6 4 
2779 5 2789 164 F: 5 
2779 6 2785 152 F: 2 1 3 
2780 11 2802 109 F: 4 3 4 
2797 11 2819 177 F: 11 
2803 10 2833 40 F: 5 5 
2834 4 2842 124 F: 2 2 
2852 8 2876 37 F: 4 4 
2875 4 2879 68 F: 4 
2891 9 2927 18 F: 9 
2906 10 2916 108 F: 5 5 
2932 11 2954 93 F: 11 
2940 6 2964 4 F: 2 4 
2941 8 2957 94 F: 2 4 2 
2998 9 3016 103 F: 4 4 1 
3018 12 3054 89 F: 7 5 
3021 7 3035 119 F: 7 
3042 5 3052 127 F: 2 2 1 
3045 5 3060 94 F: 5 
3090 11 3112 166 F: 6 5 
3111 5 3121 6 F: 3 2 
3111 10 3131 19 F: 3 4 3 
3114 9 3150 31 F: 7 2 
3168 9 3195 160 F: 6 3 
3194 11 3238 81 F: 11 
3206 8 3214 170 F: 4 4 
3229 10 3259 35 F: 4 3 3 
3244 12 3256 178 F: 12 
3267 8 3283 77 F: 2 3 3 
3296 7 3310 187 F: 2 5 
3303 9 3321 62 F: 5 4 
3304 13 3343 30 F: 7 6 
3324 5 3329 157 F: 2 3 
3388 8 3396 88 F: 3 3 2 
3390 8 3398 63 F: 3 2 3 
3406 9 3424 183 F: 3 6 
3437 6 3443 181 F: 6 
3449 9 3467 56 F: 4 2 3 
3468 7 3475 129 F: 2 3 2 
3482 8 3506 24 F: 3 1 4 
3508 4 3512 61 F: 3 1 
3530 5 3540 104 F: 2 2 1 
3531 12 3579 166 F: 5 3 4 
3584 10 3594 153 F: 4 2 4 
3592 7 3599 11 F: 7 
3619 4 3623 131 F: 4 
3638 10 3678 119 F: 6 4 
3649 5 3669 62 F: 5 
3653 7 3674 195 F: 7 
3654 10 3674 161 F: 5 5 
3706 7 3720 123 F: 7 
3725 10 3765 42 F: 10 
3732 12 3768 142 F: 12 
3744 5 3749 125 F: 4 1 
3775 12 3799 6 F: 5 4 3 
3830 10 3840 40 F: 2 4 4 
3831 5 3851 79 F: 2 1 2 
3875 8 3907 158 F: 8 
3898 8 3930 90 F: 3 5 
3899 10 3909 178 F: 5 5 
3932 11 3954 168 F: 5 6 
3939 10 3949 48 F: 3 4 3 
3943 3 3955 2 F: 3 
3943 11 3976 148 F: 3 4 4 
3981 8 3997 111 F: 4 1 3 
D: 0 32 
D: 6 107 
D: 6 190 
D: 19 22 
D: 21 128 
D: 28 181 
D: 34 79 
D: 37 162 
D: 39 43 
D: 42 155 
D: 46 47 
D: 46 169 
D: 57 74 
D: 58 175 
D: 61 190 
D: 69 132 
D: 92 100 
D: 101 148 
D: 111 195 
D: 187 192 
