38 6 62 146 F: 3 1 2 
55 8 79 56 F: 3 4 1 
68 12 104 153 F: 7 5 
95 4 111 164 F: 3 1 
96 6 120 42 F: 2 2 2 
115 7 143 130 F: 4 2 1 
121 4 137 67 F: 4 
121 10 141 188 F: 7 3 
155 10 165 168 F: 4 6 
181 9 199 30 F: 9 
227 8 251 128 F: 4 2 2 
254 4 270 77 F: 2 2 
257 8 289 101 F: 5 2 1 
268 11 312 114 F: 11 
275 7 303 5 F: 4 3 
305 8 313 146 F: 4 4 
311 8 343 37 F: 8 
339 9 348 166 F: 6 3 
349 7 370 136 F: 3 1 3 
359 3 365 163 F: 3 
420 9 447 115 F: 3 6 
439 4 443 96 F: 4 
440 4 452 39 F: 4 
487 6 505 190 F: 3 3 
499 13 551 42 F: 13 
519 10 529 31 F: 4 3 3 
528 11 550 190 F: 5 2 4 
568 11 601 114 F: 6 5 
570 7 584 133 F: 7 
575 4 587 162 F: 2 2 
627 7 641 54 F: 7 
632 7 646 161 F: 2 3 2 
651 4 659 17 F: 2 1 1 
667 9 694 187 F: 3 6 
691 13 704 168 F: 13 
710 8 742 37 F: 3 1 4 
731 3 740 37 F: 3 
747 9 756 62 F: 3 3 3 
774 4 790 109 F: 4 
784 9 802 182 F: 9 
803 7 817 192 F: 2 1 4 
810 12 846 32 F: 12 
827 7 834 162 F: 3 2 2 
854 2 858 48 F: 2 
895 7 923 166 F: 7 
910 4 918 151 F: 4 
944 7 951 45 F: 7 
945 7 973 114 F: 3 1 3 
980 2 984 79 F: 2 
999 7 1006 58 F: 4 3 
1035 9 1071 29 F: 9 
1054 7 1061 150 F: 3 4 
1078 8 1110 186 F: 5 3 
1081 6 1087 60 F: 6 
1094 11 1116 189 F: 5 3 3 
1117 8 1133 31 F: 6 2 
1140 9 1176 81 F: 4 5 
1149 8 1181 53 F: 5 3 
1156 7 1170 167 F: 3 4 
1192 8 1216 116 F: 2 6 
1206 9 1215 79 F: 6 3 
1242 8 1258 186 F: 8 
1276 7 1297 167 F: 7 
1279 12 1291 44 F: 12 
1289 9 1307 12 F: 9 
1312 5 1322 76 F: 3 2 
1337 8 1361 158 F: 2 4 2 
1348 11 1381 40 F: 11 
1354 11 1365 95 F: 6 5 
1379 9 1388 42 F: 9 
1401 2 1409 10 F: 2 
1445 11 1478 153 F: 4 4 3 
1485 5 1495 141 F: 5 
1497 7 1518 123 F: 5 2 
1499 12 1535 109 F: 4 4 4 
1532 5 1547 34 F: 5 
1542 11 1564 134 F: 11 
1563 4 1579 139 F: 2 2 
1584 6 1608 28 F: 6 
1590 9 1626 183 F: 9 
1600 7 1628 66 F: 7 
1629 8 1661 36 F: 6 2 
1652 11 1674 98 F: 11 
1658 11 1669 123 F: 11 
1688 6 1712 131 F: 2 3 1 
1701 6 1713 126 F: 2 2 2 
1702 8 1734 117 F: 4 4 
1730 3 1733 47 F: 3 
1753 9 1789 99 F: 9 
1786 5 1806 152 F: 5 
1815 7 1829 160 F: 7 
1852 2 1856 102 F: 2 
1860 7 1874 39 F: 2 1 4 
1864 5 1874 104 F: 3 2 
1880 10 1890 11 F: 3 3 4 
1908 11 1952 128 F: 4 4 3 
1962 10 2002 126 F: 3 4 3 
1967 3 1970 56 F: 3 
1969 8 1985 55 F: 3 3 2 
1994 8 2010 68 F: 5 3 
2055 7 2069 196 F: 7 
2063 3 2072 76 F: 2 1 
2069 5 2084 3 F: 4 1 
2083 5 2098 70 F: 5 
2092 7 2113 178 F: 2 4 1 
2123 12 2135 28 F: 12 
2131 7 2145 102 F: 7 
2152 9 2188 189 F: 2 4 3 
2163 5 2168 49 F: 3 2 
2173 6 2197 124 F: 4 2 
2207 8 2223 57 F: 5 1 2 
2218 7 2239 83 F: 4 3 
2262 11 2295 173 F: 7 4 
2286 12 2310 196 F: 12 
2288 7 2316 14 F: 4 2 1 
2300 5 2320 186 F: 3 1 1 
2342 6 2354 141 F: 4 2 
2353 7 2367 44 F: 3 1 3 
2360 11 2404 77 F: 11 
2396 5 2406 188 F: 4 1 
2408 8 2416 127 F: 7 1 
2428 9 2455 22 F: 4 5 
2434 2 2438 106 F: 2 
2440 2 2444 122 F: 2 
2464 4 2480 37 F: 2 1 1 
2561 9 2597 29 F: 9 
2574 13 2626 133 F: 13 
2582 9 2591 192 F: 5 3 1 
2594 2 2596 77 F: 2 
2594 6 2618 124 F: 5 1 
2603 10 2623 74 F: 10 
2646 8 2670 159 F: 3 4 1 
2655 10 2685 196 F: 7 3 
2667 7 2688 182 F: 4 3 
2687 5 2707 102 F: 3 2 
2710 10 2730 51 F: 7 3 
2716 9 2725 36 F: 9 
2724 8 2756 163 F: 4 2 2 
2748 11 2792 76 F: 11 
2776 11 2787 107 F: 11 
2820 13 2846 175 F: 13 
2836 5 2841 51 F: 3 2 
2859 6 2883 102 F: 4 2 
2862 6 2880 74 F: 2 2 2 
2883 10 2903 83 F: 10 
2941 6 2947 178 F: 4 1 1 
2964 9 2982 34 F: 7 2 
2984 6 2990 132 F: 6 
2991 12 3027 112 F: 12 
2999 6 3005 133 F: 6 
3012 9 3030 24 F: 9 
3015 7 3036 1 F: 2 3 2 
3016 6 3028 121 F: 6 
3072 9 3108 127 F: 3 3 3 
3073 5 3078 154 F: 5 
3106 9 3115 138 F: 9 
3140 8 3148 169 F: 5 3 
3160 8 3168 182 F: 3 5 
3164 9 3200 151 F: 3 6 
3190 8 3222 161 F: 8 
3221 11 3254 30 F: 4 3 4 
3256 7 3284 20 F: 5 2 
3267 8 3283 49 F: 4 3 1 
3274 6 3280 95 F: 6 
3294 3 3303 142 F: 3 
3316 6 3334 77 F: 5 1 
3328 9 3346 160 F: 4 1 4 
3348 8 3356 103 F: 7 1 
3361 7 3368 104 F: 5 1 1 
3364 6 3370 49 F: 3 2 1 
3401 9 3410 197 F: 2 3 4 
3401 9 3437 126 F: 4 5 
3409 4 3413 80 F: 2 2 
3450 5 3455 123 F: 2 2 1 
3490 4 3494 92 F: 4 
3512 12 3560 74 F: 5 3 4 
3543 10 3583 168 F: 4 3 3 
3573 12 3609 146 F: 7 5 
3585 10 3595 60 F: 3 3 4 
3588 12 3600 168 F: 6 6 
3639 7 3646 125 F: 4 2 1 
3643 2 3649 166 F: 2 
3646 9 3664 178 F: 4 3 2 
3652 6 3658 159 F: 6 
3667 7 3674 172 F: 7 
3722 2 3730 126 F: 2 
3756 2 3758 142 F: 2 
3759 2 3761 126 F: 2 
3759 13 3798 141 F: 13 
3789 8 3821 27 F: 4 1 3 
3808 11 3841 186 F: 11 
3833 5 3843 188 F: 2 3 
3864 4 3876 72 F: 4 
3871 6 3883 89 F: 2 1 3 
3879 12 3891 107 F: 7 5 
3903 12 3915 114 F: 6 6 
3914 12 3926 55 F: 12 
3930 10 3950 74 F: 4 3 3 
3939 13 3991 132 F: 13 
3985 9 4012 81 F: 3 6 
D: 10 55 
D: 18 50 
D: 33 131 
D: 35 97 
D: 36 144 
D: 48 194 
D: 49 77 
D: 50 122 
D: 56 188 
D: 57 64 
D: 59 80 
D: 65 76 
D: 70 143 
D: 85 88 
D: 85 199 
D: 93 174 
D: 101 199 
D: 121 135 
D: 147 162 
D: 156 164 
