1 10 21 247 F: 3 4 3 
48 8 56 155 F: 8 
55 8 63 91 F: 2 3 3 
62 5 67 65 F: 3 2 
89 9 116 68 F: 5 2 2 
134 6 152 103 F: 6 
153 2 155 51 F: 2 
162 9 180 19 F: 3 4 2 
170 11 203 67 F: 6 5 
199 9 217 56 F: 5 3 1 
201 4 213 10 F: 4 
261 2 265 212 F: 2 
262 12 274 91 F: 12 
271 13 310 106 F: 13 
292 6 310 113 F: 2 3 1 
301 10 311 181 F: 4 6 
336 7 350 52 F: 5 2 
343 4 351 199 F: 4 
351 11 362 179 F: 11 
399 12 411 49 F: 4 4 4 
406 9 415 57 F: 6 3 
432 7 453 18 F: 4 3 
460 6 478 21 F: 5 1 
480 4 496 164 F: 3 1 
491 11 513 250 F: 5 6 
551 7 565 60 F: 4 3 
555 5 570 12 F: 5 
567 9 603 215 F: 5 4 
594 7 608 130 F: 2 5 
598 6 604 218 F: 3 2 1 
605 11 616 201 F: 5 3 3 
607 8 639 53 F: 8 
643 10 653 116 F: 5 5 
695 10 715 26 F: 5 1 4 
697 10 727 22 F: 10 
716 6 740 234 F: 6 
723 7 737 127 F: 4 3 
723 13 736 110 F: 7 6 
748 5 768 11 F: 5 
795 8 819 72 F: 3 5 
807 9 834 129 F: 9 
821 12 869 31 F: 6 6 
857 7 885 36 F: 4 1 2 
863 8 887 235 F: 5 2 1 
897 8 905 134 F: 5 2 1 
914 8 930 154 F: 6 2 
922 9 931 245 F: 2 3 4 
937 9 955 33 F: 3 2 4 
943 10 953 28 F: 2 4 4 
989 2 991 117 F: 2 
1021 12 1045 67 F: 12 
1061 12 1097 78 F: 6 6 
1065 5 1080 142 F: 4 1 
1070 11 1092 21 F: 5 4 2 
1084 12 1120 23 F: 12 
1108 8 1132 189 F: 7 1 
1139 5 1149 74 F: 2 3 
1153 6 1159 176 F: 5 1 
1180 6 1198 26 F: 3 3 
1191 3 1200 188 F: 3 
1232 6 1244 155 F: 2 2 2 
1233 13 1246 173 F: 13 
1237 6 1243 224 F: 6 
1240 5 1250 97 F: 2 1 2 
1243 6 1255 211 F: 3 2 1 
1306 11 1328 26 F: 6 5 
1327 11 1371 212 F: 11 
1349 10 1369 168 F: 5 5 
1382 9 1391 145 F: 4 1 4 
1395 10 1435 145 F: 4 6 
1410 9 1419 114 F: 4 4 1 
1421 8 1453 33 F: 3 1 4 
1434 6 1440 141 F: 5 1 
1472 11 1516 203 F: 4 4 3 
1473 7 1501 157 F: 7 
1509 7 1537 94 F: 4 3 
1554 13 1606 175 F: 13 
1572 11 1594 53 F: 5 4 2 
1579 8 1595 33 F: 4 1 3 
1592 8 1608 227 F: 5 1 2 
1645 7 1673 50 F: 3 4 
1653 8 1685 195 F: 8 
1669 5 1674 76 F: 4 1 
1680 4 1696 126 F: 3 1 
1689 9 1698 9 F: 4 1 4 
1730 6 1754 168 F: 4 1 1 
1767 7 1774 61 F: 4 2 1 
1785 11 1829 204 F: 11 
1788 3 1794 3 F: 2 1 
1798 9 1807 6 F: 7 2 
1843 10 1883 82 F: 5 1 4 
1846 10 1886 122 F: 7 3 
1868 8 1892 236 F: 4 2 2 
1870 7 1884 230 F: 3 4 
1895 12 1907 249 F: 6 6 
1939 6 1951 20 F: 2 2 2 
1948 6 1972 137 F: 6 
1952 3 1961 177 F: 3 
1972 5 1982 145 F: 5 
1983 9 2010 231 F: 9 
2013 11 2035 232 F: 11 
2030 10 2050 241 F: 2 4 4 
2051 7 2079 48 F: 7 
2057 9 2084 51 F: 3 4 2 
2095 12 2107 118 F: 5 4 3 
2115 3 2118 174 F: 3 
2155 7 2169 170 F: 2 5 
2175 12 2187 1 F: 6 6 
2194 5 2204 45 F: 5 
2199 8 2223 199 F: 5 1 2 
2238 5 2258 166 F: 4 1 
2238 10 2268 98 F: 6 4 
2242 11 2264 124 F: 6 5 
2267 7 2295 137 F: 3 3 1 
2282 10 2312 60 F: 5 5 
2312 6 2336 147 F: 4 2 
2328 7 2349 68 F: 2 4 1 
2342 11 2364 223 F: 5 6 
2348 8 2356 140 F: 8 
2362 10 2392 55 F: 4 6 
2404 9 2413 189 F: 9 
2426 3 2438 80 F: 3 
2458 8 2490 44 F: 4 4 
2488 7 2502 44 F: 2 5 
2493 8 2501 232 F: 4 3 1 
2502 12 2538 77 F: 12 
2573 5 2583 93 F: 5 
2582 11 2615 242 F: 4 4 3 
2587 7 2608 107 F: 3 4 
2593 12 2629 200 F: 7 5 
2600 4 2612 191 F: 2 2 
2603 10 2613 64 F: 3 4 3 
2640 8 2664 22 F: 5 2 1 
2645 11 2667 195 F: 11 
2698 5 2708 81 F: 3 2 
2711 6 2735 200 F: 2 3 1 
2739 10 2749 104 F: 7 3 
2745 11 2778 96 F: 5 2 4 
2748 10 2758 117 F: 5 2 3 
2792 9 2810 166 F: 3 6 
2832 12 2868 144 F: 7 5 
2848 6 2860 123 F: 5 1 
2888 9 2915 189 F: 7 2 
2892 6 2898 32 F: 6 
2895 9 2913 112 F: 4 4 1 
2925 13 2951 56 F: 5 4 4 
2960 7 2981 24 F: 2 3 2 
2978 11 3022 187 F: 11 
2995 5 3015 103 F: 5 
2999 9 3017 75 F: 5 4 
3000 8 3024 123 F: 5 3 
3017 11 3028 93 F: 11 
3028 6 3034 57 F: 4 2 
3041 6 3065 177 F: 2 4 
3055 8 3079 161 F: 5 3 
3116 9 3134 92 F: 7 2 
3117 5 3132 148 F: 5 
3153 8 3177 240 F: 8 
3164 6 3182 35 F: 6 
3184 10 3224 223 F: 5 5 
3229 10 3239 245 F: 2 4 4 
3250 8 3258 221 F: 3 4 1 
3259 9 3286 200 F: 5 4 
3267 7 3288 53 F: 2 3 2 
3285 7 3313 21 F: 2 4 1 
3337 9 3373 203 F: 7 2 
3382 5 3392 70 F: 3 2 
3382 8 3406 191 F: 7 1 
3383 12 3431 195 F: 12 
3398 6 3410 233 F: 4 2 
3439 2 3443 152 F: 2 
3447 7 3475 178 F: 3 4 
3468 8 3500 173 F: 2 6 
3477 9 3513 27 F: 5 4 
3483 12 3519 247 F: 12 
3513 8 3545 223 F: 3 1 4 
3536 10 3566 231 F: 2 4 4 
3540 8 3548 118 F: 3 5 
3547 5 3567 162 F: 5 
3589 4 3601 83 F: 4 
3602 10 3642 99 F: 10 
3627 11 3671 231 F: 11 
3640 8 3672 166 F: 4 2 2 
3673 10 3713 27 F: 5 2 3 
3682 8 3690 190 F: 3 4 1 
3726 3 3735 238 F: 2 1 
3739 10 3749 23 F: 5 1 4 
3776 2 3784 171 F: 2 
3791 9 3818 25 F: 3 6 
3794 11 3805 176 F: 11 
3816 11 3849 148 F: 3 4 4 
3829 5 3834 187 F: 3 1 1 
3833 8 3849 218 F: 2 6 
3841 7 3855 9 F: 3 4 
3878 10 3898 98 F: 4 2 4 
3929 5 3939 176 F: 5 
3961 8 3993 178 F: 6 2 
3962 7 3976 215 F: 2 3 2 
3974 5 3994 138 F: 4 1 
3994 12 4018 3 F: 6 6 
4013 11 4024 123 F: 5 6 
4070 8 4102 44 F: 8 
4092 6 4110 35 F: 4 1 1 
4098 9 4116 66 F: 9 
4099 5 4104 108 F: 5 
4106 8 4138 121 F: 2 3 3 
4141 6 4165 17 F: 4 2 
4165 10 4205 17 F: 5 1 4 
4171 5 4191 19 F: 5 
4178 6 4184 42 F: 6 
4213 11 4257 148 F: 3 4 4 
4235 11 4246 114 F: 11 
4237 7 4251 213 F: 2 2 3 
4242 8 4274 23 F: 2 2 4 
4297 7 4311 35 F: 2 2 3 
4308 9 4344 126 F: 6 3 
4329 5 4334 96 F: 3 2 
4330 4 4342 10 F: 4 
4340 9 4367 219 F: 9 
4389 5 4399 223 F: 4 1 
4434 10 4464 205 F: 3 3 4 
4472 10 4482 217 F: 4 2 4 
4478 8 4502 156 F: 6 2 
4490 9 4517 163 F: 7 2 
4497 8 4505 184 F: 4 4 
4510 4 4522 243 F: 2 2 
4523 2 4531 84 F: 2 
4528 10 4568 228 F: 4 6 
4566 7 4594 30 F: 5 2 
4568 8 4600 121 F: 8 
4614 13 4627 112 F: 5 4 4 
4624 11 4635 73 F: 5 4 2 
4658 11 4669 122 F: 6 5 
4670 11 4714 120 F: 6 5 
4690 6 4708 75 F: 2 3 1 
4700 8 4724 228 F: 2 6 
4705 7 4726 196 F: 7 
4718 6 4742 82 F: 3 3 
4753 8 4769 150 F: 5 2 1 
4753 13 4766 25 F: 7 6 
4802 9 4838 137 F: 7 2 
4803 6 4821 79 F: 3 3 
4843 7 4857 7 F: 5 1 1 
4850 6 4862 47 F: 6 
4863 12 4911 49 F: 12 
4901 8 4917 130 F: 3 3 2 
4918 8 4942 21 F: 5 3 
4927 9 4954 17 F: 2 4 3 
4933 7 4940 15 F: 2 4 1 
4945 5 4960 196 F: 2 1 2 
D: 10 202 
D: 11 83 
D: 14 110 
D: 15 229 
D: 18 234 
D: 22 248 
D: 41 227 
D: 44 143 
D: 46 60 
D: 48 108 
D: 62 144 
D: 74 206 
D: 94 219 
D: 95 172 
D: 99 236 
D: 101 241 
D: 119 155 
D: 121 208 
D: 123 156 
D: 124 223 
D: 129 227 
D: 136 188 
D: 181 207 
D: 186 189 
D: 190 207 
