2 10 32 206 F: 5 2 3 
15 3 18 25 F: 3 
73 11 106 170 F: 11 
76 8 100 57 F: 7 1 
99 13 125 134 F: 5 4 4 
113 6 137 217 F: 6 
126 10 156 80 F: 10 
126 10 166 217 F: 6 4 
180 12 204 85 F: 7 5 
182 8 206 120 F: 4 2 2 
211 4 215 196 F: 4 
224 7 252 71 F: 7 
284 4 296 86 F: 4 
284 6 290 75 F: 3 3 
291 7 298 110 F: 5 2 
302 10 332 172 F: 10 
323 9 359 239 F: 9 
332 11 376 151 F: 5 2 4 
380 8 388 210 F: 6 2 
386 8 418 2 F: 2 6 
428 4 444 175 F: 4 
433 7 461 207 F: 7 
436 9 463 168 F: 5 4 
449 6 473 4 F: 6 
451 12 499 187 F: 6 6 
501 8 517 145 F: 5 3 
520 9 556 80 F: 3 4 2 
574 3 583 141 F: 3 
576 8 600 201 F: 8 
589 9 616 121 F: 9 
609 9 636 129 F: 9 
640 11 673 133 F: 6 5 
656 10 666 55 F: 4 2 4 
679 6 685 10 F: 2 3 1 
691 8 723 95 F: 5 1 2 
704 9 740 211 F: 9 
712 3 715 63 F: 3 
752 8 784 101 F: 2 6 
753 13 805 104 F: 13 
764 11 786 173 F: 11 
822 6 828 178 F: 4 1 1 
832 7 860 235 F: 3 3 1 
852 9 861 174 F: 7 2 
860 9 896 225 F: 4 4 1 
898 9 934 178 F: 5 2 2 
949 11 960 62 F: 6 5 
956 7 977 138 F: 2 4 1 
966 9 1002 84 F: 7 2 
968 9 995 243 F: 9 
991 8 1007 194 F: 3 2 3 
1019 12 1055 96 F: 5 3 4 
1033 6 1057 83 F: 6 
1058 7 1065 39 F: 7 
1060 6 1072 200 F: 6 
1078 7 1099 71 F: 4 1 2 
1118 9 1127 200 F: 2 3 4 
1140 13 1192 34 F: 13 
1147 8 1179 24 F: 8 
1175 5 1190 213 F: 5 
1196 7 1224 155 F: 2 5 
1224 9 1260 192 F: 3 4 2 
1230 8 1246 236 F: 4 4 
1234 10 1244 16 F: 3 4 3 
1261 11 1272 52 F: 7 4 
1270 5 1290 229 F: 5 
1308 6 1320 202 F: 2 2 2 
1349 5 1369 25 F: 3 2 
1356 5 1366 244 F: 3 1 1 
1373 7 1380 195 F: 5 2 
1384 8 1416 171 F: 8 
1408 5 1413 38 F: 3 2 
1410 10 1430 61 F: 10 
1440 7 1461 64 F: 4 2 1 
1445 11 1478 97 F: 11 
1472 7 1493 134 F: 7 
1504 8 1520 117 F: 4 4 
1507 9 1534 160 F: 5 4 
1534 12 1570 83 F: 4 4 4 
1558 2 1562 199 F: 2 
1560 10 1600 38 F: 10 
1637 4 1645 220 F: 2 2 
1652 7 1680 149 F: 7 
1657 12 1693 208 F: 6 6 
1679 8 1695 37 F: 4 4 
1698 4 1702 103 F: 3 1 
1704 3 1707 245 F: 2 1 
1712 8 1720 59 F: 4 1 3 
1744 10 1774 175 F: 10 
1760 5 1770 103 F: 2 1 2 
1785 12 1809 95 F: 7 5 
1845 6 1869 120 F: 2 4 
1847 4 1855 158 F: 2 1 1 
1851 7 1865 214 F: 6 1 
1858 7 1865 73 F: 7 
1868 6 1874 191 F: 3 3 
1901 9 1910 140 F: 6 3 
1944 9 1980 203 F: 4 5 
1953 10 1963 182 F: 10 
1991 11 2002 89 F: 5 6 
1993 9 2011 141 F: 3 6 
2031 6 2049 61 F: 3 2 1 
2050 7 2071 33 F: 6 1 
2055 7 2069 96 F: 2 5 
2074 5 2094 75 F: 2 2 1 
2081 8 2089 94 F: 7 1 
2101 4 2109 120 F: 2 2 
2106 7 2113 106 F: 3 1 3 
2164 8 2196 106 F: 3 5 
2164 10 2174 162 F: 5 3 2 
2170 7 2184 196 F: 7 
2215 4 2223 19 F: 4 
2243 7 2257 209 F: 5 1 1 
2252 13 2291 36 F: 7 6 
2253 6 2277 160 F: 3 2 1 
2254 9 2272 127 F: 6 3 
2339 10 2369 225 F: 4 6 
2341 9 2368 25 F: 7 2 
2366 4 2382 164 F: 4 
2371 7 2378 186 F: 7 
2382 11 2404 155 F: 5 2 4 
2400 11 2444 1 F: 3 4 4 
2418 8 2442 169 F: 8 
2419 7 2433 230 F: 7 
2487 9 2505 84 F: 9 
2492 7 2499 40 F: 2 4 1 
2518 7 2539 67 F: 7 
2547 5 2552 9 F: 3 2 
2558 2 2566 119 F: 2 
2561 7 2589 238 F: 2 4 1 
2574 11 2618 116 F: 7 4 
2608 9 2626 78 F: 3 6 
2623 10 2663 95 F: 7 3 
2624 6 2636 142 F: 4 2 
2638 6 2644 96 F: 2 4 
2663 6 2681 236 F: 3 1 2 
2704 3 2713 7 F: 3 
2710 8 2742 168 F: 8 
2731 9 2758 73 F: 9 
2732 7 2753 152 F: 2 3 2 
2749 9 2767 87 F: 5 2 2 
2853 13 2866 228 F: 13 
2858 9 2876 47 F: 5 4 
2860 12 2872 74 F: 4 4 4 
2864 13 2916 171 F: 13 
2882 12 2906 177 F: 12 
2903 5 2908 162 F: 3 2 
2910 6 2928 118 F: 2 1 3 
2922 8 2946 95 F: 7 1 
2932 12 2980 225 F: 12 
2943 7 2957 193 F: 7 
3056 6 3074 69 F: 6 
3068 7 3089 3 F: 7 
3077 12 3113 43 F: 7 5 
3087 7 3094 160 F: 2 3 2 
3092 13 3118 246 F: 13 
3110 7 3124 166 F: 3 4 
3155 11 3166 36 F: 5 6 
3178 10 3198 242 F: 4 4 2 
3191 9 3218 191 F: 9 
3193 10 3213 11 F: 10 
3234 13 3273 16 F: 13 
3237 10 3267 220 F: 10 
3248 8 3256 70 F: 4 3 1 
3276 5 3286 98 F: 3 1 1 
3288 7 3295 192 F: 2 4 1 
3316 8 3332 134 F: 3 2 3 
3363 3 3375 25 F: 3 
3382 6 3388 188 F: 3 1 2 
3386 10 3416 15 F: 10 
3397 11 3408 106 F: 4 4 3 
3417 8 3441 239 F: 8 
3419 10 3429 244 F: 5 5 
3420 12 3444 154 F: 12 
3457 11 3501 79 F: 6 5 
3462 3 3465 232 F: 3 
3506 10 3536 140 F: 5 2 3 
3516 7 3544 33 F: 7 
3536 10 3556 136 F: 5 4 1 
3537 9 3564 161 F: 9 
3537 10 3567 241 F: 10 
3634 10 3664 8 F: 7 3 
3653 5 3658 76 F: 2 3 
3653 5 3673 163 F: 5 
3666 7 3694 214 F: 5 1 1 
3691 8 3707 215 F: 4 1 3 
3736 9 3763 120 F: 3 6 
3756 8 3788 115 F: 7 1 
3764 7 3792 54 F: 4 2 1 
3766 10 3786 201 F: 4 4 2 
3797 9 3833 127 F: 4 4 1 
3861 8 3885 152 F: 5 1 2 
3861 9 3897 116 F: 5 2 2 
3870 4 3882 9 F: 4 
3884 9 3902 99 F: 9 
3898 7 3919 236 F: 2 5 
3924 8 3948 29 F: 3 1 4 
3927 6 3939 10 F: 3 2 1 
3939 6 3957 197 F: 6 
3949 6 3955 49 F: 5 1 
3958 9 3976 209 F: 9 
4003 11 4036 37 F: 6 5 
4030 7 4058 124 F: 6 1 
4038 11 4049 85 F: 11 
4048 8 4080 13 F: 4 4 
4093 13 4145 211 F: 13 
4137 8 4169 159 F: 5 3 
4144 10 4154 185 F: 4 4 2 
4181 9 4190 107 F: 5 1 3 
4184 4 4188 228 F: 4 
4199 6 4211 57 F: 6 
4205 9 4223 228 F: 6 3 
4223 2 4225 36 F: 2 
4249 11 4293 246 F: 5 4 2 
4258 12 4294 236 F: 12 
4272 13 4324 169 F: 13 
4303 11 4314 157 F: 4 3 4 
4311 5 4316 101 F: 3 1 1 
4353 9 4371 185 F: 2 3 4 
4385 8 4401 231 F: 7 1 
4395 8 4419 145 F: 8 
4414 5 4429 125 F: 3 1 1 
4438 11 4471 128 F: 4 4 3 
4443 13 4482 131 F: 13 
4494 9 4521 22 F: 3 2 4 
4498 7 4526 159 F: 2 4 1 
4504 12 4516 42 F: 12 
4519 10 4559 59 F: 4 6 
4524 9 4533 52 F: 6 3 
4533 9 4542 215 F: 6 3 
4599 9 4635 195 F: 4 5 
4618 8 4626 240 F: 3 5 
4638 8 4654 245 F: 3 5 
4639 9 4657 115 F: 4 5 
4652 13 4691 7 F: 13 
4671 10 4691 203 F: 10 
4710 4 4718 179 F: 2 2 
4716 11 4727 22 F: 11 
4772 9 4790 37 F: 4 5 
4785 9 4821 168 F: 7 2 
4794 8 4818 137 F: 3 5 
4829 7 4843 245 F: 3 1 3 
4845 8 4877 22 F: 5 2 1 
4848 11 4859 180 F: 11 
4856 10 4866 166 F: 2 4 4 
4877 8 4909 84 F: 3 5 
4907 12 4943 84 F: 6 6 
4931 11 4964 64 F: 11 
4955 8 4963 61 F: 8 
4989 7 5003 109 F: 7 
4992 12 5040 81 F: 12 
D: 3 199 
D: 5 71 
D: 8 121 
D: 19 22 
D: 25 74 
D: 25 159 
D: 49 162 
D: 52 95 
D: 59 205 
D: 60 81 
D: 61 118 
D: 65 91 
D: 69 125 
D: 72 134 
D: 87 239 
D: 101 139 
D: 105 147 
D: 129 223 
D: 132 177 
D: 152 164 
D: 152 170 
D: 164 197 
D: 172 189 
D: 177 187 
D: 185 241 
