27 8 35 144 F: 5 2 1 
35 7 56 190 F: 5 2 
56 6 74 130 F: 6 
58 2 60 193 F: 2 
73 12 109 136 F: 12 
102 6 108 143 F: 6 
126 8 158 156 F: 8 
129 8 137 18 F: 4 4 
131 10 171 47 F: 5 5 
132 13 158 192 F: 13 
229 7 257 204 F: 7 
230 2 236 218 F: 2 
263 13 276 13 F: 5 4 4 
278 11 311 84 F: 11 
285 10 305 59 F: 10 
311 5 326 10 F: 5 
381 8 413 15 F: 4 1 3 
385 11 396 7 F: 6 5 
386 13 399 130 F: 13 
387 6 405 21 F: 6 
400 11 444 43 F: 5 4 2 
457 3 463 143 F: 3 
461 6 467 22 F: 3 3 
475 10 505 38 F: 6 4 
487 6 493 92 F: 2 1 3 
519 9 555 5 F: 5 4 
527 10 567 89 F: 3 4 3 
555 13 594 246 F: 13 
556 2 558 241 F: 2 
572 9 581 87 F: 6 3 
619 10 649 250 F: 10 
630 3 636 103 F: 3 
639 5 649 161 F: 3 2 
641 12 677 62 F: 6 6 
656 8 664 14 F: 4 4 
712 13 725 1 F: 13 
729 8 761 237 F: 7 1 
744 2 752 17 F: 2 
749 10 789 149 F: 4 4 2 
793 8 809 238 F: 8 
813 6 825 230 F: 4 2 
815 3 821 44 F: 2 1 
831 3 843 232 F: 3 
837 6 861 61 F: 4 2 
894 11 938 19 F: 4 4 3 
917 7 938 55 F: 3 1 3 
939 12 975 29 F: 12 
947 10 957 224 F: 4 2 4 
953 9 980 127 F: 9 
993 4 1009 249 F: 4 
1003 13 1016 58 F: 13 
1025 11 1058 65 F: 5 2 4 
1049 9 1058 121 F: 2 4 3 
1070 6 1082 191 F: 2 2 2 
1085 2 1091 61 F: 2 
1107 3 1119 33 F: 2 1 
1147 11 1158 42 F: 11 
1159 6 1177 141 F: 2 4 
1171 10 1201 24 F: 10 
1193 7 1214 23 F: 7 
1228 4 1232 61 F: 2 2 
1265 8 1281 88 F: 5 3 
1279 4 1295 72 F: 3 1 
1290 6 1314 177 F: 3 3 
1295 8 1311 150 F: 6 2 
1301 7 1322 95 F: 4 3 
1303 10 1313 245 F: 4 2 4 
1338 7 1345 92 F: 2 5 
1339 8 1347 171 F: 3 5 
1366 4 1374 23 F: 2 1 1 
1410 4 1418 200 F: 2 1 1 
1418 5 1423 177 F: 5 
1448 10 1458 10 F: 10 
1459 13 1498 60 F: 7 6 
1480 13 1493 202 F: 13 
1511 6 1535 193 F: 6 
1534 6 1546 42 F: 6 
1555 9 1582 184 F: 9 
1566 10 1586 156 F: 4 3 3 
1598 2 1604 248 F: 2 
1629 8 1661 29 F: 7 1 
1643 8 1651 171 F: 3 4 1 
1663 12 1699 247 F: 12 
1691 12 1727 99 F: 6 6 
1694 12 1742 164 F: 7 5 
1711 3 1714 11 F: 3 
1718 3 1730 46 F: 2 1 
1724 8 1732 46 F: 2 6 
1744 12 1780 66 F: 5 3 4 
1781 8 1805 57 F: 3 5 
1810 5 1830 94 F: 5 
1818 2 1820 98 F: 2 
1852 4 1864 216 F: 3 1 
1859 5 1864 206 F: 5 
1888 8 1920 14 F: 2 3 3 
1903 5 1913 116 F: 5 
1916 8 1940 109 F: 5 3 
1922 5 1937 144 F: 5 
1930 10 1950 236 F: 5 5 
1964 7 1978 21 F: 2 4 1 
2014 7 2028 140 F: 5 2 
2014 9 2050 56 F: 3 3 3 
2019 7 2047 91 F: 2 2 3 
2050 7 2071 139 F: 2 4 1 
2067 10 2077 239 F: 5 1 4 
2113 2 2119 100 F: 2 
2126 12 2162 126 F: 4 4 4 
2144 7 2151 129 F: 2 2 3 
2165 5 2185 237 F: 5 
2171 7 2199 6 F: 4 1 2 
2204 6 2222 195 F: 3 3 
2206 8 2238 41 F: 3 3 2 
2251 9 2260 179 F: 7 2 
2255 6 2267 65 F: 4 2 
2273 12 2321 236 F: 12 
2309 8 2325 238 F: 8 
2322 8 2338 6 F: 5 3 
2322 9 2349 11 F: 6 3 
2337 10 2347 78 F: 7 3 
2359 5 2364 134 F: 5 
2407 9 2416 110 F: 4 2 3 
2414 9 2432 27 F: 9 
2420 13 2459 112 F: 5 4 4 
2475 3 2478 143 F: 3 
2477 7 2505 195 F: 2 4 1 
2502 7 2516 169 F: 4 2 1 
2513 7 2534 158 F: 7 
2582 12 2606 209 F: 12 
2590 10 2610 48 F: 10 
2597 8 2629 137 F: 5 3 
2610 8 2626 233 F: 8 
2663 10 2673 215 F: 5 3 2 
2676 10 2706 19 F: 4 2 4 
2677 7 2691 174 F: 5 1 1 
2679 7 2700 67 F: 4 3 
2702 8 2710 107 F: 4 1 3 
2763 6 2781 97 F: 6 
2785 10 2795 15 F: 5 2 3 
2787 9 2805 234 F: 3 6 
2789 6 2813 112 F: 3 1 2 
2800 10 2840 223 F: 4 4 2 
2852 13 2865 91 F: 13 
2854 8 2886 174 F: 6 2 
2865 4 2881 174 F: 4 
2870 7 2884 155 F: 5 1 1 
2908 7 2936 170 F: 7 
2912 5 2927 77 F: 2 3 
2962 6 2986 9 F: 3 2 1 
2966 13 3005 23 F: 13 
2990 5 3010 83 F: 5 
3020 9 3047 167 F: 9 
3021 13 3073 59 F: 13 
3025 9 3043 52 F: 4 5 
3065 5 3080 45 F: 2 2 1 
3072 9 3108 182 F: 5 4 
3104 8 3120 221 F: 6 2 
3113 8 3145 244 F: 7 1 
3114 7 3142 176 F: 7 
3131 7 3138 157 F: 4 3 
3196 6 3214 199 F: 4 2 
3231 9 3240 168 F: 3 2 4 
3249 11 3260 231 F: 3 4 4 
3252 7 3259 9 F: 5 1 1 
3255 8 3263 115 F: 2 6 
3266 6 3272 52 F: 6 
3320 11 3331 200 F: 7 4 
3358 7 3365 121 F: 7 
3362 7 3376 164 F: 7 
3370 7 3377 180 F: 3 4 
3393 9 3411 231 F: 4 4 1 
3411 9 3447 216 F: 4 3 2 
3418 9 3454 32 F: 4 5 
3420 8 3452 156 F: 5 3 
3459 2 3463 170 F: 2 
3485 7 3513 117 F: 7 
3549 12 3585 106 F: 7 5 
3557 12 3569 52 F: 12 
3572 7 3579 81 F: 2 5 
3572 9 3590 42 F: 9 
3585 10 3605 21 F: 5 3 2 
3600 5 3610 123 F: 3 2 
3635 7 3649 101 F: 2 4 1 
3658 8 3674 164 F: 8 
3667 9 3685 178 F: 9 
3676 10 3686 106 F: 4 3 3 
3726 5 3741 136 F: 2 2 1 
3741 5 3761 105 F: 2 1 2 
3755 8 3763 148 F: 8 
3769 10 3809 150 F: 10 
3790 8 3806 147 F: 2 6 
3847 7 3868 238 F: 3 1 3 
3847 12 3859 180 F: 5 3 4 
3852 7 3866 220 F: 6 1 
3862 12 3910 182 F: 6 6 
3866 11 3910 147 F: 5 6 
3920 7 3934 86 F: 4 3 
3921 6 3933 137 F: 3 2 1 
3921 10 3961 184 F: 5 4 1 
3929 9 3965 109 F: 3 2 4 
3952 6 3970 71 F: 3 1 2 
4044 4 4056 220 F: 4 
4068 9 4095 152 F: 4 1 4 
4092 5 4107 145 F: 4 1 
4095 10 4115 194 F: 5 1 4 
4096 6 4120 195 F: 6 
4113 9 4122 24 F: 9 
4121 9 4130 155 F: 4 3 2 
4144 7 4151 165 F: 5 2 
4178 13 4191 83 F: 13 
4196 13 4222 40 F: 13 
4214 8 4230 32 F: 8 
4219 9 4237 35 F: 5 4 
4230 7 4258 159 F: 3 2 2 
4253 8 4269 36 F: 3 5 
4278 8 4294 14 F: 8 
4305 11 4349 242 F: 11 
4323 7 4351 4 F: 7 
4331 10 4361 136 F: 6 4 
4345 5 4350 26 F: 5 
4397 8 4429 79 F: 4 3 1 
4411 9 4447 29 F: 5 1 3 
4425 11 4436 128 F: 5 6 
4439 10 4479 227 F: 6 4 
4451 6 4463 160 F: 4 2 
4488 12 4500 106 F: 5 3 4 
4514 6 4520 89 F: 4 1 1 
4523 10 4533 230 F: 3 4 3 
4531 11 4553 15 F: 11 
4554 4 4566 68 F: 3 1 
4580 11 4624 220 F: 6 5 
4603 6 4609 23 F: 3 2 1 
4623 10 4663 165 F: 5 4 1 
4624 11 4646 222 F: 7 4 
4663 10 4673 120 F: 10 
4664 7 4692 164 F: 4 3 
4741 11 4752 33 F: 11 
4748 6 4760 145 F: 4 1 1 
4768 4 4784 23 F: 2 1 1 
4777 8 4801 31 F: 2 6 
4782 6 4788 248 F: 2 1 3 
4803 12 4827 223 F: 4 4 4 
4819 12 4831 175 F: 12 
4878 8 4910 137 F: 4 1 3 
4884 11 4895 11 F: 11 
4894 9 4903 67 F: 3 6 
4902 10 4912 103 F: 4 6 
4903 7 4924 57 F: 2 2 3 
4910 13 4962 3 F: 7 6 
4936 8 4960 224 F: 4 4 
4960 7 4967 200 F: 4 1 2 
D: 0 49 
D: 8 188 
D: 9 12 
D: 9 46 
D: 25 97 
D: 30 194 
D: 37 243 
D: 40 72 
D: 41 127 
D: 43 138 
D: 47 168 
D: 64 113 
D: 69 97 
D: 71 190 
D: 79 147 
D: 88 192 
D: 92 141 
D: 93 152 
D: 98 126 
D: 107 211 
D: 127 132 
D: 139 161 
D: 156 220 
D: 186 205 
D: 199 232 
