8 9 17 242 F: 4 5 
17 9 26 230 F: 2 3 4 
32 8 48 184 F: 5 1 2 
52 11 85 95 F: 7 4 
70 3 73 87 F: 3 
135 12 183 6 F: 12 
144 7 158 15 F: 6 1 
146 6 152 80 F: 3 2 1 
146 9 155 238 F: 3 2 4 
167 9 194 158 F: 4 4 1 
214 7 221 235 F: 2 4 1 
267 7 281 38 F: 4 1 2 
283 2 289 48 F: 2 
285 7 299 183 F: 7 
299 5 314 57 F: 4 1 
341 10 371 69 F: 5 1 4 
369 7 383 158 F: 2 5 
385 2 389 69 F: 2 
385 10 415 228 F: 4 3 3 
398 5 408 112 F: 3 2 
452 4 460 80 F: 2 2 
465 8 481 188 F: 4 2 2 
466 10 486 193 F: 4 4 2 
485 6 503 183 F: 2 1 3 
493 6 511 51 F: 4 2 
502 9 511 31 F: 9 
503 9 539 202 F: 7 2 
513 8 521 82 F: 8 
571 3 574 159 F: 3 
571 12 583 41 F: 12 
616 3 625 74 F: 3 
625 8 657 95 F: 5 3 
668 2 672 101 F: 2 
673 7 701 63 F: 2 3 2 
695 12 707 189 F: 4 4 4 
722 9 749 198 F: 9 
779 9 806 59 F: 3 4 2 
780 9 798 68 F: 4 2 3 
787 8 795 39 F: 3 5 
789 8 813 213 F: 5 3 
800 9 818 94 F: 9 
836 11 869 134 F: 11 
858 7 886 66 F: 2 5 
880 8 912 221 F: 8 
895 8 911 128 F: 4 3 1 
902 11 924 98 F: 5 6 
918 12 966 110 F: 12 
935 2 939 39 F: 2 
943 4 955 133 F: 4 
943 10 963 135 F: 5 2 3 
1010 8 1042 80 F: 3 3 2 
1044 9 1071 140 F: 3 6 
1052 8 1076 187 F: 5 2 1 
1062 11 1106 61 F: 4 4 3 
1079 7 1100 11 F: 2 5 
1102 3 1108 90 F: 3 
1104 9 1113 39 F: 6 3 
1105 9 1132 128 F: 4 5 
1117 2 1123 96 F: 2 
1149 7 1170 174 F: 2 3 2 
1220 7 1227 77 F: 7 
1230 8 1246 142 F: 6 2 
1250 10 1270 38 F: 10 
1259 5 1274 226 F: 2 3 
1289 5 1304 134 F: 3 1 1 
1311 4 1327 133 F: 4 
1328 6 1340 138 F: 6 
1362 3 1371 132 F: 3 
1387 5 1407 115 F: 2 1 2 
1388 11 1421 30 F: 4 4 3 
1403 9 1430 37 F: 9 
1462 9 1480 249 F: 5 2 2 
1470 11 1492 156 F: 5 6 
1472 11 1505 223 F: 11 
1493 9 1529 178 F: 2 4 3 
1501 13 1553 158 F: 13 
1551 6 1557 50 F: 6 
1570 4 1578 33 F: 4 
1584 9 1602 139 F: 9 
1589 5 1604 72 F: 4 1 
1615 12 1651 218 F: 5 4 3 
1625 12 1637 128 F: 12 
1630 5 1640 242 F: 5 
1644 3 1647 113 F: 3 
1664 10 1704 225 F: 10 
1743 10 1753 95 F: 6 4 
1756 5 1761 224 F: 5 
1759 4 1771 199 F: 4 
1767 10 1807 138 F: 6 4 
1789 10 1809 90 F: 5 2 3 
1803 5 1818 136 F: 5 
1809 8 1833 58 F: 3 5 
1865 6 1871 178 F: 4 2 
1884 12 1896 111 F: 6 6 
1887 9 1914 237 F: 7 2 
1902 12 1914 142 F: 7 5 
1955 9 1973 106 F: 9 
1961 7 1968 191 F: 3 3 1 
1968 8 1976 66 F: 2 4 2 
1972 10 2012 39 F: 6 4 
2029 8 2061 144 F: 3 4 1 
2037 6 2061 79 F: 3 1 2 
2049 8 2057 27 F: 8 
2081 6 2093 227 F: 6 
2097 8 2129 208 F: 3 5 
2107 11 2129 152 F: 4 3 4 
2124 6 2136 69 F: 6 
2129 10 2159 239 F: 4 4 2 
2181 6 2205 202 F: 2 3 1 
2188 10 2198 198 F: 4 4 2 
2213 3 2216 133 F: 3 
2234 5 2254 93 F: 5 
2257 6 2275 190 F: 6 
2263 8 2287 147 F: 8 
2266 7 2294 55 F: 5 2 
2327 7 2355 7 F: 5 1 1 
2340 10 2370 142 F: 7 3 
2368 2 2372 36 F: 2 
2369 5 2379 108 F: 2 2 1 
2389 5 2404 206 F: 2 2 1 
2402 8 2418 112 F: 7 1 
2429 8 2445 92 F: 2 2 4 
2439 12 2463 8 F: 12 
2458 13 2510 196 F: 7 6 
2493 11 2537 106 F: 4 4 3 
2503 7 2510 151 F: 6 1 
2521 13 2573 40 F: 5 4 4 
2524 9 2533 216 F: 4 2 3 
2524 9 2560 162 F: 9 
2530 11 2563 73 F: 7 4 
2601 10 2611 221 F: 5 2 3 
2615 3 2618 249 F: 2 1 
2643 8 2659 28 F: 4 4 
2671 9 2689 226 F: 3 6 
2695 11 2717 56 F: 11 
2706 9 2724 49 F: 4 5 
2752 2 2756 87 F: 2 
2762 5 2782 40 F: 4 1 
2792 5 2802 183 F: 2 3 
2798 8 2830 191 F: 3 4 1 
2802 8 2818 193 F: 5 3 
2849 5 2869 61 F: 2 3 
2867 6 2879 158 F: 4 1 1 
2888 12 2936 137 F: 4 4 4 
2894 8 2918 113 F: 2 6 
2906 8 2922 35 F: 5 1 2 
2926 8 2958 86 F: 7 1 
2932 4 2944 119 F: 4 
2936 5 2946 148 F: 3 2 
2998 7 3019 165 F: 5 2 
3017 11 3050 191 F: 5 6 
3029 11 3062 158 F: 4 3 4 
3045 8 3061 56 F: 4 3 1 
3091 7 3112 247 F: 2 1 4 
3098 11 3109 49 F: 5 6 
3100 4 3112 108 F: 4 
3126 8 3134 193 F: 8 
3187 7 3208 53 F: 2 5 
3199 8 3207 7 F: 5 1 2 
3199 10 3219 132 F: 2 4 4 
3223 6 3235 170 F: 4 1 1 
3252 11 3274 202 F: 4 3 4 
3255 6 3261 243 F: 6 
3283 3 3289 13 F: 3 
3287 9 3323 105 F: 9 
3342 7 3370 12 F: 6 1 
3361 5 3371 213 F: 4 1 
3374 13 3387 183 F: 13 
3396 7 3403 156 F: 6 1 
3398 7 3412 90 F: 3 2 2 
3400 9 3436 183 F: 9 
3401 11 3423 132 F: 11 
3412 11 3445 227 F: 7 4 
3444 3 3447 101 F: 2 1 
3479 10 3489 45 F: 4 3 3 
3518 2 3526 131 F: 2 
3554 5 3559 230 F: 2 2 1 
3570 11 3592 22 F: 6 5 
3576 13 3615 236 F: 13 
3589 5 3594 173 F: 3 2 
3608 8 3640 174 F: 4 4 
3621 11 3654 32 F: 4 3 4 
3632 12 3668 13 F: 7 5 
3656 8 3688 38 F: 4 1 3 
3673 4 3689 24 F: 3 1 
3703 6 3721 73 F: 4 1 1 
3714 6 3726 4 F: 4 2 
3733 3 3736 87 F: 3 
3738 7 3745 239 F: 3 2 2 
3778 12 3814 238 F: 6 6 
3810 9 3819 189 F: 9 
3837 8 3861 34 F: 2 4 2 
3869 12 3893 172 F: 12 
3875 9 3884 88 F: 3 4 2 
3875 12 3923 179 F: 12 
3922 9 3949 124 F: 9 
3946 9 3973 148 F: 4 3 2 
3980 11 4013 131 F: 11 
3984 7 4012 8 F: 7 
3995 13 4008 68 F: 7 6 
4026 10 4056 171 F: 6 4 
4049 7 4063 147 F: 3 2 2 
4073 4 4089 9 F: 3 1 
4085 11 4129 51 F: 5 4 2 
4096 13 4122 226 F: 13 
4138 7 4166 21 F: 3 2 2 
4140 11 4151 158 F: 11 
4161 7 4189 65 F: 2 2 3 
4164 11 4208 243 F: 11 
4191 8 4223 89 F: 3 1 4 
4216 8 4224 140 F: 8 
4244 3 4247 83 F: 2 1 
4253 8 4261 118 F: 8 
4281 7 4288 217 F: 7 
4298 11 4309 82 F: 5 6 
4312 10 4342 150 F: 3 4 3 
4339 5 4359 147 F: 2 2 1 
4355 7 4376 183 F: 2 3 2 
4357 7 4385 238 F: 3 2 2 
4359 11 4370 250 F: 11 
4409 6 4415 222 F: 4 2 
4465 11 4509 134 F: 11 
4488 7 4495 189 F: 3 3 1 
4491 7 4512 57 F: 5 1 1 
4492 13 4544 210 F: 13 
4551 7 4558 177 F: 3 2 2 
4557 8 4581 115 F: 8 
4562 9 4589 83 F: 5 4 
4582 8 4614 10 F: 3 2 3 
4583 10 4613 51 F: 6 4 
4603 8 4611 224 F: 3 4 1 
4651 11 4673 2 F: 5 2 4 
4662 4 4666 84 F: 2 2 
4681 10 4701 179 F: 6 4 
4684 9 4711 112 F: 3 2 4 
4731 6 4737 116 F: 3 3 
4736 8 4768 19 F: 5 1 2 
4753 7 4760 189 F: 3 3 1 
4765 10 4775 191 F: 5 4 1 
4775 9 4802 9 F: 9 
4816 10 4846 189 F: 6 4 
4852 10 4872 154 F: 10 
4853 5 4863 92 F: 5 
4876 4 4884 99 F: 2 1 1 
4899 8 4907 140 F: 3 1 4 
4911 7 4939 186 F: 2 1 4 
4935 7 4963 190 F: 7 
4951 10 4981 139 F: 4 6 
4955 7 4976 129 F: 2 5 
4969 11 4980 184 F: 5 6 
D: 10 66 
D: 11 30 
D: 20 55 
D: 24 48 
D: 27 97 
D: 35 187 
D: 41 62 
D: 41 204 
D: 50 83 
D: 64 103 
D: 65 160 
D: 73 115 
D: 76 114 
D: 85 195 
D: 89 241 
D: 94 237 
D: 97 102 
D: 132 207 
D: 137 182 
D: 144 227 
D: 145 210 
D: 167 235 
D: 176 192 
D: 184 206 
D: 189 233 
