3 9 12 163 F: 3 3 3 
50 11 72 106 F: 11 
50 11 83 175 F: 11 
71 9 107 39 F: 9 
74 5 79 13 F: 5 
146 10 176 61 F: 5 5 
166 8 174 160 F: 2 2 4 
166 9 202 70 F: 3 2 4 
176 10 196 155 F: 6 4 
190 7 204 49 F: 6 1 
209 8 225 136 F: 5 3 
219 8 251 109 F: 6 2 
257 10 267 72 F: 10 
261 6 273 209 F: 6 
263 10 303 9 F: 5 1 4 
308 2 316 98 F: 2 
340 7 354 181 F: 3 4 
344 9 353 9 F: 5 2 2 
387 8 419 27 F: 3 3 2 
395 10 415 61 F: 5 2 3 
435 7 449 47 F: 3 4 
451 13 464 83 F: 13 
466 7 480 131 F: 2 5 
474 7 495 222 F: 2 3 2 
494 9 530 62 F: 9 
501 9 510 40 F: 4 5 
523 5 543 49 F: 5 
529 8 561 98 F: 6 2 
539 12 563 234 F: 12 
582 3 585 123 F: 3 
631 6 637 87 F: 6 
632 5 652 231 F: 5 
646 4 650 240 F: 2 2 
663 13 702 223 F: 7 6 
667 8 691 128 F: 2 4 2 
706 10 716 55 F: 6 4 
729 5 744 80 F: 2 1 2 
771 7 785 81 F: 3 1 3 
784 8 816 218 F: 2 2 4 
795 4 799 118 F: 4 
814 4 822 5 F: 2 2 
847 12 895 182 F: 5 3 4 
853 10 883 8 F: 5 3 2 
883 7 890 91 F: 7 
899 12 923 209 F: 12 
901 13 927 224 F: 7 6 
904 2 908 197 F: 2 
975 5 980 42 F: 5 
985 5 990 207 F: 5 
999 3 1002 208 F: 3 
1054 5 1059 72 F: 5 
1054 9 1063 202 F: 9 
1058 8 1066 221 F: 8 
1068 3 1074 140 F: 3 
1071 6 1077 40 F: 6 
1103 7 1124 196 F: 7 
1111 11 1155 23 F: 11 
1121 8 1129 33 F: 3 5 
1144 6 1168 152 F: 2 2 2 
1164 8 1196 177 F: 3 2 3 
1200 12 1212 116 F: 7 5 
1240 9 1267 142 F: 4 1 4 
1290 7 1318 31 F: 4 3 
1293 10 1323 197 F: 4 3 3 
1299 8 1323 193 F: 2 6 
1315 9 1333 195 F: 5 4 
1328 9 1337 81 F: 6 3 
1334 12 1346 125 F: 5 4 3 
1364 2 1368 249 F: 2 
1389 5 1399 1 F: 2 2 1 
1444 3 1447 95 F: 3 
1461 2 1463 135 F: 2 
1470 7 1477 152 F: 6 1 
1474 10 1484 70 F: 3 3 4 
1487 7 1494 146 F: 3 1 3 
1532 8 1564 14 F: 5 1 2 
1534 9 1552 126 F: 3 3 3 
1556 6 1580 158 F: 4 2 
1558 7 1565 230 F: 7 
1567 5 1582 39 F: 5 
1614 10 1644 234 F: 5 5 
1637 8 1645 202 F: 8 
1646 7 1653 74 F: 4 1 2 
1660 13 1712 243 F: 13 
1664 12 1712 186 F: 7 5 
1710 10 1720 117 F: 4 6 
1753 5 1768 126 F: 2 3 
1767 2 1773 25 F: 2 
1773 7 1780 180 F: 3 4 
1792 7 1806 184 F: 7 
1811 10 1831 40 F: 5 3 2 
1831 4 1839 34 F: 4 
1831 8 1863 87 F: 2 3 3 
1849 8 1857 106 F: 2 2 4 
1881 10 1901 170 F: 4 4 2 
1937 4 1953 212 F: 3 1 
1943 9 1952 148 F: 5 3 1 
1983 5 1998 65 F: 5 
1985 7 2006 209 F: 2 5 
1997 10 2017 243 F: 5 5 
2008 12 2044 206 F: 12 
2019 13 2032 66 F: 13 
2034 11 2045 218 F: 7 4 
2044 8 2068 21 F: 5 1 2 
2058 9 2076 114 F: 9 
2103 9 2112 75 F: 7 2 
2127 7 2134 10 F: 3 4 
2132 8 2140 140 F: 3 1 4 
2159 5 2164 14 F: 4 1 
2193 4 2201 198 F: 4 
2202 6 2214 213 F: 3 3 
2223 5 2243 102 F: 5 
2237 11 2270 217 F: 5 6 
2256 9 2283 47 F: 5 2 2 
2288 2 2294 71 F: 2 
2332 3 2341 215 F: 3 
2354 9 2390 163 F: 4 2 3 
2354 10 2394 189 F: 3 3 4 
2379 8 2411 6 F: 4 4 
2381 11 2403 142 F: 5 3 3 
2409 9 2445 189 F: 7 2 
2412 2 2416 96 F: 2 
2419 9 2455 31 F: 4 4 1 
2478 12 2490 79 F: 5 4 3 
2496 8 2504 235 F: 8 
2501 8 2533 83 F: 8 
2502 10 2542 238 F: 10 
2530 11 2574 164 F: 11 
2535 9 2571 122 F: 3 6 
2579 10 2599 43 F: 3 4 3 
2603 6 2609 147 F: 6 
2637 9 2655 137 F: 7 2 
2639 3 2651 145 F: 3 
2683 9 2719 115 F: 3 4 2 
2698 7 2719 38 F: 7 
2737 9 2764 226 F: 9 
2740 3 2746 95 F: 3 
2748 12 2796 163 F: 6 6 
2777 8 2809 46 F: 5 1 2 
2778 9 2787 167 F: 4 3 2 
2820 9 2856 9 F: 9 
2826 3 2835 153 F: 3 
2870 5 2885 181 F: 2 2 1 
2876 6 2900 3 F: 4 1 1 
2899 7 2906 134 F: 2 5 
2911 4 2915 69 F: 2 2 
2919 5 2924 94 F: 5 
2922 9 2931 13 F: 3 2 4 
2959 13 2985 144 F: 7 6 
2995 8 3027 96 F: 8 
3065 6 3083 33 F: 5 1 
3074 10 3084 8 F: 10 
3076 13 3115 79 F: 5 4 4 
3086 13 3099 243 F: 5 4 4 
3094 6 3118 243 F: 4 2 
3106 9 3142 198 F: 9 
3130 10 3140 182 F: 10 
3164 7 3185 157 F: 2 4 1 
3178 3 3187 182 F: 3 
3178 10 3198 70 F: 3 3 4 
3203 10 3243 111 F: 5 2 3 
3211 8 3235 148 F: 6 2 
3233 3 3242 158 F: 3 
3239 11 3250 139 F: 6 5 
3299 5 3309 208 F: 3 2 
3329 13 3368 4 F: 13 
3330 4 3334 165 F: 4 
3333 8 3341 247 F: 8 
3335 8 3359 125 F: 4 4 
3399 11 3410 123 F: 11 
3409 11 3431 66 F: 11 
3423 10 3463 102 F: 10 
3452 2 3460 205 F: 2 
3466 13 3518 134 F: 7 6 
3499 6 3511 242 F: 2 4 
3537 9 3564 174 F: 3 6 
3546 4 3562 16 F: 2 2 
3548 11 3592 111 F: 7 4 
3578 4 3594 157 F: 3 1 
3580 12 3616 60 F: 6 6 
3614 9 3632 103 F: 4 3 2 
3625 10 3655 184 F: 4 6 
3644 10 3654 173 F: 6 4 
3647 7 3675 30 F: 4 3 
3680 4 3684 249 F: 3 1 
3716 5 3721 230 F: 3 2 
3729 7 3757 140 F: 3 3 1 
3736 12 3748 127 F: 12 
3741 9 3750 99 F: 4 5 
3793 6 3817 206 F: 2 2 2 
3801 12 3825 19 F: 6 6 
3818 4 3826 16 F: 4 
3830 10 3870 28 F: 4 3 3 
3840 5 3855 186 F: 3 2 
3863 7 3884 194 F: 2 1 4 
3906 9 3915 76 F: 5 3 1 
3921 7 3935 249 F: 5 1 1 
3934 5 3949 150 F: 5 
3961 6 3973 238 F: 6 
3999 6 4017 67 F: 6 
4000 3 4012 88 F: 3 
4032 12 4080 221 F: 5 3 4 
4035 7 4063 56 F: 4 3 
4084 7 4112 115 F: 3 2 2 
4096 10 4136 149 F: 4 3 3 
4118 11 4151 105 F: 5 6 
4150 13 4189 49 F: 5 4 4 
4174 10 4204 177 F: 10 
4182 5 4197 133 F: 5 
4194 12 4242 87 F: 6 6 
4208 7 4215 183 F: 7 
4229 6 4241 209 F: 2 1 3 
4233 7 4247 63 F: 4 1 2 
4260 6 4266 36 F: 2 3 1 
4264 8 4288 172 F: 4 4 
4301 7 4329 124 F: 3 4 
4303 6 4315 114 F: 6 
4315 5 4325 66 F: 3 1 1 
4369 3 4378 202 F: 3 
4372 8 4396 78 F: 3 5 
4412 7 4440 149 F: 7 
4415 10 4455 64 F: 6 4 
4446 8 4462 83 F: 3 5 
4475 8 4491 234 F: 3 5 
4483 3 4495 17 F: 3 
4524 11 4546 207 F: 5 3 3 
4525 11 4558 88 F: 11 
4530 5 4545 33 F: 2 3 
4579 9 4597 110 F: 3 6 
4583 10 4613 171 F: 5 2 3 
4626 10 4666 46 F: 4 3 3 
4628 10 4658 195 F: 5 5 
4643 9 4661 84 F: 2 4 3 
4668 12 4716 8 F: 12 
4670 6 4694 31 F: 5 1 
4723 7 4744 46 F: 7 
4751 11 4773 186 F: 11 
4760 7 4767 239 F: 2 5 
4782 4 4786 117 F: 2 1 1 
4783 9 4792 192 F: 6 3 
4820 8 4836 82 F: 8 
4843 11 4887 51 F: 5 2 4 
4872 12 4896 11 F: 12 
4880 11 4891 231 F: 11 
4886 7 4893 6 F: 3 1 3 
4912 3 4921 47 F: 3 
4938 10 4978 139 F: 10 
4960 5 4965 172 F: 3 2 
4972 10 4992 83 F: 5 4 1 
4976 8 4984 143 F: 2 4 2 
D: 2 216 
D: 20 208 
D: 28 65 
D: 29 86 
D: 33 204 
D: 34 86 
D: 36 108 
D: 39 180 
D: 41 125 
D: 46 149 
D: 46 174 
D: 48 113 
D: 56 193 
D: 58 153 
D: 71 245 
D: 77 167 
D: 102 178 
D: 108 243 
D: 113 195 
D: 142 157 
D: 150 246 
D: 178 202 
D: 183 248 
D: 210 218 
D: 213 230 
