10 3 16 227 F: 2 1 
10 4 22 95 F: 3 1 
35 13 87 192 F: 13 
45 13 84 144 F: 13 
69 12 117 241 F: 5 3 4 
105 12 129 86 F: 6 6 
143 11 187 182 F: 3 4 4 
148 11 170 157 F: 6 5 
177 8 193 98 F: 2 2 4 
188 5 203 83 F: 5 
222 3 228 105 F: 2 1 
248 12 272 128 F: 12 
250 4 266 217 F: 2 1 1 
283 8 291 30 F: 3 5 
292 5 307 108 F: 5 
338 10 348 41 F: 6 4 
348 10 378 124 F: 5 3 2 
353 2 359 123 F: 2 
354 9 363 116 F: 3 3 3 
363 11 374 41 F: 4 4 3 
447 12 495 201 F: 4 4 4 
448 3 460 214 F: 2 1 
463 9 490 2 F: 9 
493 8 501 74 F: 3 5 
496 9 532 200 F: 4 5 
502 4 510 185 F: 2 2 
530 8 562 53 F: 2 6 
561 11 583 222 F: 11 
578 5 583 229 F: 2 3 
584 13 597 75 F: 13 
607 13 633 21 F: 13 
607 13 646 160 F: 13 
625 6 649 76 F: 6 
628 3 640 123 F: 3 
636 7 657 30 F: 5 1 1 
740 3 746 217 F: 3 
766 10 786 240 F: 5 2 3 
769 9 787 213 F: 9 
775 9 784 29 F: 3 2 4 
780 10 790 17 F: 10 
838 10 868 21 F: 4 4 2 
850 4 862 71 F: 4 
858 8 890 141 F: 2 6 
890 8 922 102 F: 2 2 4 
892 8 916 172 F: 3 4 1 
937 9 955 196 F: 4 5 
960 10 990 51 F: 10 
973 11 1006 139 F: 11 
977 11 988 36 F: 4 3 4 
986 11 997 75 F: 11 
1005 3 1011 43 F: 3 
1015 7 1036 87 F: 3 4 
1016 6 1040 126 F: 4 1 1 
1026 10 1066 172 F: 10 
1046 11 1057 56 F: 5 4 2 
1100 10 1110 59 F: 10 
1152 9 1161 238 F: 4 4 1 
1174 11 1218 161 F: 5 4 2 
1191 7 1219 22 F: 7 
1193 7 1214 15 F: 4 3 
1207 8 1239 199 F: 4 4 
1259 6 1277 10 F: 4 1 1 
1267 7 1288 215 F: 2 1 4 
1287 9 1305 207 F: 3 4 2 
1288 12 1324 17 F: 5 4 3 
1341 9 1350 198 F: 5 2 2 
1349 6 1361 118 F: 6 
1361 7 1375 68 F: 6 1 
1365 9 1392 245 F: 4 5 
1391 6 1403 147 F: 2 2 2 
1434 8 1450 173 F: 2 4 2 
1461 8 1485 226 F: 2 3 3 
1477 7 1498 180 F: 2 2 3 
1483 7 1504 33 F: 5 2 
1485 4 1497 239 F: 3 1 
1501 8 1525 129 F: 2 3 3 
1503 8 1535 96 F: 2 4 2 
1518 5 1533 79 F: 2 3 
1537 7 1558 204 F: 7 
1554 7 1561 74 F: 5 1 1 
1617 4 1625 231 F: 2 1 1 
1620 8 1636 186 F: 5 2 1 
1623 7 1651 110 F: 2 3 2 
1660 11 1693 4 F: 11 
1666 11 1688 13 F: 5 2 4 
1709 13 1748 223 F: 13 
1727 2 1733 233 F: 2 
1734 7 1741 191 F: 5 1 1 
1763 10 1773 32 F: 4 2 4 
1790 10 1810 182 F: 4 4 2 
1835 12 1871 123 F: 7 5 
1864 7 1892 219 F: 7 
1883 11 1894 13 F: 7 4 
1889 11 1933 217 F: 3 4 4 
1895 3 1901 165 F: 3 
1921 3 1927 238 F: 3 
1927 8 1951 119 F: 4 2 2 
1952 7 1973 229 F: 4 2 1 
1987 9 2014 141 F: 4 5 
1998 6 2022 51 F: 3 1 2 
2038 6 2062 181 F: 6 
2049 6 2073 62 F: 6 
2060 6 2078 18 F: 3 2 1 
2062 9 2089 150 F: 9 
2078 10 2098 111 F: 4 4 2 
2114 10 2144 71 F: 10 
2121 6 2133 133 F: 3 3 
2137 6 2161 186 F: 6 
2149 8 2157 119 F: 5 1 2 
2170 10 2210 200 F: 10 
2226 9 2262 79 F: 4 3 2 
2241 11 2252 198 F: 11 
2251 9 2287 167 F: 9 
2252 8 2284 47 F: 3 2 3 
2261 10 2301 182 F: 5 5 
2315 6 2333 76 F: 3 1 2 
2353 8 2385 209 F: 3 3 2 
2371 4 2387 2 F: 2 2 
2373 4 2389 173 F: 3 1 
2397 9 2415 138 F: 4 1 4 
2407 7 2435 3 F: 7 
2413 8 2421 22 F: 3 1 4 
2440 4 2452 203 F: 2 1 1 
2449 7 2456 199 F: 7 
2459 12 2471 200 F: 12 
2507 13 2546 79 F: 13 
2521 3 2533 116 F: 3 
2524 12 2536 112 F: 4 4 4 
2547 9 2574 194 F: 4 3 2 
2574 10 2604 33 F: 5 2 3 
2613 7 2634 248 F: 2 1 4 
2636 3 2642 85 F: 3 
2660 10 2690 27 F: 4 3 3 
2678 9 2714 200 F: 4 1 4 
2681 3 2693 227 F: 3 
2722 7 2743 190 F: 4 3 
2737 10 2757 55 F: 5 1 4 
2745 10 2755 250 F: 5 4 1 
2779 8 2803 135 F: 3 2 3 
2798 8 2806 199 F: 2 3 3 
2804 8 2812 93 F: 4 2 2 
2839 5 2859 176 F: 2 3 
2843 11 2876 27 F: 3 4 4 
2869 2 2871 13 F: 2 
2897 7 2911 224 F: 7 
2911 6 2917 207 F: 5 1 
2936 8 2944 140 F: 3 1 4 
2985 11 3018 84 F: 5 6 
2989 11 3033 125 F: 5 3 3 
2992 13 3018 174 F: 7 6 
3005 9 3041 35 F: 6 3 
3009 8 3025 249 F: 2 4 2 
3059 10 3069 117 F: 10 
3072 12 3108 29 F: 12 
3076 7 3104 50 F: 6 1 
3113 11 3157 87 F: 5 6 
3127 10 3157 104 F: 5 4 1 
3130 12 3142 127 F: 5 3 4 
3163 6 3187 97 F: 3 3 
3196 7 3224 174 F: 5 1 1 
3207 7 3221 192 F: 2 2 3 
3221 9 3239 63 F: 4 5 
3241 11 3285 29 F: 6 5 
3242 12 3254 99 F: 12 
3255 9 3273 224 F: 4 5 
3321 9 3357 29 F: 7 2 
3344 11 3355 95 F: 4 3 4 
3377 6 3383 100 F: 4 1 1 
3380 11 3424 164 F: 11 
3397 8 3405 79 F: 8 
3424 13 3450 64 F: 13 
3434 7 3455 192 F: 2 1 4 
3435 7 3442 58 F: 3 4 
3469 7 3490 91 F: 5 2 
3488 9 3506 129 F: 6 3 
3503 8 3511 229 F: 3 4 1 
3539 9 3557 224 F: 9 
3540 3 3552 51 F: 3 
3564 6 3582 246 F: 3 3 
3573 5 3578 48 F: 5 
3600 7 3607 160 F: 4 1 2 
3610 11 3643 32 F: 5 2 4 
3621 9 3648 44 F: 4 1 4 
3653 9 3689 74 F: 7 2 
3674 7 3702 213 F: 2 2 3 
3715 3 3724 184 F: 2 1 
3741 6 3747 114 F: 6 
3750 9 3759 124 F: 4 4 1 
3761 8 3793 132 F: 5 2 1 
3799 3 3802 114 F: 3 
3815 9 3833 83 F: 4 5 
3837 7 3844 208 F: 4 1 2 
3876 11 3898 80 F: 11 
3885 7 3913 243 F: 7 
3892 7 3920 186 F: 5 2 
3910 7 3917 212 F: 4 1 2 
3918 9 3927 126 F: 3 4 2 
3927 9 3945 65 F: 9 
3964 10 3984 194 F: 4 6 
3975 8 4007 62 F: 3 5 
4005 6 4011 100 F: 6 
4012 8 4020 140 F: 2 2 4 
4017 6 4023 137 F: 2 1 3 
4036 8 4068 30 F: 2 6 
4047 11 4058 94 F: 5 6 
4123 11 4156 118 F: 11 
4132 12 4168 42 F: 12 
4137 5 4157 92 F: 2 2 1 
4188 3 4200 7 F: 3 
4192 9 4228 60 F: 4 2 3 
4202 9 4238 115 F: 5 2 2 
4218 7 4239 60 F: 4 1 2 
4228 9 4237 35 F: 4 1 4 
4235 8 4243 186 F: 8 
4257 2 4265 42 F: 2 
4315 12 4363 188 F: 12 
4332 8 4348 133 F: 3 5 
4347 9 4365 171 F: 9 
4367 5 4387 110 F: 5 
4378 11 4389 125 F: 5 2 4 
4400 10 4420 26 F: 10 
4405 9 4432 205 F: 3 6 
4419 10 4459 61 F: 10 
4425 12 4437 231 F: 5 3 4 
4489 4 4493 40 F: 4 
4501 8 4525 64 F: 3 5 
4536 9 4554 248 F: 9 
4542 5 4557 98 F: 5 
4544 2 4550 85 F: 2 
4597 3 4600 245 F: 3 
4601 6 4613 56 F: 2 4 
4625 7 4646 175 F: 7 
4626 5 4631 12 F: 5 
4672 11 4683 63 F: 4 3 4 
4681 9 4690 15 F: 4 3 2 
4701 12 4737 175 F: 4 4 4 
4725 7 4753 89 F: 3 1 3 
4740 11 4784 182 F: 5 2 4 
4761 9 4779 210 F: 5 3 1 
4785 8 4801 215 F: 4 4 
4807 2 4815 217 F: 2 
4815 13 4828 140 F: 5 4 4 
4822 5 4837 43 F: 2 3 
4862 6 4874 225 F: 3 1 2 
4891 4 4899 25 F: 4 
4954 8 4978 29 F: 5 1 2 
4956 9 4965 124 F: 4 4 1 
4970 8 4986 232 F: 4 4 
4976 9 5012 7 F: 7 2 
4976 10 5006 159 F: 6 4 
D: 12 226 
D: 16 88 
D: 16 198 
D: 56 155 
D: 59 195 
D: 61 190 
D: 70 221 
D: 72 93 
D: 73 145 
D: 90 218 
D: 94 159 
D: 98 238 
D: 100 126 
D: 111 197 
D: 115 152 
D: 119 145 
D: 119 193 
D: 122 152 
D: 128 240 
D: 141 248 
D: 165 207 
D: 172 220 
D: 180 240 
D: 202 212 
D: 202 215 
