0 7 21 215 F: 7 
26 2 32 127 F: 2 
28 8 52 167 F: 4 1 3 
36 9 63 104 F: 3 6 
56 6 68 83 F: 4 1 1 
130 13 143 22 F: 7 6 
147 7 175 234 F: 5 1 1 
160 5 170 210 F: 5 
187 8 203 238 F: 2 6 
199 8 223 4 F: 5 3 
224 10 254 73 F: 4 3 3 
244 10 254 31 F: 7 3 
250 7 257 133 F: 4 1 2 
269 9 296 192 F: 5 2 2 
276 6 300 135 F: 3 3 
307 12 355 179 F: 4 4 4 
324 8 332 195 F: 5 3 
327 3 333 90 F: 3 
370 12 418 12 F: 12 
387 10 417 138 F: 5 1 4 
432 8 464 112 F: 5 1 2 
439 8 463 100 F: 8 
458 13 471 144 F: 13 
466 9 475 70 F: 7 2 
490 5 500 211 F: 2 1 2 
521 5 526 185 F: 5 
534 10 564 131 F: 3 3 4 
540 7 561 239 F: 2 3 2 
570 9 579 166 F: 3 4 2 
580 2 584 184 F: 2 
614 12 650 62 F: 12 
620 4 624 178 F: 2 2 
655 7 676 149 F: 2 5 
659 10 699 40 F: 7 3 
661 10 691 197 F: 3 3 4 
706 5 711 4 F: 5 
714 10 744 211 F: 6 4 
770 9 788 226 F: 9 
782 7 810 67 F: 2 3 2 
796 9 832 1 F: 9 
801 11 812 133 F: 11 
803 11 814 125 F: 7 4 
838 8 846 211 F: 6 2 
868 8 884 30 F: 3 5 
889 9 916 121 F: 4 3 2 
916 8 932 113 F: 7 1 
957 8 965 220 F: 2 6 
962 7 976 120 F: 2 5 
987 6 1011 98 F: 6 
993 12 1017 213 F: 6 6 
1035 6 1059 156 F: 6 
1046 10 1066 221 F: 10 
1049 10 1079 50 F: 3 3 4 
1060 7 1088 223 F: 3 3 1 
1081 4 1093 14 F: 4 
1107 5 1112 62 F: 2 3 
1166 9 1184 158 F: 5 4 
1186 6 1204 228 F: 6 
1188 10 1208 176 F: 5 2 3 
1195 12 1207 190 F: 12 
1200 6 1212 152 F: 3 3 
1231 8 1255 128 F: 5 3 
1237 10 1257 95 F: 4 4 2 
1271 6 1283 228 F: 6 
1278 7 1285 33 F: 3 3 1 
1318 6 1330 198 F: 2 1 3 
1335 9 1353 226 F: 5 4 
1361 7 1389 184 F: 5 1 1 
1363 11 1396 30 F: 11 
1395 10 1425 155 F: 10 
1436 9 1454 210 F: 5 2 2 
1449 11 1482 206 F: 11 
1453 6 1477 186 F: 2 4 
1455 10 1465 29 F: 7 3 
1465 4 1481 115 F: 2 2 
1546 6 1570 100 F: 6 
1551 10 1591 93 F: 5 3 2 
1576 2 1580 140 F: 2 
1577 6 1601 145 F: 3 1 2 
1585 9 1612 102 F: 3 3 3 
1642 8 1650 27 F: 8 
1646 3 1649 41 F: 3 
1671 8 1687 47 F: 4 2 2 
1690 11 1734 190 F: 4 4 3 
1691 7 1698 220 F: 2 5 
1701 8 1717 17 F: 5 2 1 
1707 8 1723 79 F: 3 4 1 
1750 7 1778 174 F: 3 4 
1751 9 1769 152 F: 5 2 2 
1754 8 1762 239 F: 3 5 
1822 10 1852 155 F: 5 5 
1853 10 1873 211 F: 10 
1890 9 1899 214 F: 9 
1895 9 1922 233 F: 5 3 1 
1899 6 1917 155 F: 3 3 
1906 10 1926 247 F: 5 3 2 
1936 10 1956 212 F: 4 4 2 
1980 13 2019 59 F: 13 
1985 13 2024 166 F: 13 
1998 5 2018 183 F: 4 1 
2009 3 2012 229 F: 3 
2031 12 2043 207 F: 12 
2073 10 2103 203 F: 3 3 4 
2079 10 2119 139 F: 6 4 
2084 4 2088 8 F: 3 1 
2112 7 2119 101 F: 2 5 
2128 7 2149 217 F: 2 5 
2152 10 2182 37 F: 4 6 
2177 8 2185 227 F: 4 4 
2188 12 2224 91 F: 6 6 
2226 6 2232 105 F: 4 1 1 
2235 9 2271 62 F: 9 
2244 7 2272 71 F: 3 4 
2270 13 2296 178 F: 13 
2299 8 2323 174 F: 3 4 1 
2314 12 2362 81 F: 12 
2327 3 2339 231 F: 3 
2388 12 2424 181 F: 6 6 
2396 9 2405 112 F: 9 
2399 7 2406 125 F: 3 2 2 
2436 11 2458 234 F: 5 4 2 
2446 11 2490 90 F: 11 
2463 7 2484 136 F: 6 1 
2483 9 2519 121 F: 7 2 
2486 3 2492 80 F: 3 
2509 11 2542 78 F: 11 
2548 6 2554 15 F: 4 1 1 
2557 13 2596 126 F: 7 6 
2565 5 2575 31 F: 5 
2572 4 2584 193 F: 4 
2601 8 2633 191 F: 5 1 2 
2602 10 2612 57 F: 10 
2621 8 2645 25 F: 3 5 
2628 8 2652 222 F: 8 
2664 6 2670 248 F: 4 1 1 
2713 11 2735 94 F: 11 
2755 6 2779 226 F: 6 
2764 9 2800 41 F: 3 6 
2765 11 2809 152 F: 11 
2793 9 2802 98 F: 4 1 4 
2804 6 2816 175 F: 3 1 2 
2814 4 2826 146 F: 2 2 
2833 7 2854 103 F: 7 
2875 11 2886 134 F: 11 
2881 7 2895 233 F: 2 2 3 
2923 6 2941 56 F: 6 
2930 9 2939 169 F: 3 3 3 
2951 2 2957 67 F: 2 
2965 11 3009 239 F: 5 2 4 
2983 10 3003 40 F: 6 4 
3016 10 3056 71 F: 5 5 
3052 9 3079 16 F: 4 4 1 
3054 8 3070 10 F: 3 2 3 
3080 11 3113 144 F: 5 6 
3097 10 3117 141 F: 3 4 3 
3109 4 3125 89 F: 3 1 
3122 2 3126 121 F: 2 
3176 10 3206 53 F: 10 
3189 6 3213 196 F: 2 4 
3189 9 3225 203 F: 3 6 
3205 3 3211 226 F: 3 
3217 9 3253 196 F: 4 3 2 
3231 2 3237 13 F: 2 
3247 6 3271 96 F: 6 
3273 6 3279 131 F: 6 
3313 4 3321 7 F: 4 
3316 5 3336 220 F: 2 3 
3317 12 3353 36 F: 5 3 4 
3337 6 3349 184 F: 3 3 
3395 2 3397 248 F: 2 
3418 7 3439 106 F: 4 1 2 
3434 7 3448 14 F: 7 
3436 6 3448 229 F: 4 2 
3460 7 3488 13 F: 5 2 
3490 7 3511 125 F: 6 1 
3513 11 3524 108 F: 11 
3546 10 3576 193 F: 6 4 
3547 6 3565 152 F: 5 1 
3550 9 3577 138 F: 7 2 
3598 6 3610 25 F: 2 3 1 
3611 4 3627 156 F: 3 1 
3623 11 3656 192 F: 6 5 
3636 6 3642 151 F: 2 1 3 
3640 8 3672 21 F: 5 3 
3666 5 3686 172 F: 5 
3719 8 3735 62 F: 5 3 
3742 3 3751 67 F: 2 1 
3761 9 3797 18 F: 7 2 
3782 6 3788 195 F: 6 
3794 2 3800 52 F: 2 
3862 12 3898 201 F: 7 5 
3863 4 3879 111 F: 4 
3877 7 3905 169 F: 4 3 
3880 8 3896 55 F: 3 2 3 
3898 12 3934 148 F: 12 
3910 6 3928 147 F: 2 3 1 
3940 11 3984 234 F: 7 4 
3973 11 4006 16 F: 5 3 3 
3976 11 3998 103 F: 6 5 
3988 9 4024 219 F: 9 
4016 8 4032 11 F: 2 6 
4057 7 4071 149 F: 2 5 
4070 10 4090 76 F: 10 
4081 5 4096 69 F: 5 
4098 7 4112 68 F: 7 
4124 6 4130 219 F: 6 
4128 6 4146 74 F: 6 
4140 9 4149 172 F: 6 3 
4142 8 4166 168 F: 8 
4165 12 4189 11 F: 12 
4213 11 4235 159 F: 4 3 4 
4234 2 4238 228 F: 2 
4252 9 4288 19 F: 3 6 
4270 12 4318 9 F: 12 
4280 9 4316 145 F: 2 3 4 
4341 10 4371 246 F: 5 1 4 
4376 11 4409 131 F: 5 2 4 
4380 8 4396 41 F: 5 3 
4383 3 4389 31 F: 3 
4399 7 4427 150 F: 7 
4406 2 4414 74 F: 2 
4406 10 4426 189 F: 4 6 
4407 7 4414 53 F: 7 
4423 9 4432 142 F: 2 4 3 
4471 9 4480 143 F: 6 3 
4511 6 4529 126 F: 2 3 1 
4536 9 4545 182 F: 9 
4550 10 4580 38 F: 5 1 4 
4580 10 4610 97 F: 10 
4598 9 4634 248 F: 4 5 
4614 3 4617 134 F: 3 
4635 3 4641 211 F: 3 
4687 8 4703 52 F: 7 1 
4690 7 4718 194 F: 3 1 3 
4690 12 4702 191 F: 12 
4713 4 4725 246 F: 2 2 
4756 10 4776 57 F: 6 4 
4765 2 4769 59 F: 2 
4781 8 4813 82 F: 8 
4783 2 4787 238 F: 2 
4847 6 4871 49 F: 5 1 
4850 11 4883 139 F: 3 4 4 
4869 11 4902 22 F: 11 
4878 9 4896 32 F: 3 3 3 
4882 9 4900 121 F: 4 3 2 
4905 4 4917 169 F: 3 1 
4906 4 4918 139 F: 2 2 
4915 5 4920 213 F: 3 2 
4945 11 4956 8 F: 6 5 
4983 10 5023 70 F: 7 3 
D: 4 224 
D: 5 218 
D: 17 59 
D: 19 161 
D: 22 188 
D: 23 157 
D: 26 239 
D: 32 137 
D: 35 234 
D: 61 160 
D: 61 209 
D: 69 104 
D: 74 221 
D: 77 157 
D: 79 165 
D: 100 109 
D: 102 153 
D: 117 205 
D: 131 146 
D: 138 241 
D: 140 230 
D: 157 175 
D: 181 197 
D: 187 210 
D: 201 208 
