2 7 9 151 F: 5 1 1 
58 9 85 228 F: 4 4 1 
76 8 100 171 F: 2 6 
77 7 91 204 F: 3 3 1 
88 8 96 44 F: 2 3 3 
103 11 147 181 F: 5 2 4 
136 6 160 199 F: 3 1 2 
143 5 163 108 F: 3 1 1 
182 3 191 145 F: 3 
185 3 188 59 F: 3 
210 10 250 57 F: 5 1 4 
214 6 232 93 F: 2 4 
220 4 236 131 F: 4 
248 11 292 35 F: 5 6 
276 7 290 96 F: 2 5 
311 10 351 21 F: 4 6 
349 8 357 90 F: 3 3 2 
360 10 370 211 F: 10 
382 6 406 246 F: 3 3 
387 9 405 243 F: 2 4 3 
414 8 446 94 F: 2 6 
421 10 441 227 F: 5 4 1 
433 8 465 146 F: 4 3 1 
455 12 479 224 F: 4 4 4 
494 11 505 60 F: 5 6 
525 10 535 111 F: 4 2 4 
527 7 548 191 F: 4 3 
537 7 551 115 F: 7 
553 8 577 71 F: 8 
579 11 601 197 F: 7 4 
604 12 628 68 F: 7 5 
622 10 652 206 F: 7 3 
626 10 666 243 F: 5 5 
631 8 655 129 F: 3 5 
653 12 665 34 F: 12 
716 3 725 126 F: 3 
730 9 757 149 F: 4 4 1 
741 8 757 208 F: 5 3 
745 7 752 107 F: 7 
791 8 799 216 F: 2 2 4 
805 10 845 206 F: 2 4 4 
806 9 815 41 F: 4 3 2 
807 11 829 65 F: 3 4 4 
889 7 910 184 F: 2 4 1 
892 10 922 12 F: 10 
926 10 966 3 F: 10 
949 7 963 163 F: 3 3 1 
950 2 958 222 F: 2 
967 7 974 222 F: 2 5 
982 8 1006 195 F: 3 4 1 
1050 10 1070 60 F: 2 4 4 
1057 6 1063 167 F: 3 3 
1069 10 1089 152 F: 5 5 
1080 6 1104 182 F: 3 3 
1099 2 1105 225 F: 2 
1118 3 1121 190 F: 3 
1123 8 1139 115 F: 4 2 2 
1136 10 1176 223 F: 4 6 
1155 8 1163 49 F: 8 
1178 8 1210 239 F: 5 3 
1217 9 1235 188 F: 9 
1221 11 1254 194 F: 3 4 4 
1267 9 1294 74 F: 4 5 
1269 11 1313 205 F: 5 6 
1271 10 1301 92 F: 5 5 
1317 2 1325 191 F: 2 
1331 11 1375 237 F: 7 4 
1333 8 1341 83 F: 4 3 1 
1333 10 1343 11 F: 5 5 
1343 8 1359 40 F: 8 
1432 9 1459 75 F: 4 2 3 
1448 4 1464 20 F: 3 1 
1462 8 1494 165 F: 4 4 
1474 13 1513 203 F: 13 
1487 5 1492 239 F: 4 1 
1504 12 1516 147 F: 12 
1512 6 1530 70 F: 6 
1527 6 1539 248 F: 2 2 2 
1537 13 1589 10 F: 13 
1571 6 1595 65 F: 2 2 2 
1614 9 1641 112 F: 9 
1617 7 1638 61 F: 3 3 1 
1627 7 1634 27 F: 2 2 3 
1649 2 1657 31 F: 2 
1689 10 1719 93 F: 4 6 
1709 13 1748 12 F: 13 
1720 5 1725 19 F: 2 3 
1760 11 1804 61 F: 11 
1765 8 1789 185 F: 5 1 2 
1796 9 1814 6 F: 9 
1815 6 1839 172 F: 6 
1844 9 1862 136 F: 6 3 
1878 10 1888 2 F: 4 6 
1884 9 1920 152 F: 5 4 
1886 8 1918 30 F: 3 4 1 
1903 9 1939 201 F: 4 4 1 
1925 5 1940 6 F: 5 
1935 9 1971 133 F: 3 4 2 
1980 9 2007 218 F: 4 5 
1998 3 2001 38 F: 2 1 
2014 3 2023 101 F: 3 
2033 7 2061 121 F: 3 4 
2034 9 2061 73 F: 9 
2044 7 2051 157 F: 7 
2049 5 2054 136 F: 3 2 
2115 3 2121 20 F: 3 
2126 12 2150 248 F: 12 
2136 5 2156 103 F: 2 3 
2171 10 2211 146 F: 3 4 3 
2197 10 2217 57 F: 5 5 
2216 9 2225 54 F: 2 3 4 
2242 10 2272 33 F: 5 5 
2244 9 2280 66 F: 2 3 4 
2285 11 2329 1 F: 4 4 3 
2298 6 2310 43 F: 6 
2316 4 2324 52 F: 4 
2345 6 2369 201 F: 3 3 
2347 12 2371 12 F: 5 3 4 
2348 7 2376 129 F: 2 2 3 
2349 12 2373 223 F: 5 4 3 
2412 7 2419 153 F: 2 3 2 
2431 10 2471 244 F: 4 6 
2451 11 2495 33 F: 6 5 
2471 5 2491 162 F: 4 1 
2479 7 2500 167 F: 5 1 1 
2506 8 2530 244 F: 5 3 
2515 6 2527 129 F: 6 
2522 9 2558 150 F: 2 4 3 
2568 8 2600 50 F: 4 1 3 
2595 9 2631 151 F: 3 4 2 
2600 3 2606 172 F: 3 
2633 13 2646 172 F: 13 
2639 11 2683 192 F: 3 4 4 
2655 2 2657 170 F: 2 
2679 12 2727 24 F: 12 
2703 5 2718 153 F: 5 
2723 11 2767 180 F: 11 
2732 6 2756 146 F: 2 2 2 
2742 6 2760 168 F: 6 
2770 9 2797 228 F: 7 2 
2811 10 2851 16 F: 5 5 
2822 12 2846 163 F: 7 5 
2841 10 2851 70 F: 5 4 1 
2861 5 2866 173 F: 5 
2882 11 2893 192 F: 11 
2922 9 2940 206 F: 4 5 
2924 4 2940 197 F: 2 2 
2943 7 2971 9 F: 5 2 
2982 3 2988 238 F: 2 1 
2983 5 2988 21 F: 4 1 
3015 8 3031 22 F: 8 
3021 11 3032 56 F: 11 
3042 11 3053 14 F: 5 2 4 
3076 8 3108 231 F: 4 2 2 
3087 7 3094 231 F: 5 2 
3101 9 3137 108 F: 5 4 
3118 8 3142 116 F: 2 2 4 
3148 7 3162 8 F: 6 1 
3162 7 3176 123 F: 7 
3190 7 3197 239 F: 2 2 3 
3202 10 3242 238 F: 5 1 4 
3226 5 3246 53 F: 5 
3255 5 3260 192 F: 3 1 1 
3262 9 3298 93 F: 4 5 
3299 8 3315 174 F: 4 4 
3326 8 3358 53 F: 4 4 
3329 6 3353 37 F: 2 3 1 
3336 12 3348 113 F: 12 
3346 13 3398 35 F: 7 6 
3370 12 3406 7 F: 7 5 
3434 12 3446 63 F: 5 3 4 
3446 10 3476 84 F: 7 3 
3459 7 3473 1 F: 5 1 1 
3460 10 3480 35 F: 5 4 1 
3474 4 3478 66 F: 4 
3501 13 3553 230 F: 13 
3511 8 3543 160 F: 4 4 
3538 10 3548 160 F: 7 3 
3539 7 3546 197 F: 6 1 
3556 10 3566 12 F: 10 
3600 13 3652 55 F: 5 4 4 
3631 8 3655 78 F: 7 1 
3648 10 3668 53 F: 6 4 
3675 8 3699 15 F: 4 1 3 
3696 10 3716 214 F: 5 4 1 
3705 3 3714 247 F: 3 
3711 7 3732 236 F: 3 3 1 
3712 8 3744 154 F: 3 5 
3721 7 3735 247 F: 3 4 
3737 10 3757 81 F: 6 4 
3809 7 3837 127 F: 2 4 1 
3819 7 3833 208 F: 7 
3866 8 3882 239 F: 5 3 
3876 7 3883 153 F: 2 3 2 
3878 12 3890 203 F: 12 
3914 8 3930 112 F: 5 1 2 
3951 9 3969 221 F: 6 3 
3993 3 3999 126 F: 3 
3993 11 4015 56 F: 3 4 4 
3999 8 4023 69 F: 2 3 3 
4002 11 4013 134 F: 11 
4030 5 4045 170 F: 5 
4059 9 4068 84 F: 5 2 2 
4075 9 4093 117 F: 5 1 3 
4082 8 4090 187 F: 8 
4132 11 4143 48 F: 11 
4154 7 4175 132 F: 7 
4168 11 4212 162 F: 11 
4188 4 4200 114 F: 2 1 1 
4190 12 4238 123 F: 12 
4233 6 4251 101 F: 6 
4240 3 4249 214 F: 3 
4240 12 4288 121 F: 7 5 
4259 10 4299 61 F: 10 
4276 5 4286 67 F: 5 
4336 13 4349 117 F: 7 6 
4341 8 4373 163 F: 4 4 
4356 7 4377 38 F: 2 3 2 
4373 8 4405 30 F: 3 5 
4375 7 4403 90 F: 7 
4417 12 4429 42 F: 5 4 3 
4418 11 4440 223 F: 11 
4437 8 4453 16 F: 8 
4470 11 4492 7 F: 4 3 4 
4480 7 4494 134 F: 2 4 1 
4553 8 4585 99 F: 2 3 3 
4571 3 4583 85 F: 3 
4571 9 4580 126 F: 9 
4588 3 4597 148 F: 3 
4589 13 4641 26 F: 5 4 4 
4607 10 4627 122 F: 10 
4642 9 4660 242 F: 3 2 4 
4662 9 4689 101 F: 4 1 4 
4674 8 4690 206 F: 5 3 
4696 5 4711 39 F: 2 1 2 
4704 7 4732 179 F: 3 2 2 
4715 8 4731 32 F: 5 3 
4731 6 4743 224 F: 4 1 1 
4772 10 4782 1 F: 5 2 3 
4774 10 4794 143 F: 4 3 3 
4806 8 4822 71 F: 2 2 4 
4818 8 4850 153 F: 7 1 
4837 10 4877 173 F: 10 
4886 11 4897 72 F: 5 4 2 
4887 8 4911 75 F: 8 
4902 9 4938 162 F: 9 
4916 4 4932 14 F: 4 
4922 7 4943 87 F: 2 5 
4930 8 4954 151 F: 8 
4953 8 4977 48 F: 5 1 2 
D: 6 121 
D: 6 173 
D: 15 102 
D: 17 198 
D: 26 165 
D: 29 227 
D: 42 190 
D: 44 45 
D: 44 136 
D: 50 108 
D: 65 238 
D: 73 244 
D: 74 86 
D: 78 233 
D: 85 248 
D: 91 186 
D: 93 137 
D: 98 173 
D: 108 207 
D: 111 208 
D: 113 149 
D: 157 214 
D: 193 237 
D: 196 235 
D: 202 223 
