15 11 26 133 F: 5 4 2 
52 12 88 85 F: 12 
53 6 77 183 F: 3 2 1 
56 9 92 159 F: 4 2 3 
96 9 123 70 F: 5 3 1 
139 7 153 63 F: 7 
164 7 192 77 F: 2 5 
182 4 186 236 F: 4 
193 3 196 236 F: 3 
196 6 220 24 F: 6 
238 11 249 223 F: 5 4 2 
260 12 296 242 F: 4 4 4 
268 7 282 15 F: 7 
287 8 295 241 F: 2 4 2 
294 4 306 53 F: 4 
320 8 344 51 F: 3 1 4 
336 3 345 99 F: 3 
360 7 381 163 F: 6 1 
395 8 403 97 F: 5 3 
396 2 400 66 F: 2 
420 9 456 28 F: 3 6 
437 8 453 47 F: 4 4 
449 6 473 250 F: 2 1 3 
459 9 477 189 F: 9 
499 7 506 241 F: 4 3 
512 11 545 238 F: 11 
523 6 535 105 F: 6 
538 10 578 184 F: 7 3 
561 6 579 25 F: 3 1 2 
580 12 592 215 F: 5 3 4 
610 11 643 87 F: 5 6 
612 9 630 212 F: 3 2 4 
617 4 625 111 F: 4 
694 10 734 161 F: 10 
696 12 708 17 F: 12 
701 11 734 59 F: 4 4 3 
703 13 716 120 F: 5 4 4 
736 13 749 238 F: 7 6 
751 7 758 227 F: 4 3 
764 7 771 80 F: 3 3 1 
809 8 817 75 F: 3 4 1 
816 7 844 175 F: 2 1 4 
817 8 825 160 F: 3 3 2 
843 5 853 87 F: 5 
867 9 876 234 F: 9 
914 6 938 119 F: 2 3 1 
934 10 954 237 F: 3 4 3 
938 9 974 49 F: 4 2 3 
946 8 978 176 F: 8 
981 11 992 152 F: 11 
1014 8 1038 183 F: 7 1 
1025 9 1043 222 F: 4 5 
1047 11 1069 83 F: 6 5 
1064 6 1076 221 F: 6 
1080 7 1087 23 F: 3 1 3 
1101 8 1117 117 F: 4 4 
1146 4 1150 5 F: 3 1 
1178 9 1196 49 F: 5 3 1 
1180 7 1194 191 F: 2 2 3 
1187 4 1195 213 F: 4 
1202 5 1207 18 F: 4 1 
1202 12 1214 124 F: 5 3 4 
1203 13 1229 126 F: 13 
1275 6 1293 152 F: 5 1 
1293 5 1313 194 F: 2 1 2 
1313 13 1365 78 F: 5 4 4 
1335 12 1371 227 F: 5 3 4 
1338 5 1348 157 F: 5 
1351 6 1363 104 F: 6 
1369 7 1390 176 F: 2 5 
1401 10 1411 160 F: 3 3 4 
1429 6 1435 195 F: 6 
1435 8 1443 16 F: 3 2 3 
1449 7 1463 155 F: 6 1 
1486 13 1512 227 F: 7 6 
1526 6 1532 12 F: 2 2 2 
1538 9 1565 157 F: 4 3 2 
1541 11 1563 195 F: 5 3 3 
1564 13 1577 73 F: 7 6 
1592 4 1596 175 F: 2 2 
1619 9 1655 29 F: 5 4 
1637 3 1646 122 F: 3 
1640 13 1666 20 F: 13 
1648 7 1669 20 F: 3 2 2 
1668 8 1692 198 F: 8 
1726 12 1750 92 F: 7 5 
1735 8 1759 110 F: 2 3 3 
1742 9 1760 8 F: 9 
1766 7 1794 101 F: 3 2 2 
1789 8 1821 250 F: 4 4 
1805 8 1829 105 F: 8 
1837 7 1865 23 F: 7 
1853 9 1862 116 F: 3 3 3 
1877 8 1893 160 F: 3 5 
1883 12 1919 156 F: 6 6 
1937 4 1949 209 F: 3 1 
1942 4 1958 66 F: 4 
1956 6 1980 69 F: 2 2 2 
1991 5 2011 56 F: 2 3 
1993 10 2013 22 F: 10 
2037 12 2085 23 F: 12 
2050 8 2066 98 F: 2 6 
2056 6 2080 140 F: 6 
2059 4 2067 59 F: 3 1 
2077 9 2095 33 F: 5 3 1 
2102 5 2112 65 F: 5 
2112 11 2156 158 F: 11 
2155 10 2165 59 F: 5 5 
2158 3 2167 213 F: 3 
2196 6 2220 98 F: 6 
2225 3 2231 144 F: 3 
2272 12 2320 220 F: 7 5 
2273 12 2297 41 F: 4 4 4 
2290 8 2306 58 F: 8 
2290 8 2306 89 F: 3 3 2 
2300 8 2332 122 F: 2 6 
2329 9 2347 212 F: 7 2 
2332 8 2340 43 F: 8 
2374 9 2401 2 F: 6 3 
2399 5 2404 5 F: 4 1 
2437 9 2473 113 F: 9 
2450 6 2468 116 F: 5 1 
2465 9 2483 31 F: 3 6 
2482 9 2518 34 F: 5 1 3 
2492 10 2522 111 F: 7 3 
2513 8 2545 130 F: 3 2 3 
2524 12 2560 162 F: 5 4 3 
2540 6 2564 131 F: 6 
2551 8 2567 129 F: 7 1 
2596 7 2603 79 F: 7 
2602 5 2612 244 F: 5 
2610 8 2634 143 F: 8 
2610 9 2646 169 F: 4 1 4 
2639 12 2651 177 F: 12 
2645 11 2656 125 F: 11 
2709 8 2733 157 F: 5 3 
2716 9 2725 41 F: 4 5 
2773 7 2787 237 F: 3 2 2 
2779 2 2785 43 F: 2 
2788 4 2796 23 F: 4 
2808 6 2826 189 F: 2 3 1 
2865 11 2876 227 F: 4 4 3 
2886 8 2902 21 F: 3 5 
2890 6 2914 120 F: 6 
2896 8 2920 148 F: 5 3 
2904 6 2916 21 F: 4 2 
2918 8 2950 250 F: 3 5 
2922 12 2934 245 F: 12 
2985 8 3009 171 F: 3 5 
2988 13 3001 170 F: 7 6 
3006 8 3038 48 F: 3 1 4 
3010 7 3017 94 F: 3 2 2 
3030 10 3070 186 F: 4 3 3 
3046 8 3070 181 F: 3 4 1 
3058 12 3082 103 F: 12 
3136 11 3169 117 F: 4 3 4 
3138 6 3162 35 F: 2 4 
3153 10 3173 41 F: 4 2 4 
3178 11 3222 184 F: 11 
3198 6 3204 174 F: 3 3 
3203 11 3247 155 F: 6 5 
3215 4 3227 48 F: 2 1 1 
3245 10 3285 217 F: 4 4 2 
3266 8 3274 36 F: 8 
3270 2 3272 168 F: 2 
3303 8 3327 127 F: 4 3 1 
3315 10 3345 54 F: 4 6 
3348 11 3359 20 F: 4 4 3 
3374 9 3410 121 F: 4 2 3 
3381 2 3383 110 F: 2 
3427 4 3435 7 F: 3 1 
3466 10 3506 182 F: 2 4 4 
3475 7 3482 148 F: 4 2 1 
3481 10 3501 140 F: 10 
3494 7 3508 222 F: 2 4 1 
3536 6 3542 147 F: 3 2 1 
3541 5 3546 20 F: 2 3 
3559 4 3571 12 F: 3 1 
3576 4 3580 104 F: 2 2 
3579 7 3586 155 F: 7 
3610 3 3622 204 F: 3 
3617 9 3644 193 F: 4 3 2 
3630 8 3654 47 F: 3 4 1 
3682 7 3689 33 F: 3 4 
3699 9 3708 52 F: 9 
3702 10 3742 170 F: 4 4 2 
3717 7 3731 4 F: 4 2 1 
3727 13 3740 152 F: 13 
3751 9 3787 197 F: 3 2 4 
3769 9 3787 214 F: 9 
3805 7 3826 222 F: 3 3 1 
3820 12 3832 204 F: 12 
3859 11 3870 98 F: 11 
3889 7 3910 248 F: 3 4 
3892 5 3912 244 F: 5 
3912 10 3922 79 F: 5 2 3 
3951 9 3960 193 F: 9 
3969 7 3983 166 F: 4 2 1 
3989 6 4007 83 F: 6 
3997 13 4023 68 F: 13 
4000 2 4004 109 F: 2 
4008 6 4020 72 F: 5 1 
4044 9 4062 63 F: 7 2 
4088 13 4101 227 F: 13 
4094 7 4108 237 F: 2 5 
4100 6 4124 218 F: 6 
4156 10 4176 141 F: 4 2 4 
4156 12 4192 90 F: 5 4 3 
4158 8 4182 40 F: 8 
4180 6 4192 115 F: 2 4 
4202 8 4234 129 F: 8 
4217 7 4231 217 F: 5 2 
4236 10 4266 228 F: 10 
4243 8 4259 24 F: 7 1 
4252 8 4284 21 F: 3 3 2 
4322 9 4349 36 F: 3 2 4 
4337 6 4349 200 F: 3 3 
4353 6 4371 114 F: 4 1 1 
4357 3 4363 130 F: 3 
4378 6 4390 191 F: 4 1 1 
4428 6 4446 133 F: 3 3 
4432 5 4437 7 F: 2 2 1 
4436 5 4451 10 F: 2 1 2 
4459 10 4479 250 F: 10 
4492 8 4508 200 F: 8 
4514 6 4526 21 F: 2 3 1 
4520 5 4540 51 F: 3 2 
4554 7 4568 62 F: 2 4 1 
4564 7 4571 135 F: 5 1 1 
4597 8 4621 194 F: 8 
4608 10 4628 50 F: 10 
4609 9 4618 175 F: 2 3 4 
4641 8 4673 110 F: 8 
4643 7 4657 128 F: 6 1 
4656 5 4676 50 F: 2 3 
4717 8 4725 9 F: 2 3 3 
4746 7 4753 98 F: 2 3 2 
4771 12 4783 202 F: 12 
4780 10 4790 57 F: 4 4 2 
4784 4 4788 54 F: 4 
4803 5 4808 162 F: 5 
4844 6 4862 3 F: 2 4 
4847 5 4867 16 F: 3 1 1 
4898 4 4914 76 F: 3 1 
4898 11 4920 191 F: 11 
4910 8 4918 139 F: 7 1 
4912 10 4922 33 F: 4 6 
4914 7 4928 68 F: 4 1 2 
4956 11 4978 177 F: 4 3 4 
4982 6 4988 140 F: 4 2 
D: 2 4 
D: 3 14 
D: 23 218 
D: 29 33 
D: 29 74 
D: 29 205 
D: 48 191 
D: 50 66 
D: 52 161 
D: 55 63 
D: 57 131 
D: 65 97 
D: 74 197 
D: 79 91 
D: 83 208 
D: 88 155 
D: 98 151 
D: 104 153 
D: 114 133 
D: 121 131 
D: 172 219 
D: 179 223 
D: 197 245 
D: 202 239 
D: 207 218 
