12 7 26 85 F: 4 3 
30 2 32 153 F: 2 
35 12 47 63 F: 6 6 
38 7 45 48 F: 7 
47 11 58 249 F: 7 4 
101 9 119 40 F: 5 4 
105 9 114 223 F: 5 3 1 
120 11 131 218 F: 5 2 4 
138 7 159 234 F: 5 1 1 
196 3 202 26 F: 3 
229 5 239 42 F: 2 2 1 
238 9 274 6 F: 4 4 1 
246 3 258 113 F: 3 
286 7 300 150 F: 4 3 
298 7 319 227 F: 3 2 2 
305 2 313 132 F: 2 
319 6 331 92 F: 5 1 
354 8 386 211 F: 5 1 2 
361 7 368 187 F: 6 1 
381 4 385 67 F: 3 1 
404 7 425 10 F: 3 4 
427 7 441 163 F: 5 2 
466 7 494 231 F: 4 2 1 
471 11 504 187 F: 11 
492 9 501 127 F: 7 2 
516 10 546 232 F: 4 4 2 
516 13 529 136 F: 13 
536 9 572 246 F: 4 5 
540 7 561 158 F: 7 
599 9 617 109 F: 5 4 
601 8 633 17 F: 8 
646 7 653 144 F: 5 1 1 
661 11 705 194 F: 11 
663 8 695 99 F: 2 6 
691 12 739 70 F: 12 
705 8 737 112 F: 5 3 
709 8 725 38 F: 8 
775 12 799 61 F: 12 
784 9 820 145 F: 5 3 1 
799 2 807 230 F: 2 
819 5 839 35 F: 3 2 
834 10 874 180 F: 5 5 
837 9 855 220 F: 4 4 1 
865 8 889 245 F: 2 2 4 
897 8 929 246 F: 7 1 
935 3 941 186 F: 3 
936 6 954 138 F: 3 2 1 
946 5 951 10 F: 5 
959 9 986 198 F: 4 1 4 
992 9 1028 245 F: 2 3 4 
1016 6 1034 100 F: 3 3 
1045 10 1065 161 F: 4 6 
1050 3 1059 92 F: 3 
1075 5 1085 205 F: 4 1 
1092 7 1120 55 F: 7 
1110 12 1122 211 F: 12 
1133 8 1141 146 F: 8 
1156 6 1180 177 F: 6 
1180 3 1189 205 F: 3 
1186 8 1218 205 F: 7 1 
1218 8 1250 55 F: 4 3 1 
1230 9 1257 58 F: 6 3 
1231 8 1247 31 F: 3 4 1 
1268 10 1288 221 F: 3 3 4 
1287 7 1294 14 F: 7 
1301 2 1305 156 F: 2 
1345 8 1377 70 F: 8 
1352 7 1359 185 F: 5 2 
1392 8 1416 65 F: 3 5 
1395 10 1425 192 F: 3 3 4 
1406 9 1424 180 F: 7 2 
1434 10 1464 16 F: 7 3 
1448 7 1476 183 F: 2 2 3 
1454 10 1484 53 F: 2 4 4 
1492 7 1513 204 F: 6 1 
1503 12 1515 62 F: 12 
1535 7 1556 190 F: 5 1 1 
1570 11 1603 234 F: 6 5 
1585 9 1612 6 F: 4 2 3 
1587 7 1615 37 F: 4 3 
1634 8 1650 241 F: 6 2 
1635 7 1649 43 F: 5 1 1 
1663 8 1695 175 F: 3 2 3 
1664 7 1692 100 F: 4 3 
1689 10 1699 163 F: 10 
1701 11 1723 148 F: 6 5 
1736 8 1760 56 F: 4 2 2 
1754 4 1758 2 F: 4 
1760 6 1778 91 F: 2 4 
1789 11 1811 3 F: 5 2 4 
1820 13 1859 14 F: 13 
1833 9 1860 243 F: 4 5 
1837 6 1843 143 F: 6 
1880 9 1889 201 F: 9 
1898 13 1937 198 F: 13 
1927 8 1943 208 F: 6 2 
1928 5 1943 107 F: 3 2 
1945 11 1956 84 F: 5 4 2 
1974 6 1992 20 F: 4 1 1 
1984 8 2016 246 F: 8 
2033 6 2057 178 F: 5 1 
2035 10 2055 206 F: 5 2 3 
2041 9 2077 38 F: 6 3 
2073 10 2083 160 F: 2 4 4 
2083 9 2119 21 F: 9 
2123 13 2149 208 F: 13 
2124 10 2164 108 F: 5 5 
2134 9 2170 82 F: 3 6 
2173 3 2182 11 F: 3 
2199 7 2227 105 F: 4 1 2 
2210 5 2230 31 F: 5 
2238 2 2244 146 F: 2 
2251 2 2253 181 F: 2 
2295 12 2319 249 F: 5 4 3 
2296 11 2329 216 F: 11 
2324 10 2344 43 F: 3 4 3 
2335 9 2371 204 F: 7 2 
2341 8 2373 80 F: 8 
2377 11 2388 208 F: 7 4 
2393 10 2413 52 F: 10 
2400 7 2414 180 F: 5 1 1 
2449 8 2473 103 F: 4 3 1 
2450 2 2452 241 F: 2 
2465 7 2479 12 F: 2 4 1 
2484 9 2493 220 F: 2 4 3 
2528 5 2533 72 F: 3 2 
2531 11 2542 35 F: 11 
2544 5 2554 37 F: 3 1 1 
2554 9 2581 146 F: 4 4 1 
2554 10 2594 196 F: 10 
2607 8 2639 46 F: 5 3 
2609 9 2645 155 F: 4 4 1 
2610 13 2649 63 F: 7 6 
2621 12 2633 77 F: 12 
2625 3 2628 158 F: 3 
2701 7 2722 63 F: 2 3 2 
2753 7 2760 101 F: 7 
2769 8 2793 143 F: 8 
2773 11 2795 38 F: 7 4 
2794 5 2799 229 F: 2 3 
2803 13 2855 195 F: 13 
2855 6 2873 13 F: 6 
2859 11 2903 134 F: 5 6 
2864 9 2891 195 F: 9 
2881 8 2889 59 F: 5 1 2 
2910 7 2924 165 F: 7 
2916 11 2927 248 F: 6 5 
2922 6 2934 206 F: 3 2 1 
2957 10 2987 66 F: 4 4 2 
2972 6 2990 153 F: 4 2 
3027 12 3039 196 F: 7 5 
3035 11 3046 29 F: 4 3 4 
3060 12 3084 170 F: 12 
3073 2 3075 21 F: 2 
3080 10 3120 46 F: 4 2 4 
3108 6 3114 197 F: 3 3 
3125 6 3137 13 F: 5 1 
3126 5 3141 164 F: 3 2 
3162 8 3194 189 F: 2 2 4 
3168 7 3189 116 F: 3 1 3 
3206 8 3222 108 F: 3 2 3 
3271 9 3307 134 F: 6 3 
3278 8 3294 204 F: 2 6 
3279 9 3315 23 F: 5 3 1 
3296 2 3298 243 F: 2 
3315 6 3339 148 F: 4 1 1 
3369 8 3385 128 F: 8 
3379 9 3397 222 F: 9 
3384 10 3394 142 F: 5 2 3 
3391 10 3411 148 F: 4 3 3 
3407 9 3443 72 F: 6 3 
3435 9 3453 32 F: 4 4 1 
3464 10 3494 168 F: 3 3 4 
3465 7 3486 231 F: 7 
3482 4 3486 35 F: 3 1 
3507 9 3525 204 F: 2 3 4 
3573 10 3583 99 F: 5 5 
3575 12 3611 118 F: 12 
3577 12 3613 105 F: 12 
3585 6 3591 118 F: 6 
3611 10 3621 211 F: 10 
3640 11 3684 168 F: 11 
3664 8 3696 47 F: 5 2 1 
3685 7 3706 86 F: 2 3 2 
3688 6 3694 157 F: 2 2 2 
3703 4 3711 91 F: 4 
3725 13 3738 66 F: 5 4 4 
3732 10 3742 90 F: 10 
3740 6 3758 19 F: 4 2 
3799 13 3851 136 F: 5 4 4 
3822 7 3850 172 F: 3 3 1 
3843 12 3879 205 F: 4 4 4 
3880 13 3893 225 F: 13 
3892 6 3910 144 F: 6 
3895 7 3909 248 F: 2 2 3 
3931 7 3959 235 F: 3 1 3 
3959 12 4007 92 F: 6 6 
3984 7 4012 56 F: 2 4 1 
3986 6 4004 126 F: 2 1 3 
3987 8 4019 98 F: 5 3 
4025 11 4036 235 F: 5 6 
4041 9 4068 238 F: 2 3 4 
4058 9 4085 155 F: 4 3 2 
4073 10 4083 15 F: 4 2 4 
4082 12 4130 29 F: 12 
4129 9 4156 189 F: 9 
4133 11 4144 143 F: 5 3 3 
4146 3 4158 71 F: 2 1 
4174 10 4194 94 F: 2 4 4 
4182 11 4226 64 F: 5 3 3 
4200 11 4211 36 F: 11 
4257 12 4269 73 F: 12 
4268 8 4292 93 F: 4 2 2 
4280 5 4300 48 F: 5 
4295 3 4304 62 F: 3 
4335 12 4347 120 F: 6 6 
4347 11 4391 17 F: 11 
4379 12 4403 164 F: 7 5 
4389 9 4416 221 F: 3 2 4 
4394 11 4405 200 F: 11 
4414 12 4450 207 F: 12 
4443 12 4479 202 F: 12 
4452 4 4460 184 F: 4 
4454 10 4494 91 F: 4 4 2 
4476 7 4490 33 F: 3 2 2 
4503 6 4521 249 F: 5 1 
4537 10 4547 95 F: 4 2 4 
4564 9 4600 16 F: 4 5 
4575 4 4591 223 F: 4 
4579 9 4597 199 F: 5 4 
4631 7 4659 246 F: 2 1 4 
4661 5 4676 162 F: 2 3 
4667 5 4672 113 F: 5 
4678 7 4685 242 F: 6 1 
4685 12 4709 95 F: 6 6 
4737 6 4761 25 F: 4 2 
4764 9 4791 112 F: 2 3 4 
4770 5 4780 72 F: 5 
4781 7 4788 84 F: 2 2 3 
4787 10 4797 72 F: 5 2 3 
4821 6 4839 58 F: 6 
4838 8 4862 44 F: 8 
4863 6 4875 223 F: 2 4 
4874 9 4883 158 F: 9 
4893 2 4895 165 F: 2 
4912 8 4944 112 F: 7 1 
4939 7 4953 177 F: 2 4 1 
4941 7 4948 203 F: 3 3 1 
4980 8 4988 219 F: 4 3 1 
4993 6 5011 65 F: 3 3 
D: 14 106 
D: 17 98 
D: 22 233 
D: 23 131 
D: 26 116 
D: 27 140 
D: 28 189 
D: 29 214 
D: 37 139 
D: 41 187 
D: 49 134 
D: 57 186 
D: 60 153 
D: 72 207 
D: 73 240 
D: 83 105 
D: 87 133 
D: 89 209 
D: 118 221 
D: 121 177 
D: 140 156 
D: 141 232 
D: 160 189 
D: 172 182 
D: 216 241 
