31 9 40 250 F: 3 2 4 
54 8 62 136 F: 8 
59 8 67 245 F: 8 
85 6 91 120 F: 3 3 
85 13 98 108 F: 13 
117 9 144 118 F: 5 4 
123 13 136 118 F: 7 6 
148 12 196 142 F: 5 3 4 
154 13 180 117 F: 5 4 4 
180 12 204 178 F: 12 
210 8 242 230 F: 5 1 2 
215 9 224 176 F: 9 
265 9 283 270 F: 3 6 
268 4 276 265 F: 4 
278 9 296 201 F: 3 6 
303 6 327 252 F: 6 
305 7 326 239 F: 2 5 
311 10 351 7 F: 5 4 1 
331 8 363 211 F: 2 4 2 
395 11 417 88 F: 5 3 3 
414 9 450 42 F: 3 6 
427 12 463 172 F: 7 5 
447 8 479 244 F: 4 1 3 
449 9 476 60 F: 7 2 
482 11 504 176 F: 11 
520 8 552 205 F: 4 3 1 
539 6 563 122 F: 4 1 1 
568 9 604 213 F: 7 2 
598 6 604 274 F: 6 
598 12 622 161 F: 12 
621 6 645 203 F: 3 3 
626 9 635 35 F: 4 4 1 
649 8 681 214 F: 7 1 
659 9 686 67 F: 9 
697 10 707 281 F: 2 4 4 
732 12 780 104 F: 12 
739 7 767 170 F: 3 4 
741 3 753 121 F: 3 
786 3 789 84 F: 3 
788 7 809 18 F: 2 2 3 
835 6 847 132 F: 2 2 2 
856 6 862 188 F: 4 2 
859 7 887 61 F: 6 1 
872 7 893 291 F: 5 1 1 
897 3 903 218 F: 2 1 
903 5 918 17 F: 5 
915 5 935 64 F: 5 
915 7 943 200 F: 2 1 4 
941 7 955 32 F: 3 2 2 
946 5 951 182 F: 5 
1009 3 1012 246 F: 3 
1027 4 1043 206 F: 3 1 
1060 6 1078 201 F: 4 1 1 
1080 10 1090 229 F: 5 4 1 
1089 11 1100 87 F: 4 4 3 
1104 10 1144 74 F: 4 6 
1115 13 1167 172 F: 13 
1168 8 1184 116 F: 7 1 
1176 9 1194 110 F: 2 3 4 
1199 3 1211 58 F: 3 
1214 6 1226 64 F: 5 1 
1218 10 1258 20 F: 5 5 
1245 2 1249 235 F: 2 
1247 9 1283 274 F: 2 3 4 
1248 9 1284 262 F: 9 
1313 12 1337 217 F: 6 6 
1326 8 1342 234 F: 5 1 2 
1367 8 1391 99 F: 3 1 4 
1368 9 1395 181 F: 4 5 
1376 6 1388 298 F: 2 4 
1417 10 1457 10 F: 10 
1461 3 1464 68 F: 3 
1478 7 1499 278 F: 7 
1485 9 1503 34 F: 9 
1497 13 1536 194 F: 13 
1500 8 1532 202 F: 3 4 1 
1519 10 1529 265 F: 4 6 
1537 11 1581 92 F: 3 4 4 
1546 11 1568 93 F: 5 6 
1548 5 1558 55 F: 3 1 1 
1617 4 1621 212 F: 3 1 
1649 9 1658 270 F: 3 6 
1666 10 1686 289 F: 5 1 4 
1675 11 1697 85 F: 11 
1681 4 1685 226 F: 3 1 
1706 7 1720 90 F: 3 1 3 
1708 11 1719 136 F: 5 3 3 
1739 12 1787 85 F: 6 6 
1760 10 1790 48 F: 5 3 2 
1778 12 1790 110 F: 12 
1818 11 1851 226 F: 5 6 
1823 8 1839 114 F: 6 2 
1829 8 1853 25 F: 5 2 1 
1877 7 1884 169 F: 3 4 
1880 10 1890 268 F: 6 4 
1905 6 1929 222 F: 3 3 
1925 10 1935 114 F: 4 6 
1947 3 1956 214 F: 3 
1973 7 1987 41 F: 4 1 2 
1981 10 1991 235 F: 5 2 3 
2001 8 2017 150 F: 8 
2004 6 2022 176 F: 3 1 2 
2014 10 2044 201 F: 2 4 4 
2014 13 2053 49 F: 7 6 
2040 10 2060 57 F: 4 4 2 
2103 7 2110 166 F: 4 2 1 
2106 3 2109 114 F: 3 
2133 8 2165 163 F: 8 
2165 10 2175 106 F: 3 3 4 
2186 13 2225 293 F: 7 6 
2205 6 2217 282 F: 2 2 2 
2215 5 2225 254 F: 5 
2261 7 2275 292 F: 7 
2262 7 2290 152 F: 7 
2265 8 2281 253 F: 7 1 
2332 5 2337 106 F: 3 1 1 
2360 2 2362 55 F: 2 
2374 7 2402 216 F: 4 2 1 
2382 13 2434 240 F: 13 
2392 7 2399 255 F: 7 
2430 5 2450 60 F: 5 
2445 6 2451 282 F: 5 1 
2472 9 2508 186 F: 2 4 3 
2490 4 2506 130 F: 4 
2496 10 2536 83 F: 3 4 3 
2512 11 2534 63 F: 6 5 
2536 8 2560 27 F: 5 2 1 
2543 8 2575 50 F: 5 3 
2570 7 2598 53 F: 4 3 
2589 7 2617 24 F: 7 
2623 8 2655 259 F: 5 1 2 
2641 9 2650 37 F: 9 
2647 6 2671 270 F: 5 1 
2695 7 2709 251 F: 5 2 
2697 7 2725 188 F: 5 1 1 
2741 8 2765 208 F: 5 1 2 
2761 2 2769 68 F: 2 
2765 9 2792 173 F: 7 2 
2771 7 2778 54 F: 6 1 
2789 6 2813 249 F: 2 4 
2802 11 2846 108 F: 6 5 
2831 8 2839 187 F: 2 6 
2831 9 2849 117 F: 4 5 
2836 7 2850 298 F: 2 5 
2896 10 2926 232 F: 5 5 
2909 5 2929 122 F: 4 1 
2915 11 2926 265 F: 5 6 
2954 10 2984 170 F: 5 4 1 
2956 8 2988 200 F: 8 
2961 7 2968 261 F: 2 4 1 
3006 10 3046 58 F: 5 4 1 
3014 3 3020 292 F: 3 
3016 5 3026 96 F: 5 
3017 4 3033 12 F: 3 1 
3030 7 3051 122 F: 3 1 3 
3130 8 3146 128 F: 3 1 4 
3139 7 3167 264 F: 4 2 1 
3143 8 3151 251 F: 2 2 4 
3155 9 3173 59 F: 4 5 
3190 5 3195 110 F: 2 3 
3229 9 3265 106 F: 9 
3233 8 3257 54 F: 2 6 
3250 8 3274 41 F: 4 1 3 
3251 8 3267 167 F: 8 
3289 11 3333 133 F: 11 
3321 7 3349 9 F: 6 1 
3340 6 3346 39 F: 3 1 2 
3351 9 3360 200 F: 3 6 
3379 2 3387 182 F: 2 
3385 11 3407 20 F: 5 4 2 
3411 2 3419 287 F: 2 
3458 9 3494 247 F: 4 2 3 
3465 11 3487 262 F: 5 6 
3466 9 3484 281 F: 9 
3494 6 3500 34 F: 6 
3556 11 3589 97 F: 11 
3559 10 3579 247 F: 5 1 4 
3563 3 3575 56 F: 2 1 
3595 6 3601 150 F: 6 
3598 7 3626 72 F: 2 3 2 
3600 6 3606 194 F: 5 1 
3616 9 3652 251 F: 3 6 
3636 9 3654 99 F: 9 
3641 8 3657 15 F: 2 6 
3698 7 3726 23 F: 4 3 
3711 8 3743 180 F: 4 1 3 
3739 8 3771 213 F: 2 3 3 
3767 13 3793 128 F: 13 
3790 9 3808 214 F: 7 2 
3798 4 3806 64 F: 4 
3806 10 3846 25 F: 5 5 
3830 8 3862 202 F: 4 4 
3833 7 3861 4 F: 2 5 
3877 6 3901 280 F: 6 
3896 9 3923 149 F: 4 2 3 
3930 2 3934 213 F: 2 
3953 9 3971 227 F: 9 
3956 2 3960 16 F: 2 
3977 13 4029 161 F: 13 
3988 8 4012 156 F: 7 1 
4014 9 4050 171 F: 9 
4038 6 4062 159 F: 3 2 1 
4067 6 4085 164 F: 6 
4083 9 4110 221 F: 2 3 4 
4099 9 4126 184 F: 9 
4115 8 4147 43 F: 6 2 
4127 7 4141 219 F: 7 
4136 3 4139 197 F: 3 
4193 8 4201 102 F: 7 1 
4199 10 4229 144 F: 6 4 
4225 8 4241 204 F: 7 1 
4249 4 4253 221 F: 2 2 
4258 8 4282 37 F: 6 2 
4261 9 4297 160 F: 5 3 1 
4296 9 4314 219 F: 3 3 3 
4316 9 4334 95 F: 3 6 
4319 8 4343 241 F: 8 
4370 2 4378 292 F: 2 
4388 13 4401 256 F: 13 
4393 6 4417 153 F: 6 
4424 8 4456 136 F: 4 4 
4432 9 4468 197 F: 3 4 2 
4448 10 4488 9 F: 10 
4451 11 4495 112 F: 7 4 
4485 10 4515 11 F: 2 4 4 
4554 8 4570 67 F: 4 2 2 
4563 11 4574 99 F: 5 6 
4581 8 4589 132 F: 5 1 2 
4595 9 4622 171 F: 9 
4598 3 4610 283 F: 3 
4612 7 4626 202 F: 5 2 
4616 10 4646 199 F: 7 3 
4627 8 4643 188 F: 2 4 2 
4671 10 4701 6 F: 5 3 2 
4672 8 4696 296 F: 7 1 
4713 5 4733 119 F: 3 2 
4713 12 4737 137 F: 4 4 4 
4761 9 4797 136 F: 3 6 
4791 12 4827 186 F: 5 4 3 
4799 5 4819 27 F: 2 3 
4849 9 4885 223 F: 4 2 3 
4867 6 4891 155 F: 4 2 
4867 9 4876 226 F: 4 5 
4880 4 4888 185 F: 3 1 
4881 7 4902 261 F: 7 
4914 11 4947 191 F: 5 6 
4959 11 4981 260 F: 6 5 
4974 13 5000 140 F: 13 
4981 8 5005 194 F: 5 2 1 
4994 7 5001 209 F: 4 1 2 
5000 10 5010 142 F: 5 1 4 
5010 2 5016 83 F: 2 
5022 11 5033 157 F: 4 4 3 
5024 8 5048 278 F: 5 2 1 
5079 8 5095 116 F: 8 
5126 9 5135 141 F: 2 4 3 
5145 8 5161 158 F: 6 2 
5180 5 5190 269 F: 2 2 1 
5180 13 5232 169 F: 7 6 
5194 11 5238 102 F: 11 
5222 7 5236 105 F: 5 2 
5236 5 5256 209 F: 5 
5244 12 5280 85 F: 7 5 
5255 9 5264 179 F: 3 2 4 
5271 10 5281 290 F: 4 6 
5308 3 5311 50 F: 3 
5319 4 5323 209 F: 4 
5347 12 5383 251 F: 7 5 
5367 11 5378 126 F: 4 3 4 
5393 2 5397 198 F: 2 
5454 6 5472 39 F: 4 1 1 
5462 6 5480 4 F: 5 1 
5465 8 5497 2 F: 4 1 3 
5474 7 5495 38 F: 2 2 3 
5483 7 5511 43 F: 3 4 
5503 2 5505 37 F: 2 
5513 5 5533 16 F: 3 2 
5556 12 5592 276 F: 6 6 
5572 3 5578 9 F: 3 
5574 7 5581 97 F: 3 1 3 
5650 6 5668 225 F: 6 
5669 8 5685 248 F: 5 3 
5688 2 5690 102 F: 2 
5688 2 5692 198 F: 2 
5692 6 5710 164 F: 3 1 2 
5717 13 5743 108 F: 13 
5750 7 5764 32 F: 5 2 
5754 11 5776 111 F: 11 
5782 11 5815 172 F: 5 6 
5791 7 5812 85 F: 4 1 2 
5835 5 5850 231 F: 5 
5842 8 5858 116 F: 4 4 
5868 6 5892 138 F: 2 1 3 
5875 13 5914 246 F: 13 
5891 8 5923 252 F: 5 3 
5929 11 5973 79 F: 6 5 
5955 10 5985 290 F: 7 3 
5968 6 5980 159 F: 2 4 
5973 9 5991 26 F: 4 5 
5983 6 6007 289 F: 6 
D: 0 7 
D: 0 55 
D: 4 105 
D: 11 86 
D: 21 185 
D: 25 75 
D: 27 97 
D: 45 71 
D: 49 136 
D: 60 272 
D: 72 203 
D: 85 151 
D: 86 264 
D: 90 111 
D: 93 156 
D: 98 251 
D: 100 267 
D: 103 196 
D: 116 211 
D: 128 232 
D: 136 171 
D: 141 164 
D: 142 143 
D: 148 279 
D: 160 199 
D: 162 188 
D: 175 202 
D: 185 255 
D: 242 244 
D: 265 283 
