14 6 38 191 F: 3 2 1 
52 9 79 59 F: 5 1 3 
68 8 76 62 F: 8 
85 13 124 280 F: 7 6 
88 13 114 80 F: 7 6 
123 9 141 63 F: 5 1 3 
126 8 142 272 F: 7 1 
137 13 176 216 F: 13 
147 5 167 266 F: 2 1 2 
171 8 195 229 F: 4 3 1 
232 9 259 228 F: 4 4 1 
232 10 262 109 F: 6 4 
233 2 239 3 F: 2 
241 9 250 110 F: 4 4 1 
280 4 296 143 F: 4 
303 8 311 198 F: 6 2 
313 8 345 66 F: 8 
332 3 335 200 F: 3 
368 6 392 240 F: 5 1 
398 3 407 109 F: 3 
421 9 430 297 F: 9 
423 3 426 294 F: 3 
438 5 453 46 F: 5 
440 8 448 92 F: 4 4 
489 9 507 131 F: 4 4 1 
528 10 538 80 F: 2 4 4 
546 11 557 8 F: 5 3 3 
549 8 581 233 F: 6 2 
555 9 573 227 F: 9 
567 6 585 250 F: 2 1 3 
600 11 622 42 F: 11 
615 11 637 126 F: 5 6 
653 9 689 260 F: 3 2 4 
658 2 666 127 F: 2 
660 9 696 37 F: 5 4 
723 7 730 19 F: 3 1 3 
735 13 787 295 F: 13 
748 7 776 272 F: 2 1 4 
781 9 790 211 F: 3 3 3 
789 10 809 25 F: 6 4 
809 12 845 155 F: 12 
833 6 839 190 F: 4 2 
856 4 860 80 F: 2 2 
857 7 885 102 F: 7 
881 8 905 67 F: 8 
901 9 919 265 F: 9 
938 3 941 90 F: 2 1 
942 9 969 12 F: 9 
973 11 1006 262 F: 11 
980 12 1028 209 F: 12 
1001 9 1019 108 F: 9 
1010 12 1022 6 F: 5 4 3 
1062 11 1073 259 F: 4 3 4 
1072 5 1077 170 F: 5 
1092 6 1116 1 F: 2 4 
1102 9 1138 240 F: 4 5 
1147 8 1163 203 F: 8 
1147 11 1191 184 F: 5 6 
1156 7 1170 245 F: 7 
1165 8 1197 83 F: 3 2 3 
1214 6 1232 134 F: 4 1 1 
1250 10 1260 105 F: 10 
1267 4 1283 123 F: 4 
1272 6 1296 154 F: 3 3 
1285 6 1303 229 F: 3 3 
1304 7 1325 242 F: 3 4 
1309 8 1341 226 F: 6 2 
1332 9 1341 154 F: 2 4 3 
1362 12 1410 181 F: 12 
1370 10 1380 101 F: 10 
1413 12 1449 197 F: 12 
1415 7 1443 273 F: 7 
1445 10 1485 153 F: 4 3 3 
1447 12 1483 149 F: 12 
1492 9 1528 227 F: 9 
1518 4 1530 106 F: 2 2 
1538 10 1578 179 F: 10 
1552 12 1576 229 F: 7 5 
1573 4 1589 279 F: 4 
1598 6 1610 33 F: 6 
1629 12 1653 147 F: 6 6 
1647 6 1659 262 F: 4 2 
1676 7 1690 231 F: 4 2 1 
1682 12 1718 142 F: 6 6 
1699 7 1727 173 F: 7 
1713 7 1720 106 F: 5 1 1 
1717 8 1725 103 F: 6 2 
1728 6 1734 176 F: 6 
1732 11 1743 12 F: 5 3 3 
1769 7 1776 225 F: 3 3 1 
1818 11 1840 144 F: 4 4 3 
1854 6 1866 219 F: 2 2 2 
1866 7 1880 20 F: 3 3 1 
1891 7 1898 126 F: 3 4 
1894 11 1938 208 F: 11 
1903 10 1943 226 F: 5 5 
1904 8 1912 270 F: 2 4 2 
1918 8 1942 193 F: 4 3 1 
1955 4 1959 40 F: 3 1 
1972 8 1996 72 F: 2 2 4 
2014 2 2018 140 F: 2 
2025 10 2055 138 F: 4 3 3 
2045 9 2054 281 F: 9 
2082 5 2087 122 F: 4 1 
2099 6 2123 291 F: 5 1 
2129 9 2156 146 F: 4 4 1 
2145 5 2155 42 F: 2 1 2 
2169 9 2178 37 F: 4 2 3 
2183 10 2203 34 F: 6 4 
2194 6 2206 89 F: 3 2 1 
2235 4 2239 93 F: 2 1 1 
2235 10 2245 27 F: 10 
2270 10 2300 31 F: 10 
2283 9 2292 125 F: 5 4 
2294 8 2318 74 F: 3 5 
2332 4 2348 29 F: 4 
2346 12 2382 179 F: 5 3 4 
2360 11 2382 172 F: 5 2 4 
2377 10 2417 52 F: 6 4 
2390 10 2430 46 F: 7 3 
2419 9 2455 198 F: 9 
2456 7 2463 228 F: 3 4 
2464 7 2492 188 F: 7 
2472 8 2480 258 F: 3 3 2 
2489 6 2495 116 F: 6 
2502 6 2508 297 F: 3 2 1 
2512 9 2539 199 F: 3 2 4 
2542 10 2572 51 F: 5 3 2 
2581 12 2629 144 F: 4 4 4 
2588 8 2596 69 F: 6 2 
2632 8 2656 100 F: 5 1 2 
2637 7 2651 209 F: 3 4 
2640 11 2684 115 F: 4 3 4 
2664 11 2697 73 F: 6 5 
2672 9 2708 86 F: 4 3 2 
2737 10 2777 87 F: 10 
2748 8 2780 91 F: 5 2 1 
2755 7 2783 5 F: 4 1 2 
2776 2 2782 143 F: 2 
2790 10 2800 294 F: 5 5 
2828 6 2852 128 F: 2 3 1 
2846 2 2848 94 F: 2 
2866 7 2894 18 F: 7 
2890 4 2894 211 F: 2 2 
2891 11 2913 193 F: 7 4 
2903 10 2923 294 F: 10 
2915 11 2959 76 F: 5 4 2 
2944 6 2950 107 F: 3 3 
2987 9 3014 79 F: 9 
2992 9 3028 114 F: 9 
3028 8 3044 121 F: 6 2 
3062 5 3077 286 F: 3 2 
3070 5 3085 90 F: 5 
3071 8 3087 197 F: 2 4 2 
3071 11 3115 220 F: 5 4 2 
3117 4 3129 123 F: 4 
3123 5 3128 46 F: 5 
3143 12 3191 149 F: 7 5 
3165 12 3177 211 F: 12 
3189 7 3210 233 F: 7 
3205 7 3233 25 F: 7 
3215 8 3247 97 F: 6 2 
3244 11 3288 20 F: 11 
3294 8 3318 265 F: 2 6 
3298 7 3326 185 F: 7 
3309 8 3333 163 F: 3 5 
3338 8 3346 225 F: 2 6 
3344 7 3358 288 F: 2 1 4 
3353 9 3380 59 F: 9 
3357 5 3367 45 F: 3 2 
3432 8 3448 84 F: 3 4 1 
3453 6 3471 72 F: 5 1 
3477 3 3480 117 F: 3 
3478 10 3488 125 F: 5 3 2 
3490 13 3516 167 F: 7 6 
3525 3 3534 183 F: 2 1 
3550 9 3577 275 F: 9 
3556 2 3560 273 F: 2 
3595 9 3613 215 F: 5 3 1 
3599 2 3605 69 F: 2 
3615 8 3647 295 F: 8 
3621 7 3628 202 F: 2 4 1 
3631 8 3663 60 F: 3 5 
3667 6 3673 278 F: 5 1 
3688 10 3698 177 F: 7 3 
3724 4 3728 275 F: 4 
3726 10 3756 47 F: 7 3 
3785 10 3795 166 F: 10 
3787 10 3797 203 F: 10 
3798 8 3814 288 F: 4 2 2 
3809 8 3833 194 F: 4 4 
3845 10 3885 293 F: 2 4 4 
3847 6 3859 11 F: 2 1 3 
3855 4 3871 3 F: 4 
3860 12 3896 83 F: 12 
3917 10 3947 188 F: 4 4 2 
3937 12 3961 187 F: 12 
3942 8 3966 39 F: 2 4 2 
3951 9 3960 114 F: 3 6 
3956 11 3989 213 F: 11 
4068 9 4077 101 F: 9 
4073 6 4091 281 F: 4 2 
4078 12 4102 186 F: 12 
4085 8 4093 167 F: 2 2 4 
4095 7 4123 144 F: 4 3 
4121 2 4127 50 F: 2 
4178 7 4185 293 F: 7 
4195 2 4203 242 F: 2 
4195 9 4204 251 F: 5 4 
4195 11 4239 202 F: 4 3 4 
4220 10 4230 75 F: 4 4 2 
4232 11 4276 271 F: 5 4 2 
4233 7 4247 98 F: 7 
4264 7 4285 70 F: 3 4 
4279 7 4300 53 F: 3 4 
4308 7 4315 110 F: 5 2 
4341 6 4353 67 F: 2 1 3 
4373 9 4400 84 F: 3 2 4 
4379 2 4387 238 F: 2 
4397 10 4437 240 F: 10 
4407 12 4431 76 F: 12 
4411 7 4418 35 F: 5 1 1 
4427 7 4455 266 F: 7 
4446 3 4452 54 F: 3 
4464 13 4490 118 F: 13 
4520 5 4535 93 F: 4 1 
4525 3 4534 241 F: 2 1 
4532 12 4580 28 F: 12 
4546 8 4570 118 F: 8 
4589 3 4592 69 F: 2 1 
4609 3 4621 84 F: 3 
4626 7 4633 167 F: 2 1 4 
4628 2 4630 293 F: 2 
4671 9 4680 89 F: 9 
4688 7 4702 111 F: 2 5 
4717 5 4722 275 F: 2 1 2 
4754 9 4763 245 F: 5 3 1 
4772 6 4784 220 F: 3 3 
4776 11 4787 139 F: 11 
4779 10 4809 27 F: 10 
4866 4 4878 289 F: 4 
4867 9 4894 219 F: 3 2 4 
4873 8 4881 213 F: 8 
4876 12 4924 296 F: 12 
4894 9 4921 116 F: 9 
4902 9 4929 121 F: 3 2 4 
4918 12 4954 250 F: 12 
4973 12 4985 126 F: 5 3 4 
4979 11 5023 199 F: 5 4 2 
4992 4 5000 3 F: 4 
5016 6 5040 246 F: 4 2 
5042 7 5063 249 F: 2 5 
5044 7 5065 116 F: 6 1 
5049 12 5073 181 F: 12 
5098 6 5110 48 F: 3 3 
5143 11 5165 259 F: 5 3 3 
5149 8 5165 184 F: 3 4 1 
5161 5 5176 170 F: 5 
5179 7 5186 250 F: 2 4 1 
5181 9 5199 155 F: 4 5 
5209 4 5217 62 F: 4 
5223 12 5247 96 F: 5 3 4 
5236 7 5243 60 F: 4 3 
5260 11 5282 21 F: 6 5 
5296 10 5306 269 F: 5 3 2 
5300 7 5321 15 F: 3 3 1 
5320 7 5341 228 F: 7 
5340 12 5364 169 F: 5 4 3 
5358 9 5385 151 F: 4 4 1 
5387 10 5407 28 F: 4 6 
5415 3 5424 255 F: 2 1 
5444 8 5476 64 F: 2 4 2 
5463 11 5507 168 F: 7 4 
5479 3 5482 221 F: 3 
5491 6 5509 53 F: 6 
5502 9 5511 193 F: 5 2 2 
5543 3 5555 257 F: 3 
5580 6 5586 297 F: 6 
5586 8 5594 102 F: 5 3 
5595 6 5601 47 F: 2 1 3 
5610 7 5624 46 F: 5 1 1 
5639 5 5644 191 F: 5 
5645 6 5657 67 F: 2 2 2 
5650 5 5655 25 F: 2 1 2 
5696 9 5723 29 F: 6 3 
5700 7 5728 6 F: 2 4 1 
5724 6 5730 32 F: 4 2 
5755 10 5775 29 F: 10 
5766 5 5771 45 F: 2 3 
5771 5 5776 57 F: 2 1 2 
5811 4 5823 23 F: 3 1 
5828 10 5848 143 F: 4 6 
5834 9 5870 105 F: 9 
5837 5 5857 288 F: 2 1 2 
5849 9 5885 64 F: 6 3 
5901 10 5911 165 F: 10 
5923 10 5953 87 F: 4 2 4 
5928 4 5944 54 F: 4 
5938 11 5960 66 F: 3 4 4 
5972 4 5980 256 F: 3 1 
D: 11 207 
D: 14 150 
D: 14 220 
D: 15 76 
D: 23 242 
D: 25 177 
D: 26 290 
D: 28 39 
D: 28 98 
D: 28 103 
D: 57 115 
D: 77 260 
D: 85 147 
D: 96 106 
D: 102 128 
D: 103 276 
D: 118 142 
D: 118 207 
D: 135 255 
D: 144 145 
D: 149 211 
D: 155 258 
D: 161 218 
D: 161 278 
D: 176 189 
D: 179 260 
D: 182 228 
D: 186 238 
D: 230 235 
D: 263 294 
