7 12 55 182 F: 5 4 3 
26 10 66 208 F: 6 4 
71 8 79 64 F: 8 
88 6 100 214 F: 3 3 
97 4 109 172 F: 4 
113 3 122 70 F: 3 
155 11 177 217 F: 11 
162 8 170 107 F: 6 2 
167 9 176 66 F: 9 
173 9 209 210 F: 6 3 
244 11 277 132 F: 5 3 3 
251 5 271 278 F: 5 
267 12 279 154 F: 6 6 
268 9 277 88 F: 5 4 
291 6 303 32 F: 3 3 
308 3 311 97 F: 2 1 
371 5 381 139 F: 4 1 
387 11 409 18 F: 5 6 
389 9 416 108 F: 9 
398 7 412 240 F: 2 3 2 
403 6 421 59 F: 3 3 
425 7 446 230 F: 2 3 2 
447 9 483 247 F: 4 5 
454 7 475 71 F: 7 
494 9 503 109 F: 5 4 
543 9 552 233 F: 5 4 
547 8 571 191 F: 3 3 2 
549 5 564 234 F: 2 3 
556 9 574 30 F: 3 4 2 
598 4 614 111 F: 2 2 
613 11 657 216 F: 11 
638 8 662 93 F: 8 
642 10 672 142 F: 4 4 2 
649 11 660 233 F: 7 4 
652 13 665 20 F: 13 
707 10 737 136 F: 6 4 
719 7 740 263 F: 3 4 
731 8 763 72 F: 4 1 3 
739 10 779 135 F: 3 4 3 
785 9 812 105 F: 4 1 4 
805 2 811 141 F: 2 
867 5 882 172 F: 3 1 1 
869 8 885 162 F: 3 4 1 
885 6 909 95 F: 6 
895 7 916 165 F: 5 2 
904 7 925 38 F: 7 
909 12 933 288 F: 7 5 
911 5 926 95 F: 2 1 2 
912 9 921 198 F: 9 
972 9 990 9 F: 9 
1031 12 1043 92 F: 12 
1069 5 1074 106 F: 2 1 2 
1072 8 1096 240 F: 2 6 
1075 7 1082 135 F: 7 
1083 6 1107 139 F: 5 1 
1110 10 1140 69 F: 3 3 4 
1126 6 1144 48 F: 6 
1129 9 1147 61 F: 4 1 4 
1153 9 1162 262 F: 5 4 
1159 10 1189 265 F: 6 4 
1202 8 1226 91 F: 8 
1216 3 1228 11 F: 3 
1230 6 1236 53 F: 6 
1278 13 1317 232 F: 13 
1286 4 1298 10 F: 3 1 
1324 3 1327 183 F: 3 
1328 5 1338 284 F: 2 1 2 
1337 9 1355 85 F: 4 2 3 
1390 9 1408 2 F: 5 4 
1394 9 1421 288 F: 9 
1423 2 1425 255 F: 2 
1428 10 1458 275 F: 10 
1432 8 1464 247 F: 3 5 
1460 9 1496 170 F: 4 3 2 
1493 9 1529 237 F: 4 1 4 
1551 4 1563 31 F: 2 1 1 
1555 10 1595 25 F: 4 6 
1566 10 1586 271 F: 4 6 
1571 8 1587 47 F: 3 5 
1582 10 1622 76 F: 4 4 2 
1606 10 1616 8 F: 4 4 2 
1643 11 1665 118 F: 5 3 3 
1649 8 1665 93 F: 8 
1664 10 1684 280 F: 10 
1679 8 1687 204 F: 3 2 3 
1700 9 1718 17 F: 4 4 1 
1708 6 1720 119 F: 3 1 2 
1746 10 1776 164 F: 6 4 
1754 8 1786 245 F: 2 3 3 
1765 12 1777 227 F: 12 
1801 11 1812 275 F: 11 
1822 10 1832 278 F: 7 3 
1831 3 1834 293 F: 3 
1839 7 1867 176 F: 3 4 
1878 10 1918 147 F: 4 4 2 
1907 11 1951 148 F: 7 4 
1908 6 1926 263 F: 4 2 
1935 8 1959 95 F: 5 2 1 
1952 6 1964 206 F: 6 
1999 9 2017 110 F: 5 4 
2004 11 2048 161 F: 5 3 3 
2039 9 2057 259 F: 9 
2047 8 2071 218 F: 6 2 
2076 6 2094 267 F: 4 2 
2088 3 2100 180 F: 3 
2119 9 2137 61 F: 3 2 4 
2128 9 2137 51 F: 7 2 
2160 7 2181 290 F: 3 2 2 
2163 8 2195 170 F: 8 
2186 5 2191 9 F: 2 1 2 
2201 7 2222 28 F: 3 1 3 
2246 10 2256 26 F: 5 3 2 
2282 10 2312 238 F: 10 
2290 7 2304 252 F: 4 3 
2294 5 2309 168 F: 3 2 
2322 10 2352 151 F: 10 
2330 10 2360 25 F: 10 
2347 10 2357 75 F: 10 
2377 12 2389 68 F: 5 3 4 
2393 8 2417 100 F: 4 3 1 
2416 9 2425 234 F: 3 2 4 
2423 8 2447 38 F: 8 
2436 7 2450 58 F: 4 3 
2467 6 2491 51 F: 4 2 
2493 7 2521 45 F: 7 
2504 12 2528 199 F: 12 
2527 7 2555 23 F: 2 5 
2551 8 2583 56 F: 2 3 3 
2573 9 2609 78 F: 5 4 
2586 8 2610 113 F: 3 3 2 
2604 5 2624 71 F: 2 2 1 
2606 6 2624 216 F: 2 2 2 
2621 2 2625 218 F: 2 
2650 4 2662 201 F: 4 
2659 6 2683 101 F: 5 1 
2733 9 2760 101 F: 9 
2746 6 2752 291 F: 2 4 
2751 11 2762 161 F: 5 2 4 
2763 7 2791 239 F: 3 4 
2775 11 2797 134 F: 11 
2843 8 2875 243 F: 3 2 3 
2846 6 2852 225 F: 6 
2848 10 2858 178 F: 4 4 2 
2855 4 2867 115 F: 3 1 
2879 7 2907 157 F: 7 
2918 11 2940 168 F: 7 4 
2920 12 2968 238 F: 7 5 
2924 6 2948 224 F: 5 1 
2928 4 2932 99 F: 2 2 
2969 5 2974 81 F: 5 
3011 6 3017 161 F: 4 2 
3069 7 3083 202 F: 2 5 
3069 10 3109 239 F: 4 4 2 
3079 13 3131 189 F: 13 
3083 9 3110 284 F: 3 3 3 
3126 11 3148 182 F: 11 
3133 8 3165 5 F: 4 2 2 
3162 9 3180 258 F: 9 
3177 11 3221 161 F: 11 
3195 10 3205 7 F: 10 
3210 11 3232 173 F: 5 2 4 
3219 8 3243 207 F: 4 4 
3264 9 3273 98 F: 4 3 2 
3272 10 3312 39 F: 5 4 1 
3297 10 3327 122 F: 10 
3304 6 3328 31 F: 2 4 
3326 6 3350 162 F: 5 1 
3367 8 3375 210 F: 3 5 
3375 7 3396 200 F: 2 2 3 
3377 2 3383 24 F: 2 
3403 11 3414 202 F: 11 
3410 4 3422 103 F: 4 
3419 10 3449 150 F: 5 1 4 
3495 6 3519 161 F: 3 2 1 
3499 5 3504 113 F: 3 2 
3502 5 3512 194 F: 3 2 
3512 8 3544 235 F: 8 
3523 9 3550 232 F: 4 4 1 
3554 6 3578 72 F: 6 
3590 8 3622 70 F: 2 6 
3643 10 3663 297 F: 3 3 4 
3665 11 3676 217 F: 5 6 
3671 12 3719 246 F: 7 5 
3676 6 3688 167 F: 3 2 1 
3691 5 3701 78 F: 3 1 1 
3713 11 3746 91 F: 6 5 
3736 8 3744 96 F: 2 6 
3747 7 3768 8 F: 3 4 
3781 6 3799 3 F: 2 1 3 
3784 7 3812 174 F: 3 4 
3813 8 3837 162 F: 2 4 2 
3827 12 3863 3 F: 12 
3835 4 3851 79 F: 4 
3838 6 3856 19 F: 5 1 
3843 7 3864 53 F: 7 
3901 2 3907 55 F: 2 
3955 8 3979 132 F: 7 1 
3974 8 3990 97 F: 4 1 3 
3986 7 3993 90 F: 7 
3995 5 4010 123 F: 5 
4001 3 4010 168 F: 3 
4003 7 4031 74 F: 5 1 1 
4028 12 4064 108 F: 12 
4065 6 4071 35 F: 6 
4082 7 4096 186 F: 5 2 
4113 5 4128 154 F: 2 3 
4143 11 4165 106 F: 7 4 
4146 10 4176 17 F: 10 
4165 8 4189 84 F: 4 2 2 
4173 10 4193 256 F: 7 3 
4226 7 4233 163 F: 7 
4234 6 4252 122 F: 3 3 
4260 6 4272 223 F: 6 
4267 8 4291 187 F: 4 1 3 
4298 7 4326 165 F: 4 1 2 
4304 7 4332 44 F: 7 
4320 8 4328 253 F: 5 1 2 
4346 8 4362 38 F: 4 1 3 
4373 7 4387 299 F: 6 1 
4377 8 4385 245 F: 3 3 2 
4419 11 4430 248 F: 7 4 
4433 9 4442 256 F: 9 
4434 13 4460 157 F: 13 
4449 6 4455 215 F: 3 1 2 
4483 3 4495 12 F: 3 
4510 6 4522 178 F: 4 2 
4510 10 4540 101 F: 5 4 1 
4521 2 4523 294 F: 2 
4563 8 4587 38 F: 8 
4593 7 4614 270 F: 3 3 1 
4651 6 4663 222 F: 4 1 1 
4663 12 4687 31 F: 5 3 4 
4664 8 4672 216 F: 2 3 3 
4671 11 4682 93 F: 11 
4698 13 4737 276 F: 5 4 4 
4724 6 4742 138 F: 3 1 2 
4744 6 4768 83 F: 5 1 
4749 10 4769 118 F: 5 3 2 
4753 10 4763 250 F: 4 6 
4782 3 4794 184 F: 3 
4811 7 4825 184 F: 2 3 2 
4817 8 4849 11 F: 5 1 2 
4866 7 4887 170 F: 3 1 3 
4873 8 4905 261 F: 2 6 
4886 12 4910 211 F: 5 3 4 
4900 7 4928 223 F: 2 2 3 
4908 8 4924 69 F: 2 4 2 
4960 6 4978 197 F: 3 2 1 
4968 9 4986 144 F: 3 4 2 
4996 10 5016 45 F: 5 4 1 
5003 6 5015 55 F: 3 2 1 
5011 11 5055 279 F: 11 
5028 6 5046 191 F: 2 2 2 
5032 4 5040 84 F: 4 
5073 8 5105 147 F: 5 3 
5111 9 5129 146 F: 7 2 
5115 9 5151 131 F: 9 
5133 10 5153 62 F: 5 5 
5140 11 5173 116 F: 11 
5145 7 5152 292 F: 2 3 2 
5204 6 5216 280 F: 3 3 
5235 7 5242 14 F: 4 3 
5244 9 5271 96 F: 4 1 4 
5255 7 5262 181 F: 7 
5259 10 5289 210 F: 3 4 3 
5313 6 5331 190 F: 6 
5325 10 5335 229 F: 5 4 1 
5328 8 5360 27 F: 4 3 1 
5364 2 5370 112 F: 2 
5389 6 5413 108 F: 2 4 
5420 4 5428 135 F: 2 2 
5425 3 5428 87 F: 3 
5447 3 5453 94 F: 2 1 
5456 13 5482 159 F: 7 6 
5476 6 5488 85 F: 2 1 3 
5502 10 5542 273 F: 7 3 
5505 12 5529 48 F: 6 6 
5510 4 5526 260 F: 4 
5560 12 5596 232 F: 12 
5599 10 5629 235 F: 4 6 
5609 9 5636 203 F: 5 2 2 
5617 11 5639 168 F: 4 3 4 
5652 13 5678 73 F: 13 
5685 12 5733 115 F: 5 4 3 
5688 9 5706 76 F: 4 1 4 
5708 9 5726 274 F: 6 3 
5750 8 5774 208 F: 6 2 
5782 7 5803 181 F: 7 
5788 9 5806 209 F: 9 
5796 9 5814 265 F: 9 
5830 8 5854 65 F: 5 1 2 
5841 10 5881 61 F: 5 3 2 
5868 9 5904 194 F: 5 1 3 
5872 6 5884 78 F: 6 
5894 7 5901 88 F: 3 2 2 
5942 9 5960 81 F: 6 3 
5947 8 5971 44 F: 2 6 
5954 10 5964 151 F: 10 
5980 7 5987 30 F: 4 1 2 
5995 10 6005 282 F: 5 2 3 
D: 3 123 
D: 3 131 
D: 3 210 
D: 7 101 
D: 10 298 
D: 23 249 
D: 26 95 
D: 40 149 
D: 41 260 
D: 51 284 
D: 69 71 
D: 74 160 
D: 77 272 
D: 78 92 
D: 81 258 
D: 85 158 
D: 86 169 
D: 95 195 
D: 95 262 
D: 96 217 
D: 116 216 
D: 120 271 
D: 137 277 
D: 150 264 
D: 158 291 
D: 176 280 
D: 192 276 
D: 225 292 
D: 233 279 
D: 239 257 
