14 12 62 47 F: 5 3 4 
51 5 61 101 F: 5 
52 12 64 151 F: 12 
62 6 68 35 F: 2 4 
99 8 107 272 F: 8 
121 9 157 117 F: 2 3 4 
139 10 179 77 F: 6 4 
159 6 171 218 F: 3 2 1 
183 6 201 256 F: 4 1 1 
197 13 210 163 F: 13 
209 5 229 276 F: 5 
223 7 230 95 F: 5 1 1 
240 10 280 263 F: 10 
258 8 266 272 F: 4 4 
272 7 300 44 F: 2 5 
303 8 335 295 F: 3 5 
311 9 347 194 F: 3 2 4 
336 8 352 3 F: 4 4 
351 4 355 73 F: 2 2 
376 3 379 48 F: 3 
439 9 448 188 F: 4 5 
453 10 483 218 F: 3 3 4 
462 10 482 36 F: 2 4 4 
475 6 481 13 F: 6 
475 7 496 129 F: 7 
501 7 515 288 F: 7 
530 5 550 203 F: 5 
558 10 588 120 F: 10 
591 8 607 267 F: 8 
597 11 619 119 F: 11 
606 6 630 133 F: 2 3 1 
609 6 627 29 F: 6 
623 10 663 42 F: 6 4 
688 5 698 132 F: 4 1 
696 8 720 140 F: 8 
705 7 719 217 F: 3 4 
707 8 715 49 F: 5 3 
725 9 752 67 F: 9 
739 9 757 130 F: 9 
746 3 758 165 F: 3 
801 6 825 294 F: 5 1 
834 8 850 121 F: 4 2 2 
851 10 891 61 F: 5 4 1 
877 11 888 167 F: 6 5 
879 9 897 42 F: 5 2 2 
911 9 929 122 F: 4 3 2 
913 6 937 42 F: 4 2 
915 4 931 270 F: 3 1 
925 8 933 14 F: 2 3 3 
971 9 989 287 F: 3 3 3 
1021 7 1042 274 F: 3 1 3 
1042 6 1060 236 F: 6 
1042 11 1086 199 F: 4 3 4 
1081 13 1107 197 F: 13 
1099 6 1117 136 F: 6 
1109 8 1133 70 F: 3 3 2 
1113 13 1126 148 F: 13 
1141 10 1171 238 F: 7 3 
1147 11 1180 157 F: 11 
1162 6 1174 69 F: 3 2 1 
1235 6 1253 240 F: 6 
1255 9 1264 140 F: 4 4 1 
1256 11 1267 99 F: 4 3 4 
1257 9 1275 15 F: 7 2 
1288 6 1294 151 F: 4 1 1 
1316 11 1360 73 F: 5 3 3 
1336 5 1356 191 F: 3 1 1 
1347 6 1353 237 F: 4 1 1 
1352 12 1376 161 F: 4 4 4 
1397 10 1407 228 F: 5 2 3 
1421 6 1433 166 F: 2 4 
1433 9 1469 272 F: 3 3 3 
1455 6 1467 233 F: 2 1 3 
1467 5 1487 10 F: 4 1 
1480 4 1484 201 F: 4 
1504 10 1524 54 F: 3 4 3 
1519 8 1527 58 F: 8 
1521 13 1534 85 F: 5 4 4 
1525 4 1533 138 F: 4 
1542 10 1572 296 F: 2 4 4 
1603 8 1619 86 F: 4 1 3 
1605 7 1626 246 F: 5 2 
1643 8 1667 32 F: 6 2 
1674 12 1686 216 F: 12 
1698 8 1706 114 F: 4 4 
1735 10 1775 151 F: 4 6 
1744 3 1753 37 F: 3 
1749 9 1767 143 F: 9 
1758 10 1778 191 F: 5 5 
1786 7 1800 133 F: 4 3 
1828 9 1864 85 F: 9 
1832 7 1846 137 F: 2 4 1 
1833 5 1838 278 F: 5 
1855 11 1888 217 F: 4 3 4 
1894 8 1910 68 F: 3 1 4 
1925 7 1939 219 F: 5 2 
1950 10 1970 254 F: 4 4 2 
1981 10 1991 169 F: 3 3 4 
1984 7 2012 60 F: 4 2 1 
1990 6 2002 211 F: 3 1 2 
2016 9 2043 12 F: 3 4 2 
2027 5 2042 182 F: 5 
2029 12 2065 19 F: 7 5 
2047 2 2055 243 F: 2 
2054 6 2060 56 F: 5 1 
2100 11 2133 243 F: 11 
2153 7 2174 249 F: 7 
2178 10 2188 273 F: 4 6 
2183 12 2219 24 F: 12 
2198 6 2210 244 F: 2 2 2 
2218 9 2236 121 F: 3 6 
2234 10 2244 147 F: 4 6 
2272 8 2280 249 F: 3 1 4 
2287 8 2319 133 F: 4 3 1 
2298 10 2318 49 F: 10 
2322 8 2338 208 F: 3 2 3 
2340 8 2348 236 F: 7 1 
2369 3 2378 80 F: 3 
2395 6 2419 121 F: 4 2 
2396 3 2399 178 F: 3 
2428 4 2432 172 F: 3 1 
2437 2 2443 49 F: 2 
2464 5 2474 47 F: 5 
2470 13 2483 253 F: 13 
2483 9 2492 110 F: 3 4 2 
2546 9 2582 185 F: 7 2 
2571 10 2581 161 F: 10 
2584 5 2594 196 F: 3 2 
2597 8 2605 158 F: 3 5 
2597 8 2613 119 F: 2 6 
2618 7 2632 166 F: 4 3 
2661 8 2677 245 F: 4 3 1 
2681 10 2701 70 F: 5 5 
2683 11 2727 144 F: 5 6 
2690 11 2712 257 F: 11 
2725 8 2733 21 F: 8 
2734 9 2743 230 F: 3 6 
2748 7 2776 238 F: 7 
2761 10 2771 231 F: 10 
2791 12 2815 205 F: 12 
2823 5 2828 208 F: 2 2 1 
2835 7 2842 40 F: 4 3 
2860 10 2880 76 F: 10 
2885 11 2929 122 F: 11 
2894 12 2918 144 F: 12 
2909 7 2937 143 F: 2 5 
2914 10 2944 202 F: 5 1 4 
2923 7 2944 200 F: 5 2 
2936 9 2972 37 F: 2 4 3 
2968 12 2992 169 F: 5 4 3 
3033 8 3057 197 F: 2 6 
3057 7 3071 69 F: 5 2 
3059 10 3089 222 F: 5 5 
3065 8 3081 58 F: 7 1 
3074 6 3080 32 F: 2 4 
3100 10 3130 265 F: 5 3 2 
3125 7 3146 185 F: 5 2 
3142 8 3166 231 F: 3 2 3 
3144 13 3196 258 F: 13 
3175 11 3197 119 F: 5 3 3 
3217 5 3232 6 F: 4 1 
3221 10 3261 84 F: 5 1 4 
3247 8 3279 259 F: 8 
3262 8 3270 152 F: 4 3 1 
3284 8 3308 204 F: 2 6 
3304 6 3316 206 F: 3 2 1 
3305 7 3333 73 F: 2 4 1 
3317 8 3325 49 F: 4 2 2 
3348 6 3372 78 F: 2 4 
3383 7 3404 102 F: 2 1 4 
3417 10 3437 6 F: 10 
3418 6 3436 70 F: 2 4 
3444 6 3450 291 F: 2 4 
3472 4 3480 225 F: 4 
3483 9 3510 222 F: 9 
3503 5 3518 290 F: 3 2 
3528 7 3549 238 F: 7 
3562 8 3586 220 F: 7 1 
3570 9 3597 31 F: 6 3 
3587 10 3607 19 F: 4 6 
3605 5 3620 205 F: 5 
3614 11 3647 181 F: 7 4 
3632 10 3662 238 F: 5 5 
3653 9 3671 39 F: 3 6 
3666 8 3690 187 F: 3 5 
3721 11 3765 129 F: 11 
3740 8 3756 117 F: 2 6 
3741 11 3763 94 F: 11 
3742 2 3748 102 F: 2 
3773 13 3786 266 F: 7 6 
3835 12 3871 280 F: 7 5 
3856 11 3878 62 F: 3 4 4 
3876 7 3883 102 F: 7 
3889 10 3919 125 F: 7 3 
3899 4 3903 81 F: 3 1 
3904 9 3940 12 F: 7 2 
3919 7 3926 79 F: 6 1 
3945 6 3957 45 F: 4 1 1 
3962 6 3986 232 F: 2 3 1 
3964 5 3984 61 F: 5 
4038 8 4070 68 F: 3 3 2 
4046 6 4064 172 F: 5 1 
4054 7 4061 149 F: 5 2 
4066 10 4086 158 F: 5 4 1 
4093 5 4103 292 F: 5 
4124 6 4130 34 F: 6 
4133 6 4139 295 F: 3 1 2 
4172 9 4199 107 F: 5 4 
4189 9 4198 246 F: 7 2 
4191 11 4213 292 F: 11 
4222 8 4246 165 F: 2 4 2 
4252 8 4268 174 F: 3 2 3 
4286 8 4318 85 F: 8 
4288 11 4332 176 F: 11 
4291 4 4299 64 F: 4 
4312 8 4336 55 F: 5 3 
4317 9 4344 52 F: 9 
4367 5 4387 129 F: 3 2 
4383 8 4391 27 F: 3 4 1 
4397 9 4424 234 F: 5 1 3 
4405 7 4419 271 F: 6 1 
4430 10 4460 73 F: 5 1 4 
4446 12 4494 99 F: 12 
4480 9 4489 146 F: 4 2 3 
4485 9 4503 54 F: 4 2 3 
4505 13 4544 92 F: 5 4 4 
4515 10 4525 8 F: 5 2 3 
4546 9 4582 71 F: 3 6 
4547 10 4567 251 F: 10 
4581 4 4589 87 F: 2 1 1 
4614 9 4650 268 F: 4 3 2 
4679 11 4723 97 F: 7 4 
4687 7 4715 69 F: 3 3 1 
4687 8 4695 28 F: 3 2 3 
4689 6 4695 96 F: 2 3 1 
4713 2 4721 264 F: 2 
4714 5 4734 95 F: 3 1 1 
4731 7 4745 45 F: 7 
4769 13 4821 186 F: 7 6 
4788 6 4800 228 F: 2 4 
4810 10 4840 160 F: 5 4 1 
4824 6 4848 23 F: 6 
4835 8 4867 194 F: 3 3 2 
4861 8 4893 3 F: 8 
4864 10 4884 81 F: 4 4 2 
4915 12 4951 298 F: 12 
4922 3 4928 250 F: 3 
4933 4 4937 120 F: 2 2 
4950 8 4958 80 F: 3 2 3 
4990 8 5006 176 F: 3 4 1 
5003 9 5012 65 F: 4 5 
5036 8 5044 65 F: 8 
5043 10 5073 267 F: 5 5 
5060 11 5104 109 F: 11 
5097 10 5127 184 F: 10 
5116 3 5125 64 F: 3 
5171 3 5180 90 F: 3 
5190 10 5210 58 F: 10 
5193 2 5197 46 F: 2 
5197 13 5210 208 F: 13 
5200 11 5244 89 F: 7 4 
5256 9 5265 160 F: 3 6 
5281 4 5293 126 F: 3 1 
5290 8 5306 252 F: 2 6 
5290 8 5306 296 F: 8 
5301 7 5308 196 F: 4 3 
5306 11 5339 290 F: 11 
5367 6 5391 203 F: 6 
5382 8 5390 287 F: 8 
5386 6 5404 115 F: 3 1 2 
5430 13 5469 175 F: 13 
5443 6 5449 222 F: 2 4 
5457 7 5464 284 F: 3 3 1 
5472 8 5504 174 F: 7 1 
5499 12 5535 211 F: 7 5 
5521 5 5531 234 F: 5 
5524 8 5548 135 F: 2 3 3 
5535 11 5546 100 F: 11 
5572 8 5596 1 F: 2 6 
5592 8 5616 291 F: 4 3 1 
5614 6 5620 68 F: 2 4 
5662 11 5673 291 F: 11 
5664 9 5673 80 F: 4 2 3 
5674 10 5684 94 F: 5 3 2 
5679 9 5715 162 F: 7 2 
5703 12 5739 77 F: 12 
5728 10 5768 4 F: 7 3 
5747 7 5761 130 F: 6 1 
5792 4 5800 295 F: 2 1 1 
5799 7 5820 132 F: 4 1 2 
5819 8 5843 178 F: 3 3 2 
5834 6 5852 87 F: 4 2 
5849 5 5869 227 F: 2 3 
5851 9 5878 143 F: 2 3 4 
5894 9 5930 126 F: 3 6 
5902 9 5920 144 F: 2 3 4 
5922 5 5942 240 F: 3 1 1 
5924 9 5951 291 F: 9 
5963 8 5987 171 F: 4 1 3 
5977 5 5992 207 F: 4 1 
D: 2 147 
D: 2 299 
D: 5 289 
D: 13 276 
D: 23 225 
D: 28 168 
D: 29 145 
D: 32 173 
D: 33 243 
D: 50 166 
D: 53 139 
D: 56 219 
D: 62 147 
D: 69 170 
D: 69 213 
D: 78 159 
D: 83 188 
D: 104 131 
D: 131 278 
D: 133 173 
D: 137 294 
D: 140 290 
D: 148 219 
D: 172 291 
D: 180 232 
D: 182 231 
D: 203 241 
D: 209 289 
D: 228 294 
D: 259 289 
