8 10 28 62 F: 10 
44 7 65 218 F: 2 4 1 
50 8 82 100 F: 8 
57 9 75 18 F: 7 2 
85 11 96 14 F: 11 
122 3 125 44 F: 3 
161 8 169 134 F: 2 3 3 
169 10 209 208 F: 5 5 
189 11 200 143 F: 11 
195 6 201 124 F: 3 3 
204 8 220 51 F: 8 
211 6 217 264 F: 6 
245 2 249 95 F: 2 
257 10 267 248 F: 4 2 4 
269 4 285 286 F: 4 
336 10 366 79 F: 10 
350 9 359 175 F: 6 3 
354 3 363 267 F: 2 1 
382 7 396 242 F: 3 4 
399 3 411 284 F: 2 1 
439 10 469 14 F: 4 2 4 
449 7 477 62 F: 7 
449 12 473 212 F: 12 
456 4 460 266 F: 4 
465 9 492 5 F: 3 4 2 
507 11 518 225 F: 11 
526 9 544 86 F: 4 3 2 
530 10 540 118 F: 5 4 1 
534 7 548 272 F: 5 1 1 
566 11 610 199 F: 5 2 4 
629 11 662 136 F: 5 4 2 
630 8 654 55 F: 8 
680 2 682 227 F: 2 
693 10 723 100 F: 5 1 4 
698 11 742 132 F: 11 
715 6 727 9 F: 6 
736 11 747 47 F: 5 4 2 
742 9 760 286 F: 2 4 3 
754 7 782 98 F: 7 
785 5 800 89 F: 5 
830 12 866 62 F: 4 4 4 
833 3 842 201 F: 3 
833 11 844 172 F: 11 
866 5 886 237 F: 5 
889 2 895 113 F: 2 
903 5 913 177 F: 5 
912 7 926 41 F: 7 
953 12 1001 66 F: 7 5 
957 7 971 243 F: 2 5 
971 8 1003 129 F: 2 3 3 
1047 6 1059 47 F: 2 4 
1050 7 1064 73 F: 3 1 3 
1056 10 1066 48 F: 7 3 
1067 9 1103 201 F: 2 3 4 
1071 7 1078 298 F: 7 
1137 10 1167 222 F: 5 1 4 
1142 12 1154 49 F: 12 
1151 10 1171 10 F: 6 4 
1166 10 1176 158 F: 5 3 2 
1186 6 1204 172 F: 5 1 
1211 9 1238 7 F: 9 
1239 9 1257 171 F: 3 6 
1255 4 1267 251 F: 4 
1264 3 1270 197 F: 3 
1277 9 1313 104 F: 3 3 3 
1322 6 1346 43 F: 6 
1352 7 1366 111 F: 5 2 
1378 8 1402 149 F: 2 6 
1381 6 1399 68 F: 2 1 3 
1391 2 1397 279 F: 2 
1417 11 1461 211 F: 11 
1449 7 1477 62 F: 3 4 
1450 2 1456 31 F: 2 
1473 8 1481 56 F: 2 6 
1486 8 1502 241 F: 4 4 
1535 2 1539 282 F: 2 
1543 5 1563 70 F: 5 
1569 3 1581 159 F: 3 
1576 12 1588 37 F: 12 
1582 9 1609 223 F: 9 
1615 11 1659 296 F: 11 
1616 3 1619 91 F: 3 
1621 9 1648 49 F: 5 4 
1687 8 1703 230 F: 5 1 2 
1699 5 1719 279 F: 2 1 2 
1708 10 1738 152 F: 4 3 3 
1715 5 1720 62 F: 5 
1749 11 1782 19 F: 7 4 
1762 12 1774 162 F: 12 
1776 3 1785 209 F: 2 1 
1818 12 1866 87 F: 12 
1829 5 1834 84 F: 3 2 
1845 8 1861 118 F: 5 3 
1853 11 1864 14 F: 5 3 3 
1881 8 1905 119 F: 5 1 2 
1920 10 1960 240 F: 4 2 4 
1931 12 1943 289 F: 7 5 
1950 6 1968 207 F: 3 1 2 
1983 8 1991 54 F: 3 1 4 
1987 13 2000 279 F: 13 
2037 7 2044 57 F: 7 
2064 8 2088 258 F: 2 4 2 
2079 9 2106 41 F: 4 5 
2086 11 2108 75 F: 6 5 
2087 13 2100 291 F: 13 
2114 12 2126 111 F: 4 4 4 
2123 7 2151 206 F: 4 2 1 
2136 3 2145 34 F: 2 1 
2154 12 2178 102 F: 12 
2185 3 2197 66 F: 2 1 
2206 9 2242 274 F: 4 5 
2242 4 2258 269 F: 4 
2253 10 2273 34 F: 7 3 
2264 11 2297 291 F: 3 4 4 
2293 8 2309 154 F: 7 1 
2311 9 2347 87 F: 4 4 1 
2338 11 2371 276 F: 5 3 3 
2340 7 2347 240 F: 5 2 
2379 13 2431 218 F: 13 
2398 6 2404 27 F: 5 1 
2411 5 2431 44 F: 5 
2424 8 2440 291 F: 2 6 
2460 10 2490 290 F: 4 6 
2462 11 2473 239 F: 5 3 3 
2475 11 2519 263 F: 11 
2509 8 2525 220 F: 5 3 
2518 11 2540 96 F: 5 6 
2543 12 2579 68 F: 12 
2560 13 2612 298 F: 13 
2588 8 2612 250 F: 8 
2630 10 2660 263 F: 7 3 
2638 12 2650 47 F: 4 4 4 
2663 10 2683 265 F: 3 4 3 
2666 11 2677 207 F: 11 
2679 11 2701 228 F: 6 5 
2707 12 2719 7 F: 5 4 3 
2713 13 2752 66 F: 7 6 
2725 10 2765 264 F: 2 4 4 
2750 4 2762 95 F: 4 
2793 9 2802 283 F: 5 1 3 
2803 4 2811 213 F: 4 
2814 9 2850 230 F: 3 3 3 
2836 9 2872 244 F: 3 6 
2884 9 2902 145 F: 9 
2885 11 2896 126 F: 3 4 4 
2912 11 2945 58 F: 11 
2919 10 2929 119 F: 10 
2930 6 2936 197 F: 2 4 
2938 11 2971 199 F: 5 2 4 
2982 10 3002 161 F: 7 3 
3003 12 3039 262 F: 12 
3014 7 3028 298 F: 3 4 
3037 9 3064 13 F: 3 6 
3069 6 3087 20 F: 2 3 1 
3085 3 3097 70 F: 3 
3101 9 3137 297 F: 4 1 4 
3148 11 3181 295 F: 11 
3157 5 3162 23 F: 5 
3176 8 3192 210 F: 3 5 
3185 9 3221 290 F: 9 
3216 12 3252 150 F: 7 5 
3247 7 3254 2 F: 4 3 
3256 5 3261 121 F: 2 3 
3256 8 3264 216 F: 2 6 
3287 7 3301 122 F: 3 3 1 
3375 12 3411 294 F: 12 
3387 12 3423 62 F: 12 
3388 10 3428 287 F: 4 6 
3390 8 3414 192 F: 3 5 
3396 6 3420 54 F: 3 3 
3400 8 3432 189 F: 4 2 2 
3425 9 3461 6 F: 5 4 
3431 9 3458 21 F: 2 3 4 
3439 9 3475 31 F: 5 1 3 
3471 6 3489 285 F: 6 
3510 5 3515 18 F: 4 1 
3510 8 3542 86 F: 3 3 2 
3530 11 3563 74 F: 4 3 4 
3550 5 3565 12 F: 4 1 
3597 8 3613 197 F: 8 
3604 10 3614 53 F: 10 
3608 11 3619 182 F: 5 6 
3639 11 3650 21 F: 4 4 3 
3691 6 3709 9 F: 2 4 
3695 6 3707 8 F: 2 4 
3701 7 3708 289 F: 4 1 2 
3755 7 3783 194 F: 7 
3775 9 3811 1 F: 5 1 3 
3784 6 3808 78 F: 2 1 3 
3786 8 3818 221 F: 3 5 
3815 10 3825 48 F: 7 3 
3839 11 3883 6 F: 7 4 
3841 7 3862 57 F: 7 
3866 9 3902 267 F: 6 3 
3880 6 3892 147 F: 5 1 
3912 8 3928 263 F: 2 6 
3916 10 3936 27 F: 10 
3944 9 3971 186 F: 3 6 
3979 5 3984 40 F: 5 
3981 4 3989 166 F: 4 
4031 8 4063 8 F: 3 3 2 
4063 7 4070 259 F: 7 
4083 5 4093 43 F: 5 
4085 9 4121 160 F: 5 1 3 
4087 6 4105 119 F: 4 1 1 
4107 4 4119 209 F: 3 1 
4152 8 4176 130 F: 3 4 1 
4163 5 4173 13 F: 5 
4169 5 4174 6 F: 3 2 
4192 5 4207 73 F: 2 1 2 
4204 12 4216 68 F: 5 4 3 
4213 10 4233 110 F: 5 4 1 
4225 12 4261 143 F: 5 3 4 
4227 7 4248 64 F: 7 
4284 10 4304 292 F: 5 2 3 
4312 11 4334 163 F: 5 6 
4334 7 4348 23 F: 3 4 
4361 13 4413 4 F: 13 
4384 12 4408 89 F: 12 
4392 5 4402 164 F: 5 
4413 12 4425 214 F: 5 3 4 
4419 7 4433 70 F: 7 
4444 7 4458 53 F: 2 2 3 
4486 5 4501 119 F: 2 2 1 
4488 8 4520 127 F: 5 1 2 
4507 12 4543 237 F: 12 
4515 9 4551 249 F: 5 4 
4533 9 4569 36 F: 3 6 
4538 9 4574 42 F: 7 2 
4573 5 4583 55 F: 5 
4608 9 4626 44 F: 3 6 
4618 4 4626 274 F: 4 
4622 11 4644 251 F: 5 4 2 
4644 8 4660 244 F: 5 1 2 
4682 8 4698 160 F: 8 
4716 5 4726 294 F: 4 1 
4746 8 4754 40 F: 5 3 
4754 4 4766 198 F: 3 1 
4778 4 4794 11 F: 4 
4794 9 4803 216 F: 4 3 2 
4812 9 4821 4 F: 5 4 
4857 12 4893 242 F: 7 5 
4862 6 4874 24 F: 3 3 
4870 6 4888 213 F: 6 
4890 9 4917 94 F: 4 5 
4936 9 4954 24 F: 3 2 4 
4938 8 4946 140 F: 6 2 
4971 4 4983 213 F: 4 
4979 8 4987 67 F: 6 2 
4981 8 4997 220 F: 4 2 2 
5008 12 5044 272 F: 7 5 
5010 11 5021 77 F: 11 
5076 9 5085 64 F: 5 4 
5096 12 5120 108 F: 12 
5097 3 5100 81 F: 2 1 
5113 9 5131 59 F: 9 
5119 9 5146 68 F: 4 5 
5125 8 5133 164 F: 3 4 1 
5148 9 5166 31 F: 6 3 
5198 6 5210 267 F: 2 1 3 
5206 3 5218 267 F: 3 
5219 10 5259 172 F: 10 
5255 9 5282 276 F: 5 3 1 
5277 11 5299 233 F: 5 3 3 
5295 9 5304 23 F: 6 3 
5317 11 5328 15 F: 5 3 3 
5353 8 5385 34 F: 6 2 
5369 8 5401 27 F: 8 
5378 9 5387 168 F: 9 
5388 9 5424 216 F: 2 4 3 
5407 10 5427 185 F: 10 
5416 10 5456 100 F: 10 
5424 3 5427 184 F: 3 
5426 10 5466 25 F: 10 
5437 4 5449 246 F: 4 
5501 10 5541 68 F: 3 3 4 
5504 6 5510 60 F: 3 1 2 
5555 5 5575 294 F: 2 3 
5561 2 5567 4 F: 2 
5583 4 5599 77 F: 2 2 
5629 9 5647 82 F: 9 
5640 7 5661 263 F: 3 4 
5656 8 5672 43 F: 5 3 
5671 13 5723 238 F: 7 6 
5677 10 5687 189 F: 10 
5714 9 5732 144 F: 9 
5718 7 5732 239 F: 4 2 1 
5755 7 5776 133 F: 3 2 2 
5778 6 5784 233 F: 6 
5779 8 5811 284 F: 3 1 4 
5810 10 5840 139 F: 3 4 3 
5816 11 5860 32 F: 6 5 
5860 13 5886 297 F: 7 6 
5873 6 5885 61 F: 6 
5890 11 5923 77 F: 6 5 
5908 3 5914 228 F: 3 
5911 4 5915 262 F: 2 1 1 
5918 12 5954 247 F: 12 
5927 7 5934 183 F: 3 1 3 
5932 9 5968 239 F: 6 3 
D: 0 190 
D: 14 31 
D: 15 177 
D: 17 196 
D: 18 263 
D: 19 162 
D: 44 190 
D: 49 63 
D: 52 229 
D: 52 235 
D: 56 109 
D: 59 138 
D: 61 235 
D: 63 128 
D: 83 102 
D: 95 262 
D: 102 123 
D: 107 209 
D: 107 279 
D: 116 248 
D: 134 158 
D: 136 196 
D: 144 277 
D: 147 243 
D: 154 190 
D: 183 199 
D: 186 292 
D: 197 281 
D: 208 245 
D: 249 277 
