25 8 41 151 F: 3 5 
39 10 49 266 F: 2 4 4 
46 4 62 205 F: 4 
54 8 62 172 F: 4 4 
79 7 100 85 F: 5 2 
129 4 145 176 F: 4 
138 10 148 219 F: 3 3 4 
181 7 195 171 F: 3 3 1 
185 8 193 235 F: 7 1 
185 13 198 196 F: 7 6 
222 8 254 121 F: 2 3 3 
245 10 285 152 F: 2 4 4 
259 11 303 49 F: 11 
269 11 313 81 F: 11 
276 11 309 136 F: 7 4 
341 4 353 138 F: 4 
344 11 388 228 F: 5 2 4 
354 2 358 212 F: 2 
355 2 359 129 F: 2 
380 9 389 132 F: 3 3 3 
402 8 410 58 F: 3 4 1 
467 7 474 246 F: 4 2 1 
476 4 488 214 F: 3 1 
483 13 535 17 F: 13 
492 11 536 78 F: 11 
518 10 538 85 F: 5 4 1 
521 5 526 220 F: 2 3 
554 11 598 54 F: 11 
576 7 604 12 F: 2 2 3 
595 7 616 89 F: 4 1 2 
601 13 614 5 F: 13 
636 6 648 98 F: 6 
642 10 652 219 F: 4 6 
660 2 668 281 F: 2 
660 7 667 45 F: 7 
747 7 754 182 F: 4 3 
759 7 780 277 F: 3 3 1 
771 4 787 31 F: 4 
776 11 820 214 F: 5 3 3 
781 11 825 153 F: 4 4 3 
831 2 839 64 F: 2 
855 11 877 68 F: 4 4 3 
866 9 902 164 F: 6 3 
870 6 888 250 F: 2 2 2 
886 7 900 44 F: 3 3 1 
905 8 921 135 F: 7 1 
915 10 945 249 F: 10 
940 2 944 44 F: 2 
953 9 989 230 F: 5 2 2 
997 6 1009 9 F: 2 4 
1020 4 1028 49 F: 2 2 
1070 8 1102 160 F: 4 1 3 
1073 9 1109 133 F: 4 4 1 
1087 9 1105 185 F: 4 4 1 
1096 9 1123 53 F: 3 3 3 
1110 8 1134 98 F: 4 3 1 
1126 11 1148 135 F: 11 
1141 6 1165 104 F: 2 4 
1165 9 1201 14 F: 5 4 
1193 4 1197 177 F: 4 
1219 6 1237 229 F: 3 2 1 
1253 12 1289 21 F: 12 
1261 3 1273 216 F: 3 
1261 8 1277 226 F: 2 4 2 
1298 4 1314 151 F: 2 1 1 
1320 9 1347 122 F: 5 4 
1344 9 1380 169 F: 5 4 
1365 11 1409 63 F: 4 3 4 
1366 6 1378 171 F: 2 1 3 
1392 11 1425 126 F: 6 5 
1417 10 1427 225 F: 7 3 
1421 5 1426 219 F: 3 2 
1428 10 1438 290 F: 4 4 2 
1438 4 1454 124 F: 4 
1486 6 1504 116 F: 3 3 
1504 8 1528 240 F: 8 
1536 7 1557 18 F: 6 1 
1550 7 1557 109 F: 5 2 
1554 4 1570 293 F: 3 1 
1563 6 1581 273 F: 5 1 
1602 7 1609 198 F: 3 4 
1613 5 1623 105 F: 5 
1661 13 1674 38 F: 7 6 
1667 10 1697 250 F: 5 3 2 
1681 11 1725 269 F: 3 4 4 
1709 6 1715 38 F: 6 
1726 9 1753 238 F: 9 
1734 9 1770 5 F: 5 4 
1751 8 1767 99 F: 6 2 
1752 8 1760 177 F: 2 6 
1832 8 1856 222 F: 8 
1843 8 1875 124 F: 5 1 2 
1845 12 1881 238 F: 12 
1851 9 1860 278 F: 3 2 4 
1864 8 1888 234 F: 8 
1901 8 1925 191 F: 8 
1954 12 1978 151 F: 7 5 
1959 10 1979 152 F: 5 3 2 
1989 3 2001 172 F: 3 
1991 9 2018 192 F: 4 3 2 
2004 13 2017 101 F: 13 
2023 6 2035 103 F: 4 2 
2032 9 2068 2 F: 4 2 3 
2052 9 2070 196 F: 9 
2068 2 2072 293 F: 2 
2105 6 2111 102 F: 2 4 
2142 9 2169 138 F: 4 5 
2171 9 2180 102 F: 5 4 
2180 6 2198 157 F: 2 3 1 
2195 5 2210 19 F: 4 1 
2206 12 2254 222 F: 6 6 
2234 10 2264 166 F: 4 3 3 
2267 12 2279 65 F: 5 3 4 
2270 11 2314 6 F: 7 4 
2278 10 2298 91 F: 5 5 
2300 8 2332 208 F: 3 5 
2325 8 2357 116 F: 2 3 3 
2331 7 2345 24 F: 7 
2356 11 2367 240 F: 4 4 3 
2370 10 2380 163 F: 4 3 3 
2411 4 2423 29 F: 4 
2426 8 2450 60 F: 4 3 1 
2447 4 2463 268 F: 3 1 
2463 7 2491 104 F: 6 1 
2466 5 2471 34 F: 5 
2518 8 2534 66 F: 3 2 3 
2543 8 2551 74 F: 4 1 3 
2578 8 2594 59 F: 8 
2579 10 2599 16 F: 10 
2587 11 2598 29 F: 11 
2601 9 2628 47 F: 4 2 3 
2618 7 2625 244 F: 2 5 
2622 4 2634 244 F: 2 2 
2647 8 2679 199 F: 8 
2657 10 2687 280 F: 7 3 
2722 9 2731 88 F: 5 3 1 
2728 6 2752 261 F: 5 1 
2757 4 2773 30 F: 4 
2780 7 2808 203 F: 7 
2784 5 2804 261 F: 5 
2805 7 2833 72 F: 3 2 2 
2859 4 2867 60 F: 4 
2884 7 2912 60 F: 3 2 2 
2888 8 2904 263 F: 4 2 2 
2898 12 2946 143 F: 7 5 
2901 5 2921 244 F: 5 
2959 9 2986 97 F: 7 2 
2969 7 2976 44 F: 7 
2991 9 3018 221 F: 9 
2999 8 3023 273 F: 5 2 1 
3011 7 3025 244 F: 3 2 2 
3024 6 3030 247 F: 6 
3033 12 3069 227 F: 5 3 4 
3075 11 3108 230 F: 11 
3076 9 3112 32 F: 6 3 
3126 6 3144 241 F: 4 2 
3126 11 3170 33 F: 3 4 4 
3128 7 3135 147 F: 4 3 
3138 6 3162 285 F: 4 2 
3162 11 3184 254 F: 7 4 
3225 4 3241 105 F: 4 
3261 13 3300 52 F: 13 
3288 3 3294 43 F: 3 
3289 8 3305 154 F: 4 2 2 
3296 8 3312 253 F: 2 3 3 
3337 10 3347 186 F: 5 4 1 
3356 4 3360 227 F: 4 
3367 9 3394 156 F: 5 4 
3382 9 3400 60 F: 4 4 1 
3389 9 3425 42 F: 2 4 3 
3413 3 3425 56 F: 3 
3431 10 3451 127 F: 6 4 
3439 9 3475 157 F: 3 2 4 
3484 8 3492 3 F: 4 4 
3497 5 3517 25 F: 4 1 
3503 7 3510 61 F: 3 4 
3523 7 3544 272 F: 6 1 
3531 8 3563 238 F: 2 2 4 
3542 6 3566 249 F: 2 4 
3599 8 3623 290 F: 5 3 
3618 5 3638 80 F: 2 3 
3635 13 3674 270 F: 7 6 
3683 7 3704 92 F: 5 2 
3688 2 3690 42 F: 2 
3688 9 3724 18 F: 9 
3718 10 3748 149 F: 10 
3721 7 3742 241 F: 5 2 
3724 7 3738 242 F: 3 1 3 
3743 11 3776 94 F: 11 
3761 9 3788 167 F: 3 6 
3817 8 3825 71 F: 3 1 4 
3850 5 3865 244 F: 3 2 
3862 9 3871 81 F: 7 2 
3867 7 3895 86 F: 4 1 2 
3872 6 3884 194 F: 6 
3913 9 3931 257 F: 7 2 
3915 12 3963 70 F: 12 
3923 6 3929 113 F: 6 
3926 12 3950 300 F: 7 5 
3947 9 3974 146 F: 9 
4001 9 4037 296 F: 4 3 2 
4031 9 4067 82 F: 4 1 4 
4033 6 4045 186 F: 6 
4034 12 4058 156 F: 4 4 4 
4053 5 4058 88 F: 5 
4141 12 4153 242 F: 6 6 
4142 5 4157 42 F: 3 2 
4160 7 4167 192 F: 7 
4165 7 4179 9 F: 3 2 2 
4166 7 4180 8 F: 3 1 3 
4214 5 4219 62 F: 2 2 1 
4228 8 4252 296 F: 4 4 
4254 6 4260 72 F: 3 3 
4279 9 4297 230 F: 5 4 
4286 12 4322 40 F: 12 
4314 5 4329 135 F: 5 
4317 7 4338 240 F: 4 3 
4342 10 4382 144 F: 2 4 4 
4355 9 4373 166 F: 5 2 2 
4369 7 4383 21 F: 3 4 
4406 3 4415 264 F: 3 
4454 5 4469 228 F: 2 3 
4455 11 4466 114 F: 5 3 3 
4489 9 4498 215 F: 9 
4491 9 4500 97 F: 4 5 
4500 5 4505 242 F: 2 2 1 
4535 7 4549 187 F: 7 
4556 6 4562 73 F: 2 1 3 
4567 3 4570 288 F: 3 
4575 9 4602 118 F: 4 3 2 
4601 7 4629 289 F: 2 3 2 
4648 7 4655 212 F: 4 3 
4650 11 4683 38 F: 11 
4664 2 4668 159 F: 2 
4681 7 4695 7 F: 3 4 
4702 9 4711 32 F: 9 
4706 8 4730 174 F: 4 2 2 
4719 5 4734 167 F: 4 1 
4730 5 4740 108 F: 2 2 1 
4781 9 4817 30 F: 7 2 
4825 3 4828 113 F: 3 
4834 8 4858 246 F: 6 2 
4845 11 4878 164 F: 3 4 4 
4881 10 4921 164 F: 4 6 
4896 7 4910 270 F: 2 5 
4937 10 4947 297 F: 2 4 4 
4978 8 4986 151 F: 3 5 
4978 9 5014 77 F: 3 2 4 
4996 6 5020 49 F: 2 1 3 
4998 3 5010 114 F: 3 
5007 13 5020 89 F: 7 6 
5033 9 5042 99 F: 5 3 1 
5039 11 5083 267 F: 5 6 
5069 5 5079 186 F: 2 3 
5083 6 5089 112 F: 5 1 
5115 6 5127 193 F: 4 2 
5131 9 5149 98 F: 9 
5147 5 5157 105 F: 4 1 
5190 10 5220 43 F: 6 4 
5191 5 5211 109 F: 5 
5250 6 5274 147 F: 3 1 2 
5252 11 5285 59 F: 5 4 2 
5256 7 5277 225 F: 2 5 
5279 11 5323 150 F: 6 5 
5280 11 5302 4 F: 6 5 
5325 5 5330 181 F: 5 
5360 6 5378 27 F: 3 3 
5369 10 5399 20 F: 10 
5379 6 5397 78 F: 5 1 
5397 7 5418 23 F: 3 1 3 
5408 4 5416 176 F: 4 
5437 11 5448 118 F: 4 4 3 
5471 9 5480 204 F: 6 3 
5475 9 5484 182 F: 5 2 2 
5499 2 5507 162 F: 2 
5531 5 5551 10 F: 5 
5556 7 5563 176 F: 4 1 2 
5557 11 5601 46 F: 6 5 
5559 12 5595 243 F: 12 
5577 7 5605 113 F: 3 2 2 
5622 6 5628 258 F: 3 2 1 
5625 10 5655 81 F: 6 4 
5627 4 5639 137 F: 4 
5664 6 5670 236 F: 5 1 
5688 10 5708 38 F: 4 6 
5704 12 5740 136 F: 4 4 4 
5708 6 5714 238 F: 2 4 
5726 6 5732 45 F: 4 2 
5755 10 5795 176 F: 4 4 2 
5766 7 5787 289 F: 4 1 2 
5829 9 5856 167 F: 5 2 2 
5839 5 5859 288 F: 5 
5857 10 5897 58 F: 4 4 2 
5861 10 5901 187 F: 3 4 3 
5884 11 5928 132 F: 6 5 
5943 9 5970 60 F: 4 5 
5945 5 5950 63 F: 2 3 
5975 7 6003 222 F: 7 
5980 2 5984 195 F: 2 
5989 6 6007 117 F: 3 2 1 
D: 13 100 
D: 17 277 
D: 21 231 
D: 31 262 
D: 35 193 
D: 38 150 
D: 40 215 
D: 52 129 
D: 57 288 
D: 63 75 
D: 65 233 
D: 70 140 
D: 88 97 
D: 91 208 
D: 100 293 
D: 109 222 
D: 110 216 
D: 121 170 
D: 131 202 
D: 148 228 
D: 168 290 
D: 186 297 
D: 189 266 
D: 206 279 
D: 208 220 
D: 222 281 
D: 230 251 
D: 233 290 
D: 235 264 
D: 257 258 
