15 6 27 65 F: 6 
56 10 96 66 F: 5 2 3 
92 7 113 161 F: 5 2 
92 11 125 46 F: 5 4 2 
93 6 111 1 F: 4 2 
108 6 132 274 F: 4 2 
134 8 142 219 F: 8 
162 13 188 131 F: 13 
167 7 188 77 F: 5 2 
198 6 222 93 F: 3 3 
208 12 232 92 F: 12 
222 10 252 191 F: 4 2 4 
237 11 270 66 F: 11 
261 10 291 232 F: 10 
279 9 288 196 F: 5 4 
340 8 364 287 F: 3 5 
347 11 369 21 F: 11 
361 10 381 163 F: 5 3 2 
373 11 384 162 F: 11 
396 9 414 242 F: 9 
417 6 435 91 F: 2 4 
418 13 431 215 F: 13 
439 10 479 217 F: 6 4 
466 10 486 254 F: 6 4 
490 8 506 291 F: 6 2 
530 5 545 127 F: 2 3 
531 11 553 219 F: 6 5 
560 10 600 164 F: 10 
592 12 616 120 F: 5 4 3 
592 13 644 12 F: 13 
639 7 667 1 F: 3 2 2 
648 12 672 276 F: 12 
653 6 677 254 F: 6 
663 6 675 70 F: 2 1 3 
670 8 694 102 F: 8 
728 8 736 16 F: 5 1 2 
754 8 762 75 F: 7 1 
755 8 779 6 F: 4 1 3 
759 13 811 213 F: 13 
789 4 793 232 F: 4 
804 9 813 204 F: 2 3 4 
850 8 874 203 F: 8 
862 12 910 229 F: 12 
864 7 892 5 F: 2 5 
879 10 899 47 F: 2 4 4 
933 4 945 52 F: 2 1 1 
960 7 981 110 F: 4 3 
962 8 970 209 F: 5 3 
969 13 995 130 F: 13 
989 12 1013 113 F: 12 
1004 10 1034 115 F: 10 
1011 8 1019 156 F: 4 1 3 
1016 9 1034 117 F: 4 2 3 
1079 11 1123 161 F: 11 
1089 10 1109 181 F: 10 
1104 13 1130 199 F: 13 
1118 10 1138 15 F: 2 4 4 
1131 5 1136 178 F: 5 
1135 2 1143 259 F: 2 
1169 8 1193 6 F: 6 2 
1202 6 1208 114 F: 5 1 
1221 3 1230 291 F: 3 
1268 10 1298 106 F: 3 3 4 
1293 9 1311 57 F: 5 4 
1295 6 1301 250 F: 6 
1303 4 1315 98 F: 4 
1333 12 1369 144 F: 7 5 
1335 10 1365 161 F: 3 3 4 
1356 9 1365 61 F: 9 
1387 5 1407 250 F: 5 
1428 7 1449 130 F: 7 
1458 9 1485 56 F: 5 3 1 
1459 6 1483 103 F: 5 1 
1461 13 1513 19 F: 13 
1487 7 1508 197 F: 2 3 2 
1524 3 1536 171 F: 3 
1526 3 1532 176 F: 3 
1531 7 1538 225 F: 3 4 
1532 6 1544 289 F: 5 1 
1538 13 1577 14 F: 7 6 
1604 12 1652 248 F: 12 
1614 7 1628 244 F: 4 3 
1629 8 1637 160 F: 2 3 3 
1642 5 1647 246 F: 2 3 
1644 12 1692 149 F: 7 5 
1724 9 1742 202 F: 3 4 2 
1729 9 1747 170 F: 3 4 2 
1750 9 1786 57 F: 3 6 
1754 4 1770 221 F: 3 1 
1771 10 1781 87 F: 10 
1808 8 1832 8 F: 3 4 1 
1825 11 1847 258 F: 11 
1870 10 1890 163 F: 3 3 4 
1895 8 1903 160 F: 5 2 1 
1897 10 1907 229 F: 10 
1902 11 1935 83 F: 11 
1930 7 1937 127 F: 4 3 
1937 7 1965 255 F: 7 
1956 7 1963 253 F: 3 3 1 
1972 12 2008 252 F: 4 4 4 
2013 10 2023 288 F: 3 4 3 
2017 10 2047 81 F: 3 3 4 
2025 5 2040 269 F: 3 2 
2085 9 2112 284 F: 4 3 2 
2088 8 2104 109 F: 2 6 
2105 9 2132 299 F: 2 4 3 
2111 7 2125 24 F: 4 2 1 
2129 3 2135 225 F: 2 1 
2159 10 2199 103 F: 10 
2192 9 2201 180 F: 4 2 3 
2211 7 2232 267 F: 7 
2226 5 2236 213 F: 5 
2267 9 2276 3 F: 9 
2288 8 2304 203 F: 4 1 3 
2295 7 2316 225 F: 2 5 
2301 5 2311 250 F: 3 2 
2334 11 2356 207 F: 5 3 3 
2348 9 2375 242 F: 4 2 3 
2364 9 2400 84 F: 6 3 
2367 7 2374 26 F: 7 
2400 7 2428 37 F: 3 4 
2426 2 2432 230 F: 2 
2494 12 2506 47 F: 6 6 
2496 13 2548 282 F: 7 6 
2497 8 2529 197 F: 4 2 2 
2509 4 2517 65 F: 2 2 
2518 6 2542 233 F: 2 3 1 
2524 8 2556 68 F: 4 1 3 
2544 9 2580 244 F: 3 4 2 
2572 5 2577 55 F: 5 
2607 8 2631 47 F: 8 
2645 8 2677 111 F: 8 
2646 13 2659 65 F: 13 
2651 12 2675 81 F: 5 4 3 
2663 3 2675 176 F: 3 
2719 5 2739 95 F: 3 1 1 
2732 4 2744 69 F: 4 
2745 4 2761 269 F: 4 
2768 8 2776 223 F: 4 3 1 
2791 10 2801 209 F: 7 3 
2812 8 2828 63 F: 2 4 2 
2813 12 2837 48 F: 7 5 
2817 5 2822 88 F: 3 2 
2846 6 2870 12 F: 5 1 
2890 5 2900 217 F: 4 1 
2902 9 2929 17 F: 6 3 
2936 9 2972 76 F: 3 6 
2945 8 2969 53 F: 4 1 3 
2964 10 3004 197 F: 6 4 
2979 7 3007 61 F: 2 4 1 
3010 11 3032 143 F: 3 4 4 
3044 2 3050 202 F: 2 
3053 9 3062 231 F: 5 3 1 
3058 8 3066 145 F: 2 4 2 
3092 9 3119 207 F: 3 2 4 
3106 11 3128 125 F: 6 5 
3115 5 3120 74 F: 5 
3133 8 3165 58 F: 4 1 3 
3140 6 3164 218 F: 2 2 2 
3188 10 3228 266 F: 10 
3227 10 3237 66 F: 5 1 4 
3235 10 3255 131 F: 10 
3245 3 3257 202 F: 2 1 
3250 4 3254 134 F: 4 
3277 10 3307 83 F: 4 6 
3323 9 3350 68 F: 5 4 
3334 8 3358 5 F: 8 
3338 8 3346 119 F: 8 
3347 7 3368 78 F: 2 5 
3376 3 3388 227 F: 3 
3420 5 3425 278 F: 5 
3433 9 3460 260 F: 3 6 
3449 11 3460 118 F: 5 3 3 
3470 4 3474 199 F: 2 2 
3497 4 3501 256 F: 4 
3542 2 3546 226 F: 2 
3553 7 3581 280 F: 6 1 
3554 6 3566 228 F: 2 4 
3563 9 3599 111 F: 5 3 1 
3591 6 3615 215 F: 6 
3615 7 3643 148 F: 3 4 
3627 8 3643 268 F: 8 
3640 6 3658 213 F: 5 1 
3666 11 3699 117 F: 6 5 
3676 8 3700 157 F: 2 6 
3721 8 3729 229 F: 6 2 
3724 13 3776 208 F: 13 
3758 10 3798 226 F: 5 5 
3783 10 3823 13 F: 10 
3791 13 3843 126 F: 7 6 
3803 8 3835 172 F: 3 2 3 
3806 7 3813 106 F: 7 
3875 10 3885 273 F: 4 6 
3877 4 3889 117 F: 4 
3896 6 3902 172 F: 6 
3940 7 3968 98 F: 2 3 2 
3948 8 3980 207 F: 2 3 3 
3964 7 3985 131 F: 3 4 
3964 8 3996 57 F: 8 
3996 13 4022 224 F: 7 6 
4035 3 4038 146 F: 3 
4065 7 4093 91 F: 3 4 
4070 8 4094 189 F: 3 5 
4084 12 4120 173 F: 12 
4093 8 4117 154 F: 8 
4122 10 4162 124 F: 10 
4126 13 4178 215 F: 5 4 4 
4133 8 4149 214 F: 6 2 
4150 5 4160 173 F: 5 
4187 11 4231 37 F: 3 4 4 
4252 4 4260 289 F: 2 2 
4262 9 4271 252 F: 2 3 4 
4272 7 4293 137 F: 7 
4283 7 4290 63 F: 7 
4286 5 4291 86 F: 5 
4310 6 4322 113 F: 2 2 2 
4333 13 4385 102 F: 5 4 4 
4367 8 4391 225 F: 2 6 
4381 7 4388 22 F: 7 
4392 9 4410 199 F: 7 2 
4403 10 4413 268 F: 6 4 
4417 8 4425 188 F: 2 2 4 
4426 4 4434 113 F: 4 
4444 6 4468 272 F: 4 2 
4456 2 4464 35 F: 2 
4512 7 4533 143 F: 2 2 3 
4518 12 4542 121 F: 12 
4532 6 4556 178 F: 6 
4556 10 4566 81 F: 4 4 2 
4572 7 4579 74 F: 7 
4602 10 4642 120 F: 5 5 
4613 5 4633 180 F: 5 
4621 7 4628 181 F: 7 
4656 12 4692 96 F: 4 4 4 
4689 10 4729 24 F: 10 
4707 6 4713 25 F: 4 2 
4762 3 4774 56 F: 3 
4762 11 4795 34 F: 5 3 3 
4777 6 4789 100 F: 2 4 
4790 4 4798 97 F: 2 1 1 
4838 4 4842 128 F: 3 1 
4868 6 4886 160 F: 3 1 2 
4870 8 4902 126 F: 3 3 2 
4873 13 4912 229 F: 13 
4899 5 4909 192 F: 3 1 1 
4909 7 4930 168 F: 2 2 3 
4909 10 4939 196 F: 5 4 1 
4922 12 4946 233 F: 12 
4989 10 5019 66 F: 10 
4990 8 4998 158 F: 5 1 2 
5006 9 5024 252 F: 3 6 
5017 9 5035 25 F: 4 1 4 
5029 9 5056 285 F: 3 2 4 
5034 8 5066 32 F: 3 5 
5057 7 5071 161 F: 5 1 1 
5105 9 5141 24 F: 4 5 
5111 3 5120 21 F: 3 
5162 2 5168 67 F: 2 
5163 13 5215 87 F: 13 
5169 12 5181 264 F: 4 4 4 
5222 9 5249 176 F: 4 5 
5232 7 5260 203 F: 4 2 1 
5240 10 5270 110 F: 5 1 4 
5271 7 5285 90 F: 6 1 
5283 10 5293 22 F: 4 6 
5306 12 5354 38 F: 4 4 4 
5354 10 5364 154 F: 10 
5368 4 5380 163 F: 4 
5376 9 5403 87 F: 9 
5377 13 5416 164 F: 7 6 
5424 4 5428 158 F: 4 
5443 9 5470 143 F: 3 4 2 
5460 10 5480 69 F: 3 4 3 
5462 9 5480 180 F: 4 1 4 
5467 4 5483 146 F: 4 
5510 4 5522 25 F: 4 
5528 7 5556 107 F: 4 2 1 
5541 10 5561 100 F: 5 4 1 
5561 8 5577 299 F: 2 6 
5586 10 5626 81 F: 4 2 4 
5623 13 5675 299 F: 7 6 
5629 6 5635 239 F: 6 
5639 12 5675 228 F: 5 3 4 
5693 7 5714 4 F: 2 5 
5699 9 5717 225 F: 4 2 3 
5721 8 5745 201 F: 8 
5752 7 5759 136 F: 7 
5755 7 5762 233 F: 2 4 1 
5764 2 5770 197 F: 2 
5790 9 5808 45 F: 6 3 
5812 6 5836 55 F: 5 1 
5832 9 5841 23 F: 3 6 
5841 13 5854 243 F: 13 
5857 7 5864 292 F: 4 3 
5891 6 5897 71 F: 2 4 
5933 11 5955 254 F: 5 6 
5956 6 5962 12 F: 5 1 
5961 12 6009 179 F: 7 5 
5993 9 6011 266 F: 9 
5997 8 6005 167 F: 4 2 2 
D: 3 60 
D: 8 10 
D: 9 79 
D: 13 270 
D: 17 44 
D: 22 65 
D: 25 30 
D: 26 124 
D: 39 44 
D: 41 86 
D: 49 221 
D: 64 90 
D: 87 129 
D: 88 160 
D: 98 190 
D: 110 229 
D: 113 121 
D: 116 171 
D: 129 267 
D: 141 243 
D: 143 289 
D: 145 271 
D: 148 206 
D: 163 220 
D: 167 169 
D: 176 257 
D: 218 242 
D: 222 290 
D: 234 239 
D: 262 296 
