11 6 29 152 F: 6 
34 6 46 86 F: 2 1 3 
68 6 86 2 F: 4 1 1 
84 8 92 84 F: 3 1 4 
98 10 108 156 F: 10 
141 9 150 239 F: 7 2 
142 8 158 99 F: 2 4 2 
160 9 178 196 F: 4 5 
165 7 193 191 F: 6 1 
194 5 199 164 F: 2 2 1 
228 5 243 213 F: 3 1 1 
238 11 260 87 F: 5 2 4 
263 12 287 74 F: 12 
264 5 279 54 F: 2 3 
269 5 289 129 F: 5 
324 12 348 153 F: 12 
342 3 354 245 F: 3 
354 8 362 48 F: 7 1 
363 9 381 224 F: 9 
366 8 398 243 F: 5 3 
408 7 436 113 F: 2 5 
424 6 436 221 F: 4 2 
433 9 442 243 F: 3 6 
448 5 468 207 F: 4 1 
489 11 500 20 F: 6 5 
534 6 546 132 F: 6 
569 6 575 107 F: 6 
587 8 603 130 F: 8 
591 6 609 214 F: 2 3 1 
598 9 616 123 F: 7 2 
603 8 635 120 F: 6 2 
654 10 694 69 F: 4 2 4 
682 6 706 292 F: 6 
687 9 705 70 F: 3 4 2 
688 10 708 66 F: 3 4 3 
700 10 740 14 F: 5 5 
714 11 758 153 F: 5 6 
728 8 760 151 F: 8 
747 7 768 290 F: 2 2 3 
789 6 813 113 F: 6 
807 10 827 141 F: 3 4 3 
840 5 855 46 F: 5 
867 2 869 90 F: 2 
872 8 904 186 F: 4 2 2 
899 4 907 2 F: 2 2 
918 5 928 85 F: 5 
922 10 932 45 F: 5 5 
963 4 979 205 F: 2 2 
977 6 989 67 F: 3 3 
980 3 986 204 F: 3 
1019 7 1047 46 F: 2 1 4 
1028 12 1052 22 F: 12 
1052 8 1060 279 F: 2 6 
1068 10 1108 92 F: 7 3 
1081 8 1089 234 F: 6 2 
1110 6 1122 37 F: 5 1 
1146 7 1153 224 F: 3 3 1 
1182 7 1210 47 F: 7 
1196 11 1240 197 F: 3 4 4 
1197 9 1233 152 F: 6 3 
1259 6 1283 292 F: 6 
1262 4 1278 263 F: 4 
1270 9 1279 225 F: 5 4 
1270 9 1279 265 F: 6 3 
1277 4 1289 248 F: 3 1 
1308 4 1312 62 F: 4 
1311 11 1355 238 F: 7 4 
1360 12 1408 194 F: 12 
1373 11 1406 212 F: 4 3 4 
1395 6 1401 54 F: 2 1 3 
1425 11 1469 124 F: 4 4 3 
1439 12 1475 179 F: 12 
1443 9 1470 31 F: 3 3 3 
1483 13 1535 174 F: 13 
1497 8 1521 234 F: 3 2 3 
1521 9 1530 244 F: 3 2 4 
1526 4 1538 239 F: 4 
1546 6 1552 213 F: 3 2 1 
1556 8 1580 279 F: 5 3 
1562 4 1574 270 F: 2 2 
1600 11 1611 292 F: 11 
1620 13 1633 7 F: 13 
1624 8 1648 149 F: 8 
1683 8 1691 14 F: 8 
1699 9 1717 57 F: 7 2 
1713 4 1717 195 F: 2 2 
1721 2 1729 277 F: 2 
1741 13 1754 22 F: 13 
1778 11 1811 163 F: 11 
1790 4 1806 277 F: 2 2 
1818 6 1830 284 F: 2 3 1 
1847 4 1855 78 F: 2 2 
1876 8 1908 171 F: 8 
1889 11 1922 221 F: 5 6 
1892 6 1916 17 F: 4 2 
1907 8 1915 94 F: 3 4 1 
1908 10 1928 247 F: 10 
1914 10 1924 64 F: 3 4 3 
1924 2 1926 91 F: 2 
1999 12 2023 294 F: 12 
2000 8 2016 148 F: 4 4 
2004 8 2020 133 F: 3 1 4 
2042 3 2051 252 F: 3 
2042 5 2062 40 F: 5 
2084 5 2099 215 F: 4 1 
2104 7 2125 260 F: 3 4 
2134 6 2140 15 F: 6 
2145 11 2156 19 F: 5 6 
2148 8 2164 98 F: 4 3 1 
2165 9 2201 30 F: 6 3 
2213 7 2241 10 F: 7 
2218 9 2227 55 F: 7 2 
2254 7 2261 99 F: 2 3 2 
2257 11 2290 274 F: 7 4 
2283 2 2291 77 F: 2 
2303 10 2323 81 F: 4 2 4 
2334 5 2339 110 F: 5 
2347 11 2380 137 F: 4 4 3 
2371 13 2384 116 F: 7 6 
2388 12 2400 200 F: 12 
2420 8 2428 18 F: 2 4 2 
2428 13 2480 128 F: 13 
2467 7 2481 234 F: 7 
2472 6 2478 8 F: 5 1 
2497 12 2509 91 F: 7 5 
2513 4 2517 284 F: 4 
2526 9 2544 272 F: 9 
2540 4 2544 96 F: 2 1 1 
2573 10 2603 87 F: 10 
2585 7 2592 32 F: 2 3 2 
2614 6 2620 80 F: 6 
2658 9 2685 96 F: 4 4 1 
2674 11 2707 25 F: 11 
2688 7 2709 216 F: 3 2 2 
2690 4 2706 151 F: 3 1 
2715 10 2755 160 F: 6 4 
2723 7 2744 252 F: 3 1 3 
2754 9 2790 132 F: 3 3 3 
2782 2 2786 104 F: 2 
2797 12 2809 223 F: 12 
2849 4 2853 142 F: 4 
2879 9 2888 219 F: 3 6 
2884 9 2893 41 F: 4 4 1 
2890 10 2900 246 F: 5 5 
2897 9 2906 223 F: 9 
2926 6 2944 11 F: 6 
2947 4 2951 41 F: 3 1 
2968 9 2995 154 F: 3 6 
2975 9 3002 62 F: 6 3 
2977 8 3001 176 F: 5 3 
3006 3 3018 155 F: 3 
3011 12 3059 159 F: 5 4 3 
3027 10 3037 122 F: 10 
3040 9 3076 56 F: 6 3 
3046 10 3086 183 F: 5 1 4 
3104 7 3132 249 F: 4 1 2 
3121 5 3131 74 F: 4 1 
3166 9 3175 88 F: 7 2 
3174 5 3184 53 F: 5 
3179 11 3223 9 F: 7 4 
3218 11 3229 21 F: 11 
3224 9 3242 144 F: 4 2 3 
3256 10 3266 11 F: 4 4 2 
3274 11 3296 237 F: 5 6 
3284 4 3300 91 F: 4 
3316 9 3352 89 F: 5 4 
3344 10 3354 125 F: 5 3 2 
3345 10 3355 104 F: 10 
3366 8 3398 209 F: 8 
3373 11 3406 118 F: 3 4 4 
3408 7 3415 160 F: 4 1 2 
3414 8 3422 209 F: 4 2 2 
3442 5 3452 296 F: 5 
3448 10 3468 122 F: 10 
3449 4 3461 29 F: 4 
3512 9 3521 4 F: 4 4 1 
3527 6 3551 284 F: 6 
3531 5 3541 182 F: 5 
3539 6 3557 12 F: 2 4 
3567 8 3599 157 F: 8 
3614 4 3622 4 F: 2 2 
3626 9 3644 81 F: 9 
3646 9 3664 287 F: 6 3 
3660 2 3666 4 F: 2 
3664 5 3669 194 F: 2 3 
3703 10 3713 161 F: 10 
3760 4 3772 133 F: 4 
3781 11 3792 19 F: 5 2 4 
3783 8 3791 299 F: 8 
3794 6 3812 78 F: 3 1 2 
3813 13 3839 181 F: 13 
3839 2 3843 195 F: 2 
3844 13 3857 72 F: 13 
3886 10 3916 102 F: 4 3 3 
3890 7 3897 300 F: 4 2 1 
3920 5 3930 252 F: 3 2 
3927 10 3947 230 F: 5 1 4 
3940 3 3952 282 F: 3 
3966 5 3976 89 F: 5 
3995 5 4005 69 F: 2 3 
4020 6 4026 46 F: 3 1 2 
4031 12 4067 46 F: 12 
4055 13 4094 2 F: 13 
4067 7 4074 183 F: 4 3 
4072 2 4078 80 F: 2 
4122 12 4134 288 F: 12 
4132 12 4168 141 F: 12 
4147 3 4150 187 F: 3 
4166 9 4202 184 F: 3 6 
4196 5 4206 148 F: 3 1 1 
4228 13 4267 88 F: 13 
4237 7 4265 187 F: 4 1 2 
4242 12 4266 236 F: 12 
4257 8 4289 234 F: 5 3 
4281 5 4286 16 F: 2 3 
4301 10 4311 144 F: 10 
4317 12 4365 231 F: 6 6 
4338 9 4365 47 F: 7 2 
4377 8 4409 212 F: 8 
4387 10 4427 51 F: 5 3 2 
4405 9 4432 99 F: 3 3 3 
4412 10 4422 300 F: 6 4 
4418 9 4454 152 F: 7 2 
4431 5 4446 48 F: 5 
4467 6 4491 210 F: 4 1 1 
4522 8 4530 207 F: 5 3 
4534 9 4570 169 F: 3 3 3 
4556 9 4565 218 F: 9 
4578 13 4591 95 F: 13 
4579 5 4589 236 F: 5 
4654 3 4666 178 F: 2 1 
4676 12 4724 186 F: 5 4 3 
4684 7 4712 203 F: 4 2 1 
4692 7 4720 267 F: 2 1 4 
4699 6 4717 191 F: 3 1 2 
4738 9 4756 14 F: 3 4 2 
4773 9 4782 271 F: 3 4 2 
4778 5 4798 195 F: 3 1 1 
4797 13 4849 18 F: 7 6 
4798 4 4814 104 F: 4 
4820 4 4828 269 F: 2 2 
4849 8 4865 24 F: 6 2 
4856 4 4860 158 F: 4 
4863 8 4895 15 F: 3 3 2 
4885 12 4933 19 F: 5 4 3 
4910 7 4917 27 F: 2 1 4 
4912 9 4930 265 F: 5 1 3 
4940 7 4968 249 F: 2 2 3 
4961 3 4973 155 F: 3 
4977 7 4984 127 F: 4 3 
5030 5 5035 12 F: 2 2 1 
5034 6 5046 29 F: 6 
5061 12 5109 284 F: 6 6 
5073 8 5089 22 F: 3 3 2 
5075 7 5096 127 F: 4 1 2 
5160 6 5178 239 F: 2 2 2 
5162 11 5173 287 F: 5 3 3 
5163 11 5207 22 F: 11 
5169 5 5184 147 F: 5 
5180 9 5189 168 F: 4 5 
5214 8 5222 259 F: 8 
5279 11 5323 152 F: 11 
5284 8 5316 212 F: 5 3 
5293 6 5299 131 F: 4 2 
5299 13 5351 207 F: 13 
5327 7 5348 191 F: 2 1 4 
5328 7 5342 255 F: 4 3 
5342 7 5363 160 F: 4 3 
5364 7 5378 272 F: 7 
5384 3 5387 268 F: 2 1 
5412 11 5445 200 F: 11 
5415 9 5442 121 F: 5 1 3 
5416 5 5431 244 F: 5 
5422 8 5438 37 F: 3 3 2 
5495 13 5534 65 F: 13 
5514 3 5520 282 F: 3 
5517 7 5531 130 F: 2 5 
5525 8 5549 289 F: 4 3 1 
5527 5 5542 46 F: 5 
5588 13 5601 168 F: 13 
5606 12 5630 170 F: 6 6 
5628 10 5668 98 F: 3 3 4 
5649 3 5661 253 F: 3 
5657 6 5669 281 F: 5 1 
5680 3 5683 36 F: 2 1 
5742 10 5762 187 F: 7 3 
5773 4 5785 245 F: 4 
5781 5 5796 28 F: 2 2 1 
5790 10 5800 16 F: 10 
5798 12 5846 281 F: 12 
5801 5 5806 183 F: 3 2 
5806 6 5818 179 F: 3 3 
5843 8 5859 144 F: 4 3 1 
5872 5 5882 139 F: 5 
5897 11 5941 263 F: 4 3 4 
5934 5 5939 25 F: 5 
5964 7 5971 223 F: 2 2 3 
5985 5 5995 293 F: 4 1 
5986 9 6004 154 F: 9 
5988 6 6000 24 F: 4 2 
D: 2 282 
D: 3 104 
D: 4 269 
D: 11 150 
D: 14 54 
D: 16 143 
D: 23 51 
D: 41 62 
D: 47 218 
D: 49 185 
D: 50 152 
D: 56 255 
D: 56 296 
D: 61 194 
D: 68 278 
D: 72 113 
D: 74 125 
D: 85 210 
D: 87 263 
D: 132 276 
D: 147 230 
D: 148 250 
D: 152 189 
D: 156 245 
D: 165 256 
D: 172 220 
D: 208 297 
D: 243 283 
D: 255 256 
D: 268 283 
