21 7 35 261 F: 4 2 1 
22 12 46 264 F: 5 3 4 
51 9 87 42 F: 4 4 1 
63 7 91 157 F: 2 1 4 
99 3 102 250 F: 2 1 
100 11 133 260 F: 3 4 4 
103 11 147 238 F: 5 6 
113 4 117 100 F: 2 2 
122 12 146 108 F: 12 
145 4 149 268 F: 3 1 
214 9 223 102 F: 9 
229 7 257 152 F: 5 2 
257 11 290 121 F: 11 
283 10 303 152 F: 3 4 3 
291 7 319 157 F: 6 1 
310 5 320 93 F: 5 
323 12 359 160 F: 6 6 
323 13 336 45 F: 5 4 4 
343 13 395 80 F: 13 
373 12 409 296 F: 12 
457 9 493 161 F: 3 4 2 
460 13 473 126 F: 13 
472 12 520 35 F: 12 
478 8 494 157 F: 2 2 4 
480 5 500 51 F: 4 1 
502 9 511 182 F: 2 4 3 
515 2 517 152 F: 2 
536 9 545 271 F: 2 3 4 
541 8 565 7 F: 4 2 2 
547 3 559 80 F: 3 
605 10 625 118 F: 5 1 4 
628 8 652 51 F: 3 2 3 
663 10 703 238 F: 4 2 4 
680 7 701 247 F: 3 1 3 
694 5 704 235 F: 2 1 2 
765 5 770 197 F: 3 1 1 
765 7 779 16 F: 7 
771 11 815 92 F: 6 5 
783 4 799 35 F: 4 
785 11 829 5 F: 7 4 
821 8 829 238 F: 3 1 4 
832 5 837 145 F: 5 
858 10 898 204 F: 5 5 
884 12 896 191 F: 5 4 3 
897 10 927 275 F: 10 
907 10 917 216 F: 10 
930 4 938 158 F: 2 2 
932 8 940 297 F: 8 
948 4 960 54 F: 2 1 1 
952 9 970 10 F: 9 
1002 10 1022 51 F: 10 
1041 6 1059 233 F: 2 4 
1049 3 1061 192 F: 3 
1061 9 1079 163 F: 4 5 
1068 5 1088 113 F: 5 
1112 4 1128 20 F: 4 
1113 4 1125 8 F: 2 2 
1115 7 1136 45 F: 3 1 3 
1145 4 1153 70 F: 4 
1192 6 1204 186 F: 5 1 
1213 11 1224 69 F: 5 2 4 
1235 7 1263 150 F: 3 4 
1243 7 1264 252 F: 7 
1244 11 1255 126 F: 5 2 4 
1259 6 1271 60 F: 3 3 
1337 2 1343 279 F: 2 
1348 8 1372 258 F: 3 2 3 
1364 8 1396 209 F: 3 5 
1376 2 1380 277 F: 2 
1396 6 1408 54 F: 6 
1404 9 1422 84 F: 7 2 
1426 8 1450 235 F: 2 2 4 
1438 8 1470 242 F: 2 6 
1468 10 1478 251 F: 10 
1470 7 1498 22 F: 4 3 
1505 9 1532 26 F: 4 2 3 
1541 12 1565 281 F: 6 6 
1547 11 1569 129 F: 11 
1570 10 1590 168 F: 6 4 
1574 13 1587 116 F: 7 6 
1618 9 1636 61 F: 7 2 
1630 5 1635 153 F: 5 
1644 9 1680 292 F: 6 3 
1670 7 1698 142 F: 4 3 
1671 8 1687 111 F: 4 4 
1715 8 1739 3 F: 3 3 2 
1743 10 1763 55 F: 6 4 
1751 3 1760 189 F: 3 
1772 3 1775 132 F: 3 
1773 8 1789 142 F: 4 4 
1828 3 1837 81 F: 3 
1835 7 1856 166 F: 3 4 
1840 9 1858 147 F: 4 3 2 
1868 13 1881 225 F: 5 4 4 
1876 7 1904 189 F: 3 1 3 
1904 8 1928 180 F: 8 
1951 8 1983 231 F: 8 
1953 6 1971 251 F: 4 2 
1958 4 1970 146 F: 4 
1977 8 1993 257 F: 6 2 
2002 8 2026 34 F: 7 1 
2003 5 2008 87 F: 5 
2035 8 2067 267 F: 6 2 
2044 13 2083 241 F: 7 6 
2094 8 2110 154 F: 5 3 
2113 5 2128 205 F: 5 
2147 9 2174 234 F: 4 5 
2154 7 2175 241 F: 6 1 
2161 9 2170 191 F: 5 4 
2167 9 2194 298 F: 5 3 1 
2220 8 2244 211 F: 7 1 
2221 9 2239 68 F: 4 2 3 
2252 9 2270 52 F: 9 
2253 9 2262 197 F: 3 2 4 
2275 3 2287 125 F: 3 
2348 10 2378 235 F: 4 2 4 
2349 6 2367 204 F: 6 
2351 3 2360 139 F: 2 1 
2364 12 2388 53 F: 4 4 4 
2392 3 2404 280 F: 3 
2432 9 2450 145 F: 6 3 
2437 8 2445 182 F: 2 6 
2443 7 2457 293 F: 2 3 2 
2492 12 2540 160 F: 12 
2494 8 2518 66 F: 4 2 2 
2511 4 2523 206 F: 2 1 1 
2551 7 2565 45 F: 4 2 1 
2562 8 2578 131 F: 4 1 3 
2575 9 2602 22 F: 3 4 2 
2594 8 2626 99 F: 5 2 1 
2600 8 2608 203 F: 3 3 2 
2619 8 2643 278 F: 5 1 2 
2663 10 2703 203 F: 4 4 2 
2671 4 2683 85 F: 4 
2683 9 2701 96 F: 4 5 
2722 13 2774 177 F: 13 
2726 13 2752 162 F: 13 
2727 3 2733 93 F: 3 
2736 6 2760 224 F: 3 3 
2774 6 2786 47 F: 6 
2806 10 2846 240 F: 5 5 
2821 4 2833 160 F: 4 
2870 9 2888 213 F: 5 3 1 
2872 7 2900 106 F: 7 
2882 10 2922 114 F: 4 6 
2908 10 2928 167 F: 10 
2928 8 2936 46 F: 8 
2934 6 2958 161 F: 6 
2950 7 2978 31 F: 7 
2964 10 3004 239 F: 4 2 4 
3011 9 3020 260 F: 3 6 
3014 2 3020 277 F: 2 
3023 8 3031 215 F: 2 6 
3040 3 3049 157 F: 3 
3042 2 3048 74 F: 2 
3120 6 3144 8 F: 3 3 
3152 7 3180 14 F: 7 
3160 11 3182 112 F: 5 2 4 
3174 4 3182 90 F: 4 
3191 11 3202 143 F: 6 5 
3233 6 3257 139 F: 3 1 2 
3247 8 3271 225 F: 7 1 
3274 10 3314 70 F: 3 4 3 
3289 7 3310 112 F: 2 5 
3294 6 3300 209 F: 3 2 1 
3338 8 3346 110 F: 2 6 
3341 11 3352 171 F: 5 4 2 
3348 10 3388 158 F: 5 2 3 
3370 3 3373 146 F: 3 
3393 11 3404 104 F: 7 4 
3404 7 3418 217 F: 6 1 
3405 7 3426 232 F: 7 
3442 9 3460 44 F: 3 6 
3459 2 3465 22 F: 2 
3468 5 3473 63 F: 5 
3512 10 3522 45 F: 10 
3520 8 3544 10 F: 4 4 
3547 7 3554 230 F: 7 
3566 6 3578 116 F: 2 1 3 
3580 11 3613 201 F: 5 6 
3622 9 3649 133 F: 4 5 
3629 7 3657 140 F: 7 
3652 12 3700 47 F: 7 5 
3676 5 3686 233 F: 5 
3693 10 3713 91 F: 5 5 
3727 5 3732 244 F: 3 2 
3731 9 3758 92 F: 9 
3737 8 3769 183 F: 4 4 
3767 7 3781 7 F: 2 4 1 
3770 12 3782 192 F: 12 
3812 3 3818 177 F: 3 
3813 6 3825 86 F: 6 
3834 9 3843 251 F: 9 
3870 9 3879 92 F: 5 3 1 
3894 10 3934 244 F: 10 
3940 5 3945 247 F: 4 1 
3949 8 3981 72 F: 3 4 1 
3983 10 4013 105 F: 10 
3985 10 4005 9 F: 6 4 
3988 10 4028 117 F: 3 4 3 
4011 10 4031 188 F: 5 4 1 
4059 11 4081 88 F: 4 4 3 
4065 9 4074 178 F: 4 1 4 
4078 9 4087 67 F: 4 5 
4087 11 4109 14 F: 6 5 
4131 6 4155 204 F: 4 2 
4158 5 4178 53 F: 3 2 
4170 7 4198 274 F: 5 2 
4178 13 4217 286 F: 7 6 
4195 12 4231 173 F: 5 3 4 
4204 7 4211 130 F: 2 5 
4215 8 4239 10 F: 7 1 
4218 4 4222 3 F: 3 1 
4293 8 4309 228 F: 8 
4299 6 4323 159 F: 4 2 
4317 5 4322 175 F: 4 1 
4327 3 4336 19 F: 3 
4373 9 4409 286 F: 3 3 3 
4377 6 4383 16 F: 2 1 3 
4383 11 4394 278 F: 5 4 2 
4409 6 4421 131 F: 6 
4410 13 4423 192 F: 13 
4413 10 4433 60 F: 5 1 4 
4445 6 4451 1 F: 3 3 
4446 8 4478 102 F: 5 3 
4518 12 4554 198 F: 5 3 4 
4522 8 4554 187 F: 4 4 
4532 6 4550 247 F: 2 4 
4555 5 4565 136 F: 4 1 
4598 7 4612 94 F: 5 1 1 
4606 4 4614 246 F: 3 1 
4612 3 4615 110 F: 3 
4627 11 4649 247 F: 5 6 
4642 11 4675 208 F: 5 3 3 
4697 13 4749 43 F: 13 
4718 6 4742 4 F: 4 1 1 
4737 9 4773 5 F: 5 3 1 
4785 9 4794 95 F: 4 2 3 
4785 13 4811 113 F: 7 6 
4797 9 4833 39 F: 9 
4802 11 4813 186 F: 11 
4848 9 4857 56 F: 5 3 1 
4861 7 4889 255 F: 5 2 
4863 9 4890 105 F: 6 3 
4894 8 4910 53 F: 3 5 
4909 10 4949 50 F: 4 4 2 
4918 9 4936 186 F: 5 3 1 
4941 6 4947 16 F: 3 2 1 
4957 7 4978 147 F: 7 
4959 6 4965 21 F: 4 2 
5008 10 5038 190 F: 10 
5028 2 5036 191 F: 2 
5067 7 5095 90 F: 5 2 
5086 9 5122 217 F: 3 4 2 
5090 7 5118 106 F: 2 5 
5137 10 5147 237 F: 4 2 4 
5154 10 5174 86 F: 5 1 4 
5180 11 5191 136 F: 3 4 4 
5182 7 5203 102 F: 2 5 
5185 9 5203 178 F: 7 2 
5248 6 5260 20 F: 3 1 2 
5251 10 5281 141 F: 5 2 3 
5253 10 5263 155 F: 10 
5266 10 5296 78 F: 7 3 
5276 7 5290 269 F: 7 
5301 5 5321 96 F: 5 
5316 7 5337 194 F: 7 
5358 12 5370 113 F: 6 6 
5374 8 5398 269 F: 4 4 
5376 13 5402 167 F: 5 4 4 
5422 8 5446 197 F: 8 
5442 5 5452 100 F: 2 2 1 
5445 10 5485 296 F: 10 
5457 7 5485 62 F: 5 2 
5458 11 5480 136 F: 6 5 
5501 7 5522 81 F: 6 1 
5521 6 5539 262 F: 3 3 
5565 7 5593 296 F: 2 3 2 
5579 5 5594 261 F: 2 3 
5596 8 5612 40 F: 6 2 
5602 5 5607 181 F: 3 1 1 
5628 10 5638 269 F: 3 3 4 
5629 8 5637 118 F: 2 6 
5636 9 5654 37 F: 3 2 4 
5678 9 5714 178 F: 4 2 3 
5701 6 5725 296 F: 6 
5710 11 5732 253 F: 4 4 3 
5719 2 5727 17 F: 2 
5746 2 5750 130 F: 2 
5799 13 5851 62 F: 13 
5852 5 5872 33 F: 5 
5861 7 5875 6 F: 4 3 
5879 8 5903 45 F: 2 3 3 
5891 11 5924 282 F: 7 4 
5897 6 5921 74 F: 6 
5906 10 5936 199 F: 6 4 
5947 11 5980 279 F: 5 4 2 
5956 9 5992 287 F: 2 3 4 
5957 7 5978 208 F: 4 2 1 
5958 3 5961 16 F: 3 
D: 4 85 
D: 6 240 
D: 6 254 
D: 14 290 
D: 16 245 
D: 17 286 
D: 21 144 
D: 21 145 
D: 24 260 
D: 30 86 
D: 46 250 
D: 50 71 
D: 63 105 
D: 71 241 
D: 78 210 
D: 81 164 
D: 90 147 
D: 92 146 
D: 93 263 
D: 102 180 
D: 130 203 
D: 132 224 
D: 136 149 
D: 155 226 
D: 163 168 
D: 164 246 
D: 166 205 
D: 236 240 
D: 245 294 
D: 271 281 
