22 9 49 111 F: 9 
36 2 38 130 F: 2 
56 10 96 67 F: 7 3 
68 9 86 296 F: 4 5 
95 13 147 162 F: 13 
133 8 165 220 F: 8 
139 6 145 33 F: 6 
148 13 187 224 F: 13 
162 8 186 144 F: 3 2 3 
174 8 198 97 F: 2 6 
236 8 260 262 F: 2 4 2 
247 10 287 238 F: 4 4 2 
258 10 288 157 F: 2 4 4 
266 5 286 109 F: 4 1 
290 8 298 287 F: 4 1 3 
301 10 331 125 F: 4 6 
317 8 341 195 F: 3 5 
323 6 347 91 F: 3 2 1 
349 3 361 237 F: 3 
397 2 405 98 F: 2 
418 11 451 138 F: 11 
420 11 464 149 F: 3 4 4 
448 8 464 293 F: 8 
476 2 484 189 F: 2 
494 8 526 74 F: 7 1 
504 9 540 124 F: 9 
507 11 518 300 F: 11 
517 8 549 187 F: 8 
544 3 553 203 F: 3 
566 7 580 95 F: 5 1 1 
621 11 632 117 F: 11 
632 8 664 95 F: 7 1 
644 11 655 218 F: 6 5 
649 8 665 260 F: 4 3 1 
665 9 701 223 F: 5 2 2 
701 3 713 229 F: 3 
740 5 760 163 F: 5 
759 8 783 15 F: 4 4 
779 10 819 268 F: 10 
792 12 804 117 F: 12 
828 9 837 143 F: 6 3 
836 6 842 118 F: 6 
844 7 872 83 F: 2 4 1 
852 7 859 300 F: 7 
871 7 899 231 F: 7 
900 8 916 208 F: 2 2 4 
905 8 929 72 F: 5 3 
934 7 962 238 F: 2 3 2 
975 7 989 172 F: 4 2 1 
996 11 1007 20 F: 7 4 
1018 13 1070 140 F: 7 6 
1056 6 1062 229 F: 4 2 
1075 9 1093 96 F: 9 
1081 10 1111 189 F: 5 2 3 
1094 7 1101 75 F: 4 3 
1106 7 1127 149 F: 2 2 3 
1133 8 1141 56 F: 2 6 
1144 7 1172 127 F: 2 2 3 
1185 5 1200 57 F: 3 2 
1190 8 1206 292 F: 4 1 3 
1220 7 1248 62 F: 7 
1237 9 1264 172 F: 4 1 4 
1246 7 1267 286 F: 7 
1249 9 1267 292 F: 9 
1271 9 1307 56 F: 2 3 4 
1319 7 1333 41 F: 5 2 
1319 8 1343 49 F: 4 3 1 
1329 6 1341 152 F: 4 1 1 
1350 9 1359 125 F: 7 2 
1367 8 1399 199 F: 8 
1406 12 1442 299 F: 12 
1410 9 1428 79 F: 9 
1440 6 1464 121 F: 2 3 1 
1443 8 1467 88 F: 8 
1469 6 1487 37 F: 6 
1548 8 1564 117 F: 3 1 4 
1551 5 1566 264 F: 2 3 
1556 3 1565 136 F: 3 
1562 13 1575 65 F: 7 6 
1595 10 1605 187 F: 4 4 2 
1604 9 1622 172 F: 7 2 
1645 12 1657 96 F: 7 5 
1660 9 1669 23 F: 6 3 
1693 8 1709 113 F: 8 
1698 8 1706 53 F: 8 
1710 8 1726 267 F: 2 6 
1713 8 1721 232 F: 5 3 
1740 9 1767 191 F: 4 2 3 
1757 8 1765 275 F: 3 3 2 
1766 11 1799 128 F: 11 
1814 8 1822 259 F: 6 2 
1836 9 1872 5 F: 2 4 3 
1839 12 1863 269 F: 12 
1867 6 1873 23 F: 3 1 2 
1876 3 1885 136 F: 3 
1907 5 1922 41 F: 4 1 
1936 5 1946 29 F: 5 
1948 4 1960 155 F: 4 
1975 3 1981 6 F: 2 1 
1990 12 2002 238 F: 7 5 
2014 4 2030 8 F: 4 
2027 7 2041 282 F: 2 5 
2040 8 2056 167 F: 2 3 3 
2051 11 2084 146 F: 5 6 
2081 6 2087 31 F: 5 1 
2106 4 2114 217 F: 2 1 1 
2110 10 2130 298 F: 5 3 2 
2134 7 2141 97 F: 7 
2137 11 2148 119 F: 11 
2140 8 2156 119 F: 2 2 4 
2215 5 2235 36 F: 3 1 1 
2245 7 2273 86 F: 4 1 2 
2262 5 2267 248 F: 2 3 
2265 8 2273 124 F: 2 3 3 
2281 5 2301 271 F: 2 3 
2303 6 2321 42 F: 6 
2307 12 2319 79 F: 4 4 4 
2324 10 2354 183 F: 2 4 4 
2364 8 2388 99 F: 2 2 4 
2390 6 2408 41 F: 5 1 
2405 9 2414 138 F: 3 2 4 
2426 9 2444 27 F: 6 3 
2431 13 2470 159 F: 13 
2485 12 2509 22 F: 6 6 
2498 6 2522 193 F: 6 
2528 7 2549 173 F: 5 2 
2555 6 2573 58 F: 2 4 
2566 8 2574 196 F: 8 
2577 6 2583 103 F: 6 
2597 6 2615 288 F: 5 1 
2610 12 2646 58 F: 12 
2625 6 2643 159 F: 2 2 2 
2627 11 2638 148 F: 5 2 4 
2638 12 2686 249 F: 5 4 3 
2653 11 2675 121 F: 5 3 3 
2759 8 2767 171 F: 3 4 1 
2762 11 2784 132 F: 5 6 
2781 11 2814 110 F: 11 
2784 9 2811 210 F: 5 4 
2786 11 2797 225 F: 11 
2819 8 2843 31 F: 8 
2822 5 2842 163 F: 5 
2847 10 2887 272 F: 7 3 
2861 8 2893 123 F: 6 2 
2890 5 2910 173 F: 2 3 
2937 12 2961 270 F: 12 
2941 12 2989 201 F: 12 
2945 5 2965 93 F: 5 
2948 9 2984 287 F: 5 1 3 
2973 4 2989 56 F: 4 
3008 11 3041 41 F: 11 
3013 8 3045 236 F: 2 3 3 
3018 4 3030 254 F: 4 
3023 6 3035 117 F: 6 
3042 3 3045 113 F: 3 
3103 7 3131 130 F: 3 1 3 
3153 9 3180 191 F: 9 
3158 9 3167 46 F: 3 2 4 
3163 10 3173 289 F: 5 5 
3193 9 3220 40 F: 6 3 
3217 5 3227 133 F: 5 
3261 11 3283 54 F: 11 
3272 5 3292 135 F: 2 2 1 
3275 10 3295 282 F: 5 4 1 
3289 10 3319 22 F: 3 3 4 
3301 7 3308 174 F: 7 
3320 4 3332 50 F: 4 
3327 9 3345 293 F: 4 3 2 
3364 7 3378 109 F: 7 
3396 7 3410 21 F: 3 2 2 
3448 13 3474 226 F: 7 6 
3458 8 3490 144 F: 3 5 
3459 7 3480 24 F: 5 2 
3486 10 3506 244 F: 6 4 
3492 8 3524 19 F: 8 
3501 4 3505 192 F: 4 
3520 9 3538 255 F: 5 4 
3527 8 3535 112 F: 7 1 
3536 5 3546 211 F: 2 1 2 
3598 6 3610 98 F: 6 
3601 13 3653 17 F: 13 
3605 13 3618 15 F: 13 
3607 10 3627 145 F: 4 3 3 
3657 9 3675 36 F: 9 
3661 7 3675 198 F: 5 2 
3718 12 3730 153 F: 12 
3747 10 3777 138 F: 10 
3747 11 3758 79 F: 11 
3753 11 3786 45 F: 11 
3795 11 3828 189 F: 7 4 
3843 8 3875 245 F: 5 1 2 
3864 12 3900 277 F: 12 
3877 6 3883 253 F: 6 
3896 10 3936 114 F: 3 4 3 
3898 10 3908 6 F: 10 
3900 7 3914 27 F: 3 2 2 
3951 9 3978 65 F: 4 5 
3966 9 3984 133 F: 6 3 
3990 2 3994 223 F: 2 
3990 4 3998 177 F: 2 2 
4029 10 4049 14 F: 4 3 3 
4050 9 4059 283 F: 4 3 2 
4057 5 4067 8 F: 5 
4081 10 4091 256 F: 6 4 
4088 8 4120 48 F: 3 4 1 
4124 11 4157 253 F: 7 4 
4149 8 4165 290 F: 4 3 1 
4153 2 4157 110 F: 2 
4154 4 4170 212 F: 4 
4162 12 4174 108 F: 12 
4215 9 4233 83 F: 5 4 
4220 4 4224 282 F: 3 1 
4249 4 4257 235 F: 2 1 1 
4249 13 4288 275 F: 13 
4281 8 4297 126 F: 3 4 1 
4305 4 4313 267 F: 2 2 
4324 8 4348 45 F: 8 
4379 5 4394 40 F: 2 2 1 
4383 9 4419 55 F: 5 1 3 
4394 9 4430 241 F: 9 
4444 6 4462 35 F: 4 2 
4446 12 4482 79 F: 12 
4461 11 4483 271 F: 11 
4462 10 4502 50 F: 5 2 3 
4492 6 4510 85 F: 6 
4525 4 4537 297 F: 4 
4528 10 4538 180 F: 3 4 3 
4553 8 4569 181 F: 3 1 4 
4555 2 4563 32 F: 2 
4567 9 4594 249 F: 9 
4601 12 4649 132 F: 5 4 3 
4640 8 4664 11 F: 5 1 2 
4652 4 4664 123 F: 4 
4668 2 4672 50 F: 2 
4698 11 4709 167 F: 6 5 
4708 13 4747 124 F: 13 
4727 11 4771 202 F: 7 4 
4734 11 4745 12 F: 5 6 
4739 8 4763 227 F: 8 
4748 8 4780 232 F: 7 1 
4816 6 4834 282 F: 5 1 
4826 9 4835 237 F: 4 1 4 
4834 10 4864 34 F: 5 5 
4838 8 4846 238 F: 6 2 
4848 7 4862 12 F: 7 
4909 12 4957 162 F: 12 
4928 10 4948 83 F: 6 4 
4939 9 4975 154 F: 4 4 1 
4948 9 4984 63 F: 4 1 4 
4991 2 4993 299 F: 2 
5012 8 5044 157 F: 8 
5042 9 5069 137 F: 4 1 4 
5043 7 5064 141 F: 5 2 
5046 9 5055 266 F: 4 3 2 
5048 11 5070 177 F: 11 
5105 5 5120 149 F: 3 2 
5119 11 5141 227 F: 11 
5119 11 5152 70 F: 4 4 3 
5137 8 5145 222 F: 8 
5187 8 5211 266 F: 4 3 1 
5204 7 5225 6 F: 3 1 3 
5233 10 5263 235 F: 4 6 
5253 7 5274 174 F: 6 1 
5264 5 5274 182 F: 4 1 
5295 9 5322 174 F: 4 5 
5307 6 5331 86 F: 6 
5325 13 5338 244 F: 7 6 
5335 11 5379 112 F: 4 3 4 
5375 8 5399 292 F: 7 1 
5375 9 5402 9 F: 9 
5406 5 5426 189 F: 5 
5415 5 5425 298 F: 3 2 
5466 11 5510 71 F: 7 4 
5468 12 5480 143 F: 12 
5485 13 5524 137 F: 13 
5542 5 5557 201 F: 2 3 
5550 8 5566 72 F: 5 3 
5590 5 5605 300 F: 3 2 
5591 3 5597 65 F: 3 
5599 7 5606 253 F: 2 2 3 
5608 3 5611 85 F: 3 
5613 12 5649 298 F: 12 
5631 9 5640 95 F: 4 3 2 
5645 3 5651 51 F: 3 
5689 9 5716 151 F: 7 2 
5703 10 5743 70 F: 5 1 4 
5710 9 5719 202 F: 9 
5717 5 5732 270 F: 2 1 2 
5766 8 5782 68 F: 6 2 
5772 10 5802 171 F: 5 3 2 
5817 2 5821 275 F: 2 
5832 7 5846 7 F: 4 3 
5833 11 5855 169 F: 7 4 
5886 9 5913 118 F: 9 
5891 11 5913 185 F: 6 5 
5958 13 6010 41 F: 13 
5966 11 5999 167 F: 7 4 
5967 3 5973 297 F: 2 1 
5990 4 5994 227 F: 4 
5998 8 6006 132 F: 6 2 
D: 1 258 
D: 3 290 
D: 4 250 
D: 5 217 
D: 8 287 
D: 15 287 
D: 20 54 
D: 22 238 
D: 40 155 
D: 47 226 
D: 57 124 
D: 62 67 
D: 76 262 
D: 81 237 
D: 88 122 
D: 90 165 
D: 106 262 
D: 112 189 
D: 114 283 
D: 127 208 
D: 127 256 
D: 133 212 
D: 137 286 
D: 147 157 
D: 166 248 
D: 190 292 
D: 207 257 
D: 208 285 
D: 209 235 
D: 236 289 
