3 10 43 283 F: 3 4 3 
23 11 34 248 F: 11 
40 11 51 57 F: 4 4 3 
82 10 92 113 F: 7 3 
92 11 136 25 F: 5 3 3 
106 9 133 263 F: 5 3 1 
131 7 152 164 F: 2 4 1 
158 8 182 160 F: 2 3 3 
173 6 179 112 F: 4 1 1 
194 11 216 157 F: 6 5 
224 9 242 111 F: 2 4 3 
249 8 281 208 F: 8 
251 9 260 28 F: 4 1 4 
277 9 304 125 F: 3 2 4 
292 12 328 1 F: 6 6 
307 4 323 151 F: 3 1 
362 10 372 191 F: 6 4 
366 9 375 83 F: 7 2 
379 8 411 59 F: 5 3 
381 5 396 114 F: 5 
406 9 415 179 F: 3 4 2 
430 10 460 189 F: 5 2 3 
434 9 443 237 F: 5 2 2 
455 4 467 196 F: 2 2 
459 8 475 79 F: 5 2 1 
503 8 535 53 F: 2 3 3 
508 5 528 294 F: 2 2 1 
508 11 541 152 F: 11 
516 10 526 144 F: 4 3 3 
543 12 567 279 F: 12 
616 6 622 130 F: 4 1 1 
638 8 646 4 F: 5 3 
642 7 663 240 F: 4 1 2 
659 10 699 239 F: 3 4 3 
678 12 714 43 F: 5 4 3 
715 9 742 262 F: 3 3 3 
719 7 726 287 F: 2 5 
759 8 783 79 F: 3 4 1 
762 2 766 255 F: 2 
793 8 809 276 F: 5 3 
816 6 822 75 F: 4 2 
847 8 855 1 F: 4 2 2 
861 9 897 21 F: 4 3 2 
869 7 897 136 F: 3 3 1 
895 7 902 125 F: 2 1 4 
907 8 915 223 F: 2 6 
916 10 926 209 F: 7 3 
920 9 956 220 F: 9 
976 8 1008 254 F: 8 
981 4 993 51 F: 4 
1001 9 1028 224 F: 9 
1007 6 1013 127 F: 3 3 
1009 8 1041 217 F: 8 
1070 8 1102 78 F: 8 
1098 6 1116 288 F: 3 1 2 
1100 3 1112 263 F: 2 1 
1104 10 1134 132 F: 5 4 1 
1146 8 1178 30 F: 2 2 4 
1162 5 1172 221 F: 4 1 
1184 12 1232 237 F: 6 6 
1212 11 1256 29 F: 4 3 4 
1214 10 1224 31 F: 4 2 4 
1229 3 1238 189 F: 3 
1265 13 1278 265 F: 13 
1271 10 1301 174 F: 10 
1345 12 1357 286 F: 12 
1353 2 1355 259 F: 2 
1376 8 1400 260 F: 8 
1389 12 1425 230 F: 5 4 3 
1396 8 1428 240 F: 3 3 2 
1414 5 1419 76 F: 5 
1423 9 1459 291 F: 6 3 
1432 9 1459 103 F: 6 3 
1456 6 1468 82 F: 5 1 
1458 7 1486 137 F: 3 4 
1522 10 1552 99 F: 5 3 2 
1523 6 1547 299 F: 4 2 
1538 11 1560 116 F: 11 
1547 11 1569 118 F: 11 
1584 12 1608 192 F: 5 4 3 
1604 9 1622 124 F: 9 
1617 11 1628 14 F: 4 4 3 
1640 10 1680 222 F: 10 
1641 12 1653 300 F: 7 5 
1662 9 1680 233 F: 9 
1703 8 1711 271 F: 5 1 2 
1705 11 1716 290 F: 3 4 4 
1706 9 1724 140 F: 4 5 
1750 8 1782 160 F: 2 6 
1774 7 1781 276 F: 2 5 
1803 10 1833 164 F: 10 
1821 5 1836 96 F: 2 1 2 
1828 3 1834 84 F: 3 
1844 6 1868 282 F: 4 1 1 
1858 8 1874 14 F: 2 2 4 
1906 4 1922 263 F: 4 
1906 5 1926 100 F: 5 
1914 9 1923 91 F: 4 3 2 
1933 8 1965 274 F: 2 6 
1990 9 2008 79 F: 5 3 1 
2013 6 2019 119 F: 3 1 2 
2022 6 2028 18 F: 2 3 1 
2063 8 2095 21 F: 4 4 
2067 8 2091 249 F: 2 4 2 
2084 6 2090 282 F: 3 3 
2116 8 2132 48 F: 2 6 
2132 5 2137 120 F: 5 
2133 9 2169 115 F: 5 2 2 
2156 2 2158 125 F: 2 
2182 5 2192 180 F: 4 1 
2202 9 2238 300 F: 7 2 
2226 13 2239 46 F: 7 6 
2232 7 2246 140 F: 5 2 
2236 3 2242 38 F: 3 
2299 8 2323 20 F: 2 6 
2314 5 2324 64 F: 5 
2330 11 2352 130 F: 11 
2338 13 2351 297 F: 13 
2362 10 2372 225 F: 5 2 3 
2376 8 2400 39 F: 8 
2415 7 2429 299 F: 2 5 
2420 7 2441 185 F: 7 
2420 8 2452 94 F: 5 3 
2430 3 2439 254 F: 3 
2479 5 2489 71 F: 2 3 
2542 8 2550 171 F: 8 
2578 8 2586 155 F: 2 3 3 
2581 7 2595 196 F: 4 1 2 
2587 4 2595 190 F: 2 1 1 
2587 4 2599 192 F: 2 1 1 
2603 10 2633 58 F: 5 1 4 
2619 3 2622 230 F: 3 
2645 10 2675 192 F: 5 2 3 
2649 12 2661 147 F: 5 3 4 
2659 10 2699 272 F: 4 6 
2710 10 2750 201 F: 4 3 3 
2718 7 2739 202 F: 2 5 
2736 7 2743 228 F: 4 1 2 
2754 8 2762 210 F: 8 
2780 4 2784 31 F: 4 
2801 8 2825 224 F: 2 2 4 
2832 6 2844 112 F: 6 
2838 10 2868 244 F: 6 4 
2847 8 2879 297 F: 3 2 3 
2857 12 2869 209 F: 12 
2919 13 2932 125 F: 7 6 
2923 12 2971 56 F: 12 
2933 8 2957 79 F: 6 2 
2972 12 2984 237 F: 5 4 3 
2999 11 3010 119 F: 5 6 
3005 11 3016 266 F: 6 5 
3007 11 3029 271 F: 6 5 
3027 12 3051 240 F: 5 4 3 
3034 11 3045 124 F: 11 
3065 6 3077 93 F: 2 1 3 
3134 8 3150 92 F: 6 2 
3141 8 3149 10 F: 5 1 2 
3145 9 3163 213 F: 7 2 
3189 5 3199 150 F: 5 
3190 12 3238 235 F: 12 
3208 6 3214 113 F: 5 1 
3254 6 3272 230 F: 5 1 
3276 8 3300 232 F: 8 
3277 5 3297 211 F: 5 
3286 7 3293 253 F: 6 1 
3340 7 3354 295 F: 7 
3372 10 3382 270 F: 7 3 
3383 11 3427 76 F: 11 
3389 9 3407 42 F: 9 
3398 4 3402 93 F: 2 2 
3422 11 3466 180 F: 7 4 
3426 6 3432 167 F: 6 
3438 6 3456 48 F: 6 
3450 6 3468 29 F: 3 3 
3495 10 3505 195 F: 3 3 4 
3522 7 3543 8 F: 2 4 1 
3530 13 3543 35 F: 13 
3565 8 3581 192 F: 2 4 2 
3568 13 3620 268 F: 13 
3598 3 3607 73 F: 2 1 
3623 12 3659 241 F: 5 4 3 
3636 3 3645 262 F: 2 1 
3664 7 3692 94 F: 5 2 
3680 6 3698 3 F: 2 2 2 
3680 9 3716 121 F: 9 
3713 7 3727 206 F: 2 2 3 
3726 9 3744 129 F: 9 
3729 7 3757 289 F: 2 5 
3744 13 3757 184 F: 13 
3790 7 3804 291 F: 2 4 1 
3818 7 3832 240 F: 3 1 3 
3818 10 3828 238 F: 6 4 
3880 6 3886 200 F: 3 3 
3888 9 3924 12 F: 4 3 2 
3895 6 3919 104 F: 4 2 
3904 11 3915 132 F: 7 4 
3907 10 3927 70 F: 4 6 
3924 11 3957 164 F: 7 4 
3950 11 3972 201 F: 11 
3997 4 4013 51 F: 3 1 
4034 7 4055 222 F: 7 
4035 10 4065 3 F: 5 3 2 
4037 5 4057 8 F: 5 
4059 7 4080 248 F: 7 
4059 9 4068 211 F: 7 2 
4100 9 4136 78 F: 5 3 1 
4100 9 4136 131 F: 9 
4149 13 4201 11 F: 13 
4164 13 4177 165 F: 13 
4187 3 4193 91 F: 2 1 
4206 4 4218 47 F: 4 
4207 6 4231 137 F: 3 2 1 
4224 4 4240 15 F: 4 
4231 9 4240 241 F: 4 1 4 
4248 5 4263 249 F: 5 
4332 6 4338 155 F: 2 3 1 
4339 10 4349 135 F: 5 4 1 
4341 12 4365 181 F: 6 6 
4385 5 4405 240 F: 5 
4392 6 4398 245 F: 4 2 
4444 6 4450 245 F: 2 3 1 
4453 7 4460 108 F: 3 2 2 
4484 6 4490 220 F: 2 4 
4484 7 4512 136 F: 2 5 
4498 7 4519 24 F: 3 4 
4516 11 4538 199 F: 11 
4541 11 4585 269 F: 7 4 
4581 13 4633 74 F: 5 4 4 
4585 7 4592 70 F: 7 
4586 10 4596 128 F: 10 
4619 7 4626 94 F: 4 3 
4628 3 4634 112 F: 3 
4638 8 4670 235 F: 3 4 1 
4673 12 4697 175 F: 4 4 4 
4679 10 4709 142 F: 10 
4704 8 4720 41 F: 4 4 
4708 8 4716 38 F: 4 4 
4709 7 4737 30 F: 4 1 2 
4758 10 4798 143 F: 7 3 
4775 3 4778 116 F: 3 
4812 2 4820 6 F: 2 
4826 5 4846 201 F: 5 
4842 9 4869 119 F: 6 3 
4853 5 4858 280 F: 2 1 2 
4883 12 4931 2 F: 5 4 3 
4914 12 4926 42 F: 12 
4920 11 4953 149 F: 11 
4945 8 4953 288 F: 5 2 1 
4956 7 4970 118 F: 3 3 1 
4973 5 4993 193 F: 3 1 1 
5013 7 5027 118 F: 7 
5055 8 5063 110 F: 8 
5076 8 5084 55 F: 8 
5080 7 5108 54 F: 5 1 1 
5089 11 5122 6 F: 7 4 
5102 8 5110 277 F: 2 3 3 
5118 10 5128 122 F: 5 3 2 
5169 5 5174 1 F: 3 2 
5172 7 5179 135 F: 5 2 
5172 13 5224 250 F: 13 
5203 6 5215 7 F: 5 1 
5227 9 5254 67 F: 9 
5257 7 5271 270 F: 3 2 2 
5268 3 5280 206 F: 3 
5269 9 5287 64 F: 4 2 3 
5303 3 5312 79 F: 3 
5372 11 5383 289 F: 5 4 2 
5381 11 5392 217 F: 3 4 4 
5384 12 5396 126 F: 6 6 
5386 9 5413 171 F: 9 
5413 11 5457 117 F: 4 4 3 
5448 10 5478 238 F: 4 3 3 
5450 3 5459 157 F: 3 
5459 7 5480 36 F: 4 1 2 
5477 5 5482 187 F: 5 
5527 13 5566 179 F: 13 
5536 3 5539 118 F: 3 
5559 12 5595 281 F: 12 
5578 11 5600 196 F: 11 
5592 9 5601 199 F: 4 5 
5631 8 5639 227 F: 2 6 
5635 6 5659 42 F: 2 2 2 
5636 9 5654 57 F: 9 
5663 6 5681 183 F: 3 3 
5692 9 5710 5 F: 4 1 4 
5708 7 5715 74 F: 2 5 
5748 11 5792 30 F: 11 
5790 13 5829 56 F: 13 
5791 4 5807 195 F: 2 1 1 
5793 11 5826 272 F: 5 2 4 
5802 8 5834 55 F: 4 1 3 
5820 6 5832 270 F: 6 
5850 10 5870 159 F: 6 4 
5865 7 5886 254 F: 7 
5880 8 5904 89 F: 6 2 
5908 10 5948 171 F: 4 4 2 
5946 5 5951 149 F: 5 
5946 5 5961 69 F: 2 1 2 
5953 11 5964 209 F: 11 
5972 8 6004 267 F: 2 6 
D: 2 43 
D: 8 258 
D: 8 274 
D: 10 235 
D: 25 44 
D: 26 255 
D: 38 274 
D: 44 174 
D: 49 208 
D: 51 106 
D: 52 246 
D: 53 164 
D: 75 207 
D: 76 155 
D: 85 189 
D: 93 98 
D: 102 255 
D: 106 209 
D: 109 213 
D: 125 235 
D: 127 155 
D: 153 261 
D: 161 280 
D: 173 183 
D: 177 215 
D: 191 206 
D: 218 285 
D: 230 254 
D: 240 299 
D: 249 281 
