12 4 20 8 F: 2 2 
27 11 49 146 F: 11 
37 4 45 207 F: 3 1 
41 5 56 116 F: 3 2 
45 7 66 62 F: 2 3 2 
106 12 130 52 F: 7 5 
111 10 151 112 F: 10 
138 3 147 40 F: 2 1 
171 8 195 18 F: 2 4 2 
188 8 212 145 F: 6 2 
227 6 245 29 F: 6 
240 7 247 61 F: 5 2 
265 6 289 89 F: 3 1 2 
267 8 291 160 F: 2 3 3 
283 10 303 135 F: 4 6 
327 13 353 146 F: 13 
359 2 361 276 F: 2 
366 4 370 198 F: 4 
370 4 374 30 F: 3 1 
371 12 383 248 F: 12 
429 9 456 129 F: 5 3 1 
435 3 447 245 F: 2 1 
456 6 468 167 F: 2 3 1 
488 10 518 238 F: 10 
494 7 522 182 F: 7 
503 8 511 99 F: 5 2 1 
529 8 553 127 F: 8 
553 9 571 87 F: 9 
558 10 578 264 F: 5 1 4 
596 8 612 63 F: 5 2 1 
637 9 646 17 F: 7 2 
642 9 660 24 F: 3 3 3 
659 12 707 220 F: 12 
664 5 669 278 F: 5 
679 3 682 38 F: 3 
707 2 715 63 F: 2 
748 6 766 289 F: 6 
761 5 781 53 F: 5 
764 4 780 292 F: 3 1 
789 10 819 175 F: 4 2 4 
832 8 864 137 F: 2 6 
834 11 845 223 F: 5 6 
857 10 877 262 F: 5 1 4 
859 13 911 136 F: 7 6 
862 4 874 123 F: 4 
910 13 949 263 F: 13 
912 7 919 168 F: 5 2 
915 4 931 43 F: 2 2 
974 7 1002 265 F: 7 
982 5 1002 159 F: 3 1 1 
1033 5 1053 196 F: 5 
1063 10 1103 194 F: 5 1 4 
1078 4 1082 122 F: 4 
1088 8 1112 225 F: 3 2 3 
1089 6 1101 197 F: 4 2 
1123 3 1135 17 F: 2 1 
1158 11 1202 248 F: 4 4 3 
1167 9 1203 288 F: 2 4 3 
1172 2 1180 17 F: 2 
1196 12 1220 207 F: 12 
1201 9 1210 128 F: 7 2 
1210 10 1240 49 F: 6 4 
1218 2 1220 43 F: 2 
1264 8 1280 233 F: 3 5 
1284 11 1306 130 F: 4 3 4 
1314 11 1325 200 F: 11 
1317 13 1369 11 F: 13 
1319 4 1327 261 F: 4 
1322 5 1327 231 F: 5 
1398 7 1426 135 F: 2 1 4 
1413 4 1425 238 F: 4 
1424 6 1442 139 F: 5 1 
1446 11 1490 124 F: 4 3 4 
1455 8 1479 250 F: 7 1 
1477 8 1501 103 F: 6 2 
1528 10 1548 9 F: 4 3 3 
1548 10 1558 237 F: 5 2 3 
1552 11 1574 210 F: 5 3 3 
1575 3 1581 152 F: 3 
1590 11 1601 127 F: 5 2 4 
1609 10 1619 287 F: 10 
1656 10 1696 207 F: 5 1 4 
1664 11 1697 135 F: 5 6 
1683 9 1701 113 F: 6 3 
1699 11 1721 11 F: 3 4 4 
1707 7 1714 196 F: 2 1 4 
1719 4 1735 195 F: 4 
1724 5 1744 284 F: 5 
1735 5 1755 235 F: 5 
1778 11 1811 14 F: 5 3 3 
1808 4 1820 64 F: 2 1 1 
1814 5 1829 237 F: 5 
1816 7 1844 142 F: 3 1 3 
1844 9 1871 194 F: 7 2 
1860 3 1863 227 F: 3 
1907 6 1925 25 F: 6 
1926 10 1946 293 F: 7 3 
1933 10 1963 219 F: 5 3 2 
1944 8 1960 274 F: 8 
1968 7 1982 106 F: 5 2 
2008 9 2026 294 F: 4 3 2 
2041 12 2065 289 F: 12 
2045 6 2069 225 F: 3 3 
2065 8 2097 107 F: 6 2 
2099 11 2110 140 F: 6 5 
2123 7 2151 46 F: 7 
2138 8 2170 76 F: 2 6 
2167 7 2181 3 F: 3 2 2 
2180 7 2187 285 F: 2 1 4 
2193 11 2226 200 F: 3 4 4 
2239 9 2257 22 F: 9 
2249 11 2271 191 F: 11 
2261 7 2275 254 F: 7 
2265 10 2275 121 F: 7 3 
2297 5 2317 233 F: 2 3 
2303 9 2330 251 F: 3 2 4 
2312 3 2318 254 F: 3 
2356 9 2392 114 F: 3 6 
2361 12 2373 257 F: 12 
2380 10 2410 11 F: 5 1 4 
2407 9 2443 280 F: 4 2 3 
2418 6 2442 29 F: 2 2 2 
2447 10 2477 203 F: 5 5 
2459 12 2495 115 F: 5 3 4 
2498 11 2520 62 F: 7 4 
2507 11 2551 289 F: 6 5 
2515 10 2545 8 F: 6 4 
2530 11 2552 80 F: 11 
2555 8 2587 132 F: 3 5 
2571 6 2589 41 F: 3 2 1 
2602 6 2614 141 F: 6 
2644 2 2652 37 F: 2 
2647 5 2652 285 F: 2 2 1 
2684 6 2696 144 F: 6 
2695 7 2716 249 F: 2 5 
2720 4 2724 156 F: 2 1 1 
2723 4 2727 121 F: 4 
2732 7 2746 107 F: 7 
2757 2 2759 88 F: 2 
2795 2 2797 285 F: 2 
2838 5 2858 98 F: 2 3 
2846 6 2858 32 F: 2 4 
2851 9 2860 132 F: 4 2 3 
2860 5 2865 95 F: 3 1 1 
2869 9 2887 116 F: 4 1 4 
2906 10 2916 156 F: 10 
2929 3 2941 48 F: 3 
2960 10 2990 110 F: 10 
2976 10 3016 141 F: 5 4 1 
2983 11 3005 233 F: 11 
3010 9 3037 104 F: 4 1 4 
3015 3 3024 149 F: 3 
3051 8 3075 287 F: 8 
3058 9 3076 141 F: 6 3 
3063 12 3087 93 F: 4 4 4 
3134 9 3170 226 F: 5 2 2 
3143 9 3161 102 F: 4 2 3 
3167 7 3174 241 F: 3 4 
3196 9 3223 23 F: 4 2 3 
3198 10 3218 122 F: 5 4 1 
3228 9 3264 68 F: 9 
3242 4 3246 100 F: 3 1 
3249 10 3279 63 F: 5 5 
3259 12 3307 136 F: 12 
3298 8 3322 124 F: 4 4 
3329 11 3373 162 F: 7 4 
3360 11 3382 231 F: 6 5 
3375 8 3407 219 F: 4 2 2 
3379 9 3406 27 F: 5 3 1 
3395 11 3428 183 F: 6 5 
3416 5 3431 46 F: 2 3 
3437 4 3449 264 F: 2 2 
3448 2 3450 21 F: 2 
3457 6 3475 16 F: 6 
3498 9 3516 217 F: 6 3 
3505 10 3525 38 F: 5 2 3 
3525 8 3549 263 F: 2 6 
3540 11 3562 157 F: 4 4 3 
3544 11 3588 296 F: 11 
3579 6 3585 289 F: 6 
3621 9 3648 176 F: 5 4 
3657 2 3659 52 F: 2 
3667 9 3685 170 F: 3 4 2 
3680 11 3724 173 F: 7 4 
3691 8 3715 214 F: 2 6 
3717 8 3741 282 F: 4 4 
3766 9 3784 238 F: 6 3 
3767 8 3791 91 F: 4 1 3 
3789 7 3803 14 F: 4 3 
3793 4 3801 256 F: 3 1 
3824 8 3848 51 F: 5 1 2 
3832 8 3840 227 F: 4 2 2 
3846 13 3885 107 F: 5 4 4 
3871 9 3880 149 F: 5 4 
3891 8 3899 293 F: 3 5 
3900 13 3926 109 F: 7 6 
3904 2 3906 258 F: 2 
3927 7 3955 214 F: 3 1 3 
3954 6 3972 18 F: 2 3 1 
3997 12 4045 92 F: 7 5 
4002 4 4006 221 F: 2 2 
4009 13 4035 114 F: 13 
4047 10 4067 27 F: 4 6 
4071 11 4082 52 F: 11 
4093 9 4102 238 F: 7 2 
4110 9 4119 15 F: 9 
4112 4 4116 220 F: 4 
4178 7 4192 69 F: 7 
4178 7 4199 223 F: 7 
4190 6 4196 288 F: 5 1 
4209 11 4253 65 F: 6 5 
4228 6 4234 127 F: 2 1 3 
4257 9 4293 104 F: 5 4 
4269 11 4313 243 F: 11 
4284 7 4298 204 F: 3 4 
4332 12 4368 81 F: 12 
4334 7 4348 212 F: 5 1 1 
4335 3 4341 6 F: 3 
4349 4 4361 71 F: 4 
4362 7 4369 212 F: 2 5 
4400 6 4418 149 F: 3 2 1 
4417 6 4435 16 F: 2 1 3 
4437 8 4469 242 F: 8 
4452 11 4474 65 F: 7 4 
4497 4 4509 12 F: 2 1 1 
4502 8 4526 47 F: 2 3 3 
4511 7 4525 294 F: 4 2 1 
4540 4 4544 276 F: 4 
4546 8 4578 74 F: 4 3 1 
4551 9 4587 150 F: 2 4 3 
4600 4 4604 118 F: 2 2 
4613 10 4623 254 F: 7 3 
4624 10 4654 287 F: 4 3 3 
4651 11 4684 222 F: 6 5 
4683 10 4693 209 F: 3 4 3 
4712 10 4732 248 F: 10 
4743 9 4770 222 F: 3 3 3 
4771 3 4783 254 F: 3 
4781 5 4801 165 F: 5 
4796 11 4840 288 F: 5 6 
4845 8 4877 129 F: 7 1 
4846 7 4867 124 F: 7 
4861 5 4881 49 F: 5 
4882 2 4886 144 F: 2 
4891 9 4918 134 F: 5 2 2 
4931 6 4955 50 F: 2 2 2 
4938 8 4946 281 F: 7 1 
4938 8 4954 3 F: 6 2 
4939 7 4960 98 F: 4 1 2 
4980 12 5016 97 F: 6 6 
5039 4 5055 24 F: 3 1 
5056 13 5069 209 F: 13 
5073 10 5083 238 F: 4 3 3 
5095 8 5111 288 F: 3 2 3 
5098 13 5137 247 F: 13 
5108 4 5124 9 F: 2 2 
5176 8 5200 228 F: 8 
5180 9 5198 26 F: 9 
5189 5 5199 292 F: 2 1 2 
5198 11 5242 114 F: 11 
5215 6 5221 169 F: 3 3 
5240 7 5268 51 F: 3 3 1 
5251 5 5256 145 F: 3 1 1 
5252 6 5258 146 F: 6 
5290 8 5322 261 F: 6 2 
5326 8 5342 150 F: 3 4 1 
5346 7 5353 111 F: 3 3 1 
5352 11 5385 119 F: 5 6 
5366 5 5376 129 F: 5 
5393 4 5409 207 F: 2 2 
5450 7 5457 253 F: 7 
5473 8 5489 271 F: 5 2 1 
5480 6 5486 1 F: 2 2 2 
5490 8 5514 189 F: 8 
5493 10 5533 24 F: 10 
5549 13 5588 259 F: 13 
5582 10 5612 261 F: 7 3 
5587 7 5594 286 F: 3 4 
5587 13 5600 132 F: 13 
5596 9 5632 166 F: 4 3 2 
5611 10 5631 16 F: 10 
5623 5 5638 4 F: 5 
5655 10 5695 275 F: 4 6 
5658 7 5686 38 F: 4 1 2 
5693 10 5723 223 F: 4 6 
5712 8 5720 226 F: 5 1 2 
5727 11 5760 223 F: 5 6 
5728 7 5756 100 F: 3 2 2 
5749 7 5777 252 F: 5 1 1 
5770 12 5806 106 F: 4 4 4 
5809 9 5836 135 F: 4 3 2 
5831 10 5861 5 F: 5 4 1 
5844 2 5852 189 F: 2 
5849 6 5867 220 F: 3 1 2 
5868 8 5892 84 F: 4 2 2 
5913 5 5928 275 F: 5 
5931 9 5949 139 F: 5 3 1 
5977 9 5986 218 F: 5 2 2 
5983 12 5995 133 F: 7 5 
5992 7 6006 215 F: 5 1 1 
D: 5 263 
D: 6 263 
D: 19 70 
D: 24 83 
D: 27 46 
D: 32 174 
D: 42 142 
D: 43 146 
D: 56 213 
D: 63 112 
D: 71 73 
D: 73 221 
D: 79 150 
D: 86 297 
D: 93 100 
D: 108 178 
D: 121 296 
D: 125 276 
D: 133 261 
D: 142 144 
D: 146 253 
D: 148 151 
D: 150 195 
D: 151 196 
D: 164 299 
D: 186 219 
D: 190 233 
D: 207 230 
D: 207 299 
D: 228 271 
