10 5 15 166 F: 5 
11 10 21 14 F: 5 5 
31 10 71 298 F: 2 4 4 
75 3 78 54 F: 3 
93 4 101 248 F: 3 1 
111 12 159 17 F: 7 5 
113 11 124 289 F: 11 
131 8 147 225 F: 3 3 2 
146 9 164 14 F: 5 4 
159 10 189 85 F: 10 
210 9 228 158 F: 4 5 
261 12 273 189 F: 12 
265 6 289 104 F: 2 2 2 
278 10 298 238 F: 2 4 4 
293 8 325 111 F: 6 2 
301 5 311 28 F: 2 3 
340 10 350 174 F: 5 2 3 
352 12 400 85 F: 6 6 
357 11 401 151 F: 4 4 3 
360 9 396 77 F: 5 4 
423 9 459 196 F: 4 2 3 
432 10 462 229 F: 4 6 
440 7 461 201 F: 3 4 
456 9 474 62 F: 9 
495 3 498 196 F: 3 
502 9 511 97 F: 7 2 
527 9 554 243 F: 4 5 
568 8 584 34 F: 5 3 
583 11 605 76 F: 5 6 
585 10 595 285 F: 3 3 4 
613 5 628 186 F: 3 1 1 
641 9 650 189 F: 3 2 4 
644 11 688 71 F: 11 
690 4 706 269 F: 4 
695 9 722 158 F: 2 4 3 
708 7 722 262 F: 4 2 1 
730 8 738 163 F: 7 1 
745 9 763 109 F: 6 3 
762 2 768 72 F: 2 
762 7 783 111 F: 4 1 2 
843 8 867 272 F: 7 1 
844 8 868 241 F: 4 4 
846 12 858 51 F: 5 4 3 
851 6 869 195 F: 2 4 
869 4 873 183 F: 3 1 
900 6 906 213 F: 2 4 
918 5 923 234 F: 3 2 
919 12 943 149 F: 7 5 
945 3 948 93 F: 3 
985 10 995 190 F: 4 6 
1021 9 1030 118 F: 3 6 
1039 9 1066 137 F: 5 1 3 
1048 10 1078 182 F: 7 3 
1069 2 1071 232 F: 2 
1089 6 1101 268 F: 2 1 3 
1124 13 1137 213 F: 13 
1132 2 1134 128 F: 2 
1149 7 1156 215 F: 3 1 3 
1181 7 1188 250 F: 3 3 1 
1197 7 1211 267 F: 2 5 
1232 11 1265 15 F: 11 
1236 8 1244 26 F: 7 1 
1271 3 1274 127 F: 3 
1285 6 1291 166 F: 5 1 
1287 7 1294 164 F: 2 2 3 
1311 8 1319 75 F: 2 3 3 
1323 7 1351 54 F: 2 2 3 
1363 8 1371 286 F: 2 2 4 
1370 10 1410 64 F: 5 3 2 
1383 12 1395 250 F: 7 5 
1429 13 1442 33 F: 7 6 
1437 5 1447 127 F: 4 1 
1439 4 1447 65 F: 4 
1467 6 1485 180 F: 2 4 
1499 7 1506 134 F: 5 2 
1502 7 1509 21 F: 2 1 4 
1527 8 1543 211 F: 4 4 
1551 9 1587 15 F: 9 
1574 6 1586 156 F: 6 
1598 4 1614 205 F: 2 2 
1621 7 1642 277 F: 3 4 
1666 5 1686 189 F: 2 3 
1670 11 1714 32 F: 6 5 
1675 6 1693 188 F: 2 1 3 
1690 10 1700 60 F: 10 
1732 10 1762 97 F: 5 5 
1748 6 1772 46 F: 6 
1749 9 1776 93 F: 2 4 3 
1752 5 1767 245 F: 5 
1764 7 1785 93 F: 4 1 2 
1804 5 1809 231 F: 4 1 
1840 12 1888 268 F: 12 
1877 6 1895 205 F: 6 
1898 2 1904 82 F: 2 
1899 9 1926 179 F: 4 5 
1900 12 1936 222 F: 6 6 
1913 7 1934 8 F: 6 1 
1986 7 2014 177 F: 4 1 2 
1993 12 2041 96 F: 12 
1998 9 2034 153 F: 6 3 
2002 8 2018 265 F: 4 4 
2024 9 2051 25 F: 4 1 4 
2076 7 2097 54 F: 4 3 
2084 7 2105 116 F: 4 1 2 
2099 12 2111 14 F: 12 
2102 9 2120 104 F: 2 3 4 
2109 3 2115 106 F: 3 
2114 5 2129 230 F: 2 3 
2175 2 2177 84 F: 2 
2186 10 2216 212 F: 5 1 4 
2202 8 2234 98 F: 4 2 2 
2203 7 2224 179 F: 2 4 1 
2225 4 2233 161 F: 2 2 
2240 7 2261 3 F: 6 1 
2248 8 2264 50 F: 3 1 4 
2304 5 2319 258 F: 5 
2326 4 2338 184 F: 4 
2348 7 2369 294 F: 2 4 1 
2349 6 2361 247 F: 2 2 2 
2365 6 2389 59 F: 6 
2400 5 2405 270 F: 4 1 
2412 12 2460 177 F: 12 
2448 6 2472 287 F: 6 
2469 7 2497 112 F: 3 4 
2498 10 2528 286 F: 5 4 1 
2514 8 2546 278 F: 2 4 2 
2522 9 2531 5 F: 4 4 1 
2526 6 2544 193 F: 2 4 
2533 7 2540 150 F: 2 5 
2558 12 2594 258 F: 6 6 
2600 8 2616 166 F: 4 1 3 
2603 8 2611 110 F: 8 
2605 12 2629 34 F: 7 5 
2639 8 2663 126 F: 8 
2680 8 2688 60 F: 3 3 2 
2702 8 2726 157 F: 3 4 1 
2739 7 2767 68 F: 5 2 
2741 8 2765 267 F: 4 2 2 
2758 3 2764 2 F: 2 1 
2768 10 2778 264 F: 10 
2801 11 2823 228 F: 11 
2815 13 2854 159 F: 13 
2818 10 2838 63 F: 4 3 3 
2830 8 2862 241 F: 4 3 1 
2878 8 2894 78 F: 5 2 1 
2910 8 2934 66 F: 4 4 
2939 9 2966 216 F: 9 
2968 12 3016 104 F: 7 5 
2976 9 3003 26 F: 5 1 3 
2990 5 3010 299 F: 5 
3049 13 3062 21 F: 13 
3053 6 3065 243 F: 2 3 1 
3056 12 3068 106 F: 6 6 
3063 13 3089 171 F: 7 6 
3080 9 3116 297 F: 6 3 
3100 11 3111 21 F: 4 4 3 
3122 8 3130 216 F: 7 1 
3164 9 3182 100 F: 9 
3183 9 3192 215 F: 5 4 
3191 9 3227 288 F: 4 3 2 
3219 8 3243 274 F: 5 3 
3247 8 3255 177 F: 8 
3279 13 3318 245 F: 7 6 
3281 8 3297 258 F: 2 3 3 
3292 11 3314 290 F: 4 3 4 
3300 13 3326 293 F: 13 
3347 10 3387 251 F: 5 1 4 
3386 3 3392 215 F: 3 
3392 9 3428 126 F: 3 4 2 
3397 8 3429 293 F: 4 4 
3429 9 3465 67 F: 6 3 
3458 8 3482 188 F: 4 2 2 
3468 11 3490 128 F: 11 
3482 5 3497 178 F: 5 
3489 10 3519 88 F: 10 
3514 7 3521 99 F: 4 2 1 
3550 5 3565 244 F: 2 3 
3554 9 3563 29 F: 3 3 3 
3570 13 3609 153 F: 13 
3596 4 3604 198 F: 3 1 
3602 10 3622 287 F: 10 
3636 9 3645 138 F: 4 2 3 
3655 9 3682 147 F: 3 6 
3676 6 3688 23 F: 5 1 
3698 6 3722 16 F: 4 2 
3750 8 3782 59 F: 2 4 2 
3751 9 3769 13 F: 3 2 4 
3751 11 3795 98 F: 11 
3767 7 3788 213 F: 4 3 
3780 9 3816 250 F: 3 6 
3809 7 3823 23 F: 4 3 
3858 10 3868 247 F: 3 3 4 
3865 12 3901 98 F: 12 
3877 10 3907 118 F: 4 6 
3881 6 3887 64 F: 3 1 2 
3921 7 3949 255 F: 7 
3923 5 3938 93 F: 3 2 
3953 13 4005 68 F: 13 
3969 13 3995 222 F: 7 6 
3981 8 3997 209 F: 2 6 
4004 3 4013 56 F: 3 
4009 8 4041 174 F: 8 
4072 9 4108 212 F: 3 4 2 
4079 11 4090 139 F: 11 
4091 2 4093 161 F: 2 
4101 11 4145 277 F: 11 
4131 9 4140 260 F: 3 4 2 
4141 8 4173 145 F: 3 4 1 
4147 10 4167 122 F: 4 6 
4152 6 4164 210 F: 4 2 
4200 8 4216 87 F: 3 2 3 
4224 6 4236 75 F: 5 1 
4230 9 4239 206 F: 4 3 2 
4276 10 4316 274 F: 2 4 4 
4294 8 4302 181 F: 3 4 1 
4326 11 4337 136 F: 11 
4346 7 4367 114 F: 4 3 
4358 12 4406 235 F: 5 4 3 
4362 7 4369 205 F: 4 3 
4396 7 4417 26 F: 3 1 3 
4424 7 4445 178 F: 4 3 
4429 8 4453 56 F: 8 
4466 9 4502 199 F: 3 2 4 
4489 10 4519 14 F: 6 4 
4499 7 4527 17 F: 3 4 
4508 10 4518 298 F: 2 4 4 
4524 11 4557 287 F: 3 4 4 
4537 8 4553 94 F: 4 3 1 
4583 5 4598 84 F: 5 
4599 5 4619 241 F: 4 1 
4600 6 4618 128 F: 3 2 1 
4641 6 4647 239 F: 3 3 
4644 9 4680 33 F: 4 5 
4684 10 4724 286 F: 6 4 
4692 12 4704 287 F: 12 
4703 3 4712 278 F: 3 
4710 10 4740 30 F: 4 6 
4735 6 4741 17 F: 6 
4737 4 4745 87 F: 4 
4776 12 4812 254 F: 5 4 3 
4803 10 4813 108 F: 10 
4816 11 4849 172 F: 11 
4820 8 4852 124 F: 6 2 
4834 6 4852 290 F: 3 2 1 
4873 3 4882 272 F: 2 1 
4909 6 4921 254 F: 3 3 
4909 8 4917 184 F: 8 
4920 13 4972 97 F: 13 
4948 7 4955 293 F: 2 3 2 
4951 13 5003 234 F: 5 4 4 
5033 9 5051 85 F: 5 2 2 
5036 9 5072 106 F: 2 4 3 
5080 13 5132 201 F: 13 
5081 13 5133 96 F: 13 
5098 11 5120 258 F: 11 
5100 4 5112 74 F: 2 2 
5133 11 5177 167 F: 11 
5168 2 5170 254 F: 2 
5173 7 5201 36 F: 5 1 1 
5176 3 5188 124 F: 2 1 
5222 9 5249 193 F: 5 2 2 
5271 7 5285 151 F: 3 4 
5272 9 5308 234 F: 9 
5280 5 5285 162 F: 4 1 
5280 5 5295 81 F: 2 2 1 
5320 6 5344 291 F: 6 
5324 6 5342 109 F: 2 4 
5348 9 5366 102 F: 4 2 3 
5372 4 5388 61 F: 2 2 
5376 12 5400 116 F: 7 5 
5416 13 5468 298 F: 13 
5430 6 5454 293 F: 5 1 
5471 8 5487 111 F: 2 3 3 
5473 7 5487 166 F: 4 3 
5478 8 5510 169 F: 5 3 
5501 8 5509 43 F: 2 6 
5504 7 5511 142 F: 3 1 3 
5542 8 5550 191 F: 4 1 3 
5572 13 5624 293 F: 13 
5588 6 5600 15 F: 3 3 
5639 11 5650 241 F: 7 4 
5661 7 5668 224 F: 6 1 
5682 8 5698 49 F: 7 1 
5696 8 5720 39 F: 3 5 
5699 10 5719 209 F: 5 3 2 
5711 9 5747 137 F: 2 4 3 
5732 7 5760 274 F: 4 2 1 
5734 6 5746 53 F: 3 3 
5782 9 5818 35 F: 6 3 
5799 13 5838 38 F: 13 
5801 7 5829 38 F: 5 2 
5814 6 5832 46 F: 3 3 
5844 7 5865 15 F: 4 1 2 
5868 8 5876 162 F: 2 6 
5894 4 5906 69 F: 4 
5905 7 5912 47 F: 2 1 4 
5953 11 5997 226 F: 11 
5960 6 5966 10 F: 6 
5981 12 5993 178 F: 6 6 
5993 9 6029 197 F: 3 6 
D: 7 294 
D: 10 150 
D: 11 154 
D: 18 90 
D: 22 68 
D: 23 210 
D: 26 232 
D: 27 45 
D: 41 286 
D: 42 93 
D: 58 107 
D: 73 241 
D: 78 90 
D: 78 240 
D: 80 210 
D: 82 146 
D: 93 126 
D: 104 252 
D: 106 234 
D: 113 194 
D: 117 182 
D: 120 252 
D: 124 133 
D: 153 204 
D: 161 173 
D: 167 255 
D: 176 188 
D: 240 252 
D: 254 266 
D: 268 292 
