4 6 28 177 F: 6 
31 7 45 62 F: 3 4 
60 10 70 146 F: 5 2 3 
66 2 70 110 F: 2 
81 11 103 228 F: 11 
109 11 120 131 F: 11 
129 9 156 287 F: 5 3 1 
138 10 178 260 F: 5 5 
144 10 184 289 F: 4 3 3 
174 8 206 246 F: 4 3 1 
203 9 212 286 F: 6 3 
212 9 221 222 F: 5 1 3 
230 5 235 91 F: 2 2 1 
246 10 276 265 F: 4 3 3 
263 12 287 255 F: 6 6 
306 6 324 30 F: 5 1 
309 7 330 33 F: 4 1 2 
310 6 322 21 F: 3 1 2 
368 5 383 66 F: 5 
392 7 406 274 F: 7 
401 6 425 106 F: 3 3 
415 8 423 277 F: 8 
465 8 489 124 F: 8 
479 6 503 215 F: 3 2 1 
491 11 513 54 F: 5 4 2 
518 10 538 124 F: 10 
534 5 544 229 F: 2 2 1 
587 10 597 209 F: 10 
589 2 595 118 F: 2 
598 4 606 27 F: 3 1 
602 10 642 168 F: 5 4 1 
614 11 636 239 F: 7 4 
628 8 644 72 F: 3 5 
649 10 669 160 F: 2 4 4 
696 10 736 262 F: 10 
707 12 719 218 F: 6 6 
735 8 751 81 F: 3 4 1 
746 8 778 124 F: 3 5 
779 7 800 183 F: 2 5 
794 5 799 26 F: 2 1 2 
801 5 811 65 F: 3 2 
869 9 887 162 F: 3 3 3 
872 12 908 136 F: 12 
877 6 883 56 F: 6 
886 7 907 126 F: 7 
918 9 945 217 F: 4 1 4 
936 11 969 204 F: 5 3 3 
977 6 989 151 F: 3 3 
984 6 990 223 F: 6 
995 8 1011 42 F: 5 2 1 
1035 9 1071 248 F: 6 3 
1052 9 1079 163 F: 7 2 
1056 9 1065 187 F: 6 3 
1061 5 1066 247 F: 2 1 2 
1094 8 1118 93 F: 8 
1137 6 1149 249 F: 4 1 1 
1144 8 1152 277 F: 6 2 
1145 9 1154 297 F: 7 2 
1160 6 1172 77 F: 4 1 1 
1167 9 1185 287 F: 2 4 3 
1200 11 1244 231 F: 4 3 4 
1208 7 1229 250 F: 3 4 
1211 6 1217 248 F: 2 3 1 
1227 10 1237 201 F: 7 3 
1268 2 1270 160 F: 2 
1300 9 1336 84 F: 9 
1304 6 1316 65 F: 6 
1310 8 1326 60 F: 4 2 2 
1311 8 1319 85 F: 3 5 
1398 5 1413 4 F: 5 
1410 12 1458 17 F: 12 
1414 7 1428 134 F: 7 
1418 5 1433 154 F: 5 
1440 7 1461 140 F: 2 3 2 
1480 7 1501 298 F: 4 3 
1522 6 1534 192 F: 6 
1541 11 1585 288 F: 5 2 4 
1553 5 1558 226 F: 5 
1554 13 1580 174 F: 13 
1565 9 1601 74 F: 9 
1634 6 1658 27 F: 3 3 
1650 7 1678 55 F: 6 1 
1660 7 1667 229 F: 7 
1673 9 1709 91 F: 2 4 3 
1691 12 1715 296 F: 12 
1728 13 1741 294 F: 13 
1731 8 1755 192 F: 5 1 2 
1741 8 1765 107 F: 4 3 1 
1743 8 1775 43 F: 5 3 
1772 12 1796 187 F: 12 
1815 5 1830 96 F: 5 
1835 9 1844 261 F: 4 2 3 
1845 10 1865 276 F: 5 2 3 
1859 8 1875 284 F: 2 6 
1897 3 1900 84 F: 3 
1947 8 1955 156 F: 7 1 
1959 6 1977 59 F: 2 2 2 
1974 4 1986 148 F: 3 1 
1991 5 2006 141 F: 5 
1997 9 2033 218 F: 3 4 2 
2044 12 2092 12 F: 12 
2047 4 2051 215 F: 4 
2085 4 2089 140 F: 4 
2085 10 2125 109 F: 10 
2091 7 2112 281 F: 3 4 
2119 7 2133 182 F: 3 2 2 
2130 6 2136 123 F: 2 4 
2134 9 2143 77 F: 3 6 
2149 6 2161 71 F: 6 
2152 8 2168 158 F: 5 3 
2216 6 2228 36 F: 2 4 
2231 11 2275 101 F: 4 3 4 
2236 12 2248 19 F: 12 
2259 6 2271 65 F: 3 1 2 
2290 13 2316 101 F: 7 6 
2329 4 2345 215 F: 3 1 
2332 5 2342 147 F: 3 1 1 
2334 13 2373 109 F: 5 4 4 
2341 9 2377 181 F: 5 2 2 
2369 10 2389 56 F: 4 3 3 
2425 8 2433 197 F: 3 1 4 
2442 6 2448 148 F: 6 
2463 9 2499 132 F: 4 3 2 
2471 12 2483 135 F: 6 6 
2493 8 2509 284 F: 2 6 
2507 12 2531 213 F: 12 
2517 5 2527 224 F: 2 1 2 
2556 12 2604 129 F: 7 5 
2575 12 2587 67 F: 6 6 
2588 12 2612 96 F: 12 
2603 9 2621 27 F: 3 4 2 
2611 2 2619 122 F: 2 
2612 9 2648 40 F: 4 3 2 
2623 9 2659 243 F: 3 3 3 
2637 8 2653 8 F: 8 
2708 10 2748 36 F: 5 5 
2717 4 2721 14 F: 2 2 
2721 10 2731 1 F: 5 5 
2773 4 2777 84 F: 2 2 
2782 10 2792 178 F: 5 2 3 
2823 7 2851 30 F: 3 3 1 
2866 7 2880 203 F: 4 1 2 
2880 13 2919 100 F: 7 6 
2881 11 2914 77 F: 11 
2883 2 2885 194 F: 2 
2924 8 2948 177 F: 4 1 3 
2926 7 2947 242 F: 7 
2968 12 3004 224 F: 5 4 3 
2974 7 2995 276 F: 3 3 1 
2997 10 3027 263 F: 4 3 3 
3011 3 3023 155 F: 3 
3044 5 3054 159 F: 5 
3046 10 3056 26 F: 5 4 1 
3066 13 3118 195 F: 13 
3083 8 3099 216 F: 3 4 1 
3101 6 3107 136 F: 2 4 
3104 5 3114 222 F: 2 1 2 
3168 9 3195 74 F: 4 2 3 
3177 12 3225 30 F: 12 
3193 8 3217 183 F: 4 1 3 
3202 8 3210 175 F: 2 6 
3210 6 3234 213 F: 6 
3284 4 3300 146 F: 4 
3284 9 3302 79 F: 3 6 
3290 13 3303 9 F: 13 
3303 7 3310 227 F: 7 
3304 11 3337 223 F: 11 
3331 13 3344 233 F: 13 
3372 7 3393 279 F: 2 3 2 
3375 3 3384 15 F: 2 1 
3404 7 3411 151 F: 2 5 
3409 2 3413 83 F: 2 
3428 11 3439 85 F: 5 2 4 
3443 13 3469 284 F: 13 
3499 3 3505 293 F: 2 1 
3524 7 3552 245 F: 2 4 1 
3544 9 3562 34 F: 6 3 
3555 6 3561 104 F: 6 
3571 8 3587 216 F: 8 
3585 5 3590 163 F: 2 1 2 
3609 6 3627 135 F: 2 3 1 
3644 6 3668 201 F: 6 
3651 10 3671 164 F: 5 3 2 
3654 12 3702 267 F: 12 
3664 6 3682 183 F: 6 
3716 9 3734 92 F: 3 3 3 
3738 7 3766 209 F: 3 4 
3749 6 3767 98 F: 6 
3777 7 3805 195 F: 4 3 
3784 4 3800 20 F: 3 1 
3836 9 3845 85 F: 3 6 
3866 5 3881 68 F: 2 3 
3869 7 3883 85 F: 4 1 2 
3884 8 3916 208 F: 5 2 1 
3888 8 3912 27 F: 4 4 
3900 6 3906 244 F: 3 2 1 
3909 7 3937 157 F: 4 2 1 
3916 7 3937 245 F: 7 
3962 9 3989 228 F: 9 
3970 8 3994 26 F: 2 6 
4013 6 4019 270 F: 4 1 1 
4055 7 4062 132 F: 4 3 
4086 11 4119 82 F: 11 
4093 3 4099 59 F: 2 1 
4097 8 4129 208 F: 5 1 2 
4102 9 4129 265 F: 9 
4121 13 4173 66 F: 7 6 
4155 6 4179 159 F: 6 
4188 6 4194 17 F: 3 2 1 
4198 12 4246 107 F: 5 3 4 
4201 7 4208 172 F: 5 2 
4227 7 4241 77 F: 4 3 
4238 10 4258 69 F: 3 4 3 
4267 12 4303 145 F: 12 
4270 5 4285 90 F: 5 
4303 11 4336 276 F: 11 
4311 7 4325 166 F: 3 1 3 
4362 7 4376 248 F: 7 
4370 8 4394 26 F: 8 
4376 12 4424 46 F: 7 5 
4407 9 4425 156 F: 5 1 3 
4413 4 4421 151 F: 3 1 
4433 6 4439 31 F: 4 2 
4456 9 4483 183 F: 2 4 3 
4479 11 4490 193 F: 11 
4520 7 4548 13 F: 3 1 3 
4522 4 4526 194 F: 3 1 
4564 4 4568 76 F: 3 1 
4568 12 4616 96 F: 6 6 
4590 11 4601 187 F: 11 
4601 12 4637 160 F: 12 
4618 5 4633 236 F: 4 1 
4621 8 4653 74 F: 2 2 4 
4668 8 4676 134 F: 3 1 4 
4682 9 4691 287 F: 5 2 2 
4715 6 4733 188 F: 6 
4719 8 4743 207 F: 4 4 
4724 11 4746 102 F: 3 4 4 
4727 12 4763 128 F: 7 5 
4737 2 4743 281 F: 2 
4807 13 4859 251 F: 13 
4827 5 4847 76 F: 2 3 
4859 8 4875 282 F: 5 3 
4871 11 4904 63 F: 7 4 
4872 12 4884 291 F: 7 5 
4913 4 4925 204 F: 2 1 1 
4934 6 4946 98 F: 2 1 3 
4945 8 4977 109 F: 2 4 2 
4986 10 5016 1 F: 4 6 
4991 8 4999 173 F: 4 4 
5009 7 5023 25 F: 5 2 
5024 5 5029 67 F: 3 2 
5027 13 5066 265 F: 13 
5042 10 5072 53 F: 5 5 
5091 6 5103 199 F: 6 
5116 10 5136 226 F: 10 
5123 9 5150 214 F: 7 2 
5124 8 5148 79 F: 7 1 
5133 3 5142 36 F: 3 
5169 8 5193 67 F: 5 1 2 
5239 13 5265 259 F: 5 4 4 
5250 12 5274 42 F: 4 4 4 
5260 7 5274 225 F: 3 2 2 
5269 12 5293 287 F: 5 3 4 
5275 9 5284 247 F: 3 6 
5306 4 5310 70 F: 2 1 1 
5373 11 5406 112 F: 6 5 
5379 5 5384 228 F: 5 
5383 7 5397 127 F: 4 3 
5391 8 5407 127 F: 6 2 
5439 10 5479 131 F: 4 2 4 
5474 7 5488 43 F: 6 1 
5481 9 5499 47 F: 3 2 4 
5489 12 5501 110 F: 7 5 
5499 7 5527 93 F: 4 3 
5501 9 5510 107 F: 9 
5502 10 5542 91 F: 5 4 1 
5562 8 5586 198 F: 8 
5579 9 5597 264 F: 7 2 
5588 9 5624 58 F: 3 6 
5619 12 5667 145 F: 12 
5639 5 5644 249 F: 4 1 
5677 9 5713 157 F: 4 5 
5693 8 5717 154 F: 2 6 
5697 9 5724 83 F: 2 3 4 
5706 8 5722 39 F: 2 6 
5715 13 5741 10 F: 7 6 
5725 9 5761 108 F: 2 3 4 
5751 2 5757 65 F: 2 
5779 8 5811 91 F: 2 6 
5821 11 5843 73 F: 11 
5833 5 5848 29 F: 2 1 2 
5836 5 5856 77 F: 2 3 
5836 9 5854 187 F: 5 2 2 
5859 8 5891 210 F: 4 3 1 
5918 9 5936 243 F: 5 4 
5919 9 5937 244 F: 4 4 1 
5934 9 5970 154 F: 9 
5962 5 5982 186 F: 3 1 1 
5987 6 5999 182 F: 3 2 1 
D: 7 272 
D: 8 71 
D: 8 134 
D: 9 180 
D: 14 279 
D: 34 178 
D: 39 217 
D: 48 54 
D: 60 180 
D: 61 253 
D: 68 126 
D: 84 171 
D: 87 95 
D: 91 219 
D: 96 163 
D: 100 196 
D: 108 200 
D: 110 200 
D: 113 273 
D: 117 198 
D: 119 274 
D: 124 260 
D: 127 172 
D: 140 161 
D: 171 214 
D: 173 251 
D: 184 212 
D: 199 270 
D: 218 284 
D: 238 292 
