20 9 29 140 F: 3 2 4 
49 5 59 266 F: 4 1 
56 12 80 191 F: 4 4 4 
79 10 119 221 F: 3 3 4 
82 8 98 129 F: 5 3 
116 6 134 113 F: 2 4 
127 6 151 93 F: 2 4 
153 6 171 334 F: 6 
169 4 185 250 F: 3 1 
174 10 184 11 F: 4 6 
205 13 218 147 F: 7 6 
229 7 257 150 F: 2 3 2 
257 13 283 111 F: 13 
285 11 318 272 F: 11 
293 9 329 317 F: 4 1 4 
303 4 319 254 F: 4 
303 8 319 167 F: 3 1 4 
309 6 321 251 F: 6 
353 3 365 318 F: 3 
368 3 374 23 F: 2 1 
415 5 430 333 F: 4 1 
421 7 449 151 F: 6 1 
429 8 453 145 F: 8 
489 6 507 72 F: 4 2 
496 8 528 23 F: 3 4 1 
511 5 516 52 F: 3 2 
517 11 561 124 F: 11 
530 8 554 137 F: 4 3 1 
533 7 547 64 F: 3 4 
593 12 605 164 F: 12 
637 9 673 20 F: 9 
655 11 699 114 F: 5 6 
681 6 705 112 F: 6 
682 10 722 290 F: 3 4 3 
691 5 711 90 F: 5 
723 6 741 198 F: 2 4 
734 6 746 90 F: 2 1 3 
743 9 779 260 F: 3 4 2 
748 8 756 255 F: 8 
759 8 791 78 F: 8 
813 7 827 338 F: 7 
824 9 833 192 F: 4 2 3 
824 9 860 143 F: 5 3 1 
845 8 869 311 F: 2 3 3 
864 10 874 328 F: 10 
924 9 960 163 F: 9 
927 4 939 235 F: 2 1 1 
928 7 942 89 F: 6 1 
985 6 997 276 F: 6 
987 2 989 220 F: 2 
1012 9 1021 88 F: 2 3 4 
1045 12 1081 157 F: 12 
1071 4 1087 54 F: 4 
1079 9 1088 338 F: 6 3 
1088 10 1118 70 F: 4 6 
1128 12 1152 300 F: 7 5 
1151 10 1171 243 F: 4 3 3 
1164 6 1176 282 F: 3 3 
1167 8 1175 253 F: 4 4 
1189 12 1213 74 F: 7 5 
1228 7 1242 35 F: 4 1 2 
1245 12 1293 295 F: 12 
1271 8 1287 347 F: 2 2 4 
1279 10 1319 8 F: 10 
1298 6 1310 174 F: 4 2 
1329 6 1347 25 F: 6 
1329 11 1351 309 F: 6 5 
1359 6 1383 68 F: 6 
1373 7 1401 166 F: 3 1 3 
1379 6 1403 115 F: 2 3 1 
1401 6 1407 172 F: 3 2 1 
1401 10 1431 276 F: 10 
1426 12 1474 289 F: 12 
1453 11 1475 84 F: 11 
1481 7 1488 69 F: 3 2 2 
1514 12 1550 285 F: 7 5 
1545 9 1572 243 F: 6 3 
1576 12 1600 277 F: 4 4 4 
1582 8 1606 327 F: 6 2 
1586 12 1634 66 F: 12 
1618 10 1638 11 F: 5 1 4 
1631 7 1652 64 F: 2 2 3 
1645 13 1658 288 F: 13 
1661 8 1693 334 F: 5 1 2 
1697 9 1706 25 F: 5 4 
1737 7 1765 156 F: 2 1 4 
1771 11 1815 234 F: 5 6 
1775 10 1815 64 F: 10 
1791 6 1797 150 F: 3 3 
1798 10 1808 188 F: 10 
1801 7 1808 23 F: 3 4 
1827 4 1839 239 F: 4 
1874 10 1884 25 F: 4 6 
1882 7 1910 201 F: 7 
1899 10 1939 294 F: 3 3 4 
1919 2 1925 213 F: 2 
1932 9 1968 68 F: 4 5 
1937 11 1981 162 F: 5 3 3 
1944 4 1960 45 F: 4 
1981 8 2005 18 F: 6 2 
2020 7 2048 266 F: 4 2 1 
2030 4 2034 187 F: 4 
2073 10 2093 170 F: 10 
2093 11 2104 122 F: 5 6 
2095 7 2109 290 F: 3 3 1 
2142 11 2175 34 F: 5 6 
2160 5 2165 101 F: 3 2 
2170 4 2186 132 F: 4 
2177 10 2197 66 F: 3 4 3 
2191 8 2199 211 F: 5 3 
2202 11 2213 3 F: 3 4 4 
2203 10 2243 128 F: 4 6 
2215 12 2251 311 F: 6 6 
2280 6 2292 20 F: 2 4 
2282 10 2302 183 F: 4 6 
2327 8 2351 237 F: 3 5 
2351 6 2363 131 F: 6 
2351 10 2381 258 F: 3 3 4 
2389 13 2402 231 F: 13 
2396 3 2408 63 F: 3 
2403 11 2436 30 F: 6 5 
2434 10 2474 195 F: 4 6 
2453 5 2463 232 F: 4 1 
2470 6 2476 313 F: 6 
2480 8 2496 239 F: 3 4 1 
2509 7 2537 71 F: 5 1 1 
2514 5 2524 143 F: 3 2 
2521 4 2525 9 F: 2 2 
2548 7 2576 170 F: 4 2 1 
2551 8 2567 162 F: 6 2 
2609 12 2645 203 F: 5 3 4 
2632 11 2654 177 F: 11 
2664 8 2680 100 F: 2 6 
2690 8 2706 349 F: 8 
2690 11 2712 135 F: 11 
2720 4 2736 94 F: 4 
2759 4 2767 243 F: 2 1 1 
2762 6 2774 44 F: 2 4 
2763 8 2795 56 F: 2 6 
2788 11 2810 45 F: 11 
2802 13 2828 244 F: 13 
2808 9 2826 116 F: 4 2 3 
2809 12 2845 313 F: 12 
2812 9 2821 170 F: 3 4 2 
2890 11 2923 116 F: 6 5 
2900 6 2918 42 F: 5 1 
2919 9 2937 1 F: 6 3 
2924 10 2954 204 F: 10 
2932 6 2944 194 F: 4 1 1 
2934 5 2949 3 F: 5 
3024 8 3056 167 F: 6 2 
3038 10 3068 275 F: 5 4 1 
3063 4 3071 118 F: 4 
3073 7 3087 24 F: 3 4 
3098 9 3125 281 F: 4 5 
3156 8 3164 191 F: 6 2 
3158 10 3168 162 F: 10 
3170 5 3190 97 F: 4 1 
3178 12 3190 5 F: 5 4 3 
3199 7 3206 344 F: 2 1 4 
3203 12 3239 140 F: 12 
3284 9 3311 25 F: 5 2 2 
3290 11 3312 111 F: 7 4 
3298 8 3330 50 F: 8 
3299 7 3313 190 F: 4 1 2 
3306 9 3342 33 F: 5 3 1 
3330 7 3344 79 F: 4 3 
3334 12 3346 272 F: 12 
3358 9 3367 2 F: 5 2 2 
3387 12 3423 153 F: 12 
3409 9 3436 301 F: 4 3 2 
3426 10 3436 297 F: 5 2 3 
3429 3 3438 297 F: 2 1 
3433 11 3444 68 F: 11 
3458 3 3470 257 F: 3 
3522 10 3542 154 F: 3 3 4 
3548 10 3558 221 F: 5 2 3 
3564 13 3616 1 F: 13 
3572 6 3584 49 F: 6 
3587 7 3615 9 F: 5 2 
3612 6 3624 281 F: 6 
3638 12 3662 84 F: 12 
3652 5 3672 44 F: 2 3 
3678 9 3687 319 F: 2 3 4 
3684 11 3728 69 F: 5 3 3 
3701 5 3716 347 F: 5 
3719 6 3743 70 F: 6 
3756 6 3774 208 F: 2 4 
3765 10 3795 342 F: 5 4 1 
3777 13 3803 99 F: 13 
3802 7 3809 211 F: 2 2 3 
3820 8 3844 133 F: 2 2 4 
3834 7 3841 254 F: 7 
3869 12 3917 279 F: 5 3 4 
3882 8 3890 213 F: 4 2 2 
3927 7 3948 202 F: 6 1 
3928 8 3936 54 F: 8 
3952 9 3961 299 F: 5 1 3 
3967 4 3979 129 F: 4 
3977 7 3984 122 F: 3 1 3 
4010 7 4024 55 F: 7 
4010 9 4019 30 F: 5 4 
4018 7 4046 204 F: 2 5 
4055 11 4066 2 F: 5 2 4 
4061 5 4076 113 F: 2 1 2 
4118 7 4146 6 F: 5 1 1 
4137 7 4158 295 F: 7 
4137 12 4149 319 F: 5 4 3 
4168 4 4184 85 F: 3 1 
4169 9 4205 314 F: 3 4 2 
4220 7 4248 210 F: 4 2 1 
4227 6 4251 24 F: 3 1 2 
4254 8 4286 76 F: 2 4 2 
4279 11 4312 74 F: 7 4 
4296 5 4306 9 F: 3 2 
4309 8 4317 105 F: 2 3 3 
4329 10 4339 138 F: 4 6 
4336 2 4338 226 F: 2 
4344 8 4352 131 F: 3 5 
4398 7 4426 125 F: 2 1 4 
4407 9 4425 61 F: 2 3 4 
4423 12 4471 98 F: 12 
4436 6 4454 316 F: 3 3 
4458 8 4482 40 F: 4 4 
4471 9 4489 18 F: 9 
4508 9 4517 308 F: 9 
4518 7 4525 333 F: 2 4 1 
4568 5 4573 279 F: 3 1 1 
4571 8 4595 91 F: 7 1 
4596 8 4620 116 F: 6 2 
4623 11 4645 328 F: 3 4 4 
4632 9 4650 107 F: 3 3 3 
4650 8 4658 295 F: 3 5 
4664 8 4688 69 F: 6 2 
4694 6 4700 327 F: 4 2 
4728 7 4756 109 F: 4 3 
4736 7 4750 114 F: 6 1 
4737 7 4765 158 F: 7 
4749 7 4770 197 F: 3 4 
4794 11 4827 329 F: 11 
4838 10 4878 290 F: 2 4 4 
4850 8 4882 237 F: 4 2 2 
4855 6 4879 39 F: 2 4 
4859 11 4870 319 F: 4 4 3 
4861 7 4875 159 F: 3 4 
4916 7 4923 133 F: 3 2 2 
4931 10 4961 79 F: 5 5 
4945 10 4955 58 F: 7 3 
4948 10 4978 135 F: 10 
4959 10 4979 317 F: 6 4 
5013 10 5053 137 F: 10 
5033 9 5069 143 F: 3 3 3 
5036 7 5064 341 F: 6 1 
5044 8 5076 203 F: 4 4 
5069 8 5085 84 F: 3 5 
5159 10 5169 1 F: 10 
5171 9 5189 191 F: 5 4 
5189 13 5241 35 F: 13 
5192 2 5196 60 F: 2 
5199 11 5232 118 F: 6 5 
5246 7 5267 170 F: 7 
5274 6 5298 18 F: 2 2 2 
5282 5 5292 242 F: 5 
5285 6 5291 38 F: 2 2 2 
5289 9 5298 244 F: 5 1 3 
5318 12 5342 162 F: 12 
5328 2 5336 123 F: 2 
5341 5 5361 78 F: 4 1 
5342 12 5390 101 F: 12 
5349 5 5354 181 F: 5 
5404 9 5440 101 F: 7 2 
5428 11 5439 173 F: 11 
5429 9 5447 52 F: 5 3 1 
5440 6 5458 242 F: 3 2 1 
5470 11 5492 233 F: 11 
5522 11 5555 318 F: 5 3 3 
5533 12 5557 316 F: 12 
5555 12 5591 195 F: 7 5 
5561 10 5571 108 F: 10 
5569 6 5581 245 F: 6 
5621 9 5648 203 F: 5 3 1 
5631 7 5652 117 F: 2 2 3 
5659 7 5680 338 F: 7 
5661 10 5691 72 F: 10 
5671 4 5679 168 F: 4 
5719 12 5767 143 F: 12 
5737 8 5745 322 F: 2 2 4 
5738 7 5759 105 F: 3 2 2 
5738 9 5756 88 F: 3 6 
5760 9 5778 32 F: 5 1 3 
5866 12 5878 348 F: 12 
5874 6 5892 191 F: 2 4 
5880 6 5904 210 F: 6 
5884 8 5892 236 F: 4 1 3 
5896 2 5898 277 F: 2 
5936 9 5963 140 F: 5 3 1 
5945 8 5953 272 F: 2 6 
5957 10 5977 294 F: 5 5 
5984 8 6008 207 F: 4 4 
5990 6 6014 11 F: 4 2 
6004 7 6011 239 F: 7 
6006 12 6030 235 F: 12 
6057 10 6067 248 F: 10 
6084 4 6088 218 F: 4 
6091 8 6115 76 F: 4 1 3 
6124 8 6156 87 F: 3 4 1 
6133 12 6145 38 F: 12 
6138 4 6154 179 F: 4 
6158 11 6180 225 F: 4 3 4 
6160 13 6199 120 F: 13 
6227 6 6245 44 F: 5 1 
6238 8 6254 225 F: 2 2 4 
6259 3 6262 274 F: 3 
6262 8 6286 37 F: 7 1 
6270 12 6294 247 F: 4 4 4 
6323 7 6337 9 F: 3 2 2 
6360 7 6367 348 F: 2 3 2 
6361 7 6382 205 F: 6 1 
6363 9 6399 191 F: 4 5 
6381 10 6401 28 F: 4 6 
6400 7 6414 161 F: 7 
6427 11 6471 177 F: 5 6 
6439 10 6469 4 F: 3 4 3 
6469 10 6499 143 F: 4 2 4 
6483 11 6494 157 F: 7 4 
6507 8 6539 214 F: 3 5 
6549 9 6567 241 F: 9 
6555 9 6564 120 F: 9 
6574 4 6586 67 F: 4 
6591 3 6603 262 F: 3 
6607 11 6651 287 F: 11 
6625 8 6641 55 F: 2 6 
6671 10 6711 122 F: 2 4 4 
6678 7 6685 97 F: 5 2 
6697 11 6741 319 F: 4 4 3 
6707 12 6755 241 F: 7 5 
6709 11 6753 331 F: 5 4 2 
6721 9 6730 272 F: 6 3 
6741 7 6748 147 F: 4 3 
6794 8 6810 311 F: 4 3 1 
6807 11 6851 137 F: 7 4 
6838 13 6851 318 F: 13 
6863 8 6871 21 F: 2 4 2 
6876 8 6908 270 F: 2 4 2 
6879 4 6883 87 F: 4 
6943 4 6955 349 F: 4 
6943 12 6979 269 F: 6 6 
6946 7 6974 255 F: 4 3 
6983 9 7019 218 F: 5 1 3 
6986 8 6994 298 F: 2 4 2 
D: 1 181 
D: 6 243 
D: 6 319 
D: 7 337 
D: 11 19 
D: 18 82 
D: 20 115 
D: 29 282 
D: 41 181 
D: 42 66 
D: 45 308 
D: 47 53 
D: 47 177 
D: 48 54 
D: 52 244 
D: 52 310 
D: 61 127 
D: 62 215 
D: 63 162 
D: 100 128 
D: 116 220 
D: 117 238 
D: 139 248 
D: 140 195 
D: 153 180 
D: 154 290 
D: 184 328 
D: 187 236 
D: 189 293 
D: 190 277 
D: 218 274 
D: 224 310 
D: 234 293 
D: 244 259 
D: 259 303 
