20 8 28 336 F: 8 
32 3 41 278 F: 3 
54 7 61 232 F: 4 3 
60 10 100 177 F: 10 
70 11 81 113 F: 5 2 4 
100 12 148 111 F: 12 
115 10 155 92 F: 10 
156 13 169 66 F: 13 
193 8 217 267 F: 8 
196 9 214 129 F: 9 
236 8 268 211 F: 8 
238 8 270 43 F: 8 
239 6 251 87 F: 2 3 1 
258 7 265 283 F: 3 3 1 
299 10 339 283 F: 5 5 
304 9 322 213 F: 7 2 
348 3 360 257 F: 3 
354 12 402 313 F: 7 5 
356 5 376 215 F: 5 
360 6 366 231 F: 2 4 
447 6 459 261 F: 3 1 2 
450 5 470 345 F: 2 2 1 
478 7 499 305 F: 2 1 4 
480 13 493 197 F: 7 6 
483 8 499 290 F: 5 1 2 
508 12 520 201 F: 7 5 
517 6 535 230 F: 2 3 1 
538 6 544 23 F: 3 3 
561 5 571 194 F: 5 
585 7 599 238 F: 4 3 
609 5 619 201 F: 5 
620 8 636 9 F: 2 2 4 
646 6 652 110 F: 4 2 
681 13 720 118 F: 7 6 
697 8 721 292 F: 5 1 2 
737 9 764 206 F: 6 3 
771 7 792 116 F: 2 5 
773 12 821 97 F: 12 
777 8 785 38 F: 8 
787 11 798 162 F: 11 
809 8 833 290 F: 5 3 
816 9 843 183 F: 3 3 3 
827 8 843 314 F: 6 2 
832 10 862 272 F: 3 4 3 
864 12 888 96 F: 4 4 4 
937 13 989 90 F: 13 
942 11 975 68 F: 11 
945 8 953 113 F: 4 4 
975 8 983 23 F: 8 
988 10 1028 79 F: 4 6 
1042 4 1046 60 F: 4 
1060 12 1096 333 F: 6 6 
1064 5 1079 223 F: 5 
1065 10 1095 288 F: 10 
1090 12 1102 149 F: 6 6 
1112 9 1130 58 F: 3 2 4 
1123 3 1129 1 F: 2 1 
1131 6 1137 219 F: 2 1 3 
1177 9 1204 314 F: 5 4 
1190 5 1210 197 F: 2 1 2 
1212 9 1221 150 F: 4 3 2 
1213 8 1245 289 F: 4 4 
1220 10 1240 3 F: 7 3 
1226 12 1250 184 F: 6 6 
1238 10 1268 29 F: 4 4 2 
1300 10 1330 119 F: 5 5 
1302 10 1322 337 F: 6 4 
1313 12 1349 11 F: 12 
1354 9 1372 128 F: 3 6 
1395 10 1435 121 F: 2 4 4 
1428 7 1456 345 F: 6 1 
1433 5 1443 16 F: 3 1 1 
1441 11 1485 94 F: 5 2 4 
1477 7 1491 94 F: 7 
1490 7 1518 179 F: 5 2 
1509 2 1511 53 F: 2 
1557 5 1562 333 F: 2 2 1 
1566 12 1590 27 F: 6 6 
1593 9 1629 50 F: 4 5 
1597 8 1605 296 F: 8 
1615 9 1633 342 F: 4 1 4 
1625 11 1636 255 F: 5 3 3 
1656 11 1700 284 F: 5 3 3 
1669 6 1675 138 F: 2 4 
1676 7 1683 315 F: 5 1 1 
1708 8 1732 156 F: 4 3 1 
1718 7 1746 305 F: 2 5 
1757 5 1777 106 F: 5 
1760 9 1787 63 F: 5 4 
1783 6 1807 283 F: 5 1 
1858 4 1866 113 F: 4 
1865 9 1901 194 F: 5 2 2 
1870 8 1878 225 F: 8 
1874 8 1906 30 F: 3 3 2 
1884 8 1900 333 F: 3 4 1 
1937 8 1945 209 F: 3 1 4 
1950 10 1960 314 F: 5 5 
1952 2 1954 329 F: 2 
1955 11 1999 201 F: 11 
1960 9 1987 147 F: 4 1 4 
2019 6 2043 81 F: 6 
2024 12 2072 217 F: 7 5 
2040 10 2060 90 F: 4 3 3 
2060 7 2067 350 F: 6 1 
2079 8 2103 228 F: 5 3 
2123 12 2159 120 F: 12 
2126 11 2148 151 F: 6 5 
2153 6 2177 105 F: 2 2 2 
2169 7 2176 70 F: 2 3 2 
2198 12 2222 139 F: 12 
2208 9 2226 36 F: 6 3 
2215 4 2219 117 F: 2 1 1 
2219 9 2246 194 F: 9 
2244 7 2265 6 F: 7 
2287 6 2311 281 F: 3 1 2 
2300 7 2328 268 F: 2 1 4 
2320 11 2353 242 F: 5 6 
2332 5 2342 3 F: 2 3 
2332 6 2338 316 F: 2 2 2 
2341 9 2377 344 F: 5 4 
2417 8 2441 187 F: 2 2 4 
2427 8 2443 342 F: 8 
2451 3 2463 214 F: 2 1 
2466 6 2472 240 F: 6 
2487 5 2492 177 F: 5 
2511 11 2544 137 F: 11 
2528 13 2554 186 F: 5 4 4 
2531 12 2579 324 F: 6 6 
2532 9 2550 189 F: 4 5 
2550 4 2554 287 F: 4 
2622 10 2632 138 F: 3 3 4 
2652 5 2662 38 F: 2 3 
2664 13 2677 262 F: 13 
2666 9 2693 119 F: 7 2 
2667 11 2689 91 F: 11 
2730 6 2748 185 F: 3 2 1 
2749 9 2785 311 F: 5 4 
2755 9 2773 223 F: 5 3 1 
2775 9 2802 4 F: 5 3 1 
2777 13 2790 336 F: 13 
2809 10 2839 54 F: 5 1 4 
2819 8 2827 227 F: 3 5 
2871 9 2907 56 F: 4 3 2 
2883 12 2931 115 F: 7 5 
2897 9 2906 19 F: 2 3 4 
2901 6 2925 140 F: 5 1 
2928 13 2967 26 F: 13 
2941 7 2955 183 F: 7 
2945 9 2963 241 F: 3 6 
2970 4 2974 287 F: 4 
3058 8 3082 145 F: 4 2 2 
3069 9 3096 163 F: 4 3 2 
3071 6 3077 99 F: 5 1 
3086 13 3138 95 F: 13 
3094 6 3106 199 F: 6 
3123 9 3132 259 F: 5 4 
3143 8 3159 15 F: 6 2 
3163 4 3167 344 F: 4 
3187 8 3195 152 F: 2 4 2 
3188 2 3192 23 F: 2 
3254 7 3282 164 F: 4 1 2 
3265 2 3273 147 F: 2 
3269 13 3308 76 F: 13 
3280 3 3283 204 F: 3 
3283 10 3313 308 F: 10 
3327 7 3341 108 F: 2 1 4 
3334 5 3344 148 F: 2 2 1 
3347 10 3377 12 F: 3 3 4 
3348 3 3360 86 F: 3 
3350 7 3378 256 F: 4 3 
3401 6 3413 198 F: 4 2 
3417 5 3437 206 F: 5 
3420 5 3425 72 F: 3 2 
3488 10 3518 165 F: 10 
3492 8 3524 281 F: 5 3 
3507 8 3515 298 F: 5 3 
3535 11 3557 10 F: 6 5 
3551 3 3560 32 F: 3 
3559 9 3577 72 F: 6 3 
3574 4 3582 213 F: 4 
3614 7 3628 348 F: 7 
3621 10 3651 112 F: 10 
3638 11 3660 127 F: 5 6 
3642 7 3649 127 F: 2 4 1 
3695 13 3734 228 F: 5 4 4 
3758 9 3794 29 F: 5 3 1 
3769 7 3797 173 F: 7 
3774 9 3792 46 F: 3 2 4 
3780 9 3816 19 F: 9 
3786 13 3799 334 F: 13 
3803 6 3827 215 F: 3 3 
3805 8 3837 196 F: 5 3 
3812 8 3836 187 F: 8 
3838 6 3856 139 F: 3 1 2 
3869 4 3873 281 F: 4 
3941 11 3985 216 F: 11 
3951 9 3978 9 F: 5 1 3 
3963 6 3969 197 F: 4 2 
3965 10 3995 225 F: 4 6 
3999 3 4008 80 F: 3 
4019 10 4029 270 F: 10 
4030 11 4063 91 F: 11 
4032 13 4071 69 F: 5 4 4 
4065 8 4073 343 F: 8 
4087 4 4103 285 F: 4 
4119 6 4125 152 F: 3 2 1 
4124 10 4134 67 F: 5 5 
4128 2 4130 50 F: 2 
4169 11 4213 269 F: 5 4 2 
4189 9 4216 203 F: 3 4 2 
4200 9 4236 56 F: 5 1 3 
4247 12 4283 196 F: 12 
4255 12 4291 235 F: 7 5 
4265 11 4309 342 F: 11 
4270 7 4291 192 F: 3 2 2 
4301 10 4331 61 F: 5 5 
4318 10 4348 219 F: 3 3 4 
4340 8 4356 118 F: 4 4 
4350 9 4386 210 F: 5 4 
4368 12 4404 334 F: 12 
4403 8 4427 113 F: 2 6 
4450 10 4480 138 F: 2 4 4 
4458 12 4494 105 F: 5 3 4 
4480 3 4486 336 F: 3 
4493 8 4525 71 F: 7 1 
4512 9 4530 40 F: 4 5 
4518 9 4545 126 F: 5 4 
4532 7 4553 53 F: 7 
4534 6 4558 293 F: 6 
4598 2 4602 155 F: 2 
4606 11 4639 251 F: 11 
4637 7 4658 328 F: 7 
4678 9 4714 164 F: 7 2 
4685 13 4711 278 F: 13 
4689 7 4703 191 F: 6 1 
4704 13 4756 217 F: 13 
4714 2 4722 102 F: 2 
4716 8 4748 127 F: 4 4 
4774 9 4783 101 F: 5 4 
4797 5 4802 237 F: 5 
4815 8 4831 206 F: 2 6 
4821 11 4843 304 F: 4 3 4 
4859 10 4869 158 F: 7 3 
4865 7 4872 256 F: 2 5 
4870 9 4888 76 F: 6 3 
4914 4 4926 337 F: 4 
4923 12 4935 90 F: 6 6 
4951 4 4959 43 F: 3 1 
4956 6 4974 234 F: 5 1 
4992 2 5000 121 F: 2 
5002 7 5023 330 F: 4 2 1 
5024 12 5036 5 F: 7 5 
5047 10 5067 261 F: 10 
5050 6 5056 223 F: 6 
5099 9 5108 249 F: 4 3 2 
5101 8 5125 265 F: 5 2 1 
5102 6 5114 111 F: 4 2 
5103 3 5109 23 F: 3 
5150 10 5180 290 F: 4 3 3 
5168 9 5186 13 F: 9 
5201 8 5233 216 F: 8 
5208 7 5222 312 F: 4 1 2 
5227 7 5255 53 F: 2 5 
5266 8 5282 131 F: 3 2 3 
5275 3 5278 117 F: 3 
5314 6 5338 178 F: 4 1 1 
5351 7 5379 199 F: 2 2 3 
5351 10 5391 320 F: 10 
5372 10 5392 137 F: 4 2 4 
5396 5 5406 258 F: 5 
5446 11 5490 30 F: 11 
5450 7 5471 84 F: 4 3 
5457 13 5470 74 F: 13 
5490 8 5506 259 F: 5 2 1 
5497 9 5506 327 F: 3 2 4 
5506 11 5539 155 F: 11 
5519 11 5552 311 F: 11 
5523 11 5545 308 F: 5 3 3 
5542 9 5569 267 F: 4 5 
5585 10 5595 173 F: 10 
5607 4 5615 265 F: 3 1 
5609 11 5631 254 F: 5 2 4 
5625 12 5637 226 F: 7 5 
5632 2 5636 143 F: 2 
5653 9 5671 341 F: 5 4 
5711 6 5729 236 F: 2 2 2 
5730 8 5754 14 F: 5 3 
5733 10 5773 269 F: 4 2 4 
5759 7 5773 111 F: 2 5 
5787 9 5823 20 F: 7 2 
5811 6 5817 232 F: 4 2 
5826 11 5837 143 F: 7 4 
5832 7 5860 112 F: 6 1 
5862 10 5892 219 F: 6 4 
5884 10 5914 190 F: 5 4 1 
5906 11 5950 271 F: 4 3 4 
5913 8 5929 207 F: 8 
5938 12 5950 295 F: 12 
5959 8 5975 305 F: 3 5 
5977 8 5993 118 F: 3 5 
6001 10 6041 343 F: 2 4 4 
6009 5 6019 324 F: 2 3 
6013 7 6041 218 F: 3 4 
6040 6 6064 101 F: 6 
6055 11 6088 146 F: 5 3 3 
6125 8 6149 33 F: 6 2 
6146 5 6166 64 F: 3 2 
6152 5 6157 314 F: 3 2 
6161 6 6167 165 F: 2 1 3 
6163 11 6174 140 F: 5 4 2 
6205 3 6211 290 F: 3 
6268 8 6284 117 F: 2 4 2 
6272 7 6279 152 F: 3 4 
6276 10 6306 189 F: 4 4 2 
6288 11 6299 77 F: 4 3 4 
6348 5 6363 227 F: 5 
6360 9 6378 170 F: 5 3 1 
6360 10 6380 325 F: 10 
6374 9 6392 118 F: 9 
6391 9 6427 169 F: 5 2 2 
6446 10 6466 156 F: 2 4 4 
6449 10 6489 15 F: 6 4 
6481 7 6509 146 F: 2 3 2 
6483 5 6493 19 F: 5 
6491 11 6513 71 F: 11 
6502 10 6532 16 F: 5 5 
6509 7 6523 217 F: 2 5 
6511 6 6529 286 F: 2 4 
6520 11 6542 332 F: 6 5 
6554 7 6575 125 F: 5 1 1 
6608 10 6638 98 F: 3 4 3 
6626 4 6642 164 F: 3 1 
6639 2 6645 39 F: 2 
6642 5 6647 213 F: 2 2 1 
6666 4 6670 292 F: 4 
6708 10 6738 221 F: 10 
6721 9 6730 328 F: 2 3 4 
6723 7 6737 63 F: 7 
6774 12 6786 104 F: 7 5 
6775 11 6819 340 F: 11 
6817 10 6837 70 F: 5 4 1 
6821 7 6828 148 F: 7 
6827 8 6843 232 F: 7 1 
6830 9 6866 62 F: 3 4 2 
6899 13 6951 35 F: 13 
6918 13 6931 321 F: 7 6 
6928 13 6941 228 F: 13 
6938 10 6978 342 F: 10 
6962 9 6971 211 F: 6 3 
6968 2 6976 29 F: 2 
D: 1 264 
D: 9 256 
D: 13 111 
D: 17 200 
D: 26 53 
D: 34 289 
D: 49 169 
D: 49 284 
D: 56 111 
D: 59 202 
D: 63 302 
D: 65 89 
D: 66 191 
D: 83 342 
D: 102 229 
D: 102 311 
D: 103 164 
D: 114 237 
D: 114 294 
D: 119 310 
D: 121 156 
D: 132 214 
D: 135 244 
D: 142 272 
D: 149 249 
D: 181 247 
D: 183 331 
D: 186 198 
D: 200 216 
D: 204 232 
D: 206 265 
D: 219 316 
D: 223 339 
D: 225 280 
D: 250 281 
