7 6 25 143 F: 2 2 2 
52 3 61 71 F: 2 1 
84 7 105 277 F: 4 3 
94 8 118 98 F: 3 2 3 
96 6 114 100 F: 5 1 
112 4 124 242 F: 2 2 
112 6 124 164 F: 6 
138 9 174 150 F: 2 3 4 
156 8 172 310 F: 3 2 3 
190 13 229 266 F: 13 
223 6 235 286 F: 2 2 2 
240 11 251 250 F: 6 5 
253 8 285 65 F: 6 2 
255 7 283 211 F: 3 4 
296 11 307 273 F: 5 2 4 
321 8 329 222 F: 8 
342 4 358 299 F: 4 
376 9 394 4 F: 7 2 
386 8 418 314 F: 4 1 3 
393 3 402 175 F: 3 
427 11 460 204 F: 5 3 3 
437 5 457 278 F: 2 3 
465 2 473 150 F: 2 
490 11 534 276 F: 11 
498 2 502 158 F: 2 
519 12 531 316 F: 5 4 3 
538 7 545 264 F: 7 
564 13 603 311 F: 7 6 
579 11 623 149 F: 11 
596 7 610 183 F: 2 5 
612 12 660 261 F: 6 6 
624 7 638 239 F: 7 
645 8 661 160 F: 5 1 2 
649 6 661 325 F: 6 
665 7 686 200 F: 7 
706 4 718 338 F: 3 1 
722 6 734 288 F: 5 1 
753 12 765 206 F: 7 5 
765 8 789 107 F: 7 1 
781 8 813 81 F: 2 6 
833 3 836 8 F: 2 1 
838 13 864 265 F: 13 
882 9 909 30 F: 9 
888 10 918 52 F: 7 3 
896 11 907 240 F: 7 4 
916 9 952 81 F: 4 4 1 
918 4 926 45 F: 3 1 
936 8 960 190 F: 2 3 3 
956 2 958 162 F: 2 
971 5 991 41 F: 5 
1030 9 1057 239 F: 3 6 
1030 12 1066 35 F: 12 
1060 7 1074 265 F: 6 1 
1077 13 1116 128 F: 13 
1080 12 1128 158 F: 12 
1105 6 1123 87 F: 6 
1106 9 1133 291 F: 6 3 
1133 12 1169 332 F: 12 
1142 7 1149 73 F: 4 1 2 
1142 9 1160 50 F: 3 6 
1239 7 1253 51 F: 6 1 
1246 8 1254 8 F: 5 1 2 
1259 8 1283 42 F: 6 2 
1260 7 1281 168 F: 3 2 2 
1263 8 1295 151 F: 5 2 1 
1304 5 1324 325 F: 2 2 1 
1354 7 1375 130 F: 6 1 
1360 5 1370 81 F: 2 2 1 
1372 8 1388 179 F: 7 1 
1380 7 1387 27 F: 4 2 1 
1417 12 1441 9 F: 12 
1429 9 1465 119 F: 2 3 4 
1433 10 1473 220 F: 3 4 3 
1435 11 1457 86 F: 5 4 2 
1454 13 1467 311 F: 13 
1501 3 1513 148 F: 3 
1558 6 1564 267 F: 4 1 1 
1563 11 1596 247 F: 5 4 2 
1576 11 1598 21 F: 3 4 4 
1589 8 1613 20 F: 2 3 3 
1603 4 1619 75 F: 3 1 
1603 8 1627 106 F: 5 2 1 
1622 9 1658 292 F: 2 3 4 
1633 8 1665 156 F: 8 
1635 13 1674 97 F: 13 
1701 8 1733 287 F: 3 5 
1740 11 1773 210 F: 5 3 3 
1770 4 1778 82 F: 3 1 
1771 5 1786 265 F: 2 2 1 
1790 9 1808 64 F: 3 4 2 
1837 8 1861 245 F: 8 
1847 12 1871 147 F: 12 
1863 10 1893 322 F: 5 1 4 
1881 8 1889 336 F: 3 1 4 
1895 6 1907 348 F: 6 
1908 4 1916 301 F: 3 1 
1920 7 1941 293 F: 7 
1954 2 1956 297 F: 2 
1964 9 1991 190 F: 2 3 4 
1998 11 2020 209 F: 7 4 
2008 10 2048 239 F: 6 4 
2013 6 2037 20 F: 3 3 
2030 10 2070 322 F: 6 4 
2041 6 2059 105 F: 6 
2093 6 2117 147 F: 3 2 1 
2145 9 2163 172 F: 4 3 2 
2151 10 2161 74 F: 7 3 
2170 11 2214 32 F: 11 
2176 9 2212 347 F: 4 4 1 
2196 3 2199 335 F: 3 
2204 10 2234 245 F: 3 3 4 
2232 11 2254 66 F: 11 
2247 8 2263 114 F: 4 4 
2266 8 2282 203 F: 6 2 
2280 6 2298 109 F: 6 
2314 6 2338 21 F: 2 1 3 
2345 11 2356 277 F: 6 5 
2351 9 2360 272 F: 4 4 1 
2392 7 2413 47 F: 2 1 4 
2393 9 2420 303 F: 2 4 3 
2405 9 2414 173 F: 4 2 3 
2419 8 2451 69 F: 2 2 4 
2439 10 2449 222 F: 5 5 
2471 6 2483 261 F: 6 
2498 8 2522 6 F: 3 3 2 
2508 13 2534 341 F: 13 
2522 7 2536 141 F: 3 4 
2541 8 2565 163 F: 8 
2568 8 2592 171 F: 3 5 
2599 4 2615 1 F: 4 
2625 11 2658 304 F: 7 4 
2638 8 2670 43 F: 8 
2641 9 2668 210 F: 9 
2645 5 2665 317 F: 5 
2694 2 2700 198 F: 2 
2700 12 2724 244 F: 12 
2701 10 2721 168 F: 3 3 4 
2729 11 2740 88 F: 6 5 
2778 4 2790 128 F: 4 
2790 11 2834 68 F: 5 6 
2834 6 2840 224 F: 6 
2843 9 2852 342 F: 4 1 4 
2851 8 2859 108 F: 8 
2864 3 2876 322 F: 3 
2866 8 2890 197 F: 3 4 1 
2928 11 2961 58 F: 7 4 
2952 7 2980 321 F: 7 
2952 10 2982 196 F: 5 2 3 
2956 8 2980 108 F: 4 4 
2990 7 2997 127 F: 2 4 1 
3003 10 3023 109 F: 7 3 
3017 5 3022 315 F: 2 1 2 
3017 8 3025 67 F: 2 6 
3039 12 3075 8 F: 7 5 
3090 5 3110 277 F: 2 3 
3105 10 3125 106 F: 10 
3108 6 3120 345 F: 4 2 
3113 9 3122 273 F: 3 2 4 
3182 6 3200 119 F: 2 4 
3187 8 3211 221 F: 3 4 1 
3228 5 3243 15 F: 5 
3236 9 3272 76 F: 5 4 
3241 12 3277 306 F: 12 
3265 2 3273 215 F: 2 
3276 8 3308 45 F: 2 3 3 
3326 8 3358 60 F: 8 
3347 10 3357 284 F: 3 3 4 
3377 11 3421 63 F: 5 4 2 
3384 11 3406 18 F: 11 
3385 11 3418 185 F: 11 
3416 11 3438 12 F: 5 6 
3431 13 3483 221 F: 13 
3462 6 3480 108 F: 3 2 1 
3480 8 3512 151 F: 8 
3481 7 3488 103 F: 4 2 1 
3505 9 3532 246 F: 3 4 2 
3512 10 3522 248 F: 5 1 4 
3519 9 3528 188 F: 4 2 3 
3523 7 3544 125 F: 3 4 
3589 3 3592 349 F: 3 
3600 6 3618 102 F: 2 3 1 
3614 10 3634 263 F: 5 2 3 
3641 8 3657 312 F: 3 5 
3661 8 3669 271 F: 2 6 
3690 9 3726 204 F: 3 3 3 
3713 7 3734 294 F: 4 1 2 
3717 10 3747 235 F: 3 3 4 
3735 7 3749 48 F: 2 3 2 
3736 8 3752 81 F: 5 3 
3766 5 3786 133 F: 5 
3838 12 3874 43 F: 12 
3845 3 3848 133 F: 3 
3869 9 3905 48 F: 9 
3875 12 3923 6 F: 12 
3886 7 3914 333 F: 2 4 1 
3914 5 3924 160 F: 2 3 
3924 8 3948 107 F: 8 
3927 9 3954 227 F: 4 2 3 
3941 8 3973 40 F: 3 4 1 
3941 9 3950 250 F: 4 5 
4010 12 4022 256 F: 6 6 
4024 12 4060 336 F: 12 
4044 10 4064 172 F: 2 4 4 
4071 7 4085 161 F: 4 3 
4093 6 4099 88 F: 4 2 
4120 8 4152 273 F: 6 2 
4156 6 4174 25 F: 6 
4167 8 4199 308 F: 4 2 2 
4176 2 4184 70 F: 2 
4178 11 4189 133 F: 6 5 
4249 5 4269 332 F: 2 2 1 
4259 8 4291 263 F: 5 3 
4261 8 4293 209 F: 2 2 4 
4285 5 4305 129 F: 4 1 
4293 10 4313 306 F: 3 3 4 
4304 7 4325 172 F: 5 1 1 
4307 2 4313 180 F: 2 
4359 8 4375 47 F: 8 
4388 5 4408 208 F: 5 
4394 9 4403 58 F: 5 2 2 
4401 8 4409 37 F: 3 5 
4416 8 4424 283 F: 5 1 2 
4437 8 4445 178 F: 8 
4462 8 4478 133 F: 2 3 3 
4470 8 4478 105 F: 4 4 
4514 9 4523 56 F: 3 3 3 
4537 10 4577 149 F: 4 3 3 
4561 7 4589 247 F: 4 3 
4579 9 4588 122 F: 3 2 4 
4583 10 4613 120 F: 5 3 2 
4633 9 4660 335 F: 9 
4636 12 4672 221 F: 5 3 4 
4647 8 4671 96 F: 8 
4681 10 4721 319 F: 3 3 4 
4699 10 4739 277 F: 5 1 4 
4707 12 4755 141 F: 12 
4746 5 4766 231 F: 5 
4755 11 4777 161 F: 7 4 
4774 6 4786 73 F: 6 
4793 11 4815 224 F: 4 4 3 
4805 4 4817 73 F: 2 1 1 
4805 11 4816 263 F: 11 
4838 5 4858 81 F: 5 
4870 6 4888 289 F: 3 1 2 
4899 9 4926 106 F: 5 2 2 
4934 6 4940 25 F: 4 2 
4938 5 4943 7 F: 2 2 1 
4959 9 4968 17 F: 9 
4978 10 5018 99 F: 5 4 1 
4980 6 4998 36 F: 2 1 3 
5034 11 5045 270 F: 7 4 
5065 8 5081 16 F: 8 
5087 8 5111 224 F: 3 4 1 
5089 5 5099 177 F: 5 
5098 4 5106 269 F: 4 
5130 7 5151 108 F: 4 3 
5155 8 5187 322 F: 5 1 2 
5161 8 5193 175 F: 8 
5162 8 5178 252 F: 4 4 
5183 10 5193 71 F: 6 4 
5203 8 5211 312 F: 3 2 3 
5236 9 5263 197 F: 7 2 
5258 11 5302 326 F: 11 
5273 3 5279 38 F: 3 
5275 11 5308 312 F: 5 3 3 
5300 5 5310 162 F: 5 
5303 9 5339 303 F: 9 
5361 8 5393 303 F: 5 3 
5369 2 5373 138 F: 2 
5396 7 5403 296 F: 5 2 
5436 6 5442 307 F: 4 1 1 
5462 5 5472 94 F: 3 1 1 
5484 13 5510 11 F: 7 6 
5493 11 5515 332 F: 5 6 
5499 10 5519 333 F: 2 4 4 
5510 10 5550 118 F: 5 2 3 
5511 8 5543 128 F: 2 3 3 
5530 9 5566 287 F: 7 2 
5573 9 5591 266 F: 9 
5594 7 5615 293 F: 3 4 
5602 3 5605 1 F: 3 
5605 8 5629 254 F: 3 5 
5607 8 5631 317 F: 3 2 3 
5659 6 5671 42 F: 6 
5687 7 5708 22 F: 2 5 
5704 6 5722 262 F: 6 
5723 13 5762 280 F: 7 6 
5753 5 5763 6 F: 5 
5756 11 5767 189 F: 7 4 
5765 5 5770 123 F: 5 
5803 3 5806 92 F: 3 
5818 4 5834 165 F: 3 1 
5826 8 5858 164 F: 8 
5837 10 5867 106 F: 5 1 4 
5867 8 5883 208 F: 2 3 3 
5915 12 5951 262 F: 6 6 
5928 7 5956 208 F: 4 2 1 
5941 4 5945 168 F: 4 
5981 8 6013 36 F: 5 1 2 
5997 12 6045 130 F: 12 
6000 9 6009 46 F: 9 
6003 11 6036 323 F: 5 6 
6027 8 6059 236 F: 8 
6086 9 6104 317 F: 6 3 
6091 9 6109 2 F: 4 5 
6111 7 6125 43 F: 6 1 
6145 6 6157 5 F: 2 1 3 
6145 12 6181 258 F: 12 
6160 8 6176 306 F: 8 
6187 9 6214 174 F: 4 3 2 
6202 6 6208 202 F: 4 2 
6208 5 6213 292 F: 5 
6245 10 6265 134 F: 5 1 4 
6246 8 6278 52 F: 8 
6271 12 6307 243 F: 12 
6335 8 6359 193 F: 5 1 2 
6355 10 6365 19 F: 10 
6357 13 6396 213 F: 5 4 4 
6385 3 6397 85 F: 3 
6387 11 6431 324 F: 6 5 
6402 8 6426 19 F: 8 
6442 8 6466 18 F: 5 1 2 
6456 6 6474 69 F: 2 2 2 
6474 13 6487 77 F: 13 
6475 4 6487 85 F: 2 2 
6522 2 6524 123 F: 2 
6525 10 6535 202 F: 4 2 4 
6544 9 6553 11 F: 3 2 4 
6581 8 6605 59 F: 2 6 
6584 6 6596 74 F: 5 1 
6614 8 6638 97 F: 2 3 3 
6617 6 6635 89 F: 3 3 
6625 9 6652 298 F: 3 2 4 
6661 9 6688 343 F: 4 1 4 
6694 9 6721 245 F: 4 1 4 
6739 5 6749 106 F: 5 
6745 13 6784 315 F: 13 
6779 3 6791 315 F: 3 
6784 10 6804 139 F: 3 3 4 
6799 7 6820 216 F: 2 2 3 
6833 9 6842 337 F: 5 4 
6867 12 6903 310 F: 5 3 4 
6870 4 6878 204 F: 4 
6872 9 6881 338 F: 3 4 2 
6881 10 6891 209 F: 3 3 4 
6903 3 6906 182 F: 3 
6952 10 6992 99 F: 4 6 
6959 4 6967 210 F: 3 1 
6968 5 6973 62 F: 5 
6993 9 7029 198 F: 4 5 
D: 5 196 
D: 7 246 
D: 14 37 
D: 24 44 
D: 38 62 
D: 41 254 
D: 49 141 
D: 54 142 
D: 54 162 
D: 54 288 
D: 59 274 
D: 65 343 
D: 71 267 
D: 77 95 
D: 77 107 
D: 77 151 
D: 80 225 
D: 81 161 
D: 81 307 
D: 82 154 
D: 125 290 
D: 132 259 
D: 163 272 
D: 172 341 
D: 175 325 
D: 192 341 
D: 195 199 
D: 210 294 
D: 212 272 
D: 225 317 
D: 255 341 
D: 277 294 
D: 294 300 
D: 298 332 
D: 302 316 
