13 11 57 1 F: 5 2 4 
23 9 50 107 F: 3 6 
42 11 86 257 F: 7 4 
47 8 55 128 F: 3 1 4 
79 5 84 307 F: 5 
100 8 132 263 F: 8 
104 10 124 256 F: 5 5 
139 13 191 32 F: 5 4 4 
154 12 166 45 F: 12 
168 13 194 333 F: 13 
220 7 241 114 F: 6 1 
223 4 227 215 F: 4 
236 13 288 85 F: 7 6 
295 8 319 282 F: 2 2 4 
297 12 321 218 F: 12 
304 8 336 178 F: 8 
339 8 347 102 F: 3 3 2 
357 11 368 242 F: 6 5 
384 2 388 161 F: 2 
399 6 423 164 F: 3 3 
406 8 438 337 F: 8 
408 9 435 97 F: 2 3 4 
443 2 449 165 F: 2 
447 13 486 15 F: 13 
465 5 485 20 F: 5 
517 4 525 111 F: 4 
569 2 571 188 F: 2 
573 10 593 81 F: 7 3 
578 6 584 53 F: 2 2 2 
597 9 615 303 F: 3 6 
606 4 614 350 F: 4 
631 8 647 301 F: 3 5 
639 7 653 12 F: 6 1 
650 6 656 51 F: 3 1 2 
681 7 709 348 F: 2 4 1 
741 5 756 139 F: 5 
744 8 760 13 F: 4 4 
754 5 774 199 F: 4 1 
761 6 779 330 F: 4 2 
764 6 770 285 F: 6 
806 11 817 158 F: 11 
833 10 873 330 F: 5 2 3 
860 7 874 263 F: 2 5 
862 10 902 347 F: 5 2 3 
874 4 882 268 F: 4 
917 10 937 260 F: 6 4 
917 10 957 173 F: 10 
931 5 951 140 F: 5 
972 5 977 174 F: 2 3 
999 7 1006 130 F: 2 5 
1033 9 1042 143 F: 4 4 1 
1046 10 1086 117 F: 4 6 
1046 12 1058 96 F: 12 
1050 10 1060 82 F: 5 4 1 
1064 2 1068 51 F: 2 
1122 4 1134 177 F: 2 2 
1157 6 1181 127 F: 6 
1167 10 1207 210 F: 7 3 
1169 4 1173 105 F: 4 
1194 9 1212 80 F: 9 
1229 8 1261 133 F: 2 2 4 
1242 11 1286 233 F: 7 4 
1265 5 1285 297 F: 4 1 
1270 4 1286 247 F: 2 2 
1293 9 1329 176 F: 2 3 4 
1307 10 1317 291 F: 6 4 
1377 11 1421 108 F: 5 6 
1379 12 1415 113 F: 6 6 
1381 3 1384 323 F: 3 
1398 6 1416 92 F: 4 1 1 
1419 6 1431 267 F: 6 
1427 13 1453 133 F: 7 6 
1478 8 1502 59 F: 5 3 
1480 10 1520 50 F: 5 5 
1482 5 1487 344 F: 5 
1539 12 1551 311 F: 7 5 
1574 12 1586 303 F: 12 
1579 2 1587 71 F: 2 
1589 6 1607 159 F: 3 1 2 
1589 7 1596 175 F: 2 4 1 
1636 7 1664 89 F: 2 4 1 
1651 8 1675 247 F: 8 
1667 11 1700 25 F: 5 6 
1681 6 1705 342 F: 4 1 1 
1699 8 1707 340 F: 3 2 3 
1705 10 1715 198 F: 3 4 3 
1709 9 1718 300 F: 3 4 2 
1710 8 1718 326 F: 8 
1744 10 1754 51 F: 7 3 
1798 5 1818 203 F: 5 
1806 4 1822 34 F: 4 
1844 3 1850 82 F: 3 
1874 10 1884 246 F: 5 1 4 
1882 9 1900 298 F: 6 3 
1896 12 1944 178 F: 4 4 4 
1920 9 1956 236 F: 3 4 2 
1925 12 1949 221 F: 12 
1931 10 1941 212 F: 4 3 3 
1946 7 1960 82 F: 7 
1993 12 2017 51 F: 5 3 4 
2017 9 2035 217 F: 9 
2019 10 2029 195 F: 5 5 
2058 8 2066 93 F: 4 4 
2060 8 2092 134 F: 2 3 3 
2064 9 2082 319 F: 4 3 2 
2104 7 2111 22 F: 2 3 2 
2148 8 2164 176 F: 6 2 
2171 5 2181 280 F: 2 3 
2182 10 2222 324 F: 4 4 2 
2191 7 2212 175 F: 7 
2215 8 2231 147 F: 7 1 
2219 9 2228 36 F: 3 4 2 
2231 8 2263 204 F: 5 2 1 
2232 8 2248 14 F: 6 2 
2283 13 2296 327 F: 5 4 4 
2302 7 2316 197 F: 7 
2308 8 2324 307 F: 8 
2326 9 2362 57 F: 5 3 1 
2327 13 2340 148 F: 13 
2334 7 2348 115 F: 4 2 1 
2414 7 2428 93 F: 2 4 1 
2438 7 2452 274 F: 3 1 3 
2464 2 2468 247 F: 2 
2494 5 2514 62 F: 5 
2496 6 2502 211 F: 6 
2526 11 2559 117 F: 7 4 
2527 8 2551 318 F: 2 3 3 
2536 6 2560 199 F: 5 1 
2541 12 2589 211 F: 5 4 3 
2562 5 2572 215 F: 5 
2636 2 2640 90 F: 2 
2639 8 2671 221 F: 8 
2641 4 2653 277 F: 3 1 
2643 9 2652 25 F: 9 
2689 12 2701 176 F: 7 5 
2700 11 2722 16 F: 6 5 
2707 13 2733 57 F: 13 
2725 9 2761 295 F: 2 4 3 
2726 8 2742 240 F: 4 3 1 
2778 9 2796 122 F: 2 3 4 
2820 8 2852 339 F: 5 2 1 
2837 7 2865 167 F: 7 
2847 5 2867 2 F: 3 2 
2849 5 2864 193 F: 5 
2878 7 2892 127 F: 2 4 1 
2931 8 2955 4 F: 2 4 2 
2932 8 2940 346 F: 3 1 4 
2938 4 2950 273 F: 4 
2974 8 3006 91 F: 8 
2975 9 2984 39 F: 4 5 
3003 8 3035 94 F: 3 5 
3028 7 3049 151 F: 2 5 
3048 9 3075 314 F: 6 3 
3087 9 3123 332 F: 9 
3091 7 3119 87 F: 5 1 1 
3111 10 3121 147 F: 4 6 
3115 6 3121 58 F: 3 3 
3136 13 3175 226 F: 13 
3188 12 3200 20 F: 6 6 
3190 4 3194 67 F: 2 2 
3204 5 3219 253 F: 3 2 
3267 7 3274 53 F: 2 5 
3283 9 3292 187 F: 9 
3283 13 3322 332 F: 7 6 
3286 10 3326 312 F: 10 
3310 9 3319 243 F: 2 3 4 
3371 11 3415 161 F: 7 4 
3371 12 3419 36 F: 12 
3383 10 3413 103 F: 7 3 
3386 6 3392 5 F: 4 2 
3469 11 3502 154 F: 4 3 4 
3485 13 3537 37 F: 13 
3486 8 3494 262 F: 7 1 
3487 10 3527 152 F: 7 3 
3497 11 3530 232 F: 11 
3522 9 3549 326 F: 6 3 
3540 8 3556 115 F: 2 6 
3546 10 3556 341 F: 5 1 4 
3554 12 3590 96 F: 12 
3572 8 3588 18 F: 4 2 2 
3608 8 3632 260 F: 7 1 
3670 5 3690 292 F: 5 
3672 6 3690 187 F: 4 2 
3675 3 3687 213 F: 3 
3686 11 3719 118 F: 11 
3726 9 3744 266 F: 4 2 3 
3739 9 3775 267 F: 2 4 3 
3748 5 3763 82 F: 2 3 
3760 8 3792 106 F: 4 3 1 
3762 4 3766 274 F: 4 
3813 10 3833 189 F: 5 5 
3818 8 3850 11 F: 3 5 
3825 8 3833 122 F: 7 1 
3833 9 3860 177 F: 5 3 1 
3894 9 3921 261 F: 5 3 1 
3950 7 3964 112 F: 2 5 
3964 9 3991 129 F: 5 3 1 
3979 7 3986 103 F: 3 2 2 
3980 6 3998 160 F: 2 4 
3982 6 4000 279 F: 6 
4001 8 4033 201 F: 3 5 
4036 6 4060 274 F: 6 
4057 10 4097 279 F: 10 
4076 10 4096 194 F: 7 3 
4093 4 4097 327 F: 4 
4100 8 4116 148 F: 6 2 
4124 8 4148 236 F: 2 4 2 
4174 10 4204 123 F: 10 
4178 3 4187 146 F: 3 
4183 10 4223 288 F: 4 3 3 
4226 5 4246 121 F: 2 3 
4239 7 4260 278 F: 3 2 2 
4264 9 4282 188 F: 5 4 
4266 10 4296 51 F: 5 3 2 
4272 5 4292 38 F: 3 2 
4310 9 4337 175 F: 3 4 2 
4327 10 4337 121 F: 4 6 
4351 10 4371 128 F: 4 3 3 
4356 9 4374 313 F: 3 6 
4368 4 4376 293 F: 4 
4408 2 4410 158 F: 2 
4421 7 4428 109 F: 4 3 
4458 13 4471 185 F: 13 
4459 12 4483 7 F: 7 5 
4482 5 4497 151 F: 2 1 2 
4503 7 4524 35 F: 2 1 4 
4520 6 4538 298 F: 6 
4560 11 4593 45 F: 3 4 4 
4583 9 4610 183 F: 9 
4590 9 4617 328 F: 6 3 
4611 11 4622 175 F: 6 5 
4632 10 4652 3 F: 7 3 
4633 9 4669 329 F: 3 2 4 
4642 11 4653 192 F: 6 5 
4683 8 4715 145 F: 7 1 
4713 7 4720 82 F: 3 4 
4720 9 4738 200 F: 6 3 
4731 12 4755 163 F: 6 6 
4735 9 4771 212 F: 9 
4746 12 4794 107 F: 12 
4800 10 4820 118 F: 10 
4812 6 4818 331 F: 4 2 
4843 7 4864 44 F: 2 2 3 
4851 7 4865 257 F: 7 
4872 5 4877 234 F: 5 
4932 11 4954 283 F: 3 4 4 
4941 7 4948 48 F: 3 4 
4971 8 5003 113 F: 2 6 
4972 7 4986 216 F: 7 
4997 12 5033 207 F: 12 
5040 9 5067 9 F: 9 
5055 8 5087 284 F: 4 3 1 
5062 8 5086 26 F: 3 1 4 
5071 7 5099 272 F: 2 2 3 
5083 7 5090 149 F: 7 
5147 7 5175 305 F: 4 1 2 
5160 11 5171 118 F: 5 4 2 
5165 8 5181 116 F: 8 
5169 7 5176 201 F: 5 2 
5188 9 5224 6 F: 3 3 3 
5217 10 5227 33 F: 5 1 4 
5217 11 5239 324 F: 5 4 2 
5227 6 5233 303 F: 3 1 2 
5244 5 5254 145 F: 2 1 2 
5284 10 5324 273 F: 10 
5302 8 5318 264 F: 3 3 2 
5310 8 5318 122 F: 5 3 
5320 12 5344 85 F: 12 
5335 9 5362 172 F: 4 1 4 
5389 8 5405 18 F: 3 1 4 
5410 6 5434 48 F: 4 2 
5441 6 5447 107 F: 3 3 
5454 7 5475 223 F: 3 4 
5459 10 5469 270 F: 7 3 
5484 9 5511 41 F: 5 3 1 
5520 6 5538 202 F: 6 
5545 5 5565 52 F: 2 3 
5551 9 5560 177 F: 4 3 2 
5556 9 5592 22 F: 9 
5579 4 5595 162 F: 2 1 1 
5631 6 5649 227 F: 2 1 3 
5672 2 5676 7 F: 2 
5682 8 5706 35 F: 3 2 3 
5692 10 5702 174 F: 10 
5698 2 5706 67 F: 2 
5727 6 5733 23 F: 4 2 
5752 6 5764 44 F: 6 
5753 13 5792 160 F: 13 
5769 12 5805 349 F: 7 5 
5775 9 5784 206 F: 4 1 4 
5802 10 5832 128 F: 2 4 4 
5817 8 5825 182 F: 4 3 1 
5846 9 5864 19 F: 3 6 
5886 6 5910 311 F: 4 2 
5898 10 5918 163 F: 2 4 4 
5915 10 5955 138 F: 3 3 4 
5955 7 5969 36 F: 3 2 2 
5956 13 5969 184 F: 13 
5957 13 6009 283 F: 13 
5962 13 6001 222 F: 13 
6021 7 6042 349 F: 4 2 1 
6031 5 6041 127 F: 5 
6046 8 6054 167 F: 2 6 
6085 6 6103 343 F: 2 4 
6097 7 6104 303 F: 2 3 2 
6109 13 6148 33 F: 13 
6126 7 6154 115 F: 5 2 
6173 12 6221 202 F: 12 
6174 9 6183 61 F: 4 5 
6176 12 6188 71 F: 12 
6224 3 6230 306 F: 3 
6226 12 6238 37 F: 12 
6250 3 6253 55 F: 3 
6259 7 6280 284 F: 5 2 
6280 5 6295 174 F: 5 
6308 8 6324 17 F: 2 2 4 
6308 10 6348 191 F: 7 3 
6337 2 6345 50 F: 2 
6337 6 6343 73 F: 3 3 
6361 7 6389 273 F: 2 1 4 
6406 3 6412 65 F: 3 
6410 10 6420 249 F: 10 
6413 11 6446 323 F: 6 5 
6439 9 6466 290 F: 3 6 
6473 10 6493 1 F: 5 3 2 
6531 4 6547 42 F: 4 
6547 7 6568 190 F: 5 2 
6555 13 6607 347 F: 7 6 
6576 7 6590 25 F: 2 5 
6582 3 6585 221 F: 3 
6647 9 6674 316 F: 5 4 
6666 6 6672 104 F: 6 
6674 8 6690 331 F: 2 4 2 
6676 6 6682 232 F: 3 2 1 
6679 12 6691 228 F: 6 6 
6725 10 6735 246 F: 2 4 4 
6746 3 6758 78 F: 3 
6758 12 6806 251 F: 7 5 
6763 9 6799 61 F: 9 
6772 8 6804 228 F: 4 2 2 
6808 9 6835 22 F: 5 4 
6834 9 6843 167 F: 5 4 
6877 8 6893 234 F: 2 3 3 
6882 7 6910 234 F: 7 
6888 8 6920 345 F: 5 1 2 
6910 6 6922 34 F: 2 3 1 
6935 3 6941 294 F: 3 
6949 10 6979 251 F: 2 4 4 
6958 8 6974 318 F: 3 1 4 
6979 9 7015 193 F: 7 2 
D: 2 63 
D: 4 117 
D: 12 118 
D: 20 211 
D: 25 101 
D: 41 69 
D: 49 112 
D: 52 341 
D: 66 282 
D: 67 118 
D: 68 228 
D: 74 296 
D: 77 213 
D: 81 209 
D: 82 177 
D: 96 187 
D: 99 205 
D: 103 252 
D: 111 226 
D: 115 249 
D: 119 163 
D: 121 170 
D: 134 333 
D: 137 299 
D: 142 150 
D: 144 200 
D: 148 189 
D: 186 308 
D: 192 252 
D: 200 291 
D: 202 300 
D: 227 287 
D: 231 327 
D: 236 328 
D: 341 349 
