7 7 14 338 F: 4 3 
34 12 46 298 F: 5 4 3 
57 12 69 102 F: 5 3 4 
68 7 89 21 F: 4 3 
91 4 99 300 F: 4 
143 13 182 339 F: 5 4 4 
151 9 169 320 F: 5 4 
181 9 208 196 F: 9 
182 11 215 320 F: 11 
190 6 196 7 F: 2 1 3 
223 7 230 330 F: 5 1 1 
233 9 242 63 F: 3 6 
235 8 267 330 F: 5 1 2 
246 4 258 294 F: 4 
296 8 328 211 F: 2 4 2 
302 4 306 80 F: 4 
325 11 347 84 F: 5 2 4 
344 10 384 137 F: 4 4 2 
356 10 386 207 F: 3 4 3 
360 9 369 92 F: 6 3 
404 8 436 25 F: 7 1 
424 8 432 131 F: 5 3 
457 7 464 128 F: 4 1 2 
477 9 495 81 F: 2 3 4 
498 9 534 48 F: 7 2 
502 9 538 283 F: 4 1 4 
556 3 565 98 F: 3 
566 4 574 80 F: 2 2 
576 5 586 329 F: 4 1 
587 8 595 6 F: 2 6 
636 9 672 99 F: 9 
656 8 664 82 F: 3 4 1 
680 7 694 5 F: 4 1 2 
682 6 700 43 F: 6 
685 9 712 346 F: 3 6 
707 9 734 283 F: 5 4 
708 10 718 174 F: 7 3 
723 9 741 225 F: 4 5 
765 13 791 344 F: 13 
767 8 799 110 F: 6 2 
807 11 840 229 F: 7 4 
816 6 822 10 F: 6 
841 11 852 42 F: 11 
874 4 878 34 F: 2 1 1 
895 2 899 177 F: 2 
914 9 932 245 F: 4 2 3 
925 10 955 100 F: 5 1 4 
930 3 939 287 F: 3 
950 9 977 328 F: 4 5 
996 13 1048 150 F: 13 
1006 9 1015 89 F: 6 3 
1009 11 1020 3 F: 4 4 3 
1073 3 1085 29 F: 3 
1077 7 1091 156 F: 6 1 
1084 10 1124 81 F: 7 3 
1136 6 1160 295 F: 6 
1157 7 1171 110 F: 2 3 2 
1167 11 1178 269 F: 5 2 4 
1172 13 1211 302 F: 13 
1177 8 1185 133 F: 3 4 1 
1209 8 1241 239 F: 3 3 2 
1212 13 1225 77 F: 13 
1260 7 1267 168 F: 4 2 1 
1294 9 1330 325 F: 9 
1299 8 1307 334 F: 3 5 
1304 12 1352 284 F: 12 
1305 4 1317 102 F: 4 
1328 6 1334 25 F: 6 
1336 7 1357 341 F: 2 3 2 
1390 7 1418 63 F: 7 
1410 6 1428 27 F: 3 2 1 
1441 9 1468 225 F: 9 
1467 10 1507 147 F: 10 
1472 5 1487 237 F: 2 1 2 
1483 11 1494 181 F: 11 
1516 6 1534 172 F: 4 2 
1572 9 1608 195 F: 5 4 
1580 11 1624 218 F: 11 
1587 8 1619 320 F: 8 
1598 10 1628 322 F: 3 3 4 
1618 8 1642 60 F: 4 4 
1626 11 1637 108 F: 11 
1660 7 1674 139 F: 7 
1683 8 1699 97 F: 3 5 
1694 11 1738 333 F: 5 2 4 
1710 8 1726 111 F: 4 3 1 
1714 3 1723 146 F: 3 
1734 10 1774 46 F: 5 3 2 
1787 7 1801 338 F: 4 3 
1796 11 1807 10 F: 11 
1810 7 1817 255 F: 2 3 2 
1818 5 1828 203 F: 5 
1826 11 1859 214 F: 7 4 
1827 10 1867 139 F: 4 6 
1847 11 1869 178 F: 7 4 
1909 7 1923 118 F: 6 1 
1909 9 1936 253 F: 6 3 
1929 9 1965 146 F: 5 3 1 
1936 6 1954 72 F: 6 
1974 6 1998 91 F: 6 
2005 2 2007 157 F: 2 
2009 2 2015 263 F: 2 
2059 2 2061 310 F: 2 
2066 10 2086 246 F: 5 5 
2083 3 2086 69 F: 3 
2101 9 2110 303 F: 9 
2141 8 2157 294 F: 8 
2152 10 2192 286 F: 5 2 3 
2155 9 2173 152 F: 2 4 3 
2160 7 2174 312 F: 6 1 
2216 4 2228 125 F: 2 2 
2228 10 2248 298 F: 4 3 3 
2281 8 2297 290 F: 2 6 
2283 9 2319 191 F: 5 4 
2294 9 2312 330 F: 6 3 
2303 8 2327 257 F: 4 2 2 
2310 8 2334 42 F: 3 3 2 
2313 10 2353 181 F: 5 4 1 
2345 9 2354 265 F: 3 4 2 
2367 11 2411 58 F: 4 3 4 
2413 11 2424 20 F: 4 4 3 
2461 8 2493 260 F: 3 5 
2472 5 2477 191 F: 2 2 1 
2491 12 2515 12 F: 6 6 
2494 10 2534 252 F: 10 
2517 8 2525 34 F: 4 2 2 
2525 8 2557 330 F: 8 
2527 10 2557 237 F: 6 4 
2535 5 2545 29 F: 3 1 1 
2594 5 2609 24 F: 5 
2602 7 2609 71 F: 5 2 
2604 6 2622 129 F: 2 4 
2642 4 2646 213 F: 4 
2654 10 2684 54 F: 5 3 2 
2671 11 2704 22 F: 6 5 
2719 12 2755 64 F: 5 3 4 
2762 9 2798 80 F: 5 4 
2770 8 2778 190 F: 3 3 2 
2776 7 2783 290 F: 3 1 3 
2779 8 2795 198 F: 8 
2816 6 2828 144 F: 6 
2831 11 2842 83 F: 7 4 
2836 6 2860 27 F: 2 4 
2859 11 2903 177 F: 11 
2889 13 2902 5 F: 13 
2926 8 2942 94 F: 3 1 4 
2940 4 2956 33 F: 4 
2970 4 2974 289 F: 4 
2977 4 2993 238 F: 4 
2990 2 2996 283 F: 2 
3012 11 3034 241 F: 7 4 
3022 8 3046 263 F: 4 3 1 
3043 11 3065 93 F: 7 4 
3062 7 3069 331 F: 5 2 
3086 3 3095 174 F: 3 
3104 6 3110 216 F: 3 3 
3150 3 3162 294 F: 2 1 
3163 3 3175 300 F: 2 1 
3172 12 3196 156 F: 12 
3173 2 3175 147 F: 2 
3209 7 3230 123 F: 4 3 
3213 9 3240 317 F: 3 2 4 
3243 11 3254 331 F: 7 4 
3266 8 3298 89 F: 3 5 
3296 7 3303 4 F: 7 
3357 6 3381 148 F: 2 1 3 
3368 2 3370 71 F: 2 
3383 7 3404 312 F: 4 2 1 
3388 12 3412 117 F: 12 
3397 6 3409 192 F: 5 1 
3423 8 3439 46 F: 4 3 1 
3437 8 3469 129 F: 4 4 
3443 2 3451 191 F: 2 
3455 2 3459 136 F: 2 
3485 8 3509 97 F: 5 2 1 
3503 7 3531 161 F: 5 2 
3504 6 3510 35 F: 5 1 
3545 5 3565 156 F: 5 
3550 11 3583 176 F: 6 5 
3559 11 3581 276 F: 7 4 
3605 11 3627 152 F: 5 2 4 
3632 10 3672 129 F: 10 
3644 11 3688 125 F: 5 4 2 
3653 11 3697 5 F: 11 
3660 10 3680 161 F: 10 
3702 12 3726 3 F: 5 4 3 
3723 10 3743 14 F: 4 2 4 
3746 9 3764 215 F: 5 1 3 
3769 12 3781 259 F: 7 5 
3786 13 3838 289 F: 13 
3819 10 3839 211 F: 5 1 4 
3829 6 3835 63 F: 6 
3862 13 3914 319 F: 13 
3867 11 3900 88 F: 11 
3894 12 3918 172 F: 7 5 
3900 9 3909 155 F: 3 2 4 
3924 11 3935 70 F: 7 4 
3929 6 3953 226 F: 4 2 
3935 3 3941 122 F: 3 
3955 6 3961 350 F: 6 
4019 6 4025 279 F: 2 2 2 
4063 11 4096 149 F: 11 
4083 3 4086 107 F: 3 
4085 5 4095 121 F: 2 1 2 
4089 8 4113 255 F: 6 2 
4106 10 4116 80 F: 4 6 
4131 8 4163 265 F: 2 3 3 
4137 10 4167 141 F: 5 2 3 
4137 12 4173 185 F: 6 6 
4199 8 4231 69 F: 5 1 2 
4216 3 4222 35 F: 2 1 
4242 2 4246 102 F: 2 
4259 5 4279 188 F: 5 
4271 6 4277 188 F: 4 1 1 
4290 8 4314 313 F: 6 2 
4309 9 4336 208 F: 7 2 
4343 2 4347 81 F: 2 
4355 9 4391 189 F: 3 6 
4361 11 4383 302 F: 11 
4397 12 4421 63 F: 12 
4426 7 4433 301 F: 7 
4436 4 4452 264 F: 4 
4466 6 4484 165 F: 6 
4471 7 4485 137 F: 4 1 2 
4476 9 4512 265 F: 5 2 2 
4523 6 4541 346 F: 3 3 
4535 12 4571 85 F: 12 
4538 3 4550 15 F: 2 1 
4579 9 4588 138 F: 3 3 3 
4590 7 4604 220 F: 3 1 3 
4630 5 4645 6 F: 2 3 
4632 9 4641 204 F: 7 2 
4666 6 4672 86 F: 6 
4680 10 4700 86 F: 6 4 
4691 5 4711 93 F: 3 2 
4713 5 4723 228 F: 4 1 
4736 5 4751 258 F: 5 
4743 9 4761 44 F: 3 2 4 
4794 13 4833 261 F: 13 
4796 7 4803 7 F: 3 3 1 
4800 9 4818 40 F: 4 4 1 
4814 9 4841 47 F: 5 1 3 
4825 5 4845 80 F: 5 
4838 10 4848 2 F: 5 1 4 
4877 8 4909 348 F: 8 
4912 9 4930 89 F: 3 3 3 
4930 12 4942 232 F: 5 3 4 
4953 10 4993 329 F: 3 3 4 
4966 10 5006 165 F: 2 4 4 
4983 9 4992 244 F: 5 1 3 
5020 2 5026 250 F: 2 
5023 5 5033 66 F: 4 1 
5031 8 5063 309 F: 7 1 
5070 9 5097 178 F: 4 2 3 
5096 4 5100 141 F: 2 1 1 
5125 5 5140 70 F: 5 
5132 8 5164 114 F: 4 1 3 
5150 7 5178 238 F: 5 2 
5162 13 5214 7 F: 13 
5172 10 5202 240 F: 2 4 4 
5218 3 5224 227 F: 3 
5221 11 5232 272 F: 11 
5258 3 5270 216 F: 2 1 
5263 10 5303 117 F: 4 3 3 
5275 8 5283 273 F: 5 2 1 
5314 5 5324 89 F: 5 
5348 3 5354 186 F: 3 
5374 5 5394 31 F: 2 1 2 
5385 10 5415 249 F: 6 4 
5397 10 5417 320 F: 10 
5405 6 5429 244 F: 5 1 
5421 11 5432 255 F: 7 4 
5425 8 5441 176 F: 4 3 1 
5466 13 5492 72 F: 7 6 
5497 7 5525 24 F: 2 1 4 
5502 13 5541 261 F: 7 6 
5522 7 5543 43 F: 7 
5544 11 5566 292 F: 11 
5561 4 5577 60 F: 2 2 
5596 10 5606 330 F: 10 
5607 8 5639 325 F: 3 3 2 
5628 7 5649 301 F: 2 5 
5630 8 5638 302 F: 4 1 3 
5632 6 5656 187 F: 2 2 2 
5636 9 5672 238 F: 4 5 
5726 8 5742 291 F: 5 3 
5729 8 5737 142 F: 5 3 
5745 8 5753 306 F: 4 2 2 
5772 9 5781 28 F: 3 2 4 
5796 11 5818 134 F: 4 3 4 
5809 3 5818 142 F: 3 
5814 5 5829 213 F: 5 
5841 2 5845 197 F: 2 
5883 5 5888 71 F: 2 3 
5892 6 5910 322 F: 2 2 2 
5926 7 5940 320 F: 2 5 
5930 11 5974 229 F: 4 4 3 
5971 4 5983 248 F: 4 
5974 11 5996 27 F: 6 5 
5995 9 6031 174 F: 9 
6007 8 6015 32 F: 3 1 4 
6010 4 6018 342 F: 4 
6026 7 6054 162 F: 7 
6031 12 6055 185 F: 6 6 
6057 3 6066 175 F: 3 
6101 6 6125 131 F: 6 
6107 9 6125 288 F: 3 6 
6115 8 6123 320 F: 6 2 
6126 6 6144 84 F: 6 
6196 8 6220 123 F: 2 3 3 
6206 7 6227 270 F: 3 3 1 
6210 8 6234 22 F: 3 3 2 
6233 13 6272 16 F: 13 
6243 8 6275 59 F: 4 4 
6251 13 6303 137 F: 13 
6303 7 6331 22 F: 4 3 
6319 9 6355 277 F: 3 4 2 
6329 9 6356 346 F: 3 6 
6350 8 6374 308 F: 7 1 
6356 5 6361 22 F: 2 3 
6401 13 6427 87 F: 5 4 4 
6410 13 6423 69 F: 13 
6415 11 6459 115 F: 11 
6456 7 6477 94 F: 2 4 1 
6497 9 6506 51 F: 3 2 4 
6511 3 6514 170 F: 2 1 
6522 4 6530 138 F: 2 2 
6554 8 6578 275 F: 4 4 
6585 2 6587 302 F: 2 
6596 9 6614 7 F: 5 4 
6624 7 6638 35 F: 2 5 
6640 8 6664 199 F: 6 2 
6641 2 6649 210 F: 2 
6658 7 6665 54 F: 4 2 1 
6695 13 6708 103 F: 13 
6742 7 6770 8 F: 2 2 3 
6762 8 6778 185 F: 4 3 1 
6772 8 6788 189 F: 6 2 
6774 9 6792 206 F: 9 
6781 9 6790 139 F: 3 6 
6806 10 6816 129 F: 10 
6810 11 6854 110 F: 11 
6831 2 6837 220 F: 2 
6879 9 6915 28 F: 4 5 
6884 7 6898 335 F: 3 4 
6951 3 6960 200 F: 3 
6951 10 6981 54 F: 6 4 
6966 6 6978 235 F: 2 4 
6973 8 6989 141 F: 3 5 
6995 10 7025 104 F: 5 4 1 
D: 3 268 
D: 10 56 
D: 12 123 
D: 16 33 
D: 23 116 
D: 31 138 
D: 36 89 
D: 36 109 
D: 38 198 
D: 44 324 
D: 81 132 
D: 83 118 
D: 86 209 
D: 89 336 
D: 99 250 
D: 100 177 
D: 103 238 
D: 107 294 
D: 134 223 
D: 134 346 
D: 142 218 
D: 185 230 
D: 185 324 
D: 192 308 
D: 197 318 
D: 208 207 
D: 208 273 
D: 225 317 
D: 230 236 
D: 233 346 
D: 252 306 
D: 254 345 
D: 275 287 
D: 293 348 
D: 321 340 
