8 8 32 262 F: 4 4 
9 10 39 96 F: 3 4 3 
22 3 34 273 F: 3 
57 4 65 322 F: 4 
64 9 100 207 F: 4 4 1 
134 8 158 349 F: 5 1 2 
136 10 146 149 F: 4 2 4 
158 13 210 62 F: 13 
164 2 168 271 F: 2 
182 9 200 27 F: 3 3 3 
212 8 236 221 F: 6 2 
228 3 231 101 F: 3 
230 6 242 307 F: 6 
261 10 271 112 F: 4 2 4 
279 8 303 72 F: 2 6 
309 8 333 324 F: 6 2 
352 7 359 309 F: 6 1 
377 11 410 14 F: 11 
386 9 413 189 F: 5 4 
396 4 404 196 F: 2 1 1 
402 9 429 14 F: 9 
419 11 452 3 F: 5 4 2 
424 7 438 287 F: 3 2 2 
458 7 486 209 F: 4 3 
459 4 471 109 F: 3 1 
502 11 535 309 F: 5 4 2 
516 7 523 117 F: 5 2 
527 9 545 250 F: 3 2 4 
551 4 567 343 F: 4 
586 10 596 133 F: 10 
623 6 635 143 F: 2 2 2 
673 11 706 29 F: 4 4 3 
676 8 692 192 F: 6 2 
680 10 690 16 F: 5 5 
689 7 696 74 F: 7 
709 11 753 300 F: 5 4 2 
749 12 785 252 F: 4 4 4 
772 5 792 177 F: 5 
780 7 801 275 F: 7 
787 4 803 288 F: 2 1 1 
807 8 831 303 F: 8 
820 9 838 59 F: 3 6 
842 9 860 141 F: 3 4 2 
862 7 890 217 F: 4 3 
874 6 898 91 F: 2 1 3 
914 9 941 294 F: 4 5 
933 6 939 102 F: 3 2 1 
934 11 978 94 F: 4 3 4 
959 10 969 201 F: 10 
963 12 1011 59 F: 5 3 4 
1016 6 1028 346 F: 5 1 
1019 8 1027 224 F: 8 
1062 7 1069 239 F: 7 
1070 8 1078 61 F: 2 6 
1084 11 1106 69 F: 11 
1101 7 1108 99 F: 4 2 1 
1105 4 1121 156 F: 2 2 
1114 11 1125 304 F: 5 2 4 
1170 9 1206 197 F: 9 
1195 11 1206 108 F: 11 
1209 12 1221 74 F: 12 
1221 8 1237 276 F: 4 1 3 
1252 10 1282 244 F: 5 1 4 
1265 6 1289 165 F: 6 
1295 6 1307 51 F: 6 
1300 11 1344 269 F: 5 6 
1321 11 1343 76 F: 4 4 3 
1324 12 1360 251 F: 12 
1339 7 1360 349 F: 3 3 1 
1355 4 1363 106 F: 4 
1402 10 1442 22 F: 5 1 4 
1421 7 1428 103 F: 2 5 
1461 10 1501 300 F: 5 4 1 
1467 8 1483 87 F: 8 
1473 5 1488 310 F: 2 1 2 
1512 7 1533 348 F: 7 
1517 11 1550 189 F: 5 3 3 
1543 7 1571 300 F: 2 1 4 
1553 2 1561 30 F: 2 
1569 9 1578 285 F: 4 5 
1614 8 1646 287 F: 6 2 
1642 9 1660 272 F: 3 3 3 
1656 5 1671 163 F: 2 3 
1664 8 1688 304 F: 3 1 4 
1692 11 1725 164 F: 11 
1710 7 1717 112 F: 4 1 2 
1762 4 1778 238 F: 2 1 1 
1790 2 1796 256 F: 2 
1792 3 1795 158 F: 3 
1797 8 1813 133 F: 4 4 
1821 4 1825 185 F: 4 
1840 12 1888 261 F: 12 
1867 9 1885 279 F: 5 1 3 
1870 6 1876 33 F: 6 
1877 7 1905 182 F: 7 
1956 3 1959 272 F: 3 
1975 4 1987 203 F: 2 1 1 
1979 5 1984 339 F: 2 2 1 
1983 6 2001 130 F: 2 4 
1988 7 1995 257 F: 7 
2042 6 2054 202 F: 6 
2046 7 2067 74 F: 2 2 3 
2080 6 2098 2 F: 6 
2086 3 2095 215 F: 3 
2094 11 2138 83 F: 5 4 2 
2155 9 2164 238 F: 5 3 1 
2157 9 2166 53 F: 5 4 
2161 9 2170 234 F: 4 3 2 
2176 6 2188 304 F: 4 2 
2192 4 2208 257 F: 4 
2209 8 2217 221 F: 5 3 
2257 6 2263 69 F: 2 4 
2260 6 2266 52 F: 4 2 
2266 12 2278 132 F: 4 4 4 
2268 12 2280 342 F: 12 
2315 10 2335 282 F: 6 4 
2316 7 2344 60 F: 7 
2331 8 2347 231 F: 6 2 
2351 7 2358 36 F: 7 
2389 6 2407 290 F: 4 1 1 
2444 11 2488 334 F: 11 
2449 2 2457 37 F: 2 
2462 5 2477 142 F: 5 
2478 7 2499 344 F: 2 2 3 
2494 8 2518 110 F: 3 5 
2517 8 2549 88 F: 4 4 
2530 7 2558 143 F: 2 5 
2547 10 2567 190 F: 5 3 2 
2555 6 2573 282 F: 6 
2592 12 2616 133 F: 12 
2601 8 2633 90 F: 7 1 
2613 7 2634 7 F: 2 5 
2670 7 2684 230 F: 3 1 3 
2678 5 2693 64 F: 4 1 
2689 8 2713 166 F: 2 3 3 
2702 7 2723 134 F: 7 
2703 4 2707 16 F: 2 2 
2705 11 2749 213 F: 4 4 3 
2753 12 2801 255 F: 6 6 
2755 10 2765 98 F: 6 4 
2819 12 2831 195 F: 12 
2826 4 2842 176 F: 4 
2826 9 2844 61 F: 3 3 3 
2847 11 2858 271 F: 11 
2863 7 2877 234 F: 7 
2909 3 2915 206 F: 2 1 
2936 12 2984 276 F: 6 6 
2970 8 2978 229 F: 2 2 4 
2974 8 2990 107 F: 3 3 2 
2978 6 2990 108 F: 5 1 
3007 7 3014 279 F: 7 
3038 13 3090 259 F: 13 
3062 7 3090 344 F: 6 1 
3071 6 3089 3 F: 6 
3073 7 3087 143 F: 2 2 3 
3101 7 3115 335 F: 7 
3102 13 3154 227 F: 13 
3137 7 3151 173 F: 3 4 
3142 6 3166 179 F: 2 4 
3193 6 3205 113 F: 4 2 
3231 13 3244 130 F: 13 
3255 7 3269 195 F: 5 1 1 
3255 8 3287 275 F: 5 3 
3285 9 3294 68 F: 4 3 2 
3292 7 3320 120 F: 2 5 
3314 6 3320 102 F: 2 4 
3333 11 3377 142 F: 6 5 
3356 11 3367 48 F: 11 
3370 7 3398 49 F: 2 1 4 
3399 9 3417 275 F: 5 2 2 
3425 11 3436 350 F: 3 4 4 
3463 7 3484 190 F: 2 3 2 
3478 9 3496 50 F: 3 2 4 
3479 2 3481 31 F: 2 
3488 8 3496 213 F: 8 
3503 5 3518 277 F: 3 1 1 
3503 8 3519 121 F: 2 2 4 
3575 8 3599 348 F: 6 2 
3577 9 3613 220 F: 4 5 
3583 8 3591 61 F: 6 2 
3605 11 3638 263 F: 5 6 
3649 3 3655 319 F: 2 1 
3649 8 3681 292 F: 4 2 2 
3662 13 3714 350 F: 13 
3664 12 3688 181 F: 12 
3714 6 3720 181 F: 5 1 
3714 10 3744 187 F: 5 2 3 
3721 11 3765 99 F: 7 4 
3728 7 3742 348 F: 3 1 3 
3762 11 3806 153 F: 5 4 2 
3829 10 3859 255 F: 5 3 2 
3871 9 3889 57 F: 3 3 3 
3873 12 3885 140 F: 7 5 
3886 10 3926 243 F: 5 4 1 
3896 12 3920 45 F: 7 5 
3932 5 3952 295 F: 2 3 
3938 11 3982 302 F: 5 2 4 
3943 9 3979 258 F: 5 1 3 
3970 4 3974 34 F: 4 
3971 10 4001 76 F: 5 5 
4034 9 4052 64 F: 5 1 3 
4038 6 4050 155 F: 2 4 
4075 11 4097 146 F: 11 
4085 5 4100 327 F: 2 2 1 
4085 11 4096 5 F: 11 
4139 8 4171 161 F: 2 3 3 
4155 7 4183 37 F: 3 4 
4161 2 4163 135 F: 2 
4175 6 4193 238 F: 3 3 
4195 9 4231 193 F: 3 2 4 
4201 5 4221 215 F: 4 1 
4202 7 4216 342 F: 5 2 
4213 10 4233 235 F: 10 
4229 8 4261 271 F: 2 6 
4278 9 4314 225 F: 4 4 1 
4317 11 4328 103 F: 5 6 
4321 5 4331 119 F: 3 2 
4340 11 4384 75 F: 11 
4353 10 4363 260 F: 5 5 
4360 10 4370 327 F: 4 3 3 
4408 12 4420 247 F: 7 5 
4413 4 4429 79 F: 4 
4416 8 4448 298 F: 3 1 4 
4445 4 4461 21 F: 4 
4468 9 4477 116 F: 9 
4517 7 4531 29 F: 3 4 
4558 4 4570 207 F: 3 1 
4570 9 4606 238 F: 9 
4574 8 4606 329 F: 6 2 
4580 3 4592 244 F: 3 
4622 7 4636 139 F: 7 
4648 5 4658 256 F: 2 2 1 
4666 5 4671 146 F: 2 2 1 
4686 7 4707 29 F: 3 1 3 
4696 9 4705 54 F: 6 3 
4703 7 4731 135 F: 5 1 1 
4743 4 4747 148 F: 3 1 
4747 6 4771 208 F: 2 1 3 
4757 8 4773 316 F: 6 2 
4762 9 4798 217 F: 5 2 2 
4853 9 4880 320 F: 5 4 
4872 7 4879 131 F: 3 1 3 
4877 6 4901 101 F: 5 1 
4889 9 4916 306 F: 7 2 
4897 12 4933 235 F: 6 6 
4907 11 4951 161 F: 5 6 
4940 13 4992 49 F: 5 4 4 
4959 8 4975 30 F: 3 5 
4987 10 5027 20 F: 4 6 
4996 11 5029 278 F: 5 4 2 
5029 7 5050 155 F: 6 1 
5066 12 5078 119 F: 12 
5071 5 5086 253 F: 3 1 1 
5074 6 5080 20 F: 2 4 
5080 5 5090 294 F: 5 
5109 11 5120 35 F: 6 5 
5148 8 5156 138 F: 2 6 
5157 2 5161 15 F: 2 
5170 13 5183 328 F: 5 4 4 
5191 2 5195 309 F: 2 
5218 12 5254 173 F: 12 
5282 6 5300 309 F: 5 1 
5289 3 5298 116 F: 2 1 
5293 6 5317 153 F: 6 
5295 5 5305 45 F: 2 2 1 
5318 3 5324 291 F: 2 1 
5348 9 5384 211 F: 6 3 
5355 4 5367 270 F: 2 2 
5357 9 5375 183 F: 6 3 
5361 2 5367 165 F: 2 
5457 4 5469 289 F: 3 1 
5459 7 5473 113 F: 6 1 
5472 11 5494 242 F: 4 3 4 
5474 7 5481 195 F: 3 1 3 
5494 5 5514 93 F: 5 
5504 5 5519 200 F: 2 1 2 
5526 8 5550 119 F: 3 3 2 
5532 9 5541 231 F: 3 4 2 
5582 8 5606 28 F: 8 
5589 11 5611 336 F: 11 
5667 10 5687 244 F: 4 3 3 
5668 7 5675 222 F: 3 4 
5669 7 5683 319 F: 3 1 3 
5670 9 5679 20 F: 9 
5680 10 5710 238 F: 10 
5701 11 5745 161 F: 11 
5730 11 5741 189 F: 7 4 
5736 8 5760 224 F: 8 
5742 8 5766 130 F: 3 5 
5764 9 5782 338 F: 4 5 
5824 11 5835 198 F: 11 
5859 7 5866 340 F: 3 4 
5888 7 5909 309 F: 6 1 
5888 13 5927 197 F: 5 4 4 
5898 6 5904 324 F: 4 2 
5927 6 5933 220 F: 6 
5928 12 5952 306 F: 6 6 
5933 6 5951 120 F: 2 2 2 
5940 12 5964 295 F: 5 3 4 
5976 11 5998 302 F: 11 
6000 12 6036 72 F: 7 5 
6009 7 6037 230 F: 2 4 1 
6015 9 6051 187 F: 7 2 
6023 6 6035 43 F: 6 
6050 8 6082 238 F: 3 5 
6110 9 6137 221 F: 4 4 1 
6122 9 6140 288 F: 7 2 
6142 12 6190 107 F: 12 
6149 12 6197 40 F: 4 4 4 
6155 10 6195 8 F: 10 
6236 5 6256 245 F: 2 3 
6236 9 6272 303 F: 4 5 
6270 3 6273 236 F: 3 
6281 10 6301 71 F: 10 
6285 7 6299 198 F: 2 5 
6329 6 6347 66 F: 6 
6348 7 6369 302 F: 7 
6365 9 6374 175 F: 2 3 4 
6373 8 6397 311 F: 8 
6399 12 6447 73 F: 6 6 
6422 3 6431 237 F: 3 
6455 12 6467 194 F: 6 6 
6469 2 6471 92 F: 2 
6480 8 6496 16 F: 8 
6487 9 6496 19 F: 5 2 2 
6503 9 6530 299 F: 9 
6509 9 6536 294 F: 5 4 
6518 10 6538 150 F: 4 2 4 
6561 12 6609 300 F: 12 
6583 8 6607 34 F: 4 2 2 
6612 11 6645 289 F: 5 3 3 
6613 9 6640 255 F: 5 3 1 
6624 13 6637 224 F: 13 
6673 4 6681 192 F: 4 
6696 6 6714 58 F: 4 1 1 
6701 6 6719 48 F: 2 1 3 
6708 4 6724 144 F: 3 1 
6744 10 6764 49 F: 4 6 
6788 11 6821 305 F: 5 6 
6790 6 6796 313 F: 2 4 
6810 13 6836 270 F: 13 
6827 12 6851 61 F: 12 
6872 10 6882 243 F: 10 
6878 7 6899 177 F: 2 1 4 
6892 7 6920 38 F: 2 5 
6906 4 6918 58 F: 4 
6916 9 6943 168 F: 5 3 1 
6941 6 6947 93 F: 6 
6952 7 6966 210 F: 4 1 2 
6971 10 7011 292 F: 4 3 3 
D: 3 19 
D: 4 13 
D: 5 159 
D: 27 289 
D: 43 280 
D: 47 250 
D: 51 279 
D: 52 272 
D: 56 104 
D: 57 83 
D: 82 201 
D: 88 304 
D: 92 208 
D: 95 347 
D: 98 118 
D: 99 276 
D: 110 204 
D: 111 251 
D: 115 148 
D: 118 208 
D: 122 138 
D: 124 302 
D: 142 230 
D: 150 160 
D: 160 244 
D: 164 344 
D: 166 171 
D: 173 289 
D: 177 323 
D: 187 227 
D: 203 295 
D: 208 339 
D: 226 340 
D: 250 318 
D: 265 306 
