27 7 48 99 F: 3 3 1 
34 12 46 115 F: 12 
47 11 69 127 F: 6 5 
88 6 106 169 F: 3 2 1 
94 4 110 137 F: 2 2 
131 5 146 28 F: 5 
133 6 139 2 F: 3 3 
135 6 159 27 F: 2 2 2 
143 6 161 100 F: 2 2 2 
179 4 187 37 F: 2 2 
235 7 242 167 F: 6 1 
252 8 260 274 F: 8 
262 10 302 279 F: 3 3 4 
273 6 279 346 F: 4 1 1 
286 13 299 193 F: 13 
304 9 331 126 F: 6 3 
310 7 324 125 F: 4 3 
332 6 344 149 F: 6 
357 6 363 185 F: 6 
399 9 426 244 F: 6 3 
427 7 434 305 F: 5 2 
433 7 461 271 F: 2 4 1 
443 13 495 100 F: 13 
469 12 481 70 F: 7 5 
484 10 514 98 F: 7 3 
506 10 516 256 F: 6 4 
524 9 551 275 F: 9 
539 11 583 37 F: 5 6 
580 13 619 292 F: 13 
590 6 614 33 F: 2 2 2 
612 3 615 226 F: 3 
614 5 629 206 F: 3 1 1 
618 10 658 345 F: 6 4 
633 12 645 125 F: 6 6 
646 4 654 220 F: 3 1 
727 8 751 270 F: 2 3 3 
760 6 784 76 F: 2 1 3 
761 6 767 62 F: 6 
768 9 777 341 F: 5 4 
796 5 816 30 F: 5 
813 12 825 349 F: 12 
859 9 895 346 F: 9 
868 3 874 171 F: 3 
869 11 913 325 F: 3 4 4 
893 7 914 60 F: 7 
910 6 928 299 F: 6 
952 7 973 272 F: 2 3 2 
963 6 975 259 F: 2 4 
970 6 994 183 F: 4 2 
976 8 984 108 F: 7 1 
1008 7 1036 268 F: 3 3 1 
1024 9 1060 114 F: 9 
1026 9 1053 255 F: 3 6 
1056 7 1084 60 F: 7 
1082 11 1104 27 F: 11 
1100 11 1144 147 F: 4 4 3 
1113 5 1133 205 F: 2 2 1 
1113 6 1119 195 F: 5 1 
1187 9 1223 137 F: 3 3 3 
1197 10 1227 249 F: 3 3 4 
1209 11 1242 26 F: 11 
1229 8 1245 157 F: 8 
1257 5 1262 113 F: 2 3 
1258 7 1286 340 F: 4 1 2 
1294 11 1338 105 F: 11 
1327 7 1348 26 F: 4 3 
1330 6 1354 193 F: 2 2 2 
1350 5 1360 64 F: 5 
1385 8 1401 296 F: 5 2 1 
1396 2 1398 119 F: 2 
1410 8 1426 210 F: 8 
1432 12 1456 19 F: 5 4 3 
1480 10 1490 244 F: 4 6 
1487 5 1502 76 F: 2 1 2 
1490 6 1496 156 F: 4 1 1 
1500 10 1510 308 F: 4 6 
1500 13 1552 318 F: 7 6 
1551 5 1571 124 F: 5 
1564 11 1575 74 F: 11 
1587 7 1594 311 F: 2 5 
1625 7 1653 60 F: 7 
1631 11 1642 332 F: 4 4 3 
1645 4 1649 71 F: 2 1 1 
1654 10 1694 240 F: 4 4 2 
1669 12 1693 176 F: 12 
1706 9 1724 253 F: 5 4 
1707 6 1731 254 F: 6 
1722 9 1740 301 F: 7 2 
1723 5 1738 295 F: 2 1 2 
1729 10 1739 254 F: 4 4 2 
1813 7 1834 219 F: 5 1 1 
1818 8 1842 102 F: 2 3 3 
1822 8 1854 179 F: 6 2 
1896 12 1908 312 F: 7 5 
1898 11 1920 135 F: 11 
1914 6 1938 217 F: 2 1 3 
1918 7 1932 2 F: 5 2 
1935 6 1959 32 F: 3 2 1 
1961 7 1982 90 F: 6 1 
1995 6 2019 100 F: 2 1 3 
2026 10 2036 87 F: 6 4 
2030 11 2074 328 F: 5 6 
2037 11 2070 268 F: 7 4 
2043 10 2073 299 F: 4 6 
2075 11 2108 116 F: 5 3 3 
2104 11 2115 6 F: 4 3 4 
2113 6 2131 197 F: 2 4 
2154 8 2162 28 F: 4 3 1 
2165 9 2174 217 F: 5 3 1 
2193 13 2232 18 F: 7 6 
2209 10 2229 217 F: 2 4 4 
2214 6 2226 142 F: 2 3 1 
2225 7 2232 298 F: 4 2 1 
2257 9 2293 289 F: 4 2 3 
2269 11 2280 53 F: 11 
2319 7 2340 246 F: 4 3 
2331 13 2344 278 F: 13 
2334 6 2352 252 F: 6 
2372 8 2404 43 F: 3 2 3 
2388 8 2396 238 F: 3 5 
2437 10 2467 288 F: 5 2 3 
2448 9 2475 44 F: 5 4 
2455 7 2483 300 F: 2 2 3 
2486 2 2488 239 F: 2 
2487 7 2501 302 F: 2 2 3 
2508 8 2524 202 F: 5 3 
2541 8 2573 93 F: 4 4 
2544 9 2580 50 F: 7 2 
2551 4 2563 325 F: 3 1 
2569 12 2605 241 F: 6 6 
2621 12 2645 48 F: 12 
2623 11 2634 31 F: 3 4 4 
2630 6 2636 208 F: 3 3 
2635 9 2671 31 F: 9 
2694 9 2721 181 F: 9 
2713 11 2735 216 F: 11 
2735 9 2744 334 F: 6 3 
2740 5 2760 91 F: 3 2 
2751 7 2772 243 F: 5 1 1 
2751 7 2779 276 F: 4 1 2 
2857 10 2897 61 F: 5 1 4 
2864 2 2872 345 F: 2 
2868 7 2889 295 F: 6 1 
2888 8 2912 269 F: 7 1 
2896 10 2926 254 F: 3 3 4 
2901 7 2922 331 F: 6 1 
2903 6 2927 304 F: 6 
2923 11 2956 259 F: 5 2 4 
2981 7 2988 36 F: 2 3 2 
2997 9 3006 91 F: 5 4 
3035 8 3059 128 F: 3 4 1 
3082 7 3103 259 F: 4 3 
3085 3 3088 333 F: 3 
3089 6 3095 279 F: 5 1 
3092 7 3099 199 F: 5 1 1 
3112 8 3144 286 F: 4 3 1 
3134 5 3154 127 F: 5 
3159 8 3167 334 F: 5 3 
3172 9 3208 124 F: 9 
3182 9 3209 17 F: 3 3 3 
3221 9 3257 157 F: 3 2 4 
3227 9 3254 277 F: 9 
3242 10 3282 155 F: 5 1 4 
3287 5 3302 291 F: 2 3 
3297 5 3312 261 F: 2 2 1 
3315 3 3321 262 F: 2 1 
3317 9 3326 347 F: 4 5 
3326 7 3340 14 F: 3 1 3 
3332 10 3342 42 F: 5 4 1 
3374 9 3392 30 F: 9 
3439 6 3463 148 F: 6 
3452 7 3480 306 F: 3 4 
3455 9 3464 83 F: 5 3 1 
3477 7 3484 277 F: 4 3 
3481 6 3493 224 F: 3 2 1 
3500 12 3536 315 F: 5 4 3 
3553 13 3579 189 F: 13 
3564 4 3568 138 F: 4 
3570 6 3588 87 F: 4 1 1 
3595 8 3619 280 F: 5 2 1 
3603 6 3621 74 F: 3 2 1 
3620 5 3625 223 F: 2 1 2 
3629 10 3639 321 F: 5 1 4 
3665 10 3675 252 F: 4 3 3 
3674 10 3714 19 F: 4 2 4 
3701 4 3705 190 F: 2 1 1 
3706 11 3728 233 F: 5 6 
3743 10 3773 318 F: 7 3 
3745 7 3759 107 F: 3 1 3 
3755 10 3785 225 F: 5 2 3 
3846 3 3858 174 F: 2 1 
3873 8 3889 182 F: 8 
3883 9 3910 257 F: 7 2 
3887 3 3899 182 F: 3 
3890 13 3903 198 F: 13 
3908 7 3929 28 F: 6 1 
3923 11 3967 247 F: 5 6 
3935 6 3947 274 F: 3 3 
3950 8 3958 335 F: 3 5 
3997 12 4021 199 F: 7 5 
4010 11 4021 216 F: 11 
4012 7 4019 348 F: 7 
4044 8 4068 22 F: 2 4 2 
4071 10 4111 202 F: 3 3 4 
4077 10 4087 330 F: 4 3 3 
4102 8 4134 209 F: 2 6 
4103 4 4119 200 F: 4 
4152 6 4158 178 F: 5 1 
4163 12 4187 203 F: 12 
4185 10 4205 5 F: 10 
4204 11 4215 37 F: 7 4 
4237 6 4255 20 F: 6 
4245 9 4254 341 F: 4 2 3 
4293 6 4299 147 F: 6 
4299 5 4314 114 F: 5 
4319 7 4347 264 F: 6 1 
4338 7 4352 302 F: 4 1 2 
4349 8 4381 83 F: 2 6 
4349 10 4379 30 F: 3 3 4 
4399 7 4420 199 F: 7 
4401 6 4425 136 F: 2 3 1 
4421 11 4465 122 F: 11 
4440 13 4479 130 F: 13 
4469 7 4483 320 F: 2 5 
4471 6 4489 241 F: 4 1 1 
4501 2 4505 170 F: 2 
4513 3 4519 37 F: 3 
4530 8 4546 296 F: 5 1 2 
4577 11 4599 65 F: 5 4 2 
4596 9 4632 281 F: 9 
4609 8 4617 135 F: 5 3 
4620 7 4627 316 F: 7 
4656 8 4664 40 F: 2 3 3 
4656 10 4676 248 F: 7 3 
4669 10 4709 25 F: 5 1 4 
4728 6 4752 160 F: 2 2 2 
4732 10 4742 208 F: 10 
4749 3 4761 267 F: 3 
4761 9 4770 219 F: 4 4 1 
4779 10 4819 289 F: 5 3 2 
4806 9 4833 284 F: 2 3 4 
4819 10 4859 294 F: 10 
4821 8 4853 226 F: 3 5 
4857 5 4862 105 F: 2 2 1 
4896 6 4914 112 F: 4 1 1 
4906 3 4909 261 F: 3 
4928 7 4949 226 F: 7 
4982 7 4996 83 F: 3 1 3 
4985 10 5015 49 F: 5 2 3 
4994 10 5014 314 F: 5 5 
5023 10 5033 200 F: 3 3 4 
5033 8 5041 69 F: 6 2 
5064 11 5075 224 F: 5 6 
5072 10 5112 191 F: 2 4 4 
5090 13 5103 68 F: 13 
5123 13 5162 229 F: 13 
5167 6 5173 173 F: 2 4 
5172 7 5179 157 F: 3 2 2 
5178 11 5211 326 F: 11 
5191 11 5202 93 F: 7 4 
5224 8 5240 248 F: 4 4 
5228 3 5237 80 F: 3 
5228 12 5276 163 F: 12 
5262 4 5270 101 F: 2 2 
5280 10 5310 220 F: 5 1 4 
5306 11 5350 290 F: 5 3 3 
5330 6 5354 293 F: 4 2 
5342 9 5378 107 F: 6 3 
5360 6 5384 319 F: 3 2 1 
5364 8 5380 89 F: 5 3 
5403 7 5410 147 F: 4 3 
5443 10 5473 144 F: 10 
5450 9 5459 349 F: 9 
5484 11 5506 270 F: 5 6 
5493 5 5513 101 F: 5 
5510 12 5534 175 F: 7 5 
5526 10 5546 46 F: 5 4 1 
5567 4 5583 335 F: 4 
5585 7 5599 31 F: 2 2 3 
5595 5 5610 203 F: 5 
5638 4 5654 342 F: 4 
5666 9 5684 322 F: 9 
5666 10 5686 176 F: 4 6 
5674 10 5684 74 F: 10 
5683 11 5694 293 F: 5 4 2 
5706 13 5732 259 F: 7 6 
5732 3 5735 345 F: 3 
5750 12 5798 100 F: 7 5 
5755 7 5769 156 F: 7 
5758 5 5763 319 F: 5 
5820 6 5832 61 F: 6 
5830 10 5840 1 F: 2 4 4 
5844 9 5853 174 F: 6 3 
5847 10 5877 321 F: 5 3 2 
5869 8 5877 66 F: 4 2 2 
5906 5 5916 79 F: 2 3 
5906 9 5915 280 F: 3 6 
5936 2 5940 310 F: 2 
5967 7 5974 78 F: 4 1 2 
5993 10 6013 274 F: 10 
6000 3 6012 343 F: 2 1 
6063 5 6083 105 F: 5 
6071 3 6083 343 F: 2 1 
6086 9 6095 250 F: 5 4 
6089 12 6137 8 F: 4 4 4 
6122 3 6134 260 F: 3 
6143 13 6156 321 F: 13 
6160 5 6175 206 F: 3 2 
6174 10 6194 181 F: 2 4 4 
6188 8 6204 161 F: 3 2 3 
6210 10 6250 331 F: 5 3 2 
6251 5 6266 48 F: 4 1 
6255 7 6262 81 F: 7 
6287 11 6320 156 F: 11 
6292 7 6320 348 F: 3 4 
6302 11 6313 235 F: 11 
6308 8 6324 328 F: 5 1 2 
6322 5 6342 311 F: 2 3 
6336 11 6358 215 F: 4 3 4 
6338 9 6356 198 F: 2 4 3 
6408 9 6417 145 F: 9 
6445 8 6461 181 F: 4 4 
6448 5 6463 163 F: 2 3 
6460 6 6484 195 F: 2 1 3 
6489 6 6501 33 F: 3 1 2 
6513 10 6533 280 F: 3 3 4 
6544 13 6570 254 F: 13 
6552 5 6562 292 F: 2 1 2 
6559 8 6575 142 F: 5 3 
6580 11 6624 227 F: 4 3 4 
6605 13 6631 80 F: 5 4 4 
6631 8 6663 48 F: 4 2 2 
6658 5 6663 242 F: 5 
6664 10 6674 254 F: 5 4 1 
6669 6 6687 168 F: 6 
6701 6 6707 105 F: 6 
6713 6 6737 28 F: 6 
6755 13 6781 76 F: 13 
6759 4 6767 316 F: 4 
6768 8 6776 52 F: 7 1 
6818 7 6839 251 F: 2 4 1 
6827 7 6841 185 F: 7 
6881 8 6897 174 F: 7 1 
6881 9 6899 235 F: 4 3 2 
6891 4 6895 206 F: 2 1 1 
6914 8 6946 78 F: 2 6 
6937 10 6977 169 F: 10 
6970 7 6991 109 F: 3 2 2 
6982 6 7006 260 F: 2 4 
6993 2 6995 36 F: 2 
D: 3 197 
D: 5 308 
D: 14 229 
D: 27 247 
D: 28 220 
D: 28 258 
D: 30 59 
D: 30 267 
D: 31 59 
D: 33 126 
D: 34 130 
D: 37 255 
D: 91 130 
D: 94 131 
D: 100 287 
D: 107 140 
D: 107 155 
D: 128 139 
D: 132 259 
D: 134 208 
D: 143 149 
D: 163 291 
D: 176 331 
D: 186 315 
D: 191 286 
D: 193 231 
D: 195 242 
D: 195 261 
D: 196 313 
D: 205 303 
D: 210 226 
D: 213 296 
D: 215 250 
D: 215 304 
D: 238 243 
