22 9 49 118 F: 6 3 
36 12 60 287 F: 12 
80 10 90 223 F: 4 6 
89 11 122 92 F: 3 4 4 
98 9 125 7 F: 4 5 
116 8 148 323 F: 4 1 3 
130 9 148 231 F: 4 5 
173 12 197 282 F: 6 6 
183 9 210 283 F: 2 3 4 
193 11 237 148 F: 5 3 3 
216 8 248 347 F: 5 3 
221 8 245 244 F: 3 5 
230 9 239 349 F: 2 3 4 
248 6 266 91 F: 2 1 3 
281 5 286 241 F: 5 
317 12 365 300 F: 5 3 4 
353 8 385 24 F: 2 3 3 
362 4 370 145 F: 2 2 
362 6 386 79 F: 3 2 1 
373 8 405 135 F: 3 5 
433 11 444 201 F: 11 
453 4 461 287 F: 4 
457 6 463 236 F: 2 4 
460 10 490 109 F: 4 6 
486 5 496 44 F: 5 
511 10 541 119 F: 10 
527 5 547 302 F: 5 
579 8 587 156 F: 4 4 
581 11 592 240 F: 4 3 4 
584 7 612 143 F: 5 2 
625 10 635 348 F: 4 6 
635 11 679 210 F: 11 
655 7 662 5 F: 3 1 3 
688 8 720 161 F: 3 3 2 
693 7 707 146 F: 4 2 1 
725 10 765 181 F: 5 3 2 
735 5 745 301 F: 2 2 1 
750 4 754 91 F: 3 1 
753 5 763 15 F: 5 
763 13 815 237 F: 13 
815 9 824 24 F: 9 
824 7 852 216 F: 6 1 
831 7 838 284 F: 7 
860 6 884 5 F: 2 3 1 
888 9 897 270 F: 6 3 
939 7 960 190 F: 7 
974 8 982 65 F: 4 2 2 
974 8 998 47 F: 6 2 
981 2 987 5 F: 2 
993 8 1001 103 F: 5 3 
1015 10 1055 120 F: 10 
1043 13 1082 346 F: 13 
1046 10 1056 195 F: 5 4 1 
1056 8 1080 170 F: 4 3 1 
1087 13 1126 171 F: 13 
1145 13 1171 60 F: 13 
1148 7 1155 325 F: 2 3 2 
1156 7 1177 221 F: 7 
1171 7 1178 26 F: 6 1 
1196 9 1232 47 F: 9 
1200 3 1206 283 F: 3 
1217 8 1241 108 F: 3 1 4 
1223 8 1255 329 F: 3 2 3 
1263 8 1287 254 F: 8 
1297 7 1318 152 F: 4 2 1 
1302 9 1329 320 F: 9 
1314 9 1341 82 F: 4 3 2 
1333 6 1345 173 F: 2 2 2 
1337 8 1361 297 F: 3 2 3 
1359 5 1379 32 F: 2 2 1 
1432 10 1462 173 F: 6 4 
1448 5 1458 24 F: 5 
1448 7 1455 344 F: 2 2 3 
1473 9 1500 315 F: 4 5 
1480 10 1500 345 F: 3 3 4 
1522 11 1533 240 F: 5 2 4 
1526 11 1570 318 F: 5 3 3 
1550 7 1578 151 F: 6 1 
1562 4 1566 213 F: 3 1 
1566 10 1606 320 F: 4 4 2 
1630 11 1652 344 F: 4 4 3 
1635 9 1662 124 F: 3 4 2 
1664 8 1696 142 F: 3 1 4 
1680 9 1707 120 F: 3 4 2 
1696 3 1708 304 F: 3 
1700 12 1724 200 F: 7 5 
1743 9 1752 197 F: 4 5 
1794 6 1812 21 F: 3 2 1 
1797 8 1813 93 F: 2 6 
1799 8 1823 141 F: 5 1 2 
1800 13 1839 104 F: 13 
1842 11 1853 103 F: 7 4 
1860 6 1872 311 F: 3 3 
1880 9 1907 315 F: 3 3 3 
1890 9 1917 117 F: 2 3 4 
1902 8 1918 49 F: 3 2 3 
1925 10 1935 136 F: 2 4 4 
1940 8 1956 87 F: 3 1 4 
1947 2 1949 241 F: 2 
1960 11 1982 138 F: 5 4 2 
2052 13 2104 313 F: 13 
2062 8 2078 28 F: 4 1 3 
2063 12 2099 274 F: 12 
2085 7 2099 25 F: 4 3 
2087 13 2126 161 F: 5 4 4 
2110 8 2134 337 F: 8 
2138 9 2165 123 F: 9 
2157 8 2189 13 F: 3 5 
2170 2 2176 86 F: 2 
2177 7 2198 113 F: 4 3 
2210 8 2242 101 F: 4 4 
2218 9 2254 293 F: 4 1 4 
2230 9 2248 271 F: 9 
2246 10 2266 128 F: 2 4 4 
2259 5 2279 192 F: 5 
2310 10 2350 231 F: 3 4 3 
2338 11 2382 44 F: 6 5 
2361 6 2367 28 F: 3 3 
2365 9 2401 18 F: 9 
2386 8 2410 294 F: 4 3 1 
2462 7 2490 200 F: 3 4 
2468 7 2475 83 F: 7 
2472 11 2483 32 F: 11 
2480 7 2494 25 F: 4 1 2 
2498 7 2505 241 F: 3 1 3 
2508 6 2532 122 F: 3 2 1 
2536 10 2546 281 F: 4 4 2 
2537 6 2555 221 F: 2 2 2 
2572 7 2586 2 F: 3 4 
2573 12 2621 40 F: 12 
2607 9 2625 152 F: 3 3 3 
2620 11 2653 275 F: 3 4 4 
2630 7 2644 279 F: 2 4 1 
2630 8 2646 123 F: 8 
2654 9 2663 14 F: 6 3 
2703 8 2719 116 F: 4 2 2 
2716 8 2740 112 F: 6 2 
2722 10 2762 244 F: 10 
2760 13 2786 335 F: 13 
2764 9 2782 281 F: 4 1 4 
2809 7 2837 349 F: 4 2 1 
2832 5 2837 116 F: 3 2 
2835 9 2862 247 F: 3 4 2 
2845 10 2855 318 F: 10 
2896 7 2903 322 F: 7 
2905 12 2953 35 F: 7 5 
2950 8 2966 226 F: 4 4 
2954 3 2966 268 F: 3 
2958 8 2966 259 F: 8 
2970 6 2988 321 F: 2 3 1 
3023 9 3041 272 F: 2 3 4 
3049 5 3054 147 F: 2 3 
3059 6 3083 57 F: 6 
3066 7 3080 135 F: 2 2 3 
3098 3 3110 19 F: 2 1 
3113 8 3129 116 F: 3 4 1 
3119 11 3141 329 F: 11 
3125 6 3143 254 F: 3 2 1 
3127 7 3134 230 F: 5 2 
3165 11 3198 215 F: 5 2 4 
3226 6 3250 49 F: 6 
3235 7 3249 151 F: 7 
3271 4 3287 76 F: 4 
3285 11 3296 85 F: 11 
3290 5 3305 224 F: 3 2 
3308 8 3340 317 F: 3 5 
3308 12 3344 188 F: 12 
3381 8 3413 49 F: 3 5 
3392 10 3422 19 F: 10 
3399 9 3417 335 F: 3 6 
3404 7 3425 216 F: 5 2 
3438 9 3456 333 F: 9 
3449 9 3485 135 F: 4 1 4 
3480 4 3484 249 F: 4 
3487 4 3503 319 F: 3 1 
3530 8 3562 179 F: 3 5 
3545 10 3555 70 F: 5 5 
3559 4 3571 221 F: 4 
3566 11 3577 192 F: 11 
3578 8 3602 25 F: 7 1 
3629 8 3653 173 F: 3 4 1 
3659 4 3671 285 F: 4 
3661 8 3677 265 F: 4 3 1 
3680 5 3695 234 F: 2 1 2 
3688 8 3704 266 F: 4 4 
3700 12 3712 66 F: 12 
3736 11 3780 189 F: 11 
3738 10 3758 269 F: 2 4 4 
3749 3 3761 333 F: 3 
3799 7 3806 214 F: 4 1 2 
3830 12 3842 141 F: 12 
3832 11 3854 221 F: 6 5 
3858 8 3866 146 F: 2 2 4 
3875 9 3893 148 F: 6 3 
3895 8 3903 16 F: 2 6 
3911 11 3955 72 F: 11 
3931 11 3953 325 F: 11 
3944 10 3954 194 F: 5 5 
3960 12 3996 263 F: 7 5 
3979 7 3986 35 F: 6 1 
4004 7 4011 16 F: 2 3 2 
4019 4 4035 158 F: 4 
4065 8 4089 141 F: 6 2 
4074 8 4090 218 F: 2 6 
4083 8 4107 303 F: 8 
4103 8 4119 215 F: 4 3 1 
4112 6 4130 151 F: 5 1 
4160 8 4176 35 F: 2 3 3 
4166 8 4174 233 F: 7 1 
4180 11 4202 247 F: 11 
4206 6 4230 111 F: 2 3 1 
4238 13 4290 157 F: 13 
4278 9 4314 336 F: 9 
4286 5 4296 131 F: 5 
4299 11 4332 77 F: 11 
4308 13 4321 314 F: 5 4 4 
4315 5 4335 320 F: 5 
4372 12 4408 40 F: 12 
4386 6 4410 243 F: 2 4 
4390 12 4414 252 F: 6 6 
4430 9 4457 45 F: 9 
4454 8 4470 321 F: 8 
4473 12 4509 183 F: 12 
4476 5 4496 220 F: 3 2 
4485 10 4495 166 F: 4 6 
4553 5 4563 241 F: 5 
4561 6 4579 153 F: 6 
4576 7 4604 62 F: 4 2 1 
4580 5 4595 63 F: 2 1 2 
4582 10 4592 139 F: 4 6 
4610 8 4618 215 F: 4 1 3 
4646 5 4651 288 F: 5 
4673 9 4700 155 F: 5 2 2 
4677 3 4683 49 F: 3 
4691 4 4703 293 F: 4 
4721 8 4753 268 F: 8 
4733 5 4748 338 F: 3 2 
4739 6 4745 194 F: 6 
4776 5 4781 337 F: 5 
4788 4 4792 298 F: 4 
4831 10 4851 281 F: 3 3 4 
4864 9 4873 322 F: 9 
4875 5 4885 243 F: 2 3 
4888 9 4924 245 F: 9 
4899 8 4915 283 F: 8 
4902 8 4926 198 F: 3 3 2 
4947 11 4980 143 F: 4 4 3 
4959 9 4986 192 F: 7 2 
4982 12 4994 173 F: 12 
4987 7 5015 330 F: 6 1 
5011 11 5055 290 F: 11 
5020 9 5038 24 F: 7 2 
5035 6 5041 340 F: 5 1 
5069 8 5077 51 F: 8 
5069 13 5108 152 F: 13 
5109 12 5157 127 F: 4 4 4 
5110 9 5119 71 F: 3 6 
5169 3 5181 135 F: 3 
5183 6 5195 97 F: 2 4 
5195 8 5211 18 F: 4 2 2 
5212 4 5216 231 F: 3 1 
5225 9 5261 111 F: 4 4 1 
5258 4 5270 195 F: 4 
5262 13 5288 192 F: 5 4 4 
5280 8 5296 83 F: 3 5 
5315 12 5363 272 F: 12 
5317 7 5331 106 F: 7 
5358 8 5390 84 F: 4 3 1 
5362 12 5374 315 F: 7 5 
5376 13 5389 289 F: 13 
5479 11 5490 148 F: 4 3 4 
5485 4 5493 112 F: 4 
5493 9 5502 91 F: 9 
5493 9 5511 50 F: 5 3 1 
5497 10 5537 88 F: 4 6 
5528 4 5544 1 F: 4 
5539 4 5551 153 F: 3 1 
5579 11 5612 104 F: 5 2 4 
5597 9 5615 228 F: 4 5 
5599 10 5609 189 F: 4 6 
5608 7 5615 95 F: 7 
5627 11 5671 98 F: 11 
5667 12 5715 134 F: 7 5 
5671 4 5675 148 F: 4 
5694 6 5706 163 F: 2 4 
5747 7 5775 51 F: 2 3 2 
5750 13 5763 91 F: 13 
5751 7 5772 196 F: 5 2 
5777 7 5784 11 F: 2 2 3 
5783 6 5801 218 F: 3 2 1 
5804 11 5826 279 F: 5 2 4 
5814 7 5835 227 F: 2 2 3 
5852 8 5876 81 F: 5 2 1 
5862 12 5910 75 F: 12 
5897 10 5927 133 F: 3 4 3 
5933 9 5942 32 F: 3 6 
5940 4 5956 312 F: 2 2 
5940 8 5948 159 F: 4 4 
5945 6 5963 343 F: 2 2 2 
5982 9 5991 63 F: 2 4 3 
6007 11 6029 52 F: 6 5 
6015 10 6055 58 F: 5 4 1 
6025 10 6035 248 F: 6 4 
6040 9 6049 112 F: 9 
6086 8 6110 236 F: 8 
6131 8 6147 119 F: 2 6 
6157 10 6167 18 F: 5 3 2 
6164 6 6188 311 F: 2 3 1 
6175 2 6183 223 F: 2 
6190 7 6197 195 F: 4 2 1 
6214 11 6247 39 F: 11 
6218 11 6251 173 F: 5 3 3 
6226 9 6244 116 F: 9 
6272 6 6290 313 F: 6 
6292 4 6308 56 F: 4 
6302 7 6316 15 F: 7 
6330 6 6354 52 F: 6 
6334 10 6374 229 F: 5 3 2 
6347 9 6365 189 F: 4 3 2 
6388 7 6409 290 F: 3 4 
6452 9 6488 191 F: 5 3 1 
6467 10 6497 143 F: 5 4 1 
6474 4 6486 235 F: 4 
6478 8 6486 239 F: 7 1 
6483 12 6519 237 F: 12 
6538 7 6545 113 F: 4 3 
6546 4 6562 108 F: 4 
6560 3 6566 193 F: 2 1 
6561 8 6585 99 F: 7 1 
6589 3 6592 278 F: 3 
6628 9 6646 327 F: 3 4 2 
6656 10 6696 79 F: 10 
6656 11 6678 304 F: 7 4 
6672 9 6699 113 F: 5 2 2 
6683 6 6695 266 F: 2 3 1 
6744 12 6756 44 F: 6 6 
6752 9 6761 147 F: 3 2 4 
6768 10 6798 111 F: 5 2 3 
6776 8 6792 264 F: 3 2 3 
6779 3 6788 331 F: 2 1 
6813 11 6857 254 F: 5 2 4 
6841 7 6862 326 F: 2 5 
6846 6 6858 228 F: 6 
6894 6 6912 34 F: 6 
6896 6 6920 89 F: 6 
6916 9 6952 92 F: 7 2 
6967 13 6993 211 F: 13 
6976 8 6984 29 F: 3 5 
6981 5 7001 347 F: 2 2 1 
6995 2 7003 95 F: 2 
D: 4 163 
D: 7 16 
D: 7 86 
D: 7 91 
D: 14 122 
D: 14 149 
D: 19 254 
D: 22 295 
D: 25 293 
D: 28 95 
D: 33 96 
D: 49 150 
D: 52 246 
D: 53 260 
D: 54 169 
D: 55 242 
D: 57 219 
D: 69 116 
D: 84 281 
D: 97 280 
D: 116 159 
D: 119 139 
D: 137 154 
D: 143 189 
D: 155 275 
D: 157 258 
D: 188 256 
D: 195 237 
D: 216 333 
D: 226 273 
D: 226 335 
D: 238 325 
D: 243 338 
D: 258 295 
D: 282 300 
