1 8 33 86 F: 5 3 
60 9 78 313 F: 2 3 4 
72 10 102 293 F: 10 
75 7 82 21 F: 4 1 2 
88 9 106 1 F: 2 3 4 
107 9 116 208 F: 3 6 
126 5 146 202 F: 5 
143 5 163 5 F: 3 1 1 
158 9 167 183 F: 6 3 
160 11 204 74 F: 5 4 2 
208 11 219 68 F: 5 3 3 
213 10 223 99 F: 6 4 
239 11 283 190 F: 5 2 4 
286 11 330 321 F: 5 3 3 
287 6 293 198 F: 4 2 
345 4 357 328 F: 2 2 
346 7 367 83 F: 7 
360 9 369 325 F: 3 6 
365 9 374 249 F: 9 
397 8 413 119 F: 3 5 
417 13 430 35 F: 13 
427 7 441 330 F: 2 1 4 
448 9 457 158 F: 3 6 
470 13 496 149 F: 13 
488 10 498 35 F: 3 3 4 
520 7 534 18 F: 3 2 2 
538 6 556 136 F: 2 2 2 
561 11 572 114 F: 5 2 4 
567 8 591 26 F: 2 6 
599 7 613 318 F: 5 2 
608 7 636 335 F: 7 
618 10 658 343 F: 4 6 
642 8 666 102 F: 4 4 
683 10 723 268 F: 3 3 4 
693 10 723 310 F: 4 2 4 
726 10 766 95 F: 10 
735 11 779 6 F: 11 
743 3 752 162 F: 2 1 
750 10 770 161 F: 3 4 3 
789 8 813 118 F: 3 2 3 
826 9 835 124 F: 3 3 3 
830 7 858 139 F: 3 2 2 
837 9 855 336 F: 9 
866 8 874 94 F: 6 2 
889 9 925 119 F: 3 3 3 
916 9 952 291 F: 3 4 2 
940 7 947 111 F: 7 
942 9 978 48 F: 3 6 
944 9 962 329 F: 4 5 
980 6 986 144 F: 5 1 
1016 8 1040 205 F: 4 4 
1049 10 1059 11 F: 4 3 3 
1050 7 1078 80 F: 4 3 
1051 5 1056 232 F: 4 1 
1098 9 1107 254 F: 5 4 
1104 6 1128 152 F: 5 1 
1165 8 1173 123 F: 2 3 3 
1175 8 1199 211 F: 3 3 2 
1176 3 1185 83 F: 3 
1178 7 1185 22 F: 2 4 1 
1211 7 1218 284 F: 2 3 2 
1248 9 1257 166 F: 5 3 1 
1259 7 1287 175 F: 3 1 3 
1274 8 1306 13 F: 2 6 
1294 7 1308 125 F: 3 4 
1320 8 1344 153 F: 2 6 
1322 10 1342 239 F: 5 4 1 
1325 8 1357 8 F: 4 4 
1340 5 1355 235 F: 2 1 2 
1349 9 1385 272 F: 3 6 
1416 11 1438 280 F: 4 4 3 
1465 7 1479 301 F: 7 
1479 6 1485 311 F: 5 1 
1488 5 1508 313 F: 3 2 
1490 9 1517 1 F: 2 4 3 
1504 4 1512 85 F: 3 1 
1525 5 1545 35 F: 3 2 
1536 6 1542 290 F: 5 1 
1541 8 1549 106 F: 3 5 
1554 10 1564 225 F: 4 3 3 
1604 12 1640 331 F: 5 3 4 
1628 11 1639 301 F: 11 
1629 9 1647 9 F: 4 2 3 
1631 9 1649 264 F: 9 
1672 9 1708 51 F: 6 3 
1708 13 1760 53 F: 13 
1728 12 1776 171 F: 5 3 4 
1736 8 1752 301 F: 3 1 4 
1771 8 1787 248 F: 3 1 4 
1789 8 1805 246 F: 2 4 2 
1818 10 1848 341 F: 4 6 
1859 11 1870 134 F: 5 6 
1861 6 1885 248 F: 5 1 
1889 11 1922 97 F: 5 3 3 
1895 9 1913 172 F: 5 3 1 
1924 10 1934 3 F: 6 4 
1936 6 1960 301 F: 6 
1947 11 1969 106 F: 5 6 
1989 8 2021 153 F: 8 
1994 8 2018 240 F: 4 2 2 
2074 5 2079 57 F: 3 1 1 
2075 9 2102 347 F: 5 3 1 
2078 12 2114 179 F: 7 5 
2084 9 2111 208 F: 5 3 1 
2097 9 2124 307 F: 3 2 4 
2105 9 2114 77 F: 6 3 
2114 12 2150 242 F: 4 4 4 
2128 10 2168 22 F: 4 6 
2137 11 2148 234 F: 3 4 4 
2166 7 2180 257 F: 2 4 1 
2203 9 2239 255 F: 2 4 3 
2238 6 2250 233 F: 5 1 
2239 8 2271 218 F: 2 6 
2246 10 2286 32 F: 4 2 4 
2293 8 2309 314 F: 3 1 4 
2322 9 2358 105 F: 7 2 
2335 12 2359 307 F: 7 5 
2337 5 2347 235 F: 5 
2337 12 2385 84 F: 12 
2392 6 2398 47 F: 2 1 3 
2409 12 2445 314 F: 12 
2428 10 2438 254 F: 10 
2436 10 2466 197 F: 4 2 4 
2441 10 2461 24 F: 3 3 4 
2497 7 2525 130 F: 7 
2541 8 2549 109 F: 5 2 1 
2555 9 2573 261 F: 4 3 2 
2573 9 2582 222 F: 4 2 3 
2573 11 2584 93 F: 5 3 3 
2578 11 2622 38 F: 7 4 
2604 9 2631 93 F: 9 
2614 7 2642 173 F: 3 2 2 
2651 8 2667 47 F: 4 4 
2655 8 2663 155 F: 6 2 
2692 5 2712 298 F: 5 
2714 10 2754 124 F: 7 3 
2740 10 2770 124 F: 3 4 3 
2747 4 2755 40 F: 2 2 
2779 8 2795 311 F: 3 2 3 
2780 8 2796 9 F: 3 3 2 
2809 10 2849 201 F: 5 1 4 
2812 8 2820 229 F: 4 4 
2815 7 2836 47 F: 7 
2851 4 2867 268 F: 4 
2890 7 2911 332 F: 7 
2932 6 2950 134 F: 2 4 
2947 7 2961 93 F: 7 
2965 6 2971 258 F: 2 4 
2989 12 3001 316 F: 12 
2997 7 3018 216 F: 7 
3035 12 3047 208 F: 7 5 
3040 9 3067 35 F: 3 4 2 
3063 8 3079 346 F: 2 6 
3069 13 3082 302 F: 13 
3087 7 3101 316 F: 5 1 1 
3155 8 3171 5 F: 8 
3159 6 3165 252 F: 4 2 
3180 7 3208 147 F: 2 5 
3191 7 3212 91 F: 6 1 
3196 3 3202 137 F: 3 
3236 8 3252 254 F: 4 4 
3246 8 3270 315 F: 3 5 
3283 11 3316 267 F: 6 5 
3288 8 3304 165 F: 8 
3289 8 3305 243 F: 8 
3323 4 3335 110 F: 3 1 
3323 8 3339 165 F: 2 6 
3329 12 3341 302 F: 12 
3339 3 3345 215 F: 3 
3346 11 3368 317 F: 5 2 4 
3402 6 3414 111 F: 6 
3408 4 3416 291 F: 4 
3443 5 3463 272 F: 2 3 
3473 7 3480 87 F: 7 
3484 7 3491 126 F: 4 3 
3502 12 3514 45 F: 6 6 
3546 7 3553 177 F: 2 1 4 
3548 5 3563 162 F: 2 1 2 
3552 12 3576 2 F: 7 5 
3578 9 3587 168 F: 4 1 4 
3609 2 3615 208 F: 2 
3657 9 3684 174 F: 3 6 
3683 7 3690 76 F: 4 3 
3683 9 3701 235 F: 9 
3690 7 3704 262 F: 2 2 3 
3702 2 3710 239 F: 2 
3707 5 3727 249 F: 3 2 
3717 2 3719 77 F: 2 
3718 4 3734 311 F: 2 2 
3766 10 3796 55 F: 10 
3810 8 3842 185 F: 5 3 
3813 11 3846 321 F: 4 4 3 
3864 4 3872 59 F: 4 
3896 5 3916 144 F: 2 3 
3898 5 3908 156 F: 4 1 
3920 9 3938 6 F: 3 4 2 
3948 13 3987 29 F: 13 
3958 9 3967 120 F: 2 4 3 
3966 6 3972 110 F: 6 
3986 7 4014 292 F: 4 3 
4002 6 4008 285 F: 6 
4005 8 4029 231 F: 4 3 1 
4015 6 4033 289 F: 5 1 
4069 7 4076 172 F: 7 
4099 7 4106 93 F: 2 5 
4117 3 4126 180 F: 3 
4135 8 4151 30 F: 8 
4149 5 4154 229 F: 4 1 
4153 10 4183 44 F: 2 4 4 
4174 7 4195 168 F: 4 1 2 
4205 8 4237 77 F: 5 3 
4258 8 4274 29 F: 3 5 
4277 4 4285 350 F: 4 
4282 9 4291 176 F: 9 
4299 7 4320 350 F: 4 2 1 
4300 7 4321 232 F: 7 
4317 6 4335 319 F: 2 4 
4329 6 4341 151 F: 4 2 
4341 10 4381 75 F: 7 3 
4352 9 4361 87 F: 3 3 3 
4442 7 4456 152 F: 3 2 2 
4463 9 4499 61 F: 4 4 1 
4478 12 4514 91 F: 5 3 4 
4486 5 4501 261 F: 3 2 
4491 8 4523 314 F: 6 2 
4506 12 4554 229 F: 7 5 
4511 5 4531 295 F: 5 
4513 3 4525 328 F: 2 1 
4514 9 4550 93 F: 3 2 4 
4537 12 4561 347 F: 12 
4606 10 4636 87 F: 5 1 4 
4649 9 4685 165 F: 7 2 
4657 8 4689 244 F: 5 2 1 
4688 10 4728 127 F: 10 
4691 11 4735 130 F: 4 3 4 
4728 7 4742 187 F: 3 1 3 
4754 5 4759 197 F: 4 1 
4777 12 4789 180 F: 4 4 4 
4783 8 4799 7 F: 6 2 
4788 6 4806 298 F: 2 1 3 
4810 9 4837 348 F: 5 4 
4846 9 4882 71 F: 5 4 
4871 6 4883 151 F: 6 
4879 12 4927 157 F: 7 5 
4889 13 4941 285 F: 7 6 
4907 8 4915 340 F: 3 1 4 
4907 9 4934 98 F: 2 3 4 
4962 9 4980 350 F: 4 2 3 
4974 11 4996 171 F: 11 
4975 8 4999 346 F: 8 
5037 12 5085 247 F: 12 
5045 10 5075 274 F: 10 
5051 12 5063 1 F: 12 
5063 7 5084 295 F: 2 1 4 
5093 7 5121 213 F: 2 5 
5139 4 5143 240 F: 3 1 
5174 10 5194 75 F: 10 
5175 11 5186 31 F: 5 3 3 
5195 9 5204 118 F: 5 4 
5197 2 5199 283 F: 2 
5212 10 5222 34 F: 10 
5212 11 5234 11 F: 3 4 4 
5245 8 5261 18 F: 3 5 
5254 8 5278 95 F: 8 
5257 7 5264 318 F: 5 1 1 
5303 7 5324 187 F: 4 2 1 
5348 4 5356 220 F: 2 2 
5353 12 5365 111 F: 4 4 4 
5359 11 5392 145 F: 11 
5366 5 5386 119 F: 3 2 
5455 13 5494 121 F: 13 
5456 9 5465 132 F: 9 
5457 8 5481 135 F: 2 4 2 
5477 5 5497 295 F: 2 3 
5487 11 5520 314 F: 5 4 2 
5500 9 5518 188 F: 4 5 
5539 10 5579 18 F: 5 4 1 
5564 9 5591 259 F: 5 1 3 
5576 9 5585 219 F: 9 
5578 9 5596 3 F: 4 2 3 
5603 13 5642 43 F: 13 
5617 3 5629 134 F: 3 
5682 8 5706 131 F: 3 5 
5683 8 5715 62 F: 8 
5693 10 5733 64 F: 5 5 
5702 3 5705 51 F: 3 
5723 2 5725 275 F: 2 
5739 6 5763 76 F: 6 
5797 8 5821 266 F: 7 1 
5799 10 5809 64 F: 10 
5806 10 5816 234 F: 5 4 1 
5845 9 5881 226 F: 9 
5868 9 5895 82 F: 9 
5873 6 5897 14 F: 2 2 2 
5879 9 5915 67 F: 2 3 4 
5908 7 5922 75 F: 2 3 2 
5912 9 5921 298 F: 4 3 2 
5947 6 5965 50 F: 5 1 
5954 5 5964 81 F: 4 1 
5981 12 5993 244 F: 5 3 4 
6024 11 6068 218 F: 5 3 3 
6046 10 6066 81 F: 10 
6060 9 6078 39 F: 6 3 
6094 7 6122 192 F: 6 1 
6098 7 6126 200 F: 2 1 4 
6128 7 6149 110 F: 5 2 
6138 7 6145 143 F: 7 
6165 11 6176 10 F: 11 
6177 6 6189 140 F: 2 4 
6197 7 6204 193 F: 4 3 
6237 8 6253 329 F: 8 
6266 10 6276 154 F: 5 4 1 
6274 9 6301 109 F: 4 1 4 
6276 7 6304 93 F: 4 2 1 
6290 9 6308 275 F: 7 2 
6335 10 6365 119 F: 3 4 3 
6353 8 6385 306 F: 3 3 2 
6361 4 6365 179 F: 4 
6383 7 6390 284 F: 7 
6391 11 6402 244 F: 7 4 
6412 10 6432 325 F: 4 2 4 
6457 10 6487 309 F: 10 
6462 7 6476 72 F: 5 2 
6472 6 6490 41 F: 3 2 1 
6496 9 6505 155 F: 9 
6511 10 6541 172 F: 5 2 3 
6548 10 6588 338 F: 7 3 
6575 8 6591 178 F: 8 
6593 8 6625 296 F: 6 2 
6594 7 6615 250 F: 4 1 2 
6639 8 6647 320 F: 8 
6673 8 6681 149 F: 5 3 
6682 10 6712 199 F: 4 6 
6691 10 6711 6 F: 5 2 3 
6693 10 6723 38 F: 10 
6707 7 6721 3 F: 5 2 
6735 7 6749 182 F: 5 1 1 
6755 11 6777 89 F: 4 3 4 
6787 8 6803 85 F: 8 
6787 11 6798 165 F: 11 
6812 10 6822 314 F: 10 
6815 6 6833 123 F: 4 2 
6818 8 6850 33 F: 2 2 4 
6861 13 6874 38 F: 13 
6885 11 6929 152 F: 11 
6907 5 6922 87 F: 3 1 1 
6920 6 6932 12 F: 2 1 3 
6937 8 6953 182 F: 4 2 2 
6943 13 6982 165 F: 5 4 4 
6984 7 7012 116 F: 7 
D: 5 254 
D: 7 26 
D: 10 197 
D: 13 317 
D: 19 85 
D: 20 178 
D: 23 313 
D: 26 213 
D: 35 181 
D: 39 127 
D: 41 159 
D: 43 268 
D: 54 270 
D: 76 291 
D: 77 318 
D: 86 186 
D: 87 272 
D: 88 215 
D: 92 329 
D: 98 237 
D: 117 277 
D: 121 262 
D: 124 147 
D: 128 321 
D: 137 138 
D: 137 240 
D: 145 323 
D: 150 174 
D: 158 231 
D: 167 186 
D: 169 280 
D: 224 300 
D: 235 292 
D: 279 305 
D: 284 333 
