10 6 28 52 F: 5 1 
24 8 40 88 F: 7 1 
64 10 104 91 F: 5 5 
71 12 83 216 F: 4 4 4 
85 9 94 333 F: 5 4 
106 8 138 303 F: 2 4 2 
143 8 167 116 F: 3 5 
159 8 167 90 F: 2 4 2 
163 12 175 138 F: 7 5 
198 10 238 125 F: 10 
200 7 221 103 F: 7 
208 5 228 218 F: 2 2 1 
245 11 278 36 F: 5 3 3 
246 13 272 117 F: 7 6 
264 13 303 247 F: 7 6 
303 6 321 102 F: 3 2 1 
305 3 308 199 F: 3 
340 7 361 271 F: 3 4 
373 11 395 7 F: 5 3 3 
392 4 408 222 F: 2 2 
410 4 418 286 F: 4 
458 7 486 80 F: 5 2 
471 6 477 217 F: 2 4 
483 6 489 111 F: 5 1 
499 9 517 206 F: 5 1 3 
508 8 532 190 F: 8 
553 5 558 278 F: 2 2 1 
557 10 597 308 F: 5 4 1 
562 9 580 37 F: 4 1 4 
573 5 583 132 F: 5 
604 3 607 200 F: 2 1 
636 7 643 109 F: 3 2 2 
668 8 700 75 F: 3 5 
695 10 735 204 F: 5 5 
698 4 710 284 F: 4 
720 3 732 287 F: 3 
733 9 742 304 F: 2 4 3 
750 10 780 104 F: 7 3 
762 9 798 175 F: 3 2 4 
763 12 787 213 F: 4 4 4 
803 2 809 290 F: 2 
811 12 823 17 F: 6 6 
826 2 828 193 F: 2 
845 6 851 118 F: 2 4 
855 9 891 331 F: 2 4 3 
907 11 918 63 F: 7 4 
926 8 934 306 F: 3 3 2 
935 9 944 177 F: 5 4 
990 13 1042 11 F: 7 6 
995 11 1006 266 F: 5 6 
1003 8 1011 162 F: 8 
1024 12 1048 222 F: 4 4 4 
1039 10 1079 270 F: 5 2 3 
1064 7 1085 17 F: 5 2 
1097 10 1127 186 F: 5 5 
1103 5 1123 97 F: 5 
1111 9 1147 8 F: 4 4 1 
1121 11 1143 10 F: 6 5 
1173 5 1178 312 F: 2 3 
1190 9 1226 53 F: 4 5 
1220 11 1264 75 F: 5 6 
1250 8 1258 88 F: 4 1 3 
1281 9 1308 289 F: 6 3 
1296 10 1316 213 F: 5 4 1 
1297 5 1307 36 F: 5 
1308 7 1336 9 F: 3 3 1 
1337 8 1361 313 F: 6 2 
1341 7 1348 247 F: 5 1 1 
1355 11 1366 121 F: 11 
1395 5 1415 73 F: 5 
1410 7 1431 272 F: 5 2 
1425 13 1438 228 F: 7 6 
1457 12 1469 198 F: 4 4 4 
1461 3 1464 303 F: 2 1 
1492 9 1519 164 F: 4 5 
1505 5 1510 68 F: 5 
1516 6 1534 43 F: 3 3 
1535 6 1541 143 F: 2 3 1 
1569 4 1573 271 F: 2 1 1 
1586 4 1598 140 F: 3 1 
1613 7 1627 80 F: 7 
1636 12 1684 129 F: 12 
1655 7 1676 220 F: 2 2 3 
1657 5 1667 156 F: 4 1 
1680 8 1712 248 F: 7 1 
1703 10 1713 101 F: 10 
1715 12 1739 202 F: 7 5 
1749 13 1762 205 F: 13 
1761 9 1797 334 F: 4 5 
1772 10 1792 348 F: 2 4 4 
1806 12 1854 323 F: 12 
1837 9 1846 315 F: 6 3 
1848 12 1884 24 F: 4 4 4 
1865 11 1876 350 F: 4 4 3 
1883 5 1893 150 F: 2 3 
1920 8 1952 327 F: 3 1 4 
1921 8 1937 117 F: 3 5 
1926 9 1962 263 F: 7 2 
1966 6 1990 80 F: 2 4 
1969 11 1991 28 F: 3 4 4 
2019 6 2037 273 F: 6 
2026 9 2035 12 F: 4 5 
2032 5 2052 223 F: 2 1 2 
2034 2 2042 31 F: 2 
2086 9 2104 330 F: 3 2 4 
2124 6 2130 178 F: 2 2 2 
2124 8 2156 269 F: 8 
2127 12 2151 90 F: 12 
2152 10 2162 70 F: 5 4 1 
2167 7 2174 63 F: 4 2 1 
2206 11 2228 35 F: 5 4 2 
2218 7 2246 283 F: 7 
2224 8 2232 61 F: 8 
2250 12 2262 108 F: 4 4 4 
2272 8 2288 75 F: 6 2 
2314 7 2321 181 F: 3 2 2 
2349 12 2397 15 F: 5 4 3 
2368 9 2377 33 F: 9 
2369 9 2378 158 F: 5 1 3 
2375 12 2387 283 F: 4 4 4 
2424 7 2452 31 F: 3 2 2 
2425 2 2431 181 F: 2 
2433 7 2440 313 F: 3 1 3 
2465 13 2491 8 F: 13 
2496 10 2516 162 F: 4 3 3 
2518 8 2526 213 F: 3 1 4 
2559 10 2589 39 F: 4 4 2 
2565 6 2583 122 F: 6 
2578 8 2602 176 F: 3 5 
2595 4 2611 90 F: 2 1 1 
2610 6 2622 174 F: 6 
2658 10 2688 205 F: 5 5 
2661 7 2689 68 F: 3 1 3 
2681 12 2705 110 F: 12 
2687 4 2695 23 F: 4 
2712 7 2719 199 F: 3 4 
2720 3 2729 271 F: 2 1 
2733 9 2760 171 F: 3 2 4 
2738 9 2756 237 F: 4 4 1 
2786 8 2794 102 F: 3 5 
2801 10 2831 96 F: 4 3 3 
2817 7 2824 70 F: 5 1 1 
2847 9 2856 310 F: 9 
2875 7 2889 178 F: 7 
2887 10 2897 257 F: 3 3 4 
2902 13 2915 202 F: 13 
2918 7 2946 243 F: 4 3 
2924 8 2932 236 F: 8 
2988 5 3003 123 F: 2 2 1 
2995 12 3019 228 F: 12 
3036 6 3042 216 F: 6 
3039 9 3075 23 F: 9 
3043 6 3055 132 F: 5 1 
3072 9 3081 47 F: 9 
3079 9 3088 212 F: 5 4 
3123 13 3149 343 F: 13 
3133 8 3149 34 F: 5 3 
3133 9 3160 47 F: 5 4 
3138 4 3142 302 F: 4 
3165 12 3177 199 F: 4 4 4 
3249 12 3273 110 F: 5 3 4 
3257 5 3272 268 F: 2 1 2 
3268 12 3280 195 F: 12 
3275 9 3284 259 F: 9 
3280 13 3293 319 F: 7 6 
3305 12 3353 345 F: 12 
3316 10 3326 256 F: 10 
3348 11 3392 178 F: 5 4 2 
3351 5 3366 82 F: 5 
3392 6 3404 134 F: 5 1 
3434 6 3452 293 F: 6 
3437 6 3443 286 F: 6 
3468 8 3500 273 F: 4 4 
3470 8 3494 150 F: 7 1 
3473 10 3493 28 F: 3 4 3 
3519 10 3559 93 F: 10 
3534 8 3558 10 F: 2 3 3 
3547 6 3553 158 F: 6 
3552 4 3564 54 F: 4 
3553 10 3593 256 F: 6 4 
3633 4 3645 1 F: 3 1 
3635 12 3671 345 F: 7 5 
3652 10 3662 9 F: 5 3 2 
3658 11 3702 78 F: 5 2 4 
3691 2 3695 311 F: 2 
3752 10 3772 290 F: 5 5 
3780 5 3800 101 F: 2 2 1 
3788 8 3804 225 F: 4 3 1 
3792 8 3808 134 F: 8 
3797 11 3808 248 F: 5 6 
3819 10 3829 325 F: 10 
3835 7 3842 218 F: 4 2 1 
3840 3 3849 267 F: 2 1 
3843 9 3861 4 F: 6 3 
3845 8 3877 107 F: 4 4 
3907 7 3921 122 F: 3 2 2 
3917 3 3926 333 F: 3 
3934 7 3941 48 F: 2 3 2 
3935 8 3967 51 F: 2 3 3 
3986 6 4010 3 F: 5 1 
4005 10 4035 270 F: 3 3 4 
4023 2 4029 292 F: 2 
4048 3 4057 239 F: 3 
4062 6 4086 82 F: 2 4 
4081 10 4101 116 F: 5 2 3 
4107 9 4134 28 F: 2 4 3 
4147 5 4152 340 F: 2 2 1 
4156 8 4188 105 F: 7 1 
4175 9 4202 130 F: 2 4 3 
4177 10 4197 148 F: 10 
4205 12 4217 320 F: 12 
4218 9 4236 260 F: 4 3 2 
4230 10 4250 213 F: 10 
4236 5 4251 338 F: 5 
4249 9 4276 235 F: 3 3 3 
4312 4 4324 7 F: 4 
4334 8 4358 164 F: 3 5 
4338 10 4358 43 F: 4 4 2 
4359 5 4369 165 F: 3 2 
4385 5 4405 106 F: 5 
4406 8 4438 18 F: 4 4 
4420 9 4447 343 F: 3 3 3 
4425 12 4473 13 F: 6 6 
4472 11 4483 224 F: 5 6 
4478 7 4499 113 F: 7 
4534 2 4540 47 F: 2 
4548 9 4575 260 F: 2 3 4 
4559 8 4567 74 F: 6 2 
4573 6 4597 338 F: 4 1 1 
4594 9 4603 83 F: 3 4 2 
4613 9 4649 144 F: 5 2 2 
4622 8 4630 19 F: 8 
4656 10 4666 247 F: 4 4 2 
4676 12 4724 194 F: 5 3 4 
4683 4 4687 194 F: 3 1 
4714 6 4732 99 F: 3 3 
4718 7 4732 308 F: 6 1 
4768 5 4778 344 F: 5 
4797 6 4815 235 F: 3 3 
4798 5 4818 21 F: 5 
4824 4 4836 76 F: 4 
4842 6 4860 4 F: 6 
4851 8 4883 215 F: 4 3 1 
4862 12 4874 330 F: 6 6 
4875 9 4893 20 F: 4 1 4 
4902 5 4922 138 F: 5 
4904 11 4937 269 F: 5 3 3 
4918 6 4924 28 F: 4 1 1 
4975 13 5027 325 F: 7 6 
4977 8 5009 257 F: 3 4 1 
5014 5 5029 174 F: 5 
5023 5 5028 276 F: 5 
5033 10 5073 221 F: 4 3 3 
5077 6 5089 161 F: 2 3 1 
5090 6 5108 306 F: 3 1 2 
5105 13 5118 200 F: 7 6 
5128 9 5155 106 F: 7 2 
5140 6 5164 11 F: 5 1 
5157 7 5185 164 F: 7 
5191 11 5202 228 F: 3 4 4 
5213 10 5233 287 F: 6 4 
5215 7 5243 317 F: 3 1 3 
5231 3 5237 350 F: 3 
5239 10 5249 171 F: 5 2 3 
5289 6 5295 62 F: 6 
5300 7 5314 179 F: 5 1 1 
5343 10 5383 336 F: 4 6 
5385 8 5393 81 F: 3 2 3 
5392 10 5422 271 F: 4 6 
5395 11 5428 197 F: 5 4 2 
5455 9 5491 297 F: 6 3 
5469 9 5505 288 F: 5 2 2 
5474 9 5483 293 F: 4 5 
5489 7 5503 28 F: 7 
5493 12 5541 278 F: 12 
5535 9 5544 162 F: 5 2 2 
5538 12 5586 130 F: 7 5 
5543 9 5561 270 F: 3 2 4 
5548 7 5576 102 F: 2 1 4 
5579 4 5591 296 F: 4 
5612 7 5619 46 F: 4 2 1 
5614 9 5632 16 F: 4 5 
5643 10 5683 70 F: 4 4 2 
5649 9 5685 158 F: 4 2 3 
5694 8 5726 109 F: 3 2 3 
5731 5 5751 190 F: 2 3 
5746 8 5762 92 F: 4 4 
5762 6 5768 268 F: 4 2 
5772 9 5781 131 F: 5 3 1 
5794 5 5799 328 F: 5 
5827 12 5839 3 F: 5 4 3 
5861 13 5913 239 F: 13 
5872 9 5890 121 F: 9 
5878 7 5885 96 F: 2 3 2 
5898 10 5938 334 F: 7 3 
5920 9 5929 205 F: 9 
5927 6 5933 93 F: 5 1 
5933 7 5947 182 F: 2 4 1 
5945 7 5959 329 F: 6 1 
5955 6 5961 115 F: 5 1 
6032 11 6043 302 F: 6 5 
6043 12 6055 130 F: 12 
6058 8 6066 277 F: 8 
6062 11 6073 27 F: 6 5 
6063 4 6075 186 F: 2 2 
6130 9 6139 118 F: 3 6 
6155 9 6164 25 F: 2 4 3 
6163 11 6207 129 F: 5 3 3 
6173 7 6187 219 F: 4 2 1 
6176 6 6194 250 F: 3 3 
6213 13 6239 88 F: 13 
6229 8 6237 247 F: 4 3 1 
6265 11 6309 72 F: 5 2 4 
6282 12 6318 255 F: 12 
6287 5 6307 308 F: 2 3 
6346 13 6398 290 F: 5 4 4 
6355 3 6361 9 F: 3 
6363 11 6374 123 F: 5 3 3 
6377 7 6391 333 F: 4 1 2 
6378 11 6411 208 F: 11 
6408 7 6415 157 F: 2 3 2 
6440 7 6454 71 F: 5 2 
6450 9 6486 123 F: 5 2 2 
6472 12 6520 11 F: 5 4 3 
6475 8 6507 105 F: 8 
6532 9 6559 167 F: 2 4 3 
6539 7 6546 202 F: 6 1 
6545 7 6559 162 F: 2 3 2 
6571 5 6586 77 F: 2 2 1 
6584 13 6597 214 F: 13 
6617 9 6626 11 F: 3 4 2 
6636 7 6664 10 F: 2 5 
6640 5 6660 138 F: 3 2 
6656 8 6664 70 F: 4 2 2 
6679 11 6690 150 F: 11 
6702 9 6738 11 F: 9 
6723 8 6739 335 F: 4 4 
6729 5 6739 28 F: 5 
6751 11 6795 251 F: 5 2 4 
6755 2 6759 339 F: 2 
6817 13 6843 259 F: 13 
6825 8 6857 238 F: 5 3 
6850 9 6877 75 F: 5 4 
6863 7 6877 42 F: 5 2 
6881 4 6897 295 F: 4 
6911 10 6921 40 F: 4 3 3 
6965 11 6998 106 F: 4 4 3 
6970 4 6978 16 F: 2 1 1 
6985 8 7017 235 F: 2 6 
6987 4 6991 92 F: 4 
D: 12 107 
D: 17 49 
D: 18 325 
D: 21 210 
D: 34 75 
D: 40 275 
D: 46 64 
D: 52 324 
D: 53 280 
D: 54 158 
D: 60 331 
D: 62 169 
D: 62 290 
D: 76 101 
D: 92 116 
D: 102 212 
D: 105 321 
D: 105 322 
D: 110 296 
D: 114 199 
D: 158 304 
D: 161 180 
D: 163 263 
D: 164 206 
D: 203 341 
D: 221 257 
D: 224 240 
D: 227 287 
D: 229 347 
D: 234 293 
D: 235 276 
D: 265 348 
D: 289 345 
D: 291 323 
D: 321 341 
