26 11 37 302 F: 6 5 
40 5 50 273 F: 2 2 1 
54 6 66 181 F: 5 1 
62 11 84 90 F: 5 3 3 
79 8 111 271 F: 2 6 
107 13 133 100 F: 7 6 
111 7 139 282 F: 5 2 
121 11 143 265 F: 5 6 
142 10 182 271 F: 10 
195 8 227 241 F: 8 
207 9 243 214 F: 2 3 4 
218 5 223 235 F: 2 3 
221 4 229 121 F: 3 1 
236 6 260 332 F: 3 2 1 
237 6 249 190 F: 6 
325 11 347 345 F: 5 3 3 
334 7 341 177 F: 2 5 
335 6 353 133 F: 3 1 2 
348 12 384 205 F: 6 6 
382 6 406 16 F: 6 
406 8 438 29 F: 7 1 
432 6 444 137 F: 4 2 
458 8 466 289 F: 2 4 2 
467 9 494 71 F: 9 
492 10 532 117 F: 7 3 
510 10 520 55 F: 10 
524 10 564 333 F: 4 4 2 
546 12 570 145 F: 4 4 4 
581 10 601 223 F: 4 4 2 
582 12 594 242 F: 12 
612 8 620 28 F: 8 
639 5 644 100 F: 5 
648 6 672 37 F: 5 1 
651 6 669 40 F: 3 2 1 
664 9 691 222 F: 2 3 4 
701 9 728 271 F: 4 5 
722 9 749 21 F: 6 3 
732 10 742 303 F: 10 
757 8 773 182 F: 4 2 2 
794 12 842 24 F: 7 5 
808 3 814 25 F: 2 1 
831 6 849 191 F: 5 1 
851 3 860 312 F: 2 1 
853 2 861 98 F: 2 
877 11 910 298 F: 5 2 4 
910 10 940 124 F: 10 
924 3 936 87 F: 3 
959 10 979 174 F: 5 4 1 
967 6 991 73 F: 4 2 
977 10 997 112 F: 6 4 
1023 13 1062 252 F: 13 
1037 11 1081 144 F: 6 5 
1058 6 1064 257 F: 4 2 
1069 2 1077 177 F: 2 
1073 7 1101 47 F: 4 3 
1116 11 1138 144 F: 4 3 4 
1125 8 1141 301 F: 5 2 1 
1144 11 1155 88 F: 7 4 
1172 8 1196 58 F: 4 3 1 
1184 12 1196 175 F: 5 4 3 
1239 8 1263 189 F: 8 
1254 7 1261 128 F: 7 
1257 12 1305 143 F: 12 
1272 12 1320 226 F: 5 3 4 
1283 8 1291 10 F: 6 2 
1305 9 1314 164 F: 2 3 4 
1306 5 1311 244 F: 5 
1309 2 1313 194 F: 2 
1374 7 1395 90 F: 2 3 2 
1384 11 1428 320 F: 11 
1410 11 1432 281 F: 11 
1420 7 1448 238 F: 5 2 
1421 5 1441 116 F: 2 3 
1433 12 1445 166 F: 7 5 
1484 9 1520 189 F: 6 3 
1559 11 1592 260 F: 7 4 
1560 9 1569 111 F: 7 2 
1561 8 1569 268 F: 2 6 
1561 10 1601 318 F: 3 3 4 
1569 12 1617 169 F: 6 6 
1612 8 1636 177 F: 2 2 4 
1617 5 1637 215 F: 2 3 
1624 6 1642 305 F: 2 4 
1633 4 1637 55 F: 4 
1695 4 1699 312 F: 2 1 1 
1708 7 1722 287 F: 4 1 2 
1730 5 1740 336 F: 5 
1744 8 1752 115 F: 4 2 2 
1745 9 1781 234 F: 9 
1752 3 1758 317 F: 3 
1802 7 1816 143 F: 7 
1860 8 1868 289 F: 8 
1865 6 1871 292 F: 2 4 
1869 9 1905 264 F: 4 5 
1882 6 1906 61 F: 4 2 
1905 10 1925 67 F: 5 5 
1911 12 1959 223 F: 12 
1933 4 1949 70 F: 4 
1976 6 2000 238 F: 2 3 1 
1997 7 2025 235 F: 2 4 1 
2005 7 2033 293 F: 2 4 1 
2041 8 2057 109 F: 4 1 3 
2045 10 2055 257 F: 3 4 3 
2073 12 2085 200 F: 6 6 
2096 5 2101 63 F: 4 1 
2128 6 2140 319 F: 2 2 2 
2134 7 2148 2 F: 5 1 1 
2141 4 2149 41 F: 2 2 
2168 8 2176 76 F: 8 
2191 10 2201 153 F: 3 4 3 
2236 6 2242 269 F: 3 3 
2238 3 2247 152 F: 3 
2238 7 2245 249 F: 7 
2248 9 2257 302 F: 5 4 
2269 7 2283 143 F: 2 5 
2329 10 2349 205 F: 4 3 3 
2339 2 2343 118 F: 2 
2348 6 2372 151 F: 5 1 
2371 5 2386 225 F: 2 1 2 
2382 13 2434 20 F: 13 
2404 8 2420 3 F: 4 4 
2408 7 2429 65 F: 3 3 1 
2439 11 2450 149 F: 5 2 4 
2466 9 2484 50 F: 9 
2482 9 2500 203 F: 4 5 
2502 8 2526 80 F: 3 1 4 
2504 10 2524 310 F: 3 3 4 
2506 8 2538 284 F: 4 1 3 
2577 5 2597 151 F: 2 1 2 
2598 9 2616 315 F: 5 3 1 
2622 10 2632 311 F: 4 6 
2641 11 2652 1 F: 11 
2667 9 2685 10 F: 9 
2672 8 2688 98 F: 4 1 3 
2690 4 2702 6 F: 4 
2719 5 2729 5 F: 4 1 
2734 11 2756 80 F: 5 4 2 
2741 11 2752 305 F: 11 
2772 6 2790 306 F: 4 2 
2794 6 2800 147 F: 4 2 
2823 2 2825 47 F: 2 
2831 10 2861 67 F: 10 
2837 3 2840 89 F: 3 
2841 10 2881 319 F: 4 4 2 
2877 13 2903 169 F: 7 6 
2902 12 2926 102 F: 7 5 
2904 13 2956 346 F: 7 6 
2966 10 2986 176 F: 3 4 3 
2983 8 3015 280 F: 3 5 
2994 10 3014 328 F: 5 3 2 
3007 3 3010 107 F: 3 
3014 11 3025 169 F: 7 4 
3020 7 3027 179 F: 2 1 4 
3026 11 3070 84 F: 3 4 4 
3048 8 3056 217 F: 5 3 
3104 8 3120 14 F: 8 
3121 7 3128 337 F: 4 3 
3175 9 3202 247 F: 6 3 
3190 5 3210 206 F: 3 1 1 
3191 13 3217 243 F: 13 
3256 9 3292 335 F: 3 2 4 
3283 7 3297 232 F: 2 2 3 
3291 8 3315 20 F: 4 4 
3296 11 3340 153 F: 6 5 
3297 7 3311 135 F: 7 
3347 6 3371 46 F: 5 1 
3348 13 3374 340 F: 13 
3351 6 3375 297 F: 4 2 
3386 7 3407 146 F: 7 
3387 4 3391 297 F: 4 
3406 7 3427 295 F: 3 3 1 
3427 2 3435 120 F: 2 
3464 9 3473 259 F: 5 1 3 
3492 9 3519 64 F: 5 4 
3493 4 3501 170 F: 4 
3510 9 3519 332 F: 4 1 4 
3515 11 3559 102 F: 4 4 3 
3535 8 3543 33 F: 3 5 
3539 7 3546 31 F: 7 
3599 8 3623 91 F: 6 2 
3606 9 3642 218 F: 4 2 3 
3625 10 3635 172 F: 3 3 4 
3643 3 3649 214 F: 3 
3659 3 3671 301 F: 3 
3662 6 3686 200 F: 3 3 
3719 13 3771 259 F: 13 
3724 13 3737 189 F: 13 
3753 11 3786 316 F: 6 5 
3767 12 3803 91 F: 12 
3797 6 3803 329 F: 4 1 1 
3827 4 3843 299 F: 4 
3844 3 3856 251 F: 2 1 
3846 11 3868 135 F: 7 4 
3863 7 3877 168 F: 4 3 
3868 6 3892 65 F: 6 
3908 5 3928 306 F: 5 
3918 3 3930 46 F: 3 
3963 7 3984 186 F: 6 1 
3981 7 3995 277 F: 2 5 
3990 4 3994 152 F: 3 1 
4041 10 4051 66 F: 6 4 
4058 10 4088 287 F: 7 3 
4086 11 4119 165 F: 4 4 3 
4090 7 4118 127 F: 4 3 
4099 8 4131 63 F: 4 3 1 
4126 9 4135 313 F: 4 4 1 
4138 11 4149 192 F: 3 4 4 
4158 9 4194 341 F: 9 
4179 3 4188 113 F: 2 1 
4186 10 4226 247 F: 5 1 4 
4208 9 4226 22 F: 9 
4221 9 4257 205 F: 4 5 
4240 7 4247 36 F: 5 2 
4286 8 4310 67 F: 5 1 2 
4291 9 4318 13 F: 3 4 2 
4326 10 4366 196 F: 10 
4363 9 4390 297 F: 5 2 2 
4365 11 4387 348 F: 11 
4384 10 4424 95 F: 6 4 
4386 9 4413 201 F: 9 
4406 10 4426 39 F: 10 
4436 12 4448 232 F: 12 
4443 10 4473 314 F: 7 3 
4474 5 4484 328 F: 3 2 
4478 8 4486 330 F: 5 1 2 
4501 8 4517 342 F: 4 2 2 
4513 3 4516 233 F: 3 
4557 9 4575 289 F: 9 
4588 7 4602 18 F: 2 3 2 
4594 7 4601 135 F: 7 
4614 10 4634 335 F: 5 5 
4618 8 4650 14 F: 2 6 
4629 11 4640 330 F: 7 4 
4634 4 4638 92 F: 4 
4635 10 4645 139 F: 6 4 
4713 7 4734 342 F: 2 3 2 
4718 2 4722 301 F: 2 
4734 3 4740 322 F: 3 
4737 7 4758 23 F: 4 3 
4753 6 4777 99 F: 2 4 
4802 9 4811 80 F: 3 3 3 
4813 9 4840 191 F: 5 1 3 
4822 10 4842 213 F: 7 3 
4861 9 4897 160 F: 5 1 3 
4897 11 4908 255 F: 11 
4913 4 4921 74 F: 4 
4940 8 4972 197 F: 8 
4963 7 4977 192 F: 7 
4984 5 4999 71 F: 5 
4985 7 5006 39 F: 2 2 3 
5060 11 5082 244 F: 4 4 3 
5065 3 5071 310 F: 3 
5082 11 5093 2 F: 4 3 4 
5091 13 5117 69 F: 5 4 4 
5099 13 5125 262 F: 13 
5130 11 5174 33 F: 11 
5138 6 5144 23 F: 6 
5140 5 5160 137 F: 5 
5143 8 5167 106 F: 6 2 
5157 8 5173 324 F: 4 3 1 
5210 8 5218 277 F: 4 2 2 
5215 8 5231 21 F: 2 2 4 
5240 8 5264 30 F: 4 2 2 
5255 10 5295 20 F: 7 3 
5291 9 5318 10 F: 5 2 2 
5301 7 5329 348 F: 2 4 1 
5303 11 5325 312 F: 4 4 3 
5312 9 5348 312 F: 5 4 
5351 8 5359 66 F: 8 
5379 10 5399 171 F: 5 5 
5418 8 5442 25 F: 5 1 2 
5430 6 5454 139 F: 3 1 2 
5461 8 5477 58 F: 5 1 2 
5470 8 5478 131 F: 3 5 
5485 2 5489 200 F: 2 
5506 8 5538 56 F: 4 4 
5533 13 5572 62 F: 13 
5566 9 5584 122 F: 7 2 
5591 9 5618 250 F: 9 
5595 8 5627 131 F: 8 
5606 6 5612 291 F: 4 2 
5633 5 5653 284 F: 2 3 
5634 5 5644 144 F: 4 1 
5658 7 5679 271 F: 7 
5661 5 5676 64 F: 4 1 
5718 7 5746 204 F: 2 1 4 
5757 6 5763 268 F: 5 1 
5771 4 5787 307 F: 4 
5798 9 5825 148 F: 9 
5799 7 5820 249 F: 5 2 
5811 9 5820 91 F: 4 5 
5832 3 5835 343 F: 3 
5850 7 5878 304 F: 4 3 
5850 9 5868 138 F: 9 
5872 13 5885 326 F: 13 
5930 7 5958 123 F: 2 4 1 
5945 3 5951 146 F: 3 
5946 7 5974 103 F: 4 2 1 
5975 4 5983 22 F: 2 1 1 
5980 5 5995 148 F: 3 1 1 
6010 3 6019 160 F: 3 
6046 8 6078 170 F: 4 1 3 
6048 7 6062 106 F: 4 3 
6054 8 6062 192 F: 3 4 1 
6085 9 6094 186 F: 4 5 
6104 7 6125 197 F: 6 1 
6115 9 6133 318 F: 4 2 3 
6138 5 6148 228 F: 3 2 
6188 6 6206 268 F: 4 2 
6192 9 6201 5 F: 5 2 2 
6233 5 6253 337 F: 2 2 1 
6234 11 6245 194 F: 11 
6253 10 6263 77 F: 5 3 2 
6261 11 6272 153 F: 11 
6281 9 6299 86 F: 7 2 
6323 10 6353 317 F: 4 2 4 
6347 8 6355 275 F: 4 4 
6359 9 6386 34 F: 4 1 4 
6361 6 6367 174 F: 6 
6399 9 6408 89 F: 9 
6403 8 6419 93 F: 8 
6433 2 6435 279 F: 2 
6451 9 6487 243 F: 2 4 3 
6464 11 6508 299 F: 5 3 3 
6478 7 6492 179 F: 7 
6513 8 6521 147 F: 7 1 
6550 9 6559 253 F: 4 3 2 
6559 5 6579 206 F: 2 2 1 
6571 5 6576 293 F: 2 2 1 
6590 9 6608 194 F: 4 4 1 
6614 7 6621 135 F: 7 
6623 7 6637 12 F: 7 
6633 9 6642 284 F: 5 4 
6672 10 6692 58 F: 4 6 
6674 4 6682 262 F: 2 2 
6707 6 6719 36 F: 3 1 2 
6716 12 6740 220 F: 6 6 
6720 10 6740 143 F: 4 2 4 
6741 11 6752 106 F: 3 4 4 
6777 4 6781 216 F: 4 
6817 9 6844 336 F: 2 4 3 
6823 4 6835 284 F: 4 
6856 6 6862 77 F: 2 1 3 
6860 7 6874 34 F: 2 3 2 
6895 7 6909 85 F: 5 1 1 
6921 8 6945 148 F: 7 1 
6929 12 6965 317 F: 4 4 4 
6950 9 6977 260 F: 7 2 
6954 7 6961 84 F: 7 
6962 9 6989 145 F: 9 
D: 9 108 
D: 10 271 
D: 19 266 
D: 27 50 
D: 38 122 
D: 39 155 
D: 39 252 
D: 42 284 
D: 52 178 
D: 56 134 
D: 68 187 
D: 78 243 
D: 79 119 
D: 79 123 
D: 81 220 
D: 92 310 
D: 96 210 
D: 97 143 
D: 98 201 
D: 115 321 
D: 116 305 
D: 119 133 
D: 121 221 
D: 123 135 
D: 126 217 
D: 132 190 
D: 154 281 
D: 166 221 
D: 169 168 
D: 174 205 
D: 188 312 
D: 193 292 
D: 218 227 
D: 248 309 
D: 344 346 
