39 10 59 106 F: 10 
65 8 73 280 F: 6 2 
72 10 82 49 F: 7 3 
76 6 94 91 F: 2 2 2 
76 9 112 187 F: 9 
125 9 152 100 F: 9 
155 9 182 6 F: 5 1 3 
157 12 169 83 F: 4 4 4 
164 9 191 37 F: 3 6 
166 7 194 168 F: 4 3 
214 6 232 88 F: 2 4 
221 7 249 243 F: 5 1 1 
243 10 253 338 F: 4 6 
247 10 287 256 F: 5 2 3 
255 11 266 6 F: 5 2 4 
312 7 340 50 F: 3 4 
312 13 364 98 F: 7 6 
316 10 336 336 F: 4 4 2 
321 5 336 284 F: 4 1 
373 11 384 288 F: 11 
427 12 475 209 F: 12 
480 9 507 253 F: 4 2 3 
485 9 512 44 F: 5 4 
491 9 500 344 F: 9 
497 9 533 251 F: 7 2 
503 5 508 69 F: 3 1 1 
533 9 560 61 F: 3 2 4 
545 13 584 156 F: 13 
549 11 560 253 F: 11 
590 6 602 45 F: 4 2 
609 9 645 149 F: 7 2 
651 12 663 338 F: 12 
668 8 692 39 F: 4 1 3 
668 10 698 76 F: 4 6 
690 6 714 166 F: 2 2 2 
736 8 752 228 F: 4 2 2 
746 4 762 194 F: 4 
759 10 799 156 F: 4 4 2 
768 10 788 201 F: 3 3 4 
782 6 788 195 F: 6 
803 7 810 344 F: 7 
833 8 857 293 F: 4 4 
853 2 859 201 F: 2 
889 6 907 41 F: 4 2 
897 6 909 80 F: 3 2 1 
922 4 926 227 F: 3 1 
923 13 949 35 F: 13 
935 7 942 98 F: 7 
959 8 983 217 F: 4 1 3 
995 4 1007 153 F: 3 1 
1006 6 1018 235 F: 3 3 
1019 6 1025 347 F: 6 
1033 11 1044 151 F: 5 6 
1040 6 1046 72 F: 2 1 3 
1047 3 1059 251 F: 2 1 
1106 8 1130 3 F: 2 4 2 
1119 12 1131 237 F: 7 5 
1127 10 1167 320 F: 3 4 3 
1142 12 1166 340 F: 12 
1149 5 1159 282 F: 3 2 
1236 8 1268 286 F: 2 4 2 
1269 12 1281 123 F: 6 6 
1288 9 1297 341 F: 3 6 
1289 8 1313 118 F: 8 
1295 4 1311 275 F: 4 
1300 12 1312 162 F: 12 
1308 9 1317 328 F: 9 
1322 10 1362 270 F: 10 
1343 8 1351 25 F: 2 4 2 
1380 3 1386 122 F: 3 
1434 2 1438 47 F: 2 
1446 7 1474 213 F: 4 3 
1451 12 1499 7 F: 12 
1483 4 1499 220 F: 2 1 1 
1496 7 1517 196 F: 7 
1547 3 1559 350 F: 3 
1554 8 1570 345 F: 8 
1559 7 1587 23 F: 2 4 1 
1562 12 1586 314 F: 6 6 
1586 11 1630 44 F: 11 
1636 5 1646 21 F: 2 3 
1639 7 1667 154 F: 6 1 
1666 2 1670 157 F: 2 
1675 9 1702 286 F: 5 4 
1699 9 1726 287 F: 5 2 2 
1713 8 1721 186 F: 8 
1754 7 1775 250 F: 7 
1771 3 1783 275 F: 3 
1781 10 1801 43 F: 5 1 4 
1782 10 1822 127 F: 6 4 
1847 7 1854 29 F: 2 3 2 
1862 12 1886 128 F: 5 4 3 
1878 12 1902 109 F: 6 6 
1888 5 1903 16 F: 5 
1890 7 1918 275 F: 3 3 1 
1907 8 1931 176 F: 3 1 4 
1941 10 1971 221 F: 4 6 
1951 6 1963 161 F: 4 2 
1967 13 1980 147 F: 5 4 4 
1968 9 2004 164 F: 5 4 
2055 12 2103 300 F: 12 
2060 9 2078 103 F: 9 
2077 4 2093 223 F: 4 
2086 6 2098 278 F: 3 1 2 
2092 8 2124 232 F: 6 2 
2107 10 2127 239 F: 4 6 
2163 6 2169 37 F: 6 
2168 10 2208 213 F: 4 6 
2177 10 2197 263 F: 7 3 
2182 13 2221 327 F: 13 
2201 8 2217 66 F: 8 
2211 13 2237 205 F: 13 
2258 4 2274 98 F: 4 
2284 10 2324 267 F: 5 3 2 
2298 7 2319 86 F: 5 2 
2317 9 2344 15 F: 7 2 
2363 4 2371 66 F: 2 2 
2369 5 2384 162 F: 4 1 
2393 13 2419 198 F: 7 6 
2397 8 2429 51 F: 4 4 
2434 5 2454 282 F: 5 
2456 11 2478 153 F: 6 5 
2467 11 2500 208 F: 5 3 3 
2474 2 2478 125 F: 2 
2474 8 2490 242 F: 8 
2504 9 2540 71 F: 4 2 3 
2522 8 2546 190 F: 3 5 
2529 8 2537 47 F: 3 3 2 
2533 11 2577 231 F: 5 6 
2555 7 2562 99 F: 2 4 1 
2615 4 2631 182 F: 4 
2629 11 2651 125 F: 11 
2643 4 2647 92 F: 4 
2692 9 2719 35 F: 2 3 4 
2696 8 2712 234 F: 7 1 
2706 8 2714 119 F: 3 3 2 
2737 7 2751 208 F: 7 
2767 12 2779 243 F: 5 4 3 
2773 11 2795 271 F: 3 4 4 
2784 6 2790 144 F: 6 
2861 5 2871 173 F: 5 
2861 7 2882 182 F: 2 2 3 
2862 7 2876 253 F: 7 
2864 7 2871 96 F: 7 
2895 10 2935 68 F: 4 6 
2951 7 2972 87 F: 2 3 2 
2959 3 2968 204 F: 3 
2984 9 2993 243 F: 4 1 4 
2994 9 3012 350 F: 4 4 1 
2995 5 3000 138 F: 2 3 
3010 12 3058 74 F: 12 
3032 6 3038 28 F: 2 4 
3053 4 3069 199 F: 3 1 
3061 6 3073 222 F: 3 2 1 
3077 12 3089 240 F: 5 4 3 
3105 9 3132 312 F: 3 3 3 
3111 13 3124 182 F: 7 6 
3112 5 3132 6 F: 5 
3173 12 3197 326 F: 12 
3194 7 3208 22 F: 2 4 1 
3228 11 3239 8 F: 4 4 3 
3233 10 3273 113 F: 5 3 2 
3242 6 3248 127 F: 4 2 
3249 6 3255 115 F: 6 
3255 12 3303 172 F: 6 6 
3300 10 3330 256 F: 7 3 
3321 10 3351 35 F: 4 2 4 
3331 10 3341 30 F: 10 
3345 9 3381 74 F: 5 4 
3380 8 3412 144 F: 3 1 4 
3433 2 3435 322 F: 2 
3434 7 3448 166 F: 7 
3453 4 3465 234 F: 2 2 
3454 9 3481 226 F: 2 3 4 
3476 7 3490 324 F: 4 2 1 
3511 3 3523 60 F: 3 
3539 5 3549 119 F: 5 
3551 8 3567 334 F: 2 6 
3553 12 3565 160 F: 5 3 4 
3574 6 3598 339 F: 6 
3611 11 3655 223 F: 4 4 3 
3621 6 3633 144 F: 3 3 
3636 7 3643 336 F: 2 3 2 
3643 9 3652 111 F: 5 4 
3691 3 3703 39 F: 3 
3735 8 3759 243 F: 8 
3740 10 3750 22 F: 3 4 3 
3752 8 3784 269 F: 4 4 
3765 8 3789 289 F: 6 2 
3770 10 3800 223 F: 5 3 2 
3829 10 3849 312 F: 4 6 
3847 7 3854 280 F: 6 1 
3872 6 3884 199 F: 2 1 3 
3876 9 3894 345 F: 3 6 
3886 10 3896 97 F: 10 
3902 8 3926 63 F: 7 1 
3913 6 3919 87 F: 6 
3943 10 3973 64 F: 10 
3951 11 3984 332 F: 11 
3959 5 3964 228 F: 5 
4007 11 4029 294 F: 6 5 
4031 9 4067 278 F: 2 3 4 
4068 9 4086 301 F: 7 2 
4076 5 4086 94 F: 2 1 2 
4093 10 4133 331 F: 5 3 2 
4160 10 4200 332 F: 3 4 3 
4161 5 4181 62 F: 2 2 1 
4161 5 4181 204 F: 5 
4175 7 4189 326 F: 7 
4190 12 4238 306 F: 12 
4217 7 4231 233 F: 5 1 1 
4227 8 4235 203 F: 3 1 4 
4241 11 4285 284 F: 4 3 4 
4267 8 4291 331 F: 8 
4269 9 4278 82 F: 4 2 3 
4307 13 4333 170 F: 13 
4370 11 4403 218 F: 7 4 
4385 4 4401 78 F: 3 1 
4386 10 4406 232 F: 5 5 
4393 3 4402 293 F: 3 
4408 4 4412 128 F: 4 
4412 7 4426 151 F: 7 
4415 10 4425 141 F: 3 4 3 
4440 7 4461 111 F: 4 3 
4453 7 4460 226 F: 5 2 
4505 3 4508 275 F: 3 
4532 8 4540 73 F: 4 4 
4571 13 4623 32 F: 7 6 
4580 8 4612 62 F: 7 1 
4592 12 4616 137 F: 6 6 
4620 8 4652 23 F: 5 2 1 
4649 12 4661 211 F: 12 
4674 7 4681 224 F: 7 
4677 7 4698 264 F: 4 1 2 
4681 6 4687 146 F: 5 1 
4701 11 4712 167 F: 7 4 
4719 7 4747 128 F: 2 5 
4761 4 4769 55 F: 2 1 1 
4775 9 4784 175 F: 4 5 
4778 6 4790 100 F: 3 1 2 
4801 7 4808 177 F: 7 
4830 7 4851 68 F: 4 3 
4844 11 4855 279 F: 11 
4856 4 4864 243 F: 2 1 1 
4899 4 4911 60 F: 4 
4915 10 4955 106 F: 10 
4931 8 4963 82 F: 4 3 1 
4942 7 4949 159 F: 3 2 2 
4963 7 4991 190 F: 5 1 1 
4982 10 4992 345 F: 5 2 3 
5013 11 5024 152 F: 7 4 
5021 8 5029 221 F: 3 5 
5029 6 5053 252 F: 3 1 2 
5031 7 5052 309 F: 6 1 
5062 9 5098 209 F: 9 
5104 6 5122 217 F: 5 1 
5122 4 5130 218 F: 2 2 
5168 8 5184 159 F: 5 3 
5168 11 5179 115 F: 7 4 
5173 7 5180 343 F: 3 4 
5228 5 5238 180 F: 4 1 
5236 8 5252 230 F: 7 1 
5244 10 5284 36 F: 4 6 
5267 12 5279 122 F: 12 
5280 12 5328 220 F: 4 4 4 
5318 11 5351 272 F: 5 3 3 
5322 6 5334 231 F: 6 
5348 11 5370 27 F: 5 4 2 
5364 8 5380 268 F: 6 2 
5371 8 5395 70 F: 5 1 2 
5421 10 5441 181 F: 7 3 
5438 11 5449 144 F: 5 3 3 
5454 6 5478 302 F: 6 
5463 3 5472 219 F: 2 1 
5481 8 5497 10 F: 3 2 3 
5516 9 5552 70 F: 5 4 
5517 6 5535 320 F: 2 4 
5526 8 5534 281 F: 4 4 
5562 10 5572 327 F: 7 3 
5565 9 5601 122 F: 2 4 3 
5608 8 5640 246 F: 4 4 
5614 5 5624 110 F: 2 3 
5641 11 5685 318 F: 11 
5671 12 5695 162 F: 7 5 
5672 10 5712 11 F: 4 2 4 
5731 4 5735 42 F: 3 1 
5738 12 5786 82 F: 4 4 4 
5739 4 5743 104 F: 2 2 
5757 7 5785 154 F: 7 
5795 8 5819 231 F: 6 2 
5803 7 5824 142 F: 3 1 3 
5820 8 5844 91 F: 3 1 4 
5825 5 5830 99 F: 2 3 
5827 12 5839 324 F: 12 
5863 8 5879 157 F: 5 3 
5903 8 5935 75 F: 8 
5909 2 5913 38 F: 2 
5915 7 5936 144 F: 2 5 
5982 6 5994 172 F: 2 2 2 
5992 8 6000 38 F: 5 2 1 
6001 8 6009 44 F: 2 2 4 
6046 5 6066 95 F: 3 2 
6047 8 6063 280 F: 2 6 
6065 9 6074 325 F: 6 3 
6087 5 6097 324 F: 5 
6104 12 6128 240 F: 7 5 
6112 7 6133 311 F: 4 2 1 
6133 6 6151 236 F: 2 3 1 
6167 7 6174 184 F: 5 1 1 
6174 6 6180 114 F: 2 3 1 
6217 6 6241 123 F: 2 3 1 
6263 4 6279 329 F: 2 1 1 
6269 8 6277 19 F: 3 5 
6280 11 6313 198 F: 11 
6294 8 6310 40 F: 8 
6304 8 6312 30 F: 7 1 
6317 10 6327 121 F: 10 
6326 3 6338 77 F: 3 
6337 8 6369 315 F: 3 5 
6385 6 6391 230 F: 6 
6403 5 6418 65 F: 5 
6405 7 6433 190 F: 4 3 
6418 10 6428 21 F: 10 
6421 9 6430 107 F: 7 2 
6431 12 6455 295 F: 12 
6507 3 6513 235 F: 2 1 
6548 12 6560 338 F: 5 3 4 
6561 6 6567 297 F: 6 
6590 10 6600 16 F: 10 
6597 6 6603 228 F: 6 
6610 10 6620 169 F: 7 3 
6615 13 6641 139 F: 13 
6638 4 6642 14 F: 4 
6656 8 6688 171 F: 4 4 
6681 6 6705 307 F: 3 1 2 
6710 6 6716 175 F: 6 
6763 9 6799 229 F: 3 4 2 
6770 9 6806 217 F: 4 4 1 
6770 10 6810 71 F: 10 
6793 6 6817 149 F: 3 3 
6800 11 6811 96 F: 11 
6814 8 6822 272 F: 6 2 
6827 5 6842 212 F: 5 
6832 13 6845 328 F: 7 6 
6848 5 6853 57 F: 2 1 2 
6905 10 6935 247 F: 7 3 
6950 7 6964 343 F: 2 4 1 
6951 8 6983 67 F: 5 3 
6969 10 7009 291 F: 10 
6991 4 6995 134 F: 4 
D: 3 164 
D: 3 169 
D: 3 279 
D: 26 324 
D: 39 146 
D: 43 313 
D: 43 329 
D: 45 203 
D: 46 144 
D: 49 90 
D: 51 326 
D: 54 267 
D: 58 103 
D: 61 184 
D: 71 158 
D: 81 158 
D: 86 281 
D: 107 157 
D: 111 333 
D: 115 131 
D: 116 266 
D: 133 236 
D: 136 184 
D: 136 268 
D: 152 207 
D: 164 181 
D: 191 348 
D: 196 324 
D: 202 281 
D: 204 205 
D: 225 254 
D: 226 283 
D: 243 347 
D: 287 293 
D: 302 334 
