25 7 46 269 F: 3 2 2 
32 8 40 37 F: 8 
62 5 67 48 F: 5 
84 5 94 66 F: 5 
86 11 119 19 F: 7 4 
109 6 127 256 F: 6 
144 6 168 189 F: 2 2 2 
157 10 187 191 F: 5 3 2 
167 3 176 251 F: 3 
191 8 199 69 F: 3 2 3 
203 7 217 163 F: 6 1 
227 9 263 299 F: 3 6 
238 5 258 191 F: 2 3 
256 7 284 75 F: 2 4 1 
285 13 337 15 F: 13 
309 11 331 83 F: 5 3 3 
323 5 338 61 F: 5 
333 10 373 118 F: 10 
360 7 374 156 F: 2 4 1 
363 5 378 326 F: 5 
422 7 450 24 F: 2 2 3 
451 4 455 300 F: 4 
462 3 468 97 F: 3 
471 5 491 181 F: 5 
490 9 499 63 F: 2 4 3 
523 7 551 280 F: 3 4 
527 4 535 4 F: 4 
549 7 570 168 F: 4 1 2 
564 10 574 141 F: 3 4 3 
599 2 601 260 F: 2 
609 7 637 339 F: 7 
616 10 656 124 F: 3 3 4 
633 11 655 14 F: 5 2 4 
670 13 709 223 F: 5 4 4 
689 7 717 313 F: 7 
719 6 731 40 F: 4 2 
728 5 743 317 F: 5 
748 7 769 214 F: 7 
760 7 781 62 F: 7 
789 8 821 64 F: 5 3 
802 9 811 33 F: 5 4 
830 7 837 290 F: 6 1 
831 7 859 226 F: 7 
859 9 895 266 F: 9 
889 7 917 296 F: 3 4 
914 8 930 196 F: 6 2 
922 7 950 335 F: 7 
923 9 941 136 F: 4 5 
964 10 1004 303 F: 6 4 
983 8 1015 5 F: 3 5 
1010 3 1016 124 F: 3 
1013 9 1040 280 F: 2 4 3 
1081 12 1129 3 F: 12 
1090 10 1100 325 F: 3 4 3 
1093 11 1137 41 F: 5 3 3 
1103 7 1117 69 F: 4 2 1 
1115 7 1129 141 F: 2 5 
1153 10 1173 333 F: 5 4 1 
1162 9 1189 176 F: 5 2 2 
1165 7 1172 32 F: 4 3 
1211 9 1229 43 F: 9 
1211 9 1247 319 F: 9 
1212 4 1224 37 F: 2 2 
1238 11 1271 35 F: 5 4 2 
1252 10 1272 188 F: 2 4 4 
1301 11 1334 58 F: 3 4 4 
1334 6 1352 160 F: 3 1 2 
1335 7 1363 157 F: 7 
1354 10 1384 317 F: 10 
1366 7 1380 276 F: 4 2 1 
1431 8 1455 44 F: 7 1 
1437 7 1451 165 F: 2 5 
1452 8 1468 133 F: 2 6 
1476 10 1506 47 F: 10 
1494 7 1501 86 F: 3 3 1 
1514 9 1550 161 F: 4 2 3 
1529 13 1542 208 F: 13 
1555 4 1567 226 F: 4 
1566 8 1590 302 F: 7 1 
1594 7 1615 190 F: 7 
1637 6 1661 16 F: 6 
1676 6 1688 31 F: 5 1 
1676 12 1700 38 F: 5 3 4 
1686 11 1730 147 F: 4 4 3 
1689 7 1710 323 F: 7 
1712 6 1736 55 F: 4 2 
1740 7 1747 3 F: 7 
1762 8 1786 175 F: 2 2 4 
1766 2 1774 153 F: 2 
1766 11 1777 247 F: 5 3 3 
1865 9 1901 146 F: 4 5 
1873 8 1889 286 F: 2 6 
1880 5 1885 194 F: 5 
1886 4 1902 56 F: 4 
1891 7 1912 38 F: 7 
1914 8 1946 320 F: 7 1 
1917 13 1969 142 F: 13 
1951 6 1963 175 F: 6 
1969 10 1979 59 F: 10 
1987 4 1995 78 F: 2 2 
2031 8 2039 276 F: 5 2 1 
2051 10 2071 236 F: 4 3 3 
2055 12 2091 203 F: 7 5 
2077 9 2113 103 F: 3 2 4 
2093 8 2117 153 F: 8 
2103 9 2130 82 F: 7 2 
2126 5 2141 127 F: 2 3 
2160 11 2193 238 F: 11 
2174 12 2210 298 F: 12 
2196 7 2224 192 F: 5 2 
2205 4 2209 169 F: 2 2 
2227 8 2251 232 F: 5 3 
2237 10 2277 327 F: 5 3 2 
2245 6 2263 62 F: 2 3 1 
2257 7 2278 254 F: 4 1 2 
2300 9 2327 25 F: 2 4 3 
2301 9 2319 4 F: 5 2 2 
2308 3 2317 219 F: 3 
2352 10 2372 347 F: 10 
2361 9 2397 74 F: 4 2 3 
2416 7 2430 254 F: 5 1 1 
2438 6 2456 92 F: 6 
2475 6 2481 160 F: 6 
2493 5 2498 37 F: 3 1 1 
2499 10 2529 201 F: 4 6 
2510 8 2534 124 F: 5 2 1 
2557 8 2581 231 F: 4 2 2 
2579 6 2591 48 F: 2 4 
2588 2 2596 204 F: 2 
2598 4 2606 6 F: 4 
2657 4 2669 211 F: 3 1 
2659 13 2711 220 F: 13 
2670 5 2685 293 F: 5 
2677 7 2684 172 F: 2 4 1 
2684 6 2690 227 F: 5 1 
2724 3 2736 21 F: 3 
2726 5 2741 161 F: 2 3 
2728 6 2734 102 F: 3 3 
2732 13 2745 149 F: 5 4 4 
2745 5 2750 250 F: 4 1 
2817 8 2849 197 F: 5 3 
2824 3 2830 78 F: 2 1 
2842 8 2874 119 F: 3 1 4 
2886 8 2902 129 F: 4 4 
2893 8 2909 85 F: 5 3 
2944 10 2974 10 F: 5 1 4 
2945 8 2969 115 F: 3 2 3 
2951 6 2975 269 F: 6 
2968 11 3012 62 F: 3 4 4 
2982 12 3006 229 F: 5 4 3 
3022 3 3025 198 F: 3 
3033 6 3057 52 F: 5 1 
3042 4 3054 57 F: 2 2 
3084 8 3092 181 F: 8 
3088 5 3093 274 F: 5 
3104 7 3118 57 F: 7 
3108 7 3129 169 F: 2 1 4 
3159 13 3211 285 F: 13 
3181 11 3203 82 F: 7 4 
3191 7 3212 252 F: 5 2 
3200 8 3208 31 F: 4 1 3 
3226 9 3235 237 F: 7 2 
3240 11 3262 150 F: 5 3 3 
3256 13 3295 90 F: 13 
3259 10 3269 160 F: 5 3 2 
3302 9 3311 184 F: 2 3 4 
3310 13 3336 188 F: 13 
3355 7 3383 219 F: 7 
3375 10 3405 331 F: 5 5 
3396 13 3448 274 F: 13 
3419 9 3455 222 F: 4 3 2 
3448 6 3460 195 F: 2 1 3 
3463 7 3484 304 F: 4 1 2 
3469 3 3475 27 F: 3 
3488 7 3516 276 F: 5 2 
3542 9 3551 73 F: 4 2 3 
3554 3 3563 332 F: 2 1 
3560 10 3590 266 F: 6 4 
3562 7 3583 40 F: 3 1 3 
3591 9 3600 14 F: 6 3 
3615 10 3645 326 F: 5 2 3 
3625 8 3641 72 F: 5 1 2 
3630 2 3634 14 F: 2 
3658 9 3685 286 F: 5 4 
3694 8 3710 26 F: 7 1 
3759 12 3771 347 F: 5 3 4 
3775 7 3803 151 F: 2 5 
3781 6 3799 341 F: 4 2 
3789 7 3796 38 F: 2 3 2 
3796 11 3840 108 F: 5 4 2 
3809 8 3833 156 F: 8 
3823 13 3849 262 F: 13 
3854 4 3858 156 F: 2 1 1 
3880 7 3894 283 F: 7 
3889 6 3895 66 F: 6 
3905 6 3923 300 F: 3 3 
3920 6 3938 339 F: 6 
3932 9 3950 320 F: 3 6 
3934 6 3952 276 F: 4 1 1 
3951 11 3973 256 F: 3 4 4 
4021 3 4024 182 F: 3 
4023 7 4051 323 F: 2 3 2 
4065 7 4079 256 F: 2 3 2 
4068 8 4100 10 F: 5 3 
4095 5 4100 264 F: 5 
4135 9 4153 346 F: 4 4 1 
4149 13 4188 268 F: 5 4 4 
4157 7 4185 172 F: 2 5 
4159 10 4199 262 F: 5 4 1 
4197 3 4203 249 F: 3 
4224 6 4236 53 F: 3 3 
4242 8 4266 251 F: 2 2 4 
4261 6 4273 10 F: 6 
4283 7 4311 183 F: 7 
4287 9 4323 297 F: 2 3 4 
4303 10 4333 255 F: 10 
4310 4 4322 32 F: 4 
4348 10 4388 308 F: 2 4 4 
4352 10 4372 180 F: 6 4 
4387 12 4399 347 F: 12 
4421 9 4439 208 F: 9 
4426 5 4441 202 F: 3 1 1 
4437 6 4461 32 F: 2 1 3 
4440 4 4452 72 F: 4 
4471 11 4504 29 F: 4 3 4 
4516 13 4568 259 F: 13 
4526 10 4556 286 F: 2 4 4 
4528 8 4536 15 F: 2 3 3 
4548 6 4572 313 F: 5 1 
4551 12 4587 332 F: 6 6 
4600 12 4648 263 F: 12 
4601 8 4609 305 F: 2 4 2 
4630 11 4674 283 F: 5 4 2 
4637 12 4649 199 F: 4 4 4 
4643 9 4652 270 F: 4 4 1 
4709 7 4737 273 F: 4 2 1 
4732 7 4739 94 F: 5 1 1 
4755 6 4767 340 F: 2 4 
4756 6 4768 170 F: 2 4 
4765 9 4792 136 F: 5 3 1 
4817 7 4845 336 F: 3 2 2 
4847 7 4875 175 F: 2 3 2 
4865 7 4893 39 F: 5 1 1 
4888 9 4897 165 F: 5 4 
4895 2 4901 134 F: 2 
4921 8 4929 232 F: 3 3 2 
4922 4 4934 235 F: 4 
4955 9 4973 275 F: 7 2 
4971 9 4980 278 F: 6 3 
4982 7 5003 320 F: 3 4 
5001 11 5023 29 F: 11 
5007 11 5051 211 F: 5 3 3 
5022 13 5074 315 F: 7 6 
5069 6 5087 94 F: 6 
5098 8 5114 156 F: 3 3 2 
5112 5 5122 128 F: 2 1 2 
5112 8 5120 162 F: 8 
5142 8 5150 62 F: 6 2 
5164 8 5180 299 F: 3 2 3 
5168 7 5175 160 F: 4 3 
5215 6 5221 181 F: 6 
5232 12 5256 305 F: 12 
5241 6 5259 230 F: 4 1 1 
5249 7 5256 288 F: 7 
5269 11 5313 282 F: 11 
5300 8 5324 94 F: 3 1 4 
5300 10 5340 201 F: 4 3 3 
5326 6 5332 103 F: 2 3 1 
5333 7 5347 18 F: 4 2 1 
5355 12 5391 110 F: 12 
5423 9 5441 147 F: 4 1 4 
5460 11 5482 188 F: 6 5 
5464 6 5488 241 F: 4 2 
5475 7 5496 179 F: 4 1 2 
5497 8 5505 165 F: 2 4 2 
5515 6 5527 113 F: 3 2 1 
5516 2 5524 274 F: 2 
5535 11 5579 66 F: 7 4 
5559 10 5579 154 F: 3 3 4 
5585 2 5591 48 F: 2 
5622 11 5666 140 F: 11 
5642 10 5652 221 F: 5 4 1 
5642 13 5694 73 F: 5 4 4 
5669 2 5677 155 F: 2 
5676 5 5686 161 F: 3 2 
5741 12 5789 244 F: 7 5 
5766 9 5784 171 F: 7 2 
5770 8 5802 214 F: 2 3 3 
5771 10 5791 296 F: 5 1 4 
5779 4 5795 4 F: 2 2 
5817 10 5857 129 F: 4 6 
5839 8 5847 138 F: 8 
5875 3 5881 12 F: 3 
5890 7 5918 49 F: 2 1 4 
5897 2 5899 83 F: 2 
5901 4 5917 267 F: 2 2 
5901 9 5919 273 F: 3 2 4 
5983 2 5985 176 F: 2 
5990 9 6008 18 F: 6 3 
5995 7 6002 110 F: 4 2 1 
6025 10 6065 293 F: 5 5 
6047 5 6052 237 F: 4 1 
6051 13 6090 241 F: 13 
6066 10 6106 324 F: 3 4 3 
6089 11 6122 104 F: 4 4 3 
6134 7 6162 174 F: 2 5 
6146 8 6162 167 F: 8 
6161 7 6175 96 F: 7 
6194 4 6210 58 F: 2 2 
6197 13 6223 136 F: 13 
6201 13 6253 84 F: 13 
6214 9 6232 62 F: 4 2 3 
6217 12 6253 186 F: 12 
6257 10 6287 144 F: 5 3 2 
6282 9 6318 161 F: 3 3 3 
6309 12 6333 46 F: 5 4 3 
6327 7 6334 331 F: 3 3 1 
6338 7 6352 179 F: 4 3 
6350 12 6386 118 F: 12 
6372 9 6381 133 F: 6 3 
6409 13 6435 183 F: 13 
6415 10 6435 40 F: 5 5 
6449 6 6473 114 F: 4 1 1 
6459 11 6481 279 F: 5 4 2 
6492 9 6510 30 F: 3 3 3 
6563 9 6590 275 F: 9 
6566 8 6574 341 F: 4 4 
6568 4 6580 275 F: 4 
6577 12 6613 247 F: 6 6 
6584 5 6594 196 F: 5 
6631 4 6647 232 F: 2 2 
6669 9 6678 47 F: 3 3 3 
6683 6 6689 118 F: 2 3 1 
6688 7 6709 15 F: 7 
6692 10 6712 64 F: 4 6 
6701 7 6708 91 F: 7 
6726 8 6750 118 F: 3 5 
6742 5 6747 14 F: 4 1 
6742 7 6770 203 F: 2 1 4 
6788 6 6794 307 F: 5 1 
6801 3 6804 196 F: 3 
6824 8 6848 350 F: 3 2 3 
6835 7 6849 34 F: 2 5 
6841 9 6868 291 F: 4 1 4 
6843 8 6851 251 F: 4 4 
6918 13 6970 5 F: 5 4 4 
6980 9 7007 259 F: 3 6 
6980 11 7002 17 F: 3 4 4 
6982 11 7004 73 F: 11 
6989 10 7019 204 F: 10 
D: 1 229 
D: 5 203 
D: 5 342 
D: 6 277 
D: 7 99 
D: 14 134 
D: 54 147 
D: 60 167 
D: 71 340 
D: 85 214 
D: 95 139 
D: 95 269 
D: 97 337 
D: 101 170 
D: 106 187 
D: 118 230 
D: 118 262 
D: 118 299 
D: 119 127 
D: 124 158 
D: 132 193 
D: 138 235 
D: 147 184 
D: 154 328 
D: 157 277 
D: 188 191 
D: 194 315 
D: 209 292 
D: 219 224 
D: 221 275 
D: 241 245 
D: 241 311 
D: 243 305 
D: 253 279 
D: 265 297 
