22 10 52 142 F: 5 5 
29 3 35 338 F: 3 
33 7 40 328 F: 2 1 4 
50 4 62 276 F: 4 
97 7 104 291 F: 7 
123 11 156 218 F: 6 5 
129 8 137 307 F: 3 1 4 
143 8 159 344 F: 4 4 
156 5 176 329 F: 2 2 1 
184 5 194 230 F: 3 2 
235 11 268 104 F: 11 
258 8 266 162 F: 8 
260 10 300 246 F: 4 2 4 
260 12 284 331 F: 12 
280 6 292 107 F: 6 
301 5 311 47 F: 4 1 
329 12 353 11 F: 12 
339 10 349 34 F: 10 
348 10 368 297 F: 5 5 
390 9 426 22 F: 6 3 
413 12 449 50 F: 12 
434 4 450 69 F: 2 1 1 
463 8 471 179 F: 2 6 
467 8 483 257 F: 2 3 3 
482 7 489 134 F: 2 5 
547 9 565 48 F: 9 
558 11 591 343 F: 5 2 4 
564 7 578 128 F: 3 3 1 
572 9 608 137 F: 9 
577 10 607 96 F: 7 3 
640 11 662 261 F: 6 5 
642 11 664 218 F: 11 
651 9 669 184 F: 9 
654 9 663 5 F: 5 2 2 
686 7 714 168 F: 3 2 2 
714 7 735 243 F: 4 3 
723 8 739 180 F: 6 2 
746 5 756 212 F: 2 1 2 
747 6 759 334 F: 2 1 3 
765 3 768 242 F: 3 
820 9 829 342 F: 9 
821 6 845 114 F: 2 4 
838 3 850 155 F: 3 
842 2 844 38 F: 2 
842 12 890 84 F: 6 6 
924 9 942 138 F: 5 3 1 
951 4 959 216 F: 4 
953 10 983 17 F: 5 4 1 
968 12 1004 192 F: 12 
970 10 1010 126 F: 10 
1001 2 1005 97 F: 2 
1016 13 1029 218 F: 13 
1024 9 1060 279 F: 6 3 
1054 10 1094 226 F: 5 5 
1055 5 1060 287 F: 5 
1105 8 1129 275 F: 4 4 
1114 12 1162 23 F: 4 4 4 
1120 6 1144 341 F: 6 
1179 9 1206 140 F: 2 3 4 
1183 3 1186 120 F: 3 
1209 9 1218 250 F: 4 1 4 
1221 9 1239 64 F: 3 2 4 
1229 6 1247 4 F: 6 
1255 13 1281 125 F: 13 
1262 7 1283 240 F: 2 5 
1320 8 1336 81 F: 4 4 
1323 8 1347 202 F: 8 
1345 5 1365 132 F: 2 3 
1385 5 1405 86 F: 3 2 
1391 4 1407 183 F: 4 
1442 8 1458 226 F: 5 2 1 
1458 3 1464 337 F: 3 
1479 10 1499 185 F: 10 
1480 8 1496 136 F: 3 4 1 
1494 9 1530 69 F: 7 2 
1501 7 1508 30 F: 2 4 1 
1536 8 1544 339 F: 2 2 4 
1545 11 1578 34 F: 5 3 3 
1575 10 1605 345 F: 6 4 
1577 13 1590 288 F: 7 6 
1607 8 1623 206 F: 2 4 2 
1619 6 1637 289 F: 6 
1636 8 1644 126 F: 5 3 
1670 7 1698 50 F: 3 1 3 
1679 9 1706 338 F: 7 2 
1746 7 1774 253 F: 2 5 
1750 9 1777 9 F: 9 
1752 10 1772 299 F: 10 
1762 9 1780 296 F: 4 5 
1793 9 1820 348 F: 9 
1807 8 1831 154 F: 3 1 4 
1810 4 1822 3 F: 3 1 
1837 6 1861 131 F: 2 4 
1853 5 1873 277 F: 5 
1877 11 1910 144 F: 11 
1915 7 1922 77 F: 6 1 
1916 4 1920 107 F: 4 
1917 8 1949 146 F: 8 
1955 7 1962 306 F: 6 1 
1992 9 2010 315 F: 3 2 4 
2044 3 2056 155 F: 3 
2070 10 2110 347 F: 10 
2078 6 2102 179 F: 4 2 
2086 12 2134 350 F: 12 
2095 9 2122 14 F: 4 5 
2117 11 2128 195 F: 7 4 
2124 10 2154 284 F: 4 6 
2130 2 2134 330 F: 2 
2130 11 2174 333 F: 11 
2166 13 2192 280 F: 5 4 4 
2216 8 2248 36 F: 2 4 2 
2283 11 2305 228 F: 4 4 3 
2286 7 2307 124 F: 7 
2296 8 2328 42 F: 3 2 3 
2298 6 2304 34 F: 3 1 2 
2306 7 2327 340 F: 2 5 
2306 7 2334 301 F: 4 3 
2346 8 2378 244 F: 2 6 
2363 6 2369 78 F: 3 2 1 
2397 7 2404 94 F: 3 3 1 
2435 8 2443 298 F: 8 
2437 6 2461 134 F: 2 2 2 
2465 2 2469 349 F: 2 
2478 9 2505 323 F: 3 3 3 
2494 5 2514 260 F: 3 2 
2508 9 2544 19 F: 9 
2516 13 2568 241 F: 7 6 
2539 4 2555 11 F: 3 1 
2547 11 2558 161 F: 3 4 4 
2593 6 2611 300 F: 3 3 
2618 8 2642 333 F: 7 1 
2622 12 2658 261 F: 12 
2662 5 2677 146 F: 2 2 1 
2671 10 2681 171 F: 5 3 2 
2684 5 2689 30 F: 5 
2729 6 2747 100 F: 2 3 1 
2771 7 2799 152 F: 2 5 
2772 11 2783 102 F: 4 4 3 
2789 9 2825 310 F: 5 1 3 
2793 9 2820 120 F: 9 
2812 4 2828 56 F: 3 1 
2850 9 2877 39 F: 9 
2856 11 2878 213 F: 11 
2883 8 2891 262 F: 7 1 
2899 5 2914 121 F: 5 
2912 8 2944 253 F: 4 3 1 
2924 5 2939 270 F: 5 
2930 6 2948 292 F: 4 2 
2931 10 2951 244 F: 10 
2980 12 2992 334 F: 12 
3001 8 3017 129 F: 3 3 2 
3004 8 3028 203 F: 3 3 2 
3042 3 3048 78 F: 2 1 
3044 7 3065 47 F: 7 
3098 2 3100 70 F: 2 
3151 6 3157 74 F: 2 3 1 
3156 7 3177 239 F: 4 1 2 
3158 13 3171 313 F: 13 
3160 13 3186 72 F: 13 
3196 11 3240 238 F: 6 5 
3215 11 3237 71 F: 11 
3229 11 3251 327 F: 7 4 
3253 11 3286 166 F: 5 6 
3271 4 3287 71 F: 2 1 1 
3294 10 3334 118 F: 2 4 4 
3342 7 3363 166 F: 7 
3370 7 3391 291 F: 3 3 1 
3387 11 3409 313 F: 11 
3388 9 3415 221 F: 9 
3393 13 3406 168 F: 5 4 4 
3422 10 3452 175 F: 4 2 4 
3432 10 3472 313 F: 4 6 
3446 10 3456 324 F: 4 3 3 
3478 6 3496 299 F: 3 1 2 
3490 4 3498 129 F: 3 1 
3505 7 3533 258 F: 3 2 2 
3545 6 3563 214 F: 6 
3546 9 3582 37 F: 7 2 
3567 12 3615 104 F: 12 
3578 5 3583 139 F: 2 1 2 
3602 11 3613 227 F: 4 3 4 
3687 11 3720 253 F: 7 4 
3689 9 3725 7 F: 9 
3695 13 3747 8 F: 13 
3696 7 3710 279 F: 7 
3718 8 3726 238 F: 3 4 1 
3726 7 3740 29 F: 2 4 1 
3729 9 3765 113 F: 4 4 1 
3729 10 3759 245 F: 10 
3772 7 3793 104 F: 2 4 1 
3831 8 3863 61 F: 2 6 
3843 9 3861 114 F: 3 6 
3849 12 3885 346 F: 6 6 
3875 7 3896 81 F: 2 1 4 
3878 6 3884 271 F: 4 1 1 
3914 7 3942 123 F: 3 1 3 
3925 6 3949 220 F: 3 3 
3944 7 3951 142 F: 6 1 
3971 9 3998 330 F: 4 5 
3980 6 3986 264 F: 6 
4007 9 4034 280 F: 5 2 2 
4016 8 4040 290 F: 3 5 
4017 9 4035 221 F: 9 
4026 5 4046 82 F: 3 1 1 
4094 7 4108 211 F: 2 4 1 
4150 12 4198 329 F: 5 4 3 
4155 9 4164 183 F: 6 3 
4163 3 4175 332 F: 2 1 
4163 6 4169 17 F: 3 1 2 
4168 6 4180 27 F: 2 1 3 
4216 13 4268 20 F: 13 
4233 7 4254 31 F: 3 4 
4238 11 4260 182 F: 4 3 4 
4275 6 4299 337 F: 4 2 
4297 11 4308 81 F: 11 
4346 6 4370 336 F: 6 
4348 9 4366 23 F: 4 2 3 
4375 8 4383 223 F: 4 4 
4385 7 4406 19 F: 2 5 
4391 8 4423 60 F: 7 1 
4405 6 4423 162 F: 2 3 1 
4406 9 4433 98 F: 4 1 4 
4420 6 4444 109 F: 2 4 
4456 12 4468 222 F: 7 5 
4472 7 4479 339 F: 5 2 
4522 10 4542 163 F: 10 
4535 6 4553 341 F: 2 1 3 
4547 4 4559 90 F: 2 2 
4560 8 4592 124 F: 3 4 1 
4580 7 4608 234 F: 4 1 2 
4610 8 4634 129 F: 3 2 3 
4619 10 4659 153 F: 10 
4628 5 4633 200 F: 4 1 
4676 3 4688 22 F: 3 
4683 8 4699 239 F: 4 4 
4719 3 4731 192 F: 3 
4746 11 4757 40 F: 6 5 
4770 6 4794 169 F: 4 1 1 
4790 12 4802 342 F: 4 4 4 
4796 9 4805 158 F: 5 3 1 
4800 13 4852 196 F: 13 
4807 4 4819 227 F: 4 
4812 9 4839 193 F: 5 2 2 
4853 8 4885 305 F: 5 1 2 
4891 4 4907 292 F: 3 1 
4926 5 4941 256 F: 5 
4934 7 4941 312 F: 2 5 
4940 9 4967 160 F: 5 2 2 
4975 11 5019 327 F: 11 
4985 10 5025 307 F: 5 5 
5006 6 5012 19 F: 4 2 
5019 7 5040 103 F: 3 3 1 
5040 7 5054 223 F: 2 5 
5055 10 5095 212 F: 6 4 
5087 6 5099 232 F: 2 1 3 
5135 6 5141 198 F: 5 1 
5152 7 5159 74 F: 3 4 
5154 10 5194 220 F: 10 
5169 6 5187 158 F: 2 4 
5186 8 5218 205 F: 2 6 
5262 9 5298 247 F: 5 4 
5276 7 5304 9 F: 7 
5285 13 5324 135 F: 5 4 4 
5294 10 5314 205 F: 10 
5295 7 5302 291 F: 4 3 
5303 12 5339 304 F: 6 6 
5317 10 5337 138 F: 10 
5362 8 5378 219 F: 7 1 
5370 9 5397 345 F: 2 3 4 
5377 7 5384 229 F: 4 3 
5422 8 5430 282 F: 3 2 3 
5425 11 5458 180 F: 5 4 2 
5444 3 5456 269 F: 2 1 
5463 7 5491 134 F: 7 
5478 7 5499 332 F: 4 1 2 
5523 3 5535 319 F: 3 
5525 10 5535 187 F: 5 1 4 
5538 6 5544 346 F: 2 3 1 
5555 6 5561 151 F: 6 
5571 6 5589 240 F: 3 2 1 
5611 2 5617 162 F: 2 
5630 2 5636 129 F: 2 
5640 4 5656 255 F: 4 
5675 7 5689 74 F: 5 2 
5693 4 5701 37 F: 4 
5713 12 5725 163 F: 12 
5741 12 5789 95 F: 5 3 4 
5753 9 5780 1 F: 2 4 3 
5773 9 5809 224 F: 6 3 
5782 8 5790 191 F: 3 4 1 
5860 6 5872 345 F: 4 1 1 
5861 5 5866 165 F: 3 1 1 
5868 3 5871 112 F: 3 
5868 8 5876 255 F: 6 2 
5899 13 5951 107 F: 13 
5900 10 5910 294 F: 6 4 
5952 10 5962 272 F: 6 4 
5969 7 5997 37 F: 5 2 
5985 8 6017 223 F: 4 1 3 
5989 12 6001 153 F: 5 4 3 
6009 7 6023 304 F: 4 1 2 
6013 8 6029 254 F: 2 6 
6044 4 6048 150 F: 4 
6046 7 6053 257 F: 4 3 
6081 7 6088 296 F: 7 
6116 10 6146 139 F: 5 5 
6136 12 6148 220 F: 5 3 4 
6151 12 6175 243 F: 12 
6169 5 6174 326 F: 4 1 
6185 9 6203 273 F: 3 6 
6207 9 6234 29 F: 4 1 4 
6217 7 6224 189 F: 3 4 
6225 12 6249 73 F: 5 3 4 
6244 6 6268 284 F: 5 1 
6279 10 6319 152 F: 10 
6300 10 6340 309 F: 4 6 
6302 7 6330 238 F: 3 2 2 
6307 10 6347 190 F: 10 
6325 7 6353 244 F: 3 1 3 
6347 7 6375 176 F: 2 3 2 
6402 8 6418 126 F: 5 1 2 
6408 2 6416 276 F: 2 
6440 7 6468 201 F: 4 1 2 
6485 5 6495 164 F: 5 
6499 5 6519 350 F: 3 2 
6516 4 6528 93 F: 3 1 
6524 8 6556 195 F: 4 3 1 
6554 9 6572 195 F: 5 4 
6585 7 6613 77 F: 7 
6587 9 6614 20 F: 4 1 4 
6621 7 6635 255 F: 5 2 
6667 5 6687 127 F: 2 3 
6668 8 6692 293 F: 2 6 
6678 7 6706 142 F: 6 1 
6683 7 6690 270 F: 7 
6746 4 6758 290 F: 3 1 
6771 10 6791 32 F: 5 3 2 
6781 7 6788 4 F: 3 1 3 
6786 5 6791 58 F: 3 2 
6787 6 6799 59 F: 6 
6808 11 6830 315 F: 11 
6839 7 6860 306 F: 2 5 
6847 11 6869 38 F: 5 3 3 
6882 10 6922 124 F: 6 4 
6887 9 6905 192 F: 4 5 
6902 3 6905 86 F: 2 1 
6914 6 6932 270 F: 2 2 2 
6922 4 6938 247 F: 2 1 1 
6961 7 6975 57 F: 4 2 1 
6963 13 6976 309 F: 7 6 
D: 0 60 
D: 6 178 
D: 6 339 
D: 27 192 
D: 29 94 
D: 34 73 
D: 35 125 
D: 42 297 
D: 50 161 
D: 55 332 
D: 74 265 
D: 75 221 
D: 75 253 
D: 77 214 
D: 77 308 
D: 87 293 
D: 106 196 
D: 143 307 
D: 152 295 
D: 157 207 
D: 157 235 
D: 161 285 
D: 166 306 
D: 179 328 
D: 194 277 
D: 210 294 
D: 215 308 
D: 216 305 
D: 225 248 
D: 241 294 
D: 263 270 
D: 269 306 
D: 276 298 
D: 283 318 
D: 287 316 
