18 8 42 176 F: 3 2 3 
43 10 73 141 F: 4 6 
70 7 91 274 F: 4 2 1 
86 11 119 155 F: 6 5 
99 5 104 204 F: 5 
112 10 152 28 F: 4 6 
121 13 147 382 F: 5 4 4 
154 9 181 125 F: 3 4 2 
186 8 194 230 F: 5 3 
194 7 201 305 F: 4 3 
203 11 236 202 F: 4 4 3 
205 11 238 16 F: 4 4 3 
209 12 257 25 F: 12 
211 10 251 327 F: 5 1 4 
219 8 235 146 F: 2 2 4 
350 6 356 28 F: 4 2 
353 13 392 33 F: 13 
355 6 379 350 F: 4 1 1 
373 6 391 80 F: 4 2 
388 10 428 12 F: 5 4 1 
401 6 407 372 F: 6 
440 8 464 154 F: 3 2 3 
447 12 483 102 F: 12 
449 11 482 27 F: 5 6 
485 6 509 54 F: 4 2 
504 10 534 80 F: 4 2 4 
511 5 516 351 F: 3 1 1 
539 4 543 213 F: 2 1 1 
539 7 553 328 F: 7 
577 8 585 344 F: 4 2 2 
620 6 638 286 F: 5 1 
623 9 650 309 F: 4 5 
660 12 684 304 F: 12 
670 7 691 28 F: 4 3 
677 6 683 187 F: 4 2 
736 4 748 247 F: 2 2 
743 5 748 159 F: 5 
762 11 795 154 F: 11 
776 7 790 201 F: 7 
784 11 795 363 F: 5 6 
806 11 817 86 F: 6 5 
834 8 842 352 F: 2 2 4 
855 8 863 168 F: 8 
864 9 900 311 F: 3 4 2 
880 7 887 358 F: 5 2 
915 9 942 123 F: 3 6 
943 5 958 301 F: 5 
973 12 985 52 F: 6 6 
980 8 988 49 F: 8 
992 11 1014 312 F: 11 
1014 7 1028 359 F: 2 4 1 
1044 13 1096 89 F: 7 6 
1052 12 1088 242 F: 5 3 4 
1071 3 1083 248 F: 3 
1071 7 1078 166 F: 2 5 
1135 9 1171 22 F: 5 2 2 
1144 8 1176 100 F: 4 2 2 
1151 6 1175 124 F: 2 2 2 
1160 2 1166 340 F: 2 
1163 6 1169 209 F: 4 2 
1208 5 1213 129 F: 4 1 
1219 7 1240 363 F: 4 3 
1251 4 1255 378 F: 4 
1294 6 1318 391 F: 2 3 1 
1296 3 1299 82 F: 3 
1304 8 1328 34 F: 2 6 
1305 10 1315 316 F: 5 3 2 
1368 8 1400 67 F: 4 1 3 
1390 2 1396 365 F: 2 
1393 8 1417 393 F: 2 4 2 
1425 10 1445 240 F: 7 3 
1426 4 1434 98 F: 4 
1429 6 1435 188 F: 6 
1451 8 1475 243 F: 3 3 2 
1464 8 1472 340 F: 3 3 2 
1524 9 1551 304 F: 5 1 3 
1555 3 1567 240 F: 3 
1559 8 1583 103 F: 5 2 1 
1572 9 1581 216 F: 5 1 3 
1592 8 1600 170 F: 3 3 2 
1625 6 1649 316 F: 6 
1639 5 1654 165 F: 5 
1647 13 1699 96 F: 13 
1658 7 1665 307 F: 4 3 
1686 6 1698 119 F: 2 1 3 
1710 5 1725 287 F: 2 2 1 
1724 10 1754 144 F: 6 4 
1725 7 1732 32 F: 3 1 3 
1761 7 1782 225 F: 2 4 1 
1799 10 1819 395 F: 5 1 4 
1807 5 1817 81 F: 2 2 1 
1808 13 1821 13 F: 13 
1825 8 1849 102 F: 8 
1870 10 1900 305 F: 10 
1897 8 1913 135 F: 2 2 4 
1917 10 1947 133 F: 3 3 4 
1921 4 1929 263 F: 3 1 
1927 7 1948 303 F: 2 2 3 
1948 2 1956 355 F: 2 
1959 9 1968 297 F: 3 4 2 
2041 9 2050 304 F: 3 6 
2044 13 2057 297 F: 13 
2062 12 2086 360 F: 7 5 
2078 7 2092 192 F: 7 
2088 9 2106 139 F: 3 3 3 
2105 8 2137 7 F: 3 4 1 
2114 10 2144 243 F: 4 6 
2139 6 2163 153 F: 4 1 1 
2142 6 2166 362 F: 6 
2162 10 2192 185 F: 5 4 1 
2237 8 2245 335 F: 5 2 1 
2264 4 2276 241 F: 4 
2268 7 2296 253 F: 7 
2270 4 2274 157 F: 4 
2283 7 2297 321 F: 2 3 2 
2304 7 2325 8 F: 5 2 
2310 11 2354 78 F: 11 
2331 11 2364 188 F: 5 4 2 
2335 9 2353 2 F: 4 2 3 
2352 7 2366 380 F: 3 4 
2432 5 2437 34 F: 2 2 1 
2457 13 2509 119 F: 7 6 
2478 11 2522 227 F: 3 4 4 
2480 4 2496 227 F: 4 
2495 7 2509 30 F: 5 1 1 
2525 6 2531 379 F: 6 
2527 5 2542 375 F: 2 3 
2528 12 2552 288 F: 7 5 
2570 11 2603 146 F: 7 4 
2585 8 2601 367 F: 6 2 
2619 9 2637 276 F: 4 1 4 
2662 11 2706 194 F: 5 6 
2667 3 2679 363 F: 3 
2698 11 2720 119 F: 7 4 
2699 12 2747 217 F: 12 
2700 8 2732 161 F: 5 2 1 
2707 4 2711 240 F: 4 
2716 9 2752 340 F: 3 6 
2741 6 2753 331 F: 3 3 
2772 11 2816 52 F: 7 4 
2807 8 2839 312 F: 8 
2826 12 2850 400 F: 12 
2834 7 2855 41 F: 7 
2838 10 2868 332 F: 3 4 3 
2845 10 2875 75 F: 3 3 4 
2944 9 2953 46 F: 9 
2946 9 2973 45 F: 3 6 
2947 6 2971 292 F: 6 
2981 5 2996 68 F: 2 1 2 
2984 13 2997 375 F: 13 
3019 9 3046 63 F: 9 
3040 6 3064 281 F: 6 
3056 13 3069 383 F: 5 4 4 
3061 13 3113 152 F: 13 
3076 3 3079 199 F: 3 
3143 11 3165 120 F: 6 5 
3146 9 3164 296 F: 7 2 
3153 9 3171 86 F: 7 2 
3181 9 3217 134 F: 4 2 3 
3189 8 3205 279 F: 3 1 4 
3217 11 3250 271 F: 11 
3227 4 3235 312 F: 4 
3241 12 3253 371 F: 12 
3253 5 3273 298 F: 5 
3285 11 3307 41 F: 11 
3334 7 3362 260 F: 7 
3351 6 3363 362 F: 4 2 
3359 10 3399 180 F: 4 3 3 
3360 5 3380 391 F: 2 3 
3370 9 3406 106 F: 3 6 
3409 10 3439 295 F: 2 4 4 
3439 12 3463 5 F: 7 5 
3453 3 3465 94 F: 3 
3459 11 3470 95 F: 7 4 
3493 6 3505 125 F: 4 2 
3539 5 3544 15 F: 4 1 
3549 13 3588 94 F: 13 
3573 8 3581 191 F: 3 1 4 
3580 9 3607 95 F: 4 3 2 
3584 10 3624 214 F: 3 4 3 
3614 5 3634 287 F: 3 2 
3634 11 3678 101 F: 5 3 3 
3649 9 3676 358 F: 9 
3649 11 3693 299 F: 4 4 3 
3663 12 3699 341 F: 12 
3703 8 3735 329 F: 5 1 2 
3704 10 3734 283 F: 6 4 
3737 9 3755 17 F: 4 3 2 
3766 3 3778 133 F: 2 1 
3773 6 3791 358 F: 2 1 3 
3822 6 3846 245 F: 6 
3846 7 3867 237 F: 4 3 
3852 10 3882 186 F: 4 4 2 
3861 7 3882 128 F: 3 1 3 
3882 9 3900 355 F: 3 3 3 
3936 8 3960 80 F: 3 4 1 
3952 11 3963 276 F: 7 4 
3954 9 3990 174 F: 5 1 3 
3967 9 4003 97 F: 6 3 
3986 4 3994 76 F: 4 
4058 10 4068 91 F: 7 3 
4060 7 4067 58 F: 2 4 1 
4074 9 4092 143 F: 6 3 
4078 9 4087 39 F: 9 
4087 7 4108 396 F: 3 4 
4104 6 4110 281 F: 6 
4111 9 4120 288 F: 4 3 2 
4132 4 4140 81 F: 2 2 
4167 7 4174 260 F: 7 
4174 9 4192 223 F: 4 2 3 
4201 13 4214 165 F: 13 
4229 10 4259 266 F: 10 
4233 7 4254 235 F: 7 
4276 8 4292 79 F: 2 4 2 
4279 7 4293 64 F: 2 5 
4302 7 4316 256 F: 4 3 
4344 7 4372 89 F: 7 
4385 7 4399 317 F: 2 1 4 
4387 9 4414 334 F: 6 3 
4390 13 4416 389 F: 13 
4404 9 4431 338 F: 3 6 
4446 2 4454 336 F: 2 
4446 10 4486 89 F: 4 6 
4478 8 4510 355 F: 8 
4488 12 4512 379 F: 5 3 4 
4532 5 4537 376 F: 5 
4532 10 4572 162 F: 4 3 3 
4558 10 4588 387 F: 10 
4599 6 4605 116 F: 6 
4599 8 4623 128 F: 3 2 3 
4628 10 4648 2 F: 5 5 
4639 12 4675 346 F: 12 
4640 11 4651 257 F: 4 3 4 
4654 8 4662 15 F: 7 1 
4688 6 4712 22 F: 3 3 
4733 4 4749 224 F: 2 2 
4742 8 4750 219 F: 4 2 2 
4750 5 4770 345 F: 2 3 
4758 9 4776 322 F: 3 2 4 
4782 2 4784 5 F: 2 
4818 6 4824 321 F: 2 4 
4845 7 4866 9 F: 3 4 
4861 9 4888 52 F: 7 2 
4879 10 4919 357 F: 6 4 
4883 10 4913 348 F: 3 4 3 
4922 12 4958 189 F: 12 
4934 8 4942 116 F: 8 
4937 7 4965 246 F: 7 
4956 10 4976 191 F: 4 2 4 
4984 4 4988 106 F: 4 
5001 9 5037 179 F: 2 4 3 
5008 9 5035 233 F: 9 
5013 8 5037 240 F: 4 4 
5057 8 5065 230 F: 5 3 
5092 9 5110 391 F: 9 
5129 6 5135 154 F: 3 3 
5148 4 5160 321 F: 4 
5152 10 5182 327 F: 4 2 4 
5181 12 5193 48 F: 5 3 4 
5182 12 5218 208 F: 5 4 3 
5234 6 5246 27 F: 5 1 
5236 11 5269 200 F: 11 
5254 9 5290 98 F: 6 3 
5259 10 5299 397 F: 5 4 1 
5262 9 5271 326 F: 4 5 
5329 7 5357 238 F: 3 4 
5329 8 5337 21 F: 3 2 3 
5344 7 5365 309 F: 7 
5345 12 5369 262 F: 6 6 
5358 9 5394 348 F: 4 5 
5407 12 5419 257 F: 7 5 
5418 13 5431 372 F: 7 6 
5420 4 5432 27 F: 3 1 
5437 6 5455 358 F: 6 
5449 10 5459 319 F: 3 3 4 
5511 8 5519 372 F: 5 1 2 
5520 11 5531 363 F: 11 
5555 10 5585 395 F: 10 
5584 9 5620 114 F: 9 
5589 4 5605 175 F: 2 2 
5603 4 5607 294 F: 4 
5650 5 5655 57 F: 5 
5655 6 5667 205 F: 2 2 2 
5662 11 5695 322 F: 11 
5690 4 5698 46 F: 4 
5727 9 5736 11 F: 2 4 3 
5742 8 5750 49 F: 2 4 2 
5775 5 5795 258 F: 3 2 
5791 10 5811 18 F: 10 
5796 9 5832 124 F: 7 2 
5803 5 5808 340 F: 5 
5808 2 5812 97 F: 2 
5835 4 5839 78 F: 2 1 1 
5838 10 5868 5 F: 5 2 3 
5856 5 5871 131 F: 5 
5911 7 5918 94 F: 2 5 
5916 10 5956 53 F: 2 4 4 
5927 11 5938 269 F: 11 
5931 12 5967 12 F: 12 
5966 8 5998 33 F: 4 2 2 
6003 6 6015 140 F: 6 
6015 7 6029 299 F: 6 1 
6034 5 6044 79 F: 5 
6048 9 6066 7 F: 9 
6049 9 6076 110 F: 5 3 1 
6125 12 6173 64 F: 5 3 4 
6137 7 6151 27 F: 2 4 1 
6144 5 6149 167 F: 5 
6170 7 6191 151 F: 7 
6185 8 6193 192 F: 5 1 2 
6207 2 6209 67 F: 2 
6210 7 6238 52 F: 2 3 2 
6254 2 6260 151 F: 2 
6261 8 6277 149 F: 8 
6280 11 6302 299 F: 4 4 3 
6307 3 6313 158 F: 2 1 
6311 9 6320 74 F: 3 2 4 
6314 11 6358 117 F: 4 3 4 
6329 4 6337 395 F: 4 
6338 3 6344 91 F: 2 1 
6415 8 6423 327 F: 4 3 1 
6415 11 6437 129 F: 5 6 
6418 7 6432 12 F: 5 1 1 
6483 8 6499 4 F: 4 4 
6497 5 6507 15 F: 4 1 
6527 7 6548 238 F: 6 1 
6535 10 6565 118 F: 10 
6545 11 6589 101 F: 5 4 2 
6577 5 6587 39 F: 5 
6585 7 6592 294 F: 4 2 1 
6630 7 6644 59 F: 5 2 
6648 2 6654 377 F: 2 
6648 4 6664 77 F: 4 
6652 4 6668 320 F: 4 
6685 3 6694 290 F: 3 
6707 6 6713 6 F: 6 
6716 6 6728 299 F: 3 3 
6723 8 6747 87 F: 8 
6765 10 6775 299 F: 3 4 3 
6780 13 6806 56 F: 13 
6844 7 6851 389 F: 3 2 2 
6848 7 6862 121 F: 7 
6852 9 6861 165 F: 5 4 
6855 8 6879 225 F: 8 
6879 11 6890 222 F: 11 
6908 3 6917 170 F: 3 
6911 8 6935 321 F: 5 1 2 
6964 10 7004 125 F: 5 4 1 
6967 11 7000 143 F: 7 4 
6987 4 6991 198 F: 3 1 
7022 6 7034 143 F: 3 2 1 
7026 7 7047 35 F: 7 
7029 8 7045 90 F: 8 
7055 11 7077 136 F: 7 4 
7061 10 7101 344 F: 5 3 2 
7131 12 7143 151 F: 6 6 
7137 9 7164 139 F: 7 2 
7141 7 7169 303 F: 4 3 
7173 11 7184 314 F: 11 
7195 11 7206 115 F: 11 
7239 9 7266 322 F: 9 
7240 11 7251 15 F: 11 
7252 11 7274 124 F: 4 3 4 
7260 10 7290 324 F: 10 
7293 5 7313 253 F: 3 1 1 
7334 9 7361 325 F: 4 5 
7335 11 7379 383 F: 11 
7352 9 7388 328 F: 9 
7357 9 7393 115 F: 9 
7382 8 7398 107 F: 8 
7438 9 7465 103 F: 4 2 3 
7450 10 7480 375 F: 3 4 3 
7486 9 7522 234 F: 7 2 
7496 5 7501 358 F: 5 
7497 10 7537 329 F: 4 6 
7508 11 7541 331 F: 5 6 
7520 7 7548 316 F: 4 2 1 
7525 8 7541 191 F: 8 
7559 12 7571 107 F: 12 
7579 5 7589 337 F: 3 2 
7632 11 7665 379 F: 5 3 3 
7641 9 7668 185 F: 7 2 
7651 9 7687 326 F: 5 2 2 
7658 9 7685 349 F: 7 2 
7698 11 7709 56 F: 5 3 3 
7705 7 7719 54 F: 7 
7734 5 7749 305 F: 2 3 
7741 10 7771 86 F: 3 3 4 
7770 11 7803 246 F: 5 6 
7794 7 7808 259 F: 3 2 2 
7802 2 7808 399 F: 2 
7826 11 7848 387 F: 5 6 
7876 3 7879 321 F: 2 1 
7884 7 7905 103 F: 7 
7884 9 7893 42 F: 5 2 2 
7907 11 7929 254 F: 4 3 4 
7931 5 7951 256 F: 4 1 
7937 5 7952 58 F: 2 3 
7948 8 7972 342 F: 7 1 
7990 9 8026 344 F: 4 5 
D: 5 7 
D: 5 58 
D: 6 281 
D: 10 43 
D: 15 370 
D: 18 317 
D: 19 286 
D: 20 219 
D: 27 159 
D: 30 116 
D: 36 348 
D: 36 370 
D: 43 159 
D: 45 96 
D: 48 52 
D: 56 74 
D: 56 75 
D: 56 253 
D: 76 127 
D: 85 199 
D: 91 283 
D: 96 152 
D: 108 145 
D: 110 237 
D: 128 273 
D: 131 238 
D: 134 352 
D: 143 340 
D: 155 339 
D: 156 166 
D: 189 366 
D: 197 372 
D: 209 224 
D: 219 385 
D: 240 367 
D: 261 365 
D: 278 391 
D: 292 359 
D: 314 397 
D: 333 387 
