5 9 23 273 F: 5 1 3 
9 3 15 124 F: 3 
11 11 22 375 F: 11 
26 8 58 140 F: 6 2 
35 6 47 241 F: 2 4 
108 10 148 286 F: 10 
132 6 138 26 F: 2 1 3 
133 6 151 251 F: 3 2 1 
163 13 202 197 F: 13 
169 9 178 321 F: 9 
201 6 219 231 F: 5 1 
222 9 240 54 F: 4 3 2 
262 12 310 396 F: 4 4 4 
265 10 275 331 F: 6 4 
273 11 284 80 F: 5 3 3 
310 5 330 372 F: 5 
345 7 373 317 F: 7 
351 9 387 295 F: 5 1 3 
365 8 373 53 F: 4 2 2 
371 11 382 369 F: 6 5 
400 8 432 151 F: 3 2 3 
436 4 452 20 F: 2 2 
440 7 461 253 F: 7 
451 10 471 215 F: 10 
451 12 487 304 F: 6 6 
503 9 521 159 F: 9 
561 10 601 126 F: 6 4 
581 11 625 371 F: 11 
594 7 608 152 F: 5 2 
599 8 607 125 F: 3 3 2 
613 9 640 263 F: 6 3 
661 11 672 133 F: 5 4 2 
689 9 725 94 F: 2 3 4 
695 7 702 43 F: 2 1 4 
699 10 719 190 F: 4 6 
714 7 735 170 F: 7 
725 8 757 337 F: 3 5 
748 5 763 280 F: 5 
786 11 808 106 F: 5 6 
790 3 802 388 F: 3 
809 9 845 99 F: 9 
816 11 849 155 F: 7 4 
825 5 835 221 F: 5 
829 7 857 51 F: 7 
868 10 888 192 F: 4 3 3 
923 5 933 363 F: 2 2 1 
929 9 938 5 F: 9 
937 12 985 243 F: 12 
954 6 978 256 F: 6 
980 5 990 277 F: 5 
1014 10 1034 328 F: 4 4 2 
1023 6 1047 73 F: 3 3 
1044 8 1068 384 F: 3 5 
1064 10 1074 228 F: 5 5 
1068 10 1108 231 F: 7 3 
1106 7 1113 201 F: 4 3 
1139 5 1149 306 F: 5 
1142 9 1178 247 F: 7 2 
1158 13 1197 142 F: 13 
1191 13 1243 61 F: 13 
1203 10 1233 344 F: 4 6 
1235 6 1259 367 F: 2 1 3 
1241 6 1247 71 F: 2 2 2 
1249 13 1262 362 F: 7 6 
1285 10 1305 49 F: 5 1 4 
1316 10 1326 64 F: 4 2 4 
1320 10 1360 132 F: 10 
1333 6 1351 153 F: 2 1 3 
1336 10 1376 104 F: 5 3 2 
1353 5 1368 360 F: 5 
1431 4 1439 398 F: 2 1 1 
1435 8 1459 2 F: 4 1 3 
1461 12 1509 368 F: 5 3 4 
1489 6 1501 38 F: 6 
1492 4 1500 346 F: 4 
1517 12 1553 397 F: 7 5 
1551 7 1579 308 F: 7 
1556 11 1589 233 F: 5 2 4 
1584 2 1592 93 F: 2 
1594 11 1616 264 F: 6 5 
1609 5 1619 385 F: 2 3 
1621 6 1645 263 F: 6 
1644 12 1656 252 F: 7 5 
1655 8 1671 357 F: 5 3 
1660 12 1696 61 F: 7 5 
1746 10 1766 266 F: 5 4 1 
1749 7 1756 43 F: 5 1 1 
1766 11 1810 332 F: 11 
1780 12 1792 228 F: 12 
1795 9 1822 362 F: 7 2 
1808 3 1817 217 F: 3 
1808 7 1822 393 F: 2 2 3 
1850 7 1864 151 F: 6 1 
1856 9 1883 141 F: 5 1 3 
1895 6 1907 296 F: 3 1 2 
1923 6 1929 85 F: 3 3 
1924 8 1932 189 F: 3 3 2 
1936 8 1944 279 F: 8 
1939 10 1969 290 F: 4 6 
1946 11 1957 298 F: 5 3 3 
2020 9 2056 353 F: 2 3 4 
2020 11 2042 299 F: 11 
2034 9 2052 396 F: 4 4 1 
2086 11 2097 202 F: 11 
2099 7 2113 104 F: 6 1 
2127 6 2145 392 F: 3 2 1 
2149 9 2185 151 F: 7 2 
2166 6 2178 359 F: 4 2 
2176 10 2206 106 F: 7 3 
2196 9 2223 195 F: 9 
2207 7 2214 36 F: 5 2 
2218 5 2233 381 F: 5 
2245 7 2273 200 F: 2 5 
2260 6 2284 45 F: 6 
2292 2 2294 209 F: 2 
2305 9 2323 175 F: 9 
2325 9 2343 262 F: 5 4 
2331 2 2335 148 F: 2 
2354 7 2361 15 F: 6 1 
2373 10 2413 231 F: 6 4 
2404 9 2422 400 F: 7 2 
2416 6 2440 395 F: 5 1 
2431 7 2452 302 F: 3 3 1 
2474 8 2498 246 F: 4 1 3 
2483 8 2507 291 F: 3 3 2 
2539 9 2557 201 F: 4 5 
2549 11 2571 228 F: 5 2 4 
2550 9 2559 346 F: 3 2 4 
2579 10 2609 303 F: 5 5 
2591 4 2599 283 F: 2 2 
2606 7 2613 394 F: 4 2 1 
2634 10 2664 115 F: 10 
2639 8 2663 310 F: 3 5 
2660 13 2699 238 F: 7 6 
2680 6 2704 349 F: 2 2 2 
2706 6 2724 274 F: 6 
2712 7 2733 182 F: 4 2 1 
2772 9 2808 332 F: 9 
2783 11 2805 32 F: 11 
2791 7 2819 212 F: 3 4 
2818 7 2846 196 F: 3 4 
2838 8 2862 327 F: 4 4 
2838 11 2849 288 F: 3 4 4 
2861 8 2877 363 F: 8 
2869 6 2893 3 F: 2 2 2 
2928 8 2944 71 F: 3 1 4 
2936 6 2960 228 F: 6 
2956 7 2977 56 F: 6 1 
2985 8 3001 321 F: 3 5 
2990 10 3030 353 F: 5 5 
3002 11 3035 249 F: 7 4 
3062 7 3083 54 F: 2 5 
3076 13 3115 310 F: 13 
3081 5 3091 392 F: 5 
3086 10 3116 4 F: 5 2 3 
3113 6 3131 327 F: 5 1 
3183 8 3199 118 F: 8 
3185 6 3197 4 F: 6 
3186 11 3230 148 F: 5 3 3 
3191 5 3211 212 F: 5 
3221 13 3260 106 F: 13 
3232 3 3244 241 F: 2 1 
3244 6 3250 8 F: 4 1 1 
3251 9 3260 259 F: 4 2 3 
3288 10 3298 154 F: 2 4 4 
3304 5 3319 304 F: 2 1 2 
3336 6 3348 316 F: 3 1 2 
3375 7 3389 133 F: 3 3 1 
3394 12 3406 335 F: 12 
3395 9 3413 238 F: 4 2 3 
3435 11 3479 60 F: 3 4 4 
3439 11 3461 33 F: 11 
3473 5 3493 330 F: 5 
3481 4 3497 228 F: 2 2 
3482 12 3518 233 F: 12 
3502 7 3523 162 F: 5 1 1 
3522 10 3542 329 F: 5 1 4 
3551 6 3575 79 F: 3 3 
3568 4 3576 348 F: 4 
3579 9 3615 204 F: 9 
3613 10 3623 115 F: 5 2 3 
3627 2 3629 282 F: 2 
3653 6 3665 150 F: 6 
3679 8 3687 287 F: 4 2 2 
3695 6 3719 360 F: 2 4 
3723 6 3729 110 F: 4 2 
3739 4 3743 366 F: 4 
3749 8 3765 27 F: 4 2 2 
3755 3 3761 374 F: 2 1 
3767 4 3783 34 F: 4 
3818 7 3846 390 F: 5 1 1 
3862 11 3895 22 F: 11 
3866 12 3914 176 F: 12 
3876 8 3892 130 F: 7 1 
3888 10 3918 95 F: 7 3 
3919 4 3927 147 F: 2 1 1 
3930 5 3950 244 F: 5 
3951 5 3971 60 F: 5 
3963 4 3971 98 F: 3 1 
3997 6 4003 174 F: 2 3 1 
4010 6 4016 216 F: 2 1 3 
4024 13 4076 217 F: 5 4 4 
4046 7 4074 309 F: 3 2 2 
4057 4 4069 92 F: 2 2 
4061 7 4068 157 F: 7 
4123 11 4156 223 F: 11 
4132 7 4139 215 F: 5 2 
4152 9 4170 167 F: 4 2 3 
4166 7 4173 173 F: 3 1 3 
4172 5 4187 122 F: 4 1 
4206 9 4233 253 F: 5 1 3 
4240 7 4247 327 F: 2 2 3 
4285 11 4307 240 F: 11 
4288 8 4320 118 F: 5 3 
4290 13 4342 81 F: 5 4 4 
4315 6 4339 290 F: 3 2 1 
4341 9 4350 79 F: 3 2 4 
4360 10 4390 19 F: 4 6 
4369 7 4383 134 F: 2 3 2 
4388 8 4412 285 F: 8 
4403 6 4421 109 F: 3 3 
4413 4 4425 91 F: 4 
4429 7 4450 38 F: 4 3 
4434 8 4466 323 F: 7 1 
4439 10 4449 81 F: 5 4 1 
4519 5 4534 171 F: 5 
4523 8 4539 155 F: 2 2 4 
4552 10 4572 106 F: 10 
4561 11 4583 295 F: 7 4 
4599 10 4629 76 F: 10 
4618 7 4646 400 F: 7 
4622 3 4628 382 F: 3 
4686 11 4708 272 F: 4 4 3 
4694 4 4706 322 F: 4 
4694 9 4712 69 F: 5 4 
4710 10 4740 322 F: 5 5 
4728 8 4752 62 F: 2 2 4 
4760 13 4799 282 F: 13 
4772 12 4784 318 F: 5 4 3 
4773 5 4778 32 F: 3 1 1 
4802 9 4838 225 F: 3 4 2 
4813 5 4828 190 F: 5 
4813 10 4833 195 F: 10 
4816 7 4823 181 F: 7 
4862 13 4888 327 F: 13 
4917 3 4929 287 F: 3 
4930 6 4948 58 F: 3 2 1 
4956 5 4976 360 F: 4 1 
4956 7 4970 318 F: 3 4 
4969 8 4993 265 F: 2 6 
5008 13 5060 332 F: 13 
5020 10 5030 175 F: 5 5 
5039 10 5049 64 F: 5 2 3 
5067 11 5111 384 F: 5 6 
5097 7 5111 180 F: 3 4 
5111 9 5129 19 F: 7 2 
5117 5 5122 117 F: 5 
5118 11 5151 82 F: 5 2 4 
5132 10 5152 164 F: 10 
5191 5 5211 26 F: 5 
5206 6 5224 175 F: 2 1 3 
5226 11 5248 123 F: 4 4 3 
5285 8 5317 262 F: 8 
5287 12 5299 293 F: 12 
5290 5 5295 365 F: 3 2 
5331 9 5349 293 F: 3 6 
5343 11 5365 82 F: 11 
5373 7 5387 156 F: 6 1 
5389 11 5411 356 F: 11 
5395 8 5403 24 F: 2 4 2 
5401 8 5409 371 F: 4 4 
5420 9 5438 41 F: 3 3 3 
5453 7 5474 84 F: 2 2 3 
5454 11 5465 331 F: 4 4 3 
5469 6 5493 338 F: 6 
5527 8 5535 361 F: 6 2 
5536 10 5546 156 F: 3 4 3 
5548 6 5560 182 F: 2 2 2 
5569 8 5601 290 F: 8 
5590 11 5623 12 F: 5 4 2 
5636 6 5648 363 F: 2 1 3 
5674 9 5683 77 F: 4 1 4 
5685 8 5709 284 F: 2 4 2 
5691 2 5693 128 F: 2 
5693 7 5707 95 F: 4 2 1 
5728 10 5738 79 F: 5 5 
5771 7 5799 288 F: 7 
5778 5 5798 7 F: 5 
5782 9 5809 54 F: 7 2 
5797 11 5841 221 F: 11 
5806 3 5812 87 F: 2 1 
5817 8 5833 245 F: 4 2 2 
5824 8 5840 32 F: 3 5 
5872 7 5886 123 F: 4 2 1 
5875 13 5927 41 F: 13 
5907 6 5931 23 F: 6 
5933 5 5953 321 F: 5 
5942 8 5958 124 F: 4 3 1 
5947 6 5971 246 F: 6 
5977 10 6017 97 F: 6 4 
6012 13 6051 315 F: 13 
6015 4 6027 42 F: 3 1 
6046 4 6058 367 F: 3 1 
6062 3 6065 230 F: 3 
6080 12 6116 396 F: 12 
6119 11 6141 215 F: 6 5 
6160 5 6180 145 F: 3 2 
6160 11 6171 254 F: 11 
6165 8 6181 145 F: 4 4 
6174 8 6198 122 F: 3 4 1 
6202 2 6206 332 F: 2 
6226 8 6258 75 F: 3 5 
6273 12 6285 66 F: 12 
6291 11 6302 31 F: 7 4 
6297 9 6324 364 F: 6 3 
6303 10 6323 331 F: 4 6 
6328 9 6337 196 F: 2 4 3 
6336 10 6376 397 F: 7 3 
6343 13 6356 120 F: 13 
6388 11 6421 268 F: 5 3 3 
6418 12 6430 268 F: 6 6 
6430 4 6434 137 F: 3 1 
6453 9 6489 374 F: 6 3 
6462 8 6470 148 F: 5 2 1 
6493 7 6521 67 F: 3 1 3 
6515 3 6527 260 F: 2 1 
6517 5 6527 335 F: 5 
6562 5 6582 19 F: 4 1 
6566 5 6586 138 F: 2 2 1 
6579 10 6619 188 F: 4 2 4 
6619 8 6651 37 F: 3 3 2 
6624 8 6648 90 F: 2 6 
6624 11 6646 17 F: 11 
6659 9 6668 140 F: 3 3 3 
6689 3 6692 352 F: 2 1 
6707 3 6710 25 F: 3 
6713 7 6734 134 F: 4 1 2 
6754 6 6766 267 F: 4 2 
6765 11 6809 308 F: 6 5 
6776 7 6783 277 F: 4 3 
6802 12 6850 330 F: 5 3 4 
6843 9 6870 312 F: 2 4 3 
6863 8 6879 219 F: 6 2 
6867 6 6879 282 F: 6 
6882 12 6930 74 F: 4 4 4 
6902 8 6926 37 F: 4 2 2 
6919 6 6937 379 F: 2 2 2 
6929 3 6932 391 F: 3 
6948 8 6980 25 F: 3 4 1 
6982 12 7030 336 F: 7 5 
7016 3 7025 83 F: 2 1 
7033 7 7061 243 F: 7 
7033 13 7059 99 F: 13 
7052 11 7085 197 F: 11 
7097 8 7113 341 F: 4 2 2 
7113 9 7122 371 F: 9 
7118 8 7150 248 F: 4 3 1 
7161 4 7165 133 F: 4 
7166 7 7187 196 F: 7 
7168 8 7176 337 F: 3 4 1 
7230 5 7250 316 F: 5 
7239 6 7263 81 F: 4 1 1 
7272 11 7294 382 F: 11 
7273 11 7295 42 F: 5 2 4 
7281 10 7311 38 F: 4 6 
7330 8 7362 160 F: 3 4 1 
7362 12 7374 254 F: 12 
7364 12 7400 188 F: 12 
7371 12 7419 113 F: 6 6 
7388 8 7412 101 F: 3 1 4 
7407 9 7416 66 F: 9 
7417 11 7428 87 F: 11 
7431 7 7452 366 F: 3 4 
7474 6 7492 269 F: 6 
7498 5 7503 81 F: 5 
7505 10 7515 313 F: 10 
7534 6 7546 249 F: 5 1 
7552 7 7580 3 F: 2 4 1 
7553 8 7561 137 F: 5 3 
7561 10 7591 203 F: 5 2 3 
7639 9 7657 82 F: 9 
7676 8 7684 347 F: 8 
7687 5 7707 5 F: 5 
7694 8 7726 253 F: 3 2 3 
7698 9 7707 29 F: 4 3 2 
7700 7 7707 283 F: 6 1 
7744 7 7758 326 F: 2 5 
7746 9 7755 115 F: 9 
7758 10 7768 274 F: 6 4 
7791 7 7798 337 F: 4 1 2 
7808 6 7820 350 F: 6 
7840 8 7864 81 F: 3 2 3 
7840 13 7892 72 F: 13 
7845 9 7854 117 F: 9 
7852 5 7867 173 F: 4 1 
7904 9 7913 63 F: 5 4 
7974 6 7998 163 F: 3 2 1 
7976 8 8008 4 F: 6 2 
7993 9 8029 339 F: 9 
7997 9 8033 28 F: 5 1 3 
D: 8 281 
D: 9 258 
D: 12 381 
D: 23 324 
D: 27 144 
D: 30 316 
D: 34 377 
D: 36 186 
D: 37 204 
D: 38 345 
D: 42 359 
D: 50 79 
D: 60 100 
D: 60 173 
D: 64 215 
D: 66 97 
D: 66 243 
D: 77 324 
D: 88 116 
D: 94 359 
D: 96 109 
D: 99 352 
D: 104 359 
D: 119 358 
D: 122 191 
D: 122 285 
D: 151 267 
D: 156 316 
D: 158 395 
D: 160 340 
D: 162 206 
D: 222 245 
D: 228 331 
D: 246 377 
D: 248 365 
D: 266 362 
D: 301 314 
D: 329 347 
D: 339 388 
D: 348 353 
