3 8 11 241 F: 4 2 2 
32 10 42 318 F: 5 3 2 
40 10 50 382 F: 2 4 4 
61 9 70 8 F: 4 3 2 
95 10 125 137 F: 7 3 
104 5 114 292 F: 2 3 
125 9 143 61 F: 5 1 3 
138 9 147 202 F: 4 2 3 
182 10 192 373 F: 5 1 4 
191 6 197 36 F: 6 
205 7 212 71 F: 5 1 1 
216 9 225 85 F: 6 3 
248 7 269 317 F: 5 2 
271 9 307 351 F: 5 3 1 
283 9 301 61 F: 6 3 
324 8 340 251 F: 2 3 3 
331 10 341 224 F: 3 4 3 
353 9 371 238 F: 9 
367 6 379 90 F: 4 2 
374 5 379 47 F: 2 2 1 
417 8 425 341 F: 4 4 
451 6 475 19 F: 6 
486 11 519 22 F: 5 4 2 
488 9 497 35 F: 3 2 4 
495 8 519 46 F: 3 3 2 
514 6 520 67 F: 2 2 2 
558 13 597 78 F: 13 
587 8 603 379 F: 2 2 4 
590 6 596 198 F: 6 
598 7 605 378 F: 7 
625 4 629 71 F: 4 
633 10 643 200 F: 5 4 1 
646 9 682 242 F: 7 2 
647 6 653 361 F: 3 2 1 
672 10 692 26 F: 4 6 
707 4 715 173 F: 4 
728 9 755 29 F: 5 4 
744 12 756 55 F: 7 5 
774 4 778 356 F: 2 2 
785 7 813 228 F: 4 1 2 
803 6 809 6 F: 6 
809 9 845 34 F: 2 4 3 
817 7 845 204 F: 3 1 3 
849 3 858 321 F: 3 
890 10 900 41 F: 4 2 4 
918 5 928 30 F: 5 
928 9 946 367 F: 9 
952 12 964 114 F: 12 
977 8 1001 345 F: 8 
985 6 1003 363 F: 6 
1030 9 1039 252 F: 5 2 2 
1058 6 1064 125 F: 6 
1065 9 1074 136 F: 5 4 
1081 8 1105 285 F: 8 
1097 5 1112 298 F: 3 1 1 
1114 7 1135 385 F: 7 
1122 8 1138 372 F: 5 1 2 
1133 5 1138 331 F: 2 1 2 
1157 12 1181 150 F: 12 
1168 10 1198 203 F: 5 1 4 
1234 7 1255 248 F: 2 1 4 
1235 4 1243 369 F: 2 2 
1243 7 1257 259 F: 7 
1252 11 1263 265 F: 4 3 4 
1277 8 1309 7 F: 3 4 1 
1326 6 1332 320 F: 2 1 3 
1333 7 1340 147 F: 4 3 
1345 11 1356 100 F: 5 2 4 
1379 10 1389 98 F: 10 
1396 7 1410 30 F: 2 5 
1412 9 1430 388 F: 4 1 4 
1443 4 1459 22 F: 3 1 
1446 11 1479 187 F: 3 4 4 
1455 6 1473 4 F: 2 1 3 
1457 8 1481 399 F: 5 3 
1500 11 1533 305 F: 11 
1520 12 1556 284 F: 4 4 4 
1564 5 1579 14 F: 2 2 1 
1564 10 1604 163 F: 10 
1578 9 1587 64 F: 4 3 2 
1600 10 1620 167 F: 5 5 
1616 9 1652 289 F: 3 4 2 
1626 4 1642 206 F: 3 1 
1630 6 1654 154 F: 4 1 1 
1678 7 1692 389 F: 7 
1715 8 1731 60 F: 5 2 1 
1747 8 1779 337 F: 3 1 4 
1766 6 1784 391 F: 3 2 1 
1785 8 1793 359 F: 4 3 1 
1788 7 1809 65 F: 2 5 
1856 10 1886 180 F: 5 5 
1859 6 1865 265 F: 3 1 2 
1867 7 1895 85 F: 4 2 1 
1886 7 1907 199 F: 2 1 4 
1896 10 1916 56 F: 10 
1912 9 1948 28 F: 5 3 1 
1924 7 1931 18 F: 5 1 1 
1977 9 2013 340 F: 4 5 
1987 10 2007 356 F: 4 6 
1990 8 1998 277 F: 3 3 2 
2000 9 2036 218 F: 3 2 4 
2023 8 2047 387 F: 3 5 
2034 2 2040 380 F: 2 
2048 7 2062 150 F: 6 1 
2055 2 2057 103 F: 2 
2122 4 2130 58 F: 2 1 1 
2137 13 2176 7 F: 13 
2165 9 2183 305 F: 4 3 2 
2180 8 2196 239 F: 7 1 
2186 7 2214 220 F: 7 
2208 10 2248 343 F: 7 3 
2224 4 2228 271 F: 4 
2228 7 2235 284 F: 2 2 3 
2265 9 2283 93 F: 9 
2269 6 2281 72 F: 3 3 
2327 5 2332 361 F: 2 1 2 
2329 8 2345 314 F: 3 3 2 
2334 7 2341 364 F: 7 
2344 8 2368 291 F: 4 1 3 
2366 9 2393 372 F: 4 1 4 
2410 6 2416 334 F: 3 1 2 
2434 12 2470 127 F: 12 
2439 5 2444 128 F: 2 3 
2470 8 2502 248 F: 4 2 2 
2481 8 2505 27 F: 3 2 3 
2525 7 2546 183 F: 2 4 1 
2544 5 2554 61 F: 2 1 2 
2548 9 2566 4 F: 7 2 
2552 11 2585 34 F: 11 
2557 9 2575 307 F: 3 6 
2606 5 2616 34 F: 5 
2633 7 2654 330 F: 7 
2638 8 2646 290 F: 8 
2648 7 2676 210 F: 2 1 4 
2661 2 2663 373 F: 2 
2713 8 2729 171 F: 3 5 
2720 9 2738 106 F: 4 1 4 
2766 11 2799 125 F: 5 3 3 
2784 4 2800 2 F: 4 
2786 6 2792 10 F: 3 3 
2805 8 2837 30 F: 8 
2856 10 2866 337 F: 3 3 4 
2862 11 2884 31 F: 5 6 
2883 2 2889 211 F: 2 
2896 5 2916 114 F: 5 
2913 6 2931 122 F: 6 
2917 5 2927 212 F: 5 
2938 7 2966 123 F: 4 1 2 
2990 8 2998 386 F: 4 4 
2991 10 3001 89 F: 4 2 4 
3037 8 3045 42 F: 4 1 3 
3042 5 3047 124 F: 2 3 
3055 6 3067 298 F: 4 2 
3068 10 3108 155 F: 4 3 3 
3091 8 3115 147 F: 8 
3117 7 3138 166 F: 2 5 
3121 6 3133 354 F: 2 2 2 
3126 8 3134 358 F: 8 
3150 10 3190 396 F: 5 5 
3159 6 3177 171 F: 3 3 
3208 11 3252 312 F: 11 
3216 6 3234 108 F: 6 
3228 13 3267 252 F: 13 
3281 6 3305 91 F: 2 1 3 
3291 8 3315 89 F: 2 6 
3330 6 3336 36 F: 6 
3338 5 3358 21 F: 5 
3345 3 3351 210 F: 3 
3370 11 3381 210 F: 5 6 
3397 6 3403 361 F: 5 1 
3402 9 3420 105 F: 5 3 1 
3432 12 3444 261 F: 12 
3437 8 3445 382 F: 5 3 
3440 10 3470 6 F: 5 4 1 
3481 7 3488 345 F: 5 2 
3551 7 3572 30 F: 7 
3558 4 3570 1 F: 2 2 
3581 3 3590 56 F: 3 
3595 7 3623 309 F: 7 
3595 8 3611 394 F: 7 1 
3609 10 3619 128 F: 5 2 3 
3617 6 3629 105 F: 2 3 1 
3665 13 3704 11 F: 13 
3674 7 3695 249 F: 3 4 
3676 12 3700 12 F: 6 6 
3713 2 3715 269 F: 2 
3749 10 3769 330 F: 4 6 
3771 7 3799 213 F: 5 1 1 
3789 6 3801 324 F: 5 1 
3792 12 3804 363 F: 12 
3825 7 3832 148 F: 2 4 1 
3828 9 3846 169 F: 3 6 
3849 8 3873 19 F: 5 3 
3881 8 3897 347 F: 4 2 2 
3894 4 3910 226 F: 2 2 
3910 7 3938 367 F: 3 2 2 
3923 3 3932 85 F: 3 
3925 4 3929 126 F: 4 
3972 10 3992 387 F: 5 5 
3995 11 4028 84 F: 7 4 
4011 10 4031 15 F: 4 6 
4012 10 4022 361 F: 10 
4032 9 4041 338 F: 4 2 3 
4062 7 4083 322 F: 2 3 2 
4086 12 4134 108 F: 12 
4106 10 4136 15 F: 10 
4114 9 4123 109 F: 4 2 3 
4118 10 4158 42 F: 10 
4127 11 4138 65 F: 11 
4156 9 4174 302 F: 4 4 1 
4229 12 4253 200 F: 4 4 4 
4245 10 4265 375 F: 7 3 
4258 9 4267 273 F: 9 
4272 12 4284 76 F: 12 
4299 6 4323 198 F: 2 4 
4323 5 4343 356 F: 4 1 
4329 5 4334 34 F: 5 
4331 8 4363 102 F: 8 
4340 11 4373 251 F: 3 4 4 
4397 7 4404 166 F: 3 1 3 
4427 7 4434 49 F: 2 3 2 
4430 7 4451 16 F: 4 2 1 
4433 6 4439 71 F: 2 4 
4485 12 4533 249 F: 12 
4486 9 4495 375 F: 4 1 4 
4516 3 4522 186 F: 3 
4583 7 4597 140 F: 3 3 1 
4585 5 4600 306 F: 2 2 1 
4590 7 4597 115 F: 6 1 
4592 12 4616 39 F: 5 3 4 
4611 2 4615 75 F: 2 
4646 10 4676 41 F: 4 6 
4674 8 4706 351 F: 5 1 2 
4683 9 4701 269 F: 4 1 4 
4694 8 4702 52 F: 4 4 
4706 6 4712 187 F: 3 1 2 
4707 4 4723 316 F: 2 1 1 
4726 12 4774 89 F: 6 6 
4742 6 4754 316 F: 2 2 2 
4767 6 4791 150 F: 6 
4824 7 4838 232 F: 2 4 1 
4841 12 4865 325 F: 12 
4854 11 4865 235 F: 6 5 
4855 8 4871 271 F: 5 3 
4894 8 4926 218 F: 2 3 3 
4923 11 4945 9 F: 5 6 
4952 9 4970 193 F: 3 4 2 
4956 8 4980 262 F: 8 
4974 2 4978 251 F: 2 
4979 12 4991 318 F: 5 3 4 
5015 9 5042 182 F: 5 4 
5023 13 5049 72 F: 13 
5054 7 5061 348 F: 2 1 4 
5065 9 5092 121 F: 9 
5092 6 5116 47 F: 2 3 1 
5155 13 5207 5 F: 13 
5157 13 5183 94 F: 13 
5169 4 5185 50 F: 4 
5176 7 5190 65 F: 2 2 3 
5189 10 5219 151 F: 7 3 
5204 3 5210 319 F: 3 
5213 7 5241 165 F: 3 4 
5268 7 5282 205 F: 7 
5269 5 5279 72 F: 4 1 
5282 9 5291 100 F: 4 4 1 
5312 5 5332 221 F: 2 1 2 
5312 7 5340 194 F: 3 1 3 
5315 10 5355 7 F: 5 2 3 
5340 6 5346 386 F: 3 3 
5385 13 5411 123 F: 7 6 
5412 2 5420 182 F: 2 
5444 11 5466 82 F: 5 6 
5455 6 5479 328 F: 6 
5469 8 5477 100 F: 4 3 1 
5494 9 5512 237 F: 6 3 
5520 5 5540 267 F: 4 1 
5526 8 5558 45 F: 5 3 
5569 3 5575 142 F: 3 
5569 7 5583 116 F: 2 1 4 
5582 7 5596 173 F: 3 1 3 
5610 13 5623 293 F: 13 
5619 12 5667 167 F: 7 5 
5649 9 5658 211 F: 4 5 
5663 2 5665 92 F: 2 
5694 7 5715 271 F: 5 2 
5719 11 5752 190 F: 11 
5732 7 5739 307 F: 2 2 3 
5749 3 5761 329 F: 3 
5786 11 5808 266 F: 4 3 4 
5797 11 5808 234 F: 4 4 3 
5813 5 5833 128 F: 2 3 
5819 9 5855 92 F: 3 4 2 
5833 4 5837 137 F: 4 
5890 12 5938 41 F: 6 6 
5898 7 5919 357 F: 3 1 3 
5925 8 5949 248 F: 5 2 1 
5960 3 5969 318 F: 3 
5961 9 5997 180 F: 5 2 2 
5987 8 6011 160 F: 3 3 2 
5990 7 6018 202 F: 2 3 2 
6008 9 6035 250 F: 3 4 2 
6023 9 6032 122 F: 5 2 2 
6032 9 6068 195 F: 2 3 4 
6076 8 6100 262 F: 5 3 
6076 12 6112 219 F: 6 6 
6113 2 6115 290 F: 2 
6125 7 6146 391 F: 5 1 1 
6155 8 6171 53 F: 4 4 
6161 7 6175 303 F: 3 4 
6177 9 6195 301 F: 5 4 
6210 10 6250 271 F: 4 6 
6211 5 6216 120 F: 4 1 
6230 6 6236 103 F: 3 1 2 
6234 8 6242 63 F: 3 5 
6262 10 6272 344 F: 6 4 
6350 11 6372 280 F: 4 4 3 
6351 12 6375 246 F: 12 
6362 9 6398 47 F: 9 
6375 5 6380 153 F: 5 
6386 10 6426 292 F: 10 
6465 7 6472 210 F: 7 
6465 9 6474 45 F: 9 
6466 13 6518 17 F: 13 
6478 8 6486 372 F: 3 4 1 
6497 2 6505 319 F: 2 
6500 7 6521 193 F: 4 1 2 
6513 8 6545 284 F: 5 3 
6523 5 6533 168 F: 2 2 1 
6524 6 6542 356 F: 5 1 
6597 12 6621 388 F: 12 
6614 5 6619 113 F: 3 1 1 
6616 10 6626 151 F: 5 4 1 
6649 10 6669 232 F: 3 4 3 
6667 2 6669 140 F: 2 
6695 4 6699 325 F: 2 2 
6748 6 6766 304 F: 2 2 2 
6757 8 6781 311 F: 3 2 3 
6774 7 6802 49 F: 7 
6780 9 6816 375 F: 5 2 2 
6795 6 6813 46 F: 3 2 1 
6803 5 6808 141 F: 3 1 1 
6856 13 6895 128 F: 13 
6874 13 6900 374 F: 13 
6880 9 6889 124 F: 4 4 1 
6895 12 6943 42 F: 5 4 3 
6902 9 6911 166 F: 3 2 4 
6931 6 6937 194 F: 6 
6961 6 6979 339 F: 4 1 1 
6969 8 6977 74 F: 8 
6996 9 7023 28 F: 2 3 4 
7006 10 7026 290 F: 10 
7041 8 7049 2 F: 2 4 2 
7047 12 7071 391 F: 12 
7076 9 7085 23 F: 4 2 3 
7087 6 7093 370 F: 3 2 1 
7108 13 7134 387 F: 7 6 
7118 7 7132 74 F: 2 1 4 
7129 11 7151 199 F: 7 4 
7147 6 7165 396 F: 6 
7179 6 7203 73 F: 6 
7226 12 7238 304 F: 5 3 4 
7237 9 7273 153 F: 4 5 
7282 11 7293 144 F: 7 4 
7292 8 7308 33 F: 3 1 4 
7294 7 7322 111 F: 7 
7322 6 7346 70 F: 6 
7334 4 7338 140 F: 4 
7338 6 7344 117 F: 2 2 2 
7339 9 7375 92 F: 4 1 4 
7367 7 7388 255 F: 7 
7453 8 7461 264 F: 8 
7467 7 7495 214 F: 3 1 3 
7469 11 7502 323 F: 4 4 3 
7472 9 7508 273 F: 5 4 
7482 12 7494 112 F: 7 5 
7508 10 7518 290 F: 10 
7518 13 7557 6 F: 13 
7551 11 7573 234 F: 4 4 3 
7582 6 7594 186 F: 6 
7596 6 7602 159 F: 2 4 
7615 12 7663 373 F: 4 4 4 
7644 7 7665 369 F: 5 2 
7659 5 7679 147 F: 4 1 
7663 6 7675 49 F: 6 
7669 7 7676 190 F: 3 3 1 
7718 5 7738 142 F: 5 
7730 8 7762 392 F: 6 2 
7738 12 7750 220 F: 6 6 
7794 5 7799 351 F: 2 3 
7799 8 7807 92 F: 5 3 
7800 8 7816 314 F: 3 3 2 
7816 11 7838 88 F: 5 6 
7867 10 7907 302 F: 5 2 3 
7896 8 7904 279 F: 3 3 2 
7898 12 7934 40 F: 4 4 4 
7905 5 7925 86 F: 5 
7916 3 7919 209 F: 3 
7930 12 7954 298 F: 12 
7938 11 7982 42 F: 11 
7950 10 7960 144 F: 6 4 
D: 6 335 
D: 10 145 
D: 13 41 
D: 16 35 
D: 16 215 
D: 20 378 
D: 29 370 
D: 36 137 
D: 36 237 
D: 42 120 
D: 51 107 
D: 58 247 
D: 58 390 
D: 59 272 
D: 63 282 
D: 65 79 
D: 68 99 
D: 73 389 
D: 78 169 
D: 93 236 
D: 116 170 
D: 118 361 
D: 121 224 
D: 135 141 
D: 140 165 
D: 152 271 
D: 157 244 
D: 164 251 
D: 172 230 
D: 182 312 
D: 184 243 
D: 207 359 
D: 225 317 
D: 236 244 
D: 241 379 
D: 257 330 
D: 259 277 
D: 259 367 
D: 270 398 
D: 298 387 
