0 5 20 268 F: 3 2 
9 12 33 46 F: 12 
36 2 38 342 F: 2 
95 4 107 39 F: 2 1 1 
99 8 131 61 F: 5 1 2 
137 8 161 111 F: 4 3 1 
164 11 208 134 F: 6 5 
171 13 184 116 F: 5 4 4 
180 10 200 283 F: 6 4 
198 8 222 71 F: 6 2 
244 6 256 302 F: 3 1 2 
247 5 257 168 F: 3 2 
265 3 268 343 F: 2 1 
285 12 321 174 F: 12 
291 5 306 212 F: 4 1 
306 8 314 366 F: 8 
310 10 320 49 F: 4 6 
314 10 324 294 F: 3 3 4 
330 10 350 354 F: 10 
363 13 389 99 F: 7 6 
428 11 450 57 F: 11 
431 7 459 216 F: 7 
447 4 459 370 F: 4 
480 7 487 141 F: 2 3 2 
495 9 531 153 F: 3 4 2 
505 3 508 140 F: 3 
505 9 541 189 F: 4 3 2 
549 10 559 263 F: 10 
553 4 569 248 F: 2 2 
562 12 610 34 F: 12 
604 11 648 332 F: 3 4 4 
611 9 647 333 F: 4 5 
611 12 659 44 F: 7 5 
676 9 703 399 F: 4 4 1 
682 8 690 101 F: 2 2 4 
712 8 728 108 F: 3 3 2 
712 9 748 106 F: 4 4 1 
723 13 736 197 F: 7 6 
736 10 766 228 F: 5 2 3 
774 9 810 141 F: 7 2 
834 13 847 62 F: 13 
839 9 875 331 F: 7 2 
856 8 888 32 F: 5 3 
862 11 895 221 F: 4 4 3 
897 8 929 230 F: 8 
920 10 950 1 F: 3 4 3 
940 10 950 269 F: 4 3 3 
954 7 968 97 F: 7 
980 11 991 352 F: 4 4 3 
989 10 999 36 F: 10 
1003 12 1051 69 F: 12 
1013 13 1039 278 F: 7 6 
1056 11 1067 231 F: 5 6 
1082 4 1094 8 F: 4 
1087 4 1103 143 F: 3 1 
1105 8 1113 293 F: 3 4 1 
1131 9 1167 274 F: 4 5 
1164 6 1176 379 F: 5 1 
1165 5 1185 349 F: 5 
1175 12 1187 182 F: 6 6 
1208 8 1240 322 F: 8 
1228 7 1256 59 F: 3 3 1 
1234 6 1252 259 F: 5 1 
1238 6 1256 325 F: 3 1 2 
1258 8 1274 129 F: 6 2 
1301 8 1325 237 F: 3 5 
1306 6 1312 131 F: 2 4 
1309 8 1333 81 F: 3 5 
1321 4 1329 163 F: 2 1 1 
1378 11 1422 365 F: 5 6 
1423 11 1434 65 F: 5 2 4 
1438 8 1454 63 F: 4 4 
1443 4 1451 22 F: 2 2 
1443 8 1451 94 F: 8 
1486 13 1525 38 F: 7 6 
1544 9 1553 263 F: 3 2 4 
1546 8 1578 30 F: 7 1 
1549 6 1567 30 F: 2 4 
1572 10 1592 54 F: 10 
1585 8 1609 74 F: 5 2 1 
1611 9 1647 45 F: 3 2 4 
1615 6 1639 365 F: 3 1 2 
1622 4 1630 191 F: 2 1 1 
1663 13 1676 327 F: 7 6 
1679 4 1683 164 F: 4 
1705 9 1741 249 F: 9 
1705 11 1738 230 F: 4 3 4 
1732 8 1764 333 F: 3 1 4 
1732 11 1776 59 F: 3 4 4 
1749 6 1755 262 F: 3 2 1 
1803 6 1815 190 F: 2 4 
1810 8 1834 340 F: 2 2 4 
1860 7 1874 284 F: 2 1 4 
1883 13 1909 315 F: 13 
1897 8 1921 177 F: 3 5 
1931 2 1933 28 F: 2 
1941 11 1974 171 F: 5 4 2 
1947 7 1954 133 F: 4 1 2 
1961 11 2005 383 F: 7 4 
1978 8 2002 376 F: 8 
2033 4 2045 242 F: 2 2 
2036 10 2066 331 F: 10 
2037 7 2058 290 F: 5 2 
2073 6 2085 289 F: 2 2 2 
2092 5 2107 6 F: 5 
2104 2 2112 78 F: 2 
2124 7 2145 104 F: 2 5 
2137 4 2149 328 F: 4 
2140 8 2148 215 F: 4 3 1 
2175 2 2179 287 F: 2 
2203 10 2223 337 F: 10 
2231 8 2255 360 F: 7 1 
2260 2 2266 191 F: 2 
2267 8 2291 58 F: 3 5 
2293 8 2301 266 F: 8 
2303 9 2339 246 F: 7 2 
2306 3 2312 283 F: 3 
2314 6 2338 29 F: 4 2 
2331 10 2371 392 F: 5 2 3 
2362 13 2388 229 F: 5 4 4 
2426 7 2433 167 F: 5 2 
2440 8 2472 149 F: 7 1 
2470 10 2480 22 F: 10 
2481 7 2509 108 F: 2 5 
2490 10 2500 386 F: 7 3 
2520 8 2552 3 F: 3 5 
2535 9 2562 399 F: 5 1 3 
2544 5 2554 44 F: 3 1 1 
2556 6 2562 209 F: 4 2 
2591 7 2619 95 F: 2 5 
2643 12 2667 337 F: 6 6 
2664 11 2708 223 F: 6 5 
2668 4 2672 95 F: 2 2 
2671 7 2685 109 F: 2 4 1 
2692 11 2714 376 F: 11 
2701 10 2721 157 F: 10 
2717 10 2747 222 F: 5 1 4 
2731 7 2752 384 F: 4 2 1 
2754 5 2774 82 F: 5 
2773 8 2781 241 F: 2 3 3 
2822 5 2832 333 F: 5 
2825 3 2834 292 F: 2 1 
2830 11 2874 78 F: 3 4 4 
2844 8 2860 174 F: 3 3 2 
2847 7 2868 143 F: 5 2 
2963 8 2979 27 F: 7 1 
2979 5 2984 313 F: 5 
2982 5 2997 56 F: 5 
2985 4 3001 43 F: 4 
2990 7 3011 9 F: 2 3 2 
3029 9 3056 356 F: 2 3 4 
3060 3 3063 202 F: 3 
3068 10 3098 326 F: 10 
3076 7 3104 390 F: 3 1 3 
3092 12 3128 368 F: 12 
3105 5 3125 213 F: 5 
3116 9 3152 259 F: 5 1 3 
3160 2 3168 197 F: 2 
3169 3 3178 261 F: 2 1 
3169 5 3179 1 F: 2 3 
3208 6 3226 242 F: 4 2 
3240 10 3280 387 F: 3 4 3 
3263 6 3287 281 F: 6 
3264 13 3303 61 F: 7 6 
3269 6 3281 84 F: 6 
3300 8 3308 59 F: 5 2 1 
3310 6 3328 90 F: 2 2 2 
3359 8 3367 111 F: 4 1 3 
3393 6 3417 45 F: 6 
3394 7 3415 14 F: 2 1 4 
3401 6 3425 328 F: 4 2 
3414 10 3454 226 F: 4 2 4 
3437 8 3461 242 F: 4 4 
3440 4 3444 252 F: 2 2 
3440 7 3468 215 F: 2 2 3 
3509 11 3542 390 F: 5 6 
3520 6 3526 379 F: 3 1 2 
3532 10 3542 132 F: 4 2 4 
3545 9 3572 347 F: 4 4 1 
3567 6 3573 310 F: 6 
3601 10 3621 69 F: 4 4 2 
3631 11 3675 84 F: 5 4 2 
3686 4 3690 268 F: 4 
3691 10 3721 31 F: 4 4 2 
3694 10 3724 54 F: 5 5 
3741 12 3753 98 F: 12 
3759 9 3795 151 F: 3 3 3 
3769 9 3787 346 F: 4 2 3 
3788 8 3804 29 F: 6 2 
3796 8 3812 209 F: 2 6 
3818 6 3842 143 F: 5 1 
3831 10 3851 295 F: 5 3 2 
3865 7 3886 220 F: 7 
3871 8 3903 352 F: 2 6 
3877 8 3893 320 F: 2 6 
3901 12 3949 87 F: 7 5 
3945 9 3963 152 F: 3 6 
3951 6 3957 258 F: 3 1 2 
3970 11 3992 113 F: 5 6 
3982 10 4002 196 F: 3 3 4 
4012 7 4033 255 F: 7 
4015 10 4035 80 F: 3 4 3 
4026 5 4031 303 F: 4 1 
4042 4 4050 383 F: 4 
4077 12 4089 63 F: 5 4 3 
4107 8 4131 155 F: 3 5 
4138 10 4158 83 F: 4 6 
4147 8 4163 205 F: 3 1 4 
4177 5 4187 288 F: 2 1 2 
4188 5 4203 116 F: 3 2 
4206 10 4236 115 F: 4 6 
4212 11 4245 84 F: 4 4 3 
4227 10 4247 254 F: 4 6 
4250 11 4283 221 F: 4 3 4 
4254 10 4274 161 F: 6 4 
4301 7 4329 364 F: 4 2 1 
4333 6 4351 371 F: 3 1 2 
4340 2 4344 259 F: 2 
4350 2 4354 144 F: 2 
4392 2 4394 349 F: 2 
4403 11 4414 104 F: 3 4 4 
4410 9 4419 232 F: 3 4 2 
4422 7 4429 392 F: 3 4 
4428 10 4448 365 F: 4 6 
4465 6 4483 309 F: 6 
4501 12 4549 399 F: 6 6 
4526 9 4562 8 F: 6 3 
4541 8 4557 343 F: 4 1 3 
4586 10 4596 172 F: 5 5 
4587 9 4596 255 F: 4 1 4 
4602 4 4618 254 F: 4 
4611 10 4651 375 F: 7 3 
4618 8 4626 139 F: 3 5 
4678 10 4698 386 F: 10 
4682 8 4706 127 F: 2 2 4 
4700 10 4730 293 F: 10 
4750 8 4774 172 F: 6 2 
4759 13 4811 314 F: 7 6 
4764 7 4785 64 F: 3 2 2 
4795 5 4810 8 F: 3 2 
4820 9 4847 61 F: 5 4 
4844 10 4884 9 F: 10 
4872 4 4888 257 F: 4 
4872 7 4879 38 F: 4 2 1 
4881 10 4891 152 F: 10 
4923 13 4975 116 F: 7 6 
4944 7 4965 5 F: 2 2 3 
4948 10 4978 266 F: 3 4 3 
4961 2 4969 363 F: 2 
4963 3 4972 79 F: 2 1 
5021 8 5045 161 F: 2 4 2 
5041 9 5050 258 F: 5 4 
5052 10 5092 354 F: 3 3 4 
5053 6 5071 144 F: 4 1 1 
5067 13 5093 148 F: 7 6 
5112 8 5128 325 F: 8 
5121 5 5136 141 F: 4 1 
5136 13 5188 359 F: 13 
5158 8 5182 100 F: 8 
5192 11 5225 298 F: 5 3 3 
5225 8 5257 21 F: 8 
5244 4 5248 352 F: 4 
5260 6 5284 238 F: 2 4 
5272 5 5292 234 F: 3 2 
5297 9 5333 322 F: 4 4 1 
5309 6 5315 84 F: 5 1 
5329 6 5353 138 F: 3 3 
5340 6 5364 125 F: 6 
5348 9 5384 339 F: 5 1 3 
5368 8 5376 208 F: 3 5 
5411 7 5418 245 F: 2 1 4 
5430 6 5436 226 F: 6 
5433 7 5440 236 F: 2 2 3 
5443 5 5448 270 F: 5 
5478 7 5506 156 F: 7 
5506 10 5546 386 F: 7 3 
5540 7 5547 208 F: 3 4 
5547 7 5561 50 F: 5 2 
5552 2 5556 369 F: 2 
5573 3 5579 149 F: 2 1 
5601 13 5614 387 F: 7 6 
5620 6 5626 151 F: 4 2 
5655 5 5670 283 F: 4 1 
5662 4 5674 14 F: 4 
5689 7 5717 365 F: 2 3 2 
5702 5 5712 51 F: 2 2 1 
5704 9 5722 293 F: 2 4 3 
5721 9 5748 104 F: 3 2 4 
5740 8 5756 11 F: 3 1 4 
5767 8 5799 350 F: 2 4 2 
5833 8 5857 79 F: 2 6 
5843 6 5855 153 F: 6 
5867 4 5871 172 F: 2 2 
5896 10 5936 90 F: 5 2 3 
5899 3 5911 40 F: 3 
5941 9 5950 254 F: 4 2 3 
5943 6 5967 226 F: 3 2 1 
5950 9 5986 231 F: 5 3 1 
5959 13 6011 280 F: 13 
5975 8 5983 166 F: 3 2 3 
6012 11 6034 53 F: 11 
6023 3 6029 263 F: 3 
6067 8 6091 4 F: 4 3 1 
6083 7 6111 314 F: 2 1 4 
6099 7 6113 10 F: 5 2 
6113 6 6119 132 F: 6 
6133 4 6137 162 F: 4 
6144 11 6155 380 F: 11 
6186 12 6198 6 F: 6 6 
6196 12 6244 158 F: 12 
6213 8 6245 126 F: 3 5 
6213 9 6222 346 F: 3 2 4 
6257 8 6265 330 F: 5 3 
6264 8 6288 12 F: 2 4 2 
6276 5 6296 221 F: 3 2 
6302 13 6328 251 F: 13 
6352 10 6372 122 F: 5 5 
6357 10 6387 370 F: 3 4 3 
6360 7 6381 150 F: 4 1 2 
6364 6 6376 224 F: 4 2 
6444 5 6464 72 F: 3 2 
6462 3 6474 44 F: 2 1 
6482 3 6494 318 F: 3 
6498 6 6504 251 F: 5 1 
6499 3 6502 232 F: 3 
6519 4 6527 203 F: 4 
6542 4 6554 122 F: 4 
6570 10 6600 339 F: 4 2 4 
6581 7 6602 11 F: 4 3 
6599 11 6632 215 F: 5 6 
6614 6 6638 234 F: 2 2 2 
6627 7 6648 346 F: 7 
6668 7 6696 309 F: 7 
6669 4 6681 137 F: 3 1 
6682 8 6714 155 F: 8 
6701 3 6710 301 F: 2 1 
6733 10 6773 377 F: 3 3 4 
6760 2 6768 175 F: 2 
6771 13 6797 293 F: 13 
6778 5 6793 43 F: 5 
6839 8 6871 207 F: 4 3 1 
6852 8 6884 87 F: 8 
6854 11 6876 382 F: 11 
6866 9 6902 309 F: 3 6 
6870 7 6891 283 F: 3 4 
6905 6 6917 147 F: 3 2 1 
6909 8 6933 53 F: 3 2 3 
6911 2 6915 304 F: 2 
6924 4 6936 40 F: 3 1 
6968 9 6977 108 F: 6 3 
7008 8 7024 84 F: 5 2 1 
7013 4 7029 108 F: 4 
7013 8 7045 236 F: 8 
7026 10 7036 37 F: 4 2 4 
7085 12 7109 333 F: 12 
7101 8 7125 158 F: 6 2 
7118 4 7126 16 F: 2 1 1 
7146 8 7178 310 F: 5 3 
7166 10 7186 61 F: 3 4 3 
7180 8 7212 239 F: 8 
7203 9 7230 15 F: 3 6 
7206 8 7222 400 F: 4 3 1 
7263 8 7295 42 F: 4 3 1 
7294 4 7310 76 F: 2 1 1 
7297 10 7327 272 F: 2 4 4 
7318 11 7351 74 F: 3 4 4 
7327 9 7336 109 F: 3 6 
7346 5 7361 18 F: 4 1 
7346 5 7361 340 F: 3 2 
7365 10 7395 150 F: 5 4 1 
7409 2 7411 334 F: 2 
7420 8 7444 52 F: 5 1 2 
7475 9 7484 87 F: 4 4 1 
7476 6 7494 167 F: 6 
7492 4 7508 243 F: 2 2 
7519 7 7540 69 F: 5 2 
7550 7 7557 116 F: 7 
7554 9 7590 342 F: 7 2 
7566 11 7610 399 F: 6 5 
7598 13 7624 14 F: 13 
7609 9 7627 153 F: 5 3 1 
7656 10 7696 80 F: 5 5 
7669 8 7701 131 F: 8 
7677 13 7703 216 F: 7 6 
7683 11 7716 56 F: 5 6 
7737 9 7755 147 F: 2 3 4 
7740 8 7772 389 F: 2 2 4 
7767 8 7799 39 F: 6 2 
7784 11 7795 47 F: 5 6 
7798 9 7807 330 F: 4 1 4 
7802 7 7830 82 F: 4 3 
7815 9 7833 179 F: 4 2 3 
7833 12 7845 82 F: 5 3 4 
7854 11 7887 221 F: 11 
7866 7 7880 159 F: 3 2 2 
7949 8 7973 164 F: 2 6 
7969 7 7976 39 F: 3 4 
7970 7 7991 144 F: 7 
7972 13 8024 81 F: 13 
7981 9 8017 85 F: 4 5 
D: 2 314 
D: 10 113 
D: 14 188 
D: 20 116 
D: 21 42 
D: 21 198 
D: 23 225 
D: 25 150 
D: 32 30 
D: 35 334 
D: 36 212 
D: 36 360 
D: 61 270 
D: 81 135 
D: 85 312 
D: 88 316 
D: 93 374 
D: 103 207 
D: 105 132 
D: 107 184 
D: 114 333 
D: 119 196 
D: 120 141 
D: 125 248 
D: 132 193 
D: 137 263 
D: 146 328 
D: 151 236 
D: 156 292 
D: 167 324 
D: 180 307 
D: 206 352 
D: 221 344 
D: 224 294 
D: 231 275 
D: 231 285 
D: 236 364 
D: 285 372 
D: 289 378 
D: 307 397 
