23 9 50 224 F: 6 3 
32 3 38 151 F: 3 
42 9 78 69 F: 4 1 4 
67 5 72 122 F: 5 
70 6 76 60 F: 2 3 1 
119 7 140 372 F: 4 1 2 
135 4 151 93 F: 2 2 
149 7 156 370 F: 7 
156 8 172 307 F: 4 2 2 
173 10 213 95 F: 10 
218 6 236 337 F: 3 1 2 
237 7 244 5 F: 5 2 
244 11 255 150 F: 6 5 
264 5 274 356 F: 2 3 
285 10 315 72 F: 2 4 4 
318 4 322 297 F: 2 2 
332 11 365 318 F: 4 3 4 
377 7 398 144 F: 5 1 1 
377 12 425 237 F: 7 5 
381 10 391 94 F: 5 4 1 
402 11 413 153 F: 11 
424 5 434 372 F: 3 2 
428 7 456 131 F: 7 
452 9 488 264 F: 5 4 
462 2 470 174 F: 2 
500 6 512 361 F: 2 4 
510 12 522 20 F: 12 
511 8 519 280 F: 4 2 2 
553 7 581 249 F: 7 
554 9 581 293 F: 4 1 4 
634 6 652 381 F: 6 
643 6 649 268 F: 3 3 
643 9 661 198 F: 5 2 2 
647 12 683 54 F: 7 5 
655 11 699 224 F: 5 2 4 
737 7 751 243 F: 7 
741 10 751 242 F: 5 3 2 
774 13 800 342 F: 13 
788 8 812 116 F: 8 
793 5 803 253 F: 5 
821 10 851 338 F: 10 
827 7 834 392 F: 5 1 1 
863 3 872 270 F: 3 
863 6 869 196 F: 4 2 
871 10 911 236 F: 5 1 4 
908 7 915 348 F: 7 
921 6 945 244 F: 6 
934 8 958 70 F: 3 5 
966 6 984 162 F: 2 4 
994 12 1018 106 F: 6 6 
1037 6 1061 29 F: 6 
1038 7 1059 64 F: 5 2 
1061 8 1085 123 F: 2 4 2 
1068 8 1084 321 F: 5 2 1 
1079 11 1101 239 F: 11 
1103 7 1117 37 F: 7 
1111 5 1121 230 F: 2 3 
1119 9 1155 164 F: 5 1 3 
1138 6 1144 306 F: 4 2 
1184 6 1208 165 F: 4 1 1 
1207 10 1237 174 F: 4 6 
1218 9 1236 140 F: 2 4 3 
1258 2 1266 394 F: 2 
1264 11 1297 203 F: 6 5 
1297 7 1318 124 F: 3 1 3 
1306 9 1333 238 F: 3 4 2 
1321 9 1339 331 F: 7 2 
1326 11 1359 7 F: 5 6 
1359 8 1375 57 F: 8 
1395 8 1427 169 F: 8 
1424 10 1464 28 F: 5 4 1 
1431 6 1443 116 F: 2 2 2 
1448 8 1456 272 F: 6 2 
1471 6 1483 298 F: 6 
1490 8 1514 157 F: 3 3 2 
1501 11 1534 75 F: 7 4 
1527 8 1543 267 F: 2 3 3 
1544 4 1556 42 F: 4 
1571 11 1593 287 F: 4 4 3 
1575 8 1599 121 F: 3 2 3 
1623 11 1656 174 F: 11 
1634 8 1666 127 F: 7 1 
1659 7 1680 256 F: 3 2 2 
1660 9 1669 155 F: 7 2 
1678 11 1689 342 F: 6 5 
1705 8 1713 263 F: 3 5 
1719 3 1722 378 F: 3 
1725 11 1747 294 F: 5 4 2 
1764 7 1771 374 F: 5 1 1 
1794 6 1806 29 F: 3 3 
1859 11 1881 322 F: 4 3 4 
1865 7 1886 339 F: 3 4 
1872 5 1887 4 F: 2 3 
1892 5 1902 175 F: 4 1 
1899 9 1935 15 F: 9 
1907 8 1923 185 F: 4 4 
1923 11 1945 158 F: 11 
1945 9 1972 51 F: 2 3 4 
1981 6 1987 292 F: 2 1 3 
1998 9 2025 78 F: 3 2 4 
2017 4 2025 303 F: 2 2 
2065 7 2093 305 F: 7 
2066 13 2105 352 F: 13 
2068 12 2080 182 F: 5 4 3 
2085 2 2087 146 F: 2 
2100 6 2106 179 F: 2 4 
2105 7 2133 100 F: 7 
2110 7 2117 135 F: 2 1 4 
2138 12 2174 284 F: 12 
2167 10 2177 40 F: 5 4 1 
2227 8 2259 151 F: 8 
2237 7 2265 139 F: 2 1 4 
2255 2 2257 31 F: 2 
2259 12 2271 204 F: 7 5 
2283 5 2303 103 F: 3 2 
2301 5 2316 202 F: 3 1 1 
2317 7 2345 147 F: 3 2 2 
2347 6 2371 274 F: 2 4 
2369 7 2397 43 F: 2 3 2 
2371 8 2403 26 F: 7 1 
2408 8 2424 210 F: 5 3 
2449 3 2455 380 F: 3 
2468 11 2479 206 F: 11 
2498 10 2518 196 F: 5 2 3 
2499 9 2508 178 F: 7 2 
2505 7 2526 213 F: 4 3 
2535 10 2555 95 F: 10 
2557 9 2575 69 F: 4 3 2 
2580 8 2612 157 F: 5 1 2 
2581 9 2617 143 F: 3 6 
2626 11 2659 29 F: 5 6 
2641 13 2654 371 F: 13 
2651 9 2660 362 F: 2 3 4 
2652 9 2679 69 F: 7 2 
2686 5 2691 136 F: 5 
2721 7 2728 397 F: 2 2 3 
2723 11 2734 12 F: 3 4 4 
2727 7 2755 231 F: 4 3 
2764 10 2794 61 F: 5 4 1 
2766 8 2782 78 F: 4 4 
2802 8 2834 187 F: 3 4 1 
2803 7 2824 130 F: 7 
2869 8 2877 133 F: 4 4 
2897 8 2913 12 F: 8 
2898 8 2922 319 F: 3 1 4 
2924 9 2942 106 F: 5 4 
2926 7 2947 379 F: 3 4 
2929 7 2950 23 F: 4 1 2 
2938 13 2990 306 F: 7 6 
2967 4 2971 98 F: 3 1 
3035 9 3071 241 F: 5 4 
3039 7 3067 127 F: 7 
3043 6 3061 98 F: 2 2 2 
3075 12 3087 167 F: 5 3 4 
3095 13 3108 351 F: 7 6 
3118 9 3145 366 F: 4 5 
3127 12 3163 319 F: 12 
3153 9 3189 75 F: 4 1 4 
3168 6 3174 159 F: 2 1 3 
3180 10 3210 234 F: 3 4 3 
3219 9 3246 274 F: 4 4 1 
3226 9 3244 291 F: 5 1 3 
3233 13 3285 298 F: 13 
3284 5 3299 189 F: 2 1 2 
3285 10 3305 29 F: 5 5 
3307 9 3343 13 F: 4 5 
3307 12 3319 378 F: 5 3 4 
3315 5 3330 376 F: 3 2 
3320 4 3328 395 F: 4 
3324 5 3339 57 F: 3 1 1 
3442 8 3474 223 F: 8 
3458 10 3488 163 F: 3 3 4 
3462 10 3502 343 F: 5 1 4 
3472 5 3477 50 F: 2 3 
3474 8 3498 363 F: 8 
3509 7 3530 382 F: 4 3 
3531 6 3549 334 F: 4 2 
3565 9 3592 336 F: 3 6 
3572 5 3577 56 F: 3 2 
3595 13 3621 196 F: 13 
3619 10 3659 14 F: 10 
3635 13 3661 86 F: 13 
3660 6 3666 78 F: 4 1 1 
3682 8 3690 163 F: 3 5 
3686 9 3695 217 F: 4 3 2 
3708 11 3719 365 F: 6 5 
3712 2 3718 2 F: 2 
3781 7 3795 1 F: 7 
3786 7 3793 151 F: 4 3 
3797 9 3806 370 F: 9 
3803 7 3817 366 F: 3 4 
3814 8 3838 220 F: 4 2 2 
3844 4 3856 213 F: 2 2 
3856 8 3888 115 F: 2 3 3 
3875 10 3915 264 F: 3 3 4 
3903 7 3931 29 F: 5 2 
3920 9 3956 359 F: 2 4 3 
3951 11 3973 384 F: 11 
3956 12 3968 334 F: 4 4 4 
3962 12 3998 366 F: 12 
4003 13 4042 20 F: 13 
4007 5 4017 224 F: 5 
4017 11 4061 216 F: 4 4 3 
4056 11 4067 367 F: 5 6 
4075 10 4115 29 F: 7 3 
4116 13 4168 176 F: 13 
4135 6 4153 203 F: 6 
4162 7 4169 83 F: 3 3 1 
4165 12 4213 212 F: 7 5 
4190 8 4206 30 F: 8 
4245 4 4257 114 F: 2 2 
4271 3 4277 72 F: 3 
4288 7 4302 96 F: 4 1 2 
4291 5 4301 43 F: 3 2 
4293 10 4313 290 F: 10 
4304 9 4340 375 F: 4 3 2 
4305 2 4311 147 F: 2 
4305 10 4345 190 F: 10 
4309 9 4327 264 F: 4 3 2 
4347 5 4367 19 F: 5 
4415 9 4424 210 F: 2 4 3 
4454 12 4502 145 F: 12 
4466 8 4482 54 F: 8 
4469 13 4495 80 F: 7 6 
4494 12 4530 149 F: 6 6 
4506 10 4536 229 F: 5 4 1 
4508 8 4532 251 F: 7 1 
4517 2 4521 376 F: 2 
4584 5 4594 131 F: 2 3 
4591 7 4612 366 F: 5 1 1 
4632 11 4643 361 F: 7 4 
4637 10 4657 226 F: 10 
4641 11 4674 349 F: 5 6 
4680 5 4700 286 F: 3 1 1 
4696 11 4718 355 F: 11 
4702 9 4738 264 F: 3 6 
4724 8 4740 306 F: 4 4 
4725 10 4765 263 F: 10 
4736 6 4760 62 F: 2 2 2 
4773 8 4781 354 F: 8 
4828 11 4861 361 F: 6 5 
4848 6 4872 374 F: 6 
4865 8 4881 125 F: 4 3 1 
4873 7 4887 83 F: 7 
4875 9 4911 178 F: 3 2 4 
4911 10 4941 387 F: 3 4 3 
4949 4 4957 279 F: 2 1 1 
4976 13 4989 369 F: 13 
4977 10 5017 50 F: 10 
4979 12 5015 237 F: 12 
5013 8 5045 79 F: 5 3 
5036 12 5072 355 F: 12 
5078 11 5111 87 F: 6 5 
5081 10 5111 143 F: 4 2 4 
5085 8 5093 197 F: 5 1 2 
5103 9 5121 350 F: 5 3 1 
5104 6 5122 335 F: 6 
5126 5 5136 222 F: 4 1 
5149 10 5159 232 F: 5 2 3 
5155 6 5167 130 F: 3 1 2 
5205 9 5232 20 F: 5 2 2 
5239 13 5278 352 F: 7 6 
5259 9 5277 85 F: 4 3 2 
5262 9 5298 398 F: 9 
5271 9 5289 276 F: 3 6 
5310 8 5318 195 F: 3 3 2 
5324 8 5348 326 F: 5 3 
5348 5 5358 6 F: 3 1 1 
5361 13 5413 232 F: 5 4 4 
5375 12 5423 226 F: 12 
5408 12 5432 300 F: 12 
5447 11 5469 364 F: 5 3 3 
5456 7 5470 11 F: 2 5 
5474 9 5483 47 F: 5 1 3 
5480 4 5484 42 F: 2 1 1 
5501 5 5506 395 F: 4 1 
5505 12 5541 56 F: 4 4 4 
5535 8 5559 369 F: 3 2 3 
5557 7 5578 56 F: 6 1 
5565 12 5577 256 F: 12 
5637 4 5649 298 F: 4 
5646 6 5652 218 F: 6 
5650 8 5666 360 F: 8 
5655 11 5699 252 F: 5 6 
5672 8 5680 134 F: 2 4 2 
5704 12 5752 393 F: 6 6 
5707 2 5709 104 F: 2 
5737 8 5761 384 F: 8 
5758 3 5770 234 F: 3 
5795 7 5802 196 F: 2 1 4 
5839 4 5847 207 F: 4 
5854 7 5882 14 F: 6 1 
5861 7 5875 293 F: 7 
5879 9 5906 328 F: 4 5 
5881 9 5917 262 F: 3 6 
5915 7 5922 76 F: 7 
5929 10 5959 152 F: 10 
5948 7 5969 314 F: 3 3 1 
5959 9 5986 125 F: 5 4 
5963 3 5975 20 F: 3 
6009 5 6019 325 F: 5 
6036 8 6068 213 F: 3 2 3 
6040 13 6079 176 F: 13 
6060 11 6082 213 F: 11 
6074 8 6106 20 F: 3 2 3 
6107 12 6143 289 F: 12 
6108 4 6112 292 F: 4 
6139 13 6191 141 F: 13 
6180 11 6224 273 F: 6 5 
6195 11 6228 309 F: 5 3 3 
6210 3 6216 236 F: 3 
6272 8 6296 239 F: 5 3 
6285 9 6312 316 F: 2 3 4 
6296 4 6308 280 F: 4 
6299 9 6335 14 F: 9 
6345 12 6393 303 F: 12 
6355 5 6365 359 F: 2 3 
6374 7 6402 272 F: 3 1 3 
6387 5 6397 342 F: 4 1 
6390 10 6400 143 F: 5 3 2 
6440 7 6461 177 F: 7 
6443 7 6464 354 F: 7 
6470 10 6500 73 F: 4 4 2 
6479 7 6486 279 F: 7 
6499 7 6520 105 F: 7 
6512 10 6522 126 F: 4 6 
6528 8 6560 319 F: 3 2 3 
6574 3 6586 121 F: 3 
6586 3 6589 133 F: 3 
6586 7 6614 7 F: 2 2 3 
6600 6 6618 7 F: 6 
6618 7 6632 142 F: 2 1 4 
6618 8 6642 189 F: 3 2 3 
6633 3 6642 170 F: 3 
6655 5 6665 261 F: 3 2 
6713 7 6720 334 F: 3 1 3 
6730 7 6737 82 F: 6 1 
6738 6 6744 21 F: 6 
6760 9 6769 215 F: 4 5 
6765 9 6783 280 F: 3 6 
6801 10 6821 315 F: 10 
6844 9 6853 244 F: 4 5 
6846 10 6866 111 F: 10 
6856 9 6892 343 F: 9 
6859 6 6883 362 F: 2 3 1 
6922 10 6952 246 F: 4 6 
6946 10 6976 42 F: 5 5 
6975 7 6989 186 F: 4 3 
6989 4 6997 365 F: 2 1 1 
6992 11 7036 335 F: 11 
7008 9 7017 359 F: 4 3 2 
7036 10 7046 116 F: 5 1 4 
7053 13 7066 137 F: 7 6 
7081 5 7091 42 F: 3 1 1 
7087 10 7097 129 F: 4 6 
7105 9 7123 233 F: 4 2 3 
7136 8 7144 324 F: 3 3 2 
7142 9 7169 274 F: 4 3 2 
7182 5 7202 202 F: 4 1 
7188 4 7204 55 F: 2 2 
7204 7 7225 174 F: 7 
7220 7 7248 129 F: 4 3 
7228 12 7252 217 F: 5 3 4 
7254 6 7266 13 F: 2 3 1 
7264 3 7267 105 F: 3 
7308 7 7315 172 F: 7 
7319 10 7349 301 F: 4 6 
7356 12 7392 130 F: 5 4 3 
7377 6 7395 93 F: 3 3 
7391 3 7397 67 F: 2 1 
7410 11 7432 79 F: 4 4 3 
7412 6 7436 154 F: 6 
7448 6 7472 252 F: 4 2 
7476 13 7515 127 F: 13 
7487 4 7499 325 F: 3 1 
7568 13 7594 273 F: 7 6 
7570 9 7606 2 F: 4 2 3 
7572 9 7581 263 F: 6 3 
7589 8 7621 136 F: 2 4 2 
7595 8 7603 44 F: 4 1 3 
7654 6 7660 374 F: 4 2 
7663 9 7672 177 F: 9 
7665 3 7671 277 F: 3 
7677 8 7701 263 F: 4 2 2 
7699 11 7732 244 F: 11 
7703 12 7715 290 F: 12 
7711 12 7735 323 F: 12 
7724 8 7732 171 F: 8 
7755 8 7779 65 F: 6 2 
7774 11 7807 396 F: 3 4 4 
7801 4 7813 127 F: 2 2 
7803 4 7815 10 F: 2 2 
7847 13 7873 81 F: 13 
7861 3 7870 23 F: 3 
7872 11 7905 243 F: 3 4 4 
7927 10 7947 399 F: 5 1 4 
7934 11 7945 237 F: 7 4 
7968 4 7984 175 F: 2 2 
7978 8 8002 337 F: 3 1 4 
7990 8 8022 270 F: 4 4 
D: 8 17 
D: 9 57 
D: 18 294 
D: 22 61 
D: 27 287 
D: 39 255 
D: 51 144 
D: 53 125 
D: 57 354 
D: 61 155 
D: 80 110 
D: 85 332 
D: 94 169 
D: 98 257 
D: 112 201 
D: 119 172 
D: 119 329 
D: 138 395 
D: 150 169 
D: 156 220 
D: 163 304 
D: 165 319 
D: 177 252 
D: 178 240 
D: 181 360 
D: 188 339 
D: 201 331 
D: 206 254 
D: 218 284 
D: 220 338 
D: 221 321 
D: 223 332 
D: 231 233 
D: 247 268 
D: 257 318 
D: 257 363 
D: 264 363 
D: 302 371 
D: 325 369 
D: 368 371 
