17 11 39 196 F: 3 4 4 
40 12 88 378 F: 12 
50 8 74 289 F: 2 6 
66 13 92 258 F: 13 
74 6 98 320 F: 3 2 1 
127 8 135 190 F: 7 1 
129 12 177 18 F: 5 4 3 
148 9 166 354 F: 9 
151 7 165 103 F: 4 3 
188 12 200 242 F: 12 
207 7 221 369 F: 2 5 
229 11 262 120 F: 5 6 
230 10 250 381 F: 7 3 
283 4 291 296 F: 4 
286 11 319 157 F: 6 5 
335 7 363 51 F: 7 
336 9 372 34 F: 6 3 
353 11 397 176 F: 11 
361 7 368 127 F: 3 4 
391 11 413 377 F: 4 4 3 
426 11 459 343 F: 3 4 4 
427 9 454 253 F: 3 4 2 
458 7 479 112 F: 4 2 1 
477 4 489 315 F: 4 
498 7 526 232 F: 7 
508 10 538 58 F: 7 3 
528 10 568 7 F: 7 3 
536 4 548 191 F: 3 1 
550 8 582 233 F: 7 1 
573 3 576 174 F: 3 
603 8 635 104 F: 8 
625 8 633 165 F: 8 
630 10 670 341 F: 4 3 3 
647 12 671 379 F: 6 6 
693 10 703 63 F: 4 6 
726 8 742 229 F: 2 6 
738 12 762 183 F: 6 6 
752 7 780 331 F: 5 2 
752 12 800 186 F: 5 4 3 
782 11 793 124 F: 5 2 4 
805 10 835 45 F: 10 
812 9 839 180 F: 7 2 
825 5 835 388 F: 2 2 1 
828 6 852 323 F: 6 
897 8 913 171 F: 3 3 2 
920 12 944 51 F: 7 5 
920 12 956 359 F: 12 
944 8 976 212 F: 2 6 
964 5 969 32 F: 3 1 1 
996 9 1005 360 F: 4 5 
1000 5 1015 274 F: 2 3 
1050 2 1054 249 F: 2 
1062 5 1077 381 F: 5 
1064 7 1085 208 F: 7 
1092 6 1104 128 F: 2 4 
1105 8 1129 153 F: 8 
1134 7 1148 76 F: 3 3 1 
1134 10 1164 352 F: 3 3 4 
1148 13 1200 141 F: 13 
1169 10 1199 384 F: 5 1 4 
1204 9 1231 154 F: 9 
1218 6 1230 148 F: 4 2 
1233 11 1244 351 F: 11 
1249 12 1285 71 F: 6 6 
1287 13 1339 245 F: 5 4 4 
1330 8 1354 180 F: 4 3 1 
1331 7 1338 395 F: 7 
1351 9 1378 320 F: 7 2 
1371 5 1381 48 F: 2 3 
1380 9 1407 244 F: 2 3 4 
1422 11 1444 139 F: 3 4 4 
1427 10 1467 368 F: 5 1 4 
1428 8 1460 315 F: 4 2 2 
1476 9 1503 181 F: 6 3 
1484 7 1498 126 F: 5 2 
1520 8 1552 71 F: 6 2 
1530 12 1578 244 F: 12 
1537 10 1577 311 F: 10 
1585 9 1603 192 F: 3 3 3 
1591 8 1623 17 F: 6 2 
1626 9 1662 338 F: 3 2 4 
1657 4 1669 169 F: 4 
1675 7 1682 24 F: 3 1 3 
1688 12 1712 289 F: 7 5 
1697 11 1719 74 F: 11 
1751 13 1803 19 F: 7 6 
1752 8 1784 100 F: 7 1 
1768 10 1798 81 F: 4 6 
1772 8 1804 33 F: 3 1 4 
1781 11 1825 172 F: 5 6 
1817 6 1835 334 F: 3 3 
1818 10 1828 90 F: 3 4 3 
1829 11 1862 56 F: 6 5 
1843 3 1852 311 F: 3 
1862 8 1870 280 F: 5 3 
1933 12 1981 16 F: 7 5 
1935 7 1963 164 F: 5 1 1 
1960 9 1969 190 F: 5 1 3 
1973 10 1983 133 F: 4 3 3 
1974 10 2004 376 F: 4 6 
2033 5 2038 72 F: 5 
2057 7 2078 5 F: 3 1 3 
2063 11 2107 368 F: 4 3 4 
2075 8 2099 91 F: 8 
2079 12 2127 239 F: 12 
2106 7 2113 99 F: 7 
2127 7 2155 351 F: 2 5 
2132 11 2154 370 F: 3 4 4 
2145 4 2153 370 F: 2 1 1 
2188 6 2200 137 F: 2 4 
2202 8 2218 307 F: 8 
2206 8 2214 135 F: 7 1 
2267 9 2294 232 F: 9 
2298 9 2334 43 F: 2 3 4 
2299 11 2332 66 F: 7 4 
2318 9 2354 80 F: 9 
2336 5 2351 203 F: 5 
2352 8 2368 396 F: 7 1 
2373 13 2412 222 F: 13 
2393 12 2405 144 F: 12 
2406 3 2409 321 F: 3 
2428 7 2449 149 F: 3 3 1 
2435 4 2447 209 F: 2 1 1 
2452 10 2472 21 F: 7 3 
2482 11 2515 227 F: 7 4 
2510 8 2526 186 F: 3 4 1 
2541 11 2563 252 F: 5 4 2 
2561 13 2613 287 F: 13 
2569 9 2605 32 F: 4 5 
2589 4 2593 308 F: 2 1 1 
2622 12 2646 18 F: 5 3 4 
2645 2 2647 234 F: 2 
2646 4 2650 237 F: 4 
2648 13 2674 46 F: 13 
2668 8 2684 34 F: 2 6 
2708 7 2729 365 F: 4 3 
2754 10 2794 218 F: 10 
2762 3 2768 319 F: 2 1 
2768 11 2812 187 F: 11 
2777 9 2786 158 F: 4 3 2 
2835 3 2844 206 F: 3 
2851 8 2883 268 F: 3 5 
2856 13 2908 218 F: 13 
2858 6 2876 279 F: 2 2 2 
2889 8 2905 153 F: 2 2 4 
2900 7 2907 90 F: 3 3 1 
2921 6 2927 107 F: 3 3 
2939 6 2945 34 F: 3 2 1 
2961 9 2988 38 F: 6 3 
2970 8 2978 372 F: 2 6 
3006 11 3017 311 F: 11 
3013 13 3039 16 F: 13 
3026 7 3040 171 F: 7 
3055 3 3067 179 F: 2 1 
3070 11 3092 394 F: 11 
3111 8 3135 283 F: 4 1 3 
3120 6 3132 373 F: 3 1 2 
3143 7 3171 138 F: 3 4 
3148 13 3187 165 F: 7 6 
3175 13 3201 274 F: 13 
3232 12 3244 161 F: 7 5 
3235 9 3244 338 F: 7 2 
3239 7 3253 374 F: 2 4 1 
3251 9 3260 388 F: 9 
3292 12 3316 9 F: 12 
3321 7 3328 353 F: 3 3 1 
3333 8 3357 113 F: 2 6 
3379 6 3397 76 F: 6 
3387 12 3435 266 F: 12 
3398 7 3419 391 F: 7 
3408 8 3424 171 F: 4 1 3 
3456 5 3461 379 F: 5 
3463 10 3493 345 F: 6 4 
3478 10 3498 118 F: 5 1 4 
3485 3 3497 352 F: 3 
3510 6 3528 103 F: 4 1 1 
3514 8 3522 19 F: 4 3 1 
3552 9 3588 353 F: 5 2 2 
3595 6 3613 53 F: 2 3 1 
3596 8 3604 227 F: 4 1 3 
3629 7 3650 155 F: 3 4 
3639 10 3659 39 F: 5 3 2 
3644 8 3668 92 F: 8 
3672 2 3680 42 F: 2 
3691 6 3709 298 F: 2 4 
3720 12 3768 287 F: 6 6 
3743 12 3779 49 F: 12 
3749 9 3767 6 F: 9 
3771 13 3810 377 F: 13 
3782 6 3806 311 F: 6 
3820 13 3872 245 F: 7 6 
3860 9 3887 226 F: 9 
3861 8 3885 167 F: 2 6 
3876 6 3882 176 F: 4 2 
3884 6 3890 219 F: 2 4 
3902 7 3916 307 F: 4 3 
3917 7 3945 386 F: 7 
3932 8 3964 186 F: 5 3 
3963 8 3971 29 F: 4 1 3 
3969 8 4001 319 F: 8 
4026 10 4056 122 F: 3 3 4 
4042 11 4064 176 F: 6 5 
4056 8 4080 237 F: 2 2 4 
4057 4 4065 331 F: 4 
4069 7 4083 231 F: 3 4 
4120 2 4122 37 F: 2 
4123 8 4155 116 F: 2 2 4 
4167 7 4181 254 F: 7 
4186 10 4196 142 F: 7 3 
4197 13 4236 44 F: 7 6 
4209 8 4241 84 F: 2 6 
4279 10 4289 18 F: 4 2 4 
4282 5 4302 16 F: 5 
4290 6 4296 204 F: 6 
4292 10 4322 135 F: 6 4 
4321 6 4339 3 F: 2 4 
4356 6 4368 155 F: 6 
4374 12 4386 216 F: 12 
4396 6 4414 140 F: 4 1 1 
4396 10 4416 321 F: 4 2 4 
4426 5 4436 131 F: 5 
4467 9 4503 316 F: 9 
4485 8 4501 230 F: 4 2 2 
4486 12 4534 31 F: 7 5 
4497 7 4504 149 F: 4 1 2 
4536 3 4542 27 F: 3 
4538 8 4554 290 F: 8 
4574 8 4590 278 F: 3 3 2 
4591 9 4627 72 F: 4 4 1 
4599 8 4631 184 F: 2 6 
4625 9 4661 65 F: 9 
4675 11 4697 23 F: 11 
4689 8 4721 153 F: 8 
4692 10 4712 381 F: 5 5 
4699 11 4710 32 F: 5 6 
4723 12 4759 255 F: 6 6 
4758 6 4782 56 F: 4 1 1 
4772 7 4786 2 F: 2 3 2 
4775 8 4799 293 F: 8 
4778 6 4796 107 F: 3 2 1 
4810 10 4840 366 F: 10 
4822 7 4829 246 F: 3 1 3 
4844 11 4888 302 F: 3 4 4 
4873 8 4905 104 F: 3 2 3 
4875 8 4883 218 F: 7 1 
4906 6 4912 364 F: 5 1 
4969 4 4973 332 F: 4 
4977 7 5005 86 F: 4 1 2 
4987 13 5000 248 F: 13 
4995 8 5003 343 F: 5 2 1 
5011 5 5021 356 F: 5 
5033 10 5063 33 F: 3 4 3 
5043 8 5075 190 F: 4 2 2 
5077 10 5097 363 F: 5 5 
5095 7 5109 216 F: 7 
5104 3 5116 300 F: 3 
5142 10 5152 367 F: 4 6 
5175 9 5211 3 F: 5 2 2 
5182 11 5215 367 F: 11 
5185 11 5218 357 F: 7 4 
5201 13 5253 316 F: 13 
5244 3 5253 260 F: 3 
5279 5 5289 310 F: 5 
5289 12 5313 87 F: 6 6 
5290 8 5322 208 F: 8 
5319 8 5335 205 F: 6 2 
5320 11 5331 84 F: 5 2 4 
5330 5 5335 13 F: 2 3 
5355 7 5369 163 F: 4 1 2 
5380 6 5404 176 F: 3 3 
5408 10 5428 330 F: 5 5 
5416 2 5420 20 F: 2 
5444 6 5456 234 F: 6 
5467 4 5475 333 F: 4 
5496 4 5500 206 F: 4 
5508 10 5518 233 F: 10 
5531 9 5567 132 F: 3 6 
5545 7 5566 398 F: 4 2 1 
5553 4 5561 51 F: 4 
5591 12 5627 296 F: 12 
5608 6 5626 260 F: 6 
5617 8 5625 185 F: 3 1 4 
5654 10 5664 193 F: 5 3 2 
5661 8 5669 188 F: 8 
5684 7 5705 236 F: 2 4 1 
5709 12 5745 28 F: 12 
5734 10 5744 258 F: 4 3 3 
5771 4 5775 123 F: 2 2 
5778 10 5798 60 F: 10 
5790 11 5812 205 F: 11 
5834 5 5844 273 F: 4 1 
5850 11 5861 366 F: 11 
5861 5 5876 304 F: 2 3 
5886 10 5896 305 F: 5 3 2 
5887 5 5897 62 F: 2 1 2 
5906 9 5933 7 F: 3 4 2 
5916 4 5924 268 F: 4 
5928 9 5937 269 F: 4 5 
5939 6 5951 40 F: 3 3 
5946 3 5949 296 F: 2 1 
6022 8 6030 218 F: 5 3 
6045 9 6072 100 F: 9 
6073 11 6095 366 F: 6 5 
6076 9 6085 347 F: 4 5 
6078 8 6094 209 F: 2 6 
6102 7 6130 383 F: 7 
6112 11 6145 229 F: 5 6 
6132 13 6184 383 F: 13 
6174 4 6186 288 F: 4 
6177 8 6209 396 F: 4 4 
6210 8 6218 121 F: 6 2 
6257 4 6269 199 F: 4 
6282 11 6293 337 F: 4 3 4 
6295 13 6347 113 F: 13 
6297 11 6330 231 F: 11 
6304 10 6334 78 F: 10 
6308 12 6356 13 F: 12 
6331 6 6343 196 F: 4 2 
6339 8 6363 288 F: 7 1 
6341 7 6362 279 F: 2 3 2 
6447 9 6456 115 F: 4 5 
6453 10 6493 283 F: 5 2 3 
6462 10 6492 85 F: 5 3 2 
6479 3 6482 70 F: 3 
6487 9 6496 177 F: 6 3 
6524 7 6545 169 F: 4 3 
6531 10 6561 330 F: 3 3 4 
6564 5 6574 310 F: 5 
6576 12 6612 250 F: 12 
6598 8 6606 300 F: 6 2 
6606 10 6636 169 F: 5 3 2 
6625 10 6635 321 F: 10 
6642 12 6654 65 F: 7 5 
6655 6 6679 388 F: 2 3 1 
6689 8 6721 61 F: 8 
6735 8 6767 142 F: 3 5 
6762 8 6770 17 F: 3 2 3 
6767 3 6776 315 F: 3 
6780 6 6792 182 F: 4 1 1 
6781 4 6797 299 F: 4 
6809 6 6815 202 F: 2 1 3 
6829 9 6847 20 F: 4 3 2 
6841 7 6869 262 F: 7 
6883 8 6907 214 F: 5 2 1 
6899 9 6908 274 F: 4 4 1 
6904 4 6912 310 F: 4 
6949 10 6989 234 F: 4 4 2 
6950 8 6974 175 F: 3 1 4 
6983 12 7019 49 F: 6 6 
6984 7 6991 331 F: 2 1 4 
7034 6 7046 346 F: 6 
7040 6 7052 180 F: 4 2 
7065 6 7071 187 F: 6 
7082 6 7088 213 F: 3 1 2 
7092 12 7116 371 F: 6 6 
7123 11 7145 364 F: 7 4 
7125 9 7134 48 F: 3 3 3 
7162 12 7198 361 F: 4 4 4 
7173 10 7183 210 F: 4 6 
7188 4 7200 222 F: 4 
7213 8 7237 10 F: 8 
7259 8 7291 382 F: 4 4 
7264 13 7290 224 F: 7 6 
7269 11 7313 66 F: 11 
7284 13 7310 142 F: 13 
7335 8 7343 206 F: 2 2 4 
7358 10 7398 111 F: 10 
7375 6 7393 12 F: 3 2 1 
7379 6 7403 347 F: 4 1 1 
7390 6 7408 95 F: 3 3 
7414 9 7432 340 F: 9 
7448 3 7460 296 F: 2 1 
7463 2 7471 251 F: 2 
7479 11 7501 360 F: 6 5 
7494 5 7499 118 F: 3 1 1 
7500 13 7552 184 F: 13 
7503 6 7515 167 F: 3 3 
7504 7 7525 111 F: 6 1 
7537 13 7563 393 F: 7 6 
7555 6 7561 338 F: 4 2 
7645 9 7663 2 F: 5 4 
7651 10 7661 360 F: 5 3 2 
7651 11 7662 295 F: 6 5 
7657 8 7673 15 F: 8 
7670 9 7706 308 F: 6 3 
7714 8 7730 372 F: 4 1 3 
7723 12 7771 39 F: 6 6 
7727 8 7759 306 F: 2 6 
7748 4 7760 139 F: 3 1 
7776 8 7784 72 F: 3 5 
7810 11 7832 299 F: 6 5 
7832 6 7850 373 F: 2 4 
7859 10 7899 285 F: 7 3 
7874 10 7914 18 F: 2 4 4 
7890 10 7910 235 F: 4 4 2 
7908 7 7922 319 F: 7 
7967 7 7995 200 F: 5 1 1 
7978 11 7989 50 F: 5 2 4 
7985 6 7997 315 F: 2 3 1 
7992 11 8036 49 F: 5 6 
D: 0 338 
D: 5 188 
D: 8 314 
D: 15 317 
D: 20 248 
D: 26 62 
D: 32 235 
D: 34 244 
D: 35 263 
D: 51 346 
D: 52 200 
D: 53 83 
D: 62 313 
D: 73 103 
D: 92 105 
D: 99 349 
D: 105 109 
D: 123 279 
D: 124 208 
D: 127 238 
D: 128 397 
D: 132 254 
D: 134 213 
D: 146 274 
D: 147 154 
D: 154 399 
D: 163 371 
D: 167 334 
D: 172 318 
D: 173 238 
D: 184 390 
D: 195 260 
D: 275 387 
D: 276 342 
D: 281 360 
D: 289 329 
D: 291 347 
D: 297 369 
D: 328 357 
D: 342 399 
