9 9 18 308 F: 3 2 4 
45 11 56 177 F: 4 4 3 
57 8 73 44 F: 4 4 
83 6 95 364 F: 2 4 
83 9 92 225 F: 9 
100 9 118 212 F: 5 3 1 
132 4 136 50 F: 4 
171 8 203 39 F: 8 
183 3 192 231 F: 3 
197 6 203 33 F: 4 2 
218 9 227 163 F: 4 2 3 
253 8 261 67 F: 4 4 
265 7 272 13 F: 4 3 
268 8 284 153 F: 5 3 
269 9 305 257 F: 4 5 
327 9 363 100 F: 7 2 
359 9 368 30 F: 7 2 
368 12 380 285 F: 12 
383 6 401 215 F: 4 2 
389 8 421 271 F: 4 1 3 
407 7 421 367 F: 3 2 2 
425 13 477 15 F: 13 
464 4 468 124 F: 3 1 
477 10 487 12 F: 2 4 4 
497 7 518 257 F: 2 2 3 
501 8 525 62 F: 3 2 3 
538 6 556 269 F: 2 4 
545 5 565 300 F: 5 
550 5 565 212 F: 5 
554 4 566 127 F: 3 1 
614 4 618 43 F: 4 
618 10 658 95 F: 5 3 2 
659 12 695 319 F: 5 4 3 
688 8 704 51 F: 2 4 2 
692 9 710 237 F: 3 4 2 
702 9 729 293 F: 6 3 
756 10 766 202 F: 5 1 4 
766 6 778 98 F: 6 
771 4 775 399 F: 4 
787 13 826 197 F: 13 
823 8 839 81 F: 8 
830 8 838 209 F: 4 2 2 
837 11 881 49 F: 4 4 3 
857 9 893 384 F: 9 
896 11 907 397 F: 11 
903 10 933 25 F: 5 1 4 
924 7 952 25 F: 4 3 
935 13 974 222 F: 13 
988 7 995 391 F: 7 
999 11 1043 179 F: 6 5 
1003 3 1012 32 F: 3 
1025 5 1030 15 F: 2 2 1 
1025 13 1077 146 F: 13 
1046 11 1090 184 F: 11 
1068 5 1078 29 F: 2 2 1 
1148 7 1162 341 F: 4 3 
1168 7 1182 304 F: 2 2 3 
1187 5 1202 385 F: 3 2 
1190 7 1218 298 F: 7 
1197 9 1233 274 F: 3 4 2 
1250 4 1254 390 F: 2 1 1 
1286 13 1312 219 F: 13 
1290 7 1318 57 F: 3 2 2 
1291 6 1309 168 F: 2 1 3 
1297 7 1304 375 F: 2 5 
1345 3 1357 256 F: 2 1 
1372 8 1388 338 F: 5 2 1 
1377 10 1417 30 F: 4 6 
1379 7 1386 139 F: 2 5 
1391 6 1397 154 F: 3 2 1 
1427 6 1433 281 F: 2 4 
1458 7 1486 18 F: 5 2 
1473 7 1487 176 F: 7 
1489 10 1519 25 F: 10 
1490 12 1502 20 F: 12 
1508 8 1524 2 F: 3 5 
1551 6 1569 26 F: 6 
1575 6 1599 112 F: 4 2 
1579 8 1587 94 F: 3 4 1 
1582 2 1588 160 F: 2 
1615 2 1623 390 F: 2 
1615 7 1636 347 F: 3 1 3 
1620 12 1668 22 F: 7 5 
1668 11 1712 219 F: 7 4 
1695 4 1707 122 F: 2 2 
1722 6 1746 389 F: 3 2 1 
1722 9 1758 341 F: 9 
1746 11 1790 13 F: 5 3 3 
1764 6 1782 59 F: 6 
1768 13 1781 93 F: 7 6 
1812 8 1820 56 F: 7 1 
1828 8 1836 268 F: 8 
1831 10 1861 73 F: 7 3 
1842 2 1844 232 F: 2 
1850 10 1860 43 F: 10 
1906 7 1920 235 F: 2 4 1 
1915 10 1935 308 F: 4 6 
1965 10 2005 378 F: 10 
1983 7 2011 32 F: 6 1 
1996 9 2005 201 F: 5 2 2 
2015 5 2025 104 F: 2 2 1 
2030 10 2040 247 F: 5 2 3 
2061 6 2079 211 F: 4 2 
2076 7 2104 127 F: 3 2 2 
2098 12 2134 123 F: 5 4 3 
2108 3 2114 383 F: 3 
2118 12 2130 78 F: 5 4 3 
2132 4 2144 19 F: 3 1 
2142 12 2190 321 F: 12 
2180 9 2189 176 F: 5 4 
2200 12 2212 88 F: 12 
2215 9 2242 7 F: 4 5 
2279 5 2299 156 F: 4 1 
2281 6 2287 167 F: 2 4 
2286 7 2300 346 F: 3 3 1 
2302 10 2332 194 F: 10 
2312 7 2333 279 F: 6 1 
2369 8 2385 224 F: 7 1 
2396 11 2407 157 F: 3 4 4 
2399 9 2426 374 F: 3 2 4 
2416 8 2424 315 F: 4 3 1 
2435 7 2456 222 F: 7 
2445 10 2485 42 F: 4 6 
2463 10 2483 326 F: 4 6 
2470 13 2483 197 F: 5 4 4 
2507 7 2514 127 F: 3 4 
2523 5 2528 155 F: 2 3 
2542 7 2556 242 F: 3 4 
2549 4 2565 225 F: 3 1 
2597 5 2617 245 F: 5 
2612 8 2636 134 F: 5 1 2 
2626 10 2646 194 F: 4 3 3 
2669 8 2677 170 F: 8 
2685 5 2690 264 F: 2 3 
2686 7 2707 25 F: 7 
2723 6 2729 67 F: 6 
2725 10 2755 107 F: 6 4 
2727 7 2755 284 F: 5 2 
2761 12 2809 384 F: 5 4 3 
2770 9 2797 210 F: 3 3 3 
2829 8 2845 382 F: 2 6 
2849 8 2881 250 F: 2 4 2 
2859 6 2865 56 F: 6 
2866 12 2878 190 F: 4 4 4 
2887 9 2905 153 F: 3 6 
2905 8 2921 156 F: 4 4 
2946 3 2955 329 F: 3 
2976 2 2982 327 F: 2 
2989 8 2997 60 F: 2 6 
2990 2 2996 302 F: 2 
3003 8 3027 161 F: 4 2 2 
3023 5 3028 41 F: 2 1 2 
3025 5 3035 292 F: 2 1 2 
3070 8 3102 135 F: 3 2 3 
3097 7 3125 190 F: 7 
3111 3 3117 253 F: 3 
3158 8 3190 65 F: 5 2 1 
3177 3 3186 75 F: 3 
3194 5 3199 67 F: 5 
3197 2 3203 35 F: 2 
3214 7 3242 386 F: 7 
3229 9 3265 21 F: 5 4 
3240 9 3276 207 F: 7 2 
3245 6 3263 50 F: 3 3 
3263 5 3283 128 F: 2 3 
3317 4 3333 134 F: 4 
3327 9 3336 343 F: 3 3 3 
3360 11 3393 297 F: 7 4 
3375 4 3387 349 F: 4 
3380 8 3396 331 F: 4 2 2 
3406 8 3414 60 F: 5 2 1 
3424 13 3476 244 F: 13 
3444 11 3455 29 F: 5 6 
3496 5 3511 274 F: 5 
3499 6 3517 298 F: 5 1 
3512 9 3539 141 F: 4 1 4 
3514 8 3546 240 F: 2 6 
3558 5 3573 68 F: 3 2 
3559 11 3581 141 F: 5 4 2 
3582 11 3626 226 F: 7 4 
3621 13 3673 307 F: 13 
3646 5 3666 120 F: 5 
3648 13 3661 394 F: 5 4 4 
3679 8 3711 184 F: 6 2 
3680 6 3698 209 F: 6 
3721 7 3735 113 F: 5 1 1 
3756 4 3764 193 F: 4 
3757 13 3796 67 F: 13 
3758 4 3774 376 F: 3 1 
3776 11 3820 335 F: 4 4 3 
3826 7 3840 77 F: 3 3 1 
3833 9 3842 182 F: 7 2 
3840 3 3852 208 F: 3 
3871 8 3879 28 F: 5 2 1 
3897 10 3937 14 F: 10 
3907 7 3921 162 F: 7 
3915 7 3922 90 F: 6 1 
3926 8 3958 275 F: 4 1 3 
3962 9 3971 156 F: 6 3 
3977 10 3997 113 F: 5 3 2 
4020 9 4038 375 F: 5 3 1 
4028 13 4067 235 F: 13 
4035 7 4056 64 F: 7 
4064 8 4096 378 F: 2 6 
4084 4 4096 299 F: 3 1 
4117 7 4131 143 F: 7 
4123 11 4145 92 F: 4 3 4 
4140 6 4146 136 F: 6 
4143 7 4171 195 F: 2 4 1 
4187 8 4219 363 F: 2 6 
4235 7 4242 9 F: 5 2 
4249 4 4261 42 F: 2 1 1 
4249 7 4256 72 F: 5 1 1 
4257 13 4296 219 F: 13 
4269 6 4281 1 F: 6 
4306 3 4309 110 F: 2 1 
4339 7 4367 70 F: 2 5 
4371 6 4383 326 F: 5 1 
4382 4 4386 333 F: 2 2 
4382 6 4406 144 F: 5 1 
4427 10 4467 362 F: 4 4 2 
4444 2 4450 178 F: 2 
4455 13 4468 262 F: 7 6 
4475 8 4491 261 F: 3 5 
4488 9 4497 245 F: 9 
4516 5 4521 286 F: 5 
4523 7 4530 152 F: 2 4 1 
4539 8 4555 155 F: 3 1 4 
4575 4 4587 128 F: 2 2 
4575 13 4627 248 F: 5 4 4 
4600 11 4644 344 F: 5 2 4 
4611 8 4627 165 F: 2 2 4 
4620 8 4628 250 F: 7 1 
4621 13 4647 18 F: 13 
4645 11 4667 264 F: 11 
4729 12 4753 191 F: 7 5 
4759 5 4779 210 F: 3 2 
4762 5 4772 4 F: 2 3 
4797 3 4806 300 F: 3 
4798 4 4806 41 F: 4 
4802 7 4809 108 F: 2 2 3 
4809 11 4820 169 F: 11 
4824 11 4835 315 F: 5 6 
4830 10 4870 118 F: 5 2 3 
4869 7 4897 382 F: 6 1 
4917 7 4938 189 F: 6 1 
4917 11 4928 396 F: 4 4 3 
4919 5 4929 136 F: 3 1 1 
4945 8 4961 152 F: 3 1 4 
4965 5 4975 188 F: 5 
5033 2 5035 112 F: 2 
5050 7 5064 303 F: 2 2 3 
5068 6 5074 262 F: 2 3 1 
5078 2 5086 276 F: 2 
5088 6 5094 290 F: 3 2 1 
5116 13 5129 364 F: 5 4 4 
5132 10 5152 29 F: 5 2 3 
5159 9 5186 191 F: 9 
5161 8 5177 303 F: 4 1 3 
5187 6 5211 150 F: 4 1 1 
5217 5 5237 77 F: 5 
5258 9 5276 12 F: 5 3 1 
5271 10 5301 150 F: 5 5 
5290 10 5300 168 F: 5 5 
5294 12 5342 185 F: 12 
5300 12 5336 15 F: 6 6 
5331 11 5353 177 F: 11 
5355 3 5364 385 F: 3 
5359 7 5373 52 F: 7 
5378 9 5387 43 F: 5 1 3 
5413 9 5431 260 F: 9 
5433 10 5463 203 F: 6 4 
5436 7 5443 295 F: 3 3 1 
5467 12 5515 316 F: 4 4 4 
5499 10 5509 159 F: 4 3 3 
5519 11 5552 207 F: 6 5 
5548 7 5555 82 F: 4 1 2 
5552 3 5561 373 F: 3 
5595 11 5639 203 F: 4 4 3 
5597 11 5641 223 F: 3 4 4 
5637 8 5661 391 F: 2 6 
5648 12 5696 208 F: 5 3 4 
5659 2 5661 252 F: 2 
5677 4 5685 236 F: 4 
5691 6 5697 36 F: 2 4 
5703 12 5727 182 F: 12 
5713 11 5746 94 F: 11 
5728 5 5733 92 F: 4 1 
5767 8 5799 279 F: 3 1 4 
5781 6 5799 326 F: 2 3 1 
5824 7 5845 26 F: 5 1 1 
5827 11 5838 385 F: 3 4 4 
5876 8 5900 182 F: 8 
5882 10 5922 173 F: 4 4 2 
5897 10 5927 308 F: 3 4 3 
5918 6 5942 339 F: 6 
5918 11 5940 93 F: 5 6 
5933 7 5947 350 F: 2 5 
5956 5 5976 344 F: 2 2 1 
5985 8 6009 104 F: 8 
6002 8 6034 343 F: 7 1 
6012 8 6044 15 F: 3 3 2 
6019 10 6049 157 F: 10 
6028 9 6055 199 F: 2 4 3 
6082 7 6096 362 F: 2 1 4 
6106 5 6111 63 F: 5 
6135 7 6149 182 F: 3 3 1 
6143 5 6158 262 F: 2 3 
6153 9 6180 30 F: 7 2 
6174 6 6192 359 F: 2 4 
6232 7 6246 197 F: 2 3 2 
6257 8 6281 96 F: 7 1 
6277 8 6293 135 F: 3 5 
6289 7 6317 135 F: 6 1 
6292 5 6302 24 F: 3 2 
6306 7 6327 299 F: 2 5 
6360 6 6384 1 F: 2 3 1 
6383 8 6415 153 F: 5 3 
6384 7 6398 143 F: 7 
6397 5 6417 79 F: 5 
6436 6 6448 330 F: 5 1 
6449 5 6454 26 F: 4 1 
6474 5 6494 239 F: 2 1 2 
6482 9 6509 345 F: 6 3 
6495 8 6527 301 F: 3 4 1 
6503 10 6513 323 F: 4 4 2 
6540 6 6564 105 F: 2 2 2 
6545 4 6553 14 F: 4 
6562 8 6578 257 F: 8 
6599 8 6623 383 F: 8 
6614 6 6632 129 F: 3 2 1 
6637 9 6673 208 F: 4 5 
6683 9 6701 340 F: 3 4 2 
6696 7 6710 392 F: 4 3 
6699 11 6743 302 F: 6 5 
6710 6 6734 247 F: 5 1 
6733 8 6741 379 F: 4 4 
6745 4 6753 111 F: 4 
6790 11 6823 347 F: 6 5 
6795 9 6813 326 F: 4 3 2 
6832 5 6837 380 F: 2 1 2 
6857 11 6890 189 F: 11 
6878 4 6886 118 F: 2 1 1 
6878 5 6888 224 F: 5 
6882 2 6888 13 F: 2 
6918 10 6928 400 F: 7 3 
6937 5 6952 43 F: 5 
6938 10 6958 358 F: 4 3 3 
6958 12 6982 322 F: 4 4 4 
6982 10 7012 329 F: 10 
7003 12 7039 8 F: 5 4 3 
7008 4 7012 225 F: 4 
7020 5 7035 229 F: 4 1 
7048 10 7068 375 F: 4 3 3 
7055 6 7073 183 F: 5 1 
7164 7 7192 341 F: 6 1 
7171 9 7198 31 F: 3 6 
7172 7 7193 99 F: 3 4 
7190 10 7210 34 F: 5 5 
7197 9 7224 385 F: 4 2 3 
7217 4 7233 210 F: 2 1 1 
7225 11 7247 136 F: 3 4 4 
7245 5 7260 152 F: 5 
7272 8 7304 272 F: 3 2 3 
7283 6 7301 148 F: 2 1 3 
7319 5 7339 207 F: 4 1 
7319 10 7349 336 F: 6 4 
7378 9 7387 323 F: 5 4 
7381 5 7396 227 F: 5 
7381 9 7408 22 F: 5 4 
7425 6 7443 145 F: 6 
7425 12 7449 72 F: 12 
7427 9 7445 109 F: 7 2 
7467 10 7497 383 F: 4 2 4 
7475 12 7499 347 F: 12 
7510 10 7540 26 F: 10 
7546 5 7561 44 F: 3 1 1 
7556 5 7571 371 F: 5 
7589 8 7605 202 F: 5 3 
7591 7 7598 265 F: 2 4 1 
7601 10 7641 216 F: 4 6 
7606 6 7612 89 F: 2 4 
7624 5 7644 71 F: 4 1 
7654 11 7687 237 F: 6 5 
7680 12 7704 292 F: 6 6 
7727 3 7730 386 F: 3 
7759 7 7787 361 F: 2 4 1 
7773 7 7787 395 F: 2 5 
7785 5 7795 354 F: 4 1 
7785 7 7799 142 F: 5 2 
7820 9 7847 395 F: 3 2 4 
7836 9 7845 337 F: 2 3 4 
7848 12 7884 397 F: 6 6 
7852 6 7876 74 F: 5 1 
7879 7 7907 132 F: 2 5 
7913 12 7961 233 F: 5 3 4 
7930 6 7954 180 F: 2 2 2 
7934 5 7954 90 F: 2 1 2 
7962 8 7986 280 F: 7 1 
7995 11 8039 346 F: 5 4 2 
D: 0 254 
D: 2 286 
D: 8 389 
D: 15 342 
D: 15 383 
D: 20 23 
D: 23 235 
D: 38 125 
D: 41 331 
D: 56 226 
D: 61 236 
D: 71 283 
D: 82 360 
D: 82 390 
D: 90 271 
D: 94 308 
D: 97 151 
D: 103 256 
D: 103 344 
D: 109 209 
D: 110 182 
D: 113 348 
D: 117 326 
D: 119 227 
D: 128 201 
D: 136 327 
D: 139 141 
D: 156 160 
D: 161 363 
D: 162 385 
D: 178 273 
D: 197 272 
D: 204 362 
D: 214 262 
D: 217 259 
D: 248 271 
D: 275 362 
D: 291 383 
D: 301 395 
D: 357 378 
