2 8 26 40 F: 2 6 
14 2 22 55 F: 2 
69 13 121 276 F: 13 
84 5 104 185 F: 5 
98 6 116 248 F: 3 2 1 
100 9 109 155 F: 9 
114 5 124 69 F: 2 3 
149 8 181 310 F: 3 1 4 
150 10 170 247 F: 4 4 2 
194 9 203 141 F: 9 
206 8 214 295 F: 4 4 
234 8 258 164 F: 3 5 
247 6 271 35 F: 3 1 2 
254 10 294 243 F: 5 4 1 
260 7 267 354 F: 3 2 2 
316 12 352 32 F: 4 4 4 
327 5 337 142 F: 3 2 
359 10 389 198 F: 5 3 2 
360 4 376 219 F: 3 1 
372 5 377 116 F: 3 2 
425 9 434 30 F: 9 
446 8 462 99 F: 3 5 
458 11 480 81 F: 11 
478 8 494 26 F: 3 5 
479 4 495 298 F: 4 
522 8 538 184 F: 2 6 
534 10 574 152 F: 10 
556 6 562 68 F: 6 
559 11 603 248 F: 7 4 
589 6 601 36 F: 3 3 
615 10 655 96 F: 10 
631 9 658 198 F: 5 4 
679 9 715 338 F: 6 3 
682 6 706 88 F: 4 1 1 
683 12 731 374 F: 7 5 
731 4 735 164 F: 4 
743 12 755 91 F: 4 4 4 
748 8 764 308 F: 3 5 
785 7 813 161 F: 2 2 3 
796 6 808 35 F: 4 2 
803 5 808 271 F: 2 3 
841 8 849 333 F: 2 4 2 
848 7 855 352 F: 3 3 1 
860 6 884 22 F: 2 1 3 
893 6 917 170 F: 3 3 
908 8 916 10 F: 8 
910 8 926 292 F: 5 3 
915 9 942 49 F: 4 5 
936 9 954 166 F: 5 3 1 
957 4 969 57 F: 4 
1014 11 1025 120 F: 11 
1048 5 1068 17 F: 5 
1069 8 1093 85 F: 5 3 
1070 5 1085 30 F: 5 
1098 7 1119 275 F: 5 1 1 
1107 8 1123 21 F: 8 
1119 13 1145 342 F: 7 6 
1176 9 1203 252 F: 4 1 4 
1181 7 1202 317 F: 2 1 4 
1182 8 1190 186 F: 3 5 
1207 13 1246 102 F: 13 
1217 8 1249 371 F: 2 3 3 
1234 4 1242 63 F: 4 
1236 4 1244 200 F: 3 1 
1297 11 1330 228 F: 5 6 
1314 10 1354 306 F: 4 2 4 
1320 10 1340 3 F: 5 2 3 
1331 6 1337 384 F: 2 4 
1362 12 1410 333 F: 12 
1373 7 1394 134 F: 2 1 4 
1420 10 1460 29 F: 5 2 3 
1421 9 1448 359 F: 4 1 4 
1451 7 1465 54 F: 2 1 4 
1491 10 1531 204 F: 4 2 4 
1498 5 1518 40 F: 2 1 2 
1514 9 1550 35 F: 2 4 3 
1523 9 1550 60 F: 3 6 
1524 6 1542 13 F: 2 4 
1566 6 1578 91 F: 5 1 
1573 8 1605 178 F: 5 1 2 
1608 7 1615 286 F: 2 1 4 
1633 8 1665 192 F: 4 2 2 
1665 4 1669 185 F: 2 1 1 
1672 3 1681 223 F: 3 
1686 9 1704 118 F: 9 
1759 8 1775 320 F: 8 
1767 11 1778 349 F: 6 5 
1786 11 1819 179 F: 11 
1788 11 1799 323 F: 5 6 
1793 11 1826 234 F: 11 
1822 12 1846 327 F: 6 6 
1841 9 1868 140 F: 3 2 4 
1853 7 1867 99 F: 4 3 
1876 4 1892 166 F: 4 
1894 11 1938 160 F: 3 4 4 
1900 11 1911 129 F: 5 3 3 
1912 7 1933 168 F: 6 1 
1922 9 1931 11 F: 5 4 
1935 9 1944 55 F: 9 
1979 13 2005 66 F: 13 
2012 12 2048 298 F: 12 
2023 11 2067 397 F: 5 6 
2042 7 2063 331 F: 2 2 3 
2074 5 2084 339 F: 3 1 1 
2077 10 2107 110 F: 5 3 2 
2106 10 2126 16 F: 5 4 1 
2142 11 2164 383 F: 7 4 
2152 8 2176 40 F: 8 
2158 11 2191 58 F: 11 
2172 12 2220 270 F: 12 
2228 11 2261 104 F: 6 5 
2242 5 2247 73 F: 5 
2270 8 2294 70 F: 3 5 
2288 4 2296 11 F: 3 1 
2298 3 2301 343 F: 3 
2326 9 2344 359 F: 4 5 
2338 5 2358 222 F: 2 1 2 
2340 10 2360 169 F: 5 4 1 
2383 3 2392 275 F: 3 
2399 8 2431 381 F: 3 5 
2400 9 2409 246 F: 9 
2420 6 2426 93 F: 4 2 
2450 12 2498 191 F: 12 
2480 7 2501 75 F: 2 3 2 
2484 3 2496 255 F: 2 1 
2504 11 2548 187 F: 4 3 4 
2538 3 2541 253 F: 2 1 
2582 11 2593 214 F: 4 3 4 
2586 2 2592 359 F: 2 
2596 13 2609 308 F: 13 
2613 12 2625 138 F: 5 3 4 
2624 9 2642 282 F: 6 3 
2661 6 2673 368 F: 2 4 
2674 5 2694 90 F: 5 
2679 9 2688 10 F: 4 2 3 
2743 8 2751 239 F: 6 2 
2746 10 2766 212 F: 10 
2770 6 2776 243 F: 3 1 2 
2790 7 2811 42 F: 7 
2799 10 2829 128 F: 3 3 4 
2808 8 2840 228 F: 6 2 
2812 13 2825 347 F: 7 6 
2819 3 2831 321 F: 3 
2874 2 2880 329 F: 2 
2886 3 2889 102 F: 3 
2906 5 2916 399 F: 3 1 1 
2912 9 2930 314 F: 9 
2916 9 2943 82 F: 9 
2961 8 2985 333 F: 2 6 
2969 11 2991 338 F: 6 5 
3004 9 3022 323 F: 5 2 2 
3030 6 3048 191 F: 4 2 
3060 4 3064 303 F: 4 
3064 12 3100 16 F: 12 
3076 11 3109 170 F: 5 6 
3130 7 3151 254 F: 7 
3155 13 3181 309 F: 13 
3165 6 3171 335 F: 6 
3167 12 3179 311 F: 6 6 
3196 6 3220 356 F: 6 
3213 9 3222 19 F: 5 4 
3249 12 3273 341 F: 12 
3277 12 3289 162 F: 4 4 4 
3284 10 3294 76 F: 10 
3298 7 3305 356 F: 2 5 
3311 10 3321 51 F: 10 
3319 9 3355 304 F: 3 6 
3351 8 3383 178 F: 3 2 3 
3358 10 3368 115 F: 5 3 2 
3384 9 3402 338 F: 5 4 
3415 10 3445 303 F: 7 3 
3421 13 3473 272 F: 7 6 
3462 11 3506 104 F: 3 4 4 
3485 11 3496 352 F: 4 3 4 
3491 12 3503 11 F: 6 6 
3520 11 3531 266 F: 7 4 
3526 6 3532 162 F: 6 
3546 9 3555 215 F: 3 2 4 
3587 7 3608 292 F: 2 3 2 
3598 9 3625 250 F: 2 3 4 
3623 8 3631 187 F: 2 6 
3646 10 3666 57 F: 3 3 4 
3668 8 3700 197 F: 4 1 3 
3672 12 3684 237 F: 5 3 4 
3697 4 3705 201 F: 2 1 1 
3709 6 3715 129 F: 4 2 
3709 6 3721 248 F: 2 1 3 
3739 6 3763 351 F: 6 
3752 5 3757 16 F: 5 
3779 2 3783 88 F: 2 
3808 8 3816 341 F: 8 
3821 5 3841 186 F: 2 1 2 
3844 7 3851 217 F: 4 2 1 
3864 7 3892 20 F: 2 1 4 
3897 9 3906 325 F: 6 3 
3902 12 3926 263 F: 5 4 3 
3956 9 3992 392 F: 9 
3983 5 4003 283 F: 5 
3992 7 4006 226 F: 7 
3996 7 4024 155 F: 5 2 
4006 4 4022 275 F: 4 
4012 7 4019 238 F: 4 1 2 
4072 8 4104 386 F: 3 1 4 
4092 5 4102 284 F: 4 1 
4093 7 4107 213 F: 4 1 2 
4127 10 4167 325 F: 2 4 4 
4136 12 4184 338 F: 5 4 3 
4167 9 4203 253 F: 2 3 4 
4170 7 4177 365 F: 4 3 
4183 4 4199 124 F: 4 
4221 6 4245 91 F: 3 1 2 
4228 13 4254 156 F: 13 
4237 7 4258 119 F: 7 
4243 7 4264 267 F: 3 3 1 
4252 9 4288 144 F: 4 1 4 
4334 11 4345 195 F: 5 2 4 
4358 12 4382 189 F: 7 5 
4372 3 4375 288 F: 3 
4384 6 4396 242 F: 6 
4395 10 4435 261 F: 10 
4403 5 4423 341 F: 2 1 2 
4415 6 4433 345 F: 6 
4424 8 4440 233 F: 5 3 
4426 6 4444 35 F: 6 
4488 9 4497 289 F: 5 3 1 
4513 2 4521 186 F: 2 
4517 6 4529 43 F: 5 1 
4522 12 4546 351 F: 6 6 
4547 12 4595 73 F: 5 4 3 
4564 10 4574 63 F: 6 4 
4628 9 4646 212 F: 7 2 
4648 5 4653 325 F: 2 3 
4675 6 4687 144 F: 2 1 3 
4677 6 4695 292 F: 6 
4687 9 4723 11 F: 5 2 2 
4700 10 4730 156 F: 4 3 3 
4729 2 4737 302 F: 2 
4772 7 4793 231 F: 5 1 1 
4786 10 4806 318 F: 3 3 4 
4795 9 4813 244 F: 5 1 3 
4844 9 4871 317 F: 7 2 
4851 7 4872 7 F: 2 5 
4871 13 4884 335 F: 13 
4875 10 4915 305 F: 10 
4897 4 4913 14 F: 4 
4922 9 4949 226 F: 3 6 
4930 8 4946 358 F: 2 3 3 
4944 9 4962 149 F: 5 4 
4958 10 4988 62 F: 10 
4989 10 5029 114 F: 7 3 
5001 7 5022 268 F: 7 
5027 7 5055 395 F: 2 4 1 
5044 4 5048 213 F: 2 2 
5069 5 5074 21 F: 5 
5080 13 5132 339 F: 13 
5105 9 5114 25 F: 9 
5108 7 5122 341 F: 5 2 
5145 5 5160 134 F: 3 2 
5172 9 5199 58 F: 7 2 
5174 8 5198 205 F: 4 1 3 
5205 4 5213 386 F: 3 1 
5212 9 5230 54 F: 4 1 4 
5227 12 5251 79 F: 12 
5228 3 5234 74 F: 3 
5276 10 5286 305 F: 4 6 
5310 11 5332 303 F: 7 4 
5332 8 5356 252 F: 7 1 
5380 9 5389 214 F: 3 2 4 
5385 5 5405 176 F: 2 2 1 
5399 12 5435 61 F: 12 
5410 6 5434 376 F: 4 2 
5414 8 5446 185 F: 5 3 
5426 10 5456 2 F: 7 3 
5442 7 5449 35 F: 3 4 
5447 6 5465 33 F: 3 2 1 
5529 5 5544 307 F: 2 2 1 
5555 10 5575 382 F: 4 6 
5568 5 5578 120 F: 3 2 
5588 9 5606 266 F: 4 3 2 
5592 12 5616 1 F: 12 
5606 9 5642 132 F: 7 2 
5614 9 5623 111 F: 2 4 3 
5657 8 5681 30 F: 3 3 2 
5681 12 5693 37 F: 7 5 
5691 9 5709 237 F: 2 4 3 
5700 6 5724 195 F: 4 2 
5727 7 5734 323 F: 5 1 1 
5742 4 5754 206 F: 3 1 
5747 7 5754 77 F: 6 1 
5770 13 5822 294 F: 13 
5800 4 5816 80 F: 2 1 1 
5808 8 5832 157 F: 2 3 3 
5810 8 5826 208 F: 4 4 
5858 8 5890 290 F: 8 
5865 7 5893 72 F: 2 3 2 
5907 5 5927 308 F: 4 1 
5924 2 5930 15 F: 2 
5928 5 5938 194 F: 2 3 
5933 10 5953 74 F: 4 3 3 
5971 7 5985 119 F: 4 2 1 
6003 9 6030 267 F: 5 4 
6023 6 6035 106 F: 6 
6068 6 6092 313 F: 2 3 1 
6089 7 6103 172 F: 2 5 
6092 2 6096 309 F: 2 
6107 7 6135 76 F: 2 2 3 
6115 8 6131 7 F: 2 6 
6149 2 6157 112 F: 2 
6175 12 6223 31 F: 6 6 
6181 8 6213 227 F: 4 2 2 
6209 12 6233 228 F: 12 
6259 8 6283 150 F: 2 3 3 
6262 4 6270 38 F: 2 1 1 
6272 8 6280 110 F: 8 
6292 10 6312 310 F: 5 3 2 
6309 9 6327 269 F: 5 1 3 
6361 5 6371 256 F: 3 2 
6381 6 6393 25 F: 3 2 1 
6382 4 6390 261 F: 2 1 1 
6382 5 6387 70 F: 3 2 
6422 6 6440 340 F: 2 1 3 
6438 10 6468 3 F: 10 
6453 10 6493 194 F: 5 4 1 
6479 3 6482 92 F: 2 1 
6493 8 6517 224 F: 5 2 1 
6504 12 6516 291 F: 12 
6510 10 6550 251 F: 10 
6528 5 6533 140 F: 5 
6576 10 6616 270 F: 4 6 
6581 9 6599 135 F: 9 
6612 13 6638 278 F: 13 
6638 11 6649 203 F: 11 
6668 8 6692 303 F: 6 2 
6682 5 6702 120 F: 2 1 2 
6698 9 6725 139 F: 4 3 2 
6716 12 6728 168 F: 5 3 4 
6740 7 6754 92 F: 4 2 1 
6749 5 6754 261 F: 4 1 
6767 3 6776 292 F: 3 
6771 8 6795 95 F: 2 6 
6801 7 6808 82 F: 4 3 
6811 7 6839 284 F: 7 
6822 8 6846 241 F: 2 6 
6852 6 6876 173 F: 2 3 1 
6881 8 6905 226 F: 3 2 3 
6910 5 6915 289 F: 4 1 
6939 11 6983 220 F: 11 
6967 12 6991 306 F: 7 5 
6977 7 6998 74 F: 7 
6979 3 6991 360 F: 3 
7010 7 7031 238 F: 3 2 2 
7014 9 7041 8 F: 3 6 
7051 8 7059 356 F: 3 4 1 
7059 13 7072 268 F: 13 
7097 12 7109 129 F: 6 6 
7166 9 7175 88 F: 3 2 4 
7167 12 7215 75 F: 5 4 3 
7179 10 7219 49 F: 6 4 
7192 5 7207 153 F: 5 
7196 11 7240 330 F: 5 6 
7215 7 7236 383 F: 4 2 1 
7225 4 7237 337 F: 4 
7242 6 7254 123 F: 4 2 
7245 9 7254 238 F: 5 4 
7266 4 7282 17 F: 4 
7331 10 7371 186 F: 4 2 4 
7356 12 7380 235 F: 4 4 4 
7371 9 7380 399 F: 3 2 4 
7371 10 7401 224 F: 6 4 
7378 11 7400 236 F: 3 4 4 
7436 11 7458 379 F: 5 4 2 
7458 5 7463 374 F: 3 2 
7473 10 7493 175 F: 4 2 4 
7476 8 7492 191 F: 4 2 2 
7493 6 7511 99 F: 3 2 1 
7558 10 7588 377 F: 5 1 4 
7558 13 7597 351 F: 7 6 
7573 9 7591 320 F: 5 4 
7588 12 7612 283 F: 7 5 
7591 5 7611 221 F: 2 1 2 
7600 10 7630 101 F: 4 2 4 
7638 5 7648 182 F: 5 
7645 5 7650 206 F: 4 1 
7646 7 7653 59 F: 2 4 1 
7670 10 7700 383 F: 5 4 1 
7714 8 7730 2 F: 7 1 
7714 9 7732 286 F: 2 3 4 
7745 6 7763 367 F: 3 3 
7755 7 7762 252 F: 2 5 
7773 10 7803 244 F: 2 4 4 
7811 4 7827 350 F: 4 
7856 11 7900 325 F: 6 5 
7868 7 7889 349 F: 2 5 
7888 8 7896 47 F: 4 4 
7895 6 7919 177 F: 3 2 1 
7900 8 7924 396 F: 8 
7955 9 7982 315 F: 6 3 
7960 11 7993 142 F: 7 4 
7974 12 7986 262 F: 5 3 4 
7977 7 8005 140 F: 5 1 1 
D: 2 88 
D: 3 150 
D: 6 163 
D: 16 149 
D: 24 239 
D: 30 78 
D: 31 60 
D: 33 394 
D: 40 128 
D: 42 215 
D: 60 363 
D: 63 68 
D: 65 382 
D: 67 112 
D: 74 371 
D: 78 372 
D: 81 281 
D: 84 168 
D: 89 145 
D: 93 232 
D: 94 207 
D: 107 267 
D: 114 364 
D: 118 128 
D: 125 221 
D: 126 166 
D: 132 280 
D: 170 210 
D: 172 211 
D: 180 216 
D: 188 295 
D: 202 389 
D: 208 239 
D: 211 375 
D: 212 377 
D: 218 277 
D: 240 388 
D: 290 335 
D: 290 383 
D: 353 368 
