16 13 68 324 F: 13 
19 11 52 203 F: 11 
31 13 57 399 F: 13 
35 7 56 332 F: 7 
68 10 108 281 F: 10 
105 7 119 48 F: 3 1 3 
136 5 156 221 F: 5 
145 8 161 190 F: 3 5 
183 9 192 103 F: 9 
191 9 218 225 F: 9 
202 7 223 123 F: 2 3 2 
209 11 231 381 F: 5 6 
214 8 222 123 F: 8 
232 4 236 366 F: 4 
278 9 314 21 F: 3 4 2 
319 11 352 316 F: 7 4 
336 2 344 223 F: 2 
345 9 354 155 F: 7 2 
377 6 395 180 F: 2 2 2 
396 8 404 241 F: 2 2 4 
416 7 430 275 F: 3 2 2 
421 5 436 382 F: 4 1 
432 9 459 366 F: 4 3 2 
447 11 469 181 F: 11 
495 9 513 342 F: 9 
511 6 517 292 F: 3 3 
519 12 543 2 F: 5 4 3 
559 4 567 366 F: 2 1 1 
568 4 576 56 F: 4 
592 8 624 144 F: 3 1 4 
612 10 632 358 F: 10 
648 10 678 106 F: 5 5 
655 8 687 48 F: 6 2 
663 7 677 360 F: 3 1 3 
684 2 688 175 F: 2 
746 12 770 50 F: 12 
763 12 787 390 F: 12 
782 5 787 115 F: 4 1 
785 9 794 19 F: 4 2 3 
794 9 821 86 F: 9 
836 7 843 94 F: 4 1 2 
872 13 898 14 F: 13 
875 13 888 248 F: 13 
896 7 910 47 F: 7 
899 12 911 52 F: 5 3 4 
927 5 942 154 F: 2 2 1 
947 5 967 35 F: 5 
949 7 956 138 F: 7 
973 7 994 287 F: 3 2 2 
986 6 998 169 F: 6 
1022 9 1058 253 F: 2 3 4 
1024 5 1039 43 F: 5 
1033 13 1046 125 F: 13 
1045 5 1060 114 F: 3 1 1 
1053 6 1065 291 F: 4 1 1 
1117 7 1138 33 F: 4 2 1 
1120 13 1172 182 F: 13 
1150 10 1170 257 F: 4 6 
1183 7 1190 213 F: 3 3 1 
1198 8 1222 22 F: 2 2 4 
1230 4 1238 352 F: 2 2 
1274 6 1280 261 F: 2 3 1 
1274 8 1306 324 F: 3 3 2 
1279 10 1289 111 F: 5 1 4 
1282 10 1312 74 F: 6 4 
1316 9 1343 243 F: 4 5 
1320 11 1364 229 F: 7 4 
1352 7 1366 231 F: 2 5 
1380 12 1392 330 F: 12 
1387 9 1423 163 F: 4 1 4 
1401 5 1411 357 F: 2 3 
1417 5 1427 330 F: 4 1 
1421 8 1453 39 F: 8 
1429 10 1469 226 F: 10 
1468 10 1488 311 F: 4 4 2 
1524 10 1554 389 F: 5 3 2 
1556 6 1568 130 F: 2 1 3 
1568 6 1580 356 F: 3 3 
1594 7 1615 249 F: 7 
1599 7 1613 29 F: 7 
1620 9 1638 364 F: 5 4 
1624 10 1634 24 F: 10 
1633 9 1669 22 F: 4 5 
1694 12 1742 344 F: 6 6 
1697 5 1712 389 F: 2 3 
1714 12 1762 184 F: 12 
1731 3 1737 286 F: 3 
1732 4 1744 216 F: 2 1 1 
1732 5 1742 138 F: 4 1 
1736 7 1750 236 F: 2 5 
1810 11 1854 243 F: 5 3 3 
1823 12 1847 105 F: 7 5 
1846 4 1850 110 F: 4 
1848 12 1884 379 F: 5 3 4 
1876 10 1916 298 F: 5 1 4 
1908 9 1917 242 F: 9 
1909 12 1957 183 F: 12 
1921 11 1932 123 F: 4 4 3 
1966 9 1975 37 F: 5 3 1 
1976 8 1992 134 F: 4 1 3 
2009 6 2015 120 F: 2 2 2 
2019 6 2043 7 F: 6 
2049 6 2073 66 F: 3 3 
2073 4 2077 152 F: 4 
2074 6 2098 20 F: 4 1 1 
2102 10 2112 277 F: 10 
2132 8 2140 308 F: 8 
2132 9 2141 379 F: 5 1 3 
2138 3 2150 55 F: 3 
2162 6 2186 93 F: 5 1 
2201 7 2215 361 F: 5 2 
2227 7 2248 263 F: 5 2 
2228 10 2248 306 F: 10 
2250 3 2262 63 F: 3 
2278 10 2308 340 F: 5 1 4 
2326 12 2338 63 F: 6 6 
2341 13 2393 123 F: 7 6 
2343 4 2351 89 F: 3 1 
2344 11 2388 357 F: 7 4 
2370 5 2385 378 F: 5 
2416 4 2428 302 F: 2 1 1 
2422 6 2428 65 F: 6 
2425 6 2443 118 F: 4 2 
2464 6 2488 345 F: 6 
2486 12 2534 14 F: 5 3 4 
2505 11 2516 309 F: 5 6 
2521 10 2541 97 F: 10 
2529 11 2551 240 F: 7 4 
2585 7 2599 202 F: 4 3 
2589 13 2628 174 F: 5 4 4 
2600 8 2608 247 F: 8 
2645 4 2649 237 F: 4 
2674 13 2700 211 F: 7 6 
2677 8 2701 376 F: 8 
2691 8 2707 108 F: 3 5 
2705 6 2717 347 F: 3 1 2 
2743 10 2783 213 F: 4 6 
2745 10 2785 148 F: 4 4 2 
2792 10 2822 208 F: 10 
2798 7 2819 126 F: 3 4 
2824 9 2842 381 F: 5 3 1 
2825 7 2853 134 F: 2 5 
2836 5 2841 169 F: 5 
2849 8 2881 155 F: 8 
2881 13 2894 195 F: 5 4 4 
2974 7 3002 39 F: 2 2 3 
2976 3 2988 155 F: 2 1 
2981 13 3007 369 F: 7 6 
2987 4 2991 33 F: 4 
2992 13 3044 83 F: 13 
3001 7 3015 102 F: 7 
3059 7 3087 235 F: 2 4 1 
3069 8 3101 49 F: 8 
3074 4 3090 134 F: 2 2 
3080 2 3084 302 F: 2 
3117 7 3131 288 F: 7 
3134 5 3144 386 F: 3 2 
3147 8 3155 342 F: 4 3 1 
3181 5 3201 212 F: 2 1 2 
3187 7 3208 298 F: 7 
3225 8 3257 47 F: 2 2 4 
3247 4 3259 390 F: 4 
3257 3 3269 323 F: 2 1 
3257 6 3281 257 F: 3 2 1 
3271 10 3311 22 F: 7 3 
3345 4 3357 109 F: 4 
3345 9 3381 171 F: 5 3 1 
3364 7 3392 386 F: 2 3 2 
3377 6 3383 14 F: 2 1 3 
3393 8 3409 239 F: 5 3 
3412 9 3439 95 F: 3 3 3 
3449 8 3473 50 F: 4 4 
3472 3 3481 94 F: 2 1 
3477 10 3497 230 F: 10 
3494 8 3502 291 F: 8 
3502 8 3518 271 F: 5 3 
3524 4 3536 163 F: 3 1 
3575 11 3597 9 F: 3 4 4 
3580 9 3607 151 F: 5 2 2 
3591 9 3627 229 F: 6 3 
3606 11 3639 185 F: 4 4 3 
3620 3 3632 224 F: 3 
3637 10 3647 193 F: 5 3 2 
3647 10 3667 189 F: 10 
3659 7 3673 293 F: 5 2 
3701 10 3711 86 F: 5 3 2 
3734 10 3744 127 F: 5 1 4 
3763 8 3787 245 F: 3 3 2 
3781 6 3799 116 F: 6 
3786 4 3798 13 F: 4 
3874 10 3894 249 F: 4 2 4 
3876 4 3884 195 F: 2 2 
3892 9 3919 315 F: 9 
3896 7 3903 237 F: 2 5 
3899 5 3909 197 F: 5 
3926 11 3970 6 F: 11 
3928 6 3940 257 F: 3 1 2 
3937 9 3964 8 F: 6 3 
3940 8 3956 32 F: 8 
3948 5 3963 38 F: 3 1 1 
4007 8 4015 194 F: 3 2 3 
4043 10 4053 111 F: 10 
4068 10 4078 2 F: 5 4 1 
4081 7 4088 102 F: 7 
4090 7 4104 38 F: 7 
4110 8 4142 23 F: 8 
4153 10 4193 63 F: 4 3 3 
4157 5 4162 135 F: 2 3 
4170 3 4179 338 F: 3 
4198 8 4206 19 F: 3 1 4 
4216 12 4252 330 F: 12 
4222 5 4242 374 F: 3 2 
4237 7 4258 30 F: 3 3 1 
4268 10 4298 384 F: 7 3 
4297 6 4321 176 F: 6 
4332 9 4368 225 F: 9 
4344 9 4380 95 F: 7 2 
4351 5 4366 17 F: 5 
4353 8 4377 181 F: 8 
4395 10 4415 57 F: 5 2 3 
4423 6 4447 73 F: 3 3 
4445 6 4469 377 F: 4 2 
4451 10 4491 41 F: 4 6 
4459 6 4477 216 F: 6 
4475 7 4496 205 F: 3 3 1 
4509 9 4518 279 F: 3 6 
4522 8 4530 159 F: 3 2 3 
4532 10 4552 175 F: 6 4 
4560 5 4580 390 F: 4 1 
4596 5 4606 216 F: 2 1 2 
4628 10 4658 83 F: 5 4 1 
4629 4 4641 170 F: 4 
4635 9 4653 149 F: 9 
4695 10 4705 152 F: 5 3 2 
4698 3 4710 201 F: 3 
4716 8 4748 83 F: 8 
4725 11 4747 147 F: 11 
4762 9 4798 158 F: 9 
4763 9 4799 307 F: 4 5 
4773 5 4788 333 F: 2 3 
4802 8 4834 348 F: 8 
4827 11 4849 185 F: 5 2 4 
4853 10 4883 38 F: 6 4 
4862 6 4886 294 F: 2 4 
4896 10 4926 284 F: 10 
4904 12 4952 45 F: 12 
4913 11 4935 104 F: 11 
4935 3 4938 262 F: 3 
4960 8 4968 139 F: 4 1 3 
4995 13 5034 223 F: 5 4 4 
5009 2 5017 80 F: 2 
5025 8 5041 349 F: 2 6 
5032 7 5039 9 F: 7 
5091 6 5115 259 F: 6 
5093 12 5129 31 F: 6 6 
5118 4 5130 129 F: 4 
5119 6 5125 264 F: 2 4 
5152 10 5172 57 F: 7 3 
5159 5 5174 132 F: 3 1 1 
5177 8 5201 149 F: 5 2 1 
5240 4 5244 243 F: 2 2 
5248 5 5253 369 F: 3 1 1 
5258 6 5276 2 F: 2 2 2 
5260 12 5308 371 F: 12 
5274 7 5295 392 F: 2 3 2 
5309 7 5330 208 F: 3 3 1 
5337 6 5361 182 F: 4 2 
5358 2 5360 86 F: 2 
5368 4 5372 314 F: 2 2 
5386 12 5410 360 F: 12 
5429 8 5437 372 F: 4 4 
5447 10 5467 107 F: 7 3 
5475 12 5487 268 F: 12 
5477 5 5482 206 F: 4 1 
5479 13 5505 170 F: 13 
5514 3 5517 299 F: 3 
5543 7 5550 269 F: 7 
5549 8 5557 74 F: 3 1 4 
5570 7 5591 180 F: 6 1 
5594 4 5610 203 F: 4 
5600 9 5618 298 F: 2 3 4 
5609 9 5645 354 F: 9 
5628 11 5672 374 F: 3 4 4 
5646 10 5676 233 F: 5 4 1 
5683 6 5701 126 F: 2 4 
5702 12 5726 78 F: 5 4 3 
5708 9 5744 31 F: 4 2 3 
5716 7 5737 355 F: 2 5 
5741 8 5765 36 F: 4 3 1 
5785 6 5797 86 F: 6 
5812 6 5824 369 F: 3 2 1 
5838 8 5854 43 F: 8 
5852 11 5863 211 F: 6 5 
5868 11 5901 225 F: 6 5 
5889 7 5896 263 F: 2 5 
5904 11 5937 59 F: 6 5 
5908 2 5914 130 F: 2 
5922 11 5966 204 F: 7 4 
5979 5 5994 73 F: 5 
5979 7 5993 233 F: 5 2 
6006 2 6010 310 F: 2 
6034 6 6058 351 F: 2 4 
6044 8 6076 264 F: 6 2 
6074 7 6102 138 F: 2 3 2 
6091 4 6095 380 F: 4 
6107 13 6120 136 F: 5 4 4 
6121 11 6132 394 F: 7 4 
6142 11 6186 214 F: 5 6 
6166 9 6184 310 F: 4 2 3 
6174 8 6206 70 F: 4 3 1 
6213 12 6261 65 F: 12 
6224 10 6234 340 F: 6 4 
6266 9 6275 336 F: 5 4 
6295 11 6306 115 F: 11 
6299 5 6309 115 F: 3 1 1 
6304 3 6313 26 F: 3 
6312 9 6321 277 F: 9 
6351 9 6378 105 F: 3 3 3 
6364 5 6384 61 F: 3 2 
6366 5 6376 212 F: 5 
6424 7 6438 5 F: 7 
6436 3 6442 399 F: 3 
6459 10 6489 185 F: 3 4 3 
6465 6 6477 162 F: 4 1 1 
6473 3 6479 348 F: 3 
6516 6 6534 18 F: 3 2 1 
6516 7 6523 365 F: 6 1 
6523 2 6527 22 F: 2 
6524 11 6568 313 F: 11 
6555 3 6561 281 F: 3 
6604 10 6624 183 F: 7 3 
6643 6 6649 325 F: 6 
6680 6 6704 375 F: 5 1 
6689 12 6737 291 F: 12 
6692 4 6700 357 F: 2 2 
6722 12 6734 358 F: 12 
6725 8 6741 6 F: 4 3 1 
6733 7 6747 155 F: 7 
6743 13 6795 271 F: 7 6 
6769 6 6787 26 F: 3 3 
6824 4 6840 201 F: 3 1 
6864 10 6884 337 F: 6 4 
6868 8 6900 49 F: 2 6 
6876 13 6928 62 F: 13 
6888 8 6904 188 F: 5 3 
6910 4 6922 389 F: 4 
6913 2 6921 184 F: 2 
6925 13 6938 107 F: 7 6 
6987 5 7007 359 F: 2 1 2 
6999 13 7012 135 F: 7 6 
7002 7 7016 321 F: 6 1 
7034 6 7058 184 F: 4 2 
7075 11 7097 124 F: 5 2 4 
7082 6 7106 65 F: 4 2 
7092 9 7119 59 F: 7 2 
7114 10 7134 21 F: 10 
7122 8 7138 379 F: 4 4 
7122 8 7154 331 F: 3 5 
7123 7 7130 309 F: 5 2 
7192 9 7228 372 F: 5 2 2 
7215 10 7235 226 F: 4 6 
7217 12 7229 98 F: 12 
7225 4 7241 298 F: 4 
7229 8 7253 387 F: 6 2 
7230 7 7237 226 F: 7 
7318 8 7350 88 F: 8 
7319 13 7358 231 F: 13 
7320 13 7372 334 F: 13 
7385 4 7401 302 F: 4 
7388 5 7408 147 F: 3 1 1 
7409 13 7448 368 F: 5 4 4 
7456 10 7486 254 F: 6 4 
7469 10 7479 243 F: 3 4 3 
7476 5 7491 358 F: 5 
7483 9 7501 165 F: 3 3 3 
7511 6 7517 37 F: 6 
7563 7 7584 224 F: 2 3 2 
7564 2 7568 15 F: 2 
7583 5 7593 119 F: 3 2 
7583 10 7593 31 F: 5 5 
7636 9 7663 332 F: 3 6 
7638 7 7666 196 F: 2 2 3 
7641 8 7657 228 F: 2 6 
7649 9 7667 130 F: 2 3 4 
7655 9 7682 102 F: 6 3 
7719 11 7763 167 F: 3 4 4 
7751 11 7762 94 F: 4 4 3 
7778 2 7786 205 F: 2 
7786 12 7834 196 F: 4 4 4 
7792 12 7828 354 F: 6 6 
7800 4 7812 272 F: 4 
7806 7 7813 347 F: 2 3 2 
7816 12 7864 238 F: 5 4 3 
7860 9 7887 230 F: 9 
7886 6 7892 354 F: 5 1 
7912 8 7920 245 F: 8 
7937 11 7970 152 F: 5 6 
7955 8 7971 237 F: 5 3 
7962 11 8006 146 F: 5 6 
7969 7 7976 214 F: 5 2 
D: 5 281 
D: 6 290 
D: 12 201 
D: 21 213 
D: 29 252 
D: 29 265 
D: 41 220 
D: 43 232 
D: 58 396 
D: 60 152 
D: 60 359 
D: 64 290 
D: 64 383 
D: 66 389 
D: 79 122 
D: 86 152 
D: 95 141 
D: 108 387 
D: 122 217 
D: 127 294 
D: 131 301 
D: 137 369 
D: 138 353 
D: 142 168 
D: 153 275 
D: 153 320 
D: 163 272 
D: 172 187 
D: 185 213 
D: 188 195 
D: 203 211 
D: 208 214 
D: 218 225 
D: 219 371 
D: 242 245 
D: 260 397 
D: 280 353 
D: 283 318 
D: 307 325 
D: 314 352 
