11 11 44 300 F: 5 2 4 
57 7 85 329 F: 3 1 3 
59 10 79 237 F: 10 
62 4 66 145 F: 4 
90 11 101 202 F: 5 2 4 
137 4 145 335 F: 4 
142 2 144 336 F: 2 
152 13 191 71 F: 7 6 
189 11 200 38 F: 5 6 
193 5 208 352 F: 3 2 
213 9 240 242 F: 5 3 1 
263 6 269 200 F: 2 2 2 
274 7 288 258 F: 2 1 4 
277 7 298 341 F: 7 
287 6 293 391 F: 6 
324 13 350 125 F: 13 
331 10 341 330 F: 4 3 3 
332 12 368 35 F: 6 6 
359 8 375 29 F: 3 3 2 
366 9 384 216 F: 3 6 
421 8 437 61 F: 7 1 
467 9 494 204 F: 5 2 2 
470 6 482 166 F: 3 1 2 
474 10 484 20 F: 10 
489 11 533 319 F: 11 
512 7 519 205 F: 7 
541 8 565 62 F: 8 
593 5 603 72 F: 5 
598 9 607 189 F: 4 2 3 
599 11 610 149 F: 7 4 
602 4 606 70 F: 4 
602 9 629 21 F: 3 6 
627 8 635 355 F: 2 2 4 
630 13 643 348 F: 7 6 
661 7 689 63 F: 2 3 2 
715 12 739 46 F: 7 5 
728 8 760 68 F: 8 
770 5 790 141 F: 2 3 
776 9 803 287 F: 3 6 
777 10 807 207 F: 7 3 
840 7 847 327 F: 6 1 
841 4 849 106 F: 2 2 
842 11 864 337 F: 11 
876 9 894 100 F: 7 2 
882 11 915 33 F: 11 
919 6 925 346 F: 4 1 1 
940 11 973 123 F: 11 
963 12 1011 323 F: 12 
969 3 981 152 F: 3 
982 2 990 265 F: 2 
1008 7 1029 122 F: 7 
1038 6 1062 184 F: 4 2 
1038 10 1048 121 F: 4 2 4 
1039 5 1059 313 F: 3 2 
1095 9 1122 243 F: 6 3 
1153 12 1189 383 F: 12 
1164 7 1192 278 F: 2 5 
1180 8 1204 130 F: 7 1 
1193 11 1204 72 F: 4 3 4 
1198 11 1231 271 F: 6 5 
1246 9 1282 305 F: 4 2 3 
1251 8 1275 343 F: 4 4 
1271 8 1279 231 F: 4 3 1 
1271 9 1298 64 F: 6 3 
1290 6 1314 176 F: 2 4 
1308 9 1326 61 F: 9 
1313 8 1321 8 F: 5 2 1 
1314 11 1347 81 F: 11 
1342 12 1366 50 F: 12 
1343 8 1367 369 F: 3 5 
1412 8 1428 250 F: 3 2 3 
1418 5 1423 316 F: 4 1 
1436 10 1466 81 F: 4 3 3 
1447 5 1457 115 F: 5 
1476 11 1487 47 F: 5 6 
1549 3 1558 91 F: 3 
1550 10 1560 235 F: 10 
1581 7 1595 326 F: 2 1 4 
1584 6 1590 319 F: 2 2 2 
1592 11 1614 86 F: 7 4 
1608 6 1632 215 F: 2 4 
1616 11 1638 144 F: 3 4 4 
1635 12 1659 68 F: 12 
1659 9 1677 154 F: 4 5 
1660 10 1670 311 F: 7 3 
1706 9 1733 199 F: 5 3 1 
1712 10 1752 133 F: 5 4 1 
1740 8 1756 96 F: 2 6 
1791 8 1807 303 F: 2 4 2 
1799 8 1831 60 F: 8 
1814 3 1826 135 F: 3 
1826 5 1831 304 F: 2 3 
1864 3 1870 90 F: 3 
1873 7 1894 4 F: 3 4 
1885 9 1921 141 F: 2 3 4 
1913 9 1949 111 F: 2 3 4 
1949 13 2001 307 F: 5 4 4 
1957 4 1965 111 F: 2 2 
1971 4 1979 86 F: 4 
1995 6 2007 138 F: 2 2 2 
2025 4 2037 274 F: 4 
2046 11 2068 117 F: 11 
2059 3 2071 147 F: 3 
2060 7 2081 316 F: 5 2 
2097 11 2108 85 F: 11 
2136 12 2172 230 F: 4 4 4 
2157 4 2173 370 F: 4 
2169 10 2209 132 F: 5 4 1 
2186 12 2222 213 F: 5 4 3 
2190 5 2210 304 F: 5 
2226 7 2233 118 F: 2 2 3 
2254 7 2268 388 F: 3 2 2 
2275 11 2308 103 F: 4 3 4 
2293 8 2325 57 F: 7 1 
2296 5 2316 349 F: 5 
2330 10 2340 214 F: 10 
2331 7 2338 62 F: 6 1 
2341 10 2371 316 F: 5 1 4 
2344 9 2362 185 F: 4 4 1 
2386 8 2402 23 F: 4 1 3 
2428 10 2458 31 F: 4 4 2 
2429 7 2450 137 F: 2 2 3 
2440 11 2473 62 F: 5 2 4 
2452 8 2484 294 F: 8 
2474 12 2510 227 F: 6 6 
2506 8 2530 94 F: 8 
2517 10 2527 283 F: 4 3 3 
2557 5 2577 324 F: 5 
2568 11 2612 384 F: 11 
2598 8 2614 178 F: 3 5 
2629 13 2655 223 F: 7 6 
2666 11 2699 293 F: 11 
2669 8 2693 191 F: 5 1 2 
2676 8 2708 236 F: 2 4 2 
2692 7 2713 126 F: 7 
2741 6 2753 381 F: 6 
2783 7 2797 330 F: 3 4 
2787 8 2795 67 F: 3 5 
2792 10 2832 197 F: 10 
2793 7 2807 125 F: 2 4 1 
2805 6 2811 235 F: 2 4 
2823 10 2853 213 F: 7 3 
2842 6 2860 176 F: 6 
2844 11 2855 89 F: 7 4 
2898 10 2938 127 F: 5 5 
2919 8 2943 242 F: 8 
2938 10 2948 399 F: 5 5 
2953 4 2969 395 F: 4 
2960 6 2978 319 F: 2 4 
2962 8 2986 83 F: 3 2 3 
3027 11 3071 39 F: 11 
3035 7 3042 142 F: 2 1 4 
3065 10 3075 328 F: 4 6 
3081 10 3091 179 F: 6 4 
3088 7 3116 101 F: 3 2 2 
3107 8 3139 202 F: 8 
3138 3 3144 212 F: 2 1 
3157 3 3160 138 F: 3 
3157 6 3163 221 F: 2 4 
3169 5 3189 132 F: 2 3 
3254 2 3260 59 F: 2 
3275 7 3296 286 F: 7 
3282 6 3306 296 F: 6 
3289 8 3305 131 F: 4 2 2 
3299 9 3326 115 F: 3 4 2 
3345 2 3349 387 F: 2 
3350 7 3357 395 F: 7 
3375 9 3393 41 F: 5 4 
3377 12 3425 320 F: 5 4 3 
3392 6 3416 1 F: 2 2 2 
3403 12 3415 341 F: 12 
3415 5 3420 386 F: 3 2 
3424 10 3434 286 F: 7 3 
3468 10 3488 237 F: 4 6 
3475 7 3496 399 F: 6 1 
3501 8 3509 35 F: 5 3 
3502 7 3509 316 F: 4 1 2 
3509 8 3541 379 F: 2 6 
3556 8 3564 271 F: 8 
3558 6 3570 211 F: 6 
3600 13 3613 326 F: 7 6 
3610 7 3631 247 F: 5 2 
3625 7 3639 270 F: 3 4 
3634 6 3652 40 F: 3 3 
3694 11 3727 20 F: 11 
3707 4 3723 274 F: 4 
3733 9 3742 385 F: 5 3 1 
3747 11 3769 376 F: 5 3 3 
3761 5 3766 65 F: 3 2 
3789 10 3829 63 F: 5 5 
3801 8 3833 261 F: 2 4 2 
3816 11 3827 268 F: 6 5 
3818 7 3825 37 F: 6 1 
3863 6 3887 230 F: 3 3 
3876 8 3884 260 F: 5 3 
3902 11 3924 177 F: 7 4 
3938 8 3970 146 F: 7 1 
3970 6 3982 126 F: 4 1 1 
3978 7 4006 187 F: 7 
3985 6 4003 182 F: 6 
4002 8 4018 9 F: 2 2 4 
4006 8 4022 161 F: 6 2 
4031 2 4035 118 F: 2 
4042 5 4052 15 F: 3 2 
4050 8 4082 307 F: 6 2 
4110 3 4119 259 F: 3 
4125 7 4146 17 F: 2 4 1 
4129 8 4137 207 F: 3 3 2 
4166 6 4178 175 F: 3 1 2 
4175 11 4186 95 F: 5 3 3 
4210 9 4237 386 F: 9 
4227 9 4254 208 F: 4 2 3 
4249 8 4265 400 F: 3 2 3 
4254 10 4284 4 F: 2 4 4 
4260 10 4270 382 F: 10 
4309 7 4330 160 F: 4 3 
4328 8 4336 230 F: 2 6 
4361 6 4373 218 F: 2 1 3 
4373 12 4397 239 F: 4 4 4 
4379 7 4400 5 F: 6 1 
4418 6 4436 268 F: 6 
4429 10 4449 394 F: 10 
4435 9 4462 305 F: 2 3 4 
4453 7 4460 235 F: 5 2 
4476 7 4483 282 F: 3 4 
4520 8 4528 101 F: 3 1 4 
4523 5 4543 305 F: 5 
4544 8 4576 43 F: 8 
4548 11 4570 29 F: 4 3 4 
4568 7 4596 334 F: 7 
4641 3 4647 182 F: 2 1 
4666 11 4688 218 F: 11 
4670 4 4682 59 F: 3 1 
4694 6 4718 44 F: 5 1 
4698 8 4706 79 F: 3 5 
4700 8 4708 256 F: 4 3 1 
4736 12 4772 351 F: 7 5 
4740 6 4746 397 F: 6 
4748 8 4756 399 F: 2 3 3 
4775 10 4805 203 F: 5 2 3 
4808 13 4860 116 F: 7 6 
4824 9 4851 78 F: 4 4 1 
4833 9 4860 204 F: 5 3 1 
4833 12 4845 361 F: 12 
4834 13 4860 210 F: 13 
4908 7 4936 181 F: 2 2 3 
4910 6 4934 204 F: 3 3 
4945 7 4952 387 F: 7 
4983 6 5001 129 F: 6 
4993 11 5037 325 F: 11 
5019 10 5049 292 F: 10 
5040 11 5084 257 F: 11 
5051 7 5058 139 F: 2 4 1 
5075 12 5123 377 F: 6 6 
5089 12 5113 391 F: 12 
5100 11 5133 229 F: 7 4 
5145 13 5184 384 F: 13 
5156 12 5204 216 F: 12 
5164 9 5173 111 F: 4 3 2 
5198 8 5230 365 F: 4 3 1 
5209 2 5211 94 F: 2 
5243 8 5275 325 F: 4 4 
5247 6 5259 332 F: 6 
5276 12 5300 220 F: 12 
5280 8 5312 273 F: 5 1 2 
5322 6 5328 238 F: 5 1 
5351 11 5384 331 F: 5 3 3 
5357 7 5371 75 F: 4 2 1 
5370 8 5394 360 F: 7 1 
5379 5 5384 233 F: 5 
5400 4 5412 400 F: 4 
5427 12 5463 395 F: 7 5 
5481 4 5493 99 F: 2 2 
5483 7 5511 290 F: 2 1 4 
5491 9 5527 322 F: 3 2 4 
5510 11 5521 220 F: 11 
5525 3 5528 190 F: 2 1 
5526 12 5562 102 F: 12 
5555 9 5582 63 F: 4 5 
5576 12 5624 175 F: 12 
5614 4 5626 177 F: 4 
5632 8 5664 310 F: 3 5 
5634 12 5646 247 F: 5 3 4 
5675 11 5708 213 F: 5 6 
5677 6 5695 307 F: 2 4 
5730 6 5736 210 F: 2 3 1 
5772 6 5796 374 F: 3 2 1 
5778 8 5802 301 F: 3 2 3 
5784 10 5794 325 F: 5 3 2 
5784 10 5824 69 F: 5 3 2 
5804 6 5810 83 F: 2 3 1 
5809 13 5835 338 F: 13 
5813 6 5825 322 F: 6 
5852 8 5868 258 F: 6 2 
5859 11 5870 221 F: 11 
5914 8 5930 170 F: 3 2 3 
5925 11 5958 196 F: 11 
5970 13 5983 198 F: 13 
5972 8 5980 283 F: 4 4 
5980 7 6001 99 F: 3 4 
6012 4 6024 216 F: 2 1 1 
6018 9 6045 23 F: 2 4 3 
6025 13 6077 35 F: 13 
6050 8 6058 102 F: 4 3 1 
6053 4 6057 348 F: 2 2 
6109 3 6121 95 F: 3 
6116 4 6120 288 F: 3 1 
6131 9 6158 174 F: 4 1 4 
6139 13 6152 137 F: 7 6 
6147 6 6171 332 F: 5 1 
6234 9 6243 166 F: 4 2 3 
6262 8 6270 87 F: 4 3 1 
6282 8 6306 208 F: 8 
6290 4 6298 225 F: 4 
6292 7 6299 25 F: 3 1 3 
6331 10 6351 315 F: 10 
6333 10 6353 25 F: 5 5 
6335 7 6349 371 F: 7 
6346 10 6366 247 F: 5 3 2 
6382 5 6387 65 F: 4 1 
6411 10 6441 349 F: 10 
6423 6 6435 157 F: 5 1 
6453 8 6485 295 F: 2 3 3 
6476 6 6494 20 F: 3 1 2 
6493 7 6521 230 F: 2 1 4 
6517 5 6532 359 F: 5 
6522 11 6533 57 F: 3 4 4 
6524 10 6564 320 F: 5 5 
6588 7 6602 251 F: 7 
6590 12 6614 191 F: 12 
6609 10 6629 89 F: 5 5 
6615 8 6623 150 F: 8 
6627 5 6647 38 F: 4 1 
6645 7 6652 232 F: 4 3 
6689 10 6719 305 F: 10 
6736 11 6747 265 F: 7 4 
6748 9 6766 241 F: 9 
6763 10 6783 125 F: 4 3 3 
6782 3 6785 129 F: 2 1 
6791 3 6803 11 F: 3 
6803 9 6839 111 F: 9 
6823 13 6836 81 F: 13 
6829 10 6849 218 F: 4 4 2 
6839 7 6846 217 F: 6 1 
6897 7 6918 138 F: 2 1 4 
6904 12 6952 351 F: 5 3 4 
6922 11 6966 109 F: 11 
6929 9 6947 194 F: 9 
6963 11 6996 276 F: 7 4 
6999 6 7005 44 F: 2 4 
7020 2 7026 305 F: 2 
7060 11 7093 71 F: 11 
7077 5 7082 157 F: 5 
7080 10 7090 48 F: 5 1 4 
7083 7 7090 151 F: 4 3 
7109 6 7127 14 F: 3 2 1 
7109 11 7142 220 F: 5 6 
7120 8 7128 392 F: 4 4 
7158 10 7198 294 F: 10 
7182 10 7212 113 F: 3 3 4 
7223 12 7247 321 F: 12 
7233 6 7239 235 F: 4 2 
7270 9 7288 241 F: 4 3 2 
7282 11 7293 46 F: 3 4 4 
7293 9 7311 258 F: 5 3 1 
7301 9 7337 400 F: 5 3 1 
7326 5 7341 217 F: 2 3 
7334 11 7356 124 F: 6 5 
7358 7 7372 382 F: 7 
7368 5 7388 48 F: 2 1 2 
7430 7 7451 157 F: 4 3 
7433 7 7447 155 F: 7 
7437 9 7455 188 F: 7 2 
7480 7 7508 137 F: 7 
7481 12 7505 376 F: 7 5 
7517 11 7561 84 F: 11 
7536 12 7560 144 F: 6 6 
7556 6 7562 394 F: 6 
7581 8 7589 195 F: 8 
7595 8 7619 74 F: 7 1 
7635 8 7643 263 F: 2 3 3 
7642 8 7674 105 F: 3 2 3 
7651 10 7691 316 F: 7 3 
7664 10 7674 128 F: 5 4 1 
7666 13 7692 344 F: 13 
7705 5 7715 166 F: 5 
7746 5 7751 312 F: 2 1 2 
7755 6 7767 261 F: 3 2 1 
7762 8 7770 79 F: 3 1 4 
7766 11 7788 47 F: 4 4 3 
7802 6 7814 379 F: 6 
7830 7 7837 92 F: 3 4 
7832 2 7834 389 F: 2 
7837 10 7847 303 F: 4 6 
7877 4 7889 150 F: 4 
7908 10 7928 344 F: 4 6 
7934 6 7940 30 F: 4 1 1 
7948 9 7984 11 F: 4 5 
7974 6 7998 182 F: 3 1 2 
7990 9 8026 59 F: 5 2 2 
D: 4 241 
D: 11 87 
D: 12 122 
D: 14 286 
D: 15 37 
D: 26 143 
D: 31 44 
D: 41 232 
D: 60 296 
D: 60 353 
D: 62 288 
D: 62 321 
D: 63 188 
D: 68 386 
D: 70 153 
D: 71 270 
D: 71 385 
D: 72 153 
D: 76 172 
D: 106 128 
D: 110 135 
D: 119 255 
D: 157 238 
D: 159 194 
D: 160 332 
D: 177 240 
D: 178 240 
D: 181 216 
D: 189 369 
D: 213 334 
D: 215 344 
D: 216 223 
D: 261 333 
D: 270 303 
D: 300 345 
D: 302 334 
D: 310 375 
D: 318 398 
D: 320 372 
D: 329 368 
