33 4 37 387 F: 4 
43 8 67 93 F: 6 2 
54 13 80 378 F: 7 6 
70 2 76 244 F: 2 
94 2 98 68 F: 2 
111 10 121 170 F: 3 3 4 
120 4 136 223 F: 4 
142 9 169 198 F: 4 5 
173 2 181 206 F: 2 
199 13 251 111 F: 13 
239 7 253 158 F: 2 4 1 
247 8 255 280 F: 4 3 1 
263 10 283 239 F: 2 4 4 
288 11 321 292 F: 5 6 
295 5 310 207 F: 5 
312 11 356 353 F: 3 4 4 
344 13 370 126 F: 13 
366 9 402 264 F: 5 2 2 
388 9 415 54 F: 9 
390 4 402 332 F: 4 
414 5 419 185 F: 5 
425 6 437 192 F: 3 3 
474 12 510 19 F: 7 5 
479 7 486 162 F: 3 2 2 
488 7 495 263 F: 5 2 
503 2 507 300 F: 2 
520 9 538 384 F: 9 
524 10 544 169 F: 4 3 3 
542 7 549 365 F: 7 
567 9 585 218 F: 9 
614 8 630 164 F: 7 1 
619 6 643 206 F: 6 
641 6 665 290 F: 3 3 
658 9 685 386 F: 9 
693 5 703 145 F: 5 
704 10 744 126 F: 10 
778 11 800 383 F: 7 4 
781 6 793 135 F: 2 4 
787 10 817 331 F: 2 4 4 
789 4 797 400 F: 2 2 
812 7 826 255 F: 4 2 1 
840 8 864 280 F: 6 2 
889 3 898 352 F: 2 1 
895 10 925 322 F: 6 4 
897 11 908 42 F: 5 2 4 
919 9 928 85 F: 5 3 1 
924 8 956 313 F: 5 2 1 
952 9 979 18 F: 2 4 3 
954 2 956 214 F: 2 
999 11 1010 238 F: 6 5 
1003 11 1047 91 F: 11 
1022 12 1058 393 F: 7 5 
1028 8 1044 133 F: 5 2 1 
1056 10 1096 159 F: 10 
1072 12 1120 342 F: 12 
1107 4 1115 115 F: 4 
1117 4 1133 119 F: 4 
1126 9 1153 193 F: 4 5 
1155 5 1160 45 F: 3 2 
1187 11 1220 179 F: 7 4 
1201 9 1210 252 F: 4 2 3 
1216 11 1249 50 F: 5 2 4 
1250 11 1294 334 F: 6 5 
1260 7 1274 134 F: 5 1 1 
1267 9 1285 250 F: 4 4 1 
1305 10 1335 103 F: 5 2 3 
1362 7 1390 180 F: 2 5 
1364 9 1373 25 F: 4 5 
1382 8 1390 139 F: 8 
1389 5 1404 32 F: 4 1 
1411 7 1418 73 F: 6 1 
1415 10 1425 234 F: 5 1 4 
1434 4 1450 256 F: 2 2 
1446 6 1458 193 F: 3 1 2 
1489 9 1498 151 F: 4 5 
1506 4 1518 148 F: 2 2 
1524 7 1538 359 F: 3 4 
1535 8 1567 211 F: 4 3 1 
1538 7 1566 334 F: 6 1 
1540 5 1560 120 F: 3 2 
1625 11 1669 336 F: 11 
1630 11 1641 39 F: 11 
1674 8 1690 382 F: 7 1 
1675 13 1688 126 F: 13 
1694 12 1706 228 F: 7 5 
1744 9 1780 354 F: 5 2 2 
1756 9 1774 75 F: 3 6 
1757 8 1789 127 F: 5 3 
1775 10 1815 334 F: 4 2 4 
1797 8 1829 290 F: 7 1 
1814 10 1854 28 F: 10 
1824 8 1848 46 F: 2 3 3 
1844 13 1857 86 F: 13 
1850 6 1868 393 F: 2 3 1 
1869 8 1877 222 F: 2 6 
1912 8 1920 197 F: 2 2 4 
1922 5 1937 19 F: 2 3 
1932 10 1972 115 F: 3 4 3 
1962 9 1971 338 F: 6 3 
1975 6 1987 165 F: 5 1 
2012 11 2045 58 F: 4 3 4 
2053 7 2067 45 F: 4 2 1 
2071 11 2082 148 F: 6 5 
2087 8 2103 69 F: 8 
2089 10 2109 227 F: 10 
2120 11 2164 82 F: 5 3 3 
2124 4 2132 137 F: 2 1 1 
2129 10 2149 299 F: 4 6 
2140 4 2152 39 F: 4 
2156 10 2166 192 F: 6 4 
2212 2 2220 197 F: 2 
2246 5 2266 336 F: 5 
2286 7 2307 72 F: 3 4 
2298 12 2310 377 F: 12 
2299 4 2311 361 F: 4 
2302 13 2328 13 F: 13 
2317 6 2329 382 F: 2 4 
2331 8 2347 191 F: 3 5 
2332 10 2352 221 F: 10 
2346 9 2355 350 F: 5 4 
2436 6 2454 366 F: 2 2 2 
2457 8 2481 231 F: 8 
2459 4 2463 275 F: 4 
2463 9 2490 138 F: 5 2 2 
2468 9 2477 51 F: 3 6 
2510 8 2526 181 F: 5 3 
2540 4 2552 118 F: 4 
2542 6 2554 155 F: 5 1 
2574 9 2610 219 F: 9 
2578 12 2626 211 F: 5 4 3 
2654 13 2706 385 F: 13 
2668 9 2704 94 F: 4 1 4 
2680 4 2696 365 F: 4 
2681 9 2717 107 F: 3 3 3 
2688 4 2696 259 F: 4 
2700 11 2722 110 F: 5 3 3 
2705 5 2710 319 F: 3 2 
2708 11 2741 318 F: 6 5 
2719 10 2729 118 F: 10 
2757 8 2789 364 F: 4 3 1 
2818 10 2848 201 F: 3 3 4 
2821 13 2860 39 F: 13 
2845 9 2872 241 F: 2 3 4 
2847 7 2868 174 F: 5 2 
2875 11 2908 223 F: 7 4 
2909 9 2927 102 F: 4 2 3 
2956 9 2965 81 F: 4 5 
2965 6 2971 371 F: 2 4 
2967 8 2975 220 F: 7 1 
2972 11 2994 355 F: 6 5 
3006 9 3024 40 F: 5 4 
3007 9 3034 236 F: 3 6 
3066 5 3086 315 F: 5 
3078 8 3110 276 F: 3 5 
3080 9 3098 74 F: 4 5 
3123 8 3147 115 F: 3 4 1 
3140 11 3184 29 F: 3 4 4 
3165 10 3185 253 F: 10 
3187 6 3193 37 F: 3 1 2 
3199 6 3217 258 F: 6 
3203 10 3223 262 F: 6 4 
3208 8 3224 72 F: 6 2 
3224 6 3236 247 F: 2 3 1 
3248 11 3292 163 F: 5 2 4 
3289 2 3291 6 F: 2 
3302 3 3308 63 F: 3 
3311 4 3319 248 F: 2 2 
3322 12 3334 303 F: 5 4 3 
3324 8 3348 25 F: 3 4 1 
3357 9 3375 371 F: 6 3 
3422 7 3429 44 F: 7 
3424 5 3429 97 F: 4 1 
3474 10 3494 265 F: 3 3 4 
3479 9 3506 195 F: 6 3 
3486 7 3514 251 F: 2 3 2 
3505 7 3519 165 F: 4 2 1 
3517 10 3527 151 F: 3 3 4 
3565 8 3581 97 F: 5 2 1 
3570 8 3586 342 F: 5 1 2 
3583 3 3589 108 F: 3 
3611 2 3615 45 F: 2 
3635 8 3651 302 F: 3 5 
3672 9 3699 195 F: 5 1 3 
3677 9 3686 43 F: 7 2 
3697 5 3717 230 F: 2 3 
3703 6 3709 5 F: 2 4 
3704 7 3718 321 F: 3 4 
3724 6 3748 325 F: 6 
3745 9 3754 73 F: 4 3 2 
3781 9 3799 235 F: 7 2 
3823 4 3827 128 F: 4 
3841 9 3868 22 F: 3 6 
3845 10 3855 103 F: 5 5 
3861 9 3897 108 F: 4 5 
3888 13 3901 248 F: 13 
3927 11 3971 102 F: 4 4 3 
3928 5 3948 98 F: 5 
3972 7 4000 196 F: 2 2 3 
3977 10 4007 251 F: 4 2 4 
3991 11 4024 210 F: 11 
4008 4 4020 19 F: 4 
4019 8 4051 122 F: 3 1 4 
4023 10 4063 184 F: 10 
4074 6 4086 326 F: 3 1 2 
4092 9 4128 35 F: 4 5 
4101 11 4134 274 F: 6 5 
4118 6 4136 231 F: 6 
4167 9 4194 109 F: 4 1 4 
4187 4 4195 281 F: 3 1 
4192 9 4228 216 F: 9 
4205 9 4223 374 F: 2 4 3 
4217 7 4224 362 F: 7 
4251 10 4281 130 F: 2 4 4 
4279 8 4311 180 F: 2 3 3 
4298 8 4306 265 F: 4 4 
4300 11 4333 28 F: 4 3 4 
4327 10 4347 304 F: 5 4 1 
4362 11 4406 115 F: 7 4 
4368 5 4388 185 F: 4 1 
4373 9 4409 240 F: 3 2 4 
4417 6 4429 39 F: 6 
4434 11 4456 239 F: 11 
4437 11 4459 122 F: 3 4 4 
4451 6 4475 130 F: 4 2 
4465 7 4479 156 F: 7 
4503 4 4515 102 F: 2 2 
4510 9 4546 49 F: 7 2 
4518 12 4530 206 F: 6 6 
4554 10 4574 173 F: 5 4 1 
4598 10 4618 317 F: 5 5 
4602 10 4612 355 F: 4 3 3 
4609 7 4630 279 F: 4 2 1 
4620 8 4628 220 F: 2 6 
4625 5 4630 158 F: 5 
4626 11 4637 90 F: 6 5 
4727 7 4741 42 F: 4 3 
4748 5 4768 7 F: 5 
4755 13 4794 273 F: 13 
4777 9 4813 225 F: 3 3 3 
4799 8 4823 328 F: 8 
4806 13 4819 34 F: 13 
4830 6 4848 14 F: 2 3 1 
4841 8 4873 248 F: 8 
4842 13 4855 122 F: 7 6 
4863 4 4875 89 F: 3 1 
4900 8 4932 194 F: 3 3 2 
4931 2 4935 148 F: 2 
4948 4 4956 41 F: 4 
4948 5 4953 312 F: 2 2 1 
4999 8 5015 257 F: 4 1 3 
5020 8 5036 352 F: 3 4 1 
5021 8 5053 278 F: 2 4 2 
5023 12 5047 289 F: 6 6 
5024 8 5056 118 F: 5 3 
5076 8 5092 196 F: 4 1 3 
5118 7 5146 211 F: 3 4 
5144 6 5150 111 F: 2 2 2 
5161 11 5194 147 F: 11 
5168 2 5176 268 F: 2 
5181 11 5225 356 F: 6 5 
5210 4 5226 298 F: 2 2 
5237 7 5258 21 F: 2 5 
5255 9 5264 188 F: 5 3 1 
5267 13 5319 91 F: 13 
5273 12 5297 365 F: 12 
5321 12 5333 9 F: 5 4 3 
5323 13 5336 37 F: 7 6 
5350 12 5362 253 F: 12 
5365 11 5376 58 F: 5 6 
5389 10 5419 282 F: 4 2 4 
5411 7 5432 179 F: 2 5 
5421 4 5425 381 F: 3 1 
5458 10 5498 12 F: 10 
5463 9 5481 29 F: 5 4 
5491 8 5523 244 F: 2 3 3 
5528 12 5552 292 F: 12 
5538 6 5562 195 F: 2 2 2 
5541 9 5577 391 F: 9 
5546 12 5570 165 F: 12 
5584 13 5610 63 F: 5 4 4 
5628 10 5658 270 F: 4 6 
5632 8 5664 46 F: 3 5 
5658 7 5672 226 F: 2 4 1 
5659 12 5707 291 F: 12 
5667 8 5683 223 F: 5 2 1 
5732 11 5765 260 F: 3 4 4 
5752 4 5768 383 F: 2 2 
5761 5 5766 204 F: 3 2 
5788 2 5796 388 F: 2 
5798 9 5807 111 F: 3 2 4 
5801 10 5811 247 F: 4 6 
5806 8 5822 92 F: 8 
5807 7 5828 129 F: 5 2 
5879 4 5883 266 F: 2 1 1 
5890 10 5910 160 F: 6 4 
5902 5 5922 179 F: 2 3 
5902 12 5914 198 F: 7 5 
5943 12 5967 368 F: 7 5 
5952 6 5958 306 F: 6 
5990 3 5996 298 F: 3 
6016 9 6052 249 F: 9 
6036 6 6042 44 F: 2 4 
6042 7 6049 293 F: 3 1 3 
6072 7 6086 78 F: 7 
6076 7 6097 175 F: 2 5 
6129 10 6169 301 F: 10 
6148 8 6156 30 F: 2 3 3 
6166 7 6194 200 F: 2 3 2 
6172 10 6182 168 F: 3 3 4 
6177 7 6198 246 F: 5 1 1 
6202 11 6213 140 F: 11 
6217 7 6231 289 F: 2 3 2 
6223 7 6230 114 F: 5 1 1 
6254 9 6272 293 F: 3 4 2 
6273 10 6283 392 F: 5 2 3 
6307 8 6315 143 F: 7 1 
6374 10 6404 261 F: 3 3 4 
6378 7 6392 175 F: 7 
6380 4 6384 270 F: 3 1 
6380 6 6392 29 F: 6 
6404 9 6422 117 F: 9 
6421 11 6454 339 F: 5 6 
6438 10 6448 5 F: 7 3 
6455 8 6463 286 F: 6 2 
6495 7 6509 180 F: 2 5 
6509 13 6561 99 F: 7 6 
6525 6 6543 249 F: 6 
6526 7 6533 131 F: 3 3 1 
6563 10 6603 187 F: 5 3 2 
6591 5 6606 299 F: 3 2 
6625 13 6651 366 F: 13 
6630 6 6642 194 F: 4 2 
6652 11 6663 259 F: 5 6 
6681 5 6701 208 F: 2 2 1 
6686 10 6706 381 F: 10 
6705 7 6733 81 F: 4 1 2 
6711 9 6747 246 F: 6 3 
6753 9 6780 89 F: 9 
6757 8 6789 361 F: 4 4 
6796 10 6816 306 F: 3 3 4 
6853 13 6892 54 F: 13 
6865 11 6909 282 F: 4 4 3 
6868 10 6878 289 F: 5 2 3 
6872 9 6890 33 F: 4 4 1 
6893 7 6921 261 F: 2 3 2 
6959 12 6983 178 F: 12 
6968 13 7007 362 F: 13 
6971 4 6975 152 F: 4 
6977 13 6990 243 F: 13 
6996 8 7028 346 F: 2 6 
7054 6 7072 188 F: 2 4 
7060 9 7069 80 F: 9 
7072 8 7104 55 F: 8 
7076 5 7086 308 F: 5 
7090 9 7117 197 F: 5 4 
7105 10 7135 343 F: 10 
7123 13 7149 127 F: 13 
7155 5 7165 259 F: 3 1 1 
7175 7 7203 218 F: 4 1 2 
7193 11 7215 93 F: 4 3 4 
7223 10 7243 368 F: 7 3 
7233 13 7246 275 F: 13 
7243 7 7264 134 F: 7 
7276 7 7304 192 F: 7 
7287 8 7319 395 F: 2 3 3 
7324 11 7335 340 F: 5 3 3 
7326 6 7350 132 F: 2 3 1 
7344 11 7388 278 F: 4 3 4 
7350 7 7357 141 F: 7 
7369 5 7374 233 F: 4 1 
7403 12 7415 192 F: 12 
7411 9 7438 43 F: 9 
7439 8 7463 191 F: 3 5 
7469 6 7493 292 F: 2 4 
7490 11 7512 95 F: 11 
7517 11 7561 66 F: 5 3 3 
7533 5 7548 36 F: 5 
7545 4 7561 276 F: 2 1 1 
7576 11 7598 242 F: 11 
7584 8 7608 372 F: 5 3 
7634 11 7645 57 F: 6 5 
7643 10 7673 334 F: 10 
7649 3 7652 378 F: 3 
7664 5 7684 149 F: 2 3 
7698 12 7722 128 F: 12 
7710 7 7724 62 F: 2 3 2 
7721 11 7732 303 F: 5 6 
7740 8 7764 342 F: 4 4 
7749 9 7767 122 F: 9 
7764 7 7792 134 F: 4 3 
7852 9 7879 193 F: 3 4 2 
7881 5 7896 360 F: 5 
7887 7 7901 39 F: 2 1 4 
7896 3 7899 289 F: 3 
7899 9 7917 379 F: 5 4 
7917 8 7941 70 F: 3 4 1 
7926 9 7944 316 F: 2 3 4 
7965 4 7969 347 F: 2 2 
7971 3 7977 331 F: 3 
7979 6 7997 12 F: 5 1 
D: 4 123 
D: 10 264 
D: 21 114 
D: 30 275 
D: 35 266 
D: 37 76 
D: 44 368 
D: 45 289 
D: 45 358 
D: 48 165 
D: 48 230 
D: 59 356 
D: 61 308 
D: 63 188 
D: 82 143 
D: 85 233 
D: 103 175 
D: 112 198 
D: 114 264 
D: 117 394 
D: 126 235 
D: 135 389 
D: 136 199 
D: 152 214 
D: 153 216 
D: 155 193 
D: 155 318 
D: 166 312 
D: 167 398 
D: 170 214 
D: 173 353 
D: 184 222 
D: 202 235 
D: 216 399 
D: 248 277 
D: 255 287 
D: 255 313 
D: 283 351 
D: 301 310 
D: 309 395 
