30 8 38 265 F: 4 4 
50 11 72 96 F: 4 3 4 
61 4 77 294 F: 4 
72 5 77 155 F: 5 
76 7 83 387 F: 7 
120 12 156 300 F: 12 
127 8 159 230 F: 2 4 2 
151 8 175 19 F: 5 1 2 
153 11 164 362 F: 11 
179 8 203 35 F: 2 6 
211 7 225 269 F: 7 
214 5 224 89 F: 2 3 
233 6 251 82 F: 6 
267 12 279 18 F: 12 
280 5 295 115 F: 3 1 1 
307 3 316 67 F: 3 
324 2 332 407 F: 2 
362 11 395 13 F: 7 4 
366 3 369 446 F: 2 1 
380 11 391 232 F: 7 4 
407 5 422 122 F: 4 1 
415 10 435 78 F: 5 2 3 
426 3 432 348 F: 3 
455 7 462 372 F: 7 
485 6 497 337 F: 6 
507 8 531 23 F: 3 1 4 
525 7 532 263 F: 7 
569 3 581 283 F: 3 
584 10 624 152 F: 6 4 
591 7 619 251 F: 6 1 
607 10 617 68 F: 4 6 
614 9 623 112 F: 7 2 
614 11 658 140 F: 4 3 4 
645 5 650 128 F: 4 1 
674 10 704 112 F: 3 3 4 
704 8 736 34 F: 8 
715 5 720 129 F: 2 3 
742 7 763 130 F: 3 4 
774 10 804 229 F: 3 4 3 
784 9 793 130 F: 3 2 4 
825 10 855 68 F: 4 2 4 
862 8 870 175 F: 8 
869 11 880 147 F: 3 4 4 
873 10 913 61 F: 10 
875 8 883 375 F: 3 5 
903 12 951 61 F: 12 
907 13 933 309 F: 5 4 4 
955 10 995 53 F: 10 
976 10 986 74 F: 5 5 
999 2 1007 64 F: 2 
1015 7 1043 235 F: 4 2 1 
1071 9 1080 283 F: 9 
1080 2 1086 236 F: 2 
1084 6 1102 219 F: 2 2 2 
1097 6 1103 395 F: 3 2 1 
1119 9 1155 320 F: 3 3 3 
1165 7 1172 155 F: 3 2 2 
1181 7 1195 26 F: 7 
1194 8 1218 267 F: 8 
1195 4 1207 66 F: 2 1 1 
1212 11 1234 156 F: 11 
1228 11 1261 47 F: 11 
1238 10 1248 161 F: 4 6 
1241 7 1248 274 F: 4 3 
1292 9 1319 167 F: 9 
1305 2 1313 369 F: 2 
1338 12 1374 112 F: 12 
1341 13 1380 439 F: 13 
1352 11 1374 139 F: 5 6 
1356 7 1377 378 F: 2 1 4 
1409 7 1437 305 F: 2 3 2 
1430 7 1444 54 F: 5 2 
1449 9 1458 431 F: 4 4 1 
1453 8 1477 91 F: 5 3 
1483 10 1523 93 F: 6 4 
1508 6 1526 312 F: 2 4 
1510 10 1540 346 F: 10 
1574 5 1594 91 F: 2 2 1 
1584 5 1599 264 F: 2 3 
1591 6 1609 46 F: 6 
1622 13 1635 349 F: 13 
1659 9 1668 412 F: 5 1 3 
1670 4 1678 200 F: 2 2 
1696 10 1726 174 F: 5 5 
1697 9 1706 175 F: 9 
1706 6 1724 448 F: 6 
1742 9 1760 370 F: 7 2 
1760 9 1769 360 F: 7 2 
1774 3 1780 188 F: 2 1 
1792 7 1806 438 F: 4 3 
1844 10 1874 153 F: 5 3 2 
1860 6 1866 241 F: 2 1 3 
1862 6 1874 442 F: 5 1 
1872 12 1884 429 F: 5 3 4 
1880 9 1889 393 F: 2 4 3 
1903 7 1931 332 F: 6 1 
1920 12 1932 420 F: 6 6 
1933 3 1936 408 F: 3 
1938 10 1978 156 F: 4 6 
1956 3 1968 71 F: 3 
2048 10 2068 147 F: 10 
2056 9 2083 5 F: 9 
2056 13 2082 109 F: 13 
2059 8 2083 71 F: 5 3 
2061 10 2081 303 F: 5 2 3 
2106 8 2122 335 F: 4 1 3 
2113 11 2146 262 F: 4 3 4 
2115 13 2154 177 F: 13 
2120 4 2132 419 F: 4 
2193 8 2209 366 F: 8 
2219 5 2239 220 F: 2 1 2 
2229 10 2249 370 F: 2 4 4 
2232 5 2247 359 F: 2 3 
2241 12 2253 44 F: 5 3 4 
2254 8 2286 88 F: 8 
2310 4 2322 392 F: 2 2 
2346 6 2370 27 F: 5 1 
2348 10 2388 112 F: 3 3 4 
2368 7 2382 360 F: 4 2 1 
2399 10 2419 10 F: 6 4 
2430 9 2439 366 F: 9 
2435 7 2449 182 F: 4 1 2 
2468 5 2478 85 F: 3 1 1 
2473 6 2485 46 F: 2 1 3 
2487 7 2494 244 F: 2 1 4 
2517 9 2553 66 F: 5 2 2 
2530 12 2566 115 F: 12 
2540 5 2550 266 F: 3 2 
2542 13 2555 21 F: 13 
2582 7 2603 78 F: 3 1 3 
2616 9 2625 360 F: 4 4 1 
2617 9 2653 126 F: 5 4 
2654 5 2659 404 F: 2 1 2 
2654 12 2678 102 F: 12 
2689 12 2713 87 F: 4 4 4 
2724 11 2757 419 F: 5 3 3 
2729 3 2735 91 F: 3 
2733 6 2745 60 F: 3 1 2 
2738 7 2759 208 F: 2 3 2 
2793 9 2829 222 F: 5 4 
2805 9 2823 139 F: 4 3 2 
2823 12 2835 346 F: 5 3 4 
2826 8 2858 47 F: 8 
2882 8 2906 252 F: 3 1 4 
2887 11 2920 135 F: 11 
2908 3 2914 415 F: 3 
2910 13 2949 408 F: 13 
2936 10 2946 287 F: 10 
2940 11 2973 264 F: 11 
2978 7 3006 200 F: 7 
3042 9 3069 19 F: 7 2 
3072 7 3100 22 F: 2 5 
3078 7 3106 261 F: 7 
3084 9 3093 318 F: 9 
3096 8 3104 156 F: 2 4 2 
3104 10 3124 332 F: 5 2 3 
3148 7 3155 430 F: 3 1 3 
3161 4 3177 246 F: 4 
3163 7 3170 352 F: 4 3 
3194 10 3234 190 F: 10 
3242 10 3282 6 F: 5 5 
3255 6 3267 32 F: 6 
3259 6 3271 305 F: 6 
3262 11 3306 299 F: 5 2 4 
3266 5 3271 34 F: 2 3 
3318 6 3324 446 F: 3 2 1 
3324 13 3337 421 F: 5 4 4 
3343 7 3350 363 F: 7 
3372 9 3381 39 F: 3 4 2 
3392 7 3406 293 F: 5 2 
3422 8 3454 45 F: 5 3 
3435 3 3438 135 F: 3 
3450 11 3461 206 F: 11 
3478 12 3502 172 F: 12 
3486 11 3530 33 F: 11 
3564 6 3570 90 F: 5 1 
3577 5 3597 284 F: 3 2 
3582 4 3594 98 F: 4 
3586 6 3604 172 F: 2 2 2 
3588 4 3596 100 F: 4 
3635 12 3647 309 F: 5 4 3 
3642 7 3663 75 F: 2 5 
3655 8 3671 169 F: 8 
3657 8 3665 40 F: 7 1 
3691 4 3707 281 F: 2 2 
3726 9 3744 384 F: 9 
3728 6 3752 136 F: 3 3 
3766 6 3778 157 F: 6 
3789 7 3817 367 F: 2 5 
3790 5 3805 150 F: 2 3 
3805 6 3829 327 F: 3 3 
3819 10 3849 340 F: 5 5 
3823 9 3850 304 F: 4 1 4 
3869 7 3890 437 F: 5 2 
3892 6 3910 40 F: 4 1 1 
3926 8 3958 383 F: 2 6 
3952 8 3968 364 F: 8 
3980 8 3988 144 F: 5 2 1 
3982 3 3988 214 F: 3 
3982 8 3990 438 F: 4 2 2 
4011 9 4029 51 F: 4 4 1 
4034 6 4040 45 F: 6 
4050 7 4078 310 F: 3 4 
4057 7 4085 1 F: 2 2 3 
4090 2 4092 405 F: 2 
4107 11 4140 307 F: 11 
4123 12 4171 380 F: 12 
4135 8 4167 227 F: 4 2 2 
4166 8 4198 320 F: 8 
4169 8 4177 118 F: 4 3 1 
4214 11 4225 128 F: 5 2 4 
4218 9 4254 363 F: 4 5 
4220 5 4240 350 F: 3 1 1 
4253 7 4267 92 F: 7 
4271 10 4291 69 F: 4 2 4 
4308 7 4336 418 F: 4 3 
4310 8 4342 174 F: 2 3 3 
4320 7 4327 172 F: 2 2 3 
4376 9 4394 147 F: 5 1 3 
4379 7 4400 371 F: 7 
4410 9 4419 180 F: 4 2 3 
4414 3 4420 365 F: 3 
4433 9 4442 396 F: 6 3 
4472 8 4504 101 F: 8 
4488 13 4514 50 F: 7 6 
4539 13 4565 218 F: 5 4 4 
4550 7 4578 283 F: 2 4 1 
4560 10 4570 185 F: 4 6 
4593 12 4605 258 F: 12 
4595 7 4609 103 F: 3 4 
4618 8 4626 203 F: 6 2 
4623 11 4667 167 F: 7 4 
4628 11 4672 188 F: 11 
4637 5 4647 154 F: 3 2 
4691 12 4703 332 F: 4 4 4 
4701 4 4709 204 F: 4 
4719 3 4722 253 F: 3 
4765 2 4771 319 F: 2 
4773 4 4789 20 F: 2 2 
4774 11 4807 200 F: 3 4 4 
4813 9 4822 87 F: 3 6 
4820 6 4838 272 F: 5 1 
4879 5 4894 45 F: 3 2 
4882 8 4898 420 F: 4 2 2 
4885 10 4895 150 F: 4 6 
4927 5 4947 360 F: 5 
4928 9 4955 298 F: 9 
4936 6 4954 294 F: 6 
4941 9 4950 93 F: 9 
4959 11 5003 18 F: 5 6 
5021 5 5041 428 F: 5 
5021 12 5069 66 F: 12 
5026 12 5038 242 F: 6 6 
5080 11 5124 375 F: 6 5 
5099 7 5120 139 F: 2 4 1 
5114 7 5142 24 F: 2 5 
5131 8 5139 449 F: 3 4 1 
5134 8 5150 185 F: 4 2 2 
5165 6 5183 450 F: 3 3 
5173 7 5187 135 F: 3 1 3 
5262 4 5278 166 F: 3 1 
5269 8 5285 25 F: 8 
5282 5 5297 448 F: 4 1 
5283 4 5295 348 F: 4 
5291 8 5323 24 F: 3 3 2 
5327 7 5334 257 F: 5 1 1 
5335 10 5375 276 F: 10 
5382 4 5386 369 F: 4 
5383 8 5415 434 F: 5 1 2 
5391 6 5415 172 F: 2 3 1 
5403 7 5424 390 F: 6 1 
5414 9 5432 233 F: 5 4 
5438 4 5450 320 F: 4 
5450 12 5462 258 F: 12 
5474 3 5483 237 F: 3 
5532 11 5554 410 F: 5 6 
5537 12 5561 354 F: 12 
5581 10 5621 10 F: 5 5 
5590 3 5593 216 F: 3 
5598 10 5608 398 F: 10 
5623 10 5653 22 F: 3 3 4 
5632 6 5638 335 F: 4 2 
5648 7 5676 151 F: 3 4 
5664 5 5684 164 F: 2 2 1 
5669 7 5690 81 F: 2 1 4 
5718 3 5727 246 F: 3 
5741 5 5761 356 F: 3 2 
5752 10 5792 137 F: 2 4 4 
5782 9 5818 362 F: 3 2 4 
5791 5 5796 98 F: 2 3 
5806 9 5815 407 F: 9 
5811 8 5843 274 F: 3 3 2 
5828 5 5833 376 F: 3 2 
5854 13 5867 68 F: 13 
5897 13 5923 331 F: 13 
5942 6 5948 91 F: 2 2 2 
5958 9 5994 65 F: 4 2 3 
5958 11 5980 343 F: 5 6 
5963 6 5975 432 F: 6 
5970 6 5976 25 F: 6 
6009 10 6049 390 F: 10 
6028 7 6049 137 F: 4 3 
6045 12 6093 434 F: 5 3 4 
6055 11 6088 273 F: 7 4 
6077 8 6093 273 F: 5 2 1 
6129 7 6157 124 F: 4 3 
6132 6 6156 24 F: 3 3 
6132 13 6145 403 F: 13 
6157 8 6173 97 F: 7 1 
6174 5 6184 248 F: 4 1 
6218 13 6244 404 F: 13 
6244 8 6252 288 F: 3 1 4 
6262 6 6280 147 F: 2 4 
6265 9 6292 255 F: 5 1 3 
6297 8 6305 365 F: 4 2 2 
6302 9 6311 19 F: 6 3 
6323 11 6345 192 F: 5 6 
6333 6 6345 78 F: 6 
6387 8 6411 404 F: 8 
6398 10 6438 69 F: 10 
6403 8 6435 62 F: 5 2 1 
6415 6 6427 354 F: 6 
6432 11 6454 5 F: 5 2 4 
6439 3 6442 44 F: 3 
6499 13 6551 70 F: 7 6 
6502 13 6515 211 F: 13 
6543 9 6552 343 F: 4 5 
6554 5 6564 370 F: 4 1 
6560 6 6566 154 F: 3 2 1 
6591 9 6600 66 F: 7 2 
6613 6 6619 54 F: 2 2 2 
6622 7 6636 262 F: 4 1 2 
6639 9 6657 183 F: 5 4 
6667 9 6685 231 F: 4 5 
6696 11 6729 223 F: 11 
6710 5 6730 388 F: 4 1 
6725 8 6741 344 F: 2 6 
6736 7 6750 12 F: 7 
6785 12 6809 209 F: 12 
6787 9 6823 369 F: 2 4 3 
6803 7 6831 327 F: 7 
6825 13 6838 181 F: 13 
6852 6 6858 278 F: 3 3 
6859 11 6903 330 F: 11 
6897 13 6910 118 F: 7 6 
6907 3 6913 228 F: 3 
6907 9 6934 75 F: 5 3 1 
6935 9 6953 257 F: 5 1 3 
6937 7 6944 8 F: 7 
6964 11 6997 297 F: 11 
7024 3 7027 163 F: 3 
7043 5 7048 240 F: 3 2 
7045 8 7077 336 F: 7 1 
7061 6 7073 449 F: 2 4 
7097 10 7117 13 F: 4 3 3 
7105 8 7137 26 F: 7 1 
7172 7 7200 415 F: 3 1 3 
7174 10 7194 39 F: 6 4 
7194 7 7208 95 F: 3 2 2 
7194 13 7220 280 F: 13 
7203 2 7211 187 F: 2 
7214 8 7246 291 F: 3 4 1 
7231 13 7283 275 F: 13 
7253 10 7283 316 F: 5 4 1 
7298 9 7325 196 F: 3 2 4 
7322 9 7331 319 F: 4 4 1 
7341 4 7345 27 F: 4 
7365 7 7393 223 F: 2 2 3 
7377 7 7384 382 F: 5 2 
7386 8 7402 334 F: 8 
7433 5 7448 422 F: 2 1 2 
7451 11 7473 155 F: 5 4 2 
7464 11 7475 335 F: 11 
7471 10 7491 53 F: 5 1 4 
7488 7 7502 44 F: 4 3 
7504 6 7528 48 F: 5 1 
7567 8 7591 97 F: 5 2 1 
7567 8 7599 251 F: 4 1 3 
7592 10 7632 246 F: 10 
7595 13 7621 145 F: 13 
7606 2 7610 172 F: 2 
7650 5 7655 412 F: 2 2 1 
7673 6 7697 419 F: 4 2 
7679 10 7719 276 F: 7 3 
7699 11 7743 50 F: 3 4 4 
7722 13 7761 389 F: 13 
7766 9 7775 104 F: 3 3 3 
7777 10 7787 221 F: 5 5 
7778 7 7792 247 F: 7 
7790 7 7818 276 F: 2 2 3 
7812 6 7836 180 F: 5 1 
7826 9 7862 389 F: 9 
7837 13 7889 445 F: 7 6 
7883 9 7919 29 F: 5 2 2 
7893 12 7905 395 F: 12 
7901 11 7923 263 F: 5 4 2 
7905 7 7919 11 F: 6 1 
7921 13 7947 177 F: 13 
7936 11 7969 207 F: 11 
7969 6 7975 354 F: 6 
8001 5 8016 56 F: 4 1 
8004 5 8024 376 F: 5 
8009 7 8037 343 F: 2 3 2 
8026 8 8050 252 F: 8 
8082 5 8087 95 F: 5 
8104 6 8110 272 F: 6 
8111 5 8126 101 F: 5 
8146 7 8174 146 F: 3 4 
8150 12 8186 220 F: 5 3 4 
8183 8 8207 254 F: 7 1 
8248 7 8269 394 F: 7 
8252 7 8266 280 F: 4 3 
8274 5 8284 228 F: 3 1 1 
8284 13 8297 10 F: 7 6 
8289 8 8305 88 F: 7 1 
8305 8 8329 167 F: 5 2 1 
8308 5 8318 68 F: 5 
8314 11 8347 284 F: 4 4 3 
8338 3 8350 45 F: 3 
8377 7 8398 270 F: 4 3 
8432 7 8446 320 F: 3 4 
8434 3 8437 112 F: 3 
8453 10 8473 307 F: 7 3 
8476 7 8490 416 F: 5 2 
8499 9 8508 165 F: 9 
8520 3 8526 41 F: 2 1 
8520 12 8544 301 F: 12 
8533 7 8540 149 F: 2 3 2 
8589 6 8601 246 F: 3 2 1 
8593 8 8609 146 F: 2 6 
8629 6 8647 179 F: 4 1 1 
8656 8 8680 10 F: 4 4 
8656 10 8666 332 F: 6 4 
8656 11 8700 374 F: 11 
8679 7 8700 166 F: 4 2 1 
8702 12 8738 66 F: 5 3 4 
8705 4 8713 71 F: 2 2 
8744 10 8764 293 F: 2 4 4 
8745 6 8769 350 F: 4 1 1 
8794 7 8822 283 F: 2 1 4 
8800 8 8816 242 F: 3 1 4 
8820 8 8852 327 F: 3 3 2 
8886 7 8900 187 F: 4 2 1 
8892 11 8914 183 F: 5 2 4 
8899 6 8923 351 F: 3 2 1 
8926 7 8940 121 F: 4 3 
8926 9 8962 191 F: 4 3 2 
8972 12 8984 2 F: 6 6 
8978 7 9006 375 F: 4 3 
8985 7 8999 109 F: 6 1 
D: 4 363 
D: 7 391 
D: 8 375 
D: 9 123 
D: 18 339 
D: 29 448 
D: 30 364 
D: 44 166 
D: 49 273 
D: 56 143 
D: 57 427 
D: 57 449 
D: 60 237 
D: 82 319 
D: 89 206 
D: 90 252 
D: 96 102 
D: 102 369 
D: 106 311 
D: 108 128 
D: 115 326 
D: 119 240 
D: 127 236 
D: 132 278 
D: 172 359 
D: 172 436 
D: 177 403 
D: 186 324 
D: 187 276 
D: 191 318 
D: 206 354 
D: 207 245 
D: 207 417 
D: 220 263 
D: 226 449 
D: 239 317 
D: 266 443 
D: 288 351 
D: 316 394 
D: 328 381 
D: 373 413 
D: 373 433 
D: 373 442 
D: 376 431 
D: 383 385 
