37 4 45 166 F: 4 
47 7 68 41 F: 2 3 2 
59 9 86 106 F: 4 2 3 
73 7 94 291 F: 2 1 4 
84 9 120 258 F: 7 2 
131 7 145 66 F: 7 
152 12 200 274 F: 5 3 4 
154 5 169 419 F: 3 1 1 
166 9 175 290 F: 2 4 3 
183 5 198 181 F: 4 1 
203 3 215 248 F: 3 
249 10 259 383 F: 5 5 
251 8 267 53 F: 5 3 
255 6 279 107 F: 4 1 1 
264 2 266 417 F: 2 
306 10 316 356 F: 3 4 3 
313 7 341 282 F: 4 1 2 
333 6 357 105 F: 6 
350 12 398 60 F: 5 4 3 
390 3 402 270 F: 3 
401 10 441 12 F: 2 4 4 
409 11 431 203 F: 6 5 
416 7 444 23 F: 2 1 4 
446 4 454 131 F: 3 1 
489 4 497 150 F: 4 
513 6 531 274 F: 2 3 1 
523 8 539 329 F: 8 
537 10 557 9 F: 5 2 3 
571 3 583 6 F: 3 
581 6 587 116 F: 4 2 
612 6 630 32 F: 2 4 
623 13 662 40 F: 13 
627 9 645 4 F: 4 5 
629 9 665 137 F: 5 3 1 
699 6 705 219 F: 3 2 1 
711 7 739 375 F: 2 3 2 
724 9 733 78 F: 7 2 
760 4 768 359 F: 3 1 
775 9 784 340 F: 9 
795 11 817 205 F: 11 
822 6 834 70 F: 4 2 
843 10 863 176 F: 5 2 3 
849 8 873 378 F: 8 
865 8 897 7 F: 8 
886 4 890 210 F: 4 
906 9 915 390 F: 2 3 4 
909 11 953 94 F: 5 6 
934 7 955 397 F: 2 4 1 
967 9 985 293 F: 3 2 4 
977 9 1004 239 F: 5 3 1 
1020 7 1027 304 F: 2 5 
1024 7 1052 247 F: 2 4 1 
1033 10 1073 309 F: 5 1 4 
1036 8 1060 61 F: 2 3 3 
1080 2 1082 262 F: 2 
1125 8 1141 333 F: 3 5 
1133 4 1137 115 F: 3 1 
1138 7 1145 66 F: 4 3 
1172 9 1199 203 F: 4 4 1 
1178 9 1214 445 F: 4 5 
1218 10 1228 187 F: 5 4 1 
1228 6 1246 236 F: 6 
1242 10 1272 41 F: 6 4 
1270 3 1273 274 F: 3 
1273 11 1306 198 F: 3 4 4 
1312 9 1321 426 F: 7 2 
1368 10 1408 406 F: 10 
1372 6 1390 300 F: 6 
1372 9 1408 336 F: 4 3 2 
1397 9 1406 99 F: 3 3 3 
1413 13 1426 252 F: 13 
1437 12 1473 288 F: 5 4 3 
1439 3 1445 264 F: 3 
1471 8 1503 390 F: 3 1 4 
1481 9 1499 52 F: 9 
1528 3 1531 199 F: 2 1 
1556 7 1570 210 F: 3 4 
1560 7 1581 423 F: 2 4 1 
1563 12 1611 381 F: 4 4 4 
1599 6 1611 38 F: 2 3 1 
1608 5 1623 6 F: 3 1 1 
1608 11 1630 212 F: 11 
1664 2 1666 159 F: 2 
1674 7 1695 384 F: 2 4 1 
1694 8 1702 436 F: 6 2 
1713 2 1715 116 F: 2 
1716 8 1740 153 F: 2 6 
1716 12 1764 336 F: 5 3 4 
1723 11 1767 316 F: 7 4 
1769 7 1783 336 F: 7 
1802 8 1810 384 F: 4 2 2 
1808 6 1814 43 F: 4 2 
1821 2 1823 140 F: 2 
1863 11 1907 259 F: 11 
1895 6 1901 229 F: 3 3 
1908 11 1919 244 F: 11 
1911 8 1919 65 F: 3 1 4 
1970 10 1990 397 F: 2 4 4 
1992 5 1997 226 F: 4 1 
1999 12 2011 356 F: 12 
2004 6 2028 125 F: 2 4 
2052 13 2091 112 F: 13 
2053 6 2059 202 F: 6 
2082 8 2114 341 F: 2 2 4 
2094 4 2110 260 F: 2 2 
2124 10 2164 380 F: 10 
2155 4 2159 214 F: 4 
2157 9 2175 369 F: 3 2 4 
2192 9 2201 248 F: 3 4 2 
2194 11 2227 401 F: 5 3 3 
2263 9 2299 359 F: 9 
2272 4 2276 437 F: 4 
2278 7 2306 102 F: 4 1 2 
2279 13 2305 196 F: 7 6 
2280 11 2302 257 F: 11 
2306 4 2314 22 F: 4 
2312 6 2336 201 F: 6 
2339 7 2353 101 F: 4 1 2 
2344 4 2352 310 F: 3 1 
2348 2 2354 205 F: 2 
2406 4 2410 165 F: 3 1 
2449 9 2476 198 F: 3 6 
2458 6 2470 138 F: 6 
2489 9 2516 244 F: 3 6 
2499 11 2543 330 F: 11 
2535 9 2562 221 F: 5 3 1 
2545 3 2548 178 F: 3 
2561 9 2597 117 F: 2 4 3 
2578 8 2594 328 F: 8 
2594 7 2608 348 F: 7 
2602 8 2626 72 F: 8 
2619 5 2639 447 F: 4 1 
2622 10 2662 387 F: 5 4 1 
2631 5 2646 200 F: 2 3 
2660 11 2693 321 F: 11 
2726 13 2765 203 F: 13 
2728 12 2764 132 F: 12 
2746 9 2782 156 F: 4 3 2 
2774 12 2786 427 F: 6 6 
2789 9 2798 346 F: 4 5 
2812 9 2821 446 F: 3 2 4 
2852 8 2884 200 F: 3 5 
2854 11 2898 350 F: 4 4 3 
2874 5 2889 348 F: 2 3 
2897 11 2930 435 F: 5 2 4 
2918 7 2939 63 F: 2 2 3 
2937 8 2961 64 F: 6 2 
2943 7 2971 250 F: 2 2 3 
2944 8 2960 351 F: 8 
2982 4 2998 300 F: 3 1 
3009 8 3017 262 F: 3 2 3 
3019 13 3045 292 F: 13 
3039 8 3047 314 F: 7 1 
3070 7 3091 434 F: 5 1 1 
3071 7 3099 326 F: 5 1 1 
3152 11 3185 228 F: 7 4 
3154 12 3166 91 F: 7 5 
3163 7 3184 253 F: 2 3 2 
3166 11 3199 115 F: 11 
3175 9 3184 448 F: 3 4 2 
3202 6 3214 306 F: 5 1 
3224 5 3229 266 F: 5 
3259 9 3277 159 F: 4 2 3 
3267 7 3295 365 F: 3 4 
3295 12 3307 118 F: 12 
3313 8 3345 149 F: 4 1 3 
3318 8 3350 402 F: 5 3 
3354 3 3363 294 F: 3 
3363 8 3387 8 F: 2 4 2 
3391 13 3417 22 F: 13 
3417 5 3437 102 F: 2 3 
3421 11 3454 324 F: 5 6 
3482 11 3493 62 F: 3 4 4 
3485 9 3503 351 F: 9 
3498 7 3505 176 F: 7 
3508 10 3538 132 F: 5 2 3 
3529 10 3559 100 F: 4 6 
3550 11 3583 236 F: 11 
3565 12 3613 120 F: 12 
3599 6 3605 101 F: 2 3 1 
3611 8 3635 398 F: 3 5 
3612 7 3640 290 F: 2 5 
3615 10 3635 211 F: 3 4 3 
3638 12 3674 330 F: 5 4 3 
3647 4 3663 303 F: 3 1 
3737 9 3773 289 F: 7 2 
3739 6 3751 301 F: 5 1 
3763 9 3781 135 F: 3 2 4 
3778 7 3799 120 F: 4 2 1 
3789 7 3796 212 F: 2 4 1 
3801 6 3819 4 F: 4 2 
3811 8 3819 329 F: 5 3 
3825 10 3835 127 F: 5 5 
3877 11 3899 56 F: 11 
3884 9 3902 420 F: 5 2 2 
3912 7 3933 345 F: 4 1 2 
3951 6 3975 206 F: 3 3 
3974 7 4002 171 F: 7 
3984 6 3990 47 F: 3 3 
3987 11 3998 353 F: 5 2 4 
4023 3 4032 268 F: 3 
4027 11 4049 426 F: 11 
4030 6 4054 180 F: 5 1 
4040 8 4048 60 F: 3 5 
4072 11 4083 142 F: 3 4 4 
4101 6 4113 57 F: 6 
4162 7 4190 72 F: 7 
4169 10 4179 207 F: 10 
4186 3 4195 274 F: 2 1 
4193 8 4209 377 F: 3 5 
4213 12 4249 187 F: 12 
4228 9 4246 82 F: 5 3 1 
4229 11 4262 91 F: 7 4 
4253 9 4280 378 F: 4 2 3 
4277 9 4295 314 F: 5 4 
4338 12 4386 310 F: 12 
4345 8 4353 319 F: 2 6 
4359 10 4399 355 F: 10 
4367 7 4388 358 F: 2 5 
4371 9 4398 205 F: 2 4 3 
4404 5 4424 113 F: 5 
4447 6 4453 396 F: 2 1 3 
4449 13 4475 202 F: 13 
4461 5 4466 55 F: 5 
4484 10 4504 326 F: 5 1 4 
4504 5 4509 416 F: 4 1 
4520 11 4564 175 F: 11 
4540 7 4554 438 F: 4 1 2 
4558 7 4579 435 F: 5 2 
4571 6 4577 152 F: 5 1 
4627 12 4651 154 F: 6 6 
4641 10 4681 294 F: 7 3 
4687 7 4708 359 F: 7 
4688 10 4728 43 F: 5 3 2 
4696 7 4703 328 F: 4 3 
4705 9 4741 122 F: 3 6 
4707 11 4740 321 F: 5 6 
4714 6 4720 222 F: 5 1 
4721 3 4724 209 F: 3 
4729 10 4759 253 F: 10 
4829 3 4838 130 F: 3 
4840 6 4852 146 F: 2 2 2 
4868 10 4898 332 F: 5 5 
4885 9 4921 215 F: 3 3 3 
4886 6 4898 367 F: 2 3 1 
4912 9 4930 239 F: 9 
4914 10 4944 105 F: 4 6 
4925 12 4973 408 F: 12 
4954 11 4998 332 F: 5 3 3 
4998 6 5004 44 F: 2 1 3 
5007 9 5043 210 F: 9 
5010 7 5017 197 F: 7 
5054 6 5060 219 F: 2 3 1 
5081 9 5117 442 F: 9 
5083 3 5095 116 F: 3 
5100 7 5128 188 F: 2 1 4 
5101 3 5104 133 F: 3 
5111 5 5131 364 F: 4 1 
5164 7 5178 202 F: 7 
5179 9 5197 338 F: 7 2 
5208 8 5216 89 F: 2 2 4 
5219 11 5252 402 F: 11 
5252 7 5273 104 F: 3 4 
5268 7 5275 101 F: 3 2 2 
5278 10 5318 8 F: 4 2 4 
5303 7 5310 2 F: 7 
5328 7 5349 398 F: 7 
5330 11 5341 180 F: 11 
5348 11 5370 287 F: 6 5 
5395 8 5419 241 F: 8 
5402 9 5411 394 F: 9 
5411 13 5437 229 F: 7 6 
5439 7 5453 146 F: 6 1 
5443 9 5470 139 F: 6 3 
5454 6 5478 19 F: 6 
5500 4 5512 418 F: 2 2 
5555 10 5595 77 F: 4 2 4 
5556 2 5558 76 F: 2 
5562 9 5571 16 F: 3 3 3 
5598 6 5604 409 F: 3 2 1 
5619 7 5626 113 F: 3 3 1 
5626 8 5650 215 F: 8 
5641 9 5650 181 F: 5 1 3 
5657 9 5693 196 F: 4 5 
5678 8 5694 111 F: 5 2 1 
5717 8 5741 20 F: 8 
5748 11 5781 150 F: 11 
5756 7 5770 246 F: 4 3 
5797 2 5805 52 F: 2 
5798 8 5806 324 F: 6 2 
5811 8 5843 118 F: 3 2 3 
5814 9 5850 335 F: 9 
5863 9 5881 94 F: 3 6 
5871 5 5881 312 F: 2 1 2 
5885 6 5909 184 F: 3 3 
5905 12 5941 22 F: 6 6 
5917 5 5927 392 F: 5 
5921 8 5929 301 F: 4 3 1 
5935 3 5941 428 F: 3 
5936 7 5964 190 F: 2 5 
6014 9 6023 115 F: 9 
6091 10 6131 161 F: 5 2 3 
6095 8 6111 234 F: 8 
6095 13 6147 273 F: 7 6 
6097 11 6108 287 F: 11 
6133 9 6169 31 F: 4 5 
6138 8 6170 296 F: 7 1 
6181 12 6229 361 F: 12 
6187 8 6195 238 F: 2 3 3 
6189 7 6196 104 F: 4 1 2 
6247 8 6263 176 F: 2 3 3 
6267 6 6273 137 F: 4 2 
6282 11 6326 393 F: 5 6 
6293 8 6317 397 F: 3 3 2 
6299 12 6335 22 F: 5 3 4 
6310 9 6346 348 F: 6 3 
6344 6 6362 339 F: 4 2 
6358 11 6380 264 F: 5 3 3 
6360 10 6390 272 F: 4 4 2 
6378 13 6417 79 F: 13 
6413 5 6433 300 F: 4 1 
6422 11 6433 303 F: 5 3 3 
6432 10 6472 193 F: 5 5 
6433 13 6472 68 F: 13 
6467 10 6507 289 F: 5 5 
6508 6 6526 101 F: 4 1 1 
6521 7 6549 282 F: 3 4 
6560 8 6592 250 F: 4 1 3 
6583 10 6593 75 F: 6 4 
6596 4 6604 207 F: 2 2 
6643 6 6667 175 F: 3 1 2 
6651 8 6675 416 F: 3 5 
6664 3 6667 185 F: 3 
6672 4 6688 188 F: 4 
6692 7 6713 247 F: 3 3 1 
6715 8 6739 104 F: 5 2 1 
6724 8 6748 251 F: 8 
6750 10 6790 118 F: 5 1 4 
6762 13 6801 217 F: 13 
6778 7 6785 310 F: 7 
6807 9 6825 95 F: 3 4 2 
6837 5 6857 242 F: 4 1 
6845 11 6889 294 F: 5 3 3 
6852 7 6859 373 F: 7 
6853 8 6861 194 F: 5 3 
6900 6 6918 56 F: 3 2 1 
6900 9 6936 96 F: 5 4 
6922 7 6929 407 F: 6 1 
6955 8 6963 22 F: 7 1 
6979 4 6983 206 F: 4 
7037 8 7061 438 F: 8 
7065 12 7089 224 F: 12 
7075 9 7102 184 F: 2 4 3 
7089 7 7117 156 F: 3 1 3 
7093 3 7105 82 F: 3 
7150 3 7159 178 F: 3 
7152 4 7164 85 F: 4 
7170 9 7206 181 F: 2 4 3 
7177 8 7209 149 F: 3 3 2 
7190 11 7212 305 F: 5 3 3 
7249 6 7267 182 F: 6 
7255 10 7285 178 F: 5 5 
7255 11 7288 10 F: 5 6 
7280 5 7295 294 F: 5 
7288 11 7310 398 F: 5 4 2 
7301 9 7337 216 F: 3 6 
7360 7 7381 251 F: 2 1 4 
7381 4 7397 203 F: 4 
7382 11 7393 368 F: 11 
7384 8 7416 307 F: 6 2 
7431 8 7455 22 F: 3 5 
7432 2 7434 291 F: 2 
7462 9 7489 99 F: 3 2 4 
7483 2 7485 311 F: 2 
7491 10 7521 286 F: 4 6 
7513 7 7534 259 F: 2 1 4 
7516 9 7543 120 F: 4 5 
7530 13 7543 234 F: 13 
7545 13 7597 266 F: 13 
7571 5 7586 334 F: 4 1 
7633 8 7649 268 F: 2 2 4 
7636 12 7684 368 F: 4 4 4 
7661 3 7667 51 F: 3 
7674 8 7706 24 F: 3 2 3 
7698 10 7718 73 F: 3 4 3 
7714 5 7724 167 F: 4 1 
7725 5 7745 222 F: 4 1 
7727 9 7754 193 F: 7 2 
7734 7 7762 327 F: 7 
7774 8 7798 108 F: 3 5 
7807 12 7855 9 F: 12 
7821 10 7841 178 F: 10 
7870 3 7873 345 F: 2 1 
7895 8 7927 168 F: 5 2 1 
7899 8 7923 293 F: 5 3 
7909 12 7957 249 F: 4 4 4 
7919 5 7924 82 F: 3 1 1 
7936 9 7954 395 F: 9 
7983 4 7995 195 F: 2 2 
7983 5 7993 27 F: 5 
8003 7 8010 277 F: 4 1 2 
8008 9 8017 381 F: 4 3 2 
8039 2 8047 233 F: 2 
8043 4 8059 330 F: 2 1 1 
8053 10 8083 95 F: 5 1 4 
8125 8 8149 275 F: 3 4 1 
8127 7 8155 368 F: 6 1 
8147 2 8149 447 F: 2 
8161 9 8188 24 F: 5 4 
8174 12 8210 219 F: 12 
8250 7 8278 110 F: 3 4 
8251 10 8291 179 F: 4 3 3 
8258 9 8294 99 F: 4 2 3 
8262 2 8264 238 F: 2 
8274 6 8280 88 F: 6 
8328 6 8352 46 F: 6 
8337 8 8369 248 F: 2 3 3 
8346 2 8350 348 F: 2 
8380 9 8389 414 F: 3 6 
8395 9 8404 186 F: 6 3 
8406 3 8415 200 F: 2 1 
8408 13 8434 197 F: 13 
8423 5 8433 141 F: 3 2 
8465 11 8487 92 F: 11 
8478 6 8490 30 F: 6 
8506 4 8518 274 F: 2 2 
8579 9 8606 318 F: 3 6 
8580 7 8594 36 F: 4 3 
8593 9 8620 28 F: 7 2 
8598 5 8613 176 F: 3 2 
8636 9 8654 73 F: 5 1 3 
8637 6 8655 182 F: 3 3 
8661 8 8685 86 F: 7 1 
8665 6 8677 73 F: 6 
8677 11 8699 206 F: 11 
8712 12 8760 332 F: 6 6 
8771 8 8803 64 F: 2 2 4 
8777 7 8791 59 F: 7 
8785 3 8788 338 F: 3 
8797 4 8805 173 F: 4 
8808 7 8829 210 F: 3 1 3 
8820 8 8852 202 F: 3 4 1 
8822 7 8829 5 F: 7 
8825 11 8858 340 F: 11 
8861 9 8879 33 F: 9 
8906 5 8926 347 F: 5 
8909 8 8925 345 F: 2 2 4 
8949 10 8959 445 F: 4 6 
8982 13 9034 438 F: 13 
8993 5 8998 22 F: 2 2 1 
D: 6 78 
D: 14 277 
D: 22 397 
D: 26 38 
D: 28 125 
D: 29 390 
D: 30 59 
D: 38 124 
D: 40 334 
D: 43 47 
D: 43 379 
D: 57 90 
D: 66 76 
D: 73 352 
D: 76 277 
D: 84 110 
D: 102 345 
D: 102 381 
D: 107 328 
D: 114 195 
D: 122 172 
D: 131 395 
D: 132 347 
D: 137 301 
D: 138 274 
D: 150 352 
D: 155 357 
D: 162 439 
D: 167 197 
D: 178 218 
D: 180 323 
D: 183 417 
D: 184 359 
D: 186 388 
D: 188 396 
D: 191 314 
D: 196 440 
D: 214 369 
D: 216 398 
D: 234 424 
D: 237 330 
D: 242 444 
D: 262 449 
D: 292 348 
D: 379 449 
