23 6 41 304 F: 6 
45 10 55 55 F: 5 3 2 
75 7 82 8 F: 7 
99 4 111 161 F: 4 
99 8 107 113 F: 3 3 2 
105 7 119 13 F: 2 3 2 
112 6 136 46 F: 6 
122 9 140 415 F: 5 2 2 
140 5 145 434 F: 2 2 1 
185 9 194 13 F: 2 3 4 
215 6 239 412 F: 3 1 2 
223 10 253 121 F: 5 2 3 
227 2 235 174 F: 2 
283 4 287 129 F: 3 1 
288 5 293 276 F: 2 3 
301 7 308 390 F: 2 1 4 
334 9 352 306 F: 5 2 2 
362 3 368 206 F: 3 
364 6 388 61 F: 6 
369 10 399 171 F: 7 3 
406 10 426 341 F: 7 3 
445 7 459 445 F: 7 
479 6 503 412 F: 3 1 2 
487 9 523 383 F: 9 
495 7 502 342 F: 7 
500 10 510 173 F: 2 4 4 
501 10 531 266 F: 6 4 
538 13 564 122 F: 5 4 4 
559 6 565 305 F: 4 1 1 
596 8 628 7 F: 5 3 
617 4 621 116 F: 4 
633 10 653 37 F: 5 4 1 
662 8 670 407 F: 4 4 
668 7 682 165 F: 2 5 
670 8 702 42 F: 4 4 
703 12 739 249 F: 7 5 
718 6 742 7 F: 4 2 
730 5 740 21 F: 2 3 
757 11 801 277 F: 4 4 3 
773 9 791 394 F: 9 
811 10 821 136 F: 10 
829 5 834 166 F: 5 
839 8 871 67 F: 6 2 
841 13 880 27 F: 13 
878 6 902 103 F: 4 1 1 
915 10 935 66 F: 6 4 
920 10 950 37 F: 10 
951 8 975 243 F: 5 1 2 
974 4 982 335 F: 3 1 
999 5 1014 434 F: 4 1 
1005 9 1032 68 F: 9 
1070 12 1118 178 F: 6 6 
1074 9 1110 198 F: 3 6 
1078 7 1099 52 F: 7 
1084 7 1112 247 F: 7 
1108 12 1144 320 F: 12 
1116 6 1140 185 F: 6 
1116 8 1140 284 F: 3 4 1 
1171 8 1187 338 F: 2 4 2 
1182 6 1206 252 F: 6 
1210 7 1238 436 F: 7 
1219 13 1271 100 F: 13 
1222 5 1227 402 F: 5 
1233 6 1257 362 F: 2 4 
1297 8 1329 336 F: 4 1 3 
1312 9 1348 324 F: 2 3 4 
1331 9 1367 212 F: 9 
1338 10 1378 324 F: 5 4 1 
1350 3 1353 58 F: 3 
1391 7 1412 108 F: 4 1 2 
1422 5 1437 284 F: 2 1 2 
1430 8 1454 12 F: 5 3 
1449 6 1473 229 F: 2 4 
1473 11 1495 415 F: 5 4 2 
1488 9 1515 232 F: 7 2 
1502 10 1532 406 F: 4 3 3 
1505 9 1523 353 F: 3 6 
1549 10 1569 110 F: 4 3 3 
1555 5 1570 167 F: 2 3 
1578 11 1589 145 F: 4 3 4 
1601 9 1610 224 F: 4 5 
1631 7 1645 261 F: 3 2 2 
1633 4 1637 249 F: 4 
1635 13 1674 446 F: 13 
1670 10 1690 352 F: 4 4 2 
1730 10 1760 81 F: 10 
1733 8 1765 59 F: 3 5 
1772 8 1796 145 F: 3 4 1 
1775 6 1793 196 F: 3 2 1 
1775 10 1795 113 F: 5 2 3 
1833 9 1860 122 F: 3 2 4 
1840 10 1850 151 F: 5 4 1 
1862 9 1871 93 F: 4 5 
1869 10 1899 248 F: 5 2 3 
1893 7 1921 425 F: 2 5 
1914 6 1932 429 F: 3 2 1 
1929 4 1941 245 F: 4 
1941 4 1953 445 F: 2 2 
1945 5 1950 17 F: 4 1 
1991 9 2000 435 F: 3 6 
2018 9 2054 63 F: 6 3 
2021 4 2037 362 F: 2 2 
2021 11 2054 313 F: 5 2 4 
2025 8 2057 197 F: 3 5 
2072 7 2079 292 F: 7 
2110 7 2138 6 F: 6 1 
2115 6 2133 249 F: 2 4 
2144 6 2162 179 F: 5 1 
2160 12 2208 83 F: 12 
2175 7 2189 409 F: 3 4 
2209 7 2223 427 F: 3 3 1 
2210 12 2258 268 F: 7 5 
2255 10 2265 73 F: 5 1 4 
2260 6 2284 347 F: 2 4 
2294 10 2334 97 F: 5 5 
2307 7 2328 40 F: 2 5 
2316 11 2360 375 F: 7 4 
2329 10 2369 77 F: 5 5 
2330 5 2350 287 F: 2 1 2 
2363 2 2369 45 F: 2 
2408 11 2419 416 F: 11 
2426 10 2446 370 F: 5 3 2 
2429 8 2461 443 F: 5 3 
2447 3 2453 86 F: 3 
2492 6 2516 212 F: 5 1 
2521 9 2548 227 F: 3 6 
2524 9 2551 227 F: 4 5 
2534 12 2582 426 F: 5 3 4 
2553 3 2562 63 F: 3 
2560 6 2566 246 F: 5 1 
2622 5 2642 434 F: 2 1 2 
2634 7 2662 309 F: 3 1 3 
2652 13 2691 46 F: 7 6 
2660 9 2678 13 F: 3 6 
2694 9 2721 223 F: 3 4 2 
2740 7 2754 365 F: 2 1 4 
2741 10 2751 79 F: 7 3 
2743 8 2751 434 F: 2 6 
2757 12 2793 169 F: 5 4 3 
2784 5 2799 87 F: 5 
2800 6 2806 200 F: 3 1 2 
2840 8 2864 300 F: 6 2 
2845 8 2861 92 F: 6 2 
2878 7 2899 410 F: 7 
2884 7 2912 140 F: 2 2 3 
2913 3 2916 325 F: 3 
2914 7 2935 247 F: 7 
2925 7 2939 196 F: 3 4 
2947 9 2965 198 F: 5 4 
2984 6 3002 43 F: 2 3 1 
3011 10 3041 281 F: 10 
3042 6 3054 75 F: 6 
3045 11 3089 427 F: 11 
3074 10 3084 193 F: 10 
3082 7 3096 79 F: 3 4 
3122 11 3155 361 F: 5 4 2 
3129 9 3165 383 F: 9 
3140 13 3192 287 F: 13 
3170 7 3184 95 F: 4 2 1 
3193 4 3197 191 F: 3 1 
3246 7 3253 281 F: 3 4 
3250 5 3255 32 F: 4 1 
3277 8 3285 191 F: 2 2 4 
3279 8 3287 293 F: 8 
3293 7 3314 158 F: 3 3 1 
3319 3 3325 282 F: 3 
3360 5 3365 107 F: 3 2 
3376 6 3388 312 F: 2 3 1 
3385 11 3429 169 F: 5 2 4 
3390 13 3429 163 F: 5 4 4 
3404 10 3434 198 F: 4 6 
3410 9 3437 279 F: 5 2 2 
3435 8 3451 228 F: 2 3 3 
3441 9 3477 196 F: 5 2 2 
3487 13 3539 327 F: 13 
3532 10 3542 38 F: 10 
3533 11 3577 53 F: 5 2 4 
3544 12 3556 262 F: 12 
3577 12 3613 218 F: 5 3 4 
3597 6 3621 448 F: 2 3 1 
3610 2 3616 12 F: 2 
3621 11 3654 59 F: 6 5 
3664 8 3696 27 F: 8 
3666 8 3690 414 F: 7 1 
3667 8 3683 275 F: 7 1 
3715 10 3745 247 F: 10 
3745 3 3754 78 F: 2 1 
3751 9 3760 24 F: 4 5 
3756 2 3760 16 F: 2 
3796 4 3808 153 F: 4 
3802 9 3829 352 F: 3 3 3 
3827 6 3839 175 F: 2 2 2 
3849 11 3882 306 F: 5 4 2 
3893 10 3903 13 F: 4 6 
3897 10 3907 81 F: 5 5 
3915 8 3939 31 F: 3 5 
3925 4 3929 282 F: 4 
3980 12 3992 308 F: 12 
3981 11 3992 367 F: 6 5 
3983 7 4011 318 F: 7 
4003 10 4023 430 F: 2 4 4 
4012 7 4019 183 F: 3 4 
4034 9 4061 154 F: 6 3 
4042 11 4053 320 F: 5 6 
4061 4 4073 371 F: 4 
4122 7 4150 413 F: 3 3 1 
4129 11 4151 351 F: 5 6 
4156 3 4159 24 F: 3 
4163 7 4170 227 F: 6 1 
4179 10 4219 424 F: 5 2 3 
4213 12 4225 31 F: 12 
4234 3 4237 142 F: 3 
4259 6 4277 20 F: 3 1 2 
4280 9 4298 359 F: 5 1 3 
4282 3 4285 339 F: 2 1 
4301 4 4309 397 F: 2 2 
4308 3 4320 108 F: 3 
4332 7 4339 297 F: 7 
4348 2 4352 108 F: 2 
4384 3 4396 6 F: 3 
4415 13 4441 310 F: 13 
4454 7 4482 325 F: 3 4 
4454 13 4480 122 F: 13 
4472 8 4504 186 F: 4 4 
4498 7 4519 1 F: 7 
4512 9 4530 330 F: 4 4 1 
4518 9 4536 233 F: 5 3 1 
4553 5 4563 397 F: 3 1 1 
4587 12 4623 22 F: 5 3 4 
4589 12 4625 111 F: 6 6 
4620 9 4638 166 F: 9 
4625 12 4649 66 F: 12 
4653 9 4680 270 F: 9 
4685 11 4729 379 F: 4 3 4 
4690 10 4730 210 F: 4 2 4 
4725 3 4728 381 F: 3 
4728 3 4734 197 F: 2 1 
4736 6 4748 11 F: 3 3 
4736 7 4764 16 F: 6 1 
4753 7 4781 341 F: 6 1 
4800 4 4808 253 F: 2 2 
4823 5 4838 35 F: 5 
4839 10 4879 254 F: 5 3 2 
4851 9 4860 159 F: 9 
4862 13 4875 56 F: 7 6 
4904 4 4920 219 F: 4 
4904 7 4911 230 F: 7 
4918 2 4922 215 F: 2 
4941 10 4981 386 F: 7 3 
4994 11 5027 45 F: 4 3 4 
5012 10 5022 388 F: 3 3 4 
5024 5 5029 412 F: 5 
5055 6 5061 302 F: 2 2 2 
5061 8 5085 87 F: 6 2 
5094 7 5115 37 F: 2 4 1 
5119 5 5129 49 F: 3 1 1 
5144 3 5156 194 F: 3 
5153 10 5183 308 F: 3 3 4 
5159 4 5163 48 F: 2 1 1 
5192 8 5208 377 F: 8 
5221 8 5245 154 F: 4 2 2 
5248 9 5257 42 F: 3 6 
5249 7 5270 53 F: 2 5 
5265 8 5289 180 F: 2 6 
5292 8 5324 103 F: 5 3 
5302 6 5314 116 F: 2 3 1 
5323 13 5362 416 F: 5 4 4 
5330 9 5366 21 F: 5 3 1 
5343 8 5351 16 F: 4 4 
5387 11 5420 70 F: 5 6 
5441 3 5453 226 F: 3 
5449 2 5453 27 F: 2 
5449 8 5457 109 F: 2 3 3 
5477 3 5483 52 F: 2 1 
5477 9 5504 276 F: 6 3 
5531 8 5555 406 F: 3 3 2 
5546 9 5573 32 F: 5 3 1 
5551 6 5575 198 F: 3 3 
5584 13 5610 119 F: 7 6 
5596 3 5602 372 F: 3 
5615 9 5633 153 F: 4 4 1 
5618 8 5634 309 F: 7 1 
5644 7 5665 383 F: 4 2 1 
5669 11 5702 98 F: 5 6 
5681 7 5709 148 F: 4 1 2 
5705 10 5725 398 F: 5 1 4 
5709 7 5716 361 F: 4 1 2 
5773 6 5785 128 F: 2 2 2 
5776 11 5787 363 F: 11 
5787 8 5803 125 F: 5 3 
5811 3 5814 326 F: 3 
5845 10 5875 122 F: 5 3 2 
5858 8 5890 67 F: 5 3 
5865 10 5905 249 F: 3 3 4 
5867 8 5891 205 F: 2 6 
5905 9 5932 363 F: 5 3 1 
5923 3 5932 3 F: 2 1 
5939 10 5949 406 F: 5 5 
5972 7 5993 383 F: 2 3 2 
5998 5 6003 239 F: 3 2 
6020 5 6035 345 F: 5 
6027 13 6066 265 F: 13 
6032 7 6046 382 F: 7 
6080 5 6085 140 F: 2 3 
6093 8 6101 263 F: 8 
6111 12 6135 316 F: 5 4 3 
6113 13 6139 275 F: 13 
6142 5 6162 398 F: 5 
6165 11 6187 80 F: 7 4 
6195 11 6217 294 F: 5 6 
6213 10 6243 259 F: 5 5 
6225 6 6237 305 F: 2 4 
6249 11 6282 354 F: 3 4 4 
6258 9 6276 130 F: 5 1 3 
6299 4 6315 138 F: 4 
6325 11 6358 115 F: 5 2 4 
6334 7 6348 354 F: 6 1 
6361 6 6373 3 F: 3 3 
6369 9 6387 28 F: 3 4 2 
6386 7 6414 282 F: 3 4 
6407 6 6431 414 F: 6 
6433 9 6460 237 F: 6 3 
6440 3 6446 108 F: 3 
6454 12 6466 27 F: 12 
6482 11 6515 340 F: 11 
6544 9 6580 92 F: 9 
6566 9 6593 27 F: 3 2 4 
6575 12 6587 31 F: 7 5 
6589 6 6613 178 F: 4 2 
6599 8 6623 28 F: 4 4 
6609 13 6648 384 F: 13 
6639 10 6659 295 F: 5 4 1 
6642 8 6658 244 F: 3 3 2 
6649 7 6656 373 F: 3 4 
6678 10 6718 66 F: 5 1 4 
6709 3 6721 417 F: 3 
6734 13 6760 159 F: 13 
6748 3 6754 192 F: 3 
6759 10 6789 114 F: 4 2 4 
6773 7 6794 102 F: 2 4 1 
6805 10 6825 303 F: 6 4 
6869 8 6885 407 F: 2 4 2 
6876 4 6884 9 F: 2 2 
6882 5 6887 409 F: 3 1 1 
6885 8 6893 268 F: 3 5 
6914 11 6947 12 F: 5 6 
6922 8 6938 232 F: 3 4 1 
6934 10 6944 65 F: 4 6 
6972 8 6996 404 F: 8 
6980 9 6989 93 F: 9 
7025 9 7061 83 F: 9 
7029 8 7045 285 F: 4 2 2 
7040 2 7046 109 F: 2 
7052 11 7096 363 F: 6 5 
7058 8 7066 69 F: 8 
7117 10 7137 301 F: 10 
7131 6 7155 170 F: 2 4 
7138 11 7182 242 F: 5 6 
7161 12 7185 402 F: 12 
7197 10 7207 227 F: 10 
7229 9 7238 290 F: 3 6 
7234 3 7246 162 F: 3 
7242 9 7260 343 F: 3 3 3 
7268 9 7286 360 F: 3 6 
7282 6 7300 428 F: 2 2 2 
7306 11 7350 380 F: 4 4 3 
7339 9 7357 137 F: 5 3 1 
7350 6 7362 360 F: 2 1 3 
7361 7 7382 278 F: 4 2 1 
7383 3 7395 440 F: 3 
7403 8 7427 98 F: 5 3 
7430 9 7439 209 F: 2 4 3 
7483 10 7523 410 F: 6 4 
7488 7 7509 333 F: 3 4 
7497 10 7517 284 F: 5 3 2 
7542 9 7560 321 F: 4 5 
7550 9 7568 287 F: 5 4 
7563 9 7572 369 F: 9 
7577 11 7588 74 F: 4 4 3 
7581 12 7617 1 F: 6 6 
7601 6 7625 32 F: 4 2 
7601 10 7611 324 F: 2 4 4 
7612 5 7632 143 F: 3 2 
7628 3 7634 105 F: 3 
7677 10 7707 122 F: 2 4 4 
7722 4 7738 182 F: 2 1 1 
7727 7 7755 265 F: 6 1 
7729 11 7773 314 F: 6 5 
7774 11 7785 347 F: 6 5 
7780 10 7820 405 F: 4 4 2 
7803 8 7827 308 F: 4 4 
7810 9 7846 351 F: 3 6 
7830 9 7839 151 F: 5 1 3 
7862 8 7886 363 F: 4 2 2 
7879 6 7897 120 F: 2 2 2 
7933 13 7959 200 F: 7 6 
7934 5 7949 189 F: 2 1 2 
7952 4 7968 11 F: 4 
7964 8 7996 52 F: 7 1 
7989 9 8007 246 F: 2 3 4 
8043 10 8063 315 F: 3 3 4 
8050 9 8068 269 F: 7 2 
8069 9 8096 350 F: 5 3 1 
8080 13 8119 338 F: 13 
8095 10 8105 288 F: 5 2 3 
8112 6 8118 178 F: 2 1 3 
8125 7 8146 85 F: 7 
8149 11 8193 382 F: 6 5 
8160 10 8200 260 F: 4 3 3 
8190 2 8196 23 F: 2 
8200 7 8214 225 F: 4 1 2 
8210 2 8218 202 F: 2 
8236 4 8248 116 F: 4 
8258 10 8288 138 F: 10 
8262 4 8278 264 F: 3 1 
8315 10 8355 25 F: 5 5 
8334 6 8340 323 F: 3 3 
8360 11 8382 112 F: 11 
8363 10 8383 266 F: 6 4 
8373 7 8387 49 F: 3 2 2 
8431 2 8435 434 F: 2 
8436 6 8460 275 F: 3 1 2 
8438 8 8446 254 F: 4 3 1 
8439 10 8469 46 F: 4 4 2 
8498 12 8510 350 F: 12 
8513 9 8540 60 F: 9 
8520 6 8538 251 F: 6 
8537 7 8544 166 F: 4 3 
8543 8 8559 140 F: 3 4 1 
8578 8 8586 57 F: 2 6 
8600 4 8612 2 F: 4 
8610 10 8620 298 F: 10 
8654 7 8661 418 F: 3 3 1 
8661 8 8677 141 F: 5 2 1 
8674 9 8683 441 F: 9 
8724 11 8757 13 F: 4 3 4 
8733 9 8742 326 F: 3 6 
8747 10 8777 169 F: 3 3 4 
8761 11 8783 40 F: 11 
8797 8 8805 388 F: 2 4 2 
8811 6 8835 343 F: 4 1 1 
8820 11 8853 94 F: 4 3 4 
8834 9 8852 400 F: 9 
8846 8 8862 268 F: 2 4 2 
8897 12 8921 244 F: 4 4 4 
8906 8 8930 115 F: 2 2 4 
8914 11 8958 298 F: 11 
8958 11 8969 276 F: 6 5 
8963 9 8990 377 F: 4 5 
8979 4 8987 442 F: 3 1 
D: 3 242 
D: 4 9 
D: 5 434 
D: 8 173 
D: 10 113 
D: 15 413 
D: 19 399 
D: 27 292 
D: 33 288 
D: 41 170 
D: 42 108 
D: 45 193 
D: 55 239 
D: 76 437 
D: 79 129 
D: 85 154 
D: 90 103 
D: 91 205 
D: 103 425 
D: 105 205 
D: 109 247 
D: 110 353 
D: 112 379 
D: 120 253 
D: 125 323 
D: 146 401 
D: 154 254 
D: 166 240 
D: 167 389 
D: 168 374 
D: 184 266 
D: 185 263 
D: 209 221 
D: 220 393 
D: 230 421 
D: 272 383 
D: 294 448 
D: 310 373 
D: 313 387 
D: 324 325 
D: 345 371 
D: 359 378 
D: 362 434 
D: 379 423 
D: 393 438 
