12 6 24 114 F: 5 1 
16 8 24 217 F: 2 3 3 
32 11 54 240 F: 5 6 
85 9 94 450 F: 7 2 
92 7 99 10 F: 7 
100 13 113 396 F: 7 6 
103 5 113 76 F: 5 
116 4 132 397 F: 3 1 
158 6 176 97 F: 6 
167 10 187 145 F: 5 3 2 
207 9 225 360 F: 9 
240 7 254 269 F: 5 2 
257 13 309 12 F: 13 
261 9 297 24 F: 9 
275 3 278 31 F: 3 
306 12 330 403 F: 12 
313 7 327 240 F: 4 3 
323 7 344 247 F: 2 4 1 
369 10 399 363 F: 5 4 1 
396 11 407 120 F: 3 4 4 
402 2 408 83 F: 2 
408 5 418 285 F: 5 
432 12 444 250 F: 6 6 
461 9 479 99 F: 2 4 3 
484 11 528 314 F: 5 4 2 
500 7 507 224 F: 7 
536 10 546 2 F: 10 
543 7 550 247 F: 3 4 
559 2 563 364 F: 2 
565 12 601 382 F: 5 4 3 
625 11 636 280 F: 5 2 4 
655 9 691 249 F: 4 5 
660 11 704 381 F: 5 4 2 
689 3 701 297 F: 3 
693 10 733 352 F: 6 4 
730 6 736 72 F: 3 3 
741 6 747 20 F: 2 3 1 
743 5 758 405 F: 3 2 
791 6 815 137 F: 6 
799 8 815 330 F: 4 4 
818 8 826 210 F: 4 4 
818 9 827 172 F: 4 3 2 
830 12 866 37 F: 7 5 
852 12 900 182 F: 12 
876 8 892 112 F: 5 1 2 
919 2 923 64 F: 2 
919 9 955 358 F: 4 5 
926 11 948 122 F: 5 4 2 
953 9 971 133 F: 4 4 1 
990 10 1020 110 F: 6 4 
1016 7 1037 359 F: 2 3 2 
1018 2 1026 357 F: 2 
1021 7 1035 419 F: 2 5 
1021 11 1065 403 F: 5 6 
1041 13 1067 378 F: 13 
1109 7 1137 176 F: 4 2 1 
1137 11 1159 436 F: 11 
1152 11 1196 429 F: 5 3 3 
1166 6 1184 146 F: 6 
1188 8 1196 433 F: 5 3 
1201 7 1229 266 F: 2 5 
1212 11 1256 197 F: 11 
1215 13 1241 181 F: 13 
1232 6 1256 39 F: 6 
1271 7 1278 213 F: 3 4 
1321 5 1326 410 F: 5 
1351 6 1369 330 F: 3 1 2 
1359 6 1383 306 F: 6 
1372 8 1380 396 F: 3 5 
1375 8 1399 68 F: 5 3 
1419 6 1425 354 F: 2 2 2 
1431 9 1458 258 F: 4 3 2 
1434 11 1467 20 F: 5 3 3 
1445 7 1452 41 F: 2 5 
1488 9 1506 333 F: 4 2 3 
1507 4 1519 118 F: 2 2 
1511 5 1531 160 F: 5 
1567 10 1607 11 F: 4 6 
1583 8 1615 421 F: 5 1 2 
1585 9 1621 173 F: 2 4 3 
1610 8 1618 240 F: 2 3 3 
1653 9 1671 118 F: 3 3 3 
1667 6 1679 147 F: 6 
1672 13 1698 207 F: 13 
1697 8 1713 217 F: 7 1 
1703 10 1723 373 F: 4 6 
1718 9 1754 40 F: 9 
1729 7 1757 145 F: 5 1 1 
1738 5 1753 159 F: 2 1 2 
1790 13 1842 405 F: 13 
1851 4 1867 399 F: 2 1 1 
1852 7 1880 324 F: 7 
1856 9 1874 230 F: 9 
1870 8 1886 256 F: 4 4 
1892 7 1913 252 F: 2 1 4 
1911 13 1963 216 F: 13 
1942 8 1958 105 F: 4 3 1 
1952 8 1968 212 F: 5 2 1 
1977 5 1992 268 F: 5 
1993 10 2003 260 F: 5 2 3 
2004 8 2028 8 F: 8 
2072 6 2090 182 F: 2 3 1 
2073 11 2117 55 F: 11 
2076 7 2090 284 F: 7 
2099 9 2135 383 F: 6 3 
2122 10 2142 48 F: 5 1 4 
2150 9 2159 142 F: 4 4 1 
2178 3 2187 327 F: 3 
2191 8 2207 264 F: 4 4 
2193 12 2229 267 F: 6 6 
2201 5 2206 332 F: 3 2 
2262 8 2294 365 F: 5 3 
2277 7 2298 335 F: 3 3 1 
2290 9 2317 286 F: 3 3 3 
2294 5 2309 338 F: 3 1 1 
2309 10 2349 74 F: 10 
2314 9 2341 96 F: 5 1 3 
2351 7 2358 101 F: 3 4 
2357 6 2369 342 F: 2 4 
2362 10 2392 368 F: 5 2 3 
2415 6 2439 256 F: 3 3 
2415 7 2422 60 F: 7 
2452 6 2458 109 F: 6 
2473 10 2493 157 F: 5 3 2 
2497 8 2521 74 F: 3 1 4 
2514 9 2532 233 F: 2 4 3 
2528 12 2540 190 F: 12 
2554 6 2572 131 F: 4 2 
2594 8 2602 41 F: 3 3 2 
2596 12 2620 213 F: 12 
2604 8 2612 117 F: 3 5 
2607 5 2617 193 F: 3 1 1 
2615 8 2631 27 F: 7 1 
2626 10 2646 279 F: 10 
2633 2 2635 210 F: 2 
2712 7 2733 271 F: 5 2 
2719 9 2746 63 F: 4 2 3 
2726 7 2740 110 F: 5 1 1 
2730 8 2762 122 F: 7 1 
2787 6 2805 325 F: 5 1 
2808 8 2824 298 F: 8 
2816 8 2824 332 F: 7 1 
2832 12 2844 22 F: 12 
2843 12 2879 326 F: 6 6 
2870 12 2894 45 F: 12 
2917 11 2950 372 F: 7 4 
2919 9 2928 162 F: 4 3 2 
2922 7 2929 133 F: 6 1 
2943 8 2975 142 F: 6 2 
2944 4 2952 107 F: 3 1 
3028 6 3046 274 F: 3 3 
3053 10 3083 214 F: 10 
3065 11 3076 240 F: 5 6 
3074 13 3113 418 F: 13 
3099 7 3120 378 F: 7 
3103 7 3124 7 F: 3 4 
3114 4 3126 157 F: 4 
3118 11 3151 301 F: 5 6 
3140 8 3172 152 F: 3 2 3 
3157 8 3181 258 F: 8 
3228 12 3240 442 F: 5 3 4 
3236 8 3244 250 F: 5 3 
3248 9 3284 85 F: 5 2 2 
3288 10 3318 267 F: 7 3 
3295 9 3322 283 F: 5 4 
3306 8 3322 443 F: 2 3 3 
3349 7 3370 186 F: 4 3 
3359 7 3366 229 F: 7 
3359 8 3383 69 F: 3 3 2 
3387 10 3427 308 F: 3 3 4 
3418 5 3428 4 F: 2 2 1 
3441 10 3451 73 F: 4 2 4 
3451 13 3477 132 F: 13 
3490 11 3534 317 F: 6 5 
3497 4 3509 335 F: 4 
3506 10 3546 315 F: 5 5 
3534 6 3558 389 F: 2 1 3 
3554 8 3578 31 F: 3 4 1 
3571 9 3589 39 F: 5 2 2 
3575 9 3611 55 F: 9 
3608 10 3638 308 F: 6 4 
3627 2 3633 230 F: 2 
3657 10 3697 400 F: 5 1 4 
3660 13 3712 63 F: 7 6 
3694 11 3738 115 F: 6 5 
3708 13 3760 18 F: 13 
3711 6 3735 417 F: 2 1 3 
3756 9 3783 194 F: 4 4 1 
3784 7 3805 109 F: 4 2 1 
3787 11 3831 29 F: 6 5 
3806 4 3814 12 F: 2 1 1 
3808 9 3817 101 F: 7 2 
3829 9 3838 100 F: 5 4 
3863 12 3875 110 F: 12 
3865 7 3879 250 F: 7 
3934 12 3982 148 F: 7 5 
3937 12 3985 440 F: 7 5 
3977 3 3986 149 F: 2 1 
3980 5 3985 138 F: 5 
3995 7 4023 113 F: 5 2 
4013 8 4021 232 F: 5 2 1 
4029 8 4061 109 F: 7 1 
4066 9 4075 195 F: 5 2 2 
4072 11 4083 396 F: 11 
4088 5 4098 305 F: 5 
4105 9 4123 427 F: 4 3 2 
4148 5 4158 130 F: 2 3 
4151 9 4178 178 F: 4 3 2 
4176 9 4212 345 F: 4 4 1 
4186 8 4218 426 F: 2 3 3 
4223 11 4267 389 F: 4 4 3 
4255 3 4264 46 F: 3 
4281 5 4291 48 F: 4 1 
4296 6 4302 398 F: 3 3 
4298 7 4326 403 F: 7 
4318 7 4332 249 F: 4 1 2 
4349 6 4361 431 F: 3 2 1 
4378 11 4400 134 F: 11 
4380 11 4391 355 F: 4 3 4 
4396 6 4408 23 F: 3 3 
4416 11 4427 367 F: 5 2 4 
4418 8 4450 7 F: 8 
4423 9 4441 323 F: 7 2 
4439 11 4461 207 F: 4 4 3 
4485 10 4525 370 F: 10 
4504 7 4532 354 F: 2 2 3 
4504 10 4534 361 F: 3 4 3 
4537 13 4563 376 F: 13 
4565 5 4580 107 F: 4 1 
4572 7 4600 43 F: 5 1 1 
4609 3 4612 167 F: 2 1 
4646 7 4667 434 F: 5 1 1 
4664 8 4688 446 F: 4 4 
4676 6 4682 55 F: 4 2 
4676 11 4698 146 F: 7 4 
4724 7 4731 98 F: 5 2 
4732 9 4759 339 F: 3 2 4 
4739 5 4744 224 F: 2 1 2 
4783 3 4792 141 F: 3 
4791 11 4835 122 F: 11 
4828 4 4840 101 F: 2 2 
4833 13 4859 95 F: 7 6 
4849 8 4857 295 F: 3 3 2 
4867 7 4874 419 F: 2 5 
4894 11 4927 408 F: 4 4 3 
4939 13 4978 176 F: 5 4 4 
4949 8 4973 111 F: 7 1 
4968 3 4977 330 F: 2 1 
4974 4 4978 174 F: 4 
4997 7 5004 5 F: 2 5 
5054 5 5059 164 F: 2 1 2 
5083 7 5111 450 F: 4 3 
5088 5 5093 189 F: 3 1 1 
5089 4 5093 146 F: 2 2 
5094 8 5118 310 F: 6 2 
5106 7 5127 153 F: 4 1 2 
5121 9 5130 269 F: 4 5 
5125 6 5131 233 F: 5 1 
5144 6 5156 23 F: 2 3 1 
5179 10 5189 336 F: 4 6 
5226 7 5254 125 F: 2 4 1 
5268 9 5295 363 F: 6 3 
5290 7 5304 226 F: 2 1 4 
5291 11 5302 74 F: 5 3 3 
5297 8 5305 55 F: 4 3 1 
5339 7 5367 322 F: 4 1 2 
5347 9 5374 175 F: 2 3 4 
5362 8 5370 161 F: 2 6 
5375 6 5381 87 F: 4 1 1 
5393 10 5423 58 F: 10 
5420 7 5448 383 F: 7 
5445 10 5465 294 F: 4 2 4 
5450 8 5458 395 F: 3 4 1 
5491 3 5500 426 F: 3 
5497 11 5530 16 F: 5 3 3 
5524 8 5532 314 F: 8 
5549 11 5582 296 F: 7 4 
5560 12 5608 291 F: 12 
5563 5 5583 216 F: 5 
5590 8 5606 234 F: 5 3 
5608 11 5652 188 F: 5 4 2 
5615 10 5635 61 F: 10 
5639 6 5651 230 F: 4 2 
5649 12 5661 276 F: 12 
5664 6 5688 154 F: 6 
5708 4 5712 175 F: 4 
5749 2 5753 183 F: 2 
5757 11 5768 422 F: 5 2 4 
5777 10 5817 154 F: 10 
5795 4 5803 447 F: 4 
5804 9 5840 297 F: 4 2 3 
5831 4 5839 36 F: 4 
5845 9 5881 337 F: 6 3 
5888 4 5904 324 F: 2 1 1 
5890 11 5923 74 F: 4 4 3 
5906 9 5942 35 F: 3 6 
5934 5 5939 102 F: 5 
5937 10 5977 149 F: 4 2 4 
5989 5 5994 403 F: 5 
5991 2 5997 385 F: 2 
6011 10 6051 367 F: 4 4 2 
6047 2 6049 443 F: 2 
6059 7 6087 435 F: 4 3 
6070 5 6090 372 F: 5 
6075 6 6087 273 F: 3 3 
6113 8 6129 210 F: 5 1 2 
6120 7 6134 290 F: 2 1 4 
6120 10 6150 414 F: 2 4 4 
6122 6 6146 81 F: 6 
6129 9 6165 388 F: 9 
6244 7 6272 256 F: 2 5 
6276 5 6286 63 F: 3 1 1 
6283 10 6313 133 F: 3 4 3 
6292 10 6332 161 F: 10 
6293 12 6305 19 F: 12 
6307 12 6331 303 F: 12 
6309 7 6323 308 F: 3 1 3 
6342 6 6348 323 F: 3 1 2 
6346 2 6352 238 F: 2 
6353 9 6380 187 F: 5 3 1 
6405 3 6414 396 F: 3 
6411 4 6423 66 F: 3 1 
6445 4 6453 184 F: 3 1 
6492 11 6503 154 F: 11 
6496 10 6516 61 F: 6 4 
6508 7 6515 253 F: 7 
6514 5 6529 62 F: 2 3 
6535 7 6542 134 F: 2 4 1 
6571 12 6607 141 F: 12 
6577 11 6588 14 F: 11 
6615 12 6663 283 F: 5 3 4 
6626 9 6644 277 F: 5 1 3 
6629 11 6640 1 F: 4 3 4 
6662 12 6686 110 F: 12 
6669 9 6678 14 F: 9 
6713 8 6721 157 F: 8 
6717 7 6745 75 F: 7 
6732 11 6765 258 F: 6 5 
6788 10 6828 10 F: 5 5 
6797 5 6817 315 F: 4 1 
6835 6 6859 412 F: 3 2 1 
6865 8 6881 88 F: 3 3 2 
6868 11 6901 36 F: 11 
6869 2 6875 415 F: 2 
6873 2 6881 74 F: 2 
6933 10 6943 233 F: 6 4 
6938 6 6956 425 F: 6 
6962 3 6968 213 F: 3 
6964 12 6988 70 F: 6 6 
6989 8 6997 397 F: 8 
7005 11 7016 62 F: 3 4 4 
7029 9 7038 291 F: 3 3 3 
7051 9 7078 417 F: 7 2 
7053 13 7066 54 F: 5 4 4 
7059 2 7065 438 F: 2 
7106 6 7118 11 F: 2 2 2 
7117 11 7139 409 F: 4 4 3 
7118 9 7136 98 F: 4 2 3 
7171 5 7176 188 F: 5 
7186 3 7189 424 F: 2 1 
7207 11 7218 339 F: 5 4 2 
7214 7 7235 350 F: 6 1 
7259 8 7283 182 F: 4 1 3 
7276 10 7306 122 F: 4 4 2 
7292 5 7312 147 F: 4 1 
7332 10 7342 107 F: 5 3 2 
7335 12 7371 222 F: 12 
7356 13 7408 50 F: 13 
7389 8 7405 241 F: 5 3 
7393 12 7417 10 F: 5 3 4 
7409 8 7417 445 F: 2 3 3 
7423 8 7439 280 F: 4 4 
7443 7 7457 140 F: 2 1 4 
7443 8 7467 201 F: 2 4 2 
7495 13 7521 82 F: 5 4 4 
7500 7 7528 201 F: 6 1 
7507 6 7525 150 F: 6 
7515 7 7529 248 F: 4 1 2 
7544 6 7550 234 F: 4 2 
7586 8 7610 356 F: 8 
7633 7 7647 341 F: 3 4 
7633 8 7649 232 F: 6 2 
7633 9 7660 173 F: 2 4 3 
7649 8 7681 444 F: 2 6 
7668 3 7674 171 F: 3 
7741 8 7749 327 F: 2 4 2 
7768 8 7800 110 F: 8 
7769 12 7817 271 F: 12 
7771 6 7783 102 F: 3 2 1 
7786 11 7808 68 F: 7 4 
7800 9 7809 119 F: 4 3 2 
7808 13 7834 264 F: 5 4 4 
7813 7 7834 393 F: 3 1 3 
7822 5 7827 345 F: 4 1 
7831 5 7851 214 F: 5 
7923 11 7967 62 F: 11 
7928 9 7937 412 F: 9 
7972 7 7986 124 F: 7 
7978 9 8014 421 F: 9 
7984 6 7996 260 F: 2 3 1 
8029 9 8038 175 F: 4 5 
8041 8 8073 69 F: 5 3 
8044 9 8053 222 F: 9 
8081 5 8091 121 F: 4 1 
8094 12 8118 39 F: 12 
8113 10 8133 132 F: 7 3 
8115 12 8163 265 F: 12 
8163 5 8168 307 F: 5 
8186 5 8191 108 F: 5 
8189 8 8213 199 F: 5 3 
8220 8 8236 262 F: 2 6 
8226 9 8262 308 F: 4 1 4 
8241 9 8268 443 F: 3 6 
8264 13 8277 276 F: 7 6 
8293 6 8299 62 F: 6 
8324 5 8344 339 F: 5 
8339 9 8375 33 F: 3 2 4 
8353 9 8380 23 F: 7 2 
8354 5 8359 261 F: 2 2 1 
8375 11 8397 431 F: 11 
8420 13 8472 273 F: 13 
8427 11 8460 9 F: 6 5 
8431 7 8452 203 F: 6 1 
8439 12 8463 191 F: 4 4 4 
8483 2 8489 312 F: 2 
8522 5 8537 330 F: 2 3 
8534 10 8574 373 F: 10 
8535 13 8561 255 F: 13 
8585 8 8617 334 F: 4 3 1 
8590 10 8610 423 F: 7 3 
8608 10 8648 292 F: 4 2 4 
8638 10 8658 272 F: 10 
8644 5 8659 336 F: 5 
8646 5 8661 375 F: 5 
8657 12 8693 98 F: 12 
8734 4 8742 140 F: 4 
8749 9 8767 434 F: 5 4 
8751 10 8771 221 F: 7 3 
8775 10 8785 284 F: 4 2 4 
8784 13 8810 245 F: 13 
8822 10 8862 255 F: 4 3 3 
8827 8 8859 411 F: 2 4 2 
8837 9 8846 94 F: 3 6 
8857 6 8881 2 F: 6 
8875 7 8882 418 F: 2 4 1 
8929 7 8943 340 F: 2 1 4 
8932 6 8944 419 F: 2 2 2 
8956 10 8976 355 F: 7 3 
8962 5 8982 21 F: 5 
8970 4 8982 401 F: 2 1 1 
D: 0 84 
D: 1 320 
D: 4 10 
D: 9 63 
D: 20 236 
D: 20 390 
D: 21 44 
D: 28 257 
D: 52 95 
D: 54 224 
D: 54 428 
D: 64 120 
D: 68 284 
D: 85 301 
D: 86 312 
D: 87 400 
D: 87 435 
D: 90 139 
D: 90 337 
D: 94 364 
D: 129 311 
D: 135 438 
D: 150 297 
D: 155 247 
D: 172 350 
D: 174 425 
D: 178 211 
D: 188 441 
D: 193 259 
D: 207 325 
D: 210 295 
D: 219 306 
D: 231 296 
D: 231 397 
D: 246 360 
D: 255 316 
D: 259 293 
D: 281 298 
D: 282 353 
D: 285 298 
D: 288 336 
D: 315 407 
D: 325 356 
D: 355 356 
D: 408 426 
