5 11 27 415 F: 5 4 2 
14 2 18 402 F: 2 
48 4 64 185 F: 2 2 
76 9 85 90 F: 7 2 
81 8 113 321 F: 8 
100 11 122 35 F: 7 4 
133 9 169 401 F: 5 4 
164 12 212 274 F: 7 5 
180 9 198 407 F: 5 2 2 
195 7 209 391 F: 2 2 3 
234 7 255 42 F: 2 2 3 
235 8 267 286 F: 4 2 2 
247 10 287 402 F: 5 5 
251 3 257 350 F: 3 
269 4 277 230 F: 4 
312 9 330 362 F: 9 
372 10 412 346 F: 10 
380 2 388 402 F: 2 
382 9 418 127 F: 5 1 3 
384 12 420 207 F: 7 5 
415 6 439 345 F: 6 
415 11 426 388 F: 4 3 4 
470 4 482 11 F: 4 
472 4 488 377 F: 4 
493 9 529 108 F: 5 4 
504 9 513 336 F: 5 4 
505 3 517 291 F: 2 1 
526 7 540 372 F: 6 1 
542 5 552 362 F: 2 1 2 
566 5 586 251 F: 2 3 
650 8 658 197 F: 8 
677 6 701 7 F: 3 3 
681 6 687 406 F: 3 3 
683 11 694 285 F: 5 4 2 
691 7 712 145 F: 4 3 
732 12 756 417 F: 12 
753 12 777 337 F: 12 
766 8 774 246 F: 5 3 
779 9 815 118 F: 4 3 2 
797 6 821 286 F: 5 1 
819 9 855 339 F: 9 
865 6 877 28 F: 3 3 
873 10 893 353 F: 5 5 
874 6 898 181 F: 3 1 2 
883 9 892 102 F: 4 2 3 
901 7 908 246 F: 6 1 
907 6 931 18 F: 2 4 
930 8 938 117 F: 6 2 
946 11 957 341 F: 5 3 3 
959 3 968 334 F: 3 
1016 8 1024 227 F: 5 3 
1087 8 1119 394 F: 5 1 2 
1089 7 1103 311 F: 2 1 4 
1094 5 1109 121 F: 5 
1099 9 1135 409 F: 3 3 3 
1101 6 1113 327 F: 3 3 
1128 7 1156 288 F: 7 
1147 12 1171 144 F: 5 3 4 
1175 10 1215 397 F: 6 4 
1178 10 1188 196 F: 7 3 
1223 7 1244 435 F: 6 1 
1225 5 1235 202 F: 5 
1256 9 1283 70 F: 2 4 3 
1271 10 1291 63 F: 7 3 
1294 12 1342 209 F: 6 6 
1300 9 1336 182 F: 9 
1335 9 1371 83 F: 4 5 
1348 7 1376 63 F: 4 2 1 
1352 10 1382 440 F: 5 5 
1383 11 1427 256 F: 4 4 3 
1402 9 1411 35 F: 3 2 4 
1413 12 1437 339 F: 12 
1421 8 1437 118 F: 8 
1425 9 1452 80 F: 3 2 4 
1489 7 1503 138 F: 2 2 3 
1507 9 1543 389 F: 4 3 2 
1527 13 1579 113 F: 13 
1549 7 1556 449 F: 7 
1562 7 1576 141 F: 2 4 1 
1599 9 1608 149 F: 2 4 3 
1604 7 1611 59 F: 7 
1633 7 1647 131 F: 5 2 
1669 13 1682 398 F: 13 
1678 6 1690 276 F: 5 1 
1698 4 1706 195 F: 4 
1706 12 1718 80 F: 7 5 
1725 5 1735 55 F: 2 1 2 
1731 8 1739 272 F: 2 2 4 
1776 10 1816 300 F: 2 4 4 
1789 8 1797 287 F: 5 1 2 
1811 4 1823 62 F: 2 1 1 
1812 10 1842 117 F: 3 4 3 
1824 7 1852 41 F: 7 
1839 9 1866 258 F: 9 
1874 7 1902 43 F: 7 
1918 9 1927 133 F: 4 5 
1922 11 1933 290 F: 5 4 2 
1928 5 1938 224 F: 4 1 
1947 11 1958 134 F: 11 
1979 7 1986 371 F: 5 2 
2013 8 2045 229 F: 4 4 
2021 6 2045 354 F: 2 4 
2038 9 2056 431 F: 2 4 3 
2042 9 2069 421 F: 6 3 
2096 8 2120 441 F: 7 1 
2112 12 2148 74 F: 12 
2159 8 2183 436 F: 2 2 4 
2161 12 2173 22 F: 5 4 3 
2166 5 2181 398 F: 2 3 
2169 2 2173 240 F: 2 
2204 8 2212 211 F: 3 5 
2206 7 2213 206 F: 3 4 
2254 7 2261 232 F: 3 4 
2267 3 2270 278 F: 3 
2269 5 2289 281 F: 5 
2353 11 2375 74 F: 7 4 
2364 5 2369 115 F: 5 
2388 7 2395 373 F: 5 2 
2390 11 2412 43 F: 7 4 
2393 10 2423 184 F: 4 2 4 
2400 10 2440 346 F: 6 4 
2402 8 2418 118 F: 3 1 4 
2423 6 2447 171 F: 2 3 1 
2426 3 2429 372 F: 3 
2466 12 2514 306 F: 5 3 4 
2501 5 2506 424 F: 4 1 
2539 9 2557 36 F: 2 3 4 
2557 11 2590 150 F: 7 4 
2575 7 2603 331 F: 6 1 
2581 7 2609 279 F: 2 5 
2605 10 2645 163 F: 4 6 
2619 9 2637 368 F: 4 2 3 
2646 9 2682 190 F: 5 3 1 
2660 6 2672 393 F: 4 2 
2697 7 2711 370 F: 2 1 4 
2716 11 2727 307 F: 11 
2773 10 2813 281 F: 3 3 4 
2784 6 2796 405 F: 2 4 
2789 9 2798 201 F: 3 6 
2799 8 2831 129 F: 3 1 4 
2800 4 2804 262 F: 4 
2838 10 2858 133 F: 10 
2859 7 2887 436 F: 7 
2864 2 2866 363 F: 2 
2877 13 2890 234 F: 13 
2912 5 2922 104 F: 2 1 2 
2920 13 2972 332 F: 13 
2950 9 2959 63 F: 9 
2981 6 3005 239 F: 4 1 1 
2982 12 2994 307 F: 6 6 
3029 10 3049 273 F: 10 
3033 9 3051 286 F: 3 6 
3033 9 3069 92 F: 5 2 2 
3038 8 3046 441 F: 8 
3086 13 3112 417 F: 13 
3129 4 3145 79 F: 4 
3137 12 3185 279 F: 5 3 4 
3153 12 3177 56 F: 12 
3168 7 3175 357 F: 5 1 1 
3176 4 3188 441 F: 3 1 
3204 7 3232 119 F: 2 3 2 
3220 5 3230 64 F: 5 
3241 6 3253 279 F: 3 2 1 
3244 11 3255 207 F: 4 3 4 
3284 10 3294 147 F: 5 5 
3304 10 3344 365 F: 5 5 
3326 10 3356 382 F: 3 4 3 
3328 13 3380 208 F: 7 6 
3390 9 3399 26 F: 2 4 3 
3392 10 3422 408 F: 3 4 3 
3405 10 3425 397 F: 3 4 3 
3438 8 3462 263 F: 4 3 1 
3443 12 3479 56 F: 12 
3483 6 3489 440 F: 4 2 
3497 8 3521 33 F: 7 1 
3501 8 3509 375 F: 7 1 
3521 8 3529 261 F: 3 2 3 
3544 3 3550 397 F: 3 
3548 6 3554 208 F: 6 
3553 7 3581 171 F: 3 2 2 
3606 4 3610 301 F: 3 1 
3614 7 3621 5 F: 2 1 4 
3637 2 3643 430 F: 2 
3640 6 3646 170 F: 6 
3664 8 3696 139 F: 2 6 
3719 8 3743 434 F: 4 3 1 
3732 9 3768 272 F: 3 3 3 
3767 3 3770 199 F: 3 
3775 12 3811 372 F: 12 
3781 11 3825 210 F: 11 
3801 4 3817 1 F: 2 1 1 
3821 4 3825 14 F: 2 1 1 
3859 7 3873 55 F: 3 1 3 
3872 9 3908 425 F: 5 4 
3898 7 3912 110 F: 5 1 1 
3910 12 3958 171 F: 12 
3922 2 3928 314 F: 2 
3926 7 3933 434 F: 4 3 
3985 7 4013 211 F: 6 1 
3997 7 4004 140 F: 7 
4028 7 4049 71 F: 6 1 
4039 5 4054 147 F: 5 
4056 9 4065 361 F: 4 5 
4077 3 4086 178 F: 3 
4090 8 4122 19 F: 5 3 
4122 12 4134 16 F: 7 5 
4138 7 4166 405 F: 3 3 1 
4156 11 4200 66 F: 11 
4164 12 4212 144 F: 4 4 4 
4186 7 4200 22 F: 4 3 
4200 13 4252 273 F: 13 
4232 4 4248 287 F: 4 
4263 5 4273 303 F: 5 
4286 5 4306 187 F: 4 1 
4286 12 4298 101 F: 12 
4316 9 4343 402 F: 9 
4338 10 4348 440 F: 7 3 
4342 6 4366 322 F: 6 
4364 7 4392 93 F: 4 1 2 
4377 5 4382 107 F: 4 1 
4448 7 4455 351 F: 2 2 3 
4452 4 4468 139 F: 4 
4475 11 4508 449 F: 6 5 
4481 7 4509 306 F: 2 3 2 
4497 12 4521 32 F: 5 4 3 
4519 9 4555 196 F: 5 1 3 
4531 11 4564 203 F: 5 6 
4569 4 4577 230 F: 3 1 
4577 8 4593 162 F: 3 3 2 
4599 6 4623 241 F: 2 2 2 
4620 7 4648 351 F: 5 2 
4627 9 4645 34 F: 9 
4633 7 4640 436 F: 6 1 
4637 7 4658 312 F: 7 
4658 6 4664 397 F: 3 2 1 
4718 8 4734 132 F: 8 
4720 6 4732 36 F: 6 
4775 7 4803 273 F: 7 
4777 9 4786 437 F: 9 
4795 3 4807 197 F: 3 
4841 12 4853 261 F: 5 3 4 
4852 10 4872 396 F: 5 1 4 
4853 7 4867 37 F: 3 4 
4868 6 4874 165 F: 3 3 
4871 13 4910 419 F: 7 6 
4903 6 4915 121 F: 5 1 
4917 10 4947 33 F: 6 4 
4964 4 4976 205 F: 4 
4966 6 4978 448 F: 2 3 1 
4969 12 5017 183 F: 12 
5007 11 5051 6 F: 5 6 
5030 6 5054 426 F: 2 1 3 
5045 3 5054 439 F: 3 
5072 13 5085 146 F: 13 
5093 6 5105 312 F: 3 3 
5113 11 5124 156 F: 6 5 
5129 13 5155 346 F: 13 
5140 10 5170 164 F: 10 
5177 10 5197 293 F: 5 1 4 
5184 9 5202 87 F: 3 3 3 
5207 4 5211 39 F: 2 2 
5241 9 5277 443 F: 2 4 3 
5263 10 5283 221 F: 4 2 4 
5278 8 5294 245 F: 3 5 
5292 9 5301 69 F: 9 
5305 4 5317 173 F: 4 
5309 7 5316 135 F: 7 
5312 7 5340 420 F: 3 2 2 
5328 2 5330 108 F: 2 
5360 9 5369 355 F: 9 
5407 7 5421 390 F: 3 4 
5436 10 5456 84 F: 6 4 
5462 3 5471 203 F: 2 1 
5463 7 5491 432 F: 4 3 
5473 4 5485 280 F: 3 1 
5517 6 5529 79 F: 2 1 3 
5537 9 5564 140 F: 9 
5545 7 5552 363 F: 6 1 
5577 6 5583 19 F: 3 3 
5590 5 5605 132 F: 3 2 
5617 9 5653 317 F: 3 4 2 
5645 9 5663 378 F: 6 3 
5673 13 5725 244 F: 7 6 
5674 4 5682 330 F: 2 2 
5688 4 5704 346 F: 2 1 1 
5716 9 5752 194 F: 9 
5731 10 5771 127 F: 5 5 
5740 10 5760 266 F: 10 
5764 10 5794 29 F: 4 3 3 
5765 9 5801 31 F: 3 4 2 
5801 5 5811 328 F: 3 2 
5801 12 5849 272 F: 12 
5864 6 5888 10 F: 6 
5866 8 5898 123 F: 4 4 
5894 5 5909 412 F: 5 
5962 5 5982 87 F: 5 
5970 4 5974 316 F: 2 2 
5979 9 5997 81 F: 4 5 
5987 8 6011 292 F: 3 2 3 
5988 6 6006 179 F: 3 3 
6027 6 6039 67 F: 2 4 
6038 11 6071 75 F: 7 4 
6050 7 6057 229 F: 7 
6065 10 6105 409 F: 4 3 3 
6076 8 6092 90 F: 2 2 4 
6137 12 6161 351 F: 6 6 
6145 7 6166 212 F: 2 5 
6161 3 6173 63 F: 3 
6183 6 6201 84 F: 2 2 2 
6193 10 6223 403 F: 5 4 1 
6207 10 6247 381 F: 7 3 
6219 11 6230 294 F: 11 
6232 11 6243 434 F: 11 
6294 11 6338 58 F: 7 4 
6298 8 6322 149 F: 8 
6301 10 6331 190 F: 10 
6319 8 6327 349 F: 7 1 
6344 12 6368 384 F: 12 
6361 7 6382 327 F: 6 1 
6395 7 6402 262 F: 7 
6409 10 6439 343 F: 4 4 2 
6411 9 6438 98 F: 6 3 
6423 12 6435 11 F: 4 4 4 
6458 8 6490 300 F: 2 3 3 
6476 8 6508 43 F: 3 3 2 
6541 2 6547 78 F: 2 
6550 7 6557 231 F: 4 3 
6553 10 6563 185 F: 3 3 4 
6561 10 6601 45 F: 6 4 
6585 5 6600 89 F: 2 3 
6611 7 6632 443 F: 2 2 3 
6618 7 6632 422 F: 6 1 
6642 10 6672 305 F: 10 
6650 12 6674 374 F: 5 4 3 
6699 7 6720 424 F: 2 1 4 
6707 5 6722 350 F: 3 2 
6740 12 6764 172 F: 12 
6749 7 6777 293 F: 2 5 
6751 12 6763 48 F: 5 4 3 
6788 10 6798 386 F: 6 4 
6831 12 6855 363 F: 12 
6848 8 6872 273 F: 8 
6867 11 6889 101 F: 11 
6872 8 6896 125 F: 4 2 2 
6883 10 6903 31 F: 4 6 
6909 12 6933 95 F: 12 
6962 5 6982 358 F: 5 
6976 5 6986 65 F: 4 1 
6978 7 7006 431 F: 3 3 1 
6994 8 7002 177 F: 3 1 4 
7026 10 7066 43 F: 2 4 4 
7047 8 7071 118 F: 2 3 3 
7056 9 7092 362 F: 9 
7083 8 7099 142 F: 3 4 1 
7098 6 7122 166 F: 5 1 
7104 10 7134 410 F: 10 
7109 5 7119 259 F: 2 1 2 
7114 10 7124 413 F: 10 
7179 8 7211 33 F: 3 1 4 
7182 12 7218 449 F: 5 4 3 
7219 10 7239 413 F: 10 
7240 6 7246 51 F: 2 4 
7274 13 7287 135 F: 7 6 
7278 10 7318 173 F: 10 
7292 7 7306 43 F: 3 2 2 
7315 8 7347 2 F: 8 
7339 6 7357 247 F: 5 1 
7340 3 7352 140 F: 3 
7342 12 7366 290 F: 12 
7359 13 7372 352 F: 13 
7433 10 7443 14 F: 5 5 
7443 11 7487 385 F: 11 
7463 8 7495 133 F: 2 4 2 
7473 11 7495 441 F: 4 4 3 
7474 9 7483 238 F: 2 3 4 
7503 7 7524 174 F: 2 5 
7558 10 7578 204 F: 4 4 2 
7566 12 7614 18 F: 12 
7581 6 7599 71 F: 4 2 
7597 9 7624 13 F: 5 1 3 
7602 3 7608 418 F: 2 1 
7605 11 7627 397 F: 11 
7624 10 7644 86 F: 5 5 
7691 6 7697 331 F: 3 3 
7695 9 7731 77 F: 9 
7710 9 7746 218 F: 9 
7710 13 7723 261 F: 13 
7727 5 7737 180 F: 4 1 
7730 5 7740 265 F: 4 1 
7748 10 7778 368 F: 3 4 3 
7807 11 7851 250 F: 11 
7847 4 7859 228 F: 3 1 
7853 6 7871 443 F: 2 4 
7862 4 7874 252 F: 3 1 
7864 10 7904 336 F: 5 4 1 
7946 9 7964 449 F: 9 
7964 8 7988 119 F: 5 2 1 
7971 8 7995 232 F: 5 3 
7979 11 8001 108 F: 3 4 4 
7993 13 8032 226 F: 13 
8024 9 8042 281 F: 3 3 3 
8056 7 8084 330 F: 4 3 
8064 4 8080 31 F: 2 1 1 
8086 5 8101 171 F: 5 
8089 2 8097 160 F: 2 
8112 6 8130 220 F: 2 4 
8119 10 8129 16 F: 5 1 4 
8125 13 8177 117 F: 7 6 
8144 8 8168 140 F: 2 3 3 
8175 9 8184 75 F: 6 3 
8213 7 8220 42 F: 3 4 
8241 7 8248 394 F: 2 2 3 
8262 10 8292 119 F: 10 
8265 9 8292 433 F: 3 2 4 
8279 6 8297 216 F: 6 
8312 11 8356 403 F: 5 3 3 
8321 11 8354 445 F: 11 
8326 7 8354 233 F: 5 2 
8380 9 8416 144 F: 9 
8387 12 8399 277 F: 12 
8410 11 8454 85 F: 11 
8419 11 8463 161 F: 5 2 4 
8439 6 8463 292 F: 4 2 
8442 5 8452 214 F: 3 2 
8465 12 8513 413 F: 12 
8528 11 8561 178 F: 6 5 
8539 7 8553 368 F: 3 4 
8543 12 8579 121 F: 5 3 4 
8582 8 8590 290 F: 3 4 1 
8586 7 8600 14 F: 3 2 2 
8616 11 8638 250 F: 11 
8634 10 8674 143 F: 2 4 4 
8635 7 8663 214 F: 3 2 2 
8643 5 8663 44 F: 3 2 
8646 5 8651 339 F: 5 
8708 9 8735 384 F: 2 4 3 
8723 13 8775 439 F: 13 
8758 12 8806 396 F: 12 
8768 7 8789 90 F: 2 2 3 
8793 11 8815 104 F: 11 
8818 6 8842 359 F: 2 4 
8875 9 8911 121 F: 3 2 4 
8884 5 8889 296 F: 5 
8886 9 8895 205 F: 9 
8897 11 8941 108 F: 11 
8910 11 8921 70 F: 4 3 4 
8934 2 8942 205 F: 2 
8940 11 8951 48 F: 4 4 3 
8956 10 8966 7 F: 7 3 
8956 11 8978 421 F: 11 
D: 9 368 
D: 15 239 
D: 22 42 
D: 23 143 
D: 34 327 
D: 43 275 
D: 46 227 
D: 53 64 
D: 54 246 
D: 56 58 
D: 62 134 
D: 63 175 
D: 63 392 
D: 66 356 
D: 73 415 
D: 81 447 
D: 84 259 
D: 92 404 
D: 93 322 
D: 100 318 
D: 102 377 
D: 104 145 
D: 110 254 
D: 111 123 
D: 115 150 
D: 116 280 
D: 141 433 
D: 142 224 
D: 158 303 
D: 164 324 
D: 176 258 
D: 177 317 
D: 180 353 
D: 188 299 
D: 190 436 
D: 203 275 
D: 241 325 
D: 269 365 
D: 277 288 
D: 283 302 
D: 285 387 
D: 333 384 
D: 337 362 
D: 338 368 
D: 380 422 
