4 11 26 18 F: 3 4 4 
55 6 73 353 F: 6 
56 5 61 82 F: 2 2 1 
64 5 84 395 F: 3 2 
87 8 119 66 F: 2 3 3 
113 9 149 63 F: 3 2 4 
120 8 128 95 F: 6 2 
122 11 166 51 F: 5 6 
153 10 173 8 F: 6 4 
166 7 173 59 F: 3 4 
205 6 217 429 F: 6 
206 8 230 240 F: 6 2 
253 11 286 105 F: 11 
278 13 304 161 F: 13 
287 12 299 277 F: 7 5 
336 3 339 400 F: 3 
339 9 375 428 F: 4 1 4 
362 9 380 398 F: 9 
381 7 388 192 F: 3 4 
399 3 411 337 F: 3 
400 2 408 304 F: 2 
429 11 462 392 F: 5 4 2 
432 10 472 35 F: 10 
475 7 496 41 F: 6 1 
476 9 503 50 F: 2 3 4 
553 11 564 420 F: 6 5 
558 12 570 31 F: 12 
563 9 581 315 F: 3 6 
569 2 575 18 F: 2 
578 10 618 410 F: 4 6 
625 11 658 295 F: 6 5 
632 7 653 42 F: 6 1 
634 13 686 133 F: 13 
655 10 675 232 F: 10 
669 3 681 445 F: 3 
728 3 737 193 F: 3 
752 9 761 400 F: 3 4 2 
758 7 779 328 F: 4 1 2 
767 11 789 73 F: 11 
785 6 791 22 F: 5 1 
802 10 812 288 F: 5 5 
854 10 894 88 F: 5 5 
874 12 922 449 F: 12 
887 3 890 54 F: 3 
897 10 927 67 F: 4 4 2 
931 7 952 11 F: 2 2 3 
937 9 964 194 F: 7 2 
948 7 962 20 F: 6 1 
993 11 1015 275 F: 5 6 
998 8 1030 110 F: 8 
1010 3 1019 122 F: 2 1 
1025 9 1061 109 F: 9 
1030 4 1034 262 F: 4 
1053 7 1081 160 F: 7 
1070 10 1110 355 F: 4 4 2 
1135 8 1151 176 F: 3 5 
1149 7 1163 342 F: 2 1 4 
1159 5 1169 338 F: 3 2 
1162 9 1171 209 F: 5 1 3 
1162 12 1186 100 F: 6 6 
1212 6 1236 24 F: 6 
1219 7 1247 379 F: 3 1 3 
1225 7 1253 137 F: 5 1 1 
1260 7 1274 410 F: 7 
1275 12 1311 131 F: 5 4 3 
1329 2 1337 128 F: 2 
1339 10 1349 73 F: 7 3 
1340 9 1358 281 F: 4 1 4 
1357 2 1359 156 F: 2 
1359 12 1383 257 F: 7 5 
1402 8 1418 355 F: 8 
1434 9 1452 376 F: 3 3 3 
1439 9 1475 356 F: 4 1 4 
1443 8 1475 314 F: 6 2 
1456 11 1500 328 F: 4 4 3 
1506 12 1518 390 F: 5 3 4 
1510 9 1546 145 F: 4 3 2 
1531 10 1571 44 F: 4 6 
1562 5 1572 412 F: 3 2 
1565 7 1579 233 F: 2 5 
1602 8 1634 395 F: 4 1 3 
1642 8 1650 38 F: 2 4 2 
1668 8 1676 392 F: 2 6 
1677 10 1687 68 F: 4 3 3 
1692 11 1714 280 F: 5 2 4 
1728 12 1776 99 F: 4 4 4 
1738 7 1745 40 F: 7 
1776 13 1828 413 F: 5 4 4 
1779 7 1786 242 F: 3 4 
1788 11 1799 155 F: 3 4 4 
1812 12 1824 432 F: 7 5 
1844 6 1856 84 F: 2 3 1 
1883 12 1931 239 F: 12 
1886 7 1914 311 F: 7 
1892 7 1920 96 F: 4 3 
1933 5 1938 433 F: 2 1 2 
1945 10 1975 115 F: 4 6 
1948 7 1969 143 F: 6 1 
1968 7 1982 406 F: 6 1 
1968 8 1992 141 F: 8 
2004 2 2010 162 F: 2 
2045 9 2063 240 F: 4 1 4 
2048 3 2057 283 F: 3 
2056 10 2066 256 F: 5 1 4 
2070 4 2074 55 F: 4 
2113 5 2123 197 F: 3 1 1 
2133 8 2141 371 F: 5 3 
2141 11 2185 62 F: 3 4 4 
2143 6 2167 448 F: 6 
2187 6 2199 336 F: 2 1 3 
2229 3 2235 450 F: 3 
2246 8 2278 227 F: 4 3 1 
2252 9 2288 443 F: 4 3 2 
2257 13 2270 154 F: 7 6 
2265 8 2297 239 F: 8 
2302 9 2338 76 F: 2 4 3 
2304 10 2334 177 F: 6 4 
2322 6 2328 265 F: 3 1 2 
2384 4 2400 65 F: 4 
2393 6 2417 445 F: 3 1 2 
2417 8 2441 342 F: 3 2 3 
2441 10 2471 181 F: 3 4 3 
2448 10 2468 188 F: 5 4 1 
2474 8 2506 404 F: 2 4 2 
2498 10 2508 257 F: 5 1 4 
2502 6 2508 106 F: 6 
2502 7 2530 278 F: 5 2 
2513 8 2529 405 F: 2 2 4 
2536 4 2552 374 F: 4 
2595 2 2603 33 F: 2 
2600 5 2610 409 F: 5 
2601 8 2633 38 F: 5 1 2 
2648 4 2656 23 F: 3 1 
2689 10 2699 256 F: 5 5 
2693 6 2699 56 F: 2 4 
2741 7 2755 362 F: 7 
2769 7 2783 271 F: 4 3 
2774 8 2806 315 F: 4 4 
2782 7 2810 193 F: 7 
2787 8 2819 112 F: 3 5 
2816 7 2844 32 F: 7 
2866 9 2875 98 F: 3 3 3 
2879 11 2890 211 F: 11 
2891 7 2898 194 F: 2 1 4 
2899 7 2927 74 F: 3 4 
2921 5 2936 258 F: 5 
2938 8 2946 251 F: 7 1 
2952 3 2958 362 F: 3 
2956 3 2959 164 F: 3 
2968 9 2977 227 F: 6 3 
3019 7 3040 352 F: 7 
3019 9 3037 400 F: 3 2 4 
3058 8 3066 84 F: 4 4 
3067 4 3075 369 F: 2 2 
3073 4 3089 273 F: 4 
3124 8 3148 266 F: 3 2 3 
3141 2 3149 8 F: 2 
3142 6 3148 39 F: 2 2 2 
3149 11 3160 117 F: 4 3 4 
3174 7 3202 318 F: 5 2 
3240 8 3256 395 F: 3 3 2 
3255 8 3287 384 F: 5 3 
3267 13 3319 24 F: 13 
3286 4 3302 434 F: 4 
3299 6 3317 226 F: 6 
3300 6 3312 316 F: 6 
3304 13 3343 372 F: 13 
3323 3 3326 167 F: 3 
3345 5 3350 130 F: 4 1 
3359 3 3371 380 F: 3 
3400 13 3426 2 F: 13 
3445 2 3449 8 F: 2 
3459 8 3491 137 F: 4 2 2 
3460 5 3480 64 F: 5 
3461 10 3481 343 F: 4 6 
3511 8 3543 378 F: 3 5 
3536 8 3552 328 F: 4 2 2 
3558 8 3574 329 F: 2 3 3 
3561 12 3597 415 F: 5 3 4 
3572 11 3616 328 F: 7 4 
3605 2 3607 107 F: 2 
3622 13 3661 36 F: 13 
3634 6 3640 15 F: 3 1 2 
3647 12 3683 218 F: 4 4 4 
3668 8 3684 180 F: 8 
3714 4 3722 1 F: 2 2 
3724 6 3748 258 F: 3 1 2 
3732 11 3765 356 F: 11 
3782 4 3790 438 F: 4 
3782 7 3789 134 F: 4 3 
3828 9 3864 88 F: 5 1 3 
3828 12 3876 1 F: 5 3 4 
3850 6 3868 40 F: 3 1 2 
3890 6 3896 376 F: 3 3 
3890 7 3897 446 F: 7 
3901 9 3910 40 F: 3 2 4 
3906 10 3946 175 F: 4 6 
3932 6 3956 37 F: 2 4 
3951 9 3960 447 F: 7 2 
3994 7 4001 318 F: 3 2 2 
4006 8 4030 10 F: 8 
4017 4 4029 174 F: 4 
4029 13 4042 236 F: 13 
4042 6 4060 34 F: 5 1 
4065 9 4092 21 F: 6 3 
4116 6 4140 327 F: 5 1 
4118 7 4132 313 F: 5 1 1 
4147 5 4167 75 F: 2 1 2 
4161 10 4201 176 F: 10 
4169 4 4173 437 F: 2 2 
4203 9 4239 409 F: 3 3 3 
4248 12 4260 192 F: 6 6 
4260 5 4275 108 F: 2 1 2 
4282 8 4314 135 F: 4 4 
4290 7 4311 226 F: 5 2 
4338 13 4390 223 F: 13 
4351 11 4384 123 F: 6 5 
4358 8 4374 416 F: 4 1 3 
4370 9 4388 447 F: 4 4 1 
4385 11 4407 186 F: 11 
4403 4 4411 310 F: 2 2 
4404 7 4411 92 F: 6 1 
4419 10 4449 345 F: 2 4 4 
4447 5 4467 46 F: 3 2 
4455 11 4477 88 F: 11 
4511 9 4538 382 F: 5 1 3 
4512 4 4516 378 F: 2 2 
4540 5 4545 127 F: 3 1 1 
4559 7 4573 159 F: 7 
4568 8 4600 100 F: 5 2 1 
4626 6 4650 411 F: 3 3 
4667 6 4691 244 F: 4 1 1 
4667 11 4678 391 F: 5 3 3 
4675 9 4711 250 F: 4 1 4 
4684 9 4693 180 F: 4 4 1 
4712 4 4728 13 F: 4 
4723 9 4759 422 F: 2 3 4 
4732 7 4746 315 F: 6 1 
4770 7 4777 88 F: 2 2 3 
4775 11 4786 432 F: 5 4 2 
4827 9 4845 319 F: 5 1 3 
4832 11 4865 166 F: 11 
4872 12 4896 268 F: 5 3 4 
4877 9 4886 285 F: 5 4 
4878 8 4894 286 F: 8 
4900 9 4918 84 F: 5 2 2 
4909 11 4931 27 F: 11 
4912 7 4919 210 F: 7 
4948 6 4972 217 F: 2 3 1 
4955 12 4979 24 F: 6 6 
5000 7 5014 424 F: 2 5 
5069 8 5077 3 F: 8 
5081 11 5125 385 F: 5 2 4 
5088 4 5092 147 F: 4 
5092 10 5102 56 F: 4 2 4 
5114 12 5162 435 F: 5 4 3 
5126 11 5148 46 F: 11 
5149 11 5171 130 F: 11 
5168 7 5189 9 F: 4 2 1 
5181 7 5202 148 F: 2 3 2 
5207 10 5247 444 F: 2 4 4 
5214 5 5224 267 F: 2 3 
5236 9 5272 11 F: 4 2 3 
5271 8 5287 337 F: 4 1 3 
5282 8 5306 149 F: 5 1 2 
5305 7 5326 326 F: 4 3 
5357 9 5375 416 F: 2 3 4 
5366 7 5387 197 F: 2 2 3 
5373 6 5385 340 F: 3 1 2 
5382 11 5426 2 F: 11 
5403 11 5436 11 F: 11 
5421 10 5461 362 F: 10 
5469 12 5505 5 F: 12 
5475 10 5505 175 F: 3 4 3 
5484 11 5528 316 F: 4 3 4 
5512 2 5514 38 F: 2 
5513 10 5543 234 F: 3 4 3 
5523 9 5550 126 F: 5 4 
5564 9 5573 10 F: 4 3 2 
5593 8 5617 299 F: 8 
5602 6 5614 365 F: 3 2 1 
5640 9 5667 346 F: 3 3 3 
5641 10 5681 302 F: 5 5 
5658 4 5666 129 F: 3 1 
5690 10 5730 173 F: 4 6 
5703 7 5731 193 F: 7 
5743 6 5761 71 F: 6 
5755 10 5765 427 F: 4 6 
5773 13 5786 399 F: 13 
5784 5 5794 62 F: 2 2 1 
5839 8 5863 167 F: 4 2 2 
5846 11 5890 112 F: 11 
5867 12 5903 223 F: 12 
5882 7 5903 366 F: 5 2 
5887 8 5911 167 F: 2 6 
5940 7 5961 377 F: 2 2 3 
5951 6 5957 206 F: 6 
5970 9 5979 411 F: 4 5 
5989 7 5996 436 F: 4 1 2 
5999 4 6011 274 F: 3 1 
6040 9 6067 119 F: 5 3 1 
6049 4 6061 442 F: 4 
6061 5 6066 349 F: 2 2 1 
6069 6 6087 250 F: 3 1 2 
6079 2 6083 83 F: 2 
6118 3 6124 261 F: 3 
6147 2 6149 299 F: 2 
6152 10 6172 393 F: 5 4 1 
6155 11 6199 87 F: 4 3 4 
6192 7 6199 131 F: 5 2 
6207 11 6229 363 F: 5 6 
6217 8 6249 288 F: 7 1 
6257 5 6262 388 F: 2 3 
6270 8 6278 75 F: 4 3 1 
6296 6 6308 86 F: 2 4 
6318 5 6323 244 F: 3 2 
6343 9 6352 180 F: 6 3 
6351 11 6384 67 F: 5 2 4 
6360 8 6368 334 F: 6 2 
6398 7 6405 440 F: 7 
6420 9 6438 355 F: 3 4 2 
6436 7 6443 100 F: 5 1 1 
6436 7 6443 404 F: 6 1 
6437 8 6461 276 F: 8 
6450 2 6456 340 F: 2 
6505 5 6520 41 F: 3 2 
6523 8 6555 114 F: 3 5 
6558 11 6580 393 F: 5 6 
6561 6 6567 186 F: 4 2 
6583 4 6591 53 F: 4 
6603 8 6627 393 F: 4 2 2 
6608 9 6617 44 F: 4 1 4 
6628 7 6642 136 F: 3 4 
6633 3 6645 186 F: 2 1 
6646 8 6662 405 F: 2 3 3 
6701 8 6725 263 F: 4 1 3 
6731 9 6740 251 F: 5 2 2 
6745 8 6777 175 F: 3 1 4 
6761 3 6773 164 F: 3 
6770 9 6779 198 F: 5 4 
6809 10 6849 260 F: 4 4 2 
6828 6 6846 38 F: 6 
6829 10 6849 63 F: 10 
6869 6 6887 99 F: 2 1 3 
6896 8 6912 273 F: 8 
6917 13 6969 390 F: 13 
6962 9 6980 285 F: 9 
6971 8 6995 324 F: 3 1 4 
6979 9 6997 367 F: 4 1 4 
6987 12 7011 190 F: 5 3 4 
7019 12 7055 259 F: 4 4 4 
7041 8 7073 388 F: 3 5 
7056 3 7068 367 F: 3 
7081 10 7111 352 F: 6 4 
7087 9 7114 58 F: 9 
7117 10 7147 229 F: 3 3 4 
7157 10 7197 116 F: 10 
7159 9 7195 211 F: 5 4 
7160 6 7184 100 F: 2 4 
7183 10 7223 414 F: 7 3 
7249 11 7260 115 F: 11 
7282 11 7315 237 F: 4 4 3 
7285 9 7303 188 F: 9 
7295 7 7309 97 F: 3 4 
7298 11 7342 102 F: 11 
7312 7 7340 351 F: 2 4 1 
7318 13 7357 116 F: 13 
7320 10 7360 94 F: 4 6 
7349 8 7365 393 F: 4 1 3 
7382 5 7402 76 F: 2 2 1 
7455 7 7483 354 F: 5 1 1 
7455 9 7491 140 F: 5 4 
7467 9 7485 242 F: 3 4 2 
7494 3 7506 54 F: 3 
7497 6 7509 259 F: 6 
7500 11 7511 439 F: 5 3 3 
7513 5 7528 136 F: 3 2 
7517 2 7525 67 F: 2 
7541 7 7555 171 F: 3 2 2 
7591 8 7607 245 F: 3 2 3 
7636 7 7664 276 F: 7 
7640 8 7648 375 F: 6 2 
7660 6 7672 110 F: 3 2 1 
7671 6 7695 355 F: 6 
7677 9 7686 115 F: 5 1 3 
7722 9 7758 416 F: 9 
7733 4 7749 251 F: 3 1 
7753 5 7768 205 F: 4 1 
7783 7 7797 401 F: 3 4 
7798 13 7824 122 F: 7 6 
7815 9 7824 372 F: 3 6 
7816 8 7832 157 F: 3 4 1 
7862 8 7894 338 F: 3 1 4 
7879 6 7903 177 F: 4 2 
7881 10 7921 440 F: 5 2 3 
7904 5 7914 110 F: 5 
7958 13 7984 323 F: 13 
7991 11 8013 318 F: 5 3 3 
7993 9 8029 265 F: 3 2 4 
7993 10 8003 225 F: 4 3 3 
8014 11 8047 94 F: 5 6 
8020 9 8047 427 F: 7 2 
8031 9 8040 313 F: 9 
8042 12 8066 155 F: 5 3 4 
8085 6 8097 225 F: 2 2 2 
8146 13 8159 325 F: 13 
8179 8 8211 351 F: 8 
8186 13 8238 267 F: 7 6 
8188 5 8203 293 F: 5 
8197 7 8218 332 F: 7 
8205 8 8221 404 F: 2 2 4 
8210 9 8237 21 F: 2 3 4 
8259 5 8279 120 F: 5 
8269 8 8293 176 F: 3 1 4 
8297 4 8301 18 F: 2 1 1 
8325 10 8355 275 F: 7 3 
8325 10 8365 108 F: 5 2 3 
8361 9 8379 10 F: 7 2 
8369 9 8378 73 F: 3 4 2 
8380 6 8404 135 F: 2 3 1 
8467 8 8483 440 F: 5 3 
8470 6 8476 166 F: 6 
8477 5 8487 252 F: 3 2 
8496 9 8532 262 F: 4 2 3 
8499 8 8531 221 F: 6 2 
8537 11 8581 323 F: 11 
8539 3 8545 376 F: 2 1 
8552 9 8588 411 F: 4 1 4 
8573 5 8583 107 F: 5 
8598 9 8625 256 F: 9 
8618 4 8622 387 F: 2 2 
8634 6 8640 90 F: 2 4 
8648 7 8676 377 F: 5 1 1 
8658 9 8685 316 F: 3 4 2 
8681 9 8717 169 F: 3 6 
8724 10 8764 168 F: 4 3 3 
8725 7 8732 237 F: 3 3 1 
8734 9 8752 445 F: 5 3 1 
8766 8 8782 360 F: 3 2 3 
8792 6 8816 92 F: 3 2 1 
8810 10 8820 41 F: 5 3 2 
8838 12 8886 449 F: 12 
8852 6 8864 421 F: 2 4 
8855 9 8864 201 F: 5 2 2 
8889 7 8910 141 F: 3 2 2 
8942 4 8950 186 F: 4 
8949 5 8954 73 F: 5 
8980 8 8996 391 F: 4 3 1 
8980 9 9007 198 F: 5 4 
8991 12 9039 183 F: 12 
D: 5 262 
D: 11 59 
D: 12 19 
D: 15 35 
D: 19 251 
D: 34 240 
D: 35 229 
D: 39 423 
D: 46 247 
D: 53 365 
D: 56 190 
D: 60 118 
D: 60 410 
D: 64 367 
D: 66 94 
D: 67 380 
D: 69 250 
D: 69 437 
D: 72 237 
D: 80 318 
D: 88 390 
D: 94 423 
D: 102 159 
D: 113 437 
D: 115 260 
D: 121 185 
D: 122 366 
D: 123 187 
D: 151 179 
D: 159 345 
D: 160 285 
D: 171 266 
D: 197 200 
D: 243 447 
D: 249 298 
D: 270 394 
D: 274 325 
D: 276 364 
D: 299 319 
D: 313 385 
D: 319 448 
D: 333 416 
D: 348 394 
D: 372 434 
D: 401 437 
