6 10 26 155 F: 7 3 
8 10 48 43 F: 10 
75 6 87 109 F: 3 3 
95 8 119 226 F: 5 3 
95 10 105 286 F: 3 3 4 
132 7 146 140 F: 5 2 
144 7 165 36 F: 5 1 1 
151 4 167 194 F: 2 1 1 
180 10 200 21 F: 10 
196 7 224 399 F: 3 2 2 
212 13 251 328 F: 13 
248 12 272 204 F: 6 6 
253 5 258 229 F: 2 1 2 
278 8 302 118 F: 4 4 
289 9 307 263 F: 4 5 
345 9 354 249 F: 9 
372 13 385 115 F: 5 4 4 
398 7 405 55 F: 3 3 1 
398 8 430 112 F: 4 4 
398 9 407 428 F: 5 2 2 
409 6 415 168 F: 3 3 
412 13 425 225 F: 7 6 
456 8 488 193 F: 5 1 2 
459 4 471 162 F: 4 
459 6 465 430 F: 6 
505 12 529 313 F: 7 5 
533 13 559 97 F: 7 6 
542 6 560 13 F: 6 
546 9 582 86 F: 5 2 2 
556 6 562 403 F: 2 3 1 
607 2 611 325 F: 2 
623 10 663 399 F: 5 4 1 
626 10 646 181 F: 7 3 
640 11 662 78 F: 6 5 
696 3 699 143 F: 3 
711 11 733 85 F: 5 3 3 
721 9 739 157 F: 4 3 2 
778 11 800 55 F: 5 2 4 
784 7 791 143 F: 4 3 
799 10 809 59 F: 6 4 
828 8 860 167 F: 6 2 
868 8 884 185 F: 3 3 2 
871 8 903 57 F: 3 3 2 
877 8 893 395 F: 5 1 2 
890 12 926 161 F: 4 4 4 
908 9 944 9 F: 9 
917 4 933 246 F: 4 
920 6 926 304 F: 4 2 
938 12 950 308 F: 6 6 
992 10 1022 76 F: 10 
1004 3 1010 200 F: 3 
1018 10 1048 327 F: 6 4 
1062 10 1102 137 F: 10 
1073 2 1077 382 F: 2 
1095 9 1131 323 F: 6 3 
1117 9 1144 359 F: 3 2 4 
1121 2 1127 57 F: 2 
1149 9 1158 403 F: 4 5 
1155 2 1163 447 F: 2 
1161 4 1173 77 F: 4 
1201 8 1233 298 F: 5 3 
1209 4 1217 279 F: 4 
1225 7 1246 53 F: 4 1 2 
1277 11 1321 148 F: 4 3 4 
1279 6 1297 208 F: 5 1 
1321 7 1335 103 F: 4 3 
1325 7 1346 22 F: 7 
1359 7 1387 75 F: 3 1 3 
1364 4 1380 296 F: 4 
1385 5 1395 144 F: 4 1 
1427 3 1436 261 F: 3 
1458 10 1498 448 F: 4 2 4 
1467 8 1483 308 F: 4 3 1 
1476 11 1498 281 F: 5 6 
1490 11 1534 11 F: 7 4 
1537 11 1559 171 F: 4 4 3 
1542 10 1572 220 F: 5 1 4 
1561 7 1568 180 F: 6 1 
1561 8 1569 369 F: 2 6 
1594 5 1599 286 F: 5 
1655 4 1659 385 F: 4 
1661 10 1701 441 F: 5 5 
1665 12 1689 373 F: 12 
1670 5 1690 201 F: 4 1 
1683 8 1691 320 F: 6 2 
1704 3 1713 250 F: 3 
1710 7 1738 446 F: 2 1 4 
1712 6 1730 59 F: 2 4 
1728 12 1764 372 F: 12 
1787 7 1801 271 F: 5 2 
1842 2 1850 7 F: 2 
1848 10 1858 255 F: 3 3 4 
1890 13 1903 356 F: 13 
1892 8 1908 427 F: 3 1 4 
1893 7 1900 388 F: 5 2 
1916 9 1943 80 F: 4 3 2 
1927 11 1949 277 F: 5 6 
1964 7 1985 446 F: 2 5 
1985 10 2005 196 F: 7 3 
1999 9 2035 297 F: 9 
2007 6 2025 17 F: 2 1 3 
2017 9 2053 171 F: 9 
2048 6 2060 339 F: 3 3 
2055 8 2071 419 F: 2 6 
2063 7 2077 151 F: 4 1 2 
2111 9 2147 232 F: 5 4 
2124 5 2144 412 F: 3 1 1 
2136 10 2156 333 F: 4 6 
2161 7 2182 51 F: 3 2 2 
2188 12 2236 426 F: 7 5 
2212 6 2230 316 F: 2 4 
2219 12 2243 112 F: 4 4 4 
2251 5 2256 223 F: 4 1 
2253 11 2264 406 F: 11 
2264 11 2297 163 F: 11 
2302 8 2334 306 F: 3 4 1 
2327 6 2351 56 F: 4 1 1 
2360 10 2400 441 F: 2 4 4 
2384 3 2390 51 F: 3 
2398 12 2434 16 F: 4 4 4 
2424 7 2452 427 F: 7 
2436 3 2442 35 F: 2 1 
2470 8 2494 226 F: 4 4 
2474 9 2501 278 F: 3 6 
2488 5 2498 275 F: 4 1 
2501 6 2513 248 F: 6 
2519 10 2549 174 F: 10 
2524 11 2557 195 F: 6 5 
2539 11 2572 141 F: 11 
2589 6 2601 54 F: 2 4 
2618 4 2630 279 F: 3 1 
2629 9 2638 443 F: 5 2 2 
2668 7 2682 398 F: 5 1 1 
2673 6 2691 293 F: 2 4 
2686 9 2722 33 F: 9 
2735 6 2741 343 F: 5 1 
2762 9 2789 264 F: 5 4 
2769 6 2793 179 F: 4 2 
2770 11 2814 324 F: 5 6 
2777 9 2795 256 F: 7 2 
2813 6 2819 247 F: 3 3 
2838 7 2866 204 F: 4 3 
2853 9 2889 167 F: 9 
2876 5 2881 121 F: 2 2 1 
2892 6 2910 168 F: 6 
2925 12 2937 97 F: 7 5 
2951 9 2960 176 F: 4 1 4 
2958 6 2970 373 F: 6 
2969 13 3021 242 F: 13 
2979 2 2981 431 F: 2 
3009 7 3016 435 F: 3 4 
3017 8 3041 226 F: 3 5 
3064 10 3074 151 F: 5 4 1 
3085 2 3093 200 F: 2 
3088 10 3108 112 F: 7 3 
3106 10 3146 415 F: 10 
3111 8 3127 57 F: 4 4 
3139 8 3171 21 F: 8 
3148 3 3157 407 F: 3 
3199 10 3209 395 F: 5 1 4 
3261 9 3297 105 F: 5 3 1 
3268 11 3279 116 F: 11 
3283 2 3285 9 F: 2 
3295 12 3319 336 F: 4 4 4 
3296 4 3308 354 F: 2 2 
3338 11 3360 51 F: 4 3 4 
3352 9 3370 19 F: 9 
3362 9 3398 164 F: 5 1 3 
3381 10 3421 434 F: 3 3 4 
3398 8 3422 443 F: 8 
3441 5 3446 118 F: 3 2 
3441 6 3447 340 F: 5 1 
3470 7 3498 348 F: 4 3 
3488 2 3492 197 F: 2 
3489 11 3511 36 F: 11 
3506 4 3514 191 F: 4 
3544 12 3568 385 F: 5 3 4 
3557 10 3577 24 F: 10 
3559 5 3579 119 F: 5 
3579 12 3615 275 F: 12 
3614 13 3640 158 F: 7 6 
3622 6 3634 281 F: 5 1 
3630 7 3651 89 F: 6 1 
3658 12 3682 366 F: 6 6 
3672 4 3684 274 F: 4 
3733 7 3754 304 F: 2 2 3 
3735 2 3743 300 F: 2 
3736 3 3742 325 F: 3 
3749 9 3767 228 F: 4 3 2 
3797 8 3821 224 F: 3 2 3 
3813 2 3817 249 F: 2 
3823 9 3832 194 F: 3 6 
3826 9 3853 228 F: 4 3 2 
3855 6 3873 73 F: 3 3 
3889 7 3896 198 F: 7 
3907 11 3929 417 F: 6 5 
3910 7 3938 309 F: 3 4 
3913 8 3929 43 F: 8 
3955 5 3960 196 F: 2 3 
3999 8 4023 87 F: 3 5 
4005 12 4017 148 F: 12 
4009 6 4027 157 F: 2 2 2 
4024 4 4032 29 F: 4 
4068 5 4088 296 F: 2 2 1 
4097 6 4121 323 F: 3 3 
4123 6 4135 349 F: 6 
4128 8 4144 200 F: 7 1 
4129 8 4153 70 F: 5 1 2 
4148 7 4162 178 F: 7 
4180 10 4220 324 F: 10 
4214 5 4229 125 F: 5 
4222 8 4238 254 F: 3 4 1 
4240 6 4264 228 F: 6 
4276 9 4312 141 F: 9 
4283 11 4305 313 F: 3 4 4 
4342 5 4362 186 F: 2 2 1 
4344 3 4353 178 F: 3 
4348 4 4352 401 F: 4 
4361 12 4397 92 F: 12 
4393 7 4414 418 F: 5 1 1 
4444 8 4452 399 F: 2 3 3 
4448 7 4469 405 F: 5 2 
4465 9 4474 384 F: 9 
4484 11 4495 209 F: 11 
4486 7 4507 90 F: 7 
4507 6 4513 390 F: 2 2 2 
4567 11 4600 364 F: 5 6 
4575 7 4596 119 F: 7 
4591 7 4612 356 F: 6 1 
4598 11 4642 60 F: 5 6 
4613 13 4652 95 F: 13 
4622 3 4631 419 F: 2 1 
4624 8 4656 155 F: 2 6 
4654 6 4678 160 F: 6 
4677 8 4693 433 F: 8 
4704 5 4714 312 F: 3 2 
4714 11 4736 162 F: 5 3 3 
4732 2 4738 298 F: 2 
4740 5 4755 268 F: 2 3 
4792 6 4804 327 F: 6 
4836 11 4869 322 F: 5 6 
4851 3 4854 93 F: 2 1 
4860 13 4873 119 F: 5 4 4 
4868 4 4884 421 F: 4 
4886 4 4902 35 F: 4 
4945 5 4960 276 F: 2 3 
4971 9 4980 210 F: 9 
4976 7 4997 379 F: 7 
4977 6 5001 244 F: 6 
4994 13 5033 253 F: 7 6 
5028 5 5033 378 F: 2 3 
5028 7 5056 242 F: 2 5 
5042 11 5075 287 F: 7 4 
5053 11 5075 139 F: 11 
5074 9 5110 372 F: 5 4 
5109 2 5115 379 F: 2 
5123 6 5141 249 F: 6 
5125 10 5155 33 F: 10 
5128 10 5138 401 F: 5 4 1 
5144 10 5184 220 F: 6 4 
5232 9 5250 375 F: 9 
5232 12 5280 362 F: 5 3 4 
5264 8 5288 58 F: 5 1 2 
5266 9 5293 302 F: 2 4 3 
5269 10 5279 53 F: 4 4 2 
5331 5 5346 258 F: 2 3 
5344 5 5354 93 F: 4 1 
5358 8 5366 304 F: 5 1 2 
5359 8 5367 206 F: 8 
5364 3 5373 423 F: 3 
5402 5 5417 266 F: 2 3 
5422 2 5430 82 F: 2 
5445 9 5463 68 F: 9 
5451 12 5487 58 F: 7 5 
5460 7 5488 335 F: 2 1 4 
5513 12 5549 430 F: 5 4 3 
5514 8 5522 444 F: 5 2 1 
5517 7 5524 26 F: 2 3 2 
5568 10 5608 164 F: 5 3 2 
5594 6 5618 407 F: 2 4 
5607 2 5613 54 F: 2 
5626 5 5646 117 F: 5 
5660 10 5670 290 F: 10 
5676 8 5692 448 F: 4 4 
5693 9 5720 196 F: 3 2 4 
5704 11 5726 372 F: 5 2 4 
5713 2 5721 102 F: 2 
5735 7 5763 418 F: 6 1 
5786 9 5822 293 F: 5 1 3 
5797 12 5821 334 F: 6 6 
5807 3 5813 248 F: 3 
5838 8 5846 192 F: 5 1 2 
5861 5 5871 44 F: 2 3 
5870 7 5898 127 F: 7 
5872 11 5916 74 F: 4 3 4 
5944 13 5996 390 F: 13 
5961 12 5985 288 F: 6 6 
5970 9 5997 127 F: 3 3 3 
5975 8 5991 64 F: 5 2 1 
5975 13 5988 163 F: 13 
6030 4 6038 32 F: 4 
6036 7 6050 122 F: 7 
6046 8 6070 277 F: 5 3 
6063 10 6103 100 F: 5 1 4 
6067 10 6097 339 F: 7 3 
6112 7 6133 300 F: 2 1 4 
6116 10 6126 251 F: 4 4 2 
6128 12 6176 98 F: 7 5 
6138 8 6162 31 F: 3 2 3 
6168 13 6207 204 F: 5 4 4 
6226 9 6235 74 F: 5 4 
6232 10 6272 392 F: 4 6 
6242 10 6272 324 F: 5 2 3 
6245 3 6251 154 F: 2 1 
6264 13 6277 129 F: 13 
6346 8 6370 79 F: 7 1 
6351 6 6357 203 F: 2 4 
6360 9 6396 163 F: 5 4 
6377 5 6392 58 F: 5 
6394 5 6399 285 F: 4 1 
6410 8 6418 398 F: 4 4 
6413 11 6446 376 F: 11 
6425 11 6469 83 F: 7 4 
6453 11 6464 122 F: 11 
6464 10 6504 231 F: 6 4 
6531 9 6540 53 F: 6 3 
6543 8 6551 258 F: 6 2 
6553 7 6581 311 F: 5 1 1 
6585 9 6621 205 F: 3 6 
6591 4 6603 100 F: 4 
6618 11 6662 107 F: 4 4 3 
6626 9 6653 371 F: 9 
6643 8 6651 312 F: 3 2 3 
6674 6 6686 138 F: 6 
6697 3 6706 156 F: 3 
6728 7 6742 396 F: 4 3 
6735 8 6751 415 F: 2 6 
6755 2 6761 257 F: 2 
6765 5 6785 284 F: 5 
6770 13 6809 62 F: 5 4 4 
6802 7 6809 330 F: 5 1 1 
6820 7 6848 375 F: 7 
6832 7 6853 263 F: 7 
6858 3 6864 342 F: 3 
6899 8 6915 142 F: 5 2 1 
6902 11 6913 58 F: 5 4 2 
6909 13 6961 163 F: 13 
6926 13 6952 195 F: 7 6 
6952 13 6991 447 F: 7 6 
6982 6 6988 141 F: 6 
7005 7 7033 34 F: 4 2 1 
7029 6 7053 406 F: 2 1 3 
7040 10 7080 237 F: 5 1 4 
7052 7 7073 383 F: 2 1 4 
7096 10 7106 439 F: 5 1 4 
7111 11 7155 233 F: 11 
7119 5 7134 81 F: 2 3 
7136 13 7149 36 F: 13 
7151 4 7159 179 F: 4 
7191 10 7201 421 F: 5 5 
7223 9 7232 80 F: 6 3 
7241 10 7251 267 F: 5 3 2 
7257 5 7262 101 F: 2 1 2 
7294 7 7315 185 F: 7 
7299 12 7311 436 F: 5 4 3 
7309 6 7315 382 F: 2 2 2 
7312 6 7318 320 F: 2 2 2 
7346 7 7367 302 F: 7 
7371 10 7401 209 F: 7 3 
7378 8 7410 425 F: 3 5 
7404 8 7420 445 F: 2 4 2 
7404 8 7436 382 F: 4 4 
7420 9 7438 283 F: 6 3 
7463 7 7477 4 F: 5 1 1 
7484 7 7505 353 F: 5 1 1 
7500 5 7505 340 F: 5 
7503 8 7535 173 F: 2 4 2 
7577 5 7597 428 F: 5 
7583 2 7589 36 F: 2 
7593 5 7613 447 F: 2 3 
7603 3 7606 148 F: 3 
7604 9 7613 344 F: 9 
7617 12 7641 356 F: 12 
7619 8 7643 102 F: 2 3 3 
7655 3 7658 416 F: 3 
7718 8 7726 166 F: 8 
7737 5 7752 188 F: 2 2 1 
7768 6 7774 398 F: 2 4 
7783 7 7811 64 F: 5 1 1 
7796 11 7807 173 F: 5 3 3 
7821 9 7857 214 F: 2 4 3 
7827 8 7859 279 F: 2 6 
7855 7 7862 187 F: 7 
7862 10 7892 34 F: 6 4 
7866 12 7902 408 F: 12 
7924 6 7948 5 F: 3 1 2 
7930 6 7942 414 F: 3 2 1 
7979 9 8015 184 F: 5 4 
7983 5 8003 119 F: 3 2 
7993 8 8009 378 F: 3 5 
8006 12 8018 429 F: 4 4 4 
8012 6 8024 207 F: 6 
8039 9 8066 292 F: 3 2 4 
8047 10 8057 34 F: 7 3 
8059 11 8103 77 F: 6 5 
8110 5 8120 347 F: 2 2 1 
8144 8 8160 337 F: 2 4 2 
8156 10 8196 165 F: 4 6 
8157 5 8167 211 F: 3 2 
8185 8 8201 362 F: 5 3 
8211 12 8259 241 F: 12 
8231 4 8247 280 F: 4 
8256 9 8265 263 F: 6 3 
8258 12 8306 359 F: 7 5 
8276 10 8306 57 F: 5 5 
8332 6 8344 285 F: 6 
8343 8 8367 32 F: 5 2 1 
8347 10 8387 348 F: 5 4 1 
8375 4 8379 449 F: 4 
8385 5 8395 238 F: 4 1 
8410 10 8440 222 F: 5 4 1 
8420 7 8427 379 F: 5 2 
8451 10 8491 185 F: 2 4 4 
8476 3 8479 82 F: 3 
8479 8 8487 282 F: 8 
8515 8 8523 127 F: 4 4 
8516 8 8540 393 F: 8 
8529 13 8555 316 F: 7 6 
8576 6 8588 232 F: 5 1 
8591 5 8601 164 F: 5 
8600 9 8609 366 F: 6 3 
8648 7 8669 403 F: 3 4 
8648 10 8668 123 F: 5 5 
8677 4 8681 318 F: 3 1 
8698 13 8724 183 F: 13 
8718 12 8742 171 F: 12 
8727 8 8759 426 F: 3 4 1 
8730 6 8742 174 F: 3 3 
8772 9 8799 380 F: 9 
8781 9 8817 332 F: 4 5 
8807 10 8827 284 F: 10 
8814 10 8834 275 F: 10 
8834 12 8846 385 F: 5 4 3 
8854 6 8860 449 F: 3 2 1 
8887 8 8911 354 F: 3 5 
8913 11 8946 66 F: 11 
8920 10 8960 7 F: 5 5 
8941 7 8955 22 F: 7 
8976 2 8984 8 F: 2 
8990 10 9030 147 F: 10 
D: 11 439 
D: 23 362 
D: 23 400 
D: 26 372 
D: 31 141 
D: 46 338 
D: 54 269 
D: 72 231 
D: 81 113 
D: 90 255 
D: 100 220 
D: 107 203 
D: 108 446 
D: 113 208 
D: 124 240 
D: 134 186 
D: 151 278 
D: 156 262 
D: 161 190 
D: 167 337 
D: 216 382 
D: 232 401 
D: 241 312 
D: 241 376 
D: 241 381 
D: 246 299 
D: 250 381 
D: 260 426 
D: 261 282 
D: 264 426 
D: 267 317 
D: 269 385 
D: 285 406 
D: 289 342 
D: 290 351 
D: 299 437 
D: 308 406 
D: 308 430 
D: 313 359 
D: 333 405 
D: 334 386 
D: 345 358 
D: 372 380 
D: 412 437 
D: 420 423 
