12 4 24 166 F: 3 1 
27 3 36 236 F: 2 1 
59 6 65 330 F: 2 4 
81 12 105 288 F: 12 
90 8 98 301 F: 7 1 
109 6 115 191 F: 2 1 3 
142 4 154 249 F: 3 1 
150 9 168 93 F: 4 5 
151 5 156 395 F: 3 1 1 
159 8 167 150 F: 7 1 
215 11 248 225 F: 11 
272 10 282 342 F: 5 4 1 
277 10 287 79 F: 6 4 
280 5 300 86 F: 5 
285 10 295 270 F: 10 
310 6 328 309 F: 6 
331 9 367 183 F: 5 1 3 
347 10 357 377 F: 5 1 4 
353 3 362 208 F: 3 
382 6 394 26 F: 2 1 3 
416 10 436 396 F: 6 4 
424 10 454 254 F: 4 6 
433 8 465 220 F: 3 5 
449 8 481 243 F: 4 2 2 
468 7 475 323 F: 5 2 
537 4 545 255 F: 3 1 
554 8 586 447 F: 2 2 4 
562 2 568 149 F: 2 
564 12 612 163 F: 6 6 
577 13 590 407 F: 7 6 
619 3 631 53 F: 3 
626 9 635 297 F: 6 3 
666 2 670 174 F: 2 
675 5 695 286 F: 5 
686 7 700 329 F: 5 2 
736 8 752 342 F: 4 1 3 
737 11 759 254 F: 7 4 
786 9 804 263 F: 4 2 3 
787 10 807 85 F: 4 6 
789 9 798 6 F: 2 3 4 
812 13 851 445 F: 13 
814 6 832 437 F: 6 
871 7 899 393 F: 3 4 
872 6 884 181 F: 6 
885 4 893 342 F: 4 
921 3 924 118 F: 3 
950 6 968 253 F: 4 2 
968 10 1008 430 F: 2 4 4 
972 6 990 57 F: 4 1 1 
990 10 1020 93 F: 3 4 3 
1025 4 1029 89 F: 2 1 1 
1035 6 1047 279 F: 3 3 
1050 7 1057 342 F: 3 4 
1051 8 1075 338 F: 2 4 2 
1099 6 1105 93 F: 6 
1106 8 1122 407 F: 4 2 2 
1144 13 1170 105 F: 7 6 
1164 6 1182 302 F: 3 3 
1194 13 1207 160 F: 5 4 4 
1197 9 1206 301 F: 5 1 3 
1210 10 1240 211 F: 6 4 
1220 7 1227 273 F: 2 5 
1221 7 1242 11 F: 7 
1263 5 1273 38 F: 2 3 
1279 9 1306 5 F: 5 4 
1305 11 1349 329 F: 11 
1310 3 1322 390 F: 2 1 
1313 8 1329 137 F: 2 2 4 
1325 7 1353 60 F: 2 1 4 
1336 7 1343 26 F: 7 
1404 13 1456 437 F: 7 6 
1430 4 1446 94 F: 4 
1445 11 1467 351 F: 6 5 
1450 10 1460 65 F: 10 
1496 4 1508 365 F: 4 
1533 9 1560 247 F: 6 3 
1567 10 1577 333 F: 5 4 1 
1578 11 1611 311 F: 11 
1587 6 1593 44 F: 6 
1596 5 1616 97 F: 2 2 1 
1634 11 1656 44 F: 11 
1658 7 1672 327 F: 2 5 
1671 6 1677 71 F: 4 2 
1677 6 1695 12 F: 5 1 
1695 5 1715 309 F: 4 1 
1756 5 1766 21 F: 3 2 
1757 11 1768 19 F: 5 6 
1776 11 1809 181 F: 11 
1781 8 1805 106 F: 5 1 2 
1791 8 1823 166 F: 8 
1804 11 1837 174 F: 3 4 4 
1823 6 1841 186 F: 6 
1856 13 1908 97 F: 7 6 
1859 4 1875 95 F: 4 
1883 2 1887 30 F: 2 
1923 6 1935 376 F: 2 1 3 
1935 10 1945 151 F: 3 4 3 
1948 10 1958 3 F: 10 
1972 5 1982 345 F: 2 3 
1991 5 1996 259 F: 3 1 1 
2010 11 2054 43 F: 7 4 
2058 10 2078 288 F: 4 3 3 
2088 8 2112 416 F: 3 5 
2092 9 2128 217 F: 5 3 1 
2095 12 2143 3 F: 6 6 
2136 12 2148 416 F: 6 6 
2152 6 2176 224 F: 6 
2155 6 2179 28 F: 4 2 
2196 10 2226 324 F: 5 2 3 
2197 11 2208 302 F: 4 4 3 
2204 8 2236 421 F: 2 2 4 
2227 10 2247 217 F: 10 
2242 5 2252 391 F: 2 2 1 
2293 3 2302 210 F: 3 
2297 13 2310 8 F: 13 
2314 2 2320 263 F: 2 
2370 10 2400 263 F: 5 2 3 
2373 10 2393 175 F: 6 4 
2389 9 2425 254 F: 4 5 
2396 7 2403 23 F: 3 4 
2414 9 2441 329 F: 4 3 2 
2461 10 2491 437 F: 4 6 
2465 6 2489 213 F: 2 4 
2470 11 2492 341 F: 4 4 3 
2492 10 2512 397 F: 5 5 
2515 10 2555 11 F: 10 
2525 12 2561 263 F: 7 5 
2559 9 2595 442 F: 9 
2571 7 2592 376 F: 2 4 1 
2592 7 2599 355 F: 2 5 
2628 10 2638 30 F: 10 
2641 7 2648 393 F: 6 1 
2641 8 2673 25 F: 4 4 
2670 8 2702 80 F: 8 
2682 10 2712 102 F: 10 
2708 6 2720 223 F: 6 
2711 11 2722 81 F: 11 
2722 3 2734 294 F: 3 
2745 7 2766 60 F: 3 3 1 
2786 13 2799 356 F: 13 
2816 12 2840 52 F: 6 6 
2820 7 2848 51 F: 3 4 
2831 9 2849 339 F: 4 5 
2875 10 2885 142 F: 3 4 3 
2878 8 2910 285 F: 2 6 
2907 7 2928 57 F: 7 
2925 3 2931 253 F: 3 
2967 7 2974 68 F: 5 2 
2982 11 3026 405 F: 5 2 4 
2995 10 3035 220 F: 10 
3004 7 3025 425 F: 3 1 3 
3021 10 3061 366 F: 4 6 
3036 10 3056 117 F: 4 6 
3044 10 3084 435 F: 5 5 
3070 12 3118 142 F: 7 5 
3127 10 3137 426 F: 2 4 4 
3131 5 3146 381 F: 2 3 
3149 2 3153 354 F: 2 
3161 8 3185 249 F: 8 
3165 8 3197 403 F: 8 
3203 6 3215 78 F: 2 4 
3204 12 3228 181 F: 12 
3236 6 3248 333 F: 3 2 1 
3258 11 3291 19 F: 5 2 4 
3280 12 3328 372 F: 7 5 
3301 8 3309 113 F: 3 2 3 
3350 7 3357 341 F: 7 
3364 9 3373 358 F: 5 4 
3391 10 3411 290 F: 3 4 3 
3397 10 3407 197 F: 5 5 
3444 6 3468 319 F: 4 1 1 
3444 9 3453 29 F: 4 2 3 
3457 10 3477 82 F: 7 3 
3460 7 3467 152 F: 4 2 1 
3465 7 3493 174 F: 2 5 
3533 7 3561 41 F: 7 
3540 8 3564 277 F: 2 6 
3542 11 3586 349 F: 5 4 2 
3549 4 3557 83 F: 4 
3579 9 3588 153 F: 9 
3619 3 3631 398 F: 3 
3626 6 3650 420 F: 6 
3628 2 3634 419 F: 2 
3631 3 3640 261 F: 3 
3680 12 3716 156 F: 6 6 
3710 7 3724 220 F: 7 
3722 10 3762 12 F: 10 
3739 8 3771 308 F: 4 2 2 
3742 8 3766 316 F: 3 5 
3799 11 3832 231 F: 11 
3835 7 3842 165 F: 2 1 4 
3842 7 3856 282 F: 3 3 1 
3845 8 3861 149 F: 3 5 
3851 13 3890 423 F: 13 
3852 10 3872 404 F: 10 
3907 4 3919 11 F: 2 2 
3915 8 3947 358 F: 5 3 
3945 5 3950 319 F: 2 3 
3962 11 3995 327 F: 3 4 4 
3985 5 3990 119 F: 2 3 
4005 6 4017 150 F: 6 
4009 9 4045 59 F: 5 1 3 
4016 6 4034 309 F: 2 4 
4069 8 4101 272 F: 5 1 2 
4096 10 4126 7 F: 4 6 
4105 8 4137 386 F: 5 3 
4108 6 4132 372 F: 4 1 1 
4119 7 4147 403 F: 6 1 
4168 11 4212 299 F: 11 
4198 8 4230 77 F: 8 
4247 7 4254 231 F: 3 3 1 
4249 10 4279 115 F: 10 
4256 12 4268 73 F: 5 4 3 
4258 6 4282 173 F: 2 4 
4279 12 4291 65 F: 7 5 
4321 11 4354 12 F: 4 4 3 
4354 2 4356 226 F: 2 
4361 11 4405 250 F: 11 
4363 6 4369 197 F: 6 
4391 13 4430 405 F: 13 
4406 12 4442 112 F: 12 
4452 12 4500 176 F: 5 3 4 
4460 5 4475 339 F: 4 1 
4465 8 4497 152 F: 4 3 1 
4476 7 4497 55 F: 5 1 1 
4529 8 4545 95 F: 3 3 2 
4537 9 4564 140 F: 3 4 2 
4544 10 4564 7 F: 5 5 
4549 10 4559 396 F: 4 4 2 
4567 8 4599 7 F: 5 3 
4611 2 4613 63 F: 2 
4620 7 4641 426 F: 6 1 
4638 11 4682 113 F: 6 5 
4643 10 4663 287 F: 4 3 3 
4691 4 4703 134 F: 3 1 
4700 8 4724 254 F: 6 2 
4709 10 4719 409 F: 10 
4726 8 4734 108 F: 8 
4734 8 4766 198 F: 3 3 2 
4789 4 4797 294 F: 4 
4800 11 4811 235 F: 5 6 
4812 5 4822 180 F: 2 1 2 
4820 7 4841 213 F: 2 5 
4845 11 4867 114 F: 11 
4883 11 4894 364 F: 11 
4902 9 4929 184 F: 6 3 
4916 2 4924 396 F: 2 
4943 5 4963 385 F: 2 3 
4963 10 4993 240 F: 5 1 4 
4978 9 5005 255 F: 4 5 
5002 3 5011 297 F: 3 
5005 9 5014 162 F: 4 3 2 
5049 8 5073 387 F: 3 1 4 
5059 12 5071 193 F: 12 
5075 9 5111 47 F: 9 
5110 10 5150 231 F: 10 
5119 2 5127 318 F: 2 
5138 10 5158 19 F: 10 
5156 9 5165 130 F: 2 3 4 
5171 12 5207 100 F: 12 
5200 4 5212 234 F: 4 
5225 11 5258 307 F: 4 4 3 
5279 7 5286 124 F: 4 2 1 
5284 3 5287 367 F: 3 
5290 7 5297 5 F: 3 4 
5313 4 5317 358 F: 2 1 1 
5320 10 5340 168 F: 5 4 1 
5343 6 5349 419 F: 6 
5350 9 5386 351 F: 3 4 2 
5358 9 5394 99 F: 2 4 3 
5417 3 5423 149 F: 3 
5431 6 5437 226 F: 6 
5440 8 5464 6 F: 3 1 4 
5462 2 5464 27 F: 2 
5473 8 5497 154 F: 8 
5533 5 5553 292 F: 2 3 
5550 5 5570 188 F: 2 1 2 
5561 9 5588 332 F: 4 2 3 
5563 6 5587 363 F: 6 
5596 8 5612 44 F: 6 2 
5611 4 5615 244 F: 3 1 
5621 5 5626 96 F: 5 
5641 7 5669 157 F: 7 
5657 9 5684 301 F: 9 
5689 7 5703 47 F: 2 2 3 
5705 12 5753 372 F: 12 
5712 11 5756 59 F: 5 4 2 
5713 7 5720 215 F: 7 
5774 13 5826 247 F: 7 6 
5790 12 5814 242 F: 12 
5817 7 5838 252 F: 2 1 4 
5851 6 5869 246 F: 4 1 1 
5880 7 5908 437 F: 3 4 
5884 8 5916 342 F: 4 3 1 
5896 5 5911 26 F: 5 
5903 7 5917 55 F: 4 3 
5912 10 5922 212 F: 10 
5926 8 5942 255 F: 2 2 4 
5994 10 6024 447 F: 7 3 
5999 5 6009 120 F: 3 2 
6017 10 6037 382 F: 4 6 
6026 12 6050 54 F: 12 
6053 11 6086 31 F: 4 3 4 
6070 7 6084 232 F: 7 
6082 9 6118 226 F: 3 4 2 
6120 11 6153 306 F: 11 
6165 7 6172 219 F: 7 
6175 11 6208 131 F: 5 4 2 
6182 6 6200 132 F: 2 3 1 
6186 7 6214 161 F: 2 5 
6221 8 6237 238 F: 5 3 
6237 6 6255 440 F: 6 
6261 9 6288 371 F: 5 4 
6264 10 6304 157 F: 10 
6285 12 6309 30 F: 6 6 
6304 7 6325 89 F: 7 
6309 10 6329 442 F: 3 3 4 
6328 4 6340 303 F: 4 
6330 4 6346 118 F: 4 
6389 8 6421 344 F: 4 2 2 
6409 7 6423 193 F: 7 
6441 6 6447 421 F: 6 
6452 9 6461 92 F: 4 5 
6462 9 6471 30 F: 9 
6464 9 6500 79 F: 2 3 4 
6523 8 6547 148 F: 8 
6528 10 6558 307 F: 5 2 3 
6569 3 6575 207 F: 2 1 
6569 5 6589 392 F: 5 
6595 7 6623 253 F: 2 4 1 
6604 9 6622 389 F: 9 
6635 9 6644 374 F: 5 2 2 
6681 5 6701 107 F: 5 
6692 6 6698 206 F: 6 
6695 13 6708 16 F: 13 
6720 4 6732 173 F: 4 
6732 2 6738 229 F: 2 
6743 4 6751 312 F: 3 1 
6746 8 6778 111 F: 5 3 
6753 12 6777 259 F: 12 
6806 12 6842 32 F: 12 
6812 8 6828 227 F: 3 3 2 
6839 12 6863 125 F: 7 5 
6844 7 6865 94 F: 7 
6874 11 6907 446 F: 7 4 
6905 6 6917 270 F: 2 3 1 
6910 11 6943 385 F: 5 6 
6922 10 6942 204 F: 5 5 
6940 10 6950 55 F: 10 
6962 6 6974 210 F: 2 3 1 
7007 8 7039 156 F: 4 3 1 
7016 8 7032 102 F: 8 
7040 6 7064 137 F: 3 1 2 
7088 10 7098 87 F: 10 
7091 8 7123 208 F: 3 4 1 
7108 6 7114 204 F: 4 1 1 
7127 2 7133 289 F: 2 
7138 6 7162 117 F: 6 
7189 11 7233 414 F: 11 
7191 11 7224 108 F: 5 4 2 
7209 12 7245 20 F: 12 
7245 8 7261 251 F: 7 1 
7250 10 7290 192 F: 2 4 4 
7286 11 7308 106 F: 5 6 
7289 10 7299 115 F: 4 6 
7302 3 7311 444 F: 3 
7328 13 7380 365 F: 13 
7374 9 7401 127 F: 9 
7383 10 7403 341 F: 4 4 2 
7385 9 7403 271 F: 3 6 
7409 13 7461 131 F: 7 6 
7450 7 7464 13 F: 2 1 4 
7460 7 7467 179 F: 7 
7481 12 7529 439 F: 5 4 3 
7482 12 7506 109 F: 12 
7501 7 7522 205 F: 2 3 2 
7503 5 7513 366 F: 5 
7548 10 7578 307 F: 10 
7564 8 7580 79 F: 5 3 
7586 11 7597 450 F: 4 4 3 
7608 9 7626 403 F: 9 
7632 10 7652 38 F: 5 5 
7675 12 7699 392 F: 12 
7679 5 7694 411 F: 2 3 
7699 8 7707 281 F: 2 4 2 
7702 2 7704 388 F: 2 
7723 9 7732 246 F: 5 4 
7747 5 7762 165 F: 2 1 2 
7782 11 7826 429 F: 5 4 2 
7787 8 7795 408 F: 5 3 
7832 10 7852 140 F: 4 6 
7846 9 7873 442 F: 5 3 1 
7855 4 7859 298 F: 2 1 1 
7860 4 7868 94 F: 3 1 
7862 2 7868 346 F: 2 
7912 11 7923 49 F: 11 
7965 9 8001 40 F: 9 
7979 11 8001 255 F: 5 6 
7989 7 8017 84 F: 4 3 
7991 4 8003 130 F: 4 
8008 11 8030 237 F: 5 6 
8013 9 8049 331 F: 4 1 4 
8022 8 8038 88 F: 8 
8036 6 8048 408 F: 4 2 
8061 10 8071 82 F: 3 3 4 
8125 10 8135 153 F: 4 4 2 
8152 3 8155 270 F: 3 
8153 8 8177 198 F: 3 2 3 
8178 9 8196 2 F: 4 5 
8194 11 8205 151 F: 11 
8216 11 8249 185 F: 11 
8262 8 8278 445 F: 4 3 1 
8265 8 8281 133 F: 4 3 1 
8272 7 8286 275 F: 5 2 
8290 12 8302 203 F: 5 3 4 
8307 6 8313 63 F: 2 4 
8329 6 8341 374 F: 4 2 
8350 13 8363 240 F: 13 
8358 9 8367 12 F: 5 3 1 
8394 2 8398 354 F: 2 
8400 6 8418 270 F: 4 1 1 
8412 4 8424 180 F: 2 2 
8434 9 8470 241 F: 5 4 
8441 7 8455 46 F: 3 3 1 
8468 10 8508 275 F: 7 3 
8508 8 8540 179 F: 2 3 3 
8514 7 8542 87 F: 6 1 
8515 7 8522 450 F: 3 3 1 
8567 10 8577 293 F: 5 2 3 
8588 8 8620 109 F: 5 3 
8607 4 8611 411 F: 4 
8611 13 8637 367 F: 7 6 
8631 6 8649 265 F: 3 2 1 
8658 10 8678 287 F: 10 
8678 9 8705 101 F: 4 5 
8711 6 8729 279 F: 2 4 
8740 4 8748 372 F: 4 
8740 5 8750 270 F: 5 
8742 4 8754 19 F: 2 2 
8798 8 8822 447 F: 8 
8807 8 8815 442 F: 4 2 2 
8852 10 8892 176 F: 5 3 2 
8862 7 8876 18 F: 3 3 1 
8866 4 8882 318 F: 4 
8893 8 8925 260 F: 7 1 
8916 7 8944 394 F: 7 
8948 7 8976 303 F: 2 5 
8972 10 8992 429 F: 3 3 4 
8985 3 8991 379 F: 3 
8989 8 8997 54 F: 5 3 
D: 6 430 
D: 9 233 
D: 19 326 
D: 21 442 
D: 28 315 
D: 34 205 
D: 38 334 
D: 41 235 
D: 41 338 
D: 43 107 
D: 44 120 
D: 50 255 
D: 64 217 
D: 67 386 
D: 71 272 
D: 74 389 
D: 85 188 
D: 92 170 
D: 97 336 
D: 106 197 
D: 111 358 
D: 111 406 
D: 113 175 
D: 128 154 
D: 158 271 
D: 161 170 
D: 161 214 
D: 172 235 
D: 173 312 
D: 177 379 
D: 194 373 
D: 195 209 
D: 216 424 
D: 220 319 
D: 225 321 
D: 237 420 
D: 239 278 
D: 248 292 
D: 270 291 
D: 284 436 
D: 292 372 
D: 353 398 
D: 359 409 
D: 399 448 
D: 412 427 
