1 12 37 252 F: 12 
29 8 53 59 F: 5 2 1 
47 10 57 7 F: 7 3 
95 10 115 260 F: 4 6 
97 6 103 386 F: 6 
118 3 127 388 F: 3 
168 7 196 342 F: 3 4 
186 4 202 300 F: 4 
191 9 209 407 F: 6 3 
194 10 234 229 F: 4 4 2 
218 8 242 296 F: 4 3 1 
249 10 269 293 F: 7 3 
256 8 288 234 F: 5 1 2 
268 9 286 409 F: 6 3 
293 7 314 391 F: 4 2 1 
300 5 315 12 F: 5 
345 8 369 423 F: 2 2 4 
351 11 373 119 F: 7 4 
361 13 374 34 F: 13 
375 9 384 388 F: 9 
403 8 411 305 F: 2 2 4 
408 7 422 294 F: 3 1 3 
436 13 449 238 F: 7 6 
479 4 487 262 F: 4 
490 5 510 276 F: 3 1 1 
546 10 576 60 F: 6 4 
568 7 596 282 F: 2 5 
572 9 581 13 F: 3 2 4 
575 8 583 307 F: 4 4 
595 6 613 68 F: 2 2 2 
648 9 657 367 F: 3 4 2 
648 11 681 391 F: 6 5 
667 6 679 55 F: 6 
673 10 713 311 F: 3 4 3 
691 3 703 329 F: 2 1 
743 12 791 53 F: 12 
748 10 758 57 F: 10 
748 10 778 284 F: 6 4 
764 10 794 358 F: 10 
782 4 794 138 F: 4 
830 8 838 132 F: 2 3 3 
831 10 851 223 F: 10 
843 10 863 65 F: 6 4 
857 8 881 304 F: 2 6 
867 8 899 94 F: 3 1 4 
930 9 939 4 F: 3 4 2 
937 6 961 238 F: 2 3 1 
937 7 965 62 F: 4 2 1 
967 10 987 164 F: 5 1 4 
993 4 997 193 F: 4 
1000 8 1008 3 F: 8 
1034 11 1056 132 F: 3 4 4 
1051 13 1064 125 F: 13 
1070 4 1078 84 F: 4 
1090 7 1111 384 F: 3 4 
1135 8 1167 50 F: 5 2 1 
1145 2 1147 258 F: 2 
1159 12 1195 127 F: 12 
1173 7 1201 46 F: 2 4 1 
1184 7 1191 213 F: 5 1 1 
1212 13 1264 163 F: 13 
1216 7 1230 33 F: 7 
1244 8 1276 211 F: 3 2 3 
1257 11 1279 84 F: 5 3 3 
1290 8 1314 155 F: 5 1 2 
1300 6 1318 271 F: 6 
1329 3 1341 366 F: 3 
1332 12 1344 265 F: 5 3 4 
1363 8 1371 98 F: 5 2 1 
1384 9 1411 355 F: 5 4 
1407 3 1419 138 F: 3 
1427 9 1454 147 F: 5 4 
1451 2 1459 5 F: 2 
1459 9 1495 371 F: 4 4 1 
1492 7 1513 394 F: 3 3 1 
1522 7 1550 94 F: 2 5 
1544 11 1577 106 F: 5 2 4 
1567 6 1579 73 F: 6 
1584 7 1598 278 F: 2 4 1 
1587 7 1608 442 F: 3 4 
1642 8 1658 351 F: 8 
1669 5 1679 242 F: 5 
1670 7 1677 66 F: 2 3 2 
1671 5 1691 381 F: 5 
1672 5 1677 143 F: 5 
1705 9 1714 90 F: 2 4 3 
1715 10 1755 178 F: 3 4 3 
1729 7 1750 224 F: 3 4 
1745 8 1769 47 F: 4 4 
1778 6 1796 433 F: 3 2 1 
1820 9 1847 397 F: 9 
1828 9 1837 70 F: 4 3 2 
1845 5 1865 356 F: 5 
1883 9 1919 320 F: 5 4 
1891 6 1897 265 F: 2 1 3 
1922 11 1955 19 F: 11 
1948 6 1972 424 F: 3 3 
1953 8 1985 434 F: 8 
1963 10 1983 315 F: 10 
1974 11 1996 44 F: 11 
2066 11 2088 380 F: 7 4 
2067 8 2099 337 F: 8 
2068 9 2086 303 F: 2 4 3 
2072 8 2088 61 F: 2 4 2 
2095 6 2101 301 F: 4 1 1 
2143 8 2159 71 F: 8 
2154 6 2172 235 F: 2 4 
2165 7 2193 307 F: 5 1 1 
2183 11 2205 437 F: 4 3 4 
2193 10 2203 444 F: 10 
2202 3 2208 144 F: 3 
2223 8 2231 433 F: 2 3 3 
2240 10 2270 105 F: 5 3 2 
2244 11 2288 264 F: 6 5 
2286 4 2290 222 F: 4 
2303 3 2306 303 F: 3 
2330 9 2339 381 F: 4 4 1 
2364 10 2404 267 F: 6 4 
2368 8 2376 391 F: 3 3 2 
2372 10 2402 326 F: 10 
2411 5 2431 113 F: 5 
2415 3 2418 408 F: 3 
2447 8 2479 158 F: 4 4 
2474 7 2488 284 F: 2 4 1 
2478 7 2499 429 F: 4 1 2 
2522 10 2532 157 F: 7 3 
2544 6 2568 305 F: 3 3 
2553 9 2589 195 F: 5 1 3 
2569 12 2617 178 F: 12 
2588 3 2597 224 F: 2 1 
2648 10 2668 350 F: 4 6 
2649 12 2673 434 F: 6 6 
2679 8 2695 354 F: 6 2 
2685 10 2705 97 F: 5 2 3 
2686 10 2696 160 F: 4 6 
2708 7 2736 27 F: 6 1 
2749 7 2763 80 F: 3 3 1 
2752 6 2770 423 F: 6 
2786 6 2798 100 F: 4 2 
2787 10 2797 329 F: 3 4 3 
2801 4 2805 402 F: 3 1 
2865 7 2872 105 F: 5 1 1 
2871 9 2898 177 F: 9 
2875 11 2908 2 F: 4 3 4 
2880 13 2919 83 F: 7 6 
2909 8 2941 145 F: 2 6 
2957 10 2977 114 F: 6 4 
2967 11 3000 321 F: 7 4 
2970 8 2986 79 F: 3 4 1 
2981 11 3003 97 F: 4 4 3 
3005 11 3027 246 F: 7 4 
3034 6 3040 178 F: 2 2 2 
3042 10 3072 319 F: 7 3 
3046 6 3070 11 F: 3 1 2 
3068 3 3077 86 F: 3 
3116 7 3123 240 F: 3 4 
3141 6 3165 211 F: 3 3 
3151 8 3183 208 F: 4 4 
3173 5 3183 99 F: 4 1 
3197 2 3203 292 F: 2 
3207 10 3227 24 F: 5 1 4 
3223 6 3229 377 F: 5 1 
3223 6 3241 254 F: 4 2 
3251 10 3281 340 F: 2 4 4 
3265 7 3293 414 F: 5 2 
3329 10 3369 378 F: 2 4 4 
3339 12 3387 412 F: 5 3 4 
3346 8 3370 132 F: 8 
3364 12 3388 340 F: 12 
3377 4 3385 202 F: 4 
3410 3 3413 291 F: 3 
3412 9 3448 397 F: 3 6 
3470 8 3486 98 F: 4 1 3 
3484 9 3493 149 F: 9 
3486 7 3507 22 F: 4 3 
3509 10 3549 265 F: 7 3 
3519 2 3525 355 F: 2 
3534 8 3542 424 F: 5 3 
3556 6 3580 57 F: 2 4 
3592 10 3632 33 F: 4 4 2 
3615 8 3639 252 F: 5 3 
3638 8 3670 160 F: 2 3 3 
3662 8 3678 428 F: 5 2 1 
3669 6 3681 349 F: 6 
3673 9 3691 194 F: 9 
3701 8 3725 346 F: 2 2 4 
3718 7 3739 207 F: 3 4 
3722 10 3752 294 F: 5 5 
3741 12 3789 82 F: 5 4 3 
3791 2 3793 379 F: 2 
3810 7 3831 444 F: 2 3 2 
3821 10 3841 181 F: 4 3 3 
3824 5 3844 145 F: 4 1 
3850 9 3859 271 F: 5 2 2 
3895 6 3907 278 F: 2 1 3 
3922 12 3934 66 F: 6 6 
3942 12 3966 131 F: 4 4 4 
3951 6 3969 257 F: 2 2 2 
3953 6 3959 378 F: 4 2 
3983 8 3991 293 F: 3 3 2 
4043 8 4067 389 F: 4 4 
4044 10 4074 180 F: 10 
4076 9 4103 410 F: 6 3 
4080 10 4100 195 F: 5 4 1 
4092 9 4119 362 F: 4 4 1 
4112 8 4120 206 F: 4 2 2 
4113 11 4146 154 F: 6 5 
4157 5 4162 304 F: 2 1 2 
4161 12 4209 68 F: 12 
4193 2 4195 402 F: 2 
4206 9 4224 305 F: 3 3 3 
4233 13 4272 70 F: 5 4 4 
4253 7 4267 388 F: 2 5 
4263 10 4303 409 F: 10 
4295 6 4319 121 F: 2 4 
4309 8 4325 391 F: 3 1 4 
4314 10 4344 224 F: 4 2 4 
4324 4 4332 391 F: 3 1 
4352 4 4360 449 F: 4 
4379 11 4423 116 F: 11 
4414 7 4428 305 F: 6 1 
4474 6 4480 273 F: 4 2 
4481 7 4502 3 F: 6 1 
4484 2 4492 255 F: 2 
4494 6 4500 24 F: 3 1 2 
4528 5 4548 97 F: 2 3 
4533 9 4569 305 F: 3 4 2 
4535 11 4557 88 F: 11 
4539 6 4551 19 F: 3 2 1 
4570 9 4588 159 F: 4 2 3 
4606 10 4626 409 F: 3 3 4 
4620 6 4644 111 F: 2 1 3 
4631 8 4639 145 F: 8 
4632 3 4644 24 F: 3 
4673 6 4691 336 F: 6 
4725 12 4761 316 F: 7 5 
4731 4 4739 218 F: 4 
4736 2 4740 201 F: 2 
4744 10 4764 349 F: 10 
4770 9 4797 237 F: 7 2 
4806 6 4830 194 F: 6 
4807 8 4839 122 F: 8 
4826 9 4844 349 F: 4 2 3 
4887 8 4919 433 F: 2 3 3 
4897 8 4913 350 F: 4 2 2 
4902 11 4935 330 F: 4 3 4 
4908 9 4935 87 F: 4 1 4 
4909 6 4933 214 F: 2 2 2 
4914 6 4920 199 F: 3 2 1 
4949 10 4969 362 F: 4 3 3 
5012 4 5024 116 F: 4 
5032 13 5058 237 F: 13 
5053 11 5086 62 F: 11 
5084 6 5090 352 F: 5 1 
5089 8 5113 53 F: 3 5 
5101 8 5109 148 F: 3 3 2 
5102 5 5107 11 F: 2 3 
5145 11 5156 450 F: 5 4 2 
5170 10 5200 13 F: 6 4 
5182 9 5218 118 F: 3 6 
5218 5 5238 399 F: 2 2 1 
5230 10 5250 233 F: 3 3 4 
5234 10 5264 16 F: 3 3 4 
5238 8 5262 340 F: 3 4 1 
5287 9 5314 14 F: 4 5 
5334 4 5338 436 F: 4 
5337 12 5373 431 F: 4 4 4 
5344 7 5358 291 F: 6 1 
5378 11 5389 265 F: 5 4 2 
5382 4 5386 344 F: 4 
5442 9 5451 302 F: 2 3 4 
5473 10 5493 79 F: 10 
5475 7 5496 10 F: 2 4 1 
5480 9 5489 132 F: 2 3 4 
5488 8 5496 27 F: 2 6 
5509 6 5515 146 F: 2 2 2 
5535 9 5571 400 F: 6 3 
5557 10 5597 439 F: 5 2 3 
5561 8 5593 211 F: 4 2 2 
5592 5 5602 161 F: 4 1 
5608 8 5624 204 F: 3 2 3 
5612 10 5622 247 F: 6 4 
5641 7 5648 81 F: 3 3 1 
5652 8 5676 131 F: 5 1 2 
5694 8 5726 64 F: 8 
5747 10 5767 203 F: 5 5 
5771 9 5807 399 F: 9 
5774 9 5792 168 F: 3 2 4 
5795 8 5811 205 F: 2 6 
5796 10 5826 405 F: 5 5 
5806 8 5838 399 F: 8 
5807 3 5813 2 F: 3 
5866 2 5872 187 F: 2 
5888 4 5904 137 F: 4 
5889 10 5909 395 F: 10 
5910 10 5950 41 F: 3 4 3 
5927 11 5971 398 F: 5 6 
5932 7 5953 450 F: 3 4 
5979 5 5994 331 F: 2 3 
5985 3 5991 272 F: 3 
6026 9 6062 211 F: 4 1 4 
6040 7 6047 320 F: 7 
6064 5 6084 106 F: 5 
6069 7 6097 26 F: 7 
6070 9 6097 448 F: 9 
6109 5 6114 202 F: 2 2 1 
6132 9 6141 374 F: 5 1 3 
6156 12 6204 100 F: 7 5 
6166 9 6202 203 F: 5 2 2 
6188 9 6215 41 F: 4 2 3 
6220 11 6253 17 F: 6 5 
6234 9 6261 279 F: 9 
6268 10 6298 368 F: 5 2 3 
6292 6 6310 323 F: 2 2 2 
6294 3 6297 341 F: 2 1 
6308 2 6316 191 F: 2 
6311 8 6335 20 F: 2 4 2 
6312 11 6334 122 F: 7 4 
6323 2 6329 161 F: 2 
6327 7 6341 342 F: 3 4 
6434 6 6440 377 F: 5 1 
6467 7 6488 214 F: 2 5 
6476 8 6508 371 F: 2 2 4 
6487 12 6511 256 F: 6 6 
6488 6 6494 276 F: 6 
6512 7 6519 406 F: 3 1 3 
6539 9 6575 55 F: 6 3 
6590 7 6604 24 F: 2 2 3 
6592 9 6610 1 F: 9 
6595 6 6613 191 F: 4 2 
6609 5 6629 311 F: 5 
6666 6 6690 61 F: 3 1 2 
6673 8 6705 443 F: 4 4 
6676 10 6696 177 F: 4 2 4 
6685 8 6717 209 F: 2 6 
6711 13 6750 343 F: 13 
6750 11 6794 408 F: 7 4 
6759 7 6773 395 F: 3 2 2 
6793 7 6807 70 F: 5 2 
6794 12 6830 263 F: 5 4 3 
6821 11 6854 286 F: 5 3 3 
6832 6 6856 44 F: 6 
6871 6 6889 63 F: 2 4 
6885 11 6918 122 F: 5 6 
6894 3 6903 434 F: 3 
6934 6 6940 111 F: 3 3 
6940 10 6950 233 F: 3 4 3 
6946 9 6982 130 F: 4 5 
6954 7 6961 346 F: 4 1 2 
6966 5 6971 27 F: 3 1 1 
7006 12 7030 269 F: 6 6 
7017 10 7057 328 F: 4 2 4 
7036 3 7045 146 F: 3 
7047 8 7063 435 F: 6 2 
7050 10 7070 61 F: 3 3 4 
7100 8 7124 335 F: 2 3 3 
7146 2 7148 390 F: 2 
7162 11 7184 125 F: 7 4 
7186 9 7222 226 F: 7 2 
7196 7 7224 133 F: 3 4 
7239 6 7251 37 F: 3 3 
7247 6 7265 193 F: 6 
7264 9 7300 236 F: 9 
7266 12 7314 253 F: 5 3 4 
7276 7 7297 375 F: 3 1 3 
7305 11 7349 332 F: 11 
7348 7 7376 126 F: 3 3 1 
7352 11 7363 19 F: 7 4 
7359 9 7395 1 F: 3 3 3 
7382 7 7410 117 F: 4 3 
7401 6 7407 17 F: 3 3 
7405 8 7429 26 F: 3 5 
7428 8 7452 279 F: 8 
7442 12 7454 335 F: 12 
7445 9 7454 283 F: 9 
7533 4 7537 129 F: 3 1 
7551 5 7571 148 F: 2 1 2 
7564 6 7570 8 F: 3 3 
7573 7 7580 326 F: 3 3 1 
7576 7 7604 319 F: 2 3 2 
7603 10 7643 318 F: 4 3 3 
7629 4 7637 393 F: 3 1 
7669 8 7677 82 F: 2 6 
7682 4 7690 84 F: 2 1 1 
7695 3 7701 96 F: 3 
7705 8 7737 185 F: 8 
7747 9 7774 227 F: 9 
7759 7 7766 178 F: 4 1 2 
7783 8 7815 25 F: 7 1 
7794 8 7802 356 F: 4 1 3 
7810 6 7834 151 F: 6 
7812 11 7845 412 F: 3 4 4 
7873 9 7909 257 F: 9 
7887 12 7923 397 F: 12 
7891 7 7919 137 F: 7 
7900 7 7907 261 F: 2 3 2 
7914 8 7930 236 F: 8 
7918 7 7932 235 F: 3 1 3 
7956 9 7992 113 F: 5 4 
7997 5 8002 353 F: 2 1 2 
8004 6 8028 365 F: 2 1 3 
8042 12 8054 86 F: 6 6 
8074 8 8082 367 F: 3 4 1 
8079 8 8087 385 F: 8 
8095 8 8103 283 F: 2 6 
8104 5 8109 75 F: 2 3 
8109 12 8145 21 F: 6 6 
8133 8 8165 70 F: 3 2 3 
8140 7 8161 193 F: 3 2 2 
8162 12 8210 281 F: 12 
8240 11 8273 122 F: 7 4 
8245 10 8255 359 F: 7 3 
8251 7 8279 259 F: 2 5 
8264 9 8273 384 F: 9 
8279 9 8306 52 F: 2 3 4 
8365 6 8377 105 F: 5 1 
8384 10 8404 156 F: 10 
8392 8 8424 23 F: 3 2 3 
8392 9 8401 91 F: 9 
8393 9 8411 348 F: 4 5 
8410 6 8416 327 F: 4 2 
8425 11 8436 268 F: 4 3 4 
8435 11 8479 307 F: 5 6 
8444 7 8465 38 F: 7 
8495 9 8504 45 F: 9 
8562 10 8572 421 F: 6 4 
8567 6 8579 146 F: 4 2 
8568 3 8574 55 F: 3 
8580 9 8607 344 F: 2 3 4 
8589 4 8597 274 F: 4 
8624 8 8640 395 F: 8 
8645 9 8681 384 F: 3 3 3 
8675 9 8711 10 F: 4 4 1 
8689 9 8716 419 F: 7 2 
8698 9 8716 97 F: 3 6 
8706 7 8713 80 F: 3 2 2 
8706 8 8722 383 F: 4 2 2 
8726 10 8756 159 F: 4 6 
8783 12 8807 299 F: 12 
8792 12 8804 377 F: 12 
8805 6 8823 363 F: 6 
8846 13 8872 66 F: 13 
8861 9 8897 251 F: 4 1 4 
8878 7 8899 152 F: 4 2 1 
8879 11 8912 184 F: 7 4 
8912 8 8928 363 F: 2 3 3 
8917 12 8965 402 F: 12 
8948 8 8980 449 F: 8 
8977 9 8986 412 F: 5 4 
8999 9 9017 56 F: 6 3 
D: 0 168 
D: 0 443 
D: 1 231 
D: 12 64 
D: 13 398 
D: 20 219 
D: 23 291 
D: 28 405 
D: 31 85 
D: 33 282 
D: 43 398 
D: 45 320 
D: 52 156 
D: 52 225 
D: 57 76 
D: 82 150 
D: 84 213 
D: 104 368 
D: 129 237 
D: 137 354 
D: 138 232 
D: 139 249 
D: 144 281 
D: 152 214 
D: 155 212 
D: 168 400 
D: 170 268 
D: 176 322 
D: 177 205 
D: 177 356 
D: 185 344 
D: 192 242 
D: 200 302 
D: 212 347 
D: 217 313 
D: 231 401 
D: 277 347 
D: 289 388 
D: 298 313 
D: 302 399 
D: 303 352 
D: 333 438 
D: 360 377 
D: 382 391 
D: 392 416 
