27 7 41 206 F: 3 4 
29 8 45 157 F: 4 4 
60 10 80 387 F: 4 6 
66 6 72 434 F: 2 3 1 
77 8 85 183 F: 6 2 
104 12 140 176 F: 7 5 
119 5 134 375 F: 5 
155 3 161 163 F: 3 
186 8 210 49 F: 5 1 2 
194 9 221 445 F: 3 2 4 
209 9 218 168 F: 7 2 
212 4 224 62 F: 3 1 
260 8 276 278 F: 2 2 4 
274 3 283 308 F: 3 
291 11 324 290 F: 11 
309 3 318 215 F: 3 
322 8 338 281 F: 2 2 4 
335 7 363 331 F: 7 
357 6 381 336 F: 6 
384 6 402 446 F: 2 2 2 
411 13 437 307 F: 5 4 4 
425 8 457 371 F: 7 1 
451 11 484 328 F: 11 
456 8 472 211 F: 2 6 
493 13 545 348 F: 13 
511 9 538 345 F: 5 4 
521 10 551 430 F: 3 4 3 
527 11 571 407 F: 4 4 3 
537 5 552 330 F: 5 
585 12 621 285 F: 12 
607 7 614 71 F: 5 2 
615 8 623 257 F: 3 2 3 
631 7 645 281 F: 2 3 2 
636 7 643 346 F: 6 1 
637 10 667 320 F: 3 4 3 
725 7 746 155 F: 2 5 
746 10 786 214 F: 7 3 
755 10 795 114 F: 5 3 2 
761 10 791 308 F: 3 3 4 
798 9 834 23 F: 4 2 3 
806 4 818 79 F: 3 1 
827 9 854 393 F: 4 5 
837 4 853 37 F: 2 1 1 
854 11 876 444 F: 11 
881 12 893 25 F: 12 
907 10 927 409 F: 10 
909 8 925 118 F: 2 3 3 
975 8 999 383 F: 6 2 
980 5 985 246 F: 3 2 
988 11 1021 95 F: 3 4 4 
1004 7 1032 303 F: 3 3 1 
1025 6 1043 143 F: 5 1 
1061 6 1067 119 F: 4 2 
1081 3 1090 277 F: 3 
1090 8 1098 133 F: 2 2 4 
1129 5 1134 110 F: 2 3 
1134 11 1145 355 F: 7 4 
1157 10 1197 29 F: 10 
1177 13 1216 78 F: 5 4 4 
1192 6 1216 277 F: 6 
1232 9 1241 66 F: 4 1 4 
1241 10 1271 108 F: 6 4 
1277 9 1304 20 F: 3 2 4 
1284 6 1302 27 F: 6 
1299 11 1310 391 F: 3 4 4 
1304 7 1311 331 F: 7 
1308 12 1332 329 F: 12 
1310 8 1334 338 F: 3 5 
1353 12 1377 246 F: 12 
1386 9 1404 328 F: 5 4 
1400 8 1424 305 F: 8 
1420 6 1444 418 F: 2 4 
1422 9 1458 402 F: 6 3 
1456 13 1469 74 F: 13 
1499 7 1520 213 F: 3 4 
1504 9 1513 314 F: 9 
1506 11 1550 63 F: 5 6 
1516 11 1538 337 F: 5 3 3 
1574 5 1589 369 F: 3 1 1 
1575 12 1599 133 F: 12 
1607 5 1627 139 F: 3 2 
1665 5 1685 347 F: 2 2 1 
1671 8 1687 198 F: 2 2 4 
1673 4 1685 109 F: 4 
1679 10 1689 337 F: 10 
1717 11 1728 403 F: 5 3 3 
1721 5 1736 330 F: 2 1 2 
1731 7 1738 21 F: 7 
1763 11 1796 195 F: 5 6 
1765 6 1777 445 F: 3 3 
1840 10 1880 289 F: 10 
1851 9 1887 71 F: 3 2 4 
1868 4 1872 424 F: 4 
1869 7 1890 101 F: 2 3 2 
1877 8 1893 75 F: 7 1 
1901 5 1921 151 F: 2 3 
1972 8 2004 34 F: 5 1 2 
1984 5 1989 308 F: 2 3 
1990 9 1999 273 F: 5 3 1 
1992 9 2010 282 F: 3 6 
2052 7 2073 333 F: 6 1 
2069 3 2072 144 F: 3 
2078 7 2092 248 F: 6 1 
2098 12 2122 91 F: 5 3 4 
2099 6 2111 263 F: 6 
2106 9 2115 352 F: 3 6 
2111 11 2122 291 F: 11 
2152 4 2156 71 F: 2 2 
2158 5 2163 44 F: 2 2 1 
2193 9 2229 291 F: 5 1 3 
2210 7 2231 46 F: 3 3 1 
2232 5 2242 157 F: 4 1 
2244 6 2268 78 F: 5 1 
2254 9 2281 5 F: 7 2 
2282 8 2306 57 F: 4 3 1 
2325 8 2357 133 F: 2 3 3 
2342 9 2369 296 F: 9 
2369 11 2413 2 F: 4 3 4 
2389 5 2404 81 F: 5 
2397 8 2421 152 F: 2 3 3 
2411 9 2438 303 F: 4 4 1 
2429 10 2439 263 F: 5 2 3 
2434 12 2458 196 F: 12 
2441 13 2493 415 F: 5 4 4 
2478 4 2486 134 F: 2 2 
2518 11 2529 79 F: 7 4 
2537 12 2561 28 F: 5 4 3 
2563 5 2568 50 F: 2 1 2 
2581 7 2595 274 F: 3 2 2 
2582 4 2594 193 F: 2 2 
2602 9 2629 370 F: 9 
2602 13 2654 148 F: 13 
2622 8 2630 76 F: 4 4 
2637 9 2646 333 F: 5 4 
2644 8 2668 230 F: 6 2 
2724 8 2756 194 F: 6 2 
2739 8 2763 412 F: 3 1 4 
2749 7 2777 434 F: 5 2 
2761 5 2766 28 F: 5 
2782 5 2792 61 F: 2 3 
2807 13 2846 34 F: 13 
2858 12 2894 446 F: 5 3 4 
2864 7 2892 378 F: 3 2 2 
2891 12 2915 350 F: 12 
2897 6 2915 362 F: 4 2 
2917 4 2933 1 F: 4 
2926 12 2950 89 F: 5 3 4 
2965 6 2983 426 F: 6 
2982 10 3002 238 F: 6 4 
2988 7 3009 56 F: 5 2 
3017 8 3049 219 F: 5 1 2 
3057 8 3073 259 F: 3 5 
3062 10 3072 428 F: 4 6 
3083 10 3103 204 F: 10 
3086 8 3102 425 F: 3 4 1 
3108 8 3116 383 F: 2 4 2 
3171 11 3193 5 F: 6 5 
3173 12 3197 229 F: 12 
3177 7 3205 138 F: 7 
3196 12 3208 418 F: 5 3 4 
3231 9 3249 96 F: 9 
3245 8 3269 163 F: 5 2 1 
3253 12 3277 249 F: 5 4 3 
3273 8 3289 129 F: 3 5 
3287 9 3323 377 F: 9 
3302 6 3308 2 F: 3 2 1 
3333 7 3340 44 F: 5 1 1 
3344 7 3351 364 F: 6 1 
3359 12 3395 157 F: 7 5 
3365 9 3383 49 F: 5 4 
3401 8 3417 417 F: 6 2 
3422 7 3429 397 F: 2 3 2 
3435 8 3443 428 F: 6 2 
3448 9 3475 441 F: 5 1 3 
3482 12 3494 125 F: 12 
3504 7 3511 278 F: 3 4 
3524 9 3551 299 F: 9 
3559 12 3595 282 F: 12 
3569 11 3602 214 F: 11 
3575 5 3595 422 F: 4 1 
3613 8 3621 249 F: 4 2 2 
3618 4 3630 416 F: 4 
3625 5 3635 389 F: 2 3 
3672 7 3700 262 F: 2 3 2 
3678 13 3730 397 F: 13 
3716 9 3734 376 F: 3 3 3 
3724 9 3760 203 F: 3 2 4 
3734 8 3758 100 F: 6 2 
3737 7 3744 438 F: 2 3 2 
3756 11 3778 374 F: 7 4 
3850 9 3859 377 F: 9 
3853 3 3862 203 F: 2 1 
3870 7 3898 99 F: 2 5 
3893 12 3929 153 F: 5 3 4 
3894 6 3918 439 F: 2 2 2 
3911 9 3947 429 F: 5 4 
3931 8 3963 411 F: 2 6 
3945 13 3971 415 F: 5 4 4 
3947 8 3963 350 F: 3 3 2 
3990 7 4018 384 F: 3 1 3 
4025 5 4045 57 F: 5 
4045 8 4053 415 F: 3 5 
4060 9 4069 40 F: 7 2 
4071 12 4083 241 F: 12 
4075 3 4087 401 F: 3 
4101 11 4134 363 F: 6 5 
4108 8 4124 363 F: 3 5 
4125 5 4130 167 F: 4 1 
4136 5 4156 22 F: 5 
4141 11 4152 207 F: 5 4 2 
4223 8 4231 119 F: 4 2 2 
4228 7 4256 217 F: 6 1 
4279 10 4289 180 F: 3 4 3 
4292 10 4332 358 F: 4 4 2 
4295 11 4306 305 F: 11 
4342 11 4386 110 F: 7 4 
4359 11 4381 343 F: 7 4 
4371 8 4379 193 F: 3 3 2 
4377 10 4417 191 F: 5 5 
4381 6 4393 158 F: 4 2 
4409 9 4418 98 F: 9 
4432 12 4480 31 F: 12 
4463 9 4472 28 F: 9 
4483 9 4492 143 F: 6 3 
4499 7 4513 193 F: 3 2 2 
4501 6 4513 183 F: 4 1 1 
4510 5 4515 226 F: 4 1 
4531 6 4549 401 F: 6 
4539 9 4548 1 F: 9 
4558 11 4569 372 F: 11 
4622 8 4638 183 F: 4 3 1 
4625 8 4657 178 F: 2 2 4 
4655 3 4658 102 F: 2 1 
4687 11 4698 347 F: 5 6 
4691 3 4703 76 F: 3 
4716 10 4746 303 F: 10 
4730 6 4754 348 F: 3 3 
4771 12 4783 315 F: 6 6 
4777 6 4789 352 F: 2 3 1 
4796 7 4810 75 F: 7 
4808 9 4835 228 F: 9 
4817 7 4838 418 F: 2 2 3 
4829 13 4868 15 F: 13 
4846 13 4898 424 F: 13 
4857 9 4884 46 F: 3 3 3 
4902 6 4920 366 F: 4 2 
4904 12 4928 317 F: 12 
4912 9 4948 219 F: 4 1 4 
4921 11 4943 29 F: 5 4 2 
4952 10 4972 24 F: 5 5 
5011 2 5019 55 F: 2 
5023 9 5050 225 F: 4 2 3 
5025 5 5030 312 F: 5 
5032 9 5041 359 F: 3 6 
5065 9 5101 57 F: 2 3 4 
5120 7 5148 213 F: 7 
5120 9 5138 63 F: 5 4 
5144 5 5154 86 F: 5 
5159 7 5187 57 F: 5 2 
5199 13 5225 298 F: 13 
5224 10 5264 390 F: 4 3 3 
5228 8 5236 207 F: 2 6 
5242 8 5250 98 F: 5 2 1 
5254 6 5278 105 F: 6 
5286 5 5306 92 F: 3 2 
5346 11 5368 382 F: 5 6 
5350 5 5365 218 F: 2 3 
5360 13 5412 69 F: 13 
5381 5 5391 394 F: 2 3 
5387 12 5411 275 F: 12 
5414 9 5441 397 F: 4 3 2 
5421 4 5437 289 F: 2 2 
5443 11 5487 156 F: 11 
5450 6 5474 279 F: 2 3 1 
5498 6 5510 30 F: 6 
5508 7 5529 53 F: 7 
5522 10 5552 42 F: 6 4 
5527 13 5540 274 F: 13 
5544 10 5564 430 F: 3 3 4 
5551 12 5599 199 F: 12 
5607 9 5625 145 F: 4 1 4 
5631 9 5649 318 F: 5 3 1 
5665 10 5675 173 F: 5 1 4 
5683 3 5692 220 F: 3 
5697 6 5703 429 F: 4 1 1 
5703 8 5727 119 F: 4 3 1 
5738 7 5752 58 F: 2 1 4 
5751 11 5795 122 F: 11 
5774 4 5782 65 F: 4 
5774 7 5788 265 F: 4 3 
5813 2 5819 191 F: 2 
5823 3 5826 304 F: 3 
5824 2 5832 440 F: 2 
5835 6 5847 353 F: 2 1 3 
5896 6 5914 433 F: 5 1 
5905 10 5915 182 F: 10 
5950 10 5970 249 F: 7 3 
5954 9 5963 106 F: 4 3 2 
5968 10 6008 426 F: 5 1 4 
5972 10 6002 450 F: 4 3 3 
6027 3 6036 36 F: 3 
6031 9 6049 268 F: 4 2 3 
6048 4 6056 434 F: 2 1 1 
6064 7 6092 98 F: 5 2 
6065 12 6101 71 F: 5 3 4 
6103 7 6124 167 F: 7 
6103 7 6131 327 F: 2 5 
6176 5 6191 417 F: 4 1 
6185 9 6212 213 F: 7 2 
6191 9 6227 290 F: 9 
6210 10 6220 450 F: 5 5 
6212 9 6248 35 F: 2 3 4 
6221 8 6245 29 F: 3 1 4 
6262 5 6282 198 F: 5 
6263 11 6307 121 F: 11 
6311 10 6321 145 F: 10 
6327 4 6331 139 F: 4 
6366 13 6392 350 F: 7 6 
6397 7 6404 351 F: 3 2 2 
6399 3 6405 220 F: 3 
6413 12 6425 239 F: 12 
6425 9 6434 192 F: 5 1 3 
6437 6 6455 312 F: 6 
6462 10 6492 387 F: 10 
6480 10 6520 428 F: 10 
6507 5 6522 265 F: 5 
6511 9 6538 279 F: 3 3 3 
6513 2 6519 173 F: 2 
6514 9 6541 180 F: 9 
6519 11 6530 83 F: 7 4 
6625 2 6629 130 F: 2 
6629 6 6647 137 F: 4 2 
6649 8 6665 382 F: 7 1 
6649 12 6685 266 F: 5 3 4 
6673 6 6685 198 F: 6 
6709 7 6723 97 F: 7 
6726 8 6734 260 F: 2 6 
6741 2 6749 317 F: 2 
6769 11 6791 325 F: 5 6 
6776 7 6797 112 F: 7 
6800 7 6814 323 F: 5 1 1 
6826 5 6831 230 F: 5 
6842 4 6858 70 F: 2 1 1 
6843 10 6853 332 F: 10 
6867 5 6877 244 F: 2 2 1 
6919 12 6967 352 F: 12 
6929 2 6935 266 F: 2 
6936 13 6962 126 F: 13 
6978 9 6996 106 F: 3 4 2 
6994 10 7034 234 F: 4 3 3 
7064 8 7088 2 F: 3 4 1 
7064 13 7090 113 F: 5 4 4 
7072 9 7081 149 F: 3 2 4 
7089 7 7110 350 F: 7 
7098 9 7107 163 F: 9 
7103 13 7116 3 F: 13 
7119 8 7135 248 F: 4 4 
7180 8 7204 242 F: 8 
7184 11 7195 59 F: 5 2 4 
7196 9 7205 289 F: 7 2 
7209 2 7211 367 F: 2 
7219 8 7243 127 F: 7 1 
7229 7 7257 152 F: 2 1 4 
7276 7 7283 255 F: 3 4 
7296 7 7324 300 F: 4 3 
7323 7 7330 413 F: 6 1 
7330 6 7336 428 F: 5 1 
7336 10 7366 105 F: 10 
7345 5 7355 30 F: 5 
7376 10 7406 260 F: 4 4 2 
7410 10 7450 44 F: 5 3 2 
7411 5 7416 69 F: 4 1 
7438 7 7445 323 F: 2 5 
7456 12 7492 432 F: 12 
7493 9 7502 362 F: 4 3 2 
7563 7 7570 416 F: 7 
7567 8 7591 314 F: 4 1 3 
7573 11 7595 163 F: 5 6 
7578 7 7592 227 F: 2 3 2 
7597 6 7615 45 F: 3 1 2 
7624 5 7634 105 F: 4 1 
7635 5 7640 136 F: 5 
7642 5 7652 130 F: 5 
7652 8 7660 49 F: 2 2 4 
7697 7 7718 372 F: 3 3 1 
7705 8 7713 397 F: 7 1 
7717 12 7753 121 F: 12 
7726 9 7735 69 F: 7 2 
7762 7 7783 151 F: 5 1 1 
7787 8 7803 5 F: 2 3 3 
7810 8 7842 338 F: 8 
7812 13 7825 107 F: 5 4 4 
7841 5 7851 284 F: 5 
7858 13 7871 279 F: 13 
7872 8 7888 168 F: 2 6 
7922 6 7946 151 F: 4 1 1 
7934 12 7970 79 F: 7 5 
7946 7 7967 178 F: 2 4 1 
7976 9 7985 362 F: 3 6 
7980 4 7996 365 F: 3 1 
8007 9 8025 145 F: 4 1 4 
8021 5 8031 254 F: 5 
8034 6 8058 224 F: 6 
8047 8 8071 158 F: 8 
8057 9 8084 102 F: 5 3 1 
8102 9 8120 219 F: 9 
8142 8 8166 417 F: 7 1 
8150 10 8190 318 F: 5 2 3 
8152 11 8196 13 F: 6 5 
8182 7 8189 293 F: 7 
8213 12 8249 121 F: 7 5 
8220 4 8224 85 F: 3 1 
8253 12 8289 121 F: 7 5 
8288 8 8304 80 F: 2 3 3 
8291 8 8299 280 F: 2 6 
8314 6 8320 360 F: 5 1 
8327 6 8351 107 F: 2 4 
8328 10 8338 76 F: 4 3 3 
8328 10 8348 403 F: 2 4 4 
8368 3 8371 215 F: 3 
8439 12 8475 96 F: 12 
8440 9 8476 331 F: 9 
8457 11 8501 423 F: 6 5 
8473 9 8509 327 F: 4 5 
8496 6 8502 69 F: 2 3 1 
8515 4 8531 387 F: 3 1 
8531 11 8553 293 F: 11 
8566 11 8588 282 F: 5 2 4 
8588 11 8632 81 F: 4 4 3 
8592 13 8618 175 F: 13 
8613 10 8633 125 F: 5 2 3 
8623 6 8629 308 F: 3 3 
8650 13 8689 132 F: 13 
8658 6 8664 228 F: 6 
8665 5 8680 139 F: 2 2 1 
8702 7 8709 286 F: 6 1 
8705 10 8725 75 F: 4 3 3 
8721 3 8724 400 F: 3 
8755 13 8794 391 F: 13 
8760 10 8770 60 F: 4 6 
8805 6 8811 305 F: 6 
8837 10 8877 313 F: 10 
8872 6 8890 12 F: 6 
8874 6 8898 276 F: 2 4 
8884 10 8924 442 F: 10 
8957 7 8971 114 F: 7 
8959 8 8975 270 F: 3 5 
8961 12 8997 249 F: 5 4 3 
8974 7 8988 450 F: 6 1 
8985 12 9009 179 F: 5 3 4 
D: 0 44 
D: 7 103 
D: 8 176 
D: 8 381 
D: 17 75 
D: 22 34 
D: 31 116 
D: 33 64 
D: 39 236 
D: 45 269 
D: 55 204 
D: 55 300 
D: 59 414 
D: 65 305 
D: 66 280 
D: 71 259 
D: 71 449 
D: 73 439 
D: 77 288 
D: 81 290 
D: 81 380 
D: 81 414 
D: 85 225 
D: 94 413 
D: 104 309 
D: 117 122 
D: 124 442 
D: 126 173 
D: 128 198 
D: 132 234 
D: 149 379 
D: 153 445 
D: 159 190 
D: 166 320 
D: 182 365 
D: 184 303 
D: 186 324 
D: 193 294 
D: 202 247 
D: 207 233 
D: 207 440 
D: 248 448 
D: 250 361 
D: 306 389 
D: 378 446 
