26 8 50 378 F: 6 2 
32 7 39 190 F: 2 4 1 
67 7 88 87 F: 7 
73 4 81 127 F: 2 2 
96 9 123 85 F: 4 3 2 
104 9 113 87 F: 4 1 4 
123 10 133 233 F: 10 
131 11 175 97 F: 4 4 3 
151 9 187 64 F: 3 6 
167 3 179 87 F: 3 
207 13 233 302 F: 13 
212 5 222 282 F: 2 3 
240 10 280 352 F: 5 5 
277 10 317 354 F: 4 2 4 
281 6 287 102 F: 3 3 
310 6 334 309 F: 6 
316 7 337 346 F: 7 
318 4 330 107 F: 3 1 
368 7 396 129 F: 4 3 
399 3 411 155 F: 3 
414 6 438 205 F: 5 1 
430 4 446 140 F: 4 
438 6 444 182 F: 2 1 3 
466 7 494 205 F: 6 1 
475 10 505 191 F: 4 4 2 
549 7 570 9 F: 2 4 1 
553 9 571 7 F: 3 6 
553 12 601 249 F: 12 
579 8 595 151 F: 3 3 2 
599 12 647 420 F: 6 6 
637 6 649 292 F: 5 1 
644 9 671 278 F: 3 6 
675 9 702 400 F: 5 1 3 
682 9 718 139 F: 4 4 1 
690 10 710 256 F: 7 3 
704 6 722 121 F: 3 3 
729 8 737 342 F: 6 2 
750 11 761 213 F: 5 3 3 
756 4 764 448 F: 4 
764 3 767 282 F: 3 
811 2 817 276 F: 2 
820 9 856 212 F: 6 3 
838 9 874 319 F: 5 1 3 
845 5 855 145 F: 5 
875 8 883 142 F: 8 
907 10 947 437 F: 4 4 2 
920 4 924 173 F: 4 
933 9 951 369 F: 5 4 
949 12 997 37 F: 12 
982 9 991 348 F: 4 5 
1008 9 1017 244 F: 5 4 
1024 2 1028 81 F: 2 
1033 4 1049 147 F: 2 1 1 
1051 9 1087 407 F: 3 6 
1092 9 1110 403 F: 9 
1110 5 1130 405 F: 5 
1132 7 1153 97 F: 3 3 1 
1151 6 1163 260 F: 3 1 2 
1171 12 1207 399 F: 12 
1199 9 1217 303 F: 4 4 1 
1236 4 1240 332 F: 4 
1251 9 1260 111 F: 3 4 2 
1256 13 1282 111 F: 13 
1273 7 1301 369 F: 7 
1274 10 1294 91 F: 7 3 
1317 6 1329 247 F: 4 2 
1346 13 1385 429 F: 5 4 4 
1350 13 1389 444 F: 5 4 4 
1351 13 1403 171 F: 13 
1389 5 1404 419 F: 5 
1424 8 1456 298 F: 3 5 
1438 11 1460 130 F: 11 
1448 8 1472 339 F: 6 2 
1492 7 1520 133 F: 4 2 1 
1494 9 1503 237 F: 7 2 
1530 6 1542 68 F: 4 2 
1563 2 1567 167 F: 2 
1581 8 1605 97 F: 4 2 2 
1583 13 1596 149 F: 13 
1597 7 1618 126 F: 3 2 2 
1628 11 1639 373 F: 5 2 4 
1634 12 1646 93 F: 12 
1645 8 1653 93 F: 7 1 
1678 7 1685 315 F: 3 4 
1681 7 1688 404 F: 5 1 1 
1731 10 1741 211 F: 6 4 
1751 5 1756 167 F: 5 
1766 13 1779 399 F: 13 
1776 7 1797 223 F: 2 2 3 
1798 8 1814 187 F: 2 6 
1820 6 1832 339 F: 6 
1828 5 1833 236 F: 5 
1857 2 1859 416 F: 2 
1867 8 1883 270 F: 3 4 1 
1868 8 1900 388 F: 4 3 1 
1904 11 1926 131 F: 11 
1913 10 1943 381 F: 10 
1940 7 1947 207 F: 4 3 
1960 13 1986 112 F: 5 4 4 
1965 9 1983 99 F: 4 4 1 
2004 6 2022 217 F: 2 4 
2037 11 2048 398 F: 7 4 
2066 11 2077 214 F: 11 
2066 13 2118 136 F: 7 6 
2088 8 2096 241 F: 2 6 
2112 10 2152 410 F: 4 2 4 
2129 8 2137 40 F: 3 5 
2136 9 2145 14 F: 7 2 
2148 2 2152 72 F: 2 
2158 9 2194 434 F: 9 
2246 4 2262 178 F: 4 
2253 13 2279 181 F: 13 
2262 9 2271 67 F: 4 5 
2284 7 2312 442 F: 3 2 2 
2296 8 2320 219 F: 5 2 1 
2328 9 2346 67 F: 5 4 
2332 5 2347 95 F: 3 1 1 
2347 10 2367 241 F: 10 
2394 8 2410 99 F: 8 
2395 5 2405 443 F: 3 2 
2411 10 2441 329 F: 10 
2459 5 2474 350 F: 5 
2464 5 2474 258 F: 2 3 
2466 9 2493 140 F: 3 3 3 
2498 8 2514 202 F: 2 2 4 
2505 9 2523 326 F: 9 
2512 3 2515 42 F: 3 
2570 5 2590 78 F: 2 1 2 
2572 9 2590 225 F: 5 1 3 
2572 10 2592 31 F: 6 4 
2638 5 2653 165 F: 2 1 2 
2641 6 2653 226 F: 2 4 
2649 9 2676 322 F: 3 6 
2649 13 2662 6 F: 13 
2669 10 2709 168 F: 5 5 
2707 6 2725 152 F: 6 
2760 3 2772 419 F: 3 
2780 13 2832 220 F: 13 
2789 7 2817 55 F: 7 
2796 12 2832 2 F: 12 
2824 7 2831 166 F: 5 2 
2833 7 2840 287 F: 6 1 
2850 10 2870 255 F: 4 6 
2867 6 2891 308 F: 4 2 
2891 10 2921 217 F: 6 4 
2902 5 2917 388 F: 3 2 
2912 3 2918 281 F: 3 
2961 9 2997 320 F: 5 3 1 
2974 8 2990 150 F: 3 4 1 
2995 11 3017 380 F: 11 
3003 8 3011 348 F: 6 2 
3024 10 3034 298 F: 4 3 3 
3036 10 3066 79 F: 10 
3041 9 3050 292 F: 3 6 
3088 10 3118 300 F: 6 4 
3114 10 3134 310 F: 6 4 
3144 5 3154 263 F: 2 3 
3158 12 3194 113 F: 12 
3170 5 3175 390 F: 5 
3174 10 3214 194 F: 4 4 2 
3220 6 3232 18 F: 3 1 2 
3230 9 3266 170 F: 5 3 1 
3240 7 3254 10 F: 2 1 4 
3294 7 3308 257 F: 3 4 
3294 7 3322 93 F: 3 4 
3304 8 3328 110 F: 2 4 2 
3325 3 3334 279 F: 3 
3356 6 3362 245 F: 3 1 2 
3357 7 3378 207 F: 4 1 2 
3394 6 3400 419 F: 2 3 1 
3403 11 3414 12 F: 3 4 4 
3408 3 3411 223 F: 3 
3431 12 3455 156 F: 12 
3463 7 3477 321 F: 6 1 
3495 10 3515 254 F: 4 6 
3509 7 3516 399 F: 4 1 2 
3514 10 3534 276 F: 10 
3545 5 3565 7 F: 2 3 
3556 9 3565 246 F: 4 5 
3571 6 3589 250 F: 3 3 
3602 5 3607 236 F: 5 
3612 12 3660 25 F: 6 6 
3623 9 3641 158 F: 3 6 
3659 9 3686 192 F: 7 2 
3691 7 3719 423 F: 7 
3717 10 3737 385 F: 7 3 
3759 11 3792 402 F: 11 
3768 11 3779 4 F: 7 4 
3774 2 3778 113 F: 2 
3795 5 3805 314 F: 5 
3827 6 3851 370 F: 2 4 
3830 9 3866 363 F: 9 
3882 11 3893 85 F: 11 
3887 12 3935 80 F: 12 
3891 10 3911 149 F: 10 
3906 13 3958 116 F: 7 6 
3934 2 3938 231 F: 2 
3937 8 3969 370 F: 6 2 
3945 3 3948 400 F: 2 1 
3984 7 4005 383 F: 5 1 1 
4026 3 4038 320 F: 3 
4083 11 4105 188 F: 5 6 
4085 9 4112 142 F: 3 2 4 
4095 12 4119 68 F: 6 6 
4098 6 4122 338 F: 3 1 2 
4140 13 4192 50 F: 13 
4149 9 4185 315 F: 5 4 
4167 9 4203 128 F: 3 3 3 
4181 11 4225 281 F: 11 
4194 11 4216 327 F: 5 3 3 
4215 6 4233 388 F: 3 3 
4222 11 4233 97 F: 7 4 
4242 12 4266 313 F: 12 
4276 7 4297 30 F: 4 1 2 
4294 9 4303 47 F: 4 3 2 
4330 8 4354 220 F: 4 4 
4338 9 4365 100 F: 7 2 
4359 12 4371 287 F: 12 
4362 6 4368 293 F: 4 2 
4387 7 4415 299 F: 4 3 
4414 7 4421 7 F: 3 3 1 
4421 6 4433 419 F: 4 2 
4428 11 4472 229 F: 11 
4443 9 4461 289 F: 7 2 
4479 10 4509 92 F: 4 2 4 
4516 7 4544 300 F: 5 2 
4562 10 4572 375 F: 7 3 
4564 8 4588 107 F: 7 1 
4583 10 4613 74 F: 4 2 4 
4586 2 4590 104 F: 2 
4612 10 4622 285 F: 4 4 2 
4632 11 4643 335 F: 6 5 
4663 5 4683 349 F: 3 2 
4674 8 4706 108 F: 3 4 1 
4691 9 4709 321 F: 2 4 3 
4715 12 4739 278 F: 7 5 
4716 11 4749 170 F: 6 5 
4717 12 4729 331 F: 12 
4764 2 4768 320 F: 2 
4783 10 4823 90 F: 4 3 3 
4811 5 4826 418 F: 4 1 
4822 7 4843 318 F: 5 1 1 
4840 11 4884 159 F: 11 
4843 9 4852 103 F: 7 2 
4889 9 4898 347 F: 6 3 
4905 9 4914 143 F: 5 2 2 
4924 12 4972 292 F: 7 5 
4954 5 4969 385 F: 5 
4965 13 4991 209 F: 13 
4990 7 5018 178 F: 4 3 
5001 11 5023 65 F: 5 4 2 
5009 11 5053 127 F: 11 
5036 11 5047 243 F: 4 4 3 
5051 8 5083 310 F: 7 1 
5091 12 5127 304 F: 12 
5117 9 5153 160 F: 5 4 
5131 13 5183 212 F: 13 
5153 11 5175 131 F: 6 5 
5182 9 5218 181 F: 9 
5190 11 5234 254 F: 4 4 3 
5222 7 5229 426 F: 4 2 1 
5230 12 5266 177 F: 4 4 4 
5235 6 5259 175 F: 6 
5248 9 5284 401 F: 6 3 
5273 8 5297 397 F: 2 3 3 
5324 8 5348 168 F: 5 1 2 
5331 9 5349 113 F: 2 4 3 
5336 11 5380 284 F: 4 4 3 
5349 10 5369 345 F: 5 5 
5354 12 5390 173 F: 5 4 3 
5403 12 5415 49 F: 12 
5415 5 5435 413 F: 2 3 
5431 3 5443 161 F: 2 1 
5472 6 5478 120 F: 5 1 
5485 2 5487 234 F: 2 
5525 11 5536 373 F: 4 3 4 
5541 6 5547 377 F: 4 1 1 
5542 2 5544 265 F: 2 
5578 5 5583 362 F: 5 
5578 13 5604 338 F: 5 4 4 
5626 3 5629 355 F: 2 1 
5628 8 5652 386 F: 2 6 
5643 6 5655 406 F: 6 
5662 10 5692 18 F: 5 2 3 
5674 12 5698 413 F: 5 3 4 
5722 7 5729 434 F: 2 3 2 
5755 3 5761 242 F: 2 1 
5778 10 5798 52 F: 10 
5797 9 5806 403 F: 6 3 
5799 10 5829 50 F: 6 4 
5835 9 5862 78 F: 9 
5848 7 5869 262 F: 2 5 
5852 6 5864 324 F: 2 1 3 
5862 8 5878 86 F: 2 3 3 
5887 8 5895 18 F: 2 6 
5914 9 5941 44 F: 3 6 
5930 13 5969 296 F: 7 6 
5963 11 6007 51 F: 11 
5974 4 5978 286 F: 4 
5992 9 6028 235 F: 3 3 3 
6023 8 6031 204 F: 3 1 4 
6028 7 6042 131 F: 3 4 
6032 10 6052 219 F: 10 
6071 8 6095 250 F: 8 
6097 8 6121 147 F: 6 2 
6138 7 6159 349 F: 3 3 1 
6139 7 6153 152 F: 2 3 2 
6161 8 6185 316 F: 2 3 3 
6165 8 6197 219 F: 2 2 4 
6190 3 6193 437 F: 2 1 
6226 10 6236 47 F: 10 
6230 4 6238 280 F: 4 
6261 8 6269 127 F: 7 1 
6285 10 6295 292 F: 5 3 2 
6291 11 6324 289 F: 6 5 
6305 11 6338 341 F: 5 2 4 
6314 10 6354 126 F: 5 4 1 
6344 8 6360 144 F: 8 
6373 11 6395 238 F: 5 2 4 
6380 6 6386 333 F: 3 3 
6401 7 6408 71 F: 7 
6420 5 6440 215 F: 5 
6453 10 6473 306 F: 5 1 4 
6497 10 6527 219 F: 10 
6498 8 6506 151 F: 4 4 
6532 13 6571 226 F: 5 4 4 
6533 13 6559 381 F: 13 
6549 6 6573 412 F: 2 2 2 
6562 11 6573 122 F: 7 4 
6589 7 6603 3 F: 3 1 3 
6627 6 6639 275 F: 6 
6655 5 6675 314 F: 5 
6656 10 6696 220 F: 3 4 3 
6675 4 6679 47 F: 4 
6680 2 6682 40 F: 2 
6707 11 6718 4 F: 11 
6716 8 6732 331 F: 8 
6754 9 6772 125 F: 2 3 4 
6776 7 6804 34 F: 3 2 2 
6779 13 6792 115 F: 7 6 
6843 7 6850 5 F: 2 2 3 
6849 7 6870 361 F: 2 1 4 
6869 12 6917 60 F: 7 5 
6881 9 6899 370 F: 3 4 2 
6895 4 6903 429 F: 2 2 
6903 8 6911 345 F: 5 2 1 
6910 8 6942 24 F: 8 
6945 7 6966 349 F: 7 
6953 7 6974 73 F: 3 2 2 
6969 10 7009 421 F: 5 1 4 
7005 11 7049 188 F: 7 4 
7016 11 7038 232 F: 11 
7042 11 7053 185 F: 7 4 
7069 7 7076 414 F: 3 4 
7075 3 7081 270 F: 2 1 
7132 13 7158 128 F: 13 
7133 13 7172 121 F: 7 6 
7145 4 7161 178 F: 4 
7160 10 7190 334 F: 6 4 
7182 8 7190 35 F: 3 4 1 
7201 10 7211 71 F: 10 
7224 8 7232 31 F: 8 
7227 6 7233 45 F: 3 3 
7255 8 7279 36 F: 8 
7256 2 7262 26 F: 2 
7313 9 7340 32 F: 7 2 
7325 8 7341 206 F: 4 4 
7334 8 7350 258 F: 4 1 3 
7360 2 7364 274 F: 2 
7393 8 7425 61 F: 5 2 1 
7411 5 7416 222 F: 3 2 
7424 8 7440 450 F: 4 1 3 
7427 10 7447 271 F: 10 
7435 9 7471 105 F: 6 3 
7474 6 7486 352 F: 3 1 2 
7504 8 7528 108 F: 7 1 
7514 13 7566 19 F: 13 
7568 6 7574 300 F: 3 3 
7577 4 7593 191 F: 4 
7599 6 7611 392 F: 6 
7625 5 7630 92 F: 2 2 1 
7625 10 7655 298 F: 6 4 
7626 9 7662 393 F: 4 4 1 
7632 10 7662 135 F: 10 
7688 5 7703 124 F: 5 
7739 10 7779 343 F: 5 2 3 
7750 12 7774 368 F: 7 5 
7759 3 7768 295 F: 3 
7760 8 7776 311 F: 6 2 
7763 5 7783 224 F: 3 2 
7818 3 7824 193 F: 3 
7847 11 7858 149 F: 6 5 
7859 6 7883 276 F: 6 
7892 7 7920 448 F: 3 1 3 
7898 9 7934 426 F: 7 2 
7917 2 7925 447 F: 2 
7934 8 7958 124 F: 2 2 4 
7956 8 7964 372 F: 4 4 
7987 6 8011 133 F: 6 
7998 7 8026 237 F: 7 
8009 4 8025 394 F: 4 
8062 7 8090 87 F: 6 1 
8068 8 8092 122 F: 8 
8089 9 8107 179 F: 9 
8095 7 8123 265 F: 2 2 3 
8114 13 8153 100 F: 13 
8120 4 8132 56 F: 3 1 
8123 7 8151 424 F: 4 2 1 
8125 7 8139 54 F: 7 
8153 10 8173 334 F: 4 2 4 
8236 9 8272 277 F: 4 3 2 
8238 8 8262 417 F: 5 3 
8254 11 8276 345 F: 3 4 4 
8276 6 8300 62 F: 4 2 
8290 10 8300 125 F: 10 
8308 3 8311 153 F: 3 
8343 10 8353 153 F: 10 
8351 9 8360 360 F: 4 2 3 
8382 12 8430 120 F: 12 
8390 5 8410 365 F: 5 
8417 11 8428 184 F: 5 4 2 
8417 12 8453 73 F: 12 
8433 10 8463 55 F: 5 4 1 
8439 11 8461 117 F: 4 4 3 
8491 9 8518 394 F: 9 
8502 2 8508 42 F: 2 
8517 8 8525 370 F: 4 2 2 
8520 10 8530 268 F: 10 
8537 6 8543 383 F: 2 4 
8538 9 8565 135 F: 9 
8627 2 8631 39 F: 2 
8650 9 8659 358 F: 7 2 
8655 8 8679 390 F: 3 2 3 
8669 6 8687 322 F: 5 1 
8670 4 8686 249 F: 4 
8715 13 8741 429 F: 13 
8718 7 8725 294 F: 4 1 2 
8751 8 8775 154 F: 4 4 
8777 9 8813 144 F: 9 
8790 4 8802 328 F: 2 2 
8807 11 8829 310 F: 6 5 
8812 11 8834 136 F: 5 2 4 
8830 11 8863 271 F: 6 5 
8847 13 8899 346 F: 5 4 4 
8895 4 8907 419 F: 4 
8903 5 8918 186 F: 4 1 
8918 3 8921 52 F: 3 
8953 10 8983 55 F: 7 3 
8958 6 8976 225 F: 6 
8982 8 8998 319 F: 8 
D: 15 289 
D: 18 389 
D: 23 309 
D: 26 40 
D: 35 355 
D: 40 122 
D: 41 251 
D: 57 213 
D: 70 183 
D: 81 86 
D: 81 369 
D: 89 320 
D: 90 392 
D: 94 177 
D: 106 276 
D: 108 181 
D: 115 329 
D: 120 275 
D: 122 326 
D: 133 406 
D: 137 425 
D: 154 237 
D: 166 176 
D: 171 255 
D: 187 190 
D: 187 271 
D: 190 357 
D: 195 279 
D: 211 336 
D: 222 260 
D: 223 433 
D: 228 364 
D: 251 253 
D: 264 265 
D: 274 407 
D: 276 413 
D: 285 438 
D: 300 305 
D: 311 438 
D: 317 395 
D: 336 445 
D: 340 342 
D: 354 369 
D: 437 446 
D: 441 447 
