0 7 28 325 F: 7 
36 6 60 327 F: 6 
37 3 46 425 F: 3 
51 12 63 32 F: 12 
80 10 90 382 F: 10 
102 8 118 117 F: 5 3 
135 10 165 268 F: 6 4 
144 6 168 323 F: 2 3 1 
155 6 161 299 F: 6 
193 8 217 261 F: 2 4 2 
201 6 219 324 F: 3 1 2 
255 8 263 88 F: 6 2 
281 2 287 285 F: 2 
286 9 295 423 F: 4 3 2 
298 12 322 116 F: 6 6 
317 2 323 340 F: 2 
334 7 348 42 F: 3 1 3 
364 5 374 113 F: 5 
377 3 380 384 F: 3 
380 9 398 200 F: 4 4 1 
416 6 422 438 F: 5 1 
418 7 446 394 F: 2 5 
449 7 463 64 F: 2 5 
463 5 473 398 F: 2 1 2 
487 8 495 149 F: 7 1 
501 6 519 176 F: 4 1 1 
504 9 522 390 F: 3 6 
556 3 562 289 F: 3 
561 7 582 339 F: 4 3 
592 6 610 9 F: 3 1 2 
611 9 629 307 F: 5 4 
630 9 657 111 F: 3 2 4 
643 5 653 15 F: 3 2 
679 5 694 98 F: 2 3 
681 7 688 94 F: 3 3 1 
701 7 729 163 F: 7 
715 8 723 404 F: 2 6 
736 10 756 16 F: 5 1 4 
746 10 786 383 F: 6 4 
790 11 812 291 F: 11 
814 8 838 145 F: 8 
820 7 827 242 F: 7 
831 9 867 213 F: 4 4 1 
870 5 875 1 F: 5 
894 7 908 204 F: 7 
935 4 939 159 F: 4 
949 4 961 244 F: 4 
976 10 996 295 F: 4 4 2 
978 7 1006 51 F: 6 1 
987 6 1011 121 F: 5 1 
1011 8 1035 205 F: 7 1 
1024 3 1027 363 F: 3 
1031 6 1055 181 F: 6 
1068 3 1080 410 F: 3 
1069 10 1079 314 F: 7 3 
1107 11 1118 9 F: 6 5 
1174 10 1214 187 F: 10 
1179 5 1199 178 F: 4 1 
1183 10 1223 212 F: 10 
1191 8 1199 267 F: 8 
1213 9 1240 60 F: 9 
1216 11 1238 77 F: 7 4 
1225 9 1243 233 F: 4 5 
1259 8 1275 200 F: 2 6 
1283 10 1313 76 F: 5 2 3 
1305 6 1311 99 F: 2 4 
1314 6 1326 317 F: 5 1 
1327 12 1363 268 F: 4 4 4 
1340 10 1350 26 F: 5 3 2 
1381 11 1414 115 F: 7 4 
1410 12 1422 116 F: 12 
1415 10 1425 301 F: 3 4 3 
1433 9 1460 173 F: 7 2 
1449 10 1469 319 F: 5 4 1 
1482 7 1503 386 F: 2 1 4 
1561 7 1582 68 F: 5 2 
1568 2 1570 92 F: 2 
1589 13 1628 445 F: 13 
1593 9 1611 236 F: 3 3 3 
1598 6 1604 35 F: 2 1 3 
1625 4 1637 436 F: 3 1 
1638 12 1674 192 F: 12 
1646 8 1678 406 F: 8 
1660 6 1666 113 F: 6 
1697 9 1724 39 F: 3 6 
1708 11 1719 90 F: 7 4 
1727 11 1749 138 F: 11 
1751 9 1787 148 F: 6 3 
1765 8 1789 159 F: 8 
1783 6 1801 104 F: 6 
1801 9 1828 229 F: 4 3 2 
1838 6 1844 102 F: 3 3 
1860 6 1878 167 F: 5 1 
1860 11 1893 134 F: 5 4 2 
1897 8 1929 230 F: 2 3 3 
1906 6 1930 37 F: 2 3 1 
1918 8 1926 330 F: 4 4 
1957 7 1964 222 F: 7 
1973 10 1993 254 F: 5 3 2 
1980 8 2004 368 F: 4 4 
2001 8 2017 185 F: 8 
2024 5 2029 245 F: 5 
2038 11 2071 111 F: 7 4 
2048 9 2084 99 F: 9 
2059 6 2071 429 F: 6 
2110 10 2140 74 F: 6 4 
2111 7 2139 100 F: 6 1 
2120 10 2160 259 F: 4 3 3 
2173 12 2185 20 F: 12 
2182 13 2195 133 F: 13 
2222 5 2232 13 F: 3 2 
2227 5 2242 57 F: 2 3 
2253 3 2259 423 F: 3 
2286 8 2294 289 F: 2 4 2 
2295 9 2304 174 F: 5 2 2 
2317 8 2349 282 F: 3 4 1 
2339 4 2347 424 F: 4 
2339 5 2344 349 F: 4 1 
2349 9 2358 398 F: 7 2 
2351 6 2357 323 F: 2 3 1 
2400 5 2420 380 F: 2 1 2 
2411 13 2463 285 F: 5 4 4 
2425 4 2437 161 F: 4 
2448 7 2476 31 F: 7 
2469 4 2481 298 F: 4 
2504 5 2524 398 F: 5 
2513 7 2534 437 F: 4 3 
2517 12 2553 309 F: 5 3 4 
2546 7 2567 25 F: 7 
2568 5 2588 146 F: 3 2 
2633 10 2663 309 F: 4 2 4 
2667 8 2699 213 F: 8 
2669 2 2671 269 F: 2 
2671 4 2675 255 F: 4 
2686 5 2691 266 F: 2 1 2 
2711 10 2721 263 F: 7 3 
2757 2 2759 98 F: 2 
2774 5 2794 48 F: 3 1 1 
2778 6 2784 379 F: 3 1 2 
2799 11 2821 8 F: 11 
2849 7 2856 147 F: 4 3 
2852 4 2868 326 F: 4 
2855 5 2875 419 F: 5 
2886 5 2891 405 F: 2 3 
2896 12 2908 226 F: 6 6 
2940 9 2967 337 F: 3 2 4 
2956 10 2986 300 F: 6 4 
2958 10 2998 421 F: 4 4 2 
2991 7 3012 237 F: 7 
2993 11 3026 299 F: 11 
3008 13 3047 313 F: 13 
3026 7 3033 245 F: 3 1 3 
3042 6 3048 192 F: 6 
3052 9 3079 393 F: 4 5 
3080 4 3096 377 F: 3 1 
3108 10 3128 29 F: 4 6 
3150 9 3168 185 F: 5 2 2 
3161 6 3179 434 F: 2 3 1 
3163 9 3172 237 F: 3 2 4 
3189 6 3207 296 F: 4 2 
3203 9 3212 189 F: 9 
3220 6 3238 311 F: 5 1 
3227 8 3243 168 F: 2 6 
3246 7 3267 157 F: 2 3 2 
3257 10 3297 331 F: 6 4 
3322 9 3358 227 F: 9 
3331 6 3355 240 F: 6 
3332 2 3336 325 F: 2 
3344 10 3374 85 F: 5 5 
3397 6 3421 89 F: 3 3 
3404 6 3428 190 F: 6 
3452 7 3466 430 F: 3 1 3 
3460 7 3488 311 F: 4 2 1 
3493 7 3500 446 F: 7 
3498 10 3508 155 F: 10 
3522 8 3530 247 F: 8 
3537 12 3561 130 F: 7 5 
3551 8 3559 274 F: 3 5 
3566 10 3586 318 F: 5 5 
3575 4 3579 169 F: 4 
3621 8 3645 18 F: 7 1 
3621 12 3669 294 F: 6 6 
3628 7 3656 99 F: 2 4 1 
3630 11 3663 104 F: 11 
3674 7 3681 43 F: 4 1 2 
3715 11 3759 385 F: 7 4 
3724 9 3742 310 F: 9 
3725 11 3758 437 F: 5 4 2 
3753 12 3789 178 F: 6 6 
3755 9 3773 161 F: 9 
3803 11 3825 219 F: 4 3 4 
3835 10 3875 263 F: 10 
3842 8 3850 260 F: 8 
3855 2 3861 66 F: 2 
3893 8 3925 96 F: 3 2 3 
3925 6 3937 378 F: 2 3 1 
3958 13 3971 399 F: 13 
3977 7 3984 123 F: 3 3 1 
3985 6 4009 449 F: 6 
3985 8 4009 433 F: 4 4 
4020 9 4029 290 F: 4 5 
4021 9 4039 44 F: 4 2 3 
4078 7 4099 440 F: 4 1 2 
4080 9 4107 46 F: 9 
4095 8 4103 89 F: 5 3 
4113 10 4123 141 F: 4 3 3 
4147 6 4153 49 F: 6 
4153 4 4165 71 F: 4 
4157 11 4190 61 F: 11 
4187 8 4195 226 F: 3 4 1 
4217 12 4229 27 F: 12 
4225 7 4232 378 F: 2 4 1 
4228 11 4261 209 F: 7 4 
4240 10 4270 144 F: 5 5 
4299 13 4351 293 F: 13 
4320 8 4336 39 F: 2 6 
4335 10 4345 305 F: 5 1 4 
4353 12 4377 39 F: 12 
4356 9 4392 163 F: 2 4 3 
4387 6 4405 201 F: 6 
4418 11 4451 268 F: 11 
4441 5 4451 246 F: 3 2 
4447 3 4456 187 F: 3 
4453 8 4485 170 F: 2 6 
4476 8 4500 181 F: 3 3 2 
4503 10 4513 279 F: 3 4 3 
4558 7 4572 142 F: 5 1 1 
4558 9 4585 438 F: 5 1 3 
4562 8 4594 8 F: 8 
4575 3 4587 322 F: 3 
4628 3 4637 278 F: 3 
4638 9 4656 94 F: 3 3 3 
4640 9 4658 201 F: 4 5 
4642 7 4663 145 F: 7 
4673 2 4677 135 F: 2 
4705 9 4714 168 F: 4 2 3 
4724 10 4754 66 F: 4 6 
4739 10 4769 274 F: 5 4 1 
4774 8 4806 349 F: 5 1 2 
4779 12 4827 247 F: 12 
4829 10 4839 220 F: 10 
4839 7 4867 192 F: 4 2 1 
4840 8 4872 434 F: 4 4 
4865 8 4889 442 F: 6 2 
4885 7 4906 222 F: 7 
4909 8 4925 257 F: 3 2 3 
4916 3 4925 412 F: 3 
4925 7 4946 236 F: 7 
4930 3 4942 59 F: 2 1 
4954 8 4978 128 F: 4 4 
5006 7 5020 162 F: 2 1 4 
5025 7 5046 113 F: 3 3 1 
5033 12 5069 350 F: 4 4 4 
5040 11 5084 256 F: 4 3 4 
5074 7 5102 328 F: 2 5 
5108 6 5114 355 F: 2 4 
5134 3 5146 154 F: 2 1 
5167 11 5189 199 F: 5 6 
5174 9 5183 315 F: 6 3 
5191 10 5201 126 F: 10 
5202 9 5238 50 F: 3 4 2 
5206 9 5215 89 F: 3 4 2 
5210 9 5219 170 F: 5 4 
5217 3 5226 110 F: 2 1 
5276 3 5288 363 F: 3 
5311 11 5344 266 F: 5 2 4 
5315 13 5328 339 F: 5 4 4 
5353 9 5389 282 F: 5 4 
5357 10 5367 204 F: 10 
5375 10 5415 178 F: 4 3 3 
5418 9 5436 229 F: 5 3 1 
5425 8 5441 375 F: 8 
5433 11 5466 212 F: 11 
5450 7 5478 5 F: 3 2 2 
5488 7 5495 37 F: 7 
5516 9 5534 123 F: 6 3 
5526 10 5566 47 F: 5 1 4 
5541 7 5548 409 F: 4 1 2 
5577 8 5593 391 F: 2 2 4 
5594 2 5602 238 F: 2 
5614 11 5636 372 F: 5 4 2 
5643 5 5658 2 F: 5 
5650 13 5702 445 F: 5 4 4 
5687 9 5714 3 F: 9 
5687 11 5709 343 F: 11 
5719 9 5737 58 F: 4 1 4 
5746 10 5786 449 F: 10 
5781 10 5811 60 F: 5 5 
5794 9 5821 274 F: 5 3 1 
5799 6 5811 132 F: 3 3 
5818 6 5830 352 F: 6 
5836 4 5844 358 F: 2 1 1 
5848 10 5868 189 F: 10 
5858 13 5897 173 F: 13 
5879 11 5912 239 F: 11 
5908 9 5917 85 F: 5 3 1 
5920 13 5959 57 F: 7 6 
5960 7 5974 415 F: 3 1 3 
5968 7 5975 333 F: 6 1 
5977 8 5985 126 F: 8 
6005 7 6019 52 F: 3 1 3 
6007 4 6023 116 F: 4 
6009 10 6029 384 F: 5 1 4 
6029 13 6042 293 F: 7 6 
6079 9 6115 174 F: 3 6 
6103 8 6135 328 F: 5 2 1 
6109 8 6117 181 F: 8 
6127 11 6160 245 F: 11 
6185 7 6206 203 F: 3 3 1 
6185 12 6209 328 F: 12 
6205 9 6214 158 F: 9 
6208 7 6222 261 F: 4 3 
6247 11 6258 347 F: 3 4 4 
6286 10 6326 408 F: 3 3 4 
6294 12 6318 29 F: 7 5 
6307 5 6327 197 F: 5 
6324 4 6336 95 F: 2 2 
6324 11 6346 179 F: 6 5 
6372 10 6382 342 F: 10 
6381 3 6393 20 F: 3 
6413 8 6437 321 F: 2 4 2 
6440 8 6464 342 F: 2 2 4 
6440 9 6458 450 F: 2 4 3 
6471 11 6493 24 F: 6 5 
6478 8 6510 22 F: 8 
6523 4 6539 361 F: 2 2 
6537 8 6561 297 F: 3 5 
6553 11 6597 247 F: 5 2 4 
6574 4 6586 43 F: 4 
6585 9 6603 409 F: 5 2 2 
6640 8 6672 122 F: 2 3 3 
6683 8 6707 23 F: 6 2 
6686 4 6690 21 F: 4 
6690 6 6696 109 F: 2 2 2 
6698 2 6706 232 F: 2 
6705 13 6757 65 F: 13 
6709 11 6731 284 F: 11 
6715 3 6718 34 F: 3 
6729 3 6738 127 F: 3 
6737 10 6757 263 F: 5 4 1 
6814 5 6829 78 F: 4 1 
6821 8 6829 397 F: 3 3 2 
6856 12 6892 417 F: 6 6 
6871 4 6883 205 F: 3 1 
6897 7 6911 314 F: 7 
6912 9 6930 364 F: 5 2 2 
6913 8 6921 350 F: 8 
6957 8 6981 170 F: 3 4 1 
6957 8 6981 347 F: 3 1 4 
6960 13 7012 428 F: 13 
7024 10 7044 28 F: 2 4 4 
7045 7 7073 161 F: 7 
7072 9 7108 60 F: 5 4 
7076 4 7084 302 F: 4 
7098 11 7142 31 F: 5 6 
7103 12 7115 22 F: 12 
7109 11 7153 9 F: 11 
7134 7 7162 17 F: 7 
7172 10 7182 296 F: 5 1 4 
7198 6 7222 273 F: 2 4 
7236 12 7248 345 F: 12 
7241 10 7281 243 F: 5 4 1 
7257 10 7297 384 F: 5 5 
7283 5 7293 334 F: 3 1 1 
7286 13 7338 18 F: 13 
7307 9 7334 166 F: 5 1 3 
7308 7 7336 409 F: 4 2 1 
7332 10 7342 389 F: 5 4 1 
7335 5 7340 393 F: 5 
7398 3 7401 385 F: 2 1 
7401 5 7416 350 F: 2 1 2 
7424 7 7431 125 F: 7 
7426 9 7435 249 F: 4 3 2 
7435 9 7453 197 F: 4 3 2 
7495 6 7519 271 F: 6 
7500 8 7508 52 F: 2 6 
7505 10 7515 53 F: 2 4 4 
7507 10 7537 241 F: 4 6 
7554 10 7564 314 F: 5 3 2 
7577 4 7581 74 F: 4 
7620 8 7628 403 F: 2 4 2 
7633 7 7647 42 F: 6 1 
7640 7 7647 147 F: 7 
7674 6 7692 420 F: 2 3 1 
7690 11 7723 405 F: 5 2 4 
7700 12 7724 407 F: 4 4 4 
7707 12 7731 233 F: 6 6 
7723 8 7747 52 F: 2 4 2 
7770 4 7786 13 F: 4 
7783 8 7815 90 F: 3 4 1 
7831 7 7845 449 F: 4 1 2 
7832 7 7846 191 F: 2 2 3 
7840 11 7851 197 F: 11 
7857 7 7871 31 F: 3 3 1 
7861 9 7897 286 F: 9 
7902 11 7924 324 F: 11 
7937 9 7964 266 F: 7 2 
7963 2 7969 273 F: 2 
7968 3 7974 185 F: 3 
7971 6 7989 63 F: 2 3 1 
8013 8 8029 107 F: 3 5 
8017 7 8031 23 F: 7 
8049 7 8070 206 F: 3 4 
8062 7 8069 106 F: 7 
8090 8 8098 8 F: 2 4 2 
8102 6 8120 298 F: 2 3 1 
8106 5 8121 126 F: 5 
8165 8 8173 81 F: 4 1 3 
8173 2 8177 360 F: 2 
8191 9 8209 369 F: 3 4 2 
8202 5 8217 24 F: 4 1 
8219 7 8247 3 F: 3 1 3 
8248 5 8263 171 F: 3 2 
8274 6 8286 228 F: 2 4 
8295 8 8319 272 F: 2 4 2 
8304 10 8344 143 F: 4 4 2 
8308 9 8317 218 F: 9 
8367 10 8387 440 F: 4 3 3 
8386 9 8404 3 F: 3 4 2 
8386 9 8404 212 F: 4 2 3 
8433 10 8443 253 F: 10 
8452 5 8467 346 F: 4 1 
8478 8 8486 296 F: 3 5 
8487 4 8495 313 F: 3 1 
8487 7 8515 326 F: 2 2 3 
8507 7 8535 99 F: 4 3 
8549 10 8579 220 F: 5 3 2 
8564 10 8594 284 F: 4 2 4 
8575 9 8593 442 F: 3 6 
8577 5 8592 431 F: 5 
8652 9 8679 435 F: 7 2 
8664 4 8672 240 F: 3 1 
8673 10 8693 31 F: 4 3 3 
8677 5 8687 198 F: 3 2 
8679 9 8688 386 F: 9 
8721 9 8730 140 F: 4 3 2 
8722 9 8731 341 F: 6 3 
8763 3 8775 100 F: 3 
8787 10 8807 21 F: 5 3 2 
8792 9 8828 334 F: 3 6 
8818 8 8850 322 F: 7 1 
8841 8 8857 304 F: 5 3 
8851 9 8869 402 F: 3 6 
8852 11 8896 148 F: 4 3 4 
8896 7 8903 212 F: 3 4 
8910 7 8917 199 F: 7 
8910 10 8950 14 F: 4 6 
8935 7 8942 152 F: 7 
8944 7 8958 324 F: 3 1 3 
8953 8 8985 446 F: 2 2 4 
D: 0 269 
D: 7 309 
D: 15 183 
D: 50 172 
D: 55 297 
D: 59 90 
D: 66 280 
D: 70 305 
D: 93 174 
D: 106 254 
D: 120 163 
D: 124 411 
D: 126 134 
D: 126 251 
D: 137 225 
D: 152 336 
D: 154 390 
D: 156 190 
D: 166 305 
D: 177 227 
D: 182 354 
D: 185 426 
D: 186 266 
D: 189 311 
D: 203 275 
D: 213 422 
D: 216 313 
D: 219 359 
D: 228 248 
D: 231 244 
D: 239 421 
D: 244 387 
D: 246 280 
D: 251 418 
D: 253 346 
D: 272 338 
D: 280 302 
D: 303 321 
D: 316 348 
D: 322 381 
D: 323 363 
D: 324 353 
D: 358 435 
D: 381 437 
D: 404 430 
