40 6 64 195 F: 3 2 1 
47 7 68 351 F: 3 4 
57 11 68 206 F: 5 2 4 
69 9 78 418 F: 2 3 4 
71 5 76 195 F: 4 1 
133 8 165 397 F: 8 
153 5 168 86 F: 3 2 
182 12 218 24 F: 6 6 
197 9 233 131 F: 9 
198 2 206 151 F: 2 
211 6 223 107 F: 4 2 
242 5 257 202 F: 2 1 2 
255 10 285 435 F: 5 5 
287 7 301 343 F: 3 3 1 
288 8 304 266 F: 2 6 
302 11 346 382 F: 5 6 
343 9 379 88 F: 3 6 
362 8 370 351 F: 7 1 
364 7 392 96 F: 3 3 1 
372 11 383 178 F: 11 
425 9 443 332 F: 6 3 
457 6 475 237 F: 6 
482 3 491 320 F: 3 
486 8 502 312 F: 2 6 
494 9 530 340 F: 4 1 4 
500 2 506 5 F: 2 
503 7 524 294 F: 2 3 2 
519 8 551 60 F: 2 6 
524 6 530 450 F: 4 2 
582 9 591 362 F: 5 4 
602 7 616 429 F: 2 5 
624 11 657 60 F: 6 5 
667 10 707 1 F: 10 
682 4 698 324 F: 3 1 
686 11 730 89 F: 4 4 3 
717 10 747 23 F: 4 2 4 
718 5 723 79 F: 5 
783 8 807 448 F: 4 4 
785 11 796 334 F: 5 6 
791 9 818 446 F: 4 1 4 
815 12 851 443 F: 12 
826 9 844 378 F: 4 3 2 
833 7 854 316 F: 3 4 
842 11 886 57 F: 4 4 3 
880 5 890 299 F: 2 1 2 
901 10 931 13 F: 3 3 4 
910 6 928 406 F: 5 1 
968 11 990 164 F: 11 
984 8 1008 54 F: 4 4 
999 8 1015 401 F: 2 3 3 
1010 13 1036 164 F: 13 
1022 11 1055 226 F: 11 
1025 8 1057 45 F: 2 2 4 
1059 8 1075 83 F: 8 
1070 9 1088 247 F: 3 6 
1101 6 1107 315 F: 3 1 2 
1106 8 1130 191 F: 2 3 3 
1147 7 1154 7 F: 3 1 3 
1164 10 1204 394 F: 5 3 2 
1189 11 1233 72 F: 5 3 3 
1246 6 1258 2 F: 4 2 
1253 5 1273 396 F: 4 1 
1266 7 1287 156 F: 4 3 
1289 8 1297 329 F: 4 4 
1299 2 1301 195 F: 2 
1324 13 1350 176 F: 13 
1325 6 1349 23 F: 2 1 3 
1339 13 1365 87 F: 7 6 
1348 10 1368 426 F: 3 3 4 
1374 10 1394 333 F: 3 4 3 
1430 10 1470 423 F: 3 3 4 
1439 4 1447 271 F: 3 1 
1452 11 1463 121 F: 5 6 
1460 3 1469 422 F: 3 
1471 3 1480 230 F: 3 
1523 9 1541 257 F: 2 3 4 
1536 10 1576 180 F: 6 4 
1573 12 1597 25 F: 4 4 4 
1573 12 1609 52 F: 12 
1592 9 1619 143 F: 2 3 4 
1607 3 1613 182 F: 3 
1608 7 1629 222 F: 3 4 
1652 3 1664 417 F: 3 
1655 9 1673 317 F: 4 5 
1688 3 1691 178 F: 2 1 
1705 10 1745 178 F: 5 4 1 
1720 12 1744 315 F: 4 4 4 
1723 8 1739 56 F: 7 1 
1735 11 1757 428 F: 6 5 
1755 6 1767 101 F: 3 3 
1801 8 1817 117 F: 5 3 
1851 3 1854 79 F: 3 
1855 9 1891 22 F: 5 4 
1886 13 1925 115 F: 13 
1896 2 1898 228 F: 2 
1900 6 1906 347 F: 6 
1925 9 1943 272 F: 4 1 4 
1940 9 1967 24 F: 6 3 
1948 11 1970 167 F: 11 
1950 10 1990 135 F: 3 3 4 
2006 6 2024 62 F: 6 
2007 12 2019 200 F: 12 
2012 10 2052 44 F: 10 
2057 4 2065 417 F: 4 
2090 7 2104 222 F: 2 5 
2140 6 2158 58 F: 2 2 2 
2151 13 2177 436 F: 7 6 
2178 10 2188 43 F: 3 3 4 
2190 6 2196 271 F: 6 
2194 10 2204 296 F: 5 3 2 
2225 5 2240 285 F: 3 1 1 
2226 7 2240 233 F: 5 1 1 
2269 11 2280 393 F: 4 4 3 
2283 13 2322 59 F: 13 
2287 7 2301 126 F: 6 1 
2308 11 2341 223 F: 11 
2318 9 2336 345 F: 4 5 
2321 9 2357 119 F: 9 
2354 11 2387 42 F: 4 3 4 
2355 5 2370 216 F: 4 1 
2420 7 2434 256 F: 3 4 
2425 10 2465 395 F: 10 
2437 10 2457 85 F: 5 2 3 
2466 4 2470 124 F: 4 
2494 8 2518 306 F: 3 2 3 
2507 12 2519 69 F: 7 5 
2516 10 2536 41 F: 10 
2517 3 2523 186 F: 3 
2548 5 2558 97 F: 5 
2591 7 2598 43 F: 3 1 3 
2608 3 2617 195 F: 2 1 
2635 9 2671 36 F: 2 3 4 
2670 10 2710 310 F: 5 5 
2672 9 2699 446 F: 9 
2674 7 2702 93 F: 7 
2755 8 2771 38 F: 3 2 3 
2760 9 2796 137 F: 3 4 2 
2765 2 2769 217 F: 2 
2769 7 2776 245 F: 7 
2784 13 2797 160 F: 13 
2800 6 2806 100 F: 5 1 
2813 2 2821 243 F: 2 
2865 7 2893 98 F: 7 
2865 9 2892 94 F: 5 3 1 
2868 2 2876 198 F: 2 
2922 3 2934 381 F: 2 1 
2973 7 3001 319 F: 2 2 3 
2983 4 2999 364 F: 2 1 1 
2997 4 3005 1 F: 2 2 
2998 3 3007 276 F: 2 1 
3022 7 3050 47 F: 2 1 4 
3027 12 3051 4 F: 6 6 
3036 6 3054 154 F: 6 
3078 7 3106 425 F: 5 1 1 
3081 11 3103 130 F: 11 
3101 11 3145 356 F: 4 4 3 
3112 9 3139 402 F: 3 6 
3129 9 3147 422 F: 4 1 4 
3166 13 3192 314 F: 5 4 4 
3176 6 3200 148 F: 3 3 
3215 2 3221 55 F: 2 
3220 6 3244 124 F: 3 3 
3225 2 3233 352 F: 2 
3232 10 3262 171 F: 5 5 
3283 2 3291 152 F: 2 
3325 11 3347 9 F: 11 
3347 10 3367 95 F: 5 5 
3348 4 3360 32 F: 4 
3384 9 3393 183 F: 3 3 3 
3388 7 3409 379 F: 7 
3405 5 3420 213 F: 5 
3415 7 3429 262 F: 6 1 
3437 11 3459 426 F: 3 4 4 
3447 5 3462 450 F: 3 1 1 
3484 8 3516 261 F: 5 2 1 
3514 11 3525 361 F: 11 
3515 6 3521 385 F: 4 2 
3553 13 3566 313 F: 13 
3573 5 3578 56 F: 2 2 1 
3591 10 3621 143 F: 4 4 2 
3621 7 3628 34 F: 3 4 
3643 8 3667 334 F: 4 1 3 
3659 7 3687 88 F: 2 5 
3676 10 3696 436 F: 7 3 
3677 7 3691 402 F: 4 2 1 
3736 5 3751 415 F: 5 
3753 5 3768 312 F: 2 3 
3768 6 3774 294 F: 4 2 
3774 8 3806 147 F: 5 1 2 
3792 6 3816 31 F: 3 3 
3817 9 3844 288 F: 9 
3835 8 3859 240 F: 5 3 
3844 7 3851 420 F: 7 
3862 13 3888 234 F: 13 
3872 9 3899 309 F: 3 6 
3916 9 3952 335 F: 4 2 3 
3929 10 3959 285 F: 4 6 
3953 7 3981 277 F: 7 
3961 8 3969 8 F: 6 2 
3995 11 4028 52 F: 5 4 2 
4006 5 4011 408 F: 2 3 
4017 4 4033 370 F: 4 
4090 8 4098 314 F: 2 6 
4095 2 4097 395 F: 2 
4095 11 4139 5 F: 5 3 3 
4107 3 4119 51 F: 3 
4123 12 4171 211 F: 12 
4131 4 4139 105 F: 2 1 1 
4132 7 4153 178 F: 2 2 3 
4139 7 4160 375 F: 2 3 2 
4205 7 4219 137 F: 4 1 2 
4225 10 4245 151 F: 4 6 
4242 9 4251 344 F: 2 3 4 
4265 8 4289 326 F: 2 3 3 
4285 13 4298 45 F: 13 
4321 7 4328 191 F: 3 2 2 
4344 9 4353 169 F: 6 3 
4349 5 4364 405 F: 5 
4353 8 4377 106 F: 6 2 
4359 10 4389 148 F: 4 6 
4441 2 4447 230 F: 2 
4443 12 4479 392 F: 12 
4475 6 4499 306 F: 4 1 1 
4476 10 4496 77 F: 10 
4481 9 4499 399 F: 4 2 3 
4501 5 4511 91 F: 5 
4529 2 4535 431 F: 2 
4568 7 4582 126 F: 4 3 
4568 8 4576 70 F: 3 3 2 
4589 12 4625 418 F: 6 6 
4609 7 4630 208 F: 2 1 4 
4609 9 4636 308 F: 3 3 3 
4611 6 4629 329 F: 3 2 1 
4614 8 4630 163 F: 4 4 
4647 9 4656 346 F: 6 3 
4717 10 4727 302 F: 5 5 
4722 13 4774 231 F: 13 
4738 7 4752 102 F: 7 
4746 7 4767 204 F: 5 2 
4759 10 4789 264 F: 2 4 4 
4816 5 4836 40 F: 2 2 1 
4847 3 4850 420 F: 3 
4885 10 4915 231 F: 10 
4889 8 4913 298 F: 5 3 
4897 7 4911 376 F: 5 2 
4915 4 4931 41 F: 3 1 
4948 12 4984 204 F: 7 5 
4953 7 4967 308 F: 3 2 2 
4973 9 5009 85 F: 5 2 2 
4984 8 4992 79 F: 5 1 2 
5002 10 5042 5 F: 10 
5036 9 5072 132 F: 7 2 
5058 7 5065 222 F: 2 5 
5089 6 5107 87 F: 6 
5092 10 5132 367 F: 6 4 
5131 8 5139 197 F: 5 3 
5139 6 5145 119 F: 2 2 2 
5147 5 5162 365 F: 4 1 
5171 4 5175 212 F: 2 2 
5188 9 5206 99 F: 3 3 3 
5205 8 5221 288 F: 3 5 
5228 9 5246 441 F: 4 5 
5228 9 5255 209 F: 9 
5259 12 5307 147 F: 12 
5261 4 5269 259 F: 2 2 
5319 11 5330 348 F: 5 3 3 
5323 12 5347 309 F: 5 3 4 
5332 8 5340 408 F: 3 3 2 
5334 8 5366 380 F: 7 1 
5394 8 5426 24 F: 8 
5438 9 5447 44 F: 5 3 1 
5458 8 5474 398 F: 3 3 2 
5470 9 5488 197 F: 4 5 
5477 9 5513 385 F: 3 4 2 
5493 13 5532 364 F: 13 
5502 2 5508 157 F: 2 
5504 11 5537 29 F: 4 3 4 
5517 8 5525 410 F: 8 
5565 5 5585 390 F: 5 
5576 8 5584 360 F: 5 3 
5604 13 5630 170 F: 13 
5644 12 5668 64 F: 6 6 
5659 4 5663 240 F: 2 1 1 
5668 10 5698 186 F: 5 3 2 
5692 7 5713 219 F: 7 
5706 5 5711 97 F: 3 2 
5713 12 5761 36 F: 12 
5733 2 5739 249 F: 2 
5746 5 5766 3 F: 5 
5786 11 5808 394 F: 4 3 4 
5836 8 5860 134 F: 4 4 
5839 8 5871 139 F: 8 
5841 8 5873 442 F: 3 1 4 
5882 9 5918 303 F: 5 4 
5895 9 5922 425 F: 3 3 3 
5922 5 5937 173 F: 4 1 
5932 4 5936 79 F: 4 
5933 8 5949 422 F: 7 1 
5985 7 5999 123 F: 5 2 
5987 8 6011 139 F: 5 3 
6035 6 6053 314 F: 2 4 
6059 7 6066 313 F: 7 
6073 6 6091 334 F: 2 1 3 
6080 2 6086 284 F: 2 
6097 6 6109 42 F: 2 4 
6116 6 6134 39 F: 6 
6137 11 6170 81 F: 5 2 4 
6164 2 6172 84 F: 2 
6188 3 6191 249 F: 2 1 
6198 12 6246 44 F: 4 4 4 
6231 6 6237 305 F: 5 1 
6238 5 6243 232 F: 3 2 
6256 12 6292 303 F: 12 
6280 8 6296 191 F: 3 4 1 
6297 7 6311 388 F: 7 
6301 13 6314 118 F: 13 
6304 10 6314 298 F: 10 
6360 3 6369 263 F: 3 
6365 8 6381 21 F: 8 
6386 5 6401 302 F: 5 
6403 9 6421 209 F: 7 2 
6407 8 6439 223 F: 2 2 4 
6440 10 6480 65 F: 6 4 
6459 6 6465 102 F: 4 2 
6486 8 6502 154 F: 3 5 
6500 2 6504 372 F: 2 
6509 10 6549 121 F: 4 2 4 
6524 9 6533 387 F: 9 
6531 9 6540 323 F: 2 4 3 
6552 10 6572 385 F: 3 3 4 
6619 3 6625 354 F: 3 
6632 11 6665 184 F: 7 4 
6633 12 6681 306 F: 6 6 
6634 7 6641 326 F: 5 2 
6654 10 6674 435 F: 7 3 
6719 12 6731 320 F: 5 4 3 
6721 10 6731 289 F: 6 4 
6766 8 6798 250 F: 3 1 4 
6772 9 6790 76 F: 9 
6784 11 6817 303 F: 5 6 
6817 9 6844 24 F: 5 4 
6819 7 6833 5 F: 2 5 
6875 9 6884 258 F: 3 4 2 
6876 8 6908 375 F: 4 1 3 
6882 9 6909 317 F: 9 
6905 13 6918 361 F: 7 6 
6965 8 6997 280 F: 5 1 2 
6968 8 6992 87 F: 4 3 1 
6968 11 6990 155 F: 11 
6997 12 7033 146 F: 12 
7017 8 7041 64 F: 3 5 
7033 6 7045 131 F: 6 
7040 11 7073 144 F: 3 4 4 
7056 9 7083 171 F: 9 
7071 7 7099 341 F: 7 
7140 9 7158 438 F: 4 5 
7146 6 7152 59 F: 4 1 1 
7148 6 7160 27 F: 5 1 
7163 10 7183 3 F: 5 2 3 
7195 9 7204 374 F: 2 4 3 
7204 5 7224 386 F: 5 
7232 9 7268 68 F: 5 3 1 
7234 6 7240 2 F: 5 1 
7265 6 7289 404 F: 3 1 2 
7271 10 7301 51 F: 4 2 4 
7300 8 7332 225 F: 2 6 
7351 6 7369 85 F: 2 4 
7352 3 7358 162 F: 3 
7366 13 7392 20 F: 13 
7393 13 7406 352 F: 7 6 
7427 3 7436 128 F: 3 
7435 10 7445 5 F: 5 5 
7440 6 7458 190 F: 6 
7473 11 7495 28 F: 4 3 4 
7485 6 7491 37 F: 2 2 2 
7517 12 7529 364 F: 5 4 3 
7532 9 7559 96 F: 9 
7562 12 7574 292 F: 12 
7582 5 7602 125 F: 5 
7586 7 7614 39 F: 5 2 
7604 8 7612 444 F: 5 3 
7640 7 7661 427 F: 7 
7641 5 7656 245 F: 3 2 
7642 8 7674 225 F: 7 1 
7693 7 7721 130 F: 5 2 
7701 8 7709 352 F: 8 
7759 12 7771 351 F: 12 
7768 9 7795 88 F: 9 
7788 6 7794 324 F: 2 4 
7790 5 7810 4 F: 3 2 
7810 10 7840 95 F: 3 4 3 
7820 5 7830 42 F: 4 1 
7844 7 7872 42 F: 2 3 2 
7845 8 7869 115 F: 2 6 
7855 6 7873 103 F: 6 
7933 8 7941 99 F: 2 3 3 
7941 2 7949 425 F: 2 
7956 7 7963 18 F: 4 2 1 
7968 9 7977 161 F: 4 5 
7980 12 7992 194 F: 4 4 4 
8009 8 8017 148 F: 3 5 
8036 6 8054 344 F: 2 3 1 
8060 12 8108 229 F: 12 
8067 10 8087 183 F: 5 5 
8077 12 8089 34 F: 5 3 4 
8104 11 8115 101 F: 5 6 
8129 13 8168 234 F: 7 6 
8155 10 8165 49 F: 5 2 3 
8164 9 8200 312 F: 9 
8194 8 8202 349 F: 3 4 1 
8217 13 8269 50 F: 13 
8223 10 8243 240 F: 7 3 
8237 8 8269 77 F: 5 2 1 
8245 10 8275 418 F: 5 1 4 
8266 7 8287 3 F: 5 1 1 
8332 10 8372 8 F: 2 4 4 
8336 7 8343 315 F: 2 1 4 
8344 7 8358 168 F: 3 4 
8359 10 8379 283 F: 4 2 4 
8394 9 8403 156 F: 9 
8409 8 8425 13 F: 2 2 4 
8422 6 8434 223 F: 2 1 3 
8422 6 8440 362 F: 3 2 1 
8469 9 8478 187 F: 4 4 1 
8496 4 8508 142 F: 4 
8509 12 8557 293 F: 5 4 3 
8518 11 8529 62 F: 7 4 
8523 6 8547 150 F: 2 4 
8566 5 8581 414 F: 2 3 
8574 9 8583 9 F: 5 4 
8609 12 8633 121 F: 12 
8611 7 8625 121 F: 5 2 
8611 10 8621 203 F: 5 4 1 
8618 9 8627 355 F: 3 2 4 
8626 12 8674 297 F: 6 6 
8753 7 8774 284 F: 3 4 
8777 13 8803 150 F: 13 
8786 6 8810 93 F: 2 4 
8793 3 8796 416 F: 3 
8794 10 8834 267 F: 10 
8800 7 8814 363 F: 7 
8805 7 8833 26 F: 3 1 3 
8831 6 8849 163 F: 2 4 
8856 6 8862 119 F: 4 2 
8882 5 8887 416 F: 3 2 
8908 5 8918 174 F: 5 
8929 3 8932 343 F: 2 1 
8956 10 8996 252 F: 5 2 3 
8957 9 8993 179 F: 6 3 
8973 8 8989 289 F: 4 3 1 
D: 0 274 
D: 0 411 
D: 5 37 
D: 5 219 
D: 12 359 
D: 25 154 
D: 37 180 
D: 40 169 
D: 42 415 
D: 44 135 
D: 48 173 
D: 52 379 
D: 54 430 
D: 58 346 
D: 63 87 
D: 71 328 
D: 75 185 
D: 78 183 
D: 79 268 
D: 84 197 
D: 85 222 
D: 103 387 
D: 106 128 
D: 116 141 
D: 117 443 
D: 121 180 
D: 125 270 
D: 129 376 
D: 141 407 
D: 156 432 
D: 191 448 
D: 210 236 
D: 218 268 
D: 223 268 
D: 260 361 
D: 273 372 
D: 279 356 
D: 283 421 
D: 286 435 
D: 315 325 
D: 320 397 
D: 320 402 
D: 345 425 
D: 370 395 
D: 393 410 
