21 9 30 275 F: 5 4 
54 8 86 147 F: 4 3 1 
57 5 67 294 F: 2 3 
69 11 91 4 F: 5 2 4 
80 4 88 25 F: 4 
104 9 140 340 F: 9 
138 10 168 137 F: 5 1 4 
151 10 181 174 F: 7 3 
160 5 165 200 F: 3 2 
186 7 193 218 F: 7 
224 12 236 272 F: 5 3 4 
230 8 246 346 F: 3 2 3 
252 7 259 105 F: 5 1 1 
261 11 305 19 F: 11 
263 11 296 431 F: 11 
306 8 322 378 F: 7 1 
312 8 328 174 F: 6 2 
342 5 352 388 F: 5 
379 10 399 418 F: 10 
388 6 394 256 F: 2 3 1 
414 8 446 105 F: 4 1 3 
437 9 446 448 F: 4 5 
443 10 463 54 F: 4 4 2 
453 8 469 273 F: 8 
460 9 469 12 F: 4 5 
513 5 518 420 F: 5 
516 3 522 273 F: 2 1 
521 10 531 191 F: 6 4 
526 8 534 272 F: 8 
539 5 544 439 F: 3 2 
625 12 673 73 F: 4 4 4 
631 13 657 138 F: 7 6 
653 9 662 238 F: 3 4 2 
656 10 696 205 F: 4 3 3 
663 8 687 364 F: 2 2 4 
732 11 754 4 F: 5 4 2 
736 5 741 19 F: 2 3 
740 12 764 148 F: 12 
760 4 776 427 F: 3 1 
783 12 819 127 F: 12 
804 10 814 391 F: 10 
840 10 880 341 F: 10 
877 7 898 387 F: 5 2 
884 4 892 94 F: 4 
895 9 931 397 F: 3 3 3 
923 9 950 197 F: 4 5 
942 9 978 217 F: 5 3 1 
947 9 974 182 F: 9 
953 2 955 432 F: 2 
985 10 1015 123 F: 7 3 
1010 3 1016 290 F: 2 1 
1021 7 1049 324 F: 3 2 2 
1026 7 1047 353 F: 7 
1039 10 1079 447 F: 5 4 1 
1046 9 1082 119 F: 4 2 3 
1125 10 1135 229 F: 4 2 4 
1142 10 1162 291 F: 10 
1165 2 1169 73 F: 2 
1186 12 1222 52 F: 12 
1188 5 1203 242 F: 5 
1205 5 1225 403 F: 5 
1213 12 1261 278 F: 6 6 
1238 9 1256 156 F: 3 3 3 
1249 8 1273 313 F: 8 
1293 7 1300 179 F: 4 1 2 
1304 11 1326 7 F: 7 4 
1309 6 1333 409 F: 3 1 2 
1334 7 1362 43 F: 7 
1370 6 1382 287 F: 3 3 
1399 7 1413 59 F: 2 4 1 
1404 11 1426 360 F: 11 
1415 6 1421 382 F: 6 
1420 6 1444 34 F: 6 
1435 5 1440 26 F: 5 
1480 12 1516 426 F: 5 3 4 
1537 11 1570 400 F: 11 
1539 10 1549 48 F: 4 4 2 
1576 11 1587 111 F: 7 4 
1593 2 1597 156 F: 2 
1598 6 1604 316 F: 3 3 
1608 7 1636 216 F: 4 3 
1627 5 1642 368 F: 3 2 
1662 5 1682 28 F: 2 3 
1663 6 1687 352 F: 4 1 1 
1666 7 1687 421 F: 5 2 
1706 8 1722 167 F: 3 5 
1721 7 1749 437 F: 4 2 1 
1726 12 1750 54 F: 12 
1740 8 1748 345 F: 5 3 
1740 12 1752 8 F: 12 
1810 8 1834 434 F: 6 2 
1811 4 1819 267 F: 3 1 
1833 4 1845 77 F: 4 
1859 8 1875 200 F: 8 
1897 4 1909 47 F: 2 1 1 
1937 7 1951 156 F: 4 1 2 
1945 8 1953 291 F: 6 2 
1984 7 1991 406 F: 6 1 
1992 5 2007 37 F: 2 3 
1996 5 2016 416 F: 5 
2041 8 2073 76 F: 5 2 1 
2045 9 2072 373 F: 4 5 
2058 13 2071 355 F: 13 
2059 9 2077 109 F: 2 4 3 
2093 7 2114 3 F: 7 
2106 11 2117 440 F: 5 6 
2117 7 2145 307 F: 4 1 2 
2154 9 2190 82 F: 3 2 4 
2157 5 2177 392 F: 4 1 
2182 9 2200 158 F: 9 
2206 9 2215 370 F: 6 3 
2250 6 2268 335 F: 4 2 
2251 2 2255 174 F: 2 
2280 7 2308 182 F: 4 3 
2281 8 2289 188 F: 4 2 2 
2306 9 2342 222 F: 9 
2347 8 2355 315 F: 5 1 2 
2348 11 2370 57 F: 6 5 
2390 9 2417 191 F: 2 4 3 
2392 5 2397 302 F: 2 3 
2451 5 2466 248 F: 2 3 
2451 7 2465 156 F: 7 
2461 13 2513 238 F: 5 4 4 
2469 7 2476 286 F: 7 
2493 11 2526 301 F: 4 3 4 
2529 6 2535 240 F: 4 2 
2538 8 2570 11 F: 3 3 2 
2547 10 2567 431 F: 7 3 
2551 8 2583 359 F: 8 
2590 3 2599 371 F: 2 1 
2640 8 2664 73 F: 3 4 1 
2644 9 2680 11 F: 5 2 2 
2668 8 2676 372 F: 4 4 
2672 5 2682 41 F: 5 
2687 13 2700 365 F: 13 
2702 4 2714 337 F: 3 1 
2713 6 2719 344 F: 4 1 1 
2762 8 2786 333 F: 8 
2775 10 2785 43 F: 5 5 
2788 3 2794 333 F: 3 
2809 10 2839 133 F: 10 
2817 7 2845 385 F: 4 3 
2830 7 2844 340 F: 3 4 
2869 2 2871 25 F: 2 
2883 8 2891 238 F: 3 5 
2913 9 2931 199 F: 5 1 3 
2942 8 2974 316 F: 5 3 
2969 7 2983 44 F: 3 4 
2978 8 2994 61 F: 7 1 
2978 8 3010 425 F: 6 2 
3018 12 3066 133 F: 7 5 
3038 8 3070 119 F: 2 4 2 
3042 9 3060 217 F: 9 
3084 10 3104 215 F: 4 6 
3099 7 3113 306 F: 3 4 
3101 5 3111 271 F: 5 
3113 4 3121 402 F: 2 1 1 
3117 2 3119 134 F: 2 
3184 9 3193 367 F: 9 
3189 4 3197 300 F: 4 
3212 9 3221 405 F: 9 
3220 9 3229 382 F: 2 4 3 
3233 7 3247 261 F: 2 1 4 
3254 10 3264 16 F: 5 4 1 
3262 3 3271 450 F: 3 
3332 8 3348 286 F: 3 4 1 
3343 12 3355 263 F: 6 6 
3372 4 3380 274 F: 4 
3375 3 3381 167 F: 3 
3379 8 3411 234 F: 2 6 
3401 12 3437 83 F: 7 5 
3406 8 3438 125 F: 3 3 2 
3411 9 3447 368 F: 7 2 
3456 8 3472 174 F: 5 3 
3478 7 3506 33 F: 3 4 
3512 11 3556 69 F: 4 4 3 
3527 5 3537 56 F: 5 
3531 3 3534 153 F: 2 1 
3552 10 3562 233 F: 5 5 
3595 8 3611 46 F: 2 6 
3629 12 3677 22 F: 12 
3630 7 3637 206 F: 3 4 
3634 5 3639 267 F: 5 
3650 8 3658 442 F: 4 3 1 
3699 9 3735 357 F: 9 
3718 9 3727 391 F: 4 5 
3732 4 3740 248 F: 4 
3733 11 3766 326 F: 11 
3759 6 3765 173 F: 3 3 
3778 11 3789 344 F: 5 4 2 
3812 8 3836 236 F: 4 1 3 
3831 5 3841 55 F: 3 1 1 
3832 11 3854 44 F: 5 4 2 
3879 10 3909 52 F: 4 6 
3880 8 3888 399 F: 2 6 
3911 6 3923 337 F: 3 1 2 
3923 6 3947 403 F: 2 4 
3924 6 3942 98 F: 2 4 
3928 7 3956 40 F: 5 1 1 
3979 8 3987 431 F: 4 1 3 
4001 8 4025 132 F: 2 6 
4004 9 4040 200 F: 3 6 
4016 5 4031 325 F: 3 1 1 
4019 9 4046 445 F: 9 
4040 5 4055 181 F: 5 
4108 13 4121 60 F: 7 6 
4126 13 4165 217 F: 13 
4156 5 4161 16 F: 4 1 
4182 10 4192 417 F: 10 
4190 6 4202 108 F: 2 1 3 
4217 11 4250 371 F: 5 2 4 
4220 8 4244 316 F: 7 1 
4232 11 4276 448 F: 7 4 
4233 6 4257 17 F: 6 
4269 7 4283 374 F: 4 2 1 
4312 4 4320 356 F: 4 
4317 8 4333 197 F: 2 2 4 
4327 7 4348 240 F: 7 
4331 11 4353 232 F: 3 4 4 
4349 13 4401 341 F: 7 6 
4401 5 4411 436 F: 5 
4441 12 4489 436 F: 5 3 4 
4445 10 4465 142 F: 5 4 1 
4458 8 4482 47 F: 3 2 3 
4485 9 4521 314 F: 5 4 
4533 9 4569 351 F: 9 
4540 11 4573 424 F: 3 4 4 
4548 4 4560 3 F: 4 
4572 8 4596 119 F: 8 
4599 8 4631 4 F: 4 2 2 
4609 4 4621 213 F: 4 
4636 11 4647 198 F: 5 6 
4641 12 4689 108 F: 12 
4661 10 4691 259 F: 4 2 4 
4664 10 4704 46 F: 5 5 
4700 10 4740 163 F: 5 1 4 
4719 10 4749 276 F: 10 
4738 7 4766 336 F: 5 1 1 
4771 9 4798 401 F: 4 1 4 
4777 10 4807 247 F: 5 1 4 
4812 9 4848 218 F: 3 6 
4816 2 4822 265 F: 2 
4846 4 4850 449 F: 4 
4862 10 4872 162 F: 7 3 
4895 8 4903 66 F: 3 4 1 
4957 3 4960 274 F: 3 
4963 8 4979 445 F: 6 2 
4966 11 4988 398 F: 5 3 3 
4978 9 5005 23 F: 5 4 
4979 6 4991 137 F: 4 2 
5001 12 5013 194 F: 12 
5044 7 5065 213 F: 3 4 
5052 7 5073 295 F: 2 3 2 
5086 8 5118 443 F: 2 4 2 
5091 8 5123 30 F: 3 4 1 
5116 8 5140 73 F: 6 2 
5128 7 5142 187 F: 2 5 
5154 9 5181 88 F: 9 
5168 7 5175 373 F: 4 3 
5169 7 5183 88 F: 3 3 1 
5217 7 5231 322 F: 6 1 
5220 9 5238 268 F: 9 
5246 6 5258 436 F: 4 2 
5268 9 5295 260 F: 2 4 3 
5273 8 5281 214 F: 2 2 4 
5306 11 5317 323 F: 6 5 
5314 7 5342 347 F: 6 1 
5319 9 5346 198 F: 5 1 3 
5351 9 5378 111 F: 6 3 
5353 8 5361 124 F: 2 3 3 
5406 9 5433 421 F: 3 4 2 
5408 11 5441 160 F: 4 4 3 
5419 7 5426 97 F: 6 1 
5424 7 5431 191 F: 2 3 2 
5493 10 5513 115 F: 5 2 3 
5507 8 5523 450 F: 8 
5533 10 5553 18 F: 4 2 4 
5537 8 5553 309 F: 6 2 
5555 4 5567 281 F: 4 
5567 7 5581 118 F: 7 
5612 9 5621 398 F: 2 4 3 
5612 10 5632 355 F: 5 2 3 
5618 9 5636 340 F: 5 4 
5631 10 5671 113 F: 10 
5639 2 5641 306 F: 2 
5705 10 5735 370 F: 5 1 4 
5727 3 5733 104 F: 3 
5748 8 5780 421 F: 5 1 2 
5757 7 5771 91 F: 2 1 4 
5777 8 5809 31 F: 2 2 4 
5809 7 5837 292 F: 7 
5812 6 5836 94 F: 2 4 
5822 5 5832 221 F: 4 1 
5850 11 5894 252 F: 11 
5865 12 5889 34 F: 12 
5913 7 5941 123 F: 3 2 2 
5919 12 5967 370 F: 5 4 3 
5943 2 5951 319 F: 2 
5978 10 6008 440 F: 5 3 2 
5986 5 6001 436 F: 2 2 1 
6009 10 6039 70 F: 3 4 3 
6019 4 6035 64 F: 2 2 
6054 8 6078 343 F: 8 
6067 6 6085 134 F: 6 
6099 11 6121 114 F: 4 4 3 
6121 7 6142 174 F: 7 
6129 11 6162 435 F: 4 3 4 
6142 5 6157 88 F: 2 3 
6182 7 6196 331 F: 2 4 1 
6188 11 6232 71 F: 11 
6209 10 6239 183 F: 5 2 3 
6238 8 6246 127 F: 4 4 
6254 11 6287 74 F: 5 2 4 
6268 4 6280 265 F: 4 
6280 7 6287 426 F: 5 1 1 
6331 9 6340 7 F: 9 
6342 10 6372 190 F: 10 
6381 11 6425 357 F: 5 6 
6383 4 6391 201 F: 3 1 
6384 11 6395 225 F: 7 4 
6400 11 6444 138 F: 7 4 
6433 8 6457 449 F: 3 5 
6439 4 6455 332 F: 4 
6441 12 6453 195 F: 5 4 3 
6482 5 6492 190 F: 2 3 
6560 7 6581 166 F: 3 1 3 
6565 11 6576 343 F: 11 
6573 10 6603 428 F: 4 2 4 
6584 10 6594 184 F: 5 5 
6599 12 6635 366 F: 12 
6619 4 6635 156 F: 4 
6632 8 6664 380 F: 8 
6633 9 6642 431 F: 2 3 4 
6643 9 6661 88 F: 2 4 3 
6654 12 6702 64 F: 6 6 
6721 8 6745 429 F: 6 2 
6725 6 6731 352 F: 3 2 1 
6745 2 6751 315 F: 2 
6775 10 6785 165 F: 5 1 4 
6798 5 6808 207 F: 2 3 
6835 10 6845 66 F: 5 1 4 
6840 13 6853 8 F: 13 
6848 7 6869 304 F: 3 3 1 
6859 13 6872 75 F: 13 
6899 9 6935 153 F: 4 2 3 
6926 5 6936 223 F: 3 1 1 
6972 5 6992 94 F: 5 
6979 9 6997 82 F: 6 3 
6980 10 7000 279 F: 10 
6995 7 7009 260 F: 4 3 
7004 11 7015 267 F: 5 3 3 
7015 7 7036 234 F: 7 
7024 4 7028 153 F: 4 
7036 12 7084 65 F: 5 3 4 
7086 12 7110 241 F: 12 
7122 4 7126 257 F: 4 
7139 13 7178 319 F: 5 4 4 
7145 7 7159 123 F: 5 2 
7180 6 7204 140 F: 3 3 
7182 6 7206 206 F: 2 4 
7226 8 7242 52 F: 4 4 
7229 9 7265 413 F: 4 5 
7270 8 7286 438 F: 4 3 1 
7279 7 7293 57 F: 4 3 
7297 10 7327 224 F: 4 6 
7314 6 7320 197 F: 3 3 
7331 7 7345 72 F: 2 5 
7365 5 7380 15 F: 3 2 
7385 4 7393 402 F: 4 
7388 7 7395 445 F: 4 1 2 
7411 3 7414 385 F: 2 1 
7440 4 7448 381 F: 2 1 1 
7475 11 7486 123 F: 6 5 
7489 9 7516 385 F: 2 3 4 
7498 3 7507 227 F: 3 
7529 6 7535 114 F: 2 4 
7530 7 7551 88 F: 2 4 1 
7533 12 7545 355 F: 12 
7569 2 7571 86 F: 2 
7582 10 7602 60 F: 4 6 
7663 12 7699 366 F: 6 6 
7670 7 7677 22 F: 3 4 
7682 9 7709 347 F: 9 
7691 7 7705 181 F: 3 2 2 
7699 7 7706 284 F: 2 3 2 
7704 3 7707 111 F: 3 
7753 9 7762 50 F: 4 1 4 
7767 11 7800 426 F: 5 4 2 
7774 10 7814 392 F: 4 6 
7785 7 7792 161 F: 2 3 2 
7820 7 7834 400 F: 3 4 
7823 9 7859 243 F: 5 4 
7834 10 7874 23 F: 10 
7845 7 7873 176 F: 7 
7886 12 7910 205 F: 6 6 
7906 8 7914 397 F: 5 1 2 
7920 10 7940 362 F: 10 
7953 10 7973 159 F: 10 
7975 7 7989 288 F: 2 1 4 
7984 6 7996 386 F: 4 2 
8007 9 8034 362 F: 2 3 4 
8019 9 8055 290 F: 4 3 2 
8054 7 8075 279 F: 6 1 
8081 11 8114 111 F: 4 3 4 
8093 9 8102 429 F: 6 3 
8112 3 8124 60 F: 2 1 
8144 8 8168 290 F: 8 
8151 12 8163 448 F: 12 
8175 5 8180 309 F: 3 1 1 
8178 7 8199 95 F: 2 5 
8213 10 8253 39 F: 7 3 
8224 11 8246 361 F: 7 4 
8230 3 8242 242 F: 3 
8295 6 8319 191 F: 2 4 
8296 6 8308 169 F: 4 1 1 
8304 7 8311 287 F: 6 1 
8321 9 8330 328 F: 2 4 3 
8334 8 8342 265 F: 4 3 1 
8347 10 8367 39 F: 10 
8353 12 8389 75 F: 6 6 
8426 7 8433 283 F: 4 1 2 
8444 11 8455 38 F: 5 2 4 
8453 8 8485 408 F: 3 5 
8482 7 8489 20 F: 6 1 
8498 8 8514 368 F: 4 2 2 
8514 7 8535 394 F: 7 
8533 9 8569 30 F: 3 6 
8541 5 8551 237 F: 3 2 
8590 10 8600 228 F: 6 4 
8598 10 8618 299 F: 6 4 
8624 6 8648 33 F: 3 3 
8669 9 8678 382 F: 2 3 4 
8678 9 8687 212 F: 9 
8680 7 8708 354 F: 5 2 
8694 11 8738 268 F: 5 2 4 
8722 2 8726 93 F: 2 
8759 12 8795 271 F: 12 
8762 9 8780 342 F: 4 3 2 
8777 9 8786 219 F: 3 6 
8784 8 8792 446 F: 6 2 
8864 8 8872 395 F: 4 1 3 
8881 8 8889 144 F: 2 3 3 
8882 12 8894 371 F: 6 6 
8885 8 8893 413 F: 8 
8887 7 8894 104 F: 5 2 
8903 8 8911 246 F: 4 1 3 
8937 10 8977 135 F: 5 1 4 
8949 13 9001 178 F: 7 6 
8971 5 8986 161 F: 5 
8994 12 9006 77 F: 5 3 4 
D: 4 150 
D: 19 354 
D: 19 357 
D: 19 426 
D: 29 209 
D: 32 282 
D: 41 84 
D: 48 108 
D: 54 135 
D: 56 266 
D: 59 432 
D: 60 184 
D: 63 200 
D: 67 391 
D: 73 86 
D: 83 89 
D: 84 411 
D: 87 390 
D: 91 227 
D: 93 207 
D: 98 143 
D: 105 388 
D: 106 408 
D: 125 292 
D: 127 159 
D: 154 422 
D: 155 374 
D: 157 413 
D: 169 240 
D: 170 409 
D: 185 213 
D: 196 269 
D: 198 441 
D: 228 421 
D: 230 379 
D: 258 397 
D: 264 329 
D: 280 415 
D: 297 384 
D: 317 388 
D: 321 418 
D: 340 364 
D: 354 424 
D: 371 407 
D: 387 414 
