3 5 23 12 F: 5 
14 7 21 170 F: 7 
15 10 25 207 F: 3 4 3 
50 11 72 192 F: 5 4 2 
52 8 76 359 F: 8 
160 10 180 102 F: 5 5 
169 6 175 132 F: 5 1 
176 10 216 351 F: 4 2 4 
185 11 207 175 F: 5 6 
199 12 247 375 F: 12 
219 10 229 68 F: 6 4 
225 7 246 141 F: 5 1 1 
248 5 263 190 F: 3 1 1 
252 8 284 264 F: 2 6 
264 11 286 251 F: 5 3 3 
340 7 361 187 F: 5 1 1 
362 9 380 365 F: 5 4 
371 8 395 37 F: 5 2 1 
380 7 394 78 F: 3 1 3 
393 9 411 153 F: 3 6 
403 13 442 336 F: 13 
414 8 422 170 F: 5 2 1 
431 10 471 293 F: 7 3 
468 7 496 254 F: 2 5 
474 8 482 243 F: 4 3 1 
502 7 516 319 F: 2 5 
524 10 554 449 F: 5 2 3 
525 7 539 322 F: 7 
577 8 585 256 F: 2 6 
596 5 601 295 F: 5 
639 8 647 196 F: 3 1 4 
666 9 693 244 F: 7 2 
669 8 701 26 F: 2 4 2 
683 10 703 145 F: 3 4 3 
688 7 695 314 F: 2 5 
722 11 755 245 F: 3 4 4 
727 11 749 319 F: 7 4 
727 13 753 242 F: 5 4 4 
748 10 778 380 F: 10 
755 4 759 373 F: 2 2 
813 10 853 24 F: 5 2 3 
869 3 875 405 F: 3 
873 9 882 12 F: 4 3 2 
890 8 914 409 F: 4 4 
892 9 910 66 F: 9 
919 5 939 248 F: 2 2 1 
941 7 948 281 F: 7 
945 12 969 202 F: 4 4 4 
975 9 1002 430 F: 6 3 
979 11 1001 8 F: 3 4 4 
1011 9 1047 83 F: 3 2 4 
1016 9 1043 299 F: 9 
1038 10 1048 386 F: 4 6 
1050 7 1057 420 F: 7 
1095 8 1119 365 F: 3 3 2 
1103 8 1111 288 F: 3 3 2 
1123 10 1153 73 F: 7 3 
1142 3 1145 35 F: 3 
1176 2 1184 20 F: 2 
1198 11 1242 280 F: 7 4 
1224 12 1272 24 F: 5 3 4 
1226 8 1234 192 F: 2 3 3 
1230 9 1248 344 F: 9 
1240 9 1258 172 F: 5 4 
1250 6 1262 53 F: 2 1 3 
1306 6 1318 81 F: 3 3 
1321 3 1324 356 F: 3 
1333 7 1347 363 F: 2 3 2 
1348 10 1388 181 F: 7 3 
1380 8 1404 272 F: 2 6 
1404 11 1426 248 F: 11 
1420 13 1472 117 F: 13 
1436 4 1452 135 F: 4 
1436 9 1454 202 F: 5 3 1 
1466 9 1502 276 F: 3 2 4 
1512 9 1548 349 F: 4 4 1 
1530 7 1537 133 F: 6 1 
1530 9 1548 81 F: 7 2 
1530 13 1569 373 F: 5 4 4 
1537 12 1549 322 F: 7 5 
1602 9 1638 271 F: 4 1 4 
1640 8 1656 298 F: 8 
1646 2 1652 70 F: 2 
1650 5 1665 48 F: 3 2 
1656 8 1672 372 F: 5 2 1 
1701 7 1729 425 F: 3 2 2 
1715 7 1722 425 F: 6 1 
1759 9 1795 312 F: 7 2 
1771 5 1791 39 F: 3 2 
1787 8 1795 54 F: 3 4 1 
1861 6 1867 251 F: 6 
1865 8 1889 300 F: 2 4 2 
1883 8 1907 445 F: 3 1 4 
1887 6 1899 129 F: 6 
1889 12 1937 35 F: 12 
1903 6 1921 39 F: 3 3 
1934 9 1943 433 F: 2 3 4 
1955 9 1973 194 F: 9 
1968 7 1982 200 F: 3 2 2 
1974 4 1982 438 F: 4 
2027 11 2049 410 F: 5 2 4 
2043 9 2061 297 F: 5 3 1 
2052 9 2061 368 F: 6 3 
2062 7 2069 339 F: 3 3 1 
2070 11 2103 422 F: 4 3 4 
2100 12 2112 163 F: 12 
2123 6 2147 428 F: 2 2 2 
2127 13 2140 132 F: 13 
2173 7 2201 74 F: 5 1 1 
2195 5 2210 301 F: 3 2 
2215 6 2221 157 F: 5 1 
2237 8 2269 324 F: 8 
2245 6 2251 288 F: 6 
2290 4 2294 29 F: 2 1 1 
2293 5 2303 438 F: 4 1 
2338 12 2386 264 F: 5 4 3 
2367 10 2407 154 F: 4 6 
2369 4 2385 125 F: 4 
2383 7 2397 240 F: 3 1 3 
2384 8 2416 397 F: 8 
2410 11 2443 83 F: 4 4 3 
2420 11 2453 289 F: 11 
2459 7 2487 295 F: 7 
2481 7 2509 46 F: 3 3 1 
2489 9 2507 368 F: 4 4 1 
2526 4 2534 449 F: 4 
2526 11 2548 206 F: 6 5 
2532 9 2568 126 F: 3 2 4 
2538 10 2558 355 F: 7 3 
2567 7 2574 359 F: 4 3 
2600 10 2630 284 F: 5 5 
2635 4 2639 321 F: 2 2 
2636 8 2652 187 F: 8 
2641 8 2657 114 F: 2 4 2 
2646 5 2651 225 F: 3 1 1 
2702 6 2714 15 F: 4 1 1 
2719 3 2722 162 F: 3 
2732 10 2762 63 F: 10 
2771 8 2803 391 F: 8 
2780 10 2800 360 F: 4 6 
2821 3 2824 169 F: 3 
2858 4 2866 36 F: 2 1 1 
2872 7 2900 193 F: 7 
2876 8 2900 26 F: 8 
2887 11 2898 212 F: 4 3 4 
2916 5 2936 426 F: 5 
2937 8 2961 77 F: 4 4 
2940 9 2949 335 F: 4 5 
2970 9 2988 353 F: 2 4 3 
2983 8 3015 204 F: 4 3 1 
3016 3 3022 55 F: 3 
3022 12 3046 427 F: 6 6 
3038 13 3090 83 F: 13 
3045 11 3056 185 F: 3 4 4 
3055 8 3079 150 F: 4 4 
3117 12 3153 42 F: 12 
3123 3 3135 117 F: 3 
3150 7 3171 40 F: 5 1 1 
3178 8 3202 12 F: 2 6 
3184 3 3196 238 F: 3 
3202 8 3226 448 F: 5 3 
3222 8 3246 8 F: 4 4 
3224 10 3254 95 F: 5 4 1 
3228 6 3246 271 F: 5 1 
3261 3 3273 250 F: 3 
3309 6 3333 444 F: 3 1 2 
3334 8 3358 243 F: 4 4 
3341 6 3359 282 F: 6 
3370 10 3410 234 F: 10 
3375 7 3403 152 F: 3 4 
3403 9 3412 211 F: 3 6 
3404 7 3418 307 F: 5 2 
3419 10 3429 408 F: 4 6 
3482 11 3526 220 F: 6 5 
3497 8 3505 46 F: 4 3 1 
3553 11 3597 258 F: 11 
3563 3 3566 39 F: 2 1 
3563 7 3570 395 F: 6 1 
3584 4 3600 329 F: 4 
3585 10 3625 5 F: 6 4 
3604 2 3608 123 F: 2 
3632 7 3639 421 F: 4 2 1 
3638 9 3656 343 F: 4 2 3 
3660 7 3674 306 F: 3 1 3 
3662 8 3670 159 F: 2 6 
3717 3 3723 410 F: 3 
3744 10 3784 240 F: 7 3 
3749 8 3765 391 F: 2 2 4 
3769 10 3789 389 F: 5 1 4 
3787 8 3803 346 F: 3 5 
3811 2 3815 420 F: 2 
3866 9 3893 88 F: 6 3 
3870 10 3900 359 F: 4 6 
3875 4 3887 47 F: 2 2 
3876 7 3890 16 F: 2 4 1 
3903 3 3909 431 F: 3 
3952 5 3957 350 F: 5 
3986 5 4001 182 F: 5 
3995 10 4015 28 F: 4 4 2 
3996 6 4002 30 F: 5 1 
4047 2 4049 384 F: 2 
4048 9 4084 391 F: 5 1 3 
4051 10 4071 407 F: 4 3 3 
4075 6 4081 373 F: 2 4 
4092 6 4104 312 F: 6 
4114 8 4130 295 F: 5 1 2 
4137 11 4148 376 F: 5 2 4 
4147 7 4168 441 F: 6 1 
4148 12 4184 100 F: 6 6 
4175 5 4180 375 F: 5 
4212 11 4234 330 F: 11 
4225 10 4255 323 F: 5 3 2 
4229 11 4273 213 F: 11 
4250 4 4266 279 F: 3 1 
4280 3 4289 303 F: 3 
4312 11 4323 434 F: 4 4 3 
4324 11 4346 63 F: 5 3 3 
4358 7 4386 105 F: 5 1 1 
4374 11 4418 264 F: 4 3 4 
4389 7 4410 218 F: 2 1 4 
4410 13 4449 270 F: 13 
4441 4 4449 164 F: 4 
4456 5 4471 367 F: 4 1 
4467 8 4491 404 F: 4 4 
4484 10 4514 98 F: 5 5 
4522 6 4528 167 F: 6 
4525 10 4565 104 F: 4 6 
4556 9 4574 221 F: 9 
4557 8 4581 239 F: 8 
4580 6 4598 355 F: 6 
4603 8 4611 389 F: 2 6 
4614 11 4636 282 F: 5 4 2 
4620 9 4647 20 F: 3 6 
4643 9 4679 126 F: 3 6 
4675 7 4703 340 F: 2 1 4 
4701 7 4729 105 F: 4 1 2 
4704 12 4740 185 F: 12 
4728 6 4746 147 F: 3 1 2 
4757 11 4768 154 F: 5 6 
4759 8 4767 284 F: 4 3 1 
4839 8 4863 386 F: 8 
4858 13 4897 279 F: 13 
4885 8 4909 410 F: 3 4 1 
4892 9 4928 40 F: 4 3 2 
4892 9 4928 310 F: 2 4 3 
4907 8 4915 195 F: 6 2 
4933 8 4949 22 F: 2 4 2 
4947 9 4974 279 F: 9 
4975 7 4982 193 F: 7 
4985 7 4992 99 F: 4 3 
5021 5 5031 94 F: 5 
5034 8 5066 180 F: 3 4 1 
5052 13 5065 251 F: 13 
5064 11 5075 128 F: 6 5 
5077 11 5099 364 F: 3 4 4 
5108 5 5123 349 F: 3 2 
5130 8 5146 376 F: 2 3 3 
5143 8 5167 343 F: 8 
5150 7 5157 333 F: 3 1 3 
5169 8 5193 164 F: 5 2 1 
5251 12 5299 265 F: 7 5 
5268 10 5298 258 F: 7 3 
5272 8 5288 422 F: 4 4 
5286 3 5295 359 F: 3 
5298 10 5318 304 F: 7 3 
5323 3 5335 96 F: 3 
5370 7 5377 148 F: 2 1 4 
5376 11 5398 208 F: 4 4 3 
5378 8 5386 27 F: 4 2 2 
5393 11 5437 150 F: 4 3 4 
5400 5 5420 52 F: 5 
5421 13 5460 82 F: 13 
5454 12 5478 282 F: 12 
5461 12 5473 428 F: 5 3 4 
5486 9 5522 163 F: 5 3 1 
5545 8 5561 219 F: 8 
5551 8 5567 148 F: 4 3 1 
5574 8 5606 130 F: 5 2 1 
5591 4 5599 382 F: 3 1 
5594 4 5598 368 F: 2 2 
5623 5 5628 309 F: 2 2 1 
5648 8 5672 285 F: 8 
5652 11 5685 209 F: 11 
5654 7 5661 134 F: 7 
5660 6 5684 233 F: 6 
5710 10 5720 443 F: 3 4 3 
5715 8 5731 286 F: 5 2 1 
5766 10 5796 418 F: 5 5 
5769 5 5774 432 F: 4 1 
5795 11 5828 105 F: 7 4 
5827 8 5843 241 F: 5 2 1 
5831 9 5840 407 F: 5 4 
5858 8 5890 81 F: 2 3 3 
5861 9 5879 163 F: 5 1 3 
5882 5 5892 421 F: 5 
5902 7 5916 313 F: 3 2 2 
5908 5 5923 59 F: 5 
5925 13 5951 235 F: 13 
5941 9 5977 267 F: 6 3 
5945 2 5953 65 F: 2 
6043 8 6059 58 F: 7 1 
6047 5 6062 283 F: 5 
6047 6 6071 373 F: 5 1 
6079 8 6095 410 F: 2 6 
6086 5 6106 173 F: 5 
6124 3 6127 287 F: 3 
6136 11 6169 219 F: 4 3 4 
6146 5 6156 100 F: 5 
6172 6 6178 162 F: 4 2 
6187 11 6220 396 F: 5 4 2 
6203 6 6221 268 F: 5 1 
6207 3 6216 204 F: 2 1 
6246 8 6278 25 F: 5 2 1 
6259 8 6291 423 F: 5 3 
6273 12 6321 286 F: 5 3 4 
6347 7 6361 331 F: 7 
6352 13 6378 32 F: 13 
6377 13 6403 101 F: 13 
6383 13 6396 173 F: 7 6 
6388 8 6412 193 F: 2 6 
6406 9 6424 421 F: 4 4 1 
6424 11 6468 163 F: 11 
6448 7 6476 322 F: 4 2 1 
6469 7 6497 113 F: 2 1 4 
6489 8 6505 346 F: 8 
6504 5 6524 26 F: 5 
6533 6 6539 348 F: 6 
6550 10 6570 360 F: 5 1 4 
6552 8 6576 394 F: 4 4 
6595 8 6611 23 F: 8 
6638 11 6671 228 F: 5 2 4 
6645 7 6652 391 F: 4 3 
6651 11 6662 186 F: 11 
6668 4 6672 105 F: 4 
6673 11 6684 3 F: 11 
6709 5 6714 361 F: 2 2 1 
6740 7 6768 433 F: 6 1 
6775 13 6801 211 F: 13 
6783 2 6791 381 F: 2 
6785 11 6807 404 F: 5 6 
6808 6 6832 110 F: 2 4 
6810 10 6840 378 F: 7 3 
6820 5 6840 45 F: 2 1 2 
6823 11 6834 346 F: 6 5 
6850 13 6876 446 F: 5 4 4 
6942 9 6978 348 F: 4 3 2 
6946 6 6964 16 F: 4 2 
6948 3 6954 125 F: 3 
6968 7 6989 280 F: 5 2 
6976 9 7003 324 F: 9 
7004 11 7048 313 F: 4 3 4 
7020 9 7038 405 F: 4 2 3 
7023 9 7050 138 F: 3 3 3 
7078 11 7111 279 F: 5 6 
7086 10 7116 301 F: 10 
7110 9 7128 341 F: 7 2 
7111 8 7127 355 F: 4 4 
7150 6 7156 250 F: 6 
7183 10 7223 220 F: 5 5 
7197 12 7245 371 F: 5 3 4 
7227 2 7231 238 F: 2 
7242 8 7250 363 F: 3 3 2 
7269 10 7289 392 F: 6 4 
7278 7 7285 30 F: 7 
7291 4 7303 381 F: 3 1 
7314 8 7338 46 F: 3 3 2 
7333 9 7369 101 F: 9 
7337 12 7373 136 F: 7 5 
7368 8 7392 221 F: 3 5 
7395 6 7401 345 F: 6 
7438 2 7442 81 F: 2 
7459 6 7483 220 F: 2 4 
7469 6 7475 26 F: 3 3 
7473 7 7487 423 F: 4 1 2 
7478 12 7526 296 F: 6 6 
7506 10 7546 151 F: 2 4 4 
7526 9 7544 430 F: 3 3 3 
7544 8 7552 375 F: 8 
7575 10 7585 164 F: 6 4 
7579 4 7587 89 F: 4 
7601 9 7637 251 F: 9 
7605 6 7611 237 F: 6 
7640 12 7688 329 F: 12 
7656 7 7677 26 F: 7 
7673 10 7683 251 F: 4 3 3 
7702 12 7750 445 F: 12 
7703 8 7711 4 F: 7 1 
7709 11 7720 178 F: 11 
7715 7 7729 148 F: 2 5 
7774 11 7796 316 F: 11 
7825 10 7835 259 F: 6 4 
7849 12 7861 115 F: 6 6 
7853 6 7865 349 F: 2 3 1 
7866 4 7878 22 F: 2 2 
7882 6 7900 108 F: 6 
7946 11 7979 47 F: 6 5 
7951 8 7983 190 F: 8 
7955 9 7964 338 F: 3 3 3 
7968 2 7970 200 F: 2 
7999 8 8015 21 F: 5 1 2 
8005 13 8018 279 F: 13 
8014 10 8054 178 F: 5 5 
8054 7 8075 326 F: 2 5 
8058 12 8082 278 F: 12 
8071 8 8095 16 F: 5 2 1 
8117 7 8145 78 F: 7 
8120 13 8172 352 F: 7 6 
8178 8 8202 39 F: 3 5 
8183 11 8194 261 F: 5 6 
8184 8 8216 310 F: 3 3 2 
8215 7 8243 305 F: 2 1 4 
8215 12 8227 258 F: 5 4 3 
8223 13 8249 200 F: 7 6 
8232 8 8248 71 F: 7 1 
8291 5 8306 154 F: 5 
8326 9 8335 177 F: 5 1 3 
8356 8 8380 293 F: 3 1 4 
8382 9 8400 58 F: 2 4 3 
8391 8 8423 392 F: 6 2 
8391 10 8411 340 F: 7 3 
8408 8 8424 36 F: 7 1 
8451 11 8484 362 F: 5 3 3 
8463 10 8503 426 F: 4 2 4 
8480 4 8496 13 F: 4 
8480 6 8492 257 F: 3 2 1 
8500 5 8505 17 F: 4 1 
8518 8 8526 180 F: 2 6 
8527 11 8549 318 F: 5 4 2 
8541 2 8545 317 F: 2 
8547 12 8583 101 F: 5 4 3 
8603 12 8651 165 F: 6 6 
8631 9 8667 159 F: 4 4 1 
8652 10 8682 259 F: 4 4 2 
8678 8 8694 299 F: 8 
8681 10 8691 36 F: 3 4 3 
8737 4 8741 150 F: 2 2 
8758 11 8769 415 F: 5 3 3 
8765 7 8772 127 F: 7 
8782 7 8796 23 F: 4 3 
8799 11 8810 162 F: 5 6 
8802 7 8830 275 F: 2 5 
8854 7 8875 78 F: 2 3 2 
8882 7 8889 44 F: 2 1 4 
8884 7 8905 302 F: 4 2 1 
8891 4 8895 129 F: 4 
8908 13 8960 328 F: 13 
8916 6 8928 130 F: 2 3 1 
8923 11 8967 332 F: 6 5 
8982 10 8992 328 F: 2 4 4 
8992 6 9004 439 F: 5 1 
D: 19 37 
D: 19 87 
D: 22 185 
D: 28 108 
D: 28 410 
D: 30 405 
D: 34 99 
D: 39 435 
D: 40 92 
D: 47 161 
D: 54 304 
D: 57 335 
D: 59 186 
D: 68 385 
D: 74 397 
D: 84 211 
D: 88 440 
D: 102 319 
D: 108 358 
D: 117 139 
D: 119 139 
D: 126 426 
D: 140 326 
D: 153 228 
D: 155 241 
D: 157 294 
D: 162 241 
D: 190 197 
D: 191 301 
D: 192 443 
D: 198 373 
D: 201 226 
D: 204 318 
D: 209 250 
D: 213 348 
D: 222 347 
D: 226 348 
D: 237 374 
D: 240 299 
D: 248 443 
D: 281 405 
D: 371 429 
D: 375 381 
D: 375 423 
D: 424 432 
