3 7 24 228 F: 2 3 2 
10 8 34 382 F: 8 
79 3 88 130 F: 2 1 
79 9 97 207 F: 7 2 
94 8 110 196 F: 4 4 
121 7 149 302 F: 5 1 1 
136 2 144 256 F: 2 
144 10 174 18 F: 7 3 
153 12 189 264 F: 5 3 4 
197 6 215 426 F: 2 1 3 
223 5 243 408 F: 5 
266 9 275 284 F: 9 
270 10 310 237 F: 5 4 1 
284 12 296 125 F: 5 4 3 
297 13 336 192 F: 7 6 
301 9 319 296 F: 3 2 4 
308 11 330 263 F: 11 
325 6 343 53 F: 4 2 
339 5 349 401 F: 3 2 
357 8 389 376 F: 4 1 3 
420 4 432 191 F: 2 1 1 
431 9 449 248 F: 4 3 2 
432 7 453 108 F: 2 4 1 
472 12 484 409 F: 5 4 3 
475 10 495 80 F: 5 2 3 
536 6 548 1 F: 4 2 
538 11 582 310 F: 7 4 
544 5 564 88 F: 2 3 
576 11 620 299 F: 11 
599 9 608 84 F: 6 3 
617 9 653 98 F: 6 3 
661 8 693 71 F: 3 5 
670 9 679 63 F: 5 3 1 
671 10 711 168 F: 5 2 3 
698 6 710 208 F: 2 1 3 
711 6 735 226 F: 3 2 1 
729 8 745 136 F: 3 4 1 
744 4 760 267 F: 4 
783 8 791 240 F: 6 2 
791 10 811 218 F: 5 5 
804 7 811 297 F: 2 1 4 
818 11 840 226 F: 6 5 
831 8 839 81 F: 8 
852 10 892 262 F: 3 3 4 
857 11 890 341 F: 6 5 
913 9 931 434 F: 4 5 
922 3 928 51 F: 3 
923 13 975 9 F: 13 
927 7 955 5 F: 3 4 
958 11 980 299 F: 5 6 
1000 7 1028 437 F: 4 3 
1023 3 1026 28 F: 3 
1058 4 1070 213 F: 4 
1082 2 1086 211 F: 2 
1092 5 1097 371 F: 2 1 2 
1103 13 1155 210 F: 13 
1114 13 1166 145 F: 5 4 4 
1131 6 1155 374 F: 6 
1163 10 1203 340 F: 5 2 3 
1176 4 1184 149 F: 4 
1206 9 1224 351 F: 6 3 
1224 9 1242 367 F: 2 3 4 
1227 8 1243 302 F: 2 6 
1228 6 1240 278 F: 3 3 
1258 10 1278 113 F: 7 3 
1310 5 1325 366 F: 5 
1321 10 1351 218 F: 5 4 1 
1326 7 1340 323 F: 2 3 2 
1351 6 1375 163 F: 2 4 
1379 10 1389 432 F: 10 
1424 2 1432 86 F: 2 
1459 8 1483 130 F: 6 2 
1464 9 1491 120 F: 9 
1475 7 1489 425 F: 5 2 
1493 8 1517 176 F: 5 3 
1506 4 1522 73 F: 4 
1538 7 1552 137 F: 6 1 
1544 7 1558 134 F: 4 2 1 
1559 9 1586 28 F: 7 2 
1569 9 1596 95 F: 4 5 
1626 8 1658 150 F: 2 6 
1630 7 1637 193 F: 2 1 4 
1643 13 1682 112 F: 13 
1661 9 1679 343 F: 3 3 3 
1678 11 1689 19 F: 5 6 
1702 9 1738 121 F: 5 3 1 
1733 10 1773 132 F: 4 2 4 
1735 11 1768 325 F: 11 
1771 13 1823 12 F: 5 4 4 
1793 7 1807 4 F: 2 3 2 
1804 11 1826 164 F: 6 5 
1811 13 1824 77 F: 7 6 
1847 5 1857 424 F: 5 
1876 4 1884 183 F: 2 2 
1890 8 1906 173 F: 3 3 2 
1911 7 1918 22 F: 5 2 
1941 8 1949 377 F: 4 2 2 
1952 7 1980 208 F: 2 3 2 
1965 12 2001 221 F: 12 
1970 9 1997 347 F: 9 
2003 11 2014 366 F: 11 
2012 10 2042 119 F: 10 
2060 8 2092 309 F: 8 
2085 12 2097 294 F: 12 
2096 6 2108 41 F: 6 
2100 13 2113 413 F: 13 
2103 9 2121 153 F: 5 3 1 
2148 8 2156 73 F: 4 4 
2152 2 2160 347 F: 2 
2173 8 2197 241 F: 6 2 
2201 7 2215 33 F: 4 1 2 
2211 7 2225 154 F: 3 4 
2212 6 2230 44 F: 6 
2220 13 2272 375 F: 13 
2290 7 2297 445 F: 3 3 1 
2317 12 2353 35 F: 12 
2358 8 2390 93 F: 6 2 
2386 4 2402 261 F: 4 
2386 7 2414 251 F: 2 5 
2390 9 2426 395 F: 3 2 4 
2401 4 2413 84 F: 4 
2401 6 2425 78 F: 5 1 
2452 2 2458 306 F: 2 
2464 7 2478 412 F: 2 5 
2470 4 2486 298 F: 2 2 
2544 9 2553 195 F: 9 
2569 4 2573 6 F: 3 1 
2575 5 2590 194 F: 5 
2583 8 2607 228 F: 4 1 3 
2586 10 2616 355 F: 4 6 
2605 6 2623 81 F: 3 1 2 
2623 9 2632 178 F: 5 2 2 
2639 10 2669 278 F: 7 3 
2675 9 2711 122 F: 2 4 3 
2689 11 2700 292 F: 5 3 3 
2705 9 2741 236 F: 4 3 2 
2709 12 2757 234 F: 7 5 
2773 8 2805 152 F: 5 2 1 
2785 9 2794 252 F: 4 2 3 
2792 9 2810 388 F: 9 
2804 6 2810 133 F: 6 
2806 10 2836 417 F: 5 3 2 
2858 3 2864 341 F: 3 
2859 8 2875 211 F: 8 
2899 6 2917 242 F: 5 1 
2907 13 2920 284 F: 13 
2919 11 2941 4 F: 11 
2950 7 2971 23 F: 3 4 
2966 11 2988 428 F: 5 4 2 
2977 8 2985 28 F: 3 5 
3005 13 3018 33 F: 7 6 
3007 8 3015 234 F: 4 3 1 
3040 11 3084 71 F: 11 
3042 13 3055 229 F: 13 
3056 8 3064 352 F: 3 5 
3110 4 3118 160 F: 2 2 
3136 9 3145 384 F: 9 
3152 7 3180 138 F: 2 3 2 
3156 11 3200 35 F: 6 5 
3161 9 3170 208 F: 4 3 2 
3221 8 3229 347 F: 2 3 3 
3228 7 3242 346 F: 7 
3262 6 3268 209 F: 4 2 
3292 7 3306 359 F: 5 1 1 
3294 8 3310 327 F: 3 1 4 
3301 5 3316 308 F: 5 
3312 10 3332 402 F: 4 2 4 
3335 7 3363 435 F: 5 2 
3339 7 3346 68 F: 3 1 3 
3341 8 3357 207 F: 2 3 3 
3448 8 3480 232 F: 3 2 3 
3462 6 3486 395 F: 4 2 
3474 10 3484 98 F: 6 4 
3482 9 3491 418 F: 4 5 
3492 11 3525 129 F: 5 6 
3500 6 3524 205 F: 6 
3521 12 3569 283 F: 6 6 
3525 9 3534 198 F: 4 5 
3592 11 3614 254 F: 11 
3598 7 3605 308 F: 6 1 
3632 2 3634 272 F: 2 
3652 11 3685 138 F: 3 4 4 
3656 4 3672 298 F: 4 
3664 8 3688 43 F: 6 2 
3698 8 3714 22 F: 2 4 2 
3732 6 3738 14 F: 3 3 
3752 10 3772 152 F: 4 2 4 
3772 10 3792 149 F: 5 5 
3788 7 3816 55 F: 4 1 2 
3795 6 3813 413 F: 3 1 2 
3823 9 3850 80 F: 5 1 3 
3842 9 3878 47 F: 6 3 
3849 5 3864 17 F: 5 
3861 12 3909 438 F: 7 5 
3862 6 3868 39 F: 6 
3916 12 3928 92 F: 4 4 4 
3918 12 3966 419 F: 12 
3969 9 3987 420 F: 3 6 
3974 13 4026 307 F: 5 4 4 
3998 10 4028 403 F: 4 3 3 
4002 7 4016 408 F: 7 
4004 13 4056 66 F: 13 
4024 8 4048 366 F: 2 6 
4035 9 4062 112 F: 7 2 
4085 6 4097 42 F: 3 3 
4100 6 4124 324 F: 2 2 2 
4133 12 4169 109 F: 12 
4143 12 4179 369 F: 12 
4182 10 4202 341 F: 4 3 3 
4194 6 4212 399 F: 2 4 
4202 10 4222 294 F: 5 2 3 
4210 8 4234 209 F: 8 
4225 9 4234 97 F: 4 3 2 
4253 8 4261 349 F: 3 5 
4256 12 4292 293 F: 6 6 
4311 11 4344 1 F: 4 4 3 
4331 6 4343 266 F: 4 1 1 
4346 9 4364 117 F: 9 
4347 9 4356 289 F: 3 2 4 
4382 10 4392 333 F: 10 
4422 10 4452 438 F: 4 2 4 
4426 8 4442 142 F: 2 3 3 
4455 12 4467 363 F: 4 4 4 
4466 6 4472 432 F: 3 3 
4466 10 4476 381 F: 7 3 
4504 12 4528 365 F: 6 6 
4525 10 4535 104 F: 5 3 2 
4544 6 4556 442 F: 3 1 2 
4579 6 4597 449 F: 6 
4592 9 4601 352 F: 4 2 3 
4658 10 4678 320 F: 6 4 
4667 7 4674 447 F: 3 4 
4693 5 4698 173 F: 2 3 
4694 13 4746 70 F: 7 6 
4695 10 4705 76 F: 5 5 
4718 11 4751 279 F: 6 5 
4728 8 4736 68 F: 5 3 
4759 7 4773 116 F: 4 3 
4787 10 4817 246 F: 5 4 1 
4793 9 4829 433 F: 2 4 3 
4821 8 4829 85 F: 4 4 
4830 9 4866 132 F: 4 1 4 
4885 10 4925 212 F: 3 3 4 
4886 7 4893 15 F: 5 1 1 
4890 5 4905 298 F: 2 2 1 
4928 6 4940 202 F: 2 4 
4934 9 4961 291 F: 7 2 
4939 9 4975 105 F: 9 
4961 12 4973 56 F: 5 4 3 
4973 12 4997 183 F: 12 
5041 8 5065 159 F: 3 1 4 
5066 12 5090 354 F: 4 4 4 
5089 10 5109 211 F: 4 6 
5091 8 5107 72 F: 4 4 
5095 10 5125 73 F: 5 2 3 
5116 9 5125 415 F: 4 5 
5133 6 5145 223 F: 2 1 3 
5152 7 5173 138 F: 7 
5154 8 5186 327 F: 5 3 
5162 8 5194 389 F: 2 6 
5207 10 5217 346 F: 7 3 
5219 8 5251 240 F: 8 
5244 10 5274 276 F: 10 
5268 13 5320 369 F: 13 
5283 9 5301 449 F: 9 
5302 11 5335 92 F: 4 3 4 
5315 9 5333 187 F: 9 
5321 4 5333 347 F: 4 
5331 7 5338 307 F: 7 
5387 8 5395 300 F: 3 3 2 
5410 5 5420 196 F: 3 1 1 
5464 10 5474 88 F: 6 4 
5478 5 5483 66 F: 2 2 1 
5482 9 5500 203 F: 3 6 
5492 4 5504 255 F: 2 2 
5507 11 5540 306 F: 3 4 4 
5521 5 5531 44 F: 5 
5533 11 5577 166 F: 5 6 
5535 9 5562 412 F: 5 1 3 
5539 12 5551 1 F: 5 4 3 
5628 7 5635 15 F: 4 2 1 
5633 7 5654 273 F: 7 
5644 7 5651 384 F: 2 3 2 
5644 9 5671 186 F: 2 3 4 
5683 8 5699 345 F: 5 1 2 
5723 4 5727 217 F: 4 
5724 8 5756 214 F: 2 3 3 
5735 8 5767 106 F: 2 6 
5787 10 5817 430 F: 10 
5796 7 5824 281 F: 4 2 1 
5812 9 5839 122 F: 3 3 3 
5848 7 5869 110 F: 3 3 1 
5879 9 5897 59 F: 3 6 
5883 8 5891 407 F: 2 6 
5898 13 5950 42 F: 13 
5908 3 5920 47 F: 3 
5908 8 5924 348 F: 4 4 
5942 9 5978 294 F: 5 4 
5979 8 6011 66 F: 8 
5988 9 6015 174 F: 5 4 
6012 10 6022 78 F: 5 5 
6027 5 6037 387 F: 5 
6071 9 6089 246 F: 9 
6085 10 6095 160 F: 10 
6086 11 6108 191 F: 11 
6111 11 6144 448 F: 7 4 
6147 10 6177 255 F: 5 1 4 
6160 12 6196 166 F: 12 
6176 13 6189 277 F: 13 
6177 7 6205 354 F: 2 1 4 
6209 11 6253 342 F: 7 4 
6221 11 6232 444 F: 6 5 
6250 9 6268 121 F: 3 3 3 
6264 11 6297 305 F: 7 4 
6290 6 6308 414 F: 6 
6317 7 6331 261 F: 3 4 
6338 11 6349 370 F: 5 6 
6338 11 6360 10 F: 5 6 
6344 6 6356 288 F: 6 
6398 7 6419 254 F: 6 1 
6408 9 6435 83 F: 5 2 2 
6421 10 6461 373 F: 5 3 2 
6449 11 6471 152 F: 5 6 
6481 10 6521 220 F: 3 4 3 
6490 11 6512 122 F: 11 
6527 4 6535 211 F: 4 
6531 6 6555 380 F: 4 2 
6553 10 6593 106 F: 5 1 4 
6564 8 6588 408 F: 2 4 2 
6586 11 6619 114 F: 5 2 4 
6604 10 6624 34 F: 5 5 
6630 8 6654 182 F: 2 2 4 
6632 6 6650 188 F: 3 2 1 
6659 12 6683 410 F: 12 
6682 9 6691 199 F: 3 2 4 
6706 12 6718 136 F: 12 
6733 9 6760 46 F: 4 4 1 
6743 9 6770 295 F: 3 6 
6745 2 6753 17 F: 2 
6763 10 6803 247 F: 5 2 3 
6821 8 6829 417 F: 2 6 
6822 4 6826 251 F: 2 2 
6838 7 6845 136 F: 5 1 1 
6854 9 6863 119 F: 5 4 
6870 7 6884 394 F: 7 
6906 4 6918 413 F: 4 
6925 10 6935 259 F: 6 4 
6974 10 7004 62 F: 10 
6983 7 7004 207 F: 3 4 
6991 8 7015 96 F: 2 2 4 
7008 13 7047 360 F: 13 
7019 6 7025 210 F: 3 2 1 
7033 10 7043 175 F: 10 
7034 4 7042 275 F: 2 2 
7089 10 7099 286 F: 5 5 
7135 8 7143 338 F: 5 2 1 
7149 10 7169 421 F: 10 
7175 9 7202 108 F: 2 4 3 
7184 6 7190 286 F: 6 
7194 8 7218 114 F: 7 1 
7214 3 7226 416 F: 3 
7233 2 7239 389 F: 2 
7241 7 7248 281 F: 3 1 3 
7261 8 7293 450 F: 4 2 2 
7299 7 7306 216 F: 7 
7303 7 7331 104 F: 7 
7310 10 7320 175 F: 10 
7338 7 7352 253 F: 4 1 2 
7356 6 7362 315 F: 2 4 
7366 9 7393 167 F: 3 2 4 
7425 6 7443 349 F: 6 
7443 7 7450 342 F: 2 3 2 
7459 13 7472 131 F: 7 6 
7468 12 7492 114 F: 12 
7487 8 7511 38 F: 4 2 2 
7515 2 7521 360 F: 2 
7522 8 7554 322 F: 2 3 3 
7568 5 7588 399 F: 2 3 
7582 4 7598 42 F: 2 1 1 
7596 7 7617 163 F: 4 2 1 
7611 6 7617 227 F: 3 1 2 
7621 9 7630 80 F: 5 3 1 
7634 9 7652 104 F: 7 2 
7669 7 7697 342 F: 5 2 
7686 11 7708 7 F: 5 3 3 
7715 10 7735 387 F: 3 4 3 
7746 6 7752 76 F: 6 
7755 8 7779 152 F: 5 1 2 
7765 13 7791 384 F: 7 6 
7785 7 7799 32 F: 7 
7832 7 7860 416 F: 2 4 1 
7834 6 7846 155 F: 6 
7852 3 7861 194 F: 2 1 
7853 7 7860 316 F: 2 3 2 
7865 4 7881 239 F: 2 2 
7913 4 7921 1 F: 3 1 
7954 6 7966 339 F: 4 1 1 
7955 6 7961 330 F: 3 3 
7962 6 7974 17 F: 5 1 
7972 6 7996 281 F: 2 3 1 
8016 10 8056 215 F: 4 3 3 
8025 10 8045 162 F: 7 3 
8069 8 8085 430 F: 6 2 
8073 11 8084 223 F: 7 4 
8074 13 8087 315 F: 13 
8102 4 8106 371 F: 2 1 1 
8129 10 8149 105 F: 6 4 
8186 10 8196 278 F: 4 4 2 
8189 8 8197 402 F: 8 
8193 5 8198 251 F: 2 1 2 
8267 9 8285 372 F: 5 1 3 
8267 10 8287 284 F: 4 2 4 
8268 7 8289 179 F: 7 
8287 10 8317 140 F: 5 5 
8293 9 8320 183 F: 5 1 3 
8329 7 8357 202 F: 7 
8330 13 8343 223 F: 13 
8339 9 8348 77 F: 7 2 
8396 4 8412 345 F: 2 1 1 
8397 5 8407 125 F: 5 
8456 11 8478 48 F: 5 4 2 
8470 7 8491 243 F: 2 2 3 
8492 11 8514 244 F: 6 5 
8493 7 8507 31 F: 5 2 
8497 12 8521 90 F: 4 4 4 
8540 5 8545 156 F: 2 3 
8548 7 8562 27 F: 7 
8548 8 8556 393 F: 3 4 1 
8593 10 8633 377 F: 5 3 2 
8597 8 8629 312 F: 3 1 4 
8629 4 8633 167 F: 2 2 
8631 6 8643 449 F: 6 
8642 7 8649 209 F: 7 
8648 10 8688 93 F: 5 4 1 
8683 5 8703 237 F: 2 1 2 
8712 6 8730 331 F: 4 1 1 
8726 8 8742 350 F: 6 2 
8745 3 8751 28 F: 2 1 
8750 8 8758 47 F: 5 1 2 
8751 10 8791 313 F: 4 2 4 
8803 7 8810 406 F: 2 5 
8840 9 8876 279 F: 3 3 3 
8871 12 8907 302 F: 7 5 
8872 8 8888 261 F: 2 3 3 
8894 10 8924 35 F: 4 2 4 
8900 9 8936 358 F: 3 3 3 
8944 7 8958 106 F: 6 1 
8961 5 8966 176 F: 3 1 1 
8974 12 8998 5 F: 5 4 3 
8978 10 9008 175 F: 2 4 4 
D: 6 200 
D: 8 94 
D: 24 336 
D: 28 156 
D: 29 370 
D: 36 268 
D: 41 160 
D: 42 64 
D: 43 167 
D: 47 440 
D: 50 391 
D: 54 369 
D: 75 361 
D: 85 168 
D: 87 237 
D: 102 342 
D: 110 209 
D: 117 189 
D: 124 156 
D: 132 249 
D: 140 178 
D: 142 171 
D: 142 292 
D: 146 234 
D: 156 339 
D: 170 381 
D: 179 375 
D: 183 329 
D: 185 364 
D: 195 416 
D: 195 431 
D: 200 391 
D: 203 252 
D: 210 296 
D: 215 438 
D: 216 343 
D: 229 268 
D: 247 322 
D: 248 320 
D: 288 358 
D: 296 387 
D: 312 336 
D: 358 369 
D: 362 439 
D: 423 437 
