17 8 25 16 F: 4 4 
21 5 26 57 F: 2 1 2 
25 13 51 311 F: 5 4 4 
39 8 55 325 F: 4 3 1 
97 10 127 13 F: 10 
101 13 127 291 F: 7 6 
124 7 145 171 F: 2 5 
135 9 171 121 F: 5 3 1 
138 7 166 161 F: 3 2 2 
187 7 201 58 F: 4 3 
250 10 270 57 F: 5 5 
262 7 290 324 F: 5 1 1 
284 6 296 117 F: 4 2 
294 7 315 72 F: 2 2 3 
295 13 308 426 F: 13 
348 7 376 180 F: 6 1 
351 12 363 440 F: 4 4 4 
363 8 387 236 F: 8 
371 4 387 334 F: 4 
380 9 389 189 F: 3 3 3 
403 9 421 1 F: 5 4 
412 7 419 237 F: 7 
414 11 458 430 F: 5 6 
450 3 459 289 F: 3 
463 8 495 419 F: 8 
500 10 510 232 F: 3 4 3 
549 4 557 124 F: 4 
553 7 581 268 F: 3 2 2 
573 11 617 216 F: 7 4 
579 5 599 386 F: 3 2 
648 4 652 240 F: 4 
648 5 663 383 F: 2 3 
658 8 682 222 F: 5 1 2 
665 12 689 179 F: 7 5 
694 7 715 12 F: 7 
713 4 725 308 F: 4 
742 10 772 239 F: 4 6 
747 6 771 274 F: 2 3 1 
760 11 771 93 F: 6 5 
766 3 775 210 F: 2 1 
810 7 824 155 F: 3 4 
847 7 854 78 F: 7 
854 12 890 290 F: 5 4 3 
866 13 905 441 F: 13 
894 11 927 435 F: 5 2 4 
937 10 957 53 F: 5 2 3 
950 4 966 390 F: 4 
950 10 980 251 F: 2 4 4 
959 11 1003 362 F: 11 
969 13 982 146 F: 13 
1007 12 1031 236 F: 12 
1022 9 1058 424 F: 3 6 
1032 4 1040 350 F: 2 2 
1050 2 1056 192 F: 2 
1094 8 1110 112 F: 4 3 1 
1108 5 1113 425 F: 4 1 
1135 7 1163 126 F: 4 2 1 
1143 6 1149 244 F: 2 1 3 
1166 8 1198 305 F: 7 1 
1168 11 1179 402 F: 7 4 
1262 9 1289 61 F: 3 6 
1275 2 1279 158 F: 2 
1278 9 1287 1 F: 4 5 
1279 6 1297 51 F: 3 2 1 
1298 7 1312 220 F: 3 4 
1318 12 1330 332 F: 6 6 
1336 6 1360 94 F: 2 4 
1350 4 1358 375 F: 4 
1356 2 1364 32 F: 2 
1385 6 1397 19 F: 2 1 3 
1403 9 1421 355 F: 4 5 
1415 11 1459 53 F: 5 6 
1423 7 1437 329 F: 2 1 4 
1444 7 1472 211 F: 4 2 1 
1487 10 1527 279 F: 6 4 
1502 10 1522 140 F: 4 4 2 
1516 9 1525 428 F: 9 
1533 10 1543 132 F: 5 5 
1541 12 1553 369 F: 12 
1573 7 1580 156 F: 2 5 
1617 8 1641 316 F: 6 2 
1633 10 1643 94 F: 4 6 
1635 6 1647 147 F: 6 
1640 7 1647 366 F: 3 1 3 
1641 13 1667 229 F: 13 
1712 8 1736 170 F: 2 3 3 
1714 6 1726 101 F: 3 3 
1729 2 1733 48 F: 2 
1751 6 1763 96 F: 6 
1784 7 1805 230 F: 2 5 
1802 10 1822 410 F: 5 2 3 
1856 8 1864 42 F: 8 
1867 10 1887 83 F: 10 
1874 12 1922 61 F: 6 6 
1880 11 1924 195 F: 7 4 
1911 4 1923 238 F: 4 
1916 7 1944 389 F: 3 3 1 
1941 6 1947 250 F: 5 1 
1951 8 1967 292 F: 6 2 
1987 8 2019 284 F: 3 5 
2044 9 2071 235 F: 9 
2060 9 2087 284 F: 9 
2069 6 2075 334 F: 2 1 3 
2075 10 2105 255 F: 10 
2075 12 2123 414 F: 12 
2110 8 2134 127 F: 3 5 
2151 6 2157 14 F: 3 3 
2167 7 2174 227 F: 2 5 
2179 12 2227 1 F: 4 4 4 
2180 11 2213 385 F: 11 
2238 13 2277 36 F: 7 6 
2250 5 2265 402 F: 3 1 1 
2252 6 2270 219 F: 5 1 
2259 10 2279 10 F: 7 3 
2296 8 2312 39 F: 3 3 2 
2308 10 2348 322 F: 5 3 2 
2317 9 2344 210 F: 9 
2326 7 2354 42 F: 3 4 
2334 8 2366 303 F: 3 4 1 
2373 5 2383 297 F: 4 1 
2429 13 2468 244 F: 13 
2434 9 2461 261 F: 5 1 3 
2457 11 2479 348 F: 11 
2484 6 2490 137 F: 3 2 1 
2499 9 2535 353 F: 7 2 
2526 11 2559 30 F: 11 
2527 5 2532 128 F: 5 
2549 6 2561 122 F: 5 1 
2555 10 2585 82 F: 5 4 1 
2572 9 2608 444 F: 4 5 
2622 4 2630 43 F: 4 
2638 6 2650 85 F: 6 
2640 6 2652 79 F: 4 2 
2655 7 2662 321 F: 7 
2694 12 2730 144 F: 12 
2740 8 2772 11 F: 4 4 
2753 11 2775 379 F: 7 4 
2771 7 2785 62 F: 3 2 2 
2784 10 2794 132 F: 10 
2791 10 2821 273 F: 4 4 2 
2806 7 2834 244 F: 4 1 2 
2835 5 2840 330 F: 5 
2843 7 2864 30 F: 5 1 1 
2846 7 2874 320 F: 5 1 1 
2895 7 2923 215 F: 7 
2912 12 2948 413 F: 12 
2933 11 2966 406 F: 11 
2946 6 2952 278 F: 6 
2960 8 2992 260 F: 4 2 2 
2975 8 2991 87 F: 5 3 
3002 2 3010 140 F: 2 
3016 8 3040 384 F: 8 
3049 5 3064 411 F: 5 
3052 6 3058 110 F: 3 2 1 
3057 7 3064 64 F: 3 3 1 
3104 9 3113 423 F: 9 
3148 12 3160 28 F: 12 
3150 4 3166 54 F: 4 
3167 13 3206 322 F: 13 
3193 3 3199 229 F: 3 
3251 8 3267 385 F: 2 2 4 
3259 6 3271 97 F: 2 3 1 
3274 10 3284 100 F: 5 4 1 
3283 10 3313 198 F: 2 4 4 
3290 8 3314 222 F: 2 6 
3302 13 3315 29 F: 13 
3338 11 3349 339 F: 5 3 3 
3356 8 3364 208 F: 4 2 2 
3357 12 3369 302 F: 12 
3363 9 3381 330 F: 9 
3408 11 3441 27 F: 11 
3421 3 3430 369 F: 2 1 
3428 11 3450 321 F: 11 
3451 6 3463 440 F: 6 
3491 8 3515 351 F: 4 2 2 
3533 6 3539 212 F: 6 
3535 8 3559 403 F: 3 4 1 
3548 13 3561 320 F: 13 
3568 6 3592 162 F: 6 
3568 10 3608 364 F: 5 4 1 
3608 12 3620 210 F: 12 
3635 10 3665 292 F: 2 4 4 
3648 10 3688 427 F: 6 4 
3661 7 3668 217 F: 7 
3673 2 3675 368 F: 2 
3702 8 3718 343 F: 8 
3744 9 3753 104 F: 4 1 4 
3757 8 3781 249 F: 3 1 4 
3758 11 3769 403 F: 11 
3791 12 3827 22 F: 4 4 4 
3806 11 3850 116 F: 3 4 4 
3840 6 3864 296 F: 4 2 
3880 9 3916 188 F: 3 2 4 
3882 5 3902 219 F: 4 1 
3886 6 3910 198 F: 3 1 2 
3900 12 3948 267 F: 12 
3950 8 3958 216 F: 6 2 
3974 7 4002 20 F: 7 
3978 4 3990 149 F: 4 
3984 6 4008 104 F: 4 2 
4005 7 4019 326 F: 7 
4007 10 4047 197 F: 10 
4039 7 4060 12 F: 3 1 3 
4078 4 4086 233 F: 4 
4079 8 4103 367 F: 2 3 3 
4127 9 4163 91 F: 2 3 4 
4148 9 4157 222 F: 9 
4160 7 4167 146 F: 7 
4174 9 4183 165 F: 3 6 
4182 11 4193 352 F: 5 2 4 
4206 10 4216 206 F: 4 6 
4210 10 4220 183 F: 5 2 3 
4229 3 4232 3 F: 3 
4275 11 4297 201 F: 11 
4280 11 4324 420 F: 5 6 
4317 6 4323 51 F: 2 1 3 
4319 13 4371 413 F: 13 
4353 5 4358 27 F: 2 2 1 
4361 9 4388 362 F: 9 
4382 3 4394 317 F: 3 
4415 8 4423 358 F: 3 5 
4415 11 4459 312 F: 4 4 3 
4490 12 4538 120 F: 7 5 
4496 10 4526 229 F: 4 3 3 
4499 12 4535 15 F: 7 5 
4505 5 4525 62 F: 3 2 
4511 7 4532 332 F: 2 2 3 
4522 5 4532 139 F: 3 1 1 
4560 6 4584 165 F: 2 4 
4599 8 4615 250 F: 3 1 4 
4607 10 4617 300 F: 10 
4628 10 4658 146 F: 5 2 3 
4651 9 4678 36 F: 2 4 3 
4653 10 4673 201 F: 7 3 
4675 7 4703 245 F: 4 3 
4717 5 4727 119 F: 2 3 
4717 6 4729 25 F: 5 1 
4736 13 4788 10 F: 7 6 
4760 8 4768 230 F: 8 
4761 10 4801 263 F: 4 3 3 
4814 4 4818 214 F: 4 
4831 9 4858 12 F: 4 5 
4849 10 4879 347 F: 6 4 
4889 5 4899 236 F: 2 1 2 
4889 11 4922 278 F: 5 4 2 
4903 9 4939 372 F: 5 3 1 
4915 8 4939 393 F: 2 4 2 
4925 10 4945 214 F: 4 4 2 
4982 10 4992 70 F: 10 
4987 6 4993 219 F: 2 4 
5021 3 5027 316 F: 3 
5029 10 5069 176 F: 4 4 2 
5072 8 5088 239 F: 5 3 
5086 7 5093 315 F: 3 2 2 
5093 6 5117 36 F: 5 1 
5125 11 5147 337 F: 5 6 
5136 7 5157 68 F: 4 3 
5153 9 5189 408 F: 3 3 3 
5155 10 5175 62 F: 6 4 
5169 11 5180 370 F: 6 5 
5215 7 5222 261 F: 4 2 1 
5222 9 5249 134 F: 5 4 
5234 7 5241 102 F: 4 3 
5290 5 5295 89 F: 2 3 
5292 4 5296 244 F: 4 
5307 8 5323 225 F: 3 3 2 
5307 10 5317 325 F: 10 
5375 6 5387 383 F: 2 3 1 
5393 9 5420 372 F: 5 4 
5399 8 5431 413 F: 2 6 
5411 8 5443 35 F: 8 
5424 12 5436 412 F: 12 
5433 11 5466 411 F: 7 4 
5453 3 5462 370 F: 3 
5453 10 5463 66 F: 10 
5515 12 5527 396 F: 7 5 
5518 4 5526 11 F: 2 2 
5519 8 5535 201 F: 3 1 4 
5580 5 5595 186 F: 2 1 2 
5597 8 5605 145 F: 3 4 1 
5615 12 5663 92 F: 6 6 
5632 9 5641 281 F: 4 5 
5634 8 5642 415 F: 2 3 3 
5641 10 5671 190 F: 5 5 
5664 7 5685 16 F: 5 1 1 
5732 12 5780 88 F: 12 
5749 8 5781 202 F: 4 4 
5750 4 5766 289 F: 4 
5754 7 5775 422 F: 6 1 
5782 12 5794 52 F: 5 4 3 
5819 4 5831 251 F: 4 
5867 4 5875 46 F: 3 1 
5887 8 5911 220 F: 4 4 
5888 9 5906 385 F: 5 3 1 
5896 12 5908 55 F: 4 4 4 
5903 10 5923 279 F: 7 3 
5930 8 5946 172 F: 2 2 4 
5934 10 5964 68 F: 4 4 2 
5957 7 5971 11 F: 4 3 
5977 9 5986 373 F: 9 
6025 6 6049 136 F: 2 3 1 
6035 9 6053 130 F: 4 4 1 
6052 6 6070 224 F: 5 1 
6058 9 6076 189 F: 2 4 3 
6066 2 6070 382 F: 2 
6124 4 6128 289 F: 2 2 
6151 5 6156 171 F: 2 1 2 
6158 8 6190 346 F: 5 3 
6163 6 6187 334 F: 4 1 1 
6168 11 6201 371 F: 5 6 
6203 10 6243 36 F: 5 4 1 
6207 7 6221 158 F: 4 2 1 
6225 5 6230 315 F: 5 
6244 8 6252 82 F: 7 1 
6249 7 6256 423 F: 4 1 2 
6302 13 6328 283 F: 7 6 
6314 7 6342 315 F: 7 
6326 9 6353 90 F: 9 
6371 6 6383 208 F: 2 4 
6371 10 6411 389 F: 5 5 
6400 8 6408 400 F: 4 4 
6433 8 6457 175 F: 3 5 
6474 7 6502 204 F: 7 
6483 10 6503 377 F: 5 5 
6486 5 6491 275 F: 2 2 1 
6521 9 6539 447 F: 5 3 1 
6522 12 6570 308 F: 6 6 
6538 12 6550 213 F: 5 4 3 
6569 7 6590 360 F: 2 5 
6580 5 6590 426 F: 4 1 
6602 11 6635 164 F: 5 6 
6646 6 6652 425 F: 2 4 
6657 3 6669 42 F: 3 
6668 9 6704 79 F: 9 
6676 10 6686 442 F: 5 5 
6710 9 6746 199 F: 9 
6721 8 6753 344 F: 8 
6726 4 6742 12 F: 2 1 1 
6741 9 6777 262 F: 3 3 3 
6758 6 6764 40 F: 4 1 1 
6855 4 6871 357 F: 3 1 
6865 9 6892 45 F: 6 3 
6879 9 6906 358 F: 6 3 
6893 8 6917 333 F: 6 2 
6897 9 6933 254 F: 9 
6925 6 6943 310 F: 2 4 
6927 6 6939 429 F: 6 
6928 8 6952 190 F: 4 1 3 
6944 12 6956 51 F: 6 6 
6996 3 7002 83 F: 2 1 
7036 10 7056 62 F: 4 4 2 
7063 8 7095 436 F: 3 4 1 
7068 3 7080 243 F: 3 
7080 4 7092 403 F: 4 
7080 5 7100 98 F: 2 1 2 
7118 9 7145 425 F: 3 4 2 
7137 4 7145 406 F: 4 
7137 10 7177 386 F: 10 
7144 7 7158 361 F: 2 1 4 
7151 8 7183 330 F: 8 
7214 12 7238 41 F: 12 
7232 10 7242 58 F: 3 3 4 
7268 9 7295 439 F: 5 1 3 
7274 13 7313 77 F: 13 
7287 7 7301 234 F: 2 3 2 
7300 10 7340 98 F: 6 4 
7301 9 7328 36 F: 2 3 4 
7344 8 7360 281 F: 4 2 2 
7377 6 7389 58 F: 6 
7398 11 7431 276 F: 6 5 
7412 9 7448 18 F: 4 1 4 
7424 3 7430 172 F: 3 
7434 11 7445 58 F: 7 4 
7444 6 7462 25 F: 2 1 3 
7483 6 7501 259 F: 3 1 2 
7500 5 7505 383 F: 5 
7512 6 7524 111 F: 4 1 1 
7523 7 7530 368 F: 3 3 1 
7536 9 7563 207 F: 5 1 3 
7575 6 7593 326 F: 4 2 
7603 10 7633 214 F: 10 
7630 12 7678 437 F: 6 6 
7647 6 7665 350 F: 2 2 2 
7657 8 7665 129 F: 4 4 
7693 7 7721 366 F: 3 4 
7713 4 7729 70 F: 2 1 1 
7733 8 7749 109 F: 5 3 
7746 9 7773 196 F: 6 3 
7785 8 7801 200 F: 3 2 3 
7792 9 7801 423 F: 3 6 
7841 8 7849 165 F: 2 2 4 
7847 7 7875 39 F: 3 2 2 
7859 9 7886 38 F: 9 
7863 7 7891 334 F: 2 5 
7893 5 7913 32 F: 4 1 
7940 2 7946 433 F: 2 
7951 3 7960 309 F: 3 
7953 3 7956 7 F: 2 1 
7958 6 7976 165 F: 2 1 3 
7967 10 7997 210 F: 4 6 
8008 9 8035 87 F: 3 3 3 
8022 8 8030 212 F: 3 2 3 
8042 12 8090 439 F: 4 4 4 
8047 7 8054 85 F: 2 3 2 
8075 12 8111 224 F: 12 
8100 10 8140 354 F: 5 3 2 
8102 8 8134 313 F: 6 2 
8139 8 8147 443 F: 3 2 3 
8142 6 8160 238 F: 4 2 
8173 4 8181 326 F: 4 
8206 8 8214 25 F: 4 2 2 
8222 12 8246 406 F: 12 
8252 4 8268 162 F: 2 2 
8260 8 8276 77 F: 2 4 2 
8282 11 8326 134 F: 6 5 
8312 9 8321 422 F: 4 3 2 
8328 8 8344 263 F: 4 4 
8361 8 8377 97 F: 6 2 
8377 7 8398 354 F: 4 3 
8384 11 8406 313 F: 11 
8404 9 8440 296 F: 2 3 4 
8407 5 8422 215 F: 5 
8420 4 8436 319 F: 4 
8467 8 8491 302 F: 5 2 1 
8482 6 8500 443 F: 2 4 
8517 8 8533 145 F: 2 2 4 
8566 7 8587 94 F: 6 1 
8574 5 8589 74 F: 2 1 2 
8577 4 8589 308 F: 4 
8592 8 8608 90 F: 2 4 2 
8621 10 8661 282 F: 5 3 2 
8636 5 8646 269 F: 3 2 
8653 2 8661 106 F: 2 
8655 6 8679 433 F: 3 3 
8690 13 8703 39 F: 13 
8717 13 8743 8 F: 13 
8720 9 8756 225 F: 2 3 4 
8730 7 8751 148 F: 2 3 2 
8760 6 8778 10 F: 3 3 
8796 7 8803 147 F: 4 3 
8801 9 8810 232 F: 3 2 4 
8815 8 8831 248 F: 5 1 2 
8838 7 8866 185 F: 2 2 3 
8871 8 8887 69 F: 8 
8875 9 8911 398 F: 7 2 
8922 9 8949 426 F: 3 4 2 
8949 7 8977 209 F: 3 4 
8951 8 8975 169 F: 4 1 3 
8968 9 8986 307 F: 6 3 
8977 7 8984 128 F: 2 2 3 
D: 2 187 
D: 13 179 
D: 14 80 
D: 19 162 
D: 21 75 
D: 32 90 
D: 33 65 
D: 36 229 
D: 37 406 
D: 42 445 
D: 45 335 
D: 53 424 
D: 56 413 
D: 58 158 
D: 71 154 
D: 78 279 
D: 80 275 
D: 93 265 
D: 101 279 
D: 102 123 
D: 119 120 
D: 130 314 
D: 138 354 
D: 142 326 
D: 144 238 
D: 147 418 
D: 149 289 
D: 157 225 
D: 164 407 
D: 169 282 
D: 176 325 
D: 182 270 
D: 187 313 
D: 196 428 
D: 240 287 
D: 246 427 
D: 261 272 
D: 267 294 
D: 272 366 
D: 281 336 
D: 289 315 
D: 300 405 
D: 310 375 
D: 338 403 
D: 351 396 
