7 8 31 437 F: 7 1 
19 5 29 274 F: 5 
37 7 65 402 F: 6 1 
56 8 72 217 F: 7 1 
75 7 96 216 F: 3 3 1 
112 5 132 162 F: 2 3 
156 5 176 446 F: 3 2 
163 12 175 319 F: 7 5 
173 8 181 218 F: 3 4 1 
193 8 201 320 F: 4 3 1 
207 9 225 426 F: 5 2 2 
215 13 254 123 F: 13 
248 3 251 241 F: 3 
277 12 301 222 F: 6 6 
290 13 329 267 F: 7 6 
307 9 325 207 F: 4 1 4 
316 8 340 420 F: 3 4 1 
333 10 373 369 F: 5 5 
349 8 381 51 F: 3 5 
386 6 398 338 F: 2 4 
419 8 435 39 F: 7 1 
421 9 457 374 F: 5 4 
439 11 472 34 F: 5 6 
466 8 474 417 F: 8 
476 2 484 111 F: 2 
507 9 543 388 F: 3 3 3 
513 2 521 38 F: 2 
519 7 526 429 F: 5 2 
547 9 583 139 F: 4 5 
588 5 593 408 F: 2 1 2 
602 4 618 383 F: 4 
672 11 716 445 F: 5 2 4 
677 10 697 258 F: 5 5 
678 7 692 256 F: 7 
696 7 703 181 F: 2 3 2 
737 6 743 100 F: 4 2 
773 4 777 326 F: 2 1 1 
775 9 793 30 F: 5 4 
785 13 811 314 F: 7 6 
786 7 800 99 F: 3 4 
803 11 814 358 F: 5 3 3 
871 13 910 338 F: 13 
875 6 899 223 F: 5 1 
879 13 931 319 F: 13 
894 8 902 245 F: 4 4 
926 12 962 128 F: 7 5 
942 9 978 419 F: 2 3 4 
952 10 992 377 F: 10 
953 9 971 113 F: 3 3 3 
967 11 989 299 F: 5 3 3 
1010 5 1015 235 F: 3 2 
1014 10 1044 207 F: 5 2 3 
1028 9 1055 290 F: 9 
1053 8 1077 406 F: 2 3 3 
1074 6 1098 367 F: 4 1 1 
1157 7 1178 438 F: 7 
1161 3 1164 268 F: 3 
1175 8 1199 23 F: 2 2 4 
1176 7 1204 430 F: 2 1 4 
1199 9 1208 195 F: 9 
1201 13 1227 449 F: 13 
1208 9 1235 192 F: 3 2 4 
1250 11 1283 270 F: 7 4 
1259 9 1268 316 F: 9 
1278 5 1283 330 F: 2 3 
1315 7 1336 98 F: 2 1 4 
1335 13 1387 269 F: 13 
1376 10 1396 75 F: 5 2 3 
1379 9 1406 407 F: 4 4 1 
1389 2 1395 303 F: 2 
1401 2 1409 333 F: 2 
1423 10 1433 194 F: 4 6 
1455 8 1487 383 F: 6 2 
1482 7 1489 242 F: 7 
1499 10 1539 431 F: 3 4 3 
1508 5 1523 377 F: 4 1 
1521 10 1561 407 F: 3 4 3 
1535 6 1547 373 F: 4 2 
1542 3 1554 141 F: 3 
1544 7 1558 302 F: 2 4 1 
1609 5 1614 63 F: 5 
1619 13 1645 431 F: 13 
1644 5 1654 125 F: 5 
1645 8 1661 110 F: 3 3 2 
1682 9 1709 223 F: 6 3 
1729 9 1756 425 F: 9 
1734 10 1744 103 F: 4 2 4 
1760 9 1769 188 F: 4 5 
1764 11 1797 90 F: 5 4 2 
1769 7 1783 437 F: 3 1 3 
1866 4 1870 356 F: 4 
1877 3 1880 440 F: 2 1 
1880 9 1907 300 F: 5 1 3 
1890 3 1896 190 F: 3 
1894 5 1909 387 F: 5 
1901 8 1925 423 F: 2 6 
1920 6 1932 376 F: 4 1 1 
1935 4 1947 239 F: 4 
1976 9 1994 230 F: 3 2 4 
1986 7 2000 100 F: 4 3 
2013 7 2041 160 F: 3 3 1 
2021 11 2032 138 F: 5 2 4 
2033 8 2041 337 F: 3 3 2 
2051 9 2087 87 F: 5 1 3 
2088 7 2095 233 F: 4 2 1 
2113 7 2120 237 F: 6 1 
2117 11 2150 53 F: 4 3 4 
2166 11 2210 409 F: 4 4 3 
2196 11 2240 105 F: 5 2 4 
2197 13 2223 338 F: 7 6 
2259 4 2275 373 F: 4 
2260 7 2274 428 F: 3 2 2 
2261 6 2267 429 F: 6 
2271 11 2293 219 F: 5 2 4 
2283 7 2290 73 F: 5 1 1 
2338 12 2386 150 F: 4 4 4 
2339 11 2350 47 F: 4 3 4 
2358 12 2406 29 F: 6 6 
2369 13 2408 203 F: 5 4 4 
2397 6 2421 314 F: 5 1 
2452 13 2491 182 F: 13 
2456 10 2466 431 F: 6 4 
2461 7 2475 14 F: 7 
2469 6 2487 370 F: 6 
2490 13 2529 245 F: 13 
2507 10 2527 110 F: 5 5 
2518 10 2548 243 F: 7 3 
2566 4 2582 250 F: 3 1 
2577 8 2585 356 F: 3 2 3 
2590 7 2611 310 F: 2 3 2 
2625 4 2637 89 F: 2 2 
2632 8 2648 175 F: 7 1 
2653 5 2658 401 F: 5 
2653 7 2681 374 F: 6 1 
2669 4 2673 160 F: 2 2 
2707 8 2731 33 F: 4 1 3 
2753 6 2777 157 F: 4 1 1 
2765 3 2771 406 F: 3 
2768 5 2788 33 F: 3 2 
2773 8 2805 287 F: 5 3 
2807 8 2839 372 F: 4 2 2 
2846 7 2860 318 F: 4 3 
2857 4 2869 317 F: 4 
2857 6 2881 304 F: 2 2 2 
2873 7 2880 431 F: 6 1 
2903 9 2921 243 F: 5 1 3 
2909 9 2936 365 F: 4 5 
2922 10 2962 97 F: 5 4 1 
2956 9 2983 323 F: 9 
2975 11 3008 346 F: 5 6 
3014 4 3018 109 F: 4 
3031 8 3039 201 F: 2 4 2 
3059 4 3067 365 F: 2 1 1 
3059 7 3066 157 F: 5 1 1 
3069 10 3109 200 F: 5 5 
3132 4 3140 320 F: 3 1 
3167 2 3171 312 F: 2 
3168 11 3179 253 F: 5 6 
3174 7 3181 48 F: 5 2 
3185 3 3194 88 F: 3 
3210 9 3228 423 F: 5 4 
3214 3 3223 242 F: 3 
3217 11 3250 251 F: 11 
3261 7 3289 327 F: 5 2 
3269 10 3299 237 F: 4 6 
3307 4 3319 432 F: 4 
3356 7 3384 152 F: 7 
3367 8 3399 230 F: 2 4 2 
3373 7 3380 395 F: 7 
3373 8 3405 388 F: 5 1 2 
3404 6 3416 187 F: 6 
3405 9 3423 298 F: 5 2 2 
3414 4 3430 225 F: 3 1 
3440 3 3449 376 F: 3 
3468 8 3500 429 F: 3 1 4 
3509 5 3524 166 F: 2 1 2 
3513 5 3518 280 F: 5 
3534 13 3586 97 F: 13 
3567 4 3583 240 F: 2 1 1 
3596 5 3606 430 F: 5 
3601 7 3615 258 F: 7 
3603 9 3621 376 F: 3 3 3 
3637 5 3642 430 F: 3 1 1 
3682 7 3703 99 F: 7 
3688 12 3712 27 F: 12 
3712 8 3744 72 F: 5 1 2 
3724 10 3744 156 F: 5 5 
3732 9 3759 185 F: 5 1 3 
3741 10 3761 53 F: 10 
3775 10 3805 153 F: 7 3 
3812 8 3836 295 F: 6 2 
3816 5 3831 29 F: 5 
3818 8 3842 383 F: 5 3 
3842 10 3862 366 F: 10 
3880 9 3889 257 F: 4 2 3 
3913 3 3919 372 F: 2 1 
3932 8 3964 404 F: 7 1 
3977 2 3981 124 F: 2 
3985 9 4003 187 F: 7 2 
3993 10 4033 362 F: 6 4 
4045 13 4097 327 F: 7 6 
4067 8 4091 118 F: 7 1 
4072 9 4081 228 F: 5 4 
4078 7 4092 448 F: 4 2 1 
4088 8 4112 73 F: 3 5 
4121 2 4129 85 F: 2 
4169 7 4197 16 F: 4 2 1 
4169 11 4191 258 F: 11 
4175 13 4214 308 F: 13 
4185 3 4191 407 F: 2 1 
4204 11 4237 326 F: 5 4 2 
4210 10 4240 81 F: 6 4 
4253 11 4275 368 F: 5 2 4 
4265 11 4298 441 F: 7 4 
4282 7 4310 140 F: 6 1 
4327 6 4351 85 F: 2 1 3 
4342 8 4374 63 F: 3 1 4 
4369 11 4391 78 F: 6 5 
4386 5 4396 270 F: 3 2 
4393 11 4404 95 F: 7 4 
4431 9 4467 132 F: 4 1 4 
4476 6 4482 175 F: 3 1 2 
4490 10 4510 325 F: 10 
4493 10 4533 429 F: 7 3 
4498 11 4542 391 F: 5 6 
4520 5 4525 148 F: 5 
4521 13 4547 106 F: 13 
4522 11 4533 436 F: 11 
4577 7 4598 254 F: 3 4 
4589 10 4599 305 F: 4 4 2 
4627 8 4635 379 F: 3 2 3 
4637 5 4657 4 F: 4 1 
4652 9 4670 102 F: 4 2 3 
4671 13 4697 244 F: 13 
4673 8 4681 237 F: 8 
4703 8 4727 18 F: 2 3 3 
4765 10 4805 444 F: 2 4 4 
4792 8 4808 242 F: 5 1 2 
4798 8 4806 221 F: 3 2 3 
4799 6 4805 275 F: 5 1 
4836 10 4876 326 F: 4 6 
4838 7 4852 264 F: 2 2 3 
4861 9 4888 48 F: 5 1 3 
4862 7 4876 10 F: 3 4 
4871 8 4895 104 F: 2 2 4 
4917 2 4921 396 F: 2 
4918 12 4966 395 F: 12 
4949 10 4979 228 F: 5 5 
4952 11 4974 326 F: 5 6 
4972 12 4984 59 F: 7 5 
5011 12 5059 217 F: 6 6 
5027 8 5043 29 F: 4 2 2 
5038 8 5054 286 F: 2 3 3 
5057 10 5077 22 F: 5 5 
5093 8 5117 376 F: 4 4 
5126 7 5133 200 F: 3 1 3 
5126 7 5147 185 F: 2 5 
5128 9 5155 375 F: 2 4 3 
5129 3 5135 182 F: 3 
5133 10 5163 366 F: 3 3 4 
5205 8 5213 35 F: 2 3 3 
5219 5 5234 366 F: 2 3 
5248 7 5255 5 F: 6 1 
5262 8 5294 384 F: 8 
5296 9 5314 401 F: 9 
5359 9 5368 163 F: 7 2 
5362 9 5371 95 F: 4 3 2 
5373 10 5403 193 F: 10 
5376 11 5420 138 F: 11 
5381 10 5421 64 F: 4 6 
5412 5 5432 138 F: 3 2 
5422 7 5450 190 F: 2 5 
5424 9 5451 403 F: 9 
5469 5 5474 265 F: 5 
5499 5 5514 292 F: 5 
5501 8 5509 89 F: 4 3 1 
5526 7 5554 326 F: 2 3 2 
5529 4 5537 178 F: 4 
5564 6 5588 156 F: 6 
5594 8 5610 282 F: 8 
5624 9 5633 103 F: 2 4 3 
5625 9 5652 246 F: 3 2 4 
5627 9 5654 220 F: 3 2 4 
5644 11 5688 261 F: 5 3 3 
5668 9 5695 103 F: 9 
5748 7 5769 186 F: 4 1 2 
5751 12 5775 293 F: 6 6 
5761 3 5770 306 F: 2 1 
5780 7 5801 41 F: 5 1 1 
5793 10 5803 324 F: 7 3 
5802 6 5826 101 F: 2 4 
5820 10 5830 342 F: 10 
5830 8 5838 337 F: 5 1 2 
5845 8 5853 385 F: 3 3 2 
5873 5 5878 24 F: 5 
5907 8 5915 284 F: 7 1 
5919 7 5947 162 F: 2 3 2 
5957 7 5978 122 F: 4 1 2 
5961 9 5979 255 F: 3 4 2 
5980 8 6012 381 F: 4 4 
6024 5 6044 152 F: 4 1 
6041 9 6068 281 F: 3 4 2 
6057 10 6097 71 F: 3 3 4 
6082 12 6118 243 F: 12 
6098 13 6111 312 F: 7 6 
6108 12 6120 282 F: 7 5 
6112 12 6160 385 F: 6 6 
6155 3 6158 50 F: 2 1 
6161 4 6165 179 F: 4 
6194 9 6203 198 F: 9 
6221 8 6237 292 F: 5 2 1 
6225 8 6233 355 F: 3 5 
6227 11 6238 349 F: 11 
6237 10 6267 318 F: 3 3 4 
6238 8 6246 443 F: 7 1 
6301 9 6319 274 F: 5 4 
6304 7 6325 31 F: 7 
6315 8 6339 303 F: 3 3 2 
6391 6 6409 345 F: 3 1 2 
6398 9 6434 36 F: 4 5 
6417 8 6441 443 F: 4 4 
6429 6 6447 376 F: 6 
6455 8 6487 396 F: 3 5 
6484 7 6498 15 F: 7 
6488 13 6514 376 F: 13 
6500 4 6504 339 F: 2 2 
6503 8 6511 248 F: 8 
6561 10 6571 163 F: 4 6 
6582 8 6614 223 F: 5 3 
6597 8 6629 64 F: 8 
6626 10 6666 447 F: 5 5 
6647 10 6657 46 F: 5 4 1 
6650 7 6657 15 F: 5 2 
6674 8 6706 12 F: 8 
6682 5 6692 203 F: 5 
6711 13 6750 203 F: 7 6 
6718 3 6724 230 F: 3 
6752 7 6773 43 F: 4 1 2 
6763 11 6807 172 F: 11 
6769 3 6778 76 F: 3 
6808 12 6856 225 F: 6 6 
6825 6 6849 388 F: 2 3 1 
6852 7 6866 109 F: 6 1 
6856 2 6864 232 F: 2 
6879 7 6886 67 F: 3 4 
6906 7 6920 95 F: 2 3 2 
6918 13 6944 79 F: 7 6 
6962 7 6976 3 F: 2 5 
6982 6 7000 300 F: 3 3 
6999 10 7019 6 F: 4 6 
7039 8 7055 183 F: 4 3 1 
7059 2 7067 40 F: 2 
7062 11 7073 217 F: 5 4 2 
7066 8 7082 274 F: 2 6 
7070 8 7094 148 F: 2 4 2 
7110 6 7128 222 F: 6 
7112 5 7127 204 F: 5 
7137 13 7150 368 F: 13 
7178 3 7187 251 F: 3 
7193 11 7215 215 F: 5 4 2 
7200 10 7230 176 F: 4 6 
7216 8 7240 128 F: 3 4 1 
7232 5 7247 39 F: 4 1 
7236 2 7244 71 F: 2 
7237 6 7255 248 F: 2 1 3 
7325 10 7355 344 F: 3 4 3 
7328 6 7334 334 F: 2 4 
7344 11 7377 392 F: 11 
7350 13 7363 103 F: 13 
7375 11 7419 424 F: 7 4 
7412 11 7445 377 F: 4 3 4 
7413 10 7423 54 F: 10 
7442 6 7466 196 F: 6 
7483 7 7504 357 F: 6 1 
7489 6 7501 34 F: 3 3 
7564 10 7594 162 F: 10 
7578 10 7598 165 F: 5 3 2 
7583 10 7603 31 F: 10 
7586 10 7596 253 F: 4 4 2 
7592 7 7620 21 F: 3 1 3 
7624 3 7627 265 F: 2 1 
7635 11 7679 196 F: 11 
7660 9 7696 175 F: 3 6 
7671 9 7707 62 F: 3 4 2 
7696 8 7712 279 F: 5 2 1 
7711 9 7747 378 F: 5 2 2 
7743 4 7751 161 F: 2 2 
7744 4 7756 389 F: 2 1 1 
7788 6 7806 208 F: 6 
7788 9 7806 415 F: 3 3 3 
7838 12 7886 92 F: 12 
7869 9 7896 46 F: 9 
7870 6 7894 377 F: 2 1 3 
7874 10 7884 213 F: 10 
7878 12 7926 313 F: 7 5 
7924 10 7934 110 F: 5 4 1 
7948 2 7950 274 F: 2 
7970 7 7984 271 F: 5 2 
7974 11 7996 219 F: 6 5 
7976 4 7980 21 F: 4 
8050 10 8070 158 F: 3 3 4 
8053 9 8071 402 F: 5 1 3 
8054 9 8072 348 F: 5 2 2 
8055 10 8085 234 F: 2 4 4 
8067 13 8106 65 F: 13 
8109 6 8121 344 F: 6 
8113 11 8124 197 F: 6 5 
8113 13 8126 163 F: 13 
8166 6 8172 249 F: 3 1 2 
8193 10 8203 281 F: 4 6 
8214 9 8223 31 F: 4 4 1 
8229 7 8257 399 F: 3 3 1 
8241 5 8251 188 F: 5 
8270 10 8280 338 F: 10 
8288 10 8318 312 F: 3 4 3 
8306 3 8309 338 F: 2 1 
8313 11 8357 187 F: 4 3 4 
8319 8 8343 285 F: 6 2 
8370 12 8418 155 F: 6 6 
8371 10 8391 35 F: 5 5 
8426 11 8459 156 F: 5 3 3 
8432 10 8462 404 F: 10 
8450 10 8470 342 F: 4 6 
8464 12 8500 23 F: 12 
8497 7 8518 387 F: 4 1 2 
8522 7 8536 391 F: 3 3 1 
8529 8 8537 319 F: 8 
8552 8 8568 145 F: 2 6 
8564 6 8570 417 F: 2 3 1 
8584 10 8604 101 F: 5 2 3 
8649 5 8659 315 F: 2 3 
8652 10 8692 186 F: 4 3 3 
8658 3 8670 32 F: 3 
8686 12 8722 297 F: 12 
8689 6 8707 158 F: 3 1 2 
8710 10 8720 72 F: 4 6 
8713 9 8749 69 F: 4 5 
8736 8 8752 421 F: 2 3 3 
8761 8 8793 239 F: 6 2 
8798 8 8830 387 F: 3 5 
8810 2 8812 234 F: 2 
8811 10 8841 148 F: 3 3 4 
8812 10 8832 72 F: 6 4 
8819 12 8867 38 F: 7 5 
8855 9 8873 323 F: 6 3 
8901 9 8937 334 F: 9 
8913 6 8925 220 F: 4 1 1 
8921 6 8927 61 F: 2 1 3 
8926 5 8941 147 F: 5 
8949 9 8967 42 F: 4 3 2 
D: 2 170 
D: 5 412 
D: 17 223 
D: 20 146 
D: 23 121 
D: 25 400 
D: 32 383 
D: 35 46 
D: 47 355 
D: 48 222 
D: 51 312 
D: 57 301 
D: 57 449 
D: 61 365 
D: 78 173 
D: 82 328 
D: 82 433 
D: 101 401 
D: 108 117 
D: 108 210 
D: 108 387 
D: 120 215 
D: 132 384 
D: 134 242 
D: 137 369 
D: 148 294 
D: 153 347 
D: 176 213 
D: 195 328 
D: 207 394 
D: 210 284 
D: 221 389 
D: 227 352 
D: 247 405 
D: 260 443 
D: 280 321 
D: 290 318 
D: 290 319 
D: 290 384 
D: 294 381 
D: 299 376 
D: 324 370 
D: 324 374 
D: 338 351 
D: 370 427 
