0 8 16 64 F: 3 3 2 
41 9 77 157 F: 4 4 1 
71 9 89 401 F: 4 3 2 
76 2 84 372 F: 2 
91 4 95 387 F: 2 1 1 
120 11 131 158 F: 5 2 4 
120 11 142 267 F: 6 5 
160 9 187 247 F: 4 3 2 
167 5 177 390 F: 4 1 
170 7 184 341 F: 7 
211 7 239 264 F: 2 2 3 
213 5 228 207 F: 5 
218 12 242 147 F: 12 
252 9 270 232 F: 4 5 
277 9 304 49 F: 5 4 
344 9 380 343 F: 5 4 
356 10 376 269 F: 5 2 3 
378 9 396 211 F: 2 4 3 
387 9 414 281 F: 7 2 
396 6 402 336 F: 6 
400 10 440 195 F: 3 4 3 
404 4 412 38 F: 3 1 
411 10 441 220 F: 5 1 4 
431 11 464 216 F: 7 4 
498 11 520 93 F: 11 
513 8 545 15 F: 8 
518 5 528 387 F: 2 2 1 
531 10 541 208 F: 6 4 
533 3 545 293 F: 3 
533 9 542 8 F: 3 6 
617 3 626 386 F: 3 
620 10 630 37 F: 7 3 
645 11 656 57 F: 11 
657 5 662 404 F: 5 
670 13 722 403 F: 13 
704 13 743 193 F: 13 
726 10 746 110 F: 4 3 3 
736 8 752 31 F: 5 1 2 
785 9 794 255 F: 3 4 2 
789 2 795 104 F: 2 
806 11 839 428 F: 4 4 3 
821 9 857 226 F: 7 2 
844 9 871 140 F: 5 4 
846 7 860 177 F: 2 5 
848 13 874 287 F: 7 6 
921 13 947 49 F: 7 6 
927 7 941 189 F: 7 
935 12 983 198 F: 4 4 4 
974 10 1004 359 F: 4 6 
996 10 1036 403 F: 10 
1016 9 1043 181 F: 7 2 
1022 9 1031 408 F: 4 4 1 
1025 9 1043 217 F: 5 2 2 
1033 7 1047 447 F: 5 2 
1089 8 1097 194 F: 6 2 
1103 4 1111 396 F: 4 
1129 10 1169 230 F: 10 
1153 12 1201 22 F: 12 
1155 12 1167 315 F: 6 6 
1195 9 1222 115 F: 4 3 2 
1204 8 1228 407 F: 3 3 2 
1229 7 1243 75 F: 7 
1243 11 1276 118 F: 5 6 
1290 6 1302 425 F: 4 2 
1290 7 1318 59 F: 5 1 1 
1300 4 1308 287 F: 3 1 
1328 4 1344 381 F: 4 
1357 12 1405 353 F: 12 
1384 3 1396 370 F: 2 1 
1387 10 1407 447 F: 10 
1402 6 1414 430 F: 4 2 
1406 3 1418 398 F: 3 
1412 8 1428 145 F: 5 1 2 
1440 8 1472 31 F: 5 3 
1446 7 1467 228 F: 3 3 1 
1530 3 1536 118 F: 3 
1560 6 1578 218 F: 3 3 
1567 6 1591 210 F: 2 3 1 
1578 5 1593 398 F: 5 
1599 9 1626 140 F: 3 6 
1624 9 1633 273 F: 4 5 
1628 9 1655 354 F: 5 3 1 
1647 8 1679 83 F: 2 6 
1688 9 1715 105 F: 3 6 
1698 3 1704 275 F: 3 
1716 3 1725 218 F: 2 1 
1716 11 1749 110 F: 11 
1721 7 1742 179 F: 7 
1739 5 1744 157 F: 5 
1791 8 1807 261 F: 4 3 1 
1830 9 1866 289 F: 3 6 
1834 6 1840 444 F: 5 1 
1852 10 1882 205 F: 10 
1876 7 1904 439 F: 2 1 4 
1876 11 1898 281 F: 11 
1912 6 1936 195 F: 5 1 
1958 7 1986 29 F: 2 1 4 
1982 10 2022 65 F: 4 3 3 
1983 5 2003 122 F: 3 2 
1988 6 2000 183 F: 2 2 2 
2008 9 2026 407 F: 7 2 
2018 13 2057 305 F: 13 
2061 9 2079 331 F: 7 2 
2065 8 2089 395 F: 8 
2078 11 2100 323 F: 5 2 4 
2106 8 2130 118 F: 3 5 
2112 9 2130 53 F: 3 4 2 
2115 5 2120 98 F: 5 
2129 7 2143 49 F: 5 2 
2177 11 2188 409 F: 4 4 3 
2202 5 2212 361 F: 4 1 
2261 5 2276 325 F: 5 
2268 13 2281 242 F: 13 
2275 12 2311 450 F: 12 
2296 8 2304 76 F: 8 
2302 8 2334 36 F: 4 1 3 
2310 6 2334 274 F: 4 2 
2311 6 2329 229 F: 2 2 2 
2328 7 2335 90 F: 6 1 
2337 3 2340 94 F: 3 
2425 8 2433 314 F: 3 1 4 
2433 13 2446 267 F: 7 6 
2445 7 2473 368 F: 2 3 2 
2447 8 2455 197 F: 4 1 3 
2473 3 2485 316 F: 3 
2501 9 2528 39 F: 9 
2523 6 2541 364 F: 3 2 1 
2548 7 2562 179 F: 2 3 2 
2554 8 2570 314 F: 8 
2586 10 2626 314 F: 5 4 1 
2607 9 2616 286 F: 6 3 
2623 8 2639 339 F: 5 3 
2640 12 2664 349 F: 12 
2686 11 2697 81 F: 11 
2692 7 2706 42 F: 3 4 
2711 4 2723 82 F: 2 2 
2740 6 2764 190 F: 3 1 2 
2775 6 2799 409 F: 2 3 1 
2781 7 2788 315 F: 2 3 2 
2785 11 2807 241 F: 5 4 2 
2800 10 2820 81 F: 10 
2812 9 2848 375 F: 4 3 2 
2828 6 2846 176 F: 6 
2868 8 2884 24 F: 2 6 
2898 2 2902 151 F: 2 
2930 7 2937 176 F: 3 2 2 
2948 8 2964 68 F: 2 6 
2983 4 2987 254 F: 4 
2984 7 2998 23 F: 3 1 3 
2985 9 3012 358 F: 5 3 1 
3040 11 3073 264 F: 3 4 4 
3044 7 3058 268 F: 4 2 1 
3069 6 3087 348 F: 4 2 
3072 2 3076 386 F: 2 
3088 13 3140 135 F: 13 
3122 5 3137 44 F: 5 
3124 9 3142 173 F: 4 5 
3147 11 3191 256 F: 11 
3151 13 3203 380 F: 13 
3156 8 3172 310 F: 3 2 3 
3201 5 3206 195 F: 5 
3208 11 3252 89 F: 4 3 4 
3248 10 3258 140 F: 10 
3251 8 3259 43 F: 5 1 2 
3254 10 3284 410 F: 7 3 
3304 10 3314 437 F: 10 
3330 10 3370 376 F: 6 4 
3338 5 3343 31 F: 4 1 
3369 9 3378 204 F: 6 3 
3370 11 3414 218 F: 11 
3405 5 3420 251 F: 5 
3430 3 3439 337 F: 3 
3454 11 3498 303 F: 5 2 4 
3455 12 3467 260 F: 7 5 
3460 12 3496 319 F: 4 4 4 
3511 11 3544 217 F: 7 4 
3531 7 3559 96 F: 2 3 2 
3564 8 3596 328 F: 3 4 1 
3580 9 3589 87 F: 3 6 
3584 7 3605 372 F: 2 2 3 
3662 9 3671 313 F: 5 2 2 
3677 11 3688 395 F: 7 4 
3678 9 3696 182 F: 9 
3691 10 3731 185 F: 5 4 1 
3695 6 3713 17 F: 3 3 
3705 12 3729 116 F: 12 
3733 3 3739 12 F: 3 
3745 11 3789 380 F: 4 4 3 
3773 8 3781 400 F: 5 3 
3775 9 3784 64 F: 9 
3810 6 3834 11 F: 6 
3836 8 3868 115 F: 2 4 2 
3838 6 3850 47 F: 2 4 
3860 11 3904 283 F: 7 4 
3865 8 3897 195 F: 8 
3929 8 3945 103 F: 8 
3929 13 3942 286 F: 5 4 4 
3943 9 3961 9 F: 5 4 
3974 10 3984 322 F: 5 1 4 
3975 8 3999 110 F: 2 4 2 
4014 11 4058 150 F: 4 3 4 
4023 10 4043 426 F: 4 2 4 
4045 9 4081 131 F: 5 3 1 
4059 10 4099 58 F: 4 2 4 
4097 7 4125 320 F: 5 2 
4108 11 4152 349 F: 11 
4142 8 4158 181 F: 6 2 
4165 11 4198 432 F: 4 4 3 
4167 8 4199 251 F: 5 1 2 
4193 9 4202 284 F: 9 
4205 13 4257 293 F: 7 6 
4216 5 4231 389 F: 4 1 
4216 12 4240 233 F: 12 
4287 3 4293 201 F: 3 
4287 8 4311 413 F: 5 2 1 
4334 7 4341 180 F: 7 
4373 13 4386 70 F: 7 6 
4376 6 4388 64 F: 3 3 
4385 10 4405 247 F: 6 4 
4385 10 4415 139 F: 3 3 4 
4405 4 4417 129 F: 4 
4408 10 4418 210 F: 3 3 4 
4418 4 4426 180 F: 4 
4433 2 4437 406 F: 2 
4452 13 4491 325 F: 13 
4514 4 4518 444 F: 4 
4522 12 4558 435 F: 12 
4544 8 4576 102 F: 4 3 1 
4554 6 4566 271 F: 6 
4588 10 4628 417 F: 7 3 
4613 9 4622 377 F: 3 3 3 
4633 13 4672 364 F: 7 6 
4634 7 4655 47 F: 2 4 1 
4672 4 4680 21 F: 4 
4680 10 4720 360 F: 10 
4700 3 4709 73 F: 3 
4741 8 4765 245 F: 7 1 
4747 8 4763 334 F: 6 2 
4764 6 4770 62 F: 2 3 1 
4773 8 4797 341 F: 4 1 3 
4801 5 4806 177 F: 2 3 
4812 9 4830 187 F: 2 4 3 
4838 8 4862 85 F: 3 2 3 
4869 8 4885 322 F: 2 4 2 
4890 12 4902 337 F: 12 
4912 9 4948 158 F: 3 3 3 
4957 10 4967 427 F: 5 5 
4963 7 4977 7 F: 3 3 1 
4964 11 4997 44 F: 7 4 
4987 13 5039 146 F: 13 
5019 5 5024 161 F: 5 
5083 3 5095 85 F: 2 1 
5089 3 5095 34 F: 3 
5090 12 5102 36 F: 12 
5093 7 5100 50 F: 7 
5100 8 5132 448 F: 5 3 
5133 8 5165 75 F: 8 
5136 10 5156 420 F: 2 4 4 
5137 2 5141 217 F: 2 
5177 11 5188 420 F: 5 4 2 
5205 8 5229 175 F: 8 
5214 12 5226 327 F: 7 5 
5215 12 5227 104 F: 5 3 4 
5244 8 5268 66 F: 3 1 4 
5250 4 5254 397 F: 4 
5346 4 5354 101 F: 4 
5346 10 5376 316 F: 10 
5353 6 5377 232 F: 6 
5364 5 5374 218 F: 5 
5387 12 5399 119 F: 7 5 
5419 12 5467 432 F: 5 4 3 
5424 4 5440 279 F: 2 2 
5425 12 5473 65 F: 12 
5459 6 5465 152 F: 5 1 
5485 9 5503 185 F: 5 3 1 
5538 4 5550 324 F: 4 
5538 11 5549 397 F: 4 3 4 
5555 5 5565 257 F: 2 3 
5585 2 5589 385 F: 2 
5596 9 5614 119 F: 9 
5607 9 5616 115 F: 2 4 3 
5614 9 5632 26 F: 5 4 
5645 9 5654 176 F: 7 2 
5654 7 5661 163 F: 5 1 1 
5686 6 5698 29 F: 2 4 
5715 6 5721 117 F: 2 3 1 
5724 2 5728 395 F: 2 
5762 8 5770 408 F: 3 5 
5765 8 5773 68 F: 8 
5767 12 5791 201 F: 12 
5836 5 5846 164 F: 2 3 
5840 6 5846 258 F: 3 1 2 
5849 5 5859 356 F: 2 2 1 
5854 8 5862 233 F: 4 2 2 
5899 8 5915 334 F: 4 4 
5902 8 5918 350 F: 5 3 
5914 10 5944 90 F: 3 3 4 
5918 10 5958 149 F: 10 
5966 13 5979 51 F: 5 4 4 
5990 2 5994 108 F: 2 
6034 3 6046 81 F: 3 
6040 5 6060 67 F: 2 3 
6042 7 6049 59 F: 7 
6050 4 6054 113 F: 4 
6079 9 6097 388 F: 5 3 1 
6118 6 6142 334 F: 4 2 
6129 8 6161 286 F: 6 2 
6176 7 6183 431 F: 3 4 
6178 13 6204 356 F: 13 
6197 13 6210 82 F: 13 
6220 6 6238 179 F: 4 1 1 
6247 13 6299 390 F: 7 6 
6251 10 6271 20 F: 2 4 4 
6275 3 6284 88 F: 2 1 
6299 9 6326 80 F: 9 
6307 7 6335 54 F: 2 5 
6312 8 6336 305 F: 3 2 3 
6371 12 6395 30 F: 12 
6382 13 6395 228 F: 7 6 
6398 7 6405 151 F: 2 1 4 
6429 13 6468 82 F: 13 
6446 5 6466 211 F: 2 3 
6454 10 6494 61 F: 5 4 1 
6466 12 6502 218 F: 6 6 
6480 6 6486 436 F: 6 
6524 11 6568 54 F: 11 
6532 10 6552 389 F: 6 4 
6549 7 6570 266 F: 2 3 2 
6587 9 6623 355 F: 3 3 3 
6590 5 6595 284 F: 2 3 
6616 9 6652 330 F: 3 6 
6622 10 6632 38 F: 3 4 3 
6622 12 6634 198 F: 5 3 4 
6624 12 6672 65 F: 7 5 
6683 9 6692 34 F: 5 2 2 
6713 8 6737 239 F: 3 5 
6715 11 6737 189 F: 6 5 
6717 11 6728 86 F: 4 3 4 
6763 11 6807 420 F: 5 6 
6788 6 6812 306 F: 4 1 1 
6805 6 6823 416 F: 4 2 
6837 10 6857 82 F: 7 3 
6860 11 6893 115 F: 4 3 4 
6883 10 6893 232 F: 3 3 4 
6890 10 6930 123 F: 5 2 3 
6907 9 6916 159 F: 2 3 4 
6948 9 6966 326 F: 3 6 
6950 4 6962 129 F: 4 
6980 2 6986 333 F: 2 
6987 9 7005 260 F: 4 4 1 
7006 10 7046 299 F: 7 3 
7019 7 7047 232 F: 6 1 
7044 7 7058 318 F: 2 5 
7058 2 7060 225 F: 2 
7073 8 7105 400 F: 5 1 2 
7126 7 7140 99 F: 3 4 
7139 7 7146 257 F: 4 2 1 
7150 7 7164 317 F: 3 3 1 
7186 6 7210 89 F: 6 
7197 8 7229 126 F: 3 1 4 
7214 9 7223 172 F: 4 3 2 
7225 6 7231 126 F: 2 4 
7244 8 7276 352 F: 8 
7245 7 7266 439 F: 6 1 
7246 11 7279 298 F: 5 6 
7312 7 7340 286 F: 3 1 3 
7333 7 7354 173 F: 4 3 
7336 5 7346 315 F: 2 3 
7347 7 7354 102 F: 5 2 
7395 10 7425 378 F: 4 3 3 
7400 5 7405 48 F: 3 2 
7405 10 7445 170 F: 10 
7467 6 7485 393 F: 4 1 1 
7473 10 7493 144 F: 10 
7481 9 7517 196 F: 4 5 
7567 10 7577 78 F: 6 4 
7582 8 7590 385 F: 7 1 
7582 12 7618 267 F: 6 6 
7589 12 7625 95 F: 12 
7599 10 7619 371 F: 10 
7610 9 7619 230 F: 5 3 1 
7621 9 7630 309 F: 4 5 
7637 4 7641 409 F: 2 2 
7649 8 7665 62 F: 3 5 
7649 11 7660 129 F: 5 2 4 
7700 11 7722 32 F: 5 4 2 
7744 13 7796 376 F: 13 
7760 10 7800 353 F: 5 1 4 
7780 6 7792 139 F: 4 1 1 
7783 7 7804 42 F: 7 
7806 10 7836 169 F: 10 
7826 5 7836 159 F: 3 2 
7827 8 7835 192 F: 3 3 2 
7839 9 7866 249 F: 3 3 3 
7857 12 7905 423 F: 5 3 4 
7914 3 7926 261 F: 3 
7915 4 7923 52 F: 4 
7929 3 7935 143 F: 3 
7958 11 7980 162 F: 11 
7986 2 7990 181 F: 2 
8003 5 8008 141 F: 2 1 2 
8019 10 8049 39 F: 4 4 2 
8068 12 8104 48 F: 4 4 4 
8082 6 8088 393 F: 6 
8083 10 8113 116 F: 10 
8118 3 8127 360 F: 3 
8143 8 8167 450 F: 8 
8165 10 8195 377 F: 6 4 
8170 9 8179 234 F: 9 
8174 10 8214 440 F: 5 2 3 
8201 9 8228 442 F: 6 3 
8212 5 8232 90 F: 5 
8214 11 8247 237 F: 11 
8236 5 8246 392 F: 2 3 
8253 2 8261 420 F: 2 
8304 11 8326 131 F: 7 4 
8318 11 8351 14 F: 4 3 4 
8330 7 8351 199 F: 2 5 
8374 9 8383 183 F: 9 
8385 8 8409 68 F: 6 2 
8410 10 8440 367 F: 6 4 
8438 10 8458 296 F: 5 2 3 
8454 11 8476 223 F: 4 3 4 
8466 7 8473 353 F: 4 3 
8477 5 8482 350 F: 5 
8511 10 8521 295 F: 10 
8539 4 8543 152 F: 4 
8559 9 8586 320 F: 6 3 
8570 6 8594 433 F: 6 
8594 8 8602 171 F: 5 3 
8613 11 8646 26 F: 11 
8640 9 8649 262 F: 6 3 
8662 12 8686 169 F: 12 
8667 8 8691 318 F: 5 1 2 
8678 7 8692 311 F: 4 1 2 
8701 9 8719 317 F: 4 4 1 
8742 8 8766 110 F: 2 4 2 
8760 8 8792 58 F: 3 1 4 
8762 10 8802 418 F: 5 4 1 
8771 8 8779 443 F: 4 4 
8838 11 8871 342 F: 11 
8860 3 8863 142 F: 3 
8864 6 8888 14 F: 2 4 
8873 9 8891 406 F: 3 6 
8898 4 8914 187 F: 2 2 
8900 8 8916 56 F: 2 2 4 
8905 5 8920 97 F: 2 2 1 
8931 10 8961 408 F: 10 
8979 3 8985 103 F: 3 
8993 5 9003 17 F: 5 
D: 8 331 
D: 9 302 
D: 11 228 
D: 16 283 
D: 16 286 
D: 23 288 
D: 25 381 
D: 28 394 
D: 30 137 
D: 31 311 
D: 32 344 
D: 40 390 
D: 42 88 
D: 46 446 
D: 61 329 
D: 63 303 
D: 84 155 
D: 84 345 
D: 91 270 
D: 99 298 
D: 109 155 
D: 111 259 
D: 131 214 
D: 133 216 
D: 141 315 
D: 142 307 
D: 147 205 
D: 151 365 
D: 162 356 
D: 172 250 
D: 179 378 
D: 188 368 
D: 203 312 
D: 211 333 
D: 221 306 
D: 222 384 
D: 235 402 
D: 270 271 
D: 277 322 
D: 306 405 
D: 313 420 
D: 313 439 
D: 322 421 
D: 328 332 
D: 370 394 
