5 11 27 425 F: 5 4 2 
18 8 26 270 F: 5 1 2 
73 9 100 104 F: 3 2 4 
77 9 104 388 F: 9 
82 9 100 76 F: 6 3 
117 8 133 179 F: 2 6 
119 12 155 45 F: 12 
125 6 137 39 F: 2 4 
131 12 155 95 F: 12 
142 13 181 394 F: 13 
233 8 249 221 F: 2 6 
252 6 276 214 F: 5 1 
271 13 310 321 F: 13 
282 13 295 177 F: 13 
287 9 305 66 F: 3 6 
308 7 336 332 F: 4 2 1 
317 9 326 118 F: 9 
340 7 347 41 F: 2 4 1 
342 9 360 390 F: 6 3 
364 10 394 58 F: 6 4 
414 10 444 315 F: 4 4 2 
416 11 449 8 F: 5 3 3 
433 11 444 185 F: 11 
461 8 469 67 F: 6 2 
493 13 532 227 F: 5 4 4 
540 3 552 27 F: 3 
561 8 593 284 F: 2 6 
567 5 572 273 F: 2 2 1 
593 8 617 303 F: 4 3 1 
597 5 617 303 F: 4 1 
615 4 631 94 F: 4 
630 9 657 412 F: 9 
635 9 644 15 F: 4 4 1 
654 7 675 446 F: 5 2 
677 9 695 434 F: 7 2 
713 6 737 423 F: 2 4 
718 7 725 348 F: 3 2 2 
751 8 767 243 F: 8 
761 8 793 179 F: 4 3 1 
779 9 788 220 F: 4 5 
812 10 852 295 F: 2 4 4 
817 7 831 77 F: 2 3 2 
869 7 897 367 F: 3 3 1 
884 11 917 144 F: 5 6 
896 5 906 279 F: 3 2 
916 9 934 194 F: 6 3 
920 9 947 253 F: 5 4 
952 12 964 322 F: 5 4 3 
980 9 1016 154 F: 6 3 
987 7 1001 3 F: 4 1 2 
1010 8 1026 419 F: 5 2 1 
1024 8 1056 107 F: 5 1 2 
1063 6 1069 123 F: 2 2 2 
1078 3 1084 9 F: 3 
1090 11 1134 82 F: 5 2 4 
1102 10 1142 405 F: 10 
1103 8 1135 388 F: 3 3 2 
1162 5 1177 146 F: 2 1 2 
1180 3 1186 148 F: 3 
1191 8 1199 422 F: 4 4 
1220 9 1229 323 F: 3 2 4 
1228 12 1276 417 F: 12 
1239 9 1257 2 F: 3 4 2 
1247 6 1265 18 F: 3 3 
1281 9 1290 300 F: 5 4 
1306 12 1354 239 F: 12 
1313 2 1321 176 F: 2 
1333 7 1354 36 F: 4 3 
1369 9 1405 157 F: 9 
1382 2 1390 128 F: 2 
1409 10 1419 149 F: 5 5 
1433 7 1440 135 F: 3 2 2 
1440 10 1470 107 F: 4 6 
1449 9 1458 75 F: 5 4 
1479 5 1499 202 F: 2 3 
1501 6 1513 86 F: 2 4 
1566 7 1587 379 F: 2 2 3 
1575 3 1578 188 F: 2 1 
1581 7 1609 350 F: 7 
1582 4 1594 379 F: 4 
1622 10 1662 242 F: 5 5 
1642 5 1647 356 F: 5 
1643 7 1657 85 F: 7 
1672 3 1684 370 F: 3 
1672 9 1708 8 F: 9 
1712 11 1723 225 F: 4 3 4 
1715 11 1726 4 F: 7 4 
1717 10 1727 351 F: 5 4 1 
1717 11 1750 259 F: 7 4 
1732 7 1739 141 F: 5 1 1 
1812 9 1848 377 F: 5 4 
1823 9 1859 305 F: 5 4 
1849 10 1889 120 F: 5 4 1 
1884 2 1888 147 F: 2 
1890 8 1898 139 F: 8 
1943 6 1949 212 F: 6 
1946 9 1973 77 F: 4 5 
1964 11 1986 1 F: 5 3 3 
1982 10 1992 404 F: 10 
1983 10 2003 48 F: 10 
2028 2 2034 388 F: 2 
2082 8 2098 414 F: 8 
2091 4 2103 129 F: 2 1 1 
2099 5 2119 331 F: 3 2 
2099 6 2123 410 F: 2 4 
2100 3 2109 142 F: 3 
2144 12 2156 351 F: 12 
2153 6 2177 19 F: 6 
2168 8 2176 350 F: 2 6 
2171 4 2175 144 F: 3 1 
2252 8 2276 197 F: 5 3 
2269 6 2293 170 F: 4 1 1 
2277 3 2280 294 F: 3 
2279 5 2299 397 F: 2 2 1 
2294 8 2310 167 F: 7 1 
2351 7 2372 365 F: 5 2 
2357 7 2378 141 F: 3 4 
2377 8 2385 407 F: 3 4 1 
2383 5 2403 72 F: 4 1 
2385 11 2407 235 F: 5 2 4 
2405 6 2423 251 F: 6 
2415 9 2442 109 F: 3 6 
2420 6 2444 77 F: 5 1 
2475 11 2486 279 F: 7 4 
2477 6 2501 374 F: 4 2 
2517 8 2533 68 F: 7 1 
2541 10 2581 268 F: 4 3 3 
2542 3 2554 68 F: 3 
2544 9 2553 314 F: 9 
2553 12 2565 299 F: 6 6 
2623 8 2631 245 F: 7 1 
2633 11 2655 421 F: 11 
2639 6 2651 363 F: 2 4 
2674 3 2686 221 F: 3 
2691 7 2698 50 F: 7 
2737 9 2755 101 F: 4 1 4 
2778 11 2822 350 F: 4 4 3 
2779 6 2791 325 F: 4 2 
2782 6 2794 83 F: 2 4 
2784 7 2805 380 F: 7 
2803 10 2823 408 F: 3 3 4 
2813 12 2849 82 F: 12 
2816 7 2837 94 F: 5 2 
2842 3 2854 445 F: 3 
2898 13 2911 352 F: 5 4 4 
2913 8 2945 373 F: 5 1 2 
2965 5 2980 27 F: 5 
2972 9 2999 376 F: 5 3 1 
2974 8 2998 146 F: 3 1 4 
2995 7 3009 12 F: 2 4 1 
3024 5 3029 69 F: 2 3 
3048 8 3056 380 F: 3 4 1 
3055 5 3065 14 F: 3 2 
3064 6 3070 204 F: 6 
3080 5 3100 363 F: 2 3 
3154 11 3187 286 F: 5 6 
3160 8 3184 162 F: 2 6 
3175 8 3207 146 F: 8 
3178 3 3181 343 F: 3 
3179 10 3219 238 F: 4 6 
3202 8 3234 423 F: 5 3 
3237 13 3289 119 F: 13 
3238 7 3266 37 F: 2 3 2 
3282 10 3312 257 F: 5 4 1 
3298 10 3338 293 F: 4 4 2 
3331 10 3351 389 F: 7 3 
3337 9 3355 262 F: 5 2 2 
3356 8 3364 167 F: 6 2 
3386 8 3418 289 F: 2 3 3 
3387 9 3414 306 F: 4 3 2 
3421 7 3449 125 F: 3 1 3 
3422 10 3432 221 F: 10 
3449 9 3467 147 F: 7 2 
3450 7 3464 59 F: 3 4 
3453 12 3477 435 F: 6 6 
3511 7 3532 263 F: 7 
3511 9 3538 35 F: 4 1 4 
3541 8 3573 315 F: 8 
3549 9 3558 183 F: 9 
3557 9 3575 13 F: 9 
3606 5 3611 29 F: 3 2 
3616 7 3630 355 F: 2 4 1 
3632 7 3660 433 F: 4 3 
3655 11 3688 447 F: 5 2 4 
3693 7 3707 197 F: 2 5 
3705 8 3721 158 F: 3 3 2 
3734 11 3778 385 F: 7 4 
3760 6 3778 180 F: 2 1 3 
3762 10 3802 409 F: 4 6 
3770 5 3775 414 F: 5 
3817 10 3847 157 F: 5 2 3 
3820 3 3829 267 F: 2 1 
3828 8 3844 203 F: 8 
3838 5 3853 209 F: 5 
3862 8 3886 415 F: 3 1 4 
3904 10 3924 340 F: 5 1 4 
3949 2 3951 381 F: 2 
3949 12 3997 269 F: 12 
3988 10 4028 288 F: 7 3 
3998 8 4006 126 F: 4 1 3 
4001 8 4033 444 F: 3 3 2 
4021 5 4036 126 F: 5 
4061 9 4070 309 F: 5 2 2 
4074 13 4100 422 F: 5 4 4 
4082 9 4109 364 F: 6 3 
4110 11 4154 209 F: 6 5 
4123 8 4155 179 F: 2 6 
4189 7 4203 327 F: 5 1 1 
4194 6 4218 426 F: 2 2 2 
4199 11 4243 193 F: 11 
4217 9 4244 5 F: 4 5 
4232 9 4250 361 F: 6 3 
4259 5 4269 95 F: 5 
4286 13 4338 387 F: 13 
4289 7 4296 102 F: 5 1 1 
4318 8 4342 394 F: 5 3 
4319 7 4326 177 F: 4 2 1 
4361 6 4385 449 F: 4 2 
4397 7 4418 216 F: 3 4 
4398 10 4438 408 F: 5 2 3 
4410 7 4438 202 F: 4 3 
4422 10 4432 291 F: 10 
4429 2 4437 40 F: 2 
4455 12 4491 302 F: 12 
4474 3 4477 47 F: 3 
4513 3 4522 305 F: 3 
4514 5 4519 312 F: 4 1 
4527 4 4531 450 F: 4 
4529 6 4535 76 F: 2 4 
4585 12 4597 161 F: 12 
4607 4 4623 218 F: 3 1 
4613 11 4624 174 F: 5 4 2 
4642 4 4646 129 F: 3 1 
4644 10 4654 68 F: 4 6 
4689 7 4710 127 F: 7 
4702 12 4750 349 F: 4 4 4 
4705 7 4733 267 F: 3 2 2 
4711 8 4719 331 F: 2 3 3 
4747 11 4758 412 F: 4 4 3 
4776 10 4796 89 F: 10 
4810 11 4821 227 F: 4 4 3 
4858 8 4882 141 F: 2 4 2 
4875 7 4903 214 F: 3 2 2 
4894 9 4930 339 F: 5 1 3 
4898 11 4931 407 F: 3 4 4 
4903 8 4935 391 F: 3 3 2 
4929 7 4943 399 F: 7 
4939 7 4953 171 F: 2 5 
4964 13 5016 292 F: 13 
4972 8 4996 210 F: 8 
5019 3 5025 389 F: 3 
5025 8 5049 209 F: 3 5 
5072 8 5104 87 F: 2 2 4 
5075 8 5083 449 F: 6 2 
5091 11 5124 440 F: 11 
5110 5 5115 244 F: 5 
5124 8 5156 272 F: 2 2 4 
5126 3 5138 185 F: 3 
5183 2 5189 217 F: 2 
5187 6 5205 313 F: 6 
5216 12 5228 267 F: 6 6 
5269 5 5274 124 F: 2 2 1 
5270 11 5281 322 F: 11 
5276 6 5288 274 F: 3 3 
5299 8 5315 324 F: 8 
5303 9 5339 238 F: 3 4 2 
5326 10 5366 320 F: 5 3 2 
5368 7 5396 312 F: 2 5 
5373 12 5385 9 F: 12 
5394 8 5402 366 F: 5 3 
5411 4 5415 173 F: 4 
5415 11 5426 277 F: 5 6 
5419 2 5425 22 F: 2 
5425 11 5436 413 F: 7 4 
5428 10 5448 260 F: 6 4 
5518 8 5550 288 F: 7 1 
5536 8 5552 318 F: 8 
5543 9 5570 155 F: 4 1 4 
5548 8 5564 175 F: 3 4 1 
5559 7 5580 415 F: 3 2 2 
5608 8 5616 217 F: 3 1 4 
5638 6 5644 22 F: 6 
5649 11 5693 110 F: 7 4 
5680 3 5689 101 F: 2 1 
5683 12 5707 96 F: 6 6 
5704 8 5736 146 F: 3 4 1 
5726 12 5738 405 F: 6 6 
5738 10 5748 362 F: 10 
5762 3 5771 399 F: 3 
5779 9 5815 299 F: 3 6 
5805 8 5813 191 F: 6 2 
5814 8 5830 140 F: 5 3 
5819 7 5826 91 F: 4 3 
5864 2 5866 134 F: 2 
5880 3 5889 450 F: 3 
5928 10 5968 151 F: 5 3 2 
5963 11 5974 112 F: 11 
5970 5 5985 48 F: 5 
5973 5 5988 37 F: 5 
5974 9 5983 14 F: 2 3 4 
6008 6 6014 297 F: 5 1 
6020 7 6041 106 F: 3 3 1 
6021 11 6054 85 F: 4 3 4 
6059 8 6075 359 F: 4 2 2 
6099 9 6117 45 F: 9 
6121 5 6131 197 F: 3 2 
6128 3 6131 408 F: 3 
6162 12 6174 37 F: 4 4 4 
6176 4 6192 193 F: 2 2 
6186 9 6222 376 F: 6 3 
6232 10 6242 424 F: 10 
6248 8 6280 28 F: 3 2 3 
6291 8 6307 428 F: 6 2 
6292 9 6310 251 F: 9 
6299 3 6302 1 F: 2 1 
6302 11 6335 274 F: 11 
6329 10 6359 332 F: 4 6 
6335 11 6357 422 F: 3 4 4 
6342 7 6370 335 F: 5 2 
6371 11 6404 42 F: 5 3 3 
6428 8 6436 282 F: 8 
6428 10 6438 354 F: 5 5 
6451 9 6469 437 F: 5 4 
6481 7 6488 152 F: 3 1 3 
6498 6 6516 18 F: 2 1 3 
6539 5 6559 151 F: 5 
6558 8 6566 102 F: 4 2 2 
6579 11 6623 207 F: 5 6 
6597 12 6609 354 F: 5 4 3 
6599 9 6608 8 F: 4 2 3 
6600 6 6618 369 F: 6 
6605 2 6607 443 F: 2 
6612 11 6645 268 F: 5 2 4 
6653 4 6661 93 F: 2 1 1 
6666 7 6673 96 F: 3 4 
6708 12 6744 182 F: 7 5 
6715 11 6759 96 F: 7 4 
6716 3 6725 217 F: 2 1 
6738 5 6753 186 F: 4 1 
6782 9 6791 239 F: 3 2 4 
6804 10 6814 310 F: 3 3 4 
6845 10 6875 433 F: 3 3 4 
6846 10 6856 349 F: 5 2 3 
6869 9 6905 344 F: 4 4 1 
6888 3 6900 331 F: 3 
6909 2 6913 232 F: 2 
6948 12 6984 256 F: 5 3 4 
6969 10 6999 73 F: 6 4 
6976 13 6989 107 F: 13 
6977 11 7021 44 F: 5 2 4 
7017 2 7025 413 F: 2 
7047 11 7091 238 F: 5 2 4 
7053 10 7083 153 F: 5 4 1 
7090 11 7123 224 F: 11 
7096 7 7117 20 F: 7 
7109 8 7133 40 F: 3 3 2 
7126 7 7147 351 F: 2 1 4 
7129 10 7149 106 F: 4 2 4 
7165 3 7171 431 F: 3 
7174 9 7210 116 F: 4 3 2 
7230 8 7246 154 F: 8 
7251 3 7263 122 F: 3 
7266 3 7278 269 F: 2 1 
7267 5 7272 386 F: 5 
7291 2 7299 125 F: 2 
7305 6 7329 80 F: 6 
7309 2 7313 113 F: 2 
7310 11 7343 208 F: 11 
7353 9 7362 192 F: 3 3 3 
7385 4 7397 9 F: 3 1 
7401 7 7429 277 F: 2 4 1 
7420 11 7453 206 F: 11 
7421 11 7432 83 F: 5 3 3 
7422 7 7443 55 F: 4 3 
7481 5 7486 325 F: 2 3 
7516 10 7546 254 F: 10 
7531 11 7542 22 F: 5 6 
7557 3 7566 312 F: 3 
7566 6 7578 239 F: 4 1 1 
7599 6 7623 40 F: 2 4 
7611 7 7639 61 F: 7 
7613 6 7637 12 F: 2 2 2 
7628 3 7631 97 F: 3 
7633 11 7644 126 F: 5 6 
7660 7 7681 92 F: 2 5 
7702 8 7718 176 F: 5 1 2 
7714 7 7742 377 F: 7 
7740 9 7749 161 F: 3 6 
7744 12 7768 283 F: 12 
7776 7 7804 59 F: 2 5 
7806 13 7832 17 F: 13 
7824 7 7852 150 F: 2 4 1 
7881 10 7911 327 F: 3 3 4 
7896 8 7912 344 F: 3 5 
7898 10 7928 3 F: 4 4 2 
7909 6 7921 418 F: 6 
7923 10 7953 23 F: 5 1 4 
7935 12 7971 295 F: 6 6 
7945 3 7954 257 F: 2 1 
7982 13 7995 135 F: 13 
8029 8 8061 3 F: 7 1 
8032 7 8053 402 F: 6 1 
8035 5 8045 236 F: 2 2 1 
8053 8 8077 191 F: 4 4 
8087 4 8099 215 F: 3 1 
8101 8 8133 26 F: 8 
8140 4 8156 433 F: 4 
8141 4 8149 355 F: 2 2 
8158 7 8165 170 F: 7 
8194 9 8221 81 F: 3 4 2 
8203 4 8207 413 F: 2 1 1 
8208 11 8219 212 F: 4 3 4 
8213 6 8231 287 F: 3 1 2 
8235 7 8242 397 F: 4 1 2 
8272 3 8281 87 F: 3 
8331 10 8351 365 F: 5 5 
8347 8 8379 194 F: 6 2 
8349 8 8381 274 F: 5 1 2 
8364 9 8391 242 F: 9 
8372 13 8398 380 F: 13 
8431 11 8475 24 F: 6 5 
8445 6 8463 222 F: 2 2 2 
8449 9 8458 68 F: 6 3 
8463 9 8490 243 F: 6 3 
8473 8 8505 310 F: 3 2 3 
8543 7 8571 441 F: 5 2 
8548 8 8564 238 F: 7 1 
8554 11 8576 268 F: 5 4 2 
8572 2 8578 206 F: 2 
8584 6 8602 394 F: 4 1 1 
8601 11 8645 318 F: 3 4 4 
8608 7 8622 284 F: 3 3 1 
8624 8 8640 97 F: 2 6 
8635 8 8667 319 F: 8 
8639 7 8653 4 F: 3 2 2 
8720 13 8746 341 F: 13 
8747 12 8759 58 F: 5 3 4 
8763 13 8815 391 F: 13 
8782 9 8818 330 F: 6 3 
8783 12 8795 261 F: 12 
8803 6 8809 390 F: 5 1 
8822 2 8830 230 F: 2 
8826 8 8842 294 F: 8 
8835 2 8843 100 F: 2 
8897 11 8908 290 F: 3 4 4 
8923 7 8930 30 F: 4 2 1 
8944 6 8968 6 F: 6 
8969 13 8982 40 F: 13 
8982 6 8994 268 F: 6 
8992 9 9010 38 F: 5 2 2 
D: 0 401 
D: 22 407 
D: 24 302 
D: 41 191 
D: 41 319 
D: 45 274 
D: 55 139 
D: 56 390 
D: 59 416 
D: 70 438 
D: 81 429 
D: 90 447 
D: 95 405 
D: 99 407 
D: 102 115 
D: 106 323 
D: 110 276 
D: 114 170 
D: 128 215 
D: 135 208 
D: 136 353 
D: 154 172 
D: 164 389 
D: 166 203 
D: 176 373 
D: 193 312 
D: 203 263 
D: 213 278 
D: 216 280 
D: 227 324 
D: 231 248 
D: 234 446 
D: 252 303 
D: 273 402 
D: 275 377 
D: 276 433 
D: 299 303 
D: 299 348 
D: 316 358 
D: 320 396 
D: 325 431 
D: 352 370 
D: 361 437 
D: 373 416 
D: 419 437 
