10 8 18 35 F: 5 2 1 
11 8 43 31 F: 7 1 
54 7 82 10 F: 3 2 2 
64 5 74 21 F: 5 
74 13 100 16 F: 13 
112 9 139 30 F: 4 2 3 
121 9 148 43 F: 9 
144 7 165 47 F: 7 
163 7 170 37 F: 7 
175 5 180 42 F: 2 3 
223 7 251 50 F: 6 1 
226 11 237 24 F: 5 6 
266 8 298 40 F: 6 2 
284 6 308 9 F: 5 1 
288 5 303 13 F: 2 1 2 
346 3 352 34 F: 3 
371 10 381 27 F: 3 3 4 
381 6 399 9 F: 4 1 1 
383 9 419 18 F: 5 4 
390 12 402 45 F: 12 
413 9 440 21 F: 5 1 3 
413 12 437 31 F: 6 6 
444 7 472 35 F: 2 4 1 
450 12 486 3 F: 12 
470 8 478 34 F: 2 6 
502 2 510 1 F: 2 
539 7 546 44 F: 2 3 2 
540 7 568 26 F: 3 3 1 
555 6 573 34 F: 2 4 
569 7 583 10 F: 2 2 3 
610 9 646 48 F: 9 
619 6 643 25 F: 5 1 
642 5 652 42 F: 5 
668 7 696 36 F: 2 5 
669 6 687 25 F: 5 1 
704 9 713 31 F: 9 
707 5 722 13 F: 5 
725 5 730 23 F: 3 1 1 
780 10 820 27 F: 5 5 
781 6 805 17 F: 2 4 
829 4 845 39 F: 3 1 
833 8 865 48 F: 3 4 1 
841 10 861 40 F: 10 
847 10 887 11 F: 6 4 
885 8 901 28 F: 6 2 
919 9 946 36 F: 3 3 3 
932 9 950 1 F: 7 2 
967 5 977 41 F: 4 1 
968 8 1000 43 F: 8 
991 13 1043 27 F: 7 6 
D: 6 35 
D: 7 14 
D: 11 25 
D: 20 41 
D: 21 43 
