24 10 34 74 F: 4 4 2 
28 5 43 247 F: 5 
57 10 97 489 F: 4 6 
59 9 68 312 F: 9 
94 12 106 41 F: 5 4 3 
102 11 113 121 F: 6 5 
111 11 122 310 F: 11 
172 12 184 268 F: 6 6 
172 13 211 224 F: 7 6 
199 5 214 463 F: 5 
213 9 222 40 F: 5 3 1 
217 9 244 137 F: 4 3 2 
234 2 238 1 F: 2 
260 12 284 29 F: 12 
283 6 289 131 F: 6 
315 2 319 107 F: 2 
332 5 337 14 F: 2 1 2 
371 5 386 328 F: 4 1 
376 8 384 103 F: 8 
384 7 398 363 F: 5 1 1 
445 9 481 86 F: 9 
449 8 473 265 F: 2 4 2 
455 2 461 199 F: 2 
460 7 467 140 F: 4 3 
482 9 509 33 F: 5 2 2 
517 6 535 441 F: 5 1 
518 3 530 123 F: 2 1 
531 7 552 476 F: 2 5 
538 2 542 353 F: 2 
538 4 554 425 F: 4 
607 9 625 467 F: 7 2 
614 6 638 118 F: 4 1 1 
632 7 639 78 F: 3 2 2 
659 6 677 83 F: 6 
670 8 678 44 F: 5 3 
731 3 743 397 F: 3 
744 7 765 330 F: 5 2 
752 4 764 417 F: 4 
791 6 809 176 F: 3 2 1 
793 8 825 301 F: 8 
809 9 827 440 F: 7 2 
812 6 824 195 F: 2 4 
852 12 900 450 F: 4 4 4 
874 10 884 240 F: 4 6 
899 3 902 345 F: 3 
919 13 945 31 F: 7 6 
921 5 941 4 F: 2 3 
944 13 970 255 F: 7 6 
969 10 999 329 F: 7 3 
989 9 1007 199 F: 3 6 
1055 7 1076 445 F: 3 2 2 
1078 5 1083 274 F: 5 
1078 10 1118 450 F: 10 
1085 8 1109 294 F: 3 1 4 
1086 8 1118 438 F: 3 2 3 
1137 12 1173 457 F: 6 6 
1138 10 1148 438 F: 5 3 2 
1154 9 1190 73 F: 9 
1157 8 1181 172 F: 3 1 4 
1157 11 1201 443 F: 5 6 
1213 6 1219 149 F: 2 1 3 
1225 10 1265 432 F: 3 3 4 
1233 4 1241 196 F: 3 1 
1248 8 1272 281 F: 8 
1284 10 1294 152 F: 6 4 
1302 9 1329 81 F: 3 2 4 
1355 9 1364 176 F: 9 
1383 9 1392 333 F: 3 4 2 
1385 10 1425 229 F: 4 6 
1392 4 1404 222 F: 3 1 
1412 8 1444 446 F: 7 1 
1415 7 1422 497 F: 4 2 1 
1455 12 1467 131 F: 12 
1463 13 1476 451 F: 7 6 
1486 11 1497 397 F: 6 5 
1510 7 1531 113 F: 2 3 2 
1517 13 1556 256 F: 7 6 
1536 7 1543 14 F: 4 2 1 
1567 8 1591 172 F: 2 3 3 
1578 7 1606 407 F: 7 
1604 2 1606 102 F: 2 
1608 9 1626 361 F: 9 
1633 13 1685 401 F: 7 6 
1645 7 1652 137 F: 4 3 
1659 7 1666 442 F: 2 5 
1711 9 1738 201 F: 2 4 3 
1738 3 1750 78 F: 3 
1746 5 1751 192 F: 4 1 
1786 7 1807 23 F: 7 
1794 5 1809 169 F: 5 
1813 11 1857 228 F: 11 
1835 5 1840 274 F: 4 1 
1849 8 1865 254 F: 3 3 2 
1851 11 1895 219 F: 6 5 
1855 4 1871 124 F: 2 2 
1908 8 1916 170 F: 4 4 
1933 3 1936 243 F: 3 
1941 6 1959 487 F: 6 
1958 9 1967 452 F: 2 3 4 
1961 10 1991 135 F: 7 3 
2017 12 2041 108 F: 7 5 
2020 9 2029 440 F: 9 
2030 10 2070 272 F: 3 4 3 
2034 11 2078 464 F: 5 2 4 
2050 10 2080 274 F: 10 
2106 6 2118 7 F: 4 1 1 
2109 10 2129 84 F: 10 
2120 3 2123 281 F: 3 
2128 6 2140 159 F: 5 1 
2146 8 2154 120 F: 5 2 1 
2217 9 2253 30 F: 7 2 
2265 5 2285 31 F: 4 1 
2268 11 2301 188 F: 11 
2274 7 2302 97 F: 5 1 1 
2282 12 2318 144 F: 12 
2300 5 2315 312 F: 5 
2303 2 2305 108 F: 2 
2332 9 2350 131 F: 3 2 4 
2347 7 2368 490 F: 2 4 1 
2356 6 2362 326 F: 6 
2407 10 2437 398 F: 6 4 
2448 8 2472 484 F: 2 6 
2455 10 2485 378 F: 5 1 4 
2459 2 2463 480 F: 2 
2491 9 2518 414 F: 4 1 4 
2511 9 2538 67 F: 4 5 
2512 6 2536 84 F: 6 
2545 9 2563 12 F: 5 1 3 
2553 7 2581 316 F: 2 4 1 
2581 9 2590 270 F: 7 2 
2616 11 2638 61 F: 11 
2659 5 2664 107 F: 3 2 
2664 6 2688 395 F: 2 1 3 
2664 8 2680 304 F: 4 3 1 
2693 11 2737 175 F: 3 4 4 
2741 11 2752 47 F: 5 4 2 
2746 9 2755 60 F: 9 
2761 6 2779 94 F: 2 4 
2769 9 2805 308 F: 4 5 
2790 9 2826 217 F: 3 4 2 
2812 7 2840 499 F: 4 3 
2819 6 2831 9 F: 4 2 
2835 6 2853 66 F: 3 3 
2870 8 2902 23 F: 5 2 1 
2881 7 2888 50 F: 2 1 4 
2950 4 2962 442 F: 2 2 
2956 2 2958 148 F: 2 
2973 7 2980 345 F: 5 1 1 
2983 7 2997 63 F: 6 1 
2991 13 3004 279 F: 13 
3046 7 3067 344 F: 2 3 2 
3047 10 3087 127 F: 6 4 
3064 7 3078 214 F: 3 3 1 
3081 7 3102 111 F: 3 2 2 
3093 5 3103 437 F: 5 
3108 6 3132 357 F: 5 1 
3118 6 3142 249 F: 2 1 3 
3157 11 3190 413 F: 7 4 
3177 5 3187 320 F: 5 
3179 11 3190 185 F: 5 4 2 
3222 13 3261 135 F: 7 6 
3234 5 3239 27 F: 5 
3235 6 3253 190 F: 2 4 
3251 9 3278 334 F: 3 4 2 
3286 7 3293 46 F: 6 1 
3300 9 3327 371 F: 4 3 2 
3345 2 3347 159 F: 2 
3372 6 3378 470 F: 6 
3389 9 3416 472 F: 4 1 4 
3397 6 3415 441 F: 6 
3440 12 3476 337 F: 12 
3445 7 3452 110 F: 4 3 
3464 12 3500 257 F: 5 4 3 
3470 4 3486 266 F: 3 1 
3473 6 3491 67 F: 4 2 
3517 13 3530 437 F: 13 
3575 10 3595 403 F: 4 4 2 
3580 7 3594 153 F: 2 4 1 
3587 7 3608 263 F: 7 
3588 3 3597 93 F: 3 
3614 7 3642 126 F: 2 5 
3614 11 3647 189 F: 5 3 3 
3624 7 3645 85 F: 7 
3644 12 3680 124 F: 5 4 3 
3688 13 3727 453 F: 13 
3733 13 3746 9 F: 5 4 4 
3746 9 3773 33 F: 9 
3750 9 3768 124 F: 3 6 
3751 5 3771 317 F: 2 1 2 
3762 6 3768 362 F: 6 
3814 7 3828 445 F: 6 1 
3814 10 3824 342 F: 5 2 3 
3844 8 3876 350 F: 8 
3856 8 3880 191 F: 2 6 
3863 8 3879 280 F: 8 
3907 5 3927 344 F: 5 
3913 13 3939 8 F: 7 6 
3915 6 3927 229 F: 6 
3952 9 3988 173 F: 5 4 
3980 9 4016 110 F: 5 2 2 
4013 12 4037 202 F: 5 4 3 
4021 6 4045 20 F: 2 3 1 
4042 12 4090 396 F: 12 
4050 5 4055 180 F: 5 
4056 3 4059 263 F: 3 
4104 9 4140 39 F: 5 2 2 
4115 6 4127 375 F: 5 1 
4182 7 4189 381 F: 3 1 3 
4182 8 4214 369 F: 5 2 1 
4195 12 4207 426 F: 12 
4218 9 4254 79 F: 6 3 
4241 9 4277 16 F: 4 4 1 
4252 6 4270 454 F: 2 3 1 
4271 10 4291 210 F: 4 6 
4274 12 4298 489 F: 12 
4301 7 4315 256 F: 3 2 2 
4342 6 4354 473 F: 2 1 3 
4350 10 4390 413 F: 2 4 4 
4355 3 4364 485 F: 2 1 
4356 6 4374 434 F: 5 1 
4413 5 4418 431 F: 2 2 1 
4422 6 4446 361 F: 3 3 
4453 6 4459 438 F: 6 
4470 10 4490 462 F: 10 
4489 4 4501 333 F: 4 
4553 6 4571 384 F: 6 
4554 8 4570 81 F: 5 1 2 
4563 7 4570 405 F: 2 5 
4565 4 4569 496 F: 2 1 1 
4590 11 4623 101 F: 5 6 
4648 6 4666 455 F: 6 
4667 3 4679 477 F: 3 
4668 11 4679 301 F: 4 4 3 
4677 8 4693 95 F: 2 4 2 
4684 11 4728 77 F: 6 5 
4722 5 4737 109 F: 5 
4729 9 4756 347 F: 5 4 
4738 8 4746 319 F: 4 3 1 
4740 5 4760 353 F: 5 
4754 6 4778 220 F: 3 3 
4804 10 4814 231 F: 5 4 1 
4811 10 4831 435 F: 6 4 
4813 11 4857 343 F: 4 3 4 
4818 5 4833 121 F: 5 
4898 11 4920 183 F: 5 2 4 
4909 7 4923 345 F: 5 1 1 
4930 7 4958 228 F: 3 1 3 
4967 8 4991 137 F: 5 3 
4996 9 5023 321 F: 9 
4996 13 5035 29 F: 13 
5001 7 5029 195 F: 7 
5013 12 5049 488 F: 12 
5017 9 5053 418 F: 4 5 
5023 7 5030 359 F: 2 1 4 
5075 8 5107 27 F: 5 3 
5109 3 5115 178 F: 3 
5122 8 5130 437 F: 5 2 1 
5145 5 5155 190 F: 2 3 
5175 6 5181 498 F: 4 1 1 
5186 7 5193 132 F: 2 2 3 
5211 3 5220 191 F: 3 
5211 3 5223 106 F: 3 
5262 4 5278 492 F: 2 2 
5274 6 5292 335 F: 6 
5283 6 5289 204 F: 5 1 
5303 7 5331 349 F: 2 2 3 
5316 3 5322 266 F: 3 
5329 9 5365 241 F: 5 1 3 
5374 8 5398 361 F: 3 1 4 
5379 8 5411 316 F: 4 4 
5425 6 5437 383 F: 4 1 1 
5432 9 5441 39 F: 9 
5433 4 5437 482 F: 2 2 
5455 6 5479 2 F: 2 4 
5494 9 5530 371 F: 3 6 
5551 2 5553 332 F: 2 
5567 6 5591 37 F: 5 1 
5568 12 5604 382 F: 7 5 
5572 9 5590 335 F: 9 
5581 8 5589 412 F: 5 2 1 
5606 5 5621 358 F: 5 
5623 8 5639 380 F: 2 4 2 
5627 7 5655 407 F: 3 3 1 
5665 8 5673 201 F: 2 2 4 
5666 8 5690 404 F: 8 
5721 10 5761 107 F: 5 5 
5729 8 5745 10 F: 4 4 
5734 7 5748 426 F: 3 1 3 
5747 9 5783 302 F: 3 6 
5791 9 5818 23 F: 5 4 
5833 13 5885 470 F: 5 4 4 
5861 7 5882 497 F: 5 2 
5875 8 5899 184 F: 3 4 1 
5893 7 5914 258 F: 2 4 1 
5899 8 5915 364 F: 2 4 2 
5922 7 5936 207 F: 2 4 1 
5923 8 5939 328 F: 2 6 
5975 7 6003 57 F: 7 
5984 3 5987 187 F: 3 
5991 12 6027 469 F: 12 
6040 9 6067 265 F: 5 4 
6043 7 6064 453 F: 3 3 1 
6070 5 6080 348 F: 5 
6071 10 6101 368 F: 2 4 4 
6085 8 6117 391 F: 8 
6102 7 6109 55 F: 2 4 1 
6122 10 6152 229 F: 7 3 
6136 7 6150 24 F: 2 5 
6141 12 6177 226 F: 5 4 3 
6164 6 6176 202 F: 6 
6222 10 6242 106 F: 5 2 3 
6260 7 6267 60 F: 5 1 1 
6282 6 6294 20 F: 6 
6292 8 6324 170 F: 5 3 
6292 11 6336 139 F: 7 4 
6303 6 6327 119 F: 4 2 
6320 9 6347 258 F: 3 4 2 
6356 11 6367 116 F: 5 6 
6360 7 6374 449 F: 2 5 
6390 10 6400 297 F: 3 4 3 
6405 11 6438 1 F: 5 4 2 
6414 7 6421 304 F: 6 1 
6483 4 6499 357 F: 4 
6484 11 6517 101 F: 3 4 4 
6487 10 6517 194 F: 6 4 
6508 9 6544 34 F: 3 6 
6518 6 6530 20 F: 6 
6533 9 6551 3 F: 2 3 4 
6537 5 6552 123 F: 2 2 1 
6581 13 6633 335 F: 13 
6601 5 6606 263 F: 5 
6641 6 6647 468 F: 6 
6654 12 6666 327 F: 6 6 
6662 10 6672 395 F: 6 4 
6691 9 6718 145 F: 7 2 
6737 11 6770 302 F: 4 4 3 
6776 5 6781 165 F: 5 
6784 9 6820 282 F: 4 4 1 
6788 6 6806 1 F: 6 
6793 5 6808 423 F: 4 1 
6814 8 6846 208 F: 4 3 1 
6841 13 6880 253 F: 7 6 
6859 12 6883 191 F: 7 5 
6883 4 6887 314 F: 4 
6893 5 6908 131 F: 4 1 
6925 5 6935 298 F: 2 1 2 
6930 10 6950 498 F: 6 4 
6944 11 6977 166 F: 11 
6975 12 7011 302 F: 12 
6994 6 7000 53 F: 3 2 1 
7004 6 7016 419 F: 3 3 
7024 8 7056 374 F: 2 3 3 
7035 9 7044 395 F: 5 3 1 
7079 11 7123 410 F: 11 
7091 12 7115 318 F: 7 5 
7113 6 7125 177 F: 3 3 
7147 5 7162 330 F: 3 2 
7150 2 7156 233 F: 2 
7154 9 7181 39 F: 9 
7160 8 7184 84 F: 7 1 
7221 6 7233 471 F: 2 1 3 
7224 4 7228 203 F: 3 1 
7241 6 7247 65 F: 6 
7288 6 7294 124 F: 2 3 1 
7298 11 7309 480 F: 11 
7303 5 7323 400 F: 5 
7361 5 7371 223 F: 2 3 
7361 6 7385 109 F: 2 3 1 
7389 8 7413 234 F: 5 3 
7399 5 7409 369 F: 5 
7409 9 7445 227 F: 9 
7413 8 7445 32 F: 2 4 2 
7415 12 7463 206 F: 4 4 4 
7427 3 7430 194 F: 3 
7449 7 7463 372 F: 3 1 3 
7505 10 7545 367 F: 4 6 
7548 10 7588 454 F: 5 3 2 
7578 11 7622 409 F: 5 2 4 
7592 8 7624 50 F: 8 
7597 4 7605 129 F: 4 
7636 12 7684 362 F: 12 
7654 8 7686 19 F: 6 2 
7656 5 7661 314 F: 5 
7672 11 7694 167 F: 7 4 
7685 2 7687 297 F: 2 
7707 8 7739 68 F: 8 
7711 6 7735 346 F: 3 3 
7723 5 7728 483 F: 2 2 1 
7743 2 7751 233 F: 2 
7798 8 7814 67 F: 7 1 
7806 12 7854 313 F: 12 
7847 8 7855 274 F: 5 3 
7852 9 7870 8 F: 5 4 
7870 8 7878 232 F: 4 2 2 
7879 6 7891 263 F: 3 1 2 
7910 5 7920 193 F: 4 1 
7944 8 7960 441 F: 5 2 1 
7965 6 7989 97 F: 2 4 
7969 7 7990 51 F: 3 4 
7972 6 7996 122 F: 3 1 2 
8034 8 8042 53 F: 5 1 2 
8035 6 8041 347 F: 3 3 
8035 7 8049 348 F: 3 2 2 
8041 12 8053 146 F: 5 4 3 
8085 9 8103 446 F: 4 1 4 
8154 13 8180 500 F: 13 
8166 5 8176 406 F: 5 
8166 10 8186 294 F: 6 4 
8174 4 8186 146 F: 4 
8190 3 8199 398 F: 3 
8211 11 8244 44 F: 5 6 
8241 11 8263 140 F: 5 6 
8250 11 8283 393 F: 11 
8270 9 8288 425 F: 4 4 1 
8297 5 8312 475 F: 5 
8309 10 8349 444 F: 6 4 
8329 9 8347 389 F: 4 3 2 
8341 8 8349 146 F: 2 3 3 
8369 8 8377 245 F: 4 1 3 
8370 13 8422 389 F: 13 
8418 8 8434 73 F: 7 1 
8431 5 8436 291 F: 2 3 
8442 11 8486 436 F: 11 
8466 4 8470 138 F: 2 2 
8491 11 8524 86 F: 11 
8536 5 8556 11 F: 2 3 
8555 9 8591 317 F: 4 5 
8570 10 8600 422 F: 5 5 
8587 11 8631 317 F: 4 3 4 
8592 7 8606 234 F: 6 1 
8641 6 8665 155 F: 2 3 1 
8649 10 8689 81 F: 7 3 
8669 9 8705 464 F: 5 4 
8670 11 8714 122 F: 11 
8691 6 8697 69 F: 2 1 3 
8707 7 8728 30 F: 4 1 2 
8727 7 8748 465 F: 3 1 3 
8770 5 8780 142 F: 3 2 
8783 9 8801 446 F: 5 3 1 
8796 10 8806 80 F: 4 6 
8815 7 8822 118 F: 7 
8822 10 8862 106 F: 5 3 2 
8849 10 8859 394 F: 4 3 3 
8850 8 8874 299 F: 3 2 3 
8883 9 8910 485 F: 4 5 
8903 4 8919 283 F: 2 2 
8927 7 8934 247 F: 2 5 
8932 9 8941 241 F: 3 6 
8998 11 9009 158 F: 5 6 
8999 9 9017 290 F: 4 5 
9011 11 9044 455 F: 5 2 4 
9023 4 9035 312 F: 4 
9043 8 9075 322 F: 3 2 3 
9081 7 9095 440 F: 4 3 
9099 9 9135 465 F: 7 2 
9119 9 9137 304 F: 9 
9126 5 9141 142 F: 5 
9146 2 9152 310 F: 2 
9195 12 9243 5 F: 6 6 
9197 8 9213 396 F: 4 1 3 
9201 8 9217 303 F: 8 
9211 10 9231 452 F: 5 5 
9227 7 9234 171 F: 6 1 
9230 9 9257 191 F: 5 4 
9273 10 9283 87 F: 4 2 4 
9327 9 9354 277 F: 5 4 
9335 5 9350 338 F: 2 3 
9349 6 9355 125 F: 2 2 2 
9354 9 9372 155 F: 9 
9379 9 9415 449 F: 9 
9436 7 9450 241 F: 7 
9437 12 9473 292 F: 12 
9456 11 9489 267 F: 7 4 
9473 5 9483 133 F: 2 3 
9484 13 9536 40 F: 13 
9505 3 9514 409 F: 3 
9544 12 9592 295 F: 5 3 4 
9552 6 9558 252 F: 4 1 1 
9572 7 9579 261 F: 3 2 2 
9590 10 9600 84 F: 4 2 4 
9619 12 9631 119 F: 12 
9621 11 9643 441 F: 7 4 
9645 12 9669 334 F: 7 5 
9682 9 9700 441 F: 9 
9690 8 9706 307 F: 8 
9723 7 9730 109 F: 3 4 
9742 13 9781 487 F: 13 
9758 7 9786 192 F: 4 2 1 
9784 3 9796 263 F: 2 1 
9791 10 9821 181 F: 2 4 4 
9823 11 9867 259 F: 11 
9834 7 9841 195 F: 2 3 2 
9846 2 9854 68 F: 2 
9866 11 9888 84 F: 5 3 3 
9870 13 9883 422 F: 13 
9912 8 9920 461 F: 3 2 3 
9966 6 9978 385 F: 3 3 
9969 9 10005 266 F: 5 2 2 
9973 3 9985 278 F: 2 1 
9975 9 10002 187 F: 3 2 4 
D: 3 309 
D: 10 244 
D: 11 15 
D: 15 302 
D: 18 344 
D: 30 402 
D: 37 217 
D: 45 269 
D: 52 142 
D: 65 418 
D: 67 188 
D: 80 84 
D: 84 204 
D: 89 428 
D: 111 400 
D: 132 376 
D: 134 275 
D: 149 368 
D: 156 266 
D: 158 405 
D: 161 347 
D: 164 459 
D: 166 483 
D: 172 368 
D: 178 413 
D: 179 220 
D: 188 419 
D: 193 390 
D: 195 361 
D: 209 376 
D: 214 491 
D: 216 383 
D: 227 439 
D: 229 338 
D: 232 416 
D: 235 352 
D: 253 449 
D: 272 315 
D: 289 425 
D: 294 366 
D: 317 373 
D: 321 416 
D: 350 363 
D: 354 470 
D: 377 399 
D: 410 439 
D: 420 460 
D: 425 444 
D: 430 473 
D: 460 485 
