11 10 41 2 F: 2 4 4 
69 9 96 38 F: 9 
87 9 123 6 F: 7 2 
88 3 91 37 F: 3 
89 10 119 44 F: 4 2 4 
161 3 170 24 F: 3 
177 7 184 24 F: 6 1 
180 10 220 42 F: 5 5 
186 6 204 9 F: 2 2 2 
189 6 213 42 F: 2 3 1 
214 8 246 33 F: 8 
258 3 264 3 F: 3 
271 7 285 8 F: 7 
287 7 301 6 F: 4 2 1 
297 12 309 30 F: 12 
343 11 376 34 F: 5 6 
355 5 370 6 F: 5 
360 6 366 21 F: 2 4 
397 9 433 1 F: 9 
399 11 421 40 F: 5 2 4 
424 7 445 33 F: 3 3 1 
452 8 460 8 F: 4 4 
482 3 491 27 F: 3 
486 6 498 28 F: 4 1 1 
491 11 513 33 F: 5 3 3 
504 4 508 7 F: 4 
511 6 517 23 F: 2 2 2 
549 10 559 26 F: 2 4 4 
550 13 589 15 F: 13 
599 6 617 27 F: 5 1 
604 11 626 8 F: 6 5 
645 5 660 40 F: 3 2 
674 5 694 26 F: 5 
675 11 686 3 F: 5 2 4 
690 9 708 38 F: 9 
705 6 723 18 F: 6 
711 9 729 24 F: 2 3 4 
717 8 741 4 F: 4 2 2 
769 6 775 45 F: 2 2 2 
771 8 795 47 F: 2 2 4 
800 10 820 17 F: 10 
857 9 866 19 F: 2 4 3 
861 10 891 34 F: 10 
882 11 926 9 F: 7 4 
897 10 927 9 F: 10 
935 6 941 36 F: 2 3 1 
967 5 977 8 F: 2 1 2 
976 9 1012 2 F: 9 
993 8 1001 18 F: 8 
998 7 1019 31 F: 3 2 2 
D: 0 6 
D: 6 17 
D: 16 38 
D: 16 40 
D: 25 29 
