13 11 46 44 F: 5 6 
36 7 50 20 F: 7 
76 3 88 43 F: 3 
77 8 85 8 F: 3 1 4 
84 7 98 15 F: 2 2 3 
116 4 128 36 F: 2 2 
126 11 137 28 F: 5 2 4 
133 7 161 6 F: 3 2 2 
151 9 187 14 F: 5 4 
199 6 217 18 F: 4 1 1 
208 9 235 47 F: 7 2 
249 7 263 38 F: 4 3 
277 12 313 34 F: 5 3 4 
278 9 305 23 F: 6 3 
297 4 301 23 F: 4 
326 10 336 43 F: 5 4 1 
326 11 359 20 F: 5 2 4 
349 8 373 27 F: 2 3 3 
370 6 376 5 F: 5 1 
399 10 409 34 F: 10 
408 5 413 10 F: 5 
416 7 423 17 F: 7 
429 8 437 19 F: 4 3 1 
491 3 494 14 F: 2 1 
496 9 523 14 F: 4 1 4 
504 8 512 3 F: 4 1 3 
531 9 567 25 F: 4 1 4 
539 10 549 26 F: 5 4 1 
583 10 603 21 F: 4 3 3 
592 6 604 6 F: 3 2 1 
606 12 618 6 F: 7 5 
622 7 650 14 F: 3 4 
634 7 648 8 F: 3 1 3 
688 8 712 13 F: 3 5 
691 6 703 40 F: 6 
702 9 729 39 F: 9 
718 7 739 46 F: 4 1 2 
746 11 757 34 F: 5 4 2 
757 13 796 44 F: 13 
788 8 804 31 F: 3 5 
810 9 828 26 F: 9 
812 8 844 4 F: 3 4 1 
824 11 868 18 F: 4 3 4 
844 5 849 6 F: 2 1 2 
848 7 855 47 F: 3 1 3 
934 2 936 33 F: 2 
937 7 958 4 F: 4 2 1 
940 6 958 21 F: 5 1 
951 7 958 35 F: 2 4 1 
964 9 1000 8 F: 9 
D: 4 9 
D: 4 46 
D: 10 26 
D: 29 28 
D: 44 48 
