2 7 30 25 F: 3 1 3 
30 9 48 49 F: 9 
73 7 101 25 F: 4 3 
93 9 111 30 F: 5 2 2 
99 7 106 45 F: 3 3 1 
115 9 151 16 F: 3 6 
139 5 144 24 F: 5 
158 7 165 49 F: 3 1 3 
186 2 190 41 F: 2 
193 11 237 11 F: 7 4 
210 8 234 19 F: 8 
216 4 228 46 F: 4 
250 3 256 3 F: 3 
274 10 314 47 F: 10 
290 8 298 50 F: 4 2 2 
351 8 383 17 F: 3 1 4 
352 10 372 47 F: 10 
355 13 368 30 F: 7 6 
382 7 403 42 F: 3 3 1 
386 9 413 15 F: 4 5 
469 6 475 20 F: 3 2 1 
474 2 480 32 F: 2 
479 12 503 23 F: 12 
487 5 502 27 F: 2 1 2 
498 8 522 27 F: 8 
513 9 531 5 F: 7 2 
513 13 565 4 F: 5 4 4 
530 6 536 9 F: 4 2 
557 4 569 44 F: 4 
573 11 606 48 F: 7 4 
617 5 637 39 F: 5 
624 10 634 43 F: 10 
629 7 650 25 F: 7 
672 7 686 46 F: 2 2 3 
691 8 723 12 F: 5 3 
728 9 746 25 F: 6 3 
773 6 779 6 F: 4 2 
775 10 815 37 F: 4 2 4 
796 7 803 18 F: 3 4 
796 8 828 2 F: 5 3 
812 10 822 39 F: 5 4 1 
815 11 837 36 F: 5 2 4 
822 10 852 19 F: 10 
849 5 854 45 F: 4 1 
868 5 883 3 F: 4 1 
939 10 979 2 F: 10 
942 5 962 11 F: 3 1 1 
961 10 971 25 F: 5 4 1 
981 5 996 2 F: 3 1 1 
999 8 1023 22 F: 5 3 
D: 2 42 
D: 8 29 
D: 17 19 
D: 23 38 
D: 25 42 
