14 10 54 32 F: 10 
24 8 56 36 F: 8 
68 8 76 43 F: 5 3 
91 3 100 50 F: 2 1 
97 9 106 44 F: 4 3 2 
104 4 112 46 F: 4 
127 5 147 39 F: 3 2 
164 9 173 31 F: 7 2 
182 8 214 28 F: 3 5 
195 8 203 17 F: 5 1 2 
204 11 215 43 F: 7 4 
211 8 243 35 F: 4 2 2 
243 10 273 25 F: 6 4 
247 8 271 36 F: 5 1 2 
287 4 303 38 F: 4 
304 5 324 47 F: 5 
338 8 346 46 F: 3 5 
340 9 358 2 F: 3 2 4 
347 9 374 35 F: 9 
359 6 371 23 F: 3 2 1 
401 5 406 2 F: 5 
406 10 446 14 F: 3 3 4 
412 9 439 22 F: 9 
424 5 444 43 F: 5 
481 9 508 34 F: 4 4 1 
511 5 516 21 F: 5 
532 11 554 31 F: 4 4 3 
541 8 549 44 F: 7 1 
560 13 599 16 F: 13 
594 4 602 27 F: 4 
612 8 636 2 F: 8 
614 11 636 45 F: 11 
663 7 677 20 F: 2 4 1 
663 12 699 19 F: 5 3 4 
690 13 703 49 F: 7 6 
706 6 730 42 F: 3 1 2 
708 11 719 33 F: 11 
713 6 719 45 F: 6 
741 2 749 13 F: 2 
790 6 814 44 F: 2 1 3 
805 7 826 30 F: 7 
817 10 837 42 F: 5 5 
853 7 867 32 F: 3 2 2 
854 6 866 47 F: 2 4 
862 9 871 18 F: 9 
951 10 991 11 F: 7 3 
964 9 982 17 F: 4 5 
971 8 1003 13 F: 7 1 
976 7 983 49 F: 7 
996 8 1004 44 F: 8 
D: 1 29 
D: 6 25 
D: 20 38 
D: 23 31 
D: 24 47 
