16 11 27 14 F: 4 3 4 
40 9 58 45 F: 3 6 
44 12 56 10 F: 4 4 4 
49 10 69 6 F: 4 6 
97 8 129 13 F: 2 2 4 
152 9 161 33 F: 3 6 
154 8 186 25 F: 3 2 3 
160 9 196 43 F: 4 4 1 
166 2 168 21 F: 2 
167 10 177 26 F: 7 3 
209 11 220 46 F: 11 
230 10 240 6 F: 7 3 
235 6 253 10 F: 2 4 
264 6 276 7 F: 2 3 1 
289 9 325 19 F: 9 
325 10 335 21 F: 4 4 2 
345 8 377 25 F: 8 
345 9 372 20 F: 2 3 4 
348 4 352 10 F: 3 1 
373 13 425 41 F: 7 6 
444 10 464 40 F: 3 4 3 
478 5 493 12 F: 2 3 
495 5 515 23 F: 5 
495 11 517 10 F: 5 6 
497 8 513 15 F: 5 3 
513 7 534 27 F: 4 3 
514 9 541 2 F: 3 4 2 
518 4 526 19 F: 4 
572 7 586 5 F: 4 1 2 
594 10 624 17 F: 6 4 
606 6 618 47 F: 6 
653 9 662 50 F: 6 3 
666 7 687 31 F: 2 3 2 
676 9 685 1 F: 5 4 
694 10 714 17 F: 7 3 
727 6 739 2 F: 5 1 
734 9 770 29 F: 4 3 2 
763 8 779 9 F: 3 5 
772 13 785 24 F: 13 
796 9 823 13 F: 3 4 2 
806 4 814 10 F: 2 1 1 
815 7 829 16 F: 4 2 1 
825 6 849 40 F: 3 3 
832 7 853 35 F: 7 
872 7 900 26 F: 6 1 
917 10 947 1 F: 4 2 4 
956 4 964 44 F: 4 
963 6 981 35 F: 4 2 
963 10 993 22 F: 6 4 
982 3 985 28 F: 3 
D: 0 6 
D: 0 44 
D: 3 12 
D: 23 24 
D: 33 32 
