20 3 26 92 F: 3 
61 8 69 299 F: 5 1 2 
68 6 86 463 F: 2 3 1 
79 7 107 14 F: 2 5 
96 5 111 13 F: 5 
108 11 152 37 F: 3 4 4 
142 7 149 300 F: 3 3 1 
153 9 162 453 F: 4 2 3 
175 4 179 22 F: 3 1 
179 8 187 361 F: 7 1 
216 13 229 390 F: 7 6 
220 9 229 481 F: 4 4 1 
246 7 253 403 F: 3 2 2 
272 5 282 416 F: 5 
280 13 293 4 F: 5 4 4 
300 9 336 160 F: 4 1 4 
307 8 323 403 F: 4 2 2 
370 7 391 319 F: 3 4 
392 8 416 451 F: 8 
396 9 405 263 F: 9 
412 9 439 136 F: 5 4 
444 10 484 61 F: 5 4 1 
446 13 472 334 F: 13 
467 13 519 426 F: 13 
488 11 510 271 F: 5 6 
521 10 561 39 F: 4 4 2 
543 8 567 16 F: 3 4 1 
546 12 594 388 F: 12 
554 11 576 124 F: 5 4 2 
588 9 606 199 F: 5 4 
663 11 674 460 F: 11 
665 3 671 181 F: 3 
671 2 673 454 F: 2 
680 13 719 93 F: 7 6 
687 9 723 245 F: 9 
712 6 730 410 F: 4 2 
726 11 770 124 F: 4 3 4 
733 8 749 441 F: 8 
762 9 771 346 F: 9 
767 8 799 39 F: 7 1 
817 9 826 120 F: 4 1 4 
818 13 857 326 F: 7 6 
830 10 870 480 F: 10 
840 8 864 47 F: 8 
896 7 910 271 F: 3 4 
906 7 927 96 F: 4 3 
959 2 967 29 F: 2 
965 8 989 480 F: 6 2 
973 5 993 118 F: 4 1 
993 13 1032 419 F: 13 
1023 10 1033 496 F: 5 5 
1047 9 1056 228 F: 9 
1052 9 1088 268 F: 4 1 4 
1068 10 1088 466 F: 6 4 
1070 7 1091 53 F: 2 3 2 
1101 3 1107 230 F: 3 
1117 6 1129 192 F: 4 2 
1132 11 1165 397 F: 11 
1142 13 1181 265 F: 5 4 4 
1195 10 1235 461 F: 6 4 
1225 12 1273 299 F: 7 5 
1244 4 1252 255 F: 2 2 
1261 6 1273 250 F: 5 1 
1263 8 1279 346 F: 2 6 
1296 8 1328 212 F: 8 
1318 9 1327 133 F: 9 
1323 5 1333 171 F: 2 1 2 
1346 7 1360 82 F: 7 
1376 5 1386 432 F: 2 3 
1396 10 1416 180 F: 3 4 3 
1442 7 1463 176 F: 7 
1466 7 1494 294 F: 3 4 
1471 12 1519 345 F: 7 5 
1480 9 1516 253 F: 3 2 4 
1485 10 1515 254 F: 10 
1505 9 1514 237 F: 9 
1507 10 1547 290 F: 6 4 
1513 10 1543 471 F: 10 
1526 7 1540 137 F: 4 1 2 
1590 9 1617 200 F: 9 
1637 8 1669 425 F: 3 1 4 
1673 5 1693 32 F: 2 3 
1678 10 1718 48 F: 2 4 4 
1687 9 1714 416 F: 5 3 1 
1699 7 1713 315 F: 7 
1702 7 1730 171 F: 2 5 
1705 8 1729 266 F: 4 4 
1711 5 1731 251 F: 4 1 
1781 9 1808 143 F: 9 
1785 11 1807 461 F: 11 
1800 4 1804 395 F: 2 2 
1801 6 1825 14 F: 2 3 1 
1806 9 1824 189 F: 9 
1809 3 1815 269 F: 2 1 
1897 5 1912 71 F: 5 
1915 7 1943 168 F: 2 5 
1924 11 1935 327 F: 7 4 
1941 7 1969 430 F: 4 1 2 
1954 4 1966 486 F: 4 
1970 5 1985 482 F: 2 3 
2001 8 2017 93 F: 3 5 
2020 9 2038 292 F: 5 4 
2029 13 2068 136 F: 13 
2055 9 2073 144 F: 4 1 4 
2059 13 2111 407 F: 13 
2101 11 2112 408 F: 6 5 
2128 11 2161 107 F: 11 
2144 6 2168 184 F: 5 1 
2150 7 2157 362 F: 2 3 2 
2152 12 2176 326 F: 12 
2230 7 2244 404 F: 5 2 
2245 6 2269 96 F: 3 1 2 
2251 8 2275 387 F: 4 2 2 
2280 2 2286 288 F: 2 
2296 11 2329 94 F: 11 
2338 2 2346 176 F: 2 
2340 7 2347 182 F: 4 2 1 
2344 2 2352 130 F: 2 
2381 11 2392 110 F: 5 3 3 
2385 7 2399 399 F: 2 4 1 
2408 8 2424 145 F: 3 5 
2448 9 2457 265 F: 2 3 4 
2457 12 2481 110 F: 12 
2468 2 2470 274 F: 2 
2471 11 2504 350 F: 4 3 4 
2513 8 2529 476 F: 4 4 
2523 9 2541 138 F: 4 1 4 
2540 12 2552 447 F: 7 5 
2592 6 2604 89 F: 4 1 1 
2595 3 2607 57 F: 3 
2601 10 2621 243 F: 4 2 4 
2610 12 2634 421 F: 12 
2614 6 2620 111 F: 3 3 
2642 11 2653 294 F: 5 4 2 
2679 7 2707 412 F: 5 1 1 
2702 6 2720 74 F: 4 2 
2717 3 2726 360 F: 3 
2729 5 2749 36 F: 2 3 
2768 11 2779 470 F: 6 5 
2782 7 2810 174 F: 4 3 
2839 9 2848 17 F: 3 6 
2854 11 2876 399 F: 5 6 
2864 5 2869 319 F: 4 1 
2879 11 2890 110 F: 7 4 
2891 8 2899 62 F: 4 3 1 
2900 8 2924 327 F: 5 2 1 
2928 10 2938 334 F: 10 
2966 10 2976 120 F: 4 6 
2972 8 2996 467 F: 7 1 
2978 13 3030 303 F: 13 
3019 3 3028 84 F: 3 
3041 8 3049 391 F: 7 1 
3050 7 3078 380 F: 3 3 1 
3063 8 3095 312 F: 3 1 4 
3086 9 3104 201 F: 5 3 1 
3141 8 3173 262 F: 5 3 
3164 13 3190 393 F: 13 
3176 4 3180 320 F: 4 
3183 11 3205 186 F: 11 
3187 8 3203 345 F: 3 1 4 
3204 5 3214 203 F: 5 
3231 4 3239 36 F: 4 
3258 7 3286 378 F: 2 1 4 
3262 9 3280 155 F: 2 3 4 
3283 8 3291 66 F: 5 1 2 
3358 9 3367 257 F: 6 3 
3365 9 3401 337 F: 9 
3369 13 3408 265 F: 7 6 
3376 4 3392 403 F: 4 
3394 8 3410 345 F: 8 
3402 7 3430 217 F: 7 
3402 9 3411 122 F: 5 2 2 
3414 5 3419 356 F: 2 3 
3429 8 3453 5 F: 3 5 
3451 9 3487 375 F: 3 6 
3509 9 3518 360 F: 9 
3518 2 3520 150 F: 2 
3551 13 3603 332 F: 13 
3572 12 3608 118 F: 6 6 
3585 11 3618 411 F: 5 6 
3604 4 3612 173 F: 2 2 
3623 8 3639 19 F: 8 
3627 4 3631 215 F: 4 
3687 10 3727 190 F: 5 5 
3690 12 3714 78 F: 5 4 3 
3739 12 3787 310 F: 12 
3760 11 3782 132 F: 7 4 
3783 11 3816 362 F: 11 
3794 11 3816 450 F: 7 4 
3799 7 3813 492 F: 7 
3832 6 3838 292 F: 4 1 1 
3861 6 3867 496 F: 3 3 
3861 11 3894 287 F: 4 3 4 
3873 9 3900 78 F: 4 2 3 
3878 7 3892 199 F: 5 1 1 
3907 4 3911 445 F: 2 1 1 
3915 2 3917 392 F: 2 
3931 10 3951 427 F: 10 
3942 9 3960 48 F: 9 
3966 2 3970 460 F: 2 
4020 13 4046 404 F: 7 6 
4037 5 4052 373 F: 3 2 
4060 7 4081 71 F: 4 3 
4072 7 4086 463 F: 3 1 3 
4087 9 4096 159 F: 5 1 3 
4119 8 4135 161 F: 5 3 
4138 8 4162 286 F: 5 3 
4161 8 4169 222 F: 4 2 2 
4166 5 4171 248 F: 5 
4169 9 4196 78 F: 4 2 3 
4225 12 4273 428 F: 6 6 
4227 8 4251 38 F: 8 
4251 9 4278 293 F: 5 4 
4256 2 4260 54 F: 2 
4284 8 4308 365 F: 7 1 
4311 8 4319 213 F: 2 2 4 
4369 7 4376 277 F: 4 3 
4392 8 4424 58 F: 3 4 1 
4392 9 4410 112 F: 5 3 1 
4393 7 4421 466 F: 7 
4419 9 4437 390 F: 3 4 2 
4422 7 4443 67 F: 6 1 
4442 10 4482 438 F: 5 2 3 
4468 12 4504 345 F: 7 5 
4477 10 4497 459 F: 7 3 
4549 3 4552 45 F: 3 
4553 6 4577 229 F: 5 1 
4568 8 4576 219 F: 8 
4588 7 4595 320 F: 3 4 
4598 6 4622 99 F: 6 
4621 8 4645 451 F: 5 3 
4627 9 4663 122 F: 9 
4631 9 4640 253 F: 7 2 
4642 8 4674 161 F: 8 
4664 9 4673 433 F: 3 4 2 
4709 8 4717 258 F: 2 3 3 
4767 13 4806 146 F: 13 
4786 6 4798 217 F: 5 1 
4787 4 4795 401 F: 3 1 
4791 13 4843 344 F: 13 
4815 12 4863 103 F: 12 
4819 7 4840 174 F: 4 3 
4824 7 4838 107 F: 5 2 
4853 11 4897 192 F: 7 4 
4875 9 4902 354 F: 3 6 
4960 10 4980 209 F: 5 2 3 
4963 11 4996 300 F: 11 
4973 12 5021 470 F: 6 6 
4991 9 5018 326 F: 4 1 4 
4993 6 4999 276 F: 2 4 
5001 5 5016 19 F: 2 3 
5029 12 5041 297 F: 12 
5069 12 5093 282 F: 4 4 4 
5077 7 5084 2 F: 2 5 
5092 6 5116 64 F: 6 
5122 8 5138 295 F: 8 
5129 8 5161 211 F: 8 
5144 12 5168 83 F: 6 6 
5145 10 5165 207 F: 3 3 4 
5174 10 5194 233 F: 4 2 4 
5204 8 5236 343 F: 5 3 
5208 6 5220 255 F: 6 
5260 6 5278 44 F: 2 1 3 
5283 4 5299 87 F: 3 1 
5291 11 5302 426 F: 4 3 4 
5351 10 5371 268 F: 6 4 
5352 11 5374 354 F: 5 6 
5353 8 5361 235 F: 3 2 3 
5367 10 5397 14 F: 4 6 
5376 13 5402 249 F: 7 6 
5418 9 5436 290 F: 5 3 1 
5426 7 5433 44 F: 5 2 
5458 8 5490 174 F: 2 2 4 
5467 3 5479 88 F: 2 1 
5495 7 5523 328 F: 3 4 
5507 10 5547 15 F: 10 
5513 5 5528 69 F: 2 3 
5546 7 5567 162 F: 3 3 1 
5572 6 5590 257 F: 3 3 
5574 8 5606 302 F: 5 2 1 
5611 2 5617 81 F: 2 
5653 9 5671 362 F: 4 2 3 
5660 9 5696 305 F: 4 4 1 
5685 11 5696 174 F: 5 6 
5692 12 5740 162 F: 12 
5723 3 5726 451 F: 3 
5739 11 5772 140 F: 11 
5769 8 5785 242 F: 2 4 2 
5789 11 5811 345 F: 11 
5797 9 5833 244 F: 6 3 
5828 5 5843 310 F: 5 
5844 3 5847 475 F: 3 
5877 12 5925 356 F: 12 
5887 10 5897 479 F: 5 5 
5898 10 5928 417 F: 5 1 4 
5913 7 5927 19 F: 7 
5923 7 5944 56 F: 2 1 4 
5928 13 5941 487 F: 7 6 
5964 7 5971 202 F: 7 
5997 9 6015 52 F: 5 4 
6018 7 6025 254 F: 6 1 
6025 10 6035 255 F: 4 6 
6039 8 6055 92 F: 3 4 1 
6047 2 6055 287 F: 2 
6096 12 6144 349 F: 12 
6109 8 6141 333 F: 3 1 4 
6130 8 6154 467 F: 8 
6132 10 6142 434 F: 10 
6173 7 6201 115 F: 7 
6182 10 6192 484 F: 2 4 4 
6216 8 6248 86 F: 3 5 
6251 7 6258 362 F: 2 4 1 
6279 4 6283 291 F: 4 
6288 8 6320 326 F: 8 
6299 6 6323 206 F: 3 3 
6334 8 6350 284 F: 4 2 2 
6349 11 6360 374 F: 11 
6351 4 6359 348 F: 3 1 
6356 7 6377 407 F: 4 1 2 
6378 11 6422 195 F: 11 
6427 7 6448 258 F: 3 4 
6429 9 6456 223 F: 3 4 2 
6452 10 6492 226 F: 4 4 2 
6467 8 6499 234 F: 4 4 
6497 12 6509 454 F: 6 6 
6515 9 6542 29 F: 9 
6532 8 6540 209 F: 6 2 
6560 9 6596 160 F: 9 
6562 5 6572 107 F: 5 
6581 4 6597 221 F: 3 1 
6622 12 6634 462 F: 5 3 4 
6627 9 6636 468 F: 4 1 4 
6630 8 6654 89 F: 4 1 3 
6688 9 6697 234 F: 3 2 4 
6691 7 6712 419 F: 5 1 1 
6708 6 6720 304 F: 4 2 
6712 7 6733 158 F: 4 3 
6720 4 6736 261 F: 4 
6720 10 6730 122 F: 4 6 
6781 9 6808 129 F: 4 1 4 
6802 10 6812 142 F: 10 
6805 8 6837 159 F: 2 6 
6836 8 6852 306 F: 4 4 
6844 8 6876 111 F: 6 2 
6881 7 6888 236 F: 7 
6946 6 6952 422 F: 6 
6959 4 6963 153 F: 4 
6974 9 6992 359 F: 4 5 
6988 10 7028 77 F: 6 4 
6996 6 7008 372 F: 2 1 3 
7028 4 7032 226 F: 2 1 1 
7069 13 7095 454 F: 13 
7076 4 7088 144 F: 2 1 1 
7080 6 7092 171 F: 6 
7081 9 7108 56 F: 9 
7117 10 7147 175 F: 5 1 4 
7123 6 7147 192 F: 6 
7128 4 7140 219 F: 3 1 
7139 2 7141 366 F: 2 
7179 8 7195 334 F: 5 2 1 
7221 11 7254 448 F: 11 
7222 11 7233 121 F: 5 6 
7225 13 7277 349 F: 13 
7230 12 7266 81 F: 12 
7271 7 7285 357 F: 4 1 2 
7301 9 7319 415 F: 9 
7323 7 7330 231 F: 7 
7331 8 7339 488 F: 8 
7351 4 7367 357 F: 2 2 
7356 11 7389 123 F: 11 
7402 8 7418 244 F: 5 3 
7406 9 7433 285 F: 6 3 
7450 12 7486 384 F: 7 5 
7452 7 7466 380 F: 2 2 3 
7487 12 7523 217 F: 12 
7512 2 7520 269 F: 2 
7527 7 7548 467 F: 3 4 
7569 8 7577 438 F: 4 2 2 
7595 6 7613 441 F: 2 4 
7599 6 7623 170 F: 3 1 2 
7617 7 7631 354 F: 3 4 
7628 2 7630 411 F: 2 
7659 7 7666 340 F: 2 1 4 
7677 12 7725 178 F: 5 4 3 
7679 10 7719 153 F: 5 5 
7713 5 7728 181 F: 3 2 
7756 6 7774 192 F: 6 
7758 11 7780 237 F: 4 3 4 
7772 13 7811 11 F: 13 
7793 12 7817 51 F: 6 6 
7807 11 7840 263 F: 4 3 4 
7846 4 7854 172 F: 4 
7853 4 7865 79 F: 2 1 1 
7890 4 7906 265 F: 3 1 
7898 11 7931 451 F: 4 4 3 
7902 8 7910 358 F: 5 2 1 
7933 10 7953 488 F: 6 4 
7978 10 8018 455 F: 4 4 2 
7981 11 8025 330 F: 11 
7990 13 8003 394 F: 7 6 
8007 10 8027 483 F: 4 3 3 
8033 7 8061 230 F: 2 5 
8040 9 8049 219 F: 4 2 3 
8065 8 8073 454 F: 7 1 
8087 5 8102 172 F: 3 2 
8100 12 8136 254 F: 12 
8118 10 8138 70 F: 4 6 
8164 7 8192 173 F: 7 
8189 8 8213 388 F: 8 
8196 12 8220 182 F: 12 
8222 2 8226 120 F: 2 
8248 9 8257 280 F: 9 
8263 13 8302 272 F: 13 
8277 8 8285 11 F: 3 5 
8290 8 8314 488 F: 2 6 
8306 3 8312 168 F: 3 
8315 6 8321 300 F: 3 1 2 
8351 10 8391 11 F: 4 3 3 
8363 6 8369 386 F: 6 
8363 8 8379 458 F: 7 1 
8404 10 8414 260 F: 5 5 
8434 12 8470 51 F: 6 6 
8454 10 8474 100 F: 4 6 
8460 3 8463 467 F: 2 1 
8465 4 8469 185 F: 2 1 1 
8534 13 8586 295 F: 5 4 4 
8561 12 8609 145 F: 5 4 3 
8588 9 8606 179 F: 6 3 
8591 10 8621 312 F: 5 5 
8595 9 8622 317 F: 4 5 
8667 4 8675 351 F: 4 
8678 8 8702 348 F: 2 2 4 
8678 10 8718 306 F: 10 
8689 9 8698 266 F: 4 5 
8690 9 8708 477 F: 3 6 
8704 6 8728 371 F: 2 1 3 
8715 9 8733 215 F: 2 4 3 
8795 9 8822 140 F: 2 3 4 
8795 9 8831 382 F: 3 4 2 
8799 5 8809 19 F: 5 
8856 10 8896 382 F: 4 3 3 
8858 9 8867 223 F: 2 4 3 
8859 2 8863 407 F: 2 
8869 12 8917 423 F: 7 5 
8889 4 8893 489 F: 4 
8903 9 8921 239 F: 2 4 3 
8915 6 8939 310 F: 3 3 
8923 9 8950 64 F: 5 4 
8944 3 8956 336 F: 3 
8972 3 8984 194 F: 3 
9004 7 9018 140 F: 4 3 
9007 4 9015 154 F: 2 2 
9011 12 9059 93 F: 5 3 4 
9021 9 9030 172 F: 5 4 
9073 7 9101 100 F: 2 5 
9121 12 9157 122 F: 5 4 3 
9124 9 9133 270 F: 4 3 2 
9168 7 9175 471 F: 2 3 2 
9194 4 9206 69 F: 4 
9198 9 9207 240 F: 2 4 3 
9243 11 9287 338 F: 11 
9244 9 9271 402 F: 2 4 3 
9255 2 9263 338 F: 2 
9257 4 9269 440 F: 4 
9292 10 9332 60 F: 5 4 1 
9301 7 9322 341 F: 7 
9306 10 9326 497 F: 5 3 2 
9350 2 9358 8 F: 2 
9363 7 9377 111 F: 3 2 2 
9374 5 9379 304 F: 5 
9407 13 9420 265 F: 5 4 4 
9414 8 9446 220 F: 3 3 2 
9415 5 9435 115 F: 5 
9462 9 9471 481 F: 2 4 3 
9471 9 9480 217 F: 5 2 2 
9506 13 9519 96 F: 7 6 
9522 7 9543 82 F: 4 3 
9538 9 9547 464 F: 3 2 4 
9570 11 9592 223 F: 11 
9577 10 9587 82 F: 4 6 
9646 10 9666 150 F: 7 3 
9647 3 9659 404 F: 3 
9683 7 9690 310 F: 6 1 
9684 6 9708 439 F: 6 
9688 8 9720 323 F: 5 3 
9715 5 9720 436 F: 5 
9727 4 9739 100 F: 4 
9731 3 9737 2 F: 3 
9752 6 9764 259 F: 6 
9783 6 9801 383 F: 3 3 
9818 12 9854 334 F: 12 
9834 8 9858 357 F: 8 
9857 9 9866 431 F: 6 3 
9873 6 9897 262 F: 6 
9874 7 9881 105 F: 6 1 
9903 10 9933 242 F: 5 2 3 
9919 3 9931 444 F: 2 1 
9929 8 9937 62 F: 5 2 1 
9981 6 9987 71 F: 4 1 1 
9993 7 10007 28 F: 3 3 1 
D: 0 25 
D: 8 225 
D: 8 432 
D: 11 215 
D: 26 72 
D: 31 48 
D: 32 183 
D: 32 427 
D: 42 48 
D: 44 175 
D: 46 399 
D: 53 168 
D: 53 239 
D: 56 81 
D: 72 105 
D: 72 401 
D: 82 125 
D: 95 418 
D: 96 363 
D: 97 263 
D: 114 129 
D: 120 463 
D: 132 490 
D: 134 394 
D: 146 227 
D: 163 256 
D: 163 284 
D: 166 223 
D: 170 311 
D: 170 484 
D: 176 252 
D: 182 363 
D: 185 491 
D: 193 279 
D: 198 255 
D: 236 262 
D: 241 347 
D: 260 428 
D: 264 314 
D: 271 317 
D: 277 331 
D: 280 453 
D: 294 315 
D: 294 333 
D: 297 430 
D: 310 465 
D: 344 437 
D: 383 428 
D: 393 491 
D: 405 493 
