48 10 78 59 F: 10 
68 8 84 191 F: 3 2 3 
89 12 101 281 F: 12 
90 10 100 227 F: 10 
99 7 120 43 F: 7 
127 8 143 432 F: 4 4 
132 4 148 381 F: 4 
146 11 190 363 F: 11 
169 7 183 2 F: 3 3 1 
171 7 199 358 F: 3 4 
206 8 238 73 F: 3 5 
224 8 240 210 F: 2 3 3 
225 8 257 234 F: 8 
225 9 252 352 F: 6 3 
232 5 252 468 F: 5 
328 6 352 291 F: 6 
332 10 372 494 F: 5 2 3 
333 3 336 177 F: 2 1 
369 8 385 365 F: 3 4 1 
392 6 404 244 F: 6 
416 11 438 380 F: 5 2 4 
419 10 459 64 F: 4 4 2 
440 5 460 130 F: 3 1 1 
479 4 483 291 F: 4 
491 11 502 212 F: 5 3 3 
506 9 542 220 F: 6 3 
511 9 538 240 F: 6 3 
531 8 547 147 F: 8 
555 11 588 345 F: 11 
570 3 579 90 F: 3 
615 10 655 356 F: 5 5 
640 8 672 433 F: 5 3 
660 9 687 6 F: 9 
664 7 671 467 F: 2 5 
676 9 694 211 F: 2 4 3 
700 6 724 164 F: 2 1 3 
723 3 729 375 F: 3 
750 7 764 124 F: 2 5 
794 12 842 69 F: 12 
799 6 817 367 F: 6 
811 9 820 411 F: 6 3 
821 9 848 263 F: 9 
864 7 885 260 F: 6 1 
866 10 896 242 F: 4 3 3 
873 11 895 483 F: 11 
909 7 916 251 F: 7 
921 7 949 220 F: 7 
925 11 958 191 F: 11 
939 4 943 495 F: 4 
956 10 976 494 F: 2 4 4 
1040 9 1076 488 F: 7 2 
1051 5 1066 121 F: 2 2 1 
1055 3 1067 438 F: 3 
1074 6 1080 76 F: 6 
1088 10 1118 97 F: 10 
1106 8 1130 401 F: 2 4 2 
1118 12 1142 60 F: 7 5 
1125 7 1139 87 F: 4 2 1 
1185 6 1209 34 F: 5 1 
1195 4 1203 56 F: 2 2 
1213 8 1245 235 F: 8 
1221 11 1254 344 F: 4 3 4 
1267 2 1271 227 F: 2 
1291 6 1309 90 F: 5 1 
1299 5 1319 400 F: 2 2 1 
1343 12 1367 139 F: 12 
1346 6 1352 494 F: 3 3 
1349 7 1356 448 F: 3 1 3 
1357 11 1390 344 F: 3 4 4 
1391 11 1413 122 F: 11 
1403 12 1427 479 F: 12 
1403 13 1416 221 F: 13 
1412 10 1432 213 F: 4 2 4 
1446 10 1476 280 F: 10 
1454 4 1470 280 F: 4 
1516 8 1540 399 F: 5 3 
1559 4 1575 482 F: 4 
1565 5 1580 321 F: 3 1 1 
1585 11 1629 413 F: 3 4 4 
1592 11 1614 74 F: 6 5 
1622 10 1632 139 F: 4 4 2 
1634 10 1644 360 F: 10 
1652 7 1680 12 F: 6 1 
1688 9 1697 393 F: 9 
1691 6 1715 123 F: 2 3 1 
1722 8 1730 239 F: 3 1 4 
1751 9 1787 16 F: 3 2 4 
1790 8 1822 453 F: 8 
1797 8 1829 21 F: 2 2 4 
1798 11 1842 265 F: 4 3 4 
1845 6 1851 199 F: 3 2 1 
1869 9 1887 218 F: 2 4 3 
1874 6 1898 49 F: 6 
1878 4 1882 317 F: 4 
1887 4 1895 380 F: 4 
1911 5 1921 498 F: 5 
1911 9 1938 2 F: 5 2 2 
1930 8 1954 173 F: 5 1 2 
1954 12 2002 370 F: 12 
1992 4 2004 208 F: 4 
2047 13 2099 104 F: 13 
2074 9 2092 190 F: 4 1 4 
2082 7 2110 297 F: 7 
2083 7 2090 164 F: 4 3 
2087 9 2123 20 F: 9 
2108 11 2130 100 F: 4 4 3 
2166 8 2190 200 F: 3 5 
2167 10 2187 198 F: 4 6 
2182 13 2208 208 F: 5 4 4 
2192 4 2196 333 F: 4 
2210 5 2220 303 F: 5 
2225 10 2245 66 F: 4 6 
2252 4 2264 154 F: 4 
2292 11 2303 26 F: 4 3 4 
2299 3 2302 161 F: 3 
2305 11 2349 54 F: 7 4 
2317 10 2357 9 F: 5 1 4 
2350 7 2371 373 F: 7 
2374 8 2390 472 F: 7 1 
2380 9 2398 367 F: 9 
2420 8 2444 278 F: 3 3 2 
2459 4 2471 356 F: 4 
2463 8 2479 316 F: 8 
2465 9 2492 361 F: 3 3 3 
2483 6 2495 497 F: 4 2 
2546 11 2579 183 F: 11 
2558 7 2565 433 F: 4 3 
2569 9 2587 451 F: 9 
2586 6 2598 491 F: 2 2 2 
2595 7 2609 25 F: 5 2 
2612 13 2651 122 F: 13 
2648 8 2656 150 F: 7 1 
2661 7 2668 71 F: 5 2 
2663 6 2687 12 F: 6 
2671 3 2677 55 F: 3 
2761 11 2794 473 F: 5 6 
2768 3 2777 239 F: 3 
2777 6 2795 278 F: 6 
2790 7 2804 314 F: 2 2 3 
2792 7 2813 227 F: 2 4 1 
2821 8 2829 98 F: 4 2 2 
2852 11 2863 119 F: 5 2 4 
2867 5 2877 481 F: 5 
2868 7 2896 194 F: 4 3 
2878 8 2902 437 F: 8 
2902 8 2934 214 F: 7 1 
2925 13 2964 470 F: 13 
2941 8 2957 392 F: 2 2 4 
2999 10 3019 380 F: 4 2 4 
2999 11 3043 486 F: 5 6 
3004 8 3028 57 F: 5 3 
3013 10 3023 402 F: 10 
3033 8 3065 359 F: 8 
3036 7 3043 295 F: 7 
3042 8 3074 286 F: 4 4 
3103 7 3110 439 F: 4 2 1 
3124 13 3176 202 F: 13 
3132 7 3153 343 F: 7 
3149 4 3157 143 F: 2 2 
3189 12 3237 464 F: 12 
3210 3 3219 226 F: 2 1 
3213 8 3237 461 F: 5 3 
3220 3 3223 423 F: 3 
3221 7 3242 13 F: 5 2 
3291 11 3302 339 F: 4 3 4 
3318 9 3327 145 F: 9 
3331 8 3339 355 F: 2 4 2 
3366 6 3378 499 F: 2 1 3 
3379 11 3423 251 F: 11 
3383 3 3389 149 F: 3 
3437 5 3452 143 F: 4 1 
3444 6 3462 270 F: 3 3 
3462 12 3498 472 F: 6 6 
3480 6 3498 36 F: 3 1 2 
3481 3 3487 28 F: 3 
3513 5 3523 74 F: 5 
3528 4 3540 491 F: 3 1 
3558 7 3586 329 F: 7 
3570 10 3610 461 F: 7 3 
3595 11 3606 479 F: 7 4 
3615 8 3647 327 F: 8 
3618 13 3657 47 F: 7 6 
3631 11 3675 498 F: 5 2 4 
3648 8 3656 130 F: 3 1 4 
3667 9 3694 161 F: 2 3 4 
3718 9 3736 446 F: 9 
3719 8 3727 110 F: 2 4 2 
3722 7 3750 375 F: 6 1 
3731 9 3749 443 F: 7 2 
3798 4 3814 454 F: 3 1 
3804 5 3824 102 F: 5 
3822 6 3828 244 F: 3 3 
3830 4 3846 396 F: 3 1 
3837 11 3859 478 F: 3 4 4 
3840 6 3846 226 F: 6 
3911 9 3947 282 F: 9 
3963 13 4002 380 F: 7 6 
3982 7 4003 402 F: 6 1 
3983 9 4019 298 F: 7 2 
3993 9 4029 358 F: 9 
4016 8 4040 412 F: 4 2 2 
4030 11 4052 83 F: 11 
4032 10 4052 266 F: 5 5 
4052 9 4070 121 F: 3 2 4 
4089 10 4129 315 F: 10 
4113 13 4152 439 F: 7 6 
4138 7 4166 475 F: 3 4 
4145 8 4153 310 F: 7 1 
4150 8 4174 245 F: 4 4 
4187 8 4195 309 F: 3 3 2 
4201 8 4217 51 F: 8 
4203 10 4223 322 F: 5 2 3 
4259 6 4265 85 F: 6 
4259 8 4291 269 F: 4 1 3 
4287 7 4294 79 F: 4 3 
4302 7 4309 450 F: 5 2 
4313 11 4324 440 F: 4 3 4 
4328 7 4335 305 F: 7 
4390 7 4404 305 F: 3 4 
4399 5 4409 344 F: 2 1 2 
4403 4 4419 136 F: 4 
4408 10 4438 33 F: 7 3 
4445 4 4449 473 F: 2 2 
4468 7 4489 387 F: 4 1 2 
4477 10 4497 270 F: 10 
4510 7 4538 85 F: 5 1 1 
4521 7 4549 382 F: 2 4 1 
4525 11 4547 496 F: 7 4 
4545 13 4571 288 F: 13 
4597 6 4603 38 F: 3 1 2 
4627 8 4651 258 F: 4 4 
4658 9 4694 404 F: 5 2 2 
4659 7 4666 423 F: 2 1 4 
4696 7 4703 447 F: 7 
4696 8 4704 25 F: 8 
4716 5 4731 70 F: 5 
4742 11 4775 434 F: 11 
4761 4 4769 393 F: 4 
4762 8 4794 13 F: 8 
4789 4 4801 166 F: 4 
4801 13 4814 166 F: 7 6 
4803 4 4807 356 F: 3 1 
4809 12 4857 22 F: 6 6 
4830 10 4860 16 F: 7 3 
4887 7 4915 202 F: 3 3 1 
4912 13 4951 460 F: 7 6 
4920 11 4942 81 F: 7 4 
4934 5 4949 227 F: 5 
4937 6 4949 22 F: 4 2 
4972 8 4996 31 F: 8 
5030 11 5041 364 F: 5 3 3 
5033 9 5060 230 F: 6 3 
5064 7 5071 244 F: 4 3 
5073 10 5103 195 F: 5 5 
5098 9 5116 426 F: 3 2 4 
5102 9 5138 128 F: 4 5 
5125 8 5133 132 F: 3 1 4 
5140 8 5148 120 F: 3 3 2 
5153 3 5162 377 F: 3 
5198 13 5250 137 F: 13 
5226 9 5235 174 F: 4 5 
5236 8 5260 409 F: 8 
5254 4 5258 11 F: 4 
5258 9 5285 377 F: 5 4 
5259 7 5287 329 F: 6 1 
5314 10 5354 488 F: 7 3 
5329 4 5341 384 F: 2 2 
5357 13 5396 6 F: 7 6 
5367 11 5400 473 F: 11 
5396 4 5408 216 F: 4 
5405 10 5415 402 F: 7 3 
5406 10 5436 86 F: 3 3 4 
5431 5 5446 393 F: 5 
5437 6 5449 467 F: 2 1 3 
5468 9 5477 415 F: 4 2 3 
5518 4 5534 391 F: 2 1 1 
5528 7 5549 383 F: 2 5 
5540 7 5568 52 F: 3 2 2 
5558 10 5598 99 F: 7 3 
5578 10 5598 350 F: 5 5 
5607 10 5637 420 F: 5 5 
5619 8 5635 159 F: 5 3 
5639 9 5675 352 F: 9 
5677 10 5697 117 F: 10 
5693 6 5705 273 F: 2 1 3 
5705 10 5725 481 F: 5 5 
5706 12 5742 175 F: 4 4 4 
5750 4 5754 79 F: 3 1 
5792 6 5798 221 F: 6 
5793 9 5802 169 F: 3 6 
5816 10 5826 223 F: 4 6 
5816 12 5828 373 F: 5 3 4 
5870 6 5882 67 F: 6 
5873 3 5879 334 F: 3 
5874 13 5887 357 F: 7 6 
5932 10 5972 12 F: 4 4 2 
5945 10 5955 278 F: 5 3 2 
5962 12 6010 242 F: 7 5 
5967 8 5975 338 F: 5 3 
5979 9 6006 240 F: 4 2 3 
6022 5 6027 316 F: 5 
6033 11 6066 258 F: 5 3 3 
6038 8 6046 301 F: 2 2 4 
6075 7 6096 371 F: 5 1 1 
6083 7 6090 353 F: 3 1 3 
6126 4 6130 201 F: 2 2 
6172 11 6205 461 F: 4 4 3 
6174 6 6180 362 F: 4 1 1 
6189 3 6201 278 F: 3 
6191 2 6197 44 F: 2 
6219 10 6229 194 F: 10 
6247 10 6277 484 F: 10 
6263 8 6279 255 F: 7 1 
6265 4 6269 340 F: 2 2 
6265 7 6272 487 F: 3 1 3 
6302 3 6308 65 F: 3 
6316 5 6331 271 F: 4 1 
6330 11 6363 36 F: 6 5 
6351 11 6362 216 F: 11 
6370 3 6382 137 F: 3 
6400 6 6418 412 F: 5 1 
6463 8 6471 363 F: 2 6 
6463 12 6487 469 F: 4 4 4 
6481 12 6517 247 F: 12 
6483 4 6495 264 F: 4 
6502 7 6530 371 F: 3 4 
6523 5 6543 368 F: 4 1 
6531 4 6543 453 F: 2 2 
6589 6 6607 495 F: 5 1 
6593 6 6605 82 F: 6 
6606 3 6615 193 F: 2 1 
6621 3 6630 357 F: 3 
6627 5 6632 413 F: 3 2 
6630 7 6651 126 F: 4 1 2 
6674 11 6707 12 F: 5 3 3 
6709 5 6714 143 F: 2 3 
6742 7 6749 345 F: 4 3 
6752 5 6757 114 F: 2 2 1 
6775 10 6805 473 F: 5 4 1 
6794 9 6830 54 F: 3 6 
6826 2 6830 1 F: 2 
6846 7 6874 212 F: 4 2 1 
6873 5 6893 281 F: 3 2 
6897 10 6927 432 F: 5 2 3 
6899 11 6943 416 F: 11 
6905 9 6914 179 F: 5 3 1 
6912 9 6930 296 F: 2 4 3 
6923 9 6941 155 F: 5 4 
6956 11 6967 439 F: 11 
6978 9 7005 7 F: 3 4 2 
7004 11 7048 468 F: 6 5 
7010 10 7030 38 F: 4 6 
7030 10 7060 283 F: 3 3 4 
7037 11 7059 398 F: 5 6 
7082 3 7091 31 F: 3 
7143 9 7179 129 F: 9 
7159 4 7167 282 F: 4 
7161 13 7200 86 F: 13 
7181 6 7205 249 F: 5 1 
7192 7 7213 113 F: 4 3 
7247 12 7271 160 F: 12 
7255 7 7276 400 F: 3 1 3 
7275 10 7315 158 F: 4 4 2 
7283 6 7301 271 F: 5 1 
7283 13 7309 248 F: 7 6 
7313 3 7316 410 F: 3 
7321 8 7345 242 F: 5 3 
7356 10 7366 432 F: 5 5 
7364 11 7397 495 F: 5 4 2 
7392 11 7414 421 F: 5 3 3 
7404 8 7420 103 F: 5 3 
7420 5 7435 152 F: 5 
7431 7 7452 142 F: 7 
7431 9 7467 62 F: 4 4 1 
7443 12 7479 70 F: 12 
7519 9 7537 269 F: 9 
7539 11 7572 42 F: 5 6 
7549 2 7551 236 F: 2 
7550 6 7574 248 F: 4 2 
7570 8 7594 20 F: 7 1 
7608 4 7620 104 F: 4 
7621 11 7654 392 F: 5 3 3 
7656 12 7692 453 F: 12 
7662 10 7682 458 F: 6 4 
7693 9 7720 45 F: 3 2 4 
7739 6 7751 31 F: 6 
7746 10 7776 186 F: 2 4 4 
7752 10 7762 53 F: 3 4 3 
7757 4 7773 284 F: 2 2 
7793 11 7815 470 F: 11 
7829 6 7841 341 F: 6 
7832 7 7846 374 F: 2 3 2 
7833 7 7847 54 F: 2 5 
7883 6 7895 167 F: 2 2 2 
7899 2 7907 126 F: 2 
7928 8 7944 186 F: 4 2 2 
7943 10 7983 74 F: 5 1 4 
7977 9 8013 416 F: 5 3 1 
7987 3 7999 342 F: 3 
7995 11 8017 198 F: 11 
8007 12 8019 78 F: 7 5 
8040 11 8084 486 F: 7 4 
8043 2 8045 168 F: 2 
8067 8 8091 274 F: 2 6 
8087 7 8101 414 F: 7 
8101 7 8122 456 F: 3 3 1 
8154 11 8165 70 F: 7 4 
8160 7 8167 413 F: 2 3 2 
8163 8 8187 255 F: 5 2 1 
8184 11 8206 177 F: 7 4 
8217 10 8247 2 F: 10 
8220 10 8260 273 F: 6 4 
8238 13 8290 410 F: 13 
8286 10 8306 134 F: 6 4 
8291 6 8315 235 F: 4 1 1 
8328 9 8364 359 F: 4 1 4 
8355 7 8369 465 F: 5 2 
8356 10 8396 262 F: 4 6 
8369 10 8389 17 F: 5 5 
8376 8 8400 474 F: 8 
8403 11 8436 88 F: 11 
8437 2 8441 111 F: 2 
8461 8 8469 26 F: 2 3 3 
8471 12 8495 95 F: 12 
8489 9 8516 286 F: 2 3 4 
8507 7 8514 499 F: 2 4 1 
8516 6 8522 387 F: 3 3 
8524 5 8529 16 F: 2 2 1 
8537 4 8545 441 F: 4 
8557 8 8573 345 F: 3 3 2 
8618 9 8627 175 F: 4 1 4 
8633 13 8685 400 F: 5 4 4 
8651 7 8665 439 F: 6 1 
8674 7 8681 91 F: 3 2 2 
8676 9 8703 36 F: 9 
8702 10 8742 467 F: 4 3 3 
8731 9 8740 36 F: 4 5 
8777 12 8813 271 F: 12 
8789 6 8807 31 F: 6 
8797 10 8817 403 F: 5 4 1 
8804 2 8812 283 F: 2 
8828 13 8880 479 F: 13 
8833 7 8861 176 F: 3 4 
8853 11 8864 402 F: 5 2 4 
8896 9 8905 23 F: 9 
8910 2 8912 280 F: 2 
8910 10 8930 373 F: 10 
8942 4 8958 149 F: 4 
8947 6 8965 58 F: 3 3 
8965 5 8970 91 F: 3 2 
9004 13 9017 388 F: 5 4 4 
9059 4 9067 359 F: 4 
9061 13 9074 399 F: 13 
9073 7 9080 222 F: 5 1 1 
9088 8 9096 230 F: 3 3 2 
9113 6 9119 371 F: 2 4 
9118 9 9145 36 F: 3 6 
9142 8 9166 373 F: 6 2 
9173 11 9195 142 F: 7 4 
9192 6 9216 406 F: 2 1 3 
9201 12 9237 54 F: 7 5 
9207 6 9213 197 F: 6 
9227 8 9259 399 F: 4 4 
9231 6 9255 171 F: 2 1 3 
9263 5 9283 274 F: 5 
9308 3 9311 248 F: 3 
9316 2 9324 231 F: 2 
9325 8 9349 353 F: 5 3 
9329 11 9373 181 F: 5 3 3 
9352 9 9379 3 F: 5 1 3 
9402 8 9434 236 F: 6 2 
9433 9 9469 454 F: 3 6 
9448 6 9460 79 F: 4 2 
9455 8 9487 500 F: 2 4 2 
9460 5 9465 449 F: 5 
9507 6 9525 177 F: 6 
9527 9 9536 458 F: 9 
9532 4 9544 336 F: 3 1 
9567 5 9587 434 F: 5 
9587 7 9594 278 F: 2 3 2 
9607 13 9646 399 F: 13 
9639 12 9651 60 F: 6 6 
9662 10 9692 174 F: 5 5 
9670 6 9694 368 F: 3 3 
9699 9 9726 465 F: 4 2 3 
9704 10 9724 109 F: 6 4 
9714 11 9758 302 F: 4 4 3 
9723 10 9733 324 F: 6 4 
9749 6 9755 107 F: 6 
9797 4 9805 406 F: 2 1 1 
9822 9 9849 36 F: 3 6 
9837 12 9873 399 F: 6 6 
9848 7 9869 308 F: 5 2 
9857 6 9881 290 F: 3 2 1 
9882 10 9912 489 F: 10 
9916 9 9943 407 F: 5 2 2 
9921 9 9948 304 F: 9 
9975 4 9991 22 F: 2 1 1 
9984 8 10016 461 F: 8 
9994 11 10038 296 F: 5 6 
D: 2 26 
D: 17 390 
D: 18 45 
D: 22 195 
D: 28 286 
D: 35 283 
D: 42 461 
D: 46 357 
D: 56 304 
D: 59 316 
D: 65 452 
D: 66 311 
D: 67 379 
D: 74 280 
D: 97 456 
D: 101 433 
D: 111 369 
D: 114 392 
D: 116 160 
D: 121 475 
D: 128 284 
D: 135 408 
D: 139 447 
D: 149 238 
D: 149 439 
D: 160 185 
D: 161 216 
D: 174 298 
D: 195 381 
D: 208 349 
D: 219 326 
D: 220 254 
D: 226 472 
D: 230 268 
D: 230 377 
D: 231 360 
D: 242 264 
D: 246 467 
D: 305 471 
D: 309 308 
D: 319 490 
D: 322 459 
D: 341 448 
D: 362 444 
D: 364 402 
D: 372 400 
D: 374 414 
D: 391 490 
D: 447 468 
D: 458 478 
