10 8 34 34 F: 4 4 
19 9 37 34 F: 9 
32 6 44 17 F: 6 
60 6 66 47 F: 3 1 2 
90 9 126 11 F: 3 3 3 
106 8 114 31 F: 5 2 1 
107 8 123 10 F: 5 2 1 
126 9 153 16 F: 9 
157 10 167 15 F: 2 4 4 
180 5 195 18 F: 4 1 
210 9 237 40 F: 6 3 
237 7 265 20 F: 5 2 
261 3 267 18 F: 3 
264 12 312 1 F: 6 6 
282 13 321 43 F: 13 
302 13 315 29 F: 13 
306 9 324 22 F: 3 6 
318 10 328 22 F: 4 4 2 
322 9 340 17 F: 3 3 3 
337 9 346 39 F: 9 
414 6 420 15 F: 3 3 
440 13 479 25 F: 7 6 
449 12 485 22 F: 7 5 
451 6 457 2 F: 5 1 
493 8 525 21 F: 3 5 
509 3 512 49 F: 3 
524 11 557 24 F: 4 4 3 
561 8 593 46 F: 5 3 
562 7 583 49 F: 7 
567 6 591 24 F: 5 1 
641 5 646 5 F: 5 
646 8 662 31 F: 2 2 4 
651 3 660 43 F: 3 
655 7 669 6 F: 4 2 1 
688 10 728 8 F: 6 4 
718 7 739 12 F: 4 3 
741 8 749 13 F: 8 
749 4 757 47 F: 3 1 
752 4 764 31 F: 2 1 1 
787 12 799 12 F: 12 
809 5 824 2 F: 5 
809 6 827 37 F: 3 3 
825 9 834 10 F: 5 2 2 
838 7 845 50 F: 2 5 
880 5 890 44 F: 5 
909 4 917 50 F: 4 
909 8 925 6 F: 3 5 
928 3 934 44 F: 3 
962 12 974 18 F: 12 
971 12 1019 45 F: 4 4 4 
D: 2 23 
D: 3 8 
D: 9 30 
D: 10 11 
D: 24 28 
