20 8 36 255 F: 2 2 4 
35 10 55 284 F: 10 
40 7 61 410 F: 2 5 
57 6 63 274 F: 4 2 
63 7 84 479 F: 3 1 3 
111 11 144 362 F: 11 
117 11 128 123 F: 5 6 
130 8 146 174 F: 3 2 3 
172 8 188 491 F: 8 
197 10 217 324 F: 6 4 
233 12 281 49 F: 5 3 4 
248 9 257 144 F: 4 1 4 
270 10 290 154 F: 4 4 2 
271 4 283 230 F: 3 1 
296 11 318 370 F: 5 4 2 
304 10 334 399 F: 10 
315 13 341 290 F: 13 
343 7 357 390 F: 5 2 
349 6 373 252 F: 6 
389 4 397 369 F: 4 
412 7 419 416 F: 7 
416 6 422 143 F: 6 
445 7 452 432 F: 7 
464 10 504 458 F: 4 2 4 
484 12 532 141 F: 6 6 
518 7 546 357 F: 2 5 
519 12 531 6 F: 12 
546 11 568 439 F: 11 
566 2 568 486 F: 2 
587 3 593 289 F: 3 
616 8 648 269 F: 6 2 
620 7 641 8 F: 5 1 1 
633 4 649 71 F: 4 
653 11 664 483 F: 5 3 3 
676 8 700 212 F: 3 1 4 
730 7 758 70 F: 2 2 3 
755 7 783 317 F: 3 1 3 
762 12 774 380 F: 12 
774 6 798 83 F: 2 2 2 
786 8 818 345 F: 2 2 4 
811 11 822 500 F: 5 2 4 
819 5 824 21 F: 5 
832 9 850 116 F: 9 
861 7 868 255 F: 5 2 
866 12 890 443 F: 12 
901 7 929 131 F: 3 3 1 
958 9 985 286 F: 9 
977 9 995 206 F: 2 3 4 
981 7 1002 184 F: 2 4 1 
993 12 1017 227 F: 12 
1002 7 1009 446 F: 3 2 2 
1021 9 1039 42 F: 7 2 
1058 8 1074 343 F: 8 
1082 11 1093 236 F: 11 
1099 7 1106 152 F: 2 4 1 
1111 11 1133 110 F: 5 2 4 
1123 11 1134 450 F: 11 
1167 2 1173 319 F: 2 
1184 7 1212 495 F: 3 1 3 
1185 7 1206 370 F: 4 1 2 
1200 10 1220 488 F: 4 6 
1202 9 1220 481 F: 7 2 
1210 8 1234 243 F: 2 6 
1225 8 1233 47 F: 3 1 4 
1262 7 1276 68 F: 2 1 4 
1306 11 1317 317 F: 6 5 
1313 10 1323 15 F: 5 2 3 
1348 5 1363 100 F: 4 1 
1366 8 1390 392 F: 6 2 
1398 10 1428 392 F: 10 
1444 4 1452 428 F: 4 
1456 11 1500 72 F: 6 5 
1459 12 1495 177 F: 12 
1465 9 1474 388 F: 5 2 2 
1488 10 1518 499 F: 4 6 
1509 8 1517 221 F: 4 4 
1558 9 1576 462 F: 4 3 2 
1564 10 1604 298 F: 3 4 3 
1590 9 1617 89 F: 9 
1597 5 1617 239 F: 3 2 
1602 12 1638 43 F: 6 6 
1628 8 1652 399 F: 2 4 2 
1658 12 1694 3 F: 7 5 
1661 6 1679 201 F: 4 1 1 
1699 4 1703 210 F: 2 2 
1717 10 1737 205 F: 2 4 4 
1726 12 1762 345 F: 6 6 
1741 7 1748 201 F: 2 4 1 
1753 4 1761 171 F: 3 1 
1799 2 1807 345 F: 2 
1800 13 1839 67 F: 7 6 
1805 10 1835 174 F: 4 3 3 
1832 7 1839 134 F: 2 1 4 
1864 8 1880 276 F: 2 4 2 
1897 6 1915 456 F: 6 
1933 3 1936 398 F: 3 
1941 7 1962 164 F: 2 3 2 
1965 6 1977 119 F: 6 
1968 11 1979 211 F: 5 3 3 
1987 7 2008 11 F: 4 3 
2022 7 2036 329 F: 2 1 4 
2029 5 2044 6 F: 5 
2053 10 2093 79 F: 10 
2060 4 2072 333 F: 2 1 1 
2094 8 2110 22 F: 2 2 4 
2108 6 2120 136 F: 3 3 
2155 5 2160 100 F: 5 
2170 5 2180 17 F: 5 
2183 9 2210 408 F: 4 3 2 
2195 7 2202 144 F: 3 3 1 
2213 6 2225 283 F: 2 2 2 
2235 6 2259 223 F: 5 1 
2246 10 2286 445 F: 4 4 2 
2255 5 2265 420 F: 4 1 
2284 6 2290 9 F: 2 3 1 
2322 4 2326 312 F: 3 1 
2347 9 2365 473 F: 5 4 
2357 6 2363 497 F: 6 
2367 4 2383 441 F: 3 1 
2375 10 2415 252 F: 7 3 
2456 4 2464 137 F: 4 
2476 3 2479 274 F: 3 
2478 8 2510 424 F: 4 3 1 
2486 8 2502 379 F: 6 2 
2489 5 2504 143 F: 4 1 
2561 4 2577 211 F: 4 
2565 13 2578 231 F: 7 6 
2579 5 2584 333 F: 2 1 2 
2580 10 2610 375 F: 10 
2583 3 2589 43 F: 3 
2615 9 2642 261 F: 9 
2657 10 2697 402 F: 6 4 
2666 10 2706 349 F: 7 3 
2692 7 2706 107 F: 4 2 1 
2692 8 2700 338 F: 7 1 
2737 3 2743 144 F: 3 
2758 10 2798 407 F: 3 4 3 
2781 7 2795 296 F: 5 2 
2791 11 2835 270 F: 6 5 
2794 9 2812 97 F: 5 4 
2813 9 2822 316 F: 5 1 3 
2843 7 2864 463 F: 7 
2852 10 2862 204 F: 7 3 
2869 12 2917 35 F: 12 
2881 7 2902 247 F: 4 2 1 
2904 12 2928 317 F: 12 
2928 9 2955 185 F: 3 4 2 
2963 9 2972 471 F: 3 6 
2966 7 2994 124 F: 4 1 2 
2991 11 3013 164 F: 3 4 4 
3008 6 3032 121 F: 3 3 
3059 8 3067 402 F: 5 3 
3060 10 3070 261 F: 5 3 2 
3071 9 3080 488 F: 5 4 
3083 12 3131 174 F: 6 6 
3102 7 3116 211 F: 7 
3107 13 3146 338 F: 13 
3167 9 3176 8 F: 4 3 2 
3170 10 3200 375 F: 4 2 4 
3177 12 3213 433 F: 12 
3230 2 3234 271 F: 2 
3241 7 3262 13 F: 3 4 
3252 7 3259 415 F: 2 2 3 
3253 9 3289 476 F: 9 
3260 9 3287 62 F: 4 2 3 
3325 8 3349 194 F: 2 4 2 
3330 8 3338 331 F: 8 
3332 11 3343 49 F: 7 4 
3369 8 3393 281 F: 3 5 
3381 8 3405 457 F: 8 
3406 11 3417 361 F: 7 4 
3420 6 3426 384 F: 2 2 2 
3420 12 3456 404 F: 12 
3450 6 3474 243 F: 6 
3478 7 3485 56 F: 5 2 
3514 8 3530 221 F: 8 
3541 8 3573 466 F: 4 2 2 
3556 7 3570 395 F: 6 1 
3582 10 3602 444 F: 10 
3598 11 3609 373 F: 7 4 
3623 6 3641 82 F: 4 1 1 
3657 10 3667 195 F: 10 
3681 6 3705 297 F: 5 1 
3685 9 3712 458 F: 6 3 
3695 8 3711 42 F: 3 1 4 
3700 11 3722 200 F: 5 6 
3705 7 3719 125 F: 7 
3710 11 3743 216 F: 6 5 
3719 7 3726 3 F: 5 2 
3764 10 3794 428 F: 5 2 3 
3824 5 3829 189 F: 2 2 1 
3831 9 3849 255 F: 9 
3865 13 3917 85 F: 7 6 
3887 4 3891 285 F: 4 
3889 8 3921 288 F: 4 3 1 
3907 7 3935 167 F: 4 3 
3958 9 3967 400 F: 3 6 
3964 6 3970 500 F: 3 2 1 
3979 8 3995 386 F: 2 2 4 
3996 11 4029 397 F: 11 
4015 11 4026 181 F: 5 3 3 
4016 7 4037 338 F: 3 2 2 
4070 5 4090 476 F: 5 
4089 11 4133 452 F: 7 4 
4099 9 4108 72 F: 4 1 4 
4119 6 4131 366 F: 2 3 1 
4157 10 4167 437 F: 5 5 
4158 10 4188 429 F: 5 1 4 
4168 9 4186 143 F: 5 4 
4187 8 4203 143 F: 3 5 
4216 7 4244 131 F: 6 1 
4241 9 4277 428 F: 4 4 1 
4244 13 4270 368 F: 13 
4252 4 4264 109 F: 4 
4277 8 4293 173 F: 8 
4338 5 4348 442 F: 4 1 
4353 13 4366 388 F: 13 
4358 10 4368 322 F: 6 4 
4376 10 4406 327 F: 5 3 2 
4377 12 4389 323 F: 5 3 4 
4410 8 4434 437 F: 4 4 
4417 11 4461 293 F: 5 6 
4418 7 4425 48 F: 2 2 3 
4422 10 4432 155 F: 5 2 3 
4452 4 4456 30 F: 2 1 1 
4510 10 4530 227 F: 4 3 3 
4512 6 4536 401 F: 4 1 1 
4516 10 4546 373 F: 4 6 
4569 7 4583 496 F: 3 4 
4598 7 4626 472 F: 5 2 
4636 2 4644 430 F: 2 
4638 10 4658 145 F: 10 
4648 8 4680 370 F: 8 
4667 10 4697 34 F: 10 
4685 6 4697 289 F: 4 1 1 
4721 6 4733 300 F: 4 1 1 
4748 9 4757 121 F: 9 
4767 7 4781 452 F: 2 4 1 
4772 6 4790 421 F: 6 
4774 7 4795 222 F: 3 2 2 
4839 13 4891 83 F: 13 
4852 8 4876 168 F: 2 6 
4853 8 4885 280 F: 3 5 
4891 11 4935 455 F: 5 6 
4893 13 4906 326 F: 5 4 4 
4904 7 4911 155 F: 4 3 
4910 4 4926 495 F: 4 
4932 5 4947 352 F: 5 
4949 8 4973 359 F: 3 5 
4959 11 5003 70 F: 6 5 
5016 3 5022 276 F: 3 
5017 9 5035 186 F: 4 5 
5038 9 5047 57 F: 6 3 
5063 4 5067 79 F: 4 
5067 8 5099 177 F: 2 4 2 
5106 8 5114 243 F: 8 
5114 5 5134 206 F: 5 
5138 12 5150 198 F: 12 
5169 8 5185 5 F: 5 1 2 
5179 9 5197 381 F: 2 3 4 
5206 9 5233 27 F: 5 4 
5239 6 5251 360 F: 3 2 1 
5256 8 5280 69 F: 3 1 4 
5268 8 5300 34 F: 4 4 
5291 10 5331 315 F: 6 4 
5312 12 5336 214 F: 12 
5318 7 5325 331 F: 7 
5318 9 5327 260 F: 5 1 3 
5325 10 5355 308 F: 3 3 4 
5358 7 5372 104 F: 7 
5427 7 5441 151 F: 3 3 1 
5430 12 5454 279 F: 7 5 
5433 8 5449 341 F: 2 4 2 
5447 11 5480 497 F: 6 5 
5477 7 5498 21 F: 3 2 2 
5516 4 5524 111 F: 4 
5521 6 5539 315 F: 2 4 
5548 8 5564 73 F: 8 
5561 9 5579 119 F: 3 4 2 
5586 8 5594 119 F: 6 2 
5641 5 5656 467 F: 3 1 1 
5651 9 5678 38 F: 4 2 3 
5675 8 5691 274 F: 5 3 
5676 7 5683 500 F: 3 4 
5697 2 5699 97 F: 2 
5718 13 5757 445 F: 7 6 
5738 7 5766 41 F: 5 2 
5749 6 5767 395 F: 6 
5758 10 5768 2 F: 10 
5761 7 5768 272 F: 2 3 2 
5850 8 5874 377 F: 8 
5854 7 5882 497 F: 3 2 2 
5861 9 5870 101 F: 7 2 
5879 9 5897 358 F: 3 6 
5886 8 5894 224 F: 4 3 1 
5904 11 5948 479 F: 6 5 
5915 12 5927 88 F: 12 
5920 6 5932 64 F: 4 2 
5956 9 5965 322 F: 5 1 3 
5996 3 5999 65 F: 3 
6024 8 6048 218 F: 4 1 3 
6042 9 6069 260 F: 3 2 4 
6063 10 6103 484 F: 7 3 
6075 9 6093 232 F: 2 3 4 
6082 9 6091 275 F: 2 4 3 
6145 6 6157 44 F: 3 3 
6163 8 6195 97 F: 2 2 4 
6165 9 6192 259 F: 3 6 
6167 7 6188 499 F: 5 2 
6181 10 6201 377 F: 7 3 
6211 10 6221 32 F: 5 3 2 
6223 13 6236 381 F: 7 6 
6236 5 6246 48 F: 2 2 1 
6255 8 6279 46 F: 2 4 2 
6260 5 6280 190 F: 5 
6305 12 6353 389 F: 12 
6336 12 6372 376 F: 4 4 4 
6367 7 6374 221 F: 7 
6384 7 6405 368 F: 3 3 1 
6398 8 6406 9 F: 8 
6401 10 6411 102 F: 5 1 4 
6430 7 6437 159 F: 6 1 
6437 7 6451 177 F: 3 1 3 
6444 11 6455 82 F: 4 3 4 
6464 9 6500 34 F: 5 2 2 
6503 11 6514 253 F: 5 3 3 
6530 13 6543 468 F: 13 
6535 6 6541 314 F: 4 2 
6560 8 6576 72 F: 5 3 
6588 10 6608 309 F: 3 3 4 
6613 6 6637 431 F: 6 
6628 10 6668 214 F: 6 4 
6634 8 6658 46 F: 6 2 
6665 8 6681 72 F: 3 1 4 
6673 6 6691 29 F: 2 4 
6718 7 6732 65 F: 4 1 2 
6733 7 6761 180 F: 2 4 1 
6744 12 6768 416 F: 12 
6747 3 6759 210 F: 3 
6797 11 6819 85 F: 11 
6817 10 6857 290 F: 7 3 
6818 8 6834 432 F: 4 4 
6827 9 6845 432 F: 2 4 3 
6859 6 6865 343 F: 4 2 
6868 7 6882 371 F: 6 1 
6906 12 6918 131 F: 5 4 3 
6935 9 6962 315 F: 5 2 2 
6940 9 6967 425 F: 3 6 
6945 5 6955 216 F: 3 2 
6954 7 6975 200 F: 7 
7005 10 7015 364 F: 4 6 
7043 7 7050 401 F: 4 3 
7043 9 7079 147 F: 9 
7059 7 7073 61 F: 2 1 4 
7077 7 7105 82 F: 2 5 
7108 11 7141 254 F: 11 
7130 8 7146 153 F: 8 
7140 5 7150 386 F: 5 
7143 9 7152 198 F: 3 3 3 
7182 5 7192 317 F: 5 
7202 10 7212 62 F: 10 
7226 7 7233 472 F: 5 1 1 
7246 2 7252 384 F: 2 
7256 5 7271 253 F: 2 2 1 
7295 4 7299 116 F: 2 2 
7311 5 7316 17 F: 5 
7321 3 7333 497 F: 2 1 
7330 11 7341 45 F: 11 
7332 11 7365 211 F: 5 6 
7366 5 7386 250 F: 2 3 
7446 8 7454 3 F: 3 1 4 
7453 7 7467 257 F: 3 1 3 
7477 7 7491 277 F: 5 2 
7480 11 7491 478 F: 3 4 4 
7481 12 7505 436 F: 5 4 3 
7503 9 7521 261 F: 9 
7525 6 7537 420 F: 2 4 
7532 8 7548 218 F: 5 2 1 
7577 11 7599 363 F: 7 4 
7586 9 7604 228 F: 5 4 
7626 2 7632 412 F: 2 
7632 5 7647 1 F: 2 1 2 
7670 5 7675 399 F: 5 
7679 9 7688 351 F: 4 3 2 
7684 7 7705 16 F: 7 
7729 13 7742 153 F: 13 
7732 8 7740 165 F: 2 2 4 
7751 7 7779 414 F: 7 
7763 12 7775 376 F: 12 
7767 9 7794 251 F: 5 2 2 
7802 10 7832 275 F: 4 6 
7825 10 7845 383 F: 10 
7866 11 7899 295 F: 11 
7889 10 7929 89 F: 2 4 4 
7895 4 7911 73 F: 4 
7906 9 7924 41 F: 3 4 2 
7914 4 7926 176 F: 4 
7937 11 7959 183 F: 11 
7959 10 7969 376 F: 4 6 
7967 12 8003 492 F: 12 
8031 11 8064 83 F: 4 4 3 
8037 13 8063 439 F: 5 4 4 
8049 12 8061 388 F: 6 6 
8064 11 8108 25 F: 11 
8082 9 8118 417 F: 5 2 2 
8119 4 8131 250 F: 2 2 
8155 11 8166 213 F: 7 4 
8158 13 8171 200 F: 13 
8176 12 8200 100 F: 12 
8181 11 8192 304 F: 3 4 4 
8204 9 8240 285 F: 4 5 
8219 9 8237 233 F: 9 
8222 6 8246 485 F: 6 
8223 8 8239 479 F: 5 3 
8240 8 8248 325 F: 2 6 
8325 11 8347 344 F: 11 
8333 7 8340 258 F: 7 
8339 8 8363 317 F: 3 5 
8359 3 8371 110 F: 3 
8383 5 8403 97 F: 5 
8423 13 8449 266 F: 13 
8430 11 8463 472 F: 7 4 
8466 12 8478 36 F: 6 6 
8482 5 8492 60 F: 4 1 
8487 9 8505 423 F: 4 1 4 
8503 5 8513 100 F: 5 
8508 13 8547 471 F: 7 6 
8531 12 8555 360 F: 7 5 
8570 7 8577 369 F: 7 
8573 9 8609 119 F: 5 4 
8629 9 8638 30 F: 4 4 1 
8643 2 8649 393 F: 2 
8652 10 8692 208 F: 5 2 3 
8678 9 8696 41 F: 5 3 1 
8690 11 8701 123 F: 5 2 4 
8756 8 8772 73 F: 5 3 
8775 9 8802 317 F: 3 2 4 
8780 6 8798 195 F: 6 
8797 5 8812 171 F: 2 2 1 
8799 9 8817 102 F: 4 3 2 
8815 7 8829 358 F: 3 2 2 
8815 7 8843 44 F: 6 1 
8818 8 8850 186 F: 3 3 2 
8859 7 8880 445 F: 2 5 
8892 5 8902 295 F: 5 
8918 9 8954 418 F: 4 5 
8936 7 8950 58 F: 2 4 1 
8943 9 8952 266 F: 9 
8966 13 9005 360 F: 13 
8984 9 9002 247 F: 3 6 
9027 8 9059 69 F: 2 6 
9046 6 9052 411 F: 3 3 
9063 5 9083 4 F: 3 2 
9073 12 9121 5 F: 12 
9076 13 9128 86 F: 13 
9117 10 9147 69 F: 5 2 3 
9119 6 9131 6 F: 6 
9126 8 9158 476 F: 5 2 1 
9152 12 9176 253 F: 5 3 4 
9192 12 9216 457 F: 12 
9201 7 9215 376 F: 4 1 2 
9231 7 9238 205 F: 3 1 3 
9257 4 9261 54 F: 2 2 
9258 4 9274 388 F: 4 
9267 11 9278 313 F: 5 4 2 
9341 11 9363 25 F: 5 3 3 
9345 6 9357 69 F: 2 4 
9363 7 9391 218 F: 4 3 
9371 3 9377 106 F: 3 
9394 7 9422 77 F: 7 
9410 10 9440 1 F: 10 
9421 3 9430 82 F: 3 
9433 13 9485 55 F: 7 6 
9482 8 9490 449 F: 8 
9489 6 9501 315 F: 4 1 1 
9515 13 9528 478 F: 13 
9524 7 9531 261 F: 4 1 2 
9557 6 9581 148 F: 3 1 2 
9567 6 9585 51 F: 4 2 
9595 11 9628 65 F: 11 
9617 11 9650 367 F: 5 4 2 
9620 7 9627 10 F: 3 4 
9634 8 9642 384 F: 5 3 
9682 2 9684 484 F: 2 
9699 7 9706 67 F: 3 2 2 
9713 11 9746 306 F: 6 5 
9714 10 9724 333 F: 7 3 
9718 7 9746 470 F: 2 2 3 
9742 3 9748 363 F: 3 
9767 9 9776 298 F: 4 2 3 
9826 8 9850 15 F: 8 
9827 7 9834 327 F: 7 
9848 4 9852 216 F: 4 
9851 3 9860 287 F: 2 1 
9895 5 9910 108 F: 2 3 
9900 8 9916 88 F: 5 2 1 
9912 12 9924 433 F: 12 
9933 11 9955 318 F: 4 3 4 
9973 13 10025 239 F: 7 6 
9981 7 9988 211 F: 3 1 3 
D: 0 486 
D: 9 455 
D: 12 142 
D: 15 229 
D: 18 196 
D: 20 152 
D: 25 313 
D: 40 456 
D: 61 242 
D: 61 418 
D: 62 319 
D: 64 198 
D: 77 102 
D: 80 471 
D: 83 474 
D: 85 226 
D: 98 411 
D: 105 161 
D: 110 135 
D: 111 133 
D: 115 172 
D: 117 138 
D: 131 353 
D: 136 315 
D: 149 499 
D: 155 427 
D: 165 394 
D: 166 359 
D: 170 257 
D: 187 377 
D: 202 366 
D: 226 419 
D: 239 249 
D: 254 394 
D: 255 495 
D: 255 499 
D: 256 422 
D: 273 309 
D: 280 306 
D: 284 372 
D: 292 430 
D: 312 324 
D: 326 357 
D: 331 376 
D: 338 383 
D: 341 489 
D: 361 411 
D: 384 434 
D: 415 424 
D: 433 451 
