22 12 70 63 F: 12 
29 10 59 139 F: 7 3 
53 5 63 411 F: 2 3 
72 12 108 70 F: 12 
96 10 106 334 F: 4 2 4 
102 7 109 467 F: 6 1 
122 8 154 346 F: 6 2 
130 9 139 264 F: 3 6 
162 7 183 487 F: 5 2 
177 3 180 224 F: 2 1 
200 9 236 210 F: 2 3 4 
213 11 257 166 F: 5 6 
219 9 237 7 F: 4 1 4 
251 9 287 419 F: 5 4 
287 11 331 39 F: 5 6 
309 4 313 116 F: 2 2 
345 8 353 393 F: 4 4 
367 10 377 5 F: 5 3 2 
380 8 404 49 F: 2 6 
394 9 403 263 F: 3 6 
420 5 425 70 F: 4 1 
445 5 460 120 F: 3 1 1 
449 10 459 16 F: 5 2 3 
451 5 456 380 F: 5 
469 11 480 161 F: 6 5 
539 9 575 49 F: 9 
557 9 566 183 F: 4 1 4 
557 13 570 269 F: 13 
586 11 597 196 F: 11 
594 9 612 353 F: 6 3 
645 9 654 379 F: 7 2 
662 13 688 65 F: 13 
671 10 681 115 F: 6 4 
695 6 707 446 F: 6 
696 8 712 446 F: 7 1 
719 4 723 335 F: 4 
727 7 741 189 F: 4 2 1 
730 10 760 20 F: 4 6 
747 3 750 387 F: 2 1 
782 4 794 47 F: 4 
848 5 853 374 F: 5 
852 4 864 95 F: 4 
862 7 876 475 F: 4 3 
869 10 899 408 F: 4 4 2 
883 4 899 461 F: 4 
930 7 958 245 F: 5 2 
947 2 949 341 F: 2 
956 6 980 105 F: 3 3 
983 10 1023 350 F: 2 4 4 
989 7 996 334 F: 7 
1008 7 1022 15 F: 4 3 
1030 9 1066 140 F: 5 4 
1061 10 1081 492 F: 2 4 4 
1077 8 1085 400 F: 5 3 
1084 10 1094 457 F: 10 
1141 9 1177 186 F: 3 3 3 
1149 6 1155 266 F: 2 2 2 
1169 8 1177 266 F: 5 1 2 
1182 11 1204 2 F: 6 5 
1188 8 1220 375 F: 4 3 1 
1244 9 1271 143 F: 4 1 4 
1250 2 1254 472 F: 2 
1264 5 1274 331 F: 5 
1286 2 1288 85 F: 2 
1296 13 1322 174 F: 7 6 
1314 6 1338 187 F: 3 2 1 
1340 6 1364 199 F: 3 3 
1345 7 1366 104 F: 7 
1354 9 1381 106 F: 5 3 1 
1362 7 1383 122 F: 2 3 2 
1455 11 1477 433 F: 5 4 2 
1464 8 1472 81 F: 3 5 
1476 10 1496 288 F: 5 5 
1480 9 1489 328 F: 4 5 
1491 11 1535 55 F: 11 
1502 9 1529 386 F: 5 4 
1520 8 1544 228 F: 4 3 1 
1561 5 1576 120 F: 5 
1573 13 1599 70 F: 13 
1586 9 1622 386 F: 5 4 
1613 10 1653 163 F: 3 4 3 
1645 7 1666 434 F: 4 3 
1650 10 1670 230 F: 10 
1658 9 1667 14 F: 4 5 
1666 7 1680 222 F: 7 
1723 2 1729 56 F: 2 
1759 11 1770 483 F: 4 4 3 
1788 10 1808 182 F: 10 
1791 9 1809 367 F: 2 4 3 
1799 7 1806 36 F: 2 5 
1817 11 1828 233 F: 5 2 4 
1818 9 1836 377 F: 4 2 3 
1827 7 1834 24 F: 3 3 1 
1843 9 1852 3 F: 3 6 
1860 3 1872 328 F: 2 1 
1919 9 1937 8 F: 5 4 
1942 3 1951 84 F: 3 
1962 6 1968 112 F: 3 1 2 
1964 6 1970 421 F: 6 
1965 11 1987 31 F: 5 6 
2017 8 2033 109 F: 3 2 3 
2026 10 2046 244 F: 7 3 
2036 8 2052 138 F: 6 2 
2041 4 2053 371 F: 4 
2056 10 2096 135 F: 5 3 2 
2125 2 2133 319 F: 2 
2133 12 2181 50 F: 5 3 4 
2154 2 2162 297 F: 2 
2177 10 2207 161 F: 4 6 
2190 7 2211 10 F: 3 1 3 
2205 8 2237 249 F: 2 2 4 
2207 12 2231 90 F: 6 6 
2226 11 2259 452 F: 11 
2250 11 2261 47 F: 11 
2277 5 2292 464 F: 2 1 2 
2353 10 2393 163 F: 3 3 4 
2362 4 2374 169 F: 2 2 
2365 11 2409 465 F: 11 
2371 12 2407 368 F: 4 4 4 
2381 9 2417 421 F: 4 2 3 
2475 6 2499 110 F: 2 1 3 
2486 12 2534 1 F: 7 5 
2487 4 2491 185 F: 4 
2494 11 2505 298 F: 5 2 4 
2498 8 2514 116 F: 5 1 2 
2506 5 2526 284 F: 3 1 1 
2524 9 2533 297 F: 2 3 4 
2530 11 2574 116 F: 6 5 
2546 7 2574 487 F: 3 1 3 
2578 9 2587 453 F: 6 3 
2618 5 2623 279 F: 3 1 1 
2624 6 2630 166 F: 2 4 
2658 6 2664 386 F: 3 3 
2684 9 2693 73 F: 5 1 3 
2688 10 2728 171 F: 6 4 
2737 6 2761 60 F: 2 1 3 
2749 10 2789 220 F: 3 3 4 
2750 4 2762 208 F: 3 1 
2758 13 2771 155 F: 13 
2774 12 2786 177 F: 12 
2805 5 2820 253 F: 2 1 2 
2837 12 2885 300 F: 7 5 
2848 10 2878 308 F: 5 1 4 
2858 9 2876 135 F: 9 
2883 7 2890 498 F: 4 3 
2924 7 2952 382 F: 3 1 3 
2936 9 2972 498 F: 2 3 4 
2950 11 2972 69 F: 11 
2962 7 2969 225 F: 3 1 3 
2966 8 2982 447 F: 3 1 4 
3002 6 3020 113 F: 4 2 
3026 11 3048 70 F: 3 4 4 
3041 6 3047 315 F: 2 1 3 
3052 8 3084 420 F: 3 2 3 
3066 8 3082 184 F: 4 4 
3109 9 3136 494 F: 9 
3123 7 3137 335 F: 6 1 
3130 13 3169 466 F: 13 
3168 4 3184 162 F: 4 
3176 12 3188 217 F: 5 4 3 
3211 11 3233 306 F: 11 
3217 6 3223 328 F: 4 2 
3217 7 3238 470 F: 5 2 
3261 6 3267 190 F: 4 2 
3279 8 3303 393 F: 8 
3329 8 3345 23 F: 3 3 2 
3336 6 3354 252 F: 4 2 
3349 10 3359 166 F: 10 
3367 10 3377 470 F: 10 
3391 8 3415 481 F: 3 5 
3406 3 3409 89 F: 3 
3413 6 3437 499 F: 5 1 
3438 11 3482 168 F: 6 5 
3486 8 3494 470 F: 2 6 
3499 7 3520 271 F: 6 1 
3514 12 3538 223 F: 12 
3522 3 3528 96 F: 3 
3555 8 3571 195 F: 8 
3579 11 3601 39 F: 11 
3596 6 3614 256 F: 6 
3605 10 3615 55 F: 4 3 3 
3660 9 3678 327 F: 6 3 
3683 9 3719 86 F: 3 6 
3689 4 3705 15 F: 4 
3694 7 3701 313 F: 7 
3729 6 3735 121 F: 3 3 
3734 7 3762 75 F: 2 4 1 
3761 9 3779 293 F: 4 5 
3783 7 3804 119 F: 4 3 
3787 4 3795 471 F: 2 2 
3804 10 3844 464 F: 6 4 
3830 11 3874 262 F: 4 4 3 
3831 9 3858 401 F: 4 2 3 
3860 2 3864 162 F: 2 
3888 7 3895 80 F: 7 
3903 7 3924 311 F: 3 1 3 
3906 3 3918 356 F: 3 
3910 4 3922 86 F: 4 
3915 9 3951 144 F: 6 3 
3948 6 3966 35 F: 2 4 
4039 10 4079 257 F: 4 2 4 
4048 7 4076 366 F: 2 5 
4077 10 4087 248 F: 5 1 4 
4085 3 4097 468 F: 3 
4093 4 4105 411 F: 4 
4124 11 4168 205 F: 7 4 
4127 8 4135 126 F: 5 3 
4134 3 4146 310 F: 3 
4138 4 4150 480 F: 3 1 
4189 4 4201 162 F: 4 
4219 9 4237 470 F: 4 1 4 
4231 5 4251 385 F: 2 3 
4270 10 4300 329 F: 10 
4275 5 4280 416 F: 2 1 2 
4295 6 4301 19 F: 5 1 
4306 11 4350 240 F: 7 4 
4335 7 4349 121 F: 7 
4352 13 4391 171 F: 13 
4366 6 4390 364 F: 6 
4369 9 4378 127 F: 3 6 
4411 9 4447 329 F: 6 3 
4475 7 4489 207 F: 4 2 1 
4476 4 4492 439 F: 4 
4478 10 4508 435 F: 4 6 
4490 11 4523 60 F: 4 3 4 
4506 7 4520 11 F: 2 2 3 
4540 7 4568 378 F: 7 
4552 9 4588 266 F: 3 6 
4567 6 4573 124 F: 6 
4583 13 4622 376 F: 7 6 
4614 9 4623 497 F: 4 5 
4632 9 4650 36 F: 4 5 
4655 11 4688 303 F: 5 4 2 
4671 5 4681 246 F: 2 3 
4685 8 4701 214 F: 8 
4747 5 4762 127 F: 3 1 1 
4761 4 4769 490 F: 4 
4771 9 4780 116 F: 5 3 1 
4772 10 4812 241 F: 10 
4776 6 4782 325 F: 3 1 2 
4811 10 4821 57 F: 10 
4839 8 4855 195 F: 4 1 3 
4877 13 4890 280 F: 13 
4895 8 4927 21 F: 2 3 3 
4897 9 4924 289 F: 3 2 4 
4906 3 4912 167 F: 3 
4907 11 4951 349 F: 4 3 4 
4972 4 4988 304 F: 4 
4980 7 5008 210 F: 6 1 
4996 2 4998 92 F: 2 
5022 9 5040 481 F: 2 4 3 
5024 6 5030 58 F: 3 3 
5067 8 5083 38 F: 2 4 2 
5071 4 5075 347 F: 4 
5072 9 5099 324 F: 4 5 
5106 9 5142 270 F: 3 6 
5116 9 5125 416 F: 5 2 2 
5130 3 5136 321 F: 3 
5141 10 5181 389 F: 5 2 3 
5144 13 5157 385 F: 7 6 
5223 9 5259 454 F: 6 3 
5256 9 5292 232 F: 3 6 
5278 8 5294 111 F: 4 2 2 
5280 9 5316 95 F: 9 
5299 5 5309 128 F: 5 
5347 5 5362 187 F: 3 2 
5349 3 5361 288 F: 3 
5354 3 5363 18 F: 2 1 
5357 9 5393 317 F: 2 3 4 
5370 7 5398 115 F: 5 2 
5411 2 5419 420 F: 2 
5425 5 5435 356 F: 5 
5445 3 5454 359 F: 3 
5456 4 5472 47 F: 4 
5496 12 5508 75 F: 12 
5520 9 5529 388 F: 3 6 
5539 10 5549 428 F: 10 
5541 7 5548 42 F: 7 
5565 6 5583 493 F: 6 
5580 13 5619 240 F: 13 
5621 10 5641 451 F: 4 4 2 
5627 7 5641 301 F: 3 2 2 
5658 13 5671 160 F: 13 
5667 9 5703 142 F: 9 
5677 9 5713 100 F: 3 2 4 
5701 6 5719 330 F: 4 1 1 
5705 6 5711 91 F: 3 1 2 
5720 8 5728 230 F: 3 5 
5737 9 5746 446 F: 6 3 
5768 9 5795 316 F: 2 3 4 
5825 6 5849 129 F: 2 2 2 
5858 7 5886 187 F: 3 4 
5868 9 5877 375 F: 5 3 1 
5893 8 5917 29 F: 7 1 
5898 11 5909 332 F: 11 
5900 11 5944 172 F: 4 3 4 
5916 7 5930 370 F: 3 1 3 
5944 7 5972 53 F: 7 
5955 5 5960 250 F: 2 1 2 
5983 7 5997 137 F: 6 1 
6024 5 6044 315 F: 2 1 2 
6049 6 6067 408 F: 3 2 1 
6050 9 6086 267 F: 9 
6052 9 6070 136 F: 6 3 
6064 9 6091 60 F: 6 3 
6112 8 6128 49 F: 8 
6132 8 6140 226 F: 2 6 
6141 9 6159 175 F: 4 5 
6156 8 6164 358 F: 3 2 3 
6179 12 6227 43 F: 5 3 4 
6237 5 6247 164 F: 2 3 
6257 8 6289 418 F: 3 3 2 
6268 8 6292 442 F: 3 4 1 
6288 8 6296 285 F: 8 
6297 10 6327 375 F: 4 4 2 
6322 10 6352 11 F: 6 4 
6326 10 6366 264 F: 10 
6327 9 6345 158 F: 5 3 1 
6360 8 6392 64 F: 4 1 3 
6381 8 6413 184 F: 3 1 4 
6434 8 6466 239 F: 8 
6437 5 6457 97 F: 2 1 2 
6442 8 6458 89 F: 8 
6467 8 6483 359 F: 8 
6497 10 6507 195 F: 2 4 4 
6517 10 6547 182 F: 10 
6529 2 6533 360 F: 2 
6566 8 6590 330 F: 5 1 2 
6569 8 6601 230 F: 2 3 3 
6583 8 6599 220 F: 4 2 2 
6623 5 6643 321 F: 5 
6647 8 6671 293 F: 5 2 1 
6676 5 6686 440 F: 2 3 
6682 7 6710 325 F: 5 2 
6692 11 6725 259 F: 6 5 
6732 9 6768 275 F: 9 
6743 11 6776 47 F: 11 
6748 4 6760 146 F: 4 
6764 10 6774 9 F: 2 4 4 
6798 8 6814 99 F: 6 2 
6810 9 6846 112 F: 2 4 3 
6824 10 6834 266 F: 4 6 
6829 13 6855 180 F: 13 
6868 6 6880 18 F: 5 1 
6875 10 6905 292 F: 10 
6906 9 6933 220 F: 6 3 
6928 12 6952 138 F: 5 4 3 
6939 5 6944 341 F: 5 
6954 11 6987 415 F: 5 4 2 
6955 10 6995 357 F: 4 6 
7054 8 7062 112 F: 4 4 
7080 7 7108 140 F: 3 2 2 
7088 3 7094 169 F: 3 
7088 8 7112 324 F: 8 
7096 11 7140 487 F: 5 2 4 
7121 7 7135 50 F: 4 1 2 
7133 5 7153 343 F: 2 3 
7135 5 7145 55 F: 5 
7149 8 7157 448 F: 3 1 4 
7185 9 7221 157 F: 4 2 3 
7205 10 7235 319 F: 5 5 
7248 9 7284 297 F: 6 3 
7275 11 7297 4 F: 5 2 4 
7290 6 7302 233 F: 6 
7295 13 7308 135 F: 13 
7340 12 7388 428 F: 5 4 3 
7343 7 7364 11 F: 4 3 
7362 11 7395 344 F: 11 
7378 10 7408 27 F: 10 
7389 10 7419 379 F: 4 6 
7415 8 7447 339 F: 5 2 1 
7431 8 7439 463 F: 4 4 
7434 8 7466 205 F: 4 4 
7473 8 7489 193 F: 8 
7476 8 7500 401 F: 3 5 
7539 9 7566 126 F: 2 4 3 
7545 11 7589 429 F: 11 
7548 7 7555 122 F: 7 
7555 9 7564 174 F: 5 3 1 
7586 10 7606 52 F: 4 6 
7626 2 7628 248 F: 2 
7656 10 7696 484 F: 4 6 
7658 8 7674 132 F: 5 1 2 
7677 6 7695 262 F: 3 1 2 
7680 6 7686 352 F: 3 2 1 
7713 9 7731 453 F: 9 
7734 11 7756 494 F: 4 4 3 
7755 3 7767 291 F: 2 1 
7758 11 7780 467 F: 11 
7777 5 7792 131 F: 5 
7820 5 7830 253 F: 2 3 
7826 5 7846 278 F: 4 1 
7870 11 7881 248 F: 5 3 3 
7874 6 7892 42 F: 6 
7888 3 7894 168 F: 3 
7904 8 7936 105 F: 8 
7909 7 7937 470 F: 2 5 
7912 5 7927 274 F: 2 1 2 
7946 6 7964 437 F: 4 1 1 
7958 6 7976 205 F: 3 1 2 
8001 6 8025 103 F: 3 3 
8005 4 8021 7 F: 4 
8038 8 8062 441 F: 5 2 1 
8070 6 8088 439 F: 3 2 1 
8075 10 8095 17 F: 2 4 4 
8110 7 8131 10 F: 3 4 
8111 5 8126 457 F: 5 
8111 5 8131 116 F: 2 3 
8140 4 8148 314 F: 4 
8146 3 8152 254 F: 3 
8221 11 8254 420 F: 3 4 4 
8255 3 8258 256 F: 3 
8292 4 8300 49 F: 3 1 
8294 11 8316 101 F: 5 6 
8297 7 8318 244 F: 5 2 
8310 9 8337 444 F: 2 4 3 
8336 12 8360 31 F: 12 
8341 10 8361 207 F: 2 4 4 
8372 9 8408 106 F: 9 
8399 10 8439 66 F: 10 
8405 7 8433 175 F: 7 
8405 12 8417 339 F: 7 5 
8414 12 8426 218 F: 12 
8417 12 8441 214 F: 5 4 3 
8488 5 8503 50 F: 5 
8507 12 8543 370 F: 12 
8508 5 8528 416 F: 5 
8542 11 8553 94 F: 4 4 3 
8550 9 8568 235 F: 3 4 2 
8554 7 8575 82 F: 7 
8600 4 8608 475 F: 4 
8613 7 8620 337 F: 5 2 
8614 9 8632 297 F: 5 4 
8686 5 8701 112 F: 2 1 2 
8694 8 8710 236 F: 6 2 
8709 7 8716 393 F: 4 1 2 
8746 7 8760 20 F: 3 1 3 
8755 6 8779 473 F: 2 1 3 
8792 13 8818 87 F: 7 6 
8794 10 8814 46 F: 5 5 
8804 7 8825 274 F: 6 1 
8820 10 8850 19 F: 5 5 
8836 9 8854 423 F: 7 2 
8843 3 8852 40 F: 3 
8868 11 8879 171 F: 6 5 
8909 3 8921 167 F: 3 
8910 13 8962 48 F: 7 6 
8931 10 8941 299 F: 4 4 2 
8990 7 9004 138 F: 6 1 
8997 12 9045 133 F: 5 3 4 
9001 7 9015 312 F: 7 
9032 7 9060 391 F: 4 3 
9074 5 9079 287 F: 2 2 1 
9082 8 9098 267 F: 8 
9085 8 9109 124 F: 8 
9113 11 9135 187 F: 11 
9148 10 9168 407 F: 5 2 3 
9163 10 9203 61 F: 10 
9179 10 9199 382 F: 4 3 3 
9197 11 9230 215 F: 11 
9222 6 9246 169 F: 3 3 
9233 9 9251 483 F: 4 4 1 
9260 12 9296 337 F: 4 4 4 
9279 7 9293 156 F: 2 2 3 
9285 9 9303 142 F: 4 1 4 
9305 7 9319 471 F: 6 1 
9334 10 9374 45 F: 5 5 
9370 4 9386 244 F: 4 
9378 4 9382 464 F: 3 1 
9379 13 9405 139 F: 7 6 
9428 8 9452 471 F: 5 1 2 
9433 11 9455 136 F: 4 3 4 
9450 7 9478 411 F: 2 5 
9450 13 9476 390 F: 13 
9454 10 9474 482 F: 5 4 1 
9507 9 9516 307 F: 9 
9508 9 9535 10 F: 3 6 
9514 9 9541 337 F: 4 3 2 
9540 10 9570 189 F: 3 4 3 
9585 11 9618 94 F: 4 3 4 
9614 9 9632 393 F: 9 
9616 11 9660 192 F: 4 3 4 
9630 7 9658 136 F: 6 1 
9663 12 9675 252 F: 4 4 4 
9686 9 9704 329 F: 9 
9712 11 9756 106 F: 5 3 3 
9718 12 9766 74 F: 4 4 4 
9738 11 9760 259 F: 7 4 
9746 7 9760 308 F: 4 1 2 
9784 9 9811 399 F: 4 5 
9824 7 9838 257 F: 5 2 
9828 10 9868 349 F: 6 4 
9841 9 9877 258 F: 3 6 
9853 9 9862 113 F: 4 2 3 
9864 9 9882 378 F: 7 2 
9906 6 9930 388 F: 3 3 
9906 8 9930 491 F: 2 6 
9938 12 9962 103 F: 5 4 3 
9978 9 10005 141 F: 3 4 2 
9990 9 10017 189 F: 3 6 
D: 9 190 
D: 15 134 
D: 15 258 
D: 15 275 
D: 20 288 
D: 44 277 
D: 47 329 
D: 48 232 
D: 51 456 
D: 57 126 
D: 59 313 
D: 60 392 
D: 69 498 
D: 72 235 
D: 87 236 
D: 100 338 
D: 101 478 
D: 107 355 
D: 109 156 
D: 127 409 
D: 131 388 
D: 135 393 
D: 140 448 
D: 148 296 
D: 170 445 
D: 173 384 
D: 189 330 
D: 202 340 
D: 214 460 
D: 224 494 
D: 227 385 
D: 231 305 
D: 245 472 
D: 247 390 
D: 253 306 
D: 265 304 
D: 278 340 
D: 282 306 
D: 293 330 
D: 312 322 
D: 326 499 
D: 368 473 
D: 372 403 
D: 372 458 
D: 377 438 
D: 407 498 
D: 413 488 
D: 420 466 
D: 431 496 
D: 448 449 
