4 4 8 409 F: 4 
29 6 35 465 F: 2 2 2 
53 5 73 360 F: 3 2 
60 12 108 100 F: 12 
68 9 104 11 F: 9 
109 8 133 195 F: 4 1 3 
140 7 168 466 F: 5 2 
181 4 189 409 F: 4 
181 6 193 308 F: 4 2 
195 6 201 425 F: 3 3 
225 3 234 125 F: 3 
226 12 250 38 F: 7 5 
239 6 257 1 F: 2 1 3 
272 12 296 318 F: 12 
292 9 328 391 F: 3 4 2 
307 4 323 6 F: 2 1 1 
315 10 345 366 F: 7 3 
319 9 337 178 F: 5 2 2 
341 10 361 357 F: 3 4 3 
389 4 401 334 F: 2 2 
418 10 438 100 F: 4 4 2 
462 12 498 446 F: 5 3 4 
468 5 478 366 F: 2 2 1 
485 4 489 471 F: 2 2 
491 13 543 391 F: 5 4 4 
546 11 579 229 F: 5 6 
569 12 581 91 F: 7 5 
582 6 606 422 F: 6 
589 4 597 281 F: 3 1 
594 6 618 443 F: 4 2 
627 8 643 491 F: 8 
649 9 667 134 F: 9 
650 4 666 365 F: 4 
658 3 664 388 F: 3 
658 11 680 121 F: 7 4 
707 10 717 466 F: 6 4 
716 10 726 27 F: 3 4 3 
722 9 740 140 F: 4 5 
734 3 743 126 F: 2 1 
782 7 803 419 F: 7 
803 13 816 241 F: 13 
831 7 859 219 F: 2 5 
837 7 865 51 F: 3 1 3 
864 2 870 159 F: 2 
868 7 889 384 F: 7 
918 13 931 215 F: 13 
927 6 933 351 F: 3 3 
927 11 949 276 F: 5 4 2 
948 5 968 44 F: 5 
979 11 1012 296 F: 7 4 
1024 9 1042 489 F: 7 2 
1031 10 1071 487 F: 6 4 
1037 10 1077 300 F: 6 4 
1053 12 1065 275 F: 12 
1057 9 1075 358 F: 4 3 2 
1136 8 1152 60 F: 4 3 1 
1163 3 1166 385 F: 3 
1168 10 1208 462 F: 5 5 
1187 8 1195 67 F: 2 2 4 
1190 7 1218 401 F: 7 
1203 13 1242 342 F: 13 
1221 11 1254 316 F: 11 
1244 6 1262 379 F: 2 3 1 
1278 4 1294 31 F: 4 
1291 8 1315 162 F: 2 4 2 
1320 12 1332 49 F: 6 6 
1343 9 1370 241 F: 4 5 
1369 8 1393 486 F: 5 3 
1389 6 1407 359 F: 4 1 1 
1391 11 1424 295 F: 3 4 4 
1430 5 1435 324 F: 5 
1454 7 1482 155 F: 7 
1462 7 1483 441 F: 7 
1468 8 1500 380 F: 5 2 1 
1472 9 1490 57 F: 5 2 2 
1541 8 1549 118 F: 4 4 
1545 7 1573 136 F: 6 1 
1551 10 1581 124 F: 7 3 
1559 9 1577 358 F: 4 2 3 
1585 4 1601 188 F: 4 
1616 13 1655 10 F: 13 
1636 9 1645 85 F: 4 3 2 
1638 8 1662 457 F: 4 4 
1671 11 1715 314 F: 5 4 2 
1690 5 1700 236 F: 3 2 
1707 9 1743 302 F: 3 6 
1720 10 1760 332 F: 4 4 2 
1784 7 1812 343 F: 2 1 4 
1785 2 1791 471 F: 2 
1789 6 1813 123 F: 6 
1822 11 1866 446 F: 11 
1826 9 1835 200 F: 9 
1868 8 1892 426 F: 3 1 4 
1876 7 1904 369 F: 2 5 
1893 3 1896 81 F: 3 
1900 11 1911 363 F: 7 4 
1911 11 1922 49 F: 7 4 
1916 6 1922 59 F: 2 4 
1939 9 1975 215 F: 9 
1953 8 1977 397 F: 2 4 2 
2012 11 2023 1 F: 11 
2021 9 2057 479 F: 3 2 4 
2037 9 2064 405 F: 3 2 4 
2074 7 2095 145 F: 2 1 4 
2088 4 2104 44 F: 2 2 
2108 10 2118 224 F: 10 
2113 11 2135 130 F: 5 4 2 
2153 6 2177 171 F: 2 4 
2184 6 2190 371 F: 3 3 
2190 9 2208 87 F: 4 2 3 
2249 7 2270 414 F: 7 
2258 4 2266 328 F: 2 2 
2260 2 2266 202 F: 2 
2274 8 2282 363 F: 8 
2275 9 2302 238 F: 4 4 1 
2326 6 2332 283 F: 6 
2338 7 2359 13 F: 3 2 2 
2343 12 2379 303 F: 12 
2372 2 2378 75 F: 2 
2372 10 2412 260 F: 5 1 4 
2444 8 2468 460 F: 5 2 1 
2472 7 2479 164 F: 3 2 2 
2482 9 2509 17 F: 5 4 
2493 7 2521 104 F: 5 2 
2499 13 2525 377 F: 5 4 4 
2500 11 2511 122 F: 4 3 4 
2512 9 2539 72 F: 2 4 3 
2570 10 2580 462 F: 5 4 1 
2578 7 2599 247 F: 7 
2594 5 2604 408 F: 5 
2602 5 2617 22 F: 4 1 
2641 13 2680 44 F: 13 
2653 10 2663 473 F: 3 4 3 
2676 11 2709 332 F: 5 4 2 
2679 2 2681 405 F: 2 
2726 9 2735 294 F: 3 4 2 
2733 5 2753 385 F: 3 1 1 
2756 6 2762 326 F: 3 3 
2757 5 2772 429 F: 5 
2768 4 2780 461 F: 4 
2804 4 2812 54 F: 3 1 
2838 10 2848 217 F: 3 3 4 
2852 8 2868 153 F: 2 6 
2856 8 2864 398 F: 3 5 
2859 7 2873 436 F: 3 3 1 
2905 3 2908 76 F: 3 
2910 8 2934 57 F: 2 6 
2953 8 2969 135 F: 2 3 3 
2955 4 2971 265 F: 4 
2970 11 2981 75 F: 11 
3013 8 3021 464 F: 4 3 1 
3030 5 3045 390 F: 3 2 
3065 2 3067 262 F: 2 
3066 11 3110 144 F: 11 
3074 6 3086 396 F: 2 2 2 
3108 8 3124 496 F: 8 
3118 3 3121 491 F: 3 
3127 8 3143 390 F: 3 5 
3142 6 3166 495 F: 3 3 
3172 6 3196 470 F: 6 
3214 12 3262 134 F: 6 6 
3241 8 3257 83 F: 5 3 
3244 10 3264 304 F: 10 
3263 8 3295 231 F: 4 3 1 
3267 9 3285 137 F: 5 1 3 
3300 3 3303 325 F: 3 
3302 13 3328 322 F: 13 
3358 10 3388 86 F: 4 2 4 
3391 10 3411 498 F: 10 
3392 8 3416 21 F: 3 3 2 
3406 10 3416 46 F: 5 2 3 
3416 5 3426 225 F: 5 
3450 7 3478 206 F: 2 5 
3456 10 3486 50 F: 4 3 3 
3497 13 3510 461 F: 13 
3511 8 3527 159 F: 4 4 
3523 8 3531 155 F: 2 6 
3577 5 3597 225 F: 5 
3583 9 3619 62 F: 4 2 3 
3594 12 3606 341 F: 12 
3631 10 3661 171 F: 4 3 3 
3635 10 3675 466 F: 4 4 2 
3664 3 3667 104 F: 3 
3665 2 3667 257 F: 2 
3695 7 3709 111 F: 3 2 2 
3705 4 3713 164 F: 4 
3725 2 3727 277 F: 2 
3730 3 3736 192 F: 3 
3730 6 3736 499 F: 6 
3744 11 3766 33 F: 11 
3832 7 3839 211 F: 5 2 
3843 3 3855 140 F: 3 
3850 7 3864 92 F: 7 
3859 7 3880 53 F: 4 2 1 
3880 6 3886 97 F: 3 2 1 
3946 7 3960 191 F: 6 1 
3948 8 3972 227 F: 8 
3971 7 3985 68 F: 4 3 
3989 9 3998 439 F: 2 4 3 
3994 2 4002 404 F: 2 
4007 5 4022 65 F: 3 2 
4043 8 4067 210 F: 2 4 2 
4050 11 4061 218 F: 5 4 2 
4057 6 4069 5 F: 3 2 1 
4081 6 4099 323 F: 3 3 
4124 9 4133 402 F: 4 5 
4132 9 4159 491 F: 3 3 3 
4140 10 4180 61 F: 4 6 
4158 8 4182 291 F: 3 5 
4171 13 4184 353 F: 7 6 
4207 10 4227 460 F: 4 6 
4208 11 4241 415 F: 7 4 
4274 6 4292 332 F: 4 1 1 
4285 10 4295 148 F: 7 3 
4299 9 4326 168 F: 9 
4328 9 4337 63 F: 4 4 1 
4348 6 4372 334 F: 3 3 
4351 8 4367 499 F: 3 5 
4359 11 4392 182 F: 4 4 3 
4399 4 4411 159 F: 4 
4434 7 4448 344 F: 3 1 3 
4455 8 4471 12 F: 8 
4459 9 4477 211 F: 2 4 3 
4485 2 4487 140 F: 2 
4492 9 4519 262 F: 7 2 
4506 11 4517 494 F: 11 
4517 7 4545 152 F: 7 
4527 8 4535 238 F: 4 2 2 
4538 3 4544 274 F: 2 1 
4552 2 4556 397 F: 2 
4615 12 4663 401 F: 12 
4630 9 4648 225 F: 4 3 2 
4640 5 4650 177 F: 3 2 
4648 2 4650 408 F: 2 
4663 2 4671 121 F: 2 
4716 8 4740 41 F: 4 2 2 
4723 4 4739 482 F: 2 2 
4727 10 4747 416 F: 4 6 
4756 11 4778 21 F: 11 
4795 6 4807 78 F: 2 4 
4803 12 4839 366 F: 12 
4823 5 4838 48 F: 5 
4864 12 4888 263 F: 12 
4871 10 4901 277 F: 2 4 4 
4876 5 4886 175 F: 5 
4904 10 4924 384 F: 7 3 
4923 11 4945 8 F: 6 5 
4961 11 4983 144 F: 11 
4966 9 5002 203 F: 4 1 4 
4987 8 5011 441 F: 2 3 3 
5000 4 5012 389 F: 4 
5025 9 5061 174 F: 7 2 
5048 7 5069 183 F: 2 5 
5069 7 5076 130 F: 4 3 
5091 10 5131 65 F: 10 
5102 9 5129 257 F: 9 
5108 2 5110 94 F: 2 
5139 12 5187 197 F: 12 
5160 9 5187 252 F: 3 4 2 
5197 7 5211 298 F: 2 5 
5223 9 5250 466 F: 3 4 2 
5223 11 5245 378 F: 7 4 
5236 9 5254 335 F: 3 3 3 
5249 11 5282 330 F: 5 4 2 
5254 6 5260 352 F: 2 4 
5312 8 5328 127 F: 8 
5318 7 5339 390 F: 3 4 
5328 3 5337 274 F: 2 1 
5333 12 5345 496 F: 12 
5381 10 5401 163 F: 7 3 
5414 8 5422 320 F: 7 1 
5426 7 5440 426 F: 2 4 1 
5448 9 5466 477 F: 9 
5477 3 5489 309 F: 3 
5488 11 5532 436 F: 11 
5507 3 5516 378 F: 3 
5524 9 5542 17 F: 3 6 
5580 8 5604 154 F: 4 1 3 
5583 12 5631 336 F: 12 
5588 11 5599 106 F: 4 3 4 
5627 10 5647 312 F: 6 4 
5632 10 5662 40 F: 4 6 
5637 4 5641 493 F: 2 2 
5686 8 5718 186 F: 5 3 
5692 7 5699 427 F: 6 1 
5730 10 5740 313 F: 4 6 
5741 10 5751 422 F: 10 
5743 6 5767 79 F: 2 3 1 
5749 8 5773 328 F: 8 
5787 3 5799 184 F: 3 
5868 11 5890 388 F: 5 3 3 
5870 8 5894 186 F: 2 6 
5875 2 5883 5 F: 2 
5889 9 5898 443 F: 9 
5897 2 5905 454 F: 2 
5937 10 5957 363 F: 10 
5941 10 5951 433 F: 3 3 4 
5946 8 5970 426 F: 3 1 4 
5965 8 5981 110 F: 5 2 1 
5980 8 6004 206 F: 3 3 2 
6004 7 6025 216 F: 7 
6004 10 6024 258 F: 4 2 4 
6022 4 6038 389 F: 3 1 
6028 9 6064 426 F: 9 
6072 3 6084 22 F: 3 
6103 11 6147 249 F: 6 5 
6132 4 6140 181 F: 2 1 1 
6182 5 6202 138 F: 3 1 1 
6188 13 6201 390 F: 7 6 
6197 6 6221 124 F: 3 2 1 
6211 9 6229 468 F: 5 4 
6222 12 6258 39 F: 7 5 
6227 6 6233 178 F: 2 3 1 
6229 7 6250 344 F: 3 2 2 
6276 4 6280 34 F: 4 
6313 9 6349 118 F: 4 2 3 
6351 5 6356 12 F: 5 
6358 9 6385 314 F: 2 3 4 
6367 11 6411 112 F: 5 6 
6396 12 6408 424 F: 12 
6430 7 6451 463 F: 5 2 
6435 8 6443 314 F: 3 3 2 
6445 9 6454 280 F: 2 3 4 
6490 11 6512 230 F: 4 3 4 
6495 6 6507 370 F: 6 
6518 7 6539 375 F: 7 
6519 10 6559 155 F: 4 2 4 
6528 9 6537 321 F: 9 
6551 10 6561 156 F: 7 3 
6588 9 6624 145 F: 9 
6608 3 6620 489 F: 3 
6637 7 6644 396 F: 7 
6667 9 6685 439 F: 4 2 3 
6673 9 6682 106 F: 3 6 
6694 11 6727 176 F: 6 5 
6703 2 6711 176 F: 2 
6718 6 6736 403 F: 5 1 
6739 12 6775 146 F: 12 
6783 5 6803 370 F: 5 
6792 5 6802 176 F: 3 1 1 
6812 8 6836 484 F: 5 1 2 
6817 9 6826 183 F: 5 1 3 
6826 10 6836 23 F: 5 5 
6889 12 6901 149 F: 12 
6896 8 6928 341 F: 4 2 2 
6954 7 6975 473 F: 3 4 
6958 8 6966 297 F: 8 
6958 11 7002 209 F: 11 
6961 8 6985 110 F: 5 2 1 
6977 10 6997 129 F: 5 4 1 
7027 9 7063 147 F: 4 5 
7029 11 7062 278 F: 11 
7070 9 7088 232 F: 4 3 2 
7072 5 7087 469 F: 5 
7075 9 7102 421 F: 9 
7106 6 7112 248 F: 5 1 
7119 10 7129 489 F: 10 
7178 7 7185 213 F: 6 1 
7184 4 7200 210 F: 2 2 
7197 4 7205 136 F: 2 2 
7220 7 7234 323 F: 7 
7223 6 7241 171 F: 6 
7232 2 7234 467 F: 2 
7259 8 7283 296 F: 8 
7287 6 7293 344 F: 6 
7335 10 7355 201 F: 5 5 
7371 9 7380 225 F: 3 6 
7373 11 7406 336 F: 5 6 
7386 6 7398 375 F: 4 1 1 
7397 9 7433 135 F: 5 4 
7406 7 7427 328 F: 3 2 2 
7427 12 7451 51 F: 12 
7443 6 7467 112 F: 6 
7457 10 7497 148 F: 5 2 3 
7473 8 7489 463 F: 3 2 3 
7505 4 7509 38 F: 3 1 
7532 11 7576 98 F: 5 2 4 
7562 8 7570 148 F: 2 6 
7575 10 7615 108 F: 6 4 
7598 2 7606 45 F: 2 
7622 10 7642 261 F: 10 
7632 8 7664 354 F: 4 1 3 
7673 10 7703 381 F: 10 
7689 11 7733 149 F: 6 5 
7698 8 7714 244 F: 4 2 2 
7711 12 7723 77 F: 5 3 4 
7728 8 7760 147 F: 3 4 1 
7742 5 7747 41 F: 4 1 
7757 11 7768 332 F: 4 3 4 
7770 8 7778 332 F: 5 3 
7840 6 7864 405 F: 6 
7841 5 7861 168 F: 5 
7885 5 7900 289 F: 5 
7888 9 7924 96 F: 4 5 
7889 6 7907 62 F: 5 1 
7940 7 7947 342 F: 7 
7966 5 7981 98 F: 2 1 2 
7976 6 7982 426 F: 3 2 1 
7982 8 8014 290 F: 3 3 2 
7987 10 7997 451 F: 5 2 3 
8031 10 8041 200 F: 7 3 
8049 8 8081 309 F: 4 1 3 
8055 3 8058 107 F: 3 
8079 12 8115 297 F: 12 
8087 8 8103 344 F: 2 6 
8110 9 8128 253 F: 3 2 4 
8131 7 8152 438 F: 2 5 
8132 4 8140 292 F: 4 
8143 11 8176 190 F: 6 5 
8173 9 8182 478 F: 9 
8202 10 8242 371 F: 4 3 3 
8203 8 8235 492 F: 8 
8218 9 8236 403 F: 3 4 2 
8258 8 8290 444 F: 4 4 
8280 10 8310 470 F: 5 3 2 
8302 13 8315 290 F: 5 4 4 
8348 10 8388 204 F: 5 5 
8362 11 8384 57 F: 4 3 4 
8373 5 8393 73 F: 3 1 1 
8383 6 8407 162 F: 2 3 1 
8416 7 8437 126 F: 7 
8426 4 8438 16 F: 4 
8430 5 8440 298 F: 5 
8453 5 8463 144 F: 2 3 
8473 12 8509 466 F: 12 
8502 7 8530 453 F: 5 1 1 
8508 5 8523 19 F: 2 3 
8528 7 8549 369 F: 3 4 
8581 12 8617 305 F: 5 4 3 
8586 6 8604 280 F: 3 3 
8632 6 8656 263 F: 4 1 1 
8653 11 8664 288 F: 6 5 
8654 7 8668 308 F: 6 1 
8666 7 8687 305 F: 2 5 
8671 7 8699 393 F: 7 
8725 9 8752 295 F: 2 4 3 
8748 8 8772 376 F: 7 1 
8777 12 8813 92 F: 12 
8782 3 8788 87 F: 3 
8799 5 8814 349 F: 5 
8805 6 8829 199 F: 4 1 1 
8808 11 8852 1 F: 11 
8809 9 8845 494 F: 4 3 2 
8823 7 8830 231 F: 7 
8872 6 8890 148 F: 5 1 
8941 11 8974 370 F: 5 2 4 
8978 9 9014 447 F: 5 4 
8989 9 8998 496 F: 7 2 
8995 5 9015 399 F: 3 2 
8996 8 9004 190 F: 3 3 2 
9050 7 9064 210 F: 7 
9052 13 9091 471 F: 5 4 4 
9054 7 9068 437 F: 7 
9083 2 9087 45 F: 2 
9083 7 9111 346 F: 7 
9100 5 9105 342 F: 2 1 2 
9142 2 9148 102 F: 2 
9177 6 9183 53 F: 2 4 
9179 10 9189 410 F: 10 
9197 10 9227 149 F: 5 1 4 
9208 7 9215 348 F: 3 4 
9211 12 9247 294 F: 12 
9231 4 9247 486 F: 2 2 
9271 10 9311 438 F: 3 3 4 
9290 7 9297 149 F: 7 
9336 5 9341 394 F: 2 1 2 
9339 5 9344 472 F: 5 
9340 10 9380 22 F: 7 3 
9387 8 9395 252 F: 6 2 
9390 4 9398 229 F: 2 1 1 
9403 9 9412 444 F: 4 5 
9427 2 9433 139 F: 2 
9479 7 9500 104 F: 3 1 3 
9481 6 9499 257 F: 4 2 
9484 11 9528 448 F: 6 5 
9510 9 9537 471 F: 9 
9546 5 9551 491 F: 4 1 
9562 8 9578 173 F: 6 2 
9562 12 9610 218 F: 4 4 4 
9564 9 9600 113 F: 4 5 
9600 10 9630 170 F: 3 3 4 
9613 9 9622 245 F: 9 
9650 3 9653 25 F: 2 1 
9654 8 9678 258 F: 4 2 2 
9656 10 9666 132 F: 2 4 4 
9700 7 9728 131 F: 7 
9706 11 9717 420 F: 5 4 2 
9713 7 9720 158 F: 5 2 
9733 7 9740 357 F: 2 5 
9748 12 9772 135 F: 12 
9807 7 9821 377 F: 6 1 
9808 6 9814 64 F: 2 1 3 
9831 6 9855 24 F: 2 4 
9867 3 9876 18 F: 3 
9881 10 9901 270 F: 2 4 4 
9901 5 9916 189 F: 2 1 2 
9915 8 9931 433 F: 3 4 1 
9929 8 9961 223 F: 2 6 
9956 6 9968 311 F: 2 3 1 
9974 7 9995 344 F: 2 1 4 
D: 1 123 
D: 5 356 
D: 8 284 
D: 19 484 
D: 21 300 
D: 23 261 
D: 23 308 
D: 30 365 
D: 36 68 
D: 42 498 
D: 51 390 
D: 67 356 
D: 71 176 
D: 72 258 
D: 74 230 
D: 78 133 
D: 81 170 
D: 82 165 
D: 85 125 
D: 96 425 
D: 105 338 
D: 131 216 
D: 137 470 
D: 139 244 
D: 140 149 
D: 141 399 
D: 142 165 
D: 164 165 
D: 183 277 
D: 203 428 
D: 206 289 
D: 226 241 
D: 226 489 
D: 227 239 
D: 240 262 
D: 244 361 
D: 247 308 
D: 264 378 
D: 269 457 
D: 271 308 
D: 271 414 
D: 278 431 
D: 306 312 
D: 308 360 
D: 339 453 
D: 378 404 
D: 382 470 
D: 405 492 
D: 424 487 
D: 495 498 
