22 10 42 15 F: 4 2 4 
28 11 61 16 F: 3 4 4 
30 4 38 44 F: 4 
75 6 81 28 F: 6 
75 9 102 3 F: 2 4 3 
101 12 149 15 F: 5 4 3 
153 6 177 27 F: 2 2 2 
162 8 170 40 F: 8 
168 9 186 50 F: 4 2 3 
182 12 206 34 F: 12 
218 4 234 28 F: 4 
218 6 236 7 F: 2 2 2 
233 5 248 24 F: 4 1 
244 9 262 23 F: 5 2 2 
285 6 297 47 F: 6 
304 7 318 24 F: 7 
331 9 367 35 F: 5 2 2 
344 9 362 10 F: 9 
364 4 372 8 F: 4 
390 10 420 28 F: 10 
410 2 418 32 F: 2 
417 9 453 10 F: 9 
456 9 492 33 F: 9 
486 12 522 2 F: 6 6 
488 13 514 1 F: 5 4 4 
509 10 519 29 F: 3 3 4 
550 7 571 48 F: 4 1 2 
556 5 566 19 F: 5 
579 4 595 32 F: 2 2 
589 8 597 26 F: 8 
640 5 645 16 F: 5 
644 9 680 15 F: 4 3 2 
666 5 686 3 F: 5 
692 5 702 16 F: 2 3 
698 10 718 44 F: 4 3 3 
701 6 719 34 F: 2 3 1 
760 9 796 5 F: 6 3 
761 3 770 31 F: 3 
770 13 822 50 F: 13 
777 9 786 29 F: 4 1 4 
803 11 836 8 F: 5 6 
866 9 884 50 F: 4 5 
881 11 914 36 F: 5 3 3 
884 4 900 16 F: 4 
886 6 898 34 F: 3 1 2 
926 6 932 37 F: 6 
949 5 959 12 F: 3 1 1 
958 5 968 12 F: 4 1 
994 6 1000 22 F: 6 
997 10 1007 19 F: 2 4 4 
D: 0 17 
D: 2 17 
D: 9 23 
D: 11 16 
D: 27 33 
