21 7 28 377 F: 5 2 
27 9 63 347 F: 4 5 
46 5 56 161 F: 5 
57 8 65 261 F: 4 1 3 
96 6 102 25 F: 3 2 1 
117 6 141 71 F: 5 1 
121 10 141 264 F: 5 5 
135 2 141 370 F: 2 
139 7 146 284 F: 2 1 4 
164 7 185 41 F: 3 1 3 
204 10 214 148 F: 5 4 1 
245 6 263 13 F: 5 1 
257 10 297 58 F: 3 3 4 
260 11 271 1 F: 11 
268 9 295 118 F: 4 1 4 
301 3 304 458 F: 3 
332 7 360 40 F: 3 1 3 
332 8 340 67 F: 8 
339 7 353 160 F: 7 
366 6 372 43 F: 6 
415 5 425 305 F: 2 3 
426 10 456 26 F: 7 3 
429 12 453 304 F: 6 6 
433 11 466 318 F: 6 5 
472 5 482 10 F: 2 3 
514 6 538 117 F: 3 2 1 
541 13 580 179 F: 5 4 4 
545 6 551 187 F: 2 3 1 
563 9 581 66 F: 5 4 
570 11 592 181 F: 11 
620 12 644 447 F: 6 6 
636 12 648 330 F: 12 
651 6 675 128 F: 6 
662 7 690 498 F: 6 1 
672 2 678 108 F: 2 
703 9 721 55 F: 9 
708 5 713 14 F: 5 
714 8 746 326 F: 2 3 3 
737 6 755 269 F: 2 1 3 
758 6 776 220 F: 4 2 
804 9 822 272 F: 5 2 2 
835 5 850 223 F: 4 1 
852 12 900 377 F: 12 
880 8 904 107 F: 3 2 3 
891 10 931 151 F: 5 2 3 
902 2 908 294 F: 2 
904 6 928 477 F: 3 1 2 
924 12 936 450 F: 5 3 4 
952 8 968 38 F: 5 1 2 
996 11 1018 425 F: 4 4 3 
1035 10 1055 38 F: 5 4 1 
1043 8 1067 100 F: 8 
1067 13 1080 306 F: 13 
1076 8 1100 379 F: 6 2 
1078 6 1090 111 F: 6 
1119 5 1129 234 F: 2 2 1 
1139 10 1179 434 F: 4 3 3 
1140 11 1151 405 F: 6 5 
1158 9 1194 422 F: 5 2 2 
1162 6 1168 128 F: 3 3 
1210 4 1218 452 F: 3 1 
1229 3 1235 95 F: 3 
1235 3 1238 206 F: 2 1 
1253 10 1273 81 F: 5 2 3 
1289 13 1328 349 F: 7 6 
1306 9 1324 325 F: 5 3 1 
1309 8 1333 455 F: 4 4 
1334 11 1367 253 F: 4 3 4 
1352 10 1362 84 F: 7 3 
1396 4 1404 282 F: 2 2 
1414 2 1420 109 F: 2 
1420 5 1435 40 F: 2 2 1 
1435 6 1441 398 F: 2 2 2 
1471 6 1489 182 F: 5 1 
1482 11 1504 464 F: 11 
1521 9 1539 146 F: 9 
1525 9 1534 275 F: 3 2 4 
1551 6 1563 309 F: 6 
1561 5 1576 499 F: 3 2 
1573 7 1601 471 F: 2 5 
1622 10 1662 268 F: 4 6 
1648 12 1660 173 F: 6 6 
1664 9 1682 231 F: 6 3 
1670 8 1694 424 F: 6 2 
1693 10 1713 277 F: 3 4 3 
1769 10 1799 473 F: 10 
1775 9 1811 201 F: 9 
1782 8 1798 367 F: 8 
1792 9 1828 220 F: 9 
1795 7 1809 217 F: 7 
1804 9 1822 438 F: 4 2 3 
1845 4 1849 164 F: 4 
1850 7 1857 119 F: 2 1 4 
1860 4 1864 51 F: 4 
1895 10 1935 34 F: 3 4 3 
1906 9 1933 182 F: 9 
1908 12 1920 460 F: 12 
1987 4 1999 226 F: 2 2 
1996 10 2006 137 F: 6 4 
1996 10 2026 358 F: 10 
2016 9 2034 136 F: 9 
2025 11 2069 6 F: 6 5 
2047 8 2071 491 F: 3 3 2 
2051 6 2063 320 F: 2 4 
2074 9 2110 126 F: 3 6 
2106 9 2133 247 F: 4 5 
2123 10 2163 98 F: 10 
2148 11 2170 373 F: 5 4 2 
2168 9 2186 283 F: 9 
2170 9 2197 96 F: 4 4 1 
2217 6 2229 235 F: 3 3 
2231 9 2240 312 F: 5 2 2 
2278 7 2285 183 F: 3 4 
2281 7 2288 254 F: 6 1 
2286 6 2298 374 F: 4 2 
2308 5 2323 400 F: 3 1 1 
2320 5 2335 495 F: 4 1 
2324 12 2336 264 F: 4 4 4 
2381 4 2385 289 F: 4 
2396 6 2402 197 F: 6 
2415 9 2451 475 F: 6 3 
2435 10 2475 490 F: 4 3 3 
2438 7 2445 413 F: 7 
2464 7 2485 137 F: 7 
2478 12 2502 35 F: 7 5 
2521 10 2541 131 F: 3 3 4 
2532 6 2556 42 F: 6 
2535 6 2553 32 F: 6 
2581 11 2625 422 F: 11 
2589 9 2598 490 F: 7 2 
2634 10 2664 340 F: 6 4 
2634 11 2656 85 F: 11 
2642 13 2655 290 F: 7 6 
2651 7 2658 16 F: 4 3 
2672 13 2698 415 F: 13 
2701 7 2715 95 F: 2 2 3 
2710 9 2719 219 F: 9 
2740 7 2747 6 F: 3 3 1 
2750 11 2772 66 F: 5 3 3 
2763 8 2787 118 F: 4 3 1 
2825 6 2843 69 F: 3 3 
2831 13 2844 487 F: 13 
2838 5 2848 367 F: 3 2 
2864 11 2897 341 F: 5 6 
2869 7 2890 286 F: 7 
2903 9 2921 477 F: 3 4 2 
2940 9 2967 364 F: 4 5 
2966 9 2993 46 F: 3 3 3 
2967 5 2982 194 F: 5 
2971 9 3007 366 F: 5 1 3 
3014 7 3021 431 F: 3 4 
3032 9 3068 166 F: 2 3 4 
3033 12 3081 395 F: 12 
3085 12 3133 7 F: 7 5 
3090 12 3102 348 F: 12 
3110 10 3120 67 F: 4 3 3 
3120 9 3138 329 F: 9 
3127 4 3135 269 F: 4 
3137 8 3153 205 F: 8 
3160 7 3181 420 F: 6 1 
3204 11 3248 440 F: 6 5 
3217 5 3237 400 F: 5 
3238 10 3248 208 F: 4 2 4 
3294 6 3306 120 F: 6 
3299 11 3310 472 F: 6 5 
3302 7 3330 64 F: 5 2 
3355 10 3365 298 F: 3 3 4 
3357 13 3396 468 F: 13 
3382 12 3406 343 F: 12 
3383 8 3407 476 F: 3 4 1 
3435 9 3453 293 F: 6 3 
3469 10 3489 257 F: 2 4 4 
3478 7 3485 116 F: 6 1 
3486 6 3504 126 F: 4 1 1 
3492 8 3524 131 F: 2 2 4 
3534 7 3541 39 F: 2 5 
3537 11 3548 108 F: 11 
3547 5 3557 378 F: 4 1 
3573 3 3576 267 F: 2 1 
3587 10 3627 188 F: 5 2 3 
3618 9 3627 235 F: 9 
3620 9 3656 214 F: 2 3 4 
3628 11 3639 338 F: 3 4 4 
3636 9 3663 216 F: 3 4 2 
3644 10 3684 480 F: 7 3 
3735 10 3755 53 F: 7 3 
3760 7 3788 255 F: 4 2 1 
3774 13 3800 353 F: 13 
3785 9 3794 401 F: 5 2 2 
3795 8 3819 391 F: 2 6 
3806 10 3836 5 F: 4 6 
3855 6 3873 441 F: 2 4 
3860 9 3878 281 F: 7 2 
3866 12 3914 480 F: 12 
3878 6 3902 277 F: 2 3 1 
3904 11 3926 105 F: 5 4 2 
3923 7 3930 444 F: 2 4 1 
3950 9 3986 16 F: 4 5 
3972 7 3979 98 F: 2 3 2 
3979 9 4015 122 F: 7 2 
4009 11 4042 457 F: 6 5 
4013 13 4039 426 F: 13 
4016 4 4020 34 F: 3 1 
4018 3 4030 99 F: 2 1 
4052 10 4072 489 F: 10 
4115 9 4142 293 F: 5 2 2 
4139 9 4166 380 F: 2 4 3 
4146 10 4186 258 F: 2 4 4 
4181 7 4188 453 F: 3 4 
4193 6 4217 55 F: 5 1 
4208 5 4223 475 F: 2 3 
4242 9 4251 205 F: 3 6 
4246 8 4254 232 F: 5 1 2 
4270 2 4276 63 F: 2 
4270 6 4282 417 F: 4 1 1 
4300 5 4305 17 F: 4 1 
4324 10 4334 5 F: 10 
4327 6 4351 215 F: 3 1 2 
4346 6 4364 203 F: 6 
4369 8 4393 243 F: 8 
4403 3 4415 146 F: 3 
4458 4 4470 52 F: 3 1 
4491 9 4500 235 F: 4 3 2 
4497 9 4515 390 F: 4 4 1 
4499 7 4506 305 F: 2 3 2 
4535 7 4542 477 F: 6 1 
4554 8 4586 451 F: 2 4 2 
4563 11 4574 343 F: 4 4 3 
4565 9 4592 62 F: 9 
4574 9 4592 287 F: 5 3 1 
4600 6 4624 97 F: 3 3 
4612 11 4634 282 F: 6 5 
4620 7 4634 358 F: 2 5 
4664 8 4696 182 F: 3 5 
4693 3 4696 263 F: 3 
4740 10 4770 3 F: 7 3 
4756 8 4780 265 F: 4 1 3 
4765 9 4792 370 F: 5 2 2 
4775 7 4796 339 F: 2 1 4 
4789 2 4791 468 F: 2 
4806 9 4833 490 F: 2 4 3 
4855 8 4863 258 F: 4 3 1 
4855 13 4894 422 F: 7 6 
4858 4 4866 404 F: 4 
4884 6 4890 301 F: 2 2 2 
4907 10 4927 461 F: 10 
4952 11 4963 453 F: 6 5 
4971 4 4987 214 F: 2 2 
4978 12 4990 414 F: 12 
4980 10 5000 314 F: 10 
5006 5 5021 408 F: 5 
5028 11 5039 237 F: 7 4 
5029 8 5053 326 F: 8 
5041 9 5050 289 F: 5 4 
5079 7 5086 351 F: 7 
5124 5 5129 243 F: 4 1 
5150 8 5166 399 F: 5 1 2 
5151 8 5175 84 F: 5 1 2 
5163 7 5191 454 F: 4 3 
5172 7 5200 316 F: 5 2 
5200 3 5206 356 F: 3 
5211 4 5215 183 F: 4 
5231 10 5251 317 F: 4 6 
5253 3 5256 480 F: 2 1 
5296 4 5300 23 F: 3 1 
5343 12 5379 489 F: 12 
5350 13 5376 462 F: 13 
5360 11 5404 304 F: 5 3 3 
5362 13 5401 227 F: 7 6 
5386 9 5413 323 F: 5 1 3 
5422 5 5442 460 F: 5 
5439 12 5487 44 F: 6 6 
5478 12 5502 138 F: 7 5 
5479 11 5501 76 F: 5 4 2 
5492 2 5498 475 F: 2 
5505 9 5514 174 F: 4 4 1 
5535 8 5551 320 F: 5 2 1 
5546 10 5566 92 F: 10 
5585 8 5601 126 F: 8 
5588 9 5624 69 F: 7 2 
5645 11 5667 177 F: 5 6 
5647 9 5665 306 F: 9 
5663 9 5699 82 F: 3 6 
5676 6 5682 208 F: 6 
5685 8 5701 125 F: 8 
5712 9 5730 401 F: 3 6 
5733 8 5749 340 F: 4 1 3 
5741 4 5753 262 F: 3 1 
5767 2 5775 348 F: 2 
5796 10 5816 313 F: 5 5 
5814 7 5821 366 F: 3 1 3 
5839 5 5859 413 F: 4 1 
5846 4 5862 29 F: 3 1 
5885 8 5917 413 F: 7 1 
5889 7 5903 107 F: 4 2 1 
5917 11 5939 67 F: 7 4 
5963 9 5981 304 F: 4 5 
5968 13 5994 466 F: 13 
5971 7 5992 249 F: 7 
5972 10 6002 397 F: 6 4 
6026 8 6050 369 F: 2 4 2 
6030 8 6054 335 F: 2 4 2 
6057 11 6079 71 F: 5 4 2 
6080 7 6101 18 F: 3 4 
6088 9 6106 28 F: 5 3 1 
6102 9 6129 108 F: 3 2 4 
6121 7 6135 420 F: 3 1 3 
6154 5 6174 400 F: 5 
6156 11 6178 284 F: 4 4 3 
6197 10 6217 82 F: 2 4 4 
6205 9 6223 238 F: 4 4 1 
6230 5 6245 98 F: 3 2 
6236 12 6248 132 F: 12 
6263 8 6279 11 F: 4 4 
6270 10 6310 437 F: 4 2 4 
6304 6 6310 324 F: 3 1 2 
6333 3 6339 442 F: 3 
6345 9 6381 61 F: 5 3 1 
6381 5 6386 113 F: 2 3 
6385 11 6429 275 F: 5 6 
6414 8 6430 185 F: 5 3 
6421 6 6445 174 F: 2 1 3 
6457 5 6477 445 F: 5 
6460 9 6469 362 F: 5 3 1 
6477 6 6483 497 F: 6 
6500 9 6527 353 F: 3 4 2 
6517 10 6547 19 F: 4 2 4 
6531 10 6571 221 F: 2 4 4 
6594 9 6603 342 F: 5 4 
6596 5 6611 128 F: 5 
6636 5 6656 475 F: 5 
6641 9 6677 294 F: 4 4 1 
6669 8 6701 196 F: 6 2 
6679 13 6718 369 F: 7 6 
6691 9 6700 140 F: 4 2 3 
6705 9 6714 291 F: 4 3 2 
6734 12 6758 312 F: 12 
6752 6 6776 246 F: 2 4 
6763 3 6775 411 F: 3 
6767 9 6785 150 F: 5 2 2 
6803 7 6810 73 F: 3 4 
6803 7 6831 254 F: 7 
6808 7 6815 179 F: 3 1 3 
6877 8 6901 99 F: 3 4 1 
6897 6 6909 92 F: 3 1 2 
6905 5 6915 311 F: 2 2 1 
6921 6 6945 179 F: 2 4 
6970 7 6977 288 F: 2 1 4 
6974 11 6985 202 F: 11 
6982 4 6994 346 F: 4 
7033 8 7065 79 F: 2 6 
7039 13 7091 119 F: 13 
7075 5 7095 199 F: 2 2 1 
7080 12 7116 108 F: 12 
7091 10 7131 312 F: 7 3 
7122 5 7142 39 F: 2 2 1 
7177 5 7182 497 F: 5 
7178 8 7202 297 F: 2 6 
7193 8 7201 141 F: 4 4 
7196 4 7212 488 F: 3 1 
7203 2 7209 429 F: 2 
7209 7 7223 169 F: 4 2 1 
7212 7 7233 229 F: 6 1 
7221 11 7243 496 F: 3 4 4 
7247 9 7283 56 F: 5 4 
7306 6 7330 114 F: 4 1 1 
7326 13 7339 488 F: 13 
7333 5 7353 160 F: 5 
7342 7 7356 23 F: 3 3 1 
7380 8 7412 75 F: 2 6 
7401 9 7437 110 F: 9 
7426 12 7438 420 F: 7 5 
7435 3 7441 475 F: 3 
7490 12 7502 482 F: 5 4 3 
7491 4 7495 172 F: 3 1 
7515 9 7533 25 F: 5 2 2 
7526 7 7547 492 F: 7 
7556 7 7584 171 F: 2 4 1 
7568 6 7586 272 F: 3 1 2 
7575 8 7599 239 F: 5 2 1 
7609 9 7618 448 F: 3 6 
7624 9 7642 414 F: 9 
7629 10 7669 347 F: 5 3 2 
7673 7 7694 43 F: 2 1 4 
7692 11 7714 212 F: 5 6 
7700 10 7740 373 F: 7 3 
7708 8 7716 327 F: 2 4 2 
7754 10 7774 410 F: 10 
7792 10 7822 78 F: 10 
7798 3 7810 27 F: 2 1 
7813 6 7837 111 F: 2 2 2 
7825 9 7852 50 F: 3 3 3 
7858 6 7864 368 F: 3 2 1 
7862 11 7906 33 F: 11 
7893 7 7900 119 F: 6 1 
7933 9 7969 18 F: 3 4 2 
7947 5 7967 258 F: 5 
7966 6 7972 263 F: 3 3 
7988 3 8000 487 F: 3 
7992 8 8008 427 F: 3 1 4 
8005 10 8035 287 F: 7 3 
8012 7 8040 387 F: 2 3 2 
8067 7 8095 258 F: 7 
8070 7 8084 328 F: 7 
8084 8 8116 430 F: 8 
8106 8 8114 252 F: 4 1 3 
8132 9 8168 206 F: 5 4 
8149 5 8154 420 F: 2 2 1 
8192 13 8218 122 F: 13 
8194 5 8214 240 F: 2 2 1 
8208 6 8220 210 F: 2 2 2 
8209 8 8217 215 F: 4 4 
8223 4 8235 101 F: 4 
8277 13 8329 35 F: 13 
8281 8 8297 224 F: 8 
8300 5 8310 269 F: 5 
8324 8 8332 65 F: 4 4 
8337 11 8359 393 F: 11 
8356 9 8383 422 F: 3 4 2 
8394 8 8418 282 F: 8 
8418 8 8450 404 F: 4 1 3 
8439 2 8445 223 F: 2 
8456 9 8474 493 F: 3 2 4 
8473 3 8476 258 F: 3 
8474 10 8494 269 F: 10 
8503 2 8505 313 F: 2 
8512 7 8540 402 F: 4 1 2 
8550 8 8558 146 F: 3 5 
8570 9 8588 479 F: 2 3 4 
8593 12 8617 111 F: 12 
8613 3 8622 341 F: 2 1 
8621 9 8630 135 F: 5 3 1 
8641 3 8644 271 F: 2 1 
8641 8 8649 162 F: 4 1 3 
8643 13 8695 222 F: 5 4 4 
8742 4 8746 97 F: 4 
8745 7 8752 75 F: 7 
8766 2 8772 190 F: 2 
8781 11 8814 480 F: 11 
8796 4 8808 429 F: 4 
8813 10 8833 283 F: 5 2 3 
8837 13 8889 58 F: 13 
8856 9 8874 8 F: 5 3 1 
8880 13 8932 87 F: 7 6 
8898 8 8906 500 F: 2 3 3 
8906 6 8918 462 F: 4 1 1 
8930 9 8939 190 F: 9 
8938 11 8949 347 F: 5 6 
8957 7 8985 453 F: 6 1 
8973 8 8997 455 F: 3 5 
9043 10 9073 389 F: 3 3 4 
9061 7 9089 411 F: 7 
9076 7 9097 474 F: 2 1 4 
9079 2 9081 377 F: 2 
9091 8 9107 171 F: 6 2 
9115 12 9163 395 F: 12 
9127 10 9157 238 F: 4 2 4 
9129 8 9161 480 F: 2 4 2 
9168 2 9172 10 F: 2 
9193 6 9211 374 F: 6 
9233 10 9273 432 F: 7 3 
9254 9 9290 53 F: 2 3 4 
9256 12 9292 485 F: 6 6 
9265 7 9272 434 F: 4 3 
9270 6 9294 380 F: 2 3 1 
9304 7 9311 376 F: 3 3 1 
9347 10 9367 17 F: 5 5 
9365 2 9373 207 F: 2 
9389 7 9417 459 F: 3 1 3 
9394 9 9412 364 F: 5 2 2 
9410 13 9436 411 F: 7 6 
9414 12 9438 366 F: 5 4 3 
9439 9 9475 304 F: 9 
9444 10 9454 124 F: 4 2 4 
9478 11 9522 354 F: 6 5 
9535 6 9559 376 F: 3 3 
9537 9 9573 6 F: 9 
9567 9 9576 468 F: 9 
9593 3 9599 78 F: 3 
9598 10 9618 406 F: 6 4 
9607 6 9613 449 F: 6 
9618 8 9642 220 F: 3 1 4 
9626 9 9662 8 F: 3 4 2 
9666 7 9694 29 F: 7 
9672 7 9693 298 F: 2 3 2 
9703 13 9742 340 F: 7 6 
9745 7 9766 344 F: 2 5 
9756 11 9800 333 F: 11 
9794 6 9800 48 F: 3 3 
9799 11 9832 289 F: 4 4 3 
9806 8 9822 418 F: 4 2 2 
9806 10 9836 277 F: 4 2 4 
9813 9 9831 435 F: 5 1 3 
9836 10 9856 286 F: 5 4 1 
9897 11 9930 500 F: 4 3 4 
9904 10 9944 69 F: 7 3 
9906 13 9958 271 F: 7 6 
9933 8 9965 359 F: 8 
9936 6 9960 485 F: 2 1 3 
9941 3 9950 157 F: 2 1 
D: 8 493 
D: 10 372 
D: 15 425 
D: 16 266 
D: 25 230 
D: 27 335 
D: 28 76 
D: 37 141 
D: 39 299 
D: 43 293 
D: 43 446 
D: 66 498 
D: 71 206 
D: 75 376 
D: 87 231 
D: 99 466 
D: 107 148 
D: 107 470 
D: 111 203 
D: 124 431 
D: 134 246 
D: 143 347 
D: 148 242 
D: 148 439 
D: 173 225 
D: 176 429 
D: 182 314 
D: 183 259 
D: 187 350 
D: 204 395 
D: 205 430 
D: 207 325 
D: 222 386 
D: 234 339 
D: 235 491 
D: 236 386 
D: 253 343 
D: 255 323 
D: 273 424 
D: 284 484 
D: 299 426 
D: 300 484 
D: 311 342 
D: 348 355 
D: 351 458 
D: 360 369 
D: 362 480 
D: 379 473 
D: 407 418 
D: 453 477 
