17 4 29 12 F: 3 1 
27 13 53 44 F: 13 
49 8 57 9 F: 2 3 3 
70 5 80 10 F: 4 1 
95 8 127 15 F: 2 6 
110 5 130 37 F: 2 3 
115 3 127 27 F: 3 
141 7 162 19 F: 4 3 
149 6 155 47 F: 6 
182 8 190 35 F: 3 5 
209 2 213 7 F: 2 
234 2 240 19 F: 2 
262 10 272 22 F: 4 6 
297 6 303 43 F: 6 
299 7 306 45 F: 7 
303 10 333 36 F: 4 6 
323 6 341 31 F: 2 1 3 
323 6 347 1 F: 2 1 3 
342 3 354 1 F: 3 
391 12 427 2 F: 5 4 3 
401 6 425 7 F: 6 
402 6 420 27 F: 6 
450 8 466 35 F: 4 4 
473 5 493 37 F: 3 1 1 
476 2 480 31 F: 2 
507 9 534 39 F: 5 2 2 
516 12 528 11 F: 12 
562 12 574 20 F: 7 5 
572 13 585 50 F: 7 6 
594 6 606 11 F: 2 2 2 
615 9 642 29 F: 7 2 
619 10 639 21 F: 5 5 
624 8 640 49 F: 4 1 3 
658 6 670 3 F: 6 
677 5 682 22 F: 2 3 
720 8 752 12 F: 5 3 
725 7 746 40 F: 3 1 3 
737 6 761 38 F: 6 
751 8 767 34 F: 2 2 4 
760 7 774 47 F: 4 3 
832 5 837 31 F: 5 
832 12 856 36 F: 6 6 
840 11 884 35 F: 5 3 3 
848 3 860 27 F: 3 
852 8 868 27 F: 8 
922 13 948 14 F: 13 
939 11 983 26 F: 11 
954 7 961 26 F: 7 
977 6 995 6 F: 5 1 
992 9 1019 26 F: 9 
D: 1 6 
D: 2 18 
D: 3 34 
D: 8 15 
D: 23 41 
