6 10 26 427 F: 10 
19 9 37 273 F: 4 1 4 
26 9 35 29 F: 3 6 
46 7 67 235 F: 7 
47 7 75 21 F: 7 
101 9 110 273 F: 5 2 2 
106 9 133 22 F: 5 2 2 
137 7 158 55 F: 3 4 
166 7 180 4 F: 4 1 2 
196 8 204 371 F: 3 2 3 
220 13 233 134 F: 5 4 4 
227 7 241 442 F: 7 
260 9 278 433 F: 3 6 
261 11 294 274 F: 4 4 3 
279 10 309 185 F: 10 
344 9 380 172 F: 5 4 
377 11 388 380 F: 11 
380 11 413 87 F: 4 4 3 
390 9 408 350 F: 4 1 4 
392 9 401 69 F: 9 
414 4 418 121 F: 4 
429 6 447 399 F: 4 2 
462 11 484 1 F: 3 4 4 
468 7 489 268 F: 7 
494 9 530 219 F: 7 2 
519 8 527 288 F: 3 4 1 
520 6 532 308 F: 2 2 2 
561 8 585 327 F: 2 3 3 
577 8 601 211 F: 8 
599 6 617 34 F: 2 4 
620 12 632 222 F: 7 5 
622 12 634 140 F: 7 5 
659 10 689 81 F: 10 
671 8 687 52 F: 3 1 4 
687 8 695 238 F: 3 5 
709 9 736 431 F: 2 4 3 
721 3 733 13 F: 3 
769 8 793 362 F: 8 
776 13 828 353 F: 5 4 4 
798 8 830 477 F: 6 2 
813 6 825 356 F: 6 
813 9 822 489 F: 5 4 
834 8 858 428 F: 8 
861 5 876 357 F: 3 1 1 
878 4 890 366 F: 4 
963 6 975 490 F: 6 
965 10 975 131 F: 5 4 1 
978 11 989 29 F: 11 
984 8 1000 20 F: 2 6 
993 3 996 159 F: 3 
1001 10 1031 342 F: 7 3 
1013 13 1026 480 F: 7 6 
1060 7 1088 135 F: 3 4 
1068 7 1075 189 F: 7 
1088 13 1140 403 F: 13 
1107 8 1123 205 F: 7 1 
1143 10 1173 126 F: 2 4 4 
1144 10 1164 116 F: 4 3 3 
1184 8 1192 331 F: 5 2 1 
1188 9 1215 267 F: 5 1 3 
1204 10 1224 368 F: 10 
1217 5 1222 332 F: 3 2 
1218 13 1270 4 F: 13 
1262 9 1280 420 F: 5 2 2 
1276 6 1288 112 F: 3 1 2 
1307 4 1319 156 F: 3 1 
1317 5 1327 101 F: 2 1 2 
1319 10 1349 2 F: 5 1 4 
1369 9 1405 352 F: 5 2 2 
1371 12 1395 60 F: 5 3 4 
1404 8 1436 85 F: 2 2 4 
1441 7 1462 335 F: 2 4 1 
1457 4 1473 240 F: 4 
1479 4 1495 145 F: 2 1 1 
1490 9 1517 31 F: 9 
1505 8 1537 39 F: 3 3 2 
1510 10 1520 103 F: 5 4 1 
1546 9 1564 120 F: 4 1 4 
1578 8 1602 278 F: 8 
1590 8 1606 152 F: 5 1 2 
1608 8 1616 367 F: 5 3 
1610 9 1637 94 F: 9 
1639 7 1660 269 F: 7 
1663 9 1672 422 F: 7 2 
1698 12 1722 38 F: 12 
1723 7 1737 263 F: 3 4 
1733 8 1741 426 F: 4 3 1 
1736 6 1748 307 F: 4 2 
1741 11 1785 16 F: 11 
1782 8 1814 213 F: 4 1 3 
1824 9 1851 46 F: 9 
1825 12 1861 258 F: 12 
1827 4 1835 412 F: 4 
1866 4 1874 30 F: 3 1 
1898 5 1908 357 F: 3 2 
1902 8 1910 197 F: 6 2 
1955 10 1975 125 F: 10 
1968 6 1986 226 F: 6 
1972 9 1981 315 F: 3 4 2 
1991 2 1997 217 F: 2 
2002 4 2014 467 F: 4 
2022 2 2024 204 F: 2 
2085 9 2121 64 F: 5 4 
2087 12 2111 2 F: 12 
2095 10 2115 61 F: 7 3 
2116 7 2130 482 F: 2 5 
2122 11 2166 90 F: 11 
2142 8 2150 414 F: 2 3 3 
2166 8 2182 52 F: 3 5 
2189 11 2211 214 F: 6 5 
2214 8 2222 175 F: 3 4 1 
2217 9 2226 193 F: 9 
2224 11 2246 123 F: 4 4 3 
2227 11 2260 407 F: 4 3 4 
2263 12 2287 416 F: 12 
2300 6 2312 168 F: 2 2 2 
2348 7 2362 16 F: 5 2 
2358 7 2386 95 F: 7 
2371 9 2398 286 F: 4 1 4 
2395 9 2431 363 F: 4 3 2 
2412 8 2436 313 F: 5 1 2 
2413 11 2446 245 F: 11 
2453 5 2458 448 F: 4 1 
2455 13 2494 395 F: 13 
2476 3 2485 342 F: 3 
2511 8 2519 309 F: 8 
2538 10 2558 258 F: 7 3 
2543 5 2563 152 F: 5 
2558 8 2566 401 F: 5 3 
2579 12 2591 129 F: 12 
2615 7 2643 434 F: 4 3 
2635 7 2649 302 F: 7 
2647 8 2663 247 F: 7 1 
2647 11 2658 201 F: 5 3 3 
2653 11 2686 182 F: 5 6 
2707 9 2734 71 F: 3 2 4 
2735 8 2759 154 F: 2 2 4 
2736 7 2750 365 F: 2 2 3 
2743 11 2776 423 F: 5 2 4 
2744 10 2784 6 F: 5 3 2 
2803 6 2821 393 F: 5 1 
2806 8 2822 488 F: 6 2 
2870 6 2882 288 F: 6 
2884 7 2912 195 F: 2 3 2 
2894 7 2915 343 F: 7 
2902 12 2938 398 F: 5 4 3 
2923 10 2953 157 F: 4 6 
2945 12 2957 418 F: 12 
2978 3 2990 316 F: 3 
2996 8 3020 389 F: 7 1 
3012 8 3028 451 F: 3 4 1 
3024 9 3051 180 F: 5 4 
3035 12 3059 7 F: 5 3 4 
3038 3 3044 323 F: 3 
3070 10 3080 483 F: 10 
3112 10 3142 53 F: 5 1 4 
3132 3 3138 65 F: 3 
3145 7 3159 111 F: 7 
3147 10 3157 349 F: 5 5 
3183 11 3194 79 F: 4 4 3 
3202 9 3220 40 F: 5 3 1 
3217 5 3237 332 F: 5 
3222 3 3231 402 F: 3 
3264 10 3304 333 F: 5 2 3 
3285 8 3301 21 F: 3 4 1 
3347 13 3360 188 F: 13 
3357 11 3368 1 F: 6 5 
3360 11 3371 185 F: 7 4 
3392 10 3402 451 F: 4 6 
3397 6 3403 340 F: 2 4 
3436 9 3472 356 F: 4 4 1 
3445 7 3459 474 F: 6 1 
3457 7 3478 207 F: 7 
3475 7 3503 394 F: 7 
3497 9 3506 192 F: 4 4 1 
3508 8 3524 86 F: 3 3 2 
3515 9 3533 214 F: 9 
3557 9 3566 392 F: 3 6 
3561 10 3601 157 F: 10 
3593 11 3637 291 F: 3 4 4 
3607 10 3637 392 F: 5 4 1 
3627 9 3654 34 F: 5 4 
3631 9 3667 136 F: 3 6 
3682 6 3700 311 F: 6 
3685 11 3729 217 F: 5 3 3 
3710 12 3758 180 F: 5 4 3 
3747 8 3779 321 F: 3 5 
3782 13 3795 468 F: 13 
3789 12 3837 498 F: 6 6 
3789 13 3841 146 F: 13 
3800 7 3828 229 F: 4 2 1 
3811 7 3825 177 F: 2 3 2 
3830 12 3842 48 F: 5 3 4 
3859 6 3871 220 F: 6 
3899 9 3935 35 F: 7 2 
3908 5 3918 191 F: 5 
3956 8 3988 142 F: 6 2 
3973 9 4009 254 F: 4 4 1 
3992 6 4010 132 F: 2 1 3 
3995 9 4031 476 F: 4 2 3 
4007 8 4039 307 F: 8 
4050 11 4094 205 F: 5 4 2 
4061 7 4082 33 F: 2 5 
4068 7 4089 41 F: 2 5 
4083 11 4094 401 F: 3 4 4 
4110 9 4146 114 F: 3 3 3 
4120 5 4140 152 F: 2 1 2 
4135 7 4142 112 F: 4 2 1 
4141 4 4145 125 F: 2 2 
4184 7 4205 140 F: 3 4 
4217 9 4253 293 F: 9 
4230 11 4252 92 F: 3 4 4 
4244 12 4256 445 F: 7 5 
4259 6 4277 245 F: 3 2 1 
4278 6 4284 19 F: 3 3 
4326 10 4336 8 F: 10 
4332 9 4368 486 F: 9 
4338 5 4358 43 F: 5 
4361 10 4401 144 F: 7 3 
4393 8 4425 399 F: 2 6 
4408 9 4435 378 F: 5 4 
4411 6 4423 29 F: 4 1 1 
4424 4 4440 281 F: 2 2 
4438 6 4456 355 F: 2 1 3 
4499 8 4507 186 F: 3 1 4 
4507 5 4517 173 F: 5 
4549 12 4573 372 F: 5 4 3 
4571 2 4575 167 F: 2 
4596 7 4617 117 F: 6 1 
4599 8 4607 304 F: 5 3 
4640 12 4652 241 F: 7 5 
4641 8 4673 67 F: 3 5 
4644 9 4680 316 F: 6 3 
4660 3 4672 251 F: 3 
4660 7 4667 137 F: 4 2 1 
4712 6 4718 333 F: 6 
4736 6 4748 354 F: 6 
4737 2 4743 127 F: 2 
4748 9 4766 60 F: 4 5 
4775 10 4805 402 F: 5 2 3 
4827 8 4843 113 F: 8 
4831 8 4863 199 F: 4 4 
4867 8 4883 70 F: 5 3 
4876 8 4908 303 F: 7 1 
4887 12 4899 53 F: 12 
4907 12 4955 220 F: 7 5 
4914 6 4932 492 F: 6 
4916 12 4940 58 F: 5 3 4 
4962 5 4982 53 F: 3 2 
4988 4 4992 430 F: 4 
5028 8 5044 314 F: 2 6 
5062 12 5086 86 F: 12 
5075 10 5105 225 F: 6 4 
5087 2 5091 452 F: 2 
5092 8 5100 394 F: 8 
5105 6 5117 388 F: 4 2 
5141 6 5165 217 F: 6 
5141 7 5169 486 F: 2 5 
5168 11 5190 491 F: 11 
5185 7 5213 432 F: 3 1 3 
5202 8 5218 308 F: 4 4 
5212 6 5218 445 F: 5 1 
5220 12 5232 125 F: 12 
5285 12 5297 163 F: 12 
5290 8 5322 144 F: 8 
5315 11 5359 326 F: 11 
5336 7 5364 433 F: 2 3 2 
5344 3 5356 20 F: 3 
5371 8 5403 322 F: 6 2 
5376 9 5385 291 F: 4 1 4 
5453 13 5479 11 F: 7 6 
5468 8 5500 30 F: 2 3 3 
5471 11 5515 206 F: 11 
5483 12 5495 104 F: 12 
5491 12 5503 53 F: 12 
5508 9 5517 109 F: 4 3 2 
5512 7 5526 213 F: 2 1 4 
5516 13 5555 190 F: 7 6 
5533 8 5557 159 F: 4 4 
5542 11 5564 250 F: 7 4 
5621 8 5629 101 F: 4 3 1 
5644 8 5660 452 F: 6 2 
5671 6 5689 99 F: 2 4 
5677 10 5687 216 F: 5 1 4 
5694 5 5699 197 F: 5 
5700 2 5702 284 F: 2 
5743 9 5770 459 F: 3 4 2 
5774 10 5804 62 F: 4 3 3 
5791 9 5818 446 F: 4 3 2 
5797 8 5829 279 F: 8 
5821 9 5830 190 F: 4 5 
5854 8 5878 392 F: 5 2 1 
5867 6 5885 175 F: 4 2 
5876 12 5900 71 F: 12 
5881 12 5929 207 F: 12 
5906 12 5942 8 F: 7 5 
5910 3 5913 396 F: 3 
5941 8 5957 94 F: 6 2 
5942 8 5958 30 F: 5 2 1 
5978 8 5986 153 F: 3 4 1 
6010 6 6016 316 F: 2 4 
6026 7 6033 494 F: 5 2 
6072 12 6108 167 F: 12 
6087 9 6096 285 F: 9 
6089 10 6119 387 F: 10 
6105 4 6121 430 F: 2 2 
6168 2 6170 14 F: 2 
6176 10 6196 302 F: 3 3 4 
6184 9 6202 311 F: 4 4 1 
6189 6 6207 73 F: 3 3 
6200 7 6214 274 F: 2 5 
6256 9 6292 291 F: 6 3 
6280 6 6304 67 F: 6 
6280 8 6288 496 F: 5 2 1 
6294 9 6330 162 F: 5 1 3 
6306 10 6316 171 F: 5 5 
6371 6 6377 173 F: 2 2 2 
6387 8 6395 223 F: 6 2 
6396 4 6412 140 F: 3 1 
6397 2 6403 92 F: 2 
6408 11 6452 279 F: 5 4 2 
6408 12 6444 77 F: 7 5 
6457 6 6475 332 F: 4 1 1 
6496 11 6518 406 F: 11 
6499 8 6523 268 F: 7 1 
6526 7 6547 19 F: 3 4 
6564 7 6592 182 F: 3 4 
6572 9 6599 302 F: 9 
6591 2 6597 66 F: 2 
6599 13 6638 125 F: 13 
6637 10 6667 125 F: 5 4 1 
6641 10 6661 496 F: 2 4 4 
6641 11 6663 158 F: 5 6 
6664 7 6685 399 F: 7 
6666 12 6690 121 F: 5 3 4 
6718 3 6721 186 F: 3 
6734 5 6754 139 F: 5 
6741 7 6762 322 F: 7 
6770 11 6792 442 F: 4 3 4 
6778 7 6785 396 F: 3 4 
6855 9 6864 395 F: 5 4 
6859 12 6907 241 F: 12 
6864 10 6904 422 F: 5 1 4 
6879 8 6895 296 F: 4 4 
6886 7 6893 261 F: 5 2 
6923 12 6947 88 F: 12 
6975 11 6986 256 F: 11 
6981 12 7029 15 F: 6 6 
6986 10 7026 352 F: 4 4 2 
6990 4 6998 452 F: 4 
7012 12 7048 318 F: 7 5 
7033 9 7042 30 F: 9 
7037 10 7077 313 F: 4 6 
7068 8 7100 440 F: 4 4 
7083 4 7099 218 F: 2 1 1 
7107 12 7143 447 F: 12 
7108 5 7123 45 F: 5 
7108 9 7126 289 F: 9 
7134 11 7156 140 F: 5 4 2 
7149 9 7176 384 F: 6 3 
7243 7 7264 88 F: 2 3 2 
7279 10 7309 102 F: 10 
7280 11 7313 324 F: 5 2 4 
7283 3 7292 222 F: 2 1 
7296 3 7299 209 F: 3 
7303 7 7324 436 F: 3 1 3 
7308 10 7348 182 F: 2 4 4 
7322 7 7336 423 F: 6 1 
7326 8 7358 174 F: 3 5 
7343 9 7379 201 F: 9 
7415 9 7433 404 F: 4 1 4 
7463 10 7483 498 F: 5 5 
7483 12 7531 67 F: 5 4 3 
7489 11 7511 239 F: 11 
7499 10 7529 215 F: 4 2 4 
7529 7 7536 481 F: 4 3 
7530 7 7551 144 F: 5 2 
7541 11 7563 311 F: 5 3 3 
7581 6 7593 116 F: 4 2 
7597 7 7611 410 F: 4 1 2 
7614 8 7638 252 F: 7 1 
7626 7 7654 13 F: 3 1 3 
7643 4 7655 40 F: 2 1 1 
7663 6 7681 96 F: 2 2 2 
7689 10 7719 267 F: 5 1 4 
7701 10 7731 466 F: 10 
7718 8 7750 347 F: 3 4 1 
7752 7 7766 243 F: 4 3 
7756 13 7782 448 F: 5 4 4 
7772 6 7790 494 F: 3 3 
7823 11 7867 226 F: 6 5 
7830 5 7840 242 F: 5 
7858 2 7860 135 F: 2 
7866 10 7896 183 F: 4 4 2 
7884 11 7917 76 F: 11 
7910 9 7937 233 F: 3 4 2 
7921 10 7961 225 F: 5 5 
7934 5 7949 490 F: 5 
7940 6 7964 216 F: 6 
7958 6 7976 421 F: 6 
8001 6 8007 437 F: 6 
8012 4 8016 446 F: 4 
8018 2 8022 499 F: 2 
8020 8 8028 155 F: 3 3 2 
8030 6 8042 261 F: 3 2 1 
8101 13 8140 304 F: 13 
8127 4 8143 8 F: 2 1 1 
8149 10 8189 273 F: 5 5 
8152 12 8188 464 F: 7 5 
8181 5 8186 311 F: 4 1 
8216 9 8234 497 F: 3 6 
8221 9 8230 473 F: 9 
8231 7 8245 139 F: 4 3 
8274 13 8300 126 F: 7 6 
8295 9 8322 407 F: 3 6 
8330 3 8339 439 F: 3 
8343 7 8357 187 F: 3 4 
8369 7 8383 289 F: 3 3 1 
8375 8 8391 54 F: 3 1 4 
8387 5 8397 11 F: 4 1 
8420 7 8441 157 F: 3 1 3 
8423 10 8463 27 F: 4 4 2 
8425 8 8449 225 F: 4 3 1 
8461 9 8470 55 F: 3 3 3 
8491 7 8519 486 F: 4 2 1 
8508 8 8516 451 F: 3 2 3 
8566 6 8590 292 F: 2 4 
8567 5 8577 130 F: 2 1 2 
8573 10 8603 81 F: 4 4 2 
8597 4 8601 442 F: 2 2 
8613 2 8617 258 F: 2 
8655 8 8671 64 F: 5 3 
8661 5 8666 496 F: 2 3 
8664 2 8666 115 F: 2 
8688 13 8727 294 F: 5 4 4 
8701 11 8734 444 F: 11 
8723 9 8759 217 F: 3 4 2 
8739 9 8766 92 F: 6 3 
8749 9 8758 108 F: 4 1 4 
8765 6 8777 36 F: 4 2 
8815 9 8851 325 F: 5 4 
8819 13 8845 136 F: 5 4 4 
8856 12 8904 165 F: 5 4 3 
8865 6 8883 370 F: 2 1 3 
8877 8 8885 237 F: 2 3 3 
8941 7 8948 198 F: 2 3 2 
8951 10 8971 109 F: 5 1 4 
8958 8 8966 58 F: 4 2 2 
8962 3 8968 369 F: 3 
8998 7 9019 445 F: 7 
9006 2 9010 134 F: 2 
9008 4 9012 308 F: 4 
9044 8 9076 194 F: 8 
9087 7 9115 254 F: 3 1 3 
9090 6 9114 439 F: 6 
9158 8 9190 107 F: 3 5 
9161 7 9189 40 F: 3 4 
9169 7 9176 460 F: 3 1 3 
9192 6 9204 432 F: 3 3 
9193 7 9214 304 F: 7 
9213 7 9227 321 F: 7 
9215 8 9231 419 F: 4 4 
9222 10 9252 419 F: 10 
9245 3 9257 167 F: 2 1 
9254 7 9268 248 F: 6 1 
9301 7 9308 77 F: 2 1 4 
9316 12 9340 258 F: 12 
9325 11 9369 451 F: 5 2 4 
9351 3 9354 272 F: 2 1 
9356 11 9389 352 F: 6 5 
9424 8 9448 392 F: 3 2 3 
9431 7 9445 360 F: 5 1 1 
9477 8 9493 465 F: 7 1 
9486 11 9519 3 F: 6 5 
9489 5 9494 362 F: 5 
9561 10 9591 359 F: 5 5 
9564 12 9576 423 F: 12 
9572 7 9579 433 F: 5 2 
9591 10 9621 110 F: 7 3 
9593 8 9601 272 F: 4 2 2 
9605 12 9617 61 F: 5 3 4 
9611 4 9627 2 F: 4 
9624 9 9633 189 F: 9 
9650 5 9665 1 F: 5 
9652 9 9688 102 F: 4 5 
9704 8 9728 148 F: 4 1 3 
9748 8 9780 70 F: 3 5 
9749 7 9763 468 F: 3 2 2 
9790 10 9830 203 F: 5 4 1 
9795 9 9822 99 F: 3 3 3 
9822 9 9840 268 F: 5 4 
9847 3 9850 487 F: 3 
9859 6 9883 162 F: 4 1 1 
9867 10 9897 289 F: 10 
9883 10 9923 257 F: 5 1 4 
9903 10 9923 396 F: 3 3 4 
9929 7 9936 294 F: 3 1 3 
9961 7 9975 30 F: 5 2 
9975 11 9986 312 F: 11 
9989 8 10013 493 F: 3 2 3 
D: 1 186 
D: 12 484 
D: 16 158 
D: 22 365 
D: 30 253 
D: 42 231 
D: 52 230 
D: 71 117 
D: 77 481 
D: 78 250 
D: 80 182 
D: 82 399 
D: 85 86 
D: 89 372 
D: 90 120 
D: 91 137 
D: 93 128 
D: 109 142 
D: 112 486 
D: 114 199 
D: 118 287 
D: 119 233 
D: 119 244 
D: 133 360 
D: 135 417 
D: 136 184 
D: 146 162 
D: 150 397 
D: 151 436 
D: 154 230 
D: 175 359 
D: 177 262 
D: 201 477 
D: 206 335 
D: 218 289 
D: 233 262 
D: 237 243 
D: 241 249 
D: 247 397 
D: 269 298 
D: 269 418 
D: 270 486 
D: 273 435 
D: 325 421 
D: 368 455 
D: 369 422 
D: 372 440 
D: 378 428 
D: 416 427 
D: 452 480 
