3 13 42 46 F: 5 4 4 
8 5 18 47 F: 5 
59 5 79 20 F: 2 3 
98 9 134 6 F: 2 4 3 
99 8 123 22 F: 8 
118 12 166 41 F: 12 
126 5 136 37 F: 5 
133 7 161 38 F: 7 
159 11 170 46 F: 11 
165 2 167 22 F: 2 
222 10 232 30 F: 10 
258 10 268 24 F: 5 1 4 
271 8 279 10 F: 8 
273 5 283 17 F: 5 
293 8 309 7 F: 7 1 
321 6 339 32 F: 6 
325 7 339 7 F: 3 2 2 
333 8 349 49 F: 8 
369 10 379 17 F: 5 4 1 
378 12 414 3 F: 7 5 
404 10 424 11 F: 4 3 3 
408 8 416 7 F: 5 1 2 
429 10 469 24 F: 6 4 
431 12 479 19 F: 7 5 
498 8 514 18 F: 2 2 4 
510 4 522 40 F: 2 2 
512 5 527 11 F: 5 
548 8 564 16 F: 3 4 1 
551 5 561 25 F: 3 1 1 
578 9 587 8 F: 3 4 2 
628 6 640 12 F: 6 
650 10 660 1 F: 5 1 4 
685 3 688 10 F: 3 
685 3 688 37 F: 2 1 
693 4 697 13 F: 2 1 1 
700 5 720 39 F: 4 1 
726 11 748 27 F: 5 6 
768 8 776 25 F: 7 1 
786 6 798 30 F: 5 1 
787 7 801 46 F: 5 1 1 
841 9 868 22 F: 5 4 
858 11 869 45 F: 4 4 3 
869 8 893 18 F: 2 6 
884 10 914 14 F: 4 6 
894 10 924 47 F: 5 5 
900 12 924 44 F: 6 6 
926 13 965 18 F: 13 
928 7 956 43 F: 4 3 
942 6 954 34 F: 6 
959 10 979 10 F: 10 
D: 5 32 
D: 12 32 
D: 15 39 
D: 18 47 
D: 28 37 
