31 7 59 267 F: 3 2 2 
49 3 55 302 F: 3 
51 11 95 410 F: 11 
68 8 92 74 F: 4 1 3 
68 11 79 208 F: 5 6 
101 2 105 47 F: 2 
101 6 107 260 F: 2 1 3 
109 11 120 407 F: 7 4 
130 8 138 281 F: 3 1 4 
155 6 173 30 F: 6 
204 9 231 102 F: 5 2 2 
211 8 219 251 F: 3 5 
223 10 233 448 F: 10 
233 12 257 383 F: 5 3 4 
265 11 276 237 F: 7 4 
310 8 342 370 F: 8 
343 9 352 5 F: 9 
356 10 386 106 F: 10 
358 13 410 85 F: 7 6 
399 5 409 410 F: 3 2 
422 10 432 185 F: 5 3 2 
425 5 435 200 F: 5 
450 9 459 329 F: 4 2 3 
459 8 483 11 F: 8 
498 9 516 296 F: 3 3 3 
529 10 549 271 F: 10 
539 11 561 102 F: 5 6 
544 7 565 443 F: 7 
571 8 603 61 F: 7 1 
586 9 622 398 F: 3 2 4 
600 8 616 487 F: 5 3 
625 5 640 116 F: 2 1 2 
656 10 676 92 F: 5 1 4 
670 3 679 499 F: 3 
696 4 700 232 F: 2 1 1 
715 7 729 407 F: 7 
719 11 730 405 F: 4 3 4 
723 7 751 241 F: 5 2 
757 7 764 240 F: 7 
792 11 803 383 F: 4 4 3 
803 8 819 419 F: 3 4 1 
806 8 814 463 F: 2 6 
811 5 831 114 F: 3 1 1 
818 9 827 397 F: 9 
869 8 893 386 F: 8 
910 5 930 194 F: 2 3 
913 8 921 310 F: 5 1 2 
930 10 960 409 F: 5 1 4 
940 11 973 362 F: 11 
947 12 971 262 F: 4 4 4 
1020 13 1033 373 F: 13 
1030 6 1054 9 F: 4 2 
1047 13 1086 72 F: 7 6 
1070 9 1106 306 F: 6 3 
1094 8 1102 337 F: 7 1 
1124 8 1156 262 F: 2 2 4 
1129 11 1162 64 F: 4 4 3 
1132 11 1176 384 F: 11 
1177 3 1180 14 F: 3 
1184 9 1211 265 F: 9 
1201 10 1211 439 F: 10 
1205 10 1235 234 F: 5 5 
1220 6 1226 468 F: 3 3 
1270 7 1291 247 F: 6 1 
1277 4 1281 307 F: 2 1 1 
1302 7 1330 67 F: 2 5 
1317 11 1350 209 F: 4 3 4 
1319 2 1325 310 F: 2 
1323 13 1375 3 F: 5 4 4 
1381 8 1405 272 F: 3 3 2 
1427 10 1457 92 F: 5 1 4 
1450 9 1468 103 F: 2 4 3 
1452 10 1462 147 F: 10 
1458 9 1485 274 F: 4 4 1 
1484 11 1495 85 F: 6 5 
1500 9 1527 456 F: 9 
1504 8 1536 428 F: 2 3 3 
1535 9 1553 438 F: 2 4 3 
1550 11 1583 330 F: 11 
1583 7 1611 107 F: 2 1 4 
1604 8 1612 317 F: 3 1 4 
1611 7 1632 172 F: 2 5 
1631 4 1647 373 F: 2 2 
1662 10 1692 417 F: 4 2 4 
1667 11 1700 332 F: 11 
1707 4 1719 217 F: 2 2 
1717 9 1753 320 F: 9 
1722 4 1734 110 F: 2 1 1 
1740 8 1764 95 F: 5 1 2 
1761 2 1769 117 F: 2 
1812 5 1822 328 F: 3 2 
1814 11 1825 219 F: 6 5 
1859 7 1880 364 F: 3 1 3 
1868 8 1892 195 F: 4 1 3 
1874 5 1894 163 F: 4 1 
1905 12 1917 376 F: 12 
1932 8 1940 473 F: 2 3 3 
1958 10 1978 114 F: 5 2 3 
1971 11 2004 482 F: 11 
1979 11 2001 283 F: 5 6 
2009 12 2057 119 F: 12 
2048 8 2064 124 F: 6 2 
2050 10 2060 397 F: 7 3 
2052 10 2072 195 F: 7 3 
2099 7 2120 220 F: 5 2 
2125 11 2147 228 F: 11 
2133 3 2136 101 F: 3 
2155 9 2164 325 F: 4 5 
2191 6 2209 375 F: 5 1 
2196 8 2220 496 F: 4 4 
2200 5 2210 301 F: 2 1 2 
2233 12 2257 171 F: 7 5 
2259 5 2279 351 F: 3 2 
2295 11 2328 86 F: 4 3 4 
2297 5 2307 227 F: 5 
2313 10 2323 283 F: 2 4 4 
2327 8 2351 486 F: 2 6 
2355 12 2367 348 F: 7 5 
2363 9 2399 176 F: 2 4 3 
2389 6 2413 111 F: 3 2 1 
2424 11 2457 342 F: 11 
2427 3 2439 294 F: 3 
2439 4 2455 300 F: 3 1 
2455 12 2479 355 F: 12 
2496 2 2504 169 F: 2 
2527 12 2551 268 F: 6 6 
2550 11 2594 90 F: 4 3 4 
2589 11 2600 303 F: 5 2 4 
2595 8 2619 198 F: 7 1 
2597 9 2624 104 F: 9 
2611 9 2647 201 F: 5 4 
2633 11 2655 130 F: 5 6 
2645 4 2657 473 F: 4 
2652 9 2688 183 F: 7 2 
2679 7 2693 489 F: 3 4 
2715 11 2748 107 F: 11 
2733 4 2749 58 F: 4 
2743 7 2750 500 F: 6 1 
2749 10 2779 114 F: 6 4 
2755 10 2765 340 F: 10 
2869 10 2899 135 F: 7 3 
2871 2 2879 157 F: 2 
2884 9 2893 120 F: 5 3 1 
2891 7 2919 486 F: 6 1 
2893 11 2915 254 F: 11 
2907 12 2955 245 F: 5 4 3 
2919 5 2929 61 F: 2 2 1 
2930 5 2935 53 F: 2 2 1 
2950 9 2986 264 F: 6 3 
2969 6 2975 207 F: 3 3 
3018 9 3036 140 F: 2 3 4 
3030 5 3040 35 F: 5 
3036 10 3056 353 F: 10 
3075 10 3095 159 F: 10 
3096 13 3148 177 F: 13 
3111 9 3129 293 F: 9 
3113 10 3123 69 F: 7 3 
3171 13 3223 77 F: 13 
3174 8 3198 72 F: 3 3 2 
3192 4 3208 244 F: 4 
3200 7 3221 474 F: 4 1 2 
3214 11 3247 26 F: 11 
3229 7 3236 61 F: 2 5 
3242 8 3266 113 F: 3 2 3 
3262 7 3269 445 F: 4 3 
3310 4 3322 98 F: 2 2 
3316 9 3325 359 F: 5 4 
3327 7 3348 226 F: 2 2 3 
3366 10 3396 98 F: 4 6 
3379 10 3399 34 F: 5 5 
3415 8 3447 340 F: 4 4 
3449 4 3457 352 F: 4 
3452 12 3488 282 F: 4 4 4 
3478 9 3505 425 F: 7 2 
3499 10 3539 208 F: 7 3 
3514 7 3542 144 F: 4 1 2 
3534 10 3574 480 F: 10 
3547 9 3574 376 F: 5 4 
3581 7 3588 74 F: 4 3 
3593 9 3620 424 F: 4 4 1 
3636 8 3652 475 F: 5 2 1 
3637 13 3650 21 F: 7 6 
3660 9 3678 73 F: 2 4 3 
3666 7 3680 480 F: 4 3 
3678 12 3690 184 F: 12 
3738 9 3747 245 F: 5 1 3 
3740 11 3784 316 F: 5 6 
3761 8 3793 440 F: 2 6 
3791 10 3811 116 F: 6 4 
3796 9 3823 120 F: 9 
3837 10 3867 381 F: 4 3 3 
3857 12 3905 79 F: 12 
3870 12 3918 192 F: 12 
3871 9 3880 2 F: 2 3 4 
3887 4 3903 355 F: 4 
3919 5 3929 401 F: 4 1 
3934 8 3958 117 F: 4 3 1 
3949 13 3975 361 F: 7 6 
3982 8 3998 341 F: 3 4 1 
3986 5 3996 134 F: 2 3 
4011 10 4041 111 F: 6 4 
4063 7 4070 226 F: 4 2 1 
4066 10 4096 97 F: 5 4 1 
4081 7 4102 169 F: 4 1 2 
4087 4 4095 232 F: 4 
4123 5 4138 414 F: 5 
4135 8 4143 275 F: 4 1 3 
4142 7 4170 93 F: 6 1 
4192 6 4210 152 F: 2 4 
4194 9 4230 144 F: 3 3 3 
4202 10 4222 318 F: 5 3 2 
4216 8 4240 219 F: 5 3 
4224 7 4245 147 F: 2 2 3 
4229 5 4239 428 F: 2 3 
4282 11 4315 361 F: 3 4 4 
4300 5 4305 429 F: 4 1 
4330 9 4339 443 F: 3 3 3 
4334 8 4366 120 F: 2 2 4 
4338 7 4352 272 F: 4 1 2 
4369 12 4417 265 F: 12 
4402 5 4407 478 F: 2 3 
4422 8 4430 500 F: 3 2 3 
4473 5 4493 369 F: 5 
4497 2 4503 104 F: 2 
4497 10 4507 189 F: 4 4 2 
4562 11 4595 440 F: 7 4 
4566 9 4584 119 F: 6 3 
4567 9 4603 30 F: 7 2 
4583 8 4591 58 F: 8 
4586 5 4606 316 F: 5 
4600 9 4618 500 F: 6 3 
4607 3 4619 490 F: 3 
4610 10 4640 402 F: 7 3 
4643 7 4664 117 F: 4 1 2 
4673 11 4717 423 F: 6 5 
4719 11 4730 241 F: 5 3 3 
4749 13 4762 468 F: 13 
4751 9 4787 484 F: 7 2 
4754 10 4764 237 F: 2 4 4 
4779 9 4815 49 F: 3 3 3 
4804 8 4836 389 F: 8 
4810 7 4838 187 F: 7 
4837 8 4853 466 F: 3 5 
4838 7 4866 189 F: 5 2 
4863 4 4875 271 F: 4 
4921 10 4951 237 F: 10 
4930 12 4942 9 F: 7 5 
4944 10 4954 463 F: 4 6 
4951 8 4959 321 F: 6 2 
4987 6 5011 11 F: 2 3 1 
5012 8 5020 266 F: 8 
5028 9 5046 285 F: 3 6 
5030 5 5040 51 F: 2 1 2 
5049 13 5075 98 F: 13 
5053 7 5060 235 F: 3 2 2 
5115 8 5123 172 F: 7 1 
5117 9 5135 82 F: 3 4 2 
5121 7 5142 9 F: 3 3 1 
5138 5 5153 341 F: 5 
5152 3 5161 194 F: 3 
5227 10 5257 368 F: 10 
5232 7 5260 87 F: 2 3 2 
5265 3 5268 178 F: 3 
5266 4 5274 269 F: 4 
5269 7 5283 469 F: 3 4 
5304 9 5313 54 F: 5 4 
5307 8 5339 15 F: 4 2 2 
5330 2 5336 289 F: 2 
5350 10 5380 244 F: 10 
5393 8 5409 54 F: 6 2 
5425 10 5445 242 F: 4 4 2 
5428 7 5449 347 F: 2 5 
5448 7 5476 68 F: 3 2 2 
5452 8 5484 56 F: 4 1 3 
5455 10 5485 409 F: 6 4 
5501 10 5531 185 F: 7 3 
5542 5 5552 270 F: 2 1 2 
5551 7 5572 33 F: 7 
5562 10 5582 71 F: 4 4 2 
5576 8 5592 390 F: 4 2 2 
5609 9 5645 279 F: 9 
5636 12 5660 454 F: 5 4 3 
5640 9 5676 161 F: 3 4 2 
5642 11 5675 421 F: 11 
5695 5 5700 51 F: 3 1 1 
5721 4 5725 385 F: 4 
5723 6 5729 50 F: 6 
5758 7 5772 212 F: 4 3 
5774 8 5790 193 F: 5 3 
5796 5 5816 169 F: 2 3 
5822 12 5858 131 F: 5 3 4 
5854 6 5866 483 F: 2 2 2 
5862 10 5872 227 F: 6 4 
5889 10 5909 497 F: 5 4 1 
5894 5 5899 4 F: 3 2 
5909 7 5930 20 F: 7 
5930 11 5952 497 F: 4 4 3 
5934 8 5958 272 F: 2 4 2 
5953 7 5974 170 F: 7 
5998 9 6025 330 F: 7 2 
6009 7 6037 38 F: 7 
6044 10 6064 96 F: 3 4 3 
6045 7 6052 42 F: 5 2 
6048 7 6076 211 F: 2 4 1 
6094 4 6106 185 F: 2 2 
6121 10 6151 64 F: 5 5 
6132 9 6159 428 F: 5 1 3 
6146 5 6166 97 F: 4 1 
6174 6 6198 260 F: 6 
6193 11 6204 58 F: 11 
6218 7 6246 476 F: 3 4 
6282 7 6310 408 F: 2 4 1 
6283 4 6287 191 F: 2 1 1 
6288 10 6318 467 F: 4 6 
6296 10 6316 401 F: 5 5 
6317 6 6329 88 F: 5 1 
6317 6 6329 224 F: 2 4 
6320 7 6341 354 F: 7 
6332 8 6364 93 F: 6 2 
6383 9 6401 104 F: 2 3 4 
6455 8 6471 107 F: 2 2 4 
6456 13 6508 114 F: 13 
6473 4 6489 209 F: 2 2 
6482 7 6510 408 F: 7 
6483 10 6513 356 F: 4 6 
6512 4 6520 212 F: 4 
6519 6 6531 187 F: 6 
6525 10 6545 342 F: 4 6 
6558 6 6570 347 F: 2 3 1 
6560 5 6565 75 F: 5 
6610 8 6618 306 F: 3 2 3 
6635 13 6674 441 F: 13 
6640 8 6672 239 F: 4 4 
6642 11 6653 20 F: 11 
6668 4 6680 195 F: 2 2 
6736 10 6756 129 F: 4 4 2 
6747 13 6760 387 F: 7 6 
6753 7 6767 183 F: 3 3 1 
6765 9 6774 195 F: 3 3 3 
6784 11 6828 420 F: 5 6 
6804 10 6844 281 F: 5 4 1 
6864 10 6894 313 F: 5 3 2 
6866 4 6870 65 F: 2 2 
6896 10 6916 125 F: 10 
6898 8 6922 398 F: 4 3 1 
6905 9 6941 316 F: 4 2 3 
6914 12 6926 401 F: 12 
6942 7 6970 341 F: 7 
6951 10 6981 203 F: 5 3 2 
6956 8 6980 248 F: 3 1 4 
7005 2 7013 138 F: 2 
7035 9 7053 38 F: 9 
7054 8 7070 304 F: 8 
7080 7 7108 498 F: 3 1 3 
7086 13 7125 8 F: 5 4 4 
7100 9 7109 14 F: 9 
7138 9 7174 315 F: 5 1 3 
7156 5 7176 287 F: 5 
7166 13 7218 225 F: 13 
7177 8 7209 369 F: 5 3 
7205 7 7212 327 F: 4 1 2 
7210 8 7234 343 F: 2 4 2 
7212 8 7236 416 F: 7 1 
7229 9 7238 458 F: 4 3 2 
7259 6 7283 138 F: 2 1 3 
7308 7 7329 232 F: 2 2 3 
7339 4 7347 50 F: 4 
7355 8 7387 24 F: 8 
7373 9 7391 164 F: 4 3 2 
7384 8 7400 241 F: 3 1 4 
7441 8 7457 161 F: 2 4 2 
7459 13 7485 479 F: 7 6 
7473 4 7481 429 F: 4 
7474 7 7495 340 F: 7 
7492 10 7512 265 F: 10 
7518 9 7545 154 F: 4 2 3 
7520 7 7541 78 F: 3 4 
7537 12 7585 342 F: 12 
7544 6 7568 123 F: 5 1 
7571 13 7597 428 F: 5 4 4 
7607 9 7643 307 F: 2 3 4 
7610 5 7630 429 F: 2 3 
7633 11 7666 305 F: 11 
7636 10 7646 141 F: 7 3 
7670 12 7706 418 F: 12 
7731 12 7779 75 F: 7 5 
7743 9 7770 312 F: 3 6 
7746 6 7770 190 F: 6 
7773 8 7805 326 F: 6 2 
7797 7 7825 140 F: 6 1 
7812 7 7833 314 F: 3 3 1 
7820 11 7853 183 F: 11 
7822 10 7842 299 F: 7 3 
7846 8 7870 374 F: 6 2 
7877 12 7901 492 F: 12 
7900 5 7905 16 F: 5 
7902 9 7920 142 F: 9 
7971 8 7979 324 F: 4 4 
7980 11 8013 467 F: 11 
7981 8 8005 261 F: 5 2 1 
8019 8 8035 111 F: 7 1 
8048 12 8072 337 F: 12 
8080 9 8098 416 F: 4 3 2 
8092 7 8106 92 F: 2 5 
8094 5 8099 449 F: 4 1 
8119 9 8155 153 F: 3 4 2 
8120 10 8150 334 F: 4 6 
8132 11 8154 177 F: 11 
8185 8 8193 41 F: 7 1 
8192 9 8210 369 F: 5 4 
8214 7 8221 440 F: 3 2 2 
8248 10 8288 438 F: 4 2 4 
8258 7 8286 12 F: 7 
8290 9 8299 343 F: 2 3 4 
8299 9 8335 67 F: 9 
8321 11 8343 8 F: 7 4 
8351 11 8373 117 F: 11 
8371 6 8377 335 F: 5 1 
8376 4 8388 332 F: 4 
8398 11 8420 448 F: 5 4 2 
8401 8 8433 52 F: 6 2 
8446 2 8452 186 F: 2 
8461 8 8485 191 F: 3 4 1 
8474 5 8484 346 F: 4 1 
8498 6 8516 233 F: 6 
8505 8 8513 73 F: 3 5 
8523 10 8563 92 F: 3 4 3 
8540 6 8564 203 F: 3 1 2 
8548 5 8568 374 F: 3 1 1 
8571 3 8583 251 F: 3 
8615 4 8627 478 F: 3 1 
8641 8 8673 20 F: 3 5 
8660 10 8700 320 F: 10 
8661 12 8697 383 F: 12 
8669 8 8693 475 F: 6 2 
8713 11 8757 207 F: 5 4 2 
8734 9 8770 104 F: 4 2 3 
8752 9 8770 381 F: 3 4 2 
8769 4 8781 394 F: 4 
8775 13 8788 5 F: 13 
8812 7 8833 82 F: 2 5 
8817 9 8835 170 F: 3 4 2 
8821 9 8839 151 F: 3 6 
8822 8 8854 37 F: 2 3 3 
8847 8 8879 225 F: 4 1 3 
8908 10 8938 132 F: 7 3 
8929 8 8953 434 F: 3 2 3 
8939 7 8967 231 F: 2 5 
8988 8 9004 378 F: 4 4 
8993 5 9003 285 F: 2 3 
9038 10 9068 89 F: 3 4 3 
9045 12 9081 450 F: 12 
9056 7 9063 294 F: 5 2 
9076 7 9083 52 F: 2 2 3 
9097 2 9099 248 F: 2 
9102 7 9123 332 F: 5 2 
9143 6 9161 292 F: 6 
9151 6 9157 272 F: 5 1 
9158 6 9170 161 F: 6 
9192 10 9202 328 F: 5 1 4 
9203 10 9243 13 F: 7 3 
9204 4 9220 106 F: 2 1 1 
9266 5 9281 407 F: 5 
9266 9 9284 461 F: 3 6 
9298 6 9322 72 F: 6 
9342 10 9382 307 F: 10 
9359 7 9387 413 F: 2 3 2 
9367 9 9403 8 F: 4 1 4 
9379 8 9395 35 F: 8 
9385 7 9392 91 F: 2 3 2 
9418 8 9426 174 F: 4 2 2 
9432 9 9450 470 F: 3 2 4 
9467 5 9487 421 F: 5 
9478 9 9496 17 F: 9 
9480 13 9532 460 F: 13 
9537 3 9540 498 F: 3 
9567 8 9583 113 F: 3 2 3 
9571 8 9579 476 F: 3 3 2 
9585 8 9617 500 F: 5 2 1 
9595 9 9622 195 F: 3 3 3 
9603 9 9639 18 F: 2 4 3 
9621 5 9636 191 F: 3 2 
9631 8 9663 279 F: 5 2 1 
9686 9 9722 254 F: 4 5 
9690 4 9706 469 F: 4 
9726 9 9762 211 F: 6 3 
9727 5 9742 27 F: 5 
9743 8 9751 460 F: 5 1 2 
9776 7 9804 154 F: 3 2 2 
9792 5 9807 327 F: 2 3 
9813 6 9837 220 F: 3 3 
9844 10 9854 269 F: 3 3 4 
9853 11 9864 379 F: 6 5 
9854 13 9867 494 F: 13 
9888 9 9897 315 F: 5 4 
9907 8 9931 279 F: 8 
9949 11 9993 25 F: 5 2 4 
9966 7 9980 146 F: 2 5 
9976 9 9994 466 F: 9 
9984 8 10000 375 F: 3 3 2 
D: 19 372 
D: 20 365 
D: 20 374 
D: 22 177 
D: 24 216 
D: 33 335 
D: 36 413 
D: 38 352 
D: 53 325 
D: 58 318 
D: 62 430 
D: 64 133 
D: 71 308 
D: 76 182 
D: 79 381 
D: 82 340 
D: 87 258 
D: 87 308 
D: 93 236 
D: 106 356 
D: 116 493 
D: 119 395 
D: 132 364 
D: 135 406 
D: 136 201 
D: 144 206 
D: 149 433 
D: 156 467 
D: 163 306 
D: 166 384 
D: 172 275 
D: 178 486 
D: 195 343 
D: 211 273 
D: 215 496 
D: 218 248 
D: 250 306 
D: 255 389 
D: 255 443 
D: 255 459 
D: 258 343 
D: 270 321 
D: 306 366 
D: 329 431 
D: 348 480 
D: 360 467 
D: 370 472 
D: 415 441 
D: 431 496 
D: 474 486 
