27 2 35 16 F: 2 
28 5 48 48 F: 2 1 2 
49 11 82 14 F: 5 4 2 
51 10 61 8 F: 6 4 
70 12 118 6 F: 7 5 
126 6 144 38 F: 5 1 
146 6 170 43 F: 3 3 
159 2 165 2 F: 2 
166 13 218 1 F: 13 
186 6 198 40 F: 3 2 1 
206 13 232 24 F: 13 
236 4 252 24 F: 4 
280 10 290 4 F: 6 4 
284 8 316 33 F: 8 
296 7 310 31 F: 4 3 
301 12 349 35 F: 12 
315 12 339 40 F: 7 5 
351 7 372 39 F: 5 2 
353 3 365 39 F: 2 1 
386 3 398 37 F: 3 
415 3 424 4 F: 3 
424 5 429 4 F: 5 
449 5 464 23 F: 3 2 
450 9 486 18 F: 9 
450 10 470 26 F: 4 6 
500 5 515 30 F: 2 1 2 
508 4 516 36 F: 4 
510 5 530 5 F: 4 1 
553 2 561 5 F: 2 
555 12 567 3 F: 4 4 4 
630 4 646 8 F: 4 
630 7 637 25 F: 5 1 1 
632 5 637 47 F: 5 
682 5 702 4 F: 2 3 
699 8 731 27 F: 8 
719 3 725 9 F: 3 
721 8 745 50 F: 3 2 3 
735 11 768 2 F: 11 
772 10 812 50 F: 5 1 4 
799 10 829 1 F: 5 3 2 
812 11 834 46 F: 3 4 4 
815 7 829 12 F: 2 1 4 
824 2 826 21 F: 2 
834 10 864 29 F: 4 3 3 
844 6 850 44 F: 2 2 2 
944 10 984 18 F: 6 4 
953 8 985 6 F: 6 2 
971 11 993 40 F: 5 6 
977 7 984 7 F: 6 1 
994 9 1012 39 F: 5 1 3 
D: 10 19 
D: 18 19 
D: 18 49 
D: 30 38 
D: 33 45 
