11 8 43 34 F: 8 
20 9 29 46 F: 9 
57 6 81 44 F: 4 1 1 
60 4 68 30 F: 4 
72 4 76 14 F: 4 
116 10 126 24 F: 10 
117 5 122 41 F: 2 3 
121 4 129 7 F: 4 
134 10 154 20 F: 5 2 3 
169 9 205 31 F: 6 3 
207 7 235 41 F: 2 1 4 
221 6 227 29 F: 5 1 
269 8 285 35 F: 5 3 
298 6 310 4 F: 2 4 
298 7 319 29 F: 5 1 1 
306 5 326 23 F: 5 
307 5 322 22 F: 2 3 
338 6 350 38 F: 6 
380 6 404 25 F: 2 4 
390 9 408 28 F: 3 6 
426 9 444 20 F: 9 
467 7 474 10 F: 4 1 2 
484 7 505 3 F: 3 4 
486 5 496 41 F: 5 
488 5 508 10 F: 5 
522 8 538 50 F: 8 
531 8 539 1 F: 8 
559 5 569 31 F: 4 1 
561 10 581 29 F: 4 6 
577 7 591 13 F: 3 3 1 
602 9 611 6 F: 3 6 
629 7 657 9 F: 7 
650 6 668 2 F: 3 2 1 
662 10 692 22 F: 10 
688 7 709 30 F: 3 3 1 
705 3 717 6 F: 3 
711 8 719 37 F: 4 1 3 
724 2 728 43 F: 2 
732 6 744 15 F: 6 
746 5 766 30 F: 5 
806 10 846 3 F: 5 3 2 
842 6 866 3 F: 6 
862 5 882 3 F: 5 
880 10 900 3 F: 5 4 1 
898 2 902 22 F: 2 
920 10 960 2 F: 7 3 
925 11 936 7 F: 11 
933 11 977 27 F: 7 4 
937 11 959 41 F: 11 
964 9 973 35 F: 3 4 2 
D: 4 22 
D: 10 45 
D: 12 24 
D: 21 48 
D: 39 48 
