8 10 48 42 F: 6 4 
10 11 43 40 F: 3 4 4 
16 11 38 1 F: 11 
37 5 47 21 F: 3 2 
73 10 83 19 F: 3 3 4 
106 13 132 10 F: 7 6 
129 7 157 17 F: 3 1 3 
132 7 153 25 F: 7 
145 11 178 45 F: 11 
175 8 191 48 F: 5 3 
254 4 262 35 F: 4 
273 8 297 6 F: 4 2 2 
276 9 312 28 F: 2 4 3 
284 9 320 42 F: 2 4 3 
296 11 307 14 F: 4 3 4 
310 2 316 32 F: 2 
312 10 342 14 F: 10 
317 13 330 22 F: 13 
379 9 397 19 F: 5 2 2 
390 9 417 5 F: 9 
422 10 452 46 F: 5 4 1 
453 13 505 4 F: 13 
457 6 469 16 F: 2 2 2 
468 6 486 48 F: 6 
476 9 503 45 F: 3 4 2 
503 11 525 33 F: 5 4 2 
513 9 522 49 F: 6 3 
524 6 542 21 F: 6 
539 9 566 11 F: 5 1 3 
583 11 605 39 F: 6 5 
623 8 655 4 F: 8 
624 8 632 23 F: 5 1 2 
629 9 638 24 F: 2 4 3 
631 4 643 6 F: 4 
654 2 662 50 F: 2 
708 6 726 38 F: 2 1 3 
708 10 718 19 F: 4 4 2 
720 6 738 9 F: 3 3 
724 9 733 32 F: 4 5 
765 9 783 33 F: 3 3 3 
851 8 875 42 F: 6 2 
856 6 862 10 F: 4 2 
877 6 883 12 F: 5 1 
879 8 887 30 F: 8 
881 6 899 27 F: 2 4 
900 8 908 7 F: 4 3 1 
955 8 963 41 F: 5 2 1 
957 9 975 34 F: 3 3 3 
968 10 998 24 F: 3 3 4 
989 5 999 13 F: 2 1 2 
D: 8 14 
D: 10 41 
D: 17 49 
D: 21 27 
D: 41 48 
