41 8 49 399 F: 5 3 
42 7 49 73 F: 2 2 3 
66 9 93 101 F: 3 2 4 
80 7 108 2 F: 2 5 
90 8 114 408 F: 3 3 2 
101 11 123 360 F: 5 4 2 
145 4 149 333 F: 4 
166 10 196 62 F: 5 4 1 
169 11 202 365 F: 7 4 
197 3 209 466 F: 3 
217 9 235 9 F: 4 4 1 
218 11 229 260 F: 11 
228 6 240 259 F: 6 
244 8 268 259 F: 3 4 1 
251 11 273 138 F: 5 4 2 
300 7 307 226 F: 3 4 
317 7 345 125 F: 5 1 1 
342 5 352 411 F: 5 
389 8 397 461 F: 7 1 
390 8 414 12 F: 6 2 
420 11 442 120 F: 11 
422 8 454 131 F: 5 3 
463 8 471 149 F: 4 4 
468 2 476 199 F: 2 
480 12 528 140 F: 12 
511 8 535 346 F: 2 2 4 
512 11 545 74 F: 11 
522 5 527 436 F: 5 
527 9 563 362 F: 9 
570 3 579 12 F: 3 
601 4 617 351 F: 3 1 
619 8 635 49 F: 4 3 1 
643 8 675 171 F: 5 2 1 
645 6 651 465 F: 3 2 1 
648 9 684 375 F: 2 4 3 
712 12 736 279 F: 7 5 
749 7 763 327 F: 4 2 1 
766 7 787 241 F: 3 1 3 
772 9 790 379 F: 4 4 1 
794 8 810 294 F: 2 2 4 
816 12 840 425 F: 12 
828 12 864 20 F: 4 4 4 
875 10 885 325 F: 3 3 4 
879 8 895 124 F: 2 2 4 
880 11 902 240 F: 11 
943 6 961 23 F: 6 
972 7 993 185 F: 4 3 
975 7 1003 261 F: 7 
991 8 1015 297 F: 5 3 
996 2 1002 390 F: 2 
1045 7 1059 344 F: 5 2 
1046 7 1053 95 F: 3 1 3 
1046 10 1086 364 F: 10 
1057 8 1081 19 F: 7 1 
1061 8 1093 22 F: 8 
1115 4 1131 363 F: 4 
1140 9 1158 471 F: 7 2 
1147 12 1183 415 F: 4 4 4 
1168 6 1192 338 F: 6 
1168 7 1196 349 F: 6 1 
1250 10 1290 225 F: 10 
1258 2 1262 362 F: 2 
1292 4 1300 110 F: 4 
1292 10 1332 107 F: 10 
1299 7 1327 2 F: 4 1 2 
1331 3 1337 137 F: 3 
1337 11 1348 134 F: 6 5 
1343 3 1352 96 F: 3 
1349 7 1377 42 F: 7 
1359 13 1385 114 F: 13 
1401 7 1429 183 F: 6 1 
1449 9 1476 303 F: 4 1 4 
1467 11 1489 42 F: 5 4 2 
1474 9 1492 5 F: 7 2 
1487 7 1494 386 F: 4 3 
1507 9 1543 414 F: 5 2 2 
1545 7 1559 18 F: 2 2 3 
1545 8 1577 175 F: 3 1 4 
1565 9 1583 498 F: 9 
1577 11 1588 491 F: 6 5 
1633 9 1669 215 F: 4 4 1 
1634 7 1648 436 F: 7 
1652 8 1660 13 F: 4 3 1 
1663 5 1678 360 F: 4 1 
1667 6 1685 303 F: 3 2 1 
1709 8 1717 271 F: 8 
1739 8 1755 70 F: 3 5 
1768 9 1786 109 F: 2 4 3 
1774 6 1792 435 F: 3 2 1 
1784 8 1808 288 F: 3 1 4 
1823 12 1871 45 F: 12 
1839 13 1891 337 F: 5 4 4 
1856 6 1862 444 F: 2 4 
1865 8 1897 2 F: 2 2 4 
1879 10 1909 425 F: 4 4 2 
1908 8 1924 73 F: 8 
1912 7 1919 330 F: 7 
1931 6 1949 422 F: 6 
1987 7 1994 295 F: 2 5 
1997 12 2009 204 F: 6 6 
2028 11 2061 144 F: 5 2 4 
2029 8 2045 242 F: 4 3 1 
2048 7 2062 9 F: 2 3 2 
2065 8 2097 247 F: 3 1 4 
2067 8 2091 186 F: 4 3 1 
2114 8 2130 205 F: 3 2 3 
2122 10 2142 30 F: 5 5 
2128 13 2180 118 F: 13 
2162 8 2194 99 F: 5 1 2 
2172 7 2200 347 F: 6 1 
2200 12 2224 95 F: 6 6 
2232 7 2239 368 F: 3 4 
2234 11 2256 131 F: 7 4 
2242 3 2251 213 F: 3 
2252 8 2268 178 F: 2 4 2 
2303 6 2315 358 F: 3 1 2 
2303 7 2331 263 F: 6 1 
2339 7 2367 260 F: 7 
2374 7 2402 328 F: 6 1 
2379 11 2390 497 F: 7 4 
2424 7 2445 215 F: 6 1 
2438 9 2474 252 F: 3 6 
2457 13 2483 376 F: 5 4 4 
2465 8 2481 288 F: 3 5 
2472 4 2480 117 F: 4 
2519 7 2533 128 F: 4 1 2 
2520 9 2547 231 F: 2 3 4 
2560 3 2563 500 F: 3 
2573 8 2605 448 F: 8 
2589 4 2597 378 F: 4 
2634 7 2648 42 F: 2 5 
2667 6 2679 344 F: 6 
2690 8 2714 391 F: 3 4 1 
2694 9 2703 487 F: 3 3 3 
2697 8 2729 102 F: 8 
2703 9 2712 263 F: 9 
2728 8 2744 179 F: 2 3 3 
2739 13 2765 436 F: 13 
2755 6 2761 479 F: 4 2 
2798 12 2846 61 F: 5 3 4 
2805 12 2817 340 F: 6 6 
2825 8 2833 189 F: 8 
2836 5 2856 179 F: 2 3 
2875 4 2883 374 F: 4 
2879 8 2887 368 F: 3 5 
2950 7 2978 175 F: 4 2 1 
2974 3 2986 331 F: 3 
2978 11 2989 214 F: 5 2 4 
2989 7 3017 225 F: 2 2 3 
2994 6 3006 22 F: 6 
3017 11 3039 340 F: 4 3 4 
3027 13 3066 462 F: 5 4 4 
3048 5 3053 313 F: 5 
3068 6 3080 493 F: 5 1 
3097 7 3118 13 F: 2 4 1 
3113 11 3124 490 F: 11 
3156 5 3176 174 F: 5 
3170 9 3188 413 F: 4 2 3 
3182 6 3200 135 F: 6 
3194 9 3212 230 F: 4 5 
3231 5 3251 319 F: 3 2 
3239 3 3245 151 F: 2 1 
3240 7 3268 204 F: 3 3 1 
3250 4 3258 297 F: 2 1 1 
3272 11 3283 442 F: 6 5 
3305 12 3341 48 F: 12 
3317 5 3332 145 F: 5 
3359 8 3367 120 F: 8 
3383 9 3419 71 F: 5 2 2 
3389 6 3401 9 F: 2 4 
3411 8 3435 309 F: 5 2 1 
3427 7 3441 414 F: 2 5 
3430 12 3466 455 F: 5 3 4 
3446 8 3462 115 F: 8 
3462 10 3502 439 F: 10 
3531 4 3547 82 F: 2 1 1 
3535 6 3541 136 F: 2 3 1 
3569 7 3576 207 F: 2 1 4 
3590 13 3629 422 F: 7 6 
3591 9 3627 171 F: 9 
3615 10 3645 152 F: 10 
3648 10 3688 27 F: 5 2 3 
3677 3 3683 22 F: 3 
3694 9 3721 294 F: 9 
3694 9 3730 289 F: 9 
3713 8 3729 357 F: 5 3 
3742 2 3748 331 F: 2 
3764 5 3774 203 F: 4 1 
3779 6 3803 15 F: 4 1 1 
3781 6 3793 61 F: 2 3 1 
3801 2 3803 372 F: 2 
3812 6 3830 171 F: 6 
3818 7 3846 387 F: 3 3 1 
3840 8 3864 78 F: 8 
3871 5 3891 96 F: 2 1 2 
3909 11 3953 34 F: 5 3 3 
3949 10 3959 252 F: 4 6 
3973 8 3981 178 F: 7 1 
3975 11 3986 41 F: 5 6 
3982 10 3992 216 F: 5 5 
4018 7 4025 264 F: 2 2 3 
4042 9 4060 35 F: 9 
4047 9 4083 267 F: 7 2 
4059 5 4069 315 F: 3 1 1 
4095 7 4116 69 F: 3 4 
4147 9 4165 83 F: 2 4 3 
4165 9 4192 490 F: 3 6 
4174 13 4226 402 F: 13 
4191 3 4200 47 F: 3 
4195 4 4211 108 F: 2 1 1 
4222 11 4233 121 F: 7 4 
4236 10 4256 266 F: 7 3 
4239 9 4266 129 F: 5 4 
4252 13 4304 463 F: 13 
4289 7 4303 24 F: 7 
4302 13 4328 401 F: 7 6 
4317 10 4327 417 F: 3 3 4 
4329 7 4343 126 F: 3 1 3 
4354 8 4378 358 F: 5 1 2 
4380 10 4390 494 F: 5 4 1 
4434 10 4454 246 F: 5 4 1 
4440 10 4470 70 F: 10 
4465 10 4485 472 F: 7 3 
4483 12 4519 438 F: 6 6 
4487 10 4517 491 F: 5 1 4 
4513 8 4529 336 F: 4 2 2 
4553 11 4564 103 F: 4 4 3 
4575 13 4588 241 F: 5 4 4 
4587 13 4626 372 F: 13 
4594 9 4603 257 F: 9 
4616 8 4624 182 F: 2 2 4 
4631 8 4639 248 F: 3 5 
4646 6 4658 91 F: 3 1 2 
4647 7 4675 380 F: 2 5 
4670 7 4691 78 F: 3 3 1 
4708 10 4738 479 F: 5 4 1 
4746 2 4752 185 F: 2 
4769 9 4787 340 F: 7 2 
4775 4 4779 109 F: 2 2 
4798 8 4822 429 F: 3 1 4 
4817 7 4831 7 F: 4 1 2 
4836 4 4852 439 F: 3 1 
4853 8 4861 405 F: 2 6 
4857 8 4881 463 F: 6 2 
4883 10 4903 405 F: 4 2 4 
4949 10 4989 279 F: 3 4 3 
4951 6 4969 429 F: 4 2 
4951 11 4962 479 F: 4 3 4 
4958 10 4998 334 F: 3 3 4 
4971 8 4979 56 F: 2 6 
5037 13 5076 377 F: 7 6 
5076 9 5094 97 F: 9 
5084 4 5096 200 F: 4 
5089 7 5096 254 F: 5 1 1 
5092 7 5099 280 F: 2 2 3 
5114 7 5142 397 F: 7 
5122 10 5162 306 F: 5 5 
5143 9 5161 461 F: 5 4 
5152 9 5170 86 F: 4 4 1 
5193 12 5229 416 F: 12 
5210 6 5216 31 F: 2 1 3 
5228 6 5252 62 F: 6 
5251 12 5275 56 F: 4 4 4 
5290 5 5310 471 F: 2 3 
5296 11 5318 205 F: 5 3 3 
5300 6 5306 423 F: 6 
5329 6 5353 292 F: 3 1 2 
5370 9 5379 478 F: 6 3 
5371 6 5389 492 F: 2 4 
5380 2 5386 79 F: 2 
5418 8 5442 14 F: 5 3 
5423 10 5443 386 F: 3 3 4 
5452 9 5488 369 F: 5 2 2 
5482 6 5488 350 F: 6 
5492 10 5532 101 F: 5 2 3 
5500 7 5528 236 F: 3 4 
5577 3 5583 371 F: 3 
5585 7 5599 35 F: 7 
5596 8 5612 130 F: 8 
5598 12 5610 393 F: 7 5 
5602 10 5632 283 F: 5 3 2 
5647 4 5651 156 F: 4 
5663 7 5677 119 F: 2 1 4 
5686 5 5706 30 F: 5 
5694 9 5721 440 F: 5 4 
5716 5 5721 284 F: 2 3 
5734 10 5764 178 F: 5 4 1 
5739 11 5750 444 F: 4 3 4 
5766 9 5802 415 F: 5 1 3 
5781 9 5799 404 F: 4 4 1 
5815 6 5833 164 F: 4 1 1 
5832 12 5868 303 F: 4 4 4 
5846 8 5878 390 F: 8 
5848 12 5884 483 F: 12 
5884 10 5894 20 F: 4 3 3 
5915 4 5927 65 F: 2 1 1 
5924 9 5951 476 F: 9 
5938 5 5948 375 F: 5 
5947 9 5983 488 F: 3 2 4 
5949 5 5959 10 F: 5 
6000 9 6027 352 F: 4 5 
6007 12 6031 96 F: 12 
6013 10 6033 48 F: 10 
6041 5 6051 390 F: 3 1 1 
6063 9 6090 373 F: 3 3 3 
6108 7 6115 491 F: 6 1 
6142 10 6182 424 F: 6 4 
6164 8 6196 498 F: 8 
6183 6 6195 141 F: 6 
6185 12 6209 384 F: 4 4 4 
6225 10 6245 326 F: 5 5 
6259 9 6268 202 F: 7 2 
6259 11 6303 79 F: 7 4 
6277 11 6321 474 F: 11 
6294 9 6303 114 F: 6 3 
6311 4 6315 51 F: 4 
6322 4 6334 116 F: 4 
6328 9 6337 215 F: 5 3 1 
6382 12 6406 125 F: 6 6 
6392 2 6398 68 F: 2 
6434 7 6462 252 F: 5 1 1 
6437 2 6439 222 F: 2 
6458 3 6467 16 F: 3 
6484 13 6523 309 F: 5 4 4 
6493 10 6523 312 F: 2 4 4 
6520 7 6527 485 F: 4 3 
6530 11 6574 382 F: 11 
6545 9 6563 377 F: 4 5 
6564 5 6569 500 F: 4 1 
6578 8 6594 399 F: 8 
6609 3 6612 459 F: 3 
6624 8 6656 13 F: 2 6 
6637 10 6677 73 F: 3 3 4 
6668 6 6692 145 F: 3 3 
6696 9 6714 215 F: 5 2 2 
6705 10 6735 245 F: 7 3 
6715 11 6759 436 F: 7 4 
6751 4 6763 451 F: 4 
6760 5 6765 395 F: 5 
6780 9 6807 412 F: 9 
6826 7 6847 374 F: 2 2 3 
6863 12 6875 442 F: 12 
6870 4 6874 444 F: 4 
6898 8 6906 305 F: 3 1 4 
6898 9 6907 402 F: 2 3 4 
6912 7 6926 81 F: 7 
6942 6 6960 90 F: 6 
6944 7 6951 263 F: 5 2 
6966 9 6993 10 F: 5 4 
6979 9 7015 3 F: 9 
7006 9 7033 334 F: 7 2 
7053 5 7063 302 F: 5 
7069 7 7076 227 F: 5 2 
7073 11 7095 215 F: 4 3 4 
7083 8 7091 69 F: 7 1 
7123 10 7153 13 F: 10 
7125 10 7135 413 F: 7 3 
7160 8 7184 334 F: 8 
7171 3 7180 358 F: 3 
7171 6 7183 485 F: 4 1 1 
7241 10 7261 176 F: 3 4 3 
7253 8 7269 448 F: 3 4 1 
7266 7 7287 74 F: 4 3 
7269 11 7313 360 F: 7 4 
7274 12 7310 8 F: 7 5 
7303 8 7319 105 F: 4 4 
7310 7 7331 435 F: 7 
7361 9 7379 281 F: 4 2 3 
7389 4 7397 131 F: 3 1 
7398 8 7414 32 F: 8 
7407 9 7425 398 F: 3 6 
7428 7 7449 388 F: 6 1 
7430 10 7440 69 F: 5 5 
7470 12 7482 95 F: 7 5 
7477 13 7516 396 F: 13 
7530 4 7534 137 F: 4 
7544 10 7584 444 F: 6 4 
7570 7 7591 450 F: 6 1 
7584 9 7593 279 F: 2 3 4 
7593 7 7600 437 F: 6 1 
7626 11 7659 43 F: 5 2 4 
7650 11 7661 128 F: 7 4 
7654 7 7661 57 F: 4 2 1 
7660 9 7678 162 F: 3 6 
7664 6 7688 79 F: 4 2 
7716 2 7722 451 F: 2 
7725 8 7741 149 F: 3 5 
7737 6 7743 12 F: 3 2 1 
7754 7 7768 458 F: 2 4 1 
7759 9 7786 330 F: 9 
7821 5 7841 334 F: 5 
7822 10 7862 308 F: 4 3 3 
7874 5 7894 358 F: 3 1 1 
7893 11 7937 310 F: 7 4 
7896 5 7911 187 F: 3 1 1 
7911 8 7935 328 F: 2 2 4 
7930 4 7946 54 F: 4 
7936 8 7944 163 F: 3 4 1 
7972 8 7988 435 F: 2 4 2 
7979 10 8019 481 F: 10 
8016 12 8028 275 F: 12 
8022 6 8040 240 F: 6 
8034 9 8070 442 F: 2 4 3 
8070 9 8097 45 F: 5 2 2 
8094 10 8124 482 F: 7 3 
8100 6 8124 494 F: 4 2 
8121 5 8131 293 F: 5 
8121 11 8132 498 F: 5 2 4 
8158 7 8172 76 F: 7 
8169 8 8193 411 F: 2 6 
8204 9 8222 487 F: 4 1 4 
8206 5 8226 144 F: 4 1 
8232 9 8241 20 F: 3 4 2 
8268 8 8292 184 F: 8 
8296 12 8344 483 F: 12 
8328 8 8336 228 F: 6 2 
8339 6 8345 9 F: 2 1 3 
8346 5 8366 171 F: 4 1 
8352 2 8358 157 F: 2 
8384 9 8393 173 F: 3 3 3 
8401 12 8437 352 F: 12 
8411 5 8416 306 F: 2 2 1 
8466 11 8510 459 F: 5 4 2 
8477 7 8498 395 F: 3 3 1 
8487 8 8503 493 F: 4 2 2 
8518 8 8526 228 F: 4 4 
8524 11 8535 105 F: 6 5 
8526 6 8550 485 F: 2 4 
8573 9 8582 355 F: 6 3 
8575 9 8602 341 F: 3 6 
8632 7 8646 377 F: 5 2 
8645 11 8656 211 F: 11 
8651 7 8665 350 F: 5 2 
8672 9 8690 379 F: 9 
8691 10 8711 209 F: 6 4 
8730 7 8758 309 F: 4 2 1 
8747 5 8767 434 F: 3 2 
8749 13 8762 229 F: 13 
8779 5 8789 227 F: 2 2 1 
8782 10 8792 119 F: 3 3 4 
8814 9 8832 335 F: 7 2 
8814 12 8862 465 F: 4 4 4 
8880 7 8894 334 F: 4 1 2 
8891 13 8904 321 F: 13 
8892 6 8898 111 F: 2 2 2 
8900 3 8909 24 F: 3 
8925 7 8939 282 F: 3 2 2 
8952 9 8988 30 F: 5 4 
8983 13 9009 112 F: 7 6 
8997 4 9005 132 F: 4 
9003 8 9027 105 F: 5 1 2 
9015 7 9029 427 F: 3 3 1 
9040 6 9058 65 F: 6 
9054 4 9062 389 F: 3 1 
9082 11 9115 287 F: 11 
9111 8 9143 328 F: 7 1 
9127 7 9134 312 F: 5 2 
9128 4 9140 461 F: 2 1 1 
9155 6 9167 330 F: 6 
9160 9 9178 345 F: 5 1 3 
9203 6 9209 342 F: 6 
9212 12 9248 382 F: 6 6 
9222 4 9226 351 F: 2 2 
9257 9 9266 149 F: 9 
9283 10 9293 362 F: 5 1 4 
9322 8 9338 305 F: 3 2 3 
9339 7 9353 405 F: 7 
9348 2 9352 71 F: 2 
9375 8 9383 385 F: 4 3 1 
9384 4 9396 402 F: 3 1 
9427 8 9451 417 F: 2 3 3 
9450 5 9465 148 F: 5 
9471 7 9478 191 F: 6 1 
9474 11 9496 500 F: 11 
9484 11 9517 293 F: 5 6 
9503 10 9513 398 F: 5 5 
9542 12 9578 390 F: 4 4 4 
9543 9 9561 3 F: 4 3 2 
9556 7 9584 323 F: 5 2 
9563 7 9577 478 F: 3 3 1 
9607 11 9651 319 F: 7 4 
9616 4 9628 327 F: 4 
9660 9 9669 96 F: 5 1 3 
9671 9 9680 381 F: 3 3 3 
9688 7 9702 211 F: 3 3 1 
9739 11 9772 18 F: 3 4 4 
9741 6 9759 321 F: 3 1 2 
9754 6 9766 113 F: 2 2 2 
9757 7 9778 269 F: 7 
9780 13 9793 472 F: 13 
9836 6 9854 430 F: 3 1 2 
9860 10 9880 66 F: 7 3 
9877 10 9907 378 F: 6 4 
9882 9 9909 283 F: 9 
9888 7 9895 67 F: 4 2 1 
9912 7 9919 206 F: 7 
9922 8 9938 326 F: 2 2 4 
9949 3 9961 80 F: 3 
9979 8 9995 374 F: 8 
9990 5 9995 375 F: 2 3 
D: 3 186 
D: 11 45 
D: 11 409 
D: 13 170 
D: 25 210 
D: 30 205 
D: 46 182 
D: 61 478 
D: 62 479 
D: 63 122 
D: 76 95 
D: 78 498 
D: 83 114 
D: 85 105 
D: 89 92 
D: 97 215 
D: 107 330 
D: 107 441 
D: 113 393 
D: 122 401 
D: 123 400 
D: 127 256 
D: 128 249 
D: 132 236 
D: 147 220 
D: 154 334 
D: 156 174 
D: 156 240 
D: 158 481 
D: 169 497 
D: 181 328 
D: 193 218 
D: 193 238 
D: 202 319 
D: 202 374 
D: 204 466 
D: 209 281 
D: 218 272 
D: 223 340 
D: 245 450 
D: 256 343 
D: 271 285 
D: 273 293 
D: 280 284 
D: 294 456 
D: 329 413 
D: 332 473 
D: 368 395 
D: 386 445 
D: 395 414 
