18 7 32 49 F: 4 2 1 
30 8 38 289 F: 2 6 
41 6 47 202 F: 6 
45 3 48 465 F: 2 1 
90 8 122 364 F: 3 3 2 
143 9 179 403 F: 3 6 
150 8 158 331 F: 3 1 4 
160 11 204 456 F: 3 4 4 
161 13 213 297 F: 13 
171 5 176 26 F: 2 3 
207 11 251 440 F: 7 4 
254 10 274 452 F: 3 4 3 
264 11 286 294 F: 7 4 
281 10 301 275 F: 10 
298 7 326 322 F: 4 3 
331 12 355 291 F: 5 4 3 
364 8 388 177 F: 5 3 
369 11 402 470 F: 11 
372 6 384 12 F: 6 
377 8 401 115 F: 4 1 3 
400 5 420 189 F: 5 
407 11 418 413 F: 6 5 
425 5 435 82 F: 2 1 2 
466 12 478 95 F: 6 6 
468 9 477 33 F: 9 
525 9 561 191 F: 9 
528 5 543 99 F: 3 2 
553 5 573 162 F: 2 2 1 
554 8 586 457 F: 7 1 
563 2 571 482 F: 2 
614 9 632 379 F: 3 6 
637 9 646 293 F: 9 
662 8 678 361 F: 4 1 3 
670 6 688 476 F: 3 1 2 
698 10 738 233 F: 7 3 
700 10 710 151 F: 7 3 
716 8 724 184 F: 8 
729 11 740 102 F: 5 6 
743 6 749 383 F: 5 1 
780 9 807 160 F: 9 
807 2 813 54 F: 2 
817 7 845 294 F: 7 
871 7 885 292 F: 7 
877 6 895 372 F: 5 1 
892 9 901 167 F: 9 
906 8 922 284 F: 3 4 1 
907 11 918 67 F: 5 3 3 
911 10 921 56 F: 4 2 4 
916 12 952 294 F: 7 5 
957 10 997 222 F: 3 4 3 
1007 9 1025 219 F: 3 6 
1034 10 1064 25 F: 2 4 4 
1040 12 1064 98 F: 5 3 4 
1048 8 1072 415 F: 7 1 
1056 3 1065 440 F: 3 
1105 5 1125 133 F: 3 1 1 
1109 11 1120 330 F: 5 4 2 
1144 3 1147 274 F: 3 
1157 4 1173 476 F: 4 
1163 9 1199 240 F: 5 3 1 
1201 9 1219 43 F: 5 4 
1209 2 1215 390 F: 2 
1260 7 1274 265 F: 5 2 
1291 8 1299 471 F: 8 
1291 9 1327 324 F: 6 3 
1309 5 1314 378 F: 3 2 
1315 6 1321 32 F: 6 
1328 2 1336 459 F: 2 
1365 10 1395 27 F: 5 3 2 
1372 2 1380 124 F: 2 
1454 10 1474 250 F: 10 
1458 8 1466 158 F: 8 
1468 7 1496 478 F: 6 1 
1480 8 1496 243 F: 3 1 4 
1488 6 1512 474 F: 5 1 
1514 7 1535 94 F: 2 2 3 
1514 8 1522 404 F: 6 2 
1529 9 1538 492 F: 5 1 3 
1531 9 1567 445 F: 7 2 
1587 8 1611 19 F: 3 3 2 
1603 8 1611 9 F: 4 3 1 
1603 9 1621 208 F: 4 2 3 
1616 9 1625 419 F: 9 
1619 8 1651 371 F: 5 1 2 
1693 6 1705 395 F: 2 4 
1709 11 1753 277 F: 11 
1715 5 1730 133 F: 3 1 1 
1735 7 1763 77 F: 2 4 1 
1766 11 1788 46 F: 11 
1775 3 1781 126 F: 3 
1839 9 1875 362 F: 3 6 
1857 7 1885 33 F: 7 
1863 12 1899 459 F: 5 3 4 
1893 4 1901 160 F: 4 
1896 6 1908 481 F: 2 1 3 
1922 5 1937 394 F: 5 
1932 11 1965 394 F: 6 5 
1937 9 1946 156 F: 9 
1986 6 1998 292 F: 5 1 
1988 9 2006 98 F: 6 3 
2000 7 2028 270 F: 4 3 
2001 9 2010 282 F: 3 4 2 
2078 4 2094 264 F: 3 1 
2080 7 2087 467 F: 5 2 
2088 6 2112 249 F: 2 4 
2108 9 2135 150 F: 3 2 4 
2143 11 2165 204 F: 11 
2168 9 2177 446 F: 9 
2180 6 2192 53 F: 2 4 
2193 9 2211 238 F: 7 2 
2208 11 2230 153 F: 5 3 3 
2230 8 2262 237 F: 7 1 
2232 6 2250 101 F: 2 4 
2247 7 2275 266 F: 2 4 1 
2289 12 2313 261 F: 6 6 
2310 4 2326 94 F: 4 
2340 8 2364 139 F: 4 1 3 
2342 11 2375 483 F: 4 3 4 
2389 7 2410 391 F: 7 
2399 8 2415 215 F: 4 4 
2419 6 2437 459 F: 5 1 
2447 13 2499 300 F: 7 6 
2462 13 2488 260 F: 13 
2478 13 2517 296 F: 7 6 
2479 11 2523 463 F: 4 4 3 
2521 6 2545 425 F: 4 1 1 
2522 4 2530 397 F: 4 
2539 8 2547 345 F: 4 4 
2549 13 2601 5 F: 13 
2599 6 2617 189 F: 2 4 
2604 12 2652 336 F: 6 6 
2618 10 2648 331 F: 5 5 
2689 4 2705 291 F: 4 
2691 10 2731 160 F: 5 3 2 
2691 13 2704 238 F: 13 
2727 10 2757 139 F: 5 3 2 
2729 10 2739 72 F: 6 4 
2739 8 2771 471 F: 4 4 
2774 8 2790 163 F: 8 
2790 9 2799 212 F: 4 5 
2809 5 2819 32 F: 3 1 1 
2829 8 2853 7 F: 5 3 
2834 10 2874 112 F: 5 1 4 
2849 4 2857 192 F: 4 
2860 12 2908 39 F: 4 4 4 
2913 13 2939 285 F: 5 4 4 
2965 13 2978 429 F: 13 
2977 12 3001 334 F: 12 
2993 9 3020 276 F: 9 
2993 10 3033 208 F: 3 3 4 
3059 6 3077 216 F: 5 1 
3066 3 3072 186 F: 3 
3068 9 3095 89 F: 3 2 4 
3069 9 3105 483 F: 4 3 2 
3078 13 3130 74 F: 13 
3115 10 3145 347 F: 6 4 
3130 3 3142 175 F: 2 1 
3134 9 3161 485 F: 3 6 
3171 10 3181 412 F: 3 3 4 
3190 13 3242 308 F: 13 
3210 9 3219 399 F: 3 6 
3222 7 3250 318 F: 3 3 1 
3255 7 3283 231 F: 5 2 
3256 9 3265 32 F: 6 3 
3282 8 3306 254 F: 7 1 
3333 8 3349 29 F: 5 2 1 
3336 10 3366 421 F: 5 5 
3396 11 3407 268 F: 6 5 
3397 3 3409 36 F: 3 
3397 9 3415 260 F: 4 3 2 
3437 6 3455 82 F: 3 1 2 
3463 9 3490 255 F: 3 3 3 
3474 9 3510 422 F: 9 
3475 8 3483 132 F: 3 4 1 
3488 9 3497 403 F: 3 6 
3504 8 3528 354 F: 7 1 
3521 8 3529 164 F: 8 
3540 11 3584 87 F: 7 4 
3565 9 3574 131 F: 4 2 3 
3577 7 3591 258 F: 4 1 2 
3627 8 3635 254 F: 5 1 2 
3638 3 3650 153 F: 3 
3643 9 3652 363 F: 5 4 
3659 6 3677 287 F: 6 
3692 4 3708 390 F: 4 
3715 7 3736 450 F: 2 4 1 
3728 13 3754 337 F: 13 
3729 12 3765 428 F: 12 
3749 12 3773 215 F: 7 5 
3760 10 3770 425 F: 10 
3828 12 3840 193 F: 5 4 3 
3839 11 3861 455 F: 11 
3844 11 3855 426 F: 5 6 
3846 12 3870 131 F: 12 
3874 10 3914 219 F: 5 5 
3927 3 3933 300 F: 3 
3959 13 3998 180 F: 5 4 4 
3972 5 3977 66 F: 2 3 
3994 10 4014 77 F: 4 6 
3999 7 4006 137 F: 7 
4003 5 4023 300 F: 3 2 
4021 8 4037 58 F: 3 3 2 
4063 8 4095 206 F: 8 
4066 9 4093 375 F: 9 
4091 8 4123 433 F: 3 1 4 
4127 11 4160 382 F: 11 
4137 4 4149 355 F: 3 1 
4176 10 4216 70 F: 10 
4179 3 4185 428 F: 3 
4189 9 4216 280 F: 4 4 1 
4201 2 4207 399 F: 2 
4260 9 4287 236 F: 5 3 1 
4271 6 4277 143 F: 3 2 1 
4277 7 4291 220 F: 3 4 
4280 9 4307 426 F: 4 4 1 
4311 4 4323 236 F: 3 1 
4332 10 4372 59 F: 5 1 4 
4367 13 4419 473 F: 7 6 
4377 10 4407 355 F: 10 
4392 2 4394 70 F: 2 
4418 10 4458 72 F: 3 3 4 
4423 8 4439 403 F: 4 1 3 
4448 6 4460 326 F: 2 4 
4456 9 4483 317 F: 6 3 
4481 11 4492 280 F: 5 6 
4523 8 4539 78 F: 8 
4552 8 4560 395 F: 4 2 2 
4556 12 4568 394 F: 4 4 4 
4561 5 4581 215 F: 2 1 2 
4566 9 4584 106 F: 9 
4626 11 4670 376 F: 11 
4647 4 4655 385 F: 3 1 
4659 8 4667 437 F: 3 1 4 
4669 9 4687 422 F: 6 3 
4683 9 4719 237 F: 4 4 1 
4717 10 4737 29 F: 4 6 
4739 8 4771 50 F: 2 3 3 
4753 13 4792 328 F: 13 
4758 8 4790 179 F: 2 6 
4770 4 4778 450 F: 3 1 
4800 4 4816 339 F: 2 2 
4800 7 4828 95 F: 3 4 
4814 12 4826 172 F: 12 
4855 3 4867 376 F: 2 1 
4861 8 4877 392 F: 5 3 
4905 7 4933 107 F: 3 3 1 
4908 7 4929 407 F: 7 
4929 6 4953 407 F: 3 3 
4930 7 4937 251 F: 3 2 2 
4967 9 4976 47 F: 4 3 2 
5013 12 5037 201 F: 6 6 
5039 2 5043 38 F: 2 
5059 7 5080 124 F: 2 1 4 
5076 9 5103 86 F: 9 
5088 5 5103 47 F: 5 
5129 6 5141 448 F: 6 
5163 7 5177 399 F: 2 2 3 
5165 4 5177 95 F: 4 
5168 7 5175 279 F: 5 2 
5175 5 5195 162 F: 5 
5234 9 5243 222 F: 3 2 4 
5236 6 5248 307 F: 2 4 
5245 7 5266 391 F: 6 1 
5257 6 5275 364 F: 3 2 1 
5293 10 5303 6 F: 4 4 2 
5317 7 5331 402 F: 3 2 2 
5335 10 5365 357 F: 5 4 1 
5348 4 5360 410 F: 4 
5373 3 5379 367 F: 3 
5392 8 5408 485 F: 3 5 
5418 11 5462 339 F: 4 3 4 
5445 4 5461 217 F: 2 1 1 
5452 12 5488 85 F: 12 
5474 13 5487 173 F: 7 6 
5481 6 5499 55 F: 2 3 1 
5534 10 5554 134 F: 5 3 2 
5538 7 5545 16 F: 3 1 3 
5558 6 5576 102 F: 4 2 
5578 10 5608 166 F: 2 4 4 
5581 6 5599 154 F: 6 
5615 10 5635 267 F: 5 1 4 
5622 10 5642 334 F: 10 
5624 4 5636 105 F: 2 1 1 
5652 6 5676 449 F: 6 
5694 10 5714 312 F: 5 2 3 
5717 7 5724 426 F: 3 1 3 
5729 10 5739 435 F: 3 3 4 
5743 3 5752 97 F: 3 
5757 10 5797 196 F: 4 2 4 
5777 10 5787 65 F: 4 6 
5827 8 5843 351 F: 8 
5844 9 5862 417 F: 5 1 3 
5850 6 5868 109 F: 6 
5856 9 5874 300 F: 3 2 4 
5871 7 5892 378 F: 4 2 1 
5927 10 5937 186 F: 5 4 1 
5944 10 5984 484 F: 4 6 
5973 9 5991 93 F: 5 2 2 
5996 4 6008 129 F: 4 
5996 7 6017 437 F: 7 
6000 6 6024 410 F: 6 
6008 7 6029 172 F: 3 1 3 
6023 4 6031 277 F: 3 1 
6028 12 6064 436 F: 12 
6075 5 6085 295 F: 4 1 
6103 6 6115 415 F: 3 1 2 
6149 11 6160 248 F: 7 4 
6154 4 6170 131 F: 3 1 
6166 5 6176 189 F: 2 1 2 
6170 7 6191 449 F: 6 1 
6219 11 6230 241 F: 6 5 
6225 9 6243 6 F: 2 3 4 
6243 11 6287 292 F: 4 3 4 
6267 9 6276 95 F: 5 3 1 
6275 2 6279 300 F: 2 
6315 3 6321 132 F: 3 
6326 8 6350 158 F: 8 
6355 8 6387 369 F: 4 1 3 
6361 7 6382 13 F: 4 1 2 
6391 9 6427 97 F: 4 1 4 
6404 7 6418 18 F: 4 1 2 
6407 7 6428 198 F: 7 
6412 7 6419 387 F: 7 
6451 8 6459 166 F: 2 6 
6483 6 6501 488 F: 6 
6541 4 6545 431 F: 2 1 1 
6565 5 6580 135 F: 2 2 1 
6566 2 6572 228 F: 2 
6586 11 6630 318 F: 5 3 3 
6588 11 6610 146 F: 4 4 3 
6603 5 6608 10 F: 3 2 
6617 9 6644 133 F: 9 
6647 6 6659 435 F: 2 1 3 
6669 11 6691 280 F: 6 5 
6677 6 6701 382 F: 6 
6745 2 6747 369 F: 2 
6750 8 6758 179 F: 2 3 3 
6768 9 6804 423 F: 9 
6770 11 6814 342 F: 4 3 4 
6797 7 6811 228 F: 2 5 
6813 9 6849 414 F: 7 2 
6834 10 6854 373 F: 5 4 1 
6862 7 6876 265 F: 4 1 2 
6866 5 6876 106 F: 5 
6878 7 6892 24 F: 4 3 
6925 6 6949 175 F: 2 1 3 
6946 9 6982 428 F: 9 
6966 5 6981 407 F: 2 2 1 
6976 10 7016 25 F: 5 4 1 
6982 9 7009 220 F: 4 3 2 
7017 10 7037 243 F: 10 
7033 6 7051 218 F: 6 
7045 12 7093 380 F: 12 
7068 6 7092 159 F: 6 
7081 8 7113 133 F: 2 6 
7124 13 7176 344 F: 13 
7128 3 7134 366 F: 3 
7145 3 7148 196 F: 3 
7158 5 7168 258 F: 4 1 
7197 8 7213 393 F: 8 
7201 9 7210 7 F: 7 2 
7271 8 7279 146 F: 7 1 
7288 8 7296 283 F: 7 1 
7292 8 7316 289 F: 5 3 
7298 8 7314 267 F: 8 
7333 7 7340 119 F: 7 
7340 11 7351 489 F: 11 
7356 6 7368 494 F: 6 
7369 4 7373 15 F: 4 
7372 8 7380 7 F: 4 4 
7427 9 7436 41 F: 5 1 3 
7428 5 7443 390 F: 2 1 2 
7434 9 7452 339 F: 5 4 
7468 10 7488 463 F: 5 3 2 
7495 8 7503 129 F: 2 6 
7501 8 7525 209 F: 3 4 1 
7518 10 7548 427 F: 5 5 
7549 13 7588 122 F: 13 
7554 6 7560 207 F: 6 
7562 6 7580 4 F: 2 2 2 
7607 7 7628 253 F: 7 
7611 7 7632 83 F: 6 1 
7641 9 7668 237 F: 9 
7656 11 7700 230 F: 6 5 
7658 13 7671 473 F: 13 
7716 5 7731 342 F: 3 1 1 
7732 7 7746 229 F: 4 3 
7741 4 7745 150 F: 4 
7775 12 7823 440 F: 12 
7795 6 7813 308 F: 2 2 2 
7815 3 7824 75 F: 3 
7832 10 7862 466 F: 6 4 
7834 4 7846 197 F: 4 
7848 11 7892 393 F: 5 3 3 
7859 7 7873 42 F: 4 1 2 
7932 4 7940 126 F: 4 
7938 9 7947 498 F: 3 6 
7977 7 7991 15 F: 2 4 1 
7991 7 8012 3 F: 4 3 
7993 10 8013 495 F: 5 3 2 
8014 4 8030 49 F: 4 
8023 9 8050 275 F: 2 4 3 
8075 7 8096 404 F: 3 3 1 
8082 10 8102 305 F: 7 3 
8085 7 8092 150 F: 3 3 1 
8101 11 8134 474 F: 3 4 4 
8107 2 8109 243 F: 2 
8113 11 8124 25 F: 6 5 
8122 7 8136 362 F: 5 2 
8134 12 8170 278 F: 12 
8212 11 8256 423 F: 7 4 
8225 7 8232 57 F: 4 3 
8238 5 8258 298 F: 5 
8270 11 8292 233 F: 11 
8282 2 8288 494 F: 2 
8312 12 8324 222 F: 6 6 
8336 11 8347 84 F: 7 4 
8369 8 8377 315 F: 2 6 
8371 8 8403 109 F: 8 
8379 3 8385 343 F: 3 
8417 8 8449 121 F: 8 
8421 5 8436 365 F: 2 2 1 
8447 4 8463 188 F: 2 2 
8482 9 8500 385 F: 5 4 
8492 7 8506 248 F: 3 2 2 
8547 7 8554 83 F: 5 2 
8566 9 8593 385 F: 3 2 4 
8589 9 8625 263 F: 9 
8592 8 8616 194 F: 2 4 2 
8597 13 8636 250 F: 7 6 
8601 13 8627 91 F: 13 
8653 8 8685 448 F: 2 6 
8653 9 8689 205 F: 6 3 
8685 9 8712 474 F: 6 3 
8699 9 8708 494 F: 9 
8712 13 8751 103 F: 7 6 
8725 9 8752 351 F: 9 
8732 12 8756 109 F: 12 
8777 9 8795 365 F: 3 4 2 
8797 8 8805 228 F: 6 2 
8810 6 8822 469 F: 3 2 1 
8846 6 8852 350 F: 3 3 
8856 4 8868 437 F: 4 
8873 4 8889 147 F: 2 2 
8877 11 8910 145 F: 11 
8921 13 8947 281 F: 13 
8940 13 8953 407 F: 13 
8948 8 8980 226 F: 4 2 2 
8980 10 9020 105 F: 4 6 
8985 8 9001 455 F: 4 2 2 
9064 13 9116 86 F: 7 6 
9072 2 9074 85 F: 2 
9081 5 9091 77 F: 2 3 
9095 6 9101 117 F: 4 2 
9095 9 9113 363 F: 9 
9108 6 9120 198 F: 6 
9125 12 9161 436 F: 12 
9131 8 9155 317 F: 3 5 
9137 2 9141 79 F: 2 
9182 8 9198 323 F: 4 3 1 
9205 6 9223 261 F: 5 1 
9240 12 9276 22 F: 6 6 
9261 11 9283 133 F: 11 
9276 10 9316 398 F: 7 3 
9298 13 9324 381 F: 7 6 
9308 8 9340 477 F: 2 6 
9324 8 9332 430 F: 5 3 
9342 13 9368 191 F: 13 
9343 4 9347 324 F: 2 1 1 
9360 11 9404 467 F: 4 4 3 
9401 7 9408 293 F: 3 1 3 
9420 10 9450 115 F: 6 4 
9426 13 9478 149 F: 13 
9439 13 9465 52 F: 13 
9481 11 9514 127 F: 5 2 4 
9512 11 9523 295 F: 3 4 4 
9547 7 9568 156 F: 7 
9557 8 9565 137 F: 2 2 4 
9589 7 9617 174 F: 5 1 1 
9590 7 9618 215 F: 7 
9645 8 9669 167 F: 3 2 3 
9646 10 9666 46 F: 3 3 4 
9662 2 9668 445 F: 2 
9675 10 9715 426 F: 10 
9681 13 9707 258 F: 13 
9700 5 9710 411 F: 2 1 2 
9703 7 9710 234 F: 2 4 1 
9722 13 9774 169 F: 13 
9732 7 9746 193 F: 4 3 
9765 12 9777 304 F: 12 
9811 8 9835 207 F: 3 1 4 
9813 2 9819 17 F: 2 
9837 9 9864 13 F: 9 
9891 6 9903 273 F: 6 
9893 3 9899 287 F: 3 
9903 7 9931 98 F: 4 2 1 
9914 8 9946 37 F: 7 1 
9939 3 9951 276 F: 3 
9958 5 9973 301 F: 5 
9993 9 10002 140 F: 3 6 
D: 9 263 
D: 16 329 
D: 17 146 
D: 31 328 
D: 33 90 
D: 37 476 
D: 41 42 
D: 41 488 
D: 47 486 
D: 58 352 
D: 64 111 
D: 71 345 
D: 83 252 
D: 85 321 
D: 88 219 
D: 114 330 
D: 115 384 
D: 141 278 
D: 145 206 
D: 148 184 
D: 156 271 
D: 161 166 
D: 166 286 
D: 177 290 
D: 188 444 
D: 198 254 
D: 201 436 
D: 230 392 
D: 230 477 
D: 238 271 
D: 259 336 
D: 261 364 
D: 262 270 
D: 262 402 
D: 279 431 
D: 288 415 
D: 296 379 
D: 300 436 
D: 308 429 
D: 320 331 
D: 321 355 
D: 342 471 
D: 349 379 
D: 372 478 
D: 383 412 
D: 387 493 
D: 392 451 
D: 419 477 
D: 445 453 
D: 450 498 
