32 6 56 404 F: 6 
63 11 85 412 F: 6 5 
67 9 94 450 F: 2 3 4 
78 8 110 407 F: 8 
94 4 110 391 F: 2 2 
113 10 153 245 F: 10 
118 6 130 22 F: 5 1 
133 13 172 97 F: 13 
135 5 145 302 F: 5 
188 5 193 487 F: 4 1 
200 10 210 277 F: 10 
215 7 243 71 F: 3 2 2 
216 5 231 19 F: 5 
237 5 252 475 F: 3 2 
299 3 305 500 F: 3 
331 6 337 100 F: 4 1 1 
346 9 355 82 F: 3 6 
356 6 374 446 F: 5 1 
362 12 386 307 F: 12 
376 9 394 110 F: 3 6 
402 9 429 487 F: 5 3 1 
421 5 436 363 F: 2 3 
450 10 460 265 F: 3 4 3 
466 12 490 264 F: 5 4 3 
470 7 491 133 F: 7 
506 6 512 437 F: 6 
520 7 541 450 F: 3 4 
522 2 524 191 F: 2 
570 7 577 479 F: 7 
598 3 610 8 F: 3 
601 5 611 360 F: 2 1 2 
622 5 632 457 F: 2 3 
623 4 627 42 F: 2 2 
623 6 647 111 F: 6 
658 9 694 132 F: 4 1 4 
703 5 708 305 F: 2 2 1 
710 6 722 82 F: 2 3 1 
711 7 732 57 F: 3 3 1 
731 9 740 436 F: 3 4 2 
780 10 810 85 F: 6 4 
806 5 816 111 F: 5 
815 3 824 35 F: 3 
828 8 836 14 F: 4 3 1 
834 8 866 160 F: 7 1 
897 6 921 36 F: 2 3 1 
941 8 965 404 F: 5 2 1 
941 9 968 259 F: 3 2 4 
942 8 950 436 F: 3 1 4 
977 7 991 53 F: 3 4 
981 10 991 147 F: 4 2 4 
1034 4 1050 200 F: 3 1 
1041 9 1059 82 F: 9 
1047 11 1091 97 F: 4 3 4 
1081 10 1091 456 F: 5 1 4 
1088 3 1097 189 F: 3 
1114 11 1125 341 F: 5 3 3 
1120 8 1152 145 F: 7 1 
1151 5 1156 199 F: 3 1 1 
1166 8 1174 323 F: 2 6 
1196 4 1208 8 F: 2 1 1 
1216 7 1244 207 F: 7 
1223 8 1247 138 F: 4 2 2 
1224 12 1272 276 F: 6 6 
1248 4 1252 27 F: 4 
1255 5 1265 395 F: 5 
1324 8 1340 157 F: 5 2 1 
1358 2 1366 55 F: 2 
1358 6 1370 487 F: 5 1 
1370 10 1390 210 F: 5 5 
1393 5 1403 458 F: 5 
1401 12 1437 444 F: 12 
1446 3 1458 96 F: 3 
1451 10 1481 273 F: 10 
1462 8 1478 130 F: 3 1 4 
1466 10 1496 162 F: 10 
1503 12 1539 456 F: 7 5 
1542 10 1552 56 F: 3 3 4 
1559 9 1595 490 F: 3 3 3 
1565 12 1613 301 F: 5 3 4 
1575 9 1593 343 F: 4 5 
1613 8 1645 23 F: 8 
1619 7 1647 22 F: 6 1 
1630 12 1678 30 F: 5 4 3 
1649 3 1652 427 F: 2 1 
1699 10 1729 153 F: 7 3 
1730 11 1752 112 F: 11 
1744 10 1774 275 F: 5 3 2 
1747 6 1771 345 F: 2 2 2 
1760 4 1776 154 F: 4 
1775 10 1815 80 F: 3 4 3 
1804 11 1815 267 F: 11 
1835 13 1887 322 F: 5 4 4 
1855 9 1873 327 F: 3 3 3 
1866 7 1880 274 F: 3 3 1 
1891 8 1915 194 F: 4 4 
1929 10 1939 468 F: 10 
1932 10 1942 442 F: 10 
1973 4 1989 306 F: 4 
1983 5 1993 287 F: 5 
1994 7 2008 204 F: 4 1 2 
2000 3 2012 238 F: 3 
2000 10 2040 377 F: 10 
2005 2 2007 396 F: 2 
2048 2 2050 270 F: 2 
2083 11 2127 369 F: 5 3 3 
2123 6 2147 72 F: 6 
2123 9 2159 319 F: 5 4 
2165 9 2201 324 F: 7 2 
2185 9 2212 65 F: 4 4 1 
2191 5 2211 444 F: 3 1 1 
2209 9 2227 313 F: 4 4 1 
2213 3 2225 482 F: 2 1 
2254 13 2267 109 F: 5 4 4 
2258 8 2266 320 F: 5 3 
2282 10 2322 440 F: 5 4 1 
2313 10 2333 329 F: 5 2 3 
2313 12 2361 103 F: 7 5 
2340 3 2343 389 F: 3 
2349 4 2361 196 F: 4 
2372 4 2388 482 F: 4 
2406 8 2430 324 F: 3 3 2 
2470 6 2494 172 F: 5 1 
2487 12 2499 163 F: 4 4 4 
2497 4 2513 262 F: 4 
2497 8 2505 206 F: 5 2 1 
2522 12 2546 199 F: 5 4 3 
2534 3 2546 239 F: 2 1 
2574 3 2586 259 F: 3 
2578 3 2590 160 F: 3 
2587 10 2597 13 F: 5 2 3 
2614 11 2636 298 F: 7 4 
2626 9 2635 326 F: 7 2 
2627 8 2659 227 F: 6 2 
2673 3 2685 181 F: 3 
2686 12 2722 499 F: 7 5 
2705 11 2727 362 F: 5 6 
2718 6 2742 363 F: 4 2 
2774 9 2792 324 F: 5 2 2 
2795 2 2803 72 F: 2 
2799 8 2815 477 F: 2 4 2 
2820 10 2830 137 F: 10 
2850 12 2874 489 F: 5 3 4 
2851 12 2899 121 F: 12 
2854 10 2874 188 F: 5 5 
2889 9 2916 64 F: 2 4 3 
2932 11 2943 295 F: 11 
2938 13 2990 238 F: 13 
2942 8 2966 150 F: 4 4 
2968 9 2986 466 F: 5 1 3 
2987 2 2993 302 F: 2 
3015 8 3039 445 F: 3 5 
3041 5 3046 89 F: 4 1 
3057 10 3097 9 F: 10 
3071 11 3093 304 F: 6 5 
3075 7 3103 441 F: 7 
3101 13 3114 343 F: 5 4 4 
3116 9 3125 306 F: 5 3 1 
3140 4 3152 455 F: 4 
3154 6 3160 351 F: 2 4 
3158 6 3176 400 F: 3 1 2 
3201 8 3233 144 F: 6 2 
3205 7 3219 306 F: 7 
3218 12 3242 4 F: 6 6 
3238 5 3243 380 F: 5 
3284 8 3316 249 F: 3 1 4 
3325 5 3335 16 F: 3 1 1 
3360 11 3404 322 F: 7 4 
3366 5 3381 132 F: 4 1 
3366 10 3386 450 F: 5 1 4 
3385 5 3400 51 F: 5 
3401 5 3416 92 F: 5 
3407 7 3414 104 F: 2 4 1 
3423 11 3445 432 F: 11 
3443 13 3456 23 F: 13 
3464 9 3482 161 F: 4 5 
3509 9 3518 361 F: 7 2 
3521 6 3539 487 F: 2 4 
3553 10 3593 209 F: 4 4 2 
3580 7 3594 276 F: 4 2 1 
3592 7 3599 67 F: 7 
3612 9 3648 122 F: 9 
3624 10 3654 337 F: 10 
3674 6 3692 71 F: 6 
3688 10 3718 14 F: 10 
3697 8 3713 131 F: 4 4 
3714 9 3723 126 F: 9 
3739 3 3745 299 F: 3 
3767 10 3807 137 F: 4 4 2 
3778 4 3794 170 F: 2 2 
3796 5 3811 307 F: 3 2 
3808 8 3832 344 F: 2 3 3 
3830 5 3840 227 F: 5 
3856 8 3864 173 F: 2 4 2 
3873 8 3897 433 F: 7 1 
3893 13 3906 403 F: 13 
3928 2 3936 310 F: 2 
3938 13 3977 1 F: 13 
3942 9 3960 372 F: 4 5 
3961 7 3982 355 F: 2 1 4 
3974 9 4010 75 F: 3 2 4 
4002 7 4016 224 F: 3 2 2 
4013 9 4031 229 F: 4 3 2 
4033 6 4045 60 F: 2 4 
4044 6 4062 407 F: 2 3 1 
4044 8 4076 395 F: 5 3 
4144 8 4168 202 F: 2 2 4 
4157 8 4165 297 F: 2 3 3 
4166 5 4171 396 F: 3 2 
4183 12 4195 225 F: 6 6 
4185 10 4205 18 F: 4 6 
4229 6 4235 379 F: 2 1 3 
4241 13 4280 379 F: 13 
4247 4 4259 75 F: 3 1 
4263 6 4275 436 F: 2 4 
4263 8 4287 441 F: 3 1 4 
4309 9 4327 389 F: 9 
4323 6 4335 183 F: 6 
4335 7 4363 471 F: 7 
4354 13 4380 131 F: 5 4 4 
4399 13 4412 177 F: 13 
4421 11 4454 77 F: 11 
4443 6 4467 243 F: 6 
4461 3 4467 79 F: 3 
4465 7 4479 61 F: 7 
4470 8 4478 374 F: 5 2 1 
4551 11 4584 40 F: 11 
4566 8 4598 139 F: 8 
4569 5 4589 490 F: 5 
4570 9 4588 9 F: 3 4 2 
4594 9 4621 80 F: 3 4 2 
4602 4 4618 393 F: 2 1 1 
4602 7 4616 15 F: 3 1 3 
4618 5 4638 253 F: 4 1 
4621 6 4639 144 F: 3 3 
4648 9 4675 96 F: 2 3 4 
4709 7 4723 96 F: 7 
4755 8 4771 58 F: 8 
4760 11 4771 263 F: 5 3 3 
4771 7 4799 71 F: 2 1 4 
4784 4 4788 159 F: 3 1 
4807 8 4815 352 F: 5 3 
4823 2 4831 161 F: 2 
4854 9 4872 282 F: 4 4 1 
4878 4 4890 163 F: 2 2 
4887 12 4923 121 F: 7 5 
4900 4 4908 498 F: 4 
4901 7 4929 410 F: 3 4 
4914 7 4942 89 F: 3 1 3 
4927 8 4943 116 F: 3 5 
4930 13 4943 167 F: 13 
5018 11 5051 199 F: 11 
5035 8 5067 437 F: 4 1 3 
5045 3 5054 8 F: 3 
5062 12 5110 261 F: 12 
5084 11 5117 432 F: 5 6 
5119 12 5167 238 F: 5 3 4 
5161 7 5168 397 F: 3 4 
5178 11 5189 212 F: 4 3 4 
5188 11 5232 245 F: 5 2 4 
5190 9 5199 404 F: 9 
5210 5 5225 308 F: 5 
5210 10 5250 94 F: 4 2 4 
5253 10 5263 173 F: 5 5 
5266 11 5310 37 F: 5 6 
5267 7 5281 142 F: 2 3 2 
5324 6 5342 321 F: 6 
5337 8 5345 470 F: 8 
5356 9 5374 462 F: 9 
5369 6 5393 361 F: 5 1 
5387 11 5398 352 F: 11 
5400 8 5424 450 F: 5 1 2 
5405 7 5419 372 F: 2 2 3 
5434 6 5458 291 F: 2 1 3 
5441 8 5457 236 F: 4 3 1 
5456 10 5486 387 F: 10 
5504 2 5506 495 F: 2 
5532 10 5552 465 F: 4 4 2 
5568 8 5576 39 F: 3 1 4 
5587 6 5605 135 F: 3 1 2 
5597 6 5603 320 F: 6 
5611 10 5631 193 F: 5 1 4 
5625 11 5669 107 F: 11 
5666 7 5694 51 F: 5 1 1 
5671 9 5707 450 F: 4 1 4 
5679 6 5697 468 F: 4 1 1 
5727 12 5739 53 F: 7 5 
5734 11 5745 381 F: 7 4 
5735 10 5755 225 F: 3 4 3 
5760 5 5770 138 F: 3 2 
5791 7 5812 240 F: 4 3 
5803 9 5812 151 F: 6 3 
5837 12 5861 150 F: 7 5 
5842 6 5848 131 F: 4 2 
5854 8 5870 16 F: 5 3 
5882 12 5906 342 F: 7 5 
5901 7 5908 9 F: 7 
5908 3 5917 180 F: 3 
5931 9 5958 427 F: 2 4 3 
5952 5 5967 194 F: 3 1 1 
5990 7 5997 278 F: 7 
6000 10 6040 419 F: 2 4 4 
6020 7 6048 458 F: 2 3 2 
6020 11 6064 126 F: 5 4 2 
6069 9 6105 383 F: 9 
6083 4 6087 160 F: 4 
6102 10 6122 114 F: 10 
6116 9 6125 454 F: 5 4 
6142 10 6152 233 F: 10 
6149 4 6165 500 F: 2 2 
6167 8 6199 231 F: 8 
6215 10 6235 87 F: 4 6 
6226 8 6234 10 F: 2 6 
6243 7 6250 309 F: 2 4 1 
6274 8 6290 123 F: 8 
6275 9 6311 231 F: 9 
6302 9 6338 273 F: 9 
6351 10 6391 454 F: 4 4 2 
6365 4 6377 42 F: 3 1 
6392 5 6412 334 F: 2 3 
6397 5 6407 155 F: 3 2 
6430 10 6460 395 F: 10 
6441 7 6469 52 F: 7 
6447 5 6457 410 F: 5 
6468 8 6484 296 F: 6 2 
6481 9 6499 114 F: 6 3 
6529 10 6559 237 F: 3 3 4 
6537 5 6557 187 F: 3 1 1 
6547 6 6571 100 F: 5 1 
6592 9 6619 179 F: 5 3 1 
6593 11 6604 444 F: 11 
6646 6 6658 297 F: 6 
6662 13 6714 298 F: 13 
6674 8 6690 26 F: 3 3 2 
6677 10 6687 304 F: 10 
6697 5 6707 342 F: 5 
6731 8 6755 253 F: 8 
6734 4 6746 111 F: 4 
6750 7 6778 179 F: 3 4 
6768 11 6779 227 F: 6 5 
6791 4 6807 144 F: 4 
6800 6 6806 438 F: 3 3 
6862 3 6874 124 F: 2 1 
6875 8 6907 424 F: 2 6 
6878 9 6914 499 F: 6 3 
6895 11 6906 85 F: 4 3 4 
6903 7 6924 324 F: 3 4 
6953 10 6973 130 F: 4 6 
6963 9 6981 3 F: 5 4 
6964 6 6988 331 F: 3 3 
6964 10 6994 470 F: 4 3 3 
7031 9 7049 357 F: 4 4 1 
7032 9 7050 242 F: 3 3 3 
7046 8 7070 50 F: 3 1 4 
7053 11 7064 434 F: 5 4 2 
7059 13 7111 195 F: 5 4 4 
7127 13 7153 31 F: 7 6 
7146 5 7156 89 F: 3 2 
7156 8 7164 468 F: 3 4 1 
7170 8 7178 145 F: 5 1 2 
7178 5 7198 204 F: 5 
7222 8 7238 110 F: 2 6 
7235 11 7257 209 F: 4 3 4 
7238 12 7262 74 F: 12 
7257 4 7269 232 F: 4 
7288 2 7296 382 F: 2 
7303 10 7323 333 F: 2 4 4 
7359 10 7369 245 F: 3 4 3 
7368 9 7386 241 F: 5 4 
7373 8 7389 236 F: 8 
7373 9 7391 179 F: 5 2 2 
7405 10 7445 398 F: 7 3 
7409 10 7449 164 F: 7 3 
7423 4 7427 474 F: 2 2 
7436 10 7446 379 F: 5 3 2 
7461 9 7488 123 F: 9 
7512 7 7540 173 F: 3 4 
7519 10 7559 258 F: 10 
7545 9 7581 339 F: 5 3 1 
7547 5 7562 284 F: 5 
7567 11 7589 420 F: 6 5 
7616 3 7619 130 F: 3 
7626 13 7652 224 F: 13 
7633 12 7681 272 F: 7 5 
7647 9 7674 128 F: 9 
7688 5 7708 152 F: 2 1 2 
7703 4 7719 233 F: 4 
7719 11 7752 463 F: 5 4 2 
7728 6 7734 326 F: 6 
7748 3 7760 150 F: 3 
7795 6 7819 83 F: 4 2 
7808 9 7826 141 F: 5 4 
7813 12 7837 36 F: 6 6 
7834 8 7850 199 F: 6 2 
7837 5 7857 317 F: 5 
7841 11 7863 30 F: 5 3 3 
7932 8 7956 95 F: 8 
7947 12 7959 1 F: 4 4 4 
7965 10 7995 90 F: 7 3 
7992 9 8019 279 F: 3 6 
7998 12 8010 496 F: 7 5 
8003 2 8009 81 F: 2 
8007 7 8014 76 F: 3 3 1 
8027 6 8033 106 F: 5 1 
8049 4 8057 455 F: 4 
8083 7 8097 456 F: 4 1 2 
8109 11 8142 56 F: 11 
8162 8 8186 311 F: 5 3 
8184 12 8232 483 F: 12 
8186 8 8194 89 F: 2 6 
8199 9 8235 348 F: 5 2 2 
8211 12 8259 161 F: 12 
8254 11 8287 216 F: 11 
8272 13 8298 44 F: 13 
8284 11 8295 155 F: 5 2 4 
8293 8 8325 491 F: 5 1 2 
8343 10 8373 228 F: 3 3 4 
8348 10 8378 221 F: 5 2 3 
8368 10 8388 440 F: 5 3 2 
8378 8 8402 212 F: 5 3 
8384 11 8417 432 F: 11 
8447 7 8461 350 F: 4 3 
8461 13 8513 351 F: 13 
8489 2 8495 135 F: 2 
8495 11 8517 103 F: 11 
8499 6 8517 314 F: 3 2 1 
8538 4 8546 10 F: 4 
8544 4 8548 349 F: 2 1 1 
8557 5 8577 209 F: 3 2 
8557 10 8587 51 F: 5 5 
8581 3 8587 255 F: 3 
8618 11 8662 390 F: 6 5 
8623 13 8675 490 F: 7 6 
8641 5 8651 240 F: 4 1 
8656 7 8663 344 F: 3 3 1 
8670 9 8706 346 F: 4 3 2 
8707 7 8735 54 F: 2 2 3 
8727 4 8735 164 F: 4 
8747 8 8779 4 F: 5 1 2 
8758 9 8794 236 F: 4 2 3 
8777 4 8781 222 F: 3 1 
8800 11 8811 280 F: 11 
8821 6 8839 474 F: 3 1 2 
8823 11 8867 190 F: 6 5 
8836 9 8863 426 F: 9 
8846 9 8873 323 F: 4 4 1 
8901 2 8907 302 F: 2 
8919 8 8943 85 F: 2 6 
8922 11 8933 182 F: 4 3 4 
8939 5 8949 137 F: 5 
8956 7 8977 358 F: 7 
9019 9 9028 167 F: 7 2 
9029 13 9042 228 F: 7 6 
9045 4 9061 170 F: 2 2 
9069 5 9074 185 F: 5 
9094 10 9134 95 F: 4 2 4 
9121 5 9141 53 F: 2 2 1 
9134 8 9158 120 F: 3 1 4 
9136 11 9158 434 F: 3 4 4 
9146 8 9154 474 F: 2 6 
9191 2 9193 427 F: 2 
9202 9 9220 210 F: 4 4 1 
9251 7 9272 274 F: 7 
9254 9 9272 204 F: 3 3 3 
9259 5 9269 484 F: 5 
9294 9 9330 452 F: 5 2 2 
9300 10 9330 480 F: 6 4 
9303 8 9319 295 F: 8 
9354 2 9356 361 F: 2 
9371 10 9411 154 F: 10 
9382 10 9402 255 F: 10 
9406 8 9438 213 F: 2 6 
9421 13 9434 299 F: 13 
9449 7 9456 315 F: 2 5 
9464 6 9482 50 F: 6 
9483 10 9503 115 F: 10 
9504 7 9511 342 F: 5 1 1 
9513 10 9553 123 F: 5 3 2 
9520 8 9528 55 F: 2 6 
9540 8 9564 149 F: 2 4 2 
9567 7 9574 495 F: 3 1 3 
9611 8 9619 343 F: 8 
9618 10 9648 61 F: 2 4 4 
9627 4 9635 322 F: 4 
9638 7 9659 175 F: 4 1 2 
9688 8 9712 294 F: 8 
9719 2 9725 40 F: 2 
9723 8 9731 241 F: 5 3 
9736 11 9780 62 F: 5 3 3 
9791 9 9800 461 F: 5 4 
9796 5 9811 137 F: 2 1 2 
9804 10 9844 386 F: 5 5 
9836 2 9844 308 F: 2 
9852 7 9859 177 F: 5 2 
9878 6 9896 69 F: 3 3 
9890 9 9899 383 F: 5 3 1 
9919 11 9952 30 F: 5 3 3 
9951 10 9981 307 F: 5 4 1 
9976 6 10000 391 F: 6 
9986 8 9994 491 F: 5 3 
9999 9 10008 432 F: 9 
D: 3 337 
D: 7 176 
D: 16 28 
D: 16 279 
D: 29 151 
D: 35 420 
D: 50 370 
D: 56 461 
D: 58 326 
D: 63 499 
D: 66 104 
D: 69 95 
D: 70 104 
D: 72 477 
D: 75 380 
D: 77 321 
D: 81 142 
D: 82 130 
D: 84 234 
D: 98 198 
D: 99 340 
D: 102 195 
D: 107 134 
D: 112 134 
D: 130 159 
D: 134 145 
D: 136 175 
D: 145 169 
D: 148 356 
D: 151 210 
D: 153 418 
D: 154 286 
D: 165 402 
D: 168 424 
D: 170 391 
D: 171 466 
D: 175 332 
D: 178 194 
D: 205 446 
D: 255 278 
D: 265 312 
D: 268 412 
D: 270 311 
D: 275 434 
D: 288 388 
D: 351 481 
D: 383 479 
D: 404 431 
D: 431 480 
D: 461 477 
