21 8 45 28 F: 5 1 2 
49 9 58 28 F: 5 3 1 
55 13 94 19 F: 7 6 
64 5 69 2 F: 5 
67 9 76 5 F: 5 1 3 
115 9 124 4 F: 3 4 2 
123 8 131 45 F: 8 
145 10 185 22 F: 3 3 4 
195 8 211 4 F: 3 2 3 
197 8 229 48 F: 2 6 
208 12 244 7 F: 12 
238 11 249 22 F: 5 6 
240 3 243 18 F: 3 
257 6 275 48 F: 5 1 
280 7 294 21 F: 6 1 
303 8 319 30 F: 3 4 1 
318 9 327 28 F: 4 5 
359 10 399 27 F: 4 6 
361 6 367 2 F: 4 2 
387 8 403 4 F: 8 
401 11 445 43 F: 11 
415 13 467 25 F: 5 4 4 
443 11 465 38 F: 11 
477 5 497 27 F: 3 2 
495 8 503 34 F: 7 1 
562 12 586 45 F: 7 5 
565 7 579 13 F: 4 2 1 
578 11 611 25 F: 5 6 
581 3 587 43 F: 3 
590 10 630 28 F: 3 3 4 
618 7 646 49 F: 7 
634 6 646 20 F: 2 4 
641 9 659 21 F: 5 3 1 
647 7 661 33 F: 2 2 3 
694 8 718 46 F: 3 5 
758 11 769 16 F: 6 5 
781 12 793 46 F: 12 
785 2 791 26 F: 2 
796 8 820 28 F: 7 1 
798 8 814 36 F: 4 4 
822 5 842 29 F: 5 
881 13 894 14 F: 5 4 4 
882 5 887 22 F: 3 2 
883 10 913 11 F: 4 6 
895 11 928 48 F: 11 
915 2 923 34 F: 2 
925 2 927 33 F: 2 
926 9 944 50 F: 2 4 3 
936 8 960 12 F: 4 3 1 
995 6 1013 15 F: 5 1 
D: 1 22 
D: 4 48 
D: 9 22 
D: 10 29 
D: 34 45 
