0 3 6 20 F: 2 1 
5 2 13 37 F: 2 
38 9 56 21 F: 9 
60 8 68 17 F: 4 4 
82 8 106 27 F: 3 1 4 
103 10 113 32 F: 10 
113 4 129 42 F: 4 
125 6 149 36 F: 2 3 1 
131 7 138 36 F: 6 1 
168 12 192 42 F: 12 
202 10 242 5 F: 7 3 
220 7 234 9 F: 2 1 4 
224 7 238 17 F: 6 1 
270 5 285 4 F: 5 
284 7 298 28 F: 7 
301 4 313 42 F: 4 
302 8 326 18 F: 5 2 1 
346 3 349 27 F: 2 1 
350 9 377 6 F: 3 3 3 
388 10 418 25 F: 10 
409 12 445 16 F: 4 4 4 
413 13 452 16 F: 13 
440 4 456 32 F: 2 1 1 
455 9 491 37 F: 4 5 
467 8 475 12 F: 3 5 
506 6 518 14 F: 6 
535 7 542 26 F: 4 1 2 
542 7 556 43 F: 7 
567 12 615 26 F: 12 
591 4 595 2 F: 4 
618 6 642 38 F: 2 3 1 
646 12 658 20 F: 5 4 3 
652 6 658 6 F: 5 1 
655 11 677 21 F: 7 4 
687 3 693 33 F: 3 
745 12 793 3 F: 12 
748 6 754 38 F: 6 
768 6 780 33 F: 6 
787 10 807 36 F: 4 2 4 
792 10 812 33 F: 4 2 4 
816 13 842 13 F: 13 
863 11 885 26 F: 3 4 4 
865 10 885 41 F: 10 
880 5 895 26 F: 4 1 
887 13 939 26 F: 13 
921 13 947 31 F: 7 6 
950 8 982 35 F: 6 2 
957 8 989 11 F: 5 3 
965 10 995 16 F: 10 
971 7 978 7 F: 7 
D: 0 27 
D: 10 43 
D: 22 42 
D: 24 36 
D: 39 43 
