20 7 48 38 F: 3 2 2 
32 6 44 32 F: 4 1 1 
60 11 93 7 F: 5 4 2 
80 2 88 34 F: 2 
92 9 110 40 F: 7 2 
134 10 174 19 F: 4 6 
138 7 159 23 F: 3 1 3 
147 12 183 22 F: 7 5 
176 8 208 35 F: 2 2 4 
194 8 202 32 F: 4 3 1 
219 9 246 32 F: 5 2 2 
239 4 255 19 F: 3 1 
246 7 267 23 F: 4 3 
248 2 256 29 F: 2 
266 10 296 19 F: 4 2 4 
311 4 327 50 F: 4 
352 5 357 39 F: 5 
355 8 363 14 F: 4 2 2 
368 11 401 13 F: 5 6 
391 8 415 39 F: 5 2 1 
412 8 444 2 F: 5 2 1 
426 13 478 12 F: 7 6 
440 9 476 21 F: 9 
456 9 474 30 F: 9 
497 6 521 9 F: 6 
501 7 515 28 F: 7 
504 8 512 40 F: 3 5 
530 5 550 29 F: 5 
546 7 574 6 F: 2 5 
579 9 588 24 F: 2 4 3 
616 10 636 1 F: 5 1 4 
645 9 681 16 F: 9 
671 9 707 37 F: 6 3 
676 6 682 36 F: 5 1 
680 11 724 34 F: 5 6 
704 6 728 32 F: 6 
743 8 759 48 F: 8 
765 5 775 37 F: 5 
786 5 791 25 F: 2 2 1 
793 2 799 39 F: 2 
829 5 844 33 F: 2 3 
833 7 847 18 F: 2 2 3 
841 7 869 44 F: 5 2 
845 9 854 35 F: 6 3 
892 11 903 44 F: 5 4 2 
902 2 908 49 F: 2 
919 10 959 46 F: 7 3 
957 9 966 4 F: 9 
963 5 968 17 F: 2 1 2 
987 7 1001 3 F: 3 4 
D: 3 37 
D: 7 17 
D: 12 14 
D: 29 40 
D: 29 47 
