4 7 25 61 F: 6 1 
15 3 24 72 F: 3 
17 13 43 11 F: 13 
25 8 41 20 F: 6 2 
29 8 45 82 F: 4 4 
38 8 46 65 F: 3 4 1 
41 8 57 100 F: 4 1 3 
44 3 50 80 F: 3 
45 3 57 1 F: 3 
47 5 62 36 F: 5 
54 10 84 33 F: 3 4 3 
57 7 71 12 F: 5 2 
59 10 89 84 F: 10 
62 7 90 48 F: 4 3 
62 8 70 39 F: 4 2 2 
62 10 102 74 F: 7 3 
69 7 83 14 F: 6 1 
83 9 92 42 F: 4 3 2 
84 11 117 45 F: 6 5 
95 12 143 66 F: 7 5 
102 13 141 68 F: 7 6 
106 5 126 16 F: 5 
111 10 141 97 F: 3 3 4 
111 12 159 99 F: 7 5 
112 12 136 27 F: 5 4 3 
117 9 153 63 F: 9 
118 5 123 23 F: 3 2 
119 8 135 79 F: 8 
121 9 148 46 F: 3 3 3 
127 5 142 51 F: 4 1 
131 7 138 70 F: 4 2 1 
132 8 156 10 F: 8 
145 13 158 4 F: 13 
146 11 168 15 F: 11 
153 3 159 92 F: 3 
153 13 166 74 F: 13 
162 5 182 18 F: 5 
171 9 198 83 F: 9 
197 9 233 41 F: 2 3 4 
199 7 227 59 F: 2 5 
201 2 203 81 F: 2 
212 8 244 25 F: 3 5 
223 9 241 52 F: 6 3 
227 12 251 98 F: 7 5 
230 10 250 86 F: 7 3 
237 13 289 15 F: 13 
243 11 287 73 F: 5 4 2 
251 8 259 60 F: 3 5 
253 10 273 75 F: 5 3 2 
258 9 276 57 F: 4 5 
259 7 287 6 F: 7 
261 10 301 65 F: 4 2 4 
271 6 295 26 F: 4 2 
272 13 285 70 F: 7 6 
276 10 296 90 F: 10 
277 7 305 57 F: 6 1 
286 10 306 11 F: 5 4 1 
290 13 329 84 F: 7 6 
292 9 319 15 F: 5 1 3 
299 8 315 48 F: 5 2 1 
311 7 332 90 F: 7 
321 9 339 84 F: 3 6 
333 8 341 71 F: 6 2 
333 8 365 89 F: 4 4 
348 7 355 85 F: 3 1 3 
348 8 372 92 F: 3 3 2 
352 4 368 38 F: 4 
353 10 363 48 F: 5 5 
357 6 369 68 F: 6 
361 12 385 46 F: 6 6 
363 6 387 37 F: 3 3 
376 6 388 70 F: 3 3 
382 10 392 66 F: 7 3 
384 5 404 66 F: 5 
387 2 391 99 F: 2 
388 5 398 28 F: 4 1 
390 13 403 39 F: 7 6 
392 7 399 90 F: 4 1 2 
396 12 420 82 F: 12 
399 7 420 71 F: 3 4 
406 8 414 32 F: 3 5 
411 11 433 24 F: 5 3 3 
415 8 431 30 F: 8 
423 7 451 67 F: 2 2 3 
428 11 450 55 F: 5 4 2 
435 11 479 73 F: 4 4 3 
442 4 454 23 F: 2 2 
444 8 452 18 F: 4 4 
447 13 460 91 F: 13 
449 5 469 81 F: 3 2 
455 7 462 100 F: 2 5 
460 8 476 50 F: 3 1 4 
468 9 486 69 F: 5 4 
471 7 478 56 F: 4 2 1 
471 12 495 17 F: 12 
473 8 481 30 F: 6 2 
480 8 512 15 F: 3 2 3 
490 3 496 71 F: 3 
495 7 523 54 F: 7 
498 10 528 16 F: 3 4 3 
D: 7 45 
D: 13 18 
D: 19 58 
D: 27 23 
D: 34 91 
D: 39 66 
D: 41 83 
D: 61 81 
D: 66 81 
D: 83 96 
