4 8 36 120 F: 7 1 
7 12 55 28 F: 12 
11 9 29 59 F: 4 4 1 
16 8 32 45 F: 2 3 3 
21 7 49 118 F: 4 3 
21 8 37 10 F: 6 2 
28 11 72 6 F: 11 
34 13 47 133 F: 7 6 
44 12 56 70 F: 12 
54 8 86 96 F: 8 
57 11 101 25 F: 11 
72 7 100 52 F: 4 3 
74 7 88 118 F: 2 1 4 
78 6 90 97 F: 3 2 1 
81 5 101 113 F: 5 
84 13 123 122 F: 13 
85 3 94 125 F: 3 
91 8 107 100 F: 5 1 2 
92 8 100 93 F: 3 3 2 
94 9 121 141 F: 4 3 2 
102 10 132 50 F: 3 4 3 
103 7 131 9 F: 4 1 2 
121 7 135 84 F: 3 2 2 
121 9 157 57 F: 5 2 2 
125 9 152 12 F: 3 3 3 
126 5 131 107 F: 4 1 
127 10 137 115 F: 7 3 
134 7 148 120 F: 7 
137 9 164 54 F: 3 3 3 
141 5 151 1 F: 3 2 
145 8 153 100 F: 2 6 
159 9 177 52 F: 5 2 2 
164 8 172 13 F: 5 1 2 
168 9 186 128 F: 9 
169 11 180 46 F: 7 4 
171 10 181 84 F: 10 
180 11 224 121 F: 4 3 4 
185 7 213 74 F: 4 3 
187 7 201 83 F: 5 2 
192 8 200 84 F: 4 2 2 
217 10 257 54 F: 10 
218 13 257 81 F: 7 6 
230 11 274 45 F: 11 
234 4 250 102 F: 2 2 
241 7 248 30 F: 2 5 
244 8 252 103 F: 2 6 
250 13 289 97 F: 5 4 4 
257 6 263 12 F: 6 
263 5 273 38 F: 2 3 
263 7 291 114 F: 5 1 1 
267 12 315 60 F: 5 3 4 
275 5 280 113 F: 2 2 1 
283 7 304 132 F: 2 5 
287 10 297 144 F: 4 6 
289 13 341 39 F: 7 6 
293 4 297 85 F: 4 
293 12 317 57 F: 12 
295 7 316 69 F: 3 3 1 
296 7 310 140 F: 7 
299 9 335 23 F: 6 3 
300 10 310 135 F: 10 
302 10 312 106 F: 4 4 2 
318 11 340 124 F: 5 4 2 
319 9 346 20 F: 2 3 4 
321 12 357 18 F: 12 
324 11 368 99 F: 7 4 
329 9 356 4 F: 6 3 
330 6 336 135 F: 6 
339 11 372 134 F: 4 3 4 
348 11 359 145 F: 5 2 4 
355 7 376 102 F: 7 
359 3 362 101 F: 2 1 
367 7 395 129 F: 4 2 1 
383 8 415 89 F: 2 6 
384 3 387 100 F: 2 1 
387 7 401 140 F: 7 
389 8 405 84 F: 3 5 
390 3 402 78 F: 3 
391 5 411 91 F: 5 
398 7 405 95 F: 3 2 2 
402 9 411 22 F: 6 3 
412 8 436 63 F: 2 6 
414 11 436 36 F: 7 4 
415 8 439 94 F: 4 4 
416 10 426 146 F: 3 3 4 
426 4 434 115 F: 4 
428 7 435 127 F: 6 1 
430 7 458 25 F: 3 4 
430 9 457 132 F: 3 6 
439 4 455 50 F: 3 1 
441 11 485 120 F: 5 6 
454 5 464 108 F: 5 
454 6 472 7 F: 2 4 
458 9 467 53 F: 9 
458 10 478 112 F: 7 3 
479 9 506 97 F: 4 1 4 
487 6 505 41 F: 2 4 
488 9 497 81 F: 4 1 4 
490 2 492 80 F: 2 
490 12 514 143 F: 12 
506 12 542 79 F: 6 6 
507 8 515 66 F: 8 
508 9 544 79 F: 4 2 3 
512 6 530 70 F: 4 2 
513 10 523 53 F: 10 
526 11 570 136 F: 11 
535 4 543 121 F: 3 1 
539 7 546 130 F: 3 2 2 
542 9 578 148 F: 4 5 
544 8 568 30 F: 4 4 
547 7 554 64 F: 4 1 2 
547 13 573 124 F: 13 
553 12 589 137 F: 12 
560 11 582 119 F: 6 5 
567 5 587 35 F: 3 2 
581 2 587 34 F: 2 
589 8 621 112 F: 3 3 2 
592 5 607 100 F: 2 2 1 
599 11 621 100 F: 11 
599 11 643 79 F: 4 3 4 
604 3 610 78 F: 3 
606 11 617 106 F: 4 4 3 
607 6 613 148 F: 6 
609 7 616 120 F: 6 1 
610 8 642 88 F: 4 3 1 
615 7 622 135 F: 3 4 
619 8 643 73 F: 3 2 3 
620 7 648 120 F: 4 3 
626 12 674 20 F: 12 
636 10 646 37 F: 10 
642 7 663 26 F: 7 
643 4 659 102 F: 2 2 
643 12 679 38 F: 5 4 3 
648 11 670 121 F: 5 2 4 
648 11 681 86 F: 7 4 
652 9 661 147 F: 6 3 
653 10 673 65 F: 4 3 3 
666 9 675 26 F: 7 2 
674 12 698 131 F: 7 5 
689 8 721 138 F: 8 
711 4 723 82 F: 3 1 
716 7 737 56 F: 2 3 2 
726 3 732 55 F: 3 
737 5 747 27 F: 5 
740 9 758 138 F: 5 1 3 
742 12 766 114 F: 7 5 
749 10 789 70 F: 5 1 4 
754 9 790 52 F: 5 1 3 
765 3 777 143 F: 3 
771 7 785 92 F: 7 
D: 3 42 
D: 4 35 
D: 7 129 
D: 19 48 
D: 25 58 
D: 25 72 
D: 27 44 
D: 35 61 
D: 38 119 
D: 40 114 
D: 47 106 
D: 98 121 
D: 109 134 
D: 114 111 
D: 123 136 
