0 10 20 3 F: 4 4 2 
2 13 28 55 F: 7 6 
18 10 48 69 F: 10 
19 10 29 29 F: 4 3 3 
21 12 33 58 F: 12 
23 8 31 56 F: 4 2 2 
34 7 55 86 F: 7 
54 4 66 1 F: 4 
60 9 87 29 F: 2 4 3 
62 8 86 36 F: 4 4 
63 9 99 53 F: 2 4 3 
64 5 69 41 F: 3 2 
70 11 114 35 F: 11 
83 8 115 87 F: 8 
85 12 133 69 F: 4 4 4 
86 13 112 49 F: 5 4 4 
88 4 92 16 F: 4 
88 8 120 52 F: 3 5 
93 8 125 57 F: 8 
98 8 114 40 F: 8 
107 6 131 85 F: 5 1 
107 8 139 35 F: 5 1 2 
113 5 133 5 F: 5 
121 8 137 22 F: 5 3 
122 9 131 36 F: 3 3 3 
133 7 147 77 F: 4 1 2 
142 7 170 35 F: 4 2 1 
146 5 166 78 F: 5 
147 5 157 87 F: 2 2 1 
153 8 185 99 F: 3 1 4 
153 10 183 1 F: 2 4 4 
155 11 199 95 F: 5 3 3 
162 8 178 84 F: 2 2 4 
163 3 172 81 F: 2 1 
167 6 185 2 F: 4 2 
169 11 202 66 F: 11 
171 10 191 67 F: 6 4 
172 11 194 20 F: 5 3 3 
177 7 198 96 F: 6 1 
177 7 205 69 F: 3 4 
205 8 229 33 F: 3 5 
207 9 225 79 F: 7 2 
212 4 220 18 F: 2 2 
223 10 243 97 F: 4 4 2 
226 9 253 31 F: 3 2 4 
229 4 233 9 F: 2 2 
235 8 267 30 F: 3 5 
246 9 255 78 F: 5 4 
251 12 263 86 F: 4 4 4 
254 6 272 88 F: 6 
262 9 298 65 F: 3 2 4 
270 3 273 7 F: 2 1 
272 8 280 13 F: 7 1 
276 9 303 80 F: 6 3 
277 9 295 91 F: 5 4 
278 9 305 9 F: 4 4 1 
279 8 303 40 F: 4 1 3 
280 10 320 89 F: 10 
283 7 304 57 F: 5 2 
294 9 312 73 F: 3 6 
303 7 324 45 F: 3 1 3 
305 5 320 87 F: 2 1 2 
306 12 318 63 F: 6 6 
331 7 345 9 F: 2 3 2 
334 2 336 63 F: 2 
335 8 351 3 F: 2 2 4 
342 8 350 50 F: 7 1 
343 11 376 81 F: 4 4 3 
346 5 366 83 F: 3 2 
350 8 382 18 F: 2 3 3 
354 10 384 1 F: 4 6 
356 12 392 46 F: 12 
358 8 382 47 F: 3 1 4 
362 9 398 15 F: 7 2 
365 7 393 52 F: 3 1 3 
369 4 373 13 F: 2 2 
369 5 384 43 F: 5 
378 9 414 33 F: 9 
389 7 410 29 F: 3 4 
397 10 427 58 F: 4 6 
402 7 416 5 F: 3 1 3 
406 8 414 55 F: 5 3 
406 12 418 31 F: 7 5 
407 8 439 47 F: 4 4 
414 7 428 24 F: 2 5 
418 11 440 84 F: 11 
421 5 426 73 F: 4 1 
432 8 456 30 F: 5 1 2 
432 10 462 85 F: 10 
436 10 456 43 F: 7 3 
437 6 449 55 F: 6 
444 9 462 65 F: 9 
447 10 457 74 F: 4 6 
469 8 477 43 F: 8 
472 7 493 96 F: 7 
474 12 522 61 F: 12 
483 3 489 30 F: 2 1 
491 9 518 37 F: 5 4 
497 4 505 34 F: 4 
497 12 533 77 F: 12 
D: 1 89 
D: 9 84 
D: 14 87 
D: 14 96 
D: 16 23 
D: 18 44 
D: 20 78 
D: 21 86 
D: 31 64 
D: 43 69 
