9 4 21 83 F: 2 2 
10 13 23 69 F: 7 6 
14 8 46 126 F: 3 4 1 
19 10 29 99 F: 5 3 2 
21 11 43 125 F: 11 
31 6 49 71 F: 2 3 1 
53 6 59 22 F: 2 2 2 
54 10 74 81 F: 10 
61 8 69 61 F: 3 2 3 
67 10 87 127 F: 5 5 
71 12 107 141 F: 4 4 4 
72 7 93 149 F: 7 
76 11 87 25 F: 5 6 
81 2 85 143 F: 2 
84 3 96 16 F: 2 1 
85 11 118 18 F: 5 2 4 
87 4 99 136 F: 4 
88 6 100 133 F: 6 
92 6 98 132 F: 3 2 1 
98 4 114 130 F: 2 2 
107 7 114 77 F: 7 
107 10 117 51 F: 7 3 
118 7 146 12 F: 4 3 
122 13 148 147 F: 13 
127 8 135 87 F: 5 1 2 
135 3 141 49 F: 3 
137 10 157 98 F: 7 3 
147 7 161 92 F: 4 3 
149 12 185 37 F: 12 
154 7 175 90 F: 2 1 4 
155 10 195 72 F: 10 
159 7 180 12 F: 7 
167 8 183 123 F: 5 3 
175 9 193 2 F: 4 5 
179 10 199 26 F: 10 
184 8 208 71 F: 7 1 
186 8 210 55 F: 8 
186 11 208 57 F: 4 3 4 
189 7 217 35 F: 4 2 1 
196 11 240 73 F: 5 4 2 
201 9 210 110 F: 9 
209 5 219 108 F: 5 
210 9 219 16 F: 5 4 
214 6 238 69 F: 2 4 
214 13 240 69 F: 13 
219 10 229 26 F: 6 4 
226 5 241 146 F: 5 
229 4 245 77 F: 2 2 
230 6 248 35 F: 6 
240 7 261 90 F: 3 2 2 
253 11 286 141 F: 11 
256 7 277 124 F: 4 3 
264 8 280 66 F: 4 3 1 
286 12 298 138 F: 12 
289 7 296 149 F: 2 5 
291 9 300 5 F: 2 4 3 
292 2 300 71 F: 2 
294 8 310 108 F: 4 2 2 
297 9 333 63 F: 9 
299 10 309 9 F: 5 3 2 
313 7 341 150 F: 7 
316 8 348 4 F: 5 2 1 
319 9 346 120 F: 7 2 
332 7 353 80 F: 2 1 4 
339 8 347 149 F: 6 2 
343 8 359 99 F: 5 3 
344 8 360 91 F: 2 6 
347 11 391 109 F: 4 3 4 
354 9 381 107 F: 5 3 1 
355 5 375 124 F: 2 3 
359 8 383 31 F: 2 4 2 
375 12 399 83 F: 12 
379 5 399 13 F: 2 1 2 
381 8 389 41 F: 5 3 
381 8 389 47 F: 4 3 1 
381 10 401 143 F: 10 
385 7 399 42 F: 7 
389 9 425 132 F: 9 
390 10 420 134 F: 10 
391 7 419 82 F: 7 
403 5 423 8 F: 5 
405 7 433 96 F: 3 4 
412 12 460 104 F: 12 
416 3 428 22 F: 2 1 
424 8 448 21 F: 2 4 2 
427 3 436 1 F: 3 
428 2 430 5 F: 2 
428 8 460 147 F: 7 1 
428 9 455 127 F: 3 2 4 
440 9 476 125 F: 3 3 3 
451 13 503 30 F: 7 6 
460 5 480 77 F: 5 
462 2 464 115 F: 2 
463 9 490 78 F: 5 4 
471 13 497 7 F: 13 
473 8 497 123 F: 3 1 4 
475 5 490 38 F: 5 
486 9 495 121 F: 5 3 1 
488 7 502 66 F: 2 1 4 
489 4 505 129 F: 2 2 
507 6 513 25 F: 2 4 
512 4 520 113 F: 4 
513 9 522 63 F: 5 3 1 
516 9 534 65 F: 9 
523 9 559 40 F: 4 1 4 
525 8 557 37 F: 4 1 3 
534 9 543 48 F: 4 3 2 
538 7 545 85 F: 2 3 2 
540 9 558 98 F: 3 3 3 
545 9 554 94 F: 4 2 3 
546 5 561 116 F: 5 
546 8 578 58 F: 2 3 3 
563 6 587 107 F: 4 2 
566 12 578 2 F: 6 6 
570 6 576 126 F: 2 2 2 
575 13 614 121 F: 7 6 
578 11 622 131 F: 11 
583 8 599 15 F: 5 1 2 
584 6 602 102 F: 6 
585 8 593 105 F: 7 1 
603 8 627 118 F: 8 
607 7 628 24 F: 7 
608 12 656 28 F: 12 
616 3 619 63 F: 3 
622 5 642 49 F: 5 
626 5 631 142 F: 5 
632 7 646 23 F: 4 3 
637 5 657 127 F: 3 1 1 
638 8 662 76 F: 8 
641 13 654 142 F: 13 
651 12 687 54 F: 7 5 
658 9 694 91 F: 4 1 4 
660 7 681 1 F: 3 3 1 
666 3 675 53 F: 3 
670 9 697 84 F: 4 5 
676 6 700 139 F: 3 3 
682 7 710 2 F: 4 2 1 
685 9 694 59 F: 9 
687 9 705 62 F: 7 2 
692 13 705 18 F: 13 
704 9 713 99 F: 3 2 4 
710 12 758 146 F: 6 6 
714 9 723 132 F: 3 3 3 
715 9 733 14 F: 9 
715 12 727 122 F: 12 
721 11 743 65 F: 5 4 2 
732 8 740 102 F: 2 3 3 
742 13 794 75 F: 5 4 4 
743 7 757 91 F: 3 3 1 
770 7 777 90 F: 7 
D: 3 97 
D: 4 148 
D: 21 126 
D: 22 118 
D: 23 138 
D: 35 103 
D: 42 116 
D: 44 148 
D: 46 130 
D: 52 74 
D: 54 78 
D: 59 107 
D: 61 135 
D: 77 111 
D: 92 144 
