3 8 27 57 F: 4 1 3 
11 6 35 58 F: 2 1 3 
21 11 65 69 F: 7 4 
29 11 62 32 F: 11 
31 11 53 33 F: 4 4 3 
34 10 74 61 F: 5 3 2 
35 9 53 39 F: 3 6 
36 10 76 29 F: 5 2 3 
39 8 71 2 F: 3 2 3 
41 10 51 43 F: 4 4 2 
60 5 75 93 F: 2 1 2 
67 10 107 79 F: 5 5 
71 7 99 90 F: 3 2 2 
71 8 95 10 F: 5 1 2 
73 8 105 51 F: 4 1 3 
80 9 107 18 F: 3 4 2 
80 11 113 60 F: 5 6 
81 9 108 38 F: 9 
88 11 121 94 F: 4 4 3 
98 10 138 56 F: 6 4 
100 9 118 81 F: 3 6 
102 7 123 65 F: 7 
103 10 143 48 F: 5 1 4 
113 6 131 88 F: 2 2 2 
116 7 130 31 F: 2 2 3 
118 8 150 35 F: 5 2 1 
139 5 144 65 F: 4 1 
143 5 153 61 F: 2 3 
143 9 161 17 F: 6 3 
145 6 151 74 F: 3 3 
148 7 155 34 F: 7 
154 3 160 11 F: 3 
158 12 206 22 F: 7 5 
164 11 197 15 F: 6 5 
166 5 186 9 F: 5 
167 9 194 4 F: 9 
169 6 175 85 F: 4 2 
181 13 220 17 F: 13 
195 11 228 7 F: 5 3 3 
197 8 229 83 F: 5 2 1 
205 11 227 77 F: 7 4 
215 11 237 57 F: 4 4 3 
221 2 229 55 F: 2 
223 9 232 25 F: 9 
226 8 250 23 F: 6 2 
230 8 262 24 F: 7 1 
231 8 239 43 F: 7 1 
236 9 272 35 F: 4 5 
244 11 266 41 F: 11 
248 8 272 21 F: 5 1 2 
264 10 304 62 F: 3 3 4 
264 10 304 63 F: 5 5 
266 12 302 6 F: 6 6 
268 5 273 20 F: 2 3 
270 4 282 59 F: 4 
271 9 280 6 F: 7 2 
271 9 307 82 F: 4 4 1 
277 8 285 63 F: 3 2 3 
283 8 315 94 F: 2 3 3 
291 12 315 18 F: 12 
300 7 314 25 F: 5 1 1 
308 10 348 71 F: 5 4 1 
312 6 324 5 F: 4 1 1 
313 7 341 38 F: 4 3 
314 2 322 24 F: 2 
317 12 353 45 F: 4 4 4 
324 11 357 63 F: 11 
332 7 353 1 F: 2 3 2 
344 12 356 19 F: 12 
351 8 375 17 F: 2 6 
355 2 359 61 F: 2 
357 11 379 63 F: 4 4 3 
359 8 367 88 F: 5 3 
361 9 397 84 F: 5 4 
362 2 366 94 F: 2 
367 12 415 51 F: 4 4 4 
372 8 396 39 F: 5 3 
373 11 395 80 F: 3 4 4 
375 9 393 40 F: 9 
388 7 409 83 F: 5 2 
404 6 422 69 F: 3 1 2 
410 11 421 67 F: 11 
411 10 441 70 F: 10 
416 8 448 67 F: 5 2 1 
416 12 428 70 F: 7 5 
417 4 421 5 F: 2 2 
427 9 445 6 F: 4 4 1 
431 5 446 50 F: 3 2 
433 10 443 58 F: 5 2 3 
442 10 482 6 F: 10 
451 2 455 44 F: 2 
457 8 473 95 F: 8 
459 7 473 75 F: 3 2 2 
473 6 479 3 F: 5 1 
477 9 495 87 F: 5 4 
480 11 513 75 F: 4 3 4 
490 12 514 91 F: 6 6 
491 9 527 12 F: 4 1 4 
496 7 503 84 F: 4 2 1 
499 6 517 67 F: 3 2 1 
D: 0 62 
D: 2 87 
D: 4 17 
D: 5 40 
D: 16 96 
D: 31 58 
D: 40 60 
D: 50 60 
D: 55 90 
D: 68 86 
