9 8 25 40 F: 3 5 
9 11 31 85 F: 5 3 3 
10 8 26 78 F: 2 6 
16 9 25 87 F: 9 
28 6 40 87 F: 3 1 2 
28 9 55 27 F: 9 
29 8 45 20 F: 4 2 2 
30 11 74 118 F: 11 
31 10 71 65 F: 10 
46 7 53 110 F: 5 2 
46 8 54 42 F: 7 1 
46 9 82 38 F: 2 3 4 
46 10 76 8 F: 4 6 
49 11 82 13 F: 4 4 3 
53 9 89 51 F: 9 
58 9 94 148 F: 9 
67 10 77 133 F: 4 6 
73 8 105 5 F: 3 1 4 
75 4 91 20 F: 4 
94 9 103 116 F: 4 4 1 
105 7 119 25 F: 2 5 
119 11 141 47 F: 5 6 
125 5 145 106 F: 2 3 
132 10 172 106 F: 3 4 3 
132 11 165 94 F: 4 3 4 
132 12 144 43 F: 7 5 
133 13 185 9 F: 13 
135 9 153 37 F: 3 6 
138 10 168 127 F: 10 
140 12 188 14 F: 7 5 
141 5 146 82 F: 4 1 
145 10 185 101 F: 10 
148 6 160 144 F: 3 3 
149 8 165 37 F: 3 5 
155 8 163 7 F: 3 5 
163 11 207 86 F: 5 6 
173 7 187 23 F: 4 3 
195 6 213 114 F: 5 1 
195 7 223 20 F: 5 1 1 
199 7 206 99 F: 7 
217 8 225 52 F: 2 4 2 
226 12 250 46 F: 12 
228 9 255 145 F: 3 6 
230 11 252 14 F: 6 5 
236 6 254 126 F: 3 3 
245 7 259 150 F: 4 2 1 
245 8 261 68 F: 5 3 
246 11 290 111 F: 4 3 4 
249 13 275 144 F: 5 4 4 
258 6 264 45 F: 4 2 
263 11 307 14 F: 5 3 3 
270 8 294 40 F: 2 3 3 
272 7 300 120 F: 2 2 3 
273 7 287 71 F: 2 4 1 
276 13 328 137 F: 13 
282 7 310 123 F: 3 2 2 
284 10 304 94 F: 10 
291 10 321 85 F: 7 3 
298 10 318 122 F: 5 5 
299 6 323 49 F: 2 1 3 
302 8 310 31 F: 8 
306 9 315 43 F: 9 
312 3 321 76 F: 2 1 
312 12 336 46 F: 6 6 
317 8 341 69 F: 5 3 
320 10 330 138 F: 5 1 4 
322 11 355 31 F: 3 4 4 
325 5 340 58 F: 3 2 
333 10 363 121 F: 5 5 
341 10 371 144 F: 4 6 
344 6 368 15 F: 2 4 
352 5 372 61 F: 2 1 2 
366 6 390 83 F: 6 
367 13 419 28 F: 13 
378 12 390 132 F: 7 5 
380 10 420 126 F: 5 5 
382 10 402 68 F: 6 4 
390 8 414 89 F: 3 5 
394 12 430 128 F: 12 
399 5 409 76 F: 5 
409 12 445 81 F: 5 3 4 
412 6 436 133 F: 4 1 1 
416 7 444 57 F: 3 4 
429 7 443 11 F: 3 4 
435 9 444 22 F: 3 4 2 
443 7 464 26 F: 7 
451 10 471 35 F: 6 4 
453 2 461 64 F: 2 
453 5 463 81 F: 4 1 
456 3 462 42 F: 3 
459 3 468 25 F: 3 
465 9 483 105 F: 4 2 3 
466 13 505 119 F: 13 
469 9 505 101 F: 4 4 1 
474 3 483 1 F: 3 
479 12 527 33 F: 12 
483 3 492 36 F: 3 
496 8 512 97 F: 2 6 
497 10 537 82 F: 5 1 4 
499 13 525 28 F: 13 
500 8 524 146 F: 5 3 
505 8 537 107 F: 5 3 
509 7 530 55 F: 7 
513 9 549 140 F: 3 4 2 
514 10 554 95 F: 7 3 
517 4 525 52 F: 4 
522 10 532 5 F: 4 3 3 
523 5 538 78 F: 5 
530 4 546 61 F: 4 
532 7 546 58 F: 4 3 
537 12 573 96 F: 12 
540 12 576 7 F: 12 
542 4 550 96 F: 2 1 1 
562 8 578 93 F: 3 2 3 
567 10 587 2 F: 5 5 
570 7 584 19 F: 2 5 
579 6 591 27 F: 2 4 
582 10 622 144 F: 10 
589 8 605 45 F: 3 3 2 
594 12 606 14 F: 12 
603 3 606 10 F: 2 1 
604 3 610 134 F: 3 
604 9 613 17 F: 9 
606 2 614 116 F: 2 
606 7 627 35 F: 7 
608 9 644 99 F: 2 4 3 
615 6 621 78 F: 4 2 
615 9 633 84 F: 9 
619 5 624 126 F: 5 
621 2 627 22 F: 2 
621 12 657 15 F: 12 
626 11 648 34 F: 4 3 4 
656 9 692 13 F: 3 3 3 
656 11 678 119 F: 3 4 4 
659 8 667 136 F: 2 6 
665 13 691 20 F: 7 6 
669 4 681 67 F: 4 
672 9 699 49 F: 9 
674 9 710 34 F: 5 4 
691 6 715 110 F: 2 1 3 
701 6 707 100 F: 3 1 2 
719 4 735 104 F: 3 1 
725 3 731 118 F: 2 1 
729 11 740 91 F: 5 2 4 
740 4 752 142 F: 4 
751 9 787 32 F: 9 
752 9 761 58 F: 4 4 1 
771 11 782 92 F: 11 
783 6 789 140 F: 6 
786 7 800 97 F: 2 4 1 
D: 0 10 
D: 1 149 
D: 2 14 
D: 5 146 
D: 15 111 
D: 19 25 
D: 24 86 
D: 40 120 
D: 51 88 
D: 53 118 
D: 64 113 
D: 70 79 
D: 73 147 
D: 82 78 
D: 101 108 
