13 8 29 96 F: 4 1 3 
15 10 35 100 F: 10 
17 7 38 78 F: 3 4 
26 2 28 71 F: 2 
26 6 50 21 F: 6 
30 6 54 9 F: 6 
32 3 38 44 F: 3 
33 2 41 88 F: 2 
36 6 54 33 F: 6 
40 9 58 84 F: 9 
44 5 64 74 F: 5 
47 7 61 61 F: 3 3 1 
47 10 87 55 F: 10 
53 10 83 36 F: 6 4 
54 8 78 66 F: 4 3 1 
55 9 91 44 F: 9 
59 5 79 1 F: 2 2 1 
63 5 78 69 F: 2 3 
74 10 94 18 F: 5 4 1 
80 12 128 15 F: 6 6 
119 7 147 34 F: 7 
127 6 139 31 F: 4 1 1 
130 7 137 43 F: 2 1 4 
138 8 170 66 F: 3 2 3 
147 6 165 41 F: 2 2 2 
149 7 156 59 F: 3 2 2 
150 10 170 22 F: 6 4 
150 10 180 45 F: 3 3 4 
150 11 183 60 F: 11 
157 5 162 15 F: 5 
165 11 209 16 F: 5 6 
166 2 174 82 F: 2 
175 13 214 82 F: 13 
177 7 184 86 F: 3 4 
181 3 184 83 F: 3 
184 6 202 44 F: 2 1 3 
186 10 216 87 F: 4 2 4 
187 13 213 18 F: 13 
194 10 234 80 F: 5 4 1 
196 5 201 30 F: 2 3 
205 8 237 32 F: 5 3 
207 4 211 42 F: 2 2 
213 7 241 55 F: 3 1 3 
215 5 220 15 F: 3 1 1 
215 11 248 41 F: 5 2 4 
224 3 233 26 F: 3 
225 8 241 88 F: 5 1 2 
229 13 255 35 F: 7 6 
234 6 246 90 F: 4 2 
242 9 260 60 F: 5 1 3 
244 5 259 36 F: 4 1 
248 11 259 65 F: 5 3 3 
256 6 274 67 F: 2 2 2 
263 10 273 94 F: 10 
269 11 313 42 F: 7 4 
272 6 284 72 F: 6 
275 7 296 28 F: 3 2 2 
281 9 317 63 F: 4 1 4 
285 9 321 82 F: 5 1 3 
291 8 323 76 F: 8 
300 10 320 31 F: 3 3 4 
314 12 362 15 F: 5 4 3 
318 8 350 22 F: 7 1 
323 9 350 33 F: 5 1 3 
324 9 360 23 F: 4 5 
325 8 341 20 F: 3 4 1 
334 10 374 76 F: 2 4 4 
337 6 349 21 F: 6 
338 8 354 18 F: 6 2 
344 6 356 47 F: 6 
351 3 357 74 F: 3 
352 13 365 91 F: 13 
358 9 394 79 F: 3 2 4 
362 6 374 63 F: 2 4 
363 7 391 61 F: 2 1 4 
374 7 381 15 F: 2 4 1 
376 10 416 99 F: 10 
382 9 409 91 F: 5 2 2 
391 13 443 49 F: 5 4 4 
394 6 418 45 F: 3 3 
405 11 427 70 F: 11 
412 8 428 12 F: 8 
414 6 420 70 F: 5 1 
415 7 429 7 F: 2 1 4 
418 10 448 43 F: 5 1 4 
428 10 438 70 F: 3 3 4 
430 4 442 56 F: 3 1 
432 8 440 36 F: 4 3 1 
436 10 476 56 F: 5 1 4 
439 4 451 44 F: 2 2 
449 4 461 7 F: 3 1 
451 5 466 11 F: 3 1 1 
457 11 501 44 F: 11 
466 8 498 44 F: 5 3 
474 13 513 81 F: 13 
478 12 502 22 F: 12 
479 13 518 21 F: 7 6 
491 10 511 27 F: 3 4 3 
492 8 524 92 F: 5 3 
497 7 525 88 F: 2 2 3 
D: 1 15 
D: 6 97 
D: 8 40 
D: 8 65 
D: 19 23 
D: 21 88 
D: 57 84 
D: 58 81 
D: 64 87 
D: 68 93 
