5 8 21 108 F: 8 
6 9 33 106 F: 5 3 1 
15 5 25 21 F: 2 2 1 
17 9 44 95 F: 3 4 2 
18 11 62 106 F: 5 3 3 
21 3 27 136 F: 3 
21 10 41 131 F: 10 
28 5 33 84 F: 3 2 
33 4 49 133 F: 4 
34 11 56 60 F: 5 6 
39 10 59 57 F: 4 6 
42 4 54 37 F: 2 1 1 
43 8 75 36 F: 4 4 
48 10 78 110 F: 7 3 
55 9 91 4 F: 4 4 1 
72 8 96 29 F: 8 
76 4 92 104 F: 4 
76 8 100 123 F: 4 3 1 
76 11 120 61 F: 5 2 4 
96 13 148 23 F: 7 6 
102 6 126 134 F: 2 1 3 
102 8 134 94 F: 2 3 3 
102 9 120 72 F: 4 3 2 
103 11 125 70 F: 11 
105 3 111 26 F: 3 
109 10 129 104 F: 5 4 1 
113 3 116 122 F: 3 
115 9 124 74 F: 3 4 2 
140 11 162 137 F: 5 2 4 
145 6 151 5 F: 3 3 
155 9 191 18 F: 3 2 4 
163 9 172 41 F: 5 3 1 
168 7 182 41 F: 3 4 
177 10 197 43 F: 10 
178 4 190 113 F: 3 1 
178 9 187 150 F: 9 
182 4 198 117 F: 4 
182 11 204 83 F: 11 
192 6 216 143 F: 4 1 1 
195 7 223 137 F: 2 5 
201 8 225 1 F: 4 4 
207 8 231 92 F: 3 2 3 
218 10 248 49 F: 10 
225 7 253 6 F: 7 
225 11 236 119 F: 5 3 3 
227 9 245 80 F: 3 6 
231 11 242 13 F: 7 4 
232 7 253 60 F: 2 1 4 
245 3 254 19 F: 3 
247 8 255 116 F: 4 4 
252 4 268 88 F: 4 
259 8 283 19 F: 8 
264 13 277 126 F: 13 
265 10 305 41 F: 5 5 
275 4 279 110 F: 3 1 
283 2 285 8 F: 2 
283 7 297 34 F: 6 1 
285 9 312 97 F: 9 
287 11 309 94 F: 4 4 3 
299 7 327 85 F: 2 2 3 
303 4 315 53 F: 4 
304 7 325 68 F: 4 1 2 
306 8 314 28 F: 7 1 
309 6 315 50 F: 2 2 2 
322 10 362 145 F: 7 3 
325 5 330 58 F: 5 
326 6 332 125 F: 4 2 
344 4 348 119 F: 4 
345 9 381 93 F: 4 2 3 
346 11 379 97 F: 11 
350 8 374 77 F: 5 2 1 
352 4 356 135 F: 3 1 
353 8 369 72 F: 8 
354 5 369 62 F: 3 1 1 
366 12 414 117 F: 5 4 3 
370 2 378 47 F: 2 
382 7 410 112 F: 4 1 2 
384 5 399 82 F: 4 1 
384 7 412 116 F: 3 4 
389 8 413 69 F: 5 2 1 
403 13 455 90 F: 7 6 
405 5 415 144 F: 3 1 1 
418 12 454 64 F: 7 5 
429 3 435 9 F: 3 
430 7 451 30 F: 6 1 
437 6 461 131 F: 2 1 3 
437 13 450 101 F: 7 6 
443 10 483 96 F: 10 
452 11 496 63 F: 11 
454 8 478 93 F: 8 
459 9 477 98 F: 9 
461 6 467 17 F: 3 2 1 
466 5 481 18 F: 3 2 
473 7 501 8 F: 4 3 
473 11 506 117 F: 5 2 4 
481 8 505 100 F: 2 4 2 
483 5 498 67 F: 4 1 
483 8 491 34 F: 4 2 2 
489 9 507 125 F: 3 2 4 
491 4 499 149 F: 4 
502 9 538 114 F: 3 6 
508 12 544 57 F: 7 5 
511 3 523 44 F: 3 
512 10 542 65 F: 2 4 4 
521 8 545 47 F: 3 5 
528 5 548 136 F: 4 1 
533 5 553 80 F: 2 1 2 
534 3 546 71 F: 3 
545 8 569 33 F: 4 1 3 
551 5 561 139 F: 5 
554 10 564 11 F: 5 5 
555 9 564 112 F: 9 
555 9 591 36 F: 9 
573 8 605 61 F: 3 4 1 
576 9 594 138 F: 9 
577 9 595 42 F: 4 3 2 
582 8 606 71 F: 8 
590 8 598 24 F: 5 2 1 
597 8 613 139 F: 3 4 1 
598 12 610 26 F: 12 
602 3 611 144 F: 3 
605 8 637 106 F: 8 
605 9 641 131 F: 4 4 1 
613 9 649 5 F: 4 2 3 
623 9 659 147 F: 9 
631 10 671 24 F: 7 3 
634 6 646 150 F: 2 4 
638 9 674 50 F: 4 3 2 
656 11 689 76 F: 4 3 4 
662 6 680 18 F: 4 2 
667 9 676 80 F: 3 3 3 
670 11 692 29 F: 6 5 
677 7 691 144 F: 4 2 1 
677 8 701 75 F: 4 3 1 
677 8 701 129 F: 4 1 3 
687 9 714 44 F: 9 
687 10 717 13 F: 3 4 3 
687 11 709 42 F: 11 
690 6 696 124 F: 2 3 1 
699 6 723 101 F: 2 2 2 
711 8 743 150 F: 8 
725 7 739 35 F: 7 
745 5 750 1 F: 2 1 2 
753 5 768 2 F: 2 3 
759 13 811 2 F: 13 
760 7 774 135 F: 3 1 3 
769 9 796 46 F: 5 1 3 
785 6 803 92 F: 6 
785 8 809 53 F: 8 
799 5 804 74 F: 5 
D: 9 124 
D: 12 41 
D: 23 59 
D: 24 132 
D: 42 66 
D: 43 99 
D: 45 69 
D: 51 126 
D: 64 141 
D: 68 146 
D: 72 112 
D: 78 146 
D: 82 121 
D: 93 147 
D: 101 109 
