2 7 9 135 F: 5 1 1 
2 10 32 109 F: 10 
2 12 14 115 F: 12 
3 3 6 138 F: 3 
5 12 53 32 F: 12 
12 5 32 75 F: 2 2 1 
14 4 30 80 F: 4 
23 10 43 148 F: 6 4 
35 11 46 61 F: 4 3 4 
35 11 68 30 F: 11 
40 11 51 102 F: 3 4 4 
51 7 72 103 F: 2 5 
52 8 60 145 F: 8 
58 6 76 114 F: 3 3 
62 9 98 120 F: 4 5 
63 8 79 7 F: 4 1 3 
78 5 83 119 F: 4 1 
78 6 102 19 F: 6 
82 5 102 146 F: 5 
87 10 97 23 F: 4 3 3 
117 9 144 110 F: 3 6 
118 4 134 142 F: 4 
120 7 134 105 F: 6 1 
123 7 130 124 F: 5 1 1 
127 9 136 92 F: 4 4 1 
132 10 162 144 F: 3 3 4 
136 9 163 3 F: 4 5 
145 9 163 50 F: 4 5 
146 8 154 82 F: 3 1 4 
147 7 175 39 F: 2 1 4 
147 9 165 5 F: 6 3 
149 3 161 65 F: 2 1 
154 8 170 126 F: 2 6 
160 13 199 129 F: 7 6 
162 6 168 63 F: 4 2 
162 7 176 4 F: 5 2 
167 4 183 26 F: 3 1 
171 8 179 107 F: 4 4 
179 10 209 52 F: 5 5 
190 10 220 28 F: 5 5 
203 12 239 115 F: 6 6 
210 5 220 67 F: 4 1 
213 9 231 115 F: 5 4 
223 7 237 122 F: 3 3 1 
229 8 253 99 F: 7 1 
235 2 237 65 F: 2 
237 7 244 71 F: 3 1 3 
244 10 274 33 F: 4 4 2 
255 6 261 31 F: 3 1 2 
257 10 277 108 F: 4 4 2 
261 9 297 62 F: 4 5 
265 12 289 50 F: 12 
268 4 284 42 F: 3 1 
274 12 310 61 F: 6 6 
276 7 304 138 F: 4 1 2 
276 9 294 84 F: 3 3 3 
281 6 299 139 F: 3 3 
290 7 297 58 F: 6 1 
296 13 309 104 F: 13 
299 10 309 137 F: 3 4 3 
304 7 325 113 F: 2 1 4 
312 6 324 69 F: 6 
313 7 334 147 F: 4 1 2 
319 6 331 55 F: 2 2 2 
322 7 336 61 F: 3 4 
323 5 333 96 F: 3 1 1 
324 3 330 1 F: 2 1 
339 13 378 61 F: 13 
344 10 384 141 F: 5 5 
358 10 388 25 F: 5 4 1 
359 3 365 34 F: 3 
359 13 411 73 F: 13 
364 12 412 92 F: 12 
366 6 372 86 F: 2 3 1 
369 10 389 45 F: 10 
369 13 408 62 F: 13 
372 8 380 75 F: 3 1 4 
375 4 383 64 F: 4 
380 7 387 24 F: 2 2 3 
382 7 396 18 F: 3 4 
402 10 412 50 F: 10 
404 7 425 113 F: 6 1 
407 8 439 124 F: 3 4 1 
407 10 417 63 F: 4 3 3 
408 7 415 24 F: 2 2 3 
409 8 425 44 F: 4 3 1 
417 11 461 35 F: 11 
418 2 426 86 F: 2 
436 9 445 32 F: 4 5 
448 9 475 45 F: 5 2 2 
453 9 462 54 F: 9 
456 5 466 72 F: 2 1 2 
468 7 496 53 F: 7 
481 5 496 67 F: 2 3 
481 9 517 2 F: 3 4 2 
486 10 496 146 F: 4 3 3 
487 10 507 29 F: 7 3 
489 4 501 91 F: 4 
492 6 498 149 F: 2 4 
499 8 531 29 F: 3 5 
504 6 510 82 F: 4 2 
505 8 529 149 F: 3 5 
518 5 523 10 F: 4 1 
525 9 534 82 F: 5 4 
526 4 534 138 F: 4 
527 9 545 117 F: 3 2 4 
533 9 569 68 F: 9 
534 8 550 133 F: 3 4 1 
542 6 548 130 F: 2 1 3 
543 3 552 76 F: 3 
544 7 551 80 F: 6 1 
546 7 567 134 F: 7 
556 6 562 15 F: 4 1 1 
561 13 600 108 F: 5 4 4 
574 13 626 110 F: 13 
576 9 585 111 F: 5 3 1 
578 8 586 56 F: 5 3 
588 5 593 78 F: 5 
594 7 608 69 F: 3 3 1 
594 8 610 7 F: 4 1 3 
602 9 611 61 F: 4 5 
619 7 633 78 F: 6 1 
627 8 643 119 F: 2 3 3 
629 7 636 21 F: 2 3 2 
641 6 665 17 F: 3 3 
642 11 664 12 F: 3 4 4 
643 7 650 11 F: 4 2 1 
652 2 658 124 F: 2 
652 12 688 70 F: 4 4 4 
653 7 681 76 F: 3 2 2 
658 8 682 59 F: 8 
661 13 674 67 F: 13 
665 11 676 2 F: 11 
673 5 688 91 F: 2 1 2 
677 3 683 66 F: 3 
679 6 691 25 F: 6 
683 10 723 139 F: 10 
693 8 701 26 F: 8 
694 4 710 49 F: 4 
696 9 732 8 F: 3 3 3 
703 7 717 11 F: 2 2 3 
731 9 740 132 F: 9 
732 12 768 22 F: 12 
736 4 744 129 F: 4 
761 10 791 51 F: 7 3 
763 8 779 105 F: 3 2 3 
763 9 790 133 F: 9 
778 11 811 80 F: 4 3 4 
779 7 793 50 F: 7 
791 9 809 4 F: 3 3 3 
D: 9 137 
D: 11 147 
D: 17 79 
D: 18 24 
D: 26 121 
D: 33 35 
D: 44 140 
D: 54 145 
D: 55 50 
D: 68 71 
D: 70 76 
D: 77 133 
D: 96 145 
D: 101 111 
D: 116 126 
