1 7 22 35 F: 5 1 1 
14 6 32 50 F: 4 1 1 
17 11 50 60 F: 4 3 4 
22 7 29 49 F: 4 3 
25 10 65 36 F: 10 
32 11 54 19 F: 6 5 
45 10 65 84 F: 10 
53 9 62 63 F: 3 3 3 
55 5 60 49 F: 3 1 1 
58 9 85 83 F: 9 
61 4 65 98 F: 3 1 
61 11 105 26 F: 5 4 2 
64 3 70 19 F: 3 
64 13 77 35 F: 13 
77 12 125 96 F: 12 
81 2 85 78 F: 2 
82 8 114 54 F: 8 
90 5 100 73 F: 5 
94 5 109 78 F: 2 1 2 
98 12 134 30 F: 12 
108 4 124 57 F: 3 1 
110 6 128 37 F: 6 
111 6 135 54 F: 5 1 
113 3 125 26 F: 3 
117 10 137 13 F: 4 3 3 
131 6 155 22 F: 2 3 1 
135 12 171 26 F: 12 
135 12 183 78 F: 6 6 
145 3 157 70 F: 2 1 
147 9 165 15 F: 5 3 1 
149 10 179 37 F: 5 5 
151 10 181 19 F: 5 5 
153 7 160 31 F: 2 5 
156 7 184 11 F: 5 2 
162 9 171 78 F: 4 3 2 
162 12 174 51 F: 7 5 
176 9 212 48 F: 4 3 2 
177 6 183 22 F: 4 2 
182 2 190 28 F: 2 
192 9 219 13 F: 6 3 
207 10 247 71 F: 10 
213 10 253 48 F: 10 
223 7 230 57 F: 4 3 
224 9 251 50 F: 3 3 3 
234 11 278 40 F: 6 5 
237 7 258 7 F: 7 
240 3 246 48 F: 3 
242 13 294 93 F: 5 4 4 
250 13 302 56 F: 7 6 
252 7 266 63 F: 7 
259 6 271 99 F: 6 
259 6 283 65 F: 3 2 1 
259 8 283 99 F: 8 
262 12 310 89 F: 12 
263 7 270 49 F: 2 1 4 
272 8 280 42 F: 8 
279 13 318 21 F: 13 
290 5 305 16 F: 3 2 
290 8 314 74 F: 8 
299 5 309 8 F: 5 
309 9 336 80 F: 9 
310 6 334 80 F: 4 2 
318 7 339 14 F: 4 3 
320 11 342 71 F: 11 
326 12 362 35 F: 6 6 
333 9 342 49 F: 7 2 
336 4 348 4 F: 4 
340 10 350 96 F: 10 
343 9 379 90 F: 5 1 3 
348 11 370 32 F: 6 5 
357 10 377 11 F: 10 
361 8 369 48 F: 4 2 2 
363 7 384 85 F: 2 1 4 
364 9 382 64 F: 2 4 3 
364 11 408 19 F: 7 4 
377 10 417 6 F: 6 4 
384 8 392 81 F: 3 2 3 
384 9 411 21 F: 7 2 
387 7 415 51 F: 4 2 1 
391 5 401 94 F: 3 2 
400 3 406 23 F: 3 
410 11 432 31 F: 5 2 4 
411 10 421 73 F: 10 
419 9 455 82 F: 9 
429 5 449 20 F: 2 2 1 
430 6 454 69 F: 2 3 1 
430 11 441 26 F: 11 
437 7 444 54 F: 7 
439 13 465 71 F: 7 6 
444 9 453 93 F: 4 5 
444 10 484 55 F: 10 
452 11 496 71 F: 11 
453 7 481 67 F: 3 4 
454 3 466 19 F: 3 
457 8 465 56 F: 7 1 
463 7 470 82 F: 6 1 
468 8 476 99 F: 5 3 
475 4 487 81 F: 4 
475 7 489 94 F: 5 2 
496 9 505 71 F: 5 4 
D: 1 20 
D: 3 55 
D: 7 54 
D: 22 25 
D: 31 91 
D: 37 42 
D: 40 89 
D: 60 81 
D: 63 96 
D: 82 83 
