8 7 22 10 F: 3 2 2 
9 4 21 115 F: 2 1 1 
13 5 33 95 F: 2 3 
15 4 27 12 F: 2 1 1 
20 8 52 48 F: 3 3 2 
29 9 38 125 F: 3 6 
29 9 47 72 F: 9 
33 7 47 131 F: 3 4 
40 7 54 48 F: 4 1 2 
40 11 84 107 F: 11 
43 12 79 1 F: 4 4 4 
55 10 65 18 F: 2 4 4 
56 6 74 99 F: 3 3 
78 5 93 27 F: 2 1 2 
80 12 92 65 F: 4 4 4 
81 5 96 138 F: 5 
82 13 95 105 F: 13 
93 13 119 22 F: 13 
99 11 143 1 F: 5 3 3 
99 13 125 66 F: 7 6 
104 8 136 147 F: 8 
116 8 148 129 F: 8 
129 7 143 2 F: 6 1 
133 11 177 133 F: 11 
135 9 153 117 F: 6 3 
136 7 143 12 F: 2 5 
136 11 147 18 F: 5 4 2 
137 10 147 56 F: 6 4 
146 9 173 137 F: 4 5 
148 5 158 112 F: 2 3 
153 9 180 94 F: 7 2 
155 10 175 123 F: 7 3 
155 11 188 64 F: 11 
159 7 173 124 F: 3 3 1 
165 4 173 50 F: 4 
165 9 201 123 F: 4 5 
188 10 218 125 F: 10 
193 10 223 124 F: 10 
195 3 201 12 F: 3 
196 6 214 92 F: 4 1 1 
206 4 218 58 F: 4 
206 8 214 80 F: 3 4 1 
225 11 236 125 F: 7 4 
233 11 277 124 F: 5 6 
238 9 274 2 F: 6 3 
240 10 270 28 F: 4 4 2 
243 3 246 58 F: 2 1 
247 8 255 88 F: 3 5 
250 12 286 13 F: 12 
254 3 260 51 F: 3 
255 9 291 78 F: 6 3 
256 7 263 127 F: 3 2 2 
261 10 291 66 F: 4 2 4 
264 7 278 61 F: 7 
268 13 307 142 F: 13 
269 11 291 142 F: 5 6 
274 10 284 143 F: 7 3 
285 2 287 25 F: 2 
288 10 318 69 F: 4 6 
297 5 302 57 F: 5 
318 2 322 79 F: 2 
318 5 328 41 F: 5 
318 7 332 29 F: 3 3 1 
324 7 345 1 F: 2 2 3 
338 10 378 125 F: 5 2 3 
339 9 375 11 F: 4 2 3 
343 6 361 79 F: 6 
347 7 375 34 F: 6 1 
350 10 370 5 F: 10 
351 7 365 117 F: 4 3 
351 7 372 53 F: 4 3 
362 8 378 22 F: 3 5 
362 9 380 143 F: 4 3 2 
367 6 385 9 F: 5 1 
368 4 384 92 F: 2 2 
369 5 389 77 F: 2 1 2 
378 9 387 45 F: 9 
383 5 393 45 F: 5 
386 12 398 146 F: 6 6 
390 7 411 18 F: 2 4 1 
404 9 413 122 F: 4 5 
408 12 432 146 F: 12 
410 8 418 49 F: 8 
412 10 452 126 F: 3 4 3 
416 5 426 81 F: 3 2 
421 13 473 140 F: 13 
424 10 454 87 F: 5 5 
434 7 441 16 F: 3 1 3 
457 13 509 21 F: 13 
462 12 498 52 F: 12 
469 8 477 107 F: 2 2 4 
471 11 504 81 F: 5 6 
480 7 487 13 F: 2 3 2 
485 8 509 107 F: 3 3 2 
485 10 525 45 F: 4 3 3 
493 9 502 50 F: 2 3 4 
494 4 506 80 F: 4 
496 8 512 69 F: 3 4 1 
497 5 507 22 F: 5 
499 12 547 89 F: 7 5 
511 9 529 6 F: 3 4 2 
512 6 530 7 F: 3 3 
515 8 547 17 F: 7 1 
519 10 529 40 F: 10 
525 3 528 24 F: 3 
531 8 539 150 F: 4 4 
535 5 550 105 F: 2 1 2 
541 6 565 119 F: 5 1 
550 2 554 39 F: 2 
551 9 587 101 F: 3 4 2 
552 9 570 100 F: 7 2 
565 8 597 40 F: 4 3 1 
569 12 617 136 F: 7 5 
573 9 591 74 F: 6 3 
578 12 614 71 F: 5 4 3 
580 12 604 105 F: 12 
587 9 623 34 F: 6 3 
590 10 620 102 F: 2 4 4 
594 10 614 143 F: 10 
595 13 621 141 F: 13 
605 9 641 64 F: 9 
615 9 642 98 F: 4 1 4 
618 8 650 10 F: 2 4 2 
621 3 627 103 F: 3 
623 11 656 145 F: 11 
625 3 637 17 F: 2 1 
627 7 648 89 F: 3 1 3 
633 11 677 108 F: 5 2 4 
642 8 674 35 F: 3 3 2 
645 10 685 82 F: 3 3 4 
647 8 663 48 F: 8 
651 8 659 13 F: 4 4 
657 9 684 95 F: 9 
659 7 666 62 F: 4 3 
661 6 679 74 F: 3 1 2 
663 7 691 144 F: 5 2 
674 12 698 138 F: 12 
687 8 711 124 F: 8 
690 5 705 62 F: 5 
699 8 715 95 F: 5 3 
701 10 731 91 F: 10 
714 6 732 150 F: 2 4 
720 5 730 109 F: 2 1 2 
723 9 741 61 F: 5 3 1 
769 6 781 26 F: 6 
771 6 795 21 F: 6 
781 10 811 48 F: 5 2 3 
782 9 800 145 F: 9 
782 11 804 134 F: 6 5 
794 8 810 80 F: 8 
D: 15 43 
D: 17 22 
D: 26 94 
D: 27 34 
D: 34 77 
D: 36 125 
D: 38 142 
D: 42 55 
D: 47 65 
D: 47 110 
D: 85 94 
D: 88 149 
D: 90 97 
D: 116 121 
D: 117 134 
