1 10 31 43 F: 10 
17 6 35 15 F: 6 
22 9 31 97 F: 4 4 1 
31 13 83 31 F: 13 
42 10 72 41 F: 4 3 3 
48 3 51 23 F: 2 1 
49 8 81 45 F: 3 5 
55 7 83 34 F: 2 1 4 
57 9 75 12 F: 3 2 4 
65 11 87 84 F: 5 2 4 
73 7 80 83 F: 7 
74 4 90 36 F: 4 
76 13 115 80 F: 7 6 
85 7 113 74 F: 4 3 
88 4 100 90 F: 4 
90 8 122 92 F: 3 2 3 
91 10 101 71 F: 10 
92 6 104 74 F: 6 
93 7 121 52 F: 3 3 1 
99 10 139 4 F: 6 4 
100 7 128 24 F: 7 
101 9 110 92 F: 5 3 1 
106 3 109 66 F: 3 
107 10 137 46 F: 10 
109 6 121 86 F: 6 
128 6 134 58 F: 2 3 1 
137 10 147 98 F: 5 2 3 
151 7 165 94 F: 7 
153 5 168 49 F: 5 
157 4 161 32 F: 4 
159 8 175 72 F: 8 
170 6 182 20 F: 6 
181 8 197 78 F: 3 5 
184 9 193 20 F: 9 
187 6 205 61 F: 3 1 2 
188 5 198 78 F: 5 
190 9 199 83 F: 3 6 
192 7 213 26 F: 5 2 
195 8 227 18 F: 5 2 1 
198 9 225 72 F: 9 
201 9 219 31 F: 9 
211 11 255 42 F: 5 6 
219 9 246 77 F: 3 6 
225 4 229 27 F: 4 
228 6 240 74 F: 4 2 
228 6 246 82 F: 5 1 
228 9 255 82 F: 9 
235 7 263 78 F: 4 3 
244 8 252 29 F: 6 2 
258 9 285 26 F: 4 2 3 
258 13 271 88 F: 7 6 
261 5 266 42 F: 5 
262 10 302 12 F: 10 
268 7 289 98 F: 2 4 1 
268 10 278 92 F: 4 2 4 
269 6 293 76 F: 6 
276 6 288 83 F: 6 
285 13 337 71 F: 13 
286 10 316 11 F: 7 3 
299 6 317 83 F: 6 
311 9 338 98 F: 9 
316 12 352 8 F: 7 5 
327 5 342 81 F: 2 2 1 
335 7 342 32 F: 3 4 
336 7 357 80 F: 6 1 
343 4 355 88 F: 4 
346 8 362 99 F: 2 2 4 
354 8 362 57 F: 3 5 
354 11 387 62 F: 4 3 4 
357 12 393 40 F: 12 
359 10 369 18 F: 4 4 2 
367 12 379 72 F: 5 3 4 
368 7 382 19 F: 5 2 
371 11 382 82 F: 6 5 
372 12 408 69 F: 12 
380 6 398 71 F: 4 2 
382 9 400 58 F: 7 2 
385 8 401 71 F: 8 
386 5 406 40 F: 3 2 
389 10 429 98 F: 6 4 
400 10 410 69 F: 4 2 4 
403 6 427 62 F: 6 
408 8 416 47 F: 4 1 3 
413 8 445 13 F: 2 3 3 
418 9 436 48 F: 3 6 
419 13 432 89 F: 7 6 
423 10 453 83 F: 5 2 3 
425 9 461 97 F: 5 4 
437 12 485 37 F: 12 
443 7 464 14 F: 2 4 1 
461 11 483 27 F: 3 4 4 
475 9 511 33 F: 5 4 
476 8 492 30 F: 2 2 4 
476 11 520 13 F: 6 5 
481 11 525 71 F: 11 
482 5 492 56 F: 3 1 1 
482 13 508 95 F: 5 4 4 
485 9 521 19 F: 9 
491 8 515 77 F: 3 1 4 
497 9 515 71 F: 4 3 2 
D: 2 64 
D: 7 78 
D: 9 89 
D: 15 63 
D: 15 76 
D: 38 71 
D: 42 65 
D: 76 78 
D: 78 91 
D: 81 82 
