2 9 11 80 F: 5 2 2 
3 4 7 141 F: 3 1 
3 8 11 117 F: 2 3 3 
12 3 18 101 F: 3 
12 8 44 133 F: 7 1 
14 11 47 134 F: 5 6 
17 4 33 58 F: 4 
20 4 32 135 F: 4 
27 8 59 87 F: 3 5 
36 11 47 42 F: 3 4 4 
37 10 47 102 F: 7 3 
40 5 60 88 F: 5 
49 9 76 79 F: 2 4 3 
54 12 78 86 F: 7 5 
64 4 68 38 F: 2 1 1 
67 11 78 83 F: 6 5 
75 11 119 62 F: 7 4 
80 8 104 110 F: 8 
84 4 92 119 F: 3 1 
85 8 101 34 F: 6 2 
100 7 107 51 F: 4 2 1 
101 8 117 9 F: 2 2 4 
103 11 125 87 F: 7 4 
107 5 112 149 F: 5 
118 11 151 52 F: 5 3 3 
122 8 154 133 F: 4 2 2 
146 8 170 99 F: 8 
153 10 193 64 F: 4 6 
160 9 187 125 F: 4 4 1 
168 12 180 95 F: 12 
170 9 197 16 F: 9 
178 11 189 67 F: 4 3 4 
181 9 217 30 F: 7 2 
182 3 185 43 F: 3 
184 8 216 13 F: 8 
184 11 217 100 F: 3 4 4 
185 10 205 98 F: 5 1 4 
192 9 219 50 F: 7 2 
195 10 215 90 F: 2 4 4 
196 10 216 116 F: 10 
209 8 241 136 F: 3 5 
220 7 234 137 F: 2 5 
223 12 259 99 F: 5 3 4 
224 5 229 55 F: 2 3 
233 7 247 106 F: 3 3 1 
233 7 261 126 F: 4 2 1 
233 9 242 121 F: 2 3 4 
236 10 256 111 F: 7 3 
237 7 244 122 F: 3 3 1 
239 7 267 146 F: 5 2 
240 8 256 128 F: 3 4 1 
242 7 270 29 F: 2 5 
249 3 255 79 F: 3 
250 5 260 148 F: 5 
262 10 282 115 F: 5 5 
266 10 296 7 F: 5 1 4 
276 5 291 41 F: 2 1 2 
279 3 285 122 F: 3 
291 3 300 43 F: 2 1 
295 12 331 65 F: 5 4 3 
306 8 314 44 F: 4 1 3 
310 9 319 86 F: 4 5 
313 4 321 102 F: 4 
314 2 320 123 F: 2 
314 11 347 144 F: 4 4 3 
318 5 323 45 F: 3 1 1 
319 8 351 76 F: 5 2 1 
329 5 349 105 F: 5 
335 10 355 7 F: 3 3 4 
337 10 377 45 F: 6 4 
338 13 390 42 F: 7 6 
341 12 353 37 F: 4 4 4 
349 10 389 117 F: 5 2 3 
355 8 371 46 F: 3 5 
356 13 395 111 F: 13 
360 6 366 109 F: 6 
364 6 388 29 F: 5 1 
370 9 388 84 F: 3 2 4 
382 6 388 46 F: 6 
399 4 403 141 F: 2 2 
400 9 427 15 F: 7 2 
409 8 417 68 F: 4 3 1 
410 6 422 60 F: 2 4 
410 12 458 12 F: 5 3 4 
417 8 433 134 F: 2 2 4 
419 2 423 124 F: 2 
420 8 444 40 F: 8 
421 8 445 107 F: 5 3 
422 10 452 144 F: 5 5 
424 5 429 10 F: 3 2 
424 10 464 54 F: 3 4 3 
428 4 436 109 F: 3 1 
431 8 447 2 F: 4 2 2 
435 7 463 47 F: 7 
435 9 471 128 F: 5 3 1 
447 5 457 24 F: 2 1 2 
452 10 482 122 F: 10 
468 5 473 69 F: 2 3 
485 12 509 58 F: 12 
490 11 523 15 F: 5 3 3 
502 10 532 101 F: 5 1 4 
503 9 521 1 F: 4 3 2 
506 9 542 33 F: 4 2 3 
507 8 523 54 F: 2 4 2 
513 4 521 47 F: 2 2 
513 8 529 3 F: 4 2 2 
517 7 538 127 F: 5 2 
531 11 575 105 F: 11 
533 9 542 135 F: 9 
539 6 551 3 F: 5 1 
548 10 568 90 F: 4 6 
553 8 561 118 F: 4 4 
555 9 573 15 F: 4 5 
570 9 597 18 F: 5 2 2 
571 11 604 121 F: 5 4 2 
572 8 604 25 F: 2 3 3 
573 6 579 13 F: 4 1 1 
575 6 599 52 F: 2 3 1 
577 9 604 16 F: 3 4 2 
594 6 600 101 F: 3 3 
600 11 644 144 F: 11 
602 6 614 6 F: 3 2 1 
607 7 628 52 F: 3 4 
609 9 645 9 F: 4 4 1 
627 10 657 109 F: 5 1 4 
632 5 647 54 F: 5 
636 11 658 5 F: 4 4 3 
638 7 666 96 F: 3 1 3 
641 5 651 45 F: 2 2 1 
649 5 654 45 F: 2 3 
652 9 661 29 F: 4 5 
661 10 671 64 F: 3 4 3 
662 6 674 106 F: 2 3 1 
664 5 679 61 F: 5 
666 11 710 73 F: 11 
670 8 694 89 F: 6 2 
670 12 694 109 F: 12 
686 4 694 101 F: 4 
695 11 728 29 F: 11 
697 9 715 21 F: 2 4 3 
723 5 743 117 F: 4 1 
738 11 782 1 F: 11 
745 9 754 133 F: 4 2 3 
762 9 780 147 F: 3 3 3 
774 7 781 143 F: 3 3 1 
779 8 803 34 F: 7 1 
780 6 804 124 F: 3 3 
786 10 806 52 F: 4 2 4 
791 8 815 90 F: 6 2 
793 7 821 14 F: 2 5 
D: 8 35 
D: 8 72 
D: 31 113 
D: 36 117 
D: 38 117 
D: 40 86 
D: 40 122 
D: 43 82 
D: 78 93 
D: 80 139 
D: 87 128 
D: 91 96 
D: 92 114 
D: 110 114 
D: 123 138 
