7 6 25 8 F: 3 3 
9 10 49 62 F: 10 
21 10 51 93 F: 4 4 2 
22 8 54 76 F: 4 1 3 
27 13 40 69 F: 13 
29 2 31 59 F: 2 
30 6 42 76 F: 3 2 1 
31 6 43 61 F: 3 3 
31 11 53 65 F: 11 
32 13 71 46 F: 13 
33 12 69 122 F: 12 
43 8 75 27 F: 4 3 1 
44 12 56 124 F: 12 
52 7 59 105 F: 2 3 2 
55 6 61 23 F: 2 2 2 
56 8 80 98 F: 3 2 3 
73 8 89 12 F: 3 4 1 
77 8 93 19 F: 3 2 3 
77 11 121 56 F: 4 4 3 
82 7 103 89 F: 7 
103 5 118 70 F: 5 
111 11 144 135 F: 3 4 4 
113 4 117 100 F: 4 
114 8 122 58 F: 4 4 
119 8 151 34 F: 3 2 3 
131 8 155 135 F: 4 2 2 
139 8 147 149 F: 7 1 
148 7 169 134 F: 4 1 2 
148 10 188 55 F: 4 6 
163 7 184 37 F: 4 3 
169 9 187 56 F: 6 3 
172 6 190 86 F: 6 
172 10 212 84 F: 7 3 
176 7 183 144 F: 3 1 3 
181 7 209 1 F: 2 5 
182 7 210 43 F: 2 5 
184 5 204 134 F: 4 1 
186 8 202 65 F: 2 4 2 
189 11 211 4 F: 4 3 4 
190 5 205 128 F: 5 
208 9 235 85 F: 2 3 4 
209 6 227 32 F: 3 3 
210 4 214 71 F: 4 
218 10 248 145 F: 7 3 
221 5 241 62 F: 5 
221 7 249 137 F: 3 2 2 
231 8 239 2 F: 8 
233 10 273 110 F: 10 
234 4 238 5 F: 3 1 
239 12 251 2 F: 12 
241 4 253 65 F: 3 1 
247 9 265 73 F: 4 2 3 
253 8 269 14 F: 5 3 
257 11 290 31 F: 5 3 3 
266 11 299 77 F: 5 2 4 
272 6 290 73 F: 2 3 1 
276 6 300 21 F: 3 3 
281 8 289 70 F: 4 4 
287 10 317 44 F: 4 6 
299 6 323 132 F: 4 1 1 
302 12 314 15 F: 6 6 
310 9 328 89 F: 4 3 2 
322 8 346 28 F: 8 
322 10 352 61 F: 4 2 4 
327 9 336 58 F: 9 
330 12 342 33 F: 5 4 3 
336 9 354 55 F: 5 4 
341 3 353 71 F: 3 
343 6 349 87 F: 3 1 2 
345 7 352 102 F: 7 
354 10 384 56 F: 10 
361 12 409 25 F: 12 
362 8 394 47 F: 3 5 
365 7 393 27 F: 2 4 1 
372 12 420 29 F: 5 3 4 
382 12 430 140 F: 12 
385 9 421 38 F: 4 5 
391 4 395 110 F: 3 1 
397 10 437 1 F: 10 
397 12 433 110 F: 12 
404 8 412 150 F: 4 2 2 
410 9 437 20 F: 9 
411 3 423 130 F: 2 1 
418 6 436 137 F: 4 1 1 
439 5 449 106 F: 5 
444 10 484 74 F: 7 3 
449 5 469 127 F: 2 3 
450 12 486 112 F: 12 
458 8 474 11 F: 6 2 
462 8 478 50 F: 8 
465 7 493 47 F: 2 5 
466 10 496 14 F: 5 1 4 
467 6 473 84 F: 4 1 1 
468 10 478 144 F: 4 6 
475 10 505 145 F: 5 2 3 
475 13 514 142 F: 13 
486 8 518 44 F: 2 3 3 
489 8 521 101 F: 3 2 3 
493 8 501 69 F: 2 6 
495 8 503 89 F: 2 2 4 
500 9 509 125 F: 5 2 2 
509 8 525 116 F: 8 
523 10 543 52 F: 5 1 4 
528 5 538 17 F: 3 1 1 
533 12 557 107 F: 7 5 
537 6 543 50 F: 2 3 1 
543 11 554 27 F: 7 4 
546 11 557 91 F: 5 3 3 
548 10 588 74 F: 3 4 3 
556 2 560 64 F: 2 
557 8 589 18 F: 5 1 2 
562 7 569 89 F: 3 3 1 
563 11 596 17 F: 4 4 3 
570 9 579 29 F: 2 3 4 
572 9 608 127 F: 5 1 3 
578 13 604 10 F: 13 
590 9 599 63 F: 4 1 4 
596 7 617 114 F: 2 4 1 
597 7 618 115 F: 2 1 4 
599 12 647 128 F: 12 
609 9 627 127 F: 3 3 3 
615 6 639 81 F: 4 2 
619 10 659 91 F: 10 
620 8 636 142 F: 4 4 
623 6 647 57 F: 5 1 
628 7 642 137 F: 4 3 
630 12 654 130 F: 12 
633 6 639 147 F: 6 
640 4 652 98 F: 2 2 
642 6 654 119 F: 2 4 
650 3 659 102 F: 2 1 
652 12 700 44 F: 4 4 4 
657 7 664 73 F: 7 
658 8 666 43 F: 8 
659 10 679 145 F: 10 
660 7 681 116 F: 7 
661 6 673 22 F: 6 
673 7 701 66 F: 2 3 2 
676 11 687 142 F: 7 4 
696 4 700 125 F: 2 2 
700 6 712 73 F: 2 1 3 
705 7 733 57 F: 4 3 
709 7 730 132 F: 6 1 
709 8 741 48 F: 8 
713 6 719 64 F: 2 4 
717 8 749 15 F: 3 2 3 
728 4 740 50 F: 4 
736 10 756 123 F: 10 
750 2 756 32 F: 2 
772 6 790 127 F: 2 1 3 
D: 0 24 
D: 3 146 
D: 5 8 
D: 5 22 
D: 12 134 
D: 15 133 
D: 21 54 
D: 31 110 
D: 32 64 
D: 50 61 
D: 54 110 
D: 54 128 
D: 69 145 
D: 87 118 
D: 107 136 
