1 8 25 61 F: 5 1 2 
13 4 21 45 F: 3 1 
13 9 22 31 F: 4 1 4 
15 11 37 48 F: 5 2 4 
18 10 38 43 F: 10 
23 11 34 75 F: 11 
27 9 45 35 F: 7 2 
33 9 69 86 F: 4 5 
42 12 78 4 F: 12 
47 6 53 31 F: 4 1 1 
54 11 76 48 F: 6 5 
59 7 80 54 F: 2 4 1 
61 7 68 40 F: 2 4 1 
63 9 90 12 F: 6 3 
63 11 107 51 F: 4 4 3 
64 8 88 55 F: 4 1 3 
66 9 75 62 F: 4 4 1 
74 9 83 11 F: 9 
86 10 116 5 F: 3 3 4 
88 6 94 79 F: 6 
101 9 137 52 F: 4 5 
106 5 126 46 F: 3 1 1 
107 9 125 65 F: 4 5 
118 8 150 46 F: 5 2 1 
124 2 126 100 F: 2 
124 4 132 71 F: 4 
131 8 139 19 F: 5 2 1 
137 11 181 53 F: 5 4 2 
138 5 143 65 F: 3 2 
140 10 170 99 F: 5 3 2 
147 8 171 37 F: 8 
150 7 164 25 F: 6 1 
150 13 163 10 F: 7 6 
161 7 189 51 F: 3 4 
167 13 193 7 F: 13 
171 8 195 72 F: 3 4 1 
177 7 198 66 F: 2 5 
179 2 185 56 F: 2 
184 11 195 5 F: 11 
186 5 206 12 F: 2 3 
205 9 214 64 F: 5 4 
211 7 239 37 F: 7 
213 7 234 4 F: 7 
214 3 217 83 F: 2 1 
221 8 229 77 F: 4 3 1 
231 10 271 55 F: 10 
234 4 242 39 F: 4 
237 6 255 86 F: 6 
239 8 263 60 F: 3 5 
242 5 262 45 F: 5 
242 10 262 88 F: 5 1 4 
259 9 277 34 F: 5 4 
260 10 280 58 F: 10 
276 10 316 98 F: 10 
277 11 299 51 F: 5 2 4 
279 8 311 90 F: 8 
281 11 292 21 F: 11 
285 5 290 86 F: 3 1 1 
297 8 305 78 F: 8 
297 8 321 57 F: 7 1 
306 7 334 42 F: 2 5 
307 11 318 13 F: 7 4 
313 11 346 97 F: 11 
314 11 347 63 F: 11 
315 9 333 30 F: 6 3 
320 7 341 79 F: 5 2 
324 5 339 37 F: 5 
337 5 352 15 F: 2 1 2 
337 8 353 69 F: 2 6 
347 11 358 55 F: 11 
353 10 373 60 F: 5 3 2 
374 7 402 1 F: 4 2 1 
374 10 384 89 F: 10 
378 7 399 70 F: 2 3 2 
381 11 425 55 F: 5 6 
383 9 419 66 F: 9 
393 9 411 88 F: 5 2 2 
394 9 412 12 F: 5 1 3 
398 10 428 57 F: 4 6 
399 4 415 34 F: 3 1 
400 9 418 30 F: 9 
406 8 438 72 F: 3 3 2 
409 10 439 97 F: 10 
412 10 452 77 F: 5 3 2 
417 5 427 68 F: 5 
419 4 423 44 F: 4 
430 7 444 56 F: 7 
431 7 438 75 F: 2 1 4 
431 10 471 26 F: 6 4 
434 3 437 92 F: 3 
436 5 456 74 F: 4 1 
439 3 442 31 F: 2 1 
444 2 450 22 F: 2 
456 6 474 5 F: 2 4 
456 10 466 19 F: 4 4 2 
457 9 475 97 F: 5 1 3 
471 13 523 84 F: 7 6 
475 7 489 69 F: 3 1 3 
490 3 493 50 F: 3 
492 7 499 81 F: 3 2 2 
D: 2 22 
D: 5 16 
D: 9 86 
D: 18 22 
D: 32 61 
D: 41 59 
D: 42 48 
D: 45 79 
D: 47 71 
D: 86 98 
