11 8 27 18 F: 2 6 
14 6 32 46 F: 2 4 
22 7 50 139 F: 4 1 2 
23 9 32 48 F: 3 6 
24 8 56 28 F: 3 5 
28 4 40 42 F: 3 1 
32 8 40 93 F: 4 2 2 
35 8 67 9 F: 6 2 
36 4 52 77 F: 2 2 
44 12 56 7 F: 7 5 
46 4 62 117 F: 2 1 1 
48 5 68 67 F: 2 2 1 
48 9 66 2 F: 3 4 2 
52 8 60 15 F: 6 2 
53 5 73 147 F: 5 
53 8 69 127 F: 3 2 3 
59 11 81 99 F: 5 3 3 
66 12 114 80 F: 12 
71 8 79 66 F: 6 2 
99 13 151 86 F: 13 
106 7 127 36 F: 4 1 2 
106 11 150 27 F: 5 3 3 
109 6 115 117 F: 2 1 3 
113 7 120 148 F: 5 2 
114 5 119 30 F: 2 1 2 
115 6 139 33 F: 3 1 2 
119 10 149 39 F: 4 3 3 
127 8 143 99 F: 2 6 
131 8 147 63 F: 3 2 3 
138 12 174 71 F: 12 
149 8 165 61 F: 3 5 
151 4 159 121 F: 2 2 
152 7 166 5 F: 4 2 1 
156 9 183 82 F: 5 2 2 
159 7 166 16 F: 7 
164 13 190 146 F: 13 
172 5 192 50 F: 5 
178 12 190 43 F: 4 4 4 
192 8 208 69 F: 8 
196 7 210 40 F: 2 3 2 
200 5 205 102 F: 4 1 
210 11 221 58 F: 5 2 4 
213 6 225 14 F: 6 
215 9 251 134 F: 3 2 4 
222 10 252 127 F: 5 4 1 
225 11 269 58 F: 11 
231 10 251 68 F: 3 4 3 
241 5 261 148 F: 3 2 
246 8 278 14 F: 5 3 
249 12 285 17 F: 5 3 4 
256 7 263 21 F: 5 1 1 
256 12 304 18 F: 5 4 3 
272 4 288 105 F: 2 1 1 
276 8 292 17 F: 4 4 
282 8 306 108 F: 3 2 3 
289 7 303 43 F: 7 
290 8 314 125 F: 3 1 4 
292 6 304 71 F: 2 4 
293 13 332 61 F: 13 
296 12 344 23 F: 12 
303 9 321 40 F: 9 
307 3 310 61 F: 3 
315 7 322 64 F: 7 
318 8 334 74 F: 3 4 1 
329 5 339 22 F: 2 1 2 
334 10 374 125 F: 6 4 
338 7 366 104 F: 3 4 
343 5 358 2 F: 2 1 2 
348 12 384 45 F: 12 
354 8 378 116 F: 4 2 2 
355 11 377 3 F: 4 4 3 
356 9 392 98 F: 5 4 
367 5 372 107 F: 2 2 1 
374 7 402 49 F: 2 3 2 
377 2 383 49 F: 2 
385 12 433 15 F: 7 5 
389 12 413 43 F: 12 
391 8 407 97 F: 7 1 
391 9 409 77 F: 9 
397 9 424 3 F: 4 4 1 
419 9 455 65 F: 9 
433 13 485 26 F: 13 
435 11 457 29 F: 4 3 4 
436 10 456 61 F: 3 4 3 
437 8 461 73 F: 5 2 1 
440 9 476 68 F: 5 2 2 
441 8 465 78 F: 3 2 3 
446 12 470 37 F: 12 
453 6 465 55 F: 3 1 2 
456 10 486 141 F: 5 4 1 
459 4 471 7 F: 4 
461 9 497 58 F: 9 
463 12 475 54 F: 12 
472 7 500 81 F: 7 
476 8 500 31 F: 4 4 
486 10 516 26 F: 2 4 4 
486 11 508 137 F: 11 
493 8 517 102 F: 4 2 2 
497 7 511 22 F: 3 3 1 
499 8 515 128 F: 2 6 
503 10 543 122 F: 4 4 2 
517 5 522 2 F: 5 
518 5 533 82 F: 5 
518 8 534 76 F: 3 1 4 
520 12 556 79 F: 12 
528 9 564 76 F: 2 3 4 
529 10 549 141 F: 10 
530 2 538 101 F: 2 
542 3 554 87 F: 2 1 
545 11 556 48 F: 11 
546 6 558 56 F: 3 1 2 
553 9 562 87 F: 5 1 3 
557 12 581 100 F: 5 4 3 
562 11 584 51 F: 4 4 3 
567 3 579 17 F: 2 1 
569 12 581 57 F: 12 
575 10 595 30 F: 4 2 4 
581 7 609 108 F: 3 1 3 
586 9 604 21 F: 5 3 1 
594 2 600 17 F: 2 
600 10 610 30 F: 7 3 
606 5 621 101 F: 5 
627 12 675 18 F: 12 
631 10 651 119 F: 10 
632 7 646 100 F: 2 5 
633 4 649 3 F: 4 
645 4 657 13 F: 4 
656 3 665 111 F: 2 1 
657 10 687 146 F: 4 6 
663 3 666 38 F: 3 
664 8 672 18 F: 8 
667 8 699 53 F: 8 
667 9 676 35 F: 4 3 2 
667 11 700 95 F: 5 3 3 
668 9 704 31 F: 9 
671 10 691 57 F: 4 6 
674 11 718 43 F: 3 4 4 
679 7 700 108 F: 2 4 1 
686 5 706 46 F: 2 1 2 
697 4 709 10 F: 4 
710 7 731 15 F: 2 3 2 
715 11 726 4 F: 11 
733 10 773 30 F: 5 1 4 
752 2 760 17 F: 2 
758 7 772 91 F: 2 2 3 
763 5 768 150 F: 2 3 
782 9 818 105 F: 5 2 2 
786 9 813 101 F: 7 2 
787 3 793 129 F: 2 1 
797 4 801 42 F: 3 1 
D: 3 145 
D: 8 55 
D: 10 86 
D: 15 74 
D: 25 52 
D: 32 108 
D: 33 68 
D: 37 55 
D: 38 78 
D: 53 72 
D: 64 132 
D: 71 82 
D: 82 134 
D: 90 107 
D: 100 123 
