10 9 37 22 F: 9 
11 9 20 110 F: 4 4 1 
16 9 25 125 F: 7 2 
17 7 38 119 F: 7 
33 7 54 7 F: 2 3 2 
36 11 47 90 F: 11 
38 8 54 11 F: 2 4 2 
40 3 52 55 F: 2 1 
54 9 81 15 F: 9 
54 11 98 94 F: 11 
56 10 66 124 F: 4 4 2 
60 6 84 4 F: 4 1 1 
60 12 84 106 F: 5 3 4 
63 11 85 81 F: 6 5 
68 11 112 72 F: 4 4 3 
70 8 86 91 F: 4 1 3 
75 8 91 150 F: 8 
79 12 103 93 F: 6 6 
82 11 104 136 F: 4 3 4 
95 13 147 117 F: 13 
103 10 143 64 F: 2 4 4 
109 9 145 72 F: 5 1 3 
112 8 120 112 F: 2 3 3 
113 8 121 50 F: 4 3 1 
117 10 147 73 F: 6 4 
126 5 131 140 F: 4 1 
127 7 134 84 F: 2 2 3 
133 6 139 140 F: 6 
135 8 151 12 F: 8 
136 9 163 48 F: 5 4 
158 12 206 71 F: 12 
160 4 172 114 F: 2 2 
164 4 172 117 F: 4 
167 3 179 2 F: 3 
170 9 206 127 F: 4 5 
176 7 197 140 F: 2 2 3 
179 9 197 51 F: 9 
182 6 206 132 F: 6 
191 11 213 36 F: 11 
194 10 224 38 F: 6 4 
206 7 227 126 F: 7 
207 6 225 59 F: 2 4 
217 8 233 78 F: 2 2 4 
220 4 236 113 F: 3 1 
234 11 267 96 F: 11 
238 3 244 100 F: 3 
242 7 270 35 F: 6 1 
244 10 274 73 F: 10 
247 11 269 37 F: 6 5 
249 9 258 99 F: 9 
253 10 293 67 F: 5 5 
254 11 276 65 F: 5 3 3 
256 7 263 147 F: 7 
258 8 282 76 F: 2 3 3 
268 9 295 109 F: 3 2 4 
271 10 291 68 F: 10 
286 10 316 17 F: 4 3 3 
292 9 310 9 F: 2 4 3 
292 10 322 99 F: 5 5 
295 8 311 101 F: 5 1 2 
300 4 308 115 F: 4 
310 12 346 123 F: 12 
316 10 346 46 F: 5 2 3 
327 9 354 112 F: 6 3 
334 4 350 32 F: 3 1 
338 5 348 4 F: 2 3 
338 7 366 85 F: 4 1 2 
341 4 353 29 F: 3 1 
349 12 373 71 F: 6 6 
350 5 355 73 F: 2 1 2 
353 6 359 132 F: 3 1 2 
358 9 376 133 F: 7 2 
365 8 397 118 F: 3 5 
368 6 380 100 F: 2 4 
368 11 412 19 F: 6 5 
380 11 391 18 F: 11 
388 6 406 100 F: 5 1 
394 8 410 49 F: 2 2 4 
398 4 410 133 F: 4 
398 9 425 113 F: 5 2 2 
402 8 426 34 F: 3 2 3 
406 13 432 102 F: 7 6 
410 12 422 134 F: 4 4 4 
416 6 440 43 F: 3 3 
423 10 453 101 F: 2 4 4 
426 7 433 23 F: 7 
429 5 434 144 F: 3 1 1 
435 4 439 96 F: 4 
448 10 468 139 F: 2 4 4 
454 5 459 112 F: 2 2 1 
454 7 461 1 F: 4 3 
456 5 466 35 F: 2 2 1 
462 13 475 36 F: 5 4 4 
464 9 473 123 F: 2 4 3 
465 11 498 53 F: 5 2 4 
474 7 481 106 F: 4 2 1 
475 8 507 33 F: 4 3 1 
478 8 510 28 F: 3 5 
489 6 501 17 F: 6 
491 8 515 50 F: 7 1 
502 9 511 6 F: 2 4 3 
505 7 519 87 F: 2 5 
512 8 520 25 F: 7 1 
518 12 530 66 F: 6 6 
523 9 559 142 F: 4 5 
525 10 535 25 F: 6 4 
531 6 537 16 F: 5 1 
541 6 559 125 F: 5 1 
541 12 565 78 F: 12 
543 12 567 89 F: 4 4 4 
545 6 557 98 F: 2 1 3 
549 9 576 63 F: 3 6 
553 9 580 4 F: 3 4 2 
560 10 600 70 F: 4 3 3 
562 4 570 141 F: 2 1 1 
569 9 596 126 F: 3 6 
579 7 593 144 F: 2 1 4 
583 10 593 101 F: 4 4 2 
593 7 621 35 F: 3 2 2 
598 9 616 31 F: 4 2 3 
601 7 615 91 F: 3 2 2 
608 8 632 8 F: 4 4 
610 8 634 22 F: 8 
615 6 633 32 F: 2 2 2 
620 8 644 145 F: 2 2 4 
625 9 643 45 F: 9 
630 11 674 76 F: 11 
631 5 641 10 F: 4 1 
636 12 660 24 F: 7 5 
644 9 653 99 F: 4 2 3 
647 9 674 96 F: 3 6 
651 10 691 112 F: 2 4 4 
657 11 668 132 F: 11 
662 10 682 31 F: 10 
671 10 681 39 F: 7 3 
673 10 703 45 F: 5 5 
677 13 703 126 F: 13 
679 8 695 66 F: 3 2 3 
696 12 744 53 F: 12 
697 8 705 54 F: 4 3 1 
701 2 705 21 F: 2 
730 12 742 52 F: 5 4 3 
731 9 767 135 F: 3 4 2 
733 7 754 106 F: 6 1 
736 10 746 70 F: 10 
737 8 769 55 F: 3 2 3 
738 4 750 109 F: 3 1 
759 7 773 142 F: 5 2 
788 8 804 114 F: 7 1 
788 9 815 144 F: 9 
D: 2 37 
D: 6 115 
D: 21 102 
D: 23 125 
D: 36 57 
D: 38 114 
D: 39 91 
D: 42 71 
D: 44 101 
D: 55 125 
D: 64 132 
D: 71 91 
D: 71 121 
D: 84 106 
D: 98 124 
