0 8 24 32 F: 5 3 
4 5 24 9 F: 3 2 
7 8 39 92 F: 4 1 3 
11 7 18 32 F: 2 2 3 
19 6 31 38 F: 2 4 
20 5 30 67 F: 4 1 
21 11 54 52 F: 3 4 4 
22 11 33 83 F: 4 3 4 
24 12 60 83 F: 12 
45 8 69 15 F: 8 
49 12 97 83 F: 7 5 
50 12 98 89 F: 12 
53 10 93 44 F: 10 
73 8 81 56 F: 3 1 4 
73 10 113 15 F: 10 
74 10 104 4 F: 10 
82 9 100 94 F: 3 3 3 
82 12 118 17 F: 4 4 4 
84 3 96 90 F: 3 
85 3 88 57 F: 3 
100 4 108 52 F: 4 
102 11 113 21 F: 11 
103 6 121 100 F: 2 1 3 
103 11 114 51 F: 11 
104 12 116 13 F: 5 3 4 
109 7 137 89 F: 6 1 
121 5 131 5 F: 2 1 2 
126 8 134 37 F: 2 4 2 
128 6 152 35 F: 3 1 2 
146 6 152 24 F: 2 2 2 
150 11 183 2 F: 11 
154 10 164 77 F: 4 3 3 
167 13 219 37 F: 13 
173 13 186 7 F: 5 4 4 
174 11 207 27 F: 5 2 4 
179 10 209 86 F: 6 4 
181 10 211 28 F: 3 4 3 
193 6 211 32 F: 2 1 3 
194 4 206 59 F: 2 2 
197 8 229 94 F: 4 1 3 
204 6 228 54 F: 3 3 
216 7 223 56 F: 6 1 
216 7 244 64 F: 2 2 3 
220 13 259 27 F: 13 
222 10 242 98 F: 5 2 3 
225 11 269 18 F: 11 
228 7 235 6 F: 2 5 
229 6 253 97 F: 5 1 
240 8 272 41 F: 3 1 4 
246 6 264 16 F: 6 
248 10 288 54 F: 7 3 
249 11 271 91 F: 4 4 3 
251 12 275 63 F: 12 
252 8 276 12 F: 3 5 
252 10 272 39 F: 6 4 
259 11 292 93 F: 11 
264 8 272 28 F: 7 1 
264 13 290 19 F: 7 6 
267 12 315 49 F: 5 3 4 
287 10 317 99 F: 4 2 4 
315 10 345 9 F: 3 4 3 
321 10 341 42 F: 4 2 4 
323 8 339 18 F: 8 
325 8 333 91 F: 3 4 1 
330 10 340 81 F: 6 4 
337 5 347 97 F: 5 
344 10 364 60 F: 5 5 
347 9 365 91 F: 3 3 3 
354 8 386 17 F: 8 
360 7 388 80 F: 7 
363 10 393 32 F: 4 3 3 
365 9 383 55 F: 5 4 
368 8 392 22 F: 4 1 3 
373 6 385 41 F: 6 
374 6 386 29 F: 6 
384 10 414 21 F: 7 3 
390 9 399 96 F: 9 
390 10 430 52 F: 4 6 
396 7 410 35 F: 2 5 
397 8 429 46 F: 4 2 2 
402 7 409 39 F: 4 3 
403 3 409 34 F: 3 
409 7 423 11 F: 2 4 1 
412 11 445 70 F: 5 4 2 
415 7 443 31 F: 5 2 
425 6 431 92 F: 6 
432 10 462 95 F: 10 
437 4 441 24 F: 4 
438 9 447 7 F: 5 2 2 
441 5 451 84 F: 3 2 
446 10 476 46 F: 10 
447 9 474 51 F: 5 1 3 
457 8 481 84 F: 2 3 3 
458 10 468 63 F: 10 
459 5 464 27 F: 3 2 
461 10 471 78 F: 4 6 
470 11 492 52 F: 5 2 4 
474 11 485 15 F: 5 2 4 
474 12 498 44 F: 12 
496 5 501 42 F: 5 
D: 5 28 
D: 11 29 
D: 16 81 
D: 20 47 
D: 27 31 
D: 42 54 
D: 49 67 
D: 55 74 
D: 58 75 
D: 59 63 
