3 11 25 71 F: 4 4 3 
7 9 16 33 F: 6 3 
23 13 62 70 F: 7 6 
25 7 39 92 F: 7 
25 9 52 51 F: 3 2 4 
25 10 35 76 F: 3 4 3 
27 8 59 87 F: 8 
29 7 43 62 F: 5 1 1 
30 5 35 45 F: 3 1 1 
40 8 48 89 F: 2 2 4 
44 2 50 67 F: 2 
55 11 77 60 F: 5 2 4 
69 7 97 8 F: 7 
73 8 105 26 F: 2 3 3 
75 13 127 67 F: 13 
79 7 100 72 F: 7 
82 7 96 22 F: 2 1 4 
83 8 91 70 F: 7 1 
96 7 110 35 F: 3 4 
99 11 143 23 F: 5 2 4 
107 8 115 80 F: 2 6 
108 7 115 21 F: 2 1 4 
109 6 127 58 F: 2 1 3 
111 10 151 91 F: 10 
116 4 128 3 F: 4 
118 7 139 99 F: 5 2 
128 3 134 60 F: 2 1 
132 5 142 96 F: 3 1 1 
134 11 145 83 F: 7 4 
138 3 144 20 F: 3 
141 7 148 65 F: 5 2 
153 2 159 17 F: 2 
166 3 169 21 F: 3 
166 4 170 50 F: 4 
172 7 179 29 F: 7 
175 10 185 86 F: 7 3 
185 11 218 68 F: 3 4 4 
190 10 230 57 F: 3 3 4 
198 9 234 34 F: 3 6 
199 10 229 46 F: 5 5 
200 10 230 18 F: 7 3 
202 8 234 11 F: 2 6 
203 13 242 26 F: 13 
206 11 228 93 F: 7 4 
210 9 237 2 F: 2 4 3 
216 11 227 21 F: 4 3 4 
220 7 227 6 F: 2 5 
226 13 239 62 F: 7 6 
239 8 247 7 F: 5 1 2 
260 10 290 85 F: 5 5 
261 8 277 74 F: 5 1 2 
262 8 294 22 F: 8 
263 6 281 46 F: 4 2 
268 7 296 33 F: 7 
273 11 306 24 F: 5 3 3 
279 6 285 90 F: 3 3 
279 10 319 50 F: 10 
286 11 297 78 F: 11 
290 3 299 83 F: 3 
293 9 329 74 F: 4 3 2 
312 7 319 68 F: 3 4 
331 6 343 62 F: 5 1 
333 2 335 56 F: 2 
334 10 374 72 F: 10 
341 8 365 7 F: 5 2 1 
344 9 353 55 F: 9 
347 12 395 87 F: 6 6 
353 11 397 43 F: 11 
357 11 401 41 F: 11 
362 8 394 92 F: 3 4 1 
367 7 388 51 F: 2 4 1 
369 13 421 14 F: 13 
371 9 380 10 F: 4 2 3 
374 10 414 91 F: 5 4 1 
377 10 417 99 F: 4 6 
382 9 391 59 F: 4 2 3 
383 5 388 49 F: 5 
389 6 407 10 F: 2 3 1 
389 8 413 73 F: 3 3 2 
395 9 422 44 F: 2 3 4 
406 11 417 38 F: 11 
409 4 413 93 F: 4 
411 7 432 67 F: 3 3 1 
413 4 429 94 F: 3 1 
416 8 432 33 F: 5 3 
434 9 461 25 F: 7 2 
439 9 457 44 F: 9 
440 13 479 43 F: 13 
444 4 456 79 F: 3 1 
454 12 466 81 F: 12 
457 8 489 10 F: 7 1 
475 7 496 98 F: 6 1 
476 10 506 44 F: 10 
478 11 500 31 F: 11 
480 7 508 9 F: 3 1 3 
488 6 494 11 F: 5 1 
490 8 522 3 F: 4 4 
492 10 522 91 F: 4 6 
493 6 517 66 F: 6 
499 11 532 15 F: 5 6 
D: 4 26 
D: 9 45 
D: 21 27 
D: 25 71 
D: 28 98 
D: 34 39 
D: 51 64 
D: 55 95 
D: 62 66 
D: 66 64 
