0 6 12 66 F: 6 
0 8 32 77 F: 3 2 3 
1 5 11 24 F: 5 
2 11 46 92 F: 11 
9 9 18 72 F: 5 4 
13 6 25 84 F: 2 1 3 
13 7 34 63 F: 7 
13 11 46 84 F: 5 6 
20 8 36 90 F: 4 2 2 
22 5 37 69 F: 2 2 1 
31 11 42 15 F: 6 5 
37 6 61 7 F: 2 3 1 
39 6 45 48 F: 5 1 
43 2 45 53 F: 2 
53 8 85 34 F: 2 3 3 
53 10 63 78 F: 4 3 3 
56 11 67 13 F: 3 4 4 
58 13 84 43 F: 5 4 4 
73 7 87 85 F: 4 2 1 
99 7 106 51 F: 2 3 2 
100 12 124 9 F: 5 4 3 
102 5 107 91 F: 5 
103 3 115 51 F: 3 
108 9 144 93 F: 3 4 2 
127 8 135 13 F: 2 2 4 
133 5 153 40 F: 5 
142 9 160 23 F: 4 2 3 
143 7 164 76 F: 2 4 1 
144 9 171 30 F: 9 
148 10 158 40 F: 7 3 
156 2 162 25 F: 2 
160 10 200 16 F: 10 
168 7 189 5 F: 3 4 
170 10 180 10 F: 4 4 2 
177 3 189 16 F: 2 1 
182 4 198 54 F: 4 
183 7 190 32 F: 2 1 4 
183 10 223 37 F: 5 5 
184 11 195 2 F: 11 
195 3 198 81 F: 3 
200 2 204 19 F: 2 
200 6 212 16 F: 3 1 2 
202 3 205 48 F: 3 
214 12 238 72 F: 12 
216 3 219 96 F: 3 
216 9 243 25 F: 7 2 
217 11 250 41 F: 11 
230 4 238 1 F: 4 
234 10 274 24 F: 4 3 3 
234 11 256 75 F: 7 4 
240 13 266 53 F: 13 
248 10 268 59 F: 4 3 3 
256 4 272 7 F: 4 
256 10 286 69 F: 5 5 
267 4 275 5 F: 3 1 
269 4 273 54 F: 2 2 
271 8 295 36 F: 6 2 
277 7 298 23 F: 3 3 1 
280 7 287 68 F: 7 
295 11 328 100 F: 6 5 
301 13 327 83 F: 13 
306 3 312 72 F: 3 
313 8 329 3 F: 7 1 
319 11 352 64 F: 5 6 
321 3 333 10 F: 3 
337 5 347 37 F: 5 
341 7 355 22 F: 5 1 1 
345 5 360 60 F: 5 
359 2 363 36 F: 2 
363 8 395 50 F: 2 6 
370 9 397 14 F: 9 
373 2 379 78 F: 2 
373 10 403 96 F: 4 6 
374 3 380 47 F: 3 
386 10 426 39 F: 5 2 3 
388 6 412 27 F: 6 
391 13 430 81 F: 7 6 
392 6 410 49 F: 3 1 2 
399 8 407 78 F: 5 1 2 
399 8 415 48 F: 3 5 
400 5 405 54 F: 2 3 
401 7 408 10 F: 7 
402 4 410 9 F: 3 1 
414 7 421 84 F: 2 2 3 
420 10 460 60 F: 4 3 3 
422 8 454 96 F: 8 
425 3 431 37 F: 2 1 
439 8 471 74 F: 8 
443 10 463 39 F: 10 
446 10 456 19 F: 3 4 3 
454 9 481 58 F: 6 3 
455 13 468 14 F: 13 
466 7 487 3 F: 7 
472 6 496 27 F: 3 1 2 
474 8 490 42 F: 4 1 3 
477 10 517 60 F: 10 
478 9 496 34 F: 5 4 
486 10 526 68 F: 4 6 
490 8 522 8 F: 4 3 1 
491 8 515 93 F: 7 1 
D: 8 55 
D: 8 71 
D: 18 17 
D: 28 94 
D: 32 65 
D: 33 39 
D: 37 75 
D: 38 62 
D: 71 74 
D: 86 90 
