1 11 12 15 F: 6 5 
2 5 7 132 F: 5 
3 7 10 58 F: 4 2 1 
3 12 39 32 F: 6 6 
13 9 49 57 F: 2 3 4 
15 8 47 46 F: 2 6 
17 4 21 102 F: 2 2 
18 8 26 49 F: 8 
41 9 77 118 F: 9 
41 10 71 68 F: 7 3 
42 11 64 103 F: 11 
45 11 78 71 F: 3 4 4 
49 11 82 30 F: 5 6 
65 7 86 12 F: 2 5 
69 5 89 49 F: 5 
70 2 76 51 F: 2 
77 7 98 63 F: 3 1 3 
79 6 97 145 F: 4 2 
88 7 116 42 F: 2 5 
99 5 109 1 F: 2 1 2 
115 7 122 94 F: 2 1 4 
117 7 131 18 F: 4 3 
120 9 129 67 F: 9 
122 11 144 6 F: 4 3 4 
130 12 178 79 F: 12 
140 7 147 140 F: 2 5 
149 5 154 40 F: 4 1 
150 8 166 51 F: 2 3 3 
151 4 167 30 F: 2 2 
151 5 171 104 F: 5 
159 6 183 116 F: 6 
162 8 170 76 F: 3 3 2 
164 12 188 59 F: 12 
169 6 193 150 F: 3 3 
169 8 193 15 F: 8 
169 8 201 82 F: 3 4 1 
173 11 206 6 F: 11 
180 9 207 27 F: 5 3 1 
188 8 204 29 F: 3 1 4 
189 10 219 36 F: 10 
203 12 239 149 F: 7 5 
205 6 211 124 F: 3 3 
206 5 221 15 F: 2 2 1 
206 10 226 68 F: 10 
211 11 222 81 F: 7 4 
213 5 223 54 F: 4 1 
217 9 226 4 F: 4 2 3 
218 11 240 98 F: 11 
220 5 225 12 F: 3 2 
232 6 256 146 F: 4 2 
232 9 259 98 F: 9 
236 12 248 27 F: 6 6 
251 10 271 137 F: 3 4 3 
265 9 283 125 F: 3 2 4 
267 10 297 24 F: 5 1 4 
269 3 278 33 F: 3 
270 6 288 106 F: 3 3 
276 8 284 11 F: 6 2 
285 9 303 71 F: 4 4 1 
293 8 317 139 F: 5 1 2 
313 12 325 59 F: 12 
315 7 343 37 F: 3 4 
315 13 328 44 F: 7 6 
319 2 327 62 F: 2 
321 7 328 90 F: 4 3 
322 8 338 61 F: 8 
332 8 340 22 F: 3 5 
334 4 338 14 F: 4 
335 3 338 112 F: 3 
336 6 348 116 F: 2 2 2 
339 8 355 133 F: 8 
346 5 361 46 F: 5 
350 11 394 86 F: 5 4 2 
364 4 368 33 F: 2 1 1 
364 9 373 127 F: 9 
373 10 413 81 F: 10 
376 5 396 86 F: 3 1 1 
382 4 398 139 F: 4 
388 9 406 130 F: 3 2 4 
398 6 410 113 F: 5 1 
401 11 434 95 F: 5 4 2 
406 2 408 104 F: 2 
427 13 440 49 F: 13 
429 9 438 122 F: 4 3 2 
434 6 452 68 F: 2 3 1 
434 8 442 25 F: 8 
434 9 452 88 F: 3 3 3 
444 7 458 30 F: 3 3 1 
451 6 475 17 F: 2 2 2 
453 11 497 109 F: 11 
460 10 480 108 F: 10 
461 7 468 6 F: 4 3 
465 10 485 113 F: 7 3 
472 5 477 43 F: 2 1 2 
472 7 493 128 F: 2 5 
476 9 485 109 F: 7 2 
477 13 490 147 F: 13 
480 4 484 59 F: 4 
484 9 520 125 F: 9 
488 7 516 132 F: 7 
507 5 517 126 F: 5 
507 10 527 58 F: 4 6 
509 8 541 84 F: 4 3 1 
514 7 535 64 F: 7 
515 8 539 123 F: 4 4 
516 11 538 149 F: 3 4 4 
518 10 548 13 F: 5 2 3 
526 12 562 31 F: 12 
534 11 545 145 F: 11 
535 3 538 58 F: 2 1 
536 10 566 48 F: 2 4 4 
547 9 583 109 F: 7 2 
551 12 563 130 F: 5 3 4 
554 9 581 142 F: 4 1 4 
558 4 562 133 F: 4 
563 10 603 43 F: 10 
568 8 592 65 F: 8 
571 8 595 84 F: 4 3 1 
591 6 603 38 F: 6 
595 5 605 7 F: 2 2 1 
602 7 616 17 F: 7 
602 7 630 131 F: 3 4 
613 8 621 5 F: 4 1 3 
618 4 626 43 F: 2 1 1 
620 12 668 44 F: 6 6 
627 10 657 125 F: 2 4 4 
646 3 649 22 F: 3 
647 9 674 114 F: 4 5 
658 7 686 31 F: 2 2 3 
659 4 667 108 F: 4 
660 7 688 52 F: 6 1 
661 7 668 89 F: 2 2 3 
661 12 673 83 F: 12 
673 7 680 88 F: 4 2 1 
677 2 681 22 F: 2 
677 5 697 79 F: 4 1 
681 4 697 40 F: 4 
685 7 713 25 F: 3 2 2 
686 6 710 47 F: 6 
691 6 703 38 F: 4 2 
704 10 714 118 F: 5 4 1 
708 6 732 147 F: 2 2 2 
732 7 760 95 F: 2 3 2 
738 3 750 46 F: 3 
739 10 769 140 F: 10 
744 8 776 22 F: 2 4 2 
768 5 778 60 F: 2 2 1 
780 7 787 81 F: 3 1 3 
783 3 792 44 F: 3 
786 4 802 79 F: 3 1 
D: 0 34 
D: 21 34 
D: 25 50 
D: 27 67 
D: 30 89 
D: 38 90 
D: 41 44 
D: 60 135 
D: 61 80 
D: 64 141 
D: 67 147 
D: 72 134 
D: 80 75 
D: 104 114 
D: 119 122 
