0 6 6 76 F: 2 4 
14 9 50 60 F: 6 3 
22 3 31 80 F: 3 
23 9 59 75 F: 3 6 
25 3 37 97 F: 3 
34 9 52 41 F: 3 4 2 
47 6 65 9 F: 3 3 
47 9 74 93 F: 9 
47 9 83 84 F: 5 3 1 
51 9 60 91 F: 2 4 3 
55 10 65 83 F: 5 3 2 
59 4 63 85 F: 4 
61 7 89 4 F: 3 1 3 
61 11 72 59 F: 7 4 
69 11 102 2 F: 11 
71 7 99 84 F: 5 1 1 
73 8 105 22 F: 8 
78 3 84 67 F: 2 1 
79 4 83 57 F: 4 
97 8 129 4 F: 5 3 
100 7 128 68 F: 4 3 
102 3 111 73 F: 3 
114 7 142 75 F: 4 3 
124 5 144 86 F: 3 2 
128 9 164 26 F: 5 2 2 
130 9 148 5 F: 3 2 4 
135 3 138 40 F: 3 
136 6 160 51 F: 4 2 
148 7 162 64 F: 5 2 
153 9 189 62 F: 3 4 2 
161 2 165 31 F: 2 
161 8 185 31 F: 2 2 4 
182 12 230 80 F: 12 
185 4 193 11 F: 4 
189 9 198 65 F: 9 
193 10 223 78 F: 4 3 3 
195 8 203 7 F: 7 1 
196 6 214 52 F: 6 
198 3 210 46 F: 3 
199 12 211 19 F: 5 3 4 
209 7 223 11 F: 4 3 
218 2 226 11 F: 2 
218 3 224 63 F: 3 
220 2 222 78 F: 2 
228 6 234 81 F: 3 3 
228 9 246 86 F: 4 4 1 
231 9 249 72 F: 3 4 2 
232 5 237 12 F: 5 
240 6 252 40 F: 4 2 
254 9 263 13 F: 5 4 
259 8 291 23 F: 8 
260 9 287 52 F: 7 2 
276 7 283 11 F: 5 1 1 
278 12 302 57 F: 12 
280 11 302 4 F: 6 5 
283 9 310 67 F: 5 4 
288 12 300 50 F: 12 
290 10 320 88 F: 4 4 2 
296 3 308 25 F: 2 1 
298 7 326 41 F: 3 4 
303 9 339 30 F: 7 2 
304 7 332 93 F: 2 1 4 
305 8 329 38 F: 8 
306 4 314 11 F: 2 1 1 
306 8 314 67 F: 6 2 
323 3 332 17 F: 2 1 
324 12 348 86 F: 4 4 4 
338 8 370 51 F: 2 3 3 
343 9 370 40 F: 5 1 3 
350 7 364 40 F: 7 
368 4 384 89 F: 4 
369 7 397 41 F: 3 1 3 
370 12 382 29 F: 7 5 
377 10 397 97 F: 3 4 3 
381 9 399 33 F: 4 3 2 
386 11 397 37 F: 7 4 
391 11 424 48 F: 3 4 4 
394 2 398 15 F: 2 
395 8 411 64 F: 5 2 1 
395 10 405 87 F: 5 2 3 
401 12 449 23 F: 12 
405 2 407 7 F: 2 
405 11 438 48 F: 4 4 3 
408 13 434 28 F: 13 
409 2 413 80 F: 2 
412 7 419 80 F: 2 2 3 
412 12 436 57 F: 12 
423 7 444 82 F: 7 
433 6 445 61 F: 3 3 
434 7 441 24 F: 4 3 
442 7 449 49 F: 7 
449 13 501 78 F: 13 
459 8 467 98 F: 4 2 2 
461 10 481 89 F: 5 5 
466 9 502 59 F: 6 3 
467 8 491 72 F: 3 4 1 
479 7 500 52 F: 5 1 1 
485 8 501 93 F: 2 6 
487 5 497 20 F: 2 2 1 
496 11 507 74 F: 5 3 3 
D: 0 27 
D: 7 62 
D: 8 22 
D: 12 36 
D: 13 77 
D: 14 35 
D: 18 31 
D: 30 94 
D: 31 96 
D: 69 75 
