8 9 35 70 F: 4 2 3 
8 10 28 97 F: 5 5 
13 5 33 5 F: 2 3 
29 8 61 56 F: 4 4 
32 10 72 76 F: 10 
34 8 58 1 F: 3 4 1 
37 2 41 16 F: 2 
43 5 53 81 F: 4 1 
48 3 51 71 F: 3 
48 6 66 35 F: 4 2 
49 7 77 16 F: 6 1 
54 13 80 52 F: 13 
56 8 80 87 F: 4 4 
62 8 86 21 F: 6 2 
63 8 79 64 F: 4 2 2 
64 3 70 15 F: 2 1 
69 10 79 70 F: 10 
78 12 90 38 F: 12 
80 5 85 60 F: 3 1 1 
80 8 96 6 F: 7 1 
105 9 141 66 F: 4 1 4 
108 5 118 49 F: 3 1 1 
112 9 121 64 F: 5 2 2 
118 13 157 52 F: 5 4 4 
127 10 137 12 F: 5 2 3 
137 7 158 16 F: 7 
138 8 154 58 F: 5 3 
149 5 164 100 F: 5 
152 6 176 81 F: 6 
152 7 159 1 F: 2 4 1 
153 6 177 62 F: 3 2 1 
154 10 174 70 F: 7 3 
155 9 164 45 F: 4 2 3 
160 9 187 23 F: 3 6 
177 10 187 91 F: 5 5 
178 12 214 21 F: 6 6 
183 8 207 82 F: 8 
183 9 192 60 F: 7 2 
187 10 217 91 F: 3 3 4 
190 12 214 82 F: 12 
218 7 232 8 F: 3 1 3 
219 7 247 99 F: 2 5 
222 11 244 51 F: 4 3 4 
227 9 236 89 F: 2 4 3 
230 3 233 37 F: 3 
242 9 251 82 F: 5 2 2 
245 5 265 97 F: 4 1 
245 8 269 24 F: 4 4 
246 9 255 63 F: 5 1 3 
254 6 272 9 F: 4 2 
258 2 264 41 F: 2 
264 6 282 25 F: 2 3 1 
270 4 278 13 F: 4 
278 9 314 2 F: 5 2 2 
279 3 285 66 F: 3 
284 6 302 50 F: 2 2 2 
291 7 298 57 F: 5 2 
291 9 327 66 F: 4 2 3 
294 5 309 11 F: 5 
294 7 315 60 F: 7 
301 2 307 78 F: 2 
302 4 314 34 F: 4 
302 10 322 69 F: 4 3 3 
307 10 327 68 F: 4 3 3 
309 6 321 67 F: 2 3 1 
309 9 345 8 F: 3 2 4 
312 11 323 33 F: 11 
318 11 362 32 F: 7 4 
318 12 366 68 F: 7 5 
321 8 345 39 F: 6 2 
326 4 342 51 F: 4 
326 9 335 33 F: 4 1 4 
326 11 348 84 F: 4 4 3 
329 5 349 82 F: 3 2 
332 10 362 23 F: 3 3 4 
338 10 358 98 F: 10 
339 6 357 6 F: 6 
352 9 361 89 F: 5 4 
386 10 396 98 F: 5 5 
398 11 431 98 F: 6 5 
400 13 439 75 F: 13 
409 9 436 63 F: 5 3 1 
412 8 436 26 F: 3 1 4 
415 11 437 77 F: 5 4 2 
430 5 450 43 F: 5 
430 7 451 44 F: 2 4 1 
440 8 448 2 F: 5 3 
461 8 477 68 F: 2 6 
464 5 474 34 F: 5 
465 9 501 81 F: 4 5 
468 9 477 6 F: 4 1 4 
474 6 492 70 F: 3 3 
476 9 503 69 F: 5 4 
477 6 483 86 F: 2 3 1 
479 5 499 49 F: 5 
484 12 496 13 F: 5 3 4 
485 13 537 71 F: 7 6 
495 4 499 40 F: 4 
498 8 522 88 F: 8 
499 8 515 73 F: 7 1 
D: 0 3 
D: 15 55 
D: 22 68 
D: 23 61 
D: 28 73 
D: 40 73 
D: 50 79 
D: 59 77 
D: 63 95 
D: 78 85 
