2 8 26 47 F: 4 4 
3 9 12 109 F: 5 4 
4 7 18 131 F: 4 2 1 
8 6 32 144 F: 4 2 
31 11 75 4 F: 5 3 3 
40 5 55 54 F: 3 1 1 
41 10 51 119 F: 5 3 2 
42 5 52 80 F: 5 
47 7 75 140 F: 3 4 
48 6 54 19 F: 4 2 
64 8 88 117 F: 8 
71 12 107 134 F: 12 
75 6 99 129 F: 6 
86 8 94 102 F: 4 1 3 
88 7 116 108 F: 7 
88 11 110 77 F: 7 4 
91 8 123 102 F: 4 3 1 
91 9 109 82 F: 4 1 4 
92 8 124 123 F: 3 2 3 
97 8 129 26 F: 5 3 
114 7 121 105 F: 3 3 1 
121 9 130 69 F: 5 1 3 
126 10 156 69 F: 5 3 2 
132 10 172 121 F: 5 3 2 
143 8 175 51 F: 4 2 2 
146 10 156 26 F: 5 5 
148 8 180 33 F: 3 4 1 
151 11 173 7 F: 4 3 4 
161 7 168 18 F: 2 4 1 
162 12 210 36 F: 12 
163 8 179 45 F: 8 
164 7 192 37 F: 5 2 
167 7 174 87 F: 7 
172 8 204 94 F: 3 1 4 
176 6 194 109 F: 3 3 
182 10 202 100 F: 10 
189 8 213 109 F: 2 3 3 
192 4 204 13 F: 4 
192 7 213 64 F: 7 
199 7 227 9 F: 4 1 2 
205 5 215 96 F: 3 2 
212 3 224 5 F: 2 1 
216 8 224 104 F: 4 4 
219 9 237 82 F: 4 5 
222 9 249 86 F: 9 
223 8 255 118 F: 5 3 
237 4 241 6 F: 4 
241 10 261 54 F: 7 3 
255 11 299 102 F: 5 4 2 
256 5 266 11 F: 5 
260 7 288 120 F: 3 3 1 
262 12 286 13 F: 5 4 3 
263 9 299 51 F: 4 2 3 
275 7 296 141 F: 7 
279 7 307 19 F: 7 
279 8 311 69 F: 3 5 
282 9 318 92 F: 5 1 3 
287 5 302 94 F: 3 1 1 
291 11 335 45 F: 3 4 4 
293 9 320 114 F: 9 
325 9 334 45 F: 4 2 3 
325 9 334 94 F: 2 4 3 
331 13 357 71 F: 13 
332 11 354 6 F: 5 6 
342 10 382 72 F: 5 4 1 
344 8 376 84 F: 3 4 1 
346 6 364 25 F: 6 
346 7 367 52 F: 5 1 1 
347 8 355 122 F: 4 1 3 
356 10 376 45 F: 10 
360 2 364 125 F: 2 
366 7 387 112 F: 4 1 2 
369 8 401 68 F: 6 2 
370 2 376 27 F: 2 
370 3 379 81 F: 3 
383 11 405 120 F: 7 4 
390 7 397 84 F: 4 1 2 
394 10 424 81 F: 4 6 
395 10 415 132 F: 4 6 
396 4 400 90 F: 2 2 
410 9 446 60 F: 9 
412 10 452 41 F: 10 
418 6 430 13 F: 6 
428 10 438 5 F: 10 
434 6 440 85 F: 3 3 
436 8 444 121 F: 8 
436 11 447 133 F: 5 3 3 
437 11 470 59 F: 11 
450 9 459 25 F: 9 
458 3 464 122 F: 3 
459 8 467 110 F: 5 2 1 
462 7 490 12 F: 6 1 
462 8 486 125 F: 8 
463 7 491 147 F: 2 3 2 
470 6 476 7 F: 2 1 3 
472 8 488 79 F: 4 4 
475 9 484 18 F: 2 3 4 
482 10 512 136 F: 5 5 
489 10 519 137 F: 5 3 2 
498 8 506 32 F: 7 1 
506 5 526 90 F: 4 1 
506 13 532 96 F: 13 
511 5 531 98 F: 2 3 
517 8 533 19 F: 4 4 
518 2 524 48 F: 2 
525 11 547 86 F: 11 
526 9 535 59 F: 9 
531 4 535 124 F: 2 1 1 
531 11 564 78 F: 7 4 
544 8 560 126 F: 2 3 3 
545 6 551 31 F: 6 
553 6 559 104 F: 2 4 
554 12 566 105 F: 12 
554 13 606 99 F: 13 
555 12 579 64 F: 12 
567 10 577 11 F: 5 3 2 
574 10 584 130 F: 6 4 
578 9 596 111 F: 6 3 
582 6 600 108 F: 6 
589 11 633 89 F: 7 4 
613 6 625 60 F: 2 3 1 
619 8 643 52 F: 2 4 2 
621 10 661 150 F: 7 3 
626 7 633 1 F: 6 1 
626 9 653 89 F: 3 2 4 
633 7 640 127 F: 2 1 4 
644 7 658 131 F: 2 3 2 
644 11 655 43 F: 4 3 4 
654 10 664 128 F: 10 
654 10 684 113 F: 4 3 3 
658 11 680 89 F: 7 4 
660 10 680 51 F: 10 
668 7 696 94 F: 7 
675 4 679 111 F: 4 
681 11 725 52 F: 7 4 
682 4 690 88 F: 4 
690 8 714 54 F: 5 3 
694 5 709 80 F: 5 
697 5 712 17 F: 5 
697 10 737 34 F: 7 3 
704 13 743 32 F: 13 
724 7 738 57 F: 4 3 
737 12 773 94 F: 5 4 3 
751 10 791 91 F: 10 
753 3 765 25 F: 2 1 
756 10 776 50 F: 4 6 
762 4 778 103 F: 2 2 
762 10 772 81 F: 5 3 2 
764 2 766 134 F: 2 
796 9 805 7 F: 4 1 4 
D: 0 125 
D: 3 101 
D: 6 61 
D: 11 122 
D: 19 63 
D: 19 147 
D: 25 96 
D: 30 80 
D: 58 68 
D: 60 95 
D: 60 111 
D: 64 136 
D: 78 137 
D: 82 112 
D: 107 147 
