6 8 22 51 F: 2 2 4 
8 12 32 104 F: 6 6 
11 12 35 148 F: 5 3 4 
24 7 45 56 F: 3 4 
25 3 28 95 F: 3 
29 11 73 106 F: 7 4 
32 11 54 138 F: 11 
34 10 64 17 F: 4 6 
44 7 65 24 F: 3 1 3 
48 11 70 63 F: 5 6 
52 8 60 2 F: 8 
60 9 78 56 F: 9 
63 11 74 46 F: 11 
66 8 74 65 F: 8 
81 2 85 22 F: 2 
81 5 96 130 F: 5 
85 9 112 122 F: 5 3 1 
86 7 107 93 F: 4 3 
91 9 118 24 F: 5 2 2 
98 9 125 128 F: 3 2 4 
102 9 120 138 F: 5 2 2 
102 11 124 123 F: 6 5 
106 11 117 8 F: 4 4 3 
115 8 131 146 F: 2 6 
121 5 131 39 F: 3 1 1 
132 7 146 90 F: 7 
136 7 150 61 F: 5 1 1 
140 8 172 147 F: 3 3 2 
153 10 173 59 F: 3 4 3 
156 3 162 127 F: 2 1 
159 5 169 95 F: 2 2 1 
167 2 175 117 F: 2 
167 10 207 40 F: 5 1 4 
170 7 184 63 F: 2 3 2 
174 8 190 117 F: 8 
174 13 187 94 F: 13 
183 10 193 133 F: 5 4 1 
183 10 213 83 F: 5 2 3 
185 10 195 54 F: 5 1 4 
199 12 235 115 F: 12 
203 10 233 30 F: 4 3 3 
215 6 239 126 F: 6 
244 11 277 143 F: 11 
246 12 258 16 F: 7 5 
248 9 284 109 F: 9 
251 10 271 99 F: 2 4 4 
256 6 280 144 F: 5 1 
264 7 271 5 F: 3 4 
274 10 314 76 F: 5 2 3 
277 2 283 58 F: 2 
277 7 284 47 F: 2 4 1 
278 8 294 26 F: 8 
279 10 289 79 F: 3 4 3 
282 5 292 85 F: 2 1 2 
282 12 294 10 F: 7 5 
285 6 309 98 F: 2 4 
290 9 299 14 F: 5 4 
290 11 334 15 F: 5 6 
295 9 304 60 F: 7 2 
297 11 319 61 F: 11 
306 7 334 19 F: 7 
309 7 337 117 F: 3 4 
310 10 330 95 F: 4 4 2 
323 12 347 75 F: 12 
327 9 363 59 F: 5 4 
330 7 337 55 F: 4 2 1 
332 8 348 101 F: 2 4 2 
334 7 355 22 F: 7 
334 10 354 39 F: 4 6 
338 11 382 86 F: 6 5 
340 8 356 18 F: 2 4 2 
354 10 374 51 F: 10 
364 7 378 6 F: 2 1 4 
364 13 390 93 F: 13 
373 12 385 32 F: 5 3 4 
374 9 410 140 F: 9 
383 13 409 147 F: 13 
386 10 426 96 F: 5 5 
394 9 412 141 F: 9 
398 3 404 34 F: 3 
410 9 428 93 F: 5 4 
411 5 421 6 F: 5 
420 9 447 14 F: 4 1 4 
424 10 464 145 F: 5 4 1 
433 7 461 59 F: 2 2 3 
438 4 454 147 F: 4 
440 7 454 91 F: 2 1 4 
442 6 448 127 F: 6 
444 12 492 87 F: 6 6 
445 3 448 41 F: 2 1 
445 10 485 84 F: 7 3 
452 5 462 37 F: 5 
460 8 484 40 F: 8 
460 9 478 9 F: 6 3 
472 9 508 131 F: 4 1 4 
473 9 500 62 F: 2 4 3 
479 7 486 13 F: 2 2 3 
489 9 498 18 F: 9 
490 10 520 98 F: 6 4 
493 9 529 114 F: 6 3 
503 9 539 50 F: 5 2 2 
507 10 517 75 F: 2 4 4 
512 10 532 25 F: 4 6 
513 3 516 145 F: 2 1 
514 6 532 92 F: 4 1 1 
518 8 534 113 F: 5 3 
522 10 532 32 F: 2 4 4 
527 9 563 118 F: 5 4 
532 10 542 97 F: 10 
541 13 567 132 F: 13 
542 5 562 140 F: 2 3 
547 13 586 37 F: 5 4 4 
551 7 579 59 F: 4 3 
554 9 590 16 F: 4 4 1 
557 10 587 12 F: 7 3 
570 6 582 108 F: 5 1 
573 6 597 82 F: 2 1 3 
588 12 600 135 F: 7 5 
589 8 605 58 F: 5 1 2 
593 11 626 31 F: 5 2 4 
600 12 612 69 F: 12 
603 6 609 1 F: 2 4 
606 7 613 74 F: 2 5 
608 9 644 118 F: 9 
615 4 623 128 F: 4 
618 12 630 94 F: 12 
619 11 663 102 F: 4 4 3 
632 6 656 97 F: 4 2 
646 5 661 126 F: 4 1 
651 3 663 65 F: 3 
651 11 673 71 F: 11 
652 7 673 150 F: 2 5 
665 10 695 82 F: 4 3 3 
666 12 714 95 F: 12 
669 11 691 74 F: 5 4 2 
672 10 702 13 F: 10 
673 6 685 6 F: 3 1 2 
677 11 688 63 F: 5 2 4 
685 8 717 30 F: 3 2 3 
697 4 705 50 F: 4 
731 5 751 19 F: 3 2 
749 7 770 143 F: 7 
751 12 787 82 F: 4 4 4 
758 8 790 148 F: 8 
762 6 780 90 F: 2 4 
764 8 772 76 F: 4 4 
784 2 788 3 F: 2 
792 7 813 2 F: 7 
793 7 807 31 F: 3 1 3 
794 5 814 86 F: 2 3 
D: 7 9 
D: 7 115 
D: 15 122 
D: 23 31 
D: 28 106 
D: 40 135 
D: 44 102 
D: 48 87 
D: 50 86 
D: 54 140 
D: 56 112 
D: 65 101 
D: 76 96 
D: 87 123 
D: 129 145 
