1 5 21 27 F: 2 3 
4 2 12 66 F: 2 
4 7 25 100 F: 6 1 
10 5 20 64 F: 5 
10 9 37 39 F: 4 5 
15 7 22 5 F: 2 4 1 
22 6 28 74 F: 6 
34 10 44 39 F: 5 3 2 
41 7 55 20 F: 6 1 
44 9 62 50 F: 3 3 3 
45 12 69 85 F: 5 4 3 
48 2 52 26 F: 2 
59 7 66 37 F: 7 
63 11 107 10 F: 7 4 
71 10 111 60 F: 5 5 
72 3 84 74 F: 2 1 
72 4 80 67 F: 3 1 
79 4 95 87 F: 4 
88 8 96 74 F: 3 3 2 
89 10 129 41 F: 5 5 
104 4 120 14 F: 4 
110 9 128 40 F: 3 4 2 
112 5 122 57 F: 3 2 
118 7 146 74 F: 2 5 
121 10 151 67 F: 5 2 3 
125 12 161 26 F: 7 5 
126 8 158 3 F: 4 1 3 
126 9 162 96 F: 2 3 4 
131 7 152 1 F: 4 1 2 
136 10 146 34 F: 5 5 
142 9 169 16 F: 5 3 1 
145 9 181 10 F: 6 3 
147 10 157 97 F: 10 
150 9 159 48 F: 9 
160 10 180 27 F: 10 
163 6 169 77 F: 5 1 
168 12 180 7 F: 12 
171 9 189 31 F: 5 4 
175 7 196 15 F: 4 1 2 
183 12 195 91 F: 12 
202 4 214 12 F: 4 
202 8 226 61 F: 3 5 
204 7 232 40 F: 3 3 1 
207 7 235 64 F: 3 4 
217 13 243 30 F: 13 
220 7 248 77 F: 3 3 1 
228 12 264 31 F: 12 
234 9 252 81 F: 9 
235 6 259 15 F: 3 1 2 
236 11 258 59 F: 4 4 3 
242 4 254 97 F: 3 1 
249 7 277 31 F: 5 1 1 
255 10 265 99 F: 5 3 2 
258 5 273 42 F: 2 3 
260 9 278 95 F: 4 2 3 
270 3 279 58 F: 3 
283 3 295 14 F: 3 
294 9 312 81 F: 5 1 3 
298 9 316 31 F: 2 3 4 
299 7 320 41 F: 2 2 3 
306 8 330 26 F: 4 1 3 
307 11 318 25 F: 5 6 
309 3 315 93 F: 3 
310 12 358 62 F: 12 
311 13 337 12 F: 13 
329 13 355 93 F: 13 
338 8 362 43 F: 2 4 2 
339 10 369 39 F: 10 
343 11 376 71 F: 6 5 
355 13 407 37 F: 13 
359 12 383 54 F: 12 
360 7 367 61 F: 5 2 
362 7 376 39 F: 7 
362 9 389 15 F: 5 2 2 
369 6 393 33 F: 5 1 
380 6 398 43 F: 2 3 1 
383 6 407 82 F: 2 1 3 
388 9 424 94 F: 5 2 2 
396 6 414 89 F: 6 
397 7 411 78 F: 6 1 
400 8 416 24 F: 4 3 1 
408 2 414 34 F: 2 
408 8 440 87 F: 6 2 
414 7 421 97 F: 2 3 2 
418 3 424 24 F: 3 
433 13 485 48 F: 13 
434 12 470 66 F: 4 4 4 
441 10 481 13 F: 7 3 
447 4 455 63 F: 4 
448 4 460 77 F: 4 
449 2 451 60 F: 2 
452 9 488 88 F: 5 4 
452 12 500 43 F: 5 3 4 
453 8 485 16 F: 8 
456 10 486 18 F: 4 2 4 
462 11 506 35 F: 4 4 3 
476 7 504 29 F: 7 
476 9 503 57 F: 9 
491 9 527 72 F: 3 2 4 
495 6 507 43 F: 3 2 1 
D: 0 61 
D: 1 44 
D: 4 14 
D: 4 43 
D: 8 83 
D: 9 68 
D: 18 92 
D: 63 79 
D: 72 86 
D: 88 97 
