0 12 36 91 F: 6 6 
1 11 23 34 F: 4 4 3 
2 3 5 52 F: 2 1 
3 7 31 55 F: 3 3 1 
9 5 19 36 F: 5 
10 11 21 77 F: 11 
21 10 31 15 F: 3 4 3 
28 7 56 4 F: 4 3 
29 10 49 100 F: 10 
30 2 32 28 F: 2 
37 9 64 130 F: 3 6 
39 10 79 11 F: 10 
48 5 58 7 F: 2 3 
49 8 65 139 F: 3 3 2 
53 6 59 131 F: 2 2 2 
55 4 63 113 F: 4 
59 4 75 73 F: 2 1 1 
76 8 100 6 F: 7 1 
94 7 115 43 F: 3 1 3 
96 12 120 9 F: 6 6 
100 9 127 146 F: 3 2 4 
106 7 134 118 F: 3 2 2 
111 9 120 7 F: 5 3 1 
113 9 140 37 F: 9 
120 11 164 111 F: 7 4 
123 13 175 2 F: 13 
128 11 161 60 F: 5 2 4 
130 8 138 114 F: 2 2 4 
134 5 144 74 F: 5 
134 7 148 15 F: 5 1 1 
136 12 172 13 F: 12 
140 9 176 46 F: 2 4 3 
144 6 156 65 F: 4 1 1 
161 8 193 63 F: 8 
177 9 195 22 F: 6 3 
182 6 194 103 F: 2 2 2 
186 8 202 13 F: 8 
195 8 211 7 F: 2 6 
197 10 217 37 F: 6 4 
199 12 247 122 F: 12 
200 9 236 85 F: 9 
200 10 240 99 F: 10 
212 11 256 43 F: 5 3 3 
224 3 227 92 F: 3 
225 6 237 99 F: 6 
232 8 248 43 F: 2 2 4 
235 11 246 89 F: 11 
245 2 249 78 F: 2 
246 7 253 17 F: 7 
248 8 256 133 F: 7 1 
251 9 260 16 F: 3 2 4 
259 8 275 36 F: 3 5 
280 9 289 96 F: 3 6 
281 12 329 117 F: 6 6 
282 10 302 114 F: 3 4 3 
284 6 290 58 F: 3 1 2 
285 5 305 100 F: 5 
293 9 329 32 F: 3 6 
295 6 307 150 F: 2 3 1 
298 11 309 16 F: 11 
304 12 328 1 F: 12 
308 7 315 128 F: 3 4 
308 8 332 54 F: 3 5 
321 13 360 47 F: 13 
325 5 330 29 F: 4 1 
327 7 348 89 F: 5 2 
330 11 363 128 F: 5 4 2 
335 6 353 146 F: 3 2 1 
339 8 363 101 F: 3 4 1 
345 10 375 20 F: 10 
356 2 362 20 F: 2 
365 13 378 18 F: 13 
366 7 373 104 F: 2 3 2 
382 10 422 6 F: 5 4 1 
385 12 421 32 F: 5 4 3 
388 9 397 68 F: 5 3 1 
394 2 400 94 F: 2 
394 12 418 10 F: 12 
395 6 401 11 F: 6 
397 7 418 107 F: 4 3 
411 5 426 31 F: 2 2 1 
414 12 462 25 F: 12 
416 8 448 65 F: 6 2 
419 6 437 50 F: 6 
421 9 457 70 F: 7 2 
425 5 430 108 F: 5 
426 9 435 128 F: 4 2 3 
427 12 451 98 F: 12 
433 10 473 33 F: 10 
437 13 450 31 F: 7 6 
440 6 446 60 F: 2 4 
443 10 453 128 F: 4 3 3 
444 11 455 91 F: 6 5 
458 11 491 59 F: 7 4 
469 5 484 118 F: 2 3 
473 12 521 146 F: 5 3 4 
476 3 488 143 F: 2 1 
479 9 488 94 F: 5 2 2 
489 5 499 117 F: 2 1 2 
490 10 500 88 F: 6 4 
500 7 528 46 F: 4 2 1 
509 13 522 50 F: 13 
517 7 538 103 F: 3 1 3 
518 11 551 93 F: 11 
519 8 527 35 F: 6 2 
524 4 540 74 F: 2 2 
533 12 545 114 F: 6 6 
541 9 577 14 F: 2 4 3 
542 3 554 41 F: 3 
545 6 569 145 F: 6 
553 5 573 58 F: 5 
565 11 576 148 F: 5 6 
567 12 579 49 F: 12 
568 3 577 95 F: 2 1 
570 6 582 120 F: 2 1 3 
587 6 599 134 F: 3 1 2 
589 12 625 103 F: 12 
590 9 617 129 F: 9 
598 7 626 133 F: 4 2 1 
598 12 610 15 F: 6 6 
606 12 618 33 F: 5 4 3 
614 5 624 45 F: 5 
615 10 655 111 F: 7 3 
616 10 626 45 F: 5 5 
619 7 647 73 F: 3 2 2 
624 5 634 38 F: 5 
624 12 660 140 F: 12 
627 12 651 112 F: 12 
637 5 652 27 F: 5 
641 13 667 44 F: 13 
644 5 654 4 F: 5 
657 8 665 46 F: 8 
657 12 669 127 F: 5 3 4 
659 8 683 118 F: 3 5 
664 7 692 108 F: 7 
680 7 694 37 F: 7 
680 8 696 3 F: 8 
689 9 716 37 F: 2 4 3 
698 4 714 98 F: 4 
699 9 726 25 F: 7 2 
702 5 707 1 F: 4 1 
714 9 741 99 F: 2 3 4 
738 9 774 96 F: 4 3 2 
770 10 810 34 F: 6 4 
772 7 793 13 F: 2 3 2 
775 6 787 104 F: 3 3 
777 5 782 113 F: 5 
779 12 827 11 F: 7 5 
783 11 805 18 F: 11 
794 7 808 9 F: 2 3 2 
D: 5 97 
D: 7 64 
D: 7 112 
D: 10 104 
D: 26 107 
D: 28 51 
D: 43 77 
D: 45 69 
D: 48 83 
D: 51 85 
D: 67 143 
D: 68 118 
D: 78 95 
D: 86 100 
D: 90 129 
