9 3 21 172 F: 3 
9 7 16 88 F: 2 3 2 
16 8 32 80 F: 8 
16 13 29 33 F: 13 
18 10 38 62 F: 4 4 2 
20 11 31 172 F: 5 6 
32 6 38 74 F: 3 3 
32 9 68 73 F: 5 3 1 
35 7 63 87 F: 7 
37 7 58 122 F: 5 1 1 
48 7 62 136 F: 2 1 4 
48 9 84 53 F: 4 3 2 
52 4 60 39 F: 2 1 1 
52 10 92 116 F: 10 
62 5 77 5 F: 5 
75 11 108 143 F: 5 2 4 
77 11 121 59 F: 11 
80 9 116 12 F: 3 4 2 
81 9 117 30 F: 3 6 
86 5 91 37 F: 3 2 
100 7 121 124 F: 2 2 3 
109 5 119 102 F: 4 1 
118 7 139 91 F: 2 5 
120 13 159 185 F: 13 
124 8 132 80 F: 6 2 
124 8 156 121 F: 6 2 
126 4 130 41 F: 2 2 
129 10 149 25 F: 10 
130 13 182 131 F: 13 
148 8 164 25 F: 4 1 3 
155 3 164 19 F: 3 
165 8 173 198 F: 8 
165 9 183 148 F: 6 3 
166 10 196 24 F: 7 3 
173 8 197 104 F: 3 2 3 
175 4 179 93 F: 2 1 1 
175 8 191 172 F: 5 3 
181 12 193 189 F: 12 
184 10 204 104 F: 10 
191 8 207 10 F: 7 1 
203 10 233 86 F: 4 6 
203 13 216 180 F: 13 
211 12 247 113 F: 6 6 
223 7 244 13 F: 7 
223 13 249 23 F: 5 4 4 
230 12 278 151 F: 12 
232 12 256 89 F: 5 3 4 
233 12 269 71 F: 12 
235 4 247 134 F: 3 1 
258 10 268 170 F: 10 
264 12 312 42 F: 4 4 4 
265 9 283 43 F: 4 2 3 
269 8 285 89 F: 4 3 1 
274 8 298 6 F: 7 1 
285 5 300 101 F: 5 
286 7 293 86 F: 3 1 3 
289 9 298 124 F: 4 5 
290 7 297 67 F: 3 4 
296 12 344 85 F: 7 5 
298 8 330 140 F: 2 6 
306 7 320 109 F: 4 1 2 
306 13 345 77 F: 13 
315 7 336 54 F: 2 5 
316 13 329 136 F: 13 
318 11 329 46 F: 6 5 
321 12 369 25 F: 7 5 
325 10 345 74 F: 5 1 4 
331 9 340 36 F: 9 
335 10 345 95 F: 4 6 
335 10 345 112 F: 7 3 
339 7 367 103 F: 3 4 
351 7 358 47 F: 2 2 3 
356 7 377 158 F: 4 1 2 
362 8 370 197 F: 3 2 3 
373 8 381 17 F: 3 2 3 
374 10 394 100 F: 10 
386 4 390 102 F: 2 1 1 
391 8 407 183 F: 4 1 3 
392 12 404 51 F: 12 
393 10 403 142 F: 7 3 
413 10 433 109 F: 5 4 1 
420 7 448 127 F: 6 1 
442 9 460 142 F: 9 
445 9 463 35 F: 3 2 4 
448 8 456 144 F: 3 5 
451 10 471 57 F: 6 4 
454 11 498 155 F: 5 4 2 
458 6 470 120 F: 4 2 
459 7 466 61 F: 2 5 
465 6 471 94 F: 3 1 2 
469 9 505 116 F: 6 3 
476 9 494 199 F: 4 1 4 
482 10 502 129 F: 3 3 4 
484 9 511 180 F: 3 3 3 
485 3 494 75 F: 3 
488 4 500 167 F: 4 
488 11 499 58 F: 7 4 
492 9 501 187 F: 7 2 
499 7 520 137 F: 5 2 
499 10 539 34 F: 4 3 3 
509 11 542 197 F: 11 
510 10 520 183 F: 4 3 3 
511 12 559 54 F: 6 6 
514 8 530 53 F: 3 4 1 
518 4 522 160 F: 4 
544 6 568 102 F: 6 
552 12 564 35 F: 5 4 3 
553 7 567 84 F: 2 2 3 
553 10 563 73 F: 4 4 2 
553 13 566 174 F: 13 
556 5 566 89 F: 3 2 
559 7 580 166 F: 2 5 
559 8 591 13 F: 3 4 1 
570 7 577 180 F: 7 
574 8 582 169 F: 5 1 2 
580 12 604 8 F: 12 
584 6 590 104 F: 2 1 3 
584 10 624 199 F: 2 4 4 
593 12 629 196 F: 5 4 3 
598 8 606 81 F: 6 2 
610 12 658 108 F: 12 
614 11 658 78 F: 3 4 4 
618 7 632 194 F: 7 
630 8 638 113 F: 7 1 
631 9 667 115 F: 9 
638 7 645 191 F: 6 1 
639 8 671 123 F: 3 1 4 
650 8 674 119 F: 2 3 3 
652 5 672 131 F: 5 
653 6 659 25 F: 3 3 
654 5 659 33 F: 2 3 
655 10 685 20 F: 10 
658 10 688 96 F: 5 1 4 
659 6 665 75 F: 3 3 
663 4 671 85 F: 3 1 
667 5 677 34 F: 5 
683 8 707 7 F: 8 
688 8 696 40 F: 5 2 1 
699 3 708 28 F: 3 
699 7 720 34 F: 3 3 1 
703 9 739 95 F: 5 1 3 
708 9 717 168 F: 3 3 3 
713 8 721 37 F: 8 
714 9 750 197 F: 5 4 
718 10 738 148 F: 5 3 2 
719 11 730 23 F: 6 5 
724 5 739 84 F: 3 1 1 
732 11 743 91 F: 5 2 4 
744 6 762 179 F: 4 2 
744 8 752 72 F: 2 6 
748 7 776 59 F: 5 1 1 
761 6 767 60 F: 6 
761 7 768 190 F: 3 4 
763 8 771 100 F: 5 3 
788 2 796 12 F: 2 
788 11 821 130 F: 6 5 
788 13 840 66 F: 13 
789 7 803 122 F: 6 1 
796 9 814 76 F: 6 3 
798 12 810 68 F: 12 
805 13 831 194 F: 13 
807 9 816 82 F: 4 2 3 
810 2 812 66 F: 2 
815 8 831 14 F: 5 1 2 
830 4 842 145 F: 4 
837 12 861 127 F: 12 
853 10 863 9 F: 5 2 3 
854 9 863 94 F: 4 2 3 
858 9 876 18 F: 3 3 3 
861 12 885 94 F: 12 
862 10 872 86 F: 10 
865 10 895 166 F: 10 
872 13 898 124 F: 7 6 
880 13 906 98 F: 13 
882 9 918 57 F: 3 3 3 
883 9 892 93 F: 7 2 
886 6 898 148 F: 2 4 
891 6 903 194 F: 4 2 
894 8 910 166 F: 2 2 4 
898 12 910 98 F: 12 
901 7 915 177 F: 4 1 2 
901 10 911 120 F: 10 
905 11 949 98 F: 11 
909 10 929 55 F: 2 4 4 
911 7 918 123 F: 2 4 1 
912 9 939 143 F: 4 1 4 
921 8 937 112 F: 8 
929 12 941 108 F: 6 6 
942 13 968 79 F: 7 6 
950 5 955 107 F: 3 1 1 
950 9 986 161 F: 6 3 
950 13 976 154 F: 13 
952 9 988 104 F: 5 4 
962 10 972 13 F: 5 5 
964 2 970 137 F: 2 
979 2 981 29 F: 2 
985 9 1021 142 F: 3 2 4 
988 5 1008 38 F: 5 
991 7 1005 29 F: 3 4 
997 13 1023 82 F: 13 
D: 1 53 
D: 13 86 
D: 20 79 
D: 29 115 
D: 30 138 
D: 44 50 
D: 44 141 
D: 50 158 
D: 58 159 
D: 71 138 
D: 74 177 
D: 75 108 
D: 80 102 
D: 83 178 
D: 129 166 
D: 145 153 
D: 146 158 
D: 159 177 
D: 191 198 
D: 192 195 
