6 13 19 174 F: 13 
9 9 18 65 F: 4 3 2 
9 10 29 59 F: 5 4 1 
19 4 35 8 F: 4 
20 13 72 95 F: 13 
23 8 31 98 F: 6 2 
25 7 32 61 F: 4 2 1 
26 9 44 111 F: 9 
28 3 40 162 F: 3 
33 10 73 14 F: 7 3 
37 6 49 12 F: 3 1 2 
59 9 86 69 F: 9 
67 8 83 192 F: 7 1 
69 9 105 37 F: 7 2 
73 7 94 92 F: 3 4 
76 9 103 47 F: 7 2 
79 5 99 78 F: 2 3 
81 2 87 114 F: 2 
94 10 104 183 F: 2 4 4 
99 12 111 187 F: 6 6 
114 8 138 162 F: 8 
115 13 141 103 F: 13 
128 11 139 40 F: 11 
133 8 149 92 F: 6 2 
138 8 154 108 F: 3 2 3 
143 10 153 5 F: 10 
151 3 154 9 F: 3 
151 4 159 84 F: 4 
153 12 165 12 F: 12 
154 7 182 98 F: 4 3 
155 8 179 193 F: 8 
162 11 184 137 F: 5 6 
163 11 207 173 F: 6 5 
166 7 173 191 F: 7 
169 10 189 10 F: 5 3 2 
172 11 194 182 F: 5 3 3 
175 9 184 3 F: 9 
184 8 216 17 F: 2 6 
186 9 204 37 F: 5 2 2 
188 12 212 29 F: 12 
200 4 208 19 F: 4 
209 11 231 180 F: 11 
213 8 245 126 F: 7 1 
221 10 261 54 F: 6 4 
237 10 267 127 F: 4 3 3 
240 8 272 96 F: 4 2 2 
243 13 269 135 F: 13 
245 6 257 184 F: 5 1 
260 13 273 10 F: 7 6 
264 7 285 90 F: 3 4 
267 4 279 148 F: 2 2 
275 7 289 116 F: 2 3 2 
278 5 293 132 F: 3 1 1 
283 5 298 40 F: 5 
283 10 323 124 F: 10 
290 9 326 28 F: 4 2 3 
295 3 298 134 F: 3 
295 6 313 4 F: 4 2 
295 7 302 127 F: 4 1 2 
298 10 338 114 F: 5 5 
302 9 338 170 F: 5 4 
302 11 346 119 F: 5 2 4 
303 9 312 77 F: 3 6 
313 5 333 66 F: 5 
335 9 344 48 F: 4 3 2 
337 9 355 58 F: 5 2 2 
343 12 355 131 F: 4 4 4 
348 9 384 86 F: 4 5 
349 7 363 46 F: 5 2 
349 10 389 194 F: 10 
356 10 366 140 F: 4 4 2 
358 8 390 198 F: 6 2 
365 8 397 121 F: 3 1 4 
365 8 397 131 F: 3 5 
374 9 401 176 F: 5 4 
376 9 394 143 F: 6 3 
387 11 431 137 F: 4 4 3 
390 13 416 84 F: 13 
394 3 403 100 F: 3 
397 13 410 30 F: 13 
400 11 444 104 F: 11 
410 10 440 51 F: 5 2 3 
420 10 460 14 F: 4 6 
428 3 437 1 F: 3 
433 10 453 147 F: 10 
436 10 476 119 F: 7 3 
440 8 472 131 F: 6 2 
442 11 486 150 F: 11 
444 2 452 174 F: 2 
445 9 481 144 F: 9 
449 11 493 167 F: 5 4 2 
455 8 463 147 F: 4 2 2 
468 8 476 88 F: 4 4 
470 10 500 123 F: 4 3 3 
476 9 512 90 F: 7 2 
479 8 487 63 F: 8 
479 9 497 160 F: 5 3 1 
482 7 496 91 F: 2 5 
491 6 497 178 F: 4 2 
493 6 499 84 F: 4 2 
503 8 535 54 F: 7 1 
503 12 539 73 F: 7 5 
510 10 530 96 F: 5 2 3 
512 8 536 59 F: 8 
512 9 539 42 F: 2 3 4 
521 6 539 73 F: 2 3 1 
527 11 538 132 F: 6 5 
530 9 539 199 F: 3 3 3 
534 7 548 169 F: 7 
548 13 561 118 F: 5 4 4 
549 7 577 147 F: 5 2 
559 9 568 117 F: 4 2 3 
562 10 602 170 F: 3 4 3 
562 13 588 42 F: 13 
569 9 605 190 F: 5 2 2 
573 3 582 142 F: 2 1 
585 5 595 53 F: 4 1 
586 7 614 127 F: 2 5 
587 3 596 148 F: 2 1 
598 8 614 25 F: 4 4 
600 6 624 82 F: 3 3 
602 8 634 185 F: 8 
609 12 645 189 F: 6 6 
610 8 634 160 F: 3 3 2 
616 6 628 47 F: 3 2 1 
623 6 629 190 F: 3 3 
623 6 635 56 F: 3 3 
631 4 635 39 F: 4 
634 9 643 141 F: 3 6 
635 8 643 140 F: 4 3 1 
644 4 648 128 F: 3 1 
646 10 686 71 F: 10 
648 11 692 153 F: 11 
667 8 683 59 F: 5 3 
672 2 680 11 F: 2 
680 7 687 63 F: 5 1 1 
684 11 695 115 F: 5 6 
687 5 692 133 F: 2 2 1 
698 5 718 13 F: 5 
698 8 730 75 F: 8 
700 9 727 91 F: 4 4 1 
700 9 736 175 F: 9 
702 10 722 101 F: 4 6 
708 4 712 2 F: 4 
709 7 723 124 F: 7 
712 7 719 30 F: 2 5 
734 5 754 169 F: 2 1 2 
735 4 743 5 F: 2 2 
739 8 755 164 F: 5 1 2 
741 8 773 130 F: 4 2 2 
746 9 755 79 F: 9 
752 7 780 186 F: 2 4 1 
753 5 768 88 F: 4 1 
754 8 786 140 F: 2 4 2 
766 3 769 6 F: 2 1 
769 7 776 69 F: 3 3 1 
771 6 783 48 F: 2 4 
781 8 789 101 F: 2 6 
781 10 821 166 F: 3 3 4 
784 4 792 127 F: 3 1 
802 9 838 174 F: 9 
807 5 817 27 F: 2 2 1 
818 8 834 45 F: 3 5 
820 13 859 97 F: 5 4 4 
821 7 828 168 F: 7 
825 7 846 136 F: 2 3 2 
831 8 839 90 F: 4 3 1 
831 12 867 10 F: 7 5 
833 7 861 38 F: 5 2 
837 7 851 78 F: 2 2 3 
839 8 855 144 F: 5 2 1 
839 8 871 17 F: 3 3 2 
839 10 879 132 F: 6 4 
842 11 875 125 F: 4 3 4 
849 12 897 63 F: 7 5 
859 2 867 55 F: 2 
872 6 884 128 F: 3 3 
886 10 916 176 F: 3 4 3 
890 6 896 105 F: 2 1 3 
898 6 904 117 F: 2 4 
906 9 942 126 F: 5 4 
919 10 949 181 F: 3 4 3 
920 10 950 30 F: 4 3 3 
921 11 943 154 F: 5 3 3 
926 9 935 168 F: 2 4 3 
939 12 975 159 F: 7 5 
944 9 962 142 F: 5 2 2 
945 4 949 104 F: 4 
951 7 979 181 F: 2 2 3 
956 9 965 64 F: 5 4 
956 9 983 132 F: 2 3 4 
960 11 982 154 F: 6 5 
966 7 980 71 F: 3 3 1 
972 10 982 28 F: 5 1 4 
981 4 985 182 F: 4 
981 10 991 163 F: 2 4 4 
987 11 1009 166 F: 7 4 
989 8 1013 131 F: 3 3 2 
998 6 1010 32 F: 4 2 
998 7 1026 152 F: 7 
D: 3 126 
D: 3 164 
D: 8 62 
D: 8 180 
D: 19 126 
D: 19 199 
D: 26 89 
D: 32 187 
D: 36 199 
D: 46 193 
D: 48 119 
D: 49 56 
D: 58 145 
D: 71 151 
D: 83 179 
D: 90 94 
D: 103 167 
D: 104 152 
D: 110 182 
D: 125 165 
