5 8 29 10 F: 5 3 
8 10 48 187 F: 10 
13 7 34 200 F: 6 1 
14 7 42 1 F: 7 
18 8 50 123 F: 3 2 3 
42 8 50 167 F: 2 2 4 
45 5 60 158 F: 5 
50 10 70 176 F: 4 6 
52 6 64 188 F: 6 
59 3 68 95 F: 3 
59 7 87 189 F: 7 
65 11 109 140 F: 11 
67 9 76 54 F: 9 
73 6 79 1 F: 6 
73 10 103 118 F: 4 3 3 
89 11 100 49 F: 11 
93 7 121 124 F: 5 2 
93 8 117 135 F: 7 1 
93 8 125 26 F: 8 
98 9 116 167 F: 9 
109 5 129 132 F: 2 3 
115 6 139 161 F: 5 1 
117 6 129 21 F: 4 1 1 
126 5 136 66 F: 5 
133 8 141 143 F: 5 1 2 
135 11 168 141 F: 5 4 2 
138 12 162 109 F: 12 
140 4 148 26 F: 4 
144 9 162 120 F: 5 1 3 
144 12 156 159 F: 12 
147 11 180 109 F: 5 6 
164 7 171 145 F: 6 1 
178 6 196 148 F: 5 1 
180 7 208 192 F: 6 1 
189 10 219 71 F: 10 
191 8 199 67 F: 8 
198 10 218 5 F: 2 4 4 
199 3 205 105 F: 3 
199 8 231 125 F: 8 
199 11 221 160 F: 5 6 
200 11 244 124 F: 11 
203 5 218 120 F: 4 1 
211 7 218 141 F: 7 
220 6 226 144 F: 3 2 1 
223 13 275 70 F: 13 
228 8 236 123 F: 3 5 
230 13 256 94 F: 13 
235 9 262 87 F: 9 
235 10 255 78 F: 10 
251 7 272 72 F: 7 
252 11 296 145 F: 5 3 3 
254 12 302 100 F: 5 4 3 
258 12 270 131 F: 12 
265 7 279 87 F: 2 3 2 
267 11 300 131 F: 5 2 4 
269 3 281 40 F: 3 
276 7 290 110 F: 5 1 1 
278 6 290 157 F: 3 3 
294 8 302 84 F: 4 3 1 
298 9 307 57 F: 2 3 4 
304 2 308 141 F: 2 
309 4 313 126 F: 4 
317 6 329 67 F: 4 1 1 
318 11 351 133 F: 6 5 
320 6 344 18 F: 6 
323 7 344 6 F: 4 3 
348 5 353 103 F: 2 3 
363 7 391 185 F: 4 3 
367 12 415 113 F: 6 6 
372 8 380 169 F: 3 3 2 
373 3 385 85 F: 3 
375 2 381 79 F: 2 
389 6 401 128 F: 2 3 1 
389 7 417 52 F: 5 2 
391 7 412 168 F: 6 1 
392 8 424 64 F: 5 3 
393 9 429 183 F: 6 3 
394 9 412 127 F: 3 3 3 
394 11 438 102 F: 5 6 
399 12 411 35 F: 6 6 
416 10 426 129 F: 5 5 
423 8 455 47 F: 8 
431 10 471 12 F: 5 4 1 
440 8 448 137 F: 4 4 
450 8 458 172 F: 8 
451 4 455 179 F: 4 
451 6 463 5 F: 6 
453 5 463 35 F: 3 1 1 
460 11 482 28 F: 7 4 
462 9 498 50 F: 9 
463 3 469 130 F: 2 1 
463 7 477 50 F: 2 4 1 
464 3 473 29 F: 3 
464 11 475 34 F: 3 4 4 
468 8 492 181 F: 5 1 2 
476 7 504 198 F: 3 3 1 
481 7 495 187 F: 3 4 
483 7 490 77 F: 2 1 4 
490 12 538 184 F: 7 5 
493 7 514 146 F: 7 
503 8 535 51 F: 2 2 4 
510 7 517 70 F: 2 1 4 
511 4 519 85 F: 2 2 
512 5 527 12 F: 2 2 1 
512 5 527 197 F: 2 1 2 
520 7 527 166 F: 7 
524 3 527 66 F: 2 1 
530 7 558 66 F: 4 3 
533 7 561 163 F: 3 4 
541 3 550 6 F: 3 
543 8 551 126 F: 2 2 4 
548 13 561 48 F: 13 
558 6 570 39 F: 4 1 1 
568 12 616 14 F: 12 
574 13 587 66 F: 13 
575 7 582 123 F: 2 1 4 
581 7 609 89 F: 7 
587 11 620 27 F: 11 
589 9 607 22 F: 4 5 
593 2 601 99 F: 2 
605 11 649 67 F: 5 6 
611 12 635 132 F: 12 
613 3 625 146 F: 3 
620 10 640 120 F: 10 
624 3 630 19 F: 2 1 
626 8 658 141 F: 2 2 4 
628 11 639 190 F: 11 
633 3 636 193 F: 3 
635 5 645 161 F: 5 
648 12 660 170 F: 7 5 
649 5 669 32 F: 5 
651 9 669 67 F: 9 
659 9 677 125 F: 5 4 
661 12 673 126 F: 7 5 
682 7 696 96 F: 6 1 
686 5 691 177 F: 4 1 
686 8 718 17 F: 8 
697 7 718 187 F: 4 3 
698 5 713 185 F: 2 2 1 
698 12 710 80 F: 12 
705 11 716 50 F: 11 
709 7 716 113 F: 6 1 
714 8 738 83 F: 3 3 2 
717 13 769 47 F: 13 
737 3 740 128 F: 3 
742 9 778 4 F: 6 3 
743 6 761 16 F: 6 
746 9 755 86 F: 9 
748 7 769 168 F: 4 1 2 
749 11 793 71 F: 3 4 4 
750 6 768 111 F: 5 1 
752 8 784 136 F: 8 
759 2 765 30 F: 2 
761 9 788 168 F: 6 3 
764 9 800 59 F: 3 6 
768 12 804 45 F: 5 3 4 
782 8 814 5 F: 6 2 
789 9 816 134 F: 7 2 
792 7 806 127 F: 4 3 
799 9 826 46 F: 3 6 
809 9 827 104 F: 5 4 
813 10 843 172 F: 10 
817 6 841 114 F: 5 1 
817 10 827 20 F: 4 4 2 
819 11 863 105 F: 5 3 3 
824 7 831 7 F: 4 3 
828 10 848 103 F: 10 
843 9 879 17 F: 9 
844 7 865 59 F: 6 1 
847 5 867 172 F: 2 2 1 
859 9 895 133 F: 5 4 
868 10 908 30 F: 4 6 
870 7 898 12 F: 3 2 2 
871 7 899 114 F: 5 1 1 
873 6 879 9 F: 6 
874 8 898 83 F: 8 
878 8 910 61 F: 4 4 
881 9 899 166 F: 6 3 
881 10 891 74 F: 10 
898 7 926 21 F: 3 1 3 
905 13 957 49 F: 13 
911 7 925 154 F: 7 
914 7 935 45 F: 3 2 2 
931 12 967 200 F: 7 5 
937 6 955 50 F: 3 3 
938 8 946 121 F: 8 
942 7 963 152 F: 3 1 3 
946 9 973 84 F: 4 3 2 
953 12 965 164 F: 7 5 
956 13 995 1 F: 13 
960 7 974 72 F: 7 
961 11 1005 154 F: 11 
964 9 1000 103 F: 4 5 
969 6 975 4 F: 5 1 
976 9 1012 53 F: 3 6 
977 3 989 35 F: 3 
983 2 985 43 F: 2 
985 4 989 38 F: 2 2 
992 9 1010 27 F: 3 6 
996 3 999 118 F: 3 
D: 1 119 
D: 22 38 
D: 24 45 
D: 26 160 
D: 29 107 
D: 31 117 
D: 37 49 
D: 37 60 
D: 42 161 
D: 43 84 
D: 45 96 
D: 48 129 
D: 53 123 
D: 68 144 
D: 70 136 
D: 89 119 
D: 108 155 
D: 125 140 
D: 129 171 
D: 157 193 
