4 6 22 246 F: 5 1 
7 11 40 169 F: 7 4 
14 12 26 8 F: 5 3 4 
20 7 41 111 F: 2 4 1 
32 9 41 202 F: 2 3 4 
42 12 78 113 F: 6 6 
43 9 52 23 F: 4 4 1 
44 8 76 169 F: 3 3 2 
48 12 96 175 F: 5 3 4 
55 6 67 171 F: 3 1 2 
59 10 79 226 F: 6 4 
60 9 69 220 F: 9 
64 2 68 30 F: 2 
64 5 69 191 F: 5 
65 9 83 179 F: 4 5 
79 6 85 68 F: 3 3 
80 12 92 196 F: 5 4 3 
85 6 109 210 F: 4 2 
87 10 97 65 F: 7 3 
88 7 102 58 F: 3 3 1 
102 7 123 120 F: 7 
104 9 140 221 F: 9 
109 6 127 4 F: 3 3 
112 7 140 55 F: 2 1 4 
112 8 144 25 F: 8 
114 6 138 228 F: 6 
114 11 158 7 F: 5 2 4 
115 12 139 43 F: 5 3 4 
131 9 149 42 F: 4 2 3 
141 9 177 15 F: 7 2 
148 10 178 119 F: 6 4 
156 2 162 74 F: 2 
164 9 191 150 F: 3 6 
165 8 189 66 F: 2 2 4 
178 6 190 66 F: 3 3 
183 11 216 188 F: 7 4 
185 11 207 15 F: 11 
192 6 204 236 F: 3 3 
192 13 244 90 F: 13 
197 4 205 212 F: 4 
207 9 243 113 F: 4 1 4 
225 12 261 76 F: 12 
231 8 263 163 F: 7 1 
232 7 246 125 F: 7 
232 8 256 168 F: 7 1 
235 10 255 168 F: 4 4 2 
250 11 294 149 F: 5 4 2 
252 6 258 68 F: 4 2 
256 10 296 181 F: 10 
258 8 266 2 F: 5 1 2 
264 7 278 143 F: 3 1 3 
265 12 289 110 F: 4 4 4 
270 8 278 127 F: 2 6 
284 8 300 226 F: 2 6 
285 5 295 154 F: 5 
285 9 321 158 F: 9 
288 8 304 18 F: 3 4 1 
289 10 329 200 F: 10 
289 11 300 186 F: 5 6 
298 11 320 12 F: 11 
303 11 325 240 F: 3 4 4 
305 8 313 249 F: 3 5 
305 8 337 224 F: 2 3 3 
308 7 322 75 F: 7 
310 10 350 151 F: 4 3 3 
312 6 330 247 F: 2 1 3 
335 5 355 97 F: 5 
348 7 376 16 F: 5 2 
363 7 391 152 F: 7 
369 5 389 4 F: 4 1 
369 8 393 150 F: 2 4 2 
374 8 382 80 F: 4 4 
374 11 407 238 F: 4 3 4 
377 4 385 250 F: 4 
378 7 385 171 F: 7 
378 10 408 236 F: 10 
379 8 411 63 F: 4 3 1 
380 8 388 118 F: 8 
383 7 390 203 F: 7 
388 11 421 8 F: 3 4 4 
408 5 428 206 F: 2 1 2 
418 6 442 80 F: 4 2 
429 6 447 59 F: 2 1 3 
430 10 450 220 F: 7 3 
432 8 456 97 F: 8 
432 12 468 224 F: 4 4 4 
432 13 445 127 F: 13 
435 2 437 161 F: 2 
445 11 478 91 F: 4 4 3 
457 10 487 30 F: 5 2 3 
475 11 508 164 F: 11 
479 6 503 67 F: 6 
480 8 488 211 F: 6 2 
484 8 492 196 F: 4 1 3 
485 13 524 84 F: 13 
490 9 499 130 F: 3 6 
495 12 507 209 F: 5 3 4 
496 9 523 120 F: 9 
498 3 504 27 F: 3 
498 6 510 89 F: 6 
500 13 526 241 F: 13 
516 6 534 178 F: 6 
518 11 562 11 F: 7 4 
519 10 549 24 F: 5 4 1 
520 7 527 112 F: 3 3 1 
526 2 530 10 F: 2 
530 10 540 48 F: 7 3 
544 5 564 211 F: 4 1 
563 8 595 244 F: 4 2 2 
563 9 590 27 F: 9 
563 9 599 73 F: 3 6 
565 7 579 64 F: 2 5 
573 9 591 215 F: 3 4 2 
574 11 618 51 F: 3 4 4 
575 11 597 66 F: 6 5 
577 5 592 81 F: 5 
591 11 602 141 F: 3 4 4 
593 3 605 231 F: 3 
597 9 633 97 F: 3 4 2 
599 7 606 88 F: 7 
601 11 612 58 F: 11 
602 8 634 41 F: 5 2 1 
603 6 627 100 F: 2 4 
603 7 610 188 F: 5 2 
607 5 627 58 F: 5 
613 5 618 61 F: 4 1 
617 8 625 96 F: 5 1 2 
626 12 650 110 F: 12 
637 11 648 3 F: 7 4 
639 5 654 47 F: 2 3 
642 10 682 123 F: 4 6 
651 12 687 207 F: 5 3 4 
654 12 678 15 F: 4 4 4 
671 4 683 1 F: 4 
678 7 692 171 F: 6 1 
681 9 699 53 F: 5 3 1 
681 13 733 195 F: 5 4 4 
685 4 701 119 F: 3 1 
688 9 715 15 F: 9 
692 9 710 181 F: 5 1 3 
701 10 741 34 F: 6 4 
709 12 757 4 F: 6 6 
712 11 734 156 F: 6 5 
714 11 725 144 F: 5 3 3 
726 9 735 62 F: 9 
732 7 753 155 F: 7 
734 8 758 14 F: 5 3 
739 12 751 3 F: 4 4 4 
745 12 781 96 F: 12 
746 13 772 9 F: 13 
748 7 755 89 F: 4 3 
750 4 758 181 F: 3 1 
755 9 782 156 F: 7 2 
761 7 782 47 F: 6 1 
765 8 781 58 F: 4 4 
769 13 795 156 F: 5 4 4 
774 6 786 173 F: 3 1 2 
781 5 801 141 F: 4 1 
786 5 796 96 F: 4 1 
797 9 806 143 F: 9 
804 10 814 158 F: 4 4 2 
807 7 828 115 F: 4 1 2 
826 5 841 130 F: 4 1 
826 8 834 166 F: 2 2 4 
826 11 837 112 F: 5 3 3 
828 4 836 185 F: 4 
830 8 846 143 F: 4 2 2 
849 9 885 165 F: 4 5 
854 6 866 100 F: 3 3 
856 8 864 94 F: 6 2 
860 3 863 85 F: 2 1 
868 12 904 168 F: 6 6 
868 13 894 196 F: 13 
872 7 886 243 F: 2 5 
873 9 882 71 F: 4 2 3 
884 8 916 49 F: 5 2 1 
888 9 897 22 F: 9 
889 6 913 196 F: 6 
891 5 911 21 F: 2 2 1 
898 6 910 30 F: 6 
907 10 917 27 F: 3 3 4 
910 6 934 162 F: 3 2 1 
912 5 922 47 F: 2 1 2 
922 7 929 136 F: 6 1 
923 13 962 202 F: 13 
927 6 939 42 F: 2 4 
935 7 963 218 F: 3 2 2 
944 9 980 232 F: 4 4 1 
948 8 964 248 F: 2 6 
949 3 958 38 F: 3 
951 8 983 135 F: 5 3 
952 3 958 130 F: 3 
952 11 974 139 F: 7 4 
956 5 971 161 F: 4 1 
961 11 994 223 F: 7 4 
970 12 1006 148 F: 12 
978 6 996 91 F: 6 
989 9 1007 193 F: 6 3 
991 12 1003 115 F: 12 
996 7 1003 49 F: 3 2 2 
1001 3 1004 89 F: 2 1 
1004 4 1008 65 F: 4 
1016 8 1048 166 F: 3 5 
1024 9 1060 62 F: 9 
1026 6 1038 3 F: 6 
1031 7 1038 160 F: 7 
1040 9 1076 5 F: 4 1 4 
1041 9 1050 76 F: 9 
1048 10 1068 86 F: 4 6 
1056 6 1074 5 F: 6 
1056 9 1065 56 F: 4 2 3 
1056 12 1080 26 F: 12 
1061 7 1082 177 F: 2 3 2 
1061 12 1073 35 F: 12 
1071 5 1091 9 F: 2 1 2 
1078 9 1114 137 F: 4 5 
1080 13 1093 223 F: 13 
1083 10 1113 240 F: 5 4 1 
1085 13 1111 246 F: 13 
1089 8 1097 202 F: 3 1 4 
1113 10 1123 104 F: 4 6 
1115 2 1117 44 F: 2 
1117 6 1123 118 F: 2 4 
1120 12 1132 113 F: 4 4 4 
1122 8 1154 14 F: 6 2 
1127 9 1136 215 F: 4 4 1 
1135 7 1149 247 F: 7 
1147 7 1168 4 F: 3 3 1 
1149 8 1165 3 F: 2 2 4 
1153 6 1177 177 F: 3 1 2 
1153 9 1189 109 F: 5 1 3 
1165 6 1177 101 F: 2 2 2 
1167 4 1183 164 F: 2 1 1 
1168 10 1208 211 F: 7 3 
1171 10 1211 54 F: 10 
1174 6 1198 29 F: 2 3 1 
1182 7 1203 238 F: 7 
1192 8 1200 3 F: 4 3 1 
1194 8 1210 208 F: 4 4 
1196 7 1210 157 F: 7 
1237 9 1264 193 F: 5 2 2 
1238 8 1254 98 F: 5 2 1 
1246 8 1270 7 F: 6 2 
1249 9 1267 18 F: 4 5 
1250 13 1276 175 F: 13 
1254 6 1260 164 F: 4 1 1 
1271 6 1283 185 F: 3 3 
1278 10 1308 139 F: 7 3 
1279 8 1295 96 F: 3 1 4 
1291 8 1307 240 F: 7 1 
D: 3 47 
D: 9 204 
D: 9 215 
D: 24 177 
D: 39 204 
D: 50 79 
D: 50 177 
D: 55 245 
D: 56 186 
D: 59 99 
D: 67 76 
D: 69 78 
D: 69 118 
D: 104 152 
D: 121 148 
D: 123 175 
D: 135 141 
D: 135 228 
D: 163 217 
D: 167 214 
D: 175 228 
D: 180 199 
D: 202 211 
D: 215 243 
D: 226 248 
