5 8 37 140 F: 3 4 1 
8 5 13 163 F: 4 1 
11 8 19 2 F: 6 2 
11 10 21 113 F: 2 4 4 
19 8 35 89 F: 3 4 1 
29 6 47 248 F: 3 3 
33 9 60 83 F: 5 4 
34 6 46 208 F: 4 2 
42 7 56 171 F: 2 5 
44 8 52 129 F: 8 
45 7 59 220 F: 7 
54 9 81 7 F: 9 
55 9 64 16 F: 2 4 3 
61 6 73 111 F: 4 2 
63 13 89 185 F: 13 
75 12 99 248 F: 12 
77 9 104 214 F: 9 
85 8 93 208 F: 3 2 3 
91 10 111 153 F: 4 6 
98 6 104 148 F: 4 1 1 
102 8 126 25 F: 2 3 3 
104 8 120 239 F: 8 
116 10 136 88 F: 10 
117 9 144 204 F: 9 
119 6 137 214 F: 6 
120 12 156 26 F: 12 
121 9 148 8 F: 3 3 3 
122 6 128 155 F: 2 3 1 
134 7 155 225 F: 2 3 2 
140 5 150 41 F: 4 1 
141 11 152 60 F: 5 6 
149 7 170 218 F: 5 1 1 
158 9 185 146 F: 9 
162 5 172 107 F: 3 2 
168 8 184 199 F: 3 5 
177 10 217 60 F: 7 3 
180 9 207 138 F: 9 
191 9 200 200 F: 4 2 3 
193 8 225 122 F: 4 1 3 
198 6 216 78 F: 2 3 1 
219 11 252 39 F: 4 4 3 
225 11 247 56 F: 3 4 4 
226 4 230 96 F: 3 1 
231 10 241 245 F: 7 3 
234 7 241 105 F: 7 
240 7 268 24 F: 3 4 
240 8 256 21 F: 7 1 
240 10 270 123 F: 4 2 4 
242 11 264 42 F: 4 4 3 
246 8 254 154 F: 2 6 
246 8 278 53 F: 3 2 3 
250 10 270 124 F: 10 
251 6 257 183 F: 6 
254 12 278 114 F: 5 3 4 
269 12 317 215 F: 7 5 
270 12 294 158 F: 7 5 
273 9 291 73 F: 9 
276 6 294 53 F: 2 2 2 
281 7 309 42 F: 2 3 2 
293 6 305 54 F: 4 1 1 
312 7 333 127 F: 5 2 
315 7 343 88 F: 7 
319 7 326 41 F: 3 4 
320 2 324 93 F: 2 
335 7 349 178 F: 4 3 
336 10 346 55 F: 6 4 
337 6 355 91 F: 6 
343 7 350 171 F: 5 1 1 
345 12 381 50 F: 4 4 4 
355 7 376 148 F: 3 4 
365 4 369 216 F: 4 
373 8 381 211 F: 3 3 2 
375 7 396 191 F: 2 3 2 
376 10 416 209 F: 10 
378 8 410 124 F: 6 2 
390 5 410 35 F: 3 2 
390 8 398 13 F: 2 2 4 
390 10 400 37 F: 5 3 2 
391 11 435 141 F: 5 4 2 
399 9 435 212 F: 3 6 
411 4 415 184 F: 2 2 
411 4 427 90 F: 4 
412 3 421 12 F: 3 
415 8 423 156 F: 3 5 
419 6 437 105 F: 6 
422 8 446 249 F: 3 2 3 
431 6 455 222 F: 5 1 
433 11 444 62 F: 5 4 2 
449 9 476 144 F: 2 4 3 
454 8 462 4 F: 8 
464 4 480 178 F: 2 2 
464 10 494 138 F: 6 4 
467 11 478 99 F: 5 6 
468 8 492 24 F: 3 1 4 
472 7 500 117 F: 5 2 
476 9 485 46 F: 9 
482 6 500 124 F: 4 2 
495 13 534 100 F: 13 
496 10 536 129 F: 3 3 4 
499 7 513 37 F: 7 
505 5 515 2 F: 4 1 
516 13 529 202 F: 13 
518 7 525 153 F: 3 4 
521 9 548 50 F: 9 
524 8 548 98 F: 4 4 
530 9 566 97 F: 4 2 3 
531 5 536 76 F: 4 1 
541 4 557 106 F: 2 1 1 
542 12 566 198 F: 12 
543 8 575 7 F: 5 2 1 
546 5 551 66 F: 2 1 2 
547 7 554 157 F: 7 
550 9 568 13 F: 7 2 
567 8 599 158 F: 2 2 4 
573 13 612 40 F: 13 
576 11 620 78 F: 11 
592 6 616 28 F: 2 4 
592 11 636 6 F: 5 6 
594 7 622 250 F: 6 1 
597 13 610 87 F: 13 
601 9 619 97 F: 7 2 
609 11 620 5 F: 5 2 4 
611 6 635 22 F: 4 1 1 
618 9 627 212 F: 6 3 
620 11 631 32 F: 5 3 3 
624 6 648 122 F: 3 1 2 
627 7 641 115 F: 3 3 1 
632 11 665 82 F: 11 
635 6 653 6 F: 6 
649 8 665 56 F: 4 1 3 
649 8 665 178 F: 4 2 2 
656 9 674 169 F: 3 2 4 
668 7 682 206 F: 7 
672 3 681 237 F: 3 
680 10 720 92 F: 5 1 4 
682 4 698 16 F: 2 1 1 
690 11 712 226 F: 11 
691 6 709 25 F: 4 2 
692 7 706 233 F: 7 
693 6 717 195 F: 6 
704 7 732 141 F: 5 1 1 
710 5 730 99 F: 3 1 1 
711 7 725 157 F: 2 5 
714 9 723 102 F: 9 
719 4 723 75 F: 4 
720 13 772 145 F: 7 6 
725 9 752 175 F: 9 
730 3 742 54 F: 3 
733 8 741 242 F: 8 
745 6 757 94 F: 5 1 
757 13 796 123 F: 7 6 
760 10 790 198 F: 4 3 3 
762 9 780 185 F: 5 4 
764 3 767 209 F: 2 1 
767 10 777 32 F: 2 4 4 
770 9 788 94 F: 5 1 3 
773 11 795 147 F: 11 
774 11 807 248 F: 5 3 3 
786 11 808 228 F: 7 4 
793 11 837 175 F: 11 
821 5 831 234 F: 2 3 
821 9 830 243 F: 7 2 
831 6 843 161 F: 5 1 
838 10 878 24 F: 3 3 4 
842 10 862 177 F: 2 4 4 
849 10 889 95 F: 6 4 
854 9 863 126 F: 4 5 
856 10 896 204 F: 2 4 4 
859 9 895 164 F: 9 
860 10 880 19 F: 5 1 4 
871 5 891 203 F: 2 1 2 
874 7 881 1 F: 3 2 2 
878 9 905 95 F: 9 
878 10 908 103 F: 5 2 3 
881 8 913 25 F: 8 
890 10 910 8 F: 4 6 
891 12 903 63 F: 4 4 4 
892 2 894 144 F: 2 
894 8 918 141 F: 5 3 
895 11 906 29 F: 4 4 3 
908 10 948 32 F: 5 3 2 
915 2 919 137 F: 2 
917 7 924 128 F: 2 5 
917 12 965 245 F: 4 4 4 
923 4 935 26 F: 4 
927 7 934 81 F: 5 1 1 
928 6 934 191 F: 6 
937 4 945 168 F: 4 
937 4 945 188 F: 4 
942 7 949 141 F: 3 4 
942 7 956 196 F: 6 1 
944 11 955 186 F: 5 6 
948 4 952 187 F: 4 
948 10 988 10 F: 5 1 4 
952 3 964 225 F: 3 
954 6 966 62 F: 6 
965 5 985 210 F: 5 
973 6 997 96 F: 3 1 2 
987 6 1011 33 F: 6 
993 11 1004 31 F: 5 6 
1000 9 1009 217 F: 4 5 
1001 8 1017 83 F: 8 
1001 12 1013 202 F: 12 
1013 6 1019 23 F: 3 1 2 
1017 8 1049 237 F: 7 1 
1020 5 1035 12 F: 5 
1044 9 1053 201 F: 2 4 3 
1045 3 1054 213 F: 2 1 
1051 9 1078 173 F: 3 2 4 
1055 8 1071 137 F: 5 3 
1067 2 1075 69 F: 2 
1074 9 1092 52 F: 3 4 2 
1079 5 1094 77 F: 5 
1079 9 1115 168 F: 5 4 
1084 8 1108 84 F: 8 
1086 10 1106 99 F: 4 6 
1087 4 1099 20 F: 4 
1095 8 1119 203 F: 8 
1097 4 1101 113 F: 4 
1097 10 1107 88 F: 3 4 3 
1105 3 1117 193 F: 3 
1105 7 1133 80 F: 5 2 
1105 9 1114 185 F: 4 2 3 
1117 10 1157 59 F: 6 4 
1122 8 1130 154 F: 5 1 2 
1127 13 1153 15 F: 7 6 
1131 10 1161 138 F: 4 4 2 
1133 11 1144 73 F: 5 6 
1133 11 1177 155 F: 5 3 3 
1152 2 1160 40 F: 2 
1152 4 1160 94 F: 4 
1163 10 1203 151 F: 4 6 
1169 6 1193 160 F: 6 
1172 11 1216 216 F: 7 4 
1178 10 1208 204 F: 10 
1180 6 1198 174 F: 2 3 1 
1181 8 1189 52 F: 7 1 
1185 12 1197 242 F: 6 6 
1191 7 1198 56 F: 7 
1198 6 1216 26 F: 2 3 1 
1209 7 1230 197 F: 3 1 3 
1229 10 1239 206 F: 3 3 4 
1230 8 1246 151 F: 3 4 1 
1260 9 1296 13 F: 5 2 2 
1262 11 1295 182 F: 11 
1272 9 1299 245 F: 3 4 2 
1276 7 1304 78 F: 6 1 
1282 10 1302 71 F: 10 
1290 7 1311 202 F: 2 5 
1299 9 1317 141 F: 6 3 
D: 0 80 
D: 2 143 
D: 2 202 
D: 13 22 
D: 13 173 
D: 18 32 
D: 18 50 
D: 22 138 
D: 36 195 
D: 40 133 
D: 47 72 
D: 47 149 
D: 55 137 
D: 65 127 
D: 66 246 
D: 76 126 
D: 79 184 
D: 81 208 
D: 84 90 
D: 87 177 
D: 97 211 
D: 98 142 
D: 135 154 
D: 141 202 
D: 170 246 
