0 6 18 39 F: 4 2 
7 5 22 69 F: 2 3 
19 9 28 83 F: 5 4 
19 10 59 158 F: 5 4 1 
25 13 77 91 F: 13 
30 13 43 67 F: 13 
42 10 82 9 F: 5 5 
43 12 55 31 F: 12 
51 8 75 97 F: 4 1 3 
63 4 79 67 F: 4 
71 9 80 35 F: 5 2 2 
72 8 96 159 F: 3 4 1 
74 8 90 98 F: 3 2 3 
77 8 85 29 F: 5 3 
84 4 92 88 F: 3 1 
85 8 117 174 F: 3 1 4 
88 9 124 38 F: 7 2 
92 6 98 133 F: 4 2 
92 12 104 104 F: 12 
98 9 125 181 F: 4 3 2 
106 10 136 108 F: 4 3 3 
111 10 141 108 F: 10 
119 9 155 141 F: 4 4 1 
134 6 158 36 F: 6 
134 7 148 15 F: 3 1 3 
138 10 148 160 F: 3 3 4 
147 7 161 193 F: 7 
160 9 196 40 F: 9 
164 12 212 97 F: 7 5 
165 4 181 47 F: 4 
171 6 183 27 F: 6 
177 12 201 1 F: 6 6 
179 6 185 121 F: 3 1 2 
183 8 207 72 F: 5 1 2 
183 10 223 82 F: 4 3 3 
187 8 219 193 F: 2 3 3 
190 7 211 84 F: 5 1 1 
192 6 216 152 F: 2 2 2 
196 4 200 126 F: 4 
196 4 204 1 F: 2 2 
202 12 226 190 F: 6 6 
210 11 243 134 F: 5 6 
211 11 244 142 F: 5 3 3 
213 9 249 169 F: 2 3 4 
216 7 223 121 F: 3 1 3 
232 7 260 167 F: 7 
233 13 285 5 F: 5 4 4 
235 11 279 123 F: 5 6 
244 7 265 196 F: 4 1 2 
247 9 256 136 F: 3 3 3 
250 13 276 53 F: 13 
251 7 279 122 F: 2 5 
252 10 272 168 F: 4 2 4 
253 9 271 180 F: 4 5 
253 10 273 146 F: 4 2 4 
269 10 309 141 F: 10 
269 11 313 58 F: 6 5 
282 4 298 52 F: 4 
288 10 328 119 F: 6 4 
297 12 333 26 F: 6 6 
300 6 324 1 F: 6 
300 8 308 64 F: 7 1 
306 5 311 53 F: 3 2 
311 5 331 67 F: 5 
313 12 349 25 F: 12 
319 3 328 108 F: 3 
324 10 344 162 F: 10 
330 10 340 6 F: 6 4 
335 2 339 168 F: 2 
341 13 393 4 F: 13 
345 7 359 58 F: 5 2 
348 6 372 103 F: 2 4 
352 7 359 124 F: 7 
361 11 405 156 F: 5 4 2 
363 7 391 9 F: 7 
370 8 386 136 F: 3 3 2 
373 7 380 62 F: 3 4 
375 7 389 153 F: 3 1 3 
384 12 420 115 F: 12 
386 3 395 83 F: 3 
405 12 417 143 F: 12 
406 10 436 82 F: 3 4 3 
412 12 424 129 F: 5 3 4 
421 12 469 2 F: 6 6 
427 9 463 101 F: 9 
433 7 447 23 F: 2 5 
436 10 456 11 F: 2 4 4 
436 12 448 90 F: 5 3 4 
437 6 443 160 F: 2 3 1 
444 10 474 63 F: 3 4 3 
446 13 459 100 F: 13 
455 7 462 134 F: 5 2 
461 11 483 104 F: 7 4 
463 9 499 85 F: 3 2 4 
464 8 472 177 F: 4 4 
476 3 488 190 F: 3 
481 6 505 139 F: 4 2 
484 11 495 197 F: 11 
488 12 536 56 F: 7 5 
489 7 503 112 F: 7 
500 4 504 15 F: 2 1 1 
503 8 527 120 F: 4 4 
504 13 556 17 F: 13 
505 7 533 108 F: 4 3 
511 7 539 184 F: 3 4 
518 8 534 86 F: 8 
523 12 547 83 F: 12 
524 7 538 182 F: 3 1 3 
528 5 533 73 F: 5 
544 8 576 146 F: 8 
551 4 555 191 F: 4 
552 7 580 117 F: 3 3 1 
553 4 569 30 F: 3 1 
554 7 561 87 F: 2 3 2 
559 13 585 135 F: 5 4 4 
574 7 602 164 F: 3 1 3 
587 5 602 75 F: 3 2 
587 6 593 19 F: 3 3 
588 9 597 13 F: 3 4 2 
588 9 606 108 F: 4 1 4 
612 7 619 188 F: 2 5 
622 6 640 12 F: 5 1 
627 7 648 115 F: 3 4 
630 7 644 42 F: 7 
631 7 645 98 F: 4 2 1 
641 2 647 189 F: 2 
643 12 679 13 F: 12 
645 4 661 37 F: 3 1 
657 12 693 183 F: 5 4 3 
660 9 687 70 F: 5 1 3 
664 2 670 127 F: 2 
672 11 683 120 F: 5 6 
673 9 709 55 F: 9 
677 9 686 154 F: 6 3 
682 9 700 19 F: 5 4 
683 12 707 165 F: 7 5 
687 6 699 127 F: 2 1 3 
689 7 717 54 F: 7 
689 10 699 93 F: 7 3 
696 8 720 108 F: 3 4 1 
701 10 711 63 F: 3 4 3 
704 7 718 58 F: 5 2 
711 5 731 135 F: 5 
713 7 727 175 F: 6 1 
731 2 737 116 F: 2 
734 5 749 148 F: 3 1 1 
741 5 751 108 F: 5 
742 4 750 200 F: 2 1 1 
742 11 753 5 F: 5 6 
752 5 772 21 F: 3 1 1 
753 10 793 101 F: 10 
755 10 795 140 F: 10 
763 2 769 70 F: 2 
767 7 774 177 F: 7 
777 6 795 130 F: 6 
788 9 815 82 F: 7 2 
792 7 799 148 F: 2 4 1 
792 7 820 97 F: 3 3 1 
793 9 820 128 F: 4 5 
798 8 814 116 F: 4 4 
800 13 826 4 F: 13 
801 4 817 9 F: 4 
806 10 846 73 F: 6 4 
813 8 829 96 F: 2 6 
814 2 822 23 F: 2 
828 3 834 142 F: 2 1 
831 10 851 101 F: 5 3 2 
832 6 850 46 F: 3 3 
835 9 844 116 F: 3 6 
835 9 862 28 F: 3 3 3 
836 4 844 148 F: 4 
837 12 861 134 F: 5 3 4 
839 6 863 132 F: 6 
842 8 866 85 F: 5 1 2 
846 10 856 115 F: 5 5 
857 9 884 6 F: 4 2 3 
862 9 871 28 F: 7 2 
889 11 933 174 F: 4 3 4 
895 13 908 168 F: 13 
897 12 921 99 F: 12 
901 8 925 52 F: 2 3 3 
907 7 921 106 F: 7 
908 13 947 182 F: 13 
925 8 949 129 F: 3 4 1 
929 5 944 198 F: 5 
934 10 964 82 F: 10 
935 10 955 107 F: 5 2 3 
937 5 957 47 F: 2 1 2 
940 5 945 179 F: 5 
942 8 958 80 F: 4 4 
949 6 967 41 F: 4 2 
950 12 962 68 F: 5 3 4 
959 9 968 114 F: 5 4 
960 9 996 43 F: 9 
965 10 975 91 F: 10 
980 9 1016 66 F: 5 1 3 
985 4 989 27 F: 4 
990 7 1004 116 F: 5 1 1 
995 8 1003 179 F: 6 2 
996 4 1000 179 F: 3 1 
D: 0 182 
D: 1 177 
D: 6 185 
D: 9 189 
D: 12 87 
D: 17 100 
D: 20 180 
D: 23 94 
D: 25 167 
D: 35 59 
D: 53 115 
D: 55 67 
D: 58 75 
D: 62 79 
D: 68 111 
D: 68 159 
D: 93 165 
D: 97 141 
D: 156 171 
D: 157 194 
