2 5 17 52 F: 4 1 
7 9 25 89 F: 3 6 
10 13 23 133 F: 13 
15 6 39 118 F: 2 2 2 
21 7 35 194 F: 6 1 
22 3 28 34 F: 3 
22 10 62 110 F: 5 1 4 
32 7 53 127 F: 4 3 
45 9 54 98 F: 7 2 
46 7 67 77 F: 3 4 
55 6 73 170 F: 2 3 1 
65 11 98 13 F: 5 4 2 
77 4 81 84 F: 4 
78 8 94 199 F: 5 3 
83 2 85 96 F: 2 
84 4 88 40 F: 4 
85 4 93 47 F: 4 
95 3 98 183 F: 3 
99 9 126 147 F: 9 
99 12 147 82 F: 12 
107 3 110 71 F: 3 
111 9 120 99 F: 5 1 3 
114 2 122 62 F: 2 
118 5 133 167 F: 2 3 
119 2 127 107 F: 2 
128 4 144 100 F: 2 2 
130 12 142 153 F: 12 
131 5 151 184 F: 4 1 
137 6 149 17 F: 2 1 3 
146 8 162 123 F: 2 3 3 
152 9 188 186 F: 3 2 4 
154 7 175 133 F: 4 1 2 
154 8 170 102 F: 8 
160 7 174 100 F: 4 3 
165 5 180 12 F: 5 
184 8 208 173 F: 2 6 
188 4 196 27 F: 4 
191 4 195 26 F: 4 
192 8 208 54 F: 5 1 2 
193 9 202 142 F: 4 4 1 
218 4 226 41 F: 4 
220 9 256 1 F: 3 6 
224 13 250 3 F: 13 
227 9 245 106 F: 9 
229 11 240 140 F: 7 4 
236 3 239 59 F: 3 
238 13 277 73 F: 13 
243 12 267 200 F: 4 4 4 
252 10 262 147 F: 10 
263 13 302 173 F: 13 
266 6 272 81 F: 2 4 
267 9 303 110 F: 5 4 
268 8 276 167 F: 7 1 
272 8 288 15 F: 2 4 2 
279 10 289 169 F: 5 5 
282 8 314 169 F: 8 
283 3 295 108 F: 3 
286 12 334 100 F: 12 
287 10 317 129 F: 4 2 4 
296 6 308 85 F: 6 
309 7 316 157 F: 6 1 
312 5 332 83 F: 4 1 
321 12 333 131 F: 4 4 4 
326 9 353 48 F: 4 5 
328 6 346 169 F: 6 
328 10 368 17 F: 2 4 4 
328 12 376 162 F: 5 3 4 
330 13 382 125 F: 5 4 4 
331 10 361 98 F: 10 
342 5 357 180 F: 2 3 
351 9 378 53 F: 4 1 4 
357 8 381 177 F: 8 
358 8 366 110 F: 3 1 4 
376 8 392 199 F: 8 
381 10 421 81 F: 5 1 4 
383 9 401 161 F: 7 2 
384 7 412 94 F: 2 3 2 
385 11 429 77 F: 5 4 2 
390 7 404 146 F: 2 2 3 
390 10 430 172 F: 10 
406 11 439 178 F: 7 4 
406 12 442 89 F: 7 5 
418 6 424 32 F: 6 
420 13 472 154 F: 7 6 
427 9 445 111 F: 7 2 
429 2 437 94 F: 2 
432 8 456 183 F: 5 1 2 
435 11 479 178 F: 11 
437 12 461 33 F: 5 3 4 
443 12 455 200 F: 12 
445 12 457 37 F: 7 5 
460 11 471 160 F: 11 
465 7 472 10 F: 4 2 1 
473 3 476 122 F: 3 
476 9 485 85 F: 7 2 
481 10 521 146 F: 10 
485 8 517 127 F: 8 
489 6 495 79 F: 2 1 3 
493 10 503 65 F: 4 2 4 
496 4 504 38 F: 4 
508 7 529 38 F: 3 4 
518 9 527 170 F: 3 6 
524 12 548 143 F: 7 5 
527 11 538 65 F: 5 6 
531 10 561 87 F: 3 4 3 
535 9 544 49 F: 4 1 4 
537 13 563 101 F: 13 
538 12 574 87 F: 12 
540 9 567 126 F: 3 4 2 
546 6 558 51 F: 2 2 2 
546 9 573 78 F: 6 3 
553 6 559 43 F: 2 3 1 
557 7 571 145 F: 5 2 
580 10 610 90 F: 4 3 3 
588 2 594 25 F: 2 
588 11 632 113 F: 11 
589 8 613 122 F: 8 
589 9 616 49 F: 5 1 3 
594 7 622 39 F: 3 4 
594 8 626 112 F: 5 1 2 
605 8 637 23 F: 3 1 4 
616 7 623 167 F: 3 2 2 
619 6 625 145 F: 5 1 
620 11 631 36 F: 11 
623 6 635 61 F: 4 2 
628 5 648 64 F: 3 2 
629 7 643 95 F: 3 4 
634 8 642 183 F: 6 2 
635 6 647 42 F: 3 1 2 
638 3 647 169 F: 3 
641 11 685 150 F: 11 
644 8 668 91 F: 2 2 4 
652 7 659 98 F: 6 1 
663 7 670 84 F: 2 1 4 
666 5 671 188 F: 2 1 2 
667 12 679 106 F: 5 4 3 
679 13 731 190 F: 7 6 
681 12 717 68 F: 6 6 
685 7 706 91 F: 5 2 
694 7 722 101 F: 4 2 1 
715 7 736 38 F: 3 2 2 
716 8 724 169 F: 3 5 
717 8 725 17 F: 2 4 2 
720 6 732 8 F: 4 2 
726 7 740 14 F: 7 
732 5 747 176 F: 5 
733 8 741 188 F: 3 1 4 
733 8 757 181 F: 3 1 4 
734 9 770 83 F: 9 
739 6 757 1 F: 5 1 
746 11 757 28 F: 11 
746 11 790 186 F: 5 6 
758 12 794 17 F: 12 
764 12 800 74 F: 12 
767 10 807 18 F: 7 3 
771 6 795 63 F: 5 1 
778 4 794 68 F: 3 1 
781 10 801 139 F: 5 5 
796 6 802 136 F: 2 1 3 
798 10 808 146 F: 7 3 
802 7 816 146 F: 2 4 1 
806 8 822 109 F: 3 5 
807 9 843 25 F: 5 1 3 
823 7 844 67 F: 2 1 4 
825 11 836 79 F: 7 4 
828 6 834 47 F: 3 3 
828 7 856 198 F: 5 2 
835 7 856 9 F: 3 1 3 
844 6 850 143 F: 4 2 
846 5 866 115 F: 3 2 
851 7 872 44 F: 2 1 4 
859 8 883 48 F: 8 
860 9 878 149 F: 3 2 4 
864 7 892 43 F: 3 3 1 
871 9 907 113 F: 7 2 
881 6 905 181 F: 6 
881 11 892 105 F: 7 4 
887 5 892 3 F: 4 1 
897 9 933 175 F: 6 3 
899 10 939 13 F: 7 3 
905 10 935 166 F: 5 4 1 
914 5 919 190 F: 3 2 
914 9 923 130 F: 9 
915 7 929 183 F: 4 2 1 
923 13 936 50 F: 7 6 
927 9 954 172 F: 9 
930 9 957 42 F: 3 4 2 
931 13 944 113 F: 13 
941 7 955 40 F: 7 
956 8 980 124 F: 4 2 2 
959 11 992 157 F: 4 3 4 
963 3 969 128 F: 2 1 
966 12 1002 136 F: 12 
974 12 1022 199 F: 7 5 
978 6 990 11 F: 6 
983 8 991 52 F: 6 2 
987 5 1002 26 F: 3 1 1 
988 10 1018 76 F: 10 
988 11 1010 69 F: 5 4 2 
994 2 998 70 F: 2 
D: 0 107 
D: 6 186 
D: 25 156 
D: 28 176 
D: 36 151 
D: 51 182 
D: 57 81 
D: 57 106 
D: 57 177 
D: 58 76 
D: 60 191 
D: 61 163 
D: 64 78 
D: 77 109 
D: 81 156 
D: 105 145 
D: 109 148 
D: 137 195 
D: 144 151 
D: 184 188 
