3 4 15 154 F: 2 2 
7 7 28 121 F: 3 2 2 
8 5 23 118 F: 3 2 
8 12 44 178 F: 6 6 
15 10 35 24 F: 5 5 
19 6 37 158 F: 6 
20 6 26 60 F: 6 
20 11 64 83 F: 11 
26 8 58 77 F: 3 2 3 
38 3 41 53 F: 3 
45 10 55 133 F: 3 4 3 
45 10 85 198 F: 5 3 2 
67 10 87 34 F: 4 3 3 
71 6 83 24 F: 5 1 
74 8 106 147 F: 5 2 1 
76 7 90 102 F: 7 
76 12 112 182 F: 12 
78 13 130 87 F: 7 6 
86 13 138 47 F: 13 
94 12 106 111 F: 12 
102 8 134 72 F: 2 6 
102 13 115 99 F: 5 4 4 
109 10 129 150 F: 7 3 
110 7 131 195 F: 2 1 4 
113 11 157 185 F: 5 4 2 
120 10 130 138 F: 10 
131 5 151 167 F: 2 3 
131 9 149 91 F: 5 4 
138 13 164 179 F: 13 
141 8 149 93 F: 4 4 
147 2 149 89 F: 2 
153 7 174 90 F: 7 
165 7 186 89 F: 7 
169 2 177 41 F: 2 
179 12 227 79 F: 12 
181 10 191 65 F: 4 2 4 
189 9 198 161 F: 4 5 
190 10 220 6 F: 10 
198 9 207 127 F: 9 
199 6 217 150 F: 3 3 
202 10 232 196 F: 10 
205 11 238 160 F: 11 
207 8 231 128 F: 6 2 
232 8 264 148 F: 2 4 2 
235 10 265 126 F: 10 
236 9 263 149 F: 6 3 
237 7 258 141 F: 7 
246 7 260 111 F: 5 2 
249 7 270 5 F: 3 1 3 
249 10 269 44 F: 7 3 
251 8 283 150 F: 6 2 
263 4 279 44 F: 4 
266 7 294 180 F: 2 5 
273 9 300 33 F: 4 4 1 
275 5 290 110 F: 3 2 
277 12 325 167 F: 12 
280 8 312 51 F: 8 
286 9 304 38 F: 5 4 
288 7 302 164 F: 4 2 1 
299 4 315 153 F: 4 
302 8 334 105 F: 4 2 2 
305 11 349 113 F: 11 
308 9 326 45 F: 4 3 2 
310 9 346 69 F: 4 5 
323 6 341 182 F: 5 1 
325 8 357 114 F: 5 3 
325 11 369 163 F: 7 4 
326 4 334 85 F: 4 
339 10 379 49 F: 6 4 
341 12 389 161 F: 12 
346 5 366 46 F: 5 
352 5 372 197 F: 2 1 2 
358 9 367 145 F: 4 3 2 
360 8 384 92 F: 6 2 
362 8 370 165 F: 7 1 
375 12 411 124 F: 4 4 4 
376 6 400 200 F: 4 1 1 
384 7 391 85 F: 2 4 1 
398 4 410 145 F: 3 1 
399 13 412 123 F: 13 
403 12 415 86 F: 12 
408 9 444 28 F: 5 3 1 
409 11 453 72 F: 11 
411 8 419 54 F: 4 3 1 
413 4 421 85 F: 4 
418 5 438 112 F: 5 
421 8 437 124 F: 3 1 4 
435 7 456 143 F: 4 3 
459 7 487 154 F: 7 
460 7 474 150 F: 3 1 3 
465 13 517 189 F: 13 
466 8 474 98 F: 2 4 2 
472 9 508 87 F: 2 4 3 
474 10 494 2 F: 4 6 
478 6 490 197 F: 3 3 
481 4 485 177 F: 4 
487 4 491 158 F: 4 
492 8 508 20 F: 3 5 
492 10 522 101 F: 7 3 
494 8 526 49 F: 5 3 
501 4 513 86 F: 2 2 
504 11 526 98 F: 5 4 2 
519 6 531 53 F: 6 
519 9 537 62 F: 9 
520 6 526 54 F: 2 1 3 
523 8 531 31 F: 6 2 
532 12 556 145 F: 12 
534 11 578 102 F: 11 
541 7 569 160 F: 7 
554 9 581 61 F: 6 3 
566 12 578 23 F: 5 3 4 
569 8 577 192 F: 2 2 4 
570 5 585 84 F: 5 
570 11 614 25 F: 4 4 3 
572 9 599 196 F: 3 4 2 
587 7 608 63 F: 3 2 2 
592 9 601 12 F: 5 2 2 
596 8 604 76 F: 3 2 3 
599 7 606 95 F: 5 1 1 
599 8 623 44 F: 3 5 
601 7 615 42 F: 3 1 3 
601 10 611 182 F: 5 4 1 
608 2 610 128 F: 2 
609 10 629 177 F: 5 4 1 
609 11 653 156 F: 5 2 4 
626 3 638 47 F: 3 
636 6 648 72 F: 5 1 
643 8 675 27 F: 8 
644 6 662 159 F: 2 4 
647 8 679 174 F: 8 
656 8 688 179 F: 7 1 
657 2 665 71 F: 2 
664 11 708 8 F: 6 5 
666 3 672 12 F: 2 1 
673 5 688 177 F: 2 3 
673 7 694 28 F: 4 3 
676 10 716 31 F: 5 5 
686 4 698 147 F: 3 1 
687 6 699 84 F: 4 1 1 
692 13 718 27 F: 13 
700 8 724 36 F: 3 2 3 
707 2 715 17 F: 2 
711 8 743 21 F: 4 1 3 
717 5 722 178 F: 2 1 2 
719 5 729 15 F: 5 
721 10 741 72 F: 7 3 
732 4 748 106 F: 2 2 
736 9 772 31 F: 6 3 
748 10 758 45 F: 6 4 
748 12 796 151 F: 6 6 
754 10 784 29 F: 10 
756 12 792 96 F: 5 4 3 
757 11 790 115 F: 4 4 3 
759 5 764 12 F: 5 
761 10 781 192 F: 5 1 4 
764 7 778 53 F: 4 2 1 
766 5 786 142 F: 5 
767 6 773 135 F: 2 4 
796 13 848 8 F: 13 
798 10 828 189 F: 5 4 1 
801 7 822 126 F: 3 2 2 
806 12 842 94 F: 6 6 
808 9 835 38 F: 4 4 1 
815 9 842 34 F: 4 3 2 
824 13 876 123 F: 13 
828 7 849 180 F: 2 1 4 
830 10 860 133 F: 10 
832 11 876 143 F: 5 2 4 
833 9 860 52 F: 9 
838 6 844 113 F: 6 
840 8 872 74 F: 5 1 2 
851 9 878 43 F: 4 1 4 
854 12 866 21 F: 12 
856 8 872 106 F: 4 4 
857 7 885 192 F: 2 5 
876 8 892 195 F: 8 
877 12 913 188 F: 4 4 4 
882 5 892 16 F: 5 
885 6 897 130 F: 4 2 
893 7 900 57 F: 7 
911 8 935 120 F: 3 2 3 
911 10 931 61 F: 7 3 
914 8 922 171 F: 5 3 
917 6 929 8 F: 6 
919 8 951 83 F: 8 
921 11 932 61 F: 5 3 3 
929 2 931 39 F: 2 
930 8 962 73 F: 4 1 3 
934 5 954 85 F: 2 2 1 
935 8 943 113 F: 3 2 3 
939 13 952 90 F: 7 6 
952 4 960 173 F: 4 
973 8 1005 42 F: 7 1 
974 2 980 58 F: 2 
975 10 1005 18 F: 10 
979 5 984 2 F: 5 
979 9 988 175 F: 6 3 
980 10 1000 63 F: 10 
984 6 996 147 F: 6 
997 8 1021 178 F: 2 2 4 
D: 13 87 
D: 15 80 
D: 16 114 
D: 18 161 
D: 20 76 
D: 22 95 
D: 30 35 
D: 30 42 
D: 33 157 
D: 44 177 
D: 46 55 
D: 49 88 
D: 52 125 
D: 52 185 
D: 60 162 
D: 76 192 
D: 78 101 
D: 87 138 
D: 94 140 
D: 170 191 
