1 8 25 126 F: 4 2 2 
4 8 12 144 F: 6 2 
4 10 24 177 F: 5 5 
7 7 28 31 F: 5 1 1 
8 5 28 20 F: 5 
10 4 26 48 F: 4 
16 9 25 200 F: 4 3 2 
20 9 38 5 F: 6 3 
20 9 56 26 F: 3 6 
23 9 32 40 F: 3 4 2 
28 7 49 166 F: 2 2 3 
33 7 47 173 F: 4 3 
59 10 89 43 F: 3 4 3 
62 10 82 182 F: 4 2 4 
66 8 82 120 F: 8 
74 11 107 83 F: 6 5 
75 8 107 193 F: 8 
75 9 84 161 F: 2 3 4 
78 13 117 161 F: 13 
81 5 86 77 F: 5 
101 9 137 124 F: 4 2 3 
101 9 137 145 F: 6 3 
104 8 120 76 F: 2 6 
109 9 118 159 F: 5 1 3 
121 10 141 161 F: 5 3 2 
122 6 128 43 F: 6 
123 4 127 165 F: 3 1 
125 12 137 112 F: 12 
130 10 160 100 F: 7 3 
143 11 165 108 F: 5 6 
152 10 162 94 F: 5 3 2 
154 12 190 143 F: 5 4 3 
164 13 216 25 F: 7 6 
169 7 183 66 F: 2 2 3 
172 7 200 193 F: 7 
176 5 196 190 F: 4 1 
177 11 199 77 F: 5 2 4 
179 10 209 186 F: 5 5 
181 6 205 134 F: 3 1 2 
188 3 194 36 F: 3 
220 10 240 92 F: 5 4 1 
230 13 243 30 F: 7 6 
230 13 256 64 F: 7 6 
231 2 237 150 F: 2 
232 9 259 104 F: 7 2 
233 8 249 152 F: 2 2 4 
237 5 242 66 F: 5 
244 10 284 3 F: 10 
249 8 273 109 F: 4 2 2 
254 7 282 106 F: 2 3 2 
255 7 283 179 F: 3 4 
257 8 289 95 F: 3 3 2 
262 12 298 13 F: 12 
265 10 305 18 F: 4 2 4 
274 12 322 153 F: 5 3 4 
282 4 286 11 F: 4 
287 11 331 72 F: 5 6 
289 2 297 25 F: 2 
297 5 317 87 F: 3 2 
297 10 317 166 F: 7 3 
301 7 329 192 F: 2 2 3 
304 9 340 15 F: 5 4 
318 7 332 193 F: 3 4 
321 9 339 169 F: 9 
327 9 336 40 F: 9 
329 10 369 71 F: 5 5 
345 11 367 47 F: 11 
349 7 363 90 F: 2 3 2 
349 11 393 117 F: 5 2 4 
350 3 356 34 F: 3 
352 3 355 123 F: 2 1 
361 10 401 24 F: 3 4 3 
366 11 410 180 F: 3 4 4 
372 9 399 68 F: 3 2 4 
380 8 396 185 F: 8 
380 11 424 193 F: 5 2 4 
381 11 425 98 F: 6 5 
387 4 395 116 F: 3 1 
391 2 395 9 F: 2 
399 7 413 124 F: 2 2 3 
402 7 409 162 F: 7 
405 7 433 21 F: 7 
414 7 421 179 F: 2 2 3 
416 5 436 149 F: 2 3 
425 10 465 11 F: 10 
426 10 466 117 F: 2 4 4 
435 11 468 110 F: 7 4 
436 6 454 60 F: 2 2 2 
440 9 458 110 F: 2 4 3 
446 7 474 199 F: 7 
447 8 455 88 F: 5 3 
455 10 465 38 F: 10 
467 8 491 169 F: 2 2 4 
475 8 483 6 F: 2 2 4 
477 9 513 87 F: 4 5 
481 8 505 86 F: 4 4 
485 9 494 58 F: 2 4 3 
490 6 514 25 F: 2 4 
492 10 522 112 F: 10 
499 5 509 163 F: 3 2 
500 6 518 102 F: 6 
502 9 511 114 F: 6 3 
504 11 537 78 F: 5 3 3 
510 11 532 113 F: 5 4 2 
518 3 527 66 F: 3 
535 5 545 189 F: 2 3 
552 7 559 147 F: 2 1 4 
553 4 557 63 F: 3 1 
553 8 561 124 F: 3 2 3 
553 10 593 57 F: 3 4 3 
553 11 597 120 F: 11 
559 4 567 199 F: 4 
561 10 591 143 F: 4 6 
574 12 610 186 F: 12 
576 8 608 2 F: 3 3 2 
577 9 604 192 F: 4 5 
580 8 612 91 F: 4 3 1 
590 7 611 76 F: 5 2 
591 5 601 151 F: 2 3 
596 12 608 97 F: 5 3 4 
601 9 637 150 F: 9 
603 11 636 139 F: 3 4 4 
605 7 612 198 F: 7 
614 12 626 94 F: 7 5 
615 6 621 171 F: 6 
617 13 630 21 F: 7 6 
618 7 639 134 F: 7 
619 7 647 106 F: 3 2 2 
619 11 663 6 F: 5 3 3 
637 2 645 52 F: 2 
648 8 672 66 F: 8 
662 6 686 5 F: 2 1 3 
677 6 695 175 F: 4 1 1 
678 5 693 178 F: 3 1 1 
682 5 697 198 F: 2 3 
685 8 701 37 F: 5 2 1 
689 10 729 144 F: 3 4 3 
690 8 722 161 F: 2 6 
693 5 703 136 F: 2 1 2 
697 10 707 62 F: 4 6 
701 8 733 69 F: 8 
708 12 744 79 F: 12 
712 9 748 60 F: 9 
713 3 719 8 F: 3 
725 9 752 147 F: 9 
726 13 778 159 F: 13 
730 12 766 14 F: 6 6 
732 8 748 129 F: 3 4 1 
736 5 746 152 F: 5 
739 7 760 43 F: 2 5 
739 8 747 106 F: 5 1 2 
742 8 774 187 F: 3 1 4 
758 6 770 191 F: 2 3 1 
763 7 784 188 F: 3 2 2 
774 10 804 168 F: 5 5 
777 5 792 88 F: 3 2 
778 12 802 62 F: 12 
786 5 801 110 F: 5 
789 10 819 30 F: 4 4 2 
792 9 801 164 F: 6 3 
802 5 822 188 F: 3 1 1 
805 6 823 110 F: 4 2 
809 7 830 157 F: 7 
816 8 840 163 F: 8 
822 9 849 138 F: 7 2 
834 5 854 154 F: 5 
835 7 842 47 F: 2 2 3 
844 8 876 172 F: 2 6 
845 7 859 3 F: 4 1 2 
845 9 881 85 F: 3 4 2 
848 8 872 195 F: 2 4 2 
860 12 872 1 F: 5 4 3 
863 6 869 135 F: 2 4 
866 12 902 74 F: 12 
868 7 882 42 F: 7 
879 6 903 124 F: 5 1 
881 6 899 123 F: 2 3 1 
894 9 912 163 F: 9 
894 11 916 14 F: 5 4 2 
895 4 899 58 F: 2 2 
909 11 931 121 F: 11 
911 6 917 191 F: 2 3 1 
913 5 928 178 F: 5 
917 9 953 38 F: 5 3 1 
917 11 961 63 F: 11 
922 7 936 184 F: 6 1 
927 9 936 122 F: 2 3 4 
934 7 948 79 F: 6 1 
935 10 975 181 F: 6 4 
939 7 960 30 F: 2 4 1 
940 10 960 27 F: 4 6 
945 10 985 103 F: 4 4 2 
947 9 974 142 F: 7 2 
956 8 972 12 F: 3 4 1 
977 5 992 129 F: 5 
981 6 987 129 F: 3 3 
986 5 991 183 F: 3 2 
989 9 1007 157 F: 4 1 4 
993 6 1011 177 F: 3 3 
997 7 1011 50 F: 2 1 4 
D: 12 73 
D: 24 30 
D: 24 32 
D: 30 83 
D: 30 178 
D: 35 190 
D: 37 56 
D: 42 59 
D: 46 52 
D: 60 66 
D: 60 91 
D: 71 125 
D: 73 182 
D: 75 157 
D: 87 132 
D: 90 85 
D: 97 146 
D: 108 119 
D: 137 148 
D: 179 190 
