0 8 24 181 F: 4 4 
8 9 35 29 F: 9 
13 11 35 184 F: 11 
23 3 26 82 F: 3 
26 2 34 232 F: 2 
34 13 47 82 F: 13 
35 12 83 34 F: 12 
36 7 43 137 F: 4 3 
39 5 59 175 F: 3 1 1 
41 10 61 181 F: 5 1 4 
42 2 46 67 F: 2 
49 5 59 47 F: 4 1 
53 9 80 65 F: 9 
57 5 67 237 F: 5 
57 13 96 102 F: 13 
58 7 86 84 F: 5 1 1 
58 13 110 160 F: 13 
61 8 69 138 F: 4 2 2 
77 9 86 43 F: 3 2 4 
89 7 96 194 F: 6 1 
102 6 120 168 F: 6 
107 8 139 154 F: 8 
110 6 122 248 F: 6 
117 9 126 219 F: 9 
119 3 122 178 F: 3 
132 10 172 192 F: 6 4 
139 9 166 110 F: 4 1 4 
145 3 148 41 F: 2 1 
153 2 155 20 F: 2 
155 8 171 95 F: 8 
170 3 182 128 F: 3 
174 11 196 221 F: 11 
177 10 187 60 F: 6 4 
180 11 224 101 F: 11 
181 7 195 24 F: 4 3 
189 13 228 25 F: 13 
190 13 203 41 F: 13 
194 8 226 29 F: 4 2 2 
195 11 206 186 F: 5 6 
198 10 218 244 F: 5 3 2 
205 13 257 138 F: 13 
207 9 225 194 F: 9 
210 8 242 231 F: 4 3 1 
212 9 221 110 F: 7 2 
215 8 223 106 F: 5 2 1 
217 6 229 184 F: 3 2 1 
217 7 231 139 F: 3 1 3 
220 7 241 158 F: 5 1 1 
223 8 231 11 F: 5 1 2 
224 12 272 41 F: 12 
230 4 242 216 F: 4 
234 8 250 188 F: 2 2 4 
238 6 244 102 F: 2 3 1 
238 13 251 227 F: 13 
244 6 262 201 F: 6 
248 10 258 182 F: 5 2 3 
264 9 273 244 F: 3 6 
268 5 273 237 F: 3 1 1 
268 11 312 230 F: 11 
277 13 303 239 F: 13 
301 2 305 95 F: 2 
304 10 314 185 F: 10 
307 8 315 175 F: 3 3 2 
307 10 337 226 F: 5 2 3 
307 12 319 218 F: 12 
317 3 329 12 F: 3 
319 4 331 47 F: 4 
325 10 335 238 F: 5 2 3 
329 2 337 50 F: 2 
329 7 336 19 F: 7 
350 13 402 207 F: 13 
368 7 389 103 F: 2 5 
373 8 389 147 F: 2 6 
373 9 400 139 F: 5 2 2 
374 9 401 78 F: 7 2 
374 12 386 30 F: 12 
382 12 430 247 F: 5 3 4 
394 6 400 115 F: 2 4 
395 10 425 3 F: 6 4 
399 11 432 98 F: 7 4 
405 6 417 97 F: 3 3 
407 8 431 237 F: 4 4 
409 5 424 133 F: 3 2 
410 10 420 82 F: 10 
414 9 441 159 F: 2 4 3 
431 8 463 36 F: 5 3 
435 8 459 26 F: 4 4 
437 11 470 224 F: 11 
444 10 474 107 F: 5 5 
445 5 460 54 F: 3 1 1 
445 6 469 86 F: 6 
450 6 462 222 F: 5 1 
451 6 469 15 F: 6 
451 10 471 143 F: 10 
457 11 501 191 F: 6 5 
461 6 485 138 F: 3 3 
477 7 498 17 F: 3 2 2 
484 8 492 30 F: 4 4 
491 13 504 93 F: 7 6 
494 4 502 64 F: 4 
510 9 537 76 F: 7 2 
513 12 537 191 F: 12 
514 8 530 31 F: 4 1 3 
515 12 527 222 F: 12 
519 13 571 122 F: 13 
543 8 551 248 F: 3 3 2 
544 5 554 21 F: 4 1 
549 6 567 91 F: 2 2 2 
549 10 579 25 F: 4 6 
550 13 563 51 F: 7 6 
556 11 600 81 F: 5 3 3 
559 6 583 227 F: 2 4 
559 7 566 187 F: 2 2 3 
559 10 569 5 F: 5 1 4 
572 5 592 213 F: 5 
581 7 609 214 F: 6 1 
589 10 619 160 F: 10 
595 5 615 61 F: 5 
595 11 606 154 F: 11 
598 7 605 85 F: 3 2 2 
600 7 621 61 F: 3 1 3 
602 8 618 191 F: 7 1 
606 11 617 188 F: 11 
618 11 640 38 F: 5 4 2 
621 4 629 87 F: 4 
622 8 638 137 F: 5 2 1 
638 9 665 218 F: 2 3 4 
642 8 650 191 F: 2 6 
646 9 682 88 F: 4 4 1 
657 8 689 216 F: 3 4 1 
662 9 698 77 F: 3 4 2 
666 3 672 186 F: 3 
666 7 673 169 F: 2 2 3 
666 12 690 225 F: 6 6 
670 6 688 175 F: 2 4 
679 10 689 243 F: 3 3 4 
679 12 691 247 F: 12 
681 6 687 15 F: 2 3 1 
681 6 687 54 F: 6 
695 8 703 53 F: 2 6 
706 9 715 19 F: 3 4 2 
707 9 725 185 F: 2 3 4 
707 9 734 192 F: 5 4 
717 8 749 183 F: 8 
723 8 739 149 F: 5 1 2 
727 7 748 15 F: 2 3 2 
734 10 754 16 F: 10 
734 10 764 142 F: 6 4 
747 7 768 170 F: 3 2 2 
758 8 766 2 F: 5 1 2 
764 4 768 137 F: 4 
773 12 797 96 F: 6 6 
777 7 798 30 F: 6 1 
781 8 813 102 F: 4 1 3 
789 6 795 83 F: 2 4 
792 10 802 21 F: 5 2 3 
797 7 811 76 F: 3 1 3 
797 12 833 213 F: 4 4 4 
798 12 846 134 F: 12 
799 4 807 204 F: 2 2 
805 9 841 102 F: 3 4 2 
815 5 835 110 F: 2 2 1 
825 10 855 105 F: 4 6 
825 12 837 27 F: 6 6 
826 12 838 112 F: 12 
829 10 849 242 F: 5 5 
830 6 842 216 F: 6 
836 3 848 223 F: 2 1 
838 8 854 192 F: 6 2 
842 10 852 118 F: 10 
846 8 870 179 F: 4 1 3 
852 5 862 248 F: 5 
865 8 889 167 F: 8 
870 13 896 198 F: 7 6 
873 12 909 60 F: 12 
875 9 902 175 F: 2 4 3 
882 12 894 13 F: 5 3 4 
883 7 904 58 F: 3 1 3 
886 6 892 80 F: 3 1 2 
893 9 920 209 F: 5 4 
901 2 903 48 F: 2 
907 5 917 235 F: 4 1 
911 11 933 213 F: 5 4 2 
931 6 937 74 F: 2 3 1 
943 12 991 104 F: 7 5 
946 6 952 180 F: 2 4 
947 8 963 84 F: 8 
947 8 979 150 F: 8 
960 11 971 188 F: 5 2 4 
961 8 985 110 F: 4 3 1 
965 9 974 112 F: 2 4 3 
975 7 989 210 F: 6 1 
980 12 1028 62 F: 12 
984 11 1017 118 F: 11 
988 10 1008 160 F: 5 5 
989 4 997 171 F: 4 
989 13 1002 188 F: 13 
993 10 1013 197 F: 10 
994 9 1003 239 F: 4 5 
998 6 1022 78 F: 5 1 
1024 9 1060 39 F: 6 3 
1025 8 1041 151 F: 8 
1029 9 1056 206 F: 4 5 
1034 9 1043 211 F: 9 
1036 7 1057 79 F: 2 2 3 
1043 7 1064 22 F: 2 4 1 
1051 12 1099 6 F: 12 
1055 4 1063 52 F: 2 2 
1055 9 1091 107 F: 4 4 1 
1055 10 1065 68 F: 6 4 
1065 6 1071 116 F: 6 
1066 3 1075 2 F: 2 1 
1077 6 1089 197 F: 2 4 
1082 8 1106 245 F: 4 3 1 
1084 13 1136 96 F: 13 
1092 3 1101 30 F: 3 
1094 10 1114 232 F: 3 4 3 
1096 3 1099 140 F: 2 1 
1096 8 1104 65 F: 8 
1098 7 1119 130 F: 5 2 
1100 7 1121 178 F: 5 2 
1101 9 1110 239 F: 4 5 
1110 5 1120 119 F: 5 
1110 8 1134 32 F: 7 1 
1110 10 1150 9 F: 5 1 4 
1122 8 1138 132 F: 3 5 
1132 9 1150 51 F: 7 2 
1135 10 1145 105 F: 10 
1138 10 1178 133 F: 10 
1138 11 1182 192 F: 6 5 
1154 8 1186 79 F: 4 1 3 
1156 11 1178 210 F: 11 
1165 11 1209 204 F: 5 3 3 
1166 9 1184 222 F: 3 3 3 
1170 11 1192 185 F: 11 
1179 8 1203 163 F: 5 1 2 
1182 8 1190 175 F: 2 3 3 
1184 9 1193 56 F: 9 
1186 6 1204 120 F: 2 1 3 
1195 12 1207 199 F: 6 6 
1207 10 1227 232 F: 3 3 4 
1234 10 1254 134 F: 4 2 4 
1240 9 1258 169 F: 7 2 
1246 3 1258 44 F: 3 
1246 12 1282 77 F: 5 3 4 
1264 9 1282 29 F: 5 4 
1273 13 1325 194 F: 13 
1279 13 1305 242 F: 13 
1288 6 1300 49 F: 6 
1290 13 1342 15 F: 13 
D: 26 211 
D: 27 49 
D: 28 188 
D: 31 112 
D: 34 163 
D: 35 230 
D: 38 120 
D: 39 200 
D: 41 102 
D: 42 62 
D: 54 192 
D: 59 155 
D: 77 193 
D: 83 211 
D: 92 135 
D: 98 134 
D: 103 203 
D: 104 190 
D: 125 136 
D: 136 209 
D: 137 191 
D: 137 248 
D: 141 204 
D: 171 202 
D: 192 203 
