12 7 19 184 F: 4 3 
16 2 22 122 F: 2 
21 7 49 89 F: 3 2 2 
24 9 60 165 F: 3 2 4 
25 7 39 66 F: 3 1 3 
36 6 54 160 F: 6 
36 9 54 89 F: 3 6 
41 3 53 193 F: 2 1 
48 11 59 11 F: 7 4 
60 4 72 131 F: 3 1 
60 11 104 164 F: 5 4 2 
69 12 81 10 F: 12 
71 4 75 8 F: 3 1 
72 9 81 43 F: 4 5 
72 11 116 10 F: 3 4 4 
74 12 110 192 F: 6 6 
75 8 83 96 F: 5 1 2 
76 6 88 195 F: 4 2 
84 8 108 42 F: 4 2 2 
89 6 107 200 F: 6 
101 11 112 160 F: 11 
103 8 111 52 F: 4 1 3 
104 9 122 144 F: 9 
114 5 119 13 F: 5 
123 4 135 54 F: 4 
129 8 137 169 F: 4 1 3 
131 2 139 104 F: 2 
132 9 150 191 F: 5 1 3 
136 2 138 172 F: 2 
136 8 160 170 F: 8 
151 9 187 54 F: 2 4 3 
154 10 194 74 F: 2 4 4 
161 2 169 95 F: 2 
161 8 177 150 F: 3 3 2 
161 10 191 99 F: 10 
165 6 183 52 F: 5 1 
178 8 194 188 F: 6 2 
189 7 196 176 F: 7 
193 10 223 23 F: 4 6 
196 8 220 157 F: 2 2 4 
201 12 225 19 F: 12 
204 8 236 37 F: 8 
207 3 213 172 F: 3 
208 7 236 56 F: 3 3 1 
211 11 222 166 F: 11 
214 10 254 80 F: 5 5 
222 5 242 104 F: 3 2 
229 4 237 134 F: 2 2 
230 7 258 76 F: 4 3 
233 6 251 198 F: 3 3 
233 10 253 91 F: 7 3 
235 9 271 101 F: 3 2 4 
246 5 251 91 F: 2 3 
252 8 284 95 F: 6 2 
254 6 260 32 F: 3 3 
259 8 283 57 F: 4 4 
276 10 316 152 F: 4 3 3 
293 6 305 127 F: 6 
293 9 311 63 F: 3 6 
298 10 338 165 F: 10 
305 5 325 194 F: 2 3 
305 9 332 106 F: 5 4 
307 8 323 69 F: 8 
309 3 312 111 F: 3 
310 12 358 143 F: 12 
313 11 346 56 F: 5 4 2 
317 5 327 63 F: 4 1 
318 7 339 187 F: 3 4 
329 9 365 49 F: 4 5 
334 6 346 114 F: 6 
343 7 371 1 F: 7 
345 10 365 71 F: 4 6 
353 10 363 30 F: 2 4 4 
354 5 364 87 F: 2 1 2 
355 9 391 96 F: 2 4 3 
364 10 394 138 F: 5 1 4 
366 11 410 21 F: 5 6 
371 8 379 19 F: 3 4 1 
384 8 400 40 F: 2 2 4 
393 11 404 198 F: 6 5 
400 8 432 59 F: 3 2 3 
402 8 410 72 F: 6 2 
404 5 424 93 F: 5 
410 8 434 28 F: 8 
416 4 424 97 F: 4 
416 8 424 79 F: 8 
419 9 455 81 F: 5 4 
420 11 453 99 F: 6 5 
426 8 450 87 F: 4 4 
431 12 467 73 F: 12 
440 8 464 13 F: 8 
440 11 462 198 F: 11 
441 3 453 195 F: 3 
446 13 472 66 F: 7 6 
449 10 489 115 F: 10 
452 10 482 73 F: 3 3 4 
465 8 481 1 F: 8 
482 12 530 178 F: 12 
486 11 519 54 F: 4 3 4 
493 8 525 175 F: 3 5 
506 11 517 169 F: 5 4 2 
512 4 528 5 F: 3 1 
512 4 528 89 F: 4 
513 8 529 4 F: 8 
515 2 517 194 F: 2 
520 10 550 149 F: 3 4 3 
524 9 551 50 F: 9 
526 8 550 31 F: 2 6 
529 7 543 122 F: 3 2 2 
538 9 547 168 F: 2 4 3 
543 6 549 27 F: 3 3 
543 7 564 51 F: 6 1 
547 2 549 129 F: 2 
549 8 565 157 F: 6 2 
568 3 574 12 F: 2 1 
577 10 607 163 F: 5 4 1 
581 10 611 37 F: 4 2 4 
585 9 612 173 F: 4 5 
594 7 615 21 F: 7 
596 5 601 36 F: 3 2 
601 12 637 133 F: 12 
603 10 633 117 F: 10 
628 10 658 127 F: 6 4 
629 13 668 108 F: 13 
630 10 670 62 F: 10 
633 8 641 109 F: 8 
635 8 667 128 F: 8 
635 9 671 56 F: 3 3 3 
641 8 673 27 F: 4 2 2 
641 8 673 185 F: 8 
641 9 668 189 F: 4 1 4 
648 10 668 182 F: 4 6 
651 7 672 125 F: 2 5 
653 6 671 167 F: 5 1 
666 13 705 98 F: 13 
675 8 683 5 F: 2 6 
681 11 703 63 F: 11 
685 3 688 58 F: 2 1 
686 7 714 39 F: 2 5 
687 11 709 45 F: 7 4 
705 3 711 110 F: 3 
705 3 714 122 F: 3 
705 7 733 123 F: 4 3 
712 5 717 191 F: 4 1 
713 10 733 83 F: 5 3 2 
717 4 729 150 F: 2 1 1 
738 4 750 41 F: 3 1 
742 10 762 44 F: 5 5 
748 7 755 104 F: 2 5 
748 9 775 54 F: 4 3 2 
751 13 764 12 F: 13 
757 6 781 19 F: 6 
760 12 808 110 F: 12 
763 10 793 189 F: 4 2 4 
770 7 784 105 F: 4 1 2 
770 11 814 70 F: 3 4 4 
771 10 781 188 F: 10 
791 13 817 169 F: 7 6 
797 12 833 77 F: 12 
799 4 811 98 F: 2 1 1 
804 7 825 55 F: 7 
814 5 824 52 F: 3 1 1 
818 3 821 44 F: 3 
831 8 839 107 F: 7 1 
839 10 869 82 F: 6 4 
841 7 862 132 F: 2 4 1 
842 11 875 14 F: 3 4 4 
843 8 859 130 F: 3 5 
847 2 849 154 F: 2 
855 9 873 158 F: 4 1 4 
856 13 882 49 F: 13 
858 6 864 18 F: 2 4 
859 6 871 13 F: 6 
864 11 886 167 F: 5 6 
875 8 899 111 F: 3 2 3 
877 7 891 33 F: 2 1 4 
883 2 885 98 F: 2 
895 7 923 167 F: 4 2 1 
896 10 936 18 F: 6 4 
897 7 925 157 F: 5 2 
901 8 909 177 F: 3 2 3 
903 9 930 53 F: 9 
906 6 918 71 F: 6 
912 10 942 176 F: 2 4 4 
913 4 925 156 F: 4 
916 2 920 108 F: 2 
916 6 922 173 F: 2 4 
941 13 967 120 F: 7 6 
950 6 968 15 F: 6 
955 9 964 3 F: 5 2 2 
962 10 1002 40 F: 4 6 
967 11 989 144 F: 3 4 4 
968 6 974 186 F: 3 2 1 
971 3 977 200 F: 2 1 
976 2 978 70 F: 2 
981 10 991 21 F: 4 4 2 
984 10 994 98 F: 10 
990 6 1002 43 F: 5 1 
995 8 1003 66 F: 4 2 2 
996 7 1010 86 F: 7 
D: 1 166 
D: 1 167 
D: 5 140 
D: 8 112 
D: 15 92 
D: 18 153 
D: 33 38 
D: 35 38 
D: 35 194 
D: 36 59 
D: 36 141 
D: 42 184 
D: 45 171 
D: 52 76 
D: 65 179 
D: 69 114 
D: 81 142 
D: 91 86 
D: 140 169 
D: 144 146 
