0 6 18 82 F: 4 1 1 
3 7 24 148 F: 3 3 1 
3 10 33 16 F: 7 3 
17 6 41 97 F: 3 1 2 
20 7 27 120 F: 3 2 2 
26 7 33 13 F: 3 3 1 
26 9 35 240 F: 9 
29 13 81 207 F: 13 
39 13 91 115 F: 5 4 4 
44 7 72 20 F: 5 2 
51 9 78 147 F: 4 2 3 
53 7 60 25 F: 7 
58 2 64 111 F: 2 
58 8 82 225 F: 7 1 
62 8 78 32 F: 2 6 
63 10 103 188 F: 4 3 3 
66 3 78 237 F: 3 
74 7 81 57 F: 5 1 1 
81 8 113 241 F: 6 2 
96 8 104 93 F: 7 1 
100 11 133 166 F: 7 4 
106 9 142 117 F: 2 3 4 
109 4 117 90 F: 2 2 
111 13 137 29 F: 13 
113 6 119 216 F: 3 3 
133 8 157 47 F: 8 
139 10 159 17 F: 5 5 
142 7 149 159 F: 4 2 1 
149 4 153 123 F: 3 1 
149 9 158 114 F: 3 4 2 
150 8 174 23 F: 3 2 3 
150 13 163 217 F: 13 
151 5 156 73 F: 5 
151 9 169 8 F: 3 4 2 
160 8 192 249 F: 6 2 
166 7 173 41 F: 5 1 1 
169 9 205 137 F: 9 
171 2 173 25 F: 2 
187 5 192 25 F: 3 1 1 
191 8 215 236 F: 2 2 4 
204 2 210 219 F: 2 
208 11 241 225 F: 6 5 
215 7 236 138 F: 6 1 
215 10 235 67 F: 5 4 1 
218 5 233 189 F: 5 
218 8 226 45 F: 4 4 
228 9 237 40 F: 7 2 
228 9 255 221 F: 4 3 2 
229 6 241 22 F: 6 
230 9 266 196 F: 5 1 3 
235 7 256 218 F: 6 1 
254 8 278 245 F: 3 2 3 
263 3 275 249 F: 2 1 
274 6 298 18 F: 3 2 1 
282 7 296 68 F: 7 
282 10 302 118 F: 10 
284 10 294 184 F: 4 2 4 
289 8 313 130 F: 8 
291 5 311 59 F: 5 
297 6 309 138 F: 3 2 1 
301 2 303 231 F: 2 
302 6 326 70 F: 3 1 2 
310 11 343 241 F: 6 5 
311 10 351 204 F: 5 5 
314 2 318 221 F: 2 
320 8 344 145 F: 8 
325 10 345 55 F: 5 5 
335 2 343 55 F: 2 
336 7 357 146 F: 3 3 1 
344 8 360 100 F: 7 1 
357 9 366 221 F: 2 4 3 
358 9 394 1 F: 4 2 3 
368 7 375 49 F: 6 1 
373 8 381 1 F: 3 5 
374 10 384 8 F: 10 
377 8 409 238 F: 3 1 4 
381 6 399 193 F: 3 3 
388 4 392 237 F: 2 2 
394 9 403 29 F: 7 2 
396 8 404 193 F: 4 4 
404 5 414 243 F: 3 1 1 
405 12 429 167 F: 6 6 
412 8 444 191 F: 7 1 
415 13 467 117 F: 13 
416 8 424 64 F: 5 3 
417 9 453 180 F: 9 
417 11 450 3 F: 7 4 
420 13 446 156 F: 13 
421 5 426 189 F: 3 2 
421 5 441 128 F: 2 3 
427 7 455 228 F: 7 
428 6 434 83 F: 6 
440 9 467 207 F: 9 
444 8 452 211 F: 3 5 
450 8 458 145 F: 3 1 4 
451 9 460 48 F: 3 2 4 
469 7 483 197 F: 4 3 
474 5 484 102 F: 3 1 1 
476 9 512 50 F: 9 
486 6 498 130 F: 3 3 
503 8 527 106 F: 5 2 1 
508 11 541 23 F: 11 
512 5 517 43 F: 2 1 2 
512 5 532 145 F: 3 1 1 
514 4 526 193 F: 4 
514 7 521 193 F: 2 5 
521 5 531 153 F: 5 
527 8 543 207 F: 4 2 2 
528 10 558 159 F: 5 4 1 
529 5 534 14 F: 5 
532 10 562 150 F: 6 4 
536 8 544 87 F: 8 
536 13 575 95 F: 5 4 4 
537 11 548 200 F: 4 4 3 
551 6 569 238 F: 6 
553 3 565 29 F: 2 1 
561 3 570 134 F: 3 
569 12 593 246 F: 12 
574 6 598 202 F: 2 1 3 
594 11 638 169 F: 11 
601 5 611 168 F: 3 2 
602 2 606 130 F: 2 
604 13 656 105 F: 13 
610 8 618 37 F: 4 1 3 
613 8 629 31 F: 4 4 
617 8 633 200 F: 2 4 2 
627 6 651 228 F: 6 
638 13 664 103 F: 7 6 
640 5 645 11 F: 4 1 
642 6 660 47 F: 3 1 2 
643 13 669 230 F: 13 
654 6 660 1 F: 3 2 1 
656 7 663 74 F: 3 4 
658 5 663 215 F: 2 1 2 
663 8 695 106 F: 8 
667 7 688 234 F: 5 2 
682 9 718 148 F: 3 4 2 
683 8 707 230 F: 5 1 2 
690 3 696 240 F: 2 1 
699 10 739 60 F: 10 
700 5 705 219 F: 5 
707 8 715 202 F: 6 2 
711 10 731 143 F: 4 2 4 
716 5 726 45 F: 2 3 
717 13 769 118 F: 7 6 
734 4 738 167 F: 2 2 
734 7 762 6 F: 4 3 
745 8 753 44 F: 5 1 2 
751 6 763 82 F: 6 
752 2 754 136 F: 2 
757 3 769 71 F: 3 
758 8 782 20 F: 5 1 2 
761 12 809 162 F: 6 6 
762 5 777 125 F: 5 
770 11 792 54 F: 11 
771 2 773 144 F: 2 
778 9 796 161 F: 3 4 2 
782 6 788 191 F: 6 
782 10 802 197 F: 4 2 4 
793 10 823 197 F: 5 1 4 
803 6 809 77 F: 4 2 
808 5 823 100 F: 3 2 
812 9 848 244 F: 9 
828 8 844 186 F: 8 
831 6 837 42 F: 2 4 
847 13 899 234 F: 5 4 4 
851 10 871 106 F: 4 6 
856 10 886 134 F: 4 4 2 
858 9 885 89 F: 4 1 4 
860 5 875 147 F: 4 1 
866 12 902 144 F: 12 
869 7 883 143 F: 4 2 1 
876 7 904 90 F: 2 5 
878 8 886 73 F: 3 5 
879 6 885 239 F: 6 
881 2 885 73 F: 2 
881 10 911 236 F: 5 5 
885 9 903 173 F: 4 3 2 
887 10 917 129 F: 5 2 3 
894 2 900 209 F: 2 
904 12 952 8 F: 12 
906 7 934 241 F: 3 4 
912 5 922 220 F: 2 1 2 
915 9 951 144 F: 6 3 
916 11 960 165 F: 5 2 4 
918 8 942 184 F: 2 3 3 
922 4 938 13 F: 2 1 1 
922 8 938 198 F: 8 
926 8 934 25 F: 6 2 
929 10 949 191 F: 5 5 
938 6 962 174 F: 2 4 
943 10 963 4 F: 4 6 
950 2 956 236 F: 2 
956 6 980 56 F: 3 3 
965 6 983 58 F: 3 3 
971 9 1007 240 F: 3 2 4 
971 10 991 66 F: 10 
974 9 1010 119 F: 9 
974 10 994 226 F: 10 
992 9 1019 229 F: 5 4 
1000 5 1010 128 F: 4 1 
1001 9 1019 39 F: 4 5 
1001 12 1025 198 F: 6 6 
1002 7 1023 105 F: 6 1 
1021 2 1025 227 F: 2 
1022 6 1028 97 F: 6 
1023 6 1029 62 F: 2 3 1 
1024 9 1060 116 F: 5 4 
1027 3 1036 114 F: 2 1 
1028 10 1058 161 F: 4 6 
1035 11 1046 227 F: 3 4 4 
1037 5 1057 35 F: 2 3 
1052 5 1057 5 F: 2 3 
1056 4 1068 238 F: 3 1 
1059 4 1071 210 F: 2 2 
1068 9 1086 184 F: 3 3 3 
1079 8 1095 227 F: 3 5 
1085 9 1094 174 F: 4 4 1 
1091 7 1119 7 F: 2 4 1 
1097 11 1141 108 F: 7 4 
1102 2 1110 66 F: 2 
1104 7 1118 81 F: 7 
1104 10 1124 126 F: 7 3 
1114 4 1118 29 F: 2 2 
1114 6 1126 176 F: 2 4 
1119 9 1155 61 F: 4 3 2 
1133 6 1145 136 F: 6 
1137 11 1159 118 F: 11 
1142 6 1154 64 F: 4 1 1 
1157 10 1197 227 F: 5 5 
1158 8 1174 74 F: 6 2 
1161 11 1183 24 F: 5 3 3 
1166 3 1175 114 F: 3 
1175 9 1193 133 F: 3 4 2 
1177 5 1192 93 F: 3 2 
1180 11 1191 233 F: 5 3 3 
1181 4 1197 77 F: 3 1 
1182 9 1200 85 F: 6 3 
1193 9 1202 247 F: 2 4 3 
1196 11 1218 226 F: 11 
1223 11 1267 171 F: 11 
1240 4 1248 54 F: 4 
1249 12 1285 195 F: 7 5 
1263 7 1270 225 F: 4 3 
1267 12 1315 221 F: 12 
1273 6 1297 232 F: 3 2 1 
1275 8 1299 177 F: 5 2 1 
1291 10 1331 161 F: 5 5 
1294 7 1322 9 F: 2 3 2 
1299 7 1306 99 F: 3 1 3 
D: 9 15 
D: 12 186 
D: 26 89 
D: 26 157 
D: 27 35 
D: 28 43 
D: 33 248 
D: 37 87 
D: 42 210 
D: 50 91 
D: 56 59 
D: 72 217 
D: 76 85 
D: 80 243 
D: 83 151 
D: 85 201 
D: 88 193 
D: 100 119 
D: 125 178 
D: 130 193 
D: 135 185 
D: 145 169 
D: 154 173 
D: 198 227 
D: 233 238 
