2 3 5 4 F: 2 1 
10 3 22 83 F: 3 
14 8 38 170 F: 2 6 
16 7 30 56 F: 3 1 3 
25 8 57 227 F: 2 4 2 
36 9 54 159 F: 3 3 3 
37 9 46 146 F: 7 2 
39 6 51 186 F: 3 3 
39 9 66 117 F: 7 2 
43 11 87 175 F: 11 
44 11 66 78 F: 11 
60 12 108 227 F: 5 4 3 
63 8 87 65 F: 2 6 
68 4 76 142 F: 4 
75 6 81 225 F: 2 1 3 
85 9 103 138 F: 5 1 3 
89 10 129 56 F: 7 3 
94 9 103 131 F: 9 
96 13 148 203 F: 13 
98 3 104 47 F: 3 
101 10 141 120 F: 4 6 
116 13 129 196 F: 13 
117 9 126 187 F: 4 5 
122 6 146 28 F: 6 
129 10 149 29 F: 10 
133 5 138 242 F: 3 1 1 
137 3 146 64 F: 3 
146 7 167 154 F: 7 
148 9 157 220 F: 7 2 
148 12 172 209 F: 12 
149 8 173 182 F: 2 6 
151 9 169 31 F: 9 
156 6 174 168 F: 6 
161 13 200 162 F: 7 6 
175 7 189 204 F: 2 5 
177 7 184 140 F: 3 4 
188 10 228 214 F: 10 
192 9 210 179 F: 5 4 
194 12 230 144 F: 12 
195 7 223 216 F: 7 
214 12 250 188 F: 12 
216 8 248 25 F: 3 4 1 
221 7 242 203 F: 2 5 
227 9 245 229 F: 5 3 1 
228 9 264 60 F: 5 2 2 
230 6 242 166 F: 4 2 
235 10 275 192 F: 4 2 4 
237 6 255 108 F: 6 
243 5 248 21 F: 3 2 
243 6 249 45 F: 6 
243 9 279 152 F: 9 
259 10 289 248 F: 5 4 1 
268 7 282 73 F: 6 1 
270 7 284 45 F: 5 2 
277 4 285 112 F: 4 
287 4 295 142 F: 3 1 
287 9 296 166 F: 5 4 
293 10 303 120 F: 4 3 3 
298 7 305 119 F: 7 
298 8 330 236 F: 5 3 
312 7 326 110 F: 6 1 
317 4 325 39 F: 4 
321 4 333 231 F: 2 1 1 
339 3 342 101 F: 3 
339 10 359 14 F: 10 
342 10 372 154 F: 4 6 
344 10 374 139 F: 4 6 
347 2 349 10 F: 2 
360 8 384 64 F: 4 4 
371 12 383 60 F: 5 3 4 
372 8 388 217 F: 8 
373 8 397 46 F: 2 6 
374 7 395 199 F: 2 3 2 
380 9 416 215 F: 9 
382 6 406 2 F: 2 2 2 
383 5 398 20 F: 2 1 2 
387 7 401 57 F: 2 4 1 
389 12 425 201 F: 12 
390 8 422 140 F: 4 3 1 
396 12 420 141 F: 12 
412 2 420 155 F: 2 
413 9 449 127 F: 9 
419 6 443 235 F: 6 
443 11 454 154 F: 11 
447 8 455 172 F: 8 
448 6 454 111 F: 6 
449 8 465 113 F: 2 2 4 
459 12 495 19 F: 12 
461 5 471 126 F: 2 3 
465 8 473 61 F: 4 2 2 
469 7 497 211 F: 7 
472 5 492 115 F: 4 1 
475 13 501 108 F: 13 
476 12 512 79 F: 4 4 4 
479 6 503 231 F: 2 4 
483 8 491 6 F: 5 3 
496 6 508 3 F: 2 1 3 
498 8 506 11 F: 3 3 2 
498 8 506 199 F: 3 1 4 
499 8 507 133 F: 3 2 3 
501 8 517 239 F: 2 4 2 
502 6 526 100 F: 2 3 1 
512 3 521 124 F: 3 
516 8 548 228 F: 3 2 3 
516 9 534 227 F: 6 3 
518 8 526 88 F: 2 3 3 
523 12 547 105 F: 12 
549 6 573 232 F: 6 
553 7 574 101 F: 6 1 
572 8 580 216 F: 8 
577 7 598 34 F: 7 
579 8 595 195 F: 2 6 
579 9 588 225 F: 4 1 4 
586 7 614 50 F: 4 3 
586 12 622 168 F: 4 4 4 
588 12 612 6 F: 12 
589 10 599 44 F: 7 3 
594 9 621 58 F: 5 4 
595 10 605 171 F: 6 4 
597 4 601 188 F: 4 
605 11 627 46 F: 4 3 4 
615 6 627 108 F: 2 1 3 
623 8 655 243 F: 5 2 1 
625 4 633 228 F: 2 2 
627 4 631 160 F: 4 
634 8 666 216 F: 2 6 
639 12 675 18 F: 4 4 4 
642 2 646 248 F: 2 
643 11 665 4 F: 11 
646 7 660 49 F: 2 5 
650 10 660 67 F: 6 4 
657 6 669 168 F: 3 2 1 
658 7 679 215 F: 6 1 
659 6 683 140 F: 3 3 
660 6 684 29 F: 6 
672 12 708 119 F: 5 3 4 
675 6 681 217 F: 5 1 
676 13 702 212 F: 5 4 4 
685 8 709 48 F: 5 3 
698 2 702 146 F: 2 
702 3 714 59 F: 3 
708 3 720 4 F: 2 1 
709 9 736 199 F: 7 2 
711 9 747 176 F: 3 2 4 
714 7 735 235 F: 3 1 3 
725 8 757 35 F: 4 3 1 
726 6 738 138 F: 4 2 
728 10 768 90 F: 3 4 3 
729 11 740 174 F: 5 4 2 
753 9 771 63 F: 6 3 
754 4 762 80 F: 2 2 
764 10 784 78 F: 10 
770 6 788 152 F: 2 2 2 
775 7 789 90 F: 7 
778 12 802 12 F: 12 
779 4 795 26 F: 3 1 
781 9 790 180 F: 7 2 
785 2 793 37 F: 2 
795 4 807 95 F: 4 
797 11 819 220 F: 11 
800 11 811 191 F: 7 4 
801 9 828 136 F: 5 4 
812 8 836 243 F: 3 5 
828 7 849 51 F: 3 1 3 
832 9 841 75 F: 9 
836 8 852 166 F: 3 5 
841 13 880 70 F: 13 
846 10 856 165 F: 5 4 1 
853 8 869 103 F: 6 2 
857 10 877 196 F: 5 2 3 
859 8 875 116 F: 8 
862 13 901 72 F: 13 
864 12 912 53 F: 12 
865 12 913 159 F: 12 
869 8 901 12 F: 2 2 4 
878 8 886 87 F: 8 
878 10 918 31 F: 3 4 3 
880 5 885 86 F: 3 2 
882 12 894 142 F: 4 4 4 
893 5 898 53 F: 2 1 2 
903 4 911 148 F: 3 1 
903 9 939 181 F: 3 6 
909 8 925 226 F: 3 5 
913 6 931 35 F: 2 4 
913 6 937 96 F: 3 1 2 
921 6 945 248 F: 6 
923 11 956 189 F: 11 
927 9 945 72 F: 3 2 4 
938 8 962 91 F: 8 
939 9 975 144 F: 5 4 
956 9 965 151 F: 9 
966 7 973 131 F: 5 2 
969 5 979 34 F: 5 
969 10 989 23 F: 5 2 3 
970 8 1002 16 F: 7 1 
978 6 996 127 F: 6 
980 8 988 156 F: 3 5 
981 8 1005 214 F: 5 1 2 
983 6 989 20 F: 6 
988 7 1002 223 F: 7 
1005 10 1035 51 F: 10 
1011 5 1021 69 F: 4 1 
1013 8 1029 69 F: 7 1 
1013 11 1046 108 F: 11 
1015 9 1042 248 F: 4 5 
1016 7 1023 95 F: 2 4 1 
1018 8 1042 57 F: 5 2 1 
1035 3 1038 205 F: 2 1 
1045 11 1089 53 F: 11 
1045 12 1069 245 F: 7 5 
1049 3 1061 73 F: 3 
1049 7 1056 191 F: 3 1 3 
1051 10 1061 234 F: 7 3 
1054 9 1090 67 F: 2 4 3 
1056 8 1072 11 F: 3 1 4 
1057 9 1093 91 F: 7 2 
1061 7 1082 31 F: 7 
1065 9 1074 47 F: 3 3 3 
1079 9 1088 74 F: 3 6 
1096 6 1120 229 F: 3 3 
1104 7 1125 139 F: 4 1 2 
1107 5 1117 216 F: 2 2 1 
1114 4 1118 124 F: 3 1 
1116 12 1152 182 F: 5 4 3 
1117 11 1161 8 F: 5 6 
1120 8 1128 18 F: 2 3 3 
1126 4 1130 209 F: 2 2 
1131 3 1140 82 F: 3 
1131 8 1139 176 F: 5 2 1 
1137 4 1153 126 F: 4 
1145 9 1181 82 F: 2 3 4 
1148 7 1155 44 F: 2 1 4 
1160 4 1164 95 F: 4 
1180 8 1212 118 F: 2 6 
1183 9 1201 210 F: 4 1 4 
1192 10 1232 153 F: 5 5 
1192 11 1225 239 F: 3 4 4 
1196 2 1200 152 F: 2 
1196 6 1208 32 F: 2 4 
1196 8 1212 236 F: 8 
1223 12 1247 213 F: 12 
1234 7 1241 127 F: 2 5 
1250 8 1258 93 F: 8 
1255 7 1283 192 F: 4 1 2 
1272 7 1286 8 F: 7 
1276 8 1300 104 F: 2 6 
1278 8 1310 29 F: 5 3 
1285 9 1312 63 F: 3 4 2 
1286 12 1298 97 F: 12 
1295 6 1307 6 F: 3 2 1 
D: 0 44 
D: 6 10 
D: 7 56 
D: 25 185 
D: 30 68 
D: 33 91 
D: 44 61 
D: 44 160 
D: 46 145 
D: 48 249 
D: 59 242 
D: 62 119 
D: 80 240 
D: 85 103 
D: 106 111 
D: 110 223 
D: 111 127 
D: 138 189 
D: 148 217 
D: 151 205 
D: 151 208 
D: 163 210 
D: 166 216 
D: 179 237 
D: 214 230 
