3 7 31 94 F: 4 2 1 
5 9 41 143 F: 7 2 
7 8 39 230 F: 2 6 
8 7 29 138 F: 5 2 
11 9 38 157 F: 4 4 1 
20 3 29 221 F: 2 1 
26 7 47 217 F: 5 2 
30 10 70 227 F: 5 3 2 
31 2 33 207 F: 2 
31 12 55 223 F: 6 6 
40 6 58 128 F: 2 3 1 
43 10 83 95 F: 4 4 2 
47 8 63 85 F: 3 4 1 
48 7 55 54 F: 4 3 
58 12 70 72 F: 7 5 
61 7 82 237 F: 6 1 
64 6 82 229 F: 6 
67 7 81 232 F: 3 3 1 
71 9 107 186 F: 3 2 4 
72 9 99 30 F: 3 6 
101 6 119 32 F: 2 4 
102 8 126 69 F: 8 
107 10 137 155 F: 5 5 
113 3 122 174 F: 3 
120 7 127 183 F: 7 
124 9 160 219 F: 7 2 
129 8 137 26 F: 5 3 
132 7 153 11 F: 5 1 1 
136 8 160 121 F: 3 3 2 
143 7 157 12 F: 7 
143 12 167 41 F: 5 3 4 
157 10 197 170 F: 10 
163 7 170 47 F: 2 5 
164 5 179 153 F: 2 3 
172 9 190 99 F: 4 5 
173 9 200 105 F: 5 4 
181 2 183 200 F: 2 
187 8 195 6 F: 3 3 2 
196 10 216 239 F: 10 
198 6 204 248 F: 6 
200 9 218 189 F: 9 
205 6 229 230 F: 2 4 
209 6 233 134 F: 2 4 
210 5 215 113 F: 4 1 
224 8 232 128 F: 3 3 2 
227 9 254 101 F: 4 5 
228 10 268 19 F: 10 
233 7 247 194 F: 6 1 
233 8 241 200 F: 2 3 3 
239 9 257 102 F: 4 3 2 
242 9 251 126 F: 3 4 2 
246 13 259 121 F: 13 
258 8 266 113 F: 5 1 2 
261 4 265 114 F: 3 1 
264 9 282 88 F: 5 1 3 
267 7 288 239 F: 2 3 2 
268 3 280 246 F: 3 
268 9 304 7 F: 4 5 
269 12 317 170 F: 12 
286 6 304 131 F: 2 2 2 
304 8 328 63 F: 5 1 2 
308 5 323 138 F: 2 3 
308 6 326 49 F: 3 3 
310 7 331 161 F: 3 4 
316 7 344 106 F: 2 5 
326 12 350 187 F: 5 3 4 
329 9 356 227 F: 3 2 4 
331 10 351 102 F: 3 3 4 
336 5 356 61 F: 3 1 1 
354 9 390 210 F: 6 3 
359 7 366 195 F: 3 1 3 
363 5 368 99 F: 3 2 
372 7 379 154 F: 4 1 2 
372 12 396 108 F: 7 5 
374 9 401 113 F: 9 
379 8 411 161 F: 5 3 
388 6 400 197 F: 4 2 
389 8 421 136 F: 8 
390 8 414 29 F: 3 4 1 
393 9 411 111 F: 6 3 
400 8 424 211 F: 2 2 4 
410 12 446 11 F: 5 3 4 
411 9 438 85 F: 5 3 1 
412 5 432 178 F: 2 1 2 
426 5 436 211 F: 2 3 
429 5 449 69 F: 5 
430 7 437 212 F: 7 
432 11 465 164 F: 3 4 4 
442 6 448 38 F: 6 
442 10 472 219 F: 4 6 
449 3 452 157 F: 2 1 
461 8 469 122 F: 4 4 
470 8 502 177 F: 7 1 
471 10 491 239 F: 4 2 4 
471 11 493 149 F: 5 6 
471 13 523 92 F: 7 6 
482 11 504 7 F: 7 4 
483 10 493 156 F: 5 3 2 
484 13 523 215 F: 13 
498 6 516 55 F: 5 1 
503 9 512 176 F: 7 2 
509 7 530 180 F: 3 4 
528 5 548 85 F: 5 
530 9 566 9 F: 9 
530 10 540 198 F: 10 
535 11 557 98 F: 5 2 4 
539 11 550 49 F: 3 4 4 
540 7 554 121 F: 2 2 3 
543 7 557 184 F: 7 
561 8 593 55 F: 4 3 1 
572 9 581 128 F: 2 4 3 
574 10 594 195 F: 5 5 
576 11 598 143 F: 11 
577 8 601 209 F: 2 3 3 
580 5 585 39 F: 2 2 1 
584 9 620 189 F: 6 3 
585 5 605 160 F: 5 
586 12 610 27 F: 6 6 
588 6 606 222 F: 3 3 
596 2 600 221 F: 2 
608 10 638 18 F: 5 3 2 
615 9 633 232 F: 3 6 
617 8 641 14 F: 8 
625 11 636 56 F: 7 4 
626 9 644 88 F: 5 3 1 
632 5 652 148 F: 2 2 1 
633 5 653 58 F: 2 2 1 
643 8 675 236 F: 6 2 
643 12 691 117 F: 5 4 3 
646 7 653 105 F: 2 2 3 
648 7 655 111 F: 5 2 
651 4 655 32 F: 2 1 1 
658 4 670 196 F: 4 
660 7 667 4 F: 3 4 
660 7 681 107 F: 5 2 
662 8 694 150 F: 3 2 3 
665 13 704 196 F: 13 
667 9 685 50 F: 3 6 
667 9 703 187 F: 9 
695 4 711 104 F: 4 
700 7 714 38 F: 3 4 
707 6 719 208 F: 2 1 3 
707 7 735 49 F: 2 3 2 
726 9 735 137 F: 9 
728 6 734 169 F: 6 
729 9 756 103 F: 4 5 
729 11 751 123 F: 7 4 
732 8 756 51 F: 6 2 
736 10 756 58 F: 5 5 
741 6 753 225 F: 4 1 1 
746 6 764 171 F: 5 1 
755 7 762 83 F: 4 1 2 
761 7 768 149 F: 3 4 
775 8 799 175 F: 7 1 
779 4 783 99 F: 4 
784 8 808 3 F: 3 3 2 
785 5 795 232 F: 4 1 
786 7 814 89 F: 2 4 1 
789 8 821 191 F: 5 3 
789 10 819 189 F: 4 4 2 
804 9 831 158 F: 5 2 2 
806 4 814 234 F: 4 
808 9 817 148 F: 7 2 
810 10 830 149 F: 10 
812 8 820 26 F: 3 4 1 
821 8 837 74 F: 3 5 
825 9 852 198 F: 4 5 
826 10 866 84 F: 7 3 
828 9 837 37 F: 3 6 
838 10 868 204 F: 6 4 
842 8 850 100 F: 2 6 
842 10 882 141 F: 4 6 
851 8 867 17 F: 3 2 3 
858 6 882 243 F: 6 
862 11 906 179 F: 6 5 
878 13 904 23 F: 13 
882 10 922 194 F: 5 4 1 
892 4 896 180 F: 3 1 
892 13 944 38 F: 13 
895 9 931 189 F: 3 3 3 
904 2 912 199 F: 2 
906 8 930 72 F: 2 6 
911 8 943 182 F: 8 
914 5 934 228 F: 5 
914 9 941 81 F: 4 2 3 
918 7 939 189 F: 4 1 2 
920 11 953 25 F: 11 
924 13 937 44 F: 7 6 
948 5 953 184 F: 5 
950 6 974 157 F: 4 2 
952 9 979 45 F: 9 
956 8 972 49 F: 4 4 
960 11 971 69 F: 5 3 3 
976 8 992 101 F: 4 1 3 
980 6 986 99 F: 6 
981 7 1002 39 F: 3 1 3 
990 5 1005 116 F: 4 1 
992 10 1002 68 F: 2 4 4 
992 10 1032 81 F: 3 3 4 
997 7 1004 64 F: 3 4 
1004 7 1011 45 F: 2 5 
1004 8 1028 230 F: 8 
1009 10 1039 13 F: 5 2 3 
1015 9 1033 149 F: 6 3 
1015 11 1037 59 F: 4 3 4 
1019 11 1030 209 F: 11 
1024 12 1072 101 F: 7 5 
1027 7 1055 177 F: 7 
1027 12 1051 141 F: 7 5 
1033 10 1043 149 F: 4 4 2 
1043 8 1075 29 F: 7 1 
1046 8 1078 213 F: 3 3 2 
1049 7 1077 247 F: 2 3 2 
1050 6 1062 112 F: 6 
1052 2 1056 62 F: 2 
1061 9 1079 127 F: 5 2 2 
1069 6 1081 151 F: 2 3 1 
1080 9 1089 88 F: 4 5 
1087 8 1103 169 F: 8 
1093 7 1107 224 F: 7 
1102 3 1114 24 F: 3 
1113 9 1149 16 F: 2 4 3 
1121 5 1131 150 F: 2 2 1 
1127 7 1155 62 F: 7 
1129 4 1145 87 F: 4 
1129 13 1142 56 F: 13 
1133 6 1139 19 F: 3 3 
1136 9 1163 53 F: 2 4 3 
1138 7 1166 14 F: 5 2 
1139 5 1149 80 F: 5 
1148 2 1152 18 F: 2 
1151 9 1160 248 F: 3 6 
1159 8 1167 59 F: 5 1 2 
1160 10 1190 101 F: 4 4 2 
1169 4 1181 196 F: 3 1 
1172 5 1187 19 F: 5 
1175 5 1195 9 F: 4 1 
1187 4 1191 53 F: 4 
1188 5 1208 247 F: 3 1 1 
1190 2 1194 241 F: 2 
1210 11 1232 222 F: 3 4 4 
1217 12 1265 5 F: 6 6 
1226 7 1240 166 F: 3 2 2 
1226 11 1259 106 F: 11 
1244 7 1251 153 F: 2 2 3 
1252 7 1280 206 F: 3 4 
1270 6 1294 247 F: 2 3 1 
1280 8 1304 130 F: 2 6 
1290 10 1320 160 F: 10 
1294 3 1297 242 F: 3 
D: 12 81 
D: 13 187 
D: 21 181 
D: 36 153 
D: 43 224 
D: 48 178 
D: 55 134 
D: 64 158 
D: 65 124 
D: 66 80 
D: 69 248 
D: 72 214 
D: 73 183 
D: 73 234 
D: 96 101 
D: 98 138 
D: 101 149 
D: 102 216 
D: 113 174 
D: 113 181 
D: 129 249 
D: 135 172 
D: 175 228 
D: 187 238 
D: 222 234 
