3 3 6 135 F: 2 1 
4 6 10 138 F: 4 2 
7 10 27 63 F: 4 6 
8 4 20 112 F: 4 
9 6 21 142 F: 6 
20 4 36 70 F: 3 1 
21 3 30 194 F: 2 1 
44 5 54 195 F: 3 1 1 
46 9 64 100 F: 6 3 
59 9 95 118 F: 5 1 3 
61 10 91 89 F: 10 
62 11 95 197 F: 11 
64 10 74 213 F: 5 1 4 
67 13 93 213 F: 13 
70 10 90 164 F: 5 3 2 
84 2 90 147 F: 2 
85 10 105 211 F: 2 4 4 
91 12 103 61 F: 12 
96 11 118 227 F: 11 
98 10 108 39 F: 4 4 2 
101 2 103 209 F: 2 
104 4 108 167 F: 2 1 1 
107 9 143 151 F: 3 4 2 
125 4 129 31 F: 4 
143 9 161 84 F: 9 
150 8 158 4 F: 6 2 
154 13 206 218 F: 13 
157 6 163 72 F: 6 
157 6 175 179 F: 5 1 
159 7 187 121 F: 2 5 
167 11 211 129 F: 5 6 
168 4 184 151 F: 2 2 
179 8 211 56 F: 7 1 
180 7 201 210 F: 7 
184 12 208 21 F: 12 
189 5 209 188 F: 5 
193 8 201 198 F: 5 2 1 
195 9 231 83 F: 4 3 2 
199 8 231 109 F: 5 3 
199 9 208 246 F: 4 1 4 
221 7 249 39 F: 7 
223 7 244 42 F: 2 3 2 
227 9 245 62 F: 4 5 
242 8 250 48 F: 3 5 
242 11 275 124 F: 4 3 4 
248 7 276 50 F: 5 1 1 
250 9 286 163 F: 3 4 2 
252 12 264 154 F: 7 5 
253 10 293 206 F: 3 4 3 
255 13 268 191 F: 5 4 4 
269 6 293 161 F: 6 
274 7 288 160 F: 3 3 1 
274 9 283 93 F: 9 
278 2 286 122 F: 2 
278 11 300 163 F: 11 
287 5 297 208 F: 5 
289 5 309 104 F: 2 1 2 
289 11 322 120 F: 4 4 3 
291 12 315 168 F: 7 5 
292 9 301 141 F: 7 2 
301 11 323 242 F: 5 4 2 
325 4 341 133 F: 2 1 1 
326 8 334 2 F: 8 
328 11 350 51 F: 5 6 
331 11 342 103 F: 6 5 
336 10 356 155 F: 10 
337 10 347 43 F: 5 1 4 
344 13 383 98 F: 13 
346 6 364 89 F: 2 4 
362 12 410 4 F: 12 
367 5 387 92 F: 3 2 
370 12 418 179 F: 12 
373 9 391 36 F: 5 2 2 
385 7 406 208 F: 2 4 1 
388 11 399 64 F: 3 4 4 
389 9 425 70 F: 9 
390 10 420 173 F: 7 3 
391 11 435 103 F: 11 
396 9 432 106 F: 9 
397 10 417 139 F: 4 6 
401 6 419 160 F: 6 
404 11 415 181 F: 4 3 4 
415 8 439 85 F: 5 1 2 
416 2 422 134 F: 2 
421 7 442 148 F: 3 2 2 
422 11 444 40 F: 5 6 
423 7 451 70 F: 3 4 
425 8 449 25 F: 5 3 
438 8 462 249 F: 2 2 4 
444 10 454 52 F: 3 4 3 
447 7 468 117 F: 2 2 3 
448 8 456 196 F: 8 
464 5 469 68 F: 4 1 
465 8 497 105 F: 5 1 2 
471 10 481 10 F: 10 
473 9 509 6 F: 3 3 3 
486 9 504 41 F: 9 
488 11 510 229 F: 11 
499 7 513 68 F: 6 1 
499 10 519 230 F: 3 3 4 
531 4 543 22 F: 4 
533 9 551 179 F: 5 1 3 
534 10 544 201 F: 3 4 3 
536 11 558 76 F: 11 
540 8 548 152 F: 5 3 
547 13 573 176 F: 13 
549 9 576 234 F: 3 6 
553 5 568 75 F: 3 2 
553 7 581 119 F: 7 
555 11 577 219 F: 4 4 3 
558 9 594 187 F: 9 
558 10 588 30 F: 5 3 2 
560 9 596 202 F: 3 3 3 
564 2 568 241 F: 2 
564 6 576 22 F: 4 1 1 
579 10 619 169 F: 5 2 3 
579 11 623 141 F: 11 
594 12 642 39 F: 7 5 
596 7 603 68 F: 2 4 1 
598 5 613 56 F: 3 1 1 
603 5 623 62 F: 4 1 
611 7 625 99 F: 7 
611 9 638 23 F: 7 2 
611 10 631 48 F: 4 6 
619 10 639 217 F: 5 3 2 
623 6 635 212 F: 6 
624 7 645 30 F: 4 2 1 
632 8 640 43 F: 5 1 2 
638 10 648 1 F: 10 
643 7 671 165 F: 7 
644 3 653 157 F: 2 1 
649 7 670 5 F: 6 1 
653 10 693 154 F: 10 
675 7 696 104 F: 2 2 3 
679 13 731 168 F: 7 6 
680 7 687 188 F: 6 1 
683 10 693 149 F: 5 1 4 
688 7 716 199 F: 2 4 1 
694 9 730 134 F: 4 5 
697 3 703 159 F: 3 
705 8 713 36 F: 6 2 
719 9 746 122 F: 3 6 
721 9 748 176 F: 4 5 
724 12 760 111 F: 5 3 4 
729 10 749 46 F: 10 
732 12 780 32 F: 5 4 3 
735 10 755 90 F: 5 5 
736 7 750 29 F: 3 2 2 
741 8 765 48 F: 8 
744 8 768 54 F: 4 3 1 
745 5 755 12 F: 3 1 1 
757 10 797 20 F: 10 
763 8 787 111 F: 6 2 
772 7 793 138 F: 3 4 
776 8 800 121 F: 3 2 3 
778 9 805 131 F: 4 1 4 
778 10 808 109 F: 7 3 
778 12 802 127 F: 5 4 3 
786 11 808 132 F: 5 3 3 
790 5 800 192 F: 3 2 
800 9 818 7 F: 4 3 2 
806 3 815 184 F: 3 
808 6 832 109 F: 4 1 1 
809 4 821 196 F: 4 
809 9 845 186 F: 6 3 
827 8 859 65 F: 8 
849 12 861 88 F: 12 
851 7 865 129 F: 3 4 
852 11 863 227 F: 7 4 
856 13 882 206 F: 13 
858 9 867 61 F: 4 2 3 
861 5 871 15 F: 3 2 
876 9 894 219 F: 9 
877 8 909 208 F: 2 4 2 
879 8 903 161 F: 8 
881 6 893 28 F: 4 2 
883 5 888 126 F: 5 
888 9 906 87 F: 5 4 
890 6 896 143 F: 6 
895 12 943 228 F: 6 6 
907 6 931 16 F: 5 1 
920 12 932 193 F: 12 
921 11 954 8 F: 11 
931 8 963 125 F: 5 2 1 
940 9 958 85 F: 2 3 4 
943 8 951 203 F: 8 
944 7 965 230 F: 5 2 
945 10 975 39 F: 3 3 4 
948 10 968 217 F: 5 5 
950 11 983 206 F: 11 
953 11 997 96 F: 3 4 4 
970 8 978 69 F: 2 3 3 
976 9 994 191 F: 4 4 1 
980 8 1004 68 F: 2 6 
981 3 990 248 F: 3 
983 5 988 45 F: 4 1 
984 7 991 186 F: 3 1 3 
989 12 1013 232 F: 7 5 
994 13 1033 82 F: 13 
995 7 1009 164 F: 3 4 
1001 2 1007 110 F: 2 
1001 6 1007 231 F: 3 1 2 
1001 9 1028 247 F: 7 2 
1003 13 1042 61 F: 13 
1008 6 1020 89 F: 6 
1008 12 1044 51 F: 12 
1016 3 1028 89 F: 2 1 
1023 5 1038 120 F: 5 
1023 7 1051 242 F: 7 
1035 2 1039 57 F: 2 
1036 9 1054 13 F: 3 4 2 
1048 9 1057 55 F: 5 3 1 
1055 13 1081 152 F: 13 
1060 8 1092 250 F: 3 4 1 
1067 9 1085 133 F: 3 3 3 
1070 9 1079 4 F: 4 2 3 
1076 4 1084 71 F: 2 2 
1081 9 1108 223 F: 3 6 
1090 11 1123 160 F: 5 2 4 
1097 11 1119 13 F: 5 6 
1106 9 1133 213 F: 9 
1117 7 1124 36 F: 7 
1119 8 1135 136 F: 5 2 1 
1121 10 1161 103 F: 5 3 2 
1126 5 1146 134 F: 5 
1131 6 1149 84 F: 4 1 1 
1136 7 1143 36 F: 2 3 2 
1157 2 1165 78 F: 2 
1159 8 1167 183 F: 8 
1166 11 1177 39 F: 5 4 2 
1167 12 1179 80 F: 5 3 4 
1169 12 1193 172 F: 12 
1172 9 1190 178 F: 5 3 1 
1177 13 1203 142 F: 7 6 
1180 2 1184 120 F: 2 
1181 11 1214 151 F: 7 4 
1185 7 1192 153 F: 2 5 
1186 10 1226 158 F: 5 5 
1197 11 1219 152 F: 11 
1197 13 1210 151 F: 5 4 4 
1202 13 1228 246 F: 13 
1211 4 1219 226 F: 2 2 
1217 2 1219 246 F: 2 
1221 3 1227 197 F: 2 1 
1239 8 1255 1 F: 8 
1240 6 1258 233 F: 3 3 
1266 13 1305 36 F: 13 
1275 10 1285 168 F: 5 4 1 
1278 7 1292 79 F: 3 4 
1278 7 1292 146 F: 5 2 
D: 3 166 
D: 12 66 
D: 13 148 
D: 15 77 
D: 17 92 
D: 26 208 
D: 30 109 
D: 31 105 
D: 34 46 
D: 34 176 
D: 36 225 
D: 39 101 
D: 39 173 
D: 41 82 
D: 42 225 
D: 44 104 
D: 59 201 
D: 66 247 
D: 91 98 
D: 98 224 
D: 109 211 
D: 123 153 
D: 131 182 
D: 189 214 
D: 207 242 
