0 8 24 208 F: 8 
4 10 34 157 F: 4 6 
5 8 13 142 F: 6 2 
5 8 21 126 F: 8 
8 8 16 56 F: 2 6 
25 10 45 30 F: 5 1 4 
33 9 69 49 F: 4 5 
41 7 55 68 F: 2 4 1 
45 9 54 85 F: 9 
48 10 88 220 F: 4 6 
50 11 94 17 F: 3 4 4 
52 10 82 78 F: 4 6 
57 9 84 175 F: 4 2 3 
58 8 66 181 F: 5 2 1 
59 11 103 187 F: 4 4 3 
64 2 68 101 F: 2 
64 4 76 137 F: 2 1 1 
85 3 91 42 F: 3 
87 10 107 62 F: 4 6 
92 8 100 218 F: 3 4 1 
107 11 151 233 F: 6 5 
108 9 135 110 F: 2 3 4 
111 9 120 69 F: 5 4 
111 11 144 174 F: 11 
112 9 139 16 F: 9 
113 8 137 157 F: 2 2 4 
115 9 124 139 F: 9 
123 9 132 39 F: 3 4 2 
136 12 148 177 F: 5 3 4 
141 6 153 149 F: 6 
142 6 160 99 F: 2 1 3 
142 8 158 158 F: 5 3 
150 3 159 100 F: 2 1 
157 7 178 53 F: 3 4 
161 6 173 135 F: 2 1 3 
167 5 182 60 F: 5 
187 11 198 134 F: 11 
192 4 200 113 F: 4 
197 7 218 196 F: 7 
198 9 216 248 F: 2 3 4 
203 8 219 139 F: 3 2 3 
211 11 222 70 F: 6 5 
212 11 223 66 F: 7 4 
214 10 254 8 F: 4 3 3 
222 3 228 110 F: 3 
223 2 227 175 F: 2 
224 4 232 17 F: 4 
227 9 236 213 F: 9 
241 11 285 234 F: 11 
245 4 257 189 F: 4 
253 7 274 218 F: 2 3 2 
255 4 263 73 F: 3 1 
256 9 292 147 F: 4 1 4 
257 9 266 159 F: 3 3 3 
263 7 277 18 F: 3 1 3 
283 8 299 146 F: 8 
285 9 321 229 F: 7 2 
288 12 324 67 F: 5 4 3 
291 13 304 199 F: 13 
293 12 329 60 F: 12 
305 11 327 38 F: 5 2 4 
307 4 319 56 F: 3 1 
331 8 339 207 F: 3 5 
334 6 340 112 F: 6 
345 7 373 66 F: 6 1 
346 12 394 177 F: 12 
349 13 401 177 F: 13 
351 7 372 220 F: 2 5 
353 6 359 87 F: 2 1 3 
357 9 375 226 F: 4 2 3 
359 9 395 154 F: 2 3 4 
360 10 400 180 F: 7 3 
365 11 387 104 F: 4 4 3 
366 8 398 248 F: 2 6 
367 10 397 232 F: 5 4 1 
371 10 391 28 F: 3 4 3 
378 9 387 60 F: 6 3 
380 9 398 110 F: 3 4 2 
383 9 410 103 F: 4 5 
394 9 430 160 F: 5 3 1 
401 7 415 218 F: 2 1 4 
404 6 428 69 F: 3 3 
418 6 424 152 F: 3 3 
421 5 426 214 F: 5 
431 9 449 20 F: 2 3 4 
436 10 466 34 F: 4 4 2 
442 6 460 154 F: 4 2 
445 10 475 74 F: 3 4 3 
445 13 484 177 F: 5 4 4 
447 7 454 186 F: 6 1 
455 3 464 12 F: 3 
465 7 486 72 F: 2 1 4 
473 8 489 53 F: 3 4 1 
476 7 483 138 F: 2 1 4 
483 8 507 99 F: 3 5 
483 12 495 117 F: 5 3 4 
485 10 515 117 F: 4 4 2 
493 12 529 153 F: 7 5 
495 8 503 131 F: 6 2 
498 8 506 193 F: 2 2 4 
500 6 518 237 F: 6 
504 10 524 238 F: 5 1 4 
520 7 541 126 F: 4 3 
533 5 553 91 F: 5 
538 8 570 121 F: 3 2 3 
539 6 551 15 F: 2 2 2 
541 5 551 51 F: 3 1 1 
542 6 566 151 F: 2 2 2 
553 10 563 19 F: 10 
555 7 576 74 F: 4 3 
562 7 590 62 F: 5 2 
568 5 588 172 F: 5 
569 11 613 5 F: 11 
571 11 593 240 F: 11 
578 11 589 56 F: 11 
586 4 590 179 F: 4 
588 6 594 249 F: 3 3 
588 8 604 168 F: 7 1 
589 11 622 66 F: 5 3 3 
599 7 620 65 F: 7 
601 8 633 203 F: 8 
612 12 636 140 F: 12 
617 3 626 183 F: 3 
618 9 654 241 F: 2 3 4 
618 11 640 47 F: 11 
632 11 654 202 F: 11 
635 6 647 22 F: 6 
648 11 681 33 F: 4 3 4 
654 6 678 233 F: 3 1 2 
654 10 684 11 F: 10 
654 12 702 16 F: 12 
654 13 680 151 F: 13 
663 10 683 232 F: 5 4 1 
663 11 696 13 F: 11 
666 3 678 200 F: 3 
669 11 691 162 F: 5 6 
676 4 680 93 F: 4 
679 12 727 17 F: 12 
685 8 693 15 F: 4 4 
691 12 703 66 F: 6 6 
709 8 733 170 F: 2 3 3 
724 9 742 202 F: 3 4 2 
731 6 755 46 F: 6 
737 8 745 2 F: 5 2 1 
744 7 758 110 F: 2 5 
754 6 772 242 F: 3 3 
754 8 786 248 F: 3 5 
760 10 790 170 F: 5 1 4 
762 10 802 8 F: 3 3 4 
762 12 798 107 F: 7 5 
763 7 777 171 F: 7 
772 6 784 109 F: 3 3 
774 6 780 149 F: 5 1 
774 8 782 190 F: 7 1 
776 13 815 138 F: 13 
783 6 789 104 F: 2 3 1 
784 5 799 125 F: 5 
793 7 807 228 F: 3 1 3 
795 7 802 228 F: 7 
795 9 813 12 F: 4 5 
803 12 815 177 F: 6 6 
805 7 833 210 F: 2 1 4 
805 8 813 52 F: 5 2 1 
809 7 837 108 F: 4 2 1 
810 6 828 51 F: 6 
819 11 830 194 F: 5 4 2 
822 7 829 131 F: 6 1 
826 10 866 151 F: 4 6 
833 8 857 160 F: 8 
847 12 883 48 F: 5 3 4 
849 7 856 85 F: 3 1 3 
851 4 859 61 F: 3 1 
860 3 866 190 F: 2 1 
867 5 887 137 F: 3 1 1 
873 3 882 196 F: 3 
873 4 877 11 F: 3 1 
882 6 888 20 F: 3 3 
887 12 911 72 F: 7 5 
888 10 898 145 F: 5 4 1 
893 13 906 169 F: 13 
904 7 932 131 F: 3 4 
905 7 933 19 F: 3 1 3 
907 12 931 207 F: 12 
926 5 946 54 F: 5 
932 10 972 134 F: 10 
934 10 964 120 F: 10 
935 7 956 8 F: 5 2 
937 10 967 23 F: 10 
945 13 971 230 F: 5 4 4 
963 4 979 1 F: 3 1 
964 6 988 105 F: 3 3 
967 7 988 170 F: 3 1 3 
967 8 975 106 F: 8 
973 3 982 199 F: 2 1 
984 7 1005 161 F: 2 2 3 
985 13 1024 235 F: 7 6 
991 2 997 32 F: 2 
993 9 1029 90 F: 3 2 4 
995 5 1005 95 F: 4 1 
999 8 1015 177 F: 8 
1006 10 1016 173 F: 4 3 3 
1008 5 1013 20 F: 2 3 
1017 5 1032 121 F: 5 
1018 8 1050 230 F: 5 2 1 
1024 3 1036 135 F: 3 
1024 7 1038 154 F: 4 1 2 
1031 6 1055 243 F: 3 2 1 
1034 4 1042 151 F: 2 2 
1042 9 1060 211 F: 4 4 1 
1043 10 1053 152 F: 4 6 
1051 3 1060 205 F: 3 
1054 5 1064 167 F: 4 1 
1058 6 1082 36 F: 5 1 
1068 10 1078 182 F: 7 3 
1071 6 1077 224 F: 2 1 3 
1074 11 1107 233 F: 11 
1075 9 1111 172 F: 9 
1089 4 1101 159 F: 2 2 
1092 10 1102 163 F: 10 
1095 13 1147 247 F: 7 6 
1102 7 1123 85 F: 6 1 
1105 13 1144 57 F: 13 
1110 6 1134 210 F: 4 2 
1110 9 1137 20 F: 3 6 
1114 13 1140 201 F: 7 6 
1118 6 1136 235 F: 3 3 
1119 6 1143 80 F: 4 1 1 
1122 11 1166 38 F: 7 4 
1128 7 1156 153 F: 4 3 
1132 9 1150 238 F: 7 2 
1133 6 1145 34 F: 2 2 2 
1137 5 1152 163 F: 5 
1155 9 1164 160 F: 3 6 
1156 5 1176 51 F: 5 
1173 2 1181 70 F: 2 
1185 7 1206 176 F: 3 3 1 
1192 7 1199 129 F: 5 2 
1196 7 1224 168 F: 2 1 4 
1197 10 1237 23 F: 4 6 
1198 7 1219 27 F: 2 5 
1208 10 1238 200 F: 7 3 
1226 4 1234 16 F: 4 
1226 8 1258 188 F: 2 6 
1227 9 1245 7 F: 7 2 
1239 8 1263 43 F: 3 1 4 
1246 9 1282 124 F: 5 2 2 
1248 4 1252 100 F: 4 
1285 9 1303 1 F: 2 3 4 
1289 7 1317 161 F: 3 1 3 
1299 8 1323 19 F: 2 3 3 
D: 5 140 
D: 11 19 
D: 18 97 
D: 37 72 
D: 41 244 
D: 42 164 
D: 55 71 
D: 66 179 
D: 72 149 
D: 74 144 
D: 75 127 
D: 75 194 
D: 82 149 
D: 96 233 
D: 103 226 
D: 111 212 
D: 116 246 
D: 117 151 
D: 118 234 
D: 119 229 
D: 153 180 
D: 155 173 
D: 193 200 
D: 198 195 
D: 211 214 
