5 10 15 163 F: 10 
15 13 54 154 F: 13 
17 7 38 217 F: 2 4 1 
17 10 37 68 F: 10 
22 9 58 230 F: 5 3 1 
29 10 39 2 F: 10 
33 6 57 89 F: 6 
40 7 61 195 F: 7 
45 3 51 67 F: 3 
46 5 51 135 F: 4 1 
46 8 70 197 F: 3 1 4 
55 12 67 144 F: 5 3 4 
57 3 63 243 F: 2 1 
59 6 71 156 F: 6 
59 6 83 131 F: 6 
71 7 85 1 F: 2 5 
71 13 97 167 F: 13 
75 12 123 111 F: 6 6 
77 8 93 90 F: 2 2 4 
81 10 91 248 F: 4 2 4 
102 2 104 199 F: 2 
104 7 125 80 F: 5 2 
104 9 113 214 F: 4 5 
106 4 114 70 F: 2 2 
114 9 141 46 F: 4 3 2 
121 4 133 46 F: 3 1 
126 7 133 72 F: 2 5 
126 7 140 184 F: 5 2 
126 13 165 26 F: 13 
131 12 167 231 F: 5 3 4 
142 9 151 40 F: 9 
147 3 153 24 F: 3 
150 6 174 227 F: 6 
165 10 195 81 F: 4 3 3 
168 7 189 66 F: 7 
171 7 178 134 F: 2 4 1 
175 13 201 106 F: 5 4 4 
193 5 203 227 F: 2 3 
198 7 226 226 F: 5 2 
198 11 231 138 F: 11 
204 8 228 93 F: 8 
206 8 222 248 F: 5 3 
211 4 215 108 F: 3 1 
215 4 223 63 F: 4 
216 12 228 35 F: 6 6 
229 2 237 167 F: 2 
237 10 247 36 F: 4 6 
241 4 257 111 F: 3 1 
243 8 259 169 F: 7 1 
243 12 255 102 F: 6 6 
245 13 271 45 F: 13 
247 8 255 34 F: 8 
251 8 267 6 F: 5 3 
261 9 270 19 F: 5 2 2 
262 6 268 76 F: 2 4 
279 8 287 236 F: 5 3 
285 5 290 81 F: 5 
295 8 327 146 F: 5 1 2 
297 11 308 166 F: 4 3 4 
299 10 339 212 F: 7 3 
301 8 333 67 F: 3 5 
309 2 315 218 F: 2 
310 8 318 225 F: 3 1 4 
322 6 346 2 F: 6 
322 8 346 110 F: 6 2 
329 7 336 143 F: 4 1 2 
331 4 335 162 F: 4 
332 12 380 8 F: 12 
347 12 371 45 F: 6 6 
348 3 357 176 F: 3 
349 11 360 53 F: 11 
353 10 393 219 F: 10 
363 9 372 185 F: 7 2 
366 7 373 223 F: 7 
369 11 391 163 F: 5 3 3 
378 12 414 168 F: 5 4 3 
382 5 387 82 F: 5 
392 6 416 98 F: 6 
396 10 436 63 F: 5 5 
396 11 407 230 F: 11 
408 5 413 229 F: 2 3 
408 11 419 19 F: 4 4 3 
412 11 434 41 F: 11 
414 11 458 131 F: 6 5 
417 11 428 138 F: 11 
417 11 461 233 F: 6 5 
419 10 449 65 F: 5 5 
421 10 451 89 F: 7 3 
426 10 436 114 F: 4 3 3 
427 8 443 107 F: 2 2 4 
429 9 465 220 F: 3 6 
430 9 466 195 F: 4 5 
447 8 463 199 F: 5 3 
451 9 460 143 F: 3 6 
457 2 459 123 F: 2 
466 11 510 124 F: 5 2 4 
472 12 484 208 F: 12 
476 8 484 106 F: 4 4 
481 2 489 43 F: 2 
483 3 492 31 F: 3 
501 11 534 76 F: 6 5 
508 12 532 92 F: 12 
509 2 511 249 F: 2 
510 5 530 133 F: 3 2 
511 10 541 234 F: 4 6 
521 13 534 102 F: 13 
534 9 543 170 F: 3 3 3 
535 6 553 145 F: 5 1 
538 12 550 187 F: 6 6 
543 9 570 92 F: 5 4 
555 11 588 201 F: 4 4 3 
558 13 610 25 F: 13 
574 5 594 4 F: 3 2 
574 11 607 221 F: 4 4 3 
575 12 611 15 F: 6 6 
576 8 584 36 F: 2 6 
576 9 585 100 F: 2 3 4 
588 6 612 129 F: 3 2 1 
596 4 600 24 F: 2 2 
599 8 631 249 F: 3 1 4 
605 8 637 183 F: 8 
606 5 616 145 F: 2 3 
610 10 640 130 F: 5 3 2 
619 13 658 236 F: 7 6 
627 12 639 17 F: 6 6 
637 11 670 241 F: 3 4 4 
645 13 684 81 F: 7 6 
649 9 667 130 F: 9 
650 7 657 48 F: 2 3 2 
662 2 664 13 F: 2 
662 10 682 110 F: 5 2 3 
662 11 673 124 F: 7 4 
663 8 687 148 F: 5 2 1 
663 12 699 91 F: 6 6 
673 9 691 17 F: 7 2 
674 10 714 93 F: 4 4 2 
675 6 693 14 F: 2 1 3 
685 4 693 28 F: 2 2 
698 8 706 80 F: 3 3 2 
699 2 701 33 F: 2 
700 4 704 178 F: 2 1 1 
712 10 732 209 F: 10 
719 9 728 166 F: 5 2 2 
723 10 743 41 F: 10 
723 12 735 113 F: 5 3 4 
734 8 766 184 F: 3 5 
735 7 742 57 F: 2 4 1 
735 9 753 100 F: 9 
735 12 783 154 F: 7 5 
741 9 768 6 F: 5 1 3 
745 8 761 103 F: 4 3 1 
747 6 759 45 F: 3 3 
747 7 754 170 F: 3 3 1 
748 6 754 250 F: 2 4 
756 12 768 227 F: 5 4 3 
767 13 806 212 F: 13 
777 11 821 166 F: 5 3 3 
782 6 794 80 F: 6 
791 6 809 169 F: 6 
792 3 804 78 F: 3 
814 7 828 37 F: 5 2 
815 12 827 69 F: 12 
825 5 835 61 F: 5 
831 6 849 43 F: 4 2 
832 12 868 177 F: 12 
833 6 839 65 F: 4 1 1 
844 11 877 112 F: 5 6 
851 11 862 247 F: 3 4 4 
853 9 862 186 F: 4 5 
858 2 866 224 F: 2 
863 10 903 209 F: 7 3 
867 12 891 166 F: 7 5 
871 13 910 221 F: 13 
875 9 902 162 F: 9 
878 4 882 82 F: 4 
887 9 896 206 F: 4 5 
890 5 895 229 F: 5 
890 8 898 246 F: 5 3 
893 10 923 19 F: 5 5 
896 8 904 51 F: 4 4 
905 9 932 204 F: 9 
909 3 918 28 F: 2 1 
909 7 930 170 F: 3 3 1 
920 11 931 209 F: 11 
928 5 943 167 F: 5 
928 12 964 90 F: 12 
934 8 966 29 F: 5 2 1 
940 6 946 135 F: 5 1 
940 7 954 155 F: 3 3 1 
945 9 972 58 F: 3 3 3 
945 11 989 18 F: 4 4 3 
951 8 975 221 F: 3 3 2 
978 9 987 59 F: 3 2 4 
987 8 1019 147 F: 2 3 3 
987 9 1014 93 F: 3 6 
991 9 1018 200 F: 2 4 3 
993 5 1008 190 F: 5 
994 11 1005 77 F: 11 
995 5 1000 248 F: 2 3 
999 13 1038 217 F: 13 
1006 11 1028 28 F: 5 2 4 
1006 12 1018 141 F: 12 
1009 13 1048 19 F: 7 6 
1019 4 1031 205 F: 2 2 
1020 7 1041 134 F: 2 5 
1029 12 1041 188 F: 12 
1030 8 1054 79 F: 8 
1038 7 1066 42 F: 7 
1042 8 1058 56 F: 4 3 1 
1044 10 1074 144 F: 2 4 4 
1054 5 1069 173 F: 3 2 
1055 3 1058 62 F: 2 1 
1062 10 1072 245 F: 7 3 
1064 4 1072 141 F: 4 
1064 13 1077 36 F: 13 
1065 9 1101 42 F: 4 5 
1066 8 1098 140 F: 3 1 4 
1083 8 1099 125 F: 4 4 
1093 11 1137 51 F: 4 3 4 
1098 7 1112 47 F: 5 1 1 
1101 7 1129 80 F: 7 
1101 8 1109 194 F: 4 1 3 
1103 10 1113 187 F: 5 1 4 
1108 8 1124 161 F: 2 6 
1113 11 1157 108 F: 3 4 4 
1121 8 1153 165 F: 8 
1124 12 1172 195 F: 12 
1125 13 1151 159 F: 13 
1134 13 1160 202 F: 7 6 
1142 6 1160 214 F: 6 
1154 9 1190 82 F: 9 
1160 6 1166 249 F: 3 1 2 
1162 9 1189 1 F: 9 
1167 9 1185 156 F: 9 
1171 5 1191 16 F: 5 
1174 4 1182 229 F: 2 2 
1184 2 1190 174 F: 2 
1185 7 1206 6 F: 7 
1190 7 1204 54 F: 4 3 
1195 10 1235 68 F: 10 
1221 4 1229 52 F: 2 2 
1237 2 1241 152 F: 2 
1239 8 1255 23 F: 3 5 
1239 10 1279 100 F: 5 5 
1251 2 1259 87 F: 2 
1261 12 1273 52 F: 12 
1270 8 1302 240 F: 2 4 2 
1285 7 1313 105 F: 2 5 
1298 9 1316 138 F: 7 2 
1299 12 1323 142 F: 6 6 
D: 1 136 
D: 2 21 
D: 6 229 
D: 17 111 
D: 23 98 
D: 26 65 
D: 31 48 
D: 34 182 
D: 36 142 
D: 49 240 
D: 58 237 
D: 66 73 
D: 68 130 
D: 69 109 
D: 95 103 
D: 97 212 
D: 106 149 
D: 134 138 
D: 134 205 
D: 144 233 
D: 154 159 
D: 164 235 
D: 195 215 
D: 196 238 
D: 231 234 
