9 2 17 58 F: 2 
17 12 53 24 F: 12 
19 7 33 71 F: 6 1 
22 7 29 69 F: 7 
35 5 55 130 F: 5 
38 7 59 18 F: 5 2 
39 2 45 45 F: 2 
50 4 66 83 F: 2 1 1 
50 10 70 23 F: 6 4 
50 13 102 102 F: 13 
51 8 75 125 F: 5 2 1 
60 10 90 109 F: 5 5 
63 9 99 28 F: 9 
64 5 84 113 F: 3 1 1 
65 9 92 157 F: 9 
66 11 88 167 F: 4 4 3 
81 11 114 171 F: 11 
91 13 130 148 F: 13 
93 11 126 9 F: 5 6 
97 10 137 68 F: 5 5 
104 4 120 21 F: 3 1 
104 6 128 154 F: 3 3 
111 7 125 25 F: 3 2 2 
114 11 136 36 F: 11 
121 11 143 36 F: 5 4 2 
126 11 148 63 F: 11 
127 11 138 76 F: 6 5 
141 6 159 65 F: 2 4 
143 3 149 54 F: 3 
150 8 182 191 F: 2 6 
158 8 190 84 F: 3 4 1 
164 12 200 54 F: 4 4 4 
166 4 174 62 F: 3 1 
166 10 186 170 F: 5 1 4 
170 5 180 115 F: 5 
175 11 208 117 F: 4 3 4 
178 7 206 57 F: 7 
181 8 189 193 F: 2 2 4 
189 10 219 115 F: 5 2 3 
190 8 206 135 F: 2 3 3 
202 3 208 105 F: 3 
202 8 218 175 F: 5 3 
216 7 230 184 F: 7 
238 6 256 163 F: 4 1 1 
239 6 251 81 F: 5 1 
241 4 253 197 F: 4 
248 8 272 19 F: 8 
250 11 272 117 F: 6 5 
258 8 282 142 F: 5 3 
262 7 290 60 F: 2 1 4 
262 8 294 46 F: 4 2 2 
267 13 280 156 F: 13 
268 8 292 69 F: 5 3 
273 8 281 101 F: 3 4 1 
273 11 295 38 F: 5 2 4 
274 11 318 24 F: 5 2 4 
276 8 300 30 F: 4 4 
277 8 309 81 F: 5 1 2 
292 11 314 112 F: 6 5 
298 7 319 29 F: 2 3 2 
302 7 323 163 F: 4 1 2 
302 13 354 141 F: 13 
307 10 347 192 F: 5 3 2 
313 7 327 114 F: 2 5 
317 6 323 106 F: 5 1 
332 8 356 33 F: 8 
336 2 338 83 F: 2 
349 2 357 171 F: 2 
349 8 373 93 F: 8 
355 10 365 62 F: 6 4 
356 7 363 95 F: 4 3 
357 8 389 81 F: 8 
359 8 367 50 F: 8 
362 10 382 153 F: 7 3 
364 6 376 107 F: 5 1 
365 6 371 18 F: 4 2 
370 6 388 197 F: 6 
380 4 392 180 F: 4 
394 8 418 16 F: 8 
396 7 410 93 F: 7 
401 10 421 40 F: 10 
404 12 440 19 F: 5 3 4 
408 8 432 42 F: 3 3 2 
436 8 468 99 F: 7 1 
437 12 461 129 F: 12 
438 10 458 175 F: 4 6 
441 7 462 192 F: 4 1 2 
442 9 478 31 F: 9 
444 4 456 37 F: 3 1 
445 6 469 72 F: 6 
449 7 470 93 F: 5 2 
464 6 482 191 F: 4 2 
469 13 482 19 F: 13 
471 5 481 1 F: 5 
473 7 501 192 F: 2 5 
493 3 505 14 F: 3 
495 5 510 127 F: 2 3 
496 10 516 72 F: 5 5 
498 8 514 24 F: 6 2 
499 2 501 108 F: 2 
510 5 530 131 F: 3 1 1 
515 9 533 186 F: 4 5 
517 4 529 93 F: 2 2 
525 9 534 27 F: 5 4 
531 12 567 114 F: 12 
536 13 575 158 F: 7 6 
539 2 545 153 F: 2 
540 8 572 122 F: 4 3 1 
548 2 552 166 F: 2 
549 3 558 109 F: 2 1 
549 4 561 86 F: 2 2 
557 7 578 173 F: 5 2 
557 12 581 36 F: 7 5 
563 8 571 93 F: 8 
564 6 576 174 F: 3 3 
578 9 596 60 F: 4 5 
586 11 597 132 F: 6 5 
588 2 596 145 F: 2 
589 9 616 86 F: 5 4 
593 10 623 90 F: 10 
605 6 617 85 F: 4 2 
612 9 630 75 F: 2 3 4 
614 4 626 35 F: 3 1 
619 9 628 58 F: 5 4 
630 6 654 130 F: 6 
630 7 644 196 F: 6 1 
632 8 664 70 F: 4 1 3 
635 12 647 128 F: 12 
636 7 657 104 F: 3 4 
642 12 654 139 F: 7 5 
645 5 650 177 F: 5 
645 13 671 90 F: 7 6 
660 9 669 128 F: 3 6 
662 6 680 70 F: 4 2 
662 7 683 78 F: 2 5 
666 12 690 21 F: 12 
687 11 698 123 F: 11 
688 7 695 136 F: 3 1 3 
691 10 711 144 F: 5 5 
691 10 721 72 F: 5 1 4 
702 8 718 168 F: 4 1 3 
706 4 722 47 F: 2 2 
711 4 715 176 F: 4 
714 11 736 183 F: 6 5 
716 9 752 127 F: 3 6 
723 9 759 92 F: 3 3 3 
727 13 753 128 F: 13 
732 13 758 95 F: 13 
739 3 742 12 F: 3 
740 4 748 167 F: 4 
743 8 767 50 F: 2 4 2 
749 8 781 62 F: 3 2 3 
749 10 759 191 F: 6 4 
760 4 764 90 F: 4 
768 9 804 173 F: 3 4 2 
780 6 786 132 F: 5 1 
782 8 806 135 F: 5 2 1 
794 8 802 46 F: 7 1 
798 5 808 99 F: 5 
798 6 822 65 F: 4 2 
817 10 827 196 F: 10 
818 6 830 169 F: 4 1 1 
819 9 828 27 F: 3 4 2 
823 6 847 35 F: 2 1 3 
832 8 848 84 F: 2 2 4 
835 4 847 37 F: 4 
840 6 852 105 F: 6 
851 7 865 112 F: 3 1 3 
857 7 864 62 F: 3 1 3 
864 8 896 81 F: 7 1 
867 8 875 147 F: 8 
868 11 901 197 F: 5 2 4 
882 13 921 117 F: 13 
884 7 898 190 F: 4 2 1 
886 5 896 104 F: 5 
887 11 898 124 F: 11 
890 8 914 105 F: 4 2 2 
892 5 897 62 F: 5 
894 10 914 126 F: 10 
895 11 906 97 F: 3 4 4 
911 4 923 100 F: 3 1 
919 11 952 89 F: 6 5 
924 11 946 172 F: 11 
930 8 946 177 F: 3 3 2 
933 9 960 173 F: 9 
937 9 964 127 F: 9 
943 11 987 100 F: 4 4 3 
948 8 980 139 F: 2 2 4 
957 9 966 111 F: 6 3 
960 9 978 135 F: 5 2 2 
971 8 987 35 F: 2 3 3 
974 10 1004 149 F: 4 3 3 
976 13 1028 20 F: 7 6 
977 7 998 32 F: 7 
980 10 1000 164 F: 4 2 4 
988 5 1008 55 F: 3 1 1 
988 7 1009 176 F: 2 1 4 
989 5 999 61 F: 2 3 
992 13 1044 6 F: 13 
997 13 1036 93 F: 5 4 4 
D: 10 81 
D: 14 174 
D: 34 77 
D: 35 99 
D: 39 189 
D: 45 54 
D: 45 197 
D: 50 116 
D: 53 175 
D: 65 127 
D: 68 163 
D: 69 189 
D: 78 133 
D: 84 128 
D: 94 167 
D: 106 162 
D: 111 120 
D: 120 149 
D: 133 181 
D: 154 199 
