1 13 40 85 F: 7 6 
2 5 17 207 F: 3 2 
9 8 17 129 F: 8 
12 8 28 78 F: 3 5 
15 9 24 92 F: 9 
17 2 23 66 F: 2 
30 3 33 90 F: 2 1 
50 5 65 183 F: 5 
55 9 73 137 F: 4 3 2 
63 12 99 219 F: 6 6 
68 9 95 163 F: 3 3 3 
69 9 78 112 F: 7 2 
70 7 98 8 F: 2 2 3 
76 7 83 148 F: 4 3 
78 8 102 186 F: 4 3 1 
80 5 90 43 F: 3 2 
80 5 90 143 F: 2 3 
80 11 91 3 F: 4 3 4 
96 2 104 1 F: 2 
98 7 112 250 F: 5 2 
102 11 124 64 F: 6 5 
106 5 111 133 F: 5 
112 8 128 210 F: 5 2 1 
116 5 136 112 F: 4 1 
121 5 141 89 F: 5 
123 8 131 16 F: 2 6 
126 7 147 115 F: 6 1 
133 9 160 90 F: 3 6 
140 9 158 14 F: 9 
142 9 160 111 F: 3 6 
147 10 167 111 F: 5 4 1 
150 8 182 120 F: 2 2 4 
156 11 200 24 F: 11 
167 2 169 172 F: 2 
174 11 218 173 F: 7 4 
176 11 187 82 F: 4 4 3 
179 8 187 77 F: 8 
189 8 221 36 F: 3 4 1 
189 11 233 83 F: 11 
191 12 203 48 F: 7 5 
202 10 222 187 F: 4 2 4 
214 8 246 89 F: 4 4 
218 13 270 176 F: 7 6 
219 7 226 198 F: 7 
222 3 225 231 F: 3 
233 8 257 88 F: 3 3 2 
236 10 256 38 F: 10 
238 3 247 157 F: 3 
242 6 248 187 F: 2 4 
243 12 267 36 F: 5 3 4 
246 7 267 172 F: 2 5 
248 4 264 197 F: 4 
252 4 256 237 F: 2 2 
256 10 296 41 F: 4 6 
267 9 276 99 F: 4 1 4 
269 5 279 150 F: 3 2 
273 8 289 205 F: 3 5 
273 11 284 225 F: 11 
280 9 289 113 F: 2 4 3 
288 5 303 40 F: 2 3 
301 6 325 73 F: 6 
302 4 306 223 F: 4 
303 4 307 62 F: 4 
318 8 334 63 F: 7 1 
321 13 334 121 F: 7 6 
322 3 328 131 F: 2 1 
323 11 345 182 F: 5 6 
330 6 348 44 F: 6 
331 5 336 111 F: 3 1 1 
334 9 352 145 F: 5 4 
346 8 354 203 F: 4 3 1 
349 9 358 121 F: 4 4 1 
349 10 359 138 F: 10 
350 9 359 11 F: 6 3 
352 7 373 210 F: 5 2 
359 8 383 18 F: 8 
375 13 401 140 F: 7 6 
380 6 392 98 F: 4 1 1 
392 8 424 19 F: 2 2 4 
397 10 427 97 F: 7 3 
400 4 416 22 F: 4 
402 9 429 140 F: 9 
403 6 409 175 F: 2 2 2 
403 6 421 161 F: 6 
404 8 436 78 F: 4 1 3 
411 8 419 47 F: 2 3 3 
415 8 423 12 F: 5 3 
422 8 454 231 F: 2 3 3 
438 6 456 130 F: 6 
439 12 463 96 F: 12 
444 9 480 164 F: 5 1 3 
445 12 469 22 F: 12 
446 4 462 241 F: 4 
471 4 483 110 F: 4 
474 3 477 33 F: 3 
481 9 490 70 F: 6 3 
483 10 503 99 F: 5 2 3 
485 10 515 6 F: 10 
487 9 523 206 F: 6 3 
499 9 526 63 F: 9 
504 8 528 176 F: 3 2 3 
506 6 512 1 F: 6 
508 12 556 63 F: 6 6 
517 6 529 112 F: 3 3 
523 5 533 128 F: 4 1 
528 5 538 201 F: 2 2 1 
534 11 578 109 F: 7 4 
543 9 579 150 F: 7 2 
545 11 556 126 F: 4 4 3 
556 5 566 98 F: 2 3 
560 5 580 161 F: 3 2 
566 7 594 186 F: 3 1 3 
578 9 587 217 F: 2 3 4 
579 4 591 218 F: 2 2 
581 5 591 90 F: 5 
581 9 599 103 F: 2 4 3 
584 5 589 183 F: 2 3 
586 2 588 30 F: 2 
594 10 634 130 F: 10 
595 10 615 210 F: 3 4 3 
600 11 622 160 F: 4 3 4 
604 6 622 182 F: 6 
604 10 614 169 F: 4 2 4 
606 13 658 232 F: 13 
610 6 622 67 F: 5 1 
622 7 650 118 F: 6 1 
623 8 639 102 F: 2 4 2 
630 5 640 193 F: 4 1 
632 7 639 167 F: 2 1 4 
639 8 663 207 F: 5 1 2 
645 6 669 6 F: 4 2 
649 10 679 223 F: 5 3 2 
656 12 668 100 F: 5 3 4 
657 2 665 7 F: 2 
657 8 689 84 F: 4 1 3 
668 7 696 149 F: 4 3 
675 10 695 84 F: 4 6 
693 11 726 90 F: 6 5 
693 12 741 187 F: 5 4 3 
696 7 703 172 F: 7 
701 8 709 77 F: 8 
701 8 717 125 F: 5 3 
707 11 729 97 F: 11 
708 11 752 45 F: 11 
715 10 725 150 F: 4 3 3 
722 7 729 204 F: 4 1 2 
723 6 741 60 F: 6 
728 2 730 149 F: 2 
742 3 751 159 F: 3 
746 6 770 146 F: 2 4 
746 13 798 71 F: 13 
748 4 764 111 F: 2 1 1 
764 10 784 40 F: 10 
769 8 793 124 F: 8 
773 5 783 97 F: 5 
774 8 806 246 F: 8 
781 9 808 72 F: 9 
789 3 795 225 F: 3 
793 5 813 144 F: 5 
796 10 816 250 F: 10 
803 9 821 240 F: 3 3 3 
811 9 820 71 F: 9 
813 11 824 70 F: 11 
813 11 846 158 F: 11 
814 6 838 196 F: 3 2 1 
818 12 854 233 F: 5 3 4 
829 11 851 2 F: 5 4 2 
838 8 854 37 F: 5 2 1 
840 9 876 206 F: 7 2 
843 8 867 164 F: 8 
848 7 855 139 F: 6 1 
853 7 867 35 F: 7 
854 10 894 136 F: 4 2 4 
863 11 874 73 F: 3 4 4 
867 3 876 231 F: 3 
868 10 908 11 F: 4 4 2 
879 8 903 149 F: 5 3 
882 10 912 211 F: 5 4 1 
883 10 903 198 F: 7 3 
898 9 916 182 F: 4 4 1 
900 7 907 71 F: 7 
905 10 935 244 F: 6 4 
912 7 919 76 F: 2 5 
920 10 930 165 F: 4 3 3 
931 6 955 28 F: 6 
937 12 961 229 F: 12 
938 9 956 133 F: 9 
940 13 979 215 F: 13 
945 11 956 31 F: 11 
945 11 978 177 F: 5 6 
948 4 952 103 F: 4 
953 7 960 97 F: 7 
962 2 968 203 F: 2 
962 7 983 144 F: 3 4 
974 8 982 41 F: 4 4 
975 5 995 220 F: 5 
976 8 984 14 F: 2 3 3 
979 11 1012 215 F: 11 
985 10 1015 163 F: 4 3 3 
992 8 1016 36 F: 3 1 4 
1001 2 1007 190 F: 2 
1004 9 1013 215 F: 4 4 1 
1008 11 1019 33 F: 3 4 4 
1014 8 1046 53 F: 6 2 
1016 3 1028 207 F: 3 
1017 10 1037 182 F: 5 2 3 
1020 9 1056 77 F: 6 3 
1023 8 1039 84 F: 3 5 
1024 2 1028 172 F: 2 
1030 12 1054 175 F: 7 5 
1033 6 1045 78 F: 5 1 
1033 6 1057 46 F: 2 4 
1033 9 1060 137 F: 9 
1039 4 1047 86 F: 4 
1046 7 1074 224 F: 7 
1054 4 1062 245 F: 2 2 
1067 11 1111 47 F: 5 6 
1073 11 1117 151 F: 7 4 
1090 5 1105 225 F: 2 1 2 
1096 8 1128 9 F: 6 2 
1108 9 1117 107 F: 9 
1110 7 1124 83 F: 3 1 3 
1118 6 1130 201 F: 6 
1121 7 1128 43 F: 3 4 
1125 5 1130 97 F: 4 1 
1127 7 1141 40 F: 7 
1133 7 1147 169 F: 4 2 1 
1134 13 1186 95 F: 13 
1146 11 1168 168 F: 11 
1148 8 1172 194 F: 4 4 
1149 9 1158 208 F: 7 2 
1152 8 1176 54 F: 3 4 1 
1164 5 1179 138 F: 5 
1178 10 1188 97 F: 4 4 2 
1179 4 1187 87 F: 2 2 
1183 7 1190 110 F: 2 5 
1187 9 1214 110 F: 3 3 3 
1193 8 1209 170 F: 8 
1193 10 1223 222 F: 5 5 
1199 12 1235 1 F: 12 
1206 12 1230 203 F: 12 
1208 13 1247 113 F: 13 
1209 9 1245 223 F: 9 
1219 11 1252 126 F: 7 4 
1220 7 1248 194 F: 2 4 1 
1229 13 1268 40 F: 7 6 
1232 7 1260 199 F: 3 2 2 
1245 8 1269 57 F: 4 3 1 
1266 7 1287 187 F: 7 
1299 11 1332 118 F: 5 2 4 
D: 19 123 
D: 19 229 
D: 23 158 
D: 25 202 
D: 31 152 
D: 38 47 
D: 38 183 
D: 40 205 
D: 46 64 
D: 49 245 
D: 50 131 
D: 50 183 
D: 55 168 
D: 69 236 
D: 79 206 
D: 80 199 
D: 91 219 
D: 98 149 
D: 101 241 
D: 109 124 
D: 118 233 
D: 129 152 
D: 129 222 
D: 151 198 
D: 159 226 
