3 5 18 127 F: 2 1 2 
8 11 30 81 F: 7 4 
10 5 30 117 F: 5 
19 2 25 131 F: 2 
19 8 35 49 F: 6 2 
20 6 38 48 F: 3 1 2 
23 12 59 20 F: 12 
27 5 32 94 F: 4 1 
31 5 51 141 F: 5 
36 7 50 164 F: 2 1 4 
40 8 64 190 F: 7 1 
43 10 73 149 F: 7 3 
69 9 96 112 F: 9 
69 12 81 127 F: 6 6 
73 7 94 96 F: 3 1 3 
82 9 109 26 F: 6 3 
83 13 122 133 F: 13 
85 12 109 113 F: 12 
88 6 94 156 F: 2 3 1 
88 7 95 94 F: 7 
100 8 116 173 F: 3 1 4 
100 8 124 174 F: 5 3 
101 13 114 101 F: 13 
103 7 117 71 F: 2 5 
114 9 150 16 F: 9 
115 3 121 9 F: 3 
119 10 129 79 F: 5 4 1 
122 13 148 151 F: 13 
126 8 134 80 F: 4 2 2 
127 5 147 7 F: 2 1 2 
129 8 161 45 F: 5 2 1 
134 10 164 59 F: 6 4 
139 7 146 16 F: 5 1 1 
141 5 151 87 F: 2 3 
160 5 170 64 F: 5 
168 10 178 70 F: 5 4 1 
175 2 177 137 F: 2 
195 13 221 97 F: 7 6 
198 3 204 121 F: 2 1 
199 12 223 180 F: 12 
206 6 218 1 F: 4 2 
216 9 234 115 F: 5 3 1 
219 10 229 68 F: 10 
229 5 244 110 F: 4 1 
233 11 255 177 F: 5 4 2 
234 3 243 121 F: 3 
237 8 245 9 F: 5 3 
242 9 269 124 F: 3 3 3 
245 7 273 34 F: 2 4 1 
246 6 264 30 F: 6 
247 12 271 85 F: 4 4 4 
254 6 278 64 F: 4 2 
254 11 265 146 F: 11 
258 7 279 112 F: 5 1 1 
269 5 274 157 F: 5 
275 6 281 49 F: 2 2 2 
280 10 320 12 F: 5 3 2 
281 7 302 53 F: 3 1 3 
292 9 310 86 F: 3 3 3 
296 7 317 179 F: 3 1 3 
300 8 316 47 F: 8 
302 9 329 130 F: 6 3 
312 8 328 97 F: 5 3 
316 12 352 74 F: 5 3 4 
322 13 335 28 F: 13 
326 4 338 65 F: 4 
327 7 355 83 F: 4 3 
339 8 347 46 F: 6 2 
348 7 369 185 F: 5 1 1 
354 2 362 159 F: 2 
355 10 385 172 F: 10 
356 12 404 172 F: 12 
360 12 408 51 F: 7 5 
373 11 417 67 F: 5 2 4 
375 2 377 105 F: 2 
377 9 404 21 F: 4 4 1 
383 10 413 124 F: 6 4 
385 10 415 59 F: 4 6 
392 6 410 129 F: 3 3 
397 2 403 17 F: 2 
400 9 427 186 F: 2 3 4 
410 12 434 17 F: 5 3 4 
414 10 424 37 F: 5 2 3 
423 5 438 97 F: 4 1 
439 6 451 26 F: 2 4 
441 13 454 6 F: 7 6 
445 10 475 84 F: 3 3 4 
446 3 449 157 F: 2 1 
451 10 461 9 F: 10 
451 11 473 168 F: 7 4 
464 9 473 66 F: 4 3 2 
477 6 489 27 F: 3 2 1 
478 7 492 47 F: 7 
484 7 512 69 F: 3 4 
486 6 510 8 F: 5 1 
486 9 513 159 F: 4 5 
489 8 521 59 F: 2 2 4 
494 4 502 78 F: 4 
494 6 518 22 F: 4 2 
497 5 517 66 F: 2 2 1 
504 5 524 148 F: 5 
508 8 532 199 F: 5 1 2 
512 6 530 69 F: 6 
523 10 553 44 F: 7 3 
532 6 550 33 F: 3 2 1 
537 8 553 17 F: 3 5 
537 13 563 112 F: 7 6 
541 7 555 20 F: 2 3 2 
547 13 560 171 F: 7 6 
549 9 558 32 F: 3 6 
559 10 579 40 F: 4 2 4 
562 9 598 175 F: 3 3 3 
563 5 573 62 F: 5 
570 6 582 94 F: 4 2 
583 3 595 59 F: 2 1 
586 13 612 120 F: 7 6 
587 11 598 169 F: 7 4 
588 12 612 88 F: 4 4 4 
589 8 613 27 F: 4 1 3 
597 13 610 6 F: 13 
617 11 650 10 F: 5 2 4 
624 9 642 7 F: 6 3 
628 9 664 85 F: 4 3 2 
629 10 669 193 F: 10 
631 6 637 109 F: 3 3 
639 7 646 69 F: 4 3 
646 9 673 52 F: 4 2 3 
647 11 691 63 F: 11 
656 12 680 68 F: 5 4 3 
658 11 691 34 F: 11 
661 9 697 114 F: 5 2 2 
662 13 675 73 F: 7 6 
664 8 672 45 F: 4 1 3 
664 12 700 95 F: 4 4 4 
674 8 690 192 F: 2 4 2 
677 4 689 158 F: 3 1 
684 7 712 165 F: 3 1 3 
691 4 703 123 F: 3 1 
694 8 726 45 F: 8 
695 5 710 29 F: 2 1 2 
710 6 722 117 F: 3 2 1 
710 8 742 93 F: 4 3 1 
724 4 736 99 F: 4 
724 10 764 94 F: 10 
727 5 732 75 F: 5 
728 7 749 153 F: 2 5 
732 4 736 99 F: 4 
747 8 763 57 F: 5 3 
764 5 784 118 F: 3 2 
765 12 801 69 F: 6 6 
766 7 787 143 F: 7 
766 10 786 115 F: 3 4 3 
772 7 800 44 F: 5 2 
778 4 790 187 F: 2 2 
780 6 798 108 F: 2 3 1 
782 8 806 40 F: 2 3 3 
791 6 803 110 F: 3 1 2 
793 8 809 193 F: 5 1 2 
794 10 824 189 F: 10 
795 7 809 2 F: 6 1 
805 11 827 121 F: 4 4 3 
809 6 821 96 F: 5 1 
809 10 839 66 F: 5 4 1 
823 13 836 73 F: 13 
824 8 856 69 F: 3 5 
827 10 847 21 F: 6 4 
841 3 844 3 F: 3 
845 9 881 107 F: 4 4 1 
847 9 883 122 F: 3 3 3 
855 5 860 175 F: 5 
856 9 883 24 F: 6 3 
870 12 894 98 F: 12 
871 13 897 125 F: 13 
872 8 904 160 F: 3 5 
874 6 892 144 F: 4 1 1 
881 6 899 2 F: 6 
881 13 933 154 F: 13 
884 5 889 128 F: 5 
887 12 899 110 F: 12 
896 10 906 67 F: 3 3 4 
908 9 935 69 F: 5 4 
918 9 927 177 F: 3 6 
923 9 959 101 F: 9 
924 2 932 25 F: 2 
935 10 945 73 F: 10 
936 5 941 58 F: 5 
937 11 948 161 F: 11 
938 10 958 66 F: 5 3 2 
939 2 947 66 F: 2 
939 10 959 188 F: 10 
964 12 1012 61 F: 12 
975 12 1023 31 F: 5 3 4 
981 12 1029 142 F: 6 6 
988 9 1024 59 F: 4 2 3 
993 11 1004 53 F: 11 
994 8 1010 58 F: 6 2 
997 9 1015 157 F: 9 
998 4 1014 23 F: 2 2 
998 10 1008 115 F: 10 
999 11 1043 103 F: 11 
D: 0 65 
D: 9 178 
D: 17 29 
D: 23 29 
D: 24 186 
D: 27 56 
D: 61 162 
D: 75 171 
D: 76 183 
D: 84 162 
D: 112 172 
D: 117 156 
D: 118 171 
D: 124 126 
D: 129 133 
D: 135 162 
D: 141 192 
D: 160 181 
D: 172 197 
D: 185 186 
