1 6 25 115 F: 3 2 1 
4 10 24 226 F: 10 
11 8 19 245 F: 3 5 
11 10 31 59 F: 4 2 4 
13 7 20 6 F: 6 1 
14 6 32 234 F: 5 1 
21 8 29 151 F: 7 1 
33 4 49 183 F: 3 1 
34 8 58 217 F: 4 4 
35 8 67 141 F: 7 1 
44 5 59 203 F: 5 
46 6 58 120 F: 6 
46 7 53 155 F: 5 1 1 
52 5 62 110 F: 5 
55 8 79 198 F: 7 1 
57 9 75 237 F: 4 5 
64 7 78 142 F: 5 2 
68 7 75 173 F: 6 1 
85 4 93 203 F: 2 2 
92 4 108 77 F: 4 
101 7 115 89 F: 5 2 
101 8 117 142 F: 3 5 
101 8 133 19 F: 4 4 
108 10 118 88 F: 10 
115 9 151 34 F: 9 
127 9 163 76 F: 4 5 
131 5 141 88 F: 2 1 2 
143 7 150 62 F: 4 3 
144 5 159 219 F: 5 
148 7 169 202 F: 4 2 1 
157 6 175 180 F: 3 2 1 
158 9 185 205 F: 5 2 2 
160 6 184 242 F: 6 
173 8 181 77 F: 4 1 3 
175 11 219 229 F: 6 5 
176 2 184 206 F: 2 
179 6 203 171 F: 6 
186 9 204 51 F: 5 1 3 
189 6 201 186 F: 4 2 
198 7 205 88 F: 7 
200 9 227 123 F: 9 
205 13 218 94 F: 13 
206 4 214 158 F: 4 
207 2 215 97 F: 2 
207 7 235 198 F: 5 2 
217 6 241 3 F: 2 3 1 
217 9 253 86 F: 4 5 
221 7 235 186 F: 6 1 
226 11 237 3 F: 5 4 2 
228 11 272 51 F: 5 6 
229 5 244 173 F: 2 2 1 
233 13 246 99 F: 13 
239 9 266 38 F: 4 5 
254 6 272 194 F: 6 
258 11 280 141 F: 5 4 2 
266 13 305 143 F: 5 4 4 
270 7 291 152 F: 5 2 
285 8 309 81 F: 7 1 
292 6 316 127 F: 2 3 1 
298 9 307 160 F: 4 4 1 
302 11 313 229 F: 11 
310 9 319 130 F: 4 1 4 
318 6 336 116 F: 6 
324 4 340 88 F: 4 
328 11 361 132 F: 11 
339 8 347 42 F: 8 
339 9 348 47 F: 9 
339 11 350 9 F: 3 4 4 
340 9 349 196 F: 9 
347 13 386 107 F: 7 6 
349 11 371 119 F: 11 
351 7 379 5 F: 2 5 
354 10 394 90 F: 10 
355 6 379 30 F: 5 1 
356 13 382 77 F: 13 
362 9 389 66 F: 4 1 4 
365 7 379 18 F: 6 1 
370 12 406 193 F: 7 5 
385 5 390 115 F: 5 
399 8 407 100 F: 2 3 3 
402 6 414 181 F: 3 3 
404 2 410 56 F: 2 
405 9 414 1 F: 5 1 3 
406 9 415 152 F: 9 
407 5 427 113 F: 5 
410 13 462 217 F: 13 
437 10 477 110 F: 4 3 3 
443 8 459 84 F: 8 
447 2 451 189 F: 2 
448 10 488 88 F: 5 3 2 
448 12 460 217 F: 6 6 
450 6 474 70 F: 6 
451 12 475 20 F: 12 
455 6 461 103 F: 2 1 3 
472 12 508 43 F: 5 3 4 
475 8 499 229 F: 2 4 2 
479 7 500 52 F: 3 4 
485 9 512 182 F: 2 4 3 
488 4 492 89 F: 2 1 1 
498 10 508 85 F: 10 
501 11 523 11 F: 5 3 3 
503 10 523 199 F: 5 3 2 
513 4 517 58 F: 4 
513 5 523 14 F: 4 1 
517 11 550 47 F: 5 6 
522 3 525 195 F: 3 
522 10 552 178 F: 2 4 4 
525 4 541 159 F: 3 1 
533 5 538 161 F: 5 
534 6 540 94 F: 6 
537 4 541 83 F: 4 
554 9 581 90 F: 4 5 
555 6 561 195 F: 6 
576 11 598 182 F: 7 4 
577 8 585 43 F: 6 2 
579 10 609 179 F: 5 2 3 
581 8 597 216 F: 2 4 2 
588 4 596 47 F: 4 
588 9 606 154 F: 5 4 
596 9 632 176 F: 4 4 1 
606 8 622 150 F: 3 2 3 
618 12 654 157 F: 12 
624 7 645 87 F: 4 2 1 
626 7 647 23 F: 2 4 1 
629 8 637 178 F: 5 1 2 
630 9 666 79 F: 5 4 
635 5 640 193 F: 3 2 
646 4 658 152 F: 3 1 
647 9 683 48 F: 9 
651 13 664 48 F: 13 
652 11 663 60 F: 11 
654 10 694 212 F: 2 4 4 
655 7 676 143 F: 7 
657 6 681 136 F: 6 
675 10 695 90 F: 7 3 
677 7 684 125 F: 4 1 2 
682 11 726 156 F: 7 4 
693 11 737 224 F: 5 2 4 
696 2 704 36 F: 2 
698 8 706 24 F: 4 1 3 
702 4 714 181 F: 4 
707 3 713 119 F: 3 
710 12 734 120 F: 12 
711 3 714 196 F: 3 
728 3 740 244 F: 3 
733 8 749 83 F: 6 2 
733 12 781 218 F: 12 
735 5 755 11 F: 3 2 
738 10 748 248 F: 5 5 
742 11 753 44 F: 5 4 2 
744 9 771 86 F: 6 3 
749 10 779 233 F: 5 3 2 
750 7 764 108 F: 3 4 
756 3 768 97 F: 3 
762 8 794 59 F: 5 2 1 
772 8 788 85 F: 6 2 
773 7 787 26 F: 2 5 
775 7 796 153 F: 4 3 
784 9 811 217 F: 5 4 
790 9 826 213 F: 5 4 
801 9 810 78 F: 6 3 
806 9 815 197 F: 3 6 
815 8 831 144 F: 7 1 
839 5 844 130 F: 5 
839 6 845 125 F: 4 1 1 
839 6 845 152 F: 3 3 
839 8 871 45 F: 5 3 
840 12 864 22 F: 4 4 4 
843 8 875 201 F: 5 2 1 
845 3 851 50 F: 3 
853 10 863 26 F: 5 4 1 
856 12 868 128 F: 7 5 
859 2 865 107 F: 2 
866 11 888 201 F: 5 6 
868 9 904 57 F: 3 2 4 
876 9 885 13 F: 4 5 
881 8 905 145 F: 2 3 3 
887 7 894 143 F: 2 4 1 
894 9 903 186 F: 5 4 
895 13 934 2 F: 5 4 4 
901 5 906 215 F: 4 1 
907 8 923 60 F: 2 4 2 
913 3 922 150 F: 2 1 
920 5 930 192 F: 3 1 1 
922 10 932 197 F: 5 3 2 
924 6 948 11 F: 5 1 
933 9 951 73 F: 7 2 
941 11 974 246 F: 5 4 2 
944 12 968 120 F: 5 4 3 
948 7 969 235 F: 7 
950 9 959 106 F: 4 3 2 
965 10 985 178 F: 6 4 
968 6 980 201 F: 6 
977 9 1013 88 F: 9 
977 10 1017 84 F: 4 2 4 
978 2 982 29 F: 2 
983 7 1004 76 F: 7 
988 7 1002 82 F: 4 3 
998 8 1006 151 F: 5 3 
999 10 1029 199 F: 10 
1008 8 1016 11 F: 2 3 3 
1010 9 1028 12 F: 9 
1019 13 1032 192 F: 13 
1021 10 1031 218 F: 5 4 1 
1024 5 1034 85 F: 5 
1030 5 1040 171 F: 5 
1030 9 1039 235 F: 4 3 2 
1030 9 1057 169 F: 7 2 
1031 7 1052 156 F: 7 
1033 10 1073 85 F: 5 4 1 
1039 8 1047 80 F: 6 2 
1053 3 1059 169 F: 3 
1060 9 1096 196 F: 4 2 3 
1068 9 1086 46 F: 6 3 
1070 10 1100 63 F: 7 3 
1074 3 1086 230 F: 2 1 
1084 4 1092 28 F: 3 1 
1089 6 1095 215 F: 6 
1089 12 1125 55 F: 12 
1096 12 1132 223 F: 12 
1107 4 1119 23 F: 2 2 
1109 9 1136 181 F: 3 2 4 
1123 7 1137 209 F: 2 5 
1125 3 1137 68 F: 2 1 
1128 11 1161 203 F: 11 
1133 6 1151 134 F: 2 4 
1134 8 1142 24 F: 3 5 
1134 10 1174 155 F: 10 
1139 7 1153 108 F: 7 
1143 9 1179 118 F: 9 
1150 8 1166 233 F: 2 6 
1162 9 1189 91 F: 5 2 2 
1174 8 1198 213 F: 4 1 3 
1177 9 1186 11 F: 9 
1178 13 1204 126 F: 13 
1179 9 1197 98 F: 2 4 3 
1181 8 1213 215 F: 8 
1181 10 1221 59 F: 4 2 4 
1183 8 1191 61 F: 6 2 
1186 8 1218 14 F: 3 5 
1203 11 1247 197 F: 11 
1208 9 1217 21 F: 5 4 
1220 12 1256 23 F: 12 
1235 9 1262 103 F: 3 4 2 
1241 4 1257 80 F: 4 
1248 10 1278 54 F: 4 6 
1251 9 1260 231 F: 5 4 
1259 9 1277 90 F: 9 
1260 3 1269 25 F: 3 
1266 11 1299 191 F: 5 6 
D: 0 212 
D: 2 236 
D: 9 62 
D: 24 225 
D: 31 96 
D: 34 118 
D: 42 135 
D: 43 201 
D: 44 102 
D: 46 103 
D: 50 122 
D: 64 123 
D: 69 175 
D: 70 143 
D: 70 145 
D: 71 195 
D: 74 216 
D: 97 179 
D: 105 174 
D: 118 167 
D: 126 223 
D: 133 201 
D: 149 173 
D: 158 233 
D: 195 197 
