4 10 44 58 F: 5 5 
12 8 36 162 F: 2 4 2 
13 8 29 50 F: 2 6 
16 2 20 80 F: 2 
24 12 36 54 F: 5 3 4 
32 10 72 135 F: 5 4 1 
34 11 45 66 F: 3 4 4 
54 8 86 186 F: 8 
61 2 69 161 F: 2 
63 11 85 170 F: 5 4 2 
64 6 88 112 F: 6 
64 10 104 173 F: 5 5 
69 10 99 105 F: 5 5 
77 6 83 187 F: 4 2 
78 3 87 65 F: 2 1 
88 9 106 49 F: 4 3 2 
92 9 110 39 F: 6 3 
94 5 99 104 F: 3 2 
97 12 133 129 F: 12 
98 8 114 43 F: 7 1 
102 10 122 42 F: 10 
105 5 115 193 F: 2 3 
106 7 134 121 F: 7 
112 9 130 155 F: 9 
116 8 124 180 F: 3 2 3 
121 6 145 147 F: 2 1 3 
128 11 161 13 F: 5 2 4 
137 4 141 124 F: 4 
142 7 156 129 F: 2 5 
144 4 156 86 F: 4 
145 9 172 143 F: 4 3 2 
148 12 196 33 F: 7 5 
161 5 176 39 F: 5 
165 13 204 186 F: 13 
172 5 177 3 F: 4 1 
183 7 204 19 F: 5 2 
185 11 218 15 F: 5 4 2 
189 10 219 65 F: 10 
198 11 209 37 F: 5 6 
198 11 231 149 F: 5 6 
202 6 214 186 F: 4 1 1 
202 8 226 122 F: 5 3 
202 10 212 19 F: 5 3 2 
225 9 243 112 F: 6 3 
225 9 261 69 F: 4 5 
245 3 248 80 F: 3 
251 8 259 1 F: 5 1 2 
251 8 267 200 F: 8 
252 6 276 179 F: 3 1 2 
255 6 267 136 F: 3 3 
259 6 265 96 F: 2 4 
266 12 278 1 F: 12 
268 8 300 192 F: 2 4 2 
271 4 275 11 F: 4 
283 3 286 152 F: 3 
287 7 301 31 F: 7 
289 11 311 44 F: 5 3 3 
296 7 324 70 F: 7 
296 9 305 101 F: 9 
297 7 318 70 F: 7 
300 12 336 96 F: 7 5 
301 8 317 114 F: 8 
302 8 310 87 F: 5 2 1 
304 6 316 154 F: 6 
308 5 328 12 F: 2 3 
309 8 333 161 F: 2 4 2 
309 11 353 141 F: 11 
311 6 335 2 F: 6 
322 13 374 79 F: 7 6 
330 3 333 172 F: 3 
335 12 371 128 F: 5 4 3 
344 7 372 57 F: 7 
346 2 348 45 F: 2 
352 7 359 3 F: 5 2 
371 2 375 90 F: 2 
375 7 396 12 F: 2 5 
385 7 392 124 F: 4 2 1 
395 2 401 115 F: 2 
397 3 400 176 F: 3 
397 5 417 38 F: 5 
405 12 453 155 F: 7 5 
415 6 427 116 F: 3 2 1 
417 7 431 112 F: 2 5 
418 7 432 148 F: 2 5 
420 12 468 165 F: 5 3 4 
436 9 463 114 F: 6 3 
446 6 470 154 F: 5 1 
448 9 475 187 F: 9 
450 13 463 189 F: 13 
453 6 459 43 F: 3 1 2 
454 7 475 111 F: 2 2 3 
460 6 478 29 F: 6 
460 12 508 165 F: 6 6 
463 7 470 21 F: 7 
465 10 485 25 F: 3 4 3 
471 6 477 16 F: 5 1 
474 4 482 191 F: 3 1 
477 9 513 138 F: 5 4 
483 8 507 58 F: 8 
493 9 529 47 F: 5 4 
501 4 517 81 F: 3 1 
504 9 540 109 F: 6 3 
512 11 545 122 F: 5 6 
513 7 541 200 F: 3 3 1 
514 8 546 70 F: 3 3 2 
516 4 528 185 F: 4 
518 8 542 175 F: 5 1 2 
520 7 527 139 F: 3 4 
539 9 575 173 F: 5 4 
562 12 574 155 F: 12 
567 13 606 172 F: 13 
568 3 574 50 F: 3 
572 6 578 180 F: 3 1 2 
577 10 607 98 F: 10 
577 13 603 40 F: 13 
580 6 604 87 F: 3 1 2 
581 7 595 87 F: 6 1 
581 7 602 155 F: 2 2 3 
596 9 623 99 F: 5 4 
597 11 641 83 F: 5 6 
601 6 607 19 F: 4 2 
601 10 611 112 F: 5 5 
616 9 643 119 F: 3 3 3 
626 5 641 93 F: 3 2 
631 8 639 166 F: 8 
645 6 669 168 F: 4 1 1 
646 11 679 159 F: 11 
648 5 663 62 F: 2 1 2 
656 7 684 97 F: 6 1 
666 12 702 57 F: 7 5 
669 3 675 198 F: 2 1 
670 13 709 89 F: 13 
671 11 693 46 F: 4 4 3 
674 7 688 132 F: 7 
678 10 698 78 F: 4 6 
678 12 726 155 F: 6 6 
679 13 692 196 F: 13 
680 10 700 124 F: 10 
691 11 724 54 F: 6 5 
692 7 720 103 F: 3 4 
700 9 718 36 F: 7 2 
701 11 723 116 F: 7 4 
710 7 731 23 F: 2 2 3 
718 9 754 177 F: 9 
718 10 738 187 F: 5 2 3 
723 6 735 90 F: 2 3 1 
723 12 747 73 F: 4 4 4 
726 7 733 142 F: 2 4 1 
731 6 743 165 F: 4 2 
735 8 759 77 F: 8 
737 8 761 2 F: 3 5 
739 10 779 40 F: 4 4 2 
750 13 802 33 F: 13 
752 12 776 157 F: 12 
757 11 768 141 F: 7 4 
768 12 816 21 F: 7 5 
773 9 791 18 F: 4 2 3 
782 9 800 84 F: 7 2 
787 12 811 63 F: 6 6 
797 9 833 98 F: 3 6 
800 9 827 143 F: 3 4 2 
802 10 812 104 F: 10 
806 13 832 119 F: 7 6 
811 11 822 37 F: 6 5 
818 6 830 66 F: 2 4 
828 7 842 10 F: 3 3 1 
831 6 855 77 F: 6 
832 4 840 140 F: 4 
850 9 886 118 F: 3 2 4 
857 8 865 42 F: 8 
864 8 896 7 F: 5 1 2 
867 7 881 37 F: 2 2 3 
867 8 883 37 F: 5 3 
868 7 882 77 F: 4 3 
870 8 894 124 F: 8 
888 4 900 71 F: 2 2 
890 7 911 174 F: 3 4 
896 9 905 164 F: 5 3 1 
897 11 930 190 F: 7 4 
898 10 928 64 F: 10 
900 11 922 148 F: 5 2 4 
915 10 945 70 F: 4 6 
919 8 951 48 F: 8 
919 10 959 115 F: 4 3 3 
926 6 944 175 F: 4 2 
930 4 942 198 F: 2 2 
934 9 970 96 F: 9 
939 8 971 63 F: 6 2 
947 4 959 153 F: 4 
950 11 972 153 F: 11 
956 9 965 145 F: 3 3 3 
957 13 1009 173 F: 7 6 
959 7 966 116 F: 2 5 
962 5 972 121 F: 2 3 
964 11 1008 103 F: 5 4 2 
968 9 1004 25 F: 6 3 
979 7 986 137 F: 4 2 1 
983 10 1003 47 F: 5 5 
990 9 1026 39 F: 7 2 
993 13 1006 22 F: 5 4 4 
D: 2 67 
D: 7 147 
D: 16 183 
D: 18 43 
D: 23 38 
D: 24 171 
D: 29 166 
D: 46 90 
D: 62 73 
D: 73 199 
D: 78 175 
D: 79 128 
D: 79 161 
D: 91 101 
D: 93 185 
D: 95 99 
D: 102 195 
D: 140 173 
D: 155 180 
D: 168 181 
