0 4 12 112 F: 2 2 
5 8 13 122 F: 2 3 3 
9 7 23 94 F: 5 2 
9 10 39 24 F: 6 4 
18 8 34 173 F: 8 
19 8 27 110 F: 3 5 
21 7 28 193 F: 3 4 
34 9 43 58 F: 6 3 
35 9 53 132 F: 9 
36 8 68 142 F: 5 3 
39 8 55 44 F: 2 4 2 
40 7 54 75 F: 7 
51 12 75 179 F: 7 5 
53 12 77 36 F: 6 6 
63 5 83 112 F: 5 
81 7 95 128 F: 7 
92 8 116 155 F: 4 1 3 
93 6 111 2 F: 6 
95 8 103 7 F: 5 3 
97 3 109 70 F: 2 1 
106 5 111 66 F: 2 2 1 
109 8 133 195 F: 5 3 
112 7 140 2 F: 2 5 
120 8 136 22 F: 7 1 
124 4 136 148 F: 4 
126 6 138 44 F: 3 2 1 
128 9 155 174 F: 9 
134 11 156 25 F: 11 
135 8 159 136 F: 6 2 
147 9 156 82 F: 2 3 4 
151 13 203 182 F: 7 6 
153 9 162 7 F: 7 2 
162 6 168 72 F: 2 1 3 
162 8 178 165 F: 8 
166 11 210 3 F: 11 
172 4 188 179 F: 3 1 
173 13 199 188 F: 13 
174 11 185 174 F: 11 
180 10 210 18 F: 6 4 
191 9 227 4 F: 5 3 1 
204 9 231 200 F: 4 1 4 
205 7 219 171 F: 3 4 
220 6 226 77 F: 6 
222 9 231 127 F: 4 4 1 
226 10 236 128 F: 7 3 
234 13 286 2 F: 13 
236 13 288 140 F: 7 6 
237 9 246 172 F: 4 3 2 
237 9 273 188 F: 5 1 3 
243 12 255 130 F: 12 
257 10 277 140 F: 5 5 
267 7 295 110 F: 7 
287 7 308 5 F: 7 
289 10 329 40 F: 10 
293 7 321 150 F: 4 3 
293 9 329 15 F: 4 5 
295 4 311 89 F: 4 
295 11 339 40 F: 3 4 4 
296 11 340 136 F: 6 5 
296 12 308 85 F: 5 3 4 
305 13 357 82 F: 13 
307 9 316 118 F: 3 2 4 
311 7 339 123 F: 6 1 
315 9 324 4 F: 5 4 
334 4 342 25 F: 3 1 
341 6 353 146 F: 6 
344 5 364 24 F: 5 
345 9 372 115 F: 5 3 1 
347 8 371 171 F: 5 3 
350 9 377 120 F: 6 3 
353 10 383 50 F: 4 4 2 
354 8 378 109 F: 5 1 2 
357 6 369 197 F: 5 1 
358 10 398 61 F: 10 
360 9 378 94 F: 9 
368 11 401 105 F: 7 4 
371 10 411 197 F: 5 5 
375 9 402 91 F: 3 2 4 
388 9 415 66 F: 9 
392 13 444 148 F: 13 
408 11 419 184 F: 5 4 2 
413 10 433 91 F: 6 4 
430 12 466 68 F: 6 6 
435 8 459 91 F: 3 3 2 
439 11 450 60 F: 3 4 4 
439 13 491 48 F: 13 
440 6 452 194 F: 6 
441 7 455 37 F: 5 2 
441 8 465 153 F: 4 4 
448 5 453 71 F: 4 1 
453 8 469 134 F: 8 
466 11 488 51 F: 5 6 
468 4 480 20 F: 4 
470 5 475 26 F: 2 1 2 
474 7 488 194 F: 3 4 
481 5 491 134 F: 5 
487 4 495 134 F: 3 1 
495 9 504 115 F: 3 4 2 
497 4 505 9 F: 4 
499 5 509 74 F: 5 
513 9 522 134 F: 5 2 2 
514 6 520 76 F: 6 
523 4 535 17 F: 2 2 
525 8 533 62 F: 7 1 
525 9 552 109 F: 6 3 
526 2 532 101 F: 2 
526 9 544 67 F: 5 4 
527 9 536 67 F: 7 2 
529 5 534 95 F: 2 1 2 
533 5 538 22 F: 4 1 
533 10 543 152 F: 4 6 
535 5 550 182 F: 2 2 1 
535 5 555 5 F: 3 2 
535 13 561 171 F: 13 
544 7 572 167 F: 3 2 2 
545 10 555 72 F: 4 2 4 
567 10 597 28 F: 10 
571 5 586 158 F: 5 
575 8 591 199 F: 4 3 1 
590 7 618 119 F: 2 2 3 
605 12 629 44 F: 6 6 
608 9 635 149 F: 9 
612 8 628 63 F: 3 3 2 
613 7 634 86 F: 3 3 1 
619 8 635 91 F: 7 1 
623 7 637 47 F: 4 3 
627 12 663 73 F: 6 6 
630 9 639 34 F: 9 
636 8 668 22 F: 3 3 2 
654 12 678 152 F: 12 
663 8 695 166 F: 3 5 
667 8 691 140 F: 2 4 2 
672 9 708 113 F: 5 3 1 
676 7 683 40 F: 3 1 3 
678 5 683 173 F: 5 
679 9 697 97 F: 7 2 
681 6 699 134 F: 4 2 
683 5 703 159 F: 5 
683 9 701 2 F: 5 2 2 
695 5 715 136 F: 3 2 
700 9 727 158 F: 5 3 1 
706 4 722 2 F: 2 2 
708 6 720 189 F: 6 
709 8 717 179 F: 2 2 4 
712 5 722 67 F: 4 1 
717 13 743 115 F: 13 
724 7 738 180 F: 2 4 1 
731 2 737 117 F: 2 
742 3 754 158 F: 2 1 
742 9 751 62 F: 2 4 3 
755 9 791 105 F: 9 
755 10 785 176 F: 10 
759 7 787 14 F: 5 2 
763 3 766 22 F: 3 
789 13 828 179 F: 7 6 
792 12 840 123 F: 5 4 3 
793 10 813 40 F: 3 4 3 
794 8 818 94 F: 3 1 4 
795 8 803 18 F: 2 2 4 
798 10 838 33 F: 10 
805 13 857 52 F: 13 
815 8 823 111 F: 4 2 2 
815 8 831 127 F: 5 1 2 
818 9 827 20 F: 5 1 3 
820 10 830 18 F: 4 6 
831 5 836 187 F: 5 
834 8 858 86 F: 3 4 1 
848 6 866 11 F: 4 2 
849 7 856 42 F: 7 
850 7 857 180 F: 4 2 1 
852 5 862 83 F: 4 1 
854 4 870 121 F: 2 2 
856 5 866 113 F: 2 2 1 
860 8 868 177 F: 5 2 1 
867 10 887 109 F: 2 4 4 
881 8 913 1 F: 2 3 3 
882 8 914 132 F: 3 5 
889 5 909 141 F: 2 2 1 
891 11 935 181 F: 11 
898 6 922 92 F: 5 1 
900 5 920 140 F: 2 3 
900 10 930 112 F: 4 2 4 
902 11 924 88 F: 3 4 4 
903 9 930 113 F: 3 6 
903 11 925 110 F: 7 4 
916 7 930 126 F: 2 5 
924 8 948 27 F: 5 1 2 
934 6 946 80 F: 3 2 1 
936 4 944 157 F: 3 1 
936 8 952 131 F: 3 2 3 
955 8 971 114 F: 8 
956 2 958 11 F: 2 
968 11 1012 92 F: 11 
970 10 1010 180 F: 5 5 
972 9 981 78 F: 9 
974 13 1026 78 F: 13 
976 7 990 122 F: 6 1 
978 9 1014 36 F: 9 
979 8 995 94 F: 2 2 4 
979 10 999 159 F: 10 
D: 3 104 
D: 6 49 
D: 12 132 
D: 17 109 
D: 18 81 
D: 29 150 
D: 34 193 
D: 54 192 
D: 60 105 
D: 62 128 
D: 66 185 
D: 67 199 
D: 71 158 
D: 75 88 
D: 75 110 
D: 75 123 
D: 84 125 
D: 116 169 
D: 117 167 
D: 176 187 
