0 4 16 155 F: 2 1 1 
1 4 17 52 F: 4 
1 5 6 79 F: 4 1 
1 9 19 159 F: 4 2 3 
8 9 26 314 F: 9 
11 5 31 152 F: 3 2 
17 2 23 103 F: 2 
22 2 24 283 F: 2 
22 8 38 31 F: 4 4 
32 8 56 215 F: 7 1 
47 11 91 255 F: 6 5 
53 9 89 289 F: 3 3 3 
60 8 68 271 F: 8 
60 9 78 127 F: 3 6 
68 10 88 238 F: 5 2 3 
73 7 101 254 F: 7 
75 3 87 190 F: 2 1 
76 9 103 271 F: 6 3 
82 13 134 285 F: 5 4 4 
87 9 123 198 F: 4 5 
119 6 143 118 F: 6 
123 7 130 110 F: 2 1 4 
123 9 132 334 F: 4 2 3 
134 4 138 9 F: 3 1 
138 11 149 324 F: 11 
143 9 161 318 F: 3 4 2 
146 7 167 91 F: 2 3 2 
146 10 156 108 F: 7 3 
153 5 163 310 F: 2 3 
153 8 177 226 F: 2 6 
153 11 186 36 F: 6 5 
155 11 199 61 F: 6 5 
160 13 186 278 F: 13 
167 3 179 36 F: 3 
169 5 179 39 F: 5 
176 11 209 253 F: 5 4 2 
185 8 193 288 F: 3 4 1 
186 8 218 199 F: 3 2 3 
191 2 199 1 F: 2 
191 10 221 74 F: 10 
200 9 209 16 F: 4 3 2 
201 8 209 46 F: 5 2 1 
201 10 241 227 F: 3 4 3 
207 8 215 208 F: 4 1 3 
207 13 233 41 F: 7 6 
208 6 226 192 F: 3 3 
209 5 219 267 F: 4 1 
232 6 244 115 F: 5 1 
234 9 270 191 F: 6 3 
235 5 250 280 F: 5 
243 9 252 119 F: 9 
252 5 257 157 F: 2 3 
255 10 295 67 F: 7 3 
261 7 275 31 F: 2 3 2 
267 12 315 317 F: 12 
271 5 291 160 F: 2 3 
271 10 281 198 F: 7 3 
282 9 318 78 F: 9 
284 11 317 212 F: 6 5 
292 9 319 125 F: 6 3 
303 4 319 88 F: 2 2 
305 8 321 86 F: 4 1 3 
306 6 318 335 F: 6 
306 8 330 203 F: 4 3 1 
316 7 337 223 F: 5 2 
322 8 354 314 F: 5 3 
322 11 333 332 F: 6 5 
323 10 353 241 F: 6 4 
326 12 350 121 F: 6 6 
343 8 359 274 F: 2 2 4 
344 5 349 1 F: 5 
365 7 393 92 F: 4 2 1 
370 8 394 228 F: 3 5 
376 12 388 174 F: 4 4 4 
379 10 389 165 F: 7 3 
385 7 399 14 F: 3 1 3 
397 9 415 241 F: 5 2 2 
397 11 430 55 F: 5 6 
397 11 430 331 F: 5 4 2 
397 13 436 243 F: 13 
401 13 427 41 F: 7 6 
403 6 409 214 F: 5 1 
403 6 427 292 F: 2 2 2 
411 7 418 301 F: 2 1 4 
415 10 445 283 F: 5 1 4 
421 12 457 153 F: 12 
428 10 438 335 F: 5 5 
430 8 454 42 F: 4 1 3 
432 4 448 321 F: 2 2 
434 7 462 83 F: 3 3 1 
434 8 466 280 F: 6 2 
439 8 471 249 F: 4 4 
441 8 457 184 F: 7 1 
461 7 475 190 F: 7 
463 9 499 29 F: 3 3 3 
474 8 506 199 F: 8 
477 3 483 108 F: 3 
483 2 485 141 F: 2 
495 13 534 274 F: 13 
499 8 531 8 F: 8 
507 9 543 225 F: 3 6 
517 8 541 137 F: 8 
518 8 526 14 F: 5 2 1 
520 7 527 272 F: 7 
523 10 533 166 F: 5 2 3 
524 10 554 264 F: 6 4 
530 7 544 100 F: 6 1 
531 7 538 29 F: 2 3 2 
534 7 555 107 F: 2 1 4 
537 12 561 349 F: 4 4 4 
544 12 592 198 F: 4 4 4 
546 8 554 285 F: 3 5 
558 9 567 342 F: 3 6 
560 8 576 258 F: 4 3 1 
564 7 578 160 F: 4 3 
571 10 611 239 F: 10 
592 3 595 39 F: 2 1 
592 7 613 180 F: 4 1 2 
598 7 626 274 F: 7 
598 8 622 22 F: 8 
605 8 613 344 F: 5 3 
606 10 626 219 F: 10 
610 10 640 327 F: 5 3 2 
611 11 633 153 F: 6 5 
620 2 622 188 F: 2 
624 9 633 49 F: 4 5 
631 9 658 30 F: 5 3 1 
641 12 677 205 F: 4 4 4 
645 9 663 279 F: 5 3 1 
646 11 657 106 F: 5 2 4 
647 5 652 28 F: 5 
653 9 662 8 F: 3 4 2 
661 4 673 300 F: 4 
674 7 702 157 F: 4 2 1 
675 11 708 92 F: 7 4 
682 2 690 111 F: 2 
686 9 704 266 F: 6 3 
687 9 723 232 F: 6 3 
688 4 692 290 F: 4 
693 8 725 292 F: 4 3 1 
703 11 747 348 F: 5 6 
708 7 736 128 F: 5 1 1 
714 4 722 202 F: 4 
729 11 762 138 F: 3 4 4 
751 8 759 46 F: 2 4 2 
758 7 786 80 F: 5 2 
764 10 804 267 F: 3 4 3 
768 6 786 18 F: 5 1 
769 9 787 275 F: 3 4 2 
771 5 786 103 F: 3 1 1 
779 5 794 253 F: 5 
783 8 807 46 F: 4 4 
785 11 829 70 F: 6 5 
785 13 824 313 F: 13 
786 4 790 334 F: 4 
786 7 807 334 F: 7 
787 10 817 146 F: 5 1 4 
788 4 800 249 F: 3 1 
791 13 830 9 F: 13 
797 8 813 219 F: 3 3 2 
800 5 820 115 F: 5 
803 4 819 148 F: 4 
810 8 826 323 F: 2 6 
821 5 836 54 F: 2 2 1 
833 3 836 347 F: 3 
840 8 848 239 F: 2 2 4 
840 11 851 286 F: 11 
844 3 853 134 F: 3 
849 3 861 266 F: 3 
851 4 867 175 F: 4 
857 11 901 127 F: 6 5 
861 6 885 141 F: 2 3 1 
867 7 881 338 F: 2 1 4 
872 7 900 302 F: 7 
872 8 880 126 F: 2 3 3 
876 11 909 180 F: 11 
877 8 909 51 F: 2 6 
878 5 893 125 F: 2 2 1 
887 8 895 151 F: 5 3 
889 8 897 145 F: 2 2 4 
911 5 926 54 F: 3 2 
911 8 927 224 F: 4 3 1 
913 5 928 321 F: 2 3 
918 7 932 14 F: 5 1 1 
919 9 946 93 F: 4 4 1 
922 8 930 100 F: 8 
924 10 934 203 F: 10 
927 3 933 52 F: 3 
932 3 944 61 F: 3 
941 10 961 235 F: 6 4 
947 11 980 132 F: 5 6 
948 8 956 250 F: 4 4 
952 6 964 223 F: 3 3 
953 12 1001 225 F: 5 4 3 
968 9 977 325 F: 4 1 4 
971 8 979 12 F: 2 4 2 
973 9 991 298 F: 3 2 4 
979 5 989 198 F: 4 1 
998 7 1005 245 F: 7 
998 9 1007 142 F: 5 4 
1000 12 1024 97 F: 6 6 
1004 11 1037 62 F: 4 4 3 
1019 6 1037 161 F: 3 1 2 
1021 12 1057 25 F: 6 6 
1023 8 1047 234 F: 3 4 1 
1026 7 1033 39 F: 2 2 3 
1028 10 1058 219 F: 4 6 
1029 4 1041 141 F: 2 2 
1033 11 1044 28 F: 7 4 
1035 11 1068 36 F: 4 3 4 
1042 9 1078 329 F: 2 3 4 
1044 10 1084 259 F: 10 
1050 10 1060 116 F: 4 4 2 
1054 8 1070 216 F: 5 1 2 
1058 11 1102 92 F: 5 6 
1070 4 1078 165 F: 3 1 
1079 10 1119 27 F: 2 4 4 
1084 10 1104 196 F: 10 
1086 2 1094 152 F: 2 
1095 11 1139 160 F: 7 4 
1106 12 1154 227 F: 5 3 4 
1115 11 1148 71 F: 5 3 3 
1118 5 1123 173 F: 2 1 2 
1123 4 1135 60 F: 2 2 
1125 6 1143 88 F: 6 
1127 9 1154 299 F: 7 2 
1134 6 1146 154 F: 5 1 
1139 7 1160 103 F: 3 3 1 
1141 8 1157 323 F: 3 5 
1143 7 1164 39 F: 4 3 
1162 8 1194 84 F: 5 1 2 
1164 6 1170 336 F: 5 1 
1165 5 1185 196 F: 5 
1172 8 1196 126 F: 8 
1176 10 1196 262 F: 4 6 
1177 9 1213 37 F: 5 2 2 
1181 7 1202 101 F: 4 1 2 
1184 8 1192 207 F: 4 2 2 
1185 8 1209 268 F: 6 2 
1199 12 1235 136 F: 7 5 
1210 5 1220 342 F: 2 3 
1210 8 1242 68 F: 4 1 3 
1217 9 1244 218 F: 6 3 
1227 12 1251 331 F: 12 
1237 8 1269 318 F: 8 
1250 7 1257 266 F: 3 4 
1251 8 1259 168 F: 8 
1257 3 1266 121 F: 3 
1258 5 1263 305 F: 2 3 
1262 10 1292 176 F: 5 2 3 
1265 9 1292 107 F: 9 
1267 7 1295 49 F: 3 2 2 
1270 2 1276 241 F: 2 
1271 7 1292 13 F: 5 2 
1271 10 1311 102 F: 5 4 1 
1278 10 1298 319 F: 5 4 1 
1279 10 1309 65 F: 5 2 3 
1288 8 1296 50 F: 4 1 3 
1288 10 1298 182 F: 7 3 
1289 8 1313 271 F: 7 1 
1300 8 1332 285 F: 3 5 
1312 11 1356 249 F: 11 
1314 8 1346 17 F: 2 6 
1316 2 1318 171 F: 2 
1324 5 1329 267 F: 4 1 
1325 7 1346 120 F: 2 4 1 
1327 2 1331 126 F: 2 
1331 9 1340 335 F: 5 2 2 
1336 9 1345 246 F: 5 4 
1338 12 1362 347 F: 6 6 
1340 7 1368 24 F: 2 5 
1341 9 1368 74 F: 4 1 4 
1348 6 1354 162 F: 6 
1355 7 1383 295 F: 4 1 2 
1356 5 1371 250 F: 5 
1357 7 1385 98 F: 5 2 
1367 3 1370 344 F: 3 
1376 9 1385 44 F: 4 1 4 
1387 4 1399 240 F: 4 
1391 8 1407 11 F: 3 3 2 
1406 6 1424 326 F: 2 2 2 
1408 8 1432 19 F: 5 2 1 
1415 4 1427 207 F: 4 
1417 13 1469 17 F: 7 6 
1437 8 1445 256 F: 4 1 3 
1440 12 1464 148 F: 5 3 4 
1441 4 1449 178 F: 4 
1441 4 1449 252 F: 4 
1452 11 1463 143 F: 4 4 3 
1455 11 1466 64 F: 11 
1458 8 1482 7 F: 3 5 
1459 5 1469 138 F: 5 
1460 9 1478 158 F: 5 4 
1463 8 1479 226 F: 3 1 4 
1464 5 1469 152 F: 2 1 2 
1474 5 1484 243 F: 5 
1475 8 1507 51 F: 4 3 1 
1476 11 1520 249 F: 7 4 
1492 10 1512 137 F: 2 4 4 
1498 9 1516 242 F: 3 4 2 
1502 10 1532 149 F: 4 2 4 
1505 10 1535 323 F: 10 
1506 10 1526 147 F: 4 6 
1507 8 1515 114 F: 4 1 3 
1527 10 1557 258 F: 4 3 3 
1529 9 1565 304 F: 9 
1533 7 1547 135 F: 4 2 1 
1533 12 1557 236 F: 6 6 
1537 8 1545 325 F: 3 4 1 
1545 7 1573 199 F: 5 2 
1545 9 1572 113 F: 3 3 3 
1549 10 1569 91 F: 5 3 2 
1553 7 1560 77 F: 7 
1562 5 1577 141 F: 5 
1564 7 1592 158 F: 3 4 
1565 7 1572 7 F: 3 4 
1570 4 1582 62 F: 3 1 
1570 10 1580 62 F: 5 1 4 
1574 12 1598 95 F: 6 6 
1594 11 1627 4 F: 5 6 
1615 8 1631 12 F: 5 3 
1616 10 1626 109 F: 5 2 3 
1617 8 1633 181 F: 3 4 1 
1625 8 1633 346 F: 5 3 
1628 6 1652 245 F: 4 1 1 
1628 7 1635 321 F: 3 2 2 
1628 8 1660 164 F: 3 4 1 
1628 8 1660 191 F: 6 2 
1629 10 1659 350 F: 5 4 1 
1636 8 1644 47 F: 5 3 
1637 5 1647 319 F: 2 3 
1638 6 1662 134 F: 4 2 
1641 8 1673 139 F: 4 1 3 
1666 8 1690 164 F: 2 6 
1668 3 1674 189 F: 3 
1668 10 1708 148 F: 3 4 3 
1679 7 1707 140 F: 3 4 
1683 13 1696 336 F: 7 6 
1685 8 1701 4 F: 8 
1695 3 1698 310 F: 3 
1703 8 1711 238 F: 8 
1723 5 1743 217 F: 2 3 
1735 13 1774 89 F: 13 
1756 10 1796 233 F: 6 4 
1762 7 1769 92 F: 3 3 1 
1769 8 1785 146 F: 3 3 2 
1774 9 1783 25 F: 5 1 3 
1782 5 1792 100 F: 2 3 
1783 9 1801 318 F: 9 
1789 7 1817 143 F: 5 2 
D: 0 196 
D: 1 71 
D: 8 261 
D: 13 40 
D: 15 305 
D: 16 339 
D: 24 66 
D: 26 242 
D: 26 338 
D: 32 114 
D: 60 313 
D: 62 317 
D: 73 134 
D: 73 167 
D: 75 241 
D: 76 159 
D: 79 116 
D: 92 334 
D: 101 220 
D: 120 203 
D: 124 150 
D: 131 204 
D: 143 153 
D: 151 203 
D: 169 276 
D: 188 277 
D: 190 306 
D: 203 321 
D: 207 230 
D: 207 248 
D: 225 290 
D: 234 262 
D: 248 326 
D: 274 330 
D: 306 345 
