0 5 20 279 F: 2 3 
5 5 20 327 F: 5 
13 2 15 66 F: 2 
17 7 24 169 F: 3 4 
19 8 27 322 F: 4 1 3 
22 5 37 194 F: 3 2 
39 5 49 250 F: 2 3 
41 4 57 136 F: 2 1 1 
44 6 68 191 F: 6 
61 5 66 234 F: 3 2 
64 8 88 221 F: 3 5 
66 7 87 105 F: 3 4 
68 13 81 273 F: 13 
78 4 94 180 F: 4 
79 7 100 147 F: 2 5 
80 7 87 248 F: 4 1 2 
82 11 115 3 F: 4 4 3 
83 5 103 217 F: 2 3 
94 4 98 334 F: 2 2 
97 4 105 59 F: 4 
102 2 104 66 F: 2 
118 9 145 46 F: 6 3 
118 9 154 229 F: 5 2 2 
126 7 140 313 F: 3 4 
128 7 149 112 F: 6 1 
134 8 142 155 F: 7 1 
135 8 143 26 F: 3 2 3 
137 9 155 138 F: 6 3 
139 11 161 207 F: 4 4 3 
147 7 154 241 F: 3 3 1 
152 12 164 73 F: 5 3 4 
161 2 169 17 F: 2 
162 7 190 117 F: 4 2 1 
170 9 197 230 F: 3 4 2 
171 6 177 100 F: 2 4 
171 12 183 201 F: 12 
184 9 211 171 F: 3 2 4 
188 6 212 132 F: 3 3 
190 7 204 148 F: 4 3 
192 10 202 310 F: 5 2 3 
208 13 260 184 F: 5 4 4 
211 7 218 55 F: 6 1 
215 4 219 130 F: 4 
217 8 225 247 F: 6 2 
218 3 221 278 F: 3 
219 5 234 256 F: 4 1 
233 8 241 309 F: 8 
238 7 259 315 F: 7 
242 8 266 319 F: 5 2 1 
244 4 248 43 F: 4 
261 3 273 271 F: 3 
261 4 265 38 F: 4 
263 4 271 67 F: 2 2 
263 6 281 317 F: 2 4 
274 8 298 332 F: 3 4 1 
280 4 288 116 F: 3 1 
284 7 305 158 F: 5 2 
284 8 292 73 F: 7 1 
286 6 292 332 F: 2 1 3 
297 7 318 246 F: 2 5 
303 9 330 101 F: 4 5 
308 8 324 255 F: 6 2 
318 8 342 38 F: 5 2 1 
322 6 346 100 F: 6 
330 6 342 322 F: 2 1 3 
331 10 341 303 F: 10 
334 11 378 273 F: 5 2 4 
335 8 351 31 F: 6 2 
337 4 345 67 F: 2 1 1 
347 4 359 42 F: 3 1 
350 4 366 326 F: 2 1 1 
352 11 396 217 F: 11 
354 6 366 336 F: 6 
379 8 395 313 F: 4 2 2 
383 10 393 253 F: 5 1 4 
385 9 394 223 F: 7 2 
389 7 417 266 F: 7 
394 12 442 335 F: 12 
398 8 414 40 F: 3 4 1 
398 8 430 263 F: 4 3 1 
408 12 444 309 F: 5 4 3 
410 7 431 121 F: 3 4 
421 6 433 67 F: 6 
425 6 443 125 F: 4 1 1 
425 8 441 172 F: 3 5 
425 10 435 105 F: 3 4 3 
428 11 450 201 F: 5 6 
430 7 458 156 F: 2 5 
438 6 444 242 F: 3 1 2 
443 4 447 34 F: 4 
446 13 498 121 F: 13 
454 10 484 233 F: 5 4 1 
455 8 479 330 F: 6 2 
463 6 475 256 F: 6 
466 7 473 187 F: 5 2 
468 10 478 275 F: 5 5 
484 4 500 279 F: 2 2 
491 12 503 23 F: 7 5 
493 6 499 135 F: 4 2 
498 6 522 266 F: 6 
501 11 512 153 F: 11 
503 10 533 163 F: 5 5 
508 13 521 82 F: 13 
510 8 542 118 F: 7 1 
515 9 542 275 F: 4 2 3 
522 8 554 89 F: 3 5 
526 10 566 254 F: 10 
529 12 541 42 F: 6 6 
549 7 556 3 F: 5 2 
555 12 567 39 F: 7 5 
556 10 586 189 F: 4 6 
563 8 579 338 F: 3 5 
567 8 575 267 F: 4 3 1 
576 7 583 220 F: 3 1 3 
582 5 592 188 F: 4 1 
587 11 609 266 F: 4 4 3 
591 10 601 335 F: 5 3 2 
593 5 608 282 F: 5 
593 9 602 252 F: 3 6 
594 6 612 347 F: 3 2 1 
609 8 617 117 F: 6 2 
611 4 623 217 F: 3 1 
620 9 629 83 F: 5 4 
621 11 654 6 F: 4 3 4 
623 6 629 212 F: 2 1 3 
624 9 660 166 F: 5 4 
633 10 643 223 F: 7 3 
640 7 661 179 F: 7 
648 4 660 132 F: 3 1 
649 13 701 50 F: 13 
650 11 694 261 F: 4 3 4 
659 11 670 84 F: 4 3 4 
660 2 668 115 F: 2 
664 8 680 19 F: 3 1 4 
674 7 681 224 F: 5 1 1 
678 6 690 235 F: 2 2 2 
690 7 697 13 F: 7 
692 6 698 83 F: 6 
694 11 705 120 F: 11 
696 11 740 130 F: 5 4 2 
706 2 708 63 F: 2 
707 7 721 24 F: 5 2 
709 7 737 36 F: 2 3 2 
715 6 727 110 F: 2 4 
727 5 742 253 F: 3 2 
733 11 777 14 F: 11 
743 10 783 206 F: 7 3 
761 9 770 207 F: 4 4 1 
765 7 786 62 F: 2 2 3 
772 6 790 221 F: 6 
775 5 790 33 F: 2 3 
775 9 784 323 F: 9 
777 8 801 115 F: 2 6 
782 8 790 332 F: 6 2 
785 2 789 311 F: 2 
785 7 792 332 F: 2 4 1 
787 9 796 293 F: 9 
789 11 833 302 F: 5 3 3 
792 7 813 39 F: 2 2 3 
799 6 823 209 F: 6 
803 10 833 209 F: 4 3 3 
809 8 817 183 F: 4 1 3 
810 9 837 339 F: 6 3 
825 6 843 64 F: 6 
827 8 835 326 F: 3 1 4 
833 10 873 103 F: 10 
851 2 855 23 F: 2 
859 6 877 288 F: 2 4 
861 7 889 44 F: 4 2 1 
861 12 873 59 F: 12 
862 4 866 87 F: 4 
862 7 883 165 F: 6 1 
863 5 873 211 F: 3 1 1 
865 9 892 330 F: 6 3 
883 5 898 260 F: 4 1 
885 6 891 316 F: 4 1 1 
892 7 920 198 F: 2 3 2 
894 10 904 23 F: 5 2 3 
895 6 907 113 F: 6 
896 13 935 287 F: 5 4 4 
900 8 924 177 F: 5 1 2 
901 11 912 84 F: 4 4 3 
901 12 949 241 F: 4 4 4 
912 11 945 339 F: 11 
922 9 958 302 F: 9 
926 12 974 158 F: 4 4 4 
932 13 958 82 F: 13 
943 3 949 160 F: 2 1 
963 7 977 117 F: 4 3 
965 5 980 334 F: 2 1 2 
966 13 1018 68 F: 7 6 
971 9 980 181 F: 4 1 4 
971 11 993 204 F: 3 4 4 
977 11 999 311 F: 6 5 
984 2 988 339 F: 2 
985 10 995 54 F: 10 
985 11 1029 257 F: 4 4 3 
986 4 1002 320 F: 4 
991 8 1015 78 F: 4 3 1 
998 13 1011 306 F: 13 
1000 2 1006 134 F: 2 
1008 9 1035 68 F: 6 3 
1011 7 1018 111 F: 2 2 3 
1013 11 1035 192 F: 11 
1019 12 1043 95 F: 5 4 3 
1022 5 1042 135 F: 2 3 
1031 8 1039 133 F: 3 5 
1031 13 1044 168 F: 7 6 
1034 9 1043 135 F: 4 1 4 
1037 7 1058 186 F: 7 
1045 8 1069 244 F: 3 5 
1067 10 1107 324 F: 4 3 3 
1071 8 1087 44 F: 5 3 
1072 10 1092 20 F: 10 
1073 5 1078 78 F: 2 1 2 
1082 12 1094 327 F: 6 6 
1087 11 1131 163 F: 11 
1093 9 1129 220 F: 9 
1095 11 1117 347 F: 11 
1095 11 1139 173 F: 11 
1102 8 1126 275 F: 3 4 1 
1105 8 1113 151 F: 5 3 
1108 6 1132 245 F: 6 
1109 11 1120 215 F: 11 
1115 9 1142 143 F: 5 3 1 
1116 8 1148 61 F: 3 4 1 
1119 12 1155 162 F: 5 3 4 
1123 6 1135 66 F: 6 
1130 4 1146 15 F: 4 
1131 6 1155 330 F: 3 3 
1136 11 1180 337 F: 11 
1138 7 1145 164 F: 2 5 
1145 9 1163 99 F: 4 1 4 
1158 4 1166 78 F: 3 1 
1161 2 1169 161 F: 2 
1164 7 1185 123 F: 4 3 
1167 8 1175 267 F: 3 5 
1177 10 1217 344 F: 10 
1182 8 1214 158 F: 4 1 3 
1187 12 1211 71 F: 7 5 
1204 12 1228 250 F: 5 3 4 
1213 9 1231 232 F: 4 5 
1215 9 1224 85 F: 9 
1217 12 1229 305 F: 12 
1225 9 1243 110 F: 9 
1228 13 1267 96 F: 13 
1229 5 1239 309 F: 2 1 2 
1234 9 1261 128 F: 5 1 3 
1239 8 1255 335 F: 3 1 4 
1243 10 1283 192 F: 10 
1244 10 1284 240 F: 6 4 
1245 2 1253 75 F: 2 
1245 11 1289 127 F: 7 4 
1251 6 1275 46 F: 2 2 2 
1252 7 1273 278 F: 4 3 
1255 13 1294 196 F: 13 
1274 5 1279 271 F: 2 1 2 
1285 8 1293 275 F: 4 2 2 
1296 13 1335 269 F: 13 
1297 9 1315 270 F: 5 3 1 
1306 9 1324 69 F: 7 2 
1308 7 1322 175 F: 7 
1315 10 1325 128 F: 4 4 2 
1317 3 1329 303 F: 3 
1317 9 1326 54 F: 2 3 4 
1320 11 1342 177 F: 11 
1329 11 1340 72 F: 6 5 
1352 7 1373 56 F: 5 2 
1356 8 1372 93 F: 4 4 
1363 4 1367 14 F: 3 1 
1363 6 1381 255 F: 2 1 3 
1363 8 1395 97 F: 5 2 1 
1364 8 1396 265 F: 7 1 
1366 7 1387 323 F: 7 
1366 9 1384 10 F: 5 2 2 
1374 6 1386 170 F: 2 2 2 
1382 12 1418 231 F: 4 4 4 
1385 10 1425 13 F: 4 4 2 
1394 9 1412 339 F: 4 4 1 
1395 6 1413 269 F: 6 
1401 11 1412 137 F: 5 2 4 
1412 3 1421 225 F: 3 
1418 6 1430 348 F: 3 3 
1419 13 1445 238 F: 7 6 
1421 7 1442 6 F: 3 2 2 
1422 4 1434 297 F: 4 
1429 13 1468 25 F: 7 6 
1433 6 1451 253 F: 5 1 
1433 12 1445 40 F: 4 4 4 
1439 12 1487 75 F: 12 
1453 6 1471 257 F: 6 
1475 7 1496 187 F: 7 
1479 9 1506 224 F: 6 3 
1480 12 1504 184 F: 12 
1485 5 1495 153 F: 2 1 2 
1490 3 1496 93 F: 3 
1491 6 1497 230 F: 2 4 
1495 4 1511 341 F: 4 
1496 7 1503 54 F: 7 
1497 9 1515 81 F: 5 3 1 
1503 9 1512 114 F: 3 3 3 
1507 12 1519 306 F: 7 5 
1509 9 1518 58 F: 4 5 
1513 5 1528 240 F: 5 
1519 12 1531 160 F: 5 3 4 
1524 2 1528 37 F: 2 
1526 10 1546 307 F: 5 3 2 
1531 10 1551 183 F: 4 2 4 
1535 11 1579 138 F: 7 4 
1539 4 1555 289 F: 4 
1548 4 1552 173 F: 2 1 1 
1557 12 1581 193 F: 6 6 
1559 10 1579 227 F: 10 
1564 7 1585 290 F: 2 4 1 
1565 5 1585 74 F: 2 3 
1575 9 1584 297 F: 5 4 
1576 11 1587 51 F: 6 5 
1577 7 1598 2 F: 5 2 
1594 6 1612 83 F: 3 3 
1599 7 1606 321 F: 2 2 3 
1602 9 1638 41 F: 7 2 
1603 8 1611 316 F: 6 2 
1610 13 1636 188 F: 5 4 4 
1619 8 1643 62 F: 4 2 2 
1626 9 1662 58 F: 5 1 3 
1632 4 1648 118 F: 3 1 
1636 10 1656 333 F: 4 6 
1638 8 1662 50 F: 5 1 2 
1642 6 1648 62 F: 2 2 2 
1648 6 1672 60 F: 2 1 3 
1648 6 1672 199 F: 4 1 1 
1648 7 1655 141 F: 4 3 
1653 6 1659 187 F: 6 
1654 11 1676 344 F: 7 4 
1655 10 1675 284 F: 10 
1657 13 1683 181 F: 13 
1669 10 1699 9 F: 10 
1670 9 1697 150 F: 9 
1676 9 1685 187 F: 7 2 
1696 7 1710 314 F: 7 
1705 10 1735 63 F: 5 5 
1723 6 1729 288 F: 3 3 
1741 3 1744 141 F: 2 1 
1744 7 1758 94 F: 3 3 1 
1775 7 1803 140 F: 2 3 2 
1775 8 1799 27 F: 4 2 2 
1780 9 1798 43 F: 5 4 
1784 10 1794 138 F: 4 2 4 
1797 5 1817 245 F: 5 
1799 3 1802 19 F: 3 
D: 8 71 
D: 19 300 
D: 21 67 
D: 25 204 
D: 32 69 
D: 33 123 
D: 33 206 
D: 41 193 
D: 51 306 
D: 71 189 
D: 77 220 
D: 78 169 
D: 80 238 
D: 88 212 
D: 89 218 
D: 92 248 
D: 93 118 
D: 94 217 
D: 122 211 
D: 125 206 
D: 126 222 
D: 132 144 
D: 135 215 
D: 144 193 
D: 147 217 
D: 166 285 
D: 175 328 
D: 182 326 
D: 195 298 
D: 202 247 
D: 210 335 
D: 242 345 
D: 249 260 
D: 266 334 
D: 268 294 
