5 8 21 200 F: 8 
6 7 27 13 F: 4 1 2 
12 4 16 214 F: 4 
13 10 53 203 F: 10 
19 9 55 247 F: 9 
36 6 42 205 F: 2 4 
39 4 55 168 F: 2 1 1 
39 10 59 195 F: 7 3 
42 10 52 333 F: 5 2 3 
47 12 83 305 F: 12 
48 9 66 20 F: 6 3 
48 12 60 279 F: 12 
53 5 63 320 F: 2 3 
57 5 72 234 F: 2 1 2 
57 6 75 257 F: 6 
70 6 76 141 F: 5 1 
71 7 85 267 F: 2 2 3 
79 8 87 173 F: 8 
85 4 101 294 F: 4 
99 10 119 123 F: 10 
111 10 151 230 F: 5 1 4 
114 7 128 18 F: 3 1 3 
118 6 142 7 F: 5 1 
121 12 157 33 F: 12 
135 8 167 114 F: 8 
138 8 162 30 F: 3 4 1 
139 12 163 237 F: 6 6 
146 11 179 309 F: 11 
152 10 162 345 F: 7 3 
154 3 157 215 F: 3 
154 8 178 37 F: 3 2 3 
158 7 172 60 F: 7 
163 7 170 223 F: 3 4 
163 7 191 168 F: 3 4 
165 4 169 97 F: 4 
166 9 202 286 F: 4 2 3 
167 8 199 22 F: 3 5 
172 10 192 97 F: 6 4 
178 10 188 172 F: 7 3 
194 9 230 229 F: 4 5 
200 5 210 180 F: 2 3 
205 8 237 259 F: 4 4 
207 7 221 58 F: 7 
208 10 228 310 F: 10 
212 10 232 263 F: 5 2 3 
237 2 243 347 F: 2 
247 8 263 304 F: 3 5 
248 4 264 114 F: 4 
252 8 260 197 F: 8 
254 10 274 167 F: 2 4 4 
254 12 278 248 F: 12 
258 9 267 215 F: 5 1 3 
268 5 288 320 F: 3 1 1 
268 7 282 245 F: 2 3 2 
268 8 300 97 F: 3 5 
269 6 287 319 F: 3 1 2 
275 6 299 51 F: 6 
277 12 301 75 F: 12 
286 8 294 219 F: 3 4 1 
292 3 301 9 F: 3 
301 7 322 1 F: 3 3 1 
302 11 335 81 F: 11 
324 9 351 71 F: 3 2 4 
326 5 331 144 F: 2 3 
333 6 339 130 F: 2 1 3 
335 4 339 224 F: 4 
349 6 355 325 F: 2 1 3 
355 6 373 112 F: 2 1 3 
361 9 370 260 F: 5 2 2 
362 13 414 262 F: 7 6 
366 8 398 346 F: 7 1 
371 8 403 114 F: 2 2 4 
372 8 396 168 F: 2 6 
378 13 391 185 F: 13 
382 13 421 306 F: 7 6 
383 12 407 237 F: 12 
384 8 400 270 F: 8 
387 9 423 89 F: 4 2 3 
388 9 397 343 F: 4 5 
396 3 402 246 F: 3 
400 7 421 195 F: 6 1 
403 6 421 251 F: 6 
410 7 438 205 F: 2 1 4 
412 8 444 185 F: 8 
414 2 418 202 F: 2 
437 10 457 336 F: 10 
443 10 483 105 F: 10 
444 3 453 122 F: 3 
444 8 476 262 F: 7 1 
446 2 452 326 F: 2 
447 8 463 200 F: 5 3 
457 9 466 249 F: 4 4 1 
462 7 490 18 F: 4 1 2 
470 10 500 173 F: 4 6 
482 9 491 204 F: 3 6 
485 7 499 155 F: 3 4 
487 11 531 76 F: 11 
490 7 504 281 F: 7 
494 7 508 212 F: 4 1 2 
499 3 511 41 F: 3 
500 4 504 1 F: 2 2 
503 8 527 232 F: 8 
505 8 513 291 F: 6 2 
518 11 551 283 F: 5 4 2 
520 7 548 69 F: 4 1 2 
520 8 544 116 F: 3 5 
524 7 545 7 F: 5 1 1 
527 9 536 156 F: 4 4 1 
530 10 560 79 F: 5 5 
555 6 567 346 F: 3 3 
557 3 569 93 F: 3 
561 7 568 129 F: 4 1 2 
571 2 579 339 F: 2 
574 12 598 201 F: 12 
575 8 591 181 F: 8 
576 9 585 238 F: 3 6 
584 5 594 246 F: 5 
585 6 603 86 F: 5 1 
586 7 607 350 F: 7 
590 9 599 187 F: 5 1 3 
601 10 621 49 F: 7 3 
603 12 639 15 F: 4 4 4 
607 8 639 89 F: 4 2 2 
610 4 626 177 F: 3 1 
628 7 642 134 F: 7 
634 10 654 272 F: 10 
637 9 655 45 F: 9 
640 9 649 340 F: 9 
649 3 652 10 F: 3 
652 11 685 62 F: 5 4 2 
653 11 686 268 F: 11 
657 5 667 284 F: 5 
660 6 678 23 F: 2 2 2 
661 5 666 119 F: 2 2 1 
667 12 715 271 F: 12 
674 8 682 136 F: 4 3 1 
675 7 682 125 F: 7 
676 10 686 129 F: 5 5 
681 4 685 300 F: 3 1 
681 11 692 306 F: 11 
701 7 722 245 F: 7 
721 11 732 114 F: 11 
732 10 772 281 F: 3 3 4 
734 4 742 245 F: 4 
734 9 752 298 F: 9 
735 7 763 336 F: 3 3 1 
736 9 772 183 F: 2 4 3 
736 10 776 239 F: 5 1 4 
737 6 761 37 F: 4 2 
742 8 750 114 F: 2 3 3 
764 10 784 342 F: 10 
768 2 770 148 F: 2 
769 2 771 268 F: 2 
775 4 787 279 F: 4 
775 6 793 342 F: 6 
784 8 800 152 F: 5 3 
785 4 789 262 F: 4 
787 2 793 347 F: 2 
791 8 807 11 F: 4 4 
793 9 820 325 F: 3 2 4 
806 7 834 197 F: 4 1 2 
806 9 824 157 F: 2 3 4 
807 2 815 127 F: 2 
807 9 843 233 F: 5 4 
820 7 834 4 F: 2 2 3 
825 6 849 28 F: 6 
827 11 838 73 F: 7 4 
829 11 862 151 F: 5 2 4 
832 6 844 163 F: 3 3 
833 11 877 32 F: 5 6 
840 8 856 32 F: 4 1 3 
849 2 851 275 F: 2 
854 9 863 262 F: 3 6 
857 13 883 48 F: 13 
864 8 888 162 F: 8 
865 11 898 57 F: 5 2 4 
877 9 904 162 F: 3 3 3 
878 8 894 113 F: 7 1 
881 4 885 34 F: 3 1 
891 7 905 179 F: 2 5 
900 11 911 316 F: 7 4 
902 7 923 2 F: 2 1 4 
904 8 920 109 F: 4 3 1 
904 10 914 102 F: 10 
905 7 919 56 F: 7 
936 7 950 68 F: 2 4 1 
943 13 956 194 F: 13 
944 6 956 179 F: 6 
946 11 979 168 F: 4 3 4 
947 9 974 219 F: 4 4 1 
952 6 964 82 F: 6 
962 7 983 324 F: 7 
966 7 994 329 F: 4 3 
967 6 991 155 F: 3 3 
969 6 987 208 F: 6 
978 10 988 207 F: 10 
978 12 1026 31 F: 7 5 
979 8 995 277 F: 4 4 
984 5 994 304 F: 3 1 1 
995 12 1031 197 F: 12 
1001 8 1025 286 F: 7 1 
1006 6 1012 34 F: 5 1 
1008 9 1035 198 F: 2 3 4 
1011 13 1037 20 F: 7 6 
1037 7 1065 48 F: 4 1 2 
1037 8 1045 216 F: 7 1 
1038 9 1056 286 F: 3 6 
1044 8 1076 184 F: 3 1 4 
1047 8 1055 103 F: 2 2 4 
1047 9 1056 36 F: 9 
1056 5 1061 136 F: 2 2 1 
1069 8 1085 267 F: 6 2 
1079 3 1088 349 F: 3 
1079 9 1088 139 F: 5 4 
1082 6 1094 68 F: 3 3 
1086 10 1106 328 F: 10 
1093 2 1095 2 F: 2 
1093 8 1117 82 F: 8 
1096 5 1106 188 F: 5 
1098 11 1109 270 F: 11 
1104 7 1125 199 F: 2 5 
1109 5 1124 27 F: 3 2 
1110 7 1124 104 F: 2 1 4 
1110 10 1150 114 F: 4 2 4 
1134 8 1142 208 F: 8 
1136 8 1152 250 F: 4 1 3 
1137 10 1147 43 F: 10 
1144 5 1159 111 F: 2 3 
1153 9 1180 42 F: 4 4 1 
1153 11 1175 301 F: 6 5 
1161 8 1193 249 F: 5 3 
1164 8 1188 173 F: 3 1 4 
1165 12 1189 40 F: 7 5 
1167 5 1172 161 F: 3 1 1 
1178 7 1206 146 F: 2 1 4 
1186 11 1230 132 F: 11 
1193 9 1211 178 F: 5 1 3 
1194 11 1238 205 F: 6 5 
1195 7 1216 346 F: 4 2 1 
1199 9 1217 10 F: 5 3 1 
1201 9 1228 223 F: 5 4 
1205 7 1233 302 F: 4 2 1 
1205 11 1238 194 F: 5 3 3 
1207 8 1239 276 F: 3 5 
1212 9 1239 312 F: 9 
1224 8 1240 181 F: 5 3 
1233 11 1255 112 F: 6 5 
1233 13 1259 196 F: 7 6 
1241 9 1268 160 F: 3 6 
1244 10 1274 255 F: 4 4 2 
1246 13 1298 110 F: 13 
1248 8 1280 235 F: 3 5 
1250 9 1268 36 F: 5 3 1 
1255 9 1273 3 F: 4 1 4 
1255 10 1295 337 F: 6 4 
1263 12 1287 339 F: 6 6 
1272 3 1281 87 F: 3 
1279 5 1294 39 F: 5 
1281 8 1297 289 F: 4 1 3 
1290 6 1314 140 F: 2 4 
1300 11 1311 250 F: 11 
1300 11 1333 29 F: 11 
1302 9 1320 109 F: 5 1 3 
1311 9 1347 228 F: 7 2 
1318 7 1346 287 F: 3 2 2 
1320 6 1332 234 F: 2 4 
1323 7 1330 236 F: 7 
1327 12 1363 261 F: 7 5 
1328 5 1348 288 F: 5 
1341 9 1368 87 F: 4 3 2 
1346 5 1356 52 F: 3 1 1 
1346 11 1357 205 F: 5 4 2 
1357 7 1364 30 F: 4 3 
1360 9 1378 33 F: 5 4 
1366 6 1372 163 F: 3 2 1 
1368 9 1404 335 F: 3 3 3 
1372 8 1396 246 F: 6 2 
1379 11 1390 235 F: 4 4 3 
1387 12 1411 162 F: 12 
1393 5 1408 185 F: 5 
1400 3 1412 172 F: 3 
1413 6 1419 117 F: 5 1 
1419 10 1449 300 F: 10 
1419 11 1463 241 F: 11 
1422 11 1444 264 F: 6 5 
1422 12 1458 63 F: 12 
1425 8 1457 116 F: 5 3 
1436 6 1454 16 F: 4 2 
1441 9 1468 130 F: 9 
1443 8 1459 312 F: 3 1 4 
1447 8 1479 265 F: 8 
1453 3 1456 39 F: 3 
1464 4 1472 236 F: 4 
1464 13 1490 319 F: 13 
1467 8 1475 347 F: 7 1 
1476 5 1486 168 F: 3 2 
1483 3 1489 29 F: 3 
1487 13 1500 79 F: 13 
1491 8 1499 204 F: 4 4 
1497 6 1515 23 F: 4 2 
1501 13 1527 13 F: 7 6 
1505 9 1541 233 F: 9 
1510 11 1532 238 F: 6 5 
1515 5 1530 205 F: 5 
1521 5 1531 66 F: 5 
1534 10 1564 216 F: 10 
1537 8 1569 171 F: 2 6 
1537 9 1546 215 F: 2 4 3 
1538 5 1553 152 F: 5 
1539 2 1545 285 F: 2 
1542 9 1551 11 F: 5 1 3 
1545 4 1561 217 F: 2 2 
1553 11 1575 67 F: 5 2 4 
1556 10 1566 81 F: 10 
1557 9 1593 252 F: 9 
1562 11 1573 74 F: 11 
1578 11 1589 132 F: 7 4 
1592 7 1613 129 F: 3 4 
1595 9 1631 320 F: 6 3 
1599 6 1611 303 F: 2 4 
1608 10 1628 258 F: 4 4 2 
1608 12 1644 268 F: 5 3 4 
1617 13 1643 104 F: 5 4 4 
1622 13 1648 41 F: 7 6 
1627 6 1651 242 F: 5 1 
1632 8 1656 108 F: 4 4 
1634 9 1670 193 F: 9 
1637 8 1661 279 F: 2 3 3 
1646 5 1656 260 F: 3 2 
1646 7 1674 52 F: 7 
1648 7 1662 48 F: 3 3 1 
1670 8 1694 23 F: 8 
1686 7 1707 93 F: 7 
1687 8 1711 310 F: 3 5 
1689 11 1722 216 F: 5 2 4 
1689 12 1725 44 F: 12 
1690 11 1734 267 F: 5 3 3 
1698 9 1707 313 F: 4 1 4 
1698 11 1720 338 F: 7 4 
1699 3 1705 96 F: 3 
1703 8 1719 155 F: 4 1 3 
1709 8 1741 268 F: 3 5 
1743 8 1775 321 F: 2 4 2 
1753 13 1779 125 F: 13 
1758 6 1764 42 F: 3 3 
1767 9 1776 54 F: 7 2 
1776 8 1792 271 F: 5 3 
1776 11 1809 91 F: 6 5 
1783 10 1823 103 F: 5 1 4 
1799 6 1823 94 F: 6 
D: 3 346 
D: 7 212 
D: 7 332 
D: 9 243 
D: 12 120 
D: 24 172 
D: 27 62 
D: 29 311 
D: 37 57 
D: 38 308 
D: 46 60 
D: 47 201 
D: 51 118 
D: 64 334 
D: 72 199 
D: 80 141 
D: 85 280 
D: 98 302 
D: 100 251 
D: 106 191 
D: 107 282 
D: 111 296 
D: 115 152 
D: 169 279 
D: 173 225 
D: 174 325 
D: 187 318 
D: 194 311 
D: 199 291 
D: 202 324 
D: 234 309 
D: 235 327 
D: 235 343 
D: 239 299 
D: 278 310 
