3 12 27 31 F: 7 5 
7 7 35 188 F: 3 3 1 
9 9 36 82 F: 5 2 2 
11 8 19 262 F: 3 4 1 
11 9 47 86 F: 4 5 
12 7 33 193 F: 3 1 3 
14 5 34 119 F: 4 1 
16 9 34 197 F: 2 4 3 
20 5 35 20 F: 5 
25 6 49 159 F: 2 2 2 
37 7 44 148 F: 3 3 1 
46 3 58 285 F: 3 
47 9 65 119 F: 4 5 
54 8 78 8 F: 4 3 1 
58 8 82 38 F: 2 3 3 
60 2 66 230 F: 2 
73 13 112 133 F: 13 
84 2 86 156 F: 2 
97 5 107 31 F: 5 
99 11 143 40 F: 11 
103 6 127 277 F: 2 2 2 
106 8 114 89 F: 4 3 1 
110 10 120 200 F: 5 3 2 
111 9 138 286 F: 2 3 4 
112 5 127 120 F: 2 3 
112 8 136 185 F: 6 2 
122 11 133 39 F: 5 6 
123 2 131 161 F: 2 
123 9 159 157 F: 2 3 4 
133 5 153 188 F: 4 1 
140 6 158 85 F: 4 1 1 
141 13 180 30 F: 5 4 4 
143 9 170 264 F: 5 3 1 
159 9 168 50 F: 6 3 
168 8 176 117 F: 3 5 
179 10 189 37 F: 5 2 3 
182 8 198 120 F: 3 2 3 
194 9 212 65 F: 7 2 
196 12 220 252 F: 4 4 4 
199 5 209 129 F: 5 
213 8 221 49 F: 3 5 
225 8 249 233 F: 8 
225 9 252 140 F: 9 
227 8 259 18 F: 2 6 
241 7 255 256 F: 6 1 
244 8 268 20 F: 8 
246 9 282 140 F: 6 3 
247 8 271 61 F: 5 2 1 
248 8 272 36 F: 8 
248 8 272 55 F: 3 5 
250 4 266 47 F: 2 1 1 
262 6 280 183 F: 2 4 
263 7 284 119 F: 7 
268 8 276 240 F: 4 2 2 
269 9 278 78 F: 3 6 
272 9 281 88 F: 7 2 
280 3 283 164 F: 3 
280 3 289 235 F: 3 
282 9 309 126 F: 5 2 2 
293 6 317 73 F: 3 3 
302 7 316 86 F: 5 1 1 
303 4 315 240 F: 4 
311 9 320 225 F: 5 1 3 
327 11 338 170 F: 3 4 4 
328 13 367 263 F: 13 
330 12 366 216 F: 7 5 
331 3 334 247 F: 3 
340 8 348 190 F: 7 1 
341 7 348 245 F: 5 1 1 
344 7 358 130 F: 4 3 
348 11 392 49 F: 11 
349 9 376 155 F: 9 
352 10 372 36 F: 3 3 4 
354 11 376 89 F: 5 2 4 
360 8 384 1 F: 5 2 1 
369 11 413 35 F: 5 6 
378 13 404 100 F: 13 
385 6 403 290 F: 3 1 2 
396 6 414 143 F: 6 
399 9 417 75 F: 4 3 2 
400 11 444 121 F: 11 
403 5 423 41 F: 3 2 
406 9 424 11 F: 3 3 3 
409 6 421 16 F: 6 
410 8 442 133 F: 8 
415 7 443 44 F: 7 
418 6 442 128 F: 6 
432 13 458 74 F: 13 
450 11 483 142 F: 5 6 
452 10 492 29 F: 2 4 4 
454 12 478 274 F: 6 6 
462 12 498 191 F: 7 5 
470 6 494 168 F: 3 1 2 
475 2 477 78 F: 2 
476 6 500 174 F: 3 2 1 
480 11 502 121 F: 11 
481 7 509 196 F: 7 
484 7 505 83 F: 3 2 2 
490 8 522 113 F: 3 3 2 
499 6 523 10 F: 6 
505 10 545 121 F: 10 
509 10 529 208 F: 3 3 4 
512 7 519 5 F: 4 1 2 
516 4 532 258 F: 4 
517 3 520 210 F: 2 1 
517 7 538 169 F: 6 1 
520 4 532 42 F: 2 2 
548 12 572 214 F: 12 
549 5 564 179 F: 2 3 
549 9 558 202 F: 3 6 
553 8 585 60 F: 2 4 2 
553 9 580 240 F: 7 2 
556 8 572 280 F: 2 4 2 
558 6 582 82 F: 3 1 2 
567 13 593 99 F: 7 6 
571 6 577 97 F: 4 2 
580 9 589 113 F: 6 3 
591 10 611 64 F: 6 4 
593 7 621 184 F: 4 2 1 
599 11 632 118 F: 5 3 3 
613 2 621 184 F: 2 
613 7 620 126 F: 6 1 
620 9 638 73 F: 9 
621 7 649 174 F: 6 1 
631 7 659 300 F: 2 1 4 
633 11 655 230 F: 3 4 4 
637 11 648 137 F: 4 4 3 
640 6 652 181 F: 6 
657 8 689 248 F: 5 2 1 
662 4 670 219 F: 4 
662 6 668 124 F: 2 2 2 
666 5 676 224 F: 5 
669 7 683 93 F: 7 
670 2 676 41 F: 2 
670 6 694 247 F: 2 4 
672 2 676 283 F: 2 
675 4 679 235 F: 4 
675 10 685 272 F: 5 2 3 
678 7 692 277 F: 5 2 
696 11 718 204 F: 11 
700 10 710 17 F: 4 3 3 
702 5 722 208 F: 5 
713 8 737 201 F: 2 6 
718 10 738 175 F: 10 
719 11 741 87 F: 11 
720 9 738 150 F: 5 3 1 
722 11 755 173 F: 6 5 
723 5 738 89 F: 5 
723 12 747 16 F: 6 6 
724 5 744 87 F: 4 1 
740 4 748 167 F: 4 
750 9 768 279 F: 9 
758 7 786 38 F: 3 1 3 
770 10 810 265 F: 6 4 
773 12 821 252 F: 12 
780 7 808 164 F: 7 
782 13 821 248 F: 7 6 
791 6 803 79 F: 4 1 1 
797 6 821 136 F: 2 2 2 
799 5 809 89 F: 5 
800 5 815 42 F: 3 1 1 
804 6 822 163 F: 3 1 2 
805 10 845 164 F: 10 
812 13 838 4 F: 5 4 4 
814 10 844 219 F: 6 4 
816 8 840 280 F: 8 
823 9 832 182 F: 4 4 1 
827 9 854 78 F: 9 
832 7 860 35 F: 2 2 3 
840 3 843 286 F: 2 1 
840 7 868 188 F: 3 4 
851 8 875 28 F: 4 1 3 
857 7 864 110 F: 3 2 2 
859 6 871 56 F: 6 
859 6 883 103 F: 6 
861 8 885 257 F: 2 4 2 
862 6 886 134 F: 3 3 
875 2 881 17 F: 2 
878 8 886 192 F: 3 2 3 
881 3 884 15 F: 3 
904 10 944 190 F: 5 3 2 
905 10 925 65 F: 4 2 4 
910 9 919 145 F: 3 2 4 
914 5 924 152 F: 2 3 
921 8 953 183 F: 4 2 2 
938 9 956 1 F: 7 2 
951 11 995 37 F: 11 
953 7 981 93 F: 5 2 
956 12 992 176 F: 7 5 
959 2 965 226 F: 2 
962 8 978 211 F: 3 3 2 
966 10 986 183 F: 3 4 3 
970 5 975 223 F: 5 
971 7 992 157 F: 4 1 2 
981 8 1013 107 F: 3 4 1 
985 12 1033 165 F: 12 
989 6 1007 235 F: 6 
989 11 1000 112 F: 11 
994 7 1022 159 F: 2 1 4 
999 7 1006 156 F: 3 4 
1003 13 1042 181 F: 5 4 4 
1005 12 1053 189 F: 12 
1010 8 1026 94 F: 5 3 
1012 11 1056 291 F: 7 4 
1013 6 1019 74 F: 4 1 1 
1024 5 1034 88 F: 5 
1029 9 1038 14 F: 5 3 1 
1032 9 1068 214 F: 9 
1034 7 1055 36 F: 5 2 
1052 13 1065 133 F: 7 6 
1057 6 1069 132 F: 2 1 3 
1058 8 1082 283 F: 2 3 3 
1072 12 1096 234 F: 12 
1078 12 1090 125 F: 5 4 3 
1081 5 1101 68 F: 5 
1087 6 1105 91 F: 2 1 3 
1087 10 1097 158 F: 3 3 4 
1091 9 1127 51 F: 4 4 1 
1095 5 1105 186 F: 5 
1097 10 1107 193 F: 10 
1111 4 1127 231 F: 4 
1115 9 1142 223 F: 5 3 1 
1115 12 1163 62 F: 5 3 4 
1124 11 1135 69 F: 5 4 2 
1133 9 1169 60 F: 4 2 3 
1136 10 1146 216 F: 10 
1137 9 1164 150 F: 9 
1145 7 1159 97 F: 4 3 
1152 6 1158 104 F: 3 3 
1152 8 1176 263 F: 2 6 
1154 10 1164 254 F: 3 3 4 
1161 2 1169 237 F: 2 
1165 12 1213 23 F: 5 4 3 
1167 7 1181 189 F: 3 1 3 
1171 8 1179 87 F: 3 2 3 
1183 7 1204 9 F: 7 
1189 10 1229 64 F: 5 4 1 
1193 6 1211 6 F: 6 
1194 10 1234 143 F: 10 
1197 12 1245 81 F: 5 4 3 
1205 11 1238 57 F: 5 6 
1206 13 1258 113 F: 13 
1216 6 1234 225 F: 2 1 3 
1220 9 1247 150 F: 7 2 
1227 8 1251 7 F: 2 4 2 
1229 7 1257 106 F: 2 2 3 
1229 8 1245 104 F: 8 
1235 11 1246 125 F: 11 
1237 6 1255 274 F: 6 
1237 8 1253 87 F: 3 5 
1239 12 1263 115 F: 12 
1244 10 1254 82 F: 10 
1248 12 1260 196 F: 12 
1264 6 1276 16 F: 6 
1270 11 1281 31 F: 6 5 
1272 2 1274 278 F: 2 
1274 8 1298 27 F: 4 1 3 
1283 10 1293 65 F: 6 4 
1296 11 1329 137 F: 5 6 
1298 9 1334 49 F: 9 
1308 7 1329 222 F: 5 2 
1318 7 1332 206 F: 3 2 2 
1328 10 1348 192 F: 7 3 
1342 13 1368 253 F: 13 
1355 9 1382 277 F: 4 4 1 
1357 6 1375 148 F: 4 1 1 
1361 9 1397 229 F: 5 4 
1362 7 1376 94 F: 3 3 1 
1362 11 1395 181 F: 7 4 
1365 4 1377 93 F: 4 
1365 8 1389 202 F: 5 2 1 
1370 11 1392 109 F: 11 
1373 8 1397 78 F: 8 
1380 6 1392 207 F: 2 2 2 
1382 8 1390 267 F: 8 
1385 11 1418 103 F: 11 
1388 3 1400 9 F: 3 
1398 6 1410 228 F: 6 
1399 6 1411 289 F: 3 1 2 
1399 13 1412 235 F: 13 
1409 10 1439 291 F: 5 4 1 
1410 9 1437 118 F: 4 2 3 
1421 5 1426 130 F: 5 
1422 12 1434 3 F: 12 
1436 8 1444 76 F: 3 2 3 
1444 7 1472 179 F: 4 3 
1444 11 1477 98 F: 7 4 
1452 10 1472 86 F: 4 4 2 
1453 7 1467 51 F: 2 1 4 
1462 8 1470 92 F: 5 1 2 
1462 10 1482 242 F: 10 
1465 11 1476 211 F: 11 
1468 7 1475 238 F: 5 2 
1472 6 1490 133 F: 6 
1475 12 1511 206 F: 7 5 
1477 10 1497 94 F: 5 2 3 
1478 4 1494 299 F: 2 2 
1480 12 1492 238 F: 5 3 4 
1488 12 1524 225 F: 12 
1497 12 1545 3 F: 6 6 
D: 4 131 
D: 7 251 
D: 14 297 
D: 24 75 
D: 24 179 
D: 31 60 
D: 31 202 
D: 42 190 
D: 50 79 
D: 53 218 
D: 60 180 
D: 66 226 
D: 74 250 
D: 77 104 
D: 81 97 
D: 90 293 
D: 95 203 
D: 97 251 
D: 120 126 
D: 121 296 
D: 126 181 
D: 143 217 
D: 148 183 
D: 153 298 
D: 189 228 
D: 190 222 
D: 192 211 
D: 199 254 
D: 207 256 
D: 268 283 
