0 6 24 101 F: 5 1 
2 8 26 84 F: 4 4 
17 13 30 263 F: 5 4 4 
27 4 31 124 F: 4 
29 7 36 108 F: 2 2 3 
33 9 69 294 F: 3 6 
44 11 66 300 F: 5 3 3 
46 8 78 284 F: 8 
50 10 90 65 F: 5 2 3 
51 9 69 161 F: 7 2 
80 5 100 216 F: 3 2 
82 8 98 212 F: 5 3 
83 5 88 56 F: 2 3 
83 7 111 9 F: 7 
84 11 106 203 F: 5 2 4 
85 11 96 8 F: 4 3 4 
88 8 112 90 F: 8 
93 10 103 47 F: 5 2 3 
96 3 102 130 F: 2 1 
97 9 115 63 F: 4 5 
112 10 132 137 F: 3 3 4 
112 12 148 29 F: 5 3 4 
114 4 118 150 F: 3 1 
115 9 124 188 F: 5 4 
119 8 151 31 F: 4 4 
121 6 145 218 F: 6 
126 10 156 4 F: 6 4 
132 5 147 88 F: 2 3 
135 7 163 5 F: 5 2 
145 8 161 224 F: 2 6 
148 5 168 98 F: 4 1 
152 9 170 253 F: 9 
159 4 175 228 F: 3 1 
159 9 177 267 F: 6 3 
159 12 195 89 F: 12 
162 13 188 3 F: 13 
176 9 194 49 F: 6 3 
190 12 202 248 F: 12 
194 10 234 281 F: 5 5 
195 13 247 292 F: 13 
213 6 231 289 F: 6 
218 7 239 275 F: 3 4 
219 8 243 168 F: 3 5 
223 8 231 91 F: 8 
227 9 263 6 F: 9 
228 7 235 153 F: 2 5 
231 7 252 294 F: 5 2 
234 10 254 113 F: 10 
235 9 244 174 F: 5 2 2 
236 4 244 70 F: 3 1 
244 9 280 252 F: 4 5 
250 9 259 286 F: 4 5 
255 4 267 209 F: 4 
261 8 285 278 F: 3 4 1 
264 10 284 162 F: 10 
265 4 269 13 F: 4 
267 3 270 113 F: 3 
272 8 296 241 F: 2 4 2 
282 6 288 108 F: 3 1 2 
295 8 303 41 F: 6 2 
300 6 306 203 F: 2 4 
300 8 332 284 F: 4 1 3 
300 9 336 172 F: 3 4 2 
303 10 333 125 F: 5 2 3 
313 9 349 192 F: 5 4 
318 7 332 7 F: 6 1 
318 8 342 264 F: 5 1 2 
326 9 353 93 F: 4 3 2 
332 10 352 186 F: 6 4 
336 8 352 14 F: 3 4 1 
343 7 364 45 F: 5 2 
349 9 367 191 F: 9 
351 7 379 157 F: 4 2 1 
352 8 360 185 F: 3 5 
353 9 389 294 F: 4 5 
357 5 372 207 F: 5 
357 10 367 2 F: 5 5 
381 6 405 104 F: 3 3 
384 9 393 68 F: 5 4 
391 9 400 89 F: 6 3 
404 9 431 147 F: 9 
412 11 423 44 F: 11 
414 9 423 91 F: 4 3 2 
415 4 423 166 F: 4 
415 5 425 282 F: 2 1 2 
418 10 428 25 F: 10 
432 4 440 252 F: 4 
433 11 466 79 F: 11 
435 9 453 209 F: 5 3 1 
443 8 459 184 F: 4 1 3 
445 6 463 157 F: 5 1 
460 10 500 101 F: 10 
461 9 479 128 F: 4 2 3 
463 6 487 171 F: 3 1 2 
466 3 478 28 F: 3 
471 8 495 209 F: 4 3 1 
489 3 492 78 F: 3 
496 13 522 153 F: 13 
497 4 501 139 F: 4 
499 9 535 225 F: 3 3 3 
505 10 515 2 F: 5 5 
507 4 515 266 F: 4 
507 12 531 242 F: 12 
509 4 521 194 F: 2 1 1 
509 10 519 8 F: 5 2 3 
515 3 527 195 F: 2 1 
522 10 552 48 F: 5 3 2 
528 4 536 178 F: 3 1 
540 9 576 157 F: 5 4 
546 4 550 181 F: 4 
554 8 570 85 F: 2 6 
555 11 577 294 F: 4 3 4 
563 9 590 18 F: 9 
565 6 571 85 F: 2 4 
568 6 574 125 F: 4 2 
569 4 573 260 F: 4 
572 7 600 194 F: 2 3 2 
583 7 590 136 F: 4 1 2 
591 7 619 237 F: 5 1 1 
594 12 642 140 F: 5 3 4 
600 8 632 297 F: 6 2 
612 11 623 130 F: 11 
614 7 628 233 F: 2 5 
614 10 654 230 F: 5 3 2 
616 9 643 251 F: 3 6 
618 2 622 185 F: 2 
618 4 622 194 F: 4 
618 10 638 128 F: 5 5 
620 9 638 58 F: 3 4 2 
638 4 650 164 F: 3 1 
642 3 648 61 F: 3 
642 8 658 276 F: 8 
654 9 672 225 F: 9 
657 2 665 207 F: 2 
657 13 696 63 F: 7 6 
664 3 667 129 F: 3 
665 6 683 135 F: 3 3 
669 6 693 163 F: 2 1 3 
676 6 682 9 F: 4 1 1 
692 5 702 10 F: 5 
713 10 743 219 F: 5 3 2 
714 6 726 225 F: 2 3 1 
715 9 742 42 F: 3 2 4 
717 5 722 88 F: 2 2 1 
725 8 733 57 F: 4 2 2 
735 9 762 39 F: 4 4 1 
737 8 753 102 F: 6 2 
739 7 760 282 F: 4 2 1 
741 6 753 209 F: 2 1 3 
746 9 782 66 F: 6 3 
754 3 760 193 F: 3 
759 9 777 266 F: 6 3 
762 6 780 62 F: 5 1 
765 11 809 13 F: 7 4 
774 7 781 48 F: 3 1 3 
784 2 786 208 F: 2 
793 9 820 255 F: 3 2 4 
796 9 832 222 F: 2 3 4 
796 13 822 136 F: 13 
798 12 810 254 F: 12 
803 8 835 208 F: 3 5 
803 10 833 2 F: 10 
808 11 830 259 F: 7 4 
811 8 827 10 F: 8 
812 6 836 151 F: 3 2 1 
813 3 819 194 F: 3 
815 9 833 164 F: 3 6 
832 6 850 85 F: 5 1 
836 8 860 30 F: 5 3 
837 7 865 70 F: 4 2 1 
837 10 877 292 F: 5 2 3 
839 5 854 37 F: 4 1 
852 12 900 252 F: 12 
853 8 877 148 F: 3 4 1 
866 7 873 225 F: 2 5 
881 3 890 287 F: 3 
886 4 902 278 F: 2 2 
886 10 896 11 F: 3 3 4 
892 4 896 195 F: 3 1 
892 10 902 198 F: 4 2 4 
909 5 919 212 F: 3 2 
909 9 945 143 F: 7 2 
910 6 922 100 F: 2 1 3 
920 7 941 265 F: 2 2 3 
929 10 969 272 F: 5 2 3 
930 10 950 23 F: 5 5 
933 13 972 195 F: 7 6 
941 13 980 280 F: 13 
946 9 955 128 F: 6 3 
959 11 992 227 F: 5 6 
959 13 1011 225 F: 13 
970 5 990 41 F: 5 
972 4 984 30 F: 2 2 
972 10 992 269 F: 7 3 
978 8 1010 3 F: 8 
979 8 1011 245 F: 2 6 
985 12 997 219 F: 12 
986 6 992 12 F: 6 
992 8 1000 158 F: 4 4 
997 6 1009 93 F: 6 
1000 9 1036 256 F: 3 6 
1010 11 1043 201 F: 5 4 2 
1012 8 1036 156 F: 8 
1016 13 1029 292 F: 13 
1027 9 1054 223 F: 2 3 4 
1028 13 1054 98 F: 7 6 
1043 6 1067 286 F: 2 4 
1044 6 1068 109 F: 6 
1047 9 1083 190 F: 6 3 
1055 8 1087 259 F: 2 4 2 
1057 9 1075 12 F: 4 5 
1058 7 1072 2 F: 2 3 2 
1063 4 1071 60 F: 4 
1064 6 1070 254 F: 3 3 
1066 5 1081 21 F: 5 
1067 8 1091 151 F: 8 
1068 10 1108 222 F: 5 5 
1084 8 1108 109 F: 3 5 
1091 11 1135 102 F: 6 5 
1092 10 1112 273 F: 5 4 1 
1105 9 1141 290 F: 3 4 2 
1106 10 1136 219 F: 3 3 4 
1120 9 1147 222 F: 9 
1120 9 1147 243 F: 4 5 
1136 9 1145 234 F: 3 6 
1141 8 1149 181 F: 3 1 4 
1144 6 1150 246 F: 6 
1145 5 1150 248 F: 3 2 
1145 8 1153 260 F: 6 2 
1146 3 1152 170 F: 2 1 
1147 5 1162 226 F: 5 
1148 9 1175 32 F: 7 2 
1150 8 1182 126 F: 2 6 
1164 12 1176 68 F: 12 
1172 7 1186 19 F: 3 2 2 
1174 7 1202 53 F: 3 1 3 
1176 12 1224 66 F: 12 
1180 3 1186 229 F: 3 
1180 8 1196 223 F: 6 2 
1184 8 1192 191 F: 3 2 3 
1211 4 1219 54 F: 4 
1216 4 1232 269 F: 4 
1218 7 1246 122 F: 2 2 3 
1220 4 1224 289 F: 2 2 
1224 4 1240 11 F: 4 
1226 8 1250 55 F: 8 
1237 10 1267 95 F: 5 3 2 
1239 9 1266 158 F: 3 3 3 
1241 4 1249 30 F: 3 1 
1241 10 1261 12 F: 5 4 1 
1247 5 1262 182 F: 3 2 
1251 6 1263 182 F: 3 1 2 
1253 9 1280 227 F: 3 3 3 
1261 6 1279 238 F: 2 3 1 
1262 11 1284 78 F: 4 4 3 
1283 8 1291 149 F: 8 
1283 10 1303 72 F: 3 3 4 
1284 9 1311 176 F: 2 4 3 
1287 3 1299 49 F: 3 
1292 12 1328 230 F: 12 
1301 5 1306 133 F: 2 2 1 
1307 10 1347 75 F: 10 
1310 8 1342 44 F: 5 2 1 
1311 9 1347 120 F: 3 3 3 
1315 8 1331 35 F: 4 2 2 
1315 13 1367 8 F: 7 6 
1316 5 1321 104 F: 5 
1322 8 1346 168 F: 5 2 1 
1330 8 1362 244 F: 7 1 
1333 9 1351 233 F: 5 3 1 
1339 7 1346 77 F: 3 1 3 
1344 4 1348 36 F: 4 
1357 10 1387 137 F: 10 
1366 5 1381 137 F: 5 
1370 8 1378 76 F: 3 3 2 
1381 6 1405 83 F: 2 4 
1382 9 1391 47 F: 7 2 
1386 8 1402 170 F: 3 5 
1386 9 1404 252 F: 4 3 2 
1397 3 1403 96 F: 3 
1400 3 1409 297 F: 2 1 
1400 10 1410 108 F: 5 5 
1414 12 1462 224 F: 5 4 3 
1417 6 1429 214 F: 2 1 3 
1422 6 1428 163 F: 3 3 
1425 11 1447 52 F: 5 2 4 
1433 13 1472 110 F: 13 
1442 11 1475 60 F: 11 
1454 9 1463 50 F: 3 6 
1457 8 1473 226 F: 2 4 2 
1472 3 1484 160 F: 3 
1473 3 1479 9 F: 2 1 
1478 10 1518 85 F: 10 
1481 4 1493 107 F: 3 1 
1482 8 1514 181 F: 2 3 3 
1484 9 1511 127 F: 3 6 
1488 8 1504 231 F: 5 1 2 
1489 13 1528 297 F: 13 
1491 2 1493 237 F: 2 
1492 4 1508 81 F: 4 
D: 1 17 
D: 3 155 
D: 8 298 
D: 11 175 
D: 13 131 
D: 14 155 
D: 15 274 
D: 17 137 
D: 27 132 
D: 37 176 
D: 50 264 
D: 64 145 
D: 68 116 
D: 74 265 
D: 76 118 
D: 89 292 
D: 92 141 
D: 113 179 
D: 125 133 
D: 136 283 
D: 143 152 
D: 150 282 
D: 167 283 
D: 177 258 
D: 188 229 
D: 191 275 
D: 212 224 
D: 225 250 
D: 241 254 
D: 242 295 
