4 13 43 47 F: 5 4 4 
5 7 12 290 F: 6 1 
10 11 21 55 F: 5 3 3 
21 9 39 17 F: 5 3 1 
24 9 51 205 F: 9 
24 9 60 227 F: 4 5 
29 5 34 110 F: 2 1 2 
29 7 50 145 F: 4 3 
35 7 63 38 F: 5 2 
39 10 69 58 F: 5 2 3 
57 3 66 96 F: 3 
59 2 63 79 F: 2 
61 12 97 85 F: 12 
63 5 78 226 F: 5 
72 7 93 282 F: 7 
83 5 103 23 F: 3 1 1 
84 10 104 75 F: 3 4 3 
86 6 110 245 F: 6 
93 6 99 277 F: 3 1 2 
97 13 123 241 F: 13 
102 9 111 265 F: 6 3 
102 9 120 156 F: 4 4 1 
108 5 113 172 F: 3 1 1 
108 13 121 62 F: 7 6 
116 6 122 203 F: 2 4 
121 8 129 102 F: 4 2 2 
124 9 142 31 F: 7 2 
127 8 159 222 F: 3 5 
127 10 167 200 F: 7 3 
132 6 150 107 F: 3 2 1 
140 4 144 150 F: 2 1 1 
144 11 155 161 F: 11 
179 5 189 251 F: 2 1 2 
186 2 192 258 F: 2 
186 9 195 194 F: 9 
186 11 197 107 F: 6 5 
190 4 198 234 F: 4 
195 8 211 243 F: 5 3 
195 12 231 254 F: 12 
198 11 209 185 F: 6 5 
206 11 250 123 F: 11 
219 12 255 114 F: 6 6 
223 12 235 283 F: 6 6 
228 9 264 95 F: 5 4 
230 9 248 112 F: 4 4 1 
231 9 267 183 F: 3 6 
238 5 243 19 F: 5 
241 8 273 265 F: 2 6 
241 13 293 121 F: 7 6 
243 3 249 31 F: 3 
247 9 256 212 F: 4 1 4 
247 9 283 261 F: 9 
259 4 263 163 F: 3 1 
259 10 269 265 F: 2 4 4 
265 2 267 122 F: 2 
266 7 273 248 F: 5 2 
267 10 297 165 F: 4 4 2 
271 10 301 51 F: 10 
292 10 312 10 F: 10 
298 5 303 83 F: 5 
301 9 319 159 F: 4 3 2 
310 7 317 227 F: 3 2 2 
313 9 349 197 F: 3 6 
318 12 366 116 F: 7 5 
323 3 332 3 F: 3 
323 5 333 268 F: 2 3 
323 6 335 6 F: 6 
323 10 363 235 F: 4 2 4 
323 11 334 217 F: 11 
325 9 361 2 F: 3 4 2 
327 7 348 89 F: 5 2 
328 10 338 210 F: 5 1 4 
328 13 354 185 F: 13 
332 9 350 11 F: 5 4 
361 2 367 207 F: 2 
362 10 382 168 F: 2 4 4 
383 6 407 198 F: 4 1 1 
390 8 398 13 F: 2 6 
394 7 408 104 F: 6 1 
397 6 403 208 F: 6 
403 4 407 135 F: 4 
403 9 412 89 F: 4 3 2 
403 13 455 199 F: 7 6 
409 9 445 49 F: 4 2 3 
411 3 420 81 F: 2 1 
420 6 438 15 F: 6 
425 2 427 286 F: 2 
426 5 441 81 F: 3 1 1 
427 6 439 236 F: 2 3 1 
432 3 438 214 F: 3 
436 6 448 192 F: 6 
440 13 453 294 F: 13 
449 12 485 55 F: 6 6 
455 5 470 150 F: 2 2 1 
468 4 476 73 F: 4 
478 7 485 76 F: 6 1 
480 6 498 275 F: 3 2 1 
489 7 510 204 F: 2 3 2 
490 8 514 4 F: 7 1 
497 7 511 96 F: 5 1 1 
505 6 511 285 F: 5 1 
508 3 514 140 F: 3 
518 8 542 28 F: 2 4 2 
522 11 544 145 F: 5 6 
525 13 564 156 F: 13 
530 13 543 118 F: 13 
533 6 551 37 F: 5 1 
542 5 557 124 F: 5 
544 3 547 268 F: 3 
544 10 564 278 F: 10 
549 8 565 20 F: 2 2 4 
557 5 567 198 F: 5 
560 8 584 124 F: 2 6 
560 11 571 134 F: 4 3 4 
568 6 592 166 F: 6 
570 10 600 230 F: 10 
576 8 608 86 F: 4 1 3 
578 13 630 105 F: 13 
587 10 617 261 F: 7 3 
597 8 605 148 F: 3 5 
602 12 614 152 F: 6 6 
603 5 608 52 F: 4 1 
603 9 621 217 F: 3 6 
618 13 657 12 F: 13 
624 5 634 128 F: 5 
625 13 651 63 F: 7 6 
641 5 656 110 F: 5 
649 9 685 256 F: 5 4 
654 3 660 168 F: 3 
658 10 698 181 F: 5 5 
663 10 693 233 F: 6 4 
665 11 687 121 F: 6 5 
668 3 677 48 F: 3 
676 7 683 117 F: 6 1 
678 2 686 210 F: 2 
678 13 691 153 F: 7 6 
685 4 693 203 F: 4 
687 11 720 53 F: 3 4 4 
690 2 698 177 F: 2 
696 11 740 248 F: 5 4 2 
709 10 719 64 F: 5 4 1 
711 11 744 30 F: 11 
712 8 736 144 F: 7 1 
721 7 735 94 F: 7 
722 8 738 147 F: 5 1 2 
736 6 748 95 F: 6 
746 9 782 124 F: 5 3 1 
746 11 779 14 F: 5 6 
748 8 756 191 F: 3 3 2 
751 7 765 154 F: 3 3 1 
751 7 765 269 F: 2 4 1 
764 13 803 284 F: 5 4 4 
773 2 779 112 F: 2 
775 12 811 165 F: 4 4 4 
780 6 804 262 F: 6 
785 4 801 279 F: 4 
790 3 796 89 F: 2 1 
791 8 799 100 F: 5 3 
795 9 822 182 F: 6 3 
795 12 819 188 F: 5 4 3 
810 9 828 118 F: 3 6 
810 11 821 126 F: 11 
811 7 839 15 F: 7 
828 9 855 190 F: 9 
829 7 850 282 F: 7 
839 5 859 96 F: 2 2 1 
841 5 856 3 F: 2 2 1 
849 8 873 135 F: 4 3 1 
852 7 873 273 F: 2 4 1 
855 10 885 103 F: 5 5 
856 11 867 119 F: 7 4 
858 8 882 211 F: 8 
858 8 890 213 F: 8 
859 6 877 9 F: 4 1 1 
875 5 885 220 F: 2 1 2 
877 8 893 142 F: 2 2 4 
877 9 913 33 F: 3 4 2 
884 7 898 246 F: 6 1 
898 11 931 104 F: 11 
899 5 914 259 F: 4 1 
905 10 945 74 F: 3 3 4 
916 8 940 299 F: 8 
918 6 942 94 F: 5 1 
921 12 945 106 F: 12 
929 8 937 48 F: 6 2 
937 7 958 3 F: 7 
940 5 960 31 F: 5 
940 11 973 163 F: 11 
943 8 967 4 F: 3 2 3 
946 11 968 74 F: 11 
948 7 976 127 F: 3 4 
956 8 964 205 F: 3 1 4 
958 8 982 242 F: 6 2 
964 7 992 148 F: 7 
966 8 982 64 F: 4 2 2 
978 8 994 168 F: 7 1 
979 8 987 143 F: 8 
985 8 993 103 F: 8 
995 4 999 10 F: 3 1 
999 7 1006 43 F: 2 3 2 
1000 7 1028 265 F: 3 1 3 
1000 12 1048 195 F: 7 5 
1001 12 1037 162 F: 12 
1016 8 1048 141 F: 7 1 
1021 10 1061 27 F: 5 5 
1027 6 1051 292 F: 6 
1028 5 1038 134 F: 5 
1033 6 1039 276 F: 3 1 2 
1047 9 1083 179 F: 9 
1053 6 1071 214 F: 4 2 
1058 5 1063 35 F: 4 1 
1058 9 1094 281 F: 4 1 4 
1060 6 1066 229 F: 5 1 
1061 10 1101 34 F: 5 5 
1063 6 1075 46 F: 4 1 1 
1076 9 1112 110 F: 9 
1080 13 1106 65 F: 7 6 
1092 9 1128 116 F: 9 
1096 5 1111 284 F: 5 
1097 6 1115 118 F: 6 
1114 6 1126 191 F: 3 1 2 
1114 8 1146 155 F: 6 2 
1116 11 1138 223 F: 6 5 
1118 8 1126 263 F: 3 3 2 
1118 8 1150 6 F: 6 2 
1123 12 1135 119 F: 6 6 
1131 11 1175 296 F: 11 
1144 10 1154 140 F: 10 
1160 3 1163 231 F: 2 1 
1166 9 1193 194 F: 9 
1167 6 1191 194 F: 2 1 3 
1167 7 1181 119 F: 7 
1169 8 1201 124 F: 5 2 1 
1172 8 1204 266 F: 5 3 
1179 10 1189 155 F: 10 
1183 7 1190 55 F: 7 
1191 2 1197 282 F: 2 
1196 9 1232 291 F: 9 
1198 7 1226 185 F: 4 1 2 
1198 10 1208 144 F: 4 4 2 
1201 5 1221 279 F: 4 1 
1208 2 1210 2 F: 2 
1208 10 1248 68 F: 6 4 
1212 4 1228 167 F: 4 
1213 8 1221 14 F: 3 3 2 
1228 9 1246 77 F: 5 2 2 
1248 7 1276 201 F: 5 1 1 
1249 12 1297 41 F: 5 4 3 
1252 10 1262 208 F: 4 3 3 
1252 11 1263 206 F: 7 4 
1254 4 1270 37 F: 3 1 
1256 7 1263 23 F: 3 1 3 
1264 9 1291 160 F: 4 5 
1268 7 1275 204 F: 7 
1269 12 1293 106 F: 12 
1273 8 1297 80 F: 3 1 4 
1284 10 1324 66 F: 7 3 
1286 7 1300 81 F: 7 
1291 4 1307 288 F: 2 1 1 
1298 10 1328 133 F: 10 
1302 8 1334 222 F: 5 3 
1305 9 1314 270 F: 7 2 
1310 10 1330 100 F: 4 2 4 
1317 6 1335 272 F: 3 2 1 
1326 7 1333 194 F: 3 1 3 
1330 6 1342 295 F: 6 
1335 11 1379 126 F: 5 2 4 
1340 8 1364 193 F: 8 
1341 7 1369 217 F: 3 1 3 
1343 8 1359 297 F: 7 1 
1344 10 1374 4 F: 5 4 1 
1348 5 1368 122 F: 5 
1356 5 1361 14 F: 3 2 
1363 12 1399 136 F: 4 4 4 
1370 13 1396 81 F: 5 4 4 
1389 8 1405 242 F: 4 3 1 
1389 10 1419 192 F: 7 3 
1392 8 1416 264 F: 4 4 
1394 4 1410 149 F: 2 1 1 
1396 5 1406 190 F: 2 1 2 
1401 10 1431 81 F: 4 3 3 
1404 6 1428 291 F: 3 1 2 
1410 5 1420 66 F: 4 1 
1422 9 1431 253 F: 4 4 1 
1428 2 1436 165 F: 2 
1430 3 1433 138 F: 2 1 
1436 5 1456 191 F: 2 1 2 
1443 7 1450 24 F: 5 1 1 
1447 9 1465 224 F: 3 2 4 
1454 11 1465 101 F: 7 4 
1455 6 1479 147 F: 3 2 1 
1455 10 1485 73 F: 10 
1466 11 1477 123 F: 11 
1475 9 1493 159 F: 3 6 
1477 8 1509 22 F: 3 1 4 
1478 4 1486 221 F: 2 2 
1479 8 1503 256 F: 3 2 3 
1482 7 1503 24 F: 3 2 2 
1490 3 1502 248 F: 3 
1493 2 1495 83 F: 2 
D: 3 263 
D: 7 269 
D: 10 214 
D: 12 292 
D: 14 74 
D: 15 264 
D: 22 82 
D: 38 106 
D: 43 72 
D: 44 146 
D: 45 146 
D: 46 181 
D: 47 99 
D: 49 261 
D: 50 260 
D: 58 238 
D: 58 259 
D: 63 284 
D: 68 167 
D: 85 167 
D: 92 204 
D: 94 242 
D: 113 189 
D: 117 170 
D: 122 231 
D: 127 200 
D: 141 183 
D: 161 191 
D: 181 201 
D: 224 269 
