1 7 8 212 F: 7 
2 10 42 153 F: 3 3 4 
8 11 19 199 F: 5 4 2 
14 8 46 121 F: 2 4 2 
25 6 49 170 F: 5 1 
29 12 41 238 F: 6 6 
30 12 42 170 F: 7 5 
34 10 44 137 F: 7 3 
35 4 39 148 F: 4 
66 11 110 232 F: 7 4 
71 6 83 90 F: 6 
72 6 90 136 F: 5 1 
73 8 105 176 F: 4 4 
81 9 99 72 F: 4 3 2 
82 4 98 184 F: 4 
85 13 98 72 F: 13 
87 9 105 292 F: 6 3 
89 8 113 291 F: 3 3 2 
91 6 115 65 F: 3 2 1 
94 9 130 101 F: 2 3 4 
104 3 110 116 F: 2 1 
108 8 140 14 F: 5 3 
124 5 134 209 F: 5 
129 11 140 228 F: 7 4 
130 11 163 86 F: 6 5 
137 2 141 41 F: 2 
141 9 159 215 F: 5 4 
143 5 163 227 F: 5 
154 5 164 170 F: 3 2 
155 9 164 296 F: 4 5 
162 13 214 67 F: 5 4 4 
163 7 177 198 F: 4 1 2 
166 5 176 91 F: 5 
166 8 190 176 F: 3 4 1 
180 3 183 38 F: 2 1 
182 10 212 236 F: 5 2 3 
184 6 190 50 F: 6 
187 7 194 11 F: 2 1 4 
197 12 245 233 F: 5 3 4 
199 8 231 284 F: 8 
201 12 225 156 F: 5 3 4 
211 6 223 274 F: 2 4 
213 7 220 272 F: 2 3 2 
228 9 246 207 F: 3 3 3 
234 10 244 235 F: 5 2 3 
236 12 272 16 F: 5 4 3 
238 7 259 259 F: 5 2 
244 10 254 112 F: 4 6 
254 3 257 284 F: 2 1 
258 5 268 36 F: 2 3 
262 3 265 95 F: 3 
263 9 272 24 F: 6 3 
265 10 275 93 F: 10 
274 8 298 235 F: 3 3 2 
283 8 315 116 F: 3 5 
284 3 287 221 F: 3 
286 3 298 133 F: 3 
291 5 296 123 F: 5 
292 8 308 192 F: 2 6 
299 5 319 246 F: 2 2 1 
321 3 330 80 F: 2 1 
324 3 327 113 F: 3 
324 7 338 10 F: 3 1 3 
329 4 341 298 F: 4 
329 10 359 181 F: 5 5 
341 6 359 128 F: 2 2 2 
342 7 349 61 F: 7 
346 3 349 153 F: 3 
355 3 361 200 F: 3 
359 8 367 277 F: 3 5 
360 8 376 192 F: 3 5 
361 13 374 259 F: 13 
366 10 386 78 F: 10 
369 13 408 74 F: 13 
378 10 388 153 F: 5 2 3 
382 6 394 183 F: 5 1 
382 6 406 131 F: 2 4 
391 6 403 139 F: 4 1 1 
392 3 401 164 F: 3 
399 6 423 134 F: 6 
400 7 414 71 F: 3 1 3 
409 8 441 71 F: 4 4 
410 9 437 134 F: 3 6 
411 13 437 156 F: 13 
416 4 432 88 F: 4 
429 9 438 153 F: 3 6 
437 9 464 192 F: 9 
438 10 478 176 F: 10 
438 11 482 67 F: 4 3 4 
449 7 477 210 F: 2 5 
456 7 477 187 F: 7 
460 8 476 88 F: 8 
461 8 477 172 F: 3 1 4 
478 8 494 153 F: 4 4 
489 10 529 40 F: 4 2 4 
490 7 497 293 F: 3 4 
491 12 527 210 F: 12 
495 8 519 113 F: 4 3 1 
496 3 508 191 F: 3 
499 9 526 75 F: 4 3 2 
504 8 528 64 F: 4 2 2 
506 11 517 171 F: 11 
509 7 530 67 F: 4 1 2 
512 10 532 60 F: 7 3 
517 12 553 68 F: 7 5 
518 10 538 33 F: 4 2 4 
532 6 544 286 F: 6 
537 2 543 43 F: 2 
537 13 589 277 F: 13 
538 7 559 275 F: 3 1 3 
545 10 585 130 F: 10 
555 8 563 182 F: 6 2 
560 2 568 166 F: 2 
560 11 604 142 F: 5 3 3 
560 11 604 286 F: 11 
563 5 573 281 F: 3 2 
571 12 619 222 F: 12 
575 6 587 145 F: 2 3 1 
591 10 631 34 F: 4 6 
597 7 604 6 F: 5 2 
603 6 621 89 F: 2 2 2 
607 6 619 268 F: 4 2 
607 7 614 69 F: 2 4 1 
607 7 635 213 F: 6 1 
609 7 616 140 F: 2 5 
614 10 624 259 F: 5 1 4 
625 13 638 244 F: 13 
628 9 646 203 F: 5 2 2 
629 9 665 164 F: 4 2 3 
632 10 652 153 F: 5 5 
635 10 645 51 F: 10 
638 6 662 68 F: 4 1 1 
645 4 653 207 F: 2 1 1 
651 8 675 276 F: 5 1 2 
653 3 659 128 F: 2 1 
660 8 676 262 F: 4 1 3 
671 3 680 16 F: 3 
678 9 705 294 F: 3 2 4 
689 8 713 259 F: 4 4 
690 8 706 94 F: 8 
701 9 728 27 F: 5 3 1 
705 11 749 283 F: 7 4 
709 9 745 252 F: 4 2 3 
716 10 736 218 F: 3 3 4 
723 7 744 280 F: 4 2 1 
725 13 764 83 F: 5 4 4 
727 7 734 81 F: 7 
734 9 752 22 F: 2 4 3 
748 10 758 193 F: 10 
749 11 782 184 F: 5 6 
760 11 771 84 F: 11 
767 6 785 299 F: 2 4 
772 10 792 210 F: 5 5 
778 10 798 74 F: 5 5 
778 10 808 240 F: 6 4 
781 9 799 293 F: 4 2 3 
789 9 816 51 F: 3 6 
789 10 819 145 F: 4 6 
792 10 802 44 F: 4 3 3 
799 5 809 111 F: 4 1 
808 8 824 176 F: 4 2 2 
810 10 830 142 F: 3 3 4 
811 7 825 283 F: 2 4 1 
820 8 852 217 F: 3 3 2 
830 7 851 90 F: 2 2 3 
836 9 872 238 F: 9 
839 3 851 152 F: 2 1 
840 7 854 88 F: 3 1 3 
841 10 861 110 F: 4 4 2 
847 7 868 158 F: 5 2 
851 7 872 48 F: 3 4 
854 10 894 226 F: 5 5 
859 4 863 107 F: 2 2 
859 9 868 60 F: 9 
860 8 892 24 F: 2 4 2 
864 4 868 247 F: 4 
876 5 896 227 F: 3 1 1 
878 9 896 32 F: 7 2 
880 5 895 44 F: 5 
894 11 916 242 F: 5 3 3 
905 5 910 81 F: 3 1 1 
918 7 932 297 F: 7 
920 8 928 192 F: 8 
921 10 941 231 F: 3 4 3 
922 10 932 169 F: 6 4 
923 7 944 174 F: 4 1 2 
928 6 946 260 F: 2 1 3 
936 8 952 122 F: 8 
945 3 951 128 F: 3 
953 9 971 83 F: 3 6 
956 4 964 228 F: 2 2 
957 11 1001 62 F: 4 3 4 
962 2 970 144 F: 2 
965 8 981 216 F: 6 2 
972 7 986 201 F: 5 2 
976 7 997 174 F: 5 2 
986 10 1016 117 F: 7 3 
990 3 999 234 F: 3 
991 10 1021 167 F: 5 5 
995 10 1035 211 F: 5 4 1 
1006 11 1028 286 F: 7 4 
1011 7 1039 52 F: 3 1 3 
1030 4 1038 132 F: 3 1 
1030 5 1040 253 F: 5 
1036 6 1060 135 F: 3 2 1 
1038 5 1048 168 F: 5 
1040 13 1053 68 F: 13 
1043 9 1052 208 F: 4 1 4 
1055 9 1064 50 F: 5 3 1 
1065 8 1073 21 F: 2 4 2 
1066 8 1098 148 F: 4 2 2 
1074 4 1082 248 F: 4 
1076 8 1092 64 F: 6 2 
1079 6 1097 202 F: 3 1 2 
1080 9 1116 181 F: 4 4 1 
1081 9 1117 175 F: 3 6 
1082 11 1115 78 F: 11 
1085 12 1097 194 F: 7 5 
1094 8 1110 280 F: 4 3 1 
1095 7 1109 111 F: 3 4 
1102 9 1138 47 F: 3 4 2 
1103 6 1121 275 F: 4 2 
1106 5 1116 4 F: 4 1 
1113 12 1125 209 F: 12 
1114 7 1128 36 F: 4 3 
1119 13 1132 279 F: 5 4 4 
1142 4 1154 267 F: 2 2 
1146 4 1154 98 F: 4 
1150 10 1170 9 F: 5 1 4 
1159 9 1168 294 F: 5 3 1 
1168 7 1189 139 F: 3 4 
1170 7 1191 81 F: 4 3 
1175 13 1214 233 F: 7 6 
1176 4 1180 150 F: 3 1 
1178 11 1200 248 F: 6 5 
1179 10 1219 174 F: 7 3 
1183 8 1215 291 F: 3 2 3 
1185 9 1203 237 F: 5 4 
1198 6 1210 207 F: 3 2 1 
1198 10 1238 297 F: 7 3 
1202 10 1232 15 F: 4 4 2 
1207 9 1234 268 F: 5 3 1 
1208 3 1217 98 F: 3 
1214 10 1244 79 F: 4 6 
1214 11 1225 216 F: 5 6 
1215 9 1242 13 F: 5 4 
1217 8 1241 80 F: 8 
1241 9 1277 37 F: 6 3 
1242 4 1254 73 F: 3 1 
1242 11 1286 8 F: 7 4 
1260 6 1272 204 F: 2 2 2 
1269 8 1301 80 F: 6 2 
1274 13 1300 28 F: 13 
1275 13 1301 248 F: 13 
1276 9 1312 80 F: 3 6 
1279 12 1291 231 F: 12 
1286 13 1325 194 F: 13 
1292 3 1304 122 F: 3 
1293 6 1311 175 F: 6 
1293 9 1329 7 F: 2 3 4 
1301 3 1313 31 F: 2 1 
1306 4 1322 70 F: 2 1 1 
1306 7 1320 300 F: 6 1 
1311 8 1335 70 F: 5 2 1 
1316 10 1326 211 F: 4 2 4 
1323 9 1350 129 F: 7 2 
1324 11 1357 170 F: 11 
1326 7 1340 257 F: 7 
1340 10 1380 70 F: 6 4 
1341 10 1351 99 F: 5 2 3 
1349 3 1358 191 F: 2 1 
1350 8 1358 136 F: 8 
1359 5 1364 80 F: 3 1 1 
1365 6 1377 97 F: 2 4 
1365 7 1372 247 F: 7 
1366 6 1378 20 F: 2 3 1 
1382 6 1388 26 F: 2 1 3 
1386 7 1393 23 F: 7 
1391 10 1431 38 F: 4 4 2 
1398 10 1428 87 F: 5 1 4 
1405 8 1437 275 F: 4 4 
1409 8 1425 111 F: 3 5 
1411 10 1441 78 F: 7 3 
1412 5 1427 9 F: 2 2 1 
1415 10 1425 106 F: 4 4 2 
1416 11 1438 117 F: 11 
1417 12 1453 112 F: 4 4 4 
1425 12 1473 119 F: 12 
1426 7 1440 61 F: 7 
1431 4 1443 3 F: 4 
1438 5 1458 73 F: 5 
1451 5 1461 247 F: 5 
1460 8 1484 129 F: 8 
1461 9 1470 102 F: 9 
1461 9 1479 172 F: 4 2 3 
1461 9 1479 224 F: 9 
1461 13 1487 198 F: 13 
1479 7 1486 25 F: 7 
1480 8 1504 131 F: 3 5 
1490 9 1526 239 F: 9 
D: 1 280 
D: 3 275 
D: 5 220 
D: 9 126 
D: 18 28 
D: 21 131 
D: 38 45 
D: 43 252 
D: 58 269 
D: 61 299 
D: 64 163 
D: 65 241 
D: 67 160 
D: 68 92 
D: 69 275 
D: 79 141 
D: 90 146 
D: 102 166 
D: 108 282 
D: 109 110 
D: 109 223 
D: 131 286 
D: 140 165 
D: 149 170 
D: 153 243 
D: 164 228 
D: 175 199 
D: 228 264 
D: 242 269 
D: 251 289 
