0 11 11 240 F: 11 
4 4 16 275 F: 3 1 
7 9 43 216 F: 3 2 4 
15 5 30 154 F: 3 1 1 
16 8 48 104 F: 8 
31 12 55 265 F: 12 
37 12 73 53 F: 12 
38 10 78 206 F: 4 4 2 
39 9 57 240 F: 6 3 
61 7 75 160 F: 7 
65 6 83 335 F: 5 1 
72 13 111 281 F: 5 4 4 
77 6 101 165 F: 5 1 
77 10 107 144 F: 10 
82 10 122 7 F: 10 
84 7 98 258 F: 3 3 1 
92 8 124 144 F: 2 4 2 
92 9 128 170 F: 9 
93 10 113 189 F: 5 4 1 
98 8 130 178 F: 4 2 2 
107 11 129 299 F: 5 3 3 
111 11 122 280 F: 6 5 
115 10 145 239 F: 7 3 
116 10 136 31 F: 2 4 4 
120 6 126 332 F: 3 2 1 
126 11 137 314 F: 7 4 
127 7 148 93 F: 5 2 
130 3 139 58 F: 3 
137 13 176 63 F: 13 
141 4 153 244 F: 2 2 
143 13 156 280 F: 13 
144 5 149 320 F: 2 1 2 
158 8 190 63 F: 3 5 
167 7 195 116 F: 6 1 
173 7 187 34 F: 3 1 3 
180 10 190 322 F: 10 
185 8 201 25 F: 5 1 2 
189 10 229 6 F: 5 1 4 
191 10 231 251 F: 3 3 4 
199 7 220 45 F: 4 3 
200 10 210 136 F: 10 
203 5 208 131 F: 4 1 
205 10 215 156 F: 10 
214 7 242 295 F: 2 5 
224 9 251 160 F: 2 4 3 
231 13 244 79 F: 13 
248 7 269 167 F: 2 5 
249 5 254 344 F: 2 3 
251 11 284 131 F: 7 4 
254 5 269 48 F: 5 
255 12 291 309 F: 6 6 
258 10 268 182 F: 5 1 4 
259 3 262 167 F: 3 
259 8 283 295 F: 3 4 1 
260 5 265 246 F: 5 
261 6 279 115 F: 2 3 1 
262 9 298 183 F: 5 1 3 
275 7 289 346 F: 7 
277 11 299 13 F: 3 4 4 
279 6 291 342 F: 6 
310 7 324 157 F: 4 1 2 
311 9 347 137 F: 3 2 4 
319 9 346 345 F: 3 2 4 
320 10 340 263 F: 10 
323 7 330 350 F: 5 1 1 
323 10 363 208 F: 10 
340 7 361 227 F: 3 1 3 
346 10 356 329 F: 10 
350 9 359 200 F: 3 2 4 
355 6 361 247 F: 4 2 
360 4 376 290 F: 4 
360 8 376 73 F: 8 
371 7 385 246 F: 6 1 
372 6 378 47 F: 3 2 1 
376 9 385 56 F: 2 4 3 
386 6 404 251 F: 4 2 
389 6 401 101 F: 2 3 1 
394 13 420 98 F: 13 
398 3 410 322 F: 3 
399 11 443 51 F: 6 5 
405 9 441 100 F: 5 4 
408 8 432 176 F: 3 3 2 
409 2 415 267 F: 2 
409 8 425 212 F: 8 
416 2 422 6 F: 2 
416 13 468 301 F: 13 
425 5 445 169 F: 2 3 
426 5 446 127 F: 5 
431 8 439 186 F: 4 1 3 
435 9 444 80 F: 5 4 
439 5 459 161 F: 5 
454 11 465 190 F: 4 4 3 
459 4 463 56 F: 4 
466 2 474 181 F: 2 
473 10 483 276 F: 4 6 
473 13 512 35 F: 7 6 
478 6 496 346 F: 6 
491 8 499 6 F: 7 1 
493 7 507 185 F: 2 1 4 
498 4 510 210 F: 2 2 
500 4 512 337 F: 2 1 1 
500 9 527 57 F: 4 4 1 
511 9 520 292 F: 3 6 
517 9 553 124 F: 9 
521 4 533 148 F: 2 2 
528 10 558 229 F: 6 4 
536 8 544 334 F: 3 1 4 
545 8 569 315 F: 2 6 
547 6 559 88 F: 3 2 1 
549 8 573 52 F: 2 4 2 
557 12 593 347 F: 5 3 4 
559 2 561 346 F: 2 
565 7 593 330 F: 2 5 
565 12 589 109 F: 12 
580 4 596 159 F: 4 
582 3 591 303 F: 2 1 
582 10 622 251 F: 10 
596 9 632 206 F: 9 
598 6 604 230 F: 4 2 
598 12 622 77 F: 12 
611 9 638 39 F: 5 1 3 
614 3 620 237 F: 3 
614 11 647 234 F: 7 4 
618 8 626 101 F: 2 3 3 
618 9 627 219 F: 3 4 2 
620 9 638 116 F: 9 
626 4 630 257 F: 3 1 
626 4 638 48 F: 2 1 1 
627 8 635 196 F: 7 1 
627 8 643 211 F: 6 2 
633 7 647 20 F: 7 
647 13 660 77 F: 7 6 
651 10 661 155 F: 5 3 2 
666 6 690 270 F: 3 3 
675 6 681 265 F: 6 
676 9 712 241 F: 6 3 
677 8 701 4 F: 4 1 3 
689 8 713 86 F: 8 
691 8 715 61 F: 8 
694 8 710 334 F: 8 
705 9 714 114 F: 9 
713 11 724 151 F: 11 
720 9 756 275 F: 9 
721 4 725 62 F: 3 1 
724 7 731 166 F: 5 2 
729 6 735 21 F: 3 3 
733 10 743 81 F: 5 3 2 
735 5 755 185 F: 5 
742 7 749 314 F: 4 1 2 
744 8 768 171 F: 4 3 1 
747 6 765 78 F: 6 
761 6 767 71 F: 6 
772 12 808 308 F: 5 4 3 
780 5 785 14 F: 5 
782 6 806 40 F: 6 
782 8 790 166 F: 4 3 1 
782 9 800 92 F: 5 3 1 
785 9 803 299 F: 5 4 
791 9 809 35 F: 3 6 
793 8 817 8 F: 4 4 
803 7 831 316 F: 2 1 4 
806 10 836 326 F: 10 
809 7 823 258 F: 5 2 
813 6 837 88 F: 2 3 1 
815 7 836 273 F: 7 
816 7 844 192 F: 7 
819 10 829 146 F: 7 3 
823 5 833 221 F: 2 2 1 
824 10 864 148 F: 10 
837 6 843 339 F: 4 2 
853 6 865 284 F: 6 
856 2 862 197 F: 2 
859 11 892 14 F: 11 
861 8 877 191 F: 2 6 
876 4 892 348 F: 3 1 
882 11 926 174 F: 4 4 3 
883 4 891 22 F: 4 
884 5 899 277 F: 3 1 1 
895 11 928 278 F: 6 5 
898 2 906 130 F: 2 
902 7 909 157 F: 3 4 
909 3 918 226 F: 3 
915 8 923 65 F: 4 3 1 
921 8 929 194 F: 6 2 
923 4 927 240 F: 2 2 
923 7 930 226 F: 2 5 
926 7 947 304 F: 4 2 1 
933 10 963 233 F: 10 
938 7 959 22 F: 3 2 2 
940 10 950 103 F: 3 3 4 
945 3 948 95 F: 3 
947 7 968 161 F: 2 4 1 
948 3 951 127 F: 3 
954 8 970 349 F: 4 4 
971 8 995 21 F: 8 
973 11 984 3 F: 5 4 2 
977 6 995 327 F: 6 
984 9 993 134 F: 5 4 
990 11 1023 97 F: 5 6 
999 9 1008 50 F: 3 2 4 
1002 9 1020 13 F: 9 
1006 10 1026 122 F: 5 4 1 
1016 9 1043 58 F: 4 5 
1020 5 1025 27 F: 2 1 2 
1022 9 1058 19 F: 3 4 2 
1028 8 1036 273 F: 6 2 
1029 12 1065 144 F: 7 5 
1031 9 1058 246 F: 5 4 
1032 3 1035 96 F: 2 1 
1033 3 1045 107 F: 3 
1034 7 1041 307 F: 2 1 4 
1037 8 1069 160 F: 5 2 1 
1051 12 1075 64 F: 6 6 
1065 5 1080 311 F: 5 
1065 9 1074 242 F: 4 2 3 
1066 10 1086 251 F: 6 4 
1070 6 1088 320 F: 5 1 
1085 7 1106 325 F: 2 1 4 
1088 7 1095 131 F: 2 3 2 
1093 10 1113 173 F: 5 4 1 
1104 8 1120 106 F: 3 5 
1108 12 1120 322 F: 6 6 
1109 7 1130 201 F: 2 5 
1110 11 1132 246 F: 5 4 2 
1129 9 1165 224 F: 2 4 3 
1130 9 1148 59 F: 3 2 4 
1147 13 1173 242 F: 7 6 
1156 6 1180 303 F: 2 3 1 
1156 12 1204 48 F: 12 
1157 9 1166 89 F: 4 5 
1158 9 1194 11 F: 9 
1159 3 1162 143 F: 3 
1161 6 1173 24 F: 3 3 
1164 6 1182 333 F: 2 2 2 
1164 10 1184 12 F: 5 5 
1165 4 1181 350 F: 4 
1177 5 1192 325 F: 5 
1183 9 1210 67 F: 4 3 2 
1185 4 1197 187 F: 4 
1194 8 1218 173 F: 6 2 
1209 9 1218 297 F: 3 3 3 
1209 10 1249 59 F: 5 2 3 
1217 8 1241 43 F: 8 
1218 6 1230 215 F: 4 1 1 
1225 9 1243 160 F: 4 3 2 
1228 7 1235 92 F: 2 5 
1230 10 1240 184 F: 3 4 3 
1239 10 1249 216 F: 4 2 4 
1250 6 1262 217 F: 6 
1258 13 1297 236 F: 7 6 
1259 8 1283 113 F: 8 
1260 5 1265 21 F: 3 2 
1265 5 1285 36 F: 5 
1276 8 1300 326 F: 5 3 
1290 9 1299 172 F: 9 
1294 4 1302 3 F: 3 1 
1294 9 1312 329 F: 3 6 
1298 6 1304 306 F: 2 4 
1299 5 1309 218 F: 3 1 1 
1299 9 1317 257 F: 4 5 
1300 6 1318 296 F: 6 
1310 12 1358 116 F: 12 
1319 8 1343 191 F: 4 3 1 
1323 10 1363 155 F: 10 
1325 7 1332 235 F: 3 1 3 
1326 9 1362 175 F: 9 
1332 7 1346 255 F: 7 
1340 9 1376 51 F: 9 
1345 11 1389 296 F: 3 4 4 
1351 2 1357 242 F: 2 
1358 7 1386 337 F: 5 2 
1366 9 1375 107 F: 9 
1370 5 1390 326 F: 4 1 
1373 9 1382 154 F: 3 4 2 
1374 8 1406 217 F: 2 6 
1374 9 1392 21 F: 6 3 
1383 11 1427 149 F: 4 4 3 
1390 6 1408 225 F: 2 2 2 
1394 10 1404 89 F: 3 3 4 
1399 5 1404 336 F: 2 3 
1402 11 1435 13 F: 4 4 3 
1403 8 1419 131 F: 8 
1404 9 1413 302 F: 5 1 3 
1411 2 1415 274 F: 2 
1412 13 1425 8 F: 13 
1420 13 1459 164 F: 13 
1429 10 1449 295 F: 5 1 4 
1433 7 1461 28 F: 2 5 
1437 13 1450 189 F: 7 6 
1439 6 1445 97 F: 4 2 
1443 7 1464 63 F: 2 5 
1444 6 1468 174 F: 2 1 3 
1447 4 1455 291 F: 2 1 1 
1459 6 1477 157 F: 6 
1470 9 1479 268 F: 4 5 
1474 9 1510 209 F: 6 3 
1474 10 1494 119 F: 10 
1478 6 1484 183 F: 6 
1481 8 1505 295 F: 3 4 1 
1495 13 1508 81 F: 7 6 
1503 7 1524 70 F: 2 4 1 
1507 11 1518 272 F: 6 5 
1512 5 1532 38 F: 2 3 
1516 4 1520 84 F: 2 1 1 
1523 11 1545 274 F: 5 4 2 
1527 7 1541 82 F: 2 3 2 
1533 8 1541 91 F: 7 1 
1536 6 1554 277 F: 2 1 3 
1538 9 1547 235 F: 3 6 
1541 9 1550 14 F: 3 3 3 
1546 8 1578 283 F: 8 
1547 13 1586 99 F: 5 4 4 
1548 8 1580 27 F: 2 6 
1557 7 1578 291 F: 7 
1568 11 1590 252 F: 7 4 
1572 7 1600 297 F: 5 2 
1578 7 1599 248 F: 3 1 3 
1589 6 1595 59 F: 3 2 1 
1596 7 1610 24 F: 4 3 
1597 2 1605 31 F: 2 
1604 13 1630 241 F: 13 
1618 7 1632 303 F: 3 2 2 
1618 11 1640 297 F: 5 4 2 
1622 12 1634 68 F: 4 4 4 
1624 9 1660 125 F: 6 3 
1625 6 1631 72 F: 6 
1625 12 1661 183 F: 12 
1637 6 1649 262 F: 3 3 
1644 7 1672 225 F: 7 
1647 7 1668 294 F: 6 1 
1649 6 1661 269 F: 6 
1656 12 1704 66 F: 4 4 4 
1658 9 1685 20 F: 9 
1659 8 1675 230 F: 3 5 
1671 4 1679 246 F: 2 1 1 
1672 9 1681 78 F: 3 6 
1677 5 1697 42 F: 5 
1687 12 1735 230 F: 6 6 
1694 11 1727 342 F: 7 4 
1697 8 1713 55 F: 3 5 
1714 9 1723 296 F: 9 
1715 9 1724 133 F: 9 
1716 5 1731 189 F: 3 2 
1716 8 1740 348 F: 8 
1732 13 1771 272 F: 5 4 4 
1736 10 1746 350 F: 5 2 3 
1757 10 1797 159 F: 4 6 
1767 5 1777 294 F: 2 3 
1769 7 1790 340 F: 2 1 4 
1799 8 1815 174 F: 5 3 
D: 4 178 
D: 5 260 
D: 6 127 
D: 8 158 
D: 11 121 
D: 17 134 
D: 34 113 
D: 35 171 
D: 35 316 
D: 52 298 
D: 64 323 
D: 70 261 
D: 79 221 
D: 85 164 
D: 123 133 
D: 129 229 
D: 130 253 
D: 150 190 
D: 150 203 
D: 151 196 
D: 158 333 
D: 166 332 
D: 181 287 
D: 184 301 
D: 186 192 
D: 192 260 
D: 227 240 
D: 230 305 
D: 233 279 
D: 272 335 
D: 274 325 
D: 289 299 
D: 301 317 
D: 303 321 
D: 306 314 
