8 11 52 207 F: 11 
10 7 31 250 F: 2 1 4 
19 3 25 142 F: 3 
19 5 34 201 F: 4 1 
24 9 60 274 F: 9 
35 8 43 78 F: 5 3 
39 9 48 257 F: 4 5 
42 7 56 197 F: 7 
47 11 91 221 F: 5 2 4 
51 4 63 322 F: 2 2 
52 7 59 154 F: 7 
57 6 63 41 F: 3 1 2 
57 8 81 305 F: 3 4 1 
69 10 99 269 F: 4 2 4 
78 7 92 157 F: 5 1 1 
80 3 83 126 F: 2 1 
81 11 92 282 F: 7 4 
91 7 112 176 F: 2 2 3 
94 4 106 50 F: 4 
97 6 103 9 F: 3 1 2 
100 12 112 64 F: 6 6 
111 4 123 116 F: 4 
119 5 134 191 F: 5 
119 10 139 179 F: 7 3 
121 12 157 228 F: 12 
128 4 132 20 F: 4 
132 8 156 277 F: 2 6 
135 9 171 314 F: 3 6 
155 9 173 304 F: 3 6 
157 10 197 325 F: 3 3 4 
168 10 198 239 F: 4 3 3 
173 4 189 23 F: 4 
175 11 208 294 F: 7 4 
176 10 216 162 F: 3 3 4 
179 6 203 230 F: 6 
179 10 189 305 F: 4 2 4 
181 3 193 173 F: 3 
189 6 195 90 F: 2 1 3 
189 6 207 315 F: 3 3 
197 2 203 269 F: 2 
200 8 208 320 F: 6 2 
211 10 241 148 F: 10 
221 3 227 102 F: 3 
222 9 231 91 F: 4 1 4 
227 7 241 342 F: 2 5 
229 6 247 262 F: 6 
229 9 247 156 F: 4 3 2 
231 6 243 285 F: 3 3 
235 7 249 331 F: 3 3 1 
243 5 258 76 F: 4 1 
249 10 269 265 F: 5 5 
252 11 296 121 F: 11 
255 12 267 272 F: 5 3 4 
258 12 294 83 F: 12 
270 12 282 295 F: 5 3 4 
274 3 277 93 F: 3 
289 7 303 149 F: 7 
291 6 315 127 F: 2 2 2 
298 7 319 311 F: 2 5 
299 7 313 166 F: 2 5 
310 3 313 19 F: 3 
310 9 337 93 F: 3 3 3 
318 8 342 324 F: 2 6 
319 9 337 69 F: 4 4 1 
324 9 360 32 F: 2 4 3 
326 13 378 235 F: 5 4 4 
333 6 345 79 F: 2 4 
335 7 363 269 F: 2 3 2 
336 10 366 263 F: 4 2 4 
336 13 388 283 F: 13 
341 6 353 143 F: 4 2 
364 7 392 132 F: 7 
366 10 406 292 F: 4 4 2 
370 9 379 172 F: 7 2 
379 7 386 239 F: 2 1 4 
382 7 389 144 F: 5 1 1 
386 13 438 244 F: 7 6 
391 8 407 254 F: 7 1 
392 11 436 344 F: 11 
396 8 428 236 F: 3 4 1 
404 10 414 261 F: 5 2 3 
406 7 420 287 F: 3 4 
406 13 458 308 F: 13 
417 9 426 143 F: 4 5 
419 7 440 7 F: 6 1 
421 2 425 117 F: 2 
427 4 439 230 F: 2 2 
431 4 443 321 F: 2 2 
433 3 436 80 F: 3 
436 9 472 16 F: 3 6 
446 8 470 108 F: 3 5 
448 7 462 87 F: 3 4 
448 7 476 232 F: 5 2 
450 12 474 275 F: 12 
457 4 469 27 F: 4 
481 6 505 321 F: 4 2 
484 7 512 334 F: 7 
486 7 500 323 F: 6 1 
495 4 499 54 F: 4 
495 11 528 275 F: 11 
506 8 530 120 F: 3 1 4 
509 6 521 343 F: 2 4 
514 8 522 205 F: 2 4 2 
516 5 521 263 F: 2 3 
521 6 539 234 F: 6 
522 11 533 50 F: 7 4 
525 3 537 303 F: 2 1 
525 9 561 151 F: 2 4 3 
526 11 548 103 F: 5 2 4 
531 7 545 322 F: 2 2 3 
535 3 544 155 F: 2 1 
540 5 555 200 F: 2 2 1 
554 13 593 50 F: 13 
566 13 618 26 F: 7 6 
568 8 600 210 F: 3 5 
568 13 581 36 F: 13 
578 4 582 42 F: 4 
581 9 599 302 F: 3 3 3 
583 6 589 233 F: 3 3 
587 9 623 158 F: 9 
608 7 615 165 F: 2 4 1 
609 12 633 301 F: 12 
611 9 629 19 F: 4 1 4 
616 8 624 119 F: 7 1 
621 13 660 197 F: 13 
623 5 628 35 F: 4 1 
625 4 637 294 F: 3 1 
641 6 653 264 F: 3 3 
642 8 674 54 F: 4 3 1 
643 10 673 141 F: 4 6 
645 6 669 39 F: 2 4 
645 7 673 116 F: 5 2 
649 6 655 245 F: 6 
650 9 686 324 F: 9 
654 8 670 51 F: 8 
663 12 675 158 F: 4 4 4 
690 10 700 169 F: 4 3 3 
691 8 707 46 F: 5 1 2 
695 10 715 16 F: 10 
697 3 703 9 F: 3 
710 11 732 169 F: 6 5 
712 5 732 303 F: 3 1 1 
732 7 746 24 F: 2 3 2 
739 3 742 2 F: 2 1 
743 11 776 148 F: 11 
745 7 766 105 F: 2 2 3 
749 5 759 306 F: 4 1 
758 7 786 287 F: 4 2 1 
760 12 796 183 F: 12 
768 6 786 316 F: 6 
771 4 779 346 F: 3 1 
771 11 793 203 F: 5 6 
775 9 793 225 F: 3 6 
778 5 783 228 F: 3 1 1 
784 10 794 326 F: 5 1 4 
785 8 817 302 F: 8 
790 12 814 76 F: 5 4 3 
791 9 809 144 F: 5 1 3 
792 8 808 349 F: 4 1 3 
799 5 809 289 F: 3 2 
800 6 818 73 F: 6 
807 5 817 89 F: 2 1 2 
809 6 815 344 F: 2 4 
817 9 853 149 F: 9 
824 11 868 3 F: 5 2 4 
827 8 859 164 F: 4 2 2 
834 7 862 273 F: 2 5 
838 4 846 343 F: 2 1 1 
840 9 858 149 F: 9 
860 7 888 3 F: 2 2 3 
862 7 876 304 F: 3 4 
862 10 882 16 F: 7 3 
863 10 883 198 F: 5 2 3 
869 6 887 231 F: 5 1 
871 11 893 11 F: 5 6 
872 5 887 31 F: 5 
877 5 892 201 F: 5 
885 4 893 201 F: 4 
886 10 926 253 F: 5 3 2 
899 9 917 250 F: 3 6 
900 8 924 155 F: 5 3 
903 4 915 172 F: 4 
903 10 913 91 F: 10 
903 10 933 3 F: 3 4 3 
918 7 925 291 F: 7 
919 10 929 61 F: 5 5 
921 10 931 94 F: 6 4 
923 11 945 4 F: 6 5 
933 7 961 212 F: 7 
940 2 942 301 F: 2 
949 6 961 253 F: 2 2 2 
955 9 991 272 F: 4 5 
962 7 969 347 F: 7 
964 5 969 51 F: 2 3 
968 12 1016 227 F: 12 
971 8 995 1 F: 4 2 2 
978 5 988 177 F: 3 1 1 
989 7 996 304 F: 4 3 
991 11 1035 312 F: 5 2 4 
993 7 1000 159 F: 3 1 3 
1012 7 1026 167 F: 3 3 1 
1012 9 1048 181 F: 3 3 3 
1016 5 1021 250 F: 5 
1016 8 1032 27 F: 7 1 
1021 11 1043 245 F: 5 4 2 
1027 10 1067 167 F: 4 6 
1036 11 1080 47 F: 4 4 3 
1038 10 1078 18 F: 6 4 
1046 4 1050 222 F: 4 
1046 7 1074 123 F: 7 
1047 11 1058 329 F: 5 2 4 
1051 8 1075 198 F: 6 2 
1057 12 1105 245 F: 12 
1062 3 1071 157 F: 2 1 
1066 11 1110 37 F: 5 6 
1067 7 1074 336 F: 4 2 1 
1070 6 1094 126 F: 2 2 2 
1072 7 1100 9 F: 2 5 
1072 8 1080 237 F: 2 6 
1073 5 1088 252 F: 5 
1100 8 1116 197 F: 4 4 
1105 11 1149 318 F: 5 3 3 
1108 10 1138 54 F: 10 
1112 10 1132 98 F: 5 2 3 
1123 7 1144 166 F: 7 
1123 10 1133 268 F: 10 
1124 6 1142 216 F: 4 1 1 
1134 9 1170 202 F: 4 4 1 
1143 6 1149 234 F: 6 
1143 10 1153 166 F: 5 2 3 
1146 6 1164 203 F: 4 1 1 
1152 9 1170 309 F: 4 1 4 
1171 4 1175 327 F: 2 2 
1174 8 1206 248 F: 3 3 2 
1177 7 1191 175 F: 4 3 
1189 9 1216 56 F: 9 
1191 9 1200 63 F: 7 2 
1197 8 1229 37 F: 8 
1198 7 1212 256 F: 2 3 2 
1199 9 1226 317 F: 5 1 3 
1201 5 1216 184 F: 3 1 1 
1209 7 1223 32 F: 6 1 
1213 10 1253 321 F: 4 2 4 
1215 7 1222 259 F: 7 
1216 9 1225 228 F: 4 2 3 
1223 7 1230 336 F: 7 
1223 11 1234 188 F: 11 
1230 4 1246 43 F: 4 
1230 5 1245 240 F: 2 3 
1257 11 1290 178 F: 11 
1260 10 1280 57 F: 5 2 3 
1265 7 1293 97 F: 2 4 1 
1268 7 1282 232 F: 6 1 
1270 3 1279 132 F: 3 
1277 9 1304 192 F: 3 6 
1283 10 1303 7 F: 4 3 3 
1289 10 1319 175 F: 3 4 3 
1299 6 1305 159 F: 2 3 1 
1299 7 1313 76 F: 3 4 
1299 10 1309 306 F: 5 3 2 
1306 10 1346 189 F: 6 4 
1307 8 1331 212 F: 2 6 
1315 6 1327 170 F: 3 3 
1326 3 1338 288 F: 3 
1326 7 1340 52 F: 7 
1331 9 1349 135 F: 9 
1332 8 1356 344 F: 3 1 4 
1342 6 1354 112 F: 6 
1342 8 1350 105 F: 3 1 4 
1349 8 1365 153 F: 3 3 2 
1355 5 1360 332 F: 5 
1356 9 1383 319 F: 4 4 1 
1370 10 1400 337 F: 10 
1382 8 1398 185 F: 6 2 
1383 7 1404 137 F: 3 4 
1390 6 1402 267 F: 2 4 
1391 9 1427 286 F: 4 5 
1393 8 1409 266 F: 3 1 4 
1393 9 1402 267 F: 3 6 
1393 11 1437 194 F: 11 
1413 6 1431 36 F: 2 4 
1421 4 1433 328 F: 4 
1426 8 1450 205 F: 4 4 
1434 6 1458 198 F: 2 3 1 
1443 7 1464 158 F: 2 1 4 
1443 9 1461 201 F: 9 
1444 7 1458 286 F: 3 3 1 
1457 5 1467 313 F: 5 
1463 7 1477 337 F: 6 1 
1468 4 1480 108 F: 4 
1470 10 1510 126 F: 5 1 4 
1472 12 1484 178 F: 4 4 4 
1474 10 1504 160 F: 5 4 1 
1476 8 1484 175 F: 2 3 3 
1479 9 1515 258 F: 7 2 
1479 10 1519 293 F: 10 
1480 10 1490 334 F: 4 4 2 
1496 10 1516 36 F: 5 1 4 
1498 3 1501 214 F: 3 
1498 8 1506 37 F: 4 4 
1500 5 1520 166 F: 5 
1506 10 1546 87 F: 2 4 4 
1507 9 1516 208 F: 4 3 2 
1510 4 1518 261 F: 4 
1510 8 1534 341 F: 3 5 
1510 13 1562 213 F: 13 
1511 9 1547 115 F: 4 5 
1515 10 1535 162 F: 4 2 4 
1517 3 1526 178 F: 3 
1521 10 1561 327 F: 5 2 3 
1523 5 1543 252 F: 2 1 2 
1539 9 1575 291 F: 4 5 
1548 3 1551 2 F: 3 
1552 9 1588 142 F: 9 
1557 2 1565 133 F: 2 
1560 13 1612 281 F: 13 
1562 6 1574 170 F: 6 
1573 11 1584 216 F: 11 
1574 4 1582 291 F: 4 
1596 11 1629 212 F: 5 2 4 
1615 3 1624 322 F: 3 
1615 10 1635 338 F: 10 
1630 6 1636 180 F: 6 
1633 8 1641 227 F: 8 
1635 12 1659 210 F: 12 
1638 8 1662 93 F: 4 3 1 
1643 4 1655 291 F: 3 1 
1645 9 1663 281 F: 6 3 
1652 5 1662 27 F: 5 
1653 6 1671 231 F: 2 4 
1654 9 1663 175 F: 4 2 3 
1654 9 1672 124 F: 9 
1657 11 1701 248 F: 11 
1668 4 1680 68 F: 4 
1671 8 1695 259 F: 5 3 
1676 10 1696 8 F: 5 2 3 
1681 5 1686 179 F: 4 1 
1689 9 1698 178 F: 2 3 4 
1696 5 1706 105 F: 5 
1696 13 1709 100 F: 7 6 
1709 3 1715 99 F: 3 
1729 7 1736 258 F: 2 3 2 
1738 4 1750 36 F: 4 
1752 8 1776 126 F: 2 6 
1766 5 1786 91 F: 5 
1770 7 1791 300 F: 6 1 
1781 8 1805 184 F: 3 1 4 
1782 6 1800 209 F: 2 2 2 
1785 12 1833 115 F: 6 6 
1788 5 1798 346 F: 2 3 
D: 3 55 
D: 10 73 
D: 23 302 
D: 31 299 
D: 34 270 
D: 38 183 
D: 40 131 
D: 44 218 
D: 57 281 
D: 62 135 
D: 90 231 
D: 92 171 
D: 105 145 
D: 106 324 
D: 108 219 
D: 115 170 
D: 122 198 
D: 128 137 
D: 130 194 
D: 134 289 
D: 137 193 
D: 148 338 
D: 153 201 
D: 176 325 
D: 182 250 
D: 183 262 
D: 195 328 
D: 198 284 
D: 205 305 
D: 207 307 
D: 225 294 
D: 230 280 
D: 245 335 
D: 261 321 
D: 265 302 
