2 10 12 122 F: 3 3 4 
3 9 21 204 F: 5 4 
4 4 12 215 F: 4 
7 9 43 143 F: 4 2 3 
12 9 39 75 F: 5 3 1 
20 11 64 41 F: 4 3 4 
22 8 54 179 F: 8 
32 3 35 261 F: 2 1 
38 10 78 183 F: 5 5 
47 7 54 288 F: 2 2 3 
47 12 59 256 F: 7 5 
53 11 64 230 F: 5 2 4 
56 6 74 94 F: 6 
56 11 67 253 F: 4 3 4 
66 6 78 249 F: 4 2 
69 5 74 234 F: 5 
71 6 89 83 F: 3 1 2 
75 11 97 165 F: 6 5 
78 9 105 146 F: 4 4 1 
87 10 107 24 F: 10 
108 7 129 277 F: 2 4 1 
115 11 137 53 F: 4 3 4 
117 12 141 73 F: 12 
122 7 150 126 F: 5 2 
122 9 158 189 F: 9 
126 8 150 285 F: 8 
127 10 157 91 F: 4 2 4 
137 12 161 196 F: 12 
138 10 168 268 F: 5 5 
141 10 161 201 F: 4 2 4 
150 9 159 78 F: 5 4 
152 8 160 9 F: 3 3 2 
152 8 160 225 F: 8 
173 8 189 76 F: 5 2 1 
176 7 204 112 F: 3 4 
177 4 189 109 F: 4 
193 7 200 171 F: 5 2 
193 8 217 218 F: 8 
197 6 209 52 F: 3 1 2 
197 12 209 185 F: 6 6 
200 6 212 218 F: 6 
217 4 225 77 F: 4 
218 5 238 230 F: 4 1 
219 7 247 14 F: 3 4 
221 11 265 71 F: 6 5 
223 8 231 45 F: 2 3 3 
225 13 264 209 F: 5 4 4 
235 5 250 229 F: 3 2 
236 9 272 43 F: 4 4 1 
237 11 281 172 F: 11 
246 8 270 22 F: 4 1 3 
248 9 266 221 F: 9 
259 5 274 7 F: 2 3 
261 7 289 114 F: 7 
262 7 283 101 F: 7 
273 3 282 293 F: 3 
273 12 309 159 F: 4 4 4 
275 6 293 205 F: 6 
280 2 284 28 F: 2 
288 11 321 183 F: 4 4 3 
301 3 307 215 F: 3 
306 5 316 133 F: 5 
314 7 342 287 F: 4 1 2 
316 6 328 140 F: 2 3 1 
316 9 325 214 F: 9 
319 9 355 91 F: 9 
330 8 338 38 F: 6 2 
347 3 350 68 F: 3 
349 9 376 244 F: 2 3 4 
354 10 364 218 F: 3 3 4 
359 9 377 159 F: 9 
362 5 367 83 F: 3 2 
363 9 381 279 F: 9 
364 10 404 261 F: 10 
365 13 404 246 F: 13 
376 10 406 202 F: 3 3 4 
390 9 399 136 F: 4 2 3 
392 8 424 110 F: 2 4 2 
396 6 414 235 F: 6 
398 10 408 19 F: 5 5 
403 11 447 250 F: 7 4 
406 7 420 83 F: 3 1 3 
409 9 445 222 F: 7 2 
415 10 455 122 F: 10 
426 12 438 299 F: 6 6 
432 7 446 282 F: 3 3 1 
432 12 456 29 F: 4 4 4 
437 10 467 282 F: 6 4 
443 4 459 97 F: 4 
456 11 467 187 F: 5 6 
460 6 472 21 F: 3 1 2 
460 11 471 80 F: 6 5 
463 5 468 160 F: 4 1 
466 7 494 273 F: 5 2 
468 10 478 67 F: 7 3 
469 9 487 191 F: 4 4 1 
470 8 486 8 F: 4 4 
473 7 501 229 F: 3 4 
483 8 507 146 F: 4 1 3 
486 8 518 25 F: 7 1 
509 9 536 94 F: 3 3 3 
517 7 538 293 F: 2 2 3 
517 9 553 280 F: 3 4 2 
527 11 560 92 F: 5 4 2 
535 12 547 74 F: 12 
545 10 565 292 F: 5 1 4 
546 5 556 158 F: 5 
546 7 560 11 F: 2 3 2 
546 9 582 72 F: 4 4 1 
546 10 556 200 F: 5 3 2 
555 6 567 157 F: 2 4 
555 9 582 148 F: 5 2 2 
561 4 569 123 F: 2 2 
561 6 585 139 F: 6 
564 9 582 193 F: 9 
569 10 589 113 F: 5 5 
571 9 607 122 F: 7 2 
583 9 619 125 F: 3 3 3 
590 6 614 221 F: 2 2 2 
596 6 620 173 F: 6 
601 3 613 68 F: 3 
606 8 622 1 F: 4 4 
606 12 654 148 F: 4 4 4 
613 2 619 42 F: 2 
613 10 623 150 F: 4 3 3 
614 7 621 137 F: 5 2 
617 13 643 290 F: 7 6 
621 12 645 235 F: 12 
625 9 643 285 F: 4 3 2 
631 5 641 208 F: 2 1 2 
637 8 661 197 F: 2 6 
640 9 676 271 F: 6 3 
646 10 666 121 F: 3 4 3 
649 8 681 195 F: 3 5 
654 8 662 211 F: 4 2 2 
665 7 686 243 F: 5 2 
667 3 676 18 F: 2 1 
679 9 706 204 F: 9 
696 8 728 6 F: 8 
698 7 705 53 F: 7 
705 10 725 202 F: 3 4 3 
711 8 727 85 F: 8 
716 11 749 194 F: 7 4 
718 7 739 181 F: 5 1 1 
722 7 750 277 F: 7 
728 6 746 134 F: 6 
736 12 760 62 F: 12 
737 11 748 22 F: 7 4 
743 10 753 152 F: 4 3 3 
744 9 780 71 F: 9 
750 7 771 192 F: 4 2 1 
763 9 790 165 F: 4 3 2 
766 10 776 8 F: 7 3 
778 7 806 152 F: 7 
778 8 810 27 F: 5 3 
779 11 812 142 F: 11 
791 8 799 190 F: 5 2 1 
796 4 808 79 F: 4 
797 7 818 42 F: 7 
798 11 831 31 F: 11 
805 9 832 153 F: 4 2 3 
811 5 816 53 F: 3 2 
814 7 842 125 F: 4 3 
814 10 854 244 F: 3 4 3 
816 7 837 212 F: 3 1 3 
821 4 833 164 F: 3 1 
831 10 871 119 F: 2 4 4 
851 9 878 75 F: 9 
853 11 897 186 F: 11 
866 6 878 153 F: 6 
868 8 892 131 F: 5 3 
868 12 892 271 F: 6 6 
869 3 872 39 F: 3 
869 3 878 251 F: 3 
875 7 903 229 F: 3 2 2 
881 8 905 16 F: 3 5 
891 12 903 192 F: 6 6 
893 7 914 134 F: 2 5 
894 12 906 140 F: 7 5 
899 9 917 299 F: 9 
901 8 925 44 F: 3 5 
902 8 926 214 F: 2 4 2 
904 8 936 245 F: 6 2 
909 2 917 237 F: 2 
911 7 932 106 F: 6 1 
915 8 931 58 F: 5 1 2 
915 8 939 184 F: 7 1 
934 11 956 185 F: 7 4 
939 7 960 176 F: 4 2 1 
942 7 956 148 F: 7 
947 4 951 186 F: 3 1 
947 10 967 59 F: 3 4 3 
957 8 965 29 F: 3 3 2 
965 11 1009 50 F: 5 4 2 
982 9 1009 143 F: 5 4 
983 7 990 64 F: 6 1 
985 7 1013 68 F: 3 2 2 
990 4 1002 62 F: 4 
991 12 1027 233 F: 5 3 4 
995 10 1005 221 F: 2 4 4 
1005 8 1021 259 F: 5 2 1 
1014 3 1026 215 F: 3 
1018 9 1036 190 F: 3 4 2 
1025 7 1039 95 F: 4 3 
1025 9 1061 209 F: 7 2 
1030 8 1046 101 F: 3 4 1 
1031 6 1037 218 F: 6 
1032 3 1041 152 F: 3 
1033 8 1065 162 F: 8 
1042 11 1053 298 F: 4 4 3 
1058 12 1106 153 F: 6 6 
1061 6 1085 278 F: 2 2 2 
1077 8 1109 159 F: 2 4 2 
1079 9 1097 128 F: 2 3 4 
1083 11 1105 292 F: 11 
1084 2 1086 167 F: 2 
1085 13 1098 159 F: 13 
1086 4 1094 133 F: 4 
1087 11 1131 165 F: 5 2 4 
1097 13 1123 88 F: 13 
1103 7 1110 254 F: 3 2 2 
1105 9 1123 294 F: 9 
1111 6 1129 170 F: 3 2 1 
1111 7 1125 255 F: 3 1 3 
1122 10 1142 165 F: 6 4 
1124 6 1136 245 F: 5 1 
1141 4 1157 20 F: 4 
1153 10 1173 67 F: 10 
1153 10 1183 116 F: 6 4 
1158 9 1194 248 F: 3 6 
1162 2 1170 98 F: 2 
1162 8 1170 248 F: 8 
1163 11 1196 100 F: 5 6 
1166 11 1210 103 F: 6 5 
1176 12 1188 17 F: 6 6 
1186 10 1196 299 F: 10 
1188 6 1212 273 F: 6 
1194 8 1202 154 F: 6 2 
1198 8 1206 109 F: 5 3 
1199 5 1204 256 F: 2 3 
1203 13 1242 40 F: 13 
1210 6 1216 31 F: 5 1 
1213 9 1231 222 F: 9 
1217 8 1241 247 F: 3 5 
1220 7 1227 58 F: 3 1 3 
1220 10 1230 170 F: 2 4 4 
1224 6 1242 224 F: 3 2 1 
1238 7 1245 104 F: 4 3 
1246 12 1258 36 F: 6 6 
1247 3 1250 283 F: 2 1 
1253 6 1259 10 F: 6 
1256 11 1267 56 F: 5 6 
1259 13 1311 147 F: 5 4 4 
1269 7 1276 31 F: 4 2 1 
1272 8 1296 126 F: 4 1 3 
1280 11 1313 14 F: 11 
1282 9 1291 235 F: 5 4 
1286 2 1290 287 F: 2 
1287 7 1301 151 F: 4 3 
1294 7 1322 174 F: 3 2 2 
1303 9 1321 23 F: 4 2 3 
1306 7 1320 242 F: 2 4 1 
1311 2 1319 43 F: 2 
1314 4 1322 77 F: 4 
1315 6 1321 205 F: 6 
1319 10 1329 95 F: 5 2 3 
1322 8 1338 218 F: 5 1 2 
1327 13 1379 79 F: 7 6 
1332 3 1341 261 F: 3 
1345 11 1389 14 F: 5 6 
1352 10 1372 137 F: 4 3 3 
1359 8 1391 12 F: 3 3 2 
1364 4 1368 179 F: 2 2 
1368 10 1408 292 F: 4 2 4 
1373 10 1383 203 F: 5 4 1 
1375 8 1391 57 F: 5 3 
1383 5 1388 90 F: 5 
1384 8 1408 70 F: 5 3 
1388 5 1393 262 F: 5 
1398 9 1434 96 F: 9 
1415 10 1425 280 F: 10 
1418 8 1450 55 F: 3 5 
1422 6 1428 34 F: 2 4 
1432 12 1456 102 F: 7 5 
1434 11 1456 103 F: 5 6 
1440 9 1449 66 F: 2 4 3 
1445 8 1477 151 F: 3 4 1 
1446 11 1457 189 F: 11 
1447 11 1469 61 F: 11 
1453 4 1465 265 F: 2 2 
1454 5 1464 63 F: 3 2 
1458 6 1482 237 F: 2 3 1 
1470 8 1502 264 F: 4 4 
1472 6 1478 49 F: 4 1 1 
1472 9 1481 198 F: 5 2 2 
1474 9 1492 26 F: 4 2 3 
1481 12 1493 64 F: 12 
1482 11 1526 218 F: 5 2 4 
1483 11 1527 108 F: 7 4 
1490 6 1514 153 F: 6 
D: 1 145 
D: 2 12 
D: 5 21 
D: 5 290 
D: 8 59 
D: 8 189 
D: 15 17 
D: 24 89 
D: 29 52 
D: 33 71 
D: 35 113 
D: 41 115 
D: 41 273 
D: 43 278 
D: 58 276 
D: 62 270 
D: 69 263 
D: 76 160 
D: 76 180 
D: 79 215 
D: 86 234 
D: 92 179 
D: 118 240 
D: 119 294 
D: 125 236 
D: 150 192 
D: 161 252 
D: 204 236 
D: 213 246 
D: 222 240 
