0 10 10 32 F: 4 4 2 
4 8 20 335 F: 2 6 
13 11 46 71 F: 11 
24 9 42 113 F: 3 3 3 
29 6 35 288 F: 3 3 
29 9 56 156 F: 9 
32 5 42 64 F: 4 1 
36 6 60 15 F: 3 3 
39 10 79 45 F: 4 2 4 
50 8 74 13 F: 4 1 3 
51 6 75 173 F: 3 2 1 
52 2 58 201 F: 2 
63 13 76 68 F: 7 6 
65 12 101 195 F: 6 6 
69 7 97 273 F: 4 3 
73 10 93 285 F: 5 3 2 
74 9 83 275 F: 2 4 3 
78 2 84 17 F: 2 
83 9 101 11 F: 4 5 
90 7 104 119 F: 3 4 
100 8 116 90 F: 7 1 
107 9 143 144 F: 3 6 
119 5 134 324 F: 2 3 
121 4 125 272 F: 4 
127 4 131 30 F: 4 
131 9 158 14 F: 3 6 
133 6 145 188 F: 6 
133 6 145 256 F: 6 
141 6 159 340 F: 2 1 3 
142 4 150 110 F: 4 
142 10 152 58 F: 5 3 2 
143 11 176 74 F: 5 3 3 
161 8 193 9 F: 8 
168 11 212 313 F: 4 3 4 
170 6 194 278 F: 3 3 
171 11 182 232 F: 11 
173 6 197 305 F: 4 2 
181 2 185 327 F: 2 
194 8 226 150 F: 6 2 
196 8 204 123 F: 2 2 4 
204 12 216 236 F: 7 5 
210 9 219 164 F: 3 6 
221 13 260 289 F: 13 
222 8 246 264 F: 5 1 2 
225 4 229 299 F: 3 1 
227 11 271 280 F: 5 4 2 
227 12 251 222 F: 12 
235 13 261 207 F: 13 
236 6 242 246 F: 4 2 
242 9 251 315 F: 5 4 
243 4 251 17 F: 2 2 
243 7 250 331 F: 2 5 
252 10 262 197 F: 4 2 4 
266 8 282 281 F: 2 6 
269 13 308 300 F: 13 
279 9 306 148 F: 5 4 
281 9 290 299 F: 6 3 
286 4 298 36 F: 4 
290 4 294 38 F: 4 
292 3 298 219 F: 2 1 
310 7 331 337 F: 4 3 
312 2 318 212 F: 2 
314 7 321 95 F: 7 
319 7 326 160 F: 7 
320 5 340 282 F: 3 1 1 
321 8 345 255 F: 2 2 4 
322 9 340 87 F: 3 3 3 
331 6 355 208 F: 4 2 
335 7 349 148 F: 6 1 
342 7 363 302 F: 2 1 4 
343 13 369 222 F: 7 6 
362 11 373 132 F: 11 
363 13 402 201 F: 7 6 
387 11 420 294 F: 5 3 3 
388 7 402 84 F: 7 
390 10 420 123 F: 10 
395 9 404 248 F: 3 6 
398 5 403 120 F: 3 1 1 
398 10 408 130 F: 10 
398 13 450 237 F: 13 
408 4 420 112 F: 4 
413 3 419 51 F: 3 
428 8 436 159 F: 4 3 1 
428 11 472 34 F: 5 6 
429 5 449 217 F: 5 
432 8 440 298 F: 4 4 
437 8 469 289 F: 4 4 
440 8 464 302 F: 2 4 2 
441 2 447 97 F: 2 
446 11 457 334 F: 6 5 
448 4 452 51 F: 2 2 
449 8 481 81 F: 2 6 
449 11 482 266 F: 4 4 3 
459 9 495 218 F: 5 4 
460 5 470 153 F: 5 
460 11 493 159 F: 6 5 
478 8 494 317 F: 3 5 
484 13 510 163 F: 13 
491 6 515 236 F: 2 2 2 
497 11 541 289 F: 4 4 3 
506 10 526 148 F: 10 
526 6 538 196 F: 5 1 
528 9 555 179 F: 9 
533 10 543 291 F: 5 3 2 
555 8 571 265 F: 3 3 2 
556 10 566 345 F: 6 4 
560 4 572 289 F: 2 2 
562 4 578 244 F: 3 1 
562 10 572 59 F: 7 3 
566 2 568 209 F: 2 
568 12 616 97 F: 5 4 3 
570 5 585 64 F: 5 
574 9 583 9 F: 6 3 
584 11 606 221 F: 4 3 4 
587 11 620 239 F: 3 4 4 
590 4 602 157 F: 2 2 
595 2 597 10 F: 2 
596 6 608 63 F: 6 
599 7 606 201 F: 7 
599 13 625 137 F: 13 
615 4 631 291 F: 3 1 
621 3 633 84 F: 2 1 
625 11 647 18 F: 4 4 3 
630 7 644 338 F: 2 5 
633 6 651 49 F: 6 
635 4 647 299 F: 3 1 
641 10 671 193 F: 5 3 2 
644 11 655 248 F: 11 
649 4 661 92 F: 3 1 
649 12 673 187 F: 12 
653 10 663 167 F: 2 4 4 
656 8 664 234 F: 7 1 
658 10 668 198 F: 3 4 3 
661 8 669 30 F: 5 2 1 
669 7 676 171 F: 7 
669 7 697 60 F: 2 1 4 
670 9 688 75 F: 9 
672 10 682 281 F: 5 4 1 
679 10 709 46 F: 5 5 
695 7 709 299 F: 7 
707 9 716 160 F: 3 4 2 
708 5 723 279 F: 3 2 
712 5 727 338 F: 5 
712 9 739 309 F: 2 4 3 
715 8 739 77 F: 5 1 2 
732 8 748 97 F: 6 2 
733 9 769 78 F: 5 4 
734 5 754 34 F: 5 
738 8 770 243 F: 6 2 
752 4 764 219 F: 3 1 
754 8 762 346 F: 5 3 
756 5 776 178 F: 5 
760 12 784 190 F: 6 6 
762 11 773 340 F: 4 4 3 
763 11 785 316 F: 7 4 
767 9 785 328 F: 9 
771 7 792 335 F: 3 2 2 
772 2 780 167 F: 2 
786 10 806 203 F: 7 3 
787 10 807 272 F: 5 4 1 
805 6 829 273 F: 3 1 2 
807 9 834 84 F: 5 1 3 
819 8 851 293 F: 8 
823 7 830 222 F: 4 2 1 
827 8 843 164 F: 4 2 2 
836 10 846 181 F: 5 5 
842 7 863 115 F: 2 5 
843 9 879 210 F: 4 4 1 
848 9 875 141 F: 2 3 4 
849 8 857 229 F: 7 1 
850 9 886 211 F: 3 6 
853 13 879 234 F: 7 6 
854 10 864 55 F: 4 6 
866 11 877 289 F: 4 3 4 
871 7 899 233 F: 3 1 3 
877 13 929 72 F: 7 6 
883 8 899 140 F: 3 5 
888 10 908 234 F: 10 
889 6 901 272 F: 6 
899 4 903 253 F: 2 2 
901 4 913 226 F: 2 2 
909 10 929 231 F: 10 
910 7 917 17 F: 5 1 1 
914 8 930 237 F: 2 4 2 
914 9 950 329 F: 9 
917 8 925 163 F: 3 5 
920 7 927 163 F: 4 3 
922 8 946 239 F: 2 2 4 
923 6 941 130 F: 3 1 2 
923 13 936 173 F: 13 
924 10 954 159 F: 2 4 4 
932 13 984 167 F: 13 
934 12 946 341 F: 4 4 4 
959 10 989 7 F: 7 3 
974 10 994 3 F: 5 5 
978 10 988 78 F: 5 5 
979 8 995 98 F: 8 
982 8 1014 258 F: 2 2 4 
994 13 1020 52 F: 13 
997 11 1008 279 F: 4 3 4 
1009 8 1033 61 F: 4 2 2 
1019 10 1039 327 F: 4 6 
1020 6 1032 38 F: 4 1 1 
1022 9 1058 345 F: 4 1 4 
1024 7 1045 334 F: 3 4 
1026 12 1074 85 F: 6 6 
1030 12 1066 220 F: 4 4 4 
1031 6 1049 37 F: 6 
1034 12 1046 271 F: 5 3 4 
1035 8 1067 196 F: 3 5 
1044 5 1064 64 F: 5 
1044 8 1076 5 F: 5 2 1 
1053 6 1065 193 F: 3 2 1 
1054 10 1094 10 F: 5 5 
1062 11 1084 94 F: 11 
1065 7 1093 190 F: 4 3 
1069 7 1083 75 F: 3 1 3 
1073 2 1081 277 F: 2 
1079 3 1082 98 F: 3 
1082 11 1104 325 F: 5 6 
1102 7 1109 77 F: 5 2 
1106 8 1130 49 F: 4 4 
1112 4 1128 40 F: 4 
1121 13 1147 318 F: 13 
1125 10 1135 167 F: 4 6 
1126 8 1134 285 F: 4 1 3 
1131 7 1152 120 F: 7 
1136 9 1172 110 F: 9 
1142 13 1194 254 F: 13 
1144 13 1170 3 F: 7 6 
1144 13 1183 36 F: 13 
1145 11 1189 132 F: 11 
1145 13 1184 314 F: 13 
1150 5 1155 162 F: 3 1 1 
1163 6 1181 44 F: 4 1 1 
1174 10 1184 333 F: 5 2 3 
1177 11 1199 197 F: 11 
1179 11 1190 70 F: 11 
1198 6 1216 15 F: 4 1 1 
1198 10 1218 44 F: 4 3 3 
1204 8 1228 83 F: 5 2 1 
1204 10 1244 105 F: 5 3 2 
1206 4 1222 161 F: 4 
1212 9 1239 61 F: 7 2 
1220 6 1232 271 F: 6 
1223 11 1256 62 F: 4 3 4 
1231 6 1249 272 F: 2 1 3 
1237 9 1264 349 F: 4 3 2 
1239 8 1255 337 F: 4 4 
1246 2 1250 106 F: 2 
1246 6 1270 37 F: 2 2 2 
1249 6 1255 196 F: 4 2 
1252 12 1288 124 F: 7 5 
1262 10 1302 238 F: 10 
1268 10 1298 286 F: 10 
1271 8 1295 290 F: 4 4 
1274 7 1302 80 F: 2 5 
1285 13 1298 107 F: 13 
1286 11 1330 86 F: 6 5 
1297 4 1305 141 F: 4 
1304 12 1316 75 F: 5 3 4 
1308 10 1328 300 F: 5 2 3 
1309 2 1315 128 F: 2 
1309 6 1327 63 F: 6 
1317 8 1325 96 F: 2 3 3 
1323 9 1341 124 F: 9 
1327 8 1343 270 F: 2 2 4 
1328 11 1350 142 F: 5 6 
1331 6 1355 178 F: 6 
1333 10 1353 171 F: 5 2 3 
1335 10 1365 57 F: 4 4 2 
1338 13 1364 126 F: 7 6 
1346 2 1350 96 F: 2 
1373 6 1385 323 F: 6 
1379 4 1387 288 F: 3 1 
1379 5 1394 183 F: 4 1 
1383 6 1407 27 F: 3 2 1 
1387 2 1389 252 F: 2 
1387 8 1395 240 F: 6 2 
1389 2 1395 340 F: 2 
1402 10 1412 85 F: 5 1 4 
1405 8 1429 343 F: 3 4 1 
1405 11 1438 176 F: 11 
1413 10 1453 149 F: 10 
1429 10 1439 333 F: 3 4 3 
1435 6 1453 20 F: 2 1 3 
1441 12 1489 88 F: 6 6 
1444 7 1458 45 F: 3 3 1 
1446 11 1490 1 F: 11 
1451 10 1461 295 F: 3 4 3 
1460 10 1500 49 F: 7 3 
1461 8 1477 86 F: 4 2 2 
1461 8 1477 230 F: 2 6 
1462 7 1476 181 F: 7 
1462 9 1489 82 F: 4 5 
1465 5 1480 146 F: 5 
1471 8 1479 24 F: 4 3 1 
1480 9 1507 106 F: 5 4 
1487 10 1507 29 F: 10 
1495 11 1517 90 F: 11 
1503 7 1517 303 F: 4 3 
1511 7 1539 130 F: 4 1 2 
1516 8 1532 102 F: 4 1 3 
1521 11 1554 95 F: 4 3 4 
1523 5 1533 59 F: 2 1 2 
1528 9 1564 294 F: 7 2 
1533 8 1541 300 F: 2 6 
1543 7 1550 336 F: 3 4 
1545 9 1554 160 F: 5 4 
1548 6 1566 16 F: 3 2 1 
1550 11 1583 323 F: 11 
1554 10 1594 196 F: 10 
1565 6 1577 322 F: 6 
1568 12 1592 174 F: 12 
1570 4 1578 43 F: 4 
1572 9 1608 325 F: 5 4 
1579 7 1607 126 F: 2 1 4 
1582 10 1592 338 F: 5 4 1 
1594 9 1621 8 F: 2 4 3 
1599 11 1643 68 F: 6 5 
1603 8 1627 341 F: 4 4 
1604 9 1640 134 F: 5 3 1 
1611 9 1629 122 F: 9 
1613 8 1645 132 F: 2 4 2 
1620 6 1626 218 F: 6 
1628 12 1652 215 F: 12 
1629 8 1637 248 F: 3 1 4 
1631 3 1637 100 F: 3 
1632 7 1646 338 F: 4 3 
1635 3 1638 40 F: 3 
1643 8 1675 110 F: 2 6 
1645 6 1657 221 F: 6 
1650 13 1676 163 F: 7 6 
1653 7 1660 97 F: 4 2 1 
1659 8 1683 101 F: 3 4 1 
1665 10 1695 40 F: 4 6 
1670 3 1682 310 F: 3 
1676 5 1691 191 F: 5 
1677 6 1701 193 F: 6 
1685 4 1701 198 F: 4 
1700 10 1710 337 F: 5 5 
1713 11 1735 152 F: 3 4 4 
1718 10 1748 75 F: 4 2 4 
1719 9 1728 307 F: 7 2 
1726 2 1728 297 F: 2 
1741 9 1777 81 F: 5 3 1 
1744 8 1776 171 F: 6 2 
1766 9 1793 342 F: 9 
1786 12 1798 71 F: 5 3 4 
1793 9 1829 69 F: 3 3 3 
D: 1 160 
D: 4 133 
D: 9 33 
D: 11 219 
D: 14 145 
D: 22 178 
D: 23 98 
D: 26 262 
D: 30 86 
D: 30 334 
D: 37 154 
D: 46 201 
D: 51 311 
D: 54 248 
D: 59 76 
D: 67 119 
D: 70 317 
D: 71 257 
D: 76 83 
D: 93 137 
D: 94 302 
D: 96 328 
D: 113 206 
D: 113 259 
D: 113 264 
D: 115 281 
D: 120 161 
D: 144 251 
D: 147 316 
D: 168 321 
D: 184 214 
D: 191 258 
D: 197 221 
D: 203 307 
D: 247 268 
