2 5 22 180 F: 3 2 
3 6 21 251 F: 4 1 1 
3 9 39 60 F: 4 5 
10 7 24 68 F: 7 
19 9 37 222 F: 5 4 
26 10 66 258 F: 3 4 3 
29 2 31 195 F: 2 
30 11 63 282 F: 11 
33 11 44 107 F: 5 3 3 
34 6 46 127 F: 5 1 
34 10 44 262 F: 10 
41 8 57 193 F: 2 6 
47 4 63 202 F: 2 1 1 
48 8 72 3 F: 2 3 3 
61 7 68 57 F: 7 
62 7 90 93 F: 2 3 2 
75 9 111 178 F: 9 
81 13 120 15 F: 13 
89 6 107 15 F: 6 
92 8 124 3 F: 4 2 2 
101 9 128 175 F: 3 3 3 
124 6 142 166 F: 3 2 1 
124 10 144 79 F: 4 4 2 
127 5 147 164 F: 5 
129 9 156 173 F: 3 4 2 
133 8 165 111 F: 3 5 
137 3 140 251 F: 3 
139 6 151 30 F: 4 1 1 
139 8 155 286 F: 7 1 
145 13 184 49 F: 7 6 
147 7 154 112 F: 3 4 
151 9 178 77 F: 4 5 
155 9 173 248 F: 9 
156 6 174 251 F: 6 
158 11 169 252 F: 5 3 3 
163 6 181 287 F: 6 
179 10 209 6 F: 7 3 
184 7 198 84 F: 5 2 
185 8 217 220 F: 8 
190 10 220 68 F: 10 
201 2 209 22 F: 2 
206 3 218 129 F: 3 
222 9 240 261 F: 2 4 3 
223 9 232 264 F: 4 5 
231 5 236 116 F: 3 2 
235 3 241 24 F: 3 
237 4 249 117 F: 3 1 
249 12 285 248 F: 4 4 4 
250 12 262 23 F: 5 4 3 
262 8 278 46 F: 8 
264 3 270 158 F: 2 1 
266 12 302 173 F: 12 
268 5 273 9 F: 5 
276 9 294 107 F: 5 4 
278 7 292 85 F: 7 
278 8 294 72 F: 8 
285 7 313 92 F: 2 2 3 
285 13 337 1 F: 7 6 
288 8 312 197 F: 3 5 
299 6 305 161 F: 2 1 3 
305 12 341 196 F: 12 
322 9 340 8 F: 7 2 
325 13 364 80 F: 13 
330 7 358 270 F: 3 4 
333 4 345 121 F: 4 
334 10 354 39 F: 3 4 3 
338 8 354 87 F: 8 
341 8 365 88 F: 3 4 1 
343 6 349 198 F: 2 1 3 
346 7 374 255 F: 3 1 3 
360 2 368 240 F: 2 
362 9 398 224 F: 6 3 
362 10 392 61 F: 4 4 2 
363 8 379 293 F: 2 6 
363 8 395 33 F: 2 6 
366 8 390 236 F: 2 6 
374 8 406 5 F: 3 3 2 
378 9 405 259 F: 7 2 
389 3 395 143 F: 3 
395 3 398 33 F: 3 
412 8 420 238 F: 3 2 3 
417 7 445 181 F: 7 
422 6 440 251 F: 3 2 1 
427 12 451 182 F: 7 5 
430 7 458 140 F: 4 2 1 
431 8 447 20 F: 4 2 2 
436 9 445 37 F: 9 
437 9 446 12 F: 9 
445 9 472 96 F: 4 1 4 
452 12 476 222 F: 12 
453 8 461 169 F: 4 2 2 
457 4 465 17 F: 2 1 1 
459 2 461 144 F: 2 
459 9 495 270 F: 3 6 
461 12 473 281 F: 5 3 4 
462 9 480 129 F: 4 2 3 
475 8 499 112 F: 5 1 2 
490 8 514 30 F: 4 1 3 
494 12 530 89 F: 12 
497 2 499 29 F: 2 
513 9 522 286 F: 2 4 3 
514 10 544 213 F: 4 4 2 
514 13 566 99 F: 13 
517 7 524 105 F: 5 2 
523 8 555 154 F: 4 3 1 
531 8 555 124 F: 2 6 
534 3 537 110 F: 3 
534 7 562 139 F: 4 1 2 
543 10 563 8 F: 4 6 
545 13 558 168 F: 13 
547 3 550 56 F: 2 1 
549 4 561 250 F: 3 1 
552 8 584 145 F: 8 
553 4 557 37 F: 4 
555 10 575 185 F: 3 4 3 
562 6 568 135 F: 5 1 
570 3 573 13 F: 3 
574 11 618 267 F: 7 4 
583 10 623 83 F: 5 4 1 
597 9 606 175 F: 4 3 2 
602 3 614 287 F: 3 
603 11 647 23 F: 11 
614 7 628 133 F: 2 2 3 
617 9 635 191 F: 6 3 
617 12 629 168 F: 12 
618 11 651 95 F: 11 
619 8 635 279 F: 2 4 2 
621 9 639 6 F: 9 
629 7 636 105 F: 3 4 
633 9 642 280 F: 7 2 
637 8 645 219 F: 7 1 
641 9 668 185 F: 4 1 4 
651 12 675 84 F: 7 5 
654 12 666 248 F: 12 
660 8 692 47 F: 3 5 
662 7 683 107 F: 2 5 
663 9 681 68 F: 2 4 3 
686 10 726 260 F: 10 
693 6 699 268 F: 5 1 
695 7 709 71 F: 5 2 
702 13 741 234 F: 13 
704 10 714 76 F: 6 4 
716 6 734 286 F: 2 1 3 
727 11 771 177 F: 11 
731 9 740 233 F: 5 3 1 
732 10 762 167 F: 4 3 3 
736 11 758 33 F: 6 5 
738 10 758 83 F: 7 3 
742 12 766 278 F: 12 
744 10 764 144 F: 10 
748 11 759 274 F: 7 4 
755 11 766 278 F: 4 3 4 
763 9 790 292 F: 4 1 4 
764 5 784 208 F: 3 2 
764 6 770 152 F: 2 3 1 
770 11 781 103 F: 4 4 3 
774 8 806 18 F: 8 
782 8 806 276 F: 3 4 1 
790 12 802 259 F: 6 6 
793 5 813 243 F: 2 2 1 
809 10 829 73 F: 2 4 4 
811 5 821 86 F: 3 1 1 
811 12 835 159 F: 5 3 4 
822 8 830 237 F: 2 4 2 
824 8 832 255 F: 4 1 3 
828 6 852 69 F: 4 1 1 
829 6 841 168 F: 2 3 1 
837 9 846 194 F: 3 2 4 
840 5 860 60 F: 3 1 1 
843 10 883 170 F: 2 4 4 
848 12 860 250 F: 12 
850 10 860 157 F: 5 2 3 
855 13 907 21 F: 13 
862 13 914 122 F: 13 
864 7 878 134 F: 7 
864 10 904 6 F: 10 
872 11 905 149 F: 7 4 
877 6 889 39 F: 4 2 
879 8 911 64 F: 4 4 
890 6 908 110 F: 6 
903 11 925 272 F: 5 6 
906 11 939 232 F: 5 3 3 
908 4 912 60 F: 2 1 1 
908 5 923 181 F: 2 2 1 
913 8 929 262 F: 2 3 3 
914 2 918 280 F: 2 
918 6 930 28 F: 3 3 
918 9 954 88 F: 3 4 2 
925 8 957 134 F: 3 1 4 
933 9 960 287 F: 4 5 
938 8 946 234 F: 8 
946 8 978 11 F: 2 6 
950 6 956 93 F: 4 2 
963 6 987 87 F: 5 1 
963 8 987 67 F: 8 
967 6 979 158 F: 3 3 
977 9 1013 2 F: 4 4 1 
988 10 1018 1 F: 2 4 4 
993 8 1009 104 F: 8 
998 7 1005 146 F: 3 4 
1002 8 1010 67 F: 8 
1003 5 1013 165 F: 2 1 2 
1003 8 1035 208 F: 4 3 1 
1007 11 1029 300 F: 6 5 
1016 11 1027 106 F: 4 4 3 
1028 10 1058 39 F: 5 3 2 
1028 11 1050 10 F: 5 2 4 
1038 9 1056 8 F: 4 4 1 
1039 13 1052 119 F: 7 6 
1044 9 1071 137 F: 3 6 
1054 9 1081 269 F: 3 6 
1056 7 1084 214 F: 5 1 1 
1061 9 1079 115 F: 2 4 3 
1069 5 1079 177 F: 5 
1072 6 1084 131 F: 3 3 
1076 8 1108 118 F: 2 6 
1080 6 1098 94 F: 3 1 2 
1080 9 1089 122 F: 7 2 
1081 11 1092 289 F: 5 3 3 
1094 4 1110 92 F: 2 1 1 
1103 6 1121 122 F: 2 3 1 
1104 11 1137 265 F: 6 5 
1115 9 1151 77 F: 5 4 
1118 4 1122 211 F: 4 
1119 8 1127 150 F: 5 2 1 
1120 13 1133 257 F: 13 
1134 11 1178 79 F: 5 4 2 
1135 8 1143 69 F: 8 
1138 4 1146 116 F: 2 2 
1138 12 1162 80 F: 6 6 
1139 5 1144 141 F: 4 1 
1139 6 1163 82 F: 4 2 
1139 10 1149 99 F: 10 
1141 12 1177 240 F: 12 
1145 10 1165 240 F: 5 2 3 
1162 5 1172 21 F: 3 1 1 
1162 9 1189 245 F: 9 
1171 8 1195 184 F: 3 5 
1187 12 1223 116 F: 12 
1197 2 1199 121 F: 2 
1208 9 1217 20 F: 2 4 3 
1212 5 1222 117 F: 3 2 
1215 12 1251 84 F: 12 
1217 4 1225 214 F: 4 
1220 11 1264 26 F: 5 3 3 
1224 8 1240 89 F: 4 4 
1230 11 1263 131 F: 11 
1231 5 1236 230 F: 2 1 2 
1231 6 1243 133 F: 5 1 
1232 10 1252 261 F: 5 4 1 
1243 9 1270 97 F: 3 2 4 
1248 9 1284 24 F: 2 4 3 
1256 8 1288 167 F: 2 6 
1266 8 1290 249 F: 4 1 3 
1266 10 1286 50 F: 5 1 4 
1269 9 1305 15 F: 3 3 3 
1272 8 1280 136 F: 5 3 
1274 7 1288 190 F: 3 4 
1280 11 1291 52 F: 7 4 
1298 7 1326 41 F: 2 1 4 
1306 11 1317 233 F: 5 4 2 
1312 4 1320 101 F: 3 1 
1323 13 1375 142 F: 13 
1326 8 1334 163 F: 6 2 
1334 7 1362 290 F: 2 3 2 
1338 10 1358 119 F: 10 
1345 8 1361 62 F: 3 5 
1347 11 1380 242 F: 5 6 
1356 9 1392 180 F: 6 3 
1358 6 1364 115 F: 5 1 
1358 7 1365 13 F: 3 3 1 
1359 3 1362 143 F: 3 
1362 5 1367 25 F: 2 1 2 
1362 10 1382 143 F: 3 4 3 
1366 10 1386 290 F: 4 3 3 
1378 13 1417 130 F: 7 6 
1382 8 1406 207 F: 4 1 3 
1383 10 1423 274 F: 6 4 
1396 7 1403 39 F: 3 1 3 
1399 7 1413 78 F: 4 3 
1406 9 1415 127 F: 9 
1406 13 1445 248 F: 13 
1408 8 1416 94 F: 2 4 2 
1414 8 1422 10 F: 3 3 2 
1418 8 1450 247 F: 7 1 
1420 10 1460 217 F: 4 2 4 
1420 12 1456 262 F: 12 
1444 8 1452 141 F: 5 1 2 
1453 13 1492 26 F: 13 
1454 10 1494 125 F: 6 4 
1457 8 1465 271 F: 2 3 3 
1463 9 1490 202 F: 4 3 2 
1468 5 1473 231 F: 4 1 
1480 9 1489 194 F: 6 3 
1482 7 1503 135 F: 2 5 
1486 10 1516 248 F: 4 2 4 
1492 7 1513 84 F: 2 1 4 
1492 11 1536 3 F: 11 
1496 10 1516 288 F: 3 4 3 
1499 10 1519 66 F: 10 
D: 13 238 
D: 21 166 
D: 21 274 
D: 29 139 
D: 44 74 
D: 47 149 
D: 49 159 
D: 60 251 
D: 68 283 
D: 71 143 
D: 75 166 
D: 84 103 
D: 94 144 
D: 102 119 
D: 105 174 
D: 113 123 
D: 140 167 
D: 142 225 
D: 147 197 
D: 149 207 
D: 152 239 
D: 167 231 
D: 167 247 
D: 174 239 
D: 183 189 
D: 185 194 
D: 190 226 
D: 196 236 
D: 221 298 
D: 234 293 
