1 11 23 155 F: 11 
1 12 25 81 F: 7 5 
23 8 47 222 F: 5 2 1 
29 11 40 35 F: 6 5 
34 5 39 156 F: 2 1 2 
36 11 58 334 F: 5 4 2 
42 6 60 220 F: 4 2 
51 6 57 184 F: 2 4 
60 7 81 269 F: 3 1 3 
62 7 90 346 F: 3 3 1 
62 9 80 195 F: 9 
62 10 82 195 F: 5 1 4 
66 10 96 318 F: 5 5 
67 9 103 21 F: 5 4 
73 4 81 98 F: 4 
83 2 85 302 F: 2 
84 8 92 301 F: 8 
86 8 118 15 F: 2 3 3 
90 9 117 122 F: 3 4 2 
99 10 119 305 F: 3 3 4 
100 5 120 282 F: 5 
105 11 116 177 F: 7 4 
114 7 128 34 F: 2 2 3 
117 8 149 58 F: 4 1 3 
118 5 138 199 F: 5 
118 8 142 23 F: 3 1 4 
125 10 165 77 F: 2 4 4 
126 11 170 145 F: 11 
135 10 155 178 F: 4 6 
136 5 146 140 F: 2 3 
137 4 141 342 F: 4 
145 7 166 350 F: 5 2 
147 9 183 118 F: 4 4 1 
150 13 163 117 F: 7 6 
154 11 187 296 F: 11 
155 6 167 108 F: 6 
157 10 177 141 F: 2 4 4 
175 7 203 320 F: 7 
179 9 197 347 F: 9 
192 7 220 40 F: 3 2 2 
210 11 254 204 F: 7 4 
218 9 245 21 F: 2 3 4 
222 6 234 276 F: 6 
232 9 268 313 F: 5 3 1 
241 8 249 124 F: 3 4 1 
243 2 247 61 F: 2 
244 13 296 188 F: 13 
252 10 262 309 F: 5 1 4 
253 6 277 80 F: 5 1 
254 8 278 300 F: 6 2 
255 8 263 204 F: 4 4 
262 6 268 43 F: 6 
263 7 270 17 F: 5 1 1 
265 5 270 87 F: 5 
269 6 275 49 F: 3 3 
270 12 282 27 F: 12 
271 3 283 57 F: 2 1 
275 7 289 234 F: 7 
287 9 305 288 F: 5 2 2 
296 8 312 130 F: 8 
300 13 352 225 F: 7 6 
302 6 320 293 F: 2 1 3 
310 6 328 55 F: 5 1 
312 11 323 60 F: 7 4 
316 6 322 76 F: 3 1 2 
328 10 368 1 F: 5 3 2 
342 10 382 101 F: 5 2 3 
344 12 380 260 F: 12 
346 9 355 68 F: 5 1 3 
354 5 359 205 F: 4 1 
357 8 365 26 F: 5 3 
365 10 375 249 F: 5 5 
372 7 379 43 F: 6 1 
378 2 386 180 F: 2 
378 10 398 35 F: 6 4 
382 13 408 98 F: 7 6 
385 11 429 210 F: 11 
392 11 403 248 F: 5 4 2 
393 5 408 324 F: 5 
394 7 422 53 F: 7 
403 13 442 220 F: 7 6 
409 10 439 190 F: 4 3 3 
411 9 420 206 F: 7 2 
421 11 443 343 F: 11 
428 13 441 93 F: 13 
433 11 466 214 F: 11 
437 9 464 101 F: 4 5 
443 10 483 83 F: 5 1 4 
443 11 487 14 F: 11 
445 6 469 120 F: 2 4 
447 11 491 44 F: 7 4 
450 8 466 253 F: 7 1 
452 7 466 68 F: 3 4 
454 13 467 165 F: 7 6 
456 12 480 313 F: 5 4 3 
460 10 470 97 F: 10 
468 13 507 43 F: 13 
469 7 497 336 F: 2 1 4 
498 4 502 100 F: 4 
498 9 525 287 F: 3 2 4 
500 6 506 143 F: 3 2 1 
504 9 522 124 F: 4 2 3 
509 9 518 254 F: 4 4 1 
514 6 526 204 F: 5 1 
515 8 523 64 F: 2 6 
518 8 534 45 F: 7 1 
518 9 545 139 F: 4 5 
525 9 534 123 F: 3 6 
526 8 558 310 F: 4 2 2 
531 5 541 307 F: 5 
531 8 555 307 F: 3 2 3 
540 8 548 96 F: 6 2 
559 9 586 143 F: 5 4 
569 10 579 153 F: 5 4 1 
574 3 577 123 F: 3 
575 5 580 171 F: 2 1 2 
576 9 585 26 F: 7 2 
591 9 609 274 F: 4 5 
592 10 612 19 F: 4 3 3 
592 13 618 119 F: 13 
604 10 624 83 F: 4 2 4 
611 10 651 50 F: 5 1 4 
617 9 635 153 F: 5 1 3 
623 10 653 251 F: 7 3 
626 10 666 9 F: 5 2 3 
627 6 645 147 F: 6 
635 12 659 182 F: 12 
637 10 667 194 F: 4 6 
647 7 654 121 F: 7 
658 10 678 221 F: 4 6 
661 12 685 111 F: 4 4 4 
667 10 707 82 F: 5 4 1 
668 12 716 51 F: 6 6 
670 11 703 285 F: 11 
674 6 686 78 F: 6 
680 3 686 243 F: 2 1 
682 10 712 341 F: 10 
687 12 711 141 F: 12 
691 5 706 305 F: 3 2 
695 9 722 341 F: 4 5 
700 7 728 57 F: 3 2 2 
705 4 713 17 F: 2 2 
707 7 721 235 F: 2 1 4 
708 2 714 113 F: 2 
711 11 733 128 F: 5 4 2 
729 6 741 327 F: 5 1 
733 7 754 88 F: 7 
734 9 761 263 F: 7 2 
737 9 773 300 F: 4 5 
741 9 759 311 F: 5 2 2 
744 3 756 289 F: 3 
755 5 775 95 F: 5 
756 4 772 24 F: 2 2 
765 3 771 103 F: 2 1 
773 8 797 255 F: 4 1 3 
780 13 819 222 F: 13 
785 13 811 242 F: 13 
795 8 819 266 F: 6 2 
797 8 829 157 F: 4 1 3 
798 12 810 202 F: 12 
801 7 829 109 F: 5 1 1 
805 9 823 114 F: 3 3 3 
809 9 845 223 F: 4 3 2 
814 11 847 27 F: 4 3 4 
816 4 832 49 F: 3 1 
817 6 841 73 F: 5 1 
818 4 822 214 F: 3 1 
821 6 845 245 F: 3 2 1 
821 9 848 135 F: 5 3 1 
825 7 846 298 F: 5 2 
826 8 850 307 F: 3 2 3 
852 6 876 304 F: 3 3 
863 9 872 132 F: 4 4 1 
871 8 879 282 F: 2 2 4 
876 7 904 255 F: 3 1 3 
876 10 906 136 F: 4 2 4 
882 9 909 172 F: 9 
886 7 914 326 F: 5 2 
894 7 901 6 F: 3 1 3 
899 6 923 90 F: 2 1 3 
900 7 914 33 F: 7 
900 7 928 289 F: 3 2 2 
909 10 939 257 F: 4 4 2 
919 10 939 41 F: 4 6 
926 5 936 201 F: 4 1 
926 8 942 109 F: 8 
931 11 964 312 F: 3 4 4 
933 5 948 111 F: 5 
935 11 979 275 F: 5 2 4 
948 7 962 223 F: 4 3 
953 12 977 314 F: 7 5 
973 8 989 277 F: 2 2 4 
974 5 979 84 F: 2 2 1 
976 8 1000 82 F: 5 2 1 
983 10 1023 151 F: 3 3 4 
986 12 1022 133 F: 5 3 4 
992 4 996 220 F: 4 
992 10 1002 303 F: 4 4 2 
997 10 1037 208 F: 3 3 4 
998 3 1004 318 F: 3 
1006 7 1013 229 F: 2 1 4 
1011 2 1015 54 F: 2 
1011 7 1032 43 F: 2 5 
1017 12 1029 141 F: 12 
1031 5 1041 64 F: 2 1 2 
1036 3 1048 316 F: 3 
1036 8 1060 247 F: 3 5 
1043 3 1055 145 F: 3 
1047 4 1051 20 F: 2 1 1 
1047 9 1083 80 F: 4 3 2 
1049 8 1073 135 F: 4 4 
1050 7 1078 207 F: 2 3 2 
1055 4 1063 290 F: 2 1 1 
1070 7 1077 44 F: 6 1 
1073 10 1103 279 F: 4 2 4 
1076 6 1082 91 F: 2 1 3 
1077 10 1087 201 F: 5 1 4 
1080 9 1116 180 F: 5 4 
1096 8 1128 221 F: 8 
1099 9 1135 263 F: 7 2 
1100 11 1122 329 F: 11 
1117 6 1123 43 F: 2 4 
1117 8 1149 342 F: 8 
1128 10 1138 350 F: 5 5 
1151 7 1179 291 F: 3 4 
1156 3 1168 249 F: 2 1 
1157 9 1184 270 F: 3 2 4 
1162 8 1178 56 F: 2 2 4 
1163 8 1179 137 F: 2 6 
1163 10 1173 34 F: 7 3 
1166 10 1186 219 F: 10 
1167 9 1194 53 F: 3 6 
1170 12 1218 38 F: 12 
1171 9 1189 78 F: 9 
1172 10 1182 64 F: 5 2 3 
1185 10 1205 289 F: 3 3 4 
1188 9 1224 153 F: 9 
1189 12 1237 37 F: 6 6 
1195 4 1211 270 F: 3 1 
1199 7 1220 112 F: 2 1 4 
1200 6 1224 205 F: 5 1 
1210 11 1232 63 F: 5 2 4 
1211 7 1239 43 F: 4 2 1 
1212 13 1238 228 F: 13 
1213 10 1243 144 F: 5 5 
1215 10 1235 296 F: 3 3 4 
1218 8 1242 310 F: 8 
1221 13 1273 311 F: 13 
1222 8 1254 129 F: 2 6 
1224 9 1233 106 F: 9 
1229 7 1250 237 F: 4 1 2 
1232 8 1240 228 F: 8 
1243 7 1271 129 F: 7 
1253 6 1259 330 F: 2 4 
1254 10 1274 239 F: 3 4 3 
1260 3 1263 12 F: 3 
1267 2 1273 114 F: 2 
1283 7 1290 229 F: 4 2 1 
1285 11 1318 100 F: 4 4 3 
1293 8 1317 308 F: 7 1 
1306 4 1310 136 F: 4 
1316 5 1326 46 F: 5 
1325 5 1340 282 F: 4 1 
1328 5 1333 185 F: 2 3 
1332 13 1345 82 F: 13 
1334 11 1356 301 F: 11 
1338 13 1377 297 F: 13 
1348 6 1372 209 F: 5 1 
1356 11 1389 228 F: 11 
1359 9 1377 287 F: 4 5 
1367 5 1387 220 F: 5 
1371 10 1411 84 F: 5 3 2 
1381 5 1386 158 F: 4 1 
1381 6 1405 286 F: 4 1 1 
1381 9 1408 251 F: 3 3 3 
1384 11 1428 16 F: 11 
1391 4 1395 176 F: 4 
1391 7 1419 69 F: 4 3 
1391 8 1399 265 F: 5 2 1 
1396 6 1420 258 F: 6 
1403 8 1427 219 F: 2 2 4 
1415 11 1437 312 F: 7 4 
1415 12 1451 88 F: 7 5 
1416 9 1434 347 F: 2 4 3 
1418 3 1430 70 F: 2 1 
1418 4 1422 325 F: 4 
1418 10 1428 265 F: 5 5 
1428 9 1446 218 F: 3 6 
1434 7 1462 205 F: 7 
1440 7 1447 310 F: 3 1 3 
1441 10 1481 242 F: 4 2 4 
1456 9 1474 106 F: 5 4 
1463 6 1481 76 F: 2 4 
1466 11 1477 142 F: 3 4 4 
1469 5 1489 337 F: 5 
1478 8 1494 342 F: 3 5 
1488 10 1528 60 F: 5 5 
1492 10 1512 177 F: 5 4 1 
1493 9 1502 306 F: 4 5 
1497 6 1521 62 F: 4 1 1 
1501 11 1523 238 F: 7 4 
1508 2 1512 241 F: 2 
1518 8 1534 28 F: 6 2 
1519 7 1533 204 F: 2 2 3 
1523 9 1541 211 F: 5 2 2 
1528 8 1536 69 F: 7 1 
1529 7 1543 133 F: 3 1 3 
1546 10 1586 90 F: 5 2 3 
1547 3 1553 242 F: 2 1 
1547 8 1579 81 F: 8 
1551 7 1565 214 F: 3 2 2 
1552 10 1582 117 F: 2 4 4 
1558 9 1567 229 F: 9 
1561 8 1593 327 F: 3 1 4 
1568 9 1595 44 F: 2 4 3 
1575 7 1589 194 F: 4 3 
1578 6 1584 343 F: 2 2 2 
1581 6 1605 13 F: 3 2 1 
1590 6 1602 326 F: 6 
1595 6 1619 251 F: 3 3 
1605 5 1610 77 F: 5 
1607 5 1622 22 F: 5 
1617 8 1641 233 F: 2 6 
1619 12 1643 127 F: 6 6 
1624 6 1630 97 F: 2 3 1 
1624 6 1648 3 F: 2 4 
1627 7 1655 327 F: 4 3 
1634 8 1666 4 F: 2 6 
1638 10 1678 200 F: 3 3 4 
1640 5 1645 175 F: 3 2 
1640 9 1658 23 F: 3 4 2 
1646 4 1662 248 F: 4 
1658 6 1664 157 F: 6 
1665 5 1685 226 F: 2 3 
1673 8 1689 281 F: 8 
1673 12 1721 242 F: 5 3 4 
1692 6 1710 151 F: 5 1 
1693 7 1700 46 F: 7 
1698 8 1714 192 F: 4 3 1 
1699 5 1709 260 F: 5 
1711 6 1723 268 F: 6 
1714 8 1722 85 F: 5 2 1 
1727 7 1748 237 F: 3 3 1 
1747 6 1759 7 F: 6 
1747 12 1783 336 F: 12 
1749 8 1781 146 F: 4 4 
1763 4 1771 93 F: 2 1 1 
1770 5 1790 8 F: 5 
1786 3 1798 99 F: 2 1 
1794 8 1818 20 F: 6 2 
D: 1 222 
D: 3 61 
D: 9 236 
D: 11 170 
D: 14 265 
D: 15 107 
D: 20 288 
D: 25 267 
D: 29 106 
D: 38 97 
D: 46 157 
D: 51 291 
D: 67 180 
D: 74 77 
D: 77 264 
D: 91 241 
D: 95 102 
D: 99 341 
D: 109 336 
D: 111 127 
D: 119 298 
D: 121 303 
D: 132 306 
D: 140 295 
D: 152 251 
D: 166 276 
D: 173 293 
D: 175 265 
D: 214 238 
D: 222 225 
D: 230 292 
D: 243 314 
D: 274 289 
D: 287 319 
D: 319 327 
