4 12 28 221 F: 4 4 4 
17 8 25 178 F: 2 4 2 
24 5 44 102 F: 5 
26 10 66 35 F: 5 2 3 
27 8 51 121 F: 4 3 1 
38 4 46 132 F: 4 
38 10 78 139 F: 10 
39 11 50 223 F: 11 
39 11 83 125 F: 5 6 
49 11 60 249 F: 4 4 3 
53 9 62 28 F: 3 6 
60 5 70 6 F: 5 
61 10 71 5 F: 6 4 
68 6 80 138 F: 6 
71 8 87 202 F: 5 3 
78 6 90 10 F: 4 1 1 
85 4 93 133 F: 4 
89 6 101 62 F: 3 3 
92 8 100 70 F: 8 
97 9 133 135 F: 9 
101 7 108 283 F: 3 2 2 
102 7 130 295 F: 7 
103 9 130 50 F: 4 1 4 
108 8 140 33 F: 6 2 
115 9 142 284 F: 9 
124 5 134 255 F: 2 1 2 
124 9 142 234 F: 4 5 
133 8 141 7 F: 6 2 
136 12 184 77 F: 12 
139 10 149 95 F: 10 
141 8 173 113 F: 3 5 
143 6 149 288 F: 6 
147 10 177 184 F: 6 4 
155 3 167 17 F: 3 
157 6 181 251 F: 4 1 1 
175 11 186 250 F: 5 4 2 
175 11 208 133 F: 11 
178 8 210 151 F: 6 2 
180 11 202 20 F: 7 4 
192 8 208 118 F: 3 3 2 
203 11 247 144 F: 6 5 
215 8 231 146 F: 2 4 2 
216 6 234 252 F: 6 
218 5 228 174 F: 5 
222 8 254 203 F: 3 4 1 
223 12 271 222 F: 7 5 
224 3 236 215 F: 3 
232 9 268 12 F: 6 3 
240 13 253 118 F: 13 
242 8 266 116 F: 3 1 4 
245 4 249 169 F: 4 
256 8 264 268 F: 3 5 
265 8 273 100 F: 8 
275 5 280 91 F: 5 
275 13 314 3 F: 13 
279 11 290 203 F: 7 4 
281 9 317 282 F: 3 3 3 
286 3 289 224 F: 3 
294 4 310 23 F: 3 1 
295 11 328 209 F: 6 5 
300 10 320 187 F: 10 
308 7 322 248 F: 6 1 
313 8 329 243 F: 8 
324 10 364 269 F: 5 2 3 
325 9 352 149 F: 2 3 4 
329 9 347 8 F: 4 5 
333 10 343 26 F: 5 2 3 
350 8 366 164 F: 8 
358 9 367 136 F: 9 
358 10 388 118 F: 4 3 3 
359 10 379 259 F: 4 3 3 
360 5 365 67 F: 5 
365 10 395 216 F: 4 2 4 
371 8 379 139 F: 5 1 2 
375 9 402 251 F: 5 3 1 
377 6 395 82 F: 4 2 
378 4 390 82 F: 3 1 
387 10 417 137 F: 5 3 2 
391 8 399 12 F: 2 3 3 
396 5 406 87 F: 5 
401 10 431 135 F: 4 2 4 
402 10 422 197 F: 7 3 
404 5 419 7 F: 4 1 
408 9 444 122 F: 4 1 4 
411 4 423 89 F: 2 2 
414 8 446 69 F: 8 
418 10 428 53 F: 6 4 
421 4 437 203 F: 4 
423 9 459 63 F: 3 6 
432 3 441 11 F: 3 
444 10 484 141 F: 5 3 2 
448 6 472 41 F: 3 1 2 
448 10 488 300 F: 5 2 3 
454 6 478 85 F: 2 3 1 
464 10 474 154 F: 10 
475 12 511 113 F: 7 5 
477 6 495 139 F: 6 
489 7 503 162 F: 3 4 
490 7 518 154 F: 2 5 
491 6 515 76 F: 6 
503 11 525 166 F: 5 6 
509 11 531 92 F: 4 4 3 
524 7 538 130 F: 7 
524 9 560 82 F: 4 3 2 
527 6 545 54 F: 6 
532 6 544 176 F: 2 1 3 
540 10 580 230 F: 3 4 3 
541 9 568 119 F: 5 3 1 
550 13 563 142 F: 5 4 4 
558 7 586 148 F: 7 
572 12 584 260 F: 12 
574 13 626 4 F: 13 
581 7 595 64 F: 3 4 
581 10 601 50 F: 5 5 
582 2 586 248 F: 2 
582 8 598 56 F: 7 1 
586 9 622 238 F: 9 
592 7 606 214 F: 3 3 1 
593 9 620 59 F: 9 
596 10 616 84 F: 5 3 2 
613 11 646 271 F: 5 3 3 
624 7 652 4 F: 3 1 3 
627 9 663 99 F: 4 2 3 
632 9 641 164 F: 5 4 
640 11 673 188 F: 5 3 3 
645 3 651 34 F: 2 1 
647 7 668 137 F: 2 5 
649 12 673 234 F: 12 
651 10 681 180 F: 10 
654 7 668 188 F: 4 2 1 
655 10 675 228 F: 6 4 
657 8 689 118 F: 5 1 2 
661 6 667 5 F: 6 
662 9 698 117 F: 5 1 3 
663 10 703 289 F: 4 6 
668 5 683 31 F: 2 2 1 
672 3 684 231 F: 3 
689 8 705 109 F: 8 
689 9 716 29 F: 5 4 
696 8 712 212 F: 4 4 
704 7 725 99 F: 7 
718 5 723 246 F: 2 3 
723 3 732 24 F: 3 
724 7 752 192 F: 2 1 4 
733 5 748 228 F: 5 
738 5 748 238 F: 3 1 1 
740 9 776 38 F: 5 1 3 
742 5 762 8 F: 2 2 1 
743 9 761 247 F: 5 4 
750 9 768 248 F: 5 4 
760 9 796 178 F: 9 
766 10 806 173 F: 5 5 
772 8 788 188 F: 2 6 
783 12 819 235 F: 5 4 3 
787 8 811 76 F: 6 2 
788 5 793 172 F: 2 2 1 
790 9 799 200 F: 5 4 
790 12 814 127 F: 12 
792 5 807 79 F: 4 1 
792 6 810 48 F: 2 2 2 
807 3 819 51 F: 2 1 
809 12 857 141 F: 12 
810 11 832 31 F: 4 4 3 
810 12 846 126 F: 5 3 4 
812 13 851 146 F: 13 
817 7 845 60 F: 2 2 3 
822 11 833 119 F: 6 5 
828 4 832 260 F: 4 
833 9 851 221 F: 2 3 4 
842 9 869 182 F: 5 3 1 
844 10 854 146 F: 6 4 
845 12 869 2 F: 5 4 3 
850 2 852 251 F: 2 
853 5 863 52 F: 3 1 1 
854 6 866 253 F: 6 
854 9 890 291 F: 7 2 
858 5 873 12 F: 2 3 
871 12 919 88 F: 4 4 4 
891 11 913 128 F: 4 4 3 
892 12 904 40 F: 12 
900 7 921 283 F: 2 5 
905 6 929 277 F: 2 3 1 
906 8 914 243 F: 5 1 2 
928 4 944 32 F: 3 1 
930 8 962 262 F: 3 2 3 
931 12 967 106 F: 12 
951 11 973 58 F: 7 4 
960 5 970 77 F: 2 3 
962 9 980 101 F: 6 3 
967 10 977 23 F: 2 4 4 
970 9 997 239 F: 6 3 
973 8 1005 112 F: 2 2 4 
979 7 1000 13 F: 2 3 2 
984 10 994 300 F: 4 3 3 
987 9 1005 9 F: 9 
987 11 1020 21 F: 5 3 3 
988 5 993 157 F: 2 3 
995 7 1016 157 F: 5 1 1 
998 7 1026 176 F: 2 5 
999 8 1023 228 F: 2 2 4 
1001 6 1019 172 F: 4 1 1 
1012 11 1056 194 F: 3 4 4 
1020 13 1033 113 F: 13 
1023 3 1026 92 F: 3 
1024 9 1060 37 F: 6 3 
1030 9 1039 202 F: 4 2 3 
1031 4 1043 143 F: 2 1 1 
1033 9 1051 145 F: 3 4 2 
1034 10 1074 42 F: 5 5 
1040 8 1072 287 F: 4 2 2 
1048 6 1060 40 F: 3 3 
1050 8 1074 1 F: 8 
1053 12 1089 83 F: 7 5 
1061 4 1073 118 F: 4 
1065 8 1089 60 F: 5 2 1 
1066 8 1082 182 F: 4 1 3 
1070 8 1094 39 F: 3 5 
1091 10 1101 8 F: 5 5 
1094 2 1102 193 F: 2 
1097 10 1137 16 F: 5 5 
1104 9 1140 45 F: 4 5 
1109 4 1125 221 F: 4 
1115 11 1137 150 F: 11 
1118 6 1142 104 F: 2 4 
1119 5 1139 246 F: 2 3 
1123 7 1130 177 F: 2 5 
1129 10 1149 199 F: 7 3 
1136 6 1148 77 F: 3 3 
1142 7 1170 109 F: 7 
1144 11 1155 235 F: 5 3 3 
1145 12 1169 179 F: 6 6 
1147 5 1157 236 F: 2 3 
1154 8 1186 278 F: 7 1 
1156 5 1161 109 F: 3 2 
1162 8 1170 114 F: 3 5 
1166 12 1178 239 F: 4 4 4 
1173 9 1191 91 F: 6 3 
1173 13 1212 112 F: 13 
1183 10 1203 284 F: 10 
1187 6 1199 288 F: 6 
1200 8 1232 72 F: 2 2 4 
1214 8 1222 194 F: 3 3 2 
1226 5 1231 201 F: 3 2 
1244 6 1250 166 F: 5 1 
1246 11 1268 112 F: 4 4 3 
1247 7 1254 2 F: 7 
1250 10 1280 245 F: 4 4 2 
1253 13 1305 26 F: 13 
1257 10 1267 74 F: 7 3 
1259 10 1289 147 F: 3 3 4 
1260 11 1271 249 F: 5 6 
1274 9 1301 208 F: 7 2 
1274 9 1310 42 F: 9 
1280 9 1307 153 F: 3 6 
1282 6 1300 62 F: 6 
1282 10 1322 68 F: 5 2 3 
1283 7 1311 5 F: 7 
1292 8 1300 241 F: 4 2 2 
1295 10 1335 221 F: 7 3 
1297 7 1325 29 F: 7 
1300 7 1328 7 F: 7 
1300 9 1336 269 F: 4 1 4 
1305 9 1332 44 F: 3 3 3 
1309 8 1325 125 F: 2 2 4 
1310 6 1322 266 F: 6 
1313 10 1353 79 F: 10 
1316 8 1324 229 F: 3 3 2 
1317 5 1332 278 F: 5 
1326 10 1366 48 F: 6 4 
1335 9 1353 5 F: 5 3 1 
1337 6 1349 230 F: 6 
1345 7 1373 257 F: 2 4 1 
1363 10 1403 157 F: 5 3 2 
1373 12 1421 130 F: 12 
1385 8 1401 125 F: 6 2 
1387 4 1403 23 F: 4 
1389 9 1407 59 F: 5 1 3 
1392 6 1398 89 F: 2 4 
1393 9 1429 212 F: 5 3 1 
1397 6 1421 182 F: 2 1 3 
1405 4 1417 156 F: 4 
1406 9 1442 165 F: 5 2 2 
1424 8 1440 109 F: 4 4 
1425 6 1443 10 F: 6 
1431 9 1467 231 F: 3 6 
1436 5 1456 90 F: 5 
1439 9 1475 245 F: 4 5 
1445 8 1453 243 F: 5 1 2 
1445 12 1469 191 F: 7 5 
1446 5 1466 104 F: 5 
1449 4 1465 239 F: 3 1 
1456 10 1496 274 F: 4 6 
1462 6 1480 260 F: 6 
1470 7 1491 66 F: 5 2 
1471 8 1487 208 F: 3 3 2 
1473 11 1506 54 F: 4 3 4 
1477 7 1491 130 F: 3 4 
1479 9 1488 231 F: 6 3 
1490 10 1530 246 F: 5 1 4 
1495 12 1531 43 F: 5 3 4 
D: 9 268 
D: 12 46 
D: 13 42 
D: 14 98 
D: 16 233 
D: 34 270 
D: 36 293 
D: 37 186 
D: 42 190 
D: 60 224 
D: 61 80 
D: 61 152 
D: 83 102 
D: 90 165 
D: 97 273 
D: 109 231 
D: 114 240 
D: 127 216 
D: 129 294 
D: 142 263 
D: 154 208 
D: 154 284 
D: 180 210 
D: 183 214 
D: 224 255 
D: 229 286 
D: 231 233 
D: 241 271 
D: 247 283 
D: 250 293 
