1 8 17 160 F: 7 1 
2 6 20 296 F: 3 1 2 
2 8 26 71 F: 8 
6 10 46 154 F: 6 4 
10 8 42 220 F: 3 3 2 
22 7 43 119 F: 7 
35 11 79 243 F: 11 
36 5 46 195 F: 5 
70 11 81 142 F: 3 4 4 
70 12 118 44 F: 5 4 3 
74 11 85 272 F: 5 6 
78 6 84 18 F: 4 1 1 
78 13 91 165 F: 13 
83 8 99 26 F: 7 1 
83 8 107 123 F: 3 5 
89 2 95 77 F: 2 
90 7 104 54 F: 7 
92 5 112 235 F: 5 
92 10 112 152 F: 4 2 4 
95 11 106 108 F: 4 3 4 
115 8 123 120 F: 6 2 
122 9 149 295 F: 4 5 
126 6 144 100 F: 6 
128 10 148 242 F: 4 4 2 
132 7 146 151 F: 2 4 1 
135 6 147 92 F: 3 2 1 
136 11 147 94 F: 3 4 4 
140 5 145 203 F: 3 1 1 
141 3 153 147 F: 3 
141 9 168 252 F: 4 5 
147 8 163 102 F: 7 1 
147 11 191 191 F: 7 4 
154 9 181 278 F: 5 1 3 
160 11 182 243 F: 11 
161 7 175 272 F: 4 1 2 
162 7 169 258 F: 7 
168 10 198 259 F: 4 3 3 
180 7 187 293 F: 7 
184 10 224 22 F: 3 4 3 
198 7 212 151 F: 7 
200 6 212 295 F: 3 3 
202 11 213 299 F: 3 4 4 
206 10 226 278 F: 5 5 
207 8 223 137 F: 7 1 
213 9 222 209 F: 4 3 2 
215 7 229 50 F: 2 5 
218 5 238 149 F: 3 1 1 
225 6 243 106 F: 6 
232 9 241 264 F: 6 3 
238 8 254 263 F: 3 4 1 
246 7 274 297 F: 7 
254 6 272 265 F: 6 
256 8 264 293 F: 2 3 3 
263 2 265 71 F: 2 
266 6 272 230 F: 6 
269 10 289 20 F: 3 4 3 
279 7 307 234 F: 4 1 2 
280 8 304 250 F: 3 2 3 
295 8 319 99 F: 8 
297 6 303 94 F: 4 2 
301 13 340 68 F: 13 
306 11 339 185 F: 11 
311 8 335 119 F: 5 3 
311 11 322 106 F: 11 
313 4 329 228 F: 2 2 
316 8 332 74 F: 7 1 
318 4 326 196 F: 4 
327 12 351 168 F: 12 
331 8 363 88 F: 3 5 
343 6 361 132 F: 3 2 1 
345 3 348 66 F: 2 1 
353 2 355 271 F: 2 
354 9 372 257 F: 3 6 
356 9 374 205 F: 4 5 
357 6 369 143 F: 4 2 
363 7 377 219 F: 2 3 2 
369 2 371 150 F: 2 
373 3 385 276 F: 3 
390 6 408 72 F: 2 4 
393 9 420 139 F: 4 3 2 
401 6 419 52 F: 3 2 1 
401 7 408 235 F: 2 5 
404 11 426 126 F: 11 
414 13 466 61 F: 7 6 
416 8 424 233 F: 7 1 
418 9 436 278 F: 2 4 3 
424 6 436 182 F: 5 1 
426 10 436 162 F: 4 2 4 
426 12 438 103 F: 12 
428 2 432 206 F: 2 
429 8 461 238 F: 8 
436 9 472 263 F: 3 2 4 
440 11 484 145 F: 4 4 3 
456 5 466 76 F: 5 
461 7 489 165 F: 7 
466 7 494 24 F: 7 
467 9 503 214 F: 9 
476 10 506 181 F: 3 3 4 
480 10 490 178 F: 5 5 
498 7 526 39 F: 6 1 
515 11 537 248 F: 4 4 3 
517 7 531 230 F: 5 2 
519 6 543 50 F: 2 2 2 
522 13 535 249 F: 13 
524 4 536 56 F: 2 1 1 
524 5 544 222 F: 5 
525 13 577 149 F: 13 
535 6 541 175 F: 2 4 
548 6 554 105 F: 6 
558 7 579 22 F: 5 1 1 
562 3 574 80 F: 3 
562 5 577 132 F: 5 
562 9 598 258 F: 4 2 3 
562 10 582 85 F: 4 6 
564 8 588 53 F: 8 
571 9 580 184 F: 4 5 
574 8 598 127 F: 2 6 
594 9 621 231 F: 7 2 
599 5 614 136 F: 5 
599 8 615 221 F: 3 5 
602 13 615 149 F: 13 
607 5 627 101 F: 2 1 2 
609 7 623 193 F: 6 1 
611 10 641 287 F: 10 
614 12 650 113 F: 12 
628 7 656 215 F: 4 3 
631 8 655 22 F: 4 4 
634 7 662 197 F: 6 1 
637 2 641 299 F: 2 
644 4 656 83 F: 2 2 
668 7 696 211 F: 7 
668 11 690 90 F: 5 6 
670 7 677 68 F: 5 2 
673 6 685 263 F: 2 1 3 
681 6 693 94 F: 2 4 
682 7 689 6 F: 6 1 
684 6 702 133 F: 6 
689 6 713 168 F: 5 1 
690 9 708 38 F: 5 2 2 
697 9 706 24 F: 4 4 1 
704 3 707 116 F: 2 1 
710 6 728 268 F: 5 1 
723 3 732 165 F: 3 
726 8 742 59 F: 2 3 3 
727 10 757 279 F: 5 1 4 
728 8 736 48 F: 2 4 2 
731 10 751 286 F: 7 3 
733 8 765 102 F: 4 4 
734 7 755 174 F: 3 4 
740 9 776 28 F: 4 5 
747 11 780 119 F: 6 5 
751 9 760 289 F: 9 
761 11 772 85 F: 5 4 2 
765 8 789 93 F: 8 
776 6 788 282 F: 2 3 1 
779 4 783 232 F: 2 2 
790 5 795 40 F: 5 
799 6 817 287 F: 5 1 
799 11 832 1 F: 5 6 
799 12 847 190 F: 12 
803 6 827 89 F: 3 3 
805 9 832 242 F: 3 4 2 
807 8 839 145 F: 7 1 
812 8 836 58 F: 8 
815 7 822 64 F: 4 1 2 
825 9 861 226 F: 4 5 
832 7 846 31 F: 5 2 
838 3 844 285 F: 2 1 
846 7 860 173 F: 6 1 
847 9 874 168 F: 5 1 3 
848 8 880 269 F: 5 2 1 
852 10 872 36 F: 5 1 4 
855 9 882 44 F: 3 6 
860 6 878 100 F: 5 1 
874 4 878 299 F: 4 
878 5 883 88 F: 2 2 1 
883 6 901 98 F: 3 3 
884 10 904 80 F: 10 
887 11 898 297 F: 5 3 3 
897 13 923 114 F: 5 4 4 
900 10 910 29 F: 5 1 4 
901 9 937 90 F: 9 
901 11 923 187 F: 4 4 3 
902 12 938 297 F: 6 6 
909 3 912 17 F: 3 
916 8 940 169 F: 5 3 
936 9 954 68 F: 9 
939 10 959 244 F: 5 5 
944 7 972 158 F: 5 2 
946 6 970 118 F: 3 3 
946 10 986 225 F: 3 4 3 
947 4 955 263 F: 4 
947 4 955 287 F: 4 
948 7 962 270 F: 4 1 2 
951 7 972 83 F: 2 2 3 
963 11 996 4 F: 5 4 2 
974 10 1014 251 F: 5 5 
978 10 1018 250 F: 5 3 2 
980 5 990 287 F: 5 
988 9 1015 145 F: 4 1 4 
1003 6 1009 266 F: 6 
1010 10 1020 58 F: 4 4 2 
1020 8 1028 172 F: 2 2 4 
1022 6 1034 105 F: 3 1 2 
1024 7 1052 206 F: 4 1 2 
1032 7 1053 104 F: 2 2 3 
1035 5 1040 78 F: 5 
1042 8 1050 160 F: 5 1 2 
1044 6 1062 63 F: 3 2 1 
1047 12 1095 99 F: 5 3 4 
1054 4 1070 23 F: 4 
1054 11 1065 40 F: 5 6 
1056 8 1064 66 F: 4 4 
1062 12 1074 219 F: 12 
1066 11 1077 9 F: 4 4 3 
1067 5 1072 87 F: 4 1 
1068 8 1092 255 F: 4 2 2 
1068 11 1101 87 F: 6 5 
1071 5 1081 18 F: 3 2 
1091 10 1121 53 F: 5 1 4 
1107 13 1146 238 F: 13 
1110 10 1130 165 F: 5 5 
1117 9 1144 36 F: 3 3 3 
1119 4 1135 200 F: 4 
1136 12 1148 16 F: 12 
1144 9 1162 22 F: 3 2 4 
1148 6 1154 150 F: 6 
1158 10 1168 275 F: 10 
1162 4 1170 143 F: 2 2 
1162 6 1168 272 F: 3 1 2 
1168 10 1188 22 F: 7 3 
1169 4 1185 19 F: 4 
1170 10 1180 164 F: 7 3 
1171 10 1181 95 F: 10 
1173 13 1225 132 F: 13 
1177 7 1191 285 F: 3 3 1 
1180 9 1198 54 F: 5 4 
1182 9 1218 188 F: 7 2 
1187 9 1205 162 F: 5 1 3 
1189 10 1199 261 F: 2 4 4 
1217 6 1229 212 F: 2 3 1 
1222 11 1233 298 F: 11 
1225 9 1234 264 F: 6 3 
1227 9 1263 130 F: 5 1 3 
1231 9 1240 295 F: 4 2 3 
1236 11 1280 35 F: 7 4 
1239 2 1245 14 F: 2 
1240 2 1246 117 F: 2 
1243 9 1252 226 F: 4 5 
1244 12 1268 278 F: 4 4 4 
1249 8 1257 87 F: 4 2 2 
1252 7 1266 119 F: 3 2 2 
1254 11 1265 182 F: 5 4 2 
1255 10 1265 38 F: 10 
1261 8 1285 163 F: 5 3 
1269 8 1293 142 F: 5 1 2 
1273 12 1321 230 F: 7 5 
1275 8 1307 64 F: 5 3 
1284 11 1295 213 F: 11 
1291 9 1318 40 F: 3 4 2 
1304 9 1322 19 F: 9 
1316 10 1326 144 F: 10 
1317 5 1327 95 F: 2 1 2 
1323 12 1347 255 F: 6 6 
1323 13 1336 45 F: 13 
1325 8 1357 46 F: 8 
1329 4 1333 125 F: 4 
1333 2 1339 61 F: 2 
1339 6 1351 132 F: 4 2 
1340 6 1352 173 F: 4 2 
1349 12 1361 166 F: 12 
1349 13 1375 269 F: 5 4 4 
1356 7 1377 100 F: 2 2 3 
1360 7 1388 263 F: 3 4 
1365 11 1376 22 F: 3 4 4 
1367 9 1376 154 F: 4 5 
1367 9 1403 169 F: 3 4 2 
1369 12 1405 61 F: 5 4 3 
1370 7 1398 97 F: 3 2 2 
1395 5 1400 112 F: 2 3 
1403 7 1417 34 F: 4 1 2 
1409 5 1429 294 F: 3 2 
1412 12 1436 198 F: 5 3 4 
1417 6 1441 229 F: 6 
1420 12 1468 279 F: 7 5 
1424 8 1440 277 F: 2 4 2 
1431 2 1439 252 F: 2 
1432 7 1446 59 F: 4 1 2 
1433 8 1465 50 F: 5 2 1 
1438 10 1448 200 F: 4 6 
1440 12 1488 237 F: 7 5 
1448 3 1460 206 F: 3 
1468 11 1479 192 F: 11 
1469 5 1479 97 F: 5 
1469 10 1479 100 F: 4 3 3 
1473 4 1485 231 F: 4 
1480 5 1490 117 F: 3 1 1 
1480 7 1487 185 F: 2 5 
1486 6 1510 115 F: 6 
1491 6 1515 180 F: 4 2 
D: 1 229 
D: 13 237 
D: 15 138 
D: 21 86 
D: 21 247 
D: 21 271 
D: 31 149 
D: 33 251 
D: 34 50 
D: 36 237 
D: 48 220 
D: 68 113 
D: 69 232 
D: 79 140 
D: 87 251 
D: 89 183 
D: 91 267 
D: 92 115 
D: 96 288 
D: 106 123 
D: 107 142 
D: 110 184 
D: 145 237 
D: 159 232 
D: 163 238 
D: 166 278 
D: 172 257 
D: 198 231 
D: 202 283 
D: 256 288 
