1 7 8 97 F: 3 2 2 
4 10 24 4 F: 5 3 2 
5 7 12 202 F: 3 4 
22 7 50 29 F: 4 1 2 
25 5 35 8 F: 5 
29 8 53 237 F: 3 5 
35 6 41 249 F: 4 2 
42 12 54 233 F: 12 
50 10 60 179 F: 10 
53 11 75 147 F: 5 6 
58 8 74 18 F: 5 3 
60 4 72 39 F: 4 
63 4 75 228 F: 4 
65 3 71 167 F: 3 
68 10 98 63 F: 10 
74 7 81 23 F: 2 3 2 
79 4 83 67 F: 2 1 1 
86 6 92 175 F: 5 1 
92 6 98 245 F: 6 
98 9 116 49 F: 3 6 
102 13 115 137 F: 13 
104 4 112 200 F: 2 1 1 
106 7 134 214 F: 2 2 3 
112 6 118 22 F: 6 
119 11 152 195 F: 11 
124 8 148 177 F: 8 
132 9 150 56 F: 6 3 
136 7 143 168 F: 5 2 
138 5 148 16 F: 3 2 
138 9 156 286 F: 2 3 4 
139 11 172 255 F: 5 6 
140 3 152 63 F: 3 
140 13 179 245 F: 13 
142 8 150 3 F: 6 2 
147 10 187 21 F: 4 3 3 
156 3 165 66 F: 3 
156 8 180 36 F: 2 2 4 
184 9 220 290 F: 9 
186 12 210 212 F: 5 4 3 
190 11 201 256 F: 6 5 
206 7 227 163 F: 5 2 
209 7 230 205 F: 7 
209 9 245 176 F: 9 
223 5 243 271 F: 2 2 1 
223 12 259 228 F: 12 
224 8 256 270 F: 3 5 
225 3 237 172 F: 3 
228 2 234 134 F: 2 
228 7 235 284 F: 2 5 
229 8 237 276 F: 8 
240 7 254 41 F: 6 1 
255 6 261 26 F: 6 
264 7 292 68 F: 3 2 2 
267 8 283 228 F: 7 1 
271 10 281 237 F: 10 
271 11 304 81 F: 11 
277 7 305 79 F: 7 
291 8 299 222 F: 5 3 
295 7 323 34 F: 3 2 2 
298 9 316 101 F: 3 6 
307 7 335 107 F: 4 3 
309 6 333 37 F: 2 2 2 
316 9 343 14 F: 4 2 3 
316 11 349 155 F: 5 2 4 
317 13 330 224 F: 13 
320 9 329 70 F: 3 6 
320 11 342 167 F: 5 4 2 
323 8 339 142 F: 8 
328 9 337 293 F: 3 6 
338 4 350 230 F: 4 
348 8 356 9 F: 3 1 4 
356 4 368 215 F: 4 
360 7 374 162 F: 2 2 3 
361 2 367 189 F: 2 
371 6 395 64 F: 3 3 
373 11 417 300 F: 11 
377 7 398 245 F: 4 3 
380 11 424 206 F: 7 4 
383 10 393 10 F: 4 2 4 
384 11 428 132 F: 4 3 4 
400 5 405 48 F: 5 
401 13 453 91 F: 7 6 
403 7 431 131 F: 4 1 2 
408 8 416 240 F: 3 5 
417 3 426 288 F: 3 
422 6 440 151 F: 5 1 
433 11 466 28 F: 5 6 
441 9 468 190 F: 5 1 3 
455 7 483 117 F: 7 
456 11 467 73 F: 3 4 4 
457 9 466 245 F: 4 1 4 
460 12 496 253 F: 12 
465 8 489 284 F: 2 3 3 
467 10 507 271 F: 4 2 4 
470 6 494 163 F: 6 
482 9 509 100 F: 5 4 
484 9 502 72 F: 4 4 1 
485 9 521 166 F: 5 3 1 
491 2 499 187 F: 2 
498 10 518 29 F: 5 1 4 
508 5 528 88 F: 5 
516 9 534 193 F: 6 3 
522 7 529 170 F: 5 1 1 
527 8 543 111 F: 2 6 
537 10 547 208 F: 2 4 4 
538 11 571 183 F: 5 6 
542 4 558 299 F: 2 1 1 
556 2 562 271 F: 2 
558 6 570 286 F: 6 
564 6 588 66 F: 3 3 
567 5 587 147 F: 3 2 
573 7 587 72 F: 5 2 
573 13 599 116 F: 13 
584 5 604 264 F: 5 
585 5 590 108 F: 2 1 2 
588 9 615 164 F: 5 4 
591 8 607 299 F: 8 
591 13 604 187 F: 7 6 
595 3 598 68 F: 3 
599 8 615 139 F: 8 
601 11 623 252 F: 5 4 2 
606 9 624 84 F: 3 2 4 
613 4 617 51 F: 2 2 
613 9 649 90 F: 5 4 
629 4 637 76 F: 4 
629 4 641 213 F: 4 
630 5 635 135 F: 2 2 1 
632 12 656 17 F: 6 6 
636 7 664 246 F: 7 
642 12 678 121 F: 12 
649 6 661 245 F: 3 3 
650 10 680 104 F: 2 4 4 
657 13 709 224 F: 13 
672 10 682 162 F: 3 3 4 
676 8 684 146 F: 2 6 
678 13 691 38 F: 13 
686 11 730 61 F: 7 4 
688 3 700 201 F: 3 
693 4 697 11 F: 2 2 
695 6 701 105 F: 2 4 
715 10 735 38 F: 5 2 3 
716 9 734 219 F: 6 3 
725 2 733 54 F: 2 
730 8 762 163 F: 3 5 
733 12 745 133 F: 12 
743 2 745 72 F: 2 
746 10 786 242 F: 5 1 4 
747 5 752 228 F: 4 1 
754 7 768 39 F: 7 
763 11 785 268 F: 11 
766 10 776 154 F: 10 
768 9 786 59 F: 5 4 
769 5 774 274 F: 5 
778 10 818 269 F: 5 1 4 
780 11 813 86 F: 11 
781 6 793 143 F: 2 4 
782 11 826 36 F: 11 
784 6 808 138 F: 6 
796 6 802 265 F: 6 
798 6 804 280 F: 3 2 1 
802 4 806 32 F: 3 1 
802 5 817 5 F: 5 
805 8 813 47 F: 2 6 
808 12 856 236 F: 12 
813 7 827 97 F: 3 2 2 
818 3 830 124 F: 3 
819 8 827 138 F: 5 3 
822 12 834 67 F: 12 
823 12 847 99 F: 7 5 
828 8 844 7 F: 3 1 4 
849 12 873 201 F: 12 
850 9 859 65 F: 5 2 2 
852 8 868 248 F: 8 
863 12 887 80 F: 12 
867 9 876 184 F: 5 4 
876 8 900 135 F: 4 2 2 
877 11 899 87 F: 11 
881 9 890 249 F: 5 3 1 
884 8 892 297 F: 7 1 
894 9 930 275 F: 7 2 
904 7 911 182 F: 7 
907 5 927 211 F: 5 
912 6 930 191 F: 6 
919 9 928 156 F: 2 3 4 
922 9 949 111 F: 9 
923 6 941 205 F: 2 2 2 
925 11 969 122 F: 7 4 
929 10 959 286 F: 10 
934 13 973 8 F: 7 6 
935 12 971 49 F: 12 
938 8 954 111 F: 8 
950 12 986 104 F: 12 
952 13 965 30 F: 13 
955 12 991 59 F: 12 
958 4 970 264 F: 3 1 
960 7 988 55 F: 7 
965 10 995 217 F: 7 3 
969 7 983 205 F: 3 2 2 
979 9 1006 292 F: 2 3 4 
982 8 1014 238 F: 3 1 4 
1002 7 1016 63 F: 3 1 3 
1003 7 1017 42 F: 4 3 
1005 6 1011 119 F: 2 3 1 
1006 8 1038 271 F: 4 4 
1015 8 1031 183 F: 7 1 
1019 5 1029 57 F: 5 
1035 7 1042 130 F: 3 2 2 
1045 6 1057 78 F: 3 2 1 
1045 8 1069 98 F: 3 5 
1057 6 1075 11 F: 3 3 
1059 13 1085 188 F: 13 
1062 7 1083 144 F: 2 5 
1064 8 1072 140 F: 6 2 
1065 12 1089 202 F: 12 
1070 9 1106 297 F: 9 
1075 10 1095 133 F: 10 
1078 8 1086 176 F: 8 
1078 10 1108 48 F: 5 5 
1098 7 1126 141 F: 5 2 
1098 10 1128 287 F: 5 4 1 
1110 7 1124 275 F: 2 3 2 
1114 5 1119 16 F: 2 1 2 
1115 8 1123 95 F: 6 2 
1118 9 1145 273 F: 6 3 
1123 8 1155 274 F: 3 4 1 
1125 6 1143 16 F: 6 
1127 4 1131 77 F: 4 
1128 7 1156 213 F: 4 2 1 
1128 11 1150 64 F: 5 6 
1133 7 1147 292 F: 3 4 
1137 4 1153 91 F: 2 2 
1138 7 1166 147 F: 7 
1140 8 1164 132 F: 3 3 2 
1144 5 1164 126 F: 2 3 
1151 11 1195 70 F: 11 
1170 8 1178 43 F: 3 3 2 
1175 4 1179 225 F: 3 1 
1177 4 1189 217 F: 3 1 
1187 9 1205 113 F: 3 3 3 
1191 8 1207 62 F: 8 
1201 10 1211 169 F: 6 4 
1204 4 1208 85 F: 3 1 
1204 11 1215 32 F: 11 
1205 10 1245 83 F: 6 4 
1209 4 1221 64 F: 3 1 
1210 12 1222 130 F: 12 
1226 9 1253 225 F: 9 
1226 12 1238 291 F: 7 5 
1231 2 1239 94 F: 2 
1236 9 1263 269 F: 5 3 1 
1238 7 1252 217 F: 7 
1239 7 1253 209 F: 4 1 2 
1248 8 1256 256 F: 2 3 3 
1253 9 1280 78 F: 4 2 3 
1267 4 1279 215 F: 2 1 1 
1267 9 1276 74 F: 9 
1279 10 1319 201 F: 5 1 4 
1281 8 1305 98 F: 3 3 2 
1283 6 1289 99 F: 3 1 2 
1298 9 1325 292 F: 3 3 3 
1301 9 1337 38 F: 3 6 
1308 13 1334 109 F: 7 6 
1316 4 1324 151 F: 2 1 1 
1316 7 1337 36 F: 3 4 
1319 9 1355 117 F: 3 2 4 
1330 6 1342 126 F: 2 1 3 
1331 4 1343 286 F: 3 1 
1337 5 1352 245 F: 4 1 
1340 8 1364 63 F: 4 3 1 
1344 5 1354 179 F: 2 1 2 
1356 10 1396 171 F: 5 5 
1359 8 1375 32 F: 5 3 
1362 8 1370 65 F: 5 1 2 
1366 7 1373 154 F: 2 4 1 
1366 9 1375 101 F: 2 4 3 
1371 6 1395 35 F: 5 1 
1377 10 1387 158 F: 10 
1381 9 1390 76 F: 9 
1381 9 1390 282 F: 3 6 
1394 8 1426 49 F: 8 
1400 5 1420 78 F: 5 
1402 12 1426 178 F: 6 6 
1411 12 1447 7 F: 5 4 3 
1414 10 1434 118 F: 10 
1419 9 1428 42 F: 5 2 2 
1433 8 1457 229 F: 2 2 4 
1438 5 1443 118 F: 3 2 
1438 8 1470 259 F: 8 
1442 9 1451 98 F: 4 5 
1444 9 1462 78 F: 5 4 
1449 12 1485 293 F: 12 
1451 10 1491 222 F: 10 
1456 8 1472 43 F: 4 2 2 
1461 6 1479 54 F: 2 2 2 
1466 10 1476 274 F: 5 5 
1467 8 1491 246 F: 3 2 3 
1471 3 1474 198 F: 3 
1473 5 1478 19 F: 5 
1474 13 1487 1 F: 7 6 
1475 6 1481 268 F: 5 1 
D: 4 23 
D: 14 279 
D: 18 235 
D: 29 171 
D: 48 236 
D: 58 289 
D: 64 249 
D: 69 291 
D: 80 230 
D: 86 287 
D: 92 143 
D: 98 140 
D: 124 214 
D: 131 247 
D: 141 201 
D: 150 165 
D: 164 240 
D: 167 185 
D: 174 181 
D: 182 250 
D: 189 279 
D: 190 202 
D: 200 290 
D: 215 236 
D: 222 224 
D: 225 294 
D: 227 247 
D: 230 275 
D: 242 245 
D: 280 285 
