1 9 10 58 F: 9 
7 11 40 197 F: 4 4 3 
13 3 25 194 F: 3 
30 11 52 270 F: 11 
31 9 40 166 F: 7 2 
38 12 86 42 F: 12 
39 8 47 158 F: 8 
42 10 72 22 F: 6 4 
48 8 56 58 F: 3 3 2 
50 6 74 339 F: 2 2 2 
62 13 101 231 F: 5 4 4 
70 9 106 76 F: 5 4 
75 7 103 316 F: 4 3 
75 11 97 303 F: 6 5 
80 5 85 122 F: 3 1 1 
88 9 97 302 F: 4 5 
89 10 119 148 F: 10 
94 7 115 5 F: 5 2 
96 2 102 37 F: 2 
99 3 105 185 F: 3 
103 3 115 99 F: 3 
106 10 126 320 F: 4 6 
110 3 119 272 F: 3 
110 10 150 177 F: 5 3 2 
113 5 128 135 F: 5 
115 8 131 152 F: 7 1 
119 11 163 257 F: 6 5 
120 12 144 79 F: 7 5 
129 9 138 307 F: 5 3 1 
131 6 149 49 F: 3 3 
137 9 155 221 F: 5 1 3 
144 7 172 296 F: 2 2 3 
144 12 168 50 F: 12 
151 11 173 190 F: 6 5 
156 12 192 106 F: 7 5 
170 13 222 30 F: 13 
171 12 207 4 F: 12 
175 5 180 54 F: 2 3 
186 8 218 244 F: 3 1 4 
198 9 225 345 F: 4 5 
204 7 225 23 F: 3 4 
204 13 230 290 F: 7 6 
205 9 223 281 F: 5 4 
210 2 212 302 F: 2 
210 5 225 93 F: 2 2 1 
214 2 216 108 F: 2 
219 5 229 194 F: 4 1 
222 6 234 123 F: 4 2 
225 8 257 145 F: 7 1 
228 8 236 191 F: 3 5 
236 4 252 153 F: 3 1 
244 7 251 280 F: 2 1 4 
248 7 276 136 F: 4 3 
249 10 259 58 F: 10 
264 9 291 57 F: 5 2 2 
268 6 292 228 F: 4 2 
269 5 284 60 F: 5 
283 10 293 142 F: 7 3 
284 6 308 115 F: 3 3 
289 4 305 347 F: 4 
313 5 318 213 F: 3 1 1 
316 8 324 336 F: 8 
325 9 352 142 F: 2 3 4 
336 8 360 281 F: 4 3 1 
338 5 348 100 F: 5 
338 8 346 104 F: 4 3 1 
339 12 375 329 F: 5 3 4 
347 10 377 71 F: 4 4 2 
349 8 365 236 F: 2 3 3 
350 11 394 11 F: 5 3 3 
352 12 376 204 F: 5 4 3 
355 8 363 72 F: 3 5 
362 5 377 80 F: 5 
362 8 394 103 F: 8 
368 12 416 218 F: 5 3 4 
376 10 396 316 F: 6 4 
380 11 413 104 F: 4 3 4 
387 8 395 164 F: 3 2 3 
391 5 411 321 F: 2 1 2 
397 5 417 189 F: 2 3 
405 6 417 154 F: 3 1 2 
405 9 423 217 F: 5 4 
414 9 441 218 F: 2 4 3 
415 5 435 220 F: 4 1 
419 11 452 164 F: 4 3 4 
428 7 449 223 F: 5 1 1 
432 9 441 42 F: 5 4 
438 12 474 288 F: 12 
445 10 475 167 F: 6 4 
454 10 484 154 F: 3 3 4 
458 7 472 230 F: 2 3 2 
458 9 467 212 F: 2 3 4 
462 10 472 283 F: 5 1 4 
463 6 475 299 F: 3 1 2 
468 2 474 321 F: 2 
471 6 477 190 F: 2 3 1 
478 9 487 211 F: 5 4 
480 6 498 146 F: 5 1 
483 8 499 225 F: 3 4 1 
495 6 501 107 F: 6 
502 6 514 81 F: 6 
502 11 535 82 F: 3 4 4 
514 6 532 311 F: 3 3 
514 7 535 167 F: 2 5 
527 10 557 192 F: 5 2 3 
532 7 553 259 F: 7 
532 9 541 250 F: 3 6 
535 12 559 122 F: 12 
538 8 562 311 F: 5 1 2 
539 8 555 303 F: 8 
548 12 596 245 F: 12 
549 10 589 101 F: 10 
556 10 596 39 F: 7 3 
569 4 573 247 F: 4 
577 3 586 142 F: 3 
578 9 605 169 F: 9 
578 11 622 325 F: 11 
580 8 588 37 F: 8 
581 7 609 261 F: 3 1 3 
599 11 643 193 F: 6 5 
606 7 613 13 F: 2 3 2 
607 5 622 314 F: 4 1 
609 10 629 228 F: 10 
617 13 630 4 F: 13 
619 2 621 224 F: 2 
620 3 623 114 F: 3 
629 6 653 21 F: 2 3 1 
650 12 686 266 F: 12 
651 9 678 137 F: 5 1 3 
651 13 690 25 F: 7 6 
654 10 684 123 F: 4 4 2 
664 12 676 92 F: 5 4 3 
666 5 671 265 F: 3 1 1 
671 8 679 252 F: 3 4 1 
672 9 699 289 F: 3 6 
673 6 697 85 F: 2 4 
675 6 693 24 F: 2 1 3 
688 5 693 274 F: 2 3 
689 8 697 237 F: 4 1 3 
694 10 714 210 F: 5 1 4 
716 5 721 254 F: 3 2 
729 8 737 246 F: 7 1 
734 7 762 184 F: 7 
740 9 749 176 F: 5 2 2 
740 9 776 4 F: 9 
744 4 752 111 F: 4 
744 11 788 321 F: 3 4 4 
746 7 774 149 F: 7 
749 7 770 32 F: 5 1 1 
749 13 801 310 F: 7 6 
764 9 773 179 F: 5 2 2 
766 6 790 315 F: 3 1 2 
771 10 791 110 F: 4 6 
773 9 782 152 F: 9 
776 13 815 257 F: 13 
788 9 806 300 F: 5 1 3 
789 6 801 146 F: 6 
789 8 805 155 F: 3 2 3 
793 5 803 182 F: 2 3 
797 4 801 40 F: 2 1 1 
805 7 819 230 F: 3 4 
805 11 827 127 F: 11 
807 9 816 292 F: 2 3 4 
820 9 829 265 F: 3 3 3 
823 8 855 258 F: 3 5 
823 11 834 233 F: 7 4 
826 10 846 102 F: 3 4 3 
827 12 863 189 F: 12 
833 12 845 327 F: 12 
839 9 857 315 F: 3 6 
839 9 875 129 F: 2 4 3 
840 10 850 156 F: 4 3 3 
845 10 885 268 F: 4 6 
848 7 855 306 F: 3 4 
867 2 869 120 F: 2 
867 9 885 100 F: 6 3 
875 10 915 285 F: 10 
876 10 916 177 F: 6 4 
876 11 920 241 F: 11 
895 8 919 326 F: 4 4 
916 11 960 32 F: 4 3 4 
918 5 923 156 F: 5 
939 8 947 198 F: 8 
944 11 966 38 F: 7 4 
948 13 987 98 F: 13 
953 4 961 171 F: 4 
954 8 978 47 F: 5 3 
956 6 962 195 F: 6 
958 9 994 108 F: 4 2 3 
959 6 971 249 F: 6 
968 7 975 51 F: 7 
969 9 1005 197 F: 4 4 1 
973 8 1005 277 F: 8 
975 8 983 115 F: 8 
977 6 989 340 F: 6 
981 6 1005 49 F: 4 2 
988 9 1015 244 F: 4 1 4 
992 4 1008 310 F: 4 
993 5 1003 267 F: 5 
999 5 1019 244 F: 5 
1002 8 1034 96 F: 4 3 1 
1005 5 1010 224 F: 5 
1011 9 1038 199 F: 3 4 2 
1012 7 1040 227 F: 7 
1019 8 1051 290 F: 4 2 2 
1037 3 1040 75 F: 3 
1037 11 1081 123 F: 11 
1045 10 1075 19 F: 10 
1046 9 1064 8 F: 6 3 
1055 9 1082 278 F: 4 4 1 
1063 8 1079 283 F: 7 1 
1064 7 1085 66 F: 2 5 
1064 11 1075 58 F: 7 4 
1069 8 1085 41 F: 6 2 
1072 10 1092 240 F: 10 
1073 8 1081 58 F: 3 5 
1084 2 1090 318 F: 2 
1086 9 1104 26 F: 3 2 4 
1092 11 1114 275 F: 11 
1099 9 1126 91 F: 9 
1100 5 1120 62 F: 2 3 
1108 9 1117 91 F: 9 
1110 7 1124 197 F: 3 3 1 
1114 4 1122 314 F: 4 
1122 9 1158 15 F: 5 1 3 
1124 10 1154 320 F: 5 1 4 
1126 9 1153 305 F: 4 4 1 
1127 8 1135 70 F: 4 2 2 
1134 4 1146 349 F: 4 
1145 9 1172 308 F: 5 1 3 
1146 12 1182 14 F: 12 
1150 7 1178 221 F: 2 1 4 
1158 2 1160 25 F: 2 
1162 10 1172 192 F: 5 4 1 
1168 10 1178 267 F: 5 5 
1184 7 1191 32 F: 2 5 
1187 3 1193 12 F: 3 
1188 2 1196 198 F: 2 
1189 11 1200 23 F: 3 4 4 
1197 7 1211 280 F: 2 4 1 
1212 5 1222 201 F: 2 3 
1224 8 1248 96 F: 4 3 1 
1237 4 1245 125 F: 3 1 
1238 10 1258 211 F: 10 
1241 4 1245 246 F: 4 
1241 6 1265 60 F: 2 1 3 
1243 8 1251 304 F: 3 1 4 
1247 7 1268 101 F: 3 3 1 
1251 12 1275 247 F: 12 
1254 5 1259 113 F: 3 2 
1255 6 1273 90 F: 5 1 
1260 4 1272 149 F: 2 2 
1260 8 1268 188 F: 8 
1270 8 1278 169 F: 3 1 4 
1275 5 1290 234 F: 5 
1277 9 1286 219 F: 2 4 3 
1282 11 1326 13 F: 11 
1287 8 1311 31 F: 8 
1290 7 1311 27 F: 7 
1296 4 1308 75 F: 3 1 
1303 9 1312 315 F: 4 5 
1304 4 1320 146 F: 2 2 
1304 13 1330 163 F: 13 
1309 10 1329 137 F: 10 
1310 7 1338 239 F: 7 
1314 10 1344 326 F: 6 4 
1318 10 1348 99 F: 7 3 
1325 8 1333 342 F: 3 5 
1331 3 1337 125 F: 3 
1336 7 1343 319 F: 2 3 2 
1353 10 1393 173 F: 5 3 2 
1360 3 1363 236 F: 2 1 
1361 4 1369 201 F: 2 2 
1362 13 1375 342 F: 7 6 
1370 10 1410 24 F: 10 
1370 13 1396 113 F: 13 
1373 11 1406 23 F: 5 2 4 
1378 9 1405 244 F: 2 4 3 
1387 6 1393 196 F: 3 2 1 
1389 10 1419 144 F: 2 4 4 
1410 8 1418 110 F: 2 6 
1410 9 1428 313 F: 4 3 2 
1411 6 1423 89 F: 4 1 1 
1412 10 1452 133 F: 6 4 
1414 8 1446 112 F: 4 3 1 
1420 8 1428 269 F: 2 2 4 
1427 2 1433 293 F: 2 
1434 7 1462 58 F: 7 
1437 9 1446 277 F: 3 2 4 
1445 3 1457 86 F: 3 
1454 3 1463 139 F: 3 
1459 6 1465 306 F: 4 1 1 
1461 8 1469 32 F: 7 1 
1465 8 1473 173 F: 5 1 2 
1469 6 1481 7 F: 5 1 
1479 6 1503 254 F: 6 
1482 9 1500 137 F: 6 3 
1483 7 1497 65 F: 2 3 2 
1489 4 1497 211 F: 3 1 
1499 9 1508 342 F: 3 4 2 
1507 3 1516 183 F: 3 
1508 6 1532 73 F: 3 2 1 
1508 9 1517 150 F: 7 2 
1515 8 1531 277 F: 7 1 
1519 6 1537 107 F: 2 3 1 
1524 5 1529 272 F: 4 1 
1536 12 1584 289 F: 6 6 
1540 6 1552 7 F: 6 
1541 2 1549 216 F: 2 
1544 12 1580 62 F: 6 6 
1549 11 1582 117 F: 5 6 
1552 8 1560 297 F: 4 1 3 
1557 2 1563 210 F: 2 
1558 10 1568 313 F: 5 5 
1563 10 1603 88 F: 5 4 1 
1569 8 1585 130 F: 8 
1573 9 1609 137 F: 5 4 
1580 10 1610 317 F: 5 5 
1588 8 1620 71 F: 5 3 
1596 3 1608 76 F: 2 1 
1610 10 1630 288 F: 4 3 3 
1620 10 1650 303 F: 5 3 2 
1621 4 1629 111 F: 4 
1631 7 1652 322 F: 3 4 
1634 3 1643 275 F: 3 
1636 9 1654 339 F: 3 4 2 
1637 10 1667 70 F: 10 
1646 10 1676 71 F: 6 4 
1657 4 1673 339 F: 4 
1660 3 1666 328 F: 3 
1664 10 1694 315 F: 10 
1665 9 1701 298 F: 4 5 
1666 7 1673 221 F: 3 2 2 
1672 2 1678 27 F: 2 
1680 6 1698 131 F: 3 1 2 
1683 13 1709 226 F: 13 
1684 9 1720 143 F: 7 2 
1692 6 1716 98 F: 2 2 2 
1696 13 1709 224 F: 13 
1697 6 1715 117 F: 6 
1701 5 1721 175 F: 2 1 2 
1719 3 1731 63 F: 3 
1722 7 1750 259 F: 7 
1727 11 1771 14 F: 11 
1731 11 1775 163 F: 11 
1733 6 1745 197 F: 2 3 1 
1753 8 1761 347 F: 7 1 
1785 10 1825 120 F: 3 3 4 
1787 7 1794 287 F: 4 3 
1791 8 1823 115 F: 5 1 2 
D: 0 205 
D: 0 268 
D: 9 52 
D: 10 168 
D: 10 188 
D: 18 157 
D: 23 40 
D: 29 240 
D: 33 39 
D: 33 117 
D: 37 62 
D: 45 138 
D: 46 287 
D: 59 67 
D: 60 305 
D: 73 143 
D: 75 122 
D: 84 99 
D: 85 271 
D: 87 168 
D: 108 221 
D: 109 180 
D: 117 200 
D: 121 126 
D: 124 282 
D: 126 193 
D: 131 242 
D: 160 273 
D: 162 282 
D: 162 322 
D: 182 268 
D: 232 251 
D: 246 349 
D: 251 297 
D: 273 288 
