7 7 28 10 F: 2 4 1 
8 7 36 68 F: 7 
14 8 46 264 F: 8 
18 7 25 177 F: 3 4 
30 7 58 56 F: 7 
32 13 45 220 F: 13 
38 10 58 144 F: 10 
50 9 77 269 F: 9 
52 5 57 144 F: 5 
52 11 63 178 F: 5 6 
53 5 68 106 F: 5 
57 8 89 77 F: 3 2 3 
60 7 81 284 F: 4 2 1 
64 13 116 166 F: 13 
72 8 80 108 F: 3 2 3 
81 5 101 93 F: 4 1 
81 9 90 288 F: 3 6 
82 8 90 97 F: 2 2 4 
97 8 129 168 F: 3 2 3 
99 10 109 92 F: 10 
102 13 141 24 F: 13 
103 4 115 37 F: 3 1 
124 9 142 61 F: 3 2 4 
134 12 182 42 F: 7 5 
138 6 162 108 F: 2 2 2 
143 3 146 153 F: 3 
163 12 199 48 F: 12 
166 11 199 278 F: 3 4 4 
167 8 183 264 F: 5 2 1 
169 8 193 40 F: 6 2 
172 5 182 146 F: 3 1 1 
177 7 184 175 F: 2 4 1 
178 10 198 72 F: 5 4 1 
183 9 210 199 F: 7 2 
183 10 223 88 F: 5 2 3 
184 12 196 238 F: 5 3 4 
186 13 238 293 F: 5 4 4 
198 6 216 20 F: 3 2 1 
198 8 206 188 F: 3 1 4 
199 5 214 83 F: 3 2 
203 8 235 298 F: 8 
205 12 241 235 F: 6 6 
215 9 242 100 F: 9 
217 12 241 140 F: 5 3 4 
226 4 242 5 F: 4 
239 10 249 259 F: 6 4 
243 7 257 147 F: 7 
247 9 265 164 F: 9 
254 10 274 157 F: 4 4 2 
271 8 303 62 F: 5 1 2 
276 10 296 253 F: 4 6 
277 7 305 224 F: 7 
282 10 312 220 F: 4 6 
283 6 295 3 F: 6 
285 3 297 89 F: 3 
286 9 322 89 F: 9 
288 5 293 252 F: 5 
294 3 300 90 F: 2 1 
295 6 307 61 F: 5 1 
295 9 304 51 F: 9 
311 9 329 69 F: 5 3 1 
312 9 321 88 F: 3 3 3 
313 9 322 178 F: 9 
322 8 338 140 F: 5 3 
322 8 346 78 F: 4 1 3 
322 10 332 238 F: 4 6 
333 9 342 198 F: 4 2 3 
334 11 356 288 F: 5 6 
335 5 350 202 F: 2 2 1 
337 6 361 119 F: 6 
358 8 390 112 F: 5 2 1 
363 8 395 173 F: 6 2 
366 9 384 185 F: 5 1 3 
370 5 380 280 F: 4 1 
371 8 379 224 F: 8 
383 8 407 111 F: 8 
385 11 396 263 F: 5 6 
388 2 396 16 F: 2 
388 7 409 286 F: 3 1 3 
392 9 401 144 F: 3 4 2 
409 13 448 230 F: 5 4 4 
410 8 442 185 F: 4 4 
411 8 427 235 F: 5 1 2 
424 11 446 240 F: 5 2 4 
426 5 431 244 F: 4 1 
427 12 439 166 F: 5 4 3 
428 8 460 236 F: 2 2 4 
431 13 470 105 F: 13 
438 3 450 217 F: 3 
439 6 463 62 F: 6 
441 11 474 153 F: 11 
449 4 457 284 F: 3 1 
455 9 473 107 F: 5 4 
458 9 467 180 F: 6 3 
466 8 482 192 F: 3 3 2 
484 3 496 248 F: 3 
490 7 504 250 F: 4 2 1 
496 7 510 162 F: 2 1 4 
497 6 515 100 F: 4 1 1 
499 9 508 164 F: 9 
501 5 516 149 F: 2 1 2 
501 7 515 246 F: 7 
512 8 528 134 F: 7 1 
520 12 556 213 F: 12 
528 12 552 123 F: 12 
530 7 551 131 F: 5 1 1 
531 8 539 185 F: 5 2 1 
534 10 544 240 F: 5 3 2 
539 6 563 101 F: 3 1 2 
540 11 551 261 F: 11 
541 11 563 109 F: 6 5 
544 8 568 262 F: 2 6 
562 7 569 72 F: 5 1 1 
564 6 570 209 F: 2 2 2 
568 9 577 130 F: 9 
580 8 596 168 F: 2 6 
581 8 597 258 F: 2 4 2 
585 11 607 119 F: 11 
592 8 624 284 F: 8 
597 5 607 285 F: 5 
600 9 627 89 F: 4 1 4 
608 4 624 107 F: 3 1 
609 8 617 107 F: 8 
614 9 632 264 F: 7 2 
617 6 641 233 F: 4 1 1 
625 6 631 288 F: 2 1 3 
630 7 644 208 F: 6 1 
631 9 667 193 F: 5 3 1 
638 7 645 159 F: 3 4 
639 5 649 272 F: 3 1 1 
644 11 677 150 F: 7 4 
645 11 678 32 F: 11 
651 8 659 300 F: 6 2 
657 10 667 21 F: 3 3 4 
661 11 683 233 F: 11 
667 6 679 292 F: 2 3 1 
669 7 683 229 F: 5 2 
676 7 690 101 F: 3 1 3 
679 7 693 120 F: 6 1 
690 12 714 126 F: 12 
704 8 736 295 F: 4 3 1 
712 12 760 149 F: 4 4 4 
714 5 724 148 F: 2 1 2 
715 10 755 247 F: 10 
716 13 768 248 F: 13 
724 7 738 246 F: 5 1 1 
725 3 728 111 F: 3 
727 5 732 169 F: 5 
727 12 775 228 F: 7 5 
746 8 778 204 F: 2 2 4 
755 7 762 141 F: 4 3 
755 10 785 287 F: 4 4 2 
760 3 769 254 F: 3 
760 12 784 230 F: 12 
763 12 811 295 F: 5 3 4 
768 6 780 4 F: 6 
773 7 780 177 F: 3 3 1 
776 6 788 237 F: 2 2 2 
776 13 828 265 F: 7 6 
794 9 812 299 F: 3 6 
803 7 824 184 F: 4 3 
804 3 807 82 F: 3 
805 3 814 163 F: 3 
809 5 819 109 F: 2 2 1 
812 9 830 283 F: 6 3 
815 9 851 240 F: 5 4 
819 12 843 21 F: 6 6 
820 5 830 282 F: 2 1 2 
820 6 844 268 F: 6 
821 9 857 117 F: 7 2 
823 8 855 4 F: 5 3 
830 10 870 269 F: 5 1 4 
835 8 843 1 F: 4 1 3 
841 11 874 267 F: 11 
851 8 875 169 F: 4 2 2 
861 10 871 190 F: 4 3 3 
877 12 901 165 F: 5 3 4 
879 2 885 252 F: 2 
879 10 889 8 F: 5 5 
888 5 903 182 F: 3 2 
912 8 928 164 F: 4 4 
917 5 927 84 F: 4 1 
919 3 931 166 F: 3 
922 7 950 199 F: 7 
938 6 950 175 F: 6 
944 13 996 199 F: 13 
946 7 953 166 F: 4 2 1 
946 8 954 59 F: 3 3 2 
953 9 962 94 F: 4 5 
955 3 961 91 F: 3 
960 6 972 46 F: 6 
963 5 983 143 F: 3 1 1 
965 6 989 284 F: 2 2 2 
972 13 1024 2 F: 13 
976 11 987 239 F: 5 2 4 
977 12 1013 201 F: 12 
984 5 999 265 F: 2 2 1 
985 8 1009 189 F: 3 5 
989 7 996 188 F: 5 2 
999 2 1001 51 F: 2 
1000 7 1007 148 F: 4 3 
1027 9 1036 118 F: 9 
1033 5 1043 289 F: 2 3 
1035 8 1051 293 F: 4 3 1 
1039 3 1045 130 F: 3 
1039 12 1063 7 F: 12 
1040 9 1058 122 F: 3 2 4 
1041 7 1069 198 F: 3 4 
1046 2 1050 254 F: 2 
1064 7 1092 224 F: 7 
1068 9 1086 240 F: 6 3 
1068 10 1088 151 F: 10 
1070 11 1114 150 F: 11 
1074 7 1102 265 F: 2 5 
1077 8 1101 11 F: 3 3 2 
1084 8 1108 80 F: 6 2 
1088 10 1098 65 F: 10 
1089 10 1099 135 F: 3 3 4 
1090 7 1097 255 F: 6 1 
1091 6 1109 255 F: 6 
1107 4 1119 225 F: 4 
1108 7 1115 19 F: 5 2 
1112 9 1148 97 F: 9 
1117 4 1129 178 F: 4 
1119 3 1125 164 F: 3 
1124 9 1142 44 F: 5 1 3 
1128 4 1140 135 F: 3 1 
1132 2 1136 172 F: 2 
1133 8 1165 184 F: 6 2 
1139 10 1179 181 F: 4 2 4 
1144 8 1160 6 F: 3 5 
1144 13 1196 109 F: 13 
1148 11 1181 147 F: 3 4 4 
1151 10 1181 191 F: 10 
1156 5 1166 263 F: 3 1 1 
1163 4 1171 160 F: 4 
1167 6 1173 228 F: 6 
1168 7 1196 160 F: 5 2 
1168 11 1201 113 F: 4 3 4 
1186 8 1194 90 F: 4 3 1 
1211 5 1216 12 F: 3 1 1 
1213 3 1216 264 F: 3 
1222 2 1224 98 F: 2 
1225 9 1261 216 F: 5 2 2 
1228 7 1249 83 F: 6 1 
1230 11 1263 213 F: 5 3 3 
1235 5 1245 122 F: 4 1 
1239 7 1267 249 F: 7 
1242 12 1266 170 F: 6 6 
1243 3 1249 216 F: 2 1 
1244 7 1258 173 F: 2 4 1 
1244 9 1262 217 F: 2 3 4 
1248 3 1260 24 F: 3 
1249 6 1255 37 F: 2 2 2 
1257 4 1265 101 F: 4 
1259 8 1267 210 F: 2 6 
1264 11 1286 199 F: 7 4 
1277 10 1317 158 F: 4 6 
1289 10 1299 51 F: 5 5 
1298 8 1306 257 F: 2 6 
1301 6 1307 32 F: 2 1 3 
1301 6 1319 222 F: 2 4 
1318 9 1345 49 F: 5 4 
1326 8 1342 116 F: 6 2 
1326 10 1356 124 F: 10 
1329 11 1362 242 F: 3 4 4 
1329 13 1381 163 F: 13 
1330 8 1338 98 F: 7 1 
1331 10 1361 201 F: 4 4 2 
1347 7 1368 136 F: 5 1 1 
1348 6 1366 168 F: 2 4 
1357 4 1361 56 F: 4 
1365 9 1383 19 F: 5 4 
1367 8 1399 169 F: 3 5 
1370 11 1381 121 F: 4 3 4 
1373 4 1377 131 F: 2 1 1 
1373 11 1384 164 F: 11 
1374 8 1406 102 F: 2 6 
1375 9 1411 55 F: 9 
1378 12 1426 248 F: 12 
1402 11 1413 202 F: 5 6 
1405 10 1425 247 F: 4 6 
1409 8 1425 215 F: 5 2 1 
1417 11 1428 214 F: 11 
1419 8 1443 171 F: 8 
1430 7 1437 15 F: 7 
1431 10 1441 201 F: 10 
1431 10 1451 89 F: 10 
1435 8 1459 45 F: 4 3 1 
1437 7 1458 294 F: 3 3 1 
1441 13 1454 281 F: 13 
1444 10 1464 212 F: 10 
1446 3 1452 26 F: 3 
1448 9 1484 113 F: 9 
1461 8 1469 85 F: 4 3 1 
1464 12 1512 25 F: 5 4 3 
1465 8 1489 127 F: 8 
1472 11 1483 74 F: 4 4 3 
1482 8 1490 275 F: 2 6 
1489 7 1496 267 F: 5 2 
D: 0 121 
D: 8 277 
D: 9 73 
D: 12 267 
D: 20 39 
D: 27 192 
D: 28 182 
D: 33 138 
D: 39 130 
D: 42 243 
D: 44 144 
D: 49 126 
D: 50 49 
D: 53 254 
D: 60 147 
D: 68 261 
D: 73 115 
D: 86 88 
D: 92 207 
D: 101 107 
D: 126 165 
D: 130 146 
D: 144 220 
D: 170 234 
D: 177 201 
D: 183 217 
D: 192 264 
D: 217 299 
D: 266 279 
D: 268 297 
