0 8 32 143 F: 4 4 
3 8 11 150 F: 4 4 
13 11 57 295 F: 4 4 3 
15 5 20 300 F: 2 3 
15 11 48 288 F: 6 5 
24 5 34 121 F: 2 1 2 
24 10 64 102 F: 5 1 4 
25 10 65 111 F: 5 5 
30 10 40 192 F: 4 2 4 
34 9 43 278 F: 4 4 1 
34 10 44 263 F: 10 
61 7 89 191 F: 5 1 1 
66 9 75 55 F: 5 1 3 
66 13 105 204 F: 13 
70 9 79 201 F: 7 2 
73 4 77 184 F: 2 1 1 
88 9 97 84 F: 4 5 
91 10 131 281 F: 4 6 
92 5 102 71 F: 4 1 
93 11 104 168 F: 11 
107 12 155 140 F: 5 4 3 
108 7 129 230 F: 5 2 
116 8 140 17 F: 8 
118 11 151 201 F: 4 4 3 
121 9 157 135 F: 9 
122 10 142 40 F: 10 
126 8 150 112 F: 8 
127 12 163 112 F: 5 3 4 
134 11 156 196 F: 11 
139 4 147 256 F: 4 
145 8 161 199 F: 2 6 
146 11 179 65 F: 7 4 
147 8 179 207 F: 8 
149 4 157 194 F: 2 1 1 
149 10 179 254 F: 5 3 2 
160 6 184 36 F: 2 1 3 
183 12 231 117 F: 5 4 3 
184 11 206 171 F: 5 3 3 
187 3 199 45 F: 3 
196 5 206 285 F: 4 1 
217 6 229 49 F: 5 1 
220 5 230 12 F: 5 
222 7 236 127 F: 2 1 4 
230 6 242 76 F: 2 1 3 
230 8 246 237 F: 7 1 
230 11 263 136 F: 6 5 
243 9 252 246 F: 5 3 1 
245 7 273 167 F: 3 3 1 
249 7 277 185 F: 7 
252 7 273 73 F: 7 
256 6 280 25 F: 2 4 
257 4 261 55 F: 2 2 
257 6 263 283 F: 6 
259 10 299 206 F: 3 4 3 
267 8 275 164 F: 5 2 1 
267 11 289 114 F: 5 4 2 
269 4 273 182 F: 4 
273 9 309 270 F: 4 1 4 
277 8 309 287 F: 8 
279 12 327 154 F: 12 
302 7 323 200 F: 2 1 4 
319 8 327 188 F: 6 2 
323 5 343 42 F: 2 1 2 
329 8 337 25 F: 2 6 
332 10 342 48 F: 3 3 4 
342 5 362 210 F: 2 3 
348 11 392 132 F: 11 
352 9 370 22 F: 4 5 
353 6 365 196 F: 6 
355 7 369 275 F: 7 
356 10 386 49 F: 3 4 3 
363 7 384 62 F: 3 3 1 
363 10 383 156 F: 4 3 3 
366 6 390 153 F: 5 1 
373 8 405 131 F: 4 3 1 
375 6 399 63 F: 2 3 1 
385 5 405 125 F: 5 
394 9 421 177 F: 9 
398 7 419 104 F: 3 2 2 
398 8 406 4 F: 4 2 2 
404 8 412 86 F: 5 3 
407 7 428 236 F: 7 
415 8 423 249 F: 2 2 4 
421 3 433 156 F: 3 
425 4 433 272 F: 3 1 
429 7 436 66 F: 7 
433 9 469 261 F: 6 3 
442 10 462 184 F: 10 
459 8 475 171 F: 5 3 
461 8 469 225 F: 2 6 
463 9 472 81 F: 4 1 4 
464 3 473 8 F: 3 
468 11 501 78 F: 5 2 4 
474 6 486 170 F: 4 1 1 
477 11 510 270 F: 11 
478 8 486 261 F: 3 2 3 
479 13 531 171 F: 5 4 4 
484 10 524 32 F: 10 
494 9 512 69 F: 3 3 3 
498 8 530 268 F: 8 
507 11 529 233 F: 5 6 
511 10 531 213 F: 7 3 
519 8 527 177 F: 3 1 4 
532 4 536 223 F: 3 1 
549 9 576 82 F: 2 3 4 
556 9 565 78 F: 4 5 
559 6 565 256 F: 3 2 1 
559 8 583 3 F: 7 1 
560 10 600 190 F: 5 3 2 
563 6 575 185 F: 2 3 1 
564 11 575 123 F: 6 5 
567 10 577 24 F: 3 3 4 
568 9 586 121 F: 9 
572 4 588 28 F: 4 
574 13 613 84 F: 13 
582 7 596 19 F: 7 
587 4 591 164 F: 3 1 
591 2 597 299 F: 2 
593 6 605 36 F: 3 3 
599 8 623 243 F: 4 2 2 
602 10 632 257 F: 6 4 
608 11 630 99 F: 6 5 
616 3 622 241 F: 3 
619 10 629 132 F: 5 1 4 
621 8 645 89 F: 8 
637 7 651 123 F: 7 
637 13 663 131 F: 13 
639 3 648 8 F: 3 
654 2 660 167 F: 2 
654 8 686 254 F: 5 3 
657 9 693 199 F: 9 
661 6 667 228 F: 6 
662 3 674 16 F: 3 
664 8 680 262 F: 8 
667 7 688 285 F: 4 2 1 
667 9 703 81 F: 2 4 3 
670 6 676 254 F: 4 2 
678 8 710 295 F: 3 5 
681 10 711 278 F: 10 
693 11 737 298 F: 5 3 3 
704 9 740 205 F: 6 3 
713 11 724 236 F: 11 
715 5 725 56 F: 2 1 2 
717 10 757 138 F: 5 1 4 
732 7 746 12 F: 3 2 2 
734 8 750 248 F: 2 3 3 
737 10 747 49 F: 7 3 
740 9 767 243 F: 3 4 2 
746 8 778 49 F: 2 4 2 
750 6 768 61 F: 3 1 2 
750 10 760 46 F: 5 3 2 
751 11 773 82 F: 11 
759 9 786 90 F: 7 2 
770 10 780 169 F: 10 
773 6 797 280 F: 5 1 
778 8 794 71 F: 3 5 
781 7 788 121 F: 3 3 1 
790 11 834 216 F: 3 4 4 
793 9 811 143 F: 4 1 4 
793 12 841 156 F: 12 
803 3 812 114 F: 2 1 
806 6 818 194 F: 3 3 
806 10 836 270 F: 10 
807 12 831 112 F: 12 
807 12 843 55 F: 7 5 
808 9 835 214 F: 9 
816 5 831 59 F: 3 2 
819 7 833 290 F: 3 2 2 
821 3 827 11 F: 3 
838 11 860 241 F: 4 3 4 
843 13 882 7 F: 13 
850 6 856 120 F: 6 
867 10 907 2 F: 10 
874 7 902 295 F: 2 5 
883 11 916 258 F: 4 3 4 
887 7 908 104 F: 4 2 1 
887 11 920 104 F: 5 2 4 
891 4 903 281 F: 2 2 
892 12 916 130 F: 4 4 4 
899 8 923 89 F: 3 4 1 
903 10 943 64 F: 4 2 4 
906 8 930 173 F: 3 2 3 
906 12 918 65 F: 12 
909 9 936 146 F: 3 4 2 
914 5 934 282 F: 4 1 
924 8 948 79 F: 5 3 
926 8 934 25 F: 4 4 
932 12 980 166 F: 6 6 
937 10 947 105 F: 4 2 4 
942 3 948 103 F: 3 
947 8 963 49 F: 8 
949 11 982 8 F: 11 
958 8 982 36 F: 2 6 
964 6 976 49 F: 2 4 
970 3 973 2 F: 3 
982 9 991 114 F: 4 5 
983 4 987 128 F: 3 1 
987 7 1008 54 F: 2 5 
991 12 1015 79 F: 12 
997 9 1015 170 F: 3 4 2 
1000 3 1006 238 F: 3 
1007 12 1043 290 F: 5 3 4 
1019 6 1043 94 F: 6 
1025 10 1055 150 F: 5 5 
1031 6 1043 179 F: 4 2 
1040 9 1058 297 F: 4 5 
1040 13 1092 16 F: 5 4 4 
1052 4 1060 186 F: 4 
1054 7 1082 198 F: 3 1 3 
1057 9 1084 123 F: 5 4 
1060 7 1081 120 F: 2 5 
1061 10 1091 22 F: 5 2 3 
1080 8 1096 30 F: 3 5 
1080 10 1090 252 F: 5 2 3 
1081 9 1117 46 F: 3 2 4 
1087 9 1114 247 F: 5 2 2 
1091 6 1103 235 F: 3 3 
1091 10 1121 158 F: 3 3 4 
1094 6 1100 249 F: 6 
1098 13 1111 204 F: 13 
1117 5 1132 109 F: 2 3 
1117 13 1169 58 F: 7 6 
1125 8 1133 54 F: 8 
1126 8 1134 210 F: 4 4 
1129 10 1159 169 F: 4 6 
1132 8 1164 245 F: 4 2 2 
1143 4 1159 289 F: 3 1 
1147 13 1160 107 F: 7 6 
1148 7 1169 163 F: 2 5 
1149 10 1159 286 F: 5 4 1 
1151 10 1191 251 F: 10 
1152 10 1172 137 F: 7 3 
1161 7 1189 179 F: 2 1 4 
1170 5 1175 222 F: 5 
1170 9 1197 180 F: 9 
1171 11 1182 174 F: 4 3 4 
1180 10 1210 224 F: 7 3 
1182 6 1188 142 F: 2 4 
1186 6 1204 40 F: 3 1 2 
1191 6 1197 112 F: 2 2 2 
1201 7 1222 115 F: 2 2 3 
1202 9 1229 1 F: 4 2 3 
1207 8 1223 6 F: 4 1 3 
1215 7 1229 100 F: 2 2 3 
1221 6 1245 240 F: 6 
1236 6 1260 170 F: 4 1 1 
1239 10 1259 65 F: 10 
1251 7 1265 270 F: 6 1 
1251 8 1275 53 F: 2 6 
1252 13 1278 128 F: 13 
1253 9 1289 72 F: 9 
1259 9 1295 145 F: 4 3 2 
1261 8 1285 260 F: 3 5 
1268 10 1298 155 F: 6 4 
1273 12 1297 184 F: 12 
1282 6 1294 128 F: 4 1 1 
1288 10 1328 218 F: 7 3 
1291 5 1296 181 F: 3 1 1 
1298 11 1331 25 F: 4 4 3 
1299 8 1307 247 F: 7 1 
1301 10 1311 174 F: 10 
1305 9 1332 261 F: 2 3 4 
1313 2 1319 35 F: 2 
1316 13 1368 169 F: 7 6 
1320 10 1330 29 F: 10 
1321 9 1348 204 F: 7 2 
1327 12 1351 2 F: 12 
1334 2 1342 45 F: 2 
1351 6 1357 238 F: 6 
1353 9 1380 185 F: 4 2 3 
1356 6 1368 29 F: 5 1 
1359 5 1364 99 F: 4 1 
1364 4 1380 92 F: 4 
1364 10 1374 242 F: 4 4 2 
1372 10 1412 180 F: 10 
1375 6 1387 277 F: 4 2 
1382 9 1400 205 F: 9 
1383 10 1403 11 F: 5 4 1 
1384 6 1402 16 F: 2 2 2 
1388 10 1428 123 F: 3 4 3 
1403 12 1439 117 F: 4 4 4 
1407 5 1412 125 F: 5 
1411 11 1444 82 F: 5 6 
1418 11 1429 75 F: 5 6 
1419 6 1431 53 F: 2 3 1 
1421 3 1424 82 F: 2 1 
1426 4 1438 258 F: 4 
1428 10 1468 269 F: 5 2 3 
1430 9 1457 74 F: 3 3 3 
1431 5 1451 70 F: 5 
1432 12 1444 23 F: 5 4 3 
1441 13 1454 76 F: 13 
1447 11 1480 251 F: 4 3 4 
1457 11 1501 57 F: 4 4 3 
1469 6 1475 75 F: 5 1 
1470 10 1480 267 F: 2 4 4 
1485 4 1501 2 F: 2 1 1 
1490 6 1496 290 F: 4 2 
1491 9 1500 165 F: 3 2 4 
1499 9 1535 194 F: 9 
D: 8 117 
D: 11 179 
D: 14 70 
D: 15 238 
D: 57 129 
D: 57 209 
D: 61 208 
D: 62 210 
D: 66 192 
D: 73 77 
D: 73 254 
D: 76 202 
D: 83 171 
D: 93 245 
D: 94 124 
D: 99 222 
D: 113 153 
D: 121 244 
D: 133 226 
D: 142 211 
D: 143 165 
D: 160 296 
D: 167 172 
D: 168 246 
D: 176 205 
D: 187 224 
D: 218 243 
D: 252 276 
D: 253 254 
D: 265 271 
