23 11 34 147 F: 5 3 3 
27 12 51 243 F: 12 
31 6 49 72 F: 6 
42 2 48 111 F: 2 
46 4 50 107 F: 4 
53 11 75 129 F: 11 
63 12 87 36 F: 12 
66 2 70 290 F: 2 
69 6 75 9 F: 3 3 
69 10 109 259 F: 10 
73 9 82 152 F: 5 2 2 
81 11 114 45 F: 5 4 2 
85 6 103 233 F: 3 1 2 
90 7 104 70 F: 2 1 4 
91 8 115 259 F: 5 2 1 
92 9 128 297 F: 3 4 2 
93 9 111 93 F: 6 3 
94 8 118 165 F: 8 
94 11 127 285 F: 11 
99 8 123 251 F: 7 1 
115 12 127 306 F: 6 6 
118 10 128 25 F: 5 2 3 
120 5 135 191 F: 4 1 
121 7 135 229 F: 2 5 
123 12 159 322 F: 6 6 
129 5 134 81 F: 4 1 
134 4 150 259 F: 4 
138 8 162 149 F: 7 1 
146 2 150 50 F: 2 
147 11 180 47 F: 4 4 3 
148 8 164 146 F: 3 5 
152 2 154 142 F: 2 
155 8 179 296 F: 3 5 
169 2 177 45 F: 2 
179 6 203 52 F: 6 
186 10 196 208 F: 7 3 
186 12 222 130 F: 7 5 
187 5 207 296 F: 5 
195 12 243 215 F: 6 6 
198 10 238 289 F: 10 
200 4 212 201 F: 4 
203 11 236 3 F: 3 4 4 
207 6 219 278 F: 2 4 
216 4 228 262 F: 2 2 
217 9 235 222 F: 5 4 
221 10 241 79 F: 2 4 4 
227 6 245 300 F: 4 1 1 
236 5 256 336 F: 2 2 1 
244 12 268 197 F: 7 5 
250 6 268 159 F: 2 2 2 
259 9 295 102 F: 7 2 
260 6 284 60 F: 3 1 2 
263 10 283 206 F: 5 5 
275 3 278 255 F: 2 1 
275 9 311 298 F: 5 4 
278 8 286 300 F: 5 3 
283 5 298 59 F: 2 1 2 
283 8 315 48 F: 3 4 1 
284 12 332 60 F: 4 4 4 
292 13 331 277 F: 5 4 4 
300 9 336 203 F: 3 3 3 
307 6 319 269 F: 2 3 1 
308 7 322 169 F: 3 4 
317 6 341 221 F: 5 1 
322 5 327 26 F: 2 3 
331 6 355 102 F: 6 
336 4 348 63 F: 4 
353 8 361 94 F: 2 6 
364 7 385 86 F: 7 
364 13 416 204 F: 5 4 4 
366 11 399 184 F: 5 6 
372 9 399 154 F: 3 6 
374 7 388 251 F: 2 1 4 
381 11 425 23 F: 7 4 
384 7 391 132 F: 2 1 4 
384 7 412 213 F: 2 5 
391 5 406 286 F: 2 3 
392 10 422 258 F: 3 3 4 
396 10 406 4 F: 4 2 4 
397 6 409 295 F: 6 
406 10 426 63 F: 5 5 
421 4 433 215 F: 4 
423 10 463 19 F: 10 
429 7 436 6 F: 5 1 1 
433 12 469 305 F: 12 
440 6 458 339 F: 3 3 
441 4 457 262 F: 4 
443 6 467 181 F: 2 2 2 
443 9 452 289 F: 7 2 
446 8 470 98 F: 6 2 
449 13 488 332 F: 13 
452 8 468 347 F: 4 4 
453 10 493 46 F: 4 6 
460 7 488 8 F: 2 3 2 
472 6 496 292 F: 5 1 
473 9 491 290 F: 9 
474 9 492 110 F: 4 2 3 
488 7 502 6 F: 7 
489 11 500 145 F: 5 4 2 
499 8 515 75 F: 4 3 1 
501 7 508 240 F: 2 1 4 
501 7 529 173 F: 2 5 
524 7 538 165 F: 4 2 1 
526 12 562 178 F: 7 5 
528 8 544 24 F: 3 3 2 
542 3 548 24 F: 3 
544 10 554 234 F: 4 3 3 
544 12 580 22 F: 12 
545 2 549 228 F: 2 
545 9 572 196 F: 2 4 3 
552 8 568 76 F: 2 6 
558 6 582 118 F: 6 
559 9 586 63 F: 7 2 
560 8 592 323 F: 4 4 
561 11 583 290 F: 11 
563 8 571 191 F: 3 2 3 
564 6 570 321 F: 2 4 
572 10 602 216 F: 10 
575 6 587 41 F: 5 1 
589 10 609 265 F: 7 3 
614 5 624 326 F: 5 
616 13 629 126 F: 7 6 
617 2 623 56 F: 2 
618 12 666 63 F: 12 
619 13 632 194 F: 13 
620 12 668 307 F: 12 
622 10 632 260 F: 4 3 3 
627 3 636 23 F: 3 
633 12 645 314 F: 12 
636 4 640 282 F: 4 
648 10 658 8 F: 4 3 3 
649 11 671 212 F: 5 3 3 
651 8 683 214 F: 6 2 
657 13 709 64 F: 13 
661 12 685 223 F: 4 4 4 
679 8 703 304 F: 3 5 
680 4 688 159 F: 3 1 
686 3 689 94 F: 3 
689 12 713 167 F: 12 
694 9 730 22 F: 2 4 3 
702 3 711 24 F: 3 
706 9 715 136 F: 3 3 3 
719 13 745 198 F: 13 
723 12 735 126 F: 12 
724 9 742 304 F: 9 
731 10 751 346 F: 5 2 3 
736 6 754 55 F: 5 1 
738 10 768 160 F: 4 4 2 
740 7 747 124 F: 5 2 
740 10 770 311 F: 4 2 4 
745 10 775 228 F: 5 5 
748 6 772 266 F: 4 1 1 
761 10 771 233 F: 10 
765 7 779 303 F: 5 2 
768 3 771 234 F: 2 1 
782 10 812 332 F: 10 
785 7 792 332 F: 5 1 1 
787 8 803 271 F: 3 3 2 
789 10 829 308 F: 10 
794 8 818 55 F: 4 3 1 
809 12 833 162 F: 4 4 4 
811 9 838 249 F: 6 3 
821 9 839 225 F: 3 6 
823 5 838 6 F: 2 3 
826 4 834 165 F: 3 1 
829 10 859 39 F: 10 
836 3 848 105 F: 2 1 
842 8 850 68 F: 4 2 2 
845 10 885 57 F: 4 2 4 
848 7 855 60 F: 3 1 3 
848 9 884 276 F: 3 6 
862 10 882 156 F: 10 
871 10 891 218 F: 7 3 
882 11 915 170 F: 5 2 4 
885 6 903 215 F: 3 3 
886 2 892 219 F: 2 
886 6 892 321 F: 6 
893 6 899 317 F: 2 1 3 
897 5 912 290 F: 5 
898 8 906 224 F: 7 1 
908 8 924 27 F: 2 4 2 
908 9 935 350 F: 6 3 
909 6 927 274 F: 5 1 
921 5 936 122 F: 5 
926 8 942 68 F: 2 4 2 
933 2 935 310 F: 2 
939 12 951 156 F: 5 4 3 
943 9 961 101 F: 4 4 1 
947 5 967 71 F: 5 
948 8 972 88 F: 4 1 3 
952 3 964 93 F: 3 
952 7 973 177 F: 7 
958 8 982 41 F: 8 
960 7 988 211 F: 2 5 
966 8 990 145 F: 2 4 2 
967 4 971 108 F: 4 
973 7 980 225 F: 3 2 2 
978 12 1014 43 F: 5 3 4 
983 2 987 77 F: 2 
997 8 1013 68 F: 3 4 1 
1008 11 1052 100 F: 5 6 
1010 9 1028 10 F: 4 1 4 
1011 4 1023 331 F: 4 
1018 7 1025 44 F: 6 1 
1023 8 1055 60 F: 3 2 3 
1024 8 1056 245 F: 8 
1031 6 1043 114 F: 6 
1035 10 1065 67 F: 6 4 
1039 11 1061 145 F: 5 3 3 
1040 7 1061 146 F: 7 
1049 9 1067 263 F: 7 2 
1055 8 1087 186 F: 5 2 1 
1064 6 1076 74 F: 3 2 1 
1067 10 1087 221 F: 5 5 
1081 9 1117 202 F: 4 4 1 
1082 12 1130 250 F: 7 5 
1084 11 1117 62 F: 11 
1096 5 1101 302 F: 2 2 1 
1097 4 1105 143 F: 2 2 
1099 8 1115 128 F: 8 
1101 8 1125 87 F: 8 
1104 7 1111 54 F: 2 5 
1108 7 1122 77 F: 7 
1112 11 1123 118 F: 3 4 4 
1115 6 1121 30 F: 3 1 2 
1115 11 1148 252 F: 5 6 
1124 5 1129 119 F: 3 2 
1129 12 1165 23 F: 12 
1131 11 1142 238 F: 5 2 4 
1132 7 1160 71 F: 4 3 
1133 6 1139 113 F: 3 2 1 
1137 8 1169 137 F: 5 1 2 
1138 9 1174 144 F: 4 3 2 
1144 13 1170 21 F: 7 6 
1178 7 1185 267 F: 4 2 1 
1186 9 1213 216 F: 3 4 2 
1191 8 1215 83 F: 5 1 2 
1192 4 1208 69 F: 4 
1193 13 1245 317 F: 13 
1194 8 1218 335 F: 5 3 
1206 10 1216 288 F: 10 
1213 10 1223 110 F: 7 3 
1214 6 1226 22 F: 6 
1215 8 1223 270 F: 4 1 3 
1218 11 1262 315 F: 5 4 2 
1222 3 1234 202 F: 3 
1230 11 1263 252 F: 7 4 
1232 6 1238 337 F: 2 1 3 
1233 12 1281 329 F: 5 3 4 
1238 12 1250 14 F: 12 
1248 13 1274 236 F: 13 
1251 8 1283 92 F: 8 
1254 5 1259 324 F: 3 2 
1258 6 1264 227 F: 3 2 1 
1259 9 1295 319 F: 3 6 
1261 8 1269 119 F: 2 4 2 
1265 3 1274 268 F: 3 
1269 8 1301 115 F: 8 
1279 2 1283 28 F: 2 
1291 8 1315 116 F: 3 3 2 
1305 7 1312 193 F: 7 
1305 9 1332 132 F: 3 6 
1317 8 1349 333 F: 4 4 
1329 9 1347 159 F: 4 2 3 
1332 5 1337 48 F: 3 1 1 
1338 5 1348 206 F: 2 1 2 
1338 8 1362 205 F: 2 2 4 
1359 11 1403 254 F: 4 3 4 
1364 9 1382 47 F: 4 5 
1367 5 1382 198 F: 2 2 1 
1370 6 1382 320 F: 6 
1372 11 1416 329 F: 5 2 4 
1374 11 1418 105 F: 5 6 
1374 13 1426 41 F: 13 
1377 6 1383 173 F: 3 2 1 
1377 6 1401 191 F: 2 4 
1379 11 1423 271 F: 6 5 
1385 6 1403 310 F: 2 1 3 
1389 7 1396 181 F: 5 1 1 
1392 7 1399 122 F: 7 
1406 13 1432 335 F: 13 
1411 12 1459 49 F: 12 
1421 4 1437 348 F: 4 
1424 10 1464 231 F: 7 3 
1427 8 1451 3 F: 3 3 2 
1430 8 1454 239 F: 2 6 
1431 4 1435 102 F: 3 1 
1440 11 1473 187 F: 5 2 4 
1448 11 1459 25 F: 4 3 4 
1448 13 1487 176 F: 13 
1453 10 1473 8 F: 3 4 3 
1454 8 1478 129 F: 4 4 
1455 11 1477 309 F: 7 4 
1456 12 1480 259 F: 12 
1458 9 1485 65 F: 6 3 
1463 13 1489 60 F: 13 
1468 2 1476 287 F: 2 
1474 9 1510 313 F: 5 1 3 
1478 8 1486 218 F: 6 2 
1499 6 1523 301 F: 5 1 
1508 10 1518 249 F: 4 2 4 
1509 10 1529 317 F: 7 3 
1522 6 1540 108 F: 4 1 1 
1525 9 1543 175 F: 9 
1525 9 1552 141 F: 4 5 
1525 11 1536 53 F: 11 
1539 9 1566 313 F: 7 2 
1540 11 1584 75 F: 5 6 
1547 8 1571 82 F: 4 1 3 
1556 6 1574 285 F: 3 3 
1557 5 1562 115 F: 2 3 
1558 6 1564 240 F: 3 2 1 
1559 11 1603 34 F: 7 4 
1571 6 1583 316 F: 4 2 
1574 12 1622 141 F: 12 
1576 7 1604 142 F: 2 5 
1580 8 1604 65 F: 4 2 2 
1585 8 1601 155 F: 2 2 4 
1592 11 1625 105 F: 5 2 4 
1595 7 1609 19 F: 2 4 1 
1602 9 1620 342 F: 4 5 
1606 6 1624 290 F: 4 2 
1606 10 1616 133 F: 10 
1613 12 1637 99 F: 6 6 
1614 10 1634 233 F: 5 5 
1615 2 1621 195 F: 2 
1620 6 1638 134 F: 2 1 3 
1632 7 1639 184 F: 2 5 
1634 3 1640 326 F: 3 
1636 9 1645 143 F: 5 3 1 
1639 4 1643 140 F: 4 
1639 11 1650 197 F: 5 6 
1644 5 1664 47 F: 5 
1646 7 1653 315 F: 3 1 3 
1660 11 1693 219 F: 5 3 3 
1671 8 1679 290 F: 8 
1672 5 1687 170 F: 5 
1680 3 1683 82 F: 3 
1690 10 1710 342 F: 5 1 4 
1699 12 1723 122 F: 4 4 4 
1701 5 1721 197 F: 2 1 2 
1703 9 1730 110 F: 3 6 
1737 10 1747 218 F: 4 3 3 
1741 8 1765 41 F: 3 3 2 
1749 12 1797 1 F: 12 
1782 11 1815 243 F: 3 4 4 
1789 2 1795 187 F: 2 
1792 13 1805 266 F: 5 4 4 
1795 9 1813 288 F: 6 3 
1795 11 1817 282 F: 5 6 
D: 1 71 
D: 10 337 
D: 19 178 
D: 23 128 
D: 33 269 
D: 36 205 
D: 44 55 
D: 57 287 
D: 57 335 
D: 64 59 
D: 65 332 
D: 68 244 
D: 75 80 
D: 78 266 
D: 105 333 
D: 112 339 
D: 116 182 
D: 116 270 
D: 121 348 
D: 128 181 
D: 128 309 
D: 134 250 
D: 136 266 
D: 142 225 
D: 157 263 
D: 159 166 
D: 162 230 
D: 173 236 
D: 213 327 
D: 236 341 
D: 251 292 
D: 255 323 
D: 256 315 
D: 259 323 
D: 264 312 
