0 9 36 254 F: 2 4 3 
2 11 46 206 F: 11 
5 8 21 79 F: 6 2 
16 5 26 44 F: 3 2 
19 6 31 230 F: 4 2 
33 12 57 275 F: 5 3 4 
41 4 57 214 F: 4 
42 7 56 201 F: 5 2 
51 9 69 50 F: 5 4 
52 2 60 53 F: 2 
53 10 93 70 F: 3 4 3 
56 9 83 107 F: 5 4 
82 8 114 234 F: 7 1 
85 7 99 99 F: 4 1 2 
86 5 106 133 F: 5 
86 7 114 83 F: 3 1 3 
87 10 107 35 F: 4 4 2 
92 8 116 172 F: 4 1 3 
93 2 95 280 F: 2 
97 10 117 277 F: 10 
110 11 143 229 F: 3 4 4 
123 2 131 280 F: 2 
131 10 151 110 F: 10 
137 7 165 149 F: 5 2 
137 10 167 4 F: 10 
144 4 152 8 F: 2 2 
147 4 151 152 F: 2 2 
147 7 161 126 F: 7 
147 9 174 284 F: 6 3 
152 8 160 164 F: 6 2 
159 10 179 101 F: 7 3 
160 10 170 28 F: 5 1 4 
165 8 181 269 F: 5 3 
188 8 204 267 F: 8 
190 10 230 296 F: 2 4 4 
192 6 204 150 F: 2 1 3 
195 8 219 221 F: 8 
195 9 222 76 F: 9 
195 11 239 70 F: 11 
198 9 225 295 F: 6 3 
202 12 250 26 F: 12 
208 7 215 142 F: 3 2 2 
211 9 220 42 F: 6 3 
211 11 255 227 F: 5 2 4 
215 7 236 25 F: 2 4 1 
220 8 244 132 F: 8 
224 9 242 59 F: 4 3 2 
234 5 249 276 F: 4 1 
237 11 281 211 F: 5 3 3 
238 7 245 199 F: 5 2 
252 8 260 60 F: 5 1 2 
253 12 289 67 F: 12 
268 9 304 14 F: 3 3 3 
270 8 286 165 F: 5 1 2 
271 10 281 61 F: 5 2 3 
282 9 291 92 F: 4 1 4 
290 2 298 75 F: 2 
290 5 310 266 F: 4 1 
295 8 327 187 F: 4 4 
295 11 317 295 F: 7 4 
305 9 341 235 F: 9 
315 10 355 119 F: 7 3 
319 9 346 6 F: 3 6 
320 11 331 205 F: 11 
321 6 345 296 F: 6 
331 5 341 219 F: 5 
337 7 358 140 F: 2 2 3 
346 11 390 144 F: 11 
357 7 385 46 F: 5 2 
363 2 371 200 F: 2 
364 7 385 172 F: 4 3 
365 9 374 92 F: 3 3 3 
373 7 394 249 F: 2 3 2 
378 9 387 108 F: 4 2 3 
383 8 415 243 F: 7 1 
393 11 415 157 F: 7 4 
393 12 417 77 F: 5 3 4 
394 3 403 263 F: 3 
395 9 404 252 F: 9 
395 13 421 15 F: 13 
404 5 419 96 F: 5 
412 9 439 269 F: 2 4 3 
413 8 421 140 F: 2 4 2 
413 12 449 207 F: 12 
424 9 433 287 F: 5 3 1 
430 9 448 157 F: 6 3 
439 9 457 169 F: 4 2 3 
448 3 460 187 F: 3 
448 10 478 190 F: 4 2 4 
450 13 463 244 F: 13 
454 11 465 77 F: 5 6 
456 11 467 162 F: 11 
471 8 495 267 F: 2 4 2 
486 8 510 49 F: 2 2 4 
488 7 502 131 F: 4 2 1 
490 10 510 31 F: 6 4 
490 12 526 66 F: 6 6 
491 8 499 284 F: 4 4 
496 9 523 7 F: 4 3 2 
496 10 536 132 F: 4 3 3 
500 8 508 83 F: 8 
508 11 552 78 F: 5 2 4 
508 12 556 50 F: 12 
510 8 534 67 F: 8 
513 3 519 74 F: 2 1 
523 9 532 190 F: 3 6 
540 6 552 143 F: 2 2 2 
551 8 567 162 F: 2 6 
554 7 568 260 F: 3 3 1 
559 12 571 1 F: 5 4 3 
564 7 585 222 F: 4 3 
567 8 591 113 F: 3 5 
573 7 601 195 F: 4 1 2 
575 8 591 190 F: 3 1 4 
578 12 626 147 F: 12 
581 8 613 241 F: 3 1 4 
583 8 615 163 F: 4 4 
589 7 603 249 F: 4 3 
598 6 604 252 F: 2 3 1 
598 9 607 13 F: 9 
603 11 625 163 F: 7 4 
612 10 622 253 F: 10 
615 11 648 54 F: 4 4 3 
621 13 673 44 F: 13 
637 7 644 30 F: 6 1 
638 12 662 45 F: 12 
641 9 668 239 F: 4 5 
648 3 651 75 F: 3 
648 6 666 221 F: 3 1 2 
653 9 662 226 F: 4 1 4 
656 5 661 173 F: 5 
661 10 691 8 F: 5 2 3 
662 8 670 31 F: 3 4 1 
663 8 695 92 F: 5 3 
666 5 681 23 F: 5 
673 3 682 81 F: 3 
677 12 701 8 F: 7 5 
678 4 686 63 F: 3 1 
694 10 704 203 F: 5 1 4 
696 12 708 221 F: 7 5 
703 8 711 297 F: 8 
705 7 719 202 F: 2 2 3 
710 8 734 40 F: 5 3 
713 8 729 18 F: 4 3 1 
720 4 736 223 F: 2 1 1 
723 11 767 165 F: 4 3 4 
726 7 733 236 F: 7 
737 6 749 194 F: 3 2 1 
737 12 761 113 F: 5 4 3 
740 10 780 233 F: 5 5 
740 12 788 266 F: 12 
753 7 781 186 F: 2 3 2 
760 3 766 10 F: 2 1 
765 7 793 174 F: 2 5 
765 9 783 99 F: 2 3 4 
768 5 778 17 F: 4 1 
778 10 818 236 F: 6 4 
779 8 803 195 F: 5 3 
786 9 813 296 F: 4 5 
789 8 821 75 F: 6 2 
808 13 834 147 F: 7 6 
810 3 816 197 F: 3 
815 8 847 144 F: 5 2 1 
816 9 852 134 F: 7 2 
827 7 834 159 F: 2 5 
829 3 835 195 F: 3 
837 8 853 37 F: 6 2 
846 10 876 74 F: 10 
850 6 874 7 F: 5 1 
853 3 856 92 F: 2 1 
853 7 867 114 F: 5 1 1 
854 9 890 251 F: 5 1 3 
859 9 877 188 F: 7 2 
864 12 900 224 F: 7 5 
870 4 878 238 F: 4 
872 6 896 164 F: 6 
881 3 893 43 F: 3 
883 8 915 110 F: 3 4 1 
894 9 912 289 F: 5 4 
896 7 903 197 F: 7 
904 8 936 179 F: 5 1 2 
911 4 919 137 F: 2 2 
921 10 941 149 F: 6 4 
929 9 947 111 F: 4 1 4 
933 6 957 282 F: 4 1 1 
949 12 997 13 F: 6 6 
955 9 964 128 F: 5 1 3 
963 10 983 120 F: 2 4 4 
963 11 974 229 F: 6 5 
964 6 988 254 F: 4 2 
964 10 994 276 F: 2 4 4 
969 10 979 196 F: 4 2 4 
970 10 980 94 F: 10 
974 6 980 193 F: 2 4 
975 4 979 48 F: 2 2 
976 8 1000 171 F: 4 1 3 
977 9 986 111 F: 5 3 1 
979 2 985 46 F: 2 
987 10 1007 290 F: 10 
993 3 999 287 F: 3 
1001 10 1041 45 F: 4 6 
1010 3 1022 105 F: 2 1 
1015 8 1031 20 F: 3 5 
1018 11 1051 19 F: 5 3 3 
1020 6 1032 123 F: 5 1 
1021 8 1045 184 F: 5 3 
1022 6 1034 45 F: 2 4 
1024 9 1042 74 F: 9 
1030 13 1069 88 F: 13 
1046 5 1061 135 F: 3 2 
1049 9 1085 80 F: 4 4 1 
1052 7 1059 274 F: 5 1 1 
1061 5 1076 257 F: 4 1 
1075 9 1111 89 F: 4 4 1 
1080 9 1107 175 F: 4 2 3 
1089 5 1094 34 F: 2 3 
1089 11 1100 33 F: 11 
1090 6 1102 158 F: 3 3 
1096 7 1103 59 F: 2 5 
1099 7 1113 109 F: 7 
1105 11 1116 117 F: 5 6 
1112 13 1138 15 F: 7 6 
1122 6 1140 73 F: 6 
1123 6 1141 231 F: 5 1 
1125 8 1133 145 F: 4 3 1 
1127 4 1131 286 F: 4 
1130 10 1160 286 F: 3 3 4 
1138 2 1146 79 F: 2 
1143 8 1167 259 F: 4 4 
1155 11 1177 293 F: 11 
1162 7 1190 276 F: 5 2 
1167 12 1179 263 F: 12 
1171 12 1219 38 F: 5 4 3 
1176 8 1184 124 F: 4 2 2 
1179 12 1215 158 F: 12 
1181 9 1208 67 F: 4 5 
1183 3 1189 91 F: 2 1 
1188 4 1192 82 F: 3 1 
1192 5 1202 14 F: 5 
1195 9 1204 22 F: 5 3 1 
1207 8 1231 134 F: 2 2 4 
1208 3 1214 292 F: 3 
1210 7 1238 268 F: 3 4 
1214 8 1222 13 F: 4 2 2 
1216 5 1226 92 F: 3 1 1 
1226 9 1244 252 F: 2 4 3 
1230 8 1238 227 F: 6 2 
1234 2 1236 222 F: 2 
1234 13 1247 240 F: 7 6 
1246 8 1270 142 F: 8 
1247 5 1267 154 F: 5 
1250 4 1262 284 F: 4 
1255 7 1276 185 F: 4 3 
1255 8 1263 171 F: 5 1 2 
1258 4 1270 229 F: 2 2 
1261 9 1297 214 F: 2 3 4 
1270 8 1286 151 F: 5 3 
1287 9 1305 231 F: 9 
1294 8 1310 125 F: 2 3 3 
1295 11 1317 18 F: 3 4 4 
1300 6 1318 60 F: 4 2 
1300 10 1340 206 F: 3 3 4 
1302 11 1324 95 F: 4 3 4 
1304 5 1314 87 F: 3 2 
1305 5 1310 70 F: 4 1 
1313 8 1345 56 F: 2 2 4 
1315 11 1337 75 F: 5 6 
1324 13 1376 133 F: 13 
1326 11 1359 276 F: 3 4 4 
1333 7 1361 89 F: 5 2 
1337 3 1349 247 F: 3 
1340 11 1362 97 F: 4 3 4 
1347 10 1367 116 F: 4 2 4 
1352 11 1385 111 F: 11 
1365 9 1401 154 F: 3 2 4 
1368 11 1390 5 F: 11 
1385 9 1412 149 F: 2 4 3 
1386 6 1398 190 F: 2 1 3 
1386 9 1404 75 F: 5 4 
1399 11 1410 144 F: 5 4 2 
1410 5 1425 139 F: 2 3 
1415 12 1439 92 F: 12 
1433 13 1446 237 F: 13 
1435 10 1465 33 F: 5 3 2 
1438 8 1454 209 F: 2 2 4 
1438 11 1471 233 F: 11 
1445 6 1451 89 F: 2 3 1 
1449 12 1461 128 F: 12 
1452 6 1458 148 F: 3 1 2 
1459 7 1480 106 F: 3 2 2 
1460 8 1484 268 F: 2 3 3 
1460 9 1469 216 F: 3 4 2 
1469 10 1509 81 F: 5 1 4 
1471 12 1507 274 F: 12 
1473 9 1509 118 F: 7 2 
1476 4 1488 22 F: 2 1 1 
1485 9 1521 88 F: 5 4 
1492 8 1508 193 F: 2 6 
1493 10 1523 98 F: 5 1 4 
1498 2 1504 23 F: 2 
D: 3 175 
D: 10 153 
D: 15 41 
D: 15 162 
D: 17 83 
D: 21 50 
D: 23 283 
D: 30 252 
D: 39 156 
D: 54 281 
D: 57 89 
D: 69 131 
D: 76 246 
D: 76 280 
D: 80 282 
D: 83 185 
D: 90 164 
D: 93 217 
D: 123 181 
D: 129 169 
D: 129 226 
D: 142 257 
D: 145 236 
D: 167 281 
D: 196 230 
D: 203 269 
D: 206 242 
D: 232 278 
D: 234 292 
D: 251 292 
