5 9 32 123 F: 5 4 
10 9 28 22 F: 6 3 
13 9 31 151 F: 5 2 2 
14 8 22 39 F: 4 2 2 
19 10 39 194 F: 10 
27 8 51 58 F: 4 4 
32 11 43 157 F: 7 4 
33 7 40 145 F: 7 
35 3 41 17 F: 3 
49 8 57 314 F: 5 3 
51 9 60 56 F: 3 4 2 
52 7 66 168 F: 6 1 
60 4 72 288 F: 4 
61 10 101 315 F: 5 5 
64 8 88 266 F: 8 
70 11 114 349 F: 3 4 4 
76 6 88 184 F: 5 1 
81 13 94 267 F: 13 
94 4 102 64 F: 2 1 1 
98 11 109 315 F: 11 
104 6 128 23 F: 2 2 2 
108 7 122 214 F: 7 
110 9 137 273 F: 4 5 
112 9 139 120 F: 5 2 2 
113 8 137 203 F: 8 
122 12 158 307 F: 12 
131 2 133 156 F: 2 
134 8 158 131 F: 5 1 2 
143 7 157 28 F: 2 1 4 
143 9 170 330 F: 9 
146 9 155 144 F: 4 3 2 
152 6 170 72 F: 2 2 2 
152 10 182 250 F: 3 3 4 
152 12 200 242 F: 12 
162 6 180 2 F: 6 
170 9 179 350 F: 5 2 2 
171 10 191 217 F: 7 3 
174 8 182 325 F: 3 5 
194 10 234 202 F: 5 1 4 
195 10 205 300 F: 5 1 4 
202 8 234 248 F: 6 2 
205 8 221 150 F: 8 
206 13 258 220 F: 13 
207 9 225 220 F: 2 3 4 
208 12 256 251 F: 12 
211 8 235 182 F: 3 1 4 
212 8 228 79 F: 4 3 1 
216 10 256 230 F: 10 
227 8 251 160 F: 8 
227 13 279 336 F: 13 
228 10 238 272 F: 10 
259 7 287 230 F: 3 3 1 
265 12 313 39 F: 12 
269 10 279 339 F: 10 
279 5 294 212 F: 2 3 
288 5 308 47 F: 5 
289 10 309 19 F: 10 
291 8 315 102 F: 8 
295 5 310 327 F: 2 3 
298 6 316 231 F: 3 2 1 
307 4 319 197 F: 4 
308 7 329 127 F: 7 
318 7 339 134 F: 5 1 1 
321 7 328 300 F: 5 2 
323 2 331 334 F: 2 
323 5 343 201 F: 3 2 
325 10 365 165 F: 5 5 
327 6 333 153 F: 2 2 2 
329 5 344 111 F: 5 
332 10 342 318 F: 10 
335 11 357 140 F: 5 3 3 
347 12 371 282 F: 6 6 
348 12 396 98 F: 12 
353 3 362 13 F: 3 
371 9 407 92 F: 3 6 
381 7 409 199 F: 5 2 
384 7 398 238 F: 6 1 
386 7 400 30 F: 2 2 3 
392 7 399 264 F: 3 4 
392 9 410 318 F: 2 3 4 
404 12 416 215 F: 7 5 
418 11 462 254 F: 11 
420 8 436 141 F: 4 2 2 
422 9 431 208 F: 5 1 3 
430 6 448 180 F: 5 1 
432 3 438 64 F: 3 
444 8 476 72 F: 8 
450 8 458 165 F: 7 1 
456 8 472 201 F: 4 3 1 
458 7 486 234 F: 7 
467 10 477 198 F: 4 6 
471 7 485 167 F: 5 2 
473 7 480 248 F: 7 
474 12 498 237 F: 4 4 4 
475 9 493 324 F: 9 
483 10 523 278 F: 6 4 
484 10 514 70 F: 10 
489 7 503 95 F: 4 3 
490 7 511 310 F: 3 2 2 
499 9 517 231 F: 3 6 
504 2 512 263 F: 2 
505 8 529 52 F: 7 1 
508 4 520 182 F: 4 
509 4 513 219 F: 4 
511 7 532 339 F: 5 2 
514 5 519 151 F: 4 1 
515 9 551 251 F: 6 3 
515 12 539 232 F: 5 3 4 
517 9 544 59 F: 9 
518 12 566 260 F: 12 
546 4 562 35 F: 2 1 1 
557 8 565 209 F: 4 4 
561 7 582 347 F: 5 1 1 
569 2 575 322 F: 2 
570 8 586 216 F: 2 6 
586 3 598 19 F: 3 
591 7 605 185 F: 3 4 
591 10 621 95 F: 4 6 
599 7 620 209 F: 2 4 1 
599 7 627 337 F: 7 
605 8 637 185 F: 4 3 1 
611 7 632 350 F: 7 
613 7 641 39 F: 2 4 1 
624 2 630 61 F: 2 
636 8 652 290 F: 7 1 
642 10 672 224 F: 5 2 3 
656 7 670 313 F: 7 
663 5 678 9 F: 2 3 
670 8 686 42 F: 4 4 
672 7 686 6 F: 3 2 2 
674 10 714 165 F: 3 4 3 
678 8 686 132 F: 4 4 
679 11 701 48 F: 4 3 4 
682 10 702 297 F: 10 
686 12 698 85 F: 6 6 
690 9 726 145 F: 5 4 
693 7 721 168 F: 3 1 3 
694 10 704 175 F: 10 
696 6 720 46 F: 6 
696 10 726 318 F: 10 
703 5 708 330 F: 5 
706 10 736 102 F: 6 4 
709 6 715 135 F: 5 1 
724 7 731 286 F: 2 4 1 
725 10 745 210 F: 4 6 
728 4 732 318 F: 4 
733 9 742 87 F: 7 2 
755 12 791 349 F: 12 
760 10 780 41 F: 5 5 
763 9 790 93 F: 4 1 4 
771 10 791 202 F: 7 3 
771 11 782 313 F: 5 2 4 
772 10 812 25 F: 10 
774 2 778 159 F: 2 
774 7 795 92 F: 3 4 
779 8 787 296 F: 2 3 3 
779 10 789 299 F: 10 
781 7 788 21 F: 2 2 3 
781 9 817 22 F: 5 4 
791 7 805 18 F: 2 4 1 
800 8 832 68 F: 8 
810 9 837 335 F: 4 3 2 
826 11 848 209 F: 11 
829 5 839 323 F: 3 2 
834 10 844 265 F: 4 4 2 
836 11 880 92 F: 7 4 
841 10 861 269 F: 2 4 4 
845 10 885 182 F: 6 4 
847 3 853 57 F: 2 1 
854 10 894 291 F: 3 4 3 
859 6 877 42 F: 5 1 
866 10 886 95 F: 4 4 2 
869 8 901 265 F: 7 1 
872 5 877 55 F: 2 1 2 
875 10 915 40 F: 10 
876 6 900 165 F: 6 
884 7 905 206 F: 5 2 
887 9 896 67 F: 9 
895 7 902 140 F: 7 
897 6 915 236 F: 3 1 2 
902 3 905 154 F: 2 1 
902 10 932 59 F: 4 6 
910 9 946 305 F: 5 3 1 
913 9 922 350 F: 3 6 
920 4 936 195 F: 4 
920 10 930 6 F: 5 5 
925 6 931 108 F: 2 2 2 
931 9 958 172 F: 5 2 2 
940 10 970 292 F: 7 3 
953 9 980 134 F: 5 4 
957 3 963 171 F: 3 
968 9 995 227 F: 5 1 3 
980 8 988 333 F: 4 3 1 
982 8 998 184 F: 4 2 2 
982 12 1006 69 F: 7 5 
989 10 999 18 F: 5 5 
990 3 993 72 F: 3 
992 5 1012 260 F: 2 1 2 
993 9 1002 169 F: 5 4 
994 10 1024 198 F: 7 3 
1019 6 1031 24 F: 2 4 
1023 9 1059 207 F: 6 3 
1028 2 1034 225 F: 2 
1029 10 1069 50 F: 6 4 
1030 10 1050 197 F: 4 2 4 
1033 9 1060 15 F: 5 4 
1047 12 1083 254 F: 6 6 
1050 6 1074 35 F: 3 3 
1058 8 1074 120 F: 3 4 1 
1058 11 1091 243 F: 4 3 4 
1065 6 1089 235 F: 6 
1068 11 1101 178 F: 5 4 2 
1069 11 1102 72 F: 5 6 
1070 13 1109 263 F: 7 6 
1077 8 1093 169 F: 5 2 1 
1079 2 1085 228 F: 2 
1080 10 1090 242 F: 10 
1083 5 1098 200 F: 5 
1085 8 1101 308 F: 6 2 
1091 11 1113 243 F: 6 5 
1100 11 1144 257 F: 11 
1103 10 1123 128 F: 4 4 2 
1117 7 1145 99 F: 2 3 2 
1120 10 1140 112 F: 10 
1121 8 1153 135 F: 2 6 
1125 10 1155 289 F: 10 
1131 12 1143 154 F: 12 
1134 6 1158 17 F: 4 2 
1142 13 1155 12 F: 13 
1145 9 1163 155 F: 9 
1146 10 1186 211 F: 5 2 3 
1162 10 1172 280 F: 10 
1166 7 1194 322 F: 7 
1168 7 1182 78 F: 7 
1173 6 1191 310 F: 4 2 
1175 10 1215 184 F: 5 1 4 
1176 11 1198 247 F: 3 4 4 
1182 9 1209 116 F: 9 
1184 6 1196 328 F: 4 1 1 
1193 9 1229 159 F: 4 5 
1207 11 1218 195 F: 3 4 4 
1212 8 1244 119 F: 2 4 2 
1213 10 1233 20 F: 5 1 4 
1224 8 1256 142 F: 2 4 2 
1224 9 1233 12 F: 5 4 
1226 3 1235 188 F: 3 
1232 12 1244 165 F: 6 6 
1235 2 1239 267 F: 2 
1264 9 1273 175 F: 6 3 
1269 5 1279 287 F: 3 1 1 
1271 3 1274 233 F: 3 
1276 9 1285 287 F: 9 
1278 9 1296 92 F: 7 2 
1279 12 1291 109 F: 12 
1280 7 1308 146 F: 5 1 1 
1283 7 1311 135 F: 7 
1296 4 1308 147 F: 2 1 1 
1296 13 1335 102 F: 5 4 4 
1297 9 1333 217 F: 2 4 3 
1298 4 1302 147 F: 2 2 
1306 11 1328 214 F: 5 6 
1307 11 1351 347 F: 5 3 3 
1311 9 1320 197 F: 4 5 
1315 10 1345 308 F: 10 
1325 11 1358 214 F: 4 3 4 
1333 10 1343 118 F: 10 
1341 11 1374 181 F: 4 3 4 
1356 9 1374 267 F: 3 2 4 
1362 2 1366 81 F: 2 
1362 12 1398 284 F: 5 4 3 
1363 7 1370 316 F: 7 
1366 12 1414 24 F: 12 
1367 6 1391 229 F: 3 1 2 
1371 8 1379 92 F: 5 2 1 
1373 10 1383 241 F: 10 
1377 7 1405 194 F: 2 4 1 
1378 12 1414 122 F: 12 
1380 9 1389 116 F: 4 4 1 
1384 7 1391 203 F: 6 1 
1386 9 1422 118 F: 5 4 
1409 10 1419 55 F: 10 
1410 4 1418 331 F: 2 2 
1410 8 1418 307 F: 8 
1418 9 1454 176 F: 4 1 4 
1418 12 1442 186 F: 12 
1420 5 1435 325 F: 5 
1423 11 1456 210 F: 4 3 4 
1424 8 1432 107 F: 3 2 3 
1440 12 1476 242 F: 12 
1447 8 1471 344 F: 2 2 4 
1452 12 1464 188 F: 6 6 
1459 10 1479 312 F: 7 3 
1459 12 1507 251 F: 12 
1467 5 1472 118 F: 4 1 
1474 13 1487 339 F: 13 
1480 7 1487 34 F: 7 
1483 11 1516 293 F: 11 
1487 2 1493 272 F: 2 
1493 13 1532 219 F: 7 6 
1494 11 1527 83 F: 4 4 3 
1511 2 1513 119 F: 2 
1511 6 1517 251 F: 6 
1515 8 1547 185 F: 8 
1516 6 1540 146 F: 6 
1517 13 1543 328 F: 13 
1521 6 1545 310 F: 6 
1521 11 1565 216 F: 6 5 
1523 11 1567 47 F: 7 4 
1549 2 1557 340 F: 2 
1553 6 1577 86 F: 2 2 2 
1555 6 1573 270 F: 4 2 
1556 4 1560 285 F: 4 
1559 8 1567 303 F: 2 6 
1561 5 1566 304 F: 5 
1565 10 1595 75 F: 10 
1567 13 1619 154 F: 7 6 
1576 8 1608 289 F: 8 
1581 7 1595 95 F: 7 
1581 12 1593 337 F: 7 5 
1583 12 1631 279 F: 12 
1601 11 1612 76 F: 11 
1606 5 1626 41 F: 5 
1608 10 1618 110 F: 5 5 
1622 4 1630 59 F: 4 
1628 8 1636 176 F: 5 1 2 
1628 9 1637 196 F: 3 4 2 
1630 10 1640 70 F: 6 4 
1640 13 1679 158 F: 13 
1644 8 1660 117 F: 6 2 
1646 9 1664 200 F: 4 5 
1651 2 1657 317 F: 2 
1657 8 1673 107 F: 6 2 
1657 11 1701 301 F: 5 2 4 
1658 8 1666 286 F: 8 
1658 8 1682 73 F: 5 1 2 
1659 10 1689 260 F: 5 4 1 
1665 7 1672 206 F: 7 
1670 10 1690 103 F: 5 3 2 
1670 12 1682 177 F: 5 4 3 
1681 8 1689 255 F: 2 3 3 
1742 5 1747 341 F: 4 1 
1752 10 1772 188 F: 10 
1759 10 1779 278 F: 6 4 
1761 9 1779 163 F: 4 3 2 
1772 7 1793 207 F: 7 
1777 4 1793 291 F: 4 
1779 11 1823 349 F: 5 4 2 
1787 11 1798 206 F: 5 6 
1790 9 1817 340 F: 4 1 4 
1791 11 1813 301 F: 11 
D: 7 327 
D: 14 25 
D: 14 225 
D: 19 149 
D: 19 151 
D: 22 312 
D: 32 99 
D: 41 240 
D: 44 156 
D: 46 66 
D: 46 99 
D: 58 214 
D: 62 101 
D: 72 121 
D: 83 339 
D: 85 259 
D: 88 296 
D: 100 256 
D: 112 343 
D: 114 248 
D: 116 227 
D: 118 208 
D: 118 210 
D: 121 160 
D: 131 262 
D: 143 299 
D: 154 166 
D: 169 210 
D: 211 218 
D: 213 270 
D: 218 261 
D: 221 292 
D: 247 325 
D: 275 302 
D: 306 320 
