1 6 7 241 F: 3 1 2 
8 7 36 48 F: 4 1 2 
10 3 13 42 F: 3 
11 10 21 1 F: 5 2 3 
17 11 28 203 F: 11 
21 7 28 14 F: 2 2 3 
24 10 44 264 F: 5 5 
36 6 60 293 F: 3 2 1 
38 8 46 218 F: 4 1 3 
47 6 59 43 F: 3 2 1 
51 7 65 175 F: 2 5 
52 2 54 133 F: 2 
62 5 72 25 F: 5 
68 5 78 12 F: 3 2 
71 9 107 180 F: 7 2 
77 5 82 177 F: 5 
78 7 99 260 F: 3 3 1 
80 13 106 75 F: 13 
87 7 101 223 F: 2 5 
96 5 101 27 F: 3 1 1 
102 5 122 226 F: 3 2 
103 10 133 158 F: 4 3 3 
107 4 123 243 F: 3 1 
109 12 133 258 F: 12 
113 9 122 161 F: 3 6 
115 11 159 232 F: 3 4 4 
124 8 132 50 F: 3 5 
128 9 137 201 F: 6 3 
128 9 146 90 F: 3 3 3 
133 10 153 47 F: 10 
146 4 162 293 F: 2 1 1 
147 8 171 276 F: 3 1 4 
154 5 164 57 F: 5 
166 7 173 225 F: 4 3 
168 5 183 163 F: 3 2 
169 7 190 9 F: 4 3 
171 11 204 62 F: 11 
177 3 183 195 F: 3 
179 11 201 61 F: 11 
195 13 208 126 F: 13 
204 5 209 290 F: 4 1 
209 9 227 207 F: 3 4 2 
218 12 242 148 F: 5 3 4 
222 8 230 29 F: 5 1 2 
222 10 232 233 F: 2 4 4 
228 12 252 158 F: 12 
230 2 232 240 F: 2 
243 10 263 125 F: 7 3 
245 6 257 270 F: 6 
246 12 270 253 F: 7 5 
250 7 278 287 F: 4 2 1 
250 9 268 17 F: 3 6 
270 11 292 295 F: 6 5 
274 9 283 172 F: 4 1 4 
284 8 308 228 F: 4 3 1 
285 9 321 181 F: 3 6 
293 10 323 56 F: 4 6 
295 5 300 135 F: 5 
295 10 335 255 F: 10 
298 12 322 111 F: 12 
312 10 322 23 F: 5 5 
314 3 317 198 F: 3 
327 8 335 96 F: 8 
328 9 355 64 F: 7 2 
332 7 346 115 F: 4 3 
332 12 344 123 F: 12 
341 7 362 185 F: 4 3 
342 10 362 33 F: 7 3 
344 4 356 46 F: 2 1 1 
351 11 373 76 F: 5 3 3 
362 11 406 82 F: 7 4 
365 4 381 196 F: 4 
365 9 392 189 F: 9 
370 9 406 269 F: 9 
374 7 388 163 F: 7 
376 5 381 168 F: 5 
376 8 408 28 F: 2 2 4 
392 9 410 255 F: 3 6 
395 7 416 2 F: 7 
398 11 431 294 F: 11 
408 6 426 285 F: 6 
409 9 427 290 F: 4 5 
410 12 422 181 F: 4 4 4 
421 10 441 62 F: 2 4 4 
427 9 454 80 F: 4 5 
436 10 466 239 F: 5 4 1 
444 6 462 31 F: 4 2 
449 9 458 89 F: 3 4 2 
449 10 479 80 F: 3 3 4 
454 8 478 278 F: 3 1 4 
458 10 478 29 F: 6 4 
459 3 462 287 F: 2 1 
464 8 496 138 F: 5 2 1 
466 3 478 158 F: 3 
468 3 477 74 F: 2 1 
469 9 505 254 F: 9 
472 11 494 263 F: 6 5 
475 9 493 65 F: 3 6 
492 9 519 95 F: 3 4 2 
494 7 508 276 F: 7 
518 8 550 128 F: 3 1 4 
519 10 559 95 F: 6 4 
521 6 545 41 F: 3 3 
529 11 551 217 F: 4 3 4 
530 8 562 239 F: 6 2 
530 9 557 7 F: 3 2 4 
538 3 547 259 F: 3 
543 13 569 260 F: 13 
555 6 579 167 F: 4 2 
558 3 567 30 F: 3 
558 10 598 248 F: 10 
560 7 581 259 F: 7 
566 11 588 146 F: 11 
576 9 594 31 F: 9 
579 9 606 72 F: 3 3 3 
580 10 620 224 F: 5 1 4 
582 12 630 214 F: 12 
585 7 599 94 F: 3 2 2 
591 6 603 183 F: 6 
594 8 610 115 F: 3 5 
609 10 639 285 F: 10 
612 7 619 203 F: 5 2 
619 12 643 272 F: 12 
624 8 648 82 F: 2 2 4 
635 11 657 73 F: 11 
641 5 661 2 F: 2 3 
644 9 671 85 F: 4 5 
648 8 664 52 F: 6 2 
649 9 667 57 F: 2 4 3 
650 7 664 129 F: 5 1 1 
664 8 672 30 F: 4 1 3 
668 13 720 282 F: 13 
671 2 675 112 F: 2 
676 8 700 201 F: 6 2 
678 9 687 64 F: 6 3 
679 5 699 183 F: 5 
683 4 687 118 F: 4 
686 5 696 40 F: 4 1 
694 8 710 285 F: 2 4 2 
695 9 731 178 F: 5 4 
702 10 742 277 F: 5 4 1 
704 7 711 56 F: 2 2 3 
705 10 735 275 F: 3 3 4 
712 4 716 35 F: 2 1 1 
718 8 742 292 F: 5 3 
720 13 772 210 F: 13 
723 11 734 84 F: 5 4 2 
727 11 749 133 F: 6 5 
733 7 740 63 F: 7 
740 8 772 202 F: 5 3 
742 5 747 118 F: 2 3 
750 10 770 67 F: 6 4 
764 10 804 156 F: 10 
771 8 779 284 F: 3 4 1 
771 13 823 126 F: 5 4 4 
773 4 785 207 F: 4 
777 7 805 134 F: 3 4 
786 8 794 35 F: 8 
789 5 799 233 F: 2 3 
796 9 823 128 F: 2 4 3 
800 5 820 248 F: 5 
801 4 817 18 F: 2 2 
807 10 847 63 F: 4 3 3 
810 9 846 148 F: 4 4 1 
811 4 819 297 F: 4 
820 6 826 283 F: 6 
826 5 831 247 F: 5 
836 4 848 299 F: 4 
836 8 844 125 F: 3 5 
838 7 845 248 F: 3 1 3 
844 4 856 154 F: 3 1 
846 7 874 107 F: 4 1 2 
847 7 875 42 F: 6 1 
848 2 852 193 F: 2 
848 9 857 156 F: 7 2 
865 7 886 159 F: 4 3 
871 4 875 6 F: 2 2 
876 8 884 7 F: 3 5 
879 8 903 23 F: 8 
897 5 907 3 F: 5 
902 4 914 282 F: 4 
909 2 915 182 F: 2 
910 12 922 163 F: 6 6 
912 6 936 284 F: 3 3 
914 8 946 238 F: 8 
921 11 954 77 F: 11 
925 9 943 92 F: 5 4 
926 4 942 81 F: 4 
928 7 942 225 F: 2 3 2 
929 8 953 181 F: 8 
930 6 954 254 F: 4 2 
933 10 963 178 F: 6 4 
937 10 957 217 F: 4 6 
946 9 955 203 F: 2 3 4 
949 6 967 117 F: 3 2 1 
949 7 963 129 F: 4 2 1 
961 11 972 290 F: 11 
966 6 990 133 F: 5 1 
977 12 1001 15 F: 12 
991 8 999 284 F: 4 1 3 
1002 13 1028 127 F: 5 4 4 
1005 13 1018 17 F: 5 4 4 
1017 6 1029 64 F: 6 
1026 8 1042 252 F: 4 4 
1026 10 1056 245 F: 5 5 
1027 3 1036 14 F: 2 1 
1028 10 1068 209 F: 4 6 
1028 12 1064 31 F: 12 
1030 12 1042 218 F: 12 
1032 5 1047 19 F: 4 1 
1034 7 1062 13 F: 5 2 
1035 5 1055 3 F: 2 3 
1036 6 1054 292 F: 5 1 
1044 7 1051 58 F: 4 3 
1068 4 1072 47 F: 2 2 
1068 7 1089 130 F: 2 5 
1071 9 1098 199 F: 3 3 3 
1071 13 1110 95 F: 13 
1074 3 1086 15 F: 2 1 
1091 10 1111 196 F: 4 6 
1102 8 1118 195 F: 2 6 
1103 5 1108 141 F: 5 
1107 3 1110 80 F: 3 
1110 10 1150 80 F: 5 1 4 
1132 5 1142 128 F: 5 
1137 9 1155 158 F: 3 4 2 
1139 11 1150 6 F: 4 4 3 
1140 7 1161 3 F: 7 
1147 5 1157 276 F: 5 
1150 5 1170 221 F: 5 
1151 12 1163 299 F: 6 6 
1157 10 1187 22 F: 4 3 3 
1159 7 1173 46 F: 7 
1178 11 1211 108 F: 3 4 4 
1180 8 1204 157 F: 8 
1187 5 1192 194 F: 5 
1194 4 1202 254 F: 4 
1194 10 1234 107 F: 6 4 
1195 7 1202 57 F: 3 3 1 
1195 8 1227 110 F: 5 2 1 
1207 13 1220 254 F: 5 4 4 
1209 8 1233 278 F: 4 1 3 
1210 5 1225 104 F: 5 
1216 10 1256 247 F: 5 4 1 
1223 10 1233 213 F: 4 6 
1225 6 1237 158 F: 3 3 
1226 4 1242 236 F: 4 
1238 8 1270 129 F: 8 
1238 11 1249 184 F: 5 3 3 
1242 2 1248 264 F: 2 
1244 6 1262 141 F: 4 2 
1249 11 1282 18 F: 11 
1255 9 1282 104 F: 2 3 4 
1258 8 1274 275 F: 8 
1259 7 1273 50 F: 2 3 2 
1263 6 1287 297 F: 6 
1263 10 1303 293 F: 7 3 
1274 7 1288 269 F: 2 3 2 
1280 8 1296 157 F: 3 2 3 
1284 8 1308 22 F: 3 5 
1300 9 1336 212 F: 3 4 2 
1303 4 1319 216 F: 3 1 
1316 10 1326 121 F: 4 6 
1316 12 1352 85 F: 5 3 4 
1318 9 1327 244 F: 9 
1327 4 1331 104 F: 3 1 
1340 9 1367 249 F: 2 3 4 
1341 8 1349 70 F: 3 3 2 
1355 9 1373 245 F: 4 5 
1357 8 1373 146 F: 4 4 
1358 9 1385 189 F: 9 
1367 7 1395 281 F: 6 1 
1367 11 1400 260 F: 5 4 2 
1370 7 1377 133 F: 7 
1372 8 1396 141 F: 3 3 2 
1373 2 1381 174 F: 2 
1376 5 1396 288 F: 4 1 
1376 9 1385 137 F: 4 5 
1387 2 1395 266 F: 2 
1397 11 1441 184 F: 11 
1403 2 1407 127 F: 2 
1414 8 1422 110 F: 2 3 3 
1423 5 1438 264 F: 5 
1425 12 1461 17 F: 7 5 
1428 8 1452 52 F: 7 1 
1430 9 1466 277 F: 6 3 
1439 11 1472 121 F: 5 6 
1444 9 1453 74 F: 9 
1455 12 1479 234 F: 12 
1462 7 1483 40 F: 3 4 
1462 9 1471 62 F: 2 3 4 
1465 11 1476 296 F: 5 4 2 
1473 4 1481 25 F: 4 
1473 11 1484 210 F: 6 5 
1474 11 1496 290 F: 4 4 3 
1477 9 1495 158 F: 5 2 2 
1479 8 1495 166 F: 2 3 3 
1492 4 1496 293 F: 4 
1493 7 1500 66 F: 7 
1494 8 1526 249 F: 3 4 1 
D: 6 150 
D: 6 153 
D: 14 142 
D: 20 167 
D: 23 135 
D: 23 272 
D: 28 128 
D: 28 280 
D: 45 71 
D: 46 127 
D: 56 250 
D: 60 259 
D: 61 214 
D: 65 243 
D: 75 175 
D: 77 294 
D: 87 174 
D: 87 253 
D: 98 218 
D: 103 229 
D: 105 222 
D: 117 296 
D: 127 198 
D: 136 203 
D: 162 292 
D: 218 264 
D: 227 295 
D: 240 255 
D: 255 296 
D: 256 267 
