9 8 33 31 F: 2 3 3 
19 12 31 275 F: 6 6 
24 10 44 109 F: 4 4 2 
25 11 36 106 F: 4 3 4 
26 8 50 193 F: 6 2 
31 9 49 269 F: 7 2 
35 7 42 271 F: 4 3 
35 8 43 133 F: 8 
35 10 75 102 F: 4 4 2 
42 9 51 300 F: 3 6 
47 6 65 247 F: 3 1 2 
47 10 67 49 F: 10 
56 2 62 35 F: 2 
56 8 64 246 F: 7 1 
68 11 101 77 F: 11 
78 8 110 171 F: 8 
81 9 99 36 F: 9 
84 7 98 78 F: 3 4 
89 7 110 60 F: 5 2 
92 8 108 216 F: 4 1 3 
114 10 144 288 F: 5 2 3 
120 9 138 17 F: 5 3 1 
129 10 139 134 F: 7 3 
130 4 146 280 F: 4 
130 10 140 88 F: 3 4 3 
138 5 153 75 F: 4 1 
138 10 178 203 F: 10 
142 3 148 238 F: 3 
147 11 191 286 F: 7 4 
149 2 157 229 F: 2 
153 7 167 270 F: 5 1 1 
160 13 212 125 F: 13 
163 12 187 107 F: 4 4 4 
170 7 191 47 F: 3 2 2 
171 11 215 89 F: 3 4 4 
172 11 205 264 F: 3 4 4 
177 9 186 31 F: 7 2 
179 4 191 92 F: 4 
186 9 204 218 F: 5 1 3 
194 12 206 112 F: 5 3 4 
206 9 224 276 F: 3 4 2 
210 9 228 233 F: 3 2 4 
220 8 236 242 F: 5 1 2 
224 7 252 161 F: 4 2 1 
235 7 256 100 F: 4 3 
236 5 241 276 F: 5 
240 6 252 55 F: 2 4 
242 4 258 255 F: 4 
247 7 254 276 F: 7 
249 9 267 22 F: 7 2 
251 6 263 104 F: 2 1 3 
255 7 262 245 F: 5 2 
262 6 274 28 F: 6 
272 8 288 138 F: 6 2 
276 10 306 174 F: 10 
280 7 308 46 F: 5 2 
281 9 290 245 F: 7 2 
286 8 294 267 F: 4 4 
291 11 313 202 F: 5 6 
298 7 305 120 F: 3 4 
300 7 307 213 F: 3 4 
301 11 334 2 F: 5 6 
327 9 336 55 F: 2 4 3 
336 12 348 106 F: 12 
344 7 351 163 F: 2 1 4 
345 9 354 117 F: 4 2 3 
356 7 370 155 F: 6 1 
360 9 387 6 F: 6 3 
362 12 410 47 F: 5 3 4 
364 9 391 115 F: 9 
364 12 400 80 F: 12 
365 10 375 121 F: 10 
368 11 401 291 F: 11 
372 7 393 67 F: 4 2 1 
380 2 382 138 F: 2 
382 5 402 151 F: 3 1 1 
385 6 403 234 F: 2 1 3 
390 3 393 170 F: 3 
397 12 433 224 F: 7 5 
398 8 406 160 F: 3 3 2 
405 2 411 40 F: 2 
411 2 419 274 F: 2 
411 4 415 266 F: 4 
411 8 427 34 F: 4 1 3 
414 7 442 160 F: 5 1 1 
414 12 438 257 F: 6 6 
424 8 448 153 F: 8 
428 9 464 125 F: 5 4 
438 6 456 99 F: 3 1 2 
438 8 470 14 F: 4 2 2 
442 9 478 109 F: 5 3 1 
443 7 457 144 F: 3 4 
445 3 457 184 F: 2 1 
456 4 460 79 F: 2 2 
456 10 486 23 F: 6 4 
458 7 465 84 F: 7 
461 9 479 274 F: 7 2 
463 4 467 265 F: 3 1 
466 5 471 73 F: 3 2 
467 12 479 245 F: 12 
505 12 517 121 F: 12 
506 9 524 273 F: 6 3 
506 9 533 242 F: 6 3 
509 13 535 176 F: 7 6 
510 9 537 103 F: 3 3 3 
513 6 525 208 F: 6 
513 8 521 76 F: 2 4 2 
525 8 541 76 F: 8 
529 6 535 107 F: 2 4 
533 9 542 26 F: 7 2 
535 12 547 145 F: 5 3 4 
541 13 554 206 F: 5 4 4 
547 7 575 148 F: 3 2 2 
554 11 587 205 F: 7 4 
575 10 615 4 F: 7 3 
577 12 601 292 F: 5 3 4 
578 8 610 61 F: 5 3 
579 10 599 266 F: 10 
587 11 609 292 F: 11 
591 13 604 106 F: 13 
600 8 624 263 F: 3 3 2 
603 4 611 235 F: 3 1 
603 10 613 87 F: 3 3 4 
607 9 634 104 F: 9 
614 5 624 77 F: 2 2 1 
625 7 632 237 F: 2 2 3 
627 9 654 177 F: 4 5 
632 11 643 291 F: 4 3 4 
643 7 657 294 F: 7 
643 10 673 173 F: 4 6 
648 7 676 57 F: 2 1 4 
648 11 692 31 F: 5 3 3 
669 12 717 81 F: 6 6 
670 4 678 300 F: 4 
685 7 692 28 F: 3 4 
686 10 696 279 F: 10 
688 2 692 209 F: 2 
691 4 703 209 F: 2 2 
691 8 707 258 F: 4 1 3 
694 12 730 66 F: 12 
710 4 722 42 F: 4 
715 10 755 266 F: 6 4 
720 3 726 144 F: 3 
721 7 742 138 F: 7 
721 11 743 267 F: 5 3 3 
728 4 736 259 F: 4 
729 10 759 23 F: 10 
745 7 752 84 F: 3 3 1 
745 9 772 198 F: 5 4 
750 7 771 242 F: 7 
760 13 773 268 F: 13 
766 11 799 36 F: 5 6 
778 5 783 157 F: 5 
779 9 806 254 F: 5 1 3 
784 5 804 284 F: 4 1 
785 10 795 238 F: 5 3 2 
787 6 811 202 F: 5 1 
788 10 818 274 F: 10 
789 6 807 119 F: 4 2 
793 9 802 283 F: 3 2 4 
801 8 809 292 F: 2 6 
802 7 816 53 F: 2 1 4 
805 12 829 224 F: 6 6 
822 11 855 116 F: 5 3 3 
824 3 830 236 F: 3 
828 3 837 109 F: 3 
835 10 875 114 F: 5 4 1 
842 10 852 272 F: 10 
842 10 882 148 F: 3 3 4 
852 11 896 247 F: 5 4 2 
859 9 877 32 F: 4 2 3 
862 6 868 134 F: 2 1 3 
864 6 876 267 F: 4 1 1 
866 10 876 236 F: 2 4 4 
877 9 895 95 F: 4 4 1 
880 10 890 31 F: 4 4 2 
881 10 921 197 F: 4 2 4 
884 5 899 295 F: 5 
890 6 902 19 F: 6 
894 10 934 246 F: 6 4 
900 12 924 239 F: 12 
912 9 939 113 F: 5 4 
914 8 938 3 F: 6 2 
916 6 940 58 F: 3 3 
917 8 941 53 F: 4 1 3 
932 8 940 172 F: 2 3 3 
934 3 946 237 F: 3 
937 7 951 229 F: 7 
944 6 956 118 F: 6 
946 10 966 138 F: 10 
951 11 984 285 F: 4 4 3 
963 8 979 65 F: 5 3 
967 6 973 16 F: 3 2 1 
978 7 1006 119 F: 4 1 2 
984 7 998 159 F: 2 5 
985 8 1001 38 F: 2 6 
988 11 1010 212 F: 7 4 
991 8 1015 227 F: 5 3 
996 5 1011 85 F: 3 2 
999 6 1017 81 F: 6 
1007 6 1025 70 F: 6 
1011 8 1027 245 F: 2 6 
1019 13 1058 143 F: 13 
1022 3 1034 137 F: 2 1 
1022 4 1030 37 F: 4 
1023 10 1053 258 F: 10 
1024 11 1035 96 F: 6 5 
1039 8 1047 201 F: 4 3 1 
1039 8 1063 123 F: 3 4 1 
1041 7 1062 268 F: 6 1 
1043 6 1049 83 F: 6 
1055 8 1079 270 F: 4 1 3 
1063 3 1075 98 F: 3 
1067 7 1074 251 F: 4 3 
1074 2 1082 205 F: 2 
1077 9 1095 235 F: 2 3 4 
1081 6 1099 298 F: 4 1 1 
1088 11 1110 201 F: 11 
1097 13 1123 112 F: 13 
1098 7 1105 247 F: 3 4 
1105 10 1115 288 F: 10 
1107 8 1115 211 F: 6 2 
1111 10 1131 51 F: 10 
1129 7 1143 231 F: 7 
1130 11 1174 98 F: 5 6 
1136 7 1164 254 F: 7 
1152 9 1188 251 F: 5 4 
1153 7 1174 124 F: 3 4 
1155 3 1164 248 F: 3 
1155 11 1188 222 F: 5 6 
1156 10 1166 299 F: 7 3 
1158 11 1191 265 F: 4 3 4 
1160 5 1175 263 F: 2 3 
1175 4 1191 36 F: 4 
1179 9 1197 187 F: 6 3 
1186 11 1230 141 F: 4 3 4 
1188 7 1209 148 F: 7 
1190 5 1205 200 F: 5 
1193 6 1211 6 F: 3 3 
1199 10 1209 66 F: 10 
1213 9 1222 110 F: 2 3 4 
1213 9 1222 124 F: 4 5 
1216 4 1224 3 F: 4 
1224 8 1248 69 F: 8 
1225 12 1237 103 F: 12 
1227 6 1245 89 F: 4 2 
1240 12 1252 238 F: 12 
1241 7 1269 255 F: 7 
1242 6 1248 292 F: 2 4 
1249 11 1293 258 F: 11 
1254 9 1290 234 F: 3 4 2 
1254 10 1294 111 F: 5 1 4 
1262 7 1290 286 F: 3 2 2 
1265 7 1293 148 F: 7 
1278 11 1322 90 F: 11 
1280 5 1300 36 F: 3 1 1 
1283 9 1310 222 F: 3 6 
1287 12 1323 237 F: 4 4 4 
1294 6 1312 250 F: 2 3 1 
1296 9 1314 224 F: 2 4 3 
1317 9 1335 71 F: 5 3 1 
1319 3 1328 13 F: 2 1 
1326 6 1338 183 F: 2 4 
1330 4 1342 70 F: 4 
1342 4 1350 7 F: 4 
1343 8 1359 58 F: 8 
1346 8 1378 109 F: 2 6 
1349 7 1356 153 F: 3 4 
1351 8 1359 51 F: 3 2 3 
1365 3 1368 187 F: 3 
1366 6 1372 214 F: 2 1 3 
1367 7 1388 28 F: 6 1 
1387 2 1391 215 F: 2 
1388 4 1404 232 F: 4 
1390 9 1399 253 F: 3 3 3 
1391 12 1427 85 F: 12 
1393 11 1415 126 F: 5 3 3 
1397 6 1403 253 F: 6 
1397 13 1410 7 F: 7 6 
1399 7 1420 173 F: 2 2 3 
1403 9 1430 273 F: 3 6 
1415 12 1463 257 F: 7 5 
1419 6 1425 133 F: 4 2 
1424 9 1442 82 F: 9 
1425 4 1437 116 F: 2 2 
1440 8 1472 40 F: 3 2 3 
1444 4 1448 215 F: 4 
1445 7 1459 177 F: 4 3 
1446 6 1464 54 F: 6 
1461 7 1489 196 F: 4 3 
1471 11 1504 76 F: 6 5 
1472 2 1480 237 F: 2 
1479 5 1484 158 F: 2 3 
1480 5 1500 251 F: 3 2 
1481 10 1511 29 F: 10 
1482 13 1521 76 F: 13 
1489 8 1521 67 F: 8 
1491 9 1518 298 F: 7 2 
1494 3 1506 160 F: 3 
1494 10 1514 138 F: 4 4 2 
D: 0 280 
D: 4 43 
D: 4 74 
D: 8 139 
D: 20 132 
D: 21 272 
D: 26 181 
D: 32 109 
D: 38 149 
D: 38 245 
D: 46 79 
D: 49 58 
D: 56 222 
D: 57 148 
D: 61 229 
D: 64 290 
D: 75 174 
D: 80 248 
D: 80 255 
D: 85 124 
D: 93 278 
D: 98 147 
D: 106 234 
D: 129 198 
D: 135 175 
D: 143 239 
D: 147 288 
D: 153 198 
D: 161 252 
D: 172 265 
