1 4 5 36 F: 4 
3 7 17 243 F: 2 3 2 
8 11 52 144 F: 5 6 
15 7 29 67 F: 7 
19 2 25 39 F: 2 
19 7 47 164 F: 2 1 4 
30 9 57 86 F: 5 4 
36 2 42 53 F: 2 
39 12 75 262 F: 12 
40 9 76 127 F: 9 
45 8 53 117 F: 5 2 1 
46 5 61 14 F: 4 1 
47 11 80 103 F: 7 4 
53 4 61 91 F: 4 
53 11 97 210 F: 11 
56 8 88 46 F: 3 5 
59 4 63 96 F: 4 
78 2 82 64 F: 2 
83 7 104 240 F: 7 
87 7 94 244 F: 6 1 
105 4 109 35 F: 2 2 
109 7 130 174 F: 5 2 
110 4 118 123 F: 3 1 
110 8 134 203 F: 3 3 2 
112 8 144 123 F: 5 2 1 
117 7 124 29 F: 7 
118 13 144 249 F: 13 
119 5 134 252 F: 2 3 
129 7 150 29 F: 4 3 
130 9 148 52 F: 4 4 1 
159 8 167 182 F: 3 2 3 
162 3 168 11 F: 3 
168 9 204 178 F: 6 3 
174 7 188 267 F: 7 
177 9 213 51 F: 5 4 
179 6 203 189 F: 2 3 1 
180 4 196 220 F: 4 
183 11 194 190 F: 3 4 4 
184 11 217 251 F: 11 
189 6 195 297 F: 2 1 3 
200 9 227 22 F: 3 2 4 
211 5 231 148 F: 2 3 
212 9 248 84 F: 7 2 
213 2 217 250 F: 2 
214 10 234 137 F: 10 
215 9 251 234 F: 7 2 
217 6 235 221 F: 2 3 1 
217 8 241 95 F: 7 1 
217 9 253 287 F: 4 1 4 
217 11 261 251 F: 11 
238 7 252 261 F: 3 4 
245 9 281 80 F: 7 2 
252 5 267 244 F: 5 
256 10 266 198 F: 5 5 
263 13 302 66 F: 7 6 
271 8 287 45 F: 8 
272 13 324 190 F: 13 
288 8 304 199 F: 4 4 
291 10 321 10 F: 2 4 4 
295 11 306 56 F: 5 6 
311 8 327 197 F: 6 2 
316 9 352 173 F: 6 3 
323 10 353 166 F: 4 4 2 
323 12 335 110 F: 5 3 4 
333 9 360 272 F: 3 6 
338 6 362 111 F: 4 2 
339 10 349 272 F: 4 2 4 
339 11 383 104 F: 11 
342 8 366 185 F: 5 1 2 
344 10 354 139 F: 10 
348 9 366 280 F: 5 2 2 
350 12 398 84 F: 5 3 4 
362 8 370 41 F: 2 2 4 
362 8 378 143 F: 4 3 1 
371 8 395 89 F: 8 
374 13 426 253 F: 13 
375 8 399 230 F: 3 2 3 
388 11 421 171 F: 6 5 
389 9 416 184 F: 5 2 2 
390 10 430 117 F: 10 
402 10 412 171 F: 5 5 
404 9 413 150 F: 7 2 
405 7 426 98 F: 4 2 1 
405 10 435 72 F: 10 
409 10 419 30 F: 3 4 3 
428 7 435 232 F: 6 1 
431 7 459 88 F: 3 3 1 
433 8 457 48 F: 5 2 1 
434 9 461 5 F: 9 
435 8 443 149 F: 6 2 
443 9 461 30 F: 5 1 3 
451 9 460 292 F: 7 2 
452 7 480 156 F: 7 
461 2 467 102 F: 2 
470 13 522 20 F: 7 6 
475 9 493 41 F: 4 2 3 
476 8 508 176 F: 4 2 2 
485 7 492 172 F: 2 5 
493 11 537 135 F: 11 
496 2 502 140 F: 2 
510 10 530 141 F: 2 4 4 
510 12 534 55 F: 7 5 
512 13 564 238 F: 13 
514 9 532 120 F: 9 
516 8 524 267 F: 3 5 
521 9 539 156 F: 7 2 
526 7 540 144 F: 6 1 
539 8 555 38 F: 5 3 
542 11 564 248 F: 5 3 3 
546 6 564 74 F: 6 
557 3 566 191 F: 2 1 
559 10 589 54 F: 4 6 
570 13 609 290 F: 13 
572 11 583 49 F: 3 4 4 
577 6 595 69 F: 3 3 
581 3 590 279 F: 3 
581 7 595 234 F: 2 2 3 
588 7 595 150 F: 3 4 
589 8 605 32 F: 3 3 2 
596 9 623 6 F: 5 3 1 
602 10 622 103 F: 5 3 2 
603 8 627 55 F: 2 6 
604 6 622 76 F: 2 4 
605 8 629 154 F: 8 
611 8 635 2 F: 6 2 
619 6 625 60 F: 3 3 
625 11 669 290 F: 6 5 
626 9 662 145 F: 9 
643 7 664 40 F: 3 4 
655 9 673 59 F: 6 3 
656 12 668 55 F: 6 6 
660 8 692 275 F: 4 2 2 
665 5 680 210 F: 3 2 
668 9 677 276 F: 6 3 
670 7 698 251 F: 5 2 
670 11 681 258 F: 5 2 4 
670 11 714 190 F: 4 3 4 
684 10 724 231 F: 2 4 4 
685 6 697 7 F: 3 3 
697 8 729 198 F: 2 3 3 
706 8 738 124 F: 8 
708 8 740 234 F: 5 3 
712 4 728 292 F: 3 1 
715 4 727 227 F: 2 1 1 
719 9 737 296 F: 5 4 
722 6 734 286 F: 2 4 
727 10 767 127 F: 3 3 4 
732 10 742 175 F: 3 4 3 
735 5 740 169 F: 3 2 
740 10 760 270 F: 5 2 3 
742 4 750 231 F: 4 
753 8 785 256 F: 2 6 
761 12 809 87 F: 12 
767 3 770 273 F: 3 
769 12 781 265 F: 7 5 
774 12 786 211 F: 7 5 
775 8 799 156 F: 5 3 
780 12 828 203 F: 4 4 4 
787 8 795 199 F: 8 
793 5 803 255 F: 2 3 
804 7 825 117 F: 4 2 1 
815 6 839 202 F: 6 
822 4 826 281 F: 3 1 
824 7 852 128 F: 5 1 1 
826 8 842 29 F: 2 4 2 
827 13 879 130 F: 13 
830 6 848 176 F: 3 3 
837 10 847 64 F: 5 2 3 
837 10 857 253 F: 5 3 2 
840 11 873 155 F: 11 
853 8 869 190 F: 2 3 3 
854 5 869 93 F: 2 1 2 
863 9 890 232 F: 4 5 
867 11 889 277 F: 11 
869 11 880 200 F: 7 4 
873 6 897 113 F: 2 3 1 
881 7 909 145 F: 3 4 
897 8 929 143 F: 5 3 
897 12 909 181 F: 5 3 4 
899 8 915 159 F: 4 1 3 
902 6 920 71 F: 6 
906 8 938 97 F: 8 
912 13 938 36 F: 13 
918 6 930 180 F: 5 1 
923 10 943 143 F: 10 
925 10 965 266 F: 10 
938 9 974 51 F: 4 1 4 
941 12 953 137 F: 12 
946 11 968 190 F: 4 3 4 
947 10 987 282 F: 4 3 3 
947 12 983 216 F: 12 
951 7 972 295 F: 5 2 
951 12 975 289 F: 5 3 4 
952 13 978 166 F: 13 
966 9 975 61 F: 9 
969 6 987 139 F: 2 2 2 
973 7 980 213 F: 7 
988 6 1012 246 F: 2 1 3 
990 10 1010 295 F: 10 
999 12 1023 258 F: 5 4 3 
1000 13 1026 292 F: 13 
1001 8 1033 128 F: 7 1 
1018 5 1033 142 F: 2 3 
1018 5 1033 255 F: 2 3 
1019 8 1027 105 F: 4 4 
1028 6 1046 257 F: 6 
1033 7 1047 240 F: 3 1 3 
1033 10 1063 216 F: 10 
1036 7 1043 300 F: 2 1 4 
1037 9 1064 33 F: 2 4 3 
1042 9 1051 46 F: 3 3 3 
1044 7 1051 80 F: 2 4 1 
1045 8 1053 12 F: 3 2 3 
1060 6 1066 172 F: 6 
1065 9 1092 272 F: 3 6 
1068 9 1095 106 F: 3 3 3 
1074 5 1094 158 F: 5 
1086 8 1118 153 F: 2 6 
1086 13 1099 296 F: 13 
1088 12 1136 166 F: 5 4 3 
1101 10 1111 269 F: 4 4 2 
1117 11 1139 141 F: 5 3 3 
1118 8 1126 224 F: 7 1 
1132 9 1150 195 F: 4 5 
1133 8 1157 109 F: 3 2 3 
1135 8 1143 234 F: 3 1 4 
1135 9 1171 154 F: 6 3 
1136 8 1152 51 F: 7 1 
1139 7 1160 283 F: 5 1 1 
1148 7 1169 254 F: 7 
1149 4 1161 275 F: 4 
1152 9 1161 53 F: 3 4 2 
1157 7 1164 67 F: 2 4 1 
1167 8 1175 181 F: 6 2 
1171 6 1183 288 F: 2 4 
1172 6 1196 180 F: 2 3 1 
1191 8 1223 133 F: 3 4 1 
1193 9 1202 208 F: 4 2 3 
1195 6 1201 56 F: 6 
1195 7 1202 91 F: 3 1 3 
1214 11 1258 239 F: 6 5 
1215 4 1219 133 F: 2 1 1 
1219 7 1247 284 F: 2 5 
1225 7 1239 255 F: 3 4 
1229 7 1250 229 F: 6 1 
1229 8 1237 143 F: 8 
1230 6 1242 145 F: 6 
1234 7 1248 107 F: 4 3 
1235 4 1251 35 F: 4 
1236 9 1254 97 F: 9 
1239 7 1246 181 F: 2 2 3 
1255 10 1295 219 F: 3 3 4 
1257 8 1281 163 F: 8 
1257 11 1279 18 F: 5 2 4 
1263 10 1273 62 F: 10 
1266 6 1290 125 F: 6 
1271 11 1293 283 F: 5 2 4 
1272 4 1288 22 F: 2 1 1 
1275 11 1297 279 F: 5 2 4 
1297 5 1307 241 F: 4 1 
1305 11 1316 206 F: 5 6 
1318 7 1332 258 F: 2 5 
1320 9 1347 52 F: 3 6 
1326 10 1366 166 F: 10 
1335 7 1342 155 F: 3 2 2 
1340 6 1346 214 F: 3 3 
1347 10 1387 85 F: 7 3 
1348 12 1396 239 F: 5 4 3 
1350 6 1374 197 F: 3 2 1 
1355 11 1377 43 F: 4 3 4 
1360 9 1378 126 F: 4 1 4 
1363 9 1372 61 F: 2 4 3 
1365 6 1389 141 F: 6 
1375 12 1387 205 F: 12 
1377 7 1405 43 F: 7 
1388 10 1418 148 F: 4 2 4 
1390 6 1402 42 F: 6 
1390 10 1410 53 F: 4 2 4 
1393 9 1402 94 F: 4 2 3 
1394 5 1409 289 F: 5 
1404 13 1456 154 F: 7 6 
1409 5 1419 216 F: 5 
1415 7 1436 284 F: 4 2 1 
1417 10 1427 161 F: 4 3 3 
1419 10 1439 268 F: 4 4 2 
1432 10 1462 86 F: 5 2 3 
1436 12 1472 8 F: 7 5 
1445 8 1477 119 F: 3 1 4 
1449 5 1469 240 F: 2 3 
1450 10 1470 51 F: 4 3 3 
1453 9 1471 112 F: 9 
1453 10 1483 121 F: 2 4 4 
1454 13 1506 285 F: 13 
1456 6 1468 262 F: 2 3 1 
1456 9 1492 279 F: 5 1 3 
1465 10 1495 127 F: 5 1 4 
1466 9 1484 28 F: 4 4 1 
1482 9 1500 264 F: 3 3 3 
1494 7 1508 83 F: 5 2 
1495 10 1525 247 F: 2 4 4 
D: 6 155 
D: 7 91 
D: 35 79 
D: 41 127 
D: 42 176 
D: 47 140 
D: 60 133 
D: 79 151 
D: 83 237 
D: 83 248 
D: 91 143 
D: 93 131 
D: 100 287 
D: 105 130 
D: 108 129 
D: 109 131 
D: 112 210 
D: 134 291 
D: 142 262 
D: 154 229 
D: 154 230 
D: 158 291 
D: 163 218 
D: 174 181 
D: 177 228 
D: 187 279 
D: 224 254 
D: 226 262 
D: 251 287 
D: 254 289 
