0 7 7 52 F: 2 5 
1 12 13 106 F: 5 4 3 
2 13 41 235 F: 7 6 
3 3 15 172 F: 3 
8 8 16 266 F: 8 
17 12 65 168 F: 12 
25 5 35 1 F: 4 1 
26 8 42 138 F: 7 1 
39 7 67 73 F: 7 
41 8 49 228 F: 8 
50 6 56 203 F: 4 2 
55 10 65 222 F: 10 
60 6 66 47 F: 3 3 
60 7 67 296 F: 2 4 1 
60 8 76 8 F: 5 3 
69 10 79 168 F: 7 3 
75 8 91 19 F: 2 4 2 
76 7 104 82 F: 4 3 
77 9 104 1 F: 3 4 2 
83 5 103 41 F: 5 
104 9 113 287 F: 7 2 
105 12 129 173 F: 4 4 4 
114 8 130 208 F: 4 4 
124 10 134 87 F: 5 1 4 
132 4 144 26 F: 2 2 
135 7 142 239 F: 7 
140 7 154 6 F: 2 3 2 
142 10 152 232 F: 5 4 1 
149 9 167 9 F: 7 2 
151 4 163 289 F: 4 
155 9 182 284 F: 7 2 
159 8 183 123 F: 2 3 3 
159 11 181 66 F: 5 4 2 
162 10 202 278 F: 5 1 4 
168 7 175 155 F: 4 1 2 
175 8 207 246 F: 8 
180 4 188 258 F: 2 2 
182 11 204 287 F: 11 
184 7 212 169 F: 2 3 2 
193 8 217 46 F: 8 
208 5 223 187 F: 2 3 
209 5 214 181 F: 2 1 2 
212 3 221 272 F: 2 1 
212 10 252 159 F: 10 
214 8 238 59 F: 3 1 4 
215 5 235 299 F: 5 
216 8 224 54 F: 2 4 2 
217 6 223 158 F: 5 1 
230 8 262 46 F: 3 5 
232 9 250 187 F: 9 
238 8 246 144 F: 4 1 3 
239 6 263 287 F: 4 2 
254 13 306 283 F: 7 6 
255 10 275 158 F: 10 
257 13 309 199 F: 13 
261 10 301 87 F: 5 4 1 
273 7 287 53 F: 4 1 2 
278 8 286 201 F: 8 
285 8 309 291 F: 5 1 2 
287 9 323 245 F: 5 3 1 
302 3 314 97 F: 2 1 
305 8 329 190 F: 3 3 2 
305 10 315 66 F: 4 6 
317 6 341 4 F: 6 
317 7 338 27 F: 4 2 1 
326 7 333 57 F: 6 1 
335 8 359 101 F: 4 2 2 
345 4 357 293 F: 4 
345 11 356 73 F: 6 5 
348 10 368 252 F: 4 6 
351 9 378 177 F: 9 
371 8 387 176 F: 8 
373 4 389 52 F: 4 
376 2 384 202 F: 2 
380 9 416 288 F: 5 1 3 
389 3 398 82 F: 3 
391 12 415 13 F: 4 4 4 
397 8 413 285 F: 4 1 3 
398 8 414 84 F: 8 
399 6 411 217 F: 3 1 2 
408 13 447 3 F: 13 
414 6 432 1 F: 4 1 1 
414 11 436 30 F: 7 4 
415 12 463 148 F: 12 
417 7 438 157 F: 3 3 1 
427 10 437 148 F: 4 2 4 
430 10 450 154 F: 5 4 1 
438 3 450 202 F: 2 1 
439 10 449 160 F: 10 
446 11 468 256 F: 6 5 
453 10 493 198 F: 4 2 4 
458 9 467 161 F: 3 6 
462 8 486 290 F: 8 
473 5 483 234 F: 3 1 1 
476 10 486 115 F: 5 2 3 
483 3 495 52 F: 3 
496 4 512 83 F: 4 
499 8 507 105 F: 4 4 
499 8 523 47 F: 7 1 
499 10 529 211 F: 10 
500 7 514 156 F: 3 4 
504 10 514 80 F: 10 
504 13 530 207 F: 13 
526 4 534 215 F: 3 1 
528 8 536 283 F: 2 6 
531 9 549 145 F: 9 
541 9 559 25 F: 5 1 3 
543 7 564 267 F: 6 1 
545 6 563 48 F: 6 
545 8 577 102 F: 8 
552 10 562 255 F: 4 2 4 
565 11 587 146 F: 6 5 
571 4 587 5 F: 2 1 1 
577 12 589 4 F: 12 
586 10 606 282 F: 7 3 
587 6 611 41 F: 6 
589 6 595 166 F: 2 3 1 
593 10 613 53 F: 5 5 
595 9 622 298 F: 9 
595 9 631 290 F: 9 
601 4 617 41 F: 4 
606 8 614 139 F: 6 2 
615 13 667 154 F: 5 4 4 
621 13 634 253 F: 13 
623 7 644 197 F: 3 1 3 
627 9 645 10 F: 9 
632 7 660 158 F: 3 1 3 
640 2 642 45 F: 2 
645 9 654 175 F: 3 2 4 
647 8 671 104 F: 4 2 2 
652 3 655 230 F: 3 
652 13 704 248 F: 13 
658 2 662 136 F: 2 
661 7 689 256 F: 7 
668 4 684 229 F: 4 
671 8 679 273 F: 3 5 
673 10 693 101 F: 4 6 
681 9 708 247 F: 3 2 4 
687 7 708 167 F: 7 
687 11 698 185 F: 7 4 
703 9 739 280 F: 3 2 4 
704 9 722 280 F: 5 3 1 
714 5 734 191 F: 2 3 
717 7 745 125 F: 4 1 2 
724 7 738 236 F: 2 5 
728 4 732 12 F: 4 
731 13 770 184 F: 13 
733 10 753 180 F: 10 
740 6 752 142 F: 3 1 2 
744 7 751 285 F: 2 5 
744 9 753 162 F: 4 3 2 
745 3 754 17 F: 3 
750 12 786 115 F: 12 
758 11 769 167 F: 7 4 
764 8 788 242 F: 4 3 1 
769 3 778 57 F: 3 
771 11 793 5 F: 4 3 4 
772 6 778 60 F: 3 2 1 
779 5 789 294 F: 3 2 
794 7 808 153 F: 4 3 
801 8 825 38 F: 6 2 
803 7 810 22 F: 7 
806 9 815 219 F: 5 4 
816 9 825 262 F: 5 3 1 
824 11 835 244 F: 5 4 2 
829 10 839 164 F: 5 5 
838 4 846 214 F: 3 1 
849 9 858 295 F: 5 1 3 
850 11 861 5 F: 6 5 
851 3 863 149 F: 3 
866 9 875 294 F: 3 6 
866 11 888 220 F: 4 3 4 
871 2 875 252 F: 2 
871 9 889 191 F: 9 
872 8 904 69 F: 5 1 2 
882 6 888 102 F: 4 2 
883 7 904 115 F: 7 
889 10 899 41 F: 3 4 3 
896 11 918 95 F: 6 5 
899 7 920 260 F: 2 5 
905 7 926 153 F: 5 2 
912 13 964 194 F: 13 
923 6 941 143 F: 3 1 2 
924 6 930 272 F: 4 2 
927 9 963 83 F: 9 
935 8 967 178 F: 5 3 
941 4 949 145 F: 2 1 1 
941 13 954 173 F: 7 6 
947 10 977 152 F: 6 4 
951 8 983 84 F: 8 
955 7 983 268 F: 2 5 
956 10 996 163 F: 6 4 
958 7 965 241 F: 6 1 
959 4 967 271 F: 4 
968 7 982 166 F: 5 1 1 
968 11 979 210 F: 7 4 
971 13 997 66 F: 5 4 4 
984 9 1002 202 F: 3 6 
985 9 1012 246 F: 4 5 
994 7 1022 294 F: 4 2 1 
1002 12 1014 169 F: 12 
1010 5 1015 117 F: 4 1 
1012 11 1045 198 F: 11 
1021 4 1029 209 F: 4 
1024 7 1031 77 F: 3 1 3 
1026 11 1059 295 F: 11 
1044 5 1049 153 F: 5 
1051 6 1075 40 F: 2 1 3 
1053 9 1089 251 F: 6 3 
1060 7 1074 162 F: 3 2 2 
1064 10 1074 287 F: 10 
1076 6 1100 132 F: 4 2 
1077 8 1085 64 F: 3 2 3 
1078 5 1083 25 F: 5 
1079 10 1089 161 F: 5 1 4 
1086 11 1119 225 F: 4 3 4 
1092 9 1119 130 F: 3 3 3 
1098 9 1107 237 F: 6 3 
1098 9 1125 262 F: 5 4 
1099 10 1129 234 F: 4 6 
1102 5 1112 148 F: 5 
1106 8 1114 239 F: 3 1 4 
1122 9 1131 87 F: 9 
1124 9 1160 178 F: 3 4 2 
1126 6 1132 294 F: 2 3 1 
1129 13 1168 239 F: 5 4 4 
1143 3 1152 157 F: 3 
1146 13 1185 3 F: 13 
1154 9 1181 107 F: 5 4 
1155 6 1167 141 F: 3 3 
1158 9 1167 97 F: 5 3 1 
1167 4 1179 203 F: 2 2 
1169 8 1193 247 F: 6 2 
1171 7 1199 198 F: 7 
1174 4 1178 279 F: 4 
1184 10 1224 142 F: 10 
1187 7 1208 254 F: 7 
1188 9 1197 285 F: 9 
1194 5 1199 51 F: 2 3 
1199 7 1220 215 F: 2 4 1 
1203 5 1208 32 F: 4 1 
1203 9 1230 120 F: 4 5 
1205 13 1244 205 F: 13 
1215 10 1235 79 F: 5 2 3 
1216 7 1230 120 F: 2 1 4 
1217 7 1231 73 F: 4 3 
1224 4 1240 277 F: 3 1 
1235 5 1240 110 F: 3 2 
1238 7 1252 85 F: 4 1 2 
1241 12 1277 284 F: 12 
1257 3 1260 255 F: 3 
1260 9 1269 73 F: 4 3 2 
1261 11 1294 96 F: 5 4 2 
1265 6 1277 193 F: 3 1 2 
1274 8 1306 114 F: 3 2 3 
1276 7 1304 106 F: 4 3 
1277 7 1298 62 F: 3 1 3 
1290 6 1296 221 F: 6 
1292 10 1322 160 F: 5 5 
1296 7 1317 89 F: 7 
1300 13 1313 81 F: 13 
1306 13 1319 131 F: 13 
1315 12 1351 16 F: 7 5 
1316 8 1348 96 F: 3 5 
1318 6 1324 28 F: 2 4 
1318 10 1348 186 F: 4 3 3 
1319 11 1341 10 F: 11 
1331 12 1343 261 F: 4 4 4 
1333 5 1353 71 F: 4 1 
1342 12 1366 39 F: 6 6 
1349 7 1377 120 F: 3 4 
1353 8 1369 32 F: 7 1 
1361 8 1385 92 F: 3 2 3 
1366 12 1402 178 F: 7 5 
1371 13 1384 1 F: 7 6 
1373 8 1397 85 F: 3 1 4 
1374 13 1400 136 F: 7 6 
1379 7 1386 260 F: 5 2 
1390 10 1420 23 F: 10 
1399 9 1426 194 F: 3 4 2 
1404 7 1432 94 F: 4 2 1 
1407 5 1427 61 F: 5 
1435 4 1447 25 F: 2 2 
1441 2 1447 12 F: 2 
1442 8 1450 59 F: 7 1 
1443 8 1451 160 F: 2 6 
1444 6 1468 149 F: 4 2 
1448 6 1472 189 F: 4 2 
1452 7 1459 254 F: 4 3 
1453 10 1493 58 F: 4 3 3 
1461 8 1493 55 F: 8 
1472 8 1496 291 F: 2 6 
1475 7 1489 72 F: 7 
1477 13 1490 139 F: 5 4 4 
1479 6 1491 38 F: 2 3 1 
1480 9 1489 262 F: 9 
1486 5 1506 146 F: 2 2 1 
1490 4 1506 199 F: 4 
1491 12 1503 69 F: 12 
1497 8 1521 266 F: 8 
D: 2 121 
D: 2 224 
D: 5 53 
D: 19 46 
D: 21 244 
D: 28 281 
D: 34 211 
D: 50 144 
D: 52 99 
D: 53 73 
D: 53 154 
D: 64 131 
D: 64 206 
D: 65 229 
D: 73 137 
D: 77 167 
D: 81 102 
D: 93 216 
D: 99 237 
D: 133 210 
D: 135 137 
D: 139 213 
D: 150 224 
D: 184 272 
D: 196 200 
D: 203 278 
D: 215 297 
D: 216 286 
D: 251 284 
D: 252 299 
