0 8 32 20 F: 4 3 1 
4 11 26 249 F: 5 6 
8 8 32 82 F: 6 2 
10 9 37 165 F: 6 3 
30 5 40 87 F: 3 2 
31 11 53 271 F: 7 4 
44 8 52 89 F: 2 6 
44 11 55 208 F: 11 
51 11 62 136 F: 11 
57 7 85 230 F: 2 3 2 
58 10 98 208 F: 10 
61 7 75 19 F: 3 4 
62 10 72 151 F: 5 4 1 
67 4 79 279 F: 4 
71 8 87 295 F: 3 4 1 
71 12 119 87 F: 5 4 3 
72 9 81 230 F: 3 2 4 
73 4 81 266 F: 2 2 
75 7 82 143 F: 2 4 1 
95 11 106 34 F: 11 
104 7 132 60 F: 7 
112 2 116 80 F: 2 
112 7 119 142 F: 7 
112 13 125 28 F: 5 4 4 
123 5 143 10 F: 5 
130 9 139 287 F: 4 1 4 
131 5 141 64 F: 5 
144 8 160 126 F: 8 
144 9 171 133 F: 5 2 2 
150 2 158 19 F: 2 
150 11 183 214 F: 11 
152 9 161 257 F: 4 4 1 
156 8 188 121 F: 3 5 
158 12 206 250 F: 7 5 
172 12 184 87 F: 12 
180 2 182 274 F: 2 
183 7 190 86 F: 3 2 2 
185 9 194 71 F: 9 
188 10 228 192 F: 5 4 1 
193 13 206 103 F: 13 
200 8 232 28 F: 2 6 
201 12 213 204 F: 7 5 
203 8 235 233 F: 2 4 2 
204 6 222 146 F: 6 
217 11 250 261 F: 5 4 2 
220 13 233 121 F: 13 
230 11 274 13 F: 6 5 
233 11 244 112 F: 11 
265 11 276 240 F: 3 4 4 
268 8 292 128 F: 7 1 
270 8 286 1 F: 2 6 
278 7 306 196 F: 2 4 1 
279 7 307 227 F: 2 1 4 
279 8 287 178 F: 3 2 3 
281 8 289 185 F: 2 6 
281 8 289 272 F: 7 1 
286 3 289 81 F: 3 
292 6 310 84 F: 6 
298 7 312 103 F: 2 5 
298 11 342 184 F: 3 4 4 
300 9 318 222 F: 4 2 3 
316 10 346 213 F: 4 6 
319 6 331 104 F: 6 
320 5 330 146 F: 4 1 
321 10 351 22 F: 7 3 
325 9 361 278 F: 9 
329 9 338 204 F: 9 
331 8 347 174 F: 2 4 2 
352 8 376 188 F: 7 1 
353 9 380 26 F: 2 4 3 
359 11 403 284 F: 6 5 
364 6 382 123 F: 2 4 
369 7 383 138 F: 3 3 1 
371 6 389 265 F: 3 3 
374 11 385 215 F: 7 4 
383 8 407 46 F: 7 1 
387 10 427 279 F: 10 
388 5 403 216 F: 2 3 
395 13 447 178 F: 13 
397 12 433 281 F: 7 5 
404 7 411 267 F: 7 
407 7 414 295 F: 4 3 
407 8 439 298 F: 5 3 
408 9 426 249 F: 9 
420 9 438 215 F: 4 5 
422 11 433 146 F: 5 6 
423 6 435 14 F: 2 4 
427 10 447 59 F: 4 4 2 
428 5 448 119 F: 2 3 
428 12 440 266 F: 12 
436 11 480 102 F: 4 4 3 
443 9 461 147 F: 4 4 1 
455 9 491 243 F: 5 1 3 
462 9 471 269 F: 4 2 3 
467 9 485 117 F: 4 4 1 
471 9 507 185 F: 6 3 
475 7 482 275 F: 2 5 
476 9 494 7 F: 6 3 
485 10 515 104 F: 6 4 
492 10 502 65 F: 6 4 
500 8 508 119 F: 3 4 1 
501 6 507 261 F: 4 2 
505 12 553 240 F: 12 
507 11 551 288 F: 5 6 
513 7 527 197 F: 6 1 
514 7 542 287 F: 3 3 1 
517 6 529 18 F: 6 
524 6 548 106 F: 2 4 
525 10 565 99 F: 3 3 4 
526 6 550 146 F: 5 1 
540 7 554 64 F: 3 4 
554 4 570 133 F: 3 1 
556 9 583 271 F: 7 2 
557 9 575 1 F: 6 3 
566 2 572 278 F: 2 
569 6 575 45 F: 5 1 
571 5 581 99 F: 2 2 1 
578 6 602 54 F: 5 1 
598 7 605 64 F: 2 4 1 
599 12 635 268 F: 12 
602 7 630 70 F: 3 2 2 
604 7 625 127 F: 7 
606 8 622 50 F: 6 2 
616 6 634 37 F: 2 2 2 
619 4 631 140 F: 2 1 1 
622 9 649 111 F: 5 4 
624 6 636 23 F: 2 3 1 
634 8 658 136 F: 7 1 
637 6 649 151 F: 3 1 2 
639 5 649 53 F: 3 1 1 
642 4 646 171 F: 4 
646 5 661 268 F: 2 2 1 
646 12 670 57 F: 5 3 4 
661 11 705 92 F: 5 6 
676 10 706 275 F: 4 3 3 
680 8 688 295 F: 4 2 2 
684 5 694 48 F: 3 1 1 
692 6 710 27 F: 3 3 
698 5 708 12 F: 5 
698 7 705 116 F: 3 2 2 
706 10 726 300 F: 5 4 1 
708 2 710 179 F: 2 
716 3 725 299 F: 2 1 
720 11 742 180 F: 5 6 
722 6 746 111 F: 2 4 
732 6 738 57 F: 6 
732 7 753 278 F: 2 2 3 
734 10 744 28 F: 3 4 3 
745 6 763 177 F: 5 1 
750 8 782 88 F: 3 2 3 
752 10 792 115 F: 5 5 
765 13 804 127 F: 13 
765 13 804 243 F: 13 
770 3 776 32 F: 3 
771 7 799 271 F: 5 2 
778 7 806 205 F: 7 
786 4 798 241 F: 4 
790 5 805 18 F: 2 2 1 
797 4 809 57 F: 4 
799 7 813 98 F: 2 5 
800 10 830 229 F: 2 4 4 
802 10 822 277 F: 10 
813 4 817 141 F: 4 
813 11 857 109 F: 4 3 4 
823 2 827 39 F: 2 
823 7 837 107 F: 7 
830 3 833 84 F: 3 
833 6 857 172 F: 4 2 
843 12 879 153 F: 12 
853 7 860 28 F: 5 2 
858 4 866 74 F: 3 1 
859 9 895 33 F: 4 2 3 
862 9 889 5 F: 9 
864 8 872 176 F: 4 1 3 
880 9 916 23 F: 2 3 4 
882 12 894 86 F: 12 
883 13 922 15 F: 13 
889 12 937 159 F: 12 
898 9 925 116 F: 7 2 
898 13 937 95 F: 5 4 4 
906 8 938 74 F: 4 2 2 
918 10 948 156 F: 6 4 
924 9 951 182 F: 9 
929 10 949 194 F: 2 4 4 
934 5 949 262 F: 4 1 
937 10 957 241 F: 5 4 1 
938 8 970 192 F: 4 3 1 
940 10 970 222 F: 4 3 3 
942 13 981 140 F: 13 
943 6 949 220 F: 4 2 
946 10 976 161 F: 10 
954 11 987 208 F: 11 
958 5 978 209 F: 4 1 
964 6 970 226 F: 6 
965 13 1004 69 F: 13 
968 12 1016 50 F: 7 5 
983 12 995 157 F: 5 3 4 
986 6 1004 180 F: 4 2 
990 6 1014 163 F: 6 
996 8 1028 267 F: 8 
1011 10 1021 111 F: 10 
1019 10 1029 145 F: 4 4 2 
1021 10 1061 12 F: 2 4 4 
1027 6 1039 167 F: 3 1 2 
1031 7 1052 151 F: 3 4 
1039 8 1071 100 F: 4 4 
1042 4 1058 35 F: 4 
1042 6 1066 100 F: 6 
1055 10 1085 151 F: 6 4 
1066 3 1075 21 F: 3 
1071 6 1083 250 F: 5 1 
1074 8 1106 240 F: 4 1 3 
1077 7 1098 275 F: 4 2 1 
1081 6 1087 102 F: 3 3 
1082 12 1118 185 F: 5 4 3 
1090 2 1098 156 F: 2 
1093 8 1101 140 F: 8 
1094 9 1103 273 F: 4 5 
1095 9 1122 118 F: 3 2 4 
1095 13 1147 161 F: 7 6 
1105 13 1157 266 F: 13 
1112 4 1116 264 F: 2 2 
1116 12 1128 193 F: 12 
1119 7 1140 277 F: 7 
1127 12 1163 277 F: 12 
1136 8 1152 286 F: 5 3 
1138 6 1162 60 F: 6 
1140 8 1172 288 F: 2 3 3 
1141 6 1159 98 F: 3 2 1 
1141 10 1161 68 F: 5 3 2 
1145 9 1163 19 F: 4 2 3 
1149 10 1179 247 F: 6 4 
1157 9 1193 291 F: 7 2 
1165 11 1176 126 F: 7 4 
1166 12 1214 230 F: 12 
1168 8 1192 86 F: 3 2 3 
1187 11 1209 137 F: 6 5 
1189 13 1215 280 F: 13 
1192 6 1210 206 F: 2 3 1 
1196 6 1208 216 F: 5 1 
1207 7 1214 241 F: 4 3 
1211 8 1219 208 F: 3 5 
1212 10 1232 172 F: 4 6 
1212 12 1236 263 F: 7 5 
1216 11 1238 57 F: 7 4 
1220 8 1228 255 F: 4 2 2 
1227 9 1236 266 F: 6 3 
1228 12 1252 183 F: 5 3 4 
1231 12 1255 14 F: 12 
1245 8 1269 99 F: 5 2 1 
1246 10 1276 168 F: 5 3 2 
1248 5 1253 284 F: 2 1 2 
1253 7 1281 15 F: 7 
1254 5 1269 33 F: 2 3 
1273 5 1283 37 F: 5 
1274 3 1286 254 F: 2 1 
1274 7 1288 83 F: 2 5 
1278 11 1311 299 F: 6 5 
1293 3 1305 11 F: 3 
1293 11 1326 69 F: 3 4 4 
1308 7 1322 297 F: 3 2 2 
1311 5 1331 114 F: 4 1 
1313 3 1325 106 F: 3 
1313 3 1325 186 F: 3 
1315 10 1355 77 F: 5 2 3 
1324 8 1356 29 F: 4 2 2 
1326 10 1356 287 F: 6 4 
1331 11 1342 275 F: 7 4 
1338 5 1353 147 F: 3 2 
1338 13 1364 152 F: 7 6 
1344 13 1370 246 F: 13 
1348 9 1366 235 F: 5 1 3 
1371 7 1392 106 F: 7 
1377 6 1389 129 F: 2 4 
1383 6 1395 30 F: 4 1 1 
1384 10 1404 189 F: 3 4 3 
1384 11 1395 106 F: 7 4 
1392 10 1402 175 F: 3 4 3 
1396 9 1405 195 F: 5 1 3 
1399 12 1435 267 F: 4 4 4 
1401 7 1422 300 F: 7 
1429 6 1441 295 F: 4 2 
1430 8 1446 6 F: 5 2 1 
1437 8 1445 84 F: 3 2 3 
1437 11 1481 241 F: 4 3 4 
1443 7 1471 106 F: 4 3 
1444 12 1456 109 F: 12 
1446 8 1470 153 F: 2 6 
1450 8 1474 227 F: 5 1 2 
1456 7 1477 285 F: 7 
1458 11 1469 127 F: 5 6 
1461 7 1482 114 F: 7 
1468 8 1492 133 F: 5 3 
1471 11 1493 174 F: 4 4 3 
1472 8 1480 21 F: 3 5 
1472 13 1498 147 F: 5 4 4 
1480 9 1507 118 F: 5 4 
1483 8 1507 34 F: 2 3 3 
1488 8 1520 70 F: 4 4 
1488 13 1527 230 F: 13 
D: 3 119 
D: 5 265 
D: 14 129 
D: 33 125 
D: 33 168 
D: 33 297 
D: 35 155 
D: 38 171 
D: 39 163 
D: 51 142 
D: 51 143 
D: 52 273 
D: 53 232 
D: 58 112 
D: 65 268 
D: 93 256 
D: 120 142 
D: 122 248 
D: 124 258 
D: 126 151 
D: 134 178 
D: 141 231 
D: 151 236 
D: 155 261 
D: 155 268 
D: 186 220 
D: 190 273 
D: 216 276 
D: 217 232 
D: 231 256 
