10 12 58 191 F: 5 4 3 
15 6 27 313 F: 2 3 1 
17 2 19 329 F: 2 
18 9 36 205 F: 4 3 2 
21 11 65 12 F: 6 5 
23 9 50 83 F: 6 3 
25 12 37 15 F: 5 3 4 
30 9 39 247 F: 4 5 
31 4 39 98 F: 4 
34 3 37 277 F: 2 1 
39 9 75 13 F: 6 3 
54 6 72 159 F: 6 
67 7 74 347 F: 3 3 1 
72 8 88 252 F: 4 4 
73 9 100 209 F: 5 4 
83 9 119 343 F: 2 3 4 
90 11 101 29 F: 5 6 
93 8 117 30 F: 8 
94 10 124 30 F: 2 4 4 
98 8 114 292 F: 8 
103 7 117 314 F: 6 1 
107 9 125 10 F: 5 4 
118 3 127 331 F: 3 
123 5 128 48 F: 3 1 1 
125 6 131 8 F: 2 3 1 
143 8 175 178 F: 6 2 
145 11 167 288 F: 7 4 
148 8 156 156 F: 6 2 
149 8 165 1 F: 8 
150 9 159 318 F: 5 2 2 
153 9 171 338 F: 3 4 2 
156 10 166 25 F: 5 2 3 
159 7 166 242 F: 7 
163 7 184 223 F: 5 2 
171 10 201 213 F: 10 
180 7 201 67 F: 7 
181 10 221 260 F: 10 
195 6 213 108 F: 3 3 
198 8 222 284 F: 8 
198 9 225 35 F: 4 4 1 
204 9 231 188 F: 3 2 4 
205 2 213 97 F: 2 
205 8 237 48 F: 3 3 2 
210 13 223 99 F: 7 6 
217 5 222 55 F: 5 
221 13 234 65 F: 7 6 
221 13 260 39 F: 7 6 
224 7 245 336 F: 4 2 1 
237 9 246 26 F: 4 3 2 
240 7 261 100 F: 4 1 2 
242 8 266 295 F: 4 1 3 
249 5 259 230 F: 5 
252 6 276 57 F: 4 2 
256 11 300 112 F: 11 
259 10 269 348 F: 4 4 2 
259 12 307 6 F: 12 
267 7 295 150 F: 7 
283 6 301 165 F: 2 1 3 
291 6 297 3 F: 2 4 
295 10 315 167 F: 4 4 2 
300 4 316 109 F: 4 
303 11 347 89 F: 7 4 
304 5 324 42 F: 5 
304 6 322 157 F: 4 2 
314 8 338 333 F: 5 2 1 
316 7 337 223 F: 7 
316 8 332 253 F: 4 1 3 
330 6 348 102 F: 3 3 
332 12 344 327 F: 7 5 
334 10 354 172 F: 4 2 4 
339 8 363 267 F: 8 
343 9 370 299 F: 3 6 
363 12 411 138 F: 12 
367 4 371 42 F: 2 1 1 
376 10 406 289 F: 5 2 3 
377 9 413 176 F: 9 
385 7 392 103 F: 2 1 4 
386 5 391 7 F: 4 1 
393 8 417 155 F: 2 2 4 
398 4 414 326 F: 4 
400 8 424 153 F: 2 4 2 
403 6 421 116 F: 6 
405 11 416 7 F: 4 3 4 
410 7 431 346 F: 2 5 
417 10 427 122 F: 3 3 4 
419 12 431 206 F: 5 3 4 
422 8 438 68 F: 8 
424 8 456 75 F: 4 2 2 
426 10 446 178 F: 6 4 
451 4 463 91 F: 3 1 
451 6 475 340 F: 5 1 
452 6 464 21 F: 2 1 3 
457 9 493 239 F: 3 2 4 
463 10 473 45 F: 4 6 
476 9 485 234 F: 9 
478 13 517 98 F: 7 6 
480 9 498 43 F: 2 3 4 
485 2 487 115 F: 2 
492 5 502 263 F: 4 1 
494 7 508 253 F: 4 3 
502 9 538 10 F: 4 4 1 
504 3 507 129 F: 2 1 
520 6 538 139 F: 2 4 
532 10 572 120 F: 5 3 2 
532 11 565 89 F: 4 4 3 
541 3 550 249 F: 3 
544 10 554 236 F: 6 4 
545 7 566 119 F: 5 2 
549 7 563 52 F: 4 2 1 
551 12 587 193 F: 6 6 
554 13 593 114 F: 13 
558 8 590 247 F: 5 1 2 
572 13 598 237 F: 13 
577 10 607 33 F: 6 4 
582 6 606 349 F: 3 1 2 
589 9 616 171 F: 7 2 
589 10 599 316 F: 2 4 4 
595 6 601 79 F: 6 
598 9 607 291 F: 9 
599 9 635 56 F: 4 2 3 
605 9 623 240 F: 5 3 1 
606 7 613 345 F: 5 2 
608 11 652 226 F: 11 
620 13 633 331 F: 13 
626 4 634 183 F: 2 1 1 
637 3 646 32 F: 3 
646 10 676 345 F: 5 1 4 
652 6 664 246 F: 2 4 
655 12 667 269 F: 7 5 
657 2 659 255 F: 2 
667 10 687 239 F: 5 5 
669 11 713 54 F: 3 4 4 
671 8 695 129 F: 3 3 2 
671 10 711 227 F: 5 3 2 
672 9 681 42 F: 2 3 4 
681 5 691 267 F: 5 
681 10 691 345 F: 10 
689 9 698 83 F: 6 3 
690 8 698 108 F: 3 4 1 
690 11 712 108 F: 3 4 4 
701 9 728 247 F: 9 
708 6 720 66 F: 6 
709 7 716 78 F: 2 1 4 
711 6 735 244 F: 2 1 3 
711 9 738 217 F: 9 
719 4 731 205 F: 4 
731 5 746 342 F: 5 
733 3 742 269 F: 3 
752 11 774 222 F: 5 2 4 
759 10 769 283 F: 6 4 
762 6 768 207 F: 2 3 1 
763 5 783 187 F: 3 2 
764 9 782 181 F: 4 4 1 
767 5 787 249 F: 5 
767 6 791 343 F: 6 
774 6 780 235 F: 5 1 
778 8 786 48 F: 2 6 
778 10 798 68 F: 5 2 3 
790 9 817 64 F: 5 2 2 
792 10 822 41 F: 10 
811 6 829 200 F: 3 2 1 
813 9 831 191 F: 5 4 
814 8 846 116 F: 8 
815 10 845 53 F: 5 2 3 
824 12 848 7 F: 12 
828 13 841 295 F: 13 
837 10 867 302 F: 5 2 3 
839 9 848 40 F: 4 5 
845 5 850 196 F: 2 1 2 
856 7 863 112 F: 4 3 
856 11 889 231 F: 4 4 3 
867 13 906 104 F: 7 6 
871 8 895 167 F: 8 
883 4 887 290 F: 4 
884 10 914 238 F: 10 
886 9 904 341 F: 5 4 
888 10 918 5 F: 2 4 4 
898 3 907 13 F: 3 
898 10 938 292 F: 5 2 3 
899 12 935 233 F: 5 4 3 
900 4 916 168 F: 4 
900 7 928 299 F: 2 5 
904 8 920 3 F: 4 1 3 
905 7 933 124 F: 4 1 2 
905 8 913 23 F: 8 
909 10 919 228 F: 10 
921 7 935 107 F: 3 2 2 
924 8 940 218 F: 6 2 
929 9 938 233 F: 5 3 1 
933 9 969 16 F: 9 
939 9 975 243 F: 7 2 
949 7 956 130 F: 2 4 1 
951 8 983 160 F: 2 3 3 
953 11 997 163 F: 5 4 2 
956 12 968 342 F: 7 5 
960 7 967 190 F: 7 
962 10 1002 199 F: 10 
976 5 996 250 F: 2 2 1 
984 4 996 59 F: 4 
991 6 1003 125 F: 5 1 
1003 8 1027 198 F: 4 2 2 
1007 5 1022 66 F: 2 3 
1012 7 1040 221 F: 3 4 
1015 6 1033 138 F: 2 4 
1031 11 1064 260 F: 11 
1033 11 1044 142 F: 11 
1034 2 1040 32 F: 2 
1035 8 1043 102 F: 3 1 4 
1035 10 1075 348 F: 5 4 1 
1038 6 1056 324 F: 2 3 1 
1038 6 1062 319 F: 4 2 
1041 8 1065 10 F: 4 1 3 
1049 8 1065 188 F: 2 4 2 
1049 9 1076 102 F: 2 3 4 
1053 9 1062 147 F: 5 2 2 
1056 9 1065 146 F: 7 2 
1065 12 1077 8 F: 5 3 4 
1075 6 1099 231 F: 6 
1075 12 1123 250 F: 7 5 
1092 9 1101 240 F: 2 3 4 
1104 7 1118 254 F: 2 5 
1105 11 1127 254 F: 4 4 3 
1107 8 1131 210 F: 4 1 3 
1111 3 1120 273 F: 3 
1117 6 1129 324 F: 6 
1120 3 1123 234 F: 3 
1128 4 1140 137 F: 4 
1130 8 1162 346 F: 2 2 4 
1137 6 1155 309 F: 6 
1137 11 1159 257 F: 11 
1143 7 1171 153 F: 2 4 1 
1144 12 1168 284 F: 12 
1159 9 1168 255 F: 9 
1164 11 1175 29 F: 5 6 
1168 12 1192 300 F: 7 5 
1178 6 1190 258 F: 4 2 
1182 6 1194 130 F: 4 2 
1188 3 1197 178 F: 3 
1190 4 1194 27 F: 4 
1195 10 1235 134 F: 10 
1200 5 1215 48 F: 5 
1204 8 1236 164 F: 5 1 2 
1207 7 1235 347 F: 3 4 
1211 5 1216 324 F: 2 3 
1211 9 1247 303 F: 5 4 
1219 6 1225 49 F: 2 2 2 
1221 11 1232 194 F: 11 
1222 5 1227 348 F: 5 
1234 6 1240 241 F: 4 2 
1235 7 1249 57 F: 7 
1251 7 1265 10 F: 7 
1251 10 1291 43 F: 3 4 3 
1264 10 1294 335 F: 10 
1265 10 1305 109 F: 2 4 4 
1267 4 1279 160 F: 2 2 
1274 9 1310 4 F: 9 
1288 4 1296 27 F: 4 
1290 7 1311 12 F: 5 2 
1290 9 1308 111 F: 3 3 3 
1292 6 1310 304 F: 2 1 3 
1303 7 1317 128 F: 3 4 
1314 13 1353 34 F: 5 4 4 
1318 10 1338 14 F: 4 6 
1329 11 1351 2 F: 6 5 
1334 8 1350 330 F: 5 2 1 
1338 4 1350 79 F: 4 
1338 5 1358 132 F: 5 
1339 6 1345 182 F: 3 1 2 
1346 8 1362 345 F: 3 3 2 
1350 10 1390 144 F: 4 4 2 
1352 3 1364 7 F: 2 1 
1352 9 1388 151 F: 9 
1360 6 1366 204 F: 6 
1360 12 1408 219 F: 6 6 
1375 7 1403 143 F: 4 3 
1377 11 1410 304 F: 5 2 4 
1378 8 1394 200 F: 4 3 1 
1386 7 1393 98 F: 3 1 3 
1395 11 1428 246 F: 11 
1396 12 1420 20 F: 4 4 4 
1405 12 1417 242 F: 12 
1410 8 1442 235 F: 4 3 1 
1411 3 1423 227 F: 3 
1416 8 1440 21 F: 6 2 
1421 8 1437 9 F: 4 4 
1429 9 1447 340 F: 4 3 2 
1434 12 1482 180 F: 5 4 3 
1436 8 1444 269 F: 4 3 1 
1447 5 1452 187 F: 4 1 
1465 6 1489 244 F: 3 2 1 
1465 7 1472 200 F: 6 1 
1469 6 1487 100 F: 2 1 3 
1470 10 1490 79 F: 5 5 
1474 7 1495 133 F: 4 3 
1478 6 1490 26 F: 2 3 1 
1485 9 1521 333 F: 6 3 
1487 3 1493 248 F: 3 
1492 2 1496 312 F: 2 
1494 11 1538 62 F: 11 
1499 4 1507 223 F: 4 
1503 5 1523 277 F: 3 2 
1504 5 1519 224 F: 2 3 
1510 4 1514 297 F: 3 1 
1512 2 1516 329 F: 2 
1513 10 1553 272 F: 10 
1518 10 1538 350 F: 2 4 4 
1518 10 1558 89 F: 10 
1519 9 1528 256 F: 3 6 
1523 10 1543 286 F: 5 5 
1532 12 1568 144 F: 12 
1544 2 1546 243 F: 2 
1544 11 1555 233 F: 4 3 4 
1545 2 1553 285 F: 2 
1551 3 1560 78 F: 3 
1552 6 1564 140 F: 5 1 
1557 4 1573 311 F: 4 
1560 4 1576 67 F: 2 2 
1588 7 1609 176 F: 4 1 2 
1589 6 1613 3 F: 6 
1592 10 1612 97 F: 5 5 
1615 9 1651 97 F: 5 2 2 
1623 11 1656 162 F: 7 4 
1632 9 1650 22 F: 3 6 
1633 9 1651 2 F: 4 2 3 
1640 4 1656 27 F: 3 1 
1646 6 1670 130 F: 2 1 3 
1647 9 1683 88 F: 5 3 1 
1649 9 1685 172 F: 5 4 
1651 10 1661 34 F: 5 5 
1653 12 1689 144 F: 12 
1659 4 1671 256 F: 4 
1665 4 1673 321 F: 4 
1666 9 1675 112 F: 9 
1666 9 1675 262 F: 3 2 4 
1668 10 1708 84 F: 7 3 
1676 4 1680 49 F: 4 
1684 8 1716 234 F: 3 3 2 
1686 6 1692 249 F: 2 1 3 
1688 9 1715 8 F: 6 3 
1696 8 1704 90 F: 2 3 3 
1721 7 1735 38 F: 2 3 2 
1722 10 1762 196 F: 5 2 3 
1726 12 1750 116 F: 5 3 4 
1741 7 1762 3 F: 7 
1757 9 1766 271 F: 9 
1760 4 1768 286 F: 3 1 
1761 13 1800 49 F: 13 
1762 10 1792 311 F: 5 2 3 
1775 6 1781 65 F: 4 1 1 
1784 2 1786 87 F: 2 
D: 9 238 
D: 10 39 
D: 12 129 
D: 16 165 
D: 20 64 
D: 26 44 
D: 37 56 
D: 40 144 
D: 45 158 
D: 52 296 
D: 55 253 
D: 56 165 
D: 68 110 
D: 69 293 
D: 70 327 
D: 90 342 
D: 94 117 
D: 94 238 
D: 98 255 
D: 100 256 
D: 100 284 
D: 103 277 
D: 122 278 
D: 127 132 
D: 151 307 
D: 156 218 
D: 159 214 
D: 180 299 
D: 192 303 
D: 203 244 
D: 204 295 
D: 224 253 
D: 239 338 
D: 246 338 
D: 257 309 
