0 10 40 283 F: 10 
6 6 24 294 F: 6 
6 8 22 37 F: 3 5 
6 9 24 283 F: 5 1 3 
13 12 61 127 F: 12 
14 11 36 290 F: 11 
15 8 39 301 F: 8 
21 2 25 111 F: 2 
31 8 39 337 F: 8 
36 7 43 59 F: 6 1 
48 10 78 166 F: 10 
51 7 72 15 F: 3 4 
53 9 71 287 F: 3 6 
59 6 65 77 F: 5 1 
63 9 81 58 F: 5 2 2 
79 9 88 48 F: 5 2 2 
89 5 94 222 F: 3 1 1 
91 7 98 332 F: 7 
92 11 103 48 F: 4 4 3 
99 11 121 82 F: 6 5 
100 9 136 4 F: 3 6 
110 3 119 42 F: 3 
115 5 135 134 F: 5 
126 7 133 71 F: 6 1 
127 13 166 67 F: 13 
128 9 164 224 F: 5 1 3 
131 10 141 27 F: 7 3 
142 6 154 94 F: 6 
145 8 153 168 F: 8 
157 10 177 186 F: 10 
162 8 194 265 F: 2 4 2 
169 5 184 310 F: 5 
169 12 217 166 F: 5 4 3 
170 9 179 165 F: 3 2 4 
176 8 200 304 F: 3 5 
181 8 197 306 F: 3 3 2 
182 7 210 83 F: 5 2 
186 7 207 68 F: 4 2 1 
190 5 195 127 F: 5 
197 7 218 327 F: 7 
200 10 210 242 F: 10 
202 12 250 202 F: 5 4 3 
205 10 245 264 F: 3 3 4 
206 13 232 81 F: 13 
211 3 217 331 F: 2 1 
224 11 268 332 F: 5 6 
228 9 264 106 F: 3 2 4 
243 6 255 256 F: 5 1 
249 8 257 159 F: 5 3 
252 10 262 116 F: 4 2 4 
254 10 264 89 F: 5 3 2 
259 6 277 169 F: 5 1 
262 7 276 37 F: 2 1 4 
276 12 324 327 F: 6 6 
277 11 321 10 F: 11 
278 5 293 273 F: 5 
284 2 286 199 F: 2 
287 10 317 66 F: 3 3 4 
293 8 317 251 F: 6 2 
294 4 306 185 F: 4 
305 10 315 107 F: 5 1 4 
310 9 319 319 F: 4 2 3 
312 6 324 80 F: 2 1 3 
315 8 331 96 F: 2 2 4 
320 6 332 302 F: 6 
331 7 359 118 F: 3 3 1 
332 12 356 196 F: 12 
338 6 356 206 F: 3 2 1 
339 6 345 96 F: 5 1 
341 10 371 312 F: 4 6 
347 6 359 252 F: 3 1 2 
347 10 387 313 F: 6 4 
348 6 372 94 F: 5 1 
360 4 364 24 F: 2 2 
370 2 378 164 F: 2 
378 9 387 81 F: 4 3 2 
388 9 397 184 F: 9 
393 5 398 180 F: 5 
393 9 402 271 F: 3 3 3 
395 9 431 276 F: 3 6 
404 6 410 65 F: 6 
411 8 435 267 F: 5 3 
415 11 426 322 F: 3 4 4 
423 7 444 78 F: 3 4 
425 8 449 54 F: 5 3 
433 9 460 136 F: 3 2 4 
439 4 443 342 F: 4 
441 7 455 125 F: 5 2 
442 6 448 176 F: 6 
447 8 471 202 F: 2 6 
453 11 475 60 F: 5 2 4 
456 2 464 31 F: 2 
456 4 472 137 F: 4 
456 8 472 349 F: 4 1 3 
457 3 469 193 F: 3 
462 8 494 61 F: 5 2 1 
479 8 487 244 F: 4 2 2 
483 4 491 90 F: 3 1 
483 6 501 97 F: 6 
491 13 517 275 F: 13 
507 9 543 18 F: 2 4 3 
515 8 523 133 F: 2 6 
516 4 524 82 F: 4 
529 3 538 217 F: 2 1 
533 9 560 101 F: 5 4 
536 6 560 19 F: 6 
538 4 542 344 F: 2 2 
538 7 566 127 F: 5 2 
543 10 573 84 F: 4 2 4 
556 9 565 216 F: 3 6 
561 4 577 147 F: 3 1 
565 9 601 62 F: 4 2 3 
566 11 577 49 F: 7 4 
569 8 601 330 F: 4 1 3 
574 12 586 242 F: 4 4 4 
577 12 613 149 F: 12 
579 4 587 250 F: 2 2 
580 8 588 115 F: 4 4 
589 13 602 88 F: 7 6 
594 7 615 110 F: 7 
609 6 621 342 F: 6 
611 7 625 79 F: 3 2 2 
624 9 660 291 F: 4 3 2 
625 7 653 83 F: 5 2 
625 7 653 325 F: 6 1 
629 8 645 4 F: 5 3 
638 12 662 289 F: 5 3 4 
643 12 655 207 F: 12 
650 10 660 68 F: 7 3 
650 10 660 99 F: 5 3 2 
651 9 660 299 F: 4 5 
654 9 672 178 F: 5 4 
656 8 688 88 F: 3 5 
657 9 675 238 F: 3 3 3 
666 11 677 278 F: 6 5 
670 3 682 242 F: 3 
680 9 707 113 F: 5 3 1 
683 6 689 77 F: 4 2 
686 11 697 310 F: 6 5 
687 6 705 261 F: 2 4 
703 10 743 71 F: 5 4 1 
712 11 734 190 F: 5 4 2 
716 4 724 310 F: 2 1 1 
716 7 730 191 F: 3 4 
723 11 756 192 F: 7 4 
726 5 731 50 F: 3 1 1 
726 8 758 126 F: 5 3 
740 7 754 286 F: 7 
747 13 799 112 F: 13 
754 2 758 202 F: 2 
755 7 769 204 F: 7 
755 7 776 135 F: 7 
762 9 789 179 F: 9 
764 7 778 308 F: 7 
774 6 780 52 F: 3 3 
779 13 805 285 F: 13 
784 3 787 178 F: 3 
787 8 803 350 F: 6 2 
788 6 806 139 F: 5 1 
794 4 798 334 F: 4 
801 4 809 220 F: 2 1 1 
808 12 856 254 F: 6 6 
810 11 854 120 F: 4 4 3 
820 4 828 90 F: 2 2 
820 8 828 75 F: 2 6 
821 7 835 345 F: 4 2 1 
823 3 832 100 F: 3 
827 9 863 136 F: 9 
831 10 871 245 F: 7 3 
839 11 872 245 F: 7 4 
840 7 854 69 F: 5 1 1 
841 9 859 146 F: 4 1 4 
845 5 855 167 F: 4 1 
848 10 888 33 F: 4 2 4 
851 5 856 165 F: 5 
851 7 858 218 F: 7 
870 7 884 156 F: 2 1 4 
871 11 893 162 F: 4 3 4 
872 6 896 21 F: 6 
880 10 900 55 F: 5 1 4 
903 12 951 305 F: 12 
909 3 921 141 F: 3 
917 11 950 255 F: 11 
920 6 926 290 F: 5 1 
925 11 936 66 F: 7 4 
929 7 943 11 F: 3 3 1 
931 7 959 158 F: 2 4 1 
936 12 948 267 F: 5 4 3 
944 4 952 223 F: 4 
947 9 983 28 F: 3 2 4 
948 7 962 4 F: 7 
949 9 967 133 F: 6 3 
955 2 961 299 F: 2 
956 12 980 229 F: 12 
963 13 976 103 F: 13 
968 7 996 350 F: 5 2 
968 8 1000 255 F: 8 
973 6 979 249 F: 4 2 
980 2 988 263 F: 2 
993 4 997 250 F: 4 
1000 10 1010 234 F: 10 
1008 7 1029 80 F: 5 2 
1010 12 1058 326 F: 12 
1012 7 1040 344 F: 5 2 
1021 7 1049 337 F: 6 1 
1031 6 1037 107 F: 3 1 2 
1034 10 1044 132 F: 4 2 4 
1044 7 1051 220 F: 3 2 2 
1045 8 1061 148 F: 7 1 
1050 12 1098 258 F: 4 4 4 
1058 4 1062 173 F: 3 1 
1064 5 1074 64 F: 2 3 
1064 9 1073 334 F: 5 4 
1065 7 1086 278 F: 4 3 
1069 10 1099 284 F: 5 4 1 
1088 9 1115 59 F: 2 3 4 
1088 12 1112 211 F: 5 4 3 
1089 9 1125 38 F: 3 6 
1090 5 1100 166 F: 5 
1099 9 1108 276 F: 4 3 2 
1106 13 1119 25 F: 7 6 
1109 8 1117 54 F: 4 3 1 
1111 11 1155 319 F: 6 5 
1113 10 1133 15 F: 3 3 4 
1114 12 1150 283 F: 12 
1118 9 1127 55 F: 6 3 
1120 8 1152 112 F: 8 
1126 9 1162 103 F: 9 
1131 7 1152 141 F: 7 
1133 7 1154 104 F: 2 3 2 
1150 8 1166 23 F: 2 3 3 
1154 8 1162 42 F: 8 
1166 7 1187 269 F: 7 
1170 13 1196 117 F: 7 6 
1171 8 1179 84 F: 3 3 2 
1173 11 1184 19 F: 11 
1183 10 1193 345 F: 7 3 
1183 12 1207 174 F: 12 
1184 8 1192 135 F: 8 
1199 6 1223 289 F: 4 1 1 
1203 10 1213 335 F: 4 6 
1209 8 1225 46 F: 4 2 2 
1220 9 1238 155 F: 5 2 2 
1225 7 1232 71 F: 5 1 1 
1227 10 1267 184 F: 6 4 
1236 6 1248 299 F: 6 
1245 12 1281 198 F: 12 
1246 12 1258 197 F: 6 6 
1258 8 1290 345 F: 3 5 
1261 7 1282 193 F: 3 1 3 
1262 7 1276 252 F: 3 4 
1262 7 1283 192 F: 3 3 1 
1264 8 1296 302 F: 7 1 
1264 10 1294 233 F: 4 2 4 
1264 11 1275 189 F: 5 6 
1275 9 1302 132 F: 5 1 3 
1277 9 1304 8 F: 5 2 2 
1282 2 1288 248 F: 2 
1282 5 1287 273 F: 2 2 1 
1283 4 1295 195 F: 4 
1306 10 1316 196 F: 4 6 
1311 7 1325 161 F: 2 1 4 
1312 5 1332 318 F: 4 1 
1312 8 1320 196 F: 5 2 1 
1319 3 1325 323 F: 3 
1329 7 1357 91 F: 6 1 
1333 11 1366 191 F: 11 
1335 6 1353 269 F: 2 3 1 
1342 6 1360 178 F: 2 3 1 
1344 10 1354 55 F: 5 2 3 
1347 8 1363 223 F: 4 3 1 
1348 7 1355 27 F: 7 
1353 12 1389 107 F: 12 
1360 11 1382 296 F: 7 4 
1367 10 1407 19 F: 7 3 
1369 2 1371 181 F: 2 
1372 9 1408 318 F: 5 4 
1381 9 1408 114 F: 5 3 1 
1392 5 1402 263 F: 3 2 
1393 8 1417 261 F: 8 
1401 8 1433 270 F: 6 2 
1410 5 1425 198 F: 5 
1410 7 1424 15 F: 2 1 4 
1418 10 1428 208 F: 3 4 3 
1431 12 1479 166 F: 5 4 3 
1433 12 1469 158 F: 6 6 
1441 11 1463 81 F: 4 3 4 
1442 6 1448 146 F: 6 
1444 5 1454 285 F: 4 1 
1449 10 1479 113 F: 4 6 
1461 6 1473 29 F: 6 
1462 3 1474 292 F: 3 
1463 9 1472 190 F: 4 3 2 
1470 5 1480 270 F: 4 1 
1471 5 1476 191 F: 4 1 
1471 9 1480 215 F: 4 2 3 
1472 7 1500 237 F: 4 2 1 
1481 7 1495 244 F: 2 2 3 
1481 7 1495 264 F: 5 2 
1484 10 1504 257 F: 5 5 
1502 13 1541 182 F: 5 4 4 
1503 12 1539 242 F: 12 
1519 13 1558 77 F: 5 4 4 
1529 3 1532 265 F: 3 
1529 3 1535 167 F: 3 
1529 8 1545 142 F: 5 1 2 
1533 6 1545 336 F: 6 
1533 11 1544 299 F: 4 4 3 
1545 11 1556 290 F: 5 3 3 
1549 12 1597 114 F: 7 5 
1553 10 1573 94 F: 4 2 4 
1554 12 1566 289 F: 12 
1567 5 1582 87 F: 3 2 
1568 2 1576 209 F: 2 
1569 7 1576 109 F: 2 5 
1574 10 1584 178 F: 3 3 4 
1577 11 1610 293 F: 7 4 
1581 9 1617 312 F: 6 3 
1585 9 1612 64 F: 4 3 2 
1599 11 1610 31 F: 4 4 3 
1604 9 1640 153 F: 4 3 2 
1605 7 1619 168 F: 2 3 2 
1618 9 1645 309 F: 9 
1620 9 1638 180 F: 3 3 3 
1637 7 1651 147 F: 2 2 3 
1637 8 1669 128 F: 4 3 1 
1640 8 1648 318 F: 4 1 3 
1645 5 1655 330 F: 4 1 
1667 7 1681 162 F: 2 5 
1669 5 1674 205 F: 2 3 
1674 3 1680 16 F: 2 1 
1676 8 1684 246 F: 8 
1677 6 1689 267 F: 5 1 
1681 5 1696 348 F: 5 
1685 5 1690 19 F: 2 3 
1688 10 1728 148 F: 6 4 
1689 9 1725 275 F: 7 2 
1695 10 1705 158 F: 5 2 3 
1696 10 1726 328 F: 4 6 
1697 7 1718 256 F: 2 3 2 
1701 8 1717 124 F: 2 6 
1707 11 1718 19 F: 4 4 3 
1712 3 1721 150 F: 3 
1714 10 1744 114 F: 7 3 
1719 9 1728 191 F: 5 4 
1720 5 1730 45 F: 5 
1723 5 1738 6 F: 5 
1743 9 1761 195 F: 7 2 
1778 12 1814 184 F: 7 5 
1798 2 1804 184 F: 2 
D: 18 223 
D: 23 297 
D: 35 70 
D: 37 189 
D: 40 211 
D: 56 183 
D: 61 307 
D: 70 120 
D: 75 109 
D: 77 218 
D: 81 270 
D: 85 211 
D: 94 150 
D: 100 125 
D: 112 320 
D: 118 232 
D: 133 168 
D: 141 253 
D: 146 216 
D: 146 226 
D: 154 248 
D: 154 304 
D: 160 284 
D: 163 174 
D: 193 328 
D: 201 285 
D: 206 262 
D: 208 307 
D: 211 213 
D: 215 331 
D: 224 236 
D: 231 349 
D: 249 286 
D: 266 303 
D: 316 331 
