0 8 8 318 F: 3 3 2 
3 13 42 23 F: 5 4 4 
25 10 35 46 F: 5 1 4 
35 8 67 376 F: 2 4 2 
40 7 68 338 F: 3 2 2 
41 8 57 188 F: 4 3 1 
43 7 50 295 F: 3 4 
44 7 65 58 F: 4 3 
46 9 82 28 F: 5 3 1 
47 8 71 342 F: 8 
50 11 72 346 F: 11 
51 6 57 292 F: 2 4 
57 9 75 334 F: 2 3 4 
57 13 83 255 F: 7 6 
58 3 64 135 F: 2 1 
58 5 63 312 F: 2 3 
74 7 81 65 F: 2 5 
81 7 95 329 F: 3 4 
91 7 119 296 F: 2 5 
93 9 129 79 F: 4 3 2 
101 9 110 110 F: 3 4 2 
101 11 134 184 F: 11 
102 8 126 151 F: 8 
103 10 133 123 F: 5 2 3 
115 13 128 107 F: 13 
129 12 165 234 F: 7 5 
137 4 149 34 F: 4 
138 8 162 279 F: 4 2 2 
140 6 152 210 F: 2 4 
145 7 166 280 F: 5 2 
152 8 184 216 F: 3 4 1 
157 5 167 110 F: 5 
160 8 176 142 F: 5 3 
161 4 173 362 F: 4 
169 10 179 194 F: 5 2 3 
171 7 192 343 F: 4 2 1 
173 10 203 392 F: 6 4 
183 7 197 91 F: 7 
190 4 198 271 F: 4 
198 9 216 8 F: 9 
206 9 233 298 F: 3 6 
213 9 240 149 F: 4 1 4 
219 10 259 372 F: 4 4 2 
220 7 248 365 F: 5 2 
228 5 238 167 F: 5 
236 7 257 336 F: 7 
238 5 253 36 F: 4 1 
247 7 261 374 F: 3 4 
255 7 276 377 F: 7 
256 7 263 57 F: 2 4 1 
263 13 289 223 F: 13 
267 6 285 262 F: 3 2 1 
269 8 277 254 F: 2 6 
269 13 321 85 F: 13 
279 10 309 281 F: 7 3 
281 2 287 49 F: 2 
287 7 301 76 F: 5 1 1 
290 3 302 32 F: 3 
295 9 331 359 F: 9 
297 10 317 120 F: 4 6 
313 2 319 58 F: 2 
315 5 335 357 F: 3 2 
315 10 325 354 F: 7 3 
316 10 326 260 F: 10 
317 8 341 140 F: 7 1 
323 9 359 94 F: 9 
329 6 341 250 F: 3 1 2 
331 7 352 244 F: 5 2 
333 8 365 395 F: 8 
336 9 354 255 F: 5 2 2 
338 6 350 113 F: 3 3 
348 9 357 46 F: 7 2 
350 13 402 39 F: 5 4 4 
354 11 376 231 F: 11 
362 11 373 26 F: 5 6 
372 12 408 131 F: 12 
373 10 383 288 F: 5 5 
373 13 399 79 F: 13 
392 4 408 12 F: 4 
396 11 418 94 F: 4 4 3 
405 13 457 52 F: 13 
410 6 428 377 F: 2 4 
420 10 450 134 F: 5 5 
425 11 447 363 F: 5 6 
426 7 447 233 F: 7 
428 7 456 339 F: 3 4 
428 11 472 229 F: 5 6 
435 8 459 183 F: 5 1 2 
454 5 459 351 F: 3 2 
456 9 492 320 F: 4 5 
466 10 506 295 F: 10 
468 10 478 384 F: 10 
472 9 508 75 F: 7 2 
473 8 489 132 F: 2 4 2 
473 8 497 283 F: 2 4 2 
480 7 487 272 F: 7 
483 4 491 370 F: 4 
491 4 503 340 F: 4 
494 5 504 80 F: 4 1 
497 10 537 168 F: 10 
500 11 511 156 F: 6 5 
511 10 521 83 F: 10 
513 5 533 205 F: 5 
519 8 527 101 F: 2 6 
521 8 537 196 F: 2 3 3 
525 8 557 10 F: 2 4 2 
531 8 555 257 F: 2 3 3 
536 10 546 64 F: 10 
539 2 545 185 F: 2 
541 6 547 331 F: 3 1 2 
545 8 553 329 F: 4 3 1 
556 5 561 126 F: 2 3 
556 5 576 32 F: 2 3 
556 7 570 173 F: 7 
563 4 575 90 F: 4 
578 8 610 154 F: 8 
591 8 623 88 F: 7 1 
594 2 598 168 F: 2 
597 8 629 16 F: 8 
598 10 618 175 F: 3 4 3 
602 10 632 343 F: 4 6 
605 8 637 44 F: 3 5 
609 5 619 85 F: 4 1 
609 6 627 322 F: 2 1 3 
612 7 619 350 F: 4 3 
613 10 643 19 F: 5 5 
615 10 635 360 F: 4 6 
617 12 641 176 F: 12 
629 8 661 377 F: 3 4 1 
634 8 658 38 F: 6 2 
636 7 643 77 F: 6 1 
639 10 679 120 F: 10 
643 10 663 39 F: 10 
649 7 656 125 F: 5 1 1 
662 9 689 56 F: 9 
666 7 673 191 F: 2 4 1 
690 9 726 158 F: 2 4 3 
693 8 725 46 F: 7 1 
696 10 726 342 F: 4 4 2 
697 10 707 327 F: 3 3 4 
704 10 744 372 F: 7 3 
705 8 737 257 F: 2 6 
708 5 718 161 F: 2 2 1 
710 12 734 298 F: 12 
714 7 742 335 F: 3 2 2 
718 7 725 301 F: 5 2 
719 11 752 68 F: 5 3 3 
728 8 760 172 F: 6 2 
732 4 740 243 F: 2 2 
738 10 768 36 F: 10 
739 9 757 337 F: 9 
747 7 761 331 F: 3 1 3 
749 10 759 192 F: 10 
751 11 795 305 F: 7 4 
764 10 784 190 F: 10 
769 13 821 113 F: 7 6 
777 6 801 346 F: 4 2 
791 6 815 85 F: 3 3 
796 7 803 267 F: 2 3 2 
799 2 805 143 F: 2 
800 8 808 322 F: 4 2 2 
809 5 814 313 F: 2 2 1 
816 4 824 171 F: 4 
824 8 856 66 F: 5 3 
824 10 834 324 F: 2 4 4 
830 4 838 112 F: 3 1 
837 11 848 232 F: 11 
838 9 847 187 F: 7 2 
848 10 858 92 F: 5 1 4 
851 4 855 4 F: 2 1 1 
858 9 894 148 F: 6 3 
862 10 892 369 F: 4 6 
863 5 868 31 F: 3 1 1 
863 8 895 397 F: 4 3 1 
864 5 874 34 F: 5 
866 9 884 74 F: 7 2 
879 6 885 392 F: 4 2 
879 7 893 243 F: 3 4 
886 7 914 36 F: 7 
899 7 920 394 F: 3 1 3 
901 6 925 334 F: 2 1 3 
913 8 945 294 F: 2 3 3 
914 10 924 321 F: 7 3 
926 6 938 70 F: 6 
939 8 947 145 F: 4 2 2 
939 8 955 205 F: 8 
960 5 970 170 F: 5 
962 6 980 61 F: 4 1 1 
962 10 972 25 F: 3 4 3 
963 5 983 291 F: 4 1 
963 7 970 179 F: 2 2 3 
964 10 994 58 F: 10 
968 12 1004 108 F: 5 3 4 
969 12 993 273 F: 12 
970 6 976 313 F: 6 
972 7 1000 38 F: 3 4 
975 10 1015 38 F: 2 4 4 
982 11 1015 149 F: 6 5 
984 3 993 140 F: 2 1 
984 11 1028 7 F: 3 4 4 
1004 6 1016 172 F: 3 3 
1013 6 1031 341 F: 6 
1018 3 1030 336 F: 3 
1018 7 1032 143 F: 5 1 1 
1018 11 1029 397 F: 11 
1021 8 1053 357 F: 4 4 
1022 3 1028 175 F: 3 
1025 7 1046 52 F: 2 5 
1026 7 1047 201 F: 4 3 
1026 7 1047 271 F: 6 1 
1027 10 1037 91 F: 6 4 
1039 7 1046 160 F: 5 2 
1039 8 1047 71 F: 4 4 
1048 10 1058 301 F: 10 
1052 9 1070 120 F: 9 
1053 6 1077 348 F: 6 
1065 5 1080 271 F: 2 3 
1068 10 1088 176 F: 5 1 4 
1069 10 1109 163 F: 4 4 2 
1076 7 1090 339 F: 5 2 
1110 9 1119 171 F: 4 5 
1114 7 1135 299 F: 5 1 1 
1115 11 1137 5 F: 4 4 3 
1121 6 1127 119 F: 2 2 2 
1123 6 1129 134 F: 2 2 2 
1131 9 1167 341 F: 7 2 
1135 4 1139 346 F: 2 2 
1137 10 1177 149 F: 5 3 2 
1145 8 1153 296 F: 8 
1149 13 1188 165 F: 7 6 
1150 11 1161 79 F: 5 6 
1164 7 1171 355 F: 3 1 3 
1168 9 1195 286 F: 5 4 
1169 8 1185 210 F: 3 5 
1175 10 1195 247 F: 2 4 4 
1177 7 1198 235 F: 5 1 1 
1185 9 1194 278 F: 4 5 
1185 10 1195 308 F: 5 1 4 
1185 12 1197 100 F: 5 4 3 
1188 7 1216 310 F: 2 5 
1200 11 1244 333 F: 11 
1201 11 1234 136 F: 11 
1204 7 1218 226 F: 7 
1205 6 1211 222 F: 4 1 1 
1207 3 1216 330 F: 3 
1212 8 1220 100 F: 8 
1224 5 1244 79 F: 2 2 1 
1229 8 1261 49 F: 4 4 
1241 2 1249 315 F: 2 
1242 6 1248 47 F: 3 2 1 
1259 8 1267 23 F: 6 2 
1261 3 1270 240 F: 3 
1261 8 1285 145 F: 8 
1267 12 1303 33 F: 12 
1275 8 1299 269 F: 3 2 3 
1278 5 1298 287 F: 5 
1281 11 1314 371 F: 11 
1285 12 1321 191 F: 12 
1294 12 1342 133 F: 12 
1296 7 1317 154 F: 7 
1301 2 1307 155 F: 2 
1310 11 1332 4 F: 7 4 
1311 9 1338 346 F: 9 
1313 9 1331 303 F: 7 2 
1331 9 1349 386 F: 4 2 3 
1336 9 1372 307 F: 2 4 3 
1351 12 1375 92 F: 6 6 
1354 6 1360 308 F: 2 3 1 
1359 9 1377 342 F: 9 
1365 11 1387 333 F: 11 
1373 13 1412 115 F: 13 
1375 9 1393 37 F: 3 6 
1378 8 1402 2 F: 8 
1382 10 1422 189 F: 5 5 
1385 9 1412 206 F: 9 
1389 7 1403 262 F: 2 5 
1393 9 1420 322 F: 2 3 4 
1393 11 1404 228 F: 5 3 3 
1395 8 1411 365 F: 5 1 2 
1397 7 1411 160 F: 4 2 1 
1405 5 1415 133 F: 2 2 1 
1411 5 1416 307 F: 3 2 
1412 4 1416 162 F: 3 1 
1414 3 1423 202 F: 3 
1423 8 1439 302 F: 8 
1425 7 1432 305 F: 5 2 
1434 11 1445 65 F: 7 4 
1435 5 1450 271 F: 5 
1440 12 1488 73 F: 12 
1452 8 1468 341 F: 5 3 
1452 11 1485 78 F: 5 4 2 
1456 8 1464 236 F: 8 
1456 9 1483 383 F: 3 3 3 
1468 13 1507 314 F: 7 6 
1470 7 1491 284 F: 7 
1475 9 1511 175 F: 3 6 
1482 3 1488 58 F: 2 1 
1486 9 1495 311 F: 4 3 2 
1487 5 1492 232 F: 4 1 
1487 8 1503 167 F: 3 2 3 
1503 6 1521 245 F: 6 
1504 9 1531 138 F: 7 2 
1507 9 1534 389 F: 9 
1511 8 1519 334 F: 3 5 
1515 6 1521 171 F: 6 
1518 4 1522 131 F: 3 1 
1532 3 1535 132 F: 3 
1537 13 1589 196 F: 13 
1539 4 1551 351 F: 4 
1542 10 1552 112 F: 6 4 
1543 5 1558 212 F: 3 1 1 
1550 6 1562 99 F: 6 
1551 8 1567 289 F: 5 2 1 
1552 9 1570 237 F: 9 
1556 8 1572 83 F: 3 5 
1559 13 1611 235 F: 13 
1566 8 1582 1 F: 4 4 
1570 11 1603 213 F: 5 6 
1587 5 1597 182 F: 2 2 1 
1599 8 1623 223 F: 8 
1608 9 1617 14 F: 9 
1612 10 1652 99 F: 5 1 4 
1613 11 1646 190 F: 6 5 
1617 9 1635 37 F: 5 3 1 
1622 4 1638 66 F: 4 
1623 13 1662 315 F: 13 
1626 9 1662 272 F: 4 1 4 
1632 2 1638 321 F: 2 
1632 8 1648 228 F: 7 1 
1646 5 1651 334 F: 2 3 
1648 4 1660 27 F: 4 
1648 11 1670 84 F: 5 2 4 
1654 11 1676 125 F: 5 2 4 
1673 6 1691 195 F: 2 3 1 
1675 6 1693 300 F: 2 2 2 
1678 5 1698 327 F: 2 1 2 
1686 6 1692 141 F: 6 
1691 7 1712 260 F: 7 
1692 5 1712 109 F: 3 2 
1695 5 1700 391 F: 5 
1705 9 1741 130 F: 3 4 2 
1717 6 1735 269 F: 3 1 2 
1722 12 1770 45 F: 5 4 3 
1724 6 1748 122 F: 3 1 2 
1733 2 1741 74 F: 2 
1748 4 1760 257 F: 3 1 
1748 7 1755 130 F: 4 1 2 
1750 7 1771 235 F: 2 3 2 
1750 8 1774 368 F: 8 
1755 5 1760 319 F: 5 
1756 9 1774 272 F: 9 
1758 10 1768 335 F: 7 3 
1759 9 1795 398 F: 3 6 
1770 12 1818 64 F: 12 
1771 5 1786 48 F: 5 
1773 6 1785 329 F: 4 2 
1774 9 1810 155 F: 3 2 4 
1786 10 1806 328 F: 7 3 
1790 9 1817 22 F: 9 
1794 10 1834 262 F: 4 6 
1800 7 1828 335 F: 3 3 1 
1809 8 1841 191 F: 8 
1816 11 1827 228 F: 5 2 4 
1818 6 1836 70 F: 3 2 1 
1822 6 1846 227 F: 4 2 
1824 7 1838 274 F: 3 4 
1834 9 1843 177 F: 7 2 
1836 7 1850 362 F: 7 
1837 7 1844 318 F: 4 3 
1844 5 1854 108 F: 3 2 
1858 9 1885 49 F: 5 2 2 
1867 9 1876 257 F: 3 3 3 
1868 5 1883 292 F: 5 
1872 10 1902 177 F: 4 6 
1876 6 1882 166 F: 6 
1881 12 1893 301 F: 12 
1885 2 1893 20 F: 2 
1893 6 1917 202 F: 6 
1895 11 1928 33 F: 5 4 2 
1897 8 1913 89 F: 8 
1902 3 1914 266 F: 3 
1904 8 1936 267 F: 5 3 
1908 13 1947 93 F: 7 6 
1921 7 1942 171 F: 4 3 
1922 9 1958 33 F: 5 2 2 
1927 7 1934 272 F: 7 
1931 9 1949 90 F: 9 
1937 5 1947 1 F: 3 2 
1943 6 1955 98 F: 3 3 
1951 5 1966 353 F: 2 2 1 
1954 8 1962 214 F: 4 1 3 
1965 3 1968 201 F: 3 
1966 10 1996 262 F: 7 3 
1968 11 1979 241 F: 11 
1968 12 2004 66 F: 7 5 
1976 8 1984 8 F: 3 5 
1987 11 2020 369 F: 11 
1991 3 1997 141 F: 3 
1996 5 2006 43 F: 5 
1997 11 2041 131 F: 5 6 
D: 17 225 
D: 17 392 
D: 20 219 
D: 24 181 
D: 27 374 
D: 32 365 
D: 35 69 
D: 43 100 
D: 51 298 
D: 63 102 
D: 70 136 
D: 113 137 
D: 114 134 
D: 114 395 
D: 115 329 
D: 118 209 
D: 121 384 
D: 122 244 
D: 122 286 
D: 144 287 
D: 147 250 
D: 152 256 
D: 162 272 
D: 165 228 
D: 184 360 
D: 189 340 
D: 192 255 
D: 192 314 
D: 204 226 
D: 205 260 
D: 209 281 
D: 243 338 
D: 248 399 
D: 256 338 
D: 262 392 
D: 302 306 
D: 318 332 
D: 320 392 
D: 324 343 
D: 356 380 
