1 8 17 182 F: 4 2 2 
5 8 13 350 F: 2 6 
10 9 46 328 F: 9 
14 7 21 302 F: 7 
22 2 26 317 F: 2 
24 8 56 206 F: 8 
36 3 48 212 F: 3 
40 6 64 173 F: 4 2 
50 4 54 330 F: 4 
50 11 72 277 F: 4 3 4 
51 11 62 100 F: 5 6 
58 5 68 374 F: 3 1 1 
74 11 118 46 F: 3 4 4 
78 8 86 273 F: 3 3 2 
80 8 88 388 F: 4 1 3 
95 3 98 233 F: 3 
95 8 111 10 F: 8 
95 10 115 1 F: 10 
95 10 115 130 F: 4 6 
96 10 126 253 F: 5 3 2 
100 5 105 321 F: 5 
101 2 105 170 F: 2 
101 11 134 342 F: 11 
108 10 128 140 F: 4 2 4 
110 10 120 352 F: 4 6 
112 7 126 214 F: 4 3 
120 9 147 39 F: 3 2 4 
124 10 164 135 F: 5 3 2 
141 2 143 236 F: 2 
144 5 159 102 F: 2 1 2 
149 7 177 187 F: 3 3 1 
154 9 163 76 F: 9 
172 6 190 20 F: 3 1 2 
175 6 199 207 F: 4 2 
177 6 195 348 F: 4 2 
185 2 187 246 F: 2 
189 9 216 260 F: 5 3 1 
191 9 227 391 F: 9 
193 6 211 198 F: 2 4 
195 7 216 16 F: 2 5 
201 9 210 85 F: 5 4 
208 10 218 378 F: 5 5 
211 8 243 245 F: 8 
222 8 246 12 F: 3 4 1 
229 6 235 84 F: 3 3 
232 4 248 6 F: 4 
233 5 243 99 F: 5 
233 7 261 222 F: 6 1 
234 7 255 154 F: 6 1 
236 7 257 284 F: 7 
238 5 243 25 F: 2 2 1 
239 8 271 258 F: 8 
239 9 257 294 F: 3 6 
242 8 258 32 F: 5 1 2 
247 4 263 399 F: 4 
252 7 266 196 F: 3 3 1 
260 7 267 50 F: 2 5 
282 8 306 327 F: 8 
287 11 331 104 F: 6 5 
293 9 320 226 F: 5 2 2 
301 8 333 142 F: 8 
302 4 306 156 F: 2 2 
303 3 312 303 F: 3 
311 11 344 213 F: 11 
320 10 330 39 F: 5 1 4 
320 13 372 294 F: 5 4 4 
334 6 358 324 F: 4 2 
340 12 352 124 F: 6 6 
346 3 358 266 F: 3 
346 12 382 273 F: 5 4 3 
348 4 356 172 F: 3 1 
348 6 354 330 F: 6 
355 12 379 211 F: 6 6 
357 5 362 33 F: 4 1 
360 9 369 101 F: 4 3 2 
369 4 377 215 F: 2 2 
377 7 398 144 F: 4 3 
395 5 410 268 F: 4 1 
395 10 405 172 F: 5 5 
396 10 406 44 F: 5 2 3 
404 8 428 230 F: 2 6 
404 10 424 313 F: 6 4 
406 5 416 22 F: 2 3 
417 12 441 392 F: 7 5 
420 4 436 268 F: 4 
424 7 431 75 F: 2 2 3 
427 11 471 186 F: 11 
438 5 453 181 F: 5 
443 6 467 132 F: 2 2 2 
448 13 474 136 F: 13 
454 7 482 296 F: 2 2 3 
462 7 476 124 F: 6 1 
463 9 490 253 F: 9 
465 13 478 276 F: 13 
466 8 490 189 F: 7 1 
467 8 499 305 F: 8 
471 5 486 17 F: 3 1 1 
476 6 500 288 F: 4 2 
486 5 501 305 F: 3 2 
489 7 503 262 F: 4 1 2 
506 8 522 335 F: 4 2 2 
506 13 519 368 F: 13 
522 8 530 96 F: 5 3 
524 3 533 350 F: 3 
532 2 538 151 F: 2 
542 11 586 144 F: 11 
553 11 597 340 F: 5 3 3 
557 10 587 17 F: 3 3 4 
558 9 567 256 F: 4 5 
559 7 580 79 F: 7 
562 12 610 276 F: 7 5 
563 10 583 378 F: 5 5 
574 6 580 52 F: 6 
576 7 597 173 F: 4 2 1 
577 7 591 251 F: 7 
583 11 627 367 F: 3 4 4 
585 13 637 262 F: 13 
590 9 617 312 F: 9 
596 5 611 323 F: 5 
598 7 605 59 F: 6 1 
607 11 640 219 F: 11 
608 5 618 205 F: 5 
612 6 624 226 F: 6 
620 13 633 375 F: 5 4 4 
623 8 639 219 F: 6 2 
624 7 652 277 F: 5 2 
624 8 648 258 F: 4 4 
628 9 646 98 F: 7 2 
634 11 656 215 F: 5 6 
636 5 641 371 F: 5 
639 8 655 278 F: 8 
645 12 681 94 F: 12 
658 9 694 56 F: 5 2 2 
664 5 679 294 F: 5 
666 7 680 318 F: 2 4 1 
668 13 681 392 F: 13 
669 5 689 334 F: 4 1 
671 9 698 221 F: 9 
678 5 698 167 F: 5 
699 7 720 209 F: 2 5 
704 7 711 45 F: 3 4 
715 2 719 121 F: 2 
724 8 748 222 F: 7 1 
727 7 741 196 F: 7 
737 10 757 341 F: 10 
737 10 767 273 F: 5 3 2 
745 10 765 219 F: 4 6 
746 2 754 4 F: 2 
753 7 760 331 F: 7 
757 11 768 398 F: 5 6 
761 9 797 179 F: 6 3 
763 10 783 332 F: 7 3 
765 9 783 9 F: 9 
766 6 790 350 F: 2 2 2 
782 12 794 150 F: 5 4 3 
791 9 809 365 F: 9 
792 6 816 46 F: 3 3 
793 3 799 12 F: 3 
793 5 813 172 F: 3 2 
794 9 812 325 F: 3 6 
800 13 813 61 F: 13 
801 4 817 368 F: 4 
802 12 850 350 F: 6 6 
806 8 830 200 F: 8 
817 8 849 13 F: 3 5 
822 7 843 208 F: 2 2 3 
841 6 859 86 F: 4 2 
850 5 860 85 F: 5 
856 11 867 112 F: 6 5 
858 6 864 191 F: 3 1 2 
861 4 869 157 F: 2 2 
863 8 879 394 F: 3 1 4 
872 12 896 193 F: 6 6 
875 5 880 333 F: 5 
877 7 898 342 F: 3 4 
879 7 900 137 F: 7 
885 7 913 110 F: 7 
885 10 905 346 F: 5 5 
891 13 943 173 F: 13 
894 7 922 150 F: 3 4 
902 7 909 288 F: 3 2 2 
904 12 952 36 F: 6 6 
909 5 914 270 F: 2 3 
918 7 925 126 F: 3 1 3 
921 11 965 58 F: 7 4 
921 12 933 14 F: 5 3 4 
929 13 942 259 F: 13 
933 9 942 52 F: 6 3 
942 9 960 207 F: 9 
943 7 957 15 F: 7 
946 10 956 118 F: 3 3 4 
948 7 962 311 F: 7 
949 7 970 314 F: 3 3 1 
951 13 990 255 F: 5 4 4 
965 13 978 315 F: 13 
968 7 996 208 F: 6 1 
972 2 974 218 F: 2 
972 2 980 218 F: 2 
978 2 980 85 F: 2 
978 7 999 1 F: 2 3 2 
1000 6 1006 96 F: 5 1 
1003 6 1021 16 F: 6 
1004 12 1028 302 F: 6 6 
1005 10 1025 186 F: 5 2 3 
1016 12 1028 238 F: 5 3 4 
1018 4 1030 286 F: 2 2 
1028 8 1044 382 F: 2 6 
1029 11 1051 34 F: 5 6 
1033 5 1048 358 F: 5 
1038 8 1062 103 F: 5 3 
1042 10 1052 282 F: 10 
1051 9 1069 267 F: 2 4 3 
1055 5 1065 197 F: 5 
1055 9 1064 63 F: 5 4 
1056 7 1077 141 F: 2 5 
1068 9 1077 101 F: 4 3 2 
1069 4 1073 265 F: 4 
1076 7 1083 300 F: 7 
1087 6 1093 174 F: 2 3 1 
1087 11 1109 144 F: 4 3 4 
1103 9 1130 27 F: 7 2 
1110 6 1122 284 F: 2 4 
1114 5 1119 300 F: 3 2 
1127 10 1137 343 F: 4 6 
1128 6 1140 312 F: 2 1 3 
1129 6 1147 335 F: 6 
1129 8 1161 388 F: 2 2 4 
1135 9 1144 171 F: 4 4 1 
1137 13 1189 347 F: 13 
1142 5 1147 13 F: 5 
1146 10 1166 319 F: 4 2 4 
1151 7 1179 190 F: 2 3 2 
1161 6 1179 374 F: 3 3 
1166 11 1177 97 F: 5 6 
1169 10 1209 246 F: 4 3 3 
1170 2 1172 30 F: 2 
1177 12 1213 87 F: 4 4 4 
1180 7 1208 235 F: 5 1 1 
1183 9 1210 116 F: 4 4 1 
1197 9 1233 191 F: 9 
1200 6 1206 357 F: 2 3 1 
1205 8 1229 157 F: 3 1 4 
1207 6 1219 161 F: 6 
1211 5 1216 238 F: 2 1 2 
1219 7 1247 287 F: 3 4 
1219 12 1231 226 F: 12 
1227 2 1229 272 F: 2 
1227 7 1255 8 F: 3 3 1 
1227 9 1254 393 F: 7 2 
1235 9 1271 116 F: 5 2 2 
1253 7 1274 275 F: 7 
1253 11 1286 290 F: 11 
1266 7 1280 198 F: 7 
1267 11 1300 309 F: 5 6 
1271 8 1295 55 F: 2 3 3 
1279 6 1297 223 F: 3 3 
1283 5 1298 323 F: 5 
1285 10 1325 165 F: 10 
1292 11 1336 145 F: 4 3 4 
1299 8 1331 196 F: 7 1 
1300 9 1336 5 F: 5 2 2 
1305 9 1332 376 F: 3 4 2 
1316 11 1349 241 F: 11 
1325 7 1339 193 F: 5 2 
1332 11 1376 300 F: 5 4 2 
1338 3 1350 366 F: 3 
1339 7 1353 394 F: 5 2 
1345 6 1363 180 F: 2 4 
1345 8 1369 280 F: 4 3 1 
1347 7 1361 272 F: 3 2 2 
1363 12 1375 269 F: 12 
1375 11 1397 206 F: 11 
1376 11 1387 107 F: 4 4 3 
1377 8 1401 287 F: 2 6 
1383 3 1389 1 F: 2 1 
1388 8 1420 66 F: 6 2 
1388 12 1436 237 F: 12 
1389 9 1398 330 F: 6 3 
1393 2 1401 253 F: 2 
1394 5 1414 167 F: 5 
1401 5 1416 384 F: 2 1 2 
1401 9 1419 326 F: 5 1 3 
1409 11 1431 307 F: 5 4 2 
1413 7 1420 389 F: 5 1 1 
1421 9 1457 321 F: 9 
1425 12 1473 269 F: 6 6 
1428 7 1442 340 F: 3 1 3 
1429 7 1443 200 F: 3 4 
1441 8 1473 332 F: 5 1 2 
1446 9 1455 269 F: 3 2 4 
1447 7 1475 156 F: 7 
1448 12 1484 324 F: 5 3 4 
1451 9 1469 202 F: 7 2 
1456 4 1460 304 F: 4 
1474 2 1482 329 F: 2 
1476 5 1481 278 F: 5 
1479 7 1507 354 F: 4 1 2 
1489 12 1537 389 F: 12 
1497 9 1506 238 F: 9 
1498 2 1504 33 F: 2 
1521 6 1545 102 F: 3 3 
1523 8 1555 250 F: 8 
1535 12 1559 111 F: 7 5 
1554 8 1562 135 F: 6 2 
1557 8 1581 257 F: 5 3 
1565 12 1601 126 F: 12 
1566 5 1576 50 F: 5 
1568 7 1589 231 F: 4 1 2 
1569 7 1576 83 F: 7 
1570 8 1602 321 F: 5 3 
1572 11 1605 344 F: 7 4 
1574 4 1590 291 F: 2 1 1 
1578 3 1590 96 F: 2 1 
1579 4 1587 244 F: 4 
1579 7 1593 217 F: 3 4 
1585 4 1601 281 F: 4 
1588 10 1608 298 F: 5 5 
1592 11 1625 112 F: 5 4 2 
1595 4 1607 136 F: 4 
1595 8 1611 115 F: 4 4 
1600 8 1632 265 F: 5 2 1 
1600 10 1640 89 F: 4 2 4 
1602 10 1622 362 F: 10 
1606 6 1630 281 F: 6 
1621 7 1628 334 F: 4 2 1 
1630 9 1657 135 F: 6 3 
1635 8 1659 322 F: 6 2 
1638 10 1658 218 F: 5 2 3 
1643 7 1671 140 F: 6 1 
1660 11 1671 259 F: 5 6 
1662 8 1694 338 F: 3 5 
1663 10 1683 82 F: 7 3 
1664 13 1677 399 F: 13 
1671 6 1689 40 F: 4 2 
1672 8 1704 29 F: 4 2 2 
1675 12 1699 327 F: 5 3 4 
1676 6 1682 24 F: 6 
1677 10 1697 301 F: 10 
1679 8 1687 61 F: 8 
1694 10 1714 110 F: 7 3 
1700 8 1732 260 F: 6 2 
1701 5 1721 199 F: 4 1 
1701 11 1712 206 F: 6 5 
1705 11 1716 142 F: 5 2 4 
1708 10 1738 75 F: 4 6 
1720 12 1732 162 F: 7 5 
1728 7 1735 108 F: 5 2 
1731 8 1763 42 F: 4 2 2 
1734 3 1743 114 F: 2 1 
1744 7 1758 253 F: 4 2 1 
1749 6 1755 176 F: 3 3 
1759 9 1786 356 F: 7 2 
1762 11 1773 291 F: 4 4 3 
1771 7 1778 68 F: 3 1 3 
1771 12 1783 191 F: 5 4 3 
1773 4 1781 367 F: 2 2 
1774 4 1786 353 F: 4 
1779 10 1799 212 F: 6 4 
1793 10 1803 262 F: 7 3 
1799 7 1813 364 F: 4 3 
1800 3 1806 77 F: 3 
1803 8 1819 377 F: 8 
1808 8 1816 74 F: 4 4 
1811 3 1820 285 F: 3 
1813 11 1824 30 F: 5 3 3 
1814 6 1832 147 F: 6 
1820 8 1836 41 F: 2 6 
1823 5 1843 57 F: 4 1 
1824 6 1830 192 F: 6 
1824 8 1832 268 F: 5 1 2 
1839 13 1865 128 F: 13 
1841 11 1863 195 F: 5 4 2 
1850 11 1894 377 F: 11 
1852 2 1860 313 F: 2 
1852 11 1896 324 F: 7 4 
1858 7 1872 64 F: 3 4 
1868 10 1888 209 F: 5 5 
1870 8 1894 129 F: 2 6 
1892 8 1908 365 F: 7 1 
1896 6 1908 191 F: 2 3 1 
1904 3 1916 336 F: 2 1 
1904 6 1910 387 F: 2 4 
1904 12 1952 278 F: 12 
1905 9 1914 105 F: 4 5 
1907 13 1959 176 F: 7 6 
1917 6 1941 42 F: 6 
1919 5 1939 86 F: 2 3 
1919 9 1955 305 F: 9 
1923 7 1951 141 F: 2 5 
1923 8 1931 329 F: 8 
1930 11 1941 346 F: 5 4 2 
1939 10 1959 205 F: 4 6 
1944 6 1956 23 F: 6 
1956 4 1968 367 F: 4 
1966 2 1972 235 F: 2 
1966 9 1984 81 F: 7 2 
1968 4 1984 374 F: 4 
1985 10 2015 357 F: 10 
1995 12 2019 72 F: 7 5 
1998 12 2034 78 F: 7 5 
D: 17 317 
D: 18 318 
D: 24 100 
D: 26 182 
D: 26 202 
D: 34 350 
D: 46 269 
D: 61 80 
D: 65 219 
D: 83 317 
D: 96 218 
D: 100 206 
D: 110 121 
D: 119 147 
D: 119 207 
D: 120 147 
D: 126 313 
D: 137 270 
D: 142 152 
D: 142 395 
D: 156 180 
D: 158 296 
D: 158 332 
D: 165 215 
D: 173 177 
D: 183 300 
D: 189 351 
D: 192 374 
D: 194 298 
D: 206 336 
D: 207 278 
D: 226 290 
D: 228 269 
D: 238 241 
D: 249 297 
D: 303 355 
D: 319 323 
D: 339 356 
D: 339 370 
D: 396 398 
