12 10 22 409 F: 10 
25 5 30 330 F: 2 1 2 
30 7 37 416 F: 2 3 2 
37 13 50 392 F: 7 6 
39 4 51 428 F: 4 
51 8 59 346 F: 5 2 1 
53 9 80 5 F: 6 3 
57 7 71 80 F: 4 3 
62 9 89 230 F: 4 3 2 
68 11 101 66 F: 7 4 
70 11 114 60 F: 3 4 4 
70 11 114 129 F: 11 
74 7 102 195 F: 7 
77 7 105 303 F: 7 
79 8 95 326 F: 8 
81 9 99 240 F: 3 6 
84 10 94 197 F: 10 
89 2 91 148 F: 2 
89 8 113 281 F: 4 1 3 
96 10 106 283 F: 4 4 2 
100 2 106 246 F: 2 
100 7 128 40 F: 5 1 1 
122 9 131 91 F: 7 2 
128 11 139 114 F: 11 
133 8 165 315 F: 4 4 
140 13 153 312 F: 7 6 
143 5 158 259 F: 5 
143 9 152 303 F: 9 
151 6 175 64 F: 6 
154 8 162 248 F: 8 
155 4 159 338 F: 4 
158 5 163 390 F: 2 3 
167 10 187 105 F: 4 6 
171 12 195 319 F: 5 4 3 
173 7 187 25 F: 7 
173 13 186 77 F: 13 
176 10 186 348 F: 5 5 
181 7 202 328 F: 4 2 1 
187 8 211 162 F: 5 1 2 
199 5 219 271 F: 4 1 
202 10 212 212 F: 5 4 1 
210 6 216 141 F: 4 2 
212 9 248 354 F: 3 4 2 
214 9 241 395 F: 4 3 2 
228 7 235 169 F: 3 4 
229 9 247 313 F: 3 2 4 
232 7 253 208 F: 3 4 
235 12 271 83 F: 5 3 4 
242 13 281 220 F: 13 
253 3 256 169 F: 3 
262 7 290 432 F: 3 1 3 
264 7 285 5 F: 2 2 3 
270 9 279 222 F: 4 2 3 
287 9 305 264 F: 3 2 4 
287 10 297 243 F: 5 4 1 
290 6 302 42 F: 5 1 
291 7 305 346 F: 4 1 2 
296 8 320 297 F: 6 2 
297 7 304 337 F: 2 4 1 
297 8 313 305 F: 3 4 1 
322 6 346 317 F: 4 1 1 
323 3 329 23 F: 2 1 
323 7 337 95 F: 3 4 
333 5 353 294 F: 2 3 
335 8 359 232 F: 2 4 2 
340 7 347 303 F: 3 4 
340 7 361 423 F: 7 
341 8 357 66 F: 3 4 1 
342 7 370 271 F: 2 5 
346 9 373 227 F: 2 4 3 
349 9 358 285 F: 4 4 1 
354 10 384 263 F: 10 
358 8 366 429 F: 3 5 
360 7 381 425 F: 2 2 3 
368 6 386 123 F: 2 4 
371 7 399 207 F: 3 1 3 
374 9 410 136 F: 6 3 
381 7 402 337 F: 7 
387 5 402 86 F: 2 3 
394 4 406 358 F: 4 
407 4 415 262 F: 2 1 1 
411 10 421 331 F: 5 1 4 
413 13 452 431 F: 13 
417 12 453 295 F: 12 
421 12 457 306 F: 6 6 
423 8 439 191 F: 5 1 2 
424 5 444 395 F: 3 2 
425 13 451 27 F: 7 6 
428 11 472 411 F: 5 4 2 
440 7 468 357 F: 2 4 1 
444 8 452 129 F: 4 2 2 
445 12 481 384 F: 7 5 
446 10 486 447 F: 5 5 
455 6 461 232 F: 6 
459 12 495 53 F: 6 6 
460 11 482 231 F: 6 5 
462 12 498 299 F: 4 4 4 
492 4 504 10 F: 4 
497 7 518 380 F: 2 4 1 
499 13 551 160 F: 7 6 
500 8 516 115 F: 2 6 
501 7 508 251 F: 3 2 2 
503 7 531 20 F: 3 1 3 
504 6 522 271 F: 3 1 2 
510 12 534 104 F: 6 6 
515 5 525 188 F: 5 
528 7 556 382 F: 2 4 1 
537 8 569 14 F: 8 
538 3 547 106 F: 3 
540 7 568 321 F: 5 2 
541 10 551 382 F: 10 
544 5 549 321 F: 3 1 1 
556 12 604 245 F: 5 4 3 
560 7 581 63 F: 2 3 2 
566 6 584 401 F: 5 1 
571 8 603 383 F: 4 3 1 
578 7 592 200 F: 7 
590 8 606 161 F: 5 3 
591 9 618 218 F: 5 1 3 
592 8 600 179 F: 5 3 
605 8 637 110 F: 4 2 2 
610 7 638 282 F: 7 
612 11 634 27 F: 11 
614 13 627 327 F: 7 6 
617 4 633 249 F: 4 
620 8 652 180 F: 5 3 
629 5 644 380 F: 3 2 
637 11 648 157 F: 11 
638 10 668 328 F: 10 
640 6 658 75 F: 6 
640 11 684 416 F: 5 6 
641 2 645 388 F: 2 
641 2 647 385 F: 2 
650 9 677 223 F: 9 
661 7 682 90 F: 4 2 1 
663 7 677 314 F: 3 4 
667 6 673 15 F: 6 
670 8 694 381 F: 8 
675 8 691 420 F: 8 
685 10 725 389 F: 6 4 
704 6 722 314 F: 4 1 1 
707 9 743 450 F: 4 3 2 
715 7 729 61 F: 3 1 3 
720 10 760 270 F: 3 3 4 
723 9 732 235 F: 3 4 2 
749 10 769 125 F: 4 6 
751 8 759 252 F: 3 2 3 
754 7 782 353 F: 2 3 2 
754 10 774 338 F: 7 3 
759 5 774 110 F: 2 3 
760 7 767 382 F: 3 4 
763 2 769 431 F: 2 
773 12 821 22 F: 7 5 
775 9 793 152 F: 9 
784 9 811 348 F: 4 2 3 
786 5 796 76 F: 2 1 2 
790 7 811 71 F: 7 
794 10 804 16 F: 5 2 3 
797 8 821 300 F: 4 3 1 
798 8 806 124 F: 5 3 
808 10 818 426 F: 5 2 3 
812 9 830 224 F: 3 4 2 
819 8 835 158 F: 5 3 
820 13 833 123 F: 13 
823 6 847 164 F: 2 1 3 
826 11 837 321 F: 11 
828 7 849 80 F: 3 2 2 
830 8 838 331 F: 3 5 
830 13 882 24 F: 7 6 
833 5 848 125 F: 2 2 1 
833 10 863 35 F: 3 3 4 
842 9 851 124 F: 3 2 4 
846 8 870 355 F: 3 5 
853 4 857 320 F: 2 2 
857 7 885 425 F: 3 4 
869 9 878 135 F: 3 6 
877 2 879 125 F: 2 
878 12 890 436 F: 6 6 
897 4 901 381 F: 4 
899 8 907 437 F: 8 
902 10 912 299 F: 3 4 3 
909 7 923 421 F: 7 
910 10 940 287 F: 10 
915 8 939 435 F: 7 1 
916 8 948 327 F: 2 6 
925 8 949 25 F: 8 
926 3 932 171 F: 3 
936 7 964 107 F: 3 1 3 
944 8 976 214 F: 2 3 3 
944 9 953 283 F: 4 1 4 
948 13 1000 150 F: 13 
954 11 965 237 F: 11 
959 11 970 215 F: 5 6 
961 7 989 391 F: 2 4 1 
969 10 979 282 F: 10 
977 10 1017 346 F: 10 
984 7 998 185 F: 4 3 
986 6 992 379 F: 5 1 
988 10 1018 137 F: 2 4 4 
992 9 1019 91 F: 9 
1004 6 1028 58 F: 4 1 1 
1011 7 1018 59 F: 3 4 
1016 9 1025 253 F: 3 3 3 
1018 13 1057 137 F: 13 
1033 10 1043 447 F: 5 5 
1034 8 1066 240 F: 3 4 1 
1035 6 1041 62 F: 6 
1039 10 1069 397 F: 10 
1048 10 1078 95 F: 10 
1061 11 1072 380 F: 11 
1065 7 1093 359 F: 5 2 
1067 11 1078 417 F: 5 4 2 
1078 2 1084 168 F: 2 
1079 7 1107 93 F: 3 4 
1081 8 1105 59 F: 3 4 1 
1081 13 1120 30 F: 5 4 4 
1090 11 1123 171 F: 4 3 4 
1093 8 1101 29 F: 5 3 
1096 9 1105 21 F: 5 4 
1098 7 1112 390 F: 7 
1106 8 1130 6 F: 8 
1113 9 1149 434 F: 4 4 1 
1115 5 1125 153 F: 4 1 
1126 6 1132 31 F: 6 
1126 12 1162 437 F: 6 6 
1130 6 1148 409 F: 6 
1144 8 1160 422 F: 4 1 3 
1147 12 1159 163 F: 12 
1150 9 1177 401 F: 2 3 4 
1152 11 1174 178 F: 7 4 
1154 7 1175 196 F: 2 4 1 
1155 7 1176 172 F: 3 3 1 
1165 13 1204 79 F: 13 
1169 7 1190 88 F: 4 2 1 
1177 12 1225 418 F: 12 
1183 7 1211 351 F: 5 1 1 
1187 9 1223 272 F: 5 4 
1189 9 1207 212 F: 4 2 3 
1190 10 1210 36 F: 10 
1193 4 1201 179 F: 4 
1209 8 1241 15 F: 6 2 
1213 13 1239 41 F: 7 6 
1225 11 1269 376 F: 5 6 
1226 10 1236 412 F: 10 
1229 6 1241 254 F: 3 2 1 
1231 12 1279 87 F: 12 
1236 8 1268 4 F: 2 4 2 
1237 10 1257 74 F: 7 3 
1241 11 1285 392 F: 3 4 4 
1246 7 1260 345 F: 7 
1251 7 1265 298 F: 7 
1251 8 1267 168 F: 5 3 
1257 5 1272 369 F: 3 2 
1262 11 1295 354 F: 5 6 
1266 3 1275 434 F: 3 
1271 4 1275 101 F: 2 2 
1278 10 1308 419 F: 10 
1289 9 1298 8 F: 4 2 3 
1294 10 1324 364 F: 2 4 4 
1299 8 1331 144 F: 5 1 2 
1311 12 1347 322 F: 12 
1322 7 1336 366 F: 7 
1325 10 1345 346 F: 3 4 3 
1336 7 1357 434 F: 4 3 
1342 6 1354 80 F: 2 3 1 
1342 11 1386 328 F: 5 6 
1343 6 1361 138 F: 2 2 2 
1359 6 1377 402 F: 3 1 2 
1359 9 1377 48 F: 7 2 
1365 6 1389 89 F: 3 2 1 
1366 7 1373 156 F: 5 2 
1368 6 1374 26 F: 4 1 1 
1368 9 1386 245 F: 5 4 
1378 8 1402 231 F: 2 2 4 
1378 10 1408 300 F: 10 
1387 8 1419 13 F: 4 2 2 
1388 10 1408 31 F: 10 
1389 10 1399 66 F: 7 3 
1394 6 1418 103 F: 2 2 2 
1395 7 1409 117 F: 2 2 3 
1400 5 1410 218 F: 5 
1400 9 1427 314 F: 6 3 
1401 12 1425 375 F: 7 5 
1415 8 1439 294 F: 2 2 4 
1431 9 1449 93 F: 7 2 
1432 10 1452 218 F: 3 4 3 
1435 7 1463 126 F: 7 
1438 8 1470 159 F: 2 6 
1446 2 1448 112 F: 2 
1448 9 1457 52 F: 4 1 4 
1452 8 1460 348 F: 3 4 1 
1457 5 1472 366 F: 2 2 1 
1457 10 1467 77 F: 5 1 4 
1469 4 1485 410 F: 4 
1470 6 1482 167 F: 2 4 
1475 10 1495 392 F: 10 
1476 8 1500 298 F: 7 1 
1489 10 1499 198 F: 5 1 4 
1495 3 1498 409 F: 3 
1496 9 1532 5 F: 5 4 
1503 11 1514 90 F: 11 
1509 11 1531 246 F: 11 
1513 9 1540 90 F: 9 
1517 8 1541 256 F: 2 6 
1523 10 1533 426 F: 5 5 
1526 5 1531 325 F: 5 
1528 9 1564 64 F: 2 3 4 
1529 9 1547 392 F: 3 6 
1541 7 1555 1 F: 7 
1543 5 1563 223 F: 5 
1557 6 1569 436 F: 3 3 
1557 10 1577 18 F: 3 3 4 
1562 12 1574 435 F: 12 
1568 4 1572 46 F: 3 1 
1568 8 1592 370 F: 2 2 4 
1573 7 1601 383 F: 7 
1582 7 1603 159 F: 2 5 
1585 8 1593 273 F: 3 4 1 
1591 12 1627 314 F: 12 
1593 10 1603 85 F: 7 3 
1601 10 1611 375 F: 10 
1612 8 1644 222 F: 5 2 1 
1618 7 1632 129 F: 7 
1624 5 1644 447 F: 4 1 
1633 6 1651 129 F: 6 
1637 9 1673 266 F: 6 3 
1641 7 1662 263 F: 4 2 1 
1644 11 1677 112 F: 11 
1645 9 1663 87 F: 5 4 
1656 4 1668 256 F: 2 2 
1660 7 1667 410 F: 5 1 1 
1671 4 1675 270 F: 3 1 
1676 6 1682 342 F: 4 2 
1677 8 1693 142 F: 6 2 
1690 8 1706 283 F: 4 1 3 
1691 4 1703 450 F: 4 
1691 11 1702 399 F: 11 
1695 6 1719 320 F: 6 
1698 2 1706 440 F: 2 
1698 6 1704 321 F: 6 
1713 8 1745 33 F: 4 3 1 
1720 4 1736 374 F: 2 2 
1724 3 1733 284 F: 2 1 
1732 7 1746 312 F: 2 1 4 
1737 10 1767 314 F: 2 4 4 
1740 8 1756 346 F: 5 3 
1742 8 1766 76 F: 2 4 2 
1746 11 1757 83 F: 5 2 4 
1748 8 1756 208 F: 4 4 
1755 8 1779 360 F: 3 5 
1759 8 1791 340 F: 8 
1760 6 1784 68 F: 6 
1761 9 1797 257 F: 6 3 
1773 7 1794 63 F: 2 4 1 
1778 10 1798 202 F: 4 4 2 
1781 7 1809 382 F: 2 3 2 
1784 6 1802 196 F: 2 1 3 
1785 10 1825 247 F: 10 
1789 12 1825 142 F: 5 3 4 
1799 11 1832 182 F: 6 5 
1801 5 1811 444 F: 2 1 2 
1807 2 1815 91 F: 2 
1812 9 1821 364 F: 5 1 3 
1813 11 1857 165 F: 5 3 3 
1815 9 1824 65 F: 4 3 2 
1823 11 1845 427 F: 11 
1833 5 1838 269 F: 2 1 2 
1839 9 1848 389 F: 4 2 3 
1840 8 1872 404 F: 3 2 3 
1849 6 1873 66 F: 6 
1849 8 1873 445 F: 4 1 3 
1849 9 1885 233 F: 6 3 
1855 5 1865 198 F: 4 1 
1856 11 1900 195 F: 5 6 
1863 12 1887 210 F: 5 4 3 
1866 9 1875 47 F: 3 3 3 
1871 3 1874 290 F: 3 
1878 4 1886 149 F: 3 1 
1884 8 1908 294 F: 3 2 3 
1885 10 1895 115 F: 10 
1908 11 1952 42 F: 11 
1916 7 1930 136 F: 4 1 2 
1916 9 1943 103 F: 9 
1918 10 1958 102 F: 5 5 
1930 4 1934 57 F: 3 1 
1930 10 1940 305 F: 10 
1946 9 1973 206 F: 3 6 
1947 10 1987 281 F: 3 4 3 
1949 12 1985 433 F: 12 
1957 5 1967 91 F: 5 
1959 11 2003 49 F: 11 
1960 7 1974 354 F: 6 1 
1960 10 1970 68 F: 10 
1963 5 1983 198 F: 5 
1983 10 2003 1 F: 10 
1985 3 1994 162 F: 3 
1992 6 2010 38 F: 4 2 
1993 9 2029 123 F: 9 
1997 13 2036 380 F: 13 
1998 10 2038 349 F: 4 6 
2000 10 2010 357 F: 5 5 
2001 13 2040 274 F: 5 4 4 
2019 8 2043 152 F: 4 4 
2024 6 2030 245 F: 3 1 2 
2024 6 2048 161 F: 3 3 
2024 12 2036 22 F: 12 
2026 12 2038 42 F: 5 3 4 
2030 8 2062 252 F: 5 1 2 
2030 12 2042 436 F: 5 3 4 
2037 11 2048 373 F: 11 
2039 9 2057 222 F: 9 
2045 10 2055 349 F: 7 3 
2047 10 2077 131 F: 5 4 1 
2048 6 2054 321 F: 6 
2064 6 2088 55 F: 4 1 1 
2068 10 2088 64 F: 4 3 3 
2077 7 2105 298 F: 2 1 4 
2078 8 2110 316 F: 3 3 2 
2082 9 2100 273 F: 4 3 2 
2096 7 2117 153 F: 6 1 
2104 8 2112 294 F: 4 4 
2105 8 2137 305 F: 4 3 1 
2109 5 2114 157 F: 3 2 
2116 5 2126 46 F: 3 2 
2117 11 2161 295 F: 11 
2123 13 2175 60 F: 13 
2132 6 2156 205 F: 5 1 
2136 7 2143 367 F: 3 1 3 
2143 3 2155 432 F: 3 
2150 7 2171 151 F: 6 1 
2153 11 2175 135 F: 11 
2155 7 2176 211 F: 7 
2160 5 2175 298 F: 5 
2161 8 2169 168 F: 5 2 1 
2164 9 2182 413 F: 3 3 3 
2169 6 2193 347 F: 5 1 
2181 7 2188 37 F: 7 
2186 7 2207 416 F: 3 1 3 
2190 9 2217 180 F: 9 
2195 10 2215 307 F: 7 3 
2209 7 2223 449 F: 2 5 
2221 7 2242 50 F: 5 2 
2224 5 2244 49 F: 5 
2263 2 2271 324 F: 2 
2267 9 2276 300 F: 9 
2268 10 2278 290 F: 5 3 2 
2276 11 2320 25 F: 5 3 3 
2290 10 2300 301 F: 10 
2291 7 2305 395 F: 3 4 
2291 10 2301 284 F: 6 4 
D: 4 69 
D: 7 341 
D: 13 278 
D: 25 361 
D: 26 362 
D: 26 368 
D: 36 83 
D: 39 363 
D: 45 165 
D: 46 225 
D: 56 403 
D: 59 204 
D: 94 199 
D: 98 193 
D: 100 419 
D: 110 285 
D: 111 169 
D: 112 316 
D: 117 128 
D: 125 334 
D: 131 325 
D: 132 200 
D: 135 338 
D: 136 449 
D: 138 247 
D: 138 440 
D: 140 143 
D: 152 396 
D: 176 209 
D: 181 250 
D: 182 355 
D: 216 237 
D: 217 314 
D: 238 333 
D: 238 344 
D: 248 428 
D: 255 312 
D: 258 282 
D: 296 327 
D: 307 332 
D: 324 411 
D: 331 372 
D: 335 400 
D: 365 403 
D: 405 419 
