1 6 25 276 F: 2 4 
1 7 29 33 F: 3 1 3 
1 13 27 87 F: 5 4 4 
6 5 11 202 F: 4 1 
8 3 11 325 F: 3 
20 7 34 215 F: 4 1 2 
27 7 48 218 F: 7 
31 10 51 282 F: 3 3 4 
46 12 94 13 F: 5 3 4 
49 6 61 90 F: 3 1 2 
54 9 81 193 F: 5 3 1 
59 8 91 88 F: 7 1 
71 9 107 81 F: 9 
76 6 82 442 F: 4 2 
78 2 84 72 F: 2 
80 9 116 384 F: 3 6 
83 6 95 417 F: 4 2 
84 10 124 392 F: 7 3 
93 8 101 173 F: 3 1 4 
95 6 101 167 F: 6 
101 9 137 135 F: 9 
102 9 138 404 F: 4 2 3 
109 4 125 117 F: 2 2 
120 12 168 257 F: 4 4 4 
125 6 131 406 F: 6 
135 7 156 163 F: 3 3 1 
135 12 183 325 F: 7 5 
140 3 143 383 F: 3 
145 4 153 331 F: 4 
147 10 157 67 F: 10 
149 8 181 300 F: 2 4 2 
152 12 188 85 F: 6 6 
153 5 158 377 F: 2 3 
171 10 191 447 F: 10 
173 5 188 44 F: 2 2 1 
185 5 200 241 F: 4 1 
189 8 197 450 F: 6 2 
190 6 196 58 F: 5 1 
194 10 204 414 F: 3 4 3 
197 7 204 126 F: 5 2 
202 5 222 446 F: 5 
210 9 219 159 F: 6 3 
212 8 228 300 F: 3 1 4 
216 2 220 186 F: 2 
218 7 246 420 F: 6 1 
230 6 254 142 F: 6 
239 11 283 417 F: 5 3 3 
245 6 263 353 F: 6 
252 10 292 130 F: 5 2 3 
268 7 289 196 F: 7 
268 11 312 361 F: 7 4 
270 11 303 248 F: 6 5 
271 8 303 197 F: 3 5 
271 9 289 203 F: 3 3 3 
284 11 306 321 F: 5 6 
285 7 292 409 F: 5 2 
285 7 306 318 F: 6 1 
290 7 304 43 F: 5 2 
292 10 302 375 F: 7 3 
296 10 336 32 F: 3 3 4 
304 6 316 435 F: 3 1 2 
304 12 328 230 F: 5 3 4 
308 12 320 100 F: 12 
311 8 335 441 F: 4 2 2 
317 8 341 140 F: 8 
318 6 330 299 F: 3 3 
319 8 343 199 F: 7 1 
322 7 343 366 F: 2 4 1 
329 6 335 107 F: 4 1 1 
332 6 344 268 F: 4 2 
333 5 348 394 F: 5 
342 12 354 10 F: 12 
344 10 374 395 F: 3 4 3 
354 8 386 140 F: 4 3 1 
367 10 377 258 F: 10 
368 8 392 48 F: 8 
370 8 394 272 F: 8 
376 9 385 217 F: 5 4 
376 12 388 284 F: 12 
386 6 392 272 F: 6 
401 7 422 211 F: 2 3 2 
404 10 414 203 F: 10 
406 8 430 138 F: 2 2 4 
417 10 427 359 F: 7 3 
419 9 428 397 F: 9 
426 10 446 439 F: 10 
432 9 441 435 F: 5 4 
435 4 451 303 F: 4 
437 10 477 365 F: 5 1 4 
439 7 467 126 F: 4 3 
444 8 468 383 F: 3 5 
455 5 460 335 F: 2 2 1 
455 6 473 100 F: 3 2 1 
460 11 482 107 F: 5 3 3 
466 9 493 129 F: 3 4 2 
472 7 486 319 F: 5 1 1 
474 9 501 434 F: 9 
488 8 504 253 F: 4 2 2 
489 4 501 442 F: 3 1 
491 7 498 124 F: 6 1 
504 3 513 79 F: 3 
506 2 512 22 F: 2 
507 7 528 87 F: 7 
507 12 555 235 F: 12 
531 8 547 211 F: 8 
536 10 546 296 F: 5 2 3 
545 4 557 100 F: 4 
547 6 565 229 F: 3 2 1 
549 9 567 373 F: 6 3 
566 6 572 369 F: 4 2 
567 9 576 50 F: 4 2 3 
570 2 572 396 F: 2 
574 8 598 310 F: 3 4 1 
577 4 593 299 F: 2 1 1 
579 6 597 392 F: 6 
580 8 588 373 F: 4 2 2 
585 10 595 187 F: 6 4 
592 7 606 101 F: 4 3 
593 10 613 206 F: 4 2 4 
596 4 612 335 F: 4 
604 11 637 271 F: 11 
605 7 626 136 F: 5 1 1 
605 13 644 252 F: 5 4 4 
606 13 658 178 F: 13 
611 7 632 61 F: 4 2 1 
612 5 627 130 F: 5 
616 2 618 340 F: 2 
618 6 642 310 F: 2 3 1 
630 8 646 74 F: 8 
644 5 659 343 F: 5 
673 3 676 38 F: 2 1 
675 11 697 336 F: 7 4 
680 6 692 56 F: 3 1 2 
680 9 689 401 F: 5 4 
683 10 723 9 F: 4 6 
688 6 712 10 F: 6 
695 6 719 278 F: 3 3 
696 5 706 240 F: 5 
697 2 699 156 F: 2 
698 2 702 145 F: 2 
711 7 732 139 F: 2 5 
712 8 736 178 F: 6 2 
722 8 746 297 F: 2 3 3 
725 7 753 421 F: 7 
725 10 765 45 F: 7 3 
735 10 765 158 F: 10 
735 11 779 246 F: 7 4 
743 9 779 227 F: 4 5 
747 3 750 300 F: 3 
747 13 773 283 F: 13 
748 4 760 16 F: 4 
755 7 762 109 F: 2 1 4 
757 7 771 29 F: 3 1 3 
763 6 769 170 F: 6 
767 10 777 399 F: 7 3 
785 10 805 370 F: 5 4 1 
786 6 804 64 F: 2 4 
792 8 808 48 F: 5 3 
797 9 806 307 F: 9 
799 5 814 353 F: 2 3 
803 3 806 104 F: 3 
803 11 825 260 F: 5 6 
820 5 840 300 F: 3 1 1 
823 7 851 222 F: 3 3 1 
829 10 849 205 F: 2 4 4 
833 12 845 51 F: 12 
835 5 845 134 F: 4 1 
838 11 882 419 F: 11 
846 10 876 136 F: 4 2 4 
858 7 865 274 F: 3 3 1 
866 10 906 308 F: 7 3 
871 9 880 127 F: 2 4 3 
874 6 886 391 F: 6 
878 8 894 429 F: 8 
882 10 922 111 F: 10 
886 8 902 319 F: 3 1 4 
886 12 934 3 F: 12 
896 6 902 50 F: 6 
896 9 905 284 F: 3 4 2 
897 4 905 318 F: 2 2 
907 11 918 183 F: 6 5 
912 9 939 77 F: 4 2 3 
912 11 945 149 F: 5 3 3 
924 7 931 378 F: 7 
928 13 954 133 F: 13 
936 4 948 326 F: 2 1 1 
937 11 970 216 F: 5 4 2 
938 8 962 325 F: 2 3 3 
941 8 965 109 F: 4 1 3 
941 9 977 163 F: 3 3 3 
944 11 966 234 F: 11 
949 6 973 97 F: 2 3 1 
955 13 994 277 F: 13 
961 10 981 75 F: 4 2 4 
981 7 988 73 F: 3 3 1 
983 8 991 237 F: 4 4 
990 5 995 280 F: 2 2 1 
991 11 1013 56 F: 11 
997 8 1013 29 F: 2 2 4 
998 7 1005 436 F: 2 5 
1001 7 1029 392 F: 2 1 4 
1004 6 1016 52 F: 6 
1012 10 1052 26 F: 10 
1026 8 1042 74 F: 4 4 
1027 10 1067 373 F: 10 
1043 11 1065 179 F: 3 4 4 
1046 8 1078 276 F: 2 6 
1050 8 1066 212 F: 8 
1053 5 1058 427 F: 5 
1060 2 1062 381 F: 2 
1061 9 1070 420 F: 2 4 3 
1062 9 1089 419 F: 9 
1064 9 1073 273 F: 6 3 
1068 9 1077 279 F: 7 2 
1079 10 1099 41 F: 4 6 
1083 5 1098 186 F: 3 2 
1085 8 1101 144 F: 5 2 1 
1088 2 1094 91 F: 2 
1088 8 1112 407 F: 2 3 3 
1099 11 1121 300 F: 11 
1101 8 1109 96 F: 5 1 2 
1108 2 1116 167 F: 2 
1109 2 1117 105 F: 2 
1110 7 1124 230 F: 3 4 
1110 8 1118 107 F: 5 3 
1111 11 1155 186 F: 11 
1117 9 1135 440 F: 5 3 1 
1121 6 1133 272 F: 6 
1144 10 1164 177 F: 6 4 
1152 6 1170 268 F: 3 3 
1165 7 1179 328 F: 7 
1168 7 1182 299 F: 2 2 3 
1171 5 1186 347 F: 5 
1172 13 1211 438 F: 13 
1176 9 1194 332 F: 4 5 
1181 7 1188 35 F: 4 3 
1181 10 1201 449 F: 5 1 4 
1182 11 1204 136 F: 5 6 
1193 6 1199 239 F: 6 
1195 5 1205 87 F: 2 1 2 
1200 6 1212 181 F: 6 
1209 5 1229 401 F: 3 2 
1214 12 1262 97 F: 12 
1221 9 1257 5 F: 5 4 
1228 8 1244 255 F: 3 1 4 
1230 5 1250 425 F: 2 3 
1236 13 1288 217 F: 5 4 4 
1240 4 1248 384 F: 3 1 
1242 10 1262 262 F: 5 1 4 
1242 10 1262 354 F: 4 6 
1246 8 1270 186 F: 8 
1246 9 1273 318 F: 3 6 
1251 4 1259 111 F: 4 
1253 10 1273 181 F: 4 3 3 
1259 12 1271 284 F: 4 4 4 
1269 8 1277 279 F: 2 2 4 
1270 12 1318 214 F: 12 
1270 13 1309 283 F: 5 4 4 
1287 3 1290 180 F: 3 
1290 9 1326 34 F: 9 
1306 5 1321 366 F: 5 
1306 7 1327 25 F: 6 1 
1316 6 1340 419 F: 4 2 
1316 7 1344 179 F: 2 5 
1335 6 1347 369 F: 6 
1336 3 1339 423 F: 3 
1347 10 1367 27 F: 10 
1353 8 1369 243 F: 3 5 
1353 11 1386 401 F: 5 4 2 
1356 8 1388 67 F: 8 
1357 7 1371 59 F: 4 1 2 
1359 7 1387 359 F: 6 1 
1361 2 1365 6 F: 2 
1361 6 1385 184 F: 4 2 
1361 12 1385 58 F: 12 
1367 11 1378 14 F: 5 4 2 
1367 12 1379 105 F: 12 
1376 7 1383 372 F: 2 3 2 
1384 9 1402 318 F: 9 
1386 8 1402 89 F: 5 3 
1400 6 1424 350 F: 6 
1401 9 1428 254 F: 5 2 2 
1402 3 1414 84 F: 3 
1407 7 1435 158 F: 2 5 
1408 10 1428 52 F: 5 1 4 
1417 9 1444 10 F: 9 
1418 6 1430 59 F: 5 1 
1431 11 1442 167 F: 5 4 2 
1435 6 1453 202 F: 4 2 
1438 8 1454 296 F: 3 3 2 
1443 9 1452 253 F: 6 3 
1443 9 1479 124 F: 7 2 
1447 6 1471 342 F: 3 1 2 
1447 7 1454 409 F: 7 
1453 6 1471 442 F: 3 2 1 
1459 5 1479 54 F: 5 
1464 13 1477 143 F: 13 
1483 10 1513 265 F: 5 4 1 
1487 9 1496 43 F: 5 1 3 
1491 9 1518 228 F: 5 1 3 
1504 9 1531 394 F: 2 4 3 
1507 8 1523 56 F: 6 2 
1508 6 1532 438 F: 3 1 2 
1515 7 1529 401 F: 5 2 
1516 12 1540 101 F: 12 
1519 10 1529 151 F: 6 4 
1520 6 1532 83 F: 6 
1523 11 1545 80 F: 5 2 4 
1541 7 1555 257 F: 4 2 1 
1542 11 1553 34 F: 5 3 3 
1545 9 1554 370 F: 5 4 
1555 11 1566 106 F: 5 6 
1556 11 1600 113 F: 11 
1557 6 1563 234 F: 6 
1573 6 1585 298 F: 5 1 
1578 6 1584 245 F: 2 3 1 
1580 12 1604 18 F: 6 6 
1581 9 1599 301 F: 3 6 
1591 6 1615 18 F: 4 2 
1597 13 1610 248 F: 13 
1602 9 1620 95 F: 4 3 2 
1617 6 1641 221 F: 2 1 3 
1627 13 1666 270 F: 13 
1628 5 1643 430 F: 5 
1628 7 1656 114 F: 3 1 3 
1640 9 1649 134 F: 4 1 4 
1643 8 1651 20 F: 2 3 3 
1649 10 1689 157 F: 6 4 
1650 10 1670 369 F: 5 3 2 
1655 8 1663 245 F: 3 4 1 
1662 7 1669 146 F: 4 3 
1664 7 1692 332 F: 3 3 1 
1665 6 1671 283 F: 2 3 1 
1677 4 1689 201 F: 3 1 
1678 7 1685 431 F: 2 3 2 
1679 8 1695 263 F: 4 1 3 
1681 9 1699 368 F: 4 2 3 
1685 8 1717 278 F: 2 4 2 
1692 7 1706 303 F: 6 1 
1694 7 1708 416 F: 7 
1713 13 1726 190 F: 5 4 4 
1729 2 1735 73 F: 2 
1729 13 1742 181 F: 13 
1732 5 1747 408 F: 2 2 1 
1732 9 1750 69 F: 4 4 1 
1735 10 1745 112 F: 10 
1736 9 1754 299 F: 5 1 3 
1744 12 1768 7 F: 5 3 4 
1747 6 1753 180 F: 6 
1747 10 1767 422 F: 10 
1758 10 1768 399 F: 5 4 1 
1772 2 1780 382 F: 2 
1778 8 1802 180 F: 2 6 
1781 8 1805 147 F: 2 2 4 
1786 12 1822 107 F: 7 5 
1789 6 1801 319 F: 2 1 3 
1790 5 1800 74 F: 2 3 
1791 7 1805 262 F: 2 4 1 
1791 8 1815 432 F: 2 2 4 
1792 11 1825 26 F: 11 
1809 2 1813 112 F: 2 
1815 11 1826 6 F: 5 3 3 
1818 6 1836 186 F: 3 1 2 
1820 11 1864 133 F: 4 3 4 
1823 7 1830 287 F: 7 
1825 11 1869 429 F: 5 6 
1828 12 1876 321 F: 6 6 
1850 9 1886 387 F: 9 
1859 5 1869 224 F: 5 
1859 12 1871 171 F: 12 
1860 12 1884 364 F: 12 
1862 11 1895 432 F: 11 
1863 12 1911 272 F: 12 
1867 11 1900 36 F: 11 
1880 7 1894 347 F: 7 
1885 7 1906 116 F: 2 4 1 
1886 8 1918 436 F: 6 2 
1890 10 1920 325 F: 4 6 
1893 8 1925 121 F: 2 4 2 
1898 10 1908 24 F: 5 5 
1908 6 1932 399 F: 3 3 
1908 10 1928 320 F: 5 5 
1912 8 1920 142 F: 5 3 
1915 10 1935 196 F: 7 3 
1917 8 1941 164 F: 3 5 
1922 6 1940 32 F: 5 1 
1924 6 1948 251 F: 5 1 
1924 8 1932 399 F: 7 1 
1925 4 1933 240 F: 2 2 
1938 5 1948 357 F: 5 
1939 9 1948 228 F: 5 4 
1940 8 1956 403 F: 7 1 
1945 5 1960 383 F: 2 3 
1947 10 1987 446 F: 6 4 
1955 12 1967 329 F: 4 4 4 
1967 4 1975 210 F: 4 
1970 9 1979 4 F: 4 5 
1971 10 1991 159 F: 10 
1986 3 1995 64 F: 3 
1989 6 1995 2 F: 5 1 
2003 11 2014 288 F: 11 
2013 6 2037 218 F: 6 
2015 10 2045 304 F: 5 2 3 
2033 8 2041 193 F: 4 2 2 
2033 13 2059 107 F: 13 
2036 9 2063 228 F: 3 6 
2036 13 2062 126 F: 13 
2048 4 2064 169 F: 2 1 1 
2054 2 2056 359 F: 2 
2056 5 2066 404 F: 5 
2057 8 2073 52 F: 4 4 
2058 4 2070 170 F: 3 1 
2065 7 2093 352 F: 2 4 1 
2075 11 2086 364 F: 3 4 4 
2076 2 2084 372 F: 2 
2076 11 2109 89 F: 11 
2081 10 2111 129 F: 4 6 
2085 9 2112 324 F: 4 5 
2090 5 2110 347 F: 5 
2092 9 2101 157 F: 9 
2105 10 2135 432 F: 4 2 4 
2125 4 2141 21 F: 4 
2131 10 2161 126 F: 10 
2134 9 2170 113 F: 3 4 2 
2134 13 2160 141 F: 13 
2143 8 2159 122 F: 3 2 3 
2146 5 2156 55 F: 5 
2149 8 2157 259 F: 2 4 2 
2154 11 2198 74 F: 6 5 
2163 10 2203 11 F: 10 
2164 3 2167 293 F: 3 
2164 11 2208 442 F: 11 
2165 10 2205 394 F: 7 3 
2167 8 2175 48 F: 2 3 3 
2167 8 2191 311 F: 3 1 4 
2168 10 2188 309 F: 7 3 
2175 4 2187 192 F: 2 2 
2181 9 2190 53 F: 4 2 3 
2189 8 2213 144 F: 6 2 
2199 10 2229 199 F: 5 2 3 
2205 11 2249 98 F: 11 
2222 6 2228 151 F: 5 1 
2223 7 2230 427 F: 7 
2241 8 2265 296 F: 5 2 1 
2243 11 2254 325 F: 11 
2247 11 2258 389 F: 4 3 4 
2259 9 2295 93 F: 3 6 
2259 12 2307 258 F: 6 6 
2280 6 2304 129 F: 2 2 2 
2289 7 2317 233 F: 4 3 
D: 0 136 
D: 3 224 
D: 6 172 
D: 15 230 
D: 20 381 
D: 23 215 
D: 26 108 
D: 27 332 
D: 28 449 
D: 37 218 
D: 53 445 
D: 55 252 
D: 56 97 
D: 66 406 
D: 73 267 
D: 76 156 
D: 100 363 
D: 113 271 
D: 114 398 
D: 115 348 
D: 116 393 
D: 125 233 
D: 136 171 
D: 140 277 
D: 153 249 
D: 181 408 
D: 182 382 
D: 195 232 
D: 195 317 
D: 224 406 
D: 246 395 
D: 252 319 
D: 261 361 
D: 263 357 
D: 277 281 
D: 277 320 
D: 278 395 
D: 302 385 
D: 310 440 
D: 331 402 
D: 337 427 
D: 350 351 
D: 365 383 
D: 371 376 
D: 376 418 
