5 6 23 271 F: 3 3 
6 10 36 20 F: 10 
14 8 22 266 F: 2 6 
27 10 47 292 F: 4 3 3 
43 2 49 320 F: 2 
43 10 83 159 F: 5 4 1 
51 8 59 310 F: 8 
54 2 60 279 F: 2 
63 7 91 437 F: 4 3 
63 9 90 370 F: 9 
65 9 74 173 F: 3 2 4 
66 11 99 176 F: 11 
68 10 108 429 F: 4 2 4 
73 2 77 52 F: 2 
73 5 78 263 F: 4 1 
77 10 107 59 F: 6 4 
77 11 99 217 F: 7 4 
84 11 128 252 F: 7 4 
85 8 93 228 F: 4 4 
88 10 118 45 F: 7 3 
106 13 119 80 F: 5 4 4 
120 7 134 107 F: 3 2 2 
127 4 131 276 F: 2 2 
129 4 133 108 F: 4 
136 9 163 37 F: 4 1 4 
137 12 149 192 F: 12 
140 7 147 277 F: 7 
140 10 160 359 F: 6 4 
144 4 148 342 F: 4 
154 5 174 422 F: 3 1 1 
158 10 198 94 F: 3 3 4 
163 11 207 52 F: 5 4 2 
169 8 201 318 F: 5 1 2 
170 6 194 185 F: 4 2 
177 8 185 209 F: 3 1 4 
178 7 206 268 F: 5 2 
183 12 195 22 F: 12 
188 8 212 133 F: 6 2 
192 8 200 274 F: 8 
193 11 226 182 F: 5 3 3 
203 2 205 80 F: 2 
203 12 239 18 F: 12 
206 6 218 175 F: 6 
208 8 240 222 F: 6 2 
209 9 218 115 F: 3 6 
223 6 229 270 F: 6 
224 10 244 299 F: 3 4 3 
229 4 233 138 F: 2 1 1 
237 7 251 332 F: 6 1 
240 11 273 60 F: 5 3 3 
242 7 256 170 F: 5 1 1 
243 10 283 326 F: 5 5 
244 11 255 326 F: 4 4 3 
258 6 282 326 F: 5 1 
264 13 303 426 F: 13 
270 4 278 425 F: 4 
271 11 315 434 F: 7 4 
278 12 290 173 F: 4 4 4 
282 6 288 29 F: 2 4 
299 8 323 329 F: 4 1 3 
305 4 313 404 F: 2 2 
305 5 315 211 F: 4 1 
318 8 350 335 F: 7 1 
319 5 324 58 F: 2 1 2 
322 7 329 68 F: 3 2 2 
324 5 329 168 F: 3 2 
324 9 333 138 F: 3 6 
325 6 331 21 F: 2 1 3 
328 9 337 70 F: 7 2 
331 8 355 356 F: 3 3 2 
341 6 347 10 F: 6 
345 2 347 274 F: 2 
351 8 367 438 F: 4 4 
351 8 375 15 F: 2 2 4 
363 5 368 42 F: 3 1 1 
374 9 401 137 F: 3 3 3 
378 11 389 85 F: 7 4 
383 10 413 127 F: 5 4 1 
388 10 428 243 F: 4 2 4 
396 9 405 31 F: 4 5 
402 8 418 429 F: 5 2 1 
411 13 424 150 F: 13 
413 3 419 28 F: 2 1 
426 9 444 25 F: 5 3 1 
430 2 434 274 F: 2 
430 11 474 279 F: 11 
432 4 444 393 F: 4 
437 9 464 160 F: 9 
445 4 453 94 F: 4 
459 6 471 227 F: 3 2 1 
459 8 491 438 F: 8 
469 13 508 6 F: 7 6 
470 10 500 182 F: 10 
476 8 484 171 F: 2 6 
477 11 521 171 F: 5 6 
481 8 489 264 F: 6 2 
481 10 501 175 F: 6 4 
483 11 494 6 F: 11 
487 11 520 245 F: 7 4 
498 7 519 240 F: 4 1 2 
501 10 511 434 F: 10 
502 11 535 293 F: 11 
514 5 534 113 F: 4 1 
515 7 543 291 F: 2 1 4 
521 5 526 96 F: 3 2 
524 12 572 398 F: 12 
530 5 540 366 F: 5 
536 4 540 185 F: 3 1 
544 3 550 51 F: 3 
556 7 570 147 F: 5 1 1 
563 4 579 46 F: 2 2 
571 5 581 389 F: 3 2 
572 10 582 294 F: 10 
581 13 607 127 F: 13 
584 9 620 14 F: 2 3 4 
586 11 619 381 F: 11 
591 3 603 408 F: 3 
594 4 606 24 F: 4 
596 5 616 208 F: 5 
598 3 601 417 F: 3 
604 5 619 141 F: 4 1 
607 6 625 313 F: 4 1 1 
608 8 624 218 F: 3 1 4 
614 6 638 151 F: 2 4 
626 6 650 303 F: 3 3 
629 8 637 41 F: 2 6 
637 10 657 244 F: 3 3 4 
638 12 662 275 F: 12 
643 9 670 200 F: 6 3 
644 10 654 314 F: 10 
652 8 684 343 F: 3 1 4 
659 8 691 166 F: 3 5 
660 9 678 35 F: 7 2 
664 11 697 321 F: 4 4 3 
673 8 681 404 F: 6 2 
681 10 721 253 F: 6 4 
685 8 717 388 F: 4 4 
685 13 698 78 F: 13 
691 9 718 141 F: 9 
697 8 721 14 F: 2 2 4 
704 8 728 202 F: 4 3 1 
707 4 723 393 F: 3 1 
717 10 757 408 F: 5 5 
721 8 729 138 F: 8 
725 6 737 366 F: 6 
726 7 740 204 F: 2 4 1 
728 9 764 276 F: 7 2 
732 10 752 225 F: 6 4 
733 7 740 209 F: 6 1 
737 9 773 320 F: 9 
738 7 752 168 F: 2 2 3 
741 7 762 432 F: 7 
745 11 778 432 F: 5 3 3 
752 10 792 20 F: 3 3 4 
766 12 790 250 F: 12 
771 7 778 102 F: 5 2 
783 8 799 37 F: 5 1 2 
790 9 826 71 F: 3 4 2 
792 10 812 178 F: 10 
796 9 805 314 F: 5 2 2 
809 9 836 396 F: 4 5 
814 4 818 133 F: 3 1 
820 9 829 82 F: 2 4 3 
828 11 850 140 F: 5 3 3 
832 8 840 207 F: 4 3 1 
842 5 852 374 F: 2 2 1 
847 6 853 4 F: 4 1 1 
852 7 859 193 F: 7 
860 2 864 252 F: 2 
860 2 868 153 F: 2 
865 5 885 142 F: 3 2 
867 5 882 345 F: 5 
869 3 881 166 F: 3 
874 8 882 337 F: 3 2 3 
874 12 910 421 F: 12 
875 9 893 383 F: 7 2 
882 7 910 292 F: 7 
886 2 890 138 F: 2 
896 4 912 123 F: 2 1 1 
899 11 932 88 F: 6 5 
906 8 930 51 F: 4 3 1 
907 7 935 268 F: 4 2 1 
917 12 965 146 F: 5 3 4 
922 7 929 440 F: 3 3 1 
929 2 931 386 F: 2 
929 9 947 25 F: 3 2 4 
932 10 962 378 F: 10 
934 4 942 13 F: 2 2 
936 4 940 129 F: 4 
938 7 952 354 F: 6 1 
940 6 964 327 F: 2 4 
942 6 954 102 F: 2 4 
942 8 950 376 F: 2 4 2 
950 7 971 217 F: 3 4 
956 7 984 362 F: 2 5 
959 4 967 219 F: 4 
969 11 1002 341 F: 4 3 4 
971 4 979 237 F: 4 
971 7 985 367 F: 7 
987 8 1003 198 F: 2 6 
1003 11 1036 234 F: 5 2 4 
1017 7 1024 76 F: 3 4 
1017 9 1053 289 F: 6 3 
1021 9 1048 380 F: 5 3 1 
1023 7 1037 205 F: 4 3 
1027 10 1047 274 F: 2 4 4 
1028 8 1060 404 F: 7 1 
1031 12 1055 168 F: 12 
1036 4 1044 21 F: 4 
1037 2 1041 382 F: 2 
1044 8 1060 426 F: 5 1 2 
1047 6 1053 430 F: 4 2 
1049 11 1093 241 F: 6 5 
1060 5 1075 231 F: 5 
1061 7 1089 18 F: 6 1 
1064 2 1072 329 F: 2 
1078 12 1114 387 F: 12 
1082 11 1104 230 F: 5 4 2 
1087 9 1096 41 F: 5 3 1 
1088 12 1136 124 F: 6 6 
1104 8 1136 141 F: 8 
1105 6 1111 29 F: 3 2 1 
1118 8 1126 175 F: 7 1 
1123 7 1130 153 F: 2 4 1 
1123 10 1153 218 F: 3 3 4 
1126 8 1150 445 F: 2 6 
1127 8 1135 426 F: 5 2 1 
1136 10 1146 123 F: 10 
1139 9 1175 408 F: 5 3 1 
1157 5 1167 275 F: 4 1 
1157 10 1177 144 F: 5 2 3 
1158 6 1182 255 F: 6 
1158 11 1169 248 F: 5 3 3 
1159 7 1187 337 F: 4 3 
1169 7 1176 187 F: 2 1 4 
1176 7 1190 341 F: 2 2 3 
1183 7 1197 417 F: 7 
1186 6 1204 201 F: 4 1 1 
1191 11 1235 406 F: 5 3 3 
1195 8 1219 381 F: 5 2 1 
1203 11 1214 22 F: 5 4 2 
1206 13 1258 109 F: 13 
1207 11 1218 402 F: 11 
1226 10 1246 390 F: 5 2 3 
1228 6 1234 178 F: 6 
1229 8 1245 386 F: 2 3 3 
1231 10 1271 364 F: 5 2 3 
1236 7 1250 138 F: 3 4 
1243 10 1273 8 F: 5 4 1 
1245 10 1285 201 F: 3 4 3 
1247 12 1295 107 F: 5 4 3 
1260 6 1272 309 F: 2 1 3 
1265 11 1276 131 F: 7 4 
1268 2 1272 141 F: 2 
1268 10 1288 27 F: 3 3 4 
1279 10 1319 2 F: 7 3 
1286 5 1291 444 F: 2 3 
1288 11 1299 416 F: 5 4 2 
1294 8 1302 174 F: 5 3 
1294 10 1314 26 F: 4 4 2 
1303 6 1309 238 F: 2 3 1 
1309 6 1327 386 F: 2 3 1 
1311 8 1343 252 F: 4 1 3 
1319 12 1355 411 F: 12 
1333 10 1363 194 F: 4 3 3 
1336 2 1342 374 F: 2 
1339 7 1367 45 F: 7 
1348 9 1384 179 F: 6 3 
1355 5 1360 205 F: 2 2 1 
1358 10 1368 199 F: 3 3 4 
1360 8 1384 285 F: 4 2 2 
1363 6 1387 208 F: 5 1 
1370 8 1378 93 F: 3 4 1 
1374 11 1418 134 F: 3 4 4 
1379 6 1403 128 F: 2 2 2 
1382 8 1414 242 F: 3 4 1 
1389 5 1409 3 F: 5 
1392 5 1412 426 F: 5 
1399 9 1408 370 F: 7 2 
1399 13 1425 198 F: 13 
1400 4 1404 200 F: 4 
1404 5 1419 204 F: 2 1 2 
1414 11 1447 127 F: 4 4 3 
1420 6 1444 187 F: 2 2 2 
1431 7 1445 350 F: 3 4 
1433 11 1444 170 F: 6 5 
1443 5 1448 291 F: 3 1 1 
1451 7 1465 109 F: 6 1 
1453 3 1462 53 F: 3 
1461 5 1471 43 F: 5 
1471 12 1507 429 F: 7 5 
1472 9 1490 261 F: 4 5 
1472 10 1512 413 F: 5 4 1 
1473 4 1485 411 F: 4 
1478 6 1484 410 F: 4 2 
1486 6 1498 245 F: 6 
1486 7 1507 81 F: 5 1 1 
1493 10 1513 121 F: 5 2 3 
1495 5 1510 351 F: 3 1 1 
1497 2 1503 262 F: 2 
1500 10 1530 133 F: 5 4 1 
1503 9 1539 187 F: 5 2 2 
1506 10 1516 121 F: 4 3 3 
1514 12 1562 124 F: 12 
1526 10 1546 185 F: 5 2 3 
1529 8 1553 142 F: 4 4 
1532 11 1576 105 F: 11 
1533 4 1545 51 F: 2 1 1 
1533 13 1559 385 F: 13 
1541 5 1546 233 F: 5 
1541 9 1577 211 F: 5 2 2 
1542 8 1550 402 F: 8 
1554 9 1572 35 F: 4 1 4 
1564 12 1612 304 F: 12 
1565 7 1593 337 F: 4 2 1 
1567 10 1607 202 F: 4 2 4 
1576 8 1584 103 F: 5 3 
1585 3 1588 173 F: 3 
1585 10 1595 359 F: 4 4 2 
1585 13 1598 232 F: 13 
1602 9 1629 75 F: 5 4 
1604 10 1614 57 F: 5 1 4 
1604 10 1634 438 F: 10 
1614 13 1653 206 F: 13 
1615 6 1621 165 F: 2 2 2 
1615 6 1633 247 F: 6 
1623 12 1659 113 F: 7 5 
1624 9 1642 46 F: 3 4 2 
1626 8 1658 299 F: 3 5 
1626 9 1653 186 F: 3 2 4 
1632 9 1668 114 F: 4 4 1 
1634 11 1645 219 F: 11 
1638 6 1662 266 F: 2 3 1 
1654 7 1675 9 F: 6 1 
1655 5 1670 355 F: 5 
1656 9 1683 248 F: 4 1 4 
1671 7 1692 131 F: 7 
1672 9 1699 168 F: 3 6 
1679 12 1691 293 F: 7 5 
1690 4 1698 164 F: 2 1 1 
1702 7 1716 103 F: 3 4 
1714 4 1730 399 F: 4 
1715 6 1721 147 F: 2 3 1 
1718 12 1730 56 F: 12 
1719 9 1755 16 F: 9 
1727 11 1738 93 F: 6 5 
1729 12 1741 408 F: 12 
1730 7 1737 78 F: 5 1 1 
1730 8 1746 66 F: 8 
1730 9 1748 39 F: 4 3 2 
1742 13 1768 253 F: 13 
1758 7 1765 76 F: 7 
1759 13 1798 268 F: 7 6 
1761 9 1770 417 F: 5 4 
1775 4 1783 424 F: 3 1 
1775 7 1803 398 F: 5 2 
1777 8 1785 131 F: 2 6 
1779 12 1791 176 F: 12 
1782 6 1788 448 F: 4 1 1 
1788 8 1812 356 F: 8 
1806 6 1812 423 F: 3 2 1 
1806 7 1834 149 F: 2 4 1 
1806 9 1833 29 F: 5 4 
1811 5 1821 376 F: 2 2 1 
1813 7 1834 412 F: 7 
1814 10 1844 449 F: 6 4 
1833 12 1869 107 F: 7 5 
1834 9 1843 21 F: 5 4 
1859 9 1895 227 F: 2 3 4 
1860 3 1866 138 F: 3 
1860 3 1869 297 F: 2 1 
1862 5 1867 44 F: 3 1 1 
1862 7 1876 230 F: 2 1 4 
1862 7 1890 133 F: 2 3 2 
1870 10 1890 3 F: 5 5 
1872 5 1892 304 F: 2 2 1 
1873 7 1894 116 F: 7 
1879 7 1907 426 F: 7 
1885 11 1918 119 F: 3 4 4 
1896 7 1910 432 F: 4 1 2 
1900 3 1912 224 F: 2 1 
1910 6 1922 446 F: 2 3 1 
1915 4 1931 446 F: 4 
1916 13 1968 185 F: 13 
1917 12 1929 418 F: 12 
1919 12 1943 424 F: 7 5 
1936 9 1963 343 F: 5 1 3 
1946 2 1950 32 F: 2 
1949 8 1957 178 F: 4 2 2 
1951 3 1963 265 F: 3 
1967 9 2003 262 F: 5 4 
1971 9 2007 69 F: 7 2 
1971 13 1997 389 F: 13 
1980 8 2004 189 F: 3 5 
1981 5 1986 268 F: 3 1 1 
1984 8 2008 53 F: 3 5 
1984 8 2016 309 F: 3 2 3 
1987 7 1994 208 F: 7 
1992 8 2000 393 F: 2 6 
1999 9 2017 180 F: 9 
2015 6 2027 231 F: 4 2 
2025 4 2041 204 F: 2 2 
2035 12 2047 35 F: 6 6 
2036 9 2054 157 F: 9 
2036 9 2072 398 F: 6 3 
2048 9 2075 367 F: 3 3 3 
2053 8 2069 224 F: 4 3 1 
2053 10 2063 145 F: 5 3 2 
2056 12 2068 205 F: 12 
2058 9 2076 116 F: 7 2 
2062 12 2074 326 F: 12 
2073 2 2077 433 F: 2 
2076 9 2094 310 F: 4 2 3 
2077 8 2093 241 F: 4 4 
2085 10 2105 299 F: 4 2 4 
2086 6 2092 167 F: 3 1 2 
2091 7 2098 269 F: 7 
2091 9 2109 236 F: 5 3 1 
2091 10 2131 257 F: 4 2 4 
2096 11 2107 354 F: 3 4 4 
2103 11 2136 417 F: 6 5 
2108 4 2116 219 F: 2 2 
2112 10 2132 210 F: 4 3 3 
2117 6 2129 442 F: 4 2 
2120 4 2132 82 F: 4 
2122 9 2140 394 F: 2 4 3 
2123 9 2132 441 F: 9 
2127 11 2160 447 F: 3 4 4 
2140 7 2168 90 F: 3 1 3 
2144 10 2154 296 F: 4 6 
2145 10 2165 176 F: 5 3 2 
2153 11 2197 17 F: 5 4 2 
2159 9 2195 246 F: 2 4 3 
2164 10 2184 18 F: 4 6 
2167 3 2170 52 F: 3 
2168 7 2196 141 F: 2 1 4 
2170 7 2177 214 F: 2 5 
2183 9 2192 15 F: 4 5 
2189 3 2192 336 F: 2 1 
2199 11 2221 239 F: 3 4 4 
2201 6 2219 236 F: 3 3 
2205 4 2209 270 F: 2 2 
2211 9 2229 138 F: 4 5 
2214 8 2230 361 F: 6 2 
2218 4 2222 430 F: 4 
2221 8 2245 250 F: 6 2 
2240 6 2252 245 F: 3 3 
2283 11 2327 253 F: 11 
2286 11 2297 217 F: 6 5 
2289 3 2292 224 F: 3 
D: 5 213 
D: 5 278 
D: 14 283 
D: 25 419 
D: 36 344 
D: 43 88 
D: 46 115 
D: 46 213 
D: 48 57 
D: 50 158 
D: 65 330 
D: 71 161 
D: 71 286 
D: 80 449 
D: 90 369 
D: 91 254 
D: 92 330 
D: 101 400 
D: 111 218 
D: 120 129 
D: 134 218 
D: 140 414 
D: 145 415 
D: 155 219 
D: 165 311 
D: 169 433 
D: 175 328 
D: 186 215 
D: 199 285 
D: 206 302 
D: 218 242 
D: 225 248 
D: 252 277 
D: 263 396 
D: 265 264 
D: 273 447 
D: 289 446 
D: 292 386 
D: 293 427 
D: 301 363 
D: 306 365 
D: 318 322 
D: 318 330 
D: 320 414 
D: 438 431 
