0 2 2 215 F: 2 
0 9 18 227 F: 3 2 4 
12 9 48 112 F: 4 4 1 
16 2 24 44 F: 2 
16 7 23 17 F: 4 3 
19 10 29 180 F: 6 4 
24 9 33 349 F: 9 
34 6 40 385 F: 4 2 
35 12 71 95 F: 12 
40 6 58 337 F: 3 2 1 
40 9 58 102 F: 3 4 2 
50 2 56 182 F: 2 
50 7 78 96 F: 7 
57 10 97 213 F: 7 3 
62 8 78 38 F: 5 3 
76 9 85 153 F: 3 4 2 
87 3 99 4 F: 3 
88 11 110 17 F: 4 4 3 
94 6 118 258 F: 3 2 1 
96 4 104 276 F: 4 
105 5 115 108 F: 5 
106 5 121 273 F: 5 
106 6 118 279 F: 5 1 
111 8 119 253 F: 2 2 4 
120 13 172 346 F: 7 6 
121 13 160 112 F: 13 
132 9 150 167 F: 6 3 
139 9 157 262 F: 6 3 
144 12 192 178 F: 12 
148 5 168 178 F: 2 3 
154 12 202 201 F: 12 
163 9 172 205 F: 4 5 
163 10 193 223 F: 5 5 
164 12 212 162 F: 5 4 3 
165 9 192 297 F: 9 
169 9 205 80 F: 3 6 
174 8 182 327 F: 3 1 4 
175 6 181 330 F: 2 1 3 
175 7 189 333 F: 2 5 
176 11 209 92 F: 11 
205 7 226 69 F: 3 4 
215 8 231 273 F: 4 3 1 
218 9 254 114 F: 4 5 
220 12 268 213 F: 5 3 4 
242 6 266 254 F: 4 2 
242 8 250 233 F: 3 1 4 
243 7 257 335 F: 3 3 1 
247 4 259 74 F: 4 
254 9 281 117 F: 9 
255 8 279 305 F: 3 2 3 
263 4 279 361 F: 4 
266 10 276 207 F: 10 
269 6 281 223 F: 6 
269 13 282 23 F: 13 
272 6 290 52 F: 6 
274 9 292 152 F: 6 3 
280 3 289 87 F: 3 
293 9 311 276 F: 5 1 3 
294 8 302 119 F: 8 
297 12 309 11 F: 12 
309 8 333 340 F: 7 1 
320 10 340 400 F: 10 
326 10 366 336 F: 10 
328 4 336 7 F: 4 
328 6 334 257 F: 2 1 3 
328 9 337 324 F: 9 
329 6 353 208 F: 6 
338 9 356 71 F: 5 3 1 
344 5 349 258 F: 4 1 
347 8 371 47 F: 4 2 2 
348 7 376 109 F: 2 5 
351 2 357 58 F: 2 
354 9 372 281 F: 4 2 3 
374 8 406 45 F: 6 2 
374 10 404 139 F: 5 3 2 
377 6 383 254 F: 4 1 1 
384 12 420 306 F: 7 5 
385 13 424 256 F: 13 
391 4 395 321 F: 4 
393 8 401 373 F: 4 2 2 
402 10 442 251 F: 10 
406 7 420 12 F: 3 2 2 
415 6 439 157 F: 5 1 
415 11 448 154 F: 11 
416 11 449 173 F: 5 3 3 
418 8 450 323 F: 5 3 
425 6 449 261 F: 3 1 2 
427 4 439 264 F: 4 
427 12 463 258 F: 12 
434 8 466 249 F: 7 1 
440 10 480 345 F: 10 
447 9 456 40 F: 4 2 3 
448 8 472 42 F: 3 5 
456 11 478 351 F: 5 3 3 
462 10 482 96 F: 3 3 4 
464 8 472 56 F: 8 
467 8 499 311 F: 6 2 
475 11 519 26 F: 7 4 
484 9 511 312 F: 4 2 3 
488 9 515 362 F: 3 6 
502 11 535 331 F: 5 4 2 
503 10 533 369 F: 10 
516 7 544 306 F: 5 2 
517 10 537 267 F: 4 4 2 
520 9 529 304 F: 4 5 
523 6 529 220 F: 6 
523 8 555 145 F: 3 5 
538 7 545 202 F: 3 3 1 
547 11 569 155 F: 5 4 2 
563 8 571 255 F: 2 4 2 
573 7 580 73 F: 2 5 
578 8 610 389 F: 2 6 
582 6 588 115 F: 3 3 
582 8 598 179 F: 3 5 
583 4 595 11 F: 2 1 1 
585 11 607 352 F: 7 4 
585 12 621 26 F: 6 6 
593 5 608 90 F: 2 3 
593 7 621 117 F: 4 3 
596 7 603 8 F: 3 3 1 
607 11 651 216 F: 5 2 4 
614 8 630 262 F: 2 3 3 
633 7 661 302 F: 3 3 1 
636 6 648 7 F: 6 
638 10 648 186 F: 6 4 
651 7 658 114 F: 7 
652 7 673 292 F: 7 
657 9 693 292 F: 5 1 3 
657 11 690 386 F: 11 
661 6 685 174 F: 5 1 
664 6 682 163 F: 2 1 3 
669 9 687 319 F: 9 
670 7 684 316 F: 5 2 
673 8 697 141 F: 4 3 1 
675 9 711 278 F: 3 6 
679 6 697 241 F: 6 
689 6 701 117 F: 6 
690 7 711 238 F: 4 1 2 
690 12 738 101 F: 7 5 
699 2 705 366 F: 2 
700 6 724 87 F: 6 
701 8 717 65 F: 7 1 
714 8 730 33 F: 2 4 2 
728 5 743 45 F: 2 3 
729 11 773 146 F: 3 4 4 
731 13 757 151 F: 13 
746 4 750 299 F: 4 
748 9 775 284 F: 9 
749 7 763 393 F: 3 4 
750 13 789 183 F: 13 
751 7 758 292 F: 4 2 1 
751 9 769 152 F: 9 
754 13 806 222 F: 5 4 4 
759 10 789 257 F: 3 4 3 
765 7 793 341 F: 3 4 
767 7 795 111 F: 4 3 
772 10 812 70 F: 10 
793 2 801 241 F: 2 
794 9 812 54 F: 4 2 3 
798 9 825 342 F: 7 2 
805 11 838 108 F: 11 
808 7 829 377 F: 6 1 
815 10 835 68 F: 5 3 2 
815 12 827 314 F: 4 4 4 
822 8 854 64 F: 2 6 
822 9 849 311 F: 4 4 1 
827 4 835 256 F: 3 1 
828 11 850 267 F: 5 4 2 
835 7 863 349 F: 4 2 1 
843 8 859 150 F: 4 1 3 
845 5 865 270 F: 5 
849 11 871 182 F: 7 4 
852 7 859 126 F: 5 1 1 
853 7 867 262 F: 3 2 2 
853 8 885 151 F: 3 2 3 
859 11 903 166 F: 6 5 
871 9 907 51 F: 3 2 4 
873 9 882 177 F: 2 3 4 
895 12 907 282 F: 4 4 4 
897 8 929 139 F: 5 2 1 
906 7 913 361 F: 2 3 2 
906 8 930 305 F: 3 5 
908 2 912 116 F: 2 
915 9 942 282 F: 9 
916 7 930 146 F: 7 
920 9 956 169 F: 9 
930 8 954 119 F: 4 3 1 
934 11 967 281 F: 5 3 3 
940 7 947 117 F: 5 2 
951 7 972 164 F: 5 1 1 
963 5 968 153 F: 5 
964 9 991 46 F: 2 4 3 
973 7 987 102 F: 2 3 2 
975 10 995 340 F: 3 3 4 
982 9 1000 75 F: 5 2 2 
983 11 1005 139 F: 11 
985 5 1005 281 F: 2 2 1 
992 6 998 332 F: 6 
995 4 1007 259 F: 4 
995 7 1023 236 F: 2 1 4 
1013 7 1034 157 F: 3 3 1 
1014 6 1032 343 F: 6 
1015 11 1059 100 F: 5 2 4 
1021 8 1053 89 F: 2 6 
1026 13 1065 285 F: 7 6 
1028 8 1052 207 F: 4 2 2 
1036 6 1042 162 F: 6 
1039 7 1046 354 F: 3 2 2 
1043 13 1082 74 F: 7 6 
1045 8 1069 371 F: 3 5 
1060 10 1090 114 F: 3 4 3 
1063 12 1075 21 F: 4 4 4 
1065 8 1081 27 F: 4 3 1 
1065 11 1076 13 F: 5 4 2 
1067 11 1078 38 F: 11 
1071 6 1077 293 F: 4 2 
1086 7 1107 19 F: 5 2 
1088 9 1115 356 F: 6 3 
1089 7 1117 395 F: 2 5 
1090 12 1138 275 F: 7 5 
1100 6 1106 133 F: 6 
1105 10 1115 72 F: 4 6 
1106 10 1116 386 F: 2 4 4 
1109 10 1149 285 F: 10 
1111 8 1127 375 F: 6 2 
1112 5 1117 42 F: 2 3 
1116 8 1148 292 F: 3 2 3 
1118 9 1154 209 F: 9 
1121 13 1134 146 F: 13 
1125 4 1133 337 F: 2 2 
1131 12 1179 390 F: 12 
1134 6 1152 216 F: 6 
1137 12 1173 125 F: 7 5 
1143 9 1170 182 F: 3 3 3 
1145 9 1163 296 F: 9 
1159 5 1174 271 F: 3 1 1 
1161 9 1179 41 F: 6 3 
1163 11 1185 364 F: 11 
1171 2 1173 59 F: 2 
1181 7 1209 400 F: 5 2 
1206 6 1230 191 F: 4 2 
1215 3 1218 259 F: 3 
1224 6 1230 296 F: 3 3 
1229 5 1249 277 F: 3 2 
1229 6 1253 76 F: 6 
1234 8 1250 224 F: 8 
1248 3 1257 372 F: 3 
1248 10 1288 259 F: 4 2 4 
1251 7 1279 168 F: 2 1 4 
1253 9 1280 171 F: 4 5 
1257 10 1297 227 F: 3 4 3 
1260 10 1290 95 F: 5 1 4 
1270 7 1277 366 F: 7 
1273 7 1301 223 F: 7 
1278 8 1302 363 F: 8 
1282 6 1306 250 F: 3 1 2 
1285 11 1318 148 F: 7 4 
1286 6 1304 357 F: 3 3 
1287 6 1299 245 F: 3 2 1 
1294 10 1324 238 F: 4 4 2 
1301 7 1322 355 F: 3 4 
1313 2 1315 287 F: 2 
1314 7 1342 200 F: 3 4 
1323 3 1326 160 F: 3 
1323 4 1335 226 F: 2 1 1 
1337 11 1348 263 F: 5 6 
1340 12 1376 187 F: 12 
1345 9 1354 121 F: 6 3 
1346 6 1370 66 F: 5 1 
1346 11 1357 283 F: 5 6 
1350 6 1356 178 F: 6 
1351 6 1363 332 F: 6 
1362 8 1386 50 F: 8 
1362 9 1389 111 F: 4 4 1 
1364 5 1369 146 F: 3 2 
1380 8 1404 36 F: 5 2 1 
1383 8 1391 377 F: 4 4 
1384 5 1389 27 F: 5 
1388 7 1416 132 F: 7 
1396 9 1405 281 F: 4 3 2 
1402 7 1416 373 F: 7 
1403 8 1419 174 F: 5 3 
1405 6 1423 142 F: 2 1 3 
1412 7 1426 211 F: 6 1 
1418 10 1428 344 F: 10 
1418 10 1438 397 F: 10 
1433 5 1453 65 F: 2 3 
1437 8 1461 215 F: 8 
1451 4 1467 39 F: 4 
1453 12 1477 400 F: 6 6 
1456 3 1465 263 F: 3 
1456 8 1464 274 F: 5 2 1 
1465 8 1489 126 F: 5 1 2 
1470 6 1488 263 F: 6 
1479 9 1497 273 F: 3 2 4 
1484 6 1502 118 F: 6 
1494 7 1501 341 F: 2 1 4 
1496 9 1532 87 F: 9 
1498 9 1516 255 F: 7 2 
1499 10 1519 286 F: 10 
1501 8 1509 311 F: 5 2 1 
1504 6 1510 351 F: 3 1 2 
1507 10 1527 304 F: 10 
1518 4 1522 181 F: 2 2 
1521 8 1553 334 F: 5 3 
1521 10 1551 68 F: 5 1 4 
1533 6 1545 55 F: 6 
1540 6 1558 208 F: 2 1 3 
1544 8 1568 396 F: 4 1 3 
1546 8 1562 66 F: 6 2 
1549 10 1559 180 F: 5 4 1 
1552 7 1580 281 F: 2 2 3 
1556 3 1568 135 F: 3 
1560 10 1590 255 F: 4 3 3 
1561 12 1597 53 F: 12 
1565 5 1575 204 F: 3 1 1 
1575 7 1596 52 F: 2 5 
1580 8 1604 304 F: 2 6 
1582 4 1598 343 F: 4 
1590 4 1602 292 F: 2 2 
1602 9 1629 298 F: 3 3 3 
1602 11 1646 391 F: 7 4 
1606 8 1630 23 F: 6 2 
1614 11 1625 246 F: 11 
1616 8 1632 194 F: 3 2 3 
1626 6 1632 222 F: 4 1 1 
1626 9 1644 323 F: 7 2 
1626 11 1670 394 F: 5 6 
1627 9 1654 369 F: 2 3 4 
1634 6 1658 79 F: 2 4 
1636 6 1648 344 F: 4 2 
1644 6 1650 303 F: 2 3 1 
1646 9 1682 223 F: 6 3 
1653 8 1677 270 F: 8 
1655 12 1679 341 F: 12 
1675 5 1680 52 F: 2 1 2 
1677 12 1725 300 F: 6 6 
1678 7 1685 346 F: 7 
1686 2 1692 305 F: 2 
1695 3 1707 253 F: 2 1 
1701 9 1737 105 F: 3 6 
1707 10 1717 282 F: 4 6 
1717 11 1761 217 F: 6 5 
1719 6 1737 119 F: 4 2 
1725 2 1729 387 F: 2 
1728 7 1756 220 F: 3 4 
1740 4 1752 393 F: 2 2 
1740 7 1761 325 F: 6 1 
1743 10 1763 345 F: 5 5 
1750 10 1790 76 F: 7 3 
1751 3 1760 27 F: 3 
1765 4 1781 206 F: 2 2 
1765 9 1774 293 F: 5 3 1 
1766 4 1778 159 F: 3 1 
1769 9 1778 368 F: 3 6 
1780 8 1812 31 F: 2 4 2 
1783 8 1807 123 F: 2 6 
1787 8 1811 262 F: 3 5 
1794 7 1801 133 F: 6 1 
1796 6 1820 228 F: 3 3 
1803 8 1835 335 F: 3 5 
1809 7 1823 241 F: 2 3 2 
1813 2 1815 264 F: 2 
1815 5 1820 74 F: 5 
1822 8 1830 118 F: 3 5 
1834 6 1852 212 F: 4 1 1 
1838 8 1870 140 F: 8 
1840 5 1860 97 F: 4 1 
1843 9 1879 116 F: 4 2 3 
1850 6 1868 198 F: 6 
1850 6 1874 7 F: 3 3 
1861 7 1868 55 F: 4 2 1 
1867 8 1891 64 F: 8 
1868 9 1904 67 F: 9 
1873 9 1891 150 F: 2 3 4 
1876 6 1882 233 F: 3 3 
1878 5 1893 194 F: 5 
1887 10 1927 163 F: 10 
1896 7 1917 223 F: 2 4 1 
1898 6 1904 286 F: 5 1 
1901 7 1929 4 F: 7 
1910 8 1918 51 F: 2 2 4 
1910 11 1943 147 F: 5 3 3 
1919 7 1940 368 F: 3 4 
1920 8 1952 399 F: 3 3 2 
1922 6 1928 59 F: 6 
1924 8 1948 103 F: 4 4 
1929 9 1947 41 F: 4 3 2 
1933 6 1951 213 F: 6 
1933 10 1963 60 F: 2 4 4 
1948 10 1978 194 F: 10 
1952 11 1974 274 F: 11 
1954 13 1993 37 F: 13 
1959 8 1975 371 F: 2 4 2 
1965 5 1970 33 F: 5 
1974 10 1994 226 F: 6 4 
1983 13 2035 328 F: 13 
1985 12 2009 111 F: 12 
1989 5 2004 183 F: 5 
1997 11 2019 315 F: 11 
D: 2 234 
D: 13 395 
D: 16 53 
D: 16 160 
D: 20 178 
D: 28 270 
D: 29 66 
D: 31 304 
D: 34 170 
D: 38 374 
D: 41 312 
D: 73 294 
D: 74 259 
D: 78 281 
D: 82 298 
D: 91 232 
D: 94 178 
D: 98 285 
D: 99 163 
D: 108 117 
D: 111 178 
D: 114 149 
D: 114 330 
D: 116 215 
D: 121 275 
D: 126 182 
D: 151 323 
D: 157 202 
D: 162 334 
D: 171 297 
D: 191 338 
D: 197 242 
D: 214 369 
D: 218 367 
D: 231 267 
D: 255 287 
D: 275 364 
D: 300 340 
D: 302 332 
D: 325 363 
