12 7 26 214 F: 5 2 
20 3 32 36 F: 2 1 
25 7 46 103 F: 3 2 2 
33 11 77 158 F: 7 4 
38 8 54 447 F: 3 3 2 
40 8 48 230 F: 4 2 2 
43 8 51 22 F: 3 2 3 
50 4 66 430 F: 2 1 1 
50 7 78 143 F: 7 
51 6 69 444 F: 5 1 
63 8 79 190 F: 8 
65 8 81 288 F: 8 
75 9 102 42 F: 6 3 
76 13 102 396 F: 7 6 
78 7 85 391 F: 4 3 
82 4 94 177 F: 4 
85 6 109 349 F: 4 2 
90 5 110 282 F: 3 2 
93 7 100 121 F: 4 3 
93 10 113 155 F: 5 4 1 
100 8 124 262 F: 3 5 
101 3 104 201 F: 2 1 
104 9 122 37 F: 7 2 
113 8 129 295 F: 3 1 4 
116 8 140 375 F: 4 4 
122 7 136 41 F: 3 2 2 
122 8 154 11 F: 8 
125 8 133 306 F: 4 1 3 
141 8 173 105 F: 2 2 4 
141 8 173 238 F: 4 1 3 
144 5 159 88 F: 5 
157 8 173 353 F: 5 2 1 
160 8 184 160 F: 4 4 
162 3 174 170 F: 3 
166 9 175 76 F: 7 2 
170 11 203 447 F: 3 4 4 
182 7 196 405 F: 5 1 1 
184 8 208 32 F: 3 2 3 
188 8 220 54 F: 5 2 1 
192 6 198 129 F: 3 1 2 
200 9 218 313 F: 3 4 2 
202 12 226 284 F: 5 4 3 
203 11 214 368 F: 11 
222 9 240 144 F: 3 6 
231 10 271 12 F: 5 1 4 
232 10 262 121 F: 2 4 4 
235 12 247 185 F: 5 4 3 
236 6 260 137 F: 6 
243 4 259 221 F: 3 1 
245 9 281 89 F: 9 
253 7 281 138 F: 4 3 
253 9 280 351 F: 4 2 3 
260 6 272 75 F: 3 2 1 
264 5 279 378 F: 4 1 
274 8 282 54 F: 2 6 
275 9 293 72 F: 4 3 2 
285 10 305 377 F: 4 6 
296 6 308 46 F: 2 2 2 
298 10 318 83 F: 10 
299 9 326 123 F: 6 3 
301 12 349 8 F: 7 5 
305 10 335 405 F: 5 5 
312 8 336 123 F: 4 3 1 
312 9 321 411 F: 5 2 2 
317 5 332 248 F: 2 1 2 
318 5 323 290 F: 5 
322 2 324 81 F: 2 
324 6 336 240 F: 6 
327 6 333 324 F: 2 4 
328 9 346 227 F: 6 3 
367 9 376 343 F: 4 2 3 
368 9 386 165 F: 5 2 2 
368 11 379 272 F: 11 
374 6 398 222 F: 3 3 
377 9 395 305 F: 5 2 2 
378 5 388 35 F: 4 1 
378 7 385 223 F: 5 1 1 
384 8 408 420 F: 8 
387 11 409 82 F: 11 
399 9 408 380 F: 3 6 
401 13 427 103 F: 5 4 4 
404 8 412 271 F: 6 2 
425 5 445 310 F: 5 
427 4 439 110 F: 3 1 
430 5 450 98 F: 2 1 2 
434 11 478 439 F: 5 6 
435 7 449 170 F: 7 
440 6 446 312 F: 6 
451 9 469 405 F: 4 2 3 
453 11 497 309 F: 11 
463 8 471 346 F: 5 3 
472 3 475 271 F: 3 
479 4 495 283 F: 3 1 
480 7 487 378 F: 4 1 2 
483 4 491 294 F: 4 
483 7 497 352 F: 2 4 1 
483 10 523 175 F: 10 
487 5 507 217 F: 2 3 
493 6 511 315 F: 5 1 
493 12 505 403 F: 6 6 
506 9 524 94 F: 9 
514 7 535 389 F: 2 3 2 
538 9 547 374 F: 4 3 2 
549 5 569 424 F: 3 2 
552 5 567 39 F: 3 2 
552 8 560 230 F: 5 3 
561 10 591 291 F: 3 3 4 
567 4 583 370 F: 2 2 
568 9 604 218 F: 7 2 
570 7 591 368 F: 2 3 2 
577 6 601 59 F: 3 3 
577 7 584 51 F: 6 1 
579 12 603 426 F: 12 
580 9 607 160 F: 4 3 2 
581 4 597 343 F: 2 2 
587 9 605 164 F: 6 3 
590 10 610 239 F: 10 
591 5 606 210 F: 2 3 
591 7 598 101 F: 6 1 
599 11 610 205 F: 3 4 4 
608 12 656 338 F: 6 6 
612 7 626 396 F: 4 2 1 
621 7 628 427 F: 4 3 
622 2 630 437 F: 2 
625 11 669 178 F: 11 
628 7 635 145 F: 3 3 1 
640 8 656 179 F: 3 3 2 
648 7 669 425 F: 2 2 3 
650 8 682 236 F: 3 4 1 
651 6 669 268 F: 6 
654 11 687 296 F: 11 
658 10 688 292 F: 10 
659 5 679 149 F: 5 
659 7 673 396 F: 5 2 
670 13 696 139 F: 13 
673 3 682 444 F: 3 
688 2 692 49 F: 2 
691 5 701 294 F: 5 
695 7 723 335 F: 2 5 
698 10 718 28 F: 5 3 2 
713 8 745 285 F: 2 6 
715 8 739 280 F: 3 2 3 
716 6 740 381 F: 2 1 3 
716 12 752 239 F: 12 
730 11 752 180 F: 4 3 4 
731 5 741 232 F: 4 1 
733 5 743 104 F: 2 3 
736 7 757 185 F: 4 2 1 
737 8 753 257 F: 3 2 3 
739 9 766 406 F: 4 4 1 
744 5 764 103 F: 2 3 
754 8 770 448 F: 5 2 1 
759 7 780 47 F: 3 4 
761 9 788 215 F: 5 3 1 
763 5 783 23 F: 3 2 
764 10 784 97 F: 10 
775 6 781 179 F: 2 3 1 
778 12 790 344 F: 12 
792 5 802 437 F: 3 2 
796 9 823 258 F: 6 3 
801 11 845 426 F: 5 6 
810 13 836 109 F: 7 6 
811 9 829 176 F: 9 
814 6 826 282 F: 3 3 
823 6 847 296 F: 4 2 
833 11 844 370 F: 5 6 
840 8 856 351 F: 8 
840 11 884 85 F: 5 3 3 
843 8 867 270 F: 3 4 1 
844 4 852 202 F: 2 2 
852 5 867 397 F: 4 1 
857 11 879 316 F: 4 3 4 
861 5 866 449 F: 4 1 
864 4 880 71 F: 2 2 
864 11 897 66 F: 11 
871 10 891 151 F: 10 
872 13 924 432 F: 13 
892 5 912 319 F: 5 
894 4 898 12 F: 4 
897 8 921 269 F: 8 
902 9 920 55 F: 6 3 
906 8 914 194 F: 3 1 4 
915 5 935 363 F: 5 
915 7 936 79 F: 2 5 
941 7 969 208 F: 2 3 2 
949 5 954 181 F: 5 
955 9 991 128 F: 7 2 
960 7 974 320 F: 2 5 
968 8 1000 158 F: 3 4 1 
971 12 1019 35 F: 6 6 
974 10 1004 365 F: 4 2 4 
977 11 1010 165 F: 11 
982 6 1006 60 F: 2 1 3 
984 6 990 103 F: 2 2 2 
991 9 1018 6 F: 6 3 
991 13 1004 377 F: 13 
992 8 1008 422 F: 5 1 2 
996 8 1012 81 F: 5 1 2 
997 7 1018 79 F: 5 2 
997 8 1021 371 F: 5 3 
1005 9 1014 159 F: 3 3 3 
1011 13 1050 428 F: 13 
1013 7 1027 67 F: 6 1 
1014 7 1042 136 F: 3 2 2 
1015 7 1043 56 F: 7 
1016 8 1048 157 F: 2 3 3 
1027 11 1071 366 F: 11 
1037 7 1065 126 F: 7 
1038 8 1070 284 F: 8 
1044 7 1065 82 F: 3 4 
1052 7 1073 152 F: 4 3 
1056 5 1061 56 F: 2 3 
1065 12 1089 293 F: 12 
1068 6 1092 211 F: 3 3 
1075 11 1119 277 F: 5 2 4 
1076 9 1094 27 F: 6 3 
1081 9 1108 236 F: 6 3 
1085 9 1112 225 F: 6 3 
1091 9 1100 410 F: 2 3 4 
1096 12 1108 189 F: 12 
1101 2 1103 238 F: 2 
1107 9 1116 403 F: 3 2 4 
1115 10 1155 207 F: 3 4 3 
1124 11 1168 168 F: 11 
1127 6 1139 156 F: 2 1 3 
1127 7 1134 49 F: 7 
1136 10 1176 417 F: 3 3 4 
1143 4 1155 352 F: 2 1 1 
1144 13 1196 298 F: 13 
1145 8 1161 319 F: 4 4 
1151 5 1161 79 F: 2 1 2 
1159 6 1177 311 F: 3 3 
1160 5 1170 249 F: 5 
1168 9 1195 148 F: 4 5 
1183 10 1193 94 F: 6 4 
1186 7 1207 242 F: 7 
1187 6 1193 219 F: 5 1 
1193 9 1211 242 F: 3 6 
1194 7 1201 144 F: 7 
1195 11 1239 100 F: 11 
1208 10 1228 256 F: 3 3 4 
1210 3 1219 254 F: 3 
1210 8 1218 174 F: 4 1 3 
1225 6 1231 59 F: 3 2 1 
1225 13 1277 117 F: 5 4 4 
1249 4 1253 432 F: 4 
1249 8 1273 293 F: 2 4 2 
1252 6 1270 368 F: 2 2 2 
1256 3 1265 256 F: 3 
1265 9 1283 67 F: 2 3 4 
1271 13 1310 195 F: 7 6 
1272 7 1300 425 F: 7 
1279 7 1307 412 F: 3 2 2 
1280 11 1302 21 F: 5 6 
1280 13 1319 47 F: 7 6 
1283 10 1303 201 F: 5 1 4 
1284 5 1304 445 F: 3 2 
1290 8 1314 350 F: 4 2 2 
1292 10 1312 382 F: 6 4 
1297 9 1324 443 F: 9 
1303 2 1305 180 F: 2 
1303 7 1324 317 F: 3 4 
1303 8 1311 21 F: 7 1 
1309 2 1311 376 F: 2 
1319 5 1329 7 F: 5 
1323 13 1362 74 F: 7 6 
1330 12 1354 211 F: 12 
1332 5 1347 202 F: 5 
1335 2 1341 363 F: 2 
1337 12 1349 209 F: 12 
1346 8 1378 433 F: 2 4 2 
1349 9 1358 110 F: 4 1 4 
1351 8 1367 176 F: 6 2 
1352 3 1358 445 F: 3 
1353 13 1379 375 F: 13 
1366 5 1386 144 F: 3 2 
1369 8 1393 122 F: 7 1 
1376 10 1406 257 F: 10 
1380 11 1402 6 F: 11 
1397 7 1425 75 F: 3 4 
1404 7 1432 433 F: 3 4 
1407 8 1423 210 F: 8 
1409 12 1457 287 F: 5 3 4 
1418 11 1429 406 F: 11 
1420 7 1427 44 F: 4 3 
1427 10 1437 283 F: 10 
1428 12 1476 405 F: 6 6 
1429 10 1439 314 F: 10 
1442 8 1458 78 F: 8 
1443 6 1455 363 F: 5 1 
1447 10 1467 257 F: 4 2 4 
1450 9 1459 182 F: 4 5 
1455 10 1485 288 F: 6 4 
1459 5 1464 273 F: 2 1 2 
1463 10 1473 328 F: 4 4 2 
1464 6 1482 34 F: 2 1 3 
1474 7 1481 340 F: 7 
1478 11 1500 417 F: 11 
1480 11 1513 353 F: 11 
1493 8 1517 417 F: 3 2 3 
1504 5 1524 392 F: 3 2 
1505 6 1523 135 F: 4 2 
1506 4 1514 98 F: 2 1 1 
1506 10 1526 101 F: 5 2 3 
1508 9 1517 129 F: 4 3 2 
1515 9 1533 25 F: 9 
1518 6 1542 65 F: 3 2 1 
1520 9 1538 5 F: 3 6 
1533 3 1542 273 F: 2 1 
1536 8 1552 441 F: 8 
1545 13 1571 181 F: 7 6 
1547 7 1575 53 F: 7 
1552 6 1576 137 F: 5 1 
1555 9 1573 221 F: 9 
1562 3 1565 192 F: 3 
1577 8 1601 379 F: 2 6 
1579 7 1600 93 F: 3 3 1 
1581 4 1593 306 F: 3 1 
1582 7 1589 239 F: 3 3 1 
1588 2 1590 104 F: 2 
1602 8 1618 321 F: 6 2 
1608 10 1618 264 F: 10 
1612 3 1618 114 F: 3 
1612 4 1628 181 F: 2 2 
1615 10 1645 243 F: 3 3 4 
1616 5 1631 211 F: 5 
1624 7 1645 253 F: 7 
1630 3 1633 398 F: 3 
1630 10 1670 84 F: 10 
1634 7 1662 68 F: 3 4 
1653 9 1662 98 F: 6 3 
1656 8 1680 234 F: 2 6 
1659 7 1680 16 F: 4 3 
1664 7 1692 4 F: 6 1 
1665 6 1683 163 F: 6 
1674 11 1696 36 F: 3 4 4 
1680 7 1701 124 F: 3 4 
1680 12 1716 275 F: 5 3 4 
1687 7 1708 65 F: 2 1 4 
1695 8 1719 323 F: 3 3 2 
1707 9 1725 67 F: 5 2 2 
1710 11 1743 325 F: 6 5 
1718 7 1725 449 F: 2 1 4 
1723 10 1743 226 F: 3 3 4 
1725 10 1765 162 F: 5 1 4 
1727 9 1754 107 F: 6 3 
1732 5 1747 366 F: 5 
1739 8 1755 227 F: 5 3 
1751 9 1769 35 F: 5 2 2 
1768 8 1776 364 F: 8 
1768 8 1800 52 F: 8 
1770 7 1784 311 F: 7 
1770 9 1779 261 F: 5 3 1 
1772 13 1785 313 F: 13 
1786 9 1795 119 F: 5 4 
1788 4 1804 353 F: 4 
1788 8 1804 416 F: 4 2 2 
1793 6 1799 13 F: 5 1 
1793 6 1799 410 F: 6 
1799 8 1831 44 F: 4 3 1 
1802 6 1826 225 F: 6 
1804 8 1836 75 F: 2 4 2 
1805 8 1821 45 F: 8 
1821 7 1835 175 F: 6 1 
1827 9 1863 51 F: 9 
1828 6 1846 216 F: 6 
1833 7 1840 353 F: 7 
1836 7 1843 33 F: 2 1 4 
1851 6 1875 346 F: 3 2 1 
1854 10 1884 402 F: 5 1 4 
1856 7 1863 198 F: 7 
1863 11 1896 313 F: 11 
1869 10 1879 398 F: 4 3 3 
1872 11 1894 118 F: 5 2 4 
1874 13 1926 309 F: 13 
1878 8 1894 185 F: 7 1 
1882 6 1894 12 F: 2 4 
1887 4 1903 141 F: 4 
1888 9 1915 154 F: 4 5 
1892 8 1924 50 F: 2 2 4 
1905 4 1917 46 F: 4 
1910 11 1921 341 F: 11 
1910 13 1949 45 F: 13 
1918 6 1930 55 F: 6 
1927 8 1951 36 F: 7 1 
1928 8 1952 113 F: 8 
1945 5 1955 175 F: 4 1 
1958 5 1963 168 F: 2 1 2 
1963 11 1974 149 F: 7 4 
1964 7 1985 333 F: 3 3 1 
1966 8 1974 292 F: 5 2 1 
1966 11 1977 267 F: 11 
1980 2 1984 431 F: 2 
1983 4 1991 414 F: 4 
1987 9 2005 433 F: 7 2 
1990 11 2012 45 F: 4 4 3 
1991 10 2011 250 F: 4 6 
1991 11 2002 305 F: 7 4 
1993 13 2045 338 F: 13 
1994 8 2018 386 F: 5 3 
2003 9 2021 1 F: 7 2 
2004 7 2025 427 F: 3 4 
2024 4 2028 198 F: 3 1 
2025 12 2037 72 F: 6 6 
2026 8 2042 177 F: 7 1 
2029 6 2041 325 F: 2 4 
2036 12 2084 241 F: 5 3 4 
2042 9 2051 270 F: 2 4 3 
2044 10 2074 316 F: 4 4 2 
2047 9 2065 224 F: 3 6 
2053 9 2080 234 F: 2 3 4 
2056 10 2086 450 F: 4 3 3 
2068 8 2084 273 F: 3 3 2 
2075 8 2107 54 F: 6 2 
2075 9 2102 28 F: 3 3 3 
2082 7 2103 274 F: 2 3 2 
2087 12 2123 271 F: 12 
2089 8 2121 341 F: 6 2 
2098 10 2118 288 F: 10 
2099 7 2120 185 F: 3 4 
2104 9 2131 328 F: 9 
2104 12 2152 257 F: 12 
2108 8 2124 107 F: 3 5 
2121 8 2153 307 F: 3 4 1 
2122 8 2146 204 F: 3 1 4 
2123 9 2159 28 F: 7 2 
2136 8 2144 56 F: 8 
2140 12 2164 448 F: 7 5 
2144 8 2152 91 F: 7 1 
2145 8 2153 78 F: 8 
2145 11 2167 63 F: 5 6 
2151 9 2169 314 F: 7 2 
2159 8 2191 351 F: 4 4 
2167 8 2191 213 F: 4 3 1 
2171 7 2192 377 F: 5 2 
2172 7 2186 280 F: 3 1 3 
2184 7 2212 81 F: 3 4 
2185 5 2190 434 F: 5 
2185 11 2207 258 F: 11 
2187 9 2205 208 F: 4 5 
2220 7 2241 289 F: 4 3 
2223 4 2227 327 F: 3 1 
2226 9 2253 259 F: 9 
2232 11 2265 128 F: 5 2 4 
2245 5 2250 282 F: 2 2 1 
2252 11 2296 302 F: 11 
2260 12 2284 208 F: 12 
2279 11 2312 353 F: 7 4 
2281 10 2301 19 F: 4 4 2 
2285 6 2297 357 F: 6 
D: 2 138 
D: 12 220 
D: 15 33 
D: 18 150 
D: 19 212 
D: 23 232 
D: 25 86 
D: 26 364 
D: 32 289 
D: 33 65 
D: 35 232 
D: 47 435 
D: 49 63 
D: 51 385 
D: 63 142 
D: 66 430 
D: 68 307 
D: 81 115 
D: 101 370 
D: 107 389 
D: 110 120 
D: 118 292 
D: 144 300 
D: 164 443 
D: 177 200 
D: 182 336 
D: 185 449 
D: 208 265 
D: 209 325 
D: 217 255 
D: 222 423 
D: 234 304 
D: 234 440 
D: 243 332 
D: 246 384 
D: 256 298 
D: 266 342 
D: 272 282 
D: 280 396 
D: 288 374 
D: 317 347 
D: 320 421 
D: 343 399 
D: 389 413 
D: 394 430 
