1 2 5 26 F: 2 
3 7 17 425 F: 7 
33 7 61 442 F: 7 
34 9 52 79 F: 2 4 3 
37 9 55 58 F: 2 3 4 
49 10 59 126 F: 10 
51 10 91 130 F: 5 5 
54 12 66 300 F: 4 4 4 
55 10 85 200 F: 7 3 
56 9 83 29 F: 4 4 1 
59 12 71 291 F: 5 4 3 
60 6 78 385 F: 6 
67 5 87 341 F: 2 2 1 
76 10 116 365 F: 4 3 3 
85 6 109 409 F: 3 3 
86 8 110 12 F: 5 2 1 
88 6 112 70 F: 4 2 
89 9 116 96 F: 2 4 3 
90 7 104 272 F: 3 2 2 
92 7 106 266 F: 6 1 
101 5 121 165 F: 3 2 
104 2 108 92 F: 2 
106 8 138 392 F: 3 3 2 
108 5 123 208 F: 5 
133 10 173 340 F: 4 4 2 
134 6 140 254 F: 2 1 3 
144 9 180 128 F: 4 3 2 
148 12 172 214 F: 6 6 
152 13 165 227 F: 13 
153 3 162 440 F: 2 1 
158 8 174 443 F: 8 
163 8 171 276 F: 4 3 1 
164 10 194 362 F: 4 4 2 
176 10 216 448 F: 4 3 3 
183 8 215 352 F: 5 1 2 
183 11 227 93 F: 7 4 
184 5 204 204 F: 2 1 2 
185 7 213 321 F: 7 
188 8 204 429 F: 8 
196 7 203 138 F: 6 1 
205 7 233 426 F: 3 3 1 
206 12 230 57 F: 5 3 4 
207 8 239 129 F: 2 6 
221 9 257 214 F: 3 6 
224 10 264 356 F: 4 4 2 
240 6 258 413 F: 3 3 
240 13 266 276 F: 13 
242 6 266 308 F: 3 3 
252 4 256 269 F: 4 
256 9 265 250 F: 6 3 
257 12 281 185 F: 12 
266 10 296 225 F: 10 
270 5 280 169 F: 4 1 
271 7 299 374 F: 5 1 1 
272 9 308 435 F: 5 4 
277 13 303 128 F: 13 
285 4 289 321 F: 3 1 
286 11 319 256 F: 11 
295 5 315 435 F: 3 2 
298 9 316 127 F: 3 6 
301 12 337 361 F: 12 
304 8 328 418 F: 5 3 
308 7 315 443 F: 5 2 
310 11 321 8 F: 11 
311 5 331 296 F: 2 3 
332 7 360 427 F: 4 1 2 
336 13 375 269 F: 13 
339 9 375 297 F: 5 2 2 
351 12 363 72 F: 12 
352 6 370 412 F: 3 3 
353 8 377 375 F: 2 6 
363 7 384 137 F: 2 3 2 
366 8 390 397 F: 8 
371 8 387 421 F: 2 6 
374 8 390 157 F: 2 2 4 
374 9 401 176 F: 5 2 2 
379 8 403 3 F: 4 4 
381 5 391 377 F: 2 2 1 
385 12 433 180 F: 7 5 
397 10 407 66 F: 10 
402 12 450 238 F: 12 
406 6 424 256 F: 6 
406 8 414 343 F: 2 3 3 
418 8 450 128 F: 2 4 2 
420 6 438 149 F: 2 4 
424 7 438 396 F: 2 2 3 
433 8 457 83 F: 4 1 3 
440 8 464 332 F: 8 
448 12 484 371 F: 12 
449 9 476 380 F: 9 
453 3 462 226 F: 3 
466 9 484 238 F: 2 3 4 
468 6 492 35 F: 2 3 1 
477 8 485 395 F: 3 1 4 
480 7 494 42 F: 7 
487 5 492 359 F: 3 2 
488 2 494 50 F: 2 
488 9 506 393 F: 3 6 
495 5 510 146 F: 2 3 
496 5 506 77 F: 5 
500 10 520 132 F: 4 6 
502 13 554 114 F: 13 
511 7 539 129 F: 3 2 2 
515 9 533 214 F: 9 
518 7 532 309 F: 2 3 2 
519 6 537 432 F: 5 1 
521 9 548 35 F: 9 
524 7 531 262 F: 4 3 
529 5 539 446 F: 2 2 1 
538 7 545 158 F: 2 5 
539 2 547 338 F: 2 
544 6 556 413 F: 4 1 1 
560 9 569 333 F: 9 
561 3 567 21 F: 3 
561 9 588 426 F: 6 3 
561 11 594 152 F: 5 4 2 
566 6 572 377 F: 3 3 
579 8 603 60 F: 4 4 
579 8 603 173 F: 5 1 2 
589 6 613 31 F: 5 1 
600 8 632 75 F: 8 
612 6 630 230 F: 4 1 1 
616 6 622 94 F: 6 
617 8 633 306 F: 8 
618 10 628 306 F: 4 4 2 
619 9 655 318 F: 3 3 3 
623 7 637 205 F: 2 1 4 
627 9 636 138 F: 7 2 
631 6 649 416 F: 6 
633 10 643 345 F: 3 3 4 
661 9 670 370 F: 4 3 2 
670 12 718 176 F: 12 
674 11 707 309 F: 4 4 3 
675 7 689 235 F: 3 3 1 
679 8 703 93 F: 4 3 1 
680 9 689 393 F: 5 1 3 
681 7 709 380 F: 2 1 4 
683 10 703 190 F: 4 6 
693 9 711 386 F: 4 2 3 
699 8 731 53 F: 2 4 2 
701 10 721 30 F: 6 4 
707 8 731 89 F: 7 1 
717 4 725 220 F: 3 1 
717 12 741 269 F: 12 
719 3 725 387 F: 3 
721 4 725 197 F: 2 1 1 
722 7 736 404 F: 5 1 1 
725 5 730 321 F: 2 1 2 
731 3 743 174 F: 3 
743 10 753 357 F: 10 
746 10 766 343 F: 5 2 3 
749 9 776 153 F: 9 
749 9 785 430 F: 4 2 3 
757 9 775 315 F: 4 5 
758 8 766 22 F: 2 6 
784 8 800 100 F: 4 4 
784 8 816 39 F: 5 3 
793 7 821 16 F: 3 4 
796 10 836 91 F: 5 3 2 
797 10 827 236 F: 7 3 
800 12 812 324 F: 12 
804 10 834 349 F: 5 2 3 
807 7 814 187 F: 7 
809 9 827 202 F: 6 3 
811 7 839 268 F: 5 2 
813 9 822 146 F: 3 2 4 
815 9 824 17 F: 4 5 
823 12 871 246 F: 12 
824 9 833 422 F: 9 
830 5 840 15 F: 5 
834 9 843 59 F: 5 3 1 
847 10 887 324 F: 5 5 
849 9 867 80 F: 9 
851 7 858 199 F: 2 5 
853 9 889 163 F: 3 6 
857 10 877 435 F: 4 6 
862 8 870 409 F: 4 3 1 
880 4 892 104 F: 4 
885 8 909 312 F: 6 2 
890 7 918 210 F: 7 
923 8 931 85 F: 7 1 
925 7 932 214 F: 4 1 2 
925 11 936 440 F: 7 4 
929 3 932 43 F: 3 
932 7 939 257 F: 7 
934 5 954 416 F: 3 2 
940 10 980 243 F: 3 4 3 
950 12 986 371 F: 12 
954 12 978 67 F: 7 5 
963 8 987 232 F: 3 1 4 
963 9 981 368 F: 3 6 
973 7 987 149 F: 4 3 
976 7 997 231 F: 2 1 4 
977 8 985 39 F: 4 3 1 
978 2 982 107 F: 2 
984 5 1004 42 F: 5 
993 4 1005 367 F: 4 
994 4 998 160 F: 4 
994 10 1024 164 F: 3 4 3 
995 13 1047 135 F: 13 
1013 13 1065 231 F: 13 
1014 5 1024 222 F: 3 1 1 
1018 9 1054 251 F: 6 3 
1024 7 1038 344 F: 6 1 
1026 5 1031 115 F: 4 1 
1026 9 1062 15 F: 4 4 1 
1032 5 1052 84 F: 5 
1033 7 1047 130 F: 3 1 3 
1035 2 1039 362 F: 2 
1035 9 1053 107 F: 9 
1038 6 1056 79 F: 4 1 1 
1039 10 1059 144 F: 6 4 
1041 8 1057 445 F: 3 4 1 
1055 12 1079 263 F: 12 
1063 9 1072 18 F: 5 2 2 
1072 9 1108 332 F: 7 2 
1080 9 1116 331 F: 5 4 
1085 9 1112 348 F: 9 
1091 9 1118 220 F: 5 4 
1092 9 1119 74 F: 4 5 
1103 8 1111 119 F: 4 2 2 
1104 7 1111 378 F: 4 3 
1106 6 1118 199 F: 6 
1108 7 1115 421 F: 2 1 4 
1108 7 1136 148 F: 7 
1113 5 1133 419 F: 2 2 1 
1114 6 1120 434 F: 4 2 
1128 8 1144 37 F: 4 4 
1131 11 1142 197 F: 4 3 4 
1136 11 1180 5 F: 11 
1142 6 1160 98 F: 3 3 
1149 6 1173 83 F: 5 1 
1175 8 1207 8 F: 5 1 2 
1182 7 1189 78 F: 2 3 2 
1184 7 1198 148 F: 3 2 2 
1184 11 1195 174 F: 11 
1192 10 1212 226 F: 4 2 4 
1195 11 1217 90 F: 5 3 3 
1197 11 1241 252 F: 11 
1199 9 1226 336 F: 2 4 3 
1200 7 1228 332 F: 7 
1208 7 1222 57 F: 5 2 
1210 4 1222 144 F: 2 1 1 
1211 11 1255 202 F: 5 2 4 
1224 13 1237 169 F: 13 
1230 7 1251 51 F: 4 1 2 
1238 9 1256 188 F: 5 2 2 
1239 5 1254 44 F: 5 
1241 6 1253 415 F: 6 
1248 10 1268 24 F: 5 2 3 
1259 6 1271 56 F: 6 
1267 8 1275 161 F: 6 2 
1272 8 1288 166 F: 4 4 
1277 10 1297 319 F: 5 5 
1281 7 1288 425 F: 2 2 3 
1283 4 1299 105 F: 2 2 
1283 8 1307 287 F: 5 1 2 
1287 11 1331 355 F: 3 4 4 
1296 10 1306 445 F: 5 2 3 
1297 11 1308 43 F: 5 6 
1300 11 1311 94 F: 5 3 3 
1305 10 1335 349 F: 7 3 
1305 10 1335 380 F: 10 
1309 12 1333 324 F: 5 3 4 
1311 9 1320 75 F: 4 4 1 
1320 8 1336 312 F: 2 6 
1320 11 1331 393 F: 6 5 
1329 6 1341 161 F: 6 
1332 13 1345 137 F: 13 
1333 8 1365 115 F: 7 1 
1338 4 1350 127 F: 4 
1342 8 1374 319 F: 3 2 3 
1351 7 1379 164 F: 6 1 
1355 8 1379 14 F: 6 2 
1356 9 1365 50 F: 5 3 1 
1357 9 1366 163 F: 3 4 2 
1361 5 1371 191 F: 3 1 1 
1388 7 1409 133 F: 7 
1394 11 1438 448 F: 4 3 4 
1399 7 1420 195 F: 3 4 
1400 11 1411 25 F: 11 
1406 7 1434 162 F: 4 3 
1421 6 1427 295 F: 6 
1426 11 1470 360 F: 11 
1427 10 1447 45 F: 5 2 3 
1429 8 1461 333 F: 8 
1429 11 1440 357 F: 5 6 
1452 10 1472 349 F: 4 3 3 
1458 6 1482 447 F: 2 4 
1461 9 1470 349 F: 7 2 
1465 12 1501 315 F: 4 4 4 
1474 8 1482 192 F: 4 2 2 
1474 8 1506 187 F: 8 
1478 7 1506 120 F: 7 
1482 7 1489 420 F: 7 
1490 13 1503 297 F: 13 
1491 7 1512 135 F: 7 
1492 5 1497 330 F: 3 1 1 
1492 7 1520 315 F: 6 1 
1499 3 1505 92 F: 3 
1500 5 1520 31 F: 5 
1507 8 1531 108 F: 2 2 4 
1510 4 1522 128 F: 2 2 
1514 5 1519 426 F: 5 
1514 11 1525 128 F: 7 4 
1524 7 1531 235 F: 4 1 2 
1535 7 1563 229 F: 7 
1538 12 1586 44 F: 5 3 4 
1541 4 1545 92 F: 4 
1541 5 1556 21 F: 2 3 
1544 9 1553 283 F: 4 1 4 
1545 10 1575 263 F: 10 
1545 10 1585 375 F: 10 
1553 8 1585 402 F: 7 1 
1572 3 1584 36 F: 2 1 
1573 8 1605 267 F: 4 2 2 
1576 9 1585 46 F: 4 5 
1578 10 1598 133 F: 5 1 4 
1585 8 1593 22 F: 2 2 4 
1595 9 1622 150 F: 5 1 3 
1604 6 1622 229 F: 3 1 2 
1608 9 1626 440 F: 9 
1610 7 1631 30 F: 2 5 
1611 4 1623 379 F: 4 
1620 5 1635 251 F: 5 
1627 11 1638 441 F: 11 
1627 11 1649 210 F: 4 4 3 
1630 4 1634 108 F: 4 
1633 8 1641 317 F: 4 4 
1633 9 1669 315 F: 5 1 3 
1639 9 1657 89 F: 6 3 
1653 3 1665 299 F: 3 
1662 9 1689 195 F: 9 
1667 12 1703 9 F: 12 
1668 8 1676 46 F: 2 3 3 
1677 7 1691 71 F: 2 2 3 
1680 7 1687 59 F: 5 1 1 
1682 8 1698 417 F: 2 4 2 
1688 8 1704 70 F: 7 1 
1694 11 1716 266 F: 5 6 
1702 7 1709 429 F: 7 
1708 13 1721 283 F: 13 
1709 9 1736 278 F: 9 
1720 11 1742 385 F: 4 3 4 
1727 8 1759 162 F: 4 2 2 
1729 10 1739 332 F: 3 3 4 
1738 11 1771 6 F: 6 5 
1741 7 1762 12 F: 2 1 4 
1744 8 1760 181 F: 7 1 
1750 8 1766 14 F: 8 
1764 7 1792 402 F: 3 1 3 
1769 10 1799 102 F: 5 3 2 
1771 6 1777 344 F: 3 1 2 
1772 3 1775 443 F: 3 
1772 5 1777 416 F: 5 
1773 11 1784 296 F: 5 6 
1775 8 1783 329 F: 2 2 4 
1777 7 1784 310 F: 2 3 2 
1781 8 1797 385 F: 7 1 
1798 9 1825 115 F: 5 4 
1802 4 1814 184 F: 2 2 
1804 7 1818 107 F: 7 
1807 9 1843 338 F: 4 5 
1816 8 1824 20 F: 4 4 
1818 7 1832 99 F: 7 
1831 9 1858 226 F: 4 5 
1834 8 1858 27 F: 3 2 3 
1836 13 1862 426 F: 7 6 
1847 10 1877 24 F: 6 4 
1851 3 1863 175 F: 2 1 
1853 7 1860 23 F: 3 3 1 
1854 9 1863 392 F: 5 2 2 
1859 10 1869 274 F: 10 
1860 6 1872 254 F: 2 2 2 
1861 7 1882 412 F: 5 1 1 
1869 11 1913 143 F: 11 
1871 3 1883 54 F: 3 
1873 5 1893 83 F: 5 
1893 6 1917 414 F: 6 
1896 7 1924 84 F: 2 5 
1900 10 1910 352 F: 5 5 
1902 8 1934 44 F: 8 
1917 5 1937 59 F: 3 2 
1920 7 1934 130 F: 2 3 2 
1923 6 1935 55 F: 5 1 
1925 6 1937 436 F: 4 2 
1937 11 1970 249 F: 5 3 3 
1939 8 1947 332 F: 2 3 3 
1942 10 1982 23 F: 5 5 
1947 9 1956 270 F: 5 4 
1948 12 1984 14 F: 12 
1952 8 1960 114 F: 2 2 4 
1955 13 1994 67 F: 13 
1961 10 1971 293 F: 2 4 4 
1963 7 1970 436 F: 3 4 
1972 12 1984 450 F: 12 
1981 9 1990 147 F: 4 3 2 
1983 11 2016 290 F: 11 
1994 8 2010 226 F: 7 1 
1994 9 2030 285 F: 5 2 2 
2013 7 2027 342 F: 6 1 
2019 8 2043 126 F: 3 2 3 
2021 12 2033 278 F: 6 6 
2023 7 2044 272 F: 3 4 
2027 5 2032 93 F: 2 3 
2027 6 2051 353 F: 2 1 3 
2030 8 2046 162 F: 4 3 1 
2031 8 2047 295 F: 5 3 
2031 12 2055 96 F: 5 4 3 
2035 8 2059 116 F: 4 4 
2039 10 2049 396 F: 5 4 1 
2039 10 2069 391 F: 4 2 4 
2047 7 2054 17 F: 7 
2051 11 2062 332 F: 6 5 
2057 7 2071 403 F: 2 2 3 
2057 10 2087 291 F: 4 6 
2061 4 2065 415 F: 4 
2073 12 2121 350 F: 6 6 
2080 8 2088 68 F: 8 
2083 6 2101 23 F: 2 3 1 
2113 8 2129 45 F: 4 2 2 
2116 6 2134 53 F: 6 
2116 8 2140 117 F: 5 3 
2117 11 2128 38 F: 5 3 3 
2120 9 2129 130 F: 7 2 
2121 6 2127 142 F: 6 
2122 8 2130 99 F: 5 3 
2124 10 2134 363 F: 10 
2137 9 2164 38 F: 5 2 2 
2148 9 2166 166 F: 5 4 
2149 9 2167 396 F: 4 3 2 
2159 7 2187 114 F: 6 1 
2165 8 2189 406 F: 2 6 
2166 11 2188 251 F: 5 2 4 
2179 11 2201 57 F: 5 4 2 
2180 3 2186 383 F: 3 
2183 4 2199 1 F: 3 1 
2184 11 2195 305 F: 11 
2191 8 2199 253 F: 3 4 1 
2195 11 2228 197 F: 5 4 2 
2211 12 2235 81 F: 12 
2213 6 2231 18 F: 3 2 1 
2215 4 2219 105 F: 2 2 
2219 9 2237 1 F: 5 4 
2219 10 2229 18 F: 4 2 4 
2222 7 2250 366 F: 6 1 
2260 10 2290 102 F: 4 6 
2269 12 2317 353 F: 12 
2290 5 2295 449 F: 5 
2293 10 2303 400 F: 5 2 3 
D: 0 369 
D: 5 284 
D: 14 163 
D: 28 271 
D: 30 431 
D: 34 277 
D: 56 406 
D: 63 231 
D: 67 286 
D: 78 292 
D: 80 171 
D: 80 443 
D: 82 425 
D: 84 167 
D: 86 438 
D: 87 441 
D: 98 403 
D: 99 325 
D: 109 422 
D: 115 154 
D: 137 239 
D: 139 423 
D: 145 295 
D: 159 436 
D: 161 265 
D: 171 321 
D: 190 316 
D: 208 326 
D: 213 337 
D: 217 311 
D: 219 291 
D: 220 423 
D: 231 281 
D: 242 276 
D: 250 356 
D: 252 321 
D: 270 403 
D: 276 335 
D: 278 390 
D: 285 350 
D: 313 333 
D: 329 418 
D: 330 437 
D: 344 377 
D: 400 447 
