0 6 18 229 F: 4 2 
0 7 7 109 F: 7 
4 7 11 136 F: 7 
10 13 62 216 F: 13 
22 5 37 173 F: 2 3 
24 5 39 174 F: 5 
26 7 47 175 F: 3 1 3 
26 9 62 319 F: 4 4 1 
30 8 46 256 F: 4 3 1 
32 6 44 329 F: 4 1 1 
36 11 69 259 F: 4 3 4 
37 10 47 266 F: 5 3 2 
44 4 48 386 F: 4 
44 7 65 260 F: 2 2 3 
53 10 83 313 F: 5 4 1 
71 6 95 172 F: 6 
72 6 90 246 F: 6 
74 4 82 318 F: 4 
77 9 86 116 F: 4 2 3 
81 11 114 443 F: 5 3 3 
107 10 137 10 F: 5 2 3 
110 12 122 114 F: 12 
115 6 127 128 F: 6 
119 5 139 441 F: 5 
122 10 162 193 F: 10 
134 9 152 214 F: 9 
134 9 170 198 F: 7 2 
137 6 155 16 F: 2 4 
140 11 184 309 F: 11 
144 6 156 220 F: 6 
165 11 209 224 F: 11 
170 3 173 201 F: 3 
178 3 190 246 F: 3 
178 4 186 170 F: 3 1 
178 7 185 412 F: 5 2 
182 7 196 233 F: 7 
185 13 211 48 F: 13 
191 13 204 175 F: 7 6 
194 6 206 402 F: 6 
198 9 225 294 F: 6 3 
200 8 224 50 F: 8 
207 7 221 93 F: 7 
218 9 245 388 F: 5 1 3 
226 10 256 148 F: 3 4 3 
227 10 267 221 F: 3 3 4 
227 12 263 174 F: 12 
230 6 248 334 F: 6 
231 7 259 226 F: 7 
241 7 248 255 F: 4 1 2 
243 10 263 390 F: 4 4 2 
248 8 280 405 F: 5 1 2 
249 9 258 338 F: 3 2 4 
252 11 274 251 F: 6 5 
254 10 274 374 F: 4 4 2 
257 13 283 411 F: 13 
264 9 291 444 F: 4 5 
266 8 298 357 F: 3 5 
282 9 291 90 F: 3 3 3 
285 9 312 421 F: 9 
292 13 344 192 F: 13 
308 6 332 447 F: 3 1 2 
309 11 320 427 F: 5 6 
316 9 343 369 F: 6 3 
317 7 324 272 F: 7 
318 7 325 329 F: 2 4 1 
327 11 360 389 F: 5 3 3 
334 9 361 379 F: 5 3 1 
338 10 368 441 F: 10 
340 12 388 440 F: 7 5 
340 13 353 275 F: 5 4 4 
343 4 355 64 F: 2 1 1 
350 8 358 249 F: 4 3 1 
365 9 401 317 F: 2 4 3 
368 9 386 239 F: 9 
371 7 378 241 F: 4 3 
381 8 397 232 F: 3 5 
382 9 418 96 F: 4 4 1 
389 10 429 226 F: 5 5 
396 7 403 348 F: 5 1 1 
398 7 412 48 F: 7 
403 13 429 278 F: 7 6 
417 9 426 444 F: 4 2 3 
420 8 452 356 F: 5 1 2 
424 13 463 244 F: 13 
427 6 433 261 F: 3 3 
427 6 445 393 F: 6 
428 12 476 363 F: 7 5 
432 11 465 170 F: 11 
442 6 460 406 F: 2 4 
447 10 457 143 F: 5 5 
452 11 496 279 F: 4 4 3 
455 8 487 428 F: 3 5 
455 9 473 45 F: 3 3 3 
465 12 489 106 F: 7 5 
466 9 493 164 F: 4 5 
485 4 497 371 F: 4 
485 13 524 177 F: 7 6 
486 4 498 313 F: 3 1 
494 4 510 141 F: 2 2 
495 3 507 153 F: 3 
500 6 512 398 F: 2 3 1 
507 10 517 346 F: 4 3 3 
523 5 533 127 F: 5 
540 9 558 422 F: 4 1 4 
541 8 565 52 F: 4 4 
543 4 555 224 F: 2 2 
545 5 550 357 F: 3 2 
555 9 582 16 F: 9 
557 8 565 229 F: 4 2 2 
574 11 596 168 F: 5 2 4 
574 11 596 281 F: 11 
578 6 590 142 F: 6 
579 8 587 191 F: 2 6 
581 7 609 413 F: 6 1 
582 9 618 391 F: 4 1 4 
589 9 625 22 F: 5 2 2 
590 9 599 241 F: 3 6 
592 13 644 327 F: 13 
593 7 621 353 F: 7 
599 7 606 218 F: 6 1 
600 3 609 393 F: 3 
605 7 626 13 F: 2 5 
619 10 629 384 F: 10 
627 10 647 399 F: 4 6 
632 8 656 202 F: 4 2 2 
634 8 658 142 F: 7 1 
639 7 660 367 F: 2 3 2 
643 7 671 423 F: 5 2 
655 12 667 397 F: 7 5 
661 11 683 226 F: 6 5 
668 9 704 95 F: 7 2 
669 6 687 183 F: 6 
672 8 696 180 F: 3 4 1 
675 12 723 140 F: 5 3 4 
682 6 706 160 F: 6 
688 6 712 266 F: 6 
691 9 700 174 F: 4 3 2 
694 8 726 407 F: 4 3 1 
696 5 716 278 F: 4 1 
698 4 714 44 F: 4 
704 8 720 7 F: 8 
709 7 723 444 F: 7 
713 10 733 133 F: 3 4 3 
715 13 728 277 F: 5 4 4 
717 8 725 442 F: 4 1 3 
718 6 730 132 F: 3 1 2 
721 9 739 154 F: 3 3 3 
724 13 776 411 F: 13 
726 7 733 201 F: 4 3 
731 8 747 79 F: 8 
738 4 754 214 F: 4 
742 12 778 283 F: 6 6 
744 8 768 143 F: 4 3 1 
759 4 771 312 F: 2 2 
762 9 789 392 F: 5 1 3 
773 6 797 335 F: 6 
775 3 778 24 F: 3 
776 11 809 228 F: 5 2 4 
783 13 822 415 F: 13 
785 8 809 127 F: 8 
800 7 821 309 F: 7 
801 8 809 144 F: 2 3 3 
803 7 817 113 F: 6 1 
813 12 861 446 F: 12 
830 10 840 209 F: 10 
832 11 876 284 F: 11 
838 9 847 421 F: 4 4 1 
842 7 870 139 F: 2 3 2 
867 8 875 26 F: 2 4 2 
868 3 880 122 F: 3 
870 3 882 52 F: 3 
873 10 893 396 F: 10 
873 11 906 42 F: 4 3 4 
878 12 902 308 F: 6 6 
879 7 907 162 F: 2 2 3 
884 10 904 228 F: 4 2 4 
890 7 897 32 F: 2 3 2 
891 9 927 47 F: 5 2 2 
894 12 942 333 F: 5 3 4 
898 9 916 142 F: 9 
904 10 944 330 F: 5 4 1 
911 5 916 371 F: 4 1 
917 10 937 100 F: 5 1 4 
918 11 951 349 F: 4 3 4 
919 12 955 302 F: 5 3 4 
922 3 934 186 F: 3 
927 4 943 227 F: 2 1 1 
929 7 950 413 F: 3 1 3 
930 7 958 121 F: 4 3 
930 8 954 422 F: 5 1 2 
940 3 946 228 F: 2 1 
965 4 973 292 F: 3 1 
965 9 992 267 F: 7 2 
972 12 996 191 F: 12 
977 4 993 36 F: 2 2 
980 11 1002 286 F: 11 
981 9 1017 365 F: 3 3 3 
982 3 991 378 F: 2 1 
982 5 1002 219 F: 5 
984 6 1008 293 F: 2 3 1 
1006 7 1034 84 F: 6 1 
1010 9 1037 437 F: 9 
1010 11 1021 403 F: 6 5 
1015 2 1019 259 F: 2 
1015 5 1020 177 F: 5 
1017 2 1025 147 F: 2 
1018 5 1023 266 F: 5 
1020 7 1041 309 F: 2 5 
1021 13 1034 230 F: 13 
1023 6 1041 74 F: 4 2 
1031 8 1047 392 F: 4 3 1 
1037 11 1070 8 F: 7 4 
1050 4 1062 98 F: 3 1 
1054 7 1082 20 F: 4 3 
1056 8 1088 368 F: 5 3 
1058 2 1066 264 F: 2 
1060 2 1064 28 F: 2 
1060 8 1084 234 F: 4 3 1 
1064 9 1073 267 F: 4 2 3 
1078 9 1096 390 F: 5 4 
1114 8 1146 215 F: 3 5 
1115 12 1139 71 F: 6 6 
1116 13 1129 278 F: 13 
1118 9 1145 347 F: 9 
1127 2 1131 65 F: 2 
1129 8 1145 274 F: 7 1 
1132 8 1140 141 F: 4 1 3 
1133 12 1157 362 F: 12 
1138 9 1165 183 F: 2 3 4 
1154 12 1202 262 F: 7 5 
1159 10 1179 450 F: 4 4 2 
1163 10 1183 209 F: 4 2 4 
1164 4 1168 104 F: 3 1 
1166 5 1171 19 F: 3 2 
1176 3 1185 206 F: 3 
1182 5 1192 133 F: 5 
1183 6 1207 193 F: 5 1 
1189 9 1216 337 F: 5 1 3 
1191 10 1211 47 F: 4 4 2 
1198 10 1218 282 F: 5 3 2 
1213 6 1219 107 F: 6 
1213 13 1252 342 F: 5 4 4 
1214 10 1254 365 F: 5 1 4 
1225 8 1257 85 F: 5 3 
1231 10 1261 65 F: 5 4 1 
1234 11 1267 371 F: 11 
1246 8 1278 192 F: 5 1 2 
1255 2 1261 391 F: 2 
1268 8 1300 138 F: 8 
1270 2 1274 425 F: 2 
1272 10 1292 162 F: 5 4 1 
1273 6 1297 253 F: 6 
1279 3 1288 247 F: 2 1 
1280 9 1289 46 F: 9 
1286 10 1326 207 F: 5 1 4 
1289 8 1305 146 F: 3 5 
1292 8 1300 389 F: 8 
1293 11 1315 363 F: 5 3 3 
1297 5 1307 266 F: 3 2 
1298 7 1312 374 F: 6 1 
1300 9 1318 75 F: 2 3 4 
1304 8 1336 368 F: 4 1 3 
1306 10 1316 283 F: 4 4 2 
1310 8 1318 403 F: 3 3 2 
1314 6 1320 326 F: 6 
1320 12 1368 56 F: 12 
1325 5 1330 214 F: 5 
1330 6 1348 368 F: 2 1 3 
1342 3 1348 394 F: 3 
1344 6 1362 59 F: 6 
1347 10 1377 413 F: 3 4 3 
1351 6 1363 238 F: 6 
1353 4 1369 389 F: 4 
1354 12 1390 7 F: 12 
1357 10 1377 210 F: 2 4 4 
1361 7 1368 238 F: 7 
1363 7 1377 63 F: 5 2 
1371 6 1389 330 F: 2 4 
1373 9 1409 70 F: 4 5 
1375 7 1396 25 F: 7 
1402 4 1406 18 F: 4 
1402 6 1408 328 F: 6 
1411 6 1435 80 F: 3 3 
1417 10 1447 193 F: 5 5 
1422 9 1431 326 F: 4 5 
1422 10 1452 106 F: 10 
1425 7 1446 53 F: 4 3 
1426 6 1432 397 F: 2 1 3 
1428 2 1430 430 F: 2 
1436 10 1446 255 F: 5 1 4 
1462 9 1489 444 F: 4 3 2 
1466 11 1499 214 F: 3 4 4 
1468 5 1488 46 F: 5 
1473 9 1482 312 F: 5 2 2 
1481 6 1487 183 F: 6 
1486 13 1538 364 F: 7 6 
1490 11 1523 93 F: 5 2 4 
1491 7 1519 139 F: 4 3 
1491 10 1511 154 F: 10 
1499 13 1551 326 F: 13 
1504 9 1522 266 F: 3 6 
1505 9 1514 40 F: 2 3 4 
1509 8 1533 142 F: 2 2 4 
1512 8 1520 340 F: 4 4 
1515 8 1547 191 F: 2 3 3 
1530 9 1539 8 F: 3 4 2 
1531 10 1551 167 F: 5 5 
1533 7 1554 401 F: 2 2 3 
1534 10 1574 149 F: 5 5 
1534 11 1567 249 F: 3 4 4 
1540 10 1560 8 F: 4 6 
1541 8 1557 346 F: 6 2 
1545 8 1569 235 F: 4 4 
1545 12 1557 134 F: 7 5 
1548 3 1551 77 F: 2 1 
1555 7 1562 70 F: 2 5 
1558 10 1568 75 F: 5 2 3 
1560 8 1584 176 F: 3 1 4 
1588 8 1604 272 F: 5 2 1 
1591 7 1605 410 F: 2 4 1 
1608 11 1619 308 F: 7 4 
1610 9 1646 74 F: 6 3 
1614 8 1622 312 F: 5 2 1 
1626 6 1632 161 F: 5 1 
1636 3 1639 354 F: 3 
1636 7 1650 261 F: 5 2 
1642 8 1666 192 F: 2 3 3 
1656 4 1664 278 F: 4 
1657 3 1660 131 F: 3 
1658 6 1682 414 F: 6 
1663 7 1677 379 F: 2 5 
1667 6 1679 134 F: 4 2 
1668 8 1700 304 F: 8 
1673 5 1683 329 F: 3 2 
1674 8 1690 67 F: 8 
1690 6 1702 439 F: 3 3 
1692 13 1718 245 F: 13 
1695 4 1703 311 F: 4 
1696 10 1726 148 F: 4 6 
1699 2 1707 300 F: 2 
1701 10 1731 33 F: 4 6 
1703 5 1708 420 F: 3 2 
1707 8 1731 176 F: 6 2 
1707 9 1716 79 F: 5 2 2 
1711 4 1727 348 F: 4 
1714 6 1726 83 F: 3 1 2 
1715 6 1733 19 F: 3 1 2 
1719 12 1743 305 F: 12 
1724 12 1760 1 F: 12 
1726 3 1729 144 F: 3 
1727 5 1747 364 F: 2 1 2 
1735 13 1761 104 F: 13 
1742 8 1766 221 F: 8 
1747 6 1759 27 F: 6 
1758 6 1764 259 F: 3 3 
1762 10 1792 197 F: 10 
1777 9 1813 372 F: 9 
1780 10 1810 5 F: 4 4 2 
1787 10 1797 344 F: 10 
1790 12 1838 399 F: 12 
1802 7 1830 205 F: 7 
1806 10 1816 178 F: 5 3 2 
1810 9 1828 312 F: 9 
1815 6 1827 64 F: 3 1 2 
1821 9 1848 446 F: 3 3 3 
1826 11 1870 411 F: 7 4 
1832 12 1880 101 F: 7 5 
1842 9 1860 161 F: 5 4 
1844 10 1854 277 F: 5 5 
1850 6 1856 282 F: 4 2 
1852 8 1884 272 F: 5 3 
1853 9 1880 136 F: 9 
1862 8 1886 29 F: 4 3 1 
1865 13 1904 143 F: 7 6 
1870 8 1902 170 F: 8 
1871 9 1898 41 F: 5 4 
1878 8 1902 124 F: 4 2 2 
1882 7 1903 424 F: 7 
1892 11 1936 366 F: 3 4 4 
1893 7 1907 259 F: 6 1 
1910 13 1962 381 F: 7 6 
1911 3 1914 323 F: 3 
1917 7 1931 333 F: 7 
1926 4 1930 372 F: 4 
1928 6 1946 103 F: 4 2 
1932 4 1944 255 F: 2 1 1 
1944 8 1976 236 F: 2 2 4 
1948 8 1964 125 F: 5 3 
1948 11 1959 317 F: 5 2 4 
1948 12 1972 188 F: 12 
1958 10 1978 417 F: 10 
1962 3 1968 367 F: 3 
1971 5 1991 315 F: 5 
1971 6 1995 48 F: 6 
1972 4 1984 18 F: 4 
1977 8 2009 164 F: 8 
1980 8 1996 325 F: 8 
1989 9 1998 168 F: 9 
1989 9 2007 175 F: 3 4 2 
1994 10 2004 132 F: 10 
2009 8 2025 120 F: 3 3 2 
2009 9 2045 74 F: 9 
2018 10 2058 185 F: 2 4 4 
2020 8 2036 61 F: 2 4 2 
2027 12 2063 377 F: 7 5 
2028 7 2049 297 F: 2 4 1 
2028 11 2072 401 F: 3 4 4 
2031 5 2046 350 F: 2 2 1 
2032 7 2060 173 F: 6 1 
2037 7 2065 176 F: 2 4 1 
2054 8 2070 382 F: 3 2 3 
2057 7 2071 130 F: 4 1 2 
2059 6 2065 448 F: 4 1 1 
2061 12 2097 102 F: 7 5 
2065 13 2091 284 F: 7 6 
2067 11 2089 66 F: 5 6 
2069 6 2087 91 F: 5 1 
2078 7 2085 119 F: 7 
2089 7 2103 112 F: 7 
2097 9 2106 213 F: 5 4 
2104 7 2111 379 F: 3 1 3 
2104 10 2144 352 F: 4 3 3 
2106 7 2134 331 F: 5 1 1 
2107 5 2122 342 F: 5 
2107 6 2113 387 F: 3 3 
2111 6 2129 153 F: 3 1 2 
2119 9 2137 274 F: 2 3 4 
2126 9 2162 362 F: 7 2 
2132 5 2147 163 F: 3 2 
2145 4 2157 72 F: 2 2 
2146 8 2162 168 F: 2 3 3 
2167 8 2199 194 F: 8 
2169 8 2193 447 F: 2 2 4 
2171 9 2198 287 F: 4 5 
2176 9 2194 163 F: 3 4 2 
2176 11 2209 424 F: 7 4 
2180 10 2190 234 F: 10 
2182 7 2203 287 F: 2 2 3 
2192 10 2212 71 F: 5 4 1 
2199 7 2227 214 F: 7 
2236 9 2272 298 F: 4 1 4 
2239 7 2246 356 F: 7 
2240 10 2270 135 F: 7 3 
2243 6 2255 324 F: 5 1 
2258 8 2282 438 F: 3 2 3 
2261 8 2293 59 F: 8 
2262 10 2282 386 F: 5 3 2 
2284 8 2308 24 F: 7 1 
2287 7 2308 383 F: 4 1 2 
2294 7 2308 54 F: 4 1 2 
D: 15 202 
D: 16 371 
D: 21 408 
D: 22 113 
D: 28 107 
D: 29 359 
D: 30 136 
D: 38 432 
D: 46 338 
D: 55 338 
D: 61 145 
D: 62 335 
D: 86 142 
D: 89 239 
D: 105 139 
D: 108 207 
D: 114 369 
D: 117 132 
D: 127 351 
D: 130 204 
D: 130 392 
D: 130 422 
D: 171 312 
D: 172 301 
D: 182 215 
D: 201 333 
D: 204 213 
D: 205 385 
D: 208 330 
D: 209 245 
D: 214 230 
D: 232 448 
D: 242 344 
D: 254 366 
D: 256 353 
D: 259 395 
D: 260 266 
D: 267 289 
D: 267 381 
D: 276 294 
D: 290 398 
D: 296 307 
D: 307 437 
D: 310 347 
D: 387 422 
