4 10 24 228 F: 6 4 
11 10 41 201 F: 10 
12 7 19 337 F: 2 1 4 
19 10 29 373 F: 2 4 4 
20 2 28 328 F: 2 
20 4 28 429 F: 4 
21 7 49 121 F: 2 5 
28 13 54 293 F: 13 
30 7 58 207 F: 2 5 
35 8 67 442 F: 5 3 
42 8 74 414 F: 7 1 
53 9 89 88 F: 9 
56 7 77 119 F: 7 
57 8 73 277 F: 2 6 
58 9 94 191 F: 3 2 4 
61 6 85 69 F: 6 
61 13 100 388 F: 13 
91 5 96 70 F: 2 3 
91 6 115 281 F: 6 
93 7 107 255 F: 2 2 3 
100 10 110 205 F: 10 
101 9 137 391 F: 3 2 4 
103 7 131 264 F: 2 1 4 
108 6 120 144 F: 3 3 
119 9 128 215 F: 9 
129 9 147 43 F: 5 4 
136 9 145 376 F: 9 
141 7 148 350 F: 3 2 2 
155 5 170 444 F: 2 3 
157 6 169 102 F: 5 1 
157 12 205 374 F: 6 6 
169 5 189 274 F: 3 1 1 
172 6 196 442 F: 5 1 
174 8 190 440 F: 4 1 3 
178 8 202 130 F: 2 6 
180 7 187 35 F: 7 
181 6 199 83 F: 3 2 1 
182 6 200 369 F: 2 4 
185 8 217 213 F: 3 3 2 
187 9 223 422 F: 3 6 
206 10 246 428 F: 10 
210 11 254 140 F: 11 
215 3 221 88 F: 2 1 
215 10 255 18 F: 3 4 3 
219 6 231 207 F: 2 2 2 
220 12 244 221 F: 7 5 
223 10 233 386 F: 10 
226 6 250 195 F: 4 2 
227 4 239 323 F: 3 1 
228 6 240 59 F: 6 
243 11 287 50 F: 7 4 
250 11 294 64 F: 5 6 
253 8 261 366 F: 3 1 4 
255 11 299 57 F: 5 3 3 
265 7 286 41 F: 2 1 4 
275 5 285 79 F: 5 
283 7 304 93 F: 5 2 
283 8 291 19 F: 3 1 4 
288 6 312 48 F: 5 1 
298 6 304 445 F: 6 
317 9 353 129 F: 4 2 3 
321 8 329 278 F: 4 1 3 
322 11 344 335 F: 11 
331 8 347 3 F: 6 2 
335 13 387 66 F: 7 6 
337 8 361 12 F: 8 
338 7 345 222 F: 2 3 2 
340 10 380 200 F: 6 4 
344 6 356 415 F: 2 4 
348 5 368 186 F: 2 3 
351 9 360 315 F: 3 6 
358 7 379 220 F: 2 4 1 
358 10 398 373 F: 5 3 2 
359 11 403 134 F: 5 6 
366 8 374 205 F: 3 1 4 
387 8 411 221 F: 5 2 1 
391 11 424 396 F: 11 
392 8 416 125 F: 4 3 1 
392 9 401 135 F: 9 
392 10 412 113 F: 5 4 1 
400 7 421 285 F: 4 1 2 
407 9 425 27 F: 9 
410 7 431 99 F: 3 2 2 
410 12 446 353 F: 7 5 
411 11 422 427 F: 11 
413 8 421 106 F: 5 2 1 
416 9 425 392 F: 5 3 1 
425 9 461 10 F: 5 4 
430 11 441 232 F: 5 6 
432 3 435 216 F: 3 
440 6 452 381 F: 3 3 
440 13 466 418 F: 13 
453 13 505 271 F: 13 
458 11 491 349 F: 4 3 4 
469 8 501 310 F: 6 2 
478 9 487 170 F: 9 
481 12 529 134 F: 12 
488 7 495 144 F: 2 3 2 
489 10 519 39 F: 5 1 4 
495 6 513 190 F: 2 4 
508 10 518 281 F: 10 
508 11 530 94 F: 7 4 
513 10 533 306 F: 4 3 3 
513 10 553 287 F: 5 5 
518 12 530 390 F: 12 
524 5 529 331 F: 3 1 1 
524 6 542 236 F: 2 1 3 
545 8 577 184 F: 5 1 2 
546 10 566 246 F: 7 3 
546 10 586 279 F: 5 3 2 
554 10 594 319 F: 10 
558 10 588 65 F: 4 6 
572 8 588 228 F: 2 6 
572 8 596 218 F: 3 5 
582 8 614 401 F: 5 3 
587 3 593 321 F: 3 
587 11 631 93 F: 4 4 3 
589 5 604 17 F: 4 1 
589 11 622 103 F: 4 3 4 
592 10 622 192 F: 2 4 4 
600 10 630 82 F: 5 3 2 
603 7 624 4 F: 2 5 
604 7 611 450 F: 7 
611 12 635 29 F: 7 5 
614 9 650 347 F: 4 3 2 
615 13 628 141 F: 13 
618 12 630 31 F: 7 5 
621 8 637 16 F: 2 4 2 
632 9 668 6 F: 2 3 4 
637 9 673 51 F: 9 
639 5 659 406 F: 5 
648 10 668 157 F: 4 4 2 
649 12 673 254 F: 5 4 3 
667 12 679 231 F: 12 
668 4 676 372 F: 4 
683 10 713 260 F: 10 
689 4 697 239 F: 3 1 
689 5 704 369 F: 4 1 
698 8 722 93 F: 3 1 4 
699 5 709 225 F: 2 3 
701 7 708 209 F: 3 3 1 
712 8 736 72 F: 4 2 2 
723 8 731 44 F: 2 4 2 
723 12 759 52 F: 12 
726 6 744 343 F: 2 2 2 
745 11 789 69 F: 5 4 2 
752 12 800 5 F: 12 
757 11 779 413 F: 11 
758 10 788 30 F: 4 2 4 
759 9 768 296 F: 3 4 2 
764 10 774 368 F: 3 3 4 
767 6 773 344 F: 5 1 
770 8 786 27 F: 4 1 3 
774 9 792 148 F: 4 2 3 
785 8 793 252 F: 4 2 2 
786 11 808 93 F: 3 4 4 
789 7 796 14 F: 2 3 2 
790 7 811 94 F: 3 2 2 
795 9 804 403 F: 4 2 3 
796 6 820 84 F: 5 1 
800 11 833 390 F: 11 
804 10 834 35 F: 3 4 3 
808 8 840 22 F: 3 1 4 
809 10 839 251 F: 10 
810 6 816 165 F: 2 1 3 
810 9 828 141 F: 9 
812 13 851 348 F: 13 
822 2 830 386 F: 2 
830 9 866 125 F: 3 3 3 
835 7 856 75 F: 2 4 1 
848 12 884 172 F: 5 4 3 
870 5 880 15 F: 3 1 1 
871 5 881 414 F: 2 3 
877 5 892 299 F: 5 
879 7 886 150 F: 2 4 1 
881 9 908 397 F: 3 4 2 
886 11 897 91 F: 11 
893 7 900 8 F: 7 
895 11 928 207 F: 11 
896 13 948 105 F: 13 
900 10 930 149 F: 3 3 4 
910 4 922 314 F: 4 
924 9 951 314 F: 9 
929 6 941 261 F: 3 1 2 
930 10 940 42 F: 10 
936 11 947 263 F: 11 
937 10 967 450 F: 5 5 
939 9 948 389 F: 4 4 1 
945 5 965 287 F: 2 3 
950 8 966 18 F: 3 3 2 
950 9 968 8 F: 9 
959 10 999 265 F: 10 
964 10 984 117 F: 10 
966 8 974 278 F: 3 5 
966 10 1006 231 F: 4 3 3 
969 6 987 7 F: 5 1 
970 2 978 280 F: 2 
988 4 1000 48 F: 4 
991 11 1035 68 F: 4 4 3 
997 5 1007 256 F: 3 2 
1000 11 1022 38 F: 4 3 4 
1001 9 1028 432 F: 9 
1007 8 1039 417 F: 8 
1019 11 1041 150 F: 5 2 4 
1021 8 1029 159 F: 6 2 
1028 9 1064 429 F: 2 3 4 
1032 3 1044 26 F: 3 
1036 4 1044 54 F: 4 
1057 5 1062 370 F: 3 2 
1059 7 1087 35 F: 5 2 
1060 8 1092 358 F: 4 3 1 
1069 11 1102 347 F: 5 3 3 
1076 9 1085 55 F: 5 1 3 
1078 8 1102 33 F: 4 3 1 
1080 9 1098 286 F: 9 
1083 5 1088 173 F: 5 
1083 9 1119 316 F: 7 2 
1096 8 1120 176 F: 2 3 3 
1097 10 1137 125 F: 4 2 4 
1098 9 1116 244 F: 4 2 3 
1107 6 1131 79 F: 3 1 2 
1108 6 1120 122 F: 3 1 2 
1108 10 1128 398 F: 2 4 4 
1108 13 1147 131 F: 13 
1114 10 1134 434 F: 4 3 3 
1115 11 1148 159 F: 5 6 
1117 7 1124 296 F: 5 2 
1122 9 1140 201 F: 9 
1126 10 1146 386 F: 4 4 2 
1128 10 1158 333 F: 4 6 
1130 3 1142 405 F: 3 
1133 9 1169 152 F: 9 
1158 11 1191 364 F: 5 6 
1163 6 1181 419 F: 2 2 2 
1166 12 1178 407 F: 5 3 4 
1171 10 1191 296 F: 10 
1174 6 1192 17 F: 3 1 2 
1183 9 1219 312 F: 5 2 2 
1185 8 1209 109 F: 3 1 4 
1189 11 1211 254 F: 11 
1219 8 1243 90 F: 3 2 3 
1225 6 1243 114 F: 6 
1225 6 1249 286 F: 3 3 
1228 10 1248 123 F: 5 4 1 
1246 4 1254 235 F: 4 
1253 10 1273 239 F: 4 6 
1255 8 1271 320 F: 3 2 3 
1256 11 1267 136 F: 11 
1258 7 1265 150 F: 7 
1259 8 1283 174 F: 2 4 2 
1260 9 1269 65 F: 4 5 
1261 8 1277 263 F: 8 
1264 8 1280 395 F: 6 2 
1273 10 1303 436 F: 5 5 
1281 9 1299 235 F: 5 2 2 
1284 9 1302 265 F: 9 
1285 8 1309 155 F: 5 3 
1286 5 1296 89 F: 5 
1289 8 1321 373 F: 8 
1296 5 1316 318 F: 5 
1300 11 1344 424 F: 5 3 3 
1307 5 1327 280 F: 5 
1307 9 1343 218 F: 3 2 4 
1313 8 1345 15 F: 4 2 2 
1315 9 1342 100 F: 4 2 3 
1318 6 1336 364 F: 6 
1325 7 1339 225 F: 3 1 3 
1327 7 1341 25 F: 3 4 
1330 8 1338 310 F: 7 1 
1342 2 1346 327 F: 2 
1347 7 1361 155 F: 3 2 2 
1348 6 1366 431 F: 2 4 
1353 6 1359 69 F: 6 
1356 9 1365 32 F: 4 5 
1361 6 1385 268 F: 4 1 1 
1361 8 1393 278 F: 5 2 1 
1369 6 1381 298 F: 4 1 1 
1377 4 1393 66 F: 4 
1379 7 1400 210 F: 7 
1383 12 1395 361 F: 12 
1410 11 1432 76 F: 7 4 
1418 8 1426 415 F: 3 5 
1419 8 1451 183 F: 3 1 4 
1420 6 1432 94 F: 4 2 
1424 11 1435 249 F: 4 3 4 
1439 9 1457 195 F: 3 3 3 
1447 9 1465 144 F: 4 2 3 
1449 8 1481 215 F: 2 6 
1450 8 1474 18 F: 3 2 3 
1450 8 1482 8 F: 3 1 4 
1450 11 1483 8 F: 6 5 
1465 9 1483 141 F: 3 4 2 
1469 8 1485 356 F: 8 
1474 7 1502 22 F: 3 1 3 
1475 7 1503 52 F: 3 2 2 
1480 8 1488 295 F: 8 
1481 12 1505 250 F: 4 4 4 
1483 8 1499 80 F: 8 
1483 8 1507 110 F: 8 
1488 10 1528 163 F: 10 
1507 2 1511 257 F: 2 
1515 7 1543 304 F: 2 2 3 
1522 9 1531 439 F: 4 5 
1523 12 1559 219 F: 12 
1530 9 1548 83 F: 4 2 3 
1532 5 1547 360 F: 2 2 1 
1542 3 1551 106 F: 3 
1550 9 1586 407 F: 3 6 
1553 8 1561 423 F: 8 
1557 10 1587 13 F: 6 4 
1560 6 1572 50 F: 6 
1565 8 1581 283 F: 8 
1568 9 1595 318 F: 3 4 2 
1569 12 1605 241 F: 7 5 
1575 7 1582 264 F: 7 
1577 10 1597 247 F: 4 4 2 
1586 8 1594 52 F: 7 1 
1591 8 1599 153 F: 5 2 1 
1593 9 1602 388 F: 5 3 1 
1597 11 1619 127 F: 11 
1601 7 1622 181 F: 2 3 2 
1605 6 1611 218 F: 4 1 1 
1611 7 1632 277 F: 5 2 
1612 6 1636 183 F: 6 
1616 10 1656 286 F: 6 4 
1617 7 1638 347 F: 4 3 
1620 9 1647 259 F: 6 3 
1628 9 1646 183 F: 4 4 1 
1631 9 1640 322 F: 3 4 2 
1635 13 1661 409 F: 13 
1657 10 1697 97 F: 10 
1661 4 1677 320 F: 4 
1663 7 1670 144 F: 7 
1669 5 1674 52 F: 5 
1670 5 1675 74 F: 5 
1681 2 1689 323 F: 2 
1682 2 1690 153 F: 2 
1684 2 1690 98 F: 2 
1690 12 1726 410 F: 12 
1692 4 1696 369 F: 2 1 1 
1709 8 1741 339 F: 3 3 2 
1712 10 1742 130 F: 10 
1729 10 1759 238 F: 4 4 2 
1730 7 1751 99 F: 2 5 
1737 12 1749 232 F: 12 
1738 11 1760 360 F: 11 
1740 7 1754 198 F: 7 
1740 9 1776 249 F: 7 2 
1747 6 1765 320 F: 4 1 1 
1751 3 1754 175 F: 3 
1759 8 1775 57 F: 2 6 
1760 12 1772 404 F: 5 3 4 
1761 9 1770 326 F: 7 2 
1762 7 1790 361 F: 7 
1764 11 1786 65 F: 6 5 
1766 6 1778 347 F: 2 2 2 
1768 8 1792 117 F: 5 1 2 
1792 9 1810 293 F: 7 2 
1798 4 1802 127 F: 4 
1799 3 1805 189 F: 2 1 
1812 10 1832 212 F: 6 4 
1816 7 1823 109 F: 7 
1817 8 1825 251 F: 2 2 4 
1818 10 1838 308 F: 4 6 
1819 9 1837 345 F: 9 
1827 9 1863 320 F: 4 5 
1831 8 1855 197 F: 5 3 
1832 2 1834 264 F: 2 
1842 8 1858 404 F: 6 2 
1850 2 1852 57 F: 2 
1860 8 1868 70 F: 8 
1860 9 1878 41 F: 4 4 1 
1860 13 1899 246 F: 13 
1866 5 1876 234 F: 2 3 
1880 6 1892 131 F: 5 1 
1882 7 1903 143 F: 4 3 
1884 7 1898 302 F: 3 2 2 
1885 9 1894 205 F: 4 1 4 
1886 9 1922 361 F: 4 5 
1888 8 1920 409 F: 7 1 
1904 7 1925 190 F: 7 
1906 4 1922 162 F: 4 
1906 10 1936 110 F: 7 3 
1929 8 1937 55 F: 7 1 
1931 6 1949 348 F: 6 
1935 9 1953 220 F: 6 3 
1941 5 1961 199 F: 5 
1941 11 1974 407 F: 7 4 
1942 9 1978 307 F: 5 1 3 
1947 12 1971 314 F: 12 
1954 7 1975 320 F: 3 2 2 
1973 9 2009 332 F: 2 4 3 
1973 10 1993 174 F: 4 4 2 
1975 13 2001 97 F: 13 
1982 8 2014 412 F: 3 5 
1985 9 1994 147 F: 3 3 3 
1989 3 1992 223 F: 2 1 
1994 3 2003 9 F: 3 
1998 10 2028 419 F: 7 3 
1998 12 2022 248 F: 12 
2001 6 2007 355 F: 2 1 3 
2011 5 2016 380 F: 5 
2016 9 2034 352 F: 9 
2018 10 2058 391 F: 10 
2027 5 2037 305 F: 5 
2036 10 2076 154 F: 5 3 2 
2045 6 2063 258 F: 4 2 
2049 9 2085 379 F: 9 
2050 11 2094 15 F: 11 
2051 8 2075 24 F: 2 4 2 
2054 6 2060 145 F: 3 2 1 
2057 6 2063 69 F: 3 1 2 
2065 5 2070 393 F: 5 
2067 9 2076 412 F: 3 3 3 
2068 9 2104 385 F: 5 3 1 
2068 10 2108 299 F: 5 4 1 
2069 11 2080 398 F: 7 4 
2071 6 2089 316 F: 4 2 
2077 9 2113 139 F: 3 3 3 
2092 5 2112 251 F: 5 
2100 8 2124 398 F: 5 1 2 
2105 6 2123 40 F: 2 2 2 
2105 8 2113 358 F: 3 4 1 
2111 6 2117 333 F: 6 
2114 7 2135 287 F: 7 
2121 7 2142 406 F: 7 
2129 11 2140 374 F: 5 6 
2132 8 2140 442 F: 8 
2136 6 2142 322 F: 3 1 2 
2144 11 2155 349 F: 5 6 
2146 11 2168 183 F: 4 3 4 
2162 5 2177 332 F: 5 
2168 9 2195 274 F: 3 6 
2179 7 2207 238 F: 4 3 
2182 8 2190 134 F: 3 4 1 
2183 7 2190 186 F: 2 1 4 
2185 7 2206 31 F: 2 5 
2187 13 2200 181 F: 13 
2190 9 2199 310 F: 4 2 3 
2194 8 2210 152 F: 2 3 3 
2203 11 2225 266 F: 11 
2204 7 2232 22 F: 3 2 2 
2217 9 2253 154 F: 4 5 
2247 8 2263 204 F: 2 6 
2249 7 2256 411 F: 4 3 
2258 8 2266 308 F: 7 1 
2260 6 2266 68 F: 6 
2261 9 2288 161 F: 9 
2277 4 2281 163 F: 4 
2281 12 2329 228 F: 7 5 
D: 7 40 
D: 8 388 
D: 12 32 
D: 12 39 
D: 15 29 
D: 18 278 
D: 19 272 
D: 20 123 
D: 23 199 
D: 23 201 
D: 28 189 
D: 34 403 
D: 36 297 
D: 37 170 
D: 37 222 
D: 38 412 
D: 42 247 
D: 43 389 
D: 55 267 
D: 64 417 
D: 73 130 
D: 106 353 
D: 112 275 
D: 125 283 
D: 140 419 
D: 166 261 
D: 178 227 
D: 181 435 
D: 210 361 
D: 236 430 
D: 242 290 
D: 246 432 
D: 262 447 
D: 266 355 
D: 286 414 
D: 293 315 
D: 294 434 
D: 298 431 
D: 320 321 
D: 324 364 
D: 334 449 
D: 335 342 
D: 335 379 
D: 340 399 
D: 361 418 
