3 7 24 222 F: 6 1 
6 9 15 208 F: 5 4 
14 9 23 207 F: 5 3 1 
15 10 55 107 F: 5 5 
21 8 37 271 F: 8 
25 9 52 224 F: 4 4 1 
37 11 81 397 F: 5 3 3 
43 8 59 62 F: 5 3 
44 9 80 208 F: 3 6 
47 6 53 329 F: 4 2 
48 7 76 364 F: 6 1 
51 6 69 271 F: 3 1 2 
60 6 78 221 F: 2 4 
60 9 69 184 F: 4 2 3 
73 9 100 197 F: 4 5 
83 7 97 350 F: 6 1 
87 9 105 21 F: 6 3 
90 10 120 51 F: 6 4 
92 12 128 328 F: 7 5 
93 4 105 257 F: 4 
114 8 146 66 F: 8 
114 10 144 137 F: 7 3 
114 10 154 225 F: 6 4 
115 13 154 392 F: 13 
116 3 128 74 F: 3 
117 7 145 378 F: 7 
117 13 169 35 F: 13 
124 13 137 292 F: 5 4 4 
128 10 148 287 F: 6 4 
136 4 144 172 F: 2 2 
139 5 149 400 F: 2 3 
155 9 182 44 F: 5 2 2 
164 7 178 136 F: 2 5 
165 2 173 321 F: 2 
172 7 186 121 F: 3 2 2 
187 7 215 13 F: 3 4 
192 9 201 105 F: 3 6 
194 9 212 112 F: 4 2 3 
195 9 213 358 F: 9 
195 11 217 37 F: 11 
201 12 225 323 F: 5 4 3 
202 4 210 13 F: 2 1 1 
203 6 209 174 F: 6 
205 7 226 134 F: 4 1 2 
218 9 236 115 F: 3 3 3 
222 6 246 239 F: 3 3 
226 6 238 148 F: 2 1 3 
232 8 248 93 F: 8 
237 12 249 328 F: 5 4 3 
256 13 282 60 F: 13 
258 8 274 94 F: 6 2 
259 13 311 24 F: 13 
261 6 279 256 F: 6 
271 8 295 376 F: 4 1 3 
274 7 295 241 F: 3 3 1 
276 12 300 195 F: 12 
277 11 321 200 F: 5 6 
294 6 300 275 F: 2 3 1 
294 13 346 35 F: 13 
297 8 305 369 F: 8 
304 9 313 239 F: 9 
307 8 339 28 F: 3 5 
309 4 317 126 F: 2 2 
312 9 339 201 F: 6 3 
314 8 338 259 F: 2 3 3 
323 11 345 355 F: 11 
329 9 347 342 F: 3 2 4 
333 7 354 281 F: 2 5 
333 9 342 25 F: 3 6 
339 10 349 311 F: 10 
347 11 391 355 F: 11 
349 5 364 184 F: 2 3 
354 9 372 144 F: 4 5 
369 9 378 152 F: 5 3 1 
373 7 387 193 F: 3 4 
382 8 398 101 F: 4 2 2 
386 9 413 145 F: 9 
386 12 398 141 F: 12 
390 2 392 27 F: 2 
392 8 424 363 F: 3 2 3 
403 6 421 223 F: 2 3 1 
403 6 427 215 F: 2 4 
406 4 422 47 F: 4 
409 11 431 114 F: 5 4 2 
409 11 442 362 F: 5 2 4 
410 4 422 69 F: 2 2 
411 9 438 191 F: 4 5 
422 12 446 232 F: 12 
428 8 444 283 F: 3 2 3 
432 12 480 56 F: 4 4 4 
438 7 452 203 F: 2 3 2 
441 10 461 79 F: 6 4 
442 8 474 308 F: 5 3 
446 8 478 65 F: 4 4 
450 9 468 10 F: 7 2 
454 10 474 238 F: 10 
454 10 494 290 F: 10 
485 10 505 142 F: 6 4 
494 8 526 78 F: 4 1 3 
497 13 510 209 F: 7 6 
504 4 520 131 F: 4 
505 4 509 400 F: 4 
513 8 545 336 F: 3 5 
524 11 557 132 F: 3 4 4 
526 9 562 57 F: 9 
530 7 551 201 F: 7 
533 8 565 160 F: 5 3 
541 12 589 152 F: 4 4 4 
549 3 561 178 F: 3 
558 10 568 349 F: 4 2 4 
563 5 573 32 F: 3 2 
564 11 586 72 F: 7 4 
566 6 572 81 F: 6 
567 7 581 277 F: 2 2 3 
569 6 593 110 F: 6 
573 10 603 18 F: 4 6 
576 9 594 17 F: 3 4 2 
589 9 616 395 F: 9 
592 4 596 252 F: 3 1 
594 5 614 232 F: 4 1 
611 10 651 379 F: 5 3 2 
615 3 618 384 F: 3 
616 11 638 26 F: 6 5 
620 5 640 67 F: 4 1 
624 13 676 263 F: 7 6 
627 5 632 76 F: 2 1 2 
629 6 635 145 F: 3 1 2 
632 3 638 346 F: 3 
636 6 648 188 F: 3 1 2 
647 7 654 305 F: 5 2 
655 12 679 277 F: 12 
660 11 693 394 F: 7 4 
665 8 689 374 F: 2 2 4 
668 6 680 115 F: 5 1 
677 9 686 183 F: 3 3 3 
679 8 687 369 F: 3 5 
688 11 732 124 F: 6 5 
689 6 701 96 F: 3 1 2 
690 3 693 4 F: 3 
699 11 721 24 F: 11 
701 11 734 299 F: 11 
702 10 742 298 F: 5 1 4 
711 7 739 188 F: 2 1 4 
716 10 736 187 F: 5 4 1 
719 6 743 193 F: 6 
722 6 740 29 F: 6 
728 9 737 127 F: 7 2 
728 11 761 232 F: 11 
731 4 739 50 F: 4 
733 7 754 163 F: 7 
745 5 755 318 F: 5 
745 7 773 53 F: 3 1 3 
749 9 776 71 F: 5 2 2 
754 8 770 254 F: 5 3 
758 5 768 42 F: 5 
761 10 781 187 F: 5 2 3 
773 2 777 177 F: 2 
780 8 788 357 F: 6 2 
780 12 792 310 F: 12 
798 7 812 61 F: 2 5 
800 6 806 45 F: 6 
807 6 819 39 F: 2 1 3 
813 11 846 4 F: 5 6 
820 3 832 323 F: 2 1 
822 9 840 178 F: 3 3 3 
825 4 829 376 F: 2 1 1 
830 8 838 328 F: 3 3 2 
833 2 839 177 F: 2 
834 6 840 78 F: 3 2 1 
836 11 880 343 F: 5 3 3 
837 8 853 344 F: 5 1 2 
838 11 871 337 F: 4 3 4 
842 8 866 41 F: 2 3 3 
861 10 871 177 F: 4 6 
862 11 884 155 F: 7 4 
864 12 900 175 F: 6 6 
872 8 888 97 F: 4 3 1 
883 9 910 211 F: 9 
883 10 913 169 F: 2 4 4 
897 11 908 243 F: 7 4 
905 13 918 40 F: 13 
913 9 949 127 F: 9 
917 9 944 308 F: 5 4 
919 3 931 60 F: 3 
919 6 943 184 F: 5 1 
929 8 945 203 F: 2 2 4 
930 2 934 50 F: 2 
933 6 957 149 F: 3 3 
934 11 956 275 F: 3 4 4 
940 9 949 204 F: 3 2 4 
940 11 962 322 F: 6 5 
941 9 977 332 F: 4 1 4 
950 9 968 46 F: 4 1 4 
951 2 959 144 F: 2 
962 13 1001 372 F: 7 6 
970 9 997 387 F: 9 
974 4 986 164 F: 4 
975 10 1005 38 F: 5 4 1 
982 5 987 203 F: 2 1 2 
986 10 996 210 F: 5 2 3 
1002 10 1042 276 F: 5 1 4 
1003 9 1039 51 F: 3 2 4 
1007 6 1013 197 F: 6 
1026 8 1042 183 F: 3 1 4 
1027 11 1071 349 F: 5 2 4 
1033 6 1051 115 F: 3 2 1 
1034 7 1055 134 F: 2 5 
1041 9 1077 251 F: 9 
1044 9 1071 130 F: 9 
1045 11 1078 332 F: 5 2 4 
1050 11 1094 50 F: 7 4 
1054 6 1078 175 F: 2 4 
1060 5 1080 175 F: 2 2 1 
1063 12 1087 28 F: 6 6 
1064 8 1088 109 F: 6 2 
1065 8 1097 18 F: 8 
1067 9 1094 185 F: 4 4 1 
1071 9 1107 100 F: 5 4 
1085 11 1107 281 F: 7 4 
1092 8 1100 232 F: 5 1 2 
1103 7 1124 361 F: 4 1 2 
1105 6 1129 189 F: 6 
1109 11 1153 187 F: 5 6 
1113 8 1121 57 F: 4 1 3 
1116 7 1123 220 F: 6 1 
1130 11 1141 3 F: 6 5 
1135 11 1146 316 F: 11 
1139 13 1191 17 F: 13 
1147 10 1167 275 F: 10 
1149 7 1156 268 F: 7 
1150 11 1194 189 F: 5 2 4 
1159 10 1179 155 F: 5 1 4 
1174 8 1198 266 F: 2 6 
1175 2 1177 259 F: 2 
1180 6 1192 96 F: 5 1 
1180 9 1189 276 F: 7 2 
1181 4 1197 370 F: 4 
1182 8 1214 226 F: 8 
1184 9 1202 243 F: 5 4 
1185 8 1193 182 F: 4 1 3 
1206 10 1236 310 F: 7 3 
1207 2 1211 107 F: 2 
1207 10 1227 381 F: 4 4 2 
1215 13 1267 356 F: 13 
1224 11 1235 271 F: 11 
1224 11 1246 296 F: 3 4 4 
1232 11 1265 387 F: 7 4 
1239 11 1250 38 F: 5 2 4 
1240 9 1249 395 F: 7 2 
1269 12 1317 184 F: 12 
1274 11 1285 198 F: 11 
1275 12 1323 364 F: 12 
1276 12 1312 376 F: 12 
1277 4 1285 201 F: 3 1 
1278 7 1292 270 F: 7 
1278 10 1308 391 F: 5 3 2 
1287 10 1307 393 F: 10 
1288 8 1304 222 F: 2 2 4 
1293 7 1314 247 F: 7 
1296 12 1320 131 F: 12 
1300 9 1327 24 F: 9 
1302 9 1320 336 F: 3 4 2 
1312 11 1345 152 F: 5 2 4 
1319 5 1329 384 F: 5 
1327 10 1357 346 F: 4 2 4 
1346 4 1362 177 F: 2 1 1 
1346 8 1362 131 F: 5 3 
1347 6 1353 16 F: 2 1 3 
1349 9 1376 371 F: 5 2 2 
1359 11 1403 171 F: 4 3 4 
1368 8 1384 391 F: 8 
1370 8 1394 280 F: 4 2 2 
1373 12 1409 165 F: 7 5 
1374 8 1398 63 F: 3 4 1 
1376 9 1403 254 F: 4 3 2 
1384 6 1390 244 F: 2 3 1 
1385 8 1409 348 F: 6 2 
1386 10 1396 209 F: 5 3 2 
1394 10 1414 290 F: 3 3 4 
1397 6 1421 173 F: 6 
1415 12 1463 346 F: 6 6 
1419 12 1431 20 F: 12 
1423 12 1435 208 F: 7 5 
1428 11 1450 51 F: 4 3 4 
1437 9 1446 227 F: 4 2 3 
1439 6 1451 157 F: 6 
1440 5 1445 285 F: 5 
1441 8 1457 244 F: 5 3 
1442 11 1453 333 F: 5 2 4 
1444 12 1480 234 F: 6 6 
1445 6 1463 255 F: 6 
1446 11 1468 360 F: 11 
1455 11 1488 242 F: 11 
1461 8 1469 229 F: 5 1 2 
1463 9 1490 228 F: 9 
1470 10 1490 387 F: 5 5 
1477 6 1495 316 F: 3 2 1 
1479 3 1485 32 F: 3 
1482 12 1506 364 F: 12 
1483 13 1535 205 F: 13 
1505 7 1533 112 F: 7 
1507 5 1512 386 F: 2 2 1 
1507 9 1525 217 F: 5 2 2 
1508 7 1522 176 F: 2 5 
1509 9 1527 9 F: 6 3 
1513 11 1557 144 F: 11 
1514 8 1530 382 F: 8 
1524 10 1564 310 F: 10 
1528 8 1544 250 F: 8 
1545 6 1551 42 F: 4 2 
1548 4 1560 1 F: 2 2 
1551 9 1569 287 F: 9 
1552 9 1579 292 F: 4 5 
1553 10 1583 46 F: 3 4 3 
1568 2 1576 333 F: 2 
1569 13 1582 170 F: 5 4 4 
1577 10 1597 179 F: 4 2 4 
1580 9 1616 272 F: 3 4 2 
1582 12 1594 34 F: 12 
1584 4 1592 300 F: 3 1 
1614 5 1624 331 F: 2 1 2 
1618 12 1666 218 F: 12 
1625 9 1643 57 F: 9 
1625 11 1669 286 F: 11 
1634 9 1652 26 F: 9 
1634 9 1661 357 F: 3 2 4 
1640 9 1676 224 F: 9 
1640 10 1660 50 F: 7 3 
1643 5 1663 7 F: 3 1 1 
1647 11 1669 236 F: 7 4 
1649 5 1664 328 F: 3 2 
1654 5 1674 113 F: 4 1 
1659 7 1680 21 F: 2 3 2 
1660 6 1672 366 F: 4 2 
1673 7 1680 105 F: 2 5 
1674 9 1692 298 F: 5 4 
1681 5 1696 33 F: 3 1 1 
1687 9 1696 225 F: 4 1 4 
1690 10 1710 148 F: 4 4 2 
1699 8 1731 169 F: 4 4 
1702 7 1723 360 F: 6 1 
1704 9 1722 119 F: 5 3 1 
1706 10 1736 218 F: 3 4 3 
1710 9 1746 333 F: 5 4 
1716 9 1743 38 F: 2 3 4 
1726 8 1734 186 F: 3 4 1 
1726 10 1736 104 F: 4 3 3 
1727 8 1759 305 F: 3 2 3 
1728 8 1752 93 F: 8 
1729 5 1739 220 F: 4 1 
1735 6 1747 367 F: 6 
1738 5 1743 376 F: 3 2 
1743 10 1773 377 F: 4 4 2 
1752 3 1761 125 F: 3 
1762 6 1786 191 F: 2 1 3 
1779 9 1806 399 F: 9 
1780 5 1790 237 F: 3 2 
1790 8 1822 337 F: 6 2 
1792 4 1800 79 F: 4 
1793 7 1821 276 F: 4 3 
1803 8 1811 354 F: 2 4 2 
1813 5 1823 100 F: 2 3 
1813 9 1831 230 F: 4 5 
1817 6 1823 169 F: 3 1 2 
1825 5 1835 109 F: 3 1 1 
1827 8 1859 276 F: 8 
1828 4 1840 386 F: 4 
1832 10 1842 170 F: 6 4 
1843 4 1847 135 F: 4 
1852 6 1876 199 F: 5 1 
1855 11 1866 382 F: 11 
1856 7 1870 270 F: 4 2 1 
1857 7 1885 194 F: 3 4 
1858 8 1866 210 F: 2 4 2 
1868 11 1901 146 F: 3 4 4 
1869 9 1905 223 F: 2 3 4 
1873 12 1909 1 F: 7 5 
1875 6 1893 231 F: 6 
1897 7 1918 26 F: 3 2 2 
1898 6 1916 323 F: 4 1 1 
1907 6 1931 273 F: 5 1 
1913 8 1937 395 F: 2 6 
1919 9 1955 392 F: 7 2 
1920 13 1946 343 F: 13 
1924 10 1954 47 F: 10 
1925 4 1929 216 F: 4 
1925 4 1937 28 F: 2 1 1 
1934 8 1958 348 F: 2 3 3 
1935 7 1956 176 F: 3 4 
1939 4 1947 324 F: 4 
1945 11 1978 316 F: 5 3 3 
1952 11 1996 353 F: 6 5 
1957 9 1993 234 F: 9 
1967 6 1991 270 F: 2 1 3 
1974 8 1990 317 F: 3 5 
1974 9 1983 380 F: 3 4 2 
1983 4 1999 375 F: 3 1 
1983 11 2016 249 F: 6 5 
1985 7 1992 400 F: 2 4 1 
1995 9 2004 61 F: 5 3 1 
D: 9 39 
D: 12 310 
D: 18 229 
D: 20 299 
D: 26 278 
D: 31 314 
D: 33 58 
D: 37 137 
D: 40 117 
D: 41 204 
D: 63 194 
D: 76 94 
D: 78 340 
D: 79 157 
D: 94 210 
D: 98 231 
D: 98 272 
D: 111 157 
D: 115 131 
D: 128 211 
D: 140 306 
D: 143 208 
D: 152 159 
D: 152 181 
D: 155 173 
D: 173 347 
D: 180 280 
D: 182 354 
D: 183 241 
D: 195 209 
D: 197 280 
D: 206 254 
D: 207 268 
D: 217 229 
D: 232 242 
D: 236 383 
D: 243 253 
D: 245 351 
D: 332 341 
D: 346 363 
