3 9 12 257 F: 5 3 1 
9 11 42 258 F: 5 3 3 
12 6 30 149 F: 3 3 
26 11 70 80 F: 11 
27 10 47 64 F: 5 5 
29 8 37 54 F: 8 
29 12 65 90 F: 5 3 4 
32 5 37 425 F: 5 
33 8 41 26 F: 8 
33 9 69 448 F: 5 3 1 
34 5 39 39 F: 3 2 
41 10 71 270 F: 10 
58 8 74 386 F: 3 5 
62 5 67 368 F: 3 2 
67 4 83 157 F: 3 1 
71 11 93 125 F: 6 5 
79 9 97 217 F: 2 3 4 
79 10 89 95 F: 4 4 2 
88 7 109 38 F: 4 2 1 
94 4 98 211 F: 2 2 
104 10 114 6 F: 6 4 
110 4 114 324 F: 2 2 
121 5 126 58 F: 3 2 
126 12 138 46 F: 12 
127 7 141 402 F: 5 2 
130 7 158 420 F: 2 4 1 
138 8 170 46 F: 2 6 
150 10 160 271 F: 5 5 
152 8 176 210 F: 3 3 2 
152 10 162 410 F: 6 4 
155 8 187 438 F: 5 2 1 
159 4 163 167 F: 4 
160 10 190 227 F: 4 6 
168 7 175 385 F: 7 
182 10 192 232 F: 2 4 4 
184 7 198 191 F: 5 2 
187 8 203 128 F: 6 2 
188 5 198 90 F: 2 1 2 
196 10 216 146 F: 5 5 
198 10 238 349 F: 6 4 
202 9 211 80 F: 5 3 1 
210 13 223 158 F: 13 
220 7 234 109 F: 7 
225 8 241 407 F: 4 4 
226 4 238 241 F: 4 
230 4 238 45 F: 3 1 
251 7 272 45 F: 5 1 1 
255 3 267 340 F: 3 
262 9 271 67 F: 3 2 4 
264 10 274 78 F: 6 4 
265 12 301 84 F: 12 
268 3 280 228 F: 2 1 
275 5 290 69 F: 2 3 
277 6 283 137 F: 6 
279 12 315 286 F: 12 
288 7 295 362 F: 7 
293 7 321 119 F: 7 
296 9 332 166 F: 2 3 4 
297 9 324 304 F: 2 4 3 
299 9 326 352 F: 4 2 3 
307 8 315 211 F: 4 3 1 
309 12 345 317 F: 7 5 
310 6 322 316 F: 3 3 
318 8 334 431 F: 4 1 3 
334 6 340 355 F: 6 
335 10 345 209 F: 5 1 4 
340 7 361 244 F: 2 4 1 
343 7 357 59 F: 2 3 2 
345 9 372 260 F: 4 4 1 
361 8 385 293 F: 3 5 
364 10 384 428 F: 5 5 
365 5 375 77 F: 5 
373 4 385 244 F: 3 1 
374 10 414 244 F: 4 4 2 
377 12 401 9 F: 7 5 
379 13 392 252 F: 13 
397 8 413 70 F: 8 
397 12 445 63 F: 5 3 4 
398 6 416 276 F: 3 2 1 
399 11 421 351 F: 6 5 
402 10 432 249 F: 5 2 3 
408 6 432 398 F: 2 1 3 
413 9 449 438 F: 6 3 
416 11 449 32 F: 4 4 3 
418 9 454 139 F: 5 3 1 
424 11 457 317 F: 6 5 
435 9 462 4 F: 4 5 
440 7 468 148 F: 7 
441 7 469 121 F: 4 3 
441 10 481 198 F: 4 4 2 
449 2 455 391 F: 2 
460 6 484 81 F: 4 1 1 
463 5 468 385 F: 2 1 2 
467 12 479 449 F: 5 3 4 
470 9 506 303 F: 2 4 3 
474 4 478 80 F: 4 
474 10 494 387 F: 4 4 2 
483 8 515 355 F: 2 3 3 
492 8 508 321 F: 2 3 3 
494 9 512 390 F: 3 2 4 
501 11 534 230 F: 11 
508 8 524 54 F: 2 2 4 
515 13 554 229 F: 7 6 
516 13 542 353 F: 13 
523 8 547 270 F: 8 
529 4 541 216 F: 4 
530 13 582 69 F: 13 
534 2 542 378 F: 2 
535 12 583 158 F: 5 3 4 
539 11 550 127 F: 4 3 4 
550 5 565 206 F: 5 
551 5 566 201 F: 3 1 1 
556 9 574 142 F: 5 2 2 
561 6 573 441 F: 2 4 
564 10 594 20 F: 4 3 3 
569 10 609 226 F: 5 5 
583 11 594 33 F: 5 2 4 
590 8 606 399 F: 2 3 3 
594 7 615 276 F: 5 2 
594 9 621 279 F: 4 5 
600 7 607 242 F: 4 2 1 
616 10 656 429 F: 6 4 
617 5 627 117 F: 5 
622 9 658 386 F: 4 4 1 
623 8 639 184 F: 5 1 2 
626 6 632 226 F: 6 
629 11 640 348 F: 3 4 4 
631 5 651 4 F: 2 1 2 
631 10 641 131 F: 4 3 3 
632 4 636 79 F: 3 1 
634 12 670 232 F: 7 5 
638 10 648 274 F: 5 5 
644 5 659 145 F: 5 
655 11 699 103 F: 4 4 3 
661 4 677 286 F: 3 1 
666 13 679 113 F: 5 4 4 
672 11 683 24 F: 4 4 3 
675 7 703 251 F: 6 1 
685 2 687 44 F: 2 
690 9 699 449 F: 3 6 
710 9 719 441 F: 2 3 4 
712 5 727 224 F: 5 
722 7 743 353 F: 3 3 1 
722 8 754 332 F: 8 
734 8 742 368 F: 2 3 3 
735 9 744 64 F: 2 4 3 
736 4 748 449 F: 4 
736 7 750 175 F: 3 4 
737 11 759 312 F: 3 4 4 
740 8 772 218 F: 6 2 
741 6 765 199 F: 6 
742 11 786 365 F: 5 3 3 
744 5 759 222 F: 3 2 
757 8 773 224 F: 4 4 
764 10 774 162 F: 2 4 4 
765 10 785 438 F: 10 
776 10 786 16 F: 5 3 2 
777 7 798 401 F: 4 3 
795 12 843 9 F: 12 
799 2 805 370 F: 2 
801 4 805 159 F: 4 
806 7 820 338 F: 4 1 2 
810 10 850 294 F: 6 4 
813 6 837 32 F: 2 4 
818 8 842 64 F: 2 4 2 
819 7 826 144 F: 6 1 
825 5 840 187 F: 3 2 
832 9 850 124 F: 3 6 
851 7 879 193 F: 3 4 
854 8 878 89 F: 6 2 
854 13 906 64 F: 5 4 4 
857 4 861 122 F: 4 
870 4 882 409 F: 2 2 
877 8 909 70 F: 3 4 1 
885 6 897 412 F: 2 1 3 
893 7 900 333 F: 7 
893 8 925 138 F: 8 
897 6 903 12 F: 2 1 3 
898 11 909 60 F: 5 6 
899 4 907 336 F: 4 
903 10 913 9 F: 6 4 
905 4 909 342 F: 4 
906 8 922 148 F: 8 
918 6 924 21 F: 2 1 3 
920 5 930 305 F: 5 
922 10 932 201 F: 7 3 
930 8 962 164 F: 5 3 
937 6 955 265 F: 6 
948 5 968 24 F: 5 
952 10 992 100 F: 2 4 4 
953 8 985 124 F: 4 1 3 
956 7 963 384 F: 7 
962 6 968 298 F: 2 2 2 
966 8 990 199 F: 4 3 1 
970 8 1002 335 F: 4 2 2 
972 11 983 448 F: 5 6 
975 11 1019 240 F: 11 
982 9 991 258 F: 9 
998 9 1016 4 F: 3 2 4 
998 11 1009 305 F: 11 
1002 4 1014 324 F: 2 2 
1004 13 1056 127 F: 13 
1010 12 1022 45 F: 12 
1026 9 1044 104 F: 5 4 
1030 6 1054 22 F: 3 2 1 
1031 11 1042 50 F: 6 5 
1034 9 1052 328 F: 5 2 2 
1056 11 1078 376 F: 5 3 3 
1060 10 1070 283 F: 2 4 4 
1066 7 1080 440 F: 4 3 
1067 11 1111 288 F: 5 2 4 
1071 4 1079 376 F: 4 
1072 9 1099 10 F: 3 2 4 
1079 7 1086 62 F: 2 1 4 
1080 9 1098 6 F: 5 2 2 
1085 8 1101 154 F: 4 4 
1085 9 1121 360 F: 3 3 3 
1091 8 1107 189 F: 7 1 
1095 9 1113 419 F: 4 3 2 
1096 7 1110 132 F: 2 4 1 
1101 7 1129 193 F: 4 2 1 
1106 11 1128 211 F: 5 4 2 
1107 7 1128 335 F: 2 3 2 
1107 13 1120 51 F: 5 4 4 
1109 12 1133 111 F: 12 
1120 8 1136 88 F: 4 4 
1127 10 1167 375 F: 10 
1131 8 1155 88 F: 5 3 
1140 7 1168 339 F: 5 2 
1142 8 1174 24 F: 4 4 
1167 10 1177 140 F: 5 2 3 
1173 11 1217 371 F: 11 
1174 8 1182 341 F: 5 2 1 
1176 6 1200 51 F: 2 4 
1178 5 1193 412 F: 5 
1182 4 1190 237 F: 2 1 1 
1183 11 1216 225 F: 11 
1184 8 1200 63 F: 6 2 
1190 6 1214 189 F: 2 2 2 
1198 8 1206 29 F: 3 5 
1205 10 1235 316 F: 4 2 4 
1211 8 1243 69 F: 6 2 
1219 5 1239 326 F: 5 
1228 12 1276 171 F: 12 
1237 6 1243 38 F: 6 
1237 9 1264 450 F: 5 2 2 
1247 9 1256 65 F: 2 3 4 
1253 8 1285 70 F: 6 2 
1257 9 1293 122 F: 4 5 
1265 11 1276 151 F: 5 2 4 
1270 8 1286 426 F: 4 3 1 
1271 7 1299 318 F: 2 4 1 
1276 8 1300 38 F: 6 2 
1279 6 1297 418 F: 6 
1279 7 1286 75 F: 2 3 2 
1281 5 1286 154 F: 2 3 
1281 11 1303 259 F: 11 
1289 5 1299 181 F: 5 
1292 6 1310 291 F: 5 1 
1292 7 1313 186 F: 3 1 3 
1300 13 1326 432 F: 5 4 4 
1304 12 1340 123 F: 7 5 
1318 7 1325 100 F: 7 
1322 2 1328 315 F: 2 
1333 5 1353 413 F: 2 1 2 
1337 13 1376 171 F: 13 
1339 8 1347 424 F: 7 1 
1345 10 1385 276 F: 7 3 
1353 11 1375 78 F: 6 5 
1353 11 1375 422 F: 4 3 4 
1356 7 1377 110 F: 5 2 
1361 7 1368 148 F: 2 3 2 
1369 13 1395 246 F: 13 
1373 11 1417 301 F: 11 
1374 7 1402 5 F: 3 4 
1379 9 1388 88 F: 5 4 
1383 3 1389 396 F: 3 
1385 9 1403 193 F: 3 6 
1397 9 1433 366 F: 2 4 3 
1398 8 1406 166 F: 2 2 4 
1417 9 1435 4 F: 4 4 1 
1419 10 1449 159 F: 5 1 4 
1419 11 1441 194 F: 7 4 
1425 4 1433 230 F: 4 
1428 10 1458 300 F: 4 2 4 
1429 5 1449 238 F: 3 2 
1432 13 1471 145 F: 13 
1435 12 1471 97 F: 12 
1436 4 1452 420 F: 3 1 
1437 2 1443 200 F: 2 
1440 2 1442 259 F: 2 
1449 11 1460 163 F: 11 
1450 12 1474 287 F: 7 5 
1479 5 1499 265 F: 5 
1482 13 1521 42 F: 13 
1490 7 1497 104 F: 3 4 
1492 4 1500 10 F: 3 1 
1492 5 1512 326 F: 5 
1495 10 1515 142 F: 7 3 
1497 6 1503 398 F: 5 1 
1512 10 1552 366 F: 10 
1513 6 1537 397 F: 4 1 1 
1516 13 1568 372 F: 13 
1521 5 1541 432 F: 3 2 
1530 9 1557 212 F: 2 4 3 
1541 6 1547 150 F: 6 
1545 7 1552 85 F: 3 3 1 
1556 11 1600 306 F: 11 
1557 6 1569 230 F: 6 
1563 5 1578 413 F: 5 
1565 4 1569 59 F: 4 
1566 8 1590 297 F: 5 2 1 
1573 9 1600 236 F: 4 5 
1573 12 1597 348 F: 6 6 
1575 9 1602 321 F: 9 
1577 13 1603 389 F: 7 6 
1579 10 1589 300 F: 5 5 
1579 12 1591 10 F: 12 
1590 10 1610 392 F: 7 3 
1592 4 1600 401 F: 4 
1600 10 1630 245 F: 5 2 3 
1602 8 1610 314 F: 3 5 
1609 6 1627 26 F: 5 1 
1612 8 1620 357 F: 2 2 4 
1613 5 1618 230 F: 5 
1613 6 1631 403 F: 2 4 
1619 12 1643 277 F: 4 4 4 
1633 6 1657 337 F: 2 3 1 
1637 8 1661 22 F: 2 3 3 
1648 7 1676 181 F: 3 4 
1653 11 1675 267 F: 6 5 
1654 9 1690 288 F: 4 5 
1657 4 1669 127 F: 4 
1662 9 1689 292 F: 9 
1665 7 1672 253 F: 2 2 3 
1666 7 1673 161 F: 2 3 2 
1676 8 1700 99 F: 8 
1677 8 1701 314 F: 6 2 
1680 8 1704 203 F: 8 
1696 4 1704 371 F: 4 
1701 5 1706 144 F: 5 
1702 9 1711 354 F: 4 5 
1709 11 1753 314 F: 11 
1710 11 1743 73 F: 3 4 4 
1711 13 1737 277 F: 7 6 
1716 9 1752 427 F: 9 
1729 7 1736 290 F: 7 
1730 10 1750 242 F: 5 1 4 
1731 5 1741 82 F: 5 
1732 7 1746 256 F: 7 
1745 10 1765 128 F: 10 
1756 11 1778 323 F: 5 2 4 
1760 9 1778 16 F: 4 1 4 
1766 12 1802 410 F: 7 5 
1768 13 1820 193 F: 13 
1770 7 1784 15 F: 3 1 3 
1775 4 1779 86 F: 4 
1782 8 1790 114 F: 5 1 2 
1784 6 1796 339 F: 2 2 2 
1789 13 1841 402 F: 7 6 
1800 8 1832 203 F: 6 2 
1801 7 1822 149 F: 3 3 1 
1804 8 1812 105 F: 3 5 
1815 11 1859 71 F: 11 
1821 12 1869 91 F: 12 
1822 11 1855 326 F: 4 4 3 
1824 8 1856 355 F: 8 
1826 4 1842 55 F: 4 
1832 11 1843 182 F: 7 4 
1841 6 1847 317 F: 3 2 1 
1843 8 1851 23 F: 2 6 
1844 5 1864 269 F: 2 1 2 
1857 7 1871 93 F: 3 2 2 
1861 13 1874 204 F: 13 
1868 7 1889 371 F: 7 
1871 9 1907 64 F: 2 3 4 
1877 9 1895 278 F: 3 6 
1879 5 1884 112 F: 3 2 
1889 7 1903 178 F: 4 1 2 
1889 7 1903 340 F: 7 
1907 10 1917 153 F: 3 3 4 
1909 3 1912 116 F: 3 
1915 6 1939 171 F: 4 1 1 
1918 11 1962 77 F: 11 
1929 8 1953 99 F: 3 2 3 
1940 7 1954 384 F: 7 
1941 8 1957 302 F: 5 2 1 
1947 6 1965 68 F: 2 1 3 
1954 7 1982 71 F: 2 5 
1957 11 2001 362 F: 5 4 2 
1958 8 1982 210 F: 8 
1958 13 1984 150 F: 13 
1966 8 1974 407 F: 4 1 3 
1968 9 2004 421 F: 9 
1982 6 2006 14 F: 3 3 
1987 7 2001 276 F: 2 5 
1987 8 2003 402 F: 6 2 
1996 6 2014 328 F: 3 3 
1996 10 2026 191 F: 5 1 4 
1997 7 2011 26 F: 3 1 3 
2000 9 2009 173 F: 3 4 2 
2003 7 2024 403 F: 2 3 2 
2003 11 2047 288 F: 11 
2005 7 2026 325 F: 2 4 1 
2009 11 2053 45 F: 5 6 
2012 10 2032 263 F: 10 
2013 7 2020 313 F: 5 2 
2021 3 2024 45 F: 3 
2028 6 2040 121 F: 4 1 1 
2031 10 2041 46 F: 2 4 4 
2032 9 2041 37 F: 3 6 
2032 13 2058 356 F: 5 4 4 
2043 9 2061 75 F: 4 1 4 
2058 8 2074 284 F: 2 4 2 
2067 5 2082 353 F: 3 1 1 
2069 13 2095 396 F: 5 4 4 
2080 6 2092 288 F: 5 1 
2089 10 2109 181 F: 5 5 
2095 7 2102 100 F: 7 
2095 10 2115 116 F: 10 
2123 11 2156 140 F: 5 6 
2124 7 2145 204 F: 3 4 
2125 11 2136 417 F: 5 3 3 
2126 10 2136 259 F: 10 
2129 10 2149 286 F: 3 3 4 
2132 10 2172 131 F: 5 1 4 
2144 9 2171 211 F: 3 2 4 
2152 6 2158 98 F: 4 2 
2153 9 2189 92 F: 9 
2160 9 2169 29 F: 9 
2167 2 2175 266 F: 2 
2167 13 2206 66 F: 13 
2171 10 2211 450 F: 10 
2178 10 2188 403 F: 4 3 3 
2180 3 2189 86 F: 2 1 
2181 8 2205 360 F: 7 1 
2184 4 2200 191 F: 2 2 
2185 7 2199 423 F: 2 4 1 
2187 10 2217 397 F: 6 4 
2196 12 2244 334 F: 5 4 3 
2213 8 2237 412 F: 4 3 1 
2224 10 2234 7 F: 10 
2244 3 2256 139 F: 3 
2244 4 2256 116 F: 3 1 
2250 11 2283 138 F: 3 4 4 
2259 7 2266 375 F: 4 3 
2266 3 2275 286 F: 3 
2267 4 2275 440 F: 3 1 
2277 7 2298 69 F: 3 4 
2280 9 2307 434 F: 5 3 1 
D: 9 433 
D: 15 150 
D: 17 71 
D: 24 289 
D: 33 133 
D: 41 335 
D: 51 175 
D: 59 164 
D: 59 224 
D: 61 271 
D: 64 314 
D: 69 404 
D: 70 129 
D: 77 377 
D: 82 141 
D: 90 428 
D: 96 224 
D: 101 287 
D: 108 354 
D: 110 357 
D: 113 179 
D: 113 443 
D: 115 402 
D: 116 319 
D: 133 173 
D: 134 191 
D: 149 189 
D: 153 295 
D: 162 368 
D: 183 291 
D: 185 363 
D: 196 235 
D: 206 239 
D: 215 439 
D: 222 398 
D: 225 328 
D: 225 443 
D: 232 380 
D: 246 385 
D: 247 294 
D: 269 273 
D: 278 308 
D: 301 316 
D: 338 424 
D: 439 444 
