1 12 13 298 F: 7 5 
5 8 29 94 F: 5 3 
10 5 15 208 F: 4 1 
15 10 25 189 F: 3 4 3 
16 12 52 231 F: 12 
26 7 33 176 F: 3 2 2 
34 13 86 26 F: 7 6 
39 5 59 64 F: 5 
50 8 58 258 F: 2 2 4 
68 8 76 324 F: 5 3 
69 2 77 133 F: 2 
72 9 99 399 F: 4 4 1 
78 8 94 166 F: 5 1 2 
82 2 86 35 F: 2 
83 9 101 107 F: 5 3 1 
92 12 128 331 F: 12 
93 5 108 66 F: 5 
94 6 112 156 F: 4 2 
97 3 109 331 F: 3 
99 9 108 272 F: 3 3 3 
101 8 109 300 F: 2 4 2 
102 3 105 151 F: 3 
103 9 121 3 F: 9 
104 8 120 296 F: 5 2 1 
105 9 114 141 F: 3 4 2 
105 13 118 207 F: 5 4 4 
108 7 136 293 F: 2 2 3 
110 8 118 365 F: 5 1 2 
126 5 136 283 F: 4 1 
132 2 140 90 F: 2 
154 13 206 190 F: 5 4 4 
159 8 167 34 F: 4 4 
167 7 174 384 F: 2 2 3 
172 9 181 276 F: 5 3 1 
172 11 194 180 F: 11 
178 9 214 367 F: 9 
184 8 200 32 F: 4 1 3 
192 3 201 214 F: 3 
195 8 227 34 F: 5 2 1 
198 4 210 33 F: 4 
214 2 222 262 F: 2 
217 6 223 132 F: 2 4 
218 5 233 99 F: 5 
221 7 242 1 F: 7 
229 2 237 344 F: 2 
252 4 264 132 F: 4 
253 7 260 206 F: 3 4 
255 10 295 378 F: 10 
255 11 277 84 F: 3 4 4 
259 8 275 350 F: 5 3 
259 8 291 150 F: 4 3 1 
260 5 275 151 F: 2 3 
273 10 313 328 F: 4 3 3 
274 6 280 298 F: 3 1 2 
283 9 301 15 F: 4 3 2 
289 9 325 191 F: 5 3 1 
290 6 296 150 F: 5 1 
293 7 321 247 F: 7 
293 12 329 203 F: 12 
295 4 299 243 F: 4 
304 6 316 9 F: 6 
306 5 321 373 F: 5 
308 5 328 65 F: 2 2 1 
309 10 339 225 F: 10 
334 4 350 75 F: 4 
334 6 352 285 F: 4 1 1 
337 7 344 384 F: 7 
337 12 349 399 F: 12 
339 11 350 337 F: 4 4 3 
341 5 361 2 F: 2 3 
341 8 373 326 F: 8 
357 12 369 265 F: 6 6 
362 7 390 297 F: 5 1 1 
369 9 378 63 F: 9 
373 5 388 79 F: 3 2 
376 12 400 91 F: 12 
382 9 409 394 F: 3 2 4 
388 8 420 86 F: 3 5 
389 2 393 224 F: 2 
394 6 400 297 F: 6 
409 13 435 310 F: 13 
420 6 426 143 F: 3 3 
420 6 444 290 F: 6 
427 9 454 195 F: 9 
429 9 447 212 F: 2 4 3 
431 8 455 239 F: 4 2 2 
432 3 435 272 F: 3 
433 8 449 304 F: 8 
436 5 456 289 F: 4 1 
446 12 470 336 F: 12 
456 10 486 23 F: 10 
460 9 487 15 F: 2 3 4 
466 6 484 98 F: 6 
472 11 494 393 F: 11 
476 12 524 205 F: 12 
479 9 497 177 F: 5 2 2 
480 8 496 181 F: 8 
486 7 507 339 F: 7 
498 5 518 69 F: 2 2 1 
498 11 542 247 F: 6 5 
504 8 536 322 F: 3 5 
508 9 526 237 F: 3 6 
523 7 530 344 F: 2 5 
523 8 547 298 F: 5 2 1 
530 13 582 372 F: 7 6 
533 3 545 83 F: 3 
533 11 544 5 F: 5 2 4 
535 9 553 362 F: 4 2 3 
541 12 577 132 F: 5 4 3 
544 3 547 263 F: 3 
552 3 561 255 F: 3 
559 8 591 35 F: 4 4 
560 11 582 15 F: 11 
567 2 575 205 F: 2 
576 9 585 248 F: 5 1 3 
582 4 590 51 F: 4 
586 5 606 389 F: 5 
590 11 612 63 F: 5 2 4 
590 12 602 212 F: 5 4 3 
597 10 637 166 F: 3 4 3 
602 11 635 358 F: 11 
607 5 617 10 F: 5 
615 4 619 126 F: 4 
619 5 634 99 F: 5 
624 7 652 303 F: 7 
635 7 649 77 F: 7 
650 5 655 182 F: 2 3 
656 9 692 267 F: 3 3 3 
657 11 701 193 F: 11 
664 9 700 285 F: 4 5 
666 4 670 269 F: 2 2 
673 9 700 296 F: 5 2 2 
673 10 683 196 F: 10 
681 4 685 247 F: 2 1 1 
681 4 689 294 F: 4 
687 2 691 188 F: 2 
687 7 701 334 F: 4 1 2 
688 6 706 200 F: 5 1 
690 6 696 202 F: 6 
693 4 701 39 F: 4 
700 10 730 352 F: 10 
701 11 745 194 F: 4 4 3 
703 13 716 144 F: 7 6 
709 6 733 63 F: 2 3 1 
715 10 755 365 F: 3 4 3 
719 10 749 271 F: 4 6 
723 8 747 54 F: 2 3 3 
731 3 734 87 F: 2 1 
734 4 738 224 F: 4 
736 5 751 98 F: 5 
758 10 768 66 F: 10 
760 8 768 163 F: 7 1 
760 8 792 325 F: 5 3 
763 2 765 249 F: 2 
767 11 811 358 F: 3 4 4 
769 6 781 303 F: 2 4 
781 8 797 387 F: 3 5 
785 8 801 274 F: 4 2 2 
787 4 803 354 F: 2 2 
799 8 807 239 F: 6 2 
815 3 821 189 F: 2 1 
816 8 832 148 F: 8 
821 8 837 164 F: 2 6 
821 11 865 396 F: 11 
824 6 842 382 F: 6 
829 10 859 76 F: 5 5 
834 6 846 21 F: 3 1 2 
838 6 856 187 F: 6 
843 6 861 267 F: 6 
843 10 863 154 F: 3 4 3 
849 12 873 65 F: 12 
862 10 882 350 F: 7 3 
872 8 880 241 F: 2 3 3 
879 11 923 349 F: 11 
883 13 922 226 F: 13 
884 10 914 312 F: 5 5 
886 8 918 140 F: 8 
887 6 893 55 F: 6 
887 7 894 224 F: 5 2 
895 9 931 238 F: 9 
901 7 915 162 F: 7 
903 11 947 254 F: 7 4 
908 9 935 240 F: 9 
910 7 917 21 F: 4 3 
917 3 926 314 F: 3 
921 7 928 75 F: 6 1 
923 10 933 391 F: 6 4 
941 7 948 273 F: 7 
946 6 964 258 F: 2 2 2 
947 12 971 35 F: 6 6 
949 9 967 390 F: 7 2 
952 5 957 277 F: 2 1 2 
952 6 964 369 F: 6 
957 9 966 146 F: 3 6 
960 10 1000 178 F: 10 
964 3 970 55 F: 3 
985 7 992 147 F: 2 1 4 
986 9 1013 17 F: 5 2 2 
996 9 1023 389 F: 9 
997 9 1006 339 F: 9 
1006 13 1019 316 F: 13 
1012 8 1036 277 F: 8 
1016 8 1040 393 F: 4 1 3 
1016 10 1026 9 F: 4 2 4 
1018 8 1050 7 F: 7 1 
1022 12 1070 226 F: 4 4 4 
1023 5 1043 52 F: 5 
1024 8 1040 279 F: 5 1 2 
1025 10 1035 47 F: 10 
1031 6 1049 94 F: 6 
1037 8 1045 208 F: 8 
1037 12 1049 394 F: 12 
1045 7 1059 305 F: 2 1 4 
1061 11 1072 38 F: 3 4 4 
1062 12 1074 305 F: 12 
1068 4 1076 307 F: 4 
1072 10 1082 141 F: 5 3 2 
1074 10 1104 104 F: 6 4 
1079 9 1115 101 F: 5 4 
1088 12 1136 239 F: 12 
1101 13 1153 220 F: 5 4 4 
1105 8 1129 219 F: 3 3 2 
1106 8 1114 15 F: 3 2 3 
1108 11 1130 227 F: 11 
1113 9 1122 305 F: 3 6 
1121 5 1141 14 F: 2 1 2 
1127 10 1167 44 F: 5 1 4 
1129 7 1136 64 F: 2 5 
1134 7 1162 269 F: 7 
1135 9 1162 119 F: 7 2 
1137 10 1157 125 F: 10 
1141 8 1157 144 F: 8 
1151 9 1187 15 F: 5 1 3 
1160 12 1208 244 F: 12 
1165 7 1179 271 F: 3 1 3 
1165 10 1205 186 F: 4 4 2 
1187 12 1211 14 F: 12 
1191 6 1209 34 F: 4 1 1 
1193 9 1202 210 F: 9 
1199 9 1235 281 F: 3 6 
1200 13 1226 45 F: 13 
1208 7 1229 377 F: 5 2 
1215 5 1225 265 F: 2 2 1 
1223 12 1271 119 F: 5 4 3 
1223 13 1275 9 F: 13 
1233 6 1239 182 F: 3 3 
1234 10 1274 299 F: 4 4 2 
1235 4 1243 187 F: 4 
1238 2 1242 84 F: 2 
1241 10 1251 377 F: 5 5 
1245 12 1257 18 F: 7 5 
1249 9 1285 197 F: 5 3 1 
1258 4 1262 148 F: 3 1 
1259 8 1275 357 F: 4 4 
1259 10 1279 386 F: 5 3 2 
1261 10 1301 67 F: 10 
1266 11 1288 30 F: 11 
1281 2 1285 173 F: 2 
1287 7 1301 202 F: 6 1 
1296 5 1301 176 F: 3 2 
1305 11 1327 164 F: 11 
1310 12 1322 344 F: 12 
1318 6 1336 74 F: 2 1 3 
1329 8 1345 364 F: 4 2 2 
1334 4 1350 121 F: 3 1 
1335 10 1345 143 F: 4 4 2 
1339 12 1363 29 F: 12 
1341 6 1365 11 F: 6 
1349 3 1361 69 F: 2 1 
1363 9 1372 251 F: 9 
1370 11 1381 74 F: 6 5 
1371 11 1404 123 F: 11 
1373 5 1393 145 F: 2 2 1 
1374 2 1380 268 F: 2 
1379 6 1397 96 F: 2 3 1 
1380 9 1416 392 F: 4 2 3 
1382 8 1398 334 F: 3 5 
1383 6 1389 317 F: 3 2 1 
1384 9 1420 348 F: 6 3 
1396 7 1417 299 F: 2 3 2 
1400 9 1427 229 F: 4 3 2 
1406 4 1410 93 F: 3 1 
1406 9 1424 209 F: 5 3 1 
1406 10 1446 215 F: 10 
1416 10 1446 317 F: 5 5 
1433 9 1442 38 F: 5 4 
1436 12 1472 207 F: 6 6 
1438 12 1474 197 F: 4 4 4 
1439 7 1446 243 F: 2 3 2 
1440 9 1467 157 F: 2 3 4 
1444 11 1477 215 F: 4 3 4 
1449 13 1488 195 F: 13 
1451 2 1455 32 F: 2 
1458 13 1510 373 F: 13 
1459 2 1465 162 F: 2 
1468 6 1492 300 F: 6 
1482 6 1494 84 F: 3 2 1 
1483 10 1513 63 F: 10 
1494 12 1506 292 F: 7 5 
1498 12 1522 255 F: 12 
1509 11 1542 80 F: 5 2 4 
1512 10 1542 248 F: 4 4 2 
1519 9 1555 306 F: 2 3 4 
1525 6 1537 19 F: 6 
1527 9 1545 83 F: 2 4 3 
1532 10 1552 173 F: 10 
1533 7 1561 363 F: 2 1 4 
1536 7 1543 86 F: 7 
1536 8 1560 16 F: 4 4 
1537 7 1565 100 F: 3 2 2 
1548 10 1578 270 F: 3 3 4 
1554 4 1558 385 F: 4 
1558 11 1569 39 F: 7 4 
1558 12 1582 243 F: 12 
1562 13 1575 181 F: 13 
1569 6 1587 290 F: 3 3 
1572 9 1608 138 F: 2 3 4 
1589 4 1593 316 F: 4 
1590 12 1626 280 F: 12 
1595 8 1627 86 F: 4 4 
1601 2 1605 200 F: 2 
1602 10 1622 185 F: 10 
1606 5 1626 90 F: 5 
1606 8 1622 265 F: 2 6 
1611 11 1655 104 F: 11 
1615 10 1625 163 F: 4 4 2 
1624 13 1676 169 F: 13 
1634 5 1654 211 F: 3 2 
1635 11 1679 390 F: 7 4 
1639 8 1647 386 F: 5 3 
1658 10 1688 303 F: 5 1 4 
1664 10 1704 218 F: 10 
1664 11 1697 301 F: 5 6 
1672 10 1712 26 F: 10 
1678 10 1698 220 F: 6 4 
1680 13 1706 80 F: 13 
1685 13 1698 249 F: 13 
1686 5 1696 45 F: 5 
1691 6 1703 213 F: 2 4 
1692 2 1698 316 F: 2 
1700 6 1724 155 F: 5 1 
1700 11 1744 37 F: 7 4 
1708 4 1720 88 F: 4 
1710 7 1738 228 F: 5 2 
1711 6 1729 170 F: 6 
1726 3 1738 115 F: 3 
1726 9 1744 377 F: 2 3 4 
1727 4 1735 352 F: 2 2 
1731 13 1757 224 F: 7 6 
1737 8 1769 144 F: 7 1 
1740 12 1752 178 F: 12 
1749 8 1765 317 F: 3 1 4 
1755 11 1766 283 F: 5 4 2 
1761 10 1781 15 F: 2 4 4 
1762 9 1789 101 F: 5 3 1 
1765 8 1781 111 F: 3 3 2 
1771 8 1795 340 F: 4 2 2 
1775 12 1787 320 F: 5 3 4 
1782 9 1791 322 F: 5 1 3 
1798 8 1814 307 F: 4 1 3 
1803 8 1811 65 F: 4 4 
1806 6 1812 159 F: 4 2 
1809 10 1849 71 F: 5 3 2 
1816 9 1825 343 F: 3 2 4 
1819 6 1843 40 F: 3 1 2 
1832 12 1856 217 F: 12 
1834 9 1870 142 F: 6 3 
1853 9 1880 135 F: 6 3 
1860 11 1871 230 F: 11 
1862 10 1872 309 F: 2 4 4 
1869 6 1875 261 F: 2 4 
1869 6 1881 387 F: 2 4 
1871 6 1883 36 F: 3 3 
1873 7 1894 261 F: 4 3 
1875 9 1902 137 F: 6 3 
1876 6 1894 218 F: 2 4 
1881 2 1889 397 F: 2 
1882 9 1909 306 F: 5 4 
1883 8 1899 362 F: 8 
1893 7 1914 55 F: 7 
1904 6 1922 368 F: 6 
1916 9 1934 96 F: 3 2 4 
1920 9 1929 344 F: 4 1 4 
1931 11 1975 354 F: 11 
1932 10 1972 26 F: 5 3 2 
1936 7 1964 299 F: 2 5 
1941 8 1965 284 F: 3 5 
1950 9 1959 397 F: 4 3 2 
1951 10 1991 43 F: 5 5 
1953 8 1969 204 F: 6 2 
1960 8 1968 360 F: 4 4 
1961 8 1969 352 F: 6 2 
1967 3 1976 320 F: 3 
1967 13 2006 312 F: 7 6 
1971 7 1992 334 F: 6 1 
1982 10 2012 25 F: 4 4 2 
1985 9 2012 228 F: 2 4 3 
1987 9 1996 55 F: 3 6 
1992 10 2012 41 F: 10 
1997 10 2017 387 F: 5 3 2 
D: 2 74 
D: 15 96 
D: 26 39 
D: 26 312 
D: 29 226 
D: 35 231 
D: 39 161 
D: 51 218 
D: 55 280 
D: 59 110 
D: 59 190 
D: 62 316 
D: 70 321 
D: 81 90 
D: 82 158 
D: 115 226 
D: 115 235 
D: 120 152 
D: 122 315 
D: 127 282 
D: 140 187 
D: 161 207 
D: 161 303 
D: 177 265 
D: 192 367 
D: 194 290 
D: 202 294 
D: 209 320 
D: 210 372 
D: 218 264 
D: 224 333 
D: 225 340 
D: 230 333 
D: 242 265 
D: 276 286 
D: 277 295 
D: 282 332 
D: 310 380 
D: 335 366 
D: 344 370 
