5 8 37 145 F: 8 
10 11 43 72 F: 11 
10 12 22 106 F: 12 
19 8 51 132 F: 4 4 
26 6 32 301 F: 2 4 
29 9 56 253 F: 9 
36 7 43 137 F: 2 2 3 
41 10 71 213 F: 2 4 4 
48 11 59 264 F: 5 6 
65 9 83 4 F: 6 3 
68 9 86 276 F: 5 1 3 
70 8 78 57 F: 8 
73 8 81 317 F: 2 3 3 
84 8 116 223 F: 2 2 4 
86 4 102 345 F: 3 1 
89 9 116 59 F: 4 4 1 
89 9 125 269 F: 7 2 
92 11 114 327 F: 11 
94 9 103 55 F: 4 4 1 
95 9 122 373 F: 5 3 1 
106 8 122 352 F: 6 2 
108 7 129 112 F: 7 
114 3 126 58 F: 3 
114 11 136 299 F: 6 5 
115 5 125 395 F: 5 
121 11 154 11 F: 11 
133 2 137 399 F: 2 
137 2 141 280 F: 2 
137 5 157 171 F: 2 1 2 
144 8 160 296 F: 8 
144 12 168 443 F: 12 
145 4 153 137 F: 2 1 1 
145 10 155 289 F: 4 6 
159 12 195 335 F: 7 5 
160 9 187 74 F: 9 
164 9 182 35 F: 3 2 4 
178 8 194 72 F: 4 4 
179 10 219 153 F: 5 3 2 
180 7 194 433 F: 7 
187 8 195 128 F: 4 4 
208 8 224 281 F: 8 
211 12 259 210 F: 12 
217 11 261 248 F: 11 
218 7 239 195 F: 3 1 3 
220 8 236 259 F: 3 5 
247 10 277 209 F: 10 
250 12 274 385 F: 6 6 
253 12 301 236 F: 6 6 
258 8 266 207 F: 3 2 3 
261 13 300 65 F: 13 
266 4 282 111 F: 3 1 
267 6 285 92 F: 6 
277 6 301 185 F: 2 1 3 
284 9 311 22 F: 9 
285 11 307 21 F: 11 
290 5 300 112 F: 3 2 
291 6 315 43 F: 2 4 
292 10 322 151 F: 5 5 
294 7 301 89 F: 7 
297 2 303 387 F: 2 
301 5 316 102 F: 5 
301 9 319 330 F: 3 6 
302 7 309 191 F: 3 4 
304 12 340 6 F: 12 
310 6 316 261 F: 6 
311 8 319 101 F: 5 3 
318 6 330 150 F: 3 1 2 
325 9 343 154 F: 2 3 4 
327 7 341 241 F: 2 5 
332 10 352 262 F: 6 4 
340 9 367 60 F: 5 4 
354 9 390 79 F: 6 3 
356 9 392 50 F: 6 3 
358 7 372 38 F: 6 1 
376 6 394 194 F: 6 
378 9 405 127 F: 4 5 
378 9 414 245 F: 4 2 3 
379 7 407 256 F: 3 4 
392 5 397 408 F: 4 1 
396 3 399 279 F: 2 1 
400 2 408 207 F: 2 
402 11 435 260 F: 11 
408 7 415 36 F: 3 1 3 
416 2 418 242 F: 2 
416 10 426 108 F: 4 6 
420 4 428 120 F: 3 1 
423 8 447 364 F: 8 
427 12 451 232 F: 12 
441 6 453 355 F: 3 3 
443 8 451 28 F: 5 2 1 
444 10 484 317 F: 3 4 3 
446 10 456 282 F: 10 
479 8 511 257 F: 4 4 
480 8 512 145 F: 8 
483 6 501 375 F: 2 2 2 
485 8 493 369 F: 4 4 
487 7 494 389 F: 7 
488 9 515 426 F: 9 
489 8 513 285 F: 6 2 
497 7 525 417 F: 2 3 2 
504 12 540 116 F: 5 3 4 
505 10 515 340 F: 7 3 
512 3 515 419 F: 3 
518 6 530 142 F: 6 
528 7 556 156 F: 7 
529 10 539 108 F: 4 6 
534 12 546 15 F: 5 4 3 
538 2 542 417 F: 2 
539 9 566 68 F: 5 1 3 
546 13 572 101 F: 13 
558 7 565 418 F: 7 
558 9 594 163 F: 5 4 
564 13 603 179 F: 7 6 
566 11 577 148 F: 5 6 
568 8 592 154 F: 2 4 2 
570 10 590 108 F: 4 2 4 
573 8 581 39 F: 2 4 2 
587 8 603 362 F: 4 2 2 
589 5 604 245 F: 3 2 
596 10 626 353 F: 5 5 
601 5 621 93 F: 2 2 1 
606 5 616 120 F: 3 1 1 
610 7 631 298 F: 2 5 
610 8 642 385 F: 3 4 1 
614 7 621 312 F: 3 2 2 
621 11 643 346 F: 6 5 
622 8 630 85 F: 4 4 
623 7 630 354 F: 5 2 
627 8 651 321 F: 3 3 2 
631 8 647 159 F: 4 3 1 
644 10 664 278 F: 3 4 3 
651 9 678 184 F: 3 2 4 
660 9 678 291 F: 9 
661 6 667 17 F: 4 1 1 
664 13 716 201 F: 13 
671 7 678 202 F: 2 4 1 
673 10 683 189 F: 6 4 
674 4 686 393 F: 3 1 
693 10 733 1 F: 4 6 
696 4 704 59 F: 4 
707 7 728 335 F: 2 4 1 
707 11 751 246 F: 7 4 
722 8 746 325 F: 3 5 
730 10 760 70 F: 4 6 
740 8 756 20 F: 8 
745 5 765 442 F: 5 
747 8 763 286 F: 8 
752 6 764 179 F: 4 2 
753 9 762 318 F: 2 3 4 
754 8 770 292 F: 2 2 4 
755 9 773 55 F: 3 6 
755 10 775 43 F: 4 2 4 
758 7 765 338 F: 6 1 
760 10 800 224 F: 4 6 
764 3 773 1 F: 3 
776 7 790 136 F: 5 2 
776 7 804 443 F: 2 2 3 
777 6 801 112 F: 2 3 1 
782 6 788 62 F: 4 1 1 
792 5 812 287 F: 3 2 
807 8 839 143 F: 4 4 
816 6 840 152 F: 2 2 2 
823 9 832 439 F: 4 3 2 
826 13 852 234 F: 7 6 
827 2 833 73 F: 2 
829 8 845 168 F: 4 3 1 
829 8 845 370 F: 6 2 
829 8 861 49 F: 5 2 1 
832 8 864 78 F: 2 2 4 
837 3 846 153 F: 2 1 
838 3 844 340 F: 3 
839 13 878 317 F: 7 6 
849 8 865 132 F: 6 2 
850 4 858 153 F: 4 
857 9 884 347 F: 5 4 
860 10 900 130 F: 10 
865 8 873 320 F: 5 2 1 
883 12 907 149 F: 12 
886 9 913 162 F: 9 
898 9 934 248 F: 7 2 
900 10 940 373 F: 10 
909 5 924 291 F: 2 3 
913 8 945 241 F: 3 1 4 
919 3 931 340 F: 3 
919 7 940 281 F: 7 
932 7 946 139 F: 3 4 
943 10 983 237 F: 7 3 
948 13 1000 429 F: 13 
953 6 965 129 F: 4 2 
958 12 994 287 F: 6 6 
964 4 980 226 F: 3 1 
980 4 996 339 F: 2 1 1 
980 10 1020 12 F: 10 
983 9 1001 56 F: 9 
984 8 1016 194 F: 4 4 
984 10 1004 331 F: 6 4 
985 7 1006 291 F: 7 
985 9 1003 10 F: 3 3 3 
992 10 1002 307 F: 6 4 
995 7 1002 39 F: 3 4 
1004 11 1026 11 F: 5 6 
1013 7 1027 311 F: 3 4 
1025 8 1057 335 F: 2 6 
1027 8 1035 404 F: 4 1 3 
1029 6 1047 188 F: 6 
1032 9 1059 116 F: 9 
1033 12 1045 92 F: 12 
1038 10 1068 326 F: 5 5 
1039 6 1051 288 F: 5 1 
1040 7 1054 297 F: 6 1 
1052 9 1088 270 F: 6 3 
1055 13 1107 292 F: 7 6 
1058 7 1086 314 F: 6 1 
1060 5 1080 430 F: 2 3 
1074 7 1081 358 F: 5 2 
1093 9 1120 244 F: 5 2 2 
1095 6 1101 424 F: 2 4 
1099 3 1105 283 F: 3 
1099 8 1115 354 F: 3 2 3 
1099 12 1135 100 F: 12 
1100 7 1128 202 F: 4 1 2 
1102 4 1114 137 F: 3 1 
1119 11 1163 367 F: 4 3 4 
1123 9 1159 411 F: 7 2 
1124 9 1151 107 F: 9 
1125 9 1134 361 F: 5 3 1 
1129 7 1157 34 F: 2 5 
1140 11 1173 396 F: 4 3 4 
1142 7 1156 298 F: 4 3 
1157 6 1181 358 F: 4 1 1 
1160 4 1168 6 F: 4 
1160 10 1170 143 F: 7 3 
1160 11 1193 287 F: 4 3 4 
1162 11 1184 207 F: 3 4 4 
1165 4 1169 136 F: 4 
1171 9 1180 393 F: 9 
1175 5 1185 395 F: 5 
1184 10 1204 26 F: 7 3 
1189 10 1209 110 F: 7 3 
1197 8 1221 58 F: 7 1 
1200 10 1210 335 F: 4 6 
1202 8 1234 63 F: 5 3 
1209 11 1253 91 F: 4 4 3 
1215 12 1263 362 F: 12 
1219 8 1235 309 F: 4 2 2 
1220 5 1230 335 F: 5 
1236 8 1252 49 F: 4 3 1 
1255 7 1283 147 F: 7 
1256 8 1272 62 F: 4 1 3 
1261 3 1270 3 F: 2 1 
1269 5 1279 72 F: 5 
1275 6 1287 171 F: 6 
1280 5 1300 398 F: 2 2 1 
1283 6 1301 190 F: 4 2 
1285 12 1333 377 F: 12 
1293 10 1303 43 F: 5 2 3 
1293 12 1329 94 F: 7 5 
1294 4 1302 436 F: 4 
1297 8 1329 208 F: 3 5 
1298 10 1338 168 F: 5 1 4 
1300 4 1312 219 F: 2 2 
1302 11 1324 72 F: 5 6 
1306 6 1312 35 F: 4 2 
1313 13 1365 97 F: 5 4 4 
1316 12 1364 242 F: 5 3 4 
1317 6 1329 41 F: 6 
1317 7 1331 256 F: 7 
1319 10 1349 129 F: 2 4 4 
1334 5 1349 438 F: 5 
1347 7 1361 128 F: 2 5 
1348 9 1384 342 F: 4 2 3 
1361 10 1381 306 F: 3 4 3 
1372 9 1381 438 F: 5 2 2 
1373 11 1417 291 F: 7 4 
1375 2 1379 55 F: 2 
1377 13 1403 30 F: 7 6 
1383 5 1398 90 F: 5 
1385 13 1424 346 F: 7 6 
1396 4 1412 9 F: 4 
1398 8 1414 253 F: 5 2 1 
1408 9 1417 265 F: 9 
1416 10 1436 152 F: 10 
1419 4 1435 181 F: 3 1 
1422 5 1432 367 F: 5 
1427 11 1471 295 F: 7 4 
1429 7 1443 173 F: 7 
1437 7 1444 372 F: 2 2 3 
1439 8 1471 99 F: 4 3 1 
1442 11 1475 138 F: 3 4 4 
1448 8 1464 212 F: 3 5 
1449 5 1454 125 F: 2 1 2 
1459 12 1483 26 F: 6 6 
1460 5 1480 52 F: 3 2 
1468 7 1482 448 F: 3 4 
1481 10 1511 95 F: 4 2 4 
1484 9 1511 13 F: 4 2 3 
1488 2 1494 107 F: 2 
1488 4 1496 170 F: 2 2 
1491 2 1497 66 F: 2 
1494 8 1518 305 F: 8 
1501 5 1506 404 F: 2 3 
1505 9 1523 10 F: 3 6 
1509 6 1533 103 F: 4 2 
1520 13 1572 337 F: 13 
1522 10 1562 447 F: 4 3 3 
1526 7 1540 142 F: 2 1 4 
1528 9 1564 251 F: 5 4 
1566 10 1586 258 F: 7 3 
1568 4 1580 72 F: 3 1 
1571 12 1619 150 F: 12 
1575 8 1607 409 F: 4 3 1 
1578 8 1602 100 F: 4 4 
1578 9 1596 220 F: 4 5 
1579 5 1599 230 F: 5 
1580 7 1587 123 F: 7 
1582 6 1588 340 F: 2 4 
1589 13 1615 433 F: 13 
1591 10 1621 152 F: 2 4 4 
1592 8 1616 189 F: 3 4 1 
1594 4 1598 233 F: 4 
1601 7 1629 382 F: 2 4 1 
1604 2 1608 66 F: 2 
1609 6 1615 31 F: 4 1 1 
1617 9 1644 85 F: 2 4 3 
1618 8 1634 300 F: 4 1 3 
1620 10 1660 57 F: 7 3 
1621 13 1647 406 F: 13 
1625 11 1658 346 F: 11 
1629 4 1645 390 F: 4 
1641 3 1644 339 F: 3 
1652 6 1664 170 F: 3 3 
1655 5 1665 337 F: 3 2 
1655 10 1665 344 F: 4 6 
1666 7 1673 33 F: 7 
1671 3 1683 31 F: 2 1 
1671 4 1679 419 F: 4 
1672 7 1679 254 F: 4 1 2 
1688 10 1698 144 F: 5 3 2 
1691 11 1735 376 F: 5 6 
1698 9 1716 153 F: 9 
1701 5 1706 270 F: 2 3 
1703 9 1712 319 F: 3 6 
1705 10 1735 416 F: 5 4 1 
1706 8 1730 263 F: 8 
1710 11 1743 204 F: 3 4 4 
1716 8 1748 195 F: 5 3 
1716 9 1743 342 F: 5 4 
1721 9 1739 101 F: 5 3 1 
1729 8 1761 410 F: 2 4 2 
1730 4 1742 76 F: 4 
1735 3 1744 206 F: 3 
1744 9 1780 283 F: 9 
1760 9 1787 56 F: 3 2 4 
1761 8 1793 239 F: 2 4 2 
1778 7 1806 60 F: 4 3 
1779 7 1807 193 F: 7 
1785 7 1799 249 F: 3 1 3 
1789 9 1807 84 F: 5 4 
1792 10 1812 409 F: 5 2 3 
1794 6 1800 24 F: 2 2 2 
1807 9 1843 205 F: 5 4 
1808 10 1818 15 F: 10 
1809 8 1825 448 F: 2 2 4 
1814 11 1836 395 F: 11 
1817 10 1857 32 F: 10 
1822 6 1840 126 F: 4 2 
1829 12 1841 239 F: 5 4 3 
1837 9 1855 235 F: 6 3 
1844 2 1850 421 F: 2 
1846 10 1866 280 F: 4 4 2 
1852 10 1862 338 F: 4 2 4 
1854 11 1876 55 F: 5 4 2 
1856 8 1872 284 F: 4 1 3 
1863 6 1875 380 F: 4 2 
1863 10 1873 275 F: 7 3 
1878 7 1906 198 F: 7 
1879 10 1909 445 F: 3 3 4 
1882 5 1902 333 F: 4 1 
1882 9 1900 27 F: 3 3 3 
1897 10 1927 95 F: 5 3 2 
1907 5 1922 343 F: 5 
1911 10 1921 224 F: 5 5 
1920 12 1932 110 F: 12 
1926 7 1947 399 F: 3 3 1 
1934 3 1943 219 F: 3 
1941 6 1959 229 F: 6 
1941 8 1957 317 F: 3 4 1 
1942 9 1951 230 F: 5 3 1 
1946 13 1959 448 F: 13 
1947 3 1953 144 F: 3 
1948 13 2000 142 F: 13 
1949 9 1985 273 F: 9 
1951 9 1960 197 F: 2 4 3 
1951 11 1984 91 F: 5 6 
1964 9 1982 294 F: 3 3 3 
1966 7 1994 368 F: 2 1 4 
1968 7 1975 338 F: 4 3 
1968 13 1981 181 F: 13 
1979 9 1997 336 F: 7 2 
1981 10 1991 45 F: 10 
2006 8 2022 307 F: 4 4 
2010 13 2049 301 F: 7 6 
2021 12 2033 169 F: 6 6 
2022 9 2031 168 F: 3 6 
2023 7 2037 317 F: 4 1 2 
2024 8 2048 179 F: 4 4 
2025 9 2052 89 F: 2 4 3 
2029 11 2062 7 F: 3 4 4 
2031 10 2041 326 F: 4 6 
2033 6 2039 106 F: 6 
2033 13 2072 330 F: 13 
2043 10 2083 274 F: 5 5 
2046 8 2078 374 F: 3 4 1 
2047 9 2083 23 F: 9 
2062 7 2076 420 F: 3 3 1 
2076 8 2108 258 F: 8 
2083 8 2107 382 F: 2 6 
2084 13 2097 310 F: 5 4 4 
2093 11 2115 324 F: 3 4 4 
2096 12 2108 54 F: 6 6 
2101 8 2133 393 F: 7 1 
2107 3 2119 327 F: 2 1 
2119 8 2143 16 F: 6 2 
2124 10 2134 236 F: 5 5 
2131 10 2141 357 F: 10 
2149 9 2167 304 F: 5 2 2 
2155 7 2169 183 F: 2 2 3 
2157 6 2181 408 F: 3 3 
2160 6 2184 387 F: 2 2 2 
2165 8 2173 343 F: 3 4 1 
2165 10 2185 176 F: 5 4 1 
2166 9 2175 255 F: 3 6 
2168 10 2198 201 F: 4 6 
2170 13 2222 92 F: 5 4 4 
2172 3 2181 152 F: 3 
2172 6 2196 137 F: 3 1 2 
2175 4 2191 405 F: 4 
2184 8 2200 450 F: 8 
2187 9 2214 166 F: 3 4 2 
2193 7 2207 189 F: 3 4 
2201 11 2212 255 F: 5 4 2 
2227 6 2233 254 F: 3 1 2 
2228 6 2240 443 F: 3 2 1 
2229 11 2273 110 F: 5 6 
2242 10 2282 399 F: 7 3 
2247 5 2257 23 F: 5 
2260 9 2296 322 F: 3 6 
2285 6 2297 257 F: 4 2 
2288 10 2318 431 F: 5 5 
2298 8 2314 445 F: 3 1 4 
D: 1 66 
D: 1 429 
D: 2 368 
D: 5 446 
D: 13 297 
D: 13 422 
D: 16 405 
D: 18 376 
D: 35 213 
D: 38 152 
D: 38 225 
D: 67 302 
D: 69 292 
D: 75 194 
D: 78 260 
D: 80 427 
D: 98 117 
D: 105 350 
D: 106 275 
D: 111 360 
D: 117 202 
D: 119 283 
D: 123 170 
D: 144 381 
D: 174 265 
D: 176 241 
D: 186 420 
D: 211 230 
D: 212 369 
D: 214 421 
D: 222 425 
D: 228 241 
D: 237 337 
D: 239 257 
D: 273 399 
D: 274 356 
D: 275 297 
D: 295 446 
D: 298 324 
D: 301 420 
D: 302 334 
D: 337 340 
D: 351 431 
D: 415 447 
D: 432 440 
