2 9 29 305 F: 3 6 
12 6 24 218 F: 2 4 
13 9 31 237 F: 4 2 3 
20 2 28 378 F: 2 
20 11 31 222 F: 4 4 3 
27 9 45 355 F: 6 3 
40 7 68 119 F: 3 4 
43 7 71 79 F: 2 1 4 
56 6 74 274 F: 2 3 1 
59 7 80 159 F: 4 1 2 
59 12 95 312 F: 12 
61 7 89 272 F: 5 2 
66 4 70 337 F: 4 
73 7 87 321 F: 2 2 3 
74 10 104 343 F: 4 6 
75 4 83 359 F: 2 1 1 
84 7 105 390 F: 7 
90 5 100 30 F: 5 
95 10 115 104 F: 7 3 
98 11 142 224 F: 11 
102 5 117 205 F: 5 
105 4 113 135 F: 2 2 
111 8 119 265 F: 4 3 1 
111 9 138 190 F: 3 3 3 
134 10 154 293 F: 10 
136 7 164 317 F: 6 1 
138 8 162 209 F: 8 
140 11 173 147 F: 7 4 
142 7 170 172 F: 4 1 2 
150 6 174 291 F: 2 3 1 
150 8 182 39 F: 3 4 1 
154 4 166 258 F: 4 
157 7 178 3 F: 6 1 
159 12 195 267 F: 12 
175 8 183 171 F: 6 2 
179 6 185 238 F: 6 
188 6 194 183 F: 3 3 
190 2 194 282 F: 2 
191 11 213 73 F: 5 2 4 
192 11 214 364 F: 11 
213 3 216 317 F: 3 
213 12 225 360 F: 12 
218 11 251 294 F: 5 6 
223 9 250 189 F: 7 2 
241 8 273 2 F: 4 4 
243 2 245 286 F: 2 
248 9 266 347 F: 6 3 
251 10 271 97 F: 10 
252 10 272 376 F: 3 4 3 
253 8 261 14 F: 7 1 
254 2 260 340 F: 2 
256 8 264 61 F: 3 5 
259 3 268 145 F: 3 
259 5 279 398 F: 5 
264 13 316 243 F: 13 
267 3 279 377 F: 3 
275 8 291 334 F: 8 
286 8 294 190 F: 6 2 
293 11 337 376 F: 7 4 
294 10 304 223 F: 10 
301 8 325 309 F: 2 6 
314 12 338 65 F: 12 
318 4 322 267 F: 4 
323 7 344 368 F: 2 4 1 
325 9 352 128 F: 4 4 1 
327 8 351 173 F: 4 1 3 
328 7 356 223 F: 2 5 
334 6 346 60 F: 2 3 1 
336 11 380 167 F: 4 3 4 
339 6 345 115 F: 6 
348 12 372 282 F: 12 
353 10 383 315 F: 3 3 4 
354 10 384 224 F: 5 5 
358 11 369 328 F: 5 3 3 
361 8 377 260 F: 7 1 
367 9 376 57 F: 6 3 
369 8 385 215 F: 4 4 
384 6 408 95 F: 3 3 
390 8 406 155 F: 2 4 2 
396 7 403 3 F: 7 
400 6 418 196 F: 2 3 1 
400 9 418 180 F: 9 
410 7 424 126 F: 3 2 2 
411 4 419 120 F: 4 
411 8 443 151 F: 8 
414 3 420 261 F: 3 
420 5 430 205 F: 4 1 
420 9 447 88 F: 3 4 2 
429 4 433 218 F: 4 
429 11 462 127 F: 11 
445 9 463 52 F: 9 
450 8 466 85 F: 2 6 
455 11 477 288 F: 11 
460 8 484 63 F: 8 
464 2 468 243 F: 2 
468 9 504 105 F: 3 6 
474 7 495 319 F: 2 3 2 
476 8 484 248 F: 2 2 4 
476 8 484 328 F: 2 2 4 
498 2 504 267 F: 2 
510 7 517 308 F: 2 1 4 
524 5 534 211 F: 4 1 
525 2 529 290 F: 2 
525 7 546 395 F: 3 4 
526 6 532 229 F: 4 2 
532 8 540 52 F: 3 5 
533 5 543 271 F: 5 
546 6 552 186 F: 3 2 1 
559 9 595 351 F: 5 1 3 
563 6 587 379 F: 6 
564 6 576 12 F: 6 
564 9 600 32 F: 7 2 
569 7 583 28 F: 4 1 2 
572 6 584 347 F: 2 1 3 
574 7 602 86 F: 7 
578 7 599 390 F: 4 2 1 
584 4 592 134 F: 3 1 
587 13 639 289 F: 7 6 
596 10 606 49 F: 6 4 
599 11 643 54 F: 5 6 
601 8 625 153 F: 8 
603 10 633 238 F: 6 4 
604 8 636 249 F: 8 
608 6 626 399 F: 4 2 
608 9 644 67 F: 7 2 
618 8 650 251 F: 2 3 3 
623 5 633 91 F: 2 1 2 
624 7 638 114 F: 4 3 
628 6 640 311 F: 3 1 2 
647 9 683 303 F: 3 4 2 
651 8 683 351 F: 2 4 2 
654 6 678 8 F: 4 1 1 
657 9 675 386 F: 9 
659 5 669 277 F: 3 1 1 
662 8 694 41 F: 8 
663 7 670 293 F: 7 
684 10 704 168 F: 4 6 
685 8 709 39 F: 3 3 2 
689 8 713 276 F: 8 
693 7 707 26 F: 6 1 
700 7 714 362 F: 4 2 1 
700 7 721 352 F: 4 3 
718 9 754 393 F: 9 
719 11 763 260 F: 11 
725 8 733 163 F: 4 3 1 
726 7 740 104 F: 5 2 
732 9 741 35 F: 2 4 3 
738 8 762 322 F: 4 1 3 
744 8 776 368 F: 4 1 3 
744 13 796 369 F: 13 
747 11 758 194 F: 5 6 
751 8 759 177 F: 4 4 
752 11 785 382 F: 5 4 2 
754 7 768 338 F: 7 
758 3 770 164 F: 3 
772 11 794 204 F: 5 3 3 
773 5 788 362 F: 5 
780 9 789 220 F: 4 5 
785 4 789 127 F: 3 1 
792 5 802 374 F: 4 1 
801 10 821 125 F: 4 4 2 
815 5 835 126 F: 5 
818 6 836 212 F: 6 
818 10 828 199 F: 4 4 2 
821 11 854 197 F: 5 3 3 
822 4 826 171 F: 3 1 
825 8 857 27 F: 6 2 
834 9 861 134 F: 3 6 
845 8 877 365 F: 8 
847 5 857 244 F: 2 3 
859 10 869 282 F: 5 5 
863 7 891 389 F: 2 1 4 
872 9 881 75 F: 2 4 3 
877 13 916 27 F: 5 4 4 
878 8 886 191 F: 8 
879 7 907 111 F: 4 3 
883 9 901 266 F: 9 
896 7 910 237 F: 4 1 2 
896 9 923 364 F: 3 4 2 
899 3 908 3 F: 3 
908 5 918 158 F: 2 3 
912 7 926 98 F: 4 1 2 
920 6 944 308 F: 5 1 
921 8 945 155 F: 8 
924 6 948 45 F: 2 3 1 
927 9 963 221 F: 2 3 4 
928 11 950 29 F: 11 
936 10 956 172 F: 7 3 
955 5 965 190 F: 3 2 
959 4 963 398 F: 3 1 
959 11 981 260 F: 3 4 4 
962 7 976 165 F: 7 
962 8 970 383 F: 2 4 2 
969 8 977 78 F: 8 
971 9 989 35 F: 5 1 3 
981 13 1020 379 F: 13 
982 9 1000 346 F: 4 5 
985 4 993 331 F: 2 2 
987 10 1007 21 F: 6 4 
991 9 1009 368 F: 4 3 2 
1008 8 1032 64 F: 4 2 2 
1016 9 1052 371 F: 9 
1026 7 1054 7 F: 3 4 
1034 10 1044 261 F: 4 3 3 
1038 8 1046 295 F: 7 1 
1048 8 1080 155 F: 5 1 2 
1051 4 1063 371 F: 4 
1057 7 1071 79 F: 6 1 
1065 9 1074 268 F: 7 2 
1071 3 1074 123 F: 3 
1079 3 1085 224 F: 3 
1085 9 1094 399 F: 5 3 1 
1085 10 1125 284 F: 6 4 
1088 11 1110 57 F: 11 
1090 2 1092 366 F: 2 
1090 6 1114 280 F: 4 2 
1092 5 1097 289 F: 5 
1092 7 1106 271 F: 3 1 3 
1093 12 1129 141 F: 5 3 4 
1099 12 1135 197 F: 6 6 
1100 8 1108 304 F: 5 3 
1100 11 1111 303 F: 5 6 
1103 6 1127 77 F: 4 2 
1106 5 1126 343 F: 5 
1108 8 1132 131 F: 8 
1109 6 1127 330 F: 4 2 
1112 10 1142 236 F: 10 
1114 6 1132 259 F: 3 3 
1121 4 1125 342 F: 4 
1126 8 1134 226 F: 4 4 
1133 2 1139 100 F: 2 
1144 8 1168 222 F: 8 
1148 11 1181 117 F: 5 2 4 
1152 5 1167 200 F: 5 
1154 6 1160 373 F: 5 1 
1160 9 1178 350 F: 7 2 
1173 8 1197 134 F: 8 
1178 10 1198 251 F: 10 
1184 13 1197 15 F: 13 
1197 8 1213 175 F: 8 
1205 4 1217 245 F: 2 2 
1209 4 1221 234 F: 4 
1209 12 1221 2 F: 12 
1212 9 1239 321 F: 4 5 
1220 3 1232 3 F: 3 
1223 8 1239 158 F: 2 6 
1225 9 1243 366 F: 6 3 
1225 10 1255 146 F: 10 
1230 8 1238 24 F: 5 2 1 
1239 4 1251 362 F: 4 
1240 6 1246 306 F: 6 
1240 9 1276 106 F: 9 
1276 6 1294 110 F: 2 4 
1276 8 1300 178 F: 7 1 
1276 9 1294 389 F: 4 2 3 
1282 11 1293 4 F: 11 
1289 11 1300 391 F: 5 2 4 
1295 6 1307 358 F: 2 4 
1295 7 1323 102 F: 4 1 2 
1299 7 1327 43 F: 2 3 2 
1301 7 1329 8 F: 2 3 2 
1302 3 1308 175 F: 3 
1304 7 1332 311 F: 5 1 1 
1305 10 1325 51 F: 5 3 2 
1311 8 1319 395 F: 2 4 2 
1312 10 1352 380 F: 4 6 
1314 3 1323 398 F: 2 1 
1320 9 1356 398 F: 3 6 
1336 3 1342 267 F: 3 
1344 5 1349 31 F: 4 1 
1346 9 1364 390 F: 4 5 
1355 6 1367 106 F: 6 
1361 9 1397 167 F: 9 
1365 2 1373 357 F: 2 
1372 2 1378 129 F: 2 
1382 7 1396 26 F: 7 
1385 6 1391 35 F: 4 2 
1390 8 1398 358 F: 3 5 
1395 10 1415 89 F: 4 2 4 
1398 10 1408 18 F: 10 
1407 10 1427 153 F: 4 2 4 
1409 8 1417 389 F: 8 
1414 5 1419 48 F: 5 
1417 6 1435 156 F: 5 1 
1417 6 1435 359 F: 3 3 
1427 5 1442 87 F: 5 
1432 11 1465 310 F: 6 5 
1435 12 1447 34 F: 5 4 3 
1440 11 1484 281 F: 11 
1441 7 1462 230 F: 3 1 3 
1443 6 1467 104 F: 6 
1443 10 1453 399 F: 5 5 
1447 3 1459 381 F: 3 
1451 4 1459 233 F: 3 1 
1454 6 1466 20 F: 2 2 2 
1459 7 1480 147 F: 7 
1471 11 1504 267 F: 11 
1480 11 1524 273 F: 11 
1497 5 1517 36 F: 4 1 
1497 7 1511 354 F: 5 1 1 
1505 10 1515 240 F: 2 4 4 
1509 5 1524 270 F: 5 
1522 8 1530 172 F: 4 4 
1525 8 1541 305 F: 8 
1526 5 1536 387 F: 5 
1528 10 1538 348 F: 2 4 4 
1535 9 1553 189 F: 6 3 
1537 9 1546 284 F: 9 
1538 8 1570 248 F: 8 
1544 9 1562 379 F: 3 3 3 
1545 4 1557 279 F: 2 2 
1556 11 1589 287 F: 11 
1559 10 1579 78 F: 3 3 4 
1559 13 1598 313 F: 13 
1563 7 1584 21 F: 2 5 
1567 6 1591 87 F: 2 2 2 
1576 12 1588 362 F: 4 4 4 
1578 8 1586 379 F: 2 2 4 
1584 8 1600 7 F: 8 
1587 10 1607 229 F: 3 4 3 
1602 4 1614 157 F: 3 1 
1604 7 1618 282 F: 5 1 1 
1604 9 1631 322 F: 5 3 1 
1608 11 1652 363 F: 11 
1610 10 1620 179 F: 4 6 
1620 11 1664 53 F: 5 6 
1624 8 1648 1 F: 4 1 3 
1624 8 1648 377 F: 7 1 
1631 7 1638 167 F: 3 4 
1634 10 1664 396 F: 5 3 2 
1636 3 1639 109 F: 3 
1637 10 1677 153 F: 5 4 1 
1640 8 1672 329 F: 3 1 4 
1657 4 1661 194 F: 4 
1688 8 1704 71 F: 5 2 1 
1690 8 1698 332 F: 6 2 
1691 3 1700 311 F: 3 
1692 8 1708 263 F: 8 
1693 8 1725 144 F: 2 6 
1696 2 1704 27 F: 2 
1701 9 1710 145 F: 3 4 2 
1716 9 1752 126 F: 4 1 4 
1724 8 1748 60 F: 8 
1725 6 1743 45 F: 3 3 
1730 8 1754 374 F: 8 
1734 6 1740 258 F: 3 3 
1735 8 1751 192 F: 4 3 1 
1738 8 1762 44 F: 6 2 
1741 9 1759 3 F: 5 4 
1745 8 1761 130 F: 2 6 
1749 9 1776 143 F: 7 2 
1752 10 1762 159 F: 5 2 3 
1772 6 1790 365 F: 3 1 2 
1779 3 1782 50 F: 2 1 
1785 9 1803 101 F: 4 5 
1788 10 1828 299 F: 5 3 2 
1789 12 1837 143 F: 12 
1797 11 1808 2 F: 6 5 
1798 10 1808 193 F: 5 5 
1799 4 1803 130 F: 2 2 
1814 8 1838 213 F: 2 4 2 
1821 12 1845 64 F: 7 5 
1825 11 1869 206 F: 7 4 
1833 4 1841 7 F: 2 2 
1842 8 1858 23 F: 2 4 2 
1846 10 1866 346 F: 5 5 
1847 9 1865 279 F: 5 4 
1850 11 1861 288 F: 11 
1857 12 1893 3 F: 12 
1861 2 1867 126 F: 2 
1862 8 1894 393 F: 5 3 
1863 2 1869 267 F: 2 
1871 2 1879 339 F: 2 
1871 6 1883 148 F: 2 4 
1875 4 1891 156 F: 4 
1877 8 1885 171 F: 8 
1877 9 1904 259 F: 2 3 4 
1887 7 1901 119 F: 6 1 
1890 6 1902 78 F: 3 2 1 
1898 12 1922 268 F: 6 6 
1900 11 1911 69 F: 6 5 
1920 9 1929 100 F: 4 5 
1923 7 1944 42 F: 3 4 
1927 13 1979 127 F: 5 4 4 
1932 9 1950 30 F: 5 4 
1934 9 1961 239 F: 5 2 2 
1935 6 1947 177 F: 2 4 
1935 8 1943 60 F: 6 2 
1941 3 1947 342 F: 3 
1942 11 1975 285 F: 4 4 3 
1947 8 1955 363 F: 4 4 
1950 3 1962 262 F: 3 
1960 13 1999 371 F: 13 
1964 6 1976 215 F: 4 2 
1967 8 1999 397 F: 5 3 
1968 6 1986 220 F: 4 1 1 
1968 11 1979 290 F: 4 3 4 
1985 8 2001 191 F: 5 3 
1985 8 2017 51 F: 7 1 
1985 11 2029 316 F: 11 
D: 1 112 
D: 3 242 
D: 8 13 
D: 10 164 
D: 14 57 
D: 18 141 
D: 26 212 
D: 39 247 
D: 48 353 
D: 53 351 
D: 60 213 
D: 65 276 
D: 68 223 
D: 77 230 
D: 78 141 
D: 81 87 
D: 81 276 
D: 84 346 
D: 91 117 
D: 101 108 
D: 105 325 
D: 111 169 
D: 114 142 
D: 120 185 
D: 121 342 
D: 131 210 
D: 136 203 
D: 141 215 
D: 147 318 
D: 151 366 
D: 163 242 
D: 163 256 
D: 172 260 
D: 198 219 
D: 230 264 
D: 266 391 
D: 291 363 
D: 300 368 
D: 308 371 
D: 331 347 
