15 9 24 332 F: 4 2 3 
18 7 32 28 F: 2 5 
24 2 28 99 F: 2 
38 5 48 55 F: 5 
39 6 45 71 F: 3 1 2 
43 10 83 204 F: 10 
46 10 86 244 F: 10 
48 3 60 315 F: 3 
62 10 92 247 F: 10 
65 8 89 72 F: 4 4 
74 6 92 59 F: 2 1 3 
76 5 86 42 F: 4 1 
79 10 89 123 F: 4 2 4 
83 7 97 281 F: 3 4 
84 4 100 65 F: 4 
89 10 99 80 F: 4 4 2 
91 3 100 81 F: 3 
95 10 125 25 F: 10 
98 9 107 209 F: 3 6 
99 7 120 378 F: 7 
100 6 106 212 F: 2 1 3 
105 6 117 219 F: 6 
108 7 122 291 F: 4 1 2 
110 12 122 137 F: 6 6 
116 13 142 251 F: 13 
118 10 138 171 F: 10 
132 5 147 281 F: 3 2 
133 9 169 309 F: 4 5 
136 12 160 396 F: 12 
137 13 150 47 F: 13 
143 13 195 249 F: 13 
146 6 164 189 F: 3 1 2 
151 5 166 382 F: 4 1 
162 8 186 63 F: 8 
170 3 176 60 F: 3 
170 10 190 296 F: 5 5 
174 8 182 427 F: 8 
181 9 190 155 F: 3 6 
190 9 208 29 F: 5 4 
193 12 205 68 F: 6 6 
202 8 234 141 F: 8 
205 5 210 188 F: 2 3 
222 4 226 119 F: 4 
224 10 244 51 F: 5 3 2 
228 8 260 22 F: 2 4 2 
233 5 253 399 F: 3 1 1 
233 12 257 138 F: 12 
237 10 257 80 F: 4 4 2 
243 5 253 143 F: 4 1 
244 8 276 142 F: 2 4 2 
255 7 276 156 F: 2 5 
261 12 285 22 F: 12 
262 5 277 34 F: 5 
282 6 300 363 F: 4 2 
288 12 336 177 F: 7 5 
293 6 305 324 F: 3 1 2 
295 7 316 308 F: 7 
295 8 319 309 F: 2 3 3 
296 6 302 102 F: 4 2 
298 8 314 301 F: 4 1 3 
311 6 317 43 F: 2 3 1 
319 7 333 142 F: 7 
324 7 338 174 F: 7 
326 10 356 111 F: 6 4 
329 8 353 394 F: 8 
337 8 345 357 F: 7 1 
338 2 340 397 F: 2 
341 11 363 115 F: 4 4 3 
346 11 390 63 F: 3 4 4 
351 9 378 130 F: 5 1 3 
352 5 362 226 F: 2 3 
355 3 367 215 F: 2 1 
364 5 384 386 F: 2 3 
367 6 373 243 F: 6 
371 9 407 235 F: 7 2 
377 4 381 362 F: 4 
379 8 387 399 F: 2 6 
381 9 390 158 F: 7 2 
383 4 387 403 F: 4 
385 13 424 440 F: 13 
400 6 424 357 F: 2 4 
400 8 408 190 F: 3 2 3 
415 7 429 376 F: 5 2 
428 8 460 24 F: 3 1 4 
430 8 438 438 F: 8 
430 10 470 13 F: 5 3 2 
444 11 466 290 F: 5 3 3 
446 7 460 305 F: 7 
446 9 455 429 F: 3 3 3 
448 13 500 74 F: 13 
459 8 483 312 F: 2 6 
468 10 498 143 F: 4 6 
475 9 493 183 F: 5 4 
477 5 497 219 F: 2 2 1 
482 11 493 337 F: 7 4 
485 9 494 406 F: 4 2 3 
485 9 512 274 F: 4 5 
489 8 505 144 F: 4 3 1 
491 13 530 186 F: 13 
499 3 508 408 F: 3 
502 5 522 283 F: 5 
502 7 516 261 F: 2 5 
507 8 539 173 F: 5 1 2 
514 10 524 446 F: 7 3 
518 4 522 244 F: 4 
520 13 533 271 F: 13 
535 13 574 86 F: 13 
541 8 573 361 F: 6 2 
542 8 550 23 F: 8 
546 8 562 149 F: 3 3 2 
556 9 565 196 F: 9 
562 9 571 319 F: 7 2 
564 13 590 399 F: 13 
569 10 599 62 F: 5 1 4 
576 6 582 15 F: 4 2 
576 7 604 211 F: 7 
582 10 602 378 F: 10 
583 9 592 269 F: 5 4 
590 5 595 119 F: 5 
594 9 630 79 F: 4 1 4 
610 8 642 324 F: 2 6 
611 8 627 410 F: 7 1 
621 7 649 385 F: 7 
630 3 633 284 F: 3 
634 9 661 207 F: 4 4 1 
636 10 676 160 F: 10 
642 10 672 19 F: 2 4 4 
654 7 675 379 F: 3 3 1 
657 12 693 89 F: 7 5 
660 11 704 135 F: 11 
667 12 715 283 F: 6 6 
670 8 678 6 F: 5 3 
671 9 707 193 F: 3 6 
684 9 693 269 F: 7 2 
686 7 707 378 F: 3 4 
691 4 707 30 F: 2 1 1 
692 5 702 280 F: 3 2 
692 11 725 4 F: 5 6 
696 7 717 92 F: 2 5 
699 10 709 121 F: 5 2 3 
708 9 735 406 F: 5 1 3 
708 12 732 300 F: 12 
709 6 727 245 F: 4 2 
710 5 715 232 F: 5 
710 9 746 69 F: 9 
716 7 737 343 F: 2 4 1 
716 10 736 342 F: 3 3 4 
720 12 744 167 F: 12 
737 11 748 191 F: 11 
742 8 774 165 F: 4 4 
748 13 800 420 F: 13 
751 5 761 179 F: 4 1 
752 9 788 282 F: 9 
765 9 801 367 F: 9 
769 8 793 178 F: 5 3 
777 7 798 435 F: 7 
780 6 804 21 F: 2 4 
784 9 802 87 F: 2 4 3 
787 7 815 373 F: 7 
796 5 806 283 F: 4 1 
801 7 829 35 F: 4 2 1 
808 13 834 235 F: 13 
815 8 839 423 F: 8 
820 11 853 112 F: 5 3 3 
825 3 837 331 F: 3 
827 9 836 315 F: 3 6 
832 7 860 277 F: 7 
837 7 858 327 F: 2 1 4 
837 10 847 437 F: 4 4 2 
841 9 859 436 F: 5 4 
843 5 858 369 F: 3 1 1 
844 10 884 107 F: 4 3 3 
849 10 889 36 F: 5 4 1 
867 6 879 161 F: 2 2 2 
869 12 905 91 F: 5 3 4 
879 8 895 408 F: 4 3 1 
882 7 903 8 F: 2 3 2 
883 8 899 123 F: 5 1 2 
884 9 920 69 F: 4 2 3 
888 3 894 427 F: 2 1 
904 5 914 133 F: 3 1 1 
906 9 942 92 F: 4 4 1 
910 8 942 174 F: 4 3 1 
915 11 926 129 F: 5 2 4 
916 3 919 21 F: 3 
929 10 939 331 F: 5 5 
929 12 977 46 F: 12 
933 2 935 74 F: 2 
933 7 940 101 F: 7 
939 7 946 251 F: 5 2 
944 7 958 32 F: 3 1 3 
975 6 999 132 F: 2 2 2 
978 7 999 370 F: 3 3 1 
982 8 998 87 F: 8 
983 6 995 225 F: 5 1 
983 7 1004 205 F: 4 3 
989 4 993 227 F: 4 
994 11 1038 52 F: 4 3 4 
995 10 1025 239 F: 2 4 4 
996 11 1007 221 F: 4 4 3 
1011 4 1019 171 F: 4 
1014 10 1054 268 F: 10 
1015 7 1043 307 F: 3 4 
1022 11 1033 270 F: 3 4 4 
1024 10 1064 376 F: 10 
1024 12 1048 347 F: 6 6 
1025 13 1064 245 F: 5 4 4 
1026 4 1042 219 F: 3 1 
1026 12 1062 284 F: 12 
1032 8 1064 4 F: 3 2 3 
1054 7 1082 34 F: 3 3 1 
1056 9 1083 13 F: 3 2 4 
1056 13 1069 109 F: 13 
1059 10 1079 97 F: 4 4 2 
1063 3 1072 415 F: 3 
1072 4 1088 3 F: 4 
1072 8 1096 64 F: 8 
1074 6 1098 347 F: 5 1 
1082 5 1087 248 F: 5 
1092 8 1108 384 F: 4 3 1 
1103 9 1130 20 F: 9 
1106 13 1132 10 F: 5 4 4 
1110 12 1134 211 F: 7 5 
1118 7 1125 346 F: 7 
1118 7 1146 276 F: 7 
1121 6 1145 85 F: 3 3 
1122 10 1152 421 F: 10 
1132 11 1154 46 F: 11 
1141 9 1159 54 F: 5 2 2 
1141 13 1193 21 F: 13 
1146 6 1152 379 F: 3 3 
1152 8 1168 138 F: 4 3 1 
1156 10 1166 449 F: 10 
1165 4 1173 385 F: 3 1 
1175 7 1196 278 F: 7 
1183 12 1231 111 F: 7 5 
1184 11 1228 130 F: 11 
1188 7 1216 192 F: 7 
1188 9 1206 245 F: 3 3 3 
1193 8 1209 97 F: 2 6 
1200 11 1244 259 F: 11 
1207 8 1231 220 F: 2 6 
1208 7 1236 49 F: 7 
1209 7 1230 365 F: 3 2 2 
1212 7 1233 351 F: 2 3 2 
1221 12 1233 434 F: 12 
1224 11 1268 54 F: 7 4 
1225 7 1232 261 F: 2 2 3 
1238 9 1274 169 F: 3 3 3 
1243 7 1257 109 F: 7 
1250 8 1266 269 F: 5 1 2 
1250 10 1280 150 F: 10 
1271 12 1295 341 F: 12 
1275 6 1293 128 F: 6 
1281 9 1290 380 F: 9 
1283 13 1322 261 F: 13 
1285 7 1299 191 F: 5 2 
1287 6 1305 85 F: 2 4 
1291 6 1315 208 F: 3 2 1 
1296 5 1306 179 F: 5 
1314 5 1334 402 F: 5 
1316 8 1348 350 F: 5 3 
1329 10 1339 89 F: 4 4 2 
1342 12 1378 15 F: 12 
1344 8 1360 125 F: 5 3 
1347 8 1363 58 F: 3 3 2 
1348 6 1372 80 F: 3 1 2 
1348 11 1381 190 F: 5 4 2 
1350 12 1362 270 F: 6 6 
1354 9 1381 2 F: 4 5 
1355 12 1391 219 F: 7 5 
1361 6 1373 72 F: 6 
1363 8 1379 56 F: 5 3 
1373 7 1387 370 F: 2 2 3 
1377 8 1393 347 F: 8 
1380 2 1382 259 F: 2 
1385 7 1406 448 F: 6 1 
1386 9 1422 374 F: 4 5 
1390 8 1406 379 F: 4 2 2 
1396 13 1448 233 F: 5 4 4 
1400 7 1428 284 F: 4 3 
1402 9 1420 118 F: 3 2 4 
1403 10 1433 30 F: 4 4 2 
1408 9 1417 134 F: 2 4 3 
1409 9 1436 43 F: 5 4 
1413 3 1416 401 F: 2 1 
1415 8 1439 278 F: 3 1 4 
1418 8 1442 5 F: 2 4 2 
1428 9 1455 316 F: 4 2 3 
1436 8 1452 27 F: 4 2 2 
1438 9 1474 214 F: 6 3 
1451 5 1461 98 F: 2 1 2 
1461 8 1485 78 F: 5 3 
1466 10 1506 301 F: 10 
1469 7 1497 31 F: 4 2 1 
1472 9 1490 34 F: 2 4 3 
1482 5 1502 14 F: 3 2 
1489 10 1529 379 F: 3 4 3 
1496 13 1509 109 F: 13 
1498 10 1518 259 F: 5 4 1 
1506 9 1524 210 F: 7 2 
1510 11 1554 30 F: 3 4 4 
1513 11 1546 345 F: 3 4 4 
1523 8 1531 198 F: 4 3 1 
1530 8 1538 94 F: 5 2 1 
1533 7 1547 120 F: 4 1 2 
1536 9 1563 33 F: 5 2 2 
1540 11 1551 234 F: 11 
1545 6 1563 363 F: 3 1 2 
1550 8 1582 422 F: 7 1 
1555 9 1591 305 F: 4 2 3 
1557 6 1563 103 F: 4 2 
1560 6 1572 240 F: 2 4 
1576 8 1584 120 F: 2 2 4 
1588 8 1612 221 F: 4 3 1 
1593 2 1599 441 F: 2 
1594 11 1605 235 F: 11 
1598 10 1618 114 F: 6 4 
1598 11 1631 408 F: 3 4 4 
1599 7 1606 288 F: 2 3 2 
1601 10 1611 170 F: 3 4 3 
1607 2 1611 356 F: 2 
1608 7 1615 350 F: 7 
1613 11 1657 4 F: 11 
1618 8 1650 171 F: 5 3 
1621 9 1630 137 F: 5 3 1 
1621 10 1661 357 F: 5 4 1 
1624 9 1642 260 F: 5 1 3 
1628 13 1680 166 F: 13 
1630 4 1634 153 F: 4 
1639 8 1663 117 F: 8 
1644 6 1668 316 F: 6 
1647 3 1653 388 F: 3 
1649 8 1657 3 F: 8 
1657 9 1684 394 F: 4 5 
1668 6 1686 210 F: 2 4 
1669 3 1681 442 F: 3 
1678 12 1726 270 F: 12 
1688 9 1715 217 F: 4 3 2 
1698 8 1706 55 F: 8 
1700 10 1720 372 F: 10 
1705 7 1733 126 F: 2 5 
1717 8 1749 386 F: 2 2 4 
1719 9 1755 387 F: 6 3 
1719 10 1759 170 F: 5 2 3 
1721 8 1753 312 F: 5 3 
1738 5 1753 230 F: 2 3 
1738 8 1770 263 F: 8 
1741 8 1757 125 F: 2 2 4 
1755 2 1761 445 F: 2 
1760 8 1768 370 F: 2 6 
1765 7 1793 222 F: 4 3 
1765 8 1773 243 F: 8 
1766 5 1776 313 F: 5 
1767 10 1807 367 F: 5 5 
1769 9 1796 225 F: 9 
1776 5 1791 300 F: 2 1 2 
1776 7 1804 30 F: 3 1 3 
1787 9 1823 197 F: 4 4 1 
1790 10 1830 47 F: 10 
1803 11 1836 315 F: 5 4 2 
1807 11 1829 268 F: 3 4 4 
1808 7 1829 35 F: 3 2 2 
1816 9 1843 197 F: 9 
1823 8 1831 420 F: 3 5 
1831 8 1863 360 F: 7 1 
1833 13 1885 65 F: 7 6 
1841 9 1868 281 F: 9 
1845 3 1851 305 F: 3 
1850 10 1890 129 F: 5 2 3 
1850 11 1861 296 F: 11 
1856 8 1872 376 F: 3 5 
1861 10 1881 407 F: 10 
1864 8 1872 342 F: 2 6 
1871 5 1881 353 F: 5 
1876 8 1900 230 F: 8 
1878 12 1890 247 F: 12 
1879 5 1889 371 F: 2 3 
1882 4 1898 325 F: 4 
1888 2 1896 363 F: 2 
1902 11 1913 302 F: 7 4 
1905 6 1911 223 F: 2 2 2 
1905 8 1937 167 F: 8 
1916 9 1925 123 F: 4 5 
1917 10 1937 46 F: 4 4 2 
1918 5 1933 193 F: 5 
1920 7 1948 444 F: 7 
1922 9 1958 59 F: 4 5 
1929 6 1953 196 F: 3 2 1 
1930 9 1966 74 F: 9 
1930 11 1941 411 F: 3 4 4 
1937 3 1949 177 F: 3 
1939 8 1955 211 F: 3 5 
1941 10 1951 108 F: 4 2 4 
1951 8 1983 56 F: 8 
1966 10 1976 164 F: 5 3 2 
1967 7 1974 424 F: 2 4 1 
1974 12 1986 326 F: 5 4 3 
1980 2 1986 30 F: 2 
1988 7 2016 384 F: 3 1 3 
2008 4 2020 180 F: 4 
2011 3 2020 75 F: 3 
2013 6 2019 75 F: 4 2 
2013 8 2021 333 F: 8 
2019 7 2047 83 F: 6 1 
2028 7 2035 141 F: 2 5 
2036 9 2054 305 F: 3 6 
2054 3 2063 50 F: 3 
2054 13 2106 99 F: 13 
2058 9 2076 3 F: 4 3 2 
2061 11 2105 21 F: 4 4 3 
2062 4 2070 438 F: 4 
2065 6 2077 67 F: 3 3 
2075 11 2097 55 F: 7 4 
2077 5 2097 79 F: 4 1 
2078 12 2090 271 F: 6 6 
2079 10 2089 214 F: 6 4 
2079 13 2118 364 F: 13 
2091 4 2099 213 F: 4 
2093 8 2125 343 F: 3 2 3 
2105 6 2111 210 F: 5 1 
2114 9 2132 52 F: 4 5 
2122 8 2138 411 F: 7 1 
2125 10 2165 46 F: 7 3 
2146 7 2160 400 F: 3 3 1 
2146 9 2164 160 F: 9 
2148 12 2160 302 F: 4 4 4 
2153 5 2173 432 F: 5 
2172 4 2176 376 F: 4 
2173 4 2189 98 F: 3 1 
2175 10 2195 413 F: 5 4 1 
2179 10 2209 18 F: 5 5 
2182 9 2191 432 F: 4 2 3 
2184 10 2194 174 F: 5 5 
2186 3 2198 435 F: 3 
2187 11 2231 154 F: 4 4 3 
2193 4 2197 275 F: 4 
2194 9 2203 27 F: 3 6 
2195 11 2217 343 F: 3 4 4 
2195 12 2207 167 F: 6 6 
2214 6 2220 382 F: 3 1 2 
2233 3 2236 36 F: 3 
2243 8 2275 59 F: 8 
2266 7 2280 333 F: 7 
2268 6 2286 117 F: 3 1 2 
2271 11 2304 270 F: 6 5 
2277 13 2303 133 F: 13 
2282 8 2314 256 F: 3 4 1 
2289 6 2295 73 F: 3 2 1 
2291 5 2311 60 F: 4 1 
D: 1 290 
D: 8 134 
D: 10 416 
D: 14 298 
D: 17 137 
D: 20 178 
D: 21 204 
D: 34 377 
D: 53 186 
D: 72 364 
D: 79 183 
D: 86 350 
D: 88 381 
D: 91 163 
D: 93 177 
D: 98 335 
D: 100 344 
D: 102 341 
D: 107 315 
D: 108 394 
D: 110 121 
D: 113 204 
D: 119 295 
D: 132 396 
D: 137 381 
D: 142 360 
D: 146 416 
D: 148 257 
D: 150 436 
D: 155 302 
D: 166 280 
D: 181 271 
D: 193 230 
D: 200 406 
D: 217 216 
D: 218 399 
D: 221 440 
D: 231 284 
D: 231 445 
D: 235 410 
D: 257 418 
D: 262 273 
D: 294 399 
D: 384 410 
D: 426 446 
