1 11 45 411 F: 11 
11 12 47 273 F: 5 4 3 
15 8 39 226 F: 2 6 
19 9 28 285 F: 7 2 
28 8 44 273 F: 4 4 
28 8 60 373 F: 3 2 3 
28 9 37 97 F: 9 
37 6 49 62 F: 4 1 1 
46 7 67 173 F: 3 4 
47 10 87 356 F: 10 
52 10 82 260 F: 6 4 
61 9 88 245 F: 4 3 2 
61 10 71 307 F: 10 
62 9 80 206 F: 4 3 2 
75 4 83 341 F: 2 2 
75 7 96 385 F: 7 
86 9 122 210 F: 6 3 
88 8 112 232 F: 5 3 
93 6 105 363 F: 2 1 3 
93 8 117 48 F: 8 
100 8 108 317 F: 8 
107 5 127 321 F: 3 2 
112 9 121 364 F: 2 3 4 
112 11 145 362 F: 6 5 
113 4 129 264 F: 4 
116 5 136 44 F: 5 
119 6 125 7 F: 2 4 
128 4 132 127 F: 4 
129 7 143 50 F: 2 4 1 
129 8 137 190 F: 2 2 4 
134 5 144 413 F: 3 2 
142 12 190 377 F: 5 4 3 
144 10 154 160 F: 6 4 
164 10 174 186 F: 6 4 
168 9 177 175 F: 2 3 4 
175 4 191 306 F: 3 1 
181 11 214 388 F: 4 3 4 
195 9 231 112 F: 4 4 1 
199 6 211 91 F: 3 3 
199 10 229 332 F: 6 4 
204 6 216 120 F: 2 1 3 
208 4 212 156 F: 3 1 
220 13 272 390 F: 13 
229 7 236 45 F: 3 4 
229 10 269 415 F: 10 
231 4 239 25 F: 4 
239 9 266 36 F: 6 3 
243 7 271 110 F: 3 4 
245 7 252 384 F: 2 1 4 
248 13 287 198 F: 7 6 
249 8 257 228 F: 4 1 3 
252 8 284 256 F: 2 6 
267 10 297 255 F: 10 
269 6 287 146 F: 4 2 
274 5 294 309 F: 3 2 
280 5 290 152 F: 4 1 
283 8 307 90 F: 6 2 
291 6 297 158 F: 3 2 1 
296 10 336 434 F: 4 6 
299 8 315 246 F: 3 2 3 
307 2 315 174 F: 2 
319 11 341 366 F: 11 
326 6 332 150 F: 3 2 1 
330 2 336 73 F: 2 
331 4 343 272 F: 4 
333 13 359 297 F: 13 
342 2 350 178 F: 2 
344 3 356 315 F: 3 
346 8 362 78 F: 4 3 1 
349 5 364 19 F: 3 1 1 
350 12 362 362 F: 12 
352 9 370 121 F: 3 6 
361 9 370 24 F: 9 
362 2 370 177 F: 2 
362 5 382 330 F: 5 
363 11 396 414 F: 3 4 4 
374 8 382 295 F: 3 5 
375 2 383 433 F: 2 
381 4 389 222 F: 2 1 1 
381 11 414 409 F: 5 4 2 
419 9 455 69 F: 4 1 4 
424 10 454 349 F: 4 6 
427 3 430 69 F: 3 
431 8 463 301 F: 4 2 2 
433 7 447 449 F: 6 1 
435 11 468 319 F: 5 4 2 
437 9 446 45 F: 2 3 4 
438 12 450 377 F: 6 6 
441 10 471 61 F: 4 3 3 
444 10 484 134 F: 3 4 3 
454 10 494 114 F: 3 3 4 
459 8 491 403 F: 2 6 
465 12 489 71 F: 12 
466 7 494 359 F: 3 4 
466 10 506 136 F: 4 2 4 
472 10 482 319 F: 5 1 4 
479 7 507 89 F: 7 
483 3 489 386 F: 3 
486 10 506 350 F: 6 4 
490 9 517 438 F: 5 4 
503 10 523 64 F: 5 5 
513 8 537 228 F: 8 
514 6 520 354 F: 6 
516 12 552 20 F: 12 
520 13 533 223 F: 7 6 
523 8 539 122 F: 6 2 
523 8 539 298 F: 2 3 3 
531 10 551 74 F: 5 4 1 
532 9 550 364 F: 4 3 2 
537 7 544 450 F: 2 5 
538 7 566 144 F: 6 1 
553 7 560 128 F: 7 
558 2 562 97 F: 2 
565 10 605 269 F: 5 2 3 
580 10 600 113 F: 5 5 
581 10 591 155 F: 10 
583 7 611 57 F: 7 
593 7 614 173 F: 2 1 4 
594 11 605 426 F: 5 3 3 
595 9 622 119 F: 5 3 1 
603 5 623 268 F: 2 3 
603 9 621 98 F: 9 
606 4 610 12 F: 4 
612 11 645 341 F: 6 5 
622 11 666 348 F: 7 4 
623 11 656 395 F: 5 4 2 
627 3 633 68 F: 3 
627 10 637 336 F: 10 
630 8 638 173 F: 4 1 3 
630 8 662 115 F: 4 1 3 
634 5 649 135 F: 4 1 
641 9 677 215 F: 6 3 
657 2 661 282 F: 2 
660 11 693 194 F: 5 3 3 
663 9 681 253 F: 5 3 1 
669 8 685 266 F: 2 3 3 
671 10 701 332 F: 4 6 
673 8 697 164 F: 4 2 2 
679 6 703 92 F: 6 
681 7 702 356 F: 3 4 
733 8 749 8 F: 8 
736 10 766 384 F: 7 3 
736 11 758 330 F: 5 6 
747 10 757 82 F: 6 4 
754 10 764 238 F: 10 
757 13 796 42 F: 13 
761 8 777 16 F: 8 
761 11 794 167 F: 11 
763 9 799 349 F: 9 
765 10 805 264 F: 10 
766 13 792 400 F: 13 
769 8 801 200 F: 3 3 2 
777 3 789 370 F: 3 
780 6 786 20 F: 2 4 
782 13 834 222 F: 7 6 
787 11 798 433 F: 6 5 
793 6 805 436 F: 6 
794 2 800 302 F: 2 
796 9 823 24 F: 6 3 
799 4 803 197 F: 4 
808 11 830 84 F: 11 
811 10 851 227 F: 3 3 4 
816 8 824 411 F: 2 6 
817 7 845 435 F: 7 
822 5 827 62 F: 2 3 
822 7 843 99 F: 3 3 1 
828 11 861 114 F: 11 
831 5 846 435 F: 5 
838 8 870 26 F: 8 
839 5 844 285 F: 5 
841 4 845 378 F: 4 
855 7 869 288 F: 5 2 
860 10 890 377 F: 7 3 
867 10 877 66 F: 5 2 3 
869 9 887 137 F: 3 3 3 
870 7 898 89 F: 2 3 2 
872 12 896 437 F: 6 6 
873 4 877 342 F: 4 
878 8 910 310 F: 2 2 4 
892 10 932 206 F: 2 4 4 
904 9 922 57 F: 5 3 1 
914 12 926 213 F: 12 
918 10 938 336 F: 5 5 
921 11 954 381 F: 7 4 
925 13 964 338 F: 5 4 4 
927 13 940 171 F: 5 4 4 
929 10 969 208 F: 10 
930 10 970 214 F: 5 3 2 
933 6 951 26 F: 3 3 
937 8 961 86 F: 4 3 1 
945 6 957 52 F: 4 2 
955 9 973 375 F: 3 2 4 
956 7 970 411 F: 4 1 2 
967 4 979 244 F: 3 1 
971 6 995 34 F: 3 1 2 
973 9 1000 175 F: 3 6 
979 13 1031 255 F: 13 
983 11 1016 213 F: 5 6 
997 7 1004 8 F: 2 2 3 
997 13 1049 398 F: 7 6 
1000 3 1009 400 F: 3 
1000 8 1032 306 F: 3 3 2 
1001 8 1009 262 F: 3 2 3 
1004 8 1012 367 F: 8 
1004 13 1043 440 F: 13 
1008 8 1024 51 F: 2 6 
1010 10 1040 220 F: 4 2 4 
1021 5 1031 318 F: 3 2 
1039 9 1075 297 F: 4 4 1 
1045 6 1051 330 F: 3 3 
1047 4 1059 310 F: 4 
1072 3 1081 387 F: 3 
1074 4 1082 242 F: 4 
1078 5 1088 74 F: 4 1 
1078 10 1108 209 F: 10 
1083 13 1122 227 F: 13 
1088 10 1128 230 F: 3 4 3 
1093 10 1133 261 F: 2 4 4 
1095 10 1115 178 F: 5 3 2 
1099 10 1119 128 F: 10 
1108 7 1136 102 F: 5 2 
1119 9 1137 315 F: 3 3 3 
1124 11 1157 361 F: 5 6 
1130 13 1156 379 F: 13 
1131 2 1139 28 F: 2 
1138 9 1156 204 F: 5 4 
1140 8 1172 45 F: 2 3 3 
1148 12 1160 450 F: 12 
1150 8 1174 11 F: 6 2 
1161 2 1167 382 F: 2 
1165 6 1189 302 F: 6 
1168 10 1198 438 F: 6 4 
1168 10 1208 338 F: 5 2 3 
1176 4 1192 208 F: 4 
1182 10 1192 147 F: 10 
1185 7 1206 398 F: 2 1 4 
1185 12 1233 360 F: 6 6 
1185 13 1211 84 F: 13 
1190 6 1196 338 F: 2 3 1 
1191 12 1203 384 F: 7 5 
1205 5 1215 152 F: 2 3 
1213 7 1234 350 F: 7 
1218 9 1245 414 F: 3 3 3 
1229 8 1237 410 F: 5 1 2 
1233 6 1245 434 F: 5 1 
1233 8 1257 249 F: 3 2 3 
1233 9 1269 45 F: 5 2 2 
1233 12 1245 316 F: 5 3 4 
1240 3 1249 231 F: 3 
1246 10 1256 126 F: 5 5 
1249 9 1258 58 F: 5 4 
1260 6 1266 232 F: 5 1 
1260 12 1272 132 F: 12 
1264 2 1270 58 F: 2 
1280 8 1304 420 F: 4 1 3 
1283 5 1303 434 F: 5 
1286 11 1330 15 F: 7 4 
1290 6 1314 129 F: 3 3 
1292 13 1331 307 F: 13 
1299 8 1307 354 F: 4 4 
1301 6 1313 353 F: 2 3 1 
1301 7 1308 350 F: 5 1 1 
1302 7 1330 36 F: 3 4 
1316 7 1323 268 F: 5 1 1 
1318 7 1346 22 F: 3 1 3 
1321 7 1328 17 F: 5 2 
1330 2 1334 413 F: 2 
1343 9 1379 60 F: 9 
1344 7 1351 377 F: 2 1 4 
1344 10 1364 420 F: 6 4 
1345 4 1349 357 F: 4 
1350 8 1358 298 F: 8 
1358 6 1370 348 F: 6 
1367 9 1376 3 F: 3 4 2 
1370 11 1381 333 F: 6 5 
1378 5 1393 213 F: 5 
1380 10 1420 377 F: 5 5 
1382 10 1392 37 F: 7 3 
1388 6 1394 8 F: 6 
1397 9 1415 280 F: 5 3 1 
1403 6 1409 52 F: 6 
1404 3 1413 110 F: 3 
1408 3 1417 10 F: 2 1 
1408 6 1420 146 F: 2 2 2 
1414 12 1438 242 F: 5 4 3 
1426 10 1456 410 F: 5 1 4 
1427 10 1447 70 F: 6 4 
1440 4 1456 152 F: 3 1 
1448 11 1459 356 F: 5 3 3 
1455 6 1479 356 F: 2 4 
1458 10 1498 27 F: 4 3 3 
1465 10 1495 151 F: 10 
1467 6 1491 293 F: 2 4 
1468 7 1482 141 F: 4 3 
1482 13 1508 413 F: 13 
1484 7 1491 366 F: 2 5 
1493 8 1525 221 F: 8 
1496 6 1520 255 F: 3 2 1 
1496 9 1523 22 F: 9 
1496 9 1523 29 F: 3 2 4 
1504 10 1514 243 F: 5 1 4 
1505 9 1541 172 F: 3 6 
1506 10 1526 355 F: 4 4 2 
1508 13 1521 48 F: 7 6 
1517 5 1537 210 F: 5 
1519 12 1531 152 F: 6 6 
1524 2 1532 399 F: 2 
1524 8 1532 38 F: 3 2 3 
1531 11 1575 127 F: 5 6 
1534 8 1566 108 F: 5 3 
1542 6 1554 373 F: 4 2 
1544 9 1553 392 F: 9 
1562 8 1578 283 F: 2 3 3 
1563 9 1599 329 F: 9 
1570 11 1614 310 F: 5 4 2 
1572 9 1590 325 F: 4 1 4 
1574 10 1604 428 F: 10 
1577 6 1589 62 F: 4 1 1 
1583 12 1619 65 F: 6 6 
1598 13 1650 73 F: 5 4 4 
1602 4 1614 153 F: 4 
1605 8 1637 318 F: 5 3 
1619 5 1624 365 F: 3 1 1 
1628 13 1641 279 F: 7 6 
1629 6 1641 351 F: 3 2 1 
1631 7 1638 234 F: 4 3 
1634 6 1640 122 F: 2 3 1 
1635 13 1674 211 F: 13 
1647 6 1671 221 F: 3 1 2 
1655 9 1673 2 F: 3 4 2 
1656 5 1661 409 F: 5 
1662 13 1714 243 F: 13 
1663 5 1668 98 F: 2 3 
1667 7 1674 301 F: 7 
1671 9 1698 289 F: 5 1 3 
1680 7 1701 284 F: 6 1 
1691 8 1723 280 F: 3 4 1 
1692 9 1710 174 F: 5 3 1 
1693 9 1711 326 F: 5 3 1 
1697 6 1709 211 F: 4 2 
1714 10 1754 220 F: 4 2 4 
1715 9 1724 57 F: 5 1 3 
1720 11 1753 1 F: 11 
1721 7 1735 421 F: 2 5 
1723 9 1741 373 F: 7 2 
1724 11 1735 261 F: 4 3 4 
1735 11 1757 108 F: 5 6 
1736 10 1766 430 F: 6 4 
1740 2 1744 189 F: 2 
1740 5 1750 202 F: 2 2 1 
1752 8 1768 220 F: 3 1 4 
1753 6 1759 186 F: 4 2 
1754 9 1781 170 F: 2 4 3 
1755 9 1791 425 F: 7 2 
1762 6 1786 186 F: 2 4 
1771 9 1789 237 F: 5 1 3 
1786 11 1830 238 F: 7 4 
1788 8 1796 223 F: 6 2 
1795 10 1815 396 F: 6 4 
1799 7 1820 317 F: 5 1 1 
1813 11 1835 110 F: 11 
1817 10 1847 367 F: 5 2 3 
1820 8 1844 8 F: 3 4 1 
1829 13 1855 208 F: 7 6 
1839 9 1866 370 F: 9 
1857 7 1871 421 F: 3 3 1 
1858 7 1879 164 F: 3 4 
1861 7 1868 23 F: 2 5 
1865 13 1917 165 F: 13 
1875 7 1903 201 F: 7 
1880 8 1912 176 F: 5 3 
1882 10 1922 304 F: 6 4 
1884 12 1920 229 F: 6 6 
1885 8 1917 51 F: 3 4 1 
1886 11 1908 398 F: 11 
1887 6 1905 118 F: 6 
1890 9 1899 398 F: 3 4 2 
1890 9 1908 45 F: 5 1 3 
1892 7 1899 441 F: 7 
1899 12 1947 265 F: 6 6 
1903 7 1917 412 F: 4 1 2 
1908 11 1952 447 F: 5 3 3 
1910 10 1920 420 F: 10 
1911 7 1918 260 F: 7 
1915 12 1927 171 F: 12 
1931 9 1940 16 F: 6 3 
1934 6 1940 12 F: 3 1 2 
1938 10 1958 411 F: 5 3 2 
1940 10 1950 336 F: 4 2 4 
1950 4 1962 195 F: 2 2 
1967 8 1991 116 F: 4 1 3 
1969 9 1978 442 F: 4 1 4 
1970 10 1990 110 F: 4 6 
1974 11 2007 272 F: 11 
1975 10 1995 387 F: 10 
1980 9 2007 374 F: 3 6 
1981 7 2002 381 F: 3 4 
1988 8 2012 181 F: 8 
1994 11 2016 414 F: 6 5 
1997 10 2037 339 F: 10 
2014 4 2022 146 F: 2 2 
2015 5 2030 101 F: 3 2 
2016 6 2040 18 F: 2 4 
2022 9 2031 79 F: 4 5 
2034 10 2064 23 F: 4 2 4 
2052 7 2066 286 F: 4 3 
2052 8 2060 308 F: 2 3 3 
2059 10 2099 285 F: 5 4 1 
2061 9 2070 357 F: 5 2 2 
2062 10 2072 185 F: 4 2 4 
2064 13 2090 234 F: 13 
2067 7 2088 265 F: 5 2 
2068 6 2092 103 F: 6 
2071 10 2081 328 F: 10 
2075 11 2086 335 F: 5 3 3 
2077 7 2084 196 F: 7 
2078 10 2098 145 F: 5 4 1 
2088 6 2094 136 F: 3 1 2 
2090 7 2097 392 F: 7 
2097 3 2109 202 F: 3 
2102 8 2126 117 F: 4 1 3 
2103 8 2135 185 F: 8 
2113 10 2133 33 F: 4 2 4 
2115 8 2139 15 F: 6 2 
2123 3 2135 367 F: 3 
2123 6 2141 373 F: 3 2 1 
2127 8 2135 174 F: 8 
2128 7 2142 269 F: 2 1 4 
2128 11 2172 355 F: 5 4 2 
2129 5 2144 73 F: 5 
2136 8 2152 181 F: 8 
2140 13 2192 372 F: 5 4 4 
2146 6 2164 4 F: 3 3 
2147 12 2159 370 F: 12 
2147 13 2186 343 F: 13 
2158 7 2179 60 F: 7 
2173 4 2181 422 F: 4 
2173 7 2194 340 F: 2 5 
2176 6 2194 145 F: 2 3 1 
2195 7 2209 97 F: 3 1 3 
2211 7 2225 293 F: 3 1 3 
2216 9 2225 1 F: 3 4 2 
2217 7 2224 314 F: 4 3 
2229 12 2277 90 F: 12 
2242 5 2252 248 F: 4 1 
2243 8 2275 393 F: 2 3 3 
2249 10 2289 387 F: 6 4 
2254 8 2278 186 F: 4 1 3 
2265 10 2275 193 F: 3 3 4 
2289 7 2310 86 F: 5 1 1 
D: 2 345 
D: 6 267 
D: 10 54 
D: 12 69 
D: 12 149 
D: 14 229 
D: 16 45 
D: 23 178 
D: 23 371 
D: 27 72 
D: 46 210 
D: 53 185 
D: 54 163 
D: 54 416 
D: 59 376 
D: 61 320 
D: 62 354 
D: 66 286 
D: 75 96 
D: 87 374 
D: 90 295 
D: 102 140 
D: 109 125 
D: 128 167 
D: 130 376 
D: 133 186 
D: 135 410 
D: 142 422 
D: 152 372 
D: 154 159 
D: 155 201 
D: 159 326 
D: 183 449 
D: 206 354 
D: 209 365 
D: 215 364 
D: 231 331 
D: 236 253 
D: 257 393 
D: 321 376 
D: 333 400 
D: 347 420 
D: 350 366 
D: 360 397 
D: 375 420 
