2 10 12 262 F: 10 
3 11 25 232 F: 5 6 
6 7 27 350 F: 3 4 
8 9 17 189 F: 5 4 
8 12 20 65 F: 12 
10 8 18 90 F: 3 2 3 
11 5 31 314 F: 5 
13 8 45 318 F: 4 2 2 
36 13 62 74 F: 13 
38 7 52 80 F: 2 2 3 
42 9 69 1 F: 7 2 
47 4 59 329 F: 3 1 
51 5 61 26 F: 2 2 1 
51 12 99 150 F: 6 6 
52 10 82 61 F: 5 4 1 
78 10 118 274 F: 10 
81 9 117 84 F: 6 3 
98 11 109 20 F: 11 
99 11 132 230 F: 5 2 4 
99 12 147 204 F: 7 5 
101 2 107 251 F: 2 
106 11 150 23 F: 5 2 4 
123 7 137 140 F: 5 2 
123 7 151 333 F: 7 
123 12 171 309 F: 12 
127 8 135 321 F: 8 
132 5 142 257 F: 5 
139 10 159 216 F: 3 3 4 
144 4 148 57 F: 4 
146 10 156 390 F: 7 3 
147 6 153 328 F: 5 1 
148 11 192 379 F: 5 4 2 
154 9 163 277 F: 9 
156 9 165 11 F: 4 1 4 
166 12 202 105 F: 12 
169 10 199 391 F: 10 
169 11 213 283 F: 5 6 
175 3 184 271 F: 2 1 
182 9 191 5 F: 3 4 2 
184 6 208 135 F: 4 2 
204 7 218 218 F: 3 2 2 
207 9 243 256 F: 5 3 1 
214 4 230 178 F: 4 
218 7 232 279 F: 7 
221 9 230 71 F: 4 5 
223 9 241 181 F: 6 3 
226 3 232 352 F: 3 
229 7 250 146 F: 3 3 1 
230 8 262 78 F: 2 6 
231 8 239 126 F: 7 1 
231 8 255 6 F: 6 2 
231 10 261 148 F: 6 4 
238 7 252 32 F: 2 5 
250 9 268 184 F: 4 4 1 
256 5 276 320 F: 5 
260 11 293 241 F: 6 5 
263 6 269 331 F: 5 1 
267 5 272 382 F: 3 2 
273 8 297 295 F: 8 
289 5 294 203 F: 5 
313 8 321 138 F: 4 2 2 
320 7 327 352 F: 4 1 2 
322 9 331 348 F: 9 
327 2 329 383 F: 2 
328 2 330 23 F: 2 
332 11 354 38 F: 11 
335 7 363 298 F: 4 1 2 
338 10 358 343 F: 5 4 1 
344 6 350 360 F: 3 1 2 
346 13 385 315 F: 13 
350 8 374 95 F: 3 4 1 
363 8 395 210 F: 8 
368 8 400 82 F: 8 
370 6 382 166 F: 4 1 1 
377 6 389 85 F: 3 3 
378 10 418 255 F: 10 
380 3 392 330 F: 3 
393 13 432 240 F: 13 
396 5 406 357 F: 3 1 1 
398 10 408 133 F: 10 
404 4 420 56 F: 2 1 1 
408 7 415 52 F: 5 1 1 
411 2 419 291 F: 2 
414 4 418 365 F: 4 
421 9 430 198 F: 9 
438 6 450 107 F: 3 3 
439 5 444 254 F: 2 1 2 
440 8 456 376 F: 5 3 
440 9 458 84 F: 9 
445 5 460 53 F: 2 2 1 
445 7 452 304 F: 7 
449 6 455 143 F: 3 1 2 
463 9 481 288 F: 9 
465 7 479 249 F: 2 3 2 
471 12 507 352 F: 12 
475 10 505 162 F: 4 2 4 
480 12 528 163 F: 12 
482 11 493 139 F: 11 
489 11 500 342 F: 11 
496 7 503 261 F: 2 3 2 
506 6 518 170 F: 4 2 
508 8 516 172 F: 4 2 2 
518 11 540 74 F: 4 4 3 
530 9 566 174 F: 9 
533 5 538 45 F: 5 
538 12 586 171 F: 12 
541 6 559 155 F: 3 1 2 
541 8 573 63 F: 3 5 
542 2 550 324 F: 2 
547 8 555 339 F: 5 3 
548 11 592 291 F: 4 3 4 
558 10 598 231 F: 4 6 
560 7 581 348 F: 4 3 
562 6 580 7 F: 3 2 1 
563 8 587 182 F: 2 3 3 
580 3 589 204 F: 3 
585 10 605 271 F: 4 6 
593 6 611 17 F: 3 3 
596 2 600 113 F: 2 
597 8 613 165 F: 8 
602 12 626 94 F: 6 6 
604 6 622 380 F: 5 1 
611 6 617 290 F: 3 2 1 
619 13 658 265 F: 7 6 
622 13 661 268 F: 7 6 
628 3 634 246 F: 3 
630 8 662 330 F: 8 
638 12 674 156 F: 5 3 4 
644 12 668 125 F: 12 
645 12 693 288 F: 12 
653 8 669 103 F: 3 4 1 
654 2 656 54 F: 2 
656 5 661 30 F: 2 3 
660 6 672 80 F: 6 
664 12 700 96 F: 6 6 
671 9 689 80 F: 5 2 2 
673 7 680 8 F: 6 1 
685 7 692 66 F: 7 
685 11 729 186 F: 5 4 2 
688 11 721 280 F: 7 4 
701 9 737 194 F: 9 
709 6 721 48 F: 5 1 
715 9 733 133 F: 9 
722 10 752 334 F: 7 3 
727 3 739 191 F: 2 1 
740 8 764 178 F: 8 
741 6 765 107 F: 6 
746 2 752 311 F: 2 
746 9 773 221 F: 5 3 1 
751 6 769 200 F: 6 
759 8 783 269 F: 6 2 
761 10 771 175 F: 10 
769 5 784 342 F: 2 3 
769 11 802 257 F: 3 4 4 
770 10 800 317 F: 5 5 
776 8 784 340 F: 5 3 
776 10 806 1 F: 4 3 3 
788 11 810 260 F: 6 5 
793 8 809 315 F: 3 5 
799 7 806 236 F: 2 2 3 
807 8 815 376 F: 7 1 
822 5 842 6 F: 5 
824 2 830 226 F: 2 
827 8 851 149 F: 3 1 4 
833 7 861 296 F: 4 2 1 
839 7 867 68 F: 7 
842 10 862 346 F: 10 
842 12 866 295 F: 12 
847 13 860 327 F: 13 
850 7 864 215 F: 2 5 
864 11 875 190 F: 5 4 2 
865 3 874 385 F: 3 
868 12 916 339 F: 7 5 
869 6 875 278 F: 3 1 2 
875 7 882 197 F: 6 1 
877 2 885 150 F: 2 
883 4 899 369 F: 3 1 
889 4 893 278 F: 4 
891 8 923 318 F: 3 4 1 
898 7 926 203 F: 7 
903 6 909 349 F: 3 2 1 
919 8 927 163 F: 2 4 2 
920 10 940 92 F: 2 4 4 
923 13 949 29 F: 13 
925 5 930 360 F: 5 
928 6 952 335 F: 4 2 
928 11 961 229 F: 6 5 
929 7 943 41 F: 7 
946 5 956 199 F: 3 1 1 
948 12 996 194 F: 4 4 4 
952 9 961 360 F: 6 3 
961 5 971 110 F: 5 
962 9 971 24 F: 6 3 
973 9 1000 318 F: 2 3 4 
973 11 984 296 F: 5 3 3 
975 9 984 163 F: 2 3 4 
977 4 981 360 F: 4 
989 9 1016 184 F: 4 3 2 
990 13 1042 304 F: 13 
991 13 1004 199 F: 13 
1005 9 1023 170 F: 9 
1006 9 1033 106 F: 2 4 3 
1013 6 1025 155 F: 3 1 2 
1015 11 1059 317 F: 11 
1018 10 1058 390 F: 10 
1024 6 1030 234 F: 2 2 2 
1025 3 1034 53 F: 3 
1027 9 1063 89 F: 9 
1041 5 1046 208 F: 2 1 2 
1051 8 1075 113 F: 2 2 4 
1057 2 1059 85 F: 2 
1079 2 1081 105 F: 2 
1081 4 1097 342 F: 3 1 
1081 8 1089 318 F: 3 5 
1082 4 1094 291 F: 2 2 
1086 11 1119 98 F: 11 
1089 4 1101 366 F: 4 
1092 6 1104 281 F: 2 4 
1094 8 1110 25 F: 8 
1097 8 1113 267 F: 4 3 1 
1106 10 1116 19 F: 2 4 4 
1119 8 1143 294 F: 4 4 
1128 8 1160 156 F: 4 4 
1132 10 1152 296 F: 10 
1137 12 1161 325 F: 6 6 
1153 10 1193 91 F: 3 4 3 
1156 7 1177 268 F: 4 2 1 
1159 11 1192 110 F: 5 6 
1161 10 1181 233 F: 3 3 4 
1163 9 1172 271 F: 9 
1164 11 1186 147 F: 4 4 3 
1165 7 1193 57 F: 3 4 
1166 6 1190 72 F: 4 2 
1170 9 1179 112 F: 9 
1173 6 1197 173 F: 4 2 
1180 9 1189 270 F: 4 5 
1186 5 1191 41 F: 3 2 
1188 9 1197 361 F: 9 
1190 9 1199 373 F: 5 4 
1192 8 1216 173 F: 2 6 
1204 3 1207 20 F: 3 
1205 7 1212 278 F: 3 4 
1210 12 1234 334 F: 7 5 
1213 2 1217 290 F: 2 
1215 8 1247 163 F: 3 1 4 
1222 11 1233 232 F: 7 4 
1225 7 1232 294 F: 2 3 2 
1225 13 1251 261 F: 13 
1239 4 1251 142 F: 3 1 
1242 7 1270 130 F: 3 2 2 
1247 11 1291 16 F: 4 3 4 
1248 8 1264 103 F: 3 3 2 
1249 9 1258 43 F: 5 4 
1252 9 1288 256 F: 5 1 3 
1254 6 1260 373 F: 4 1 1 
1254 10 1284 189 F: 10 
1256 7 1284 355 F: 7 
1257 9 1275 347 F: 5 1 3 
1275 12 1287 199 F: 6 6 
1285 13 1311 264 F: 13 
1304 11 1337 203 F: 3 4 4 
1306 12 1342 318 F: 5 4 3 
1309 12 1345 124 F: 5 3 4 
1313 8 1337 368 F: 3 4 1 
1322 9 1331 180 F: 3 2 4 
1327 2 1331 335 F: 2 
1332 2 1340 354 F: 2 
1338 10 1378 248 F: 10 
1342 2 1344 170 F: 2 
1354 4 1358 249 F: 4 
1354 10 1384 291 F: 7 3 
1357 7 1385 394 F: 2 4 1 
1359 6 1365 60 F: 3 2 1 
1368 9 1395 301 F: 2 4 3 
1377 7 1405 16 F: 2 5 
1379 5 1384 82 F: 2 1 2 
1382 7 1410 216 F: 7 
1385 9 1394 200 F: 5 1 3 
1388 8 1420 323 F: 4 3 1 
1391 10 1411 48 F: 5 3 2 
1404 5 1409 337 F: 5 
1405 7 1412 103 F: 6 1 
1408 8 1440 222 F: 2 2 4 
1414 7 1435 145 F: 3 1 3 
1415 11 1437 349 F: 4 4 3 
1417 8 1425 153 F: 7 1 
1418 5 1423 182 F: 3 1 1 
1419 9 1455 374 F: 5 4 
1440 12 1452 114 F: 7 5 
1444 3 1453 31 F: 2 1 
1447 11 1491 173 F: 7 4 
1447 13 1499 71 F: 13 
1448 6 1466 344 F: 6 
1453 6 1477 21 F: 2 3 1 
1456 9 1465 37 F: 9 
1462 2 1466 135 F: 2 
1481 8 1497 273 F: 5 3 
1482 13 1521 389 F: 13 
1494 9 1512 264 F: 9 
1495 8 1511 329 F: 5 1 2 
1501 10 1541 61 F: 4 6 
1503 4 1519 202 F: 4 
1507 6 1531 244 F: 6 
1515 7 1522 33 F: 3 1 3 
1518 3 1530 83 F: 3 
1523 12 1571 283 F: 4 4 4 
1525 8 1549 228 F: 5 3 
1530 12 1554 315 F: 7 5 
1536 4 1548 240 F: 4 
1540 6 1558 2 F: 6 
1552 9 1570 381 F: 6 3 
1556 11 1600 350 F: 11 
1564 6 1570 235 F: 6 
1565 2 1567 114 F: 2 
1567 10 1607 366 F: 6 4 
1570 5 1575 8 F: 5 
1571 5 1576 335 F: 3 2 
1577 4 1593 6 F: 4 
1578 12 1590 21 F: 12 
1597 10 1627 357 F: 10 
1605 5 1615 321 F: 2 3 
1609 4 1617 160 F: 4 
1609 8 1641 93 F: 8 
1609 12 1645 208 F: 6 6 
1618 7 1625 384 F: 3 3 1 
1621 5 1631 20 F: 2 3 
1624 9 1651 69 F: 3 6 
1625 7 1646 314 F: 7 
1631 13 1670 280 F: 13 
1637 5 1657 369 F: 3 2 
1644 8 1652 102 F: 5 2 1 
1649 12 1673 81 F: 12 
1653 12 1665 222 F: 12 
1655 9 1664 195 F: 5 3 1 
1671 7 1699 355 F: 5 2 
1673 11 1695 275 F: 11 
1681 9 1699 312 F: 4 5 
1686 8 1694 227 F: 2 6 
1686 9 1695 108 F: 9 
1699 8 1707 196 F: 6 2 
1709 5 1724 220 F: 4 1 
1713 5 1733 372 F: 3 1 1 
1716 12 1728 28 F: 6 6 
1722 8 1738 230 F: 3 1 4 
1724 9 1742 235 F: 5 4 
1726 2 1734 285 F: 2 
1739 11 1761 375 F: 11 
1754 11 1776 304 F: 11 
1754 11 1798 181 F: 4 3 4 
1755 11 1788 188 F: 4 3 4 
1758 7 1772 287 F: 2 5 
1758 9 1776 127 F: 3 3 3 
1773 7 1794 313 F: 7 
1776 6 1782 309 F: 6 
1781 11 1825 143 F: 11 
1784 8 1816 361 F: 8 
1784 9 1811 121 F: 7 2 
1785 7 1813 156 F: 5 2 
1794 9 1830 341 F: 5 4 
1797 6 1809 229 F: 2 4 
1809 6 1821 12 F: 2 2 2 
1812 4 1820 184 F: 3 1 
1823 5 1833 163 F: 5 
1824 3 1827 311 F: 3 
1830 4 1846 320 F: 4 
1835 8 1859 302 F: 4 1 3 
1847 5 1852 335 F: 3 2 
1860 6 1872 169 F: 5 1 
1861 7 1868 207 F: 7 
1867 5 1882 100 F: 2 3 
1867 7 1888 35 F: 3 3 1 
1867 8 1891 350 F: 5 1 2 
1871 7 1885 98 F: 2 1 4 
1876 5 1896 244 F: 2 3 
1883 4 1899 237 F: 2 1 1 
1883 6 1889 222 F: 3 2 1 
1886 7 1914 178 F: 2 5 
1887 6 1893 32 F: 6 
1893 7 1921 307 F: 7 
1899 10 1919 101 F: 7 3 
1908 5 1918 223 F: 5 
1913 5 1923 174 F: 5 
1926 10 1936 296 F: 5 3 2 
1929 7 1943 393 F: 5 1 1 
1930 13 1982 142 F: 13 
1939 11 1950 308 F: 5 6 
1944 4 1952 81 F: 2 2 
1949 8 1981 265 F: 8 
1951 8 1959 198 F: 3 5 
1953 8 1969 253 F: 4 4 
1954 7 1968 111 F: 6 1 
1957 4 1969 386 F: 3 1 
1961 12 1997 189 F: 5 4 3 
1963 8 1971 196 F: 8 
1964 7 1978 149 F: 2 4 1 
1974 7 1988 53 F: 4 1 2 
1974 7 1988 342 F: 4 3 
1978 10 1998 129 F: 10 
1985 8 2009 45 F: 5 1 2 
1990 8 2022 1 F: 4 2 2 
D: 0 5 
D: 1 104 
D: 5 77 
D: 8 98 
D: 18 170 
D: 21 196 
D: 22 362 
D: 34 156 
D: 34 277 
D: 35 352 
D: 38 144 
D: 50 281 
D: 56 318 
D: 56 368 
D: 72 219 
D: 82 243 
D: 85 130 
D: 91 118 
D: 94 280 
D: 103 236 
D: 105 242 
D: 118 194 
D: 141 217 
D: 144 187 
D: 147 322 
D: 168 173 
D: 188 240 
D: 208 313 
D: 213 381 
D: 224 365 
D: 237 336 
D: 242 250 
D: 275 369 
D: 278 306 
D: 278 348 
D: 282 374 
D: 284 362 
D: 290 377 
D: 304 329 
D: 330 365 
