10 7 24 62 F: 7 
11 10 21 389 F: 4 6 
15 8 39 26 F: 8 
16 10 26 370 F: 4 4 2 
17 8 41 204 F: 2 3 3 
20 9 56 366 F: 4 5 
34 12 82 365 F: 4 4 4 
36 10 66 246 F: 5 3 2 
43 2 49 97 F: 2 
43 10 73 202 F: 5 1 4 
57 8 81 72 F: 6 2 
57 9 66 64 F: 7 2 
64 2 70 349 F: 2 
79 10 99 223 F: 7 3 
80 12 128 245 F: 4 4 4 
85 4 97 405 F: 4 
86 10 96 69 F: 5 2 3 
91 11 113 304 F: 4 4 3 
93 8 117 66 F: 4 4 
98 10 118 300 F: 10 
101 4 117 86 F: 4 
109 9 127 243 F: 3 4 2 
139 10 179 153 F: 4 3 3 
144 6 150 138 F: 3 3 
145 5 150 116 F: 4 1 
149 10 169 74 F: 5 5 
150 10 160 190 F: 5 4 1 
152 4 168 391 F: 4 
155 13 181 72 F: 7 6 
156 6 180 109 F: 6 
160 5 175 182 F: 5 
160 12 208 241 F: 12 
163 9 199 419 F: 9 
167 6 179 259 F: 6 
170 3 182 445 F: 3 
179 8 187 212 F: 3 4 1 
181 10 211 44 F: 4 4 2 
187 10 207 257 F: 10 
192 11 203 239 F: 6 5 
194 12 242 363 F: 6 6 
213 10 253 118 F: 10 
219 12 231 55 F: 12 
224 3 236 449 F: 3 
227 6 233 192 F: 4 1 1 
234 6 252 123 F: 6 
247 7 261 133 F: 3 4 
250 6 274 447 F: 3 3 
252 11 274 276 F: 5 3 3 
253 12 289 83 F: 5 4 3 
261 9 270 383 F: 3 4 2 
273 5 288 59 F: 5 
273 11 284 73 F: 5 6 
274 12 298 267 F: 12 
275 13 327 366 F: 13 
277 3 286 257 F: 3 
282 3 291 421 F: 2 1 
282 8 290 244 F: 3 3 2 
283 5 288 351 F: 4 1 
294 3 306 299 F: 3 
298 6 310 139 F: 2 4 
304 5 314 240 F: 5 
309 9 327 440 F: 3 2 4 
313 9 331 360 F: 5 3 1 
315 7 329 337 F: 2 2 3 
318 5 323 68 F: 3 2 
324 9 351 449 F: 5 2 2 
327 7 348 59 F: 4 2 1 
330 11 363 167 F: 5 6 
339 9 348 71 F: 2 4 3 
344 9 353 193 F: 6 3 
349 9 376 208 F: 4 4 1 
353 9 362 202 F: 2 4 3 
358 12 382 276 F: 7 5 
363 7 370 140 F: 6 1 
376 10 386 325 F: 6 4 
378 11 411 22 F: 7 4 
387 8 395 163 F: 4 2 2 
390 5 405 125 F: 2 3 
391 10 421 366 F: 10 
391 10 421 399 F: 3 3 4 
401 8 409 40 F: 6 2 
411 5 416 378 F: 3 2 
417 4 425 269 F: 4 
419 5 439 333 F: 2 1 2 
419 9 428 394 F: 4 5 
420 4 436 103 F: 3 1 
426 7 440 113 F: 6 1 
428 13 454 10 F: 13 
429 7 436 192 F: 3 2 2 
439 7 446 54 F: 2 1 4 
439 8 471 163 F: 4 3 1 
439 9 457 328 F: 9 
446 9 482 190 F: 4 1 4 
453 10 463 116 F: 4 4 2 
454 2 462 303 F: 2 
457 6 481 345 F: 2 1 3 
468 4 476 298 F: 4 
482 9 491 430 F: 5 4 
483 12 519 22 F: 7 5 
489 8 505 413 F: 2 2 4 
502 6 526 50 F: 6 
505 5 510 67 F: 3 1 1 
511 10 541 377 F: 10 
514 6 532 302 F: 4 1 1 
518 5 538 386 F: 5 
521 4 533 306 F: 2 1 1 
528 9 564 404 F: 5 2 2 
531 7 552 261 F: 3 4 
531 12 543 287 F: 5 4 3 
532 12 544 446 F: 7 5 
536 6 554 371 F: 6 
542 9 569 258 F: 3 4 2 
548 5 568 369 F: 5 
553 4 557 66 F: 2 2 
567 7 581 360 F: 6 1 
571 8 603 308 F: 6 2 
578 6 596 370 F: 2 1 3 
584 13 623 403 F: 7 6 
589 8 621 310 F: 4 4 
597 5 617 37 F: 2 3 
602 11 635 123 F: 6 5 
603 7 624 17 F: 5 1 1 
611 5 616 450 F: 3 2 
621 10 651 171 F: 10 
623 7 644 82 F: 4 1 2 
625 6 643 142 F: 6 
631 10 641 371 F: 2 4 4 
635 5 640 305 F: 5 
649 5 669 282 F: 2 2 1 
654 12 702 260 F: 7 5 
661 8 685 223 F: 4 3 1 
663 4 667 416 F: 4 
666 7 694 269 F: 7 
667 13 680 320 F: 13 
673 12 709 169 F: 12 
675 10 685 280 F: 10 
678 8 694 66 F: 3 1 4 
678 12 714 196 F: 5 4 3 
687 11 731 321 F: 4 3 4 
693 5 713 186 F: 2 2 1 
706 7 720 362 F: 7 
708 11 730 450 F: 5 4 2 
711 9 738 211 F: 4 3 2 
721 6 739 123 F: 4 2 
727 7 748 252 F: 2 5 
728 9 746 416 F: 3 6 
729 5 744 382 F: 4 1 
731 4 747 152 F: 2 1 1 
734 6 746 316 F: 6 
753 5 768 409 F: 3 1 1 
756 7 770 80 F: 3 2 2 
762 8 778 358 F: 8 
769 2 773 185 F: 2 
773 6 791 128 F: 6 
780 6 786 354 F: 2 4 
782 6 806 93 F: 6 
789 7 803 110 F: 3 4 
789 13 828 402 F: 7 6 
790 7 818 127 F: 2 3 2 
795 12 819 386 F: 12 
801 11 812 150 F: 11 
805 8 837 92 F: 5 2 1 
807 4 823 430 F: 4 
813 7 834 323 F: 2 4 1 
817 8 825 339 F: 3 1 4 
819 12 855 439 F: 12 
823 5 843 104 F: 4 1 
823 12 835 126 F: 12 
842 11 853 272 F: 11 
846 8 878 24 F: 3 5 
855 9 882 104 F: 4 1 4 
859 10 879 221 F: 5 3 2 
862 9 871 243 F: 3 2 4 
864 4 876 328 F: 4 
868 5 883 12 F: 3 2 
871 7 878 168 F: 2 1 4 
873 11 895 426 F: 11 
880 11 902 112 F: 6 5 
885 4 893 65 F: 3 1 
896 12 944 412 F: 12 
905 12 941 298 F: 12 
906 7 920 77 F: 6 1 
907 10 937 278 F: 4 2 4 
910 10 950 18 F: 6 4 
914 3 917 450 F: 3 
916 6 922 182 F: 3 2 1 
920 10 930 259 F: 7 3 
925 9 952 343 F: 3 6 
933 5 943 371 F: 3 2 
936 9 945 333 F: 9 
942 6 954 114 F: 4 2 
950 8 966 289 F: 2 4 2 
965 9 983 235 F: 5 3 1 
982 8 990 14 F: 2 2 4 
985 6 991 247 F: 2 4 
986 4 998 402 F: 4 
987 11 1009 371 F: 11 
992 7 1006 150 F: 2 3 2 
997 5 1007 174 F: 5 
997 9 1006 300 F: 6 3 
1009 7 1023 79 F: 7 
1010 10 1020 72 F: 6 4 
1012 13 1038 216 F: 13 
1021 10 1041 145 F: 5 2 3 
1028 10 1038 142 F: 10 
1042 9 1078 33 F: 4 4 1 
1047 8 1063 373 F: 3 3 2 
1050 7 1071 314 F: 4 1 2 
1052 8 1076 405 F: 4 2 2 
1061 10 1071 432 F: 10 
1063 11 1085 374 F: 5 2 4 
1069 12 1117 169 F: 5 3 4 
1079 10 1119 178 F: 4 6 
1083 5 1098 8 F: 5 
1083 9 1119 422 F: 3 6 
1085 11 1118 108 F: 4 3 4 
1085 13 1137 231 F: 13 
1090 10 1130 150 F: 10 
1092 8 1124 377 F: 3 1 4 
1095 12 1107 167 F: 12 
1100 6 1112 317 F: 2 1 3 
1103 5 1123 145 F: 2 3 
1103 10 1123 190 F: 5 3 2 
1107 9 1116 130 F: 5 3 1 
1109 11 1120 230 F: 11 
1110 6 1122 296 F: 6 
1116 6 1140 378 F: 5 1 
1121 11 1143 47 F: 4 4 3 
1123 3 1126 445 F: 3 
1145 5 1165 247 F: 5 
1146 11 1179 40 F: 11 
1148 8 1180 334 F: 4 3 1 
1156 8 1172 234 F: 5 3 
1161 7 1182 282 F: 3 4 
1163 2 1165 280 F: 2 
1180 10 1190 127 F: 5 2 3 
1180 11 1213 124 F: 4 4 3 
1185 13 1198 429 F: 13 
1189 10 1199 82 F: 5 4 1 
1191 10 1211 229 F: 5 5 
1200 12 1248 50 F: 12 
1213 8 1229 150 F: 2 3 3 
1214 11 1258 223 F: 5 6 
1215 13 1228 150 F: 7 6 
1220 10 1260 416 F: 5 1 4 
1225 7 1246 410 F: 7 
1229 12 1241 271 F: 7 5 
1234 9 1243 416 F: 9 
1245 5 1250 353 F: 4 1 
1247 9 1274 382 F: 3 4 2 
1254 10 1284 448 F: 10 
1257 5 1272 136 F: 5 
1260 12 1296 233 F: 4 4 4 
1262 8 1286 341 F: 2 3 3 
1272 13 1285 202 F: 13 
1274 8 1290 359 F: 4 3 1 
1281 7 1295 366 F: 2 5 
1289 4 1297 8 F: 4 
1289 12 1301 6 F: 12 
1298 12 1346 9 F: 12 
1305 8 1337 2 F: 3 2 3 
1305 11 1349 376 F: 7 4 
1307 10 1317 318 F: 10 
1307 13 1320 375 F: 13 
1322 2 1328 89 F: 2 
1325 7 1339 298 F: 7 
1330 5 1345 269 F: 3 2 
1332 8 1356 395 F: 3 1 4 
1342 5 1352 157 F: 5 
1356 6 1380 343 F: 2 4 
1356 8 1388 278 F: 4 4 
1359 8 1367 437 F: 3 2 3 
1361 5 1376 401 F: 2 3 
1367 10 1397 281 F: 4 2 4 
1374 10 1404 232 F: 7 3 
1376 8 1400 89 F: 2 4 2 
1382 6 1394 75 F: 3 3 
1386 9 1404 261 F: 4 1 4 
1391 12 1427 217 F: 4 4 4 
1397 8 1413 292 F: 8 
1406 7 1427 253 F: 6 1 
1408 9 1417 341 F: 9 
1410 8 1426 321 F: 6 2 
1418 8 1442 92 F: 2 6 
1419 6 1425 350 F: 3 2 1 
1419 7 1447 387 F: 2 2 3 
1433 8 1441 130 F: 3 5 
1440 12 1464 365 F: 7 5 
1441 9 1477 360 F: 4 5 
1454 10 1464 271 F: 10 
1459 8 1483 287 F: 4 3 1 
1465 9 1492 158 F: 5 4 
1468 7 1475 287 F: 2 3 2 
1471 12 1495 241 F: 4 4 4 
1480 9 1507 259 F: 3 2 4 
1484 12 1532 19 F: 12 
1488 9 1506 235 F: 6 3 
1490 5 1505 94 F: 4 1 
1491 6 1497 409 F: 3 1 2 
1497 11 1541 301 F: 11 
1500 8 1508 20 F: 2 3 3 
1503 5 1518 171 F: 2 1 2 
1505 4 1521 332 F: 2 1 1 
1508 9 1535 212 F: 3 6 
1519 12 1531 294 F: 5 4 3 
1523 11 1567 449 F: 3 4 4 
1529 6 1547 120 F: 2 4 
1541 13 1580 358 F: 5 4 4 
1545 10 1555 450 F: 7 3 
1545 10 1575 243 F: 10 
1552 9 1561 5 F: 2 4 3 
1552 9 1561 77 F: 2 3 4 
1556 8 1588 443 F: 8 
1556 10 1576 38 F: 10 
1566 6 1590 404 F: 2 4 
1570 4 1586 242 F: 3 1 
1574 10 1584 351 F: 7 3 
1580 7 1608 417 F: 3 2 2 
1581 9 1608 28 F: 4 2 3 
1583 2 1589 34 F: 2 
1600 11 1644 283 F: 11 
1607 8 1639 379 F: 7 1 
1631 11 1642 143 F: 11 
1635 6 1653 84 F: 3 1 2 
1635 12 1647 156 F: 5 3 4 
1640 12 1688 19 F: 7 5 
1641 2 1649 156 F: 2 
1643 5 1658 347 F: 5 
1653 6 1665 416 F: 6 
1664 4 1680 294 F: 4 
1669 8 1693 406 F: 4 3 1 
1670 11 1703 368 F: 5 6 
1674 7 1688 81 F: 2 3 2 
1675 7 1682 103 F: 4 3 
1683 9 1701 102 F: 4 5 
1684 4 1692 434 F: 3 1 
1689 10 1719 109 F: 10 
1692 13 1731 114 F: 13 
1693 8 1709 125 F: 4 2 2 
1694 10 1724 259 F: 10 
1710 5 1725 267 F: 2 2 1 
1729 11 1773 353 F: 11 
1741 10 1761 396 F: 10 
1743 13 1769 363 F: 13 
1744 10 1784 118 F: 7 3 
1754 6 1760 201 F: 2 2 2 
1755 8 1763 59 F: 4 4 
1762 5 1767 6 F: 5 
1767 10 1787 107 F: 5 2 3 
1771 5 1786 236 F: 5 
1777 6 1801 26 F: 2 4 
1780 6 1798 228 F: 3 2 1 
1781 10 1821 171 F: 4 4 2 
1786 7 1807 148 F: 5 2 
1787 9 1814 290 F: 6 3 
1789 10 1829 279 F: 5 1 4 
1790 7 1818 194 F: 4 3 
1791 12 1815 41 F: 5 3 4 
1797 5 1812 51 F: 3 2 
1799 6 1805 95 F: 6 
1805 9 1814 117 F: 5 1 3 
1809 9 1818 26 F: 6 3 
1811 10 1841 60 F: 10 
1817 9 1844 174 F: 4 5 
1818 2 1822 366 F: 2 
1819 13 1871 234 F: 7 6 
1826 11 1848 5 F: 4 4 3 
1827 8 1851 396 F: 8 
1827 9 1836 92 F: 3 3 3 
1834 7 1862 143 F: 2 1 4 
1838 7 1845 88 F: 7 
1844 7 1851 201 F: 7 
1844 7 1872 405 F: 4 2 1 
1858 4 1874 169 F: 4 
1863 5 1878 255 F: 5 
1864 8 1872 411 F: 8 
1873 6 1879 408 F: 3 1 2 
1876 5 1886 93 F: 2 1 2 
1888 11 1932 251 F: 11 
1899 13 1912 368 F: 13 
1915 8 1947 24 F: 4 1 3 
1919 11 1952 169 F: 7 4 
1920 7 1941 7 F: 2 4 1 
1923 7 1944 343 F: 2 3 2 
1923 8 1955 16 F: 4 4 
1930 4 1946 448 F: 3 1 
1937 12 1985 214 F: 6 6 
1939 9 1957 133 F: 6 3 
1942 10 1962 334 F: 10 
1944 9 1962 196 F: 9 
1947 9 1983 131 F: 9 
1957 13 2009 415 F: 13 
1964 4 1972 67 F: 3 1 
1967 10 1997 39 F: 5 5 
1970 9 1988 311 F: 3 4 2 
1972 8 1988 138 F: 8 
1973 9 2009 283 F: 9 
1992 8 2000 376 F: 3 1 4 
1998 7 2005 286 F: 3 3 1 
1999 10 2039 370 F: 5 5 
2006 10 2016 113 F: 4 3 3 
2007 10 2027 411 F: 6 4 
2014 6 2032 342 F: 5 1 
2014 9 2050 431 F: 9 
2033 3 2036 340 F: 3 
2034 9 2061 200 F: 5 4 
2035 6 2041 362 F: 2 2 2 
2037 7 2058 237 F: 2 2 3 
2039 10 2069 374 F: 3 4 3 
2045 3 2048 87 F: 3 
2052 6 2064 134 F: 3 1 2 
2057 3 2066 58 F: 3 
2059 12 2071 65 F: 12 
2064 10 2094 393 F: 10 
2072 7 2086 302 F: 3 4 
2072 7 2100 362 F: 2 3 2 
2075 10 2095 429 F: 4 3 3 
2087 6 2105 253 F: 2 4 
2089 9 2098 337 F: 9 
2098 6 2122 405 F: 5 1 
2100 10 2120 242 F: 4 3 3 
2103 7 2131 444 F: 6 1 
2114 4 2126 441 F: 4 
2117 5 2127 10 F: 2 2 1 
2123 11 2134 338 F: 5 2 4 
2126 7 2147 309 F: 5 2 
2130 4 2146 215 F: 3 1 
2131 11 2175 304 F: 4 4 3 
2132 9 2150 427 F: 3 2 4 
2141 12 2153 106 F: 5 3 4 
2150 3 2153 311 F: 2 1 
2160 4 2176 426 F: 3 1 
2173 9 2191 105 F: 9 
2176 13 2215 139 F: 13 
2179 12 2191 86 F: 12 
2186 8 2202 240 F: 3 1 4 
2187 3 2199 437 F: 2 1 
2190 9 2199 275 F: 3 6 
2191 7 2219 157 F: 7 
2198 8 2222 196 F: 4 3 1 
2203 11 2236 376 F: 11 
2225 5 2240 292 F: 5 
2225 8 2249 28 F: 2 2 4 
2232 12 2280 73 F: 5 4 3 
2252 4 2260 253 F: 2 2 
2252 13 2265 398 F: 13 
2285 12 2297 302 F: 12 
2288 8 2312 34 F: 7 1 
2290 7 2318 124 F: 7 
2296 9 2323 391 F: 5 3 1 
D: 1 34 
D: 2 439 
D: 4 411 
D: 6 200 
D: 8 163 
D: 29 274 
D: 32 213 
D: 61 387 
D: 63 181 
D: 66 255 
D: 84 447 
D: 95 323 
D: 97 384 
D: 101 186 
D: 113 144 
D: 118 125 
D: 123 422 
D: 126 247 
D: 129 158 
D: 146 161 
D: 154 253 
D: 158 198 
D: 159 364 
D: 171 240 
D: 190 397 
D: 192 274 
D: 196 301 
D: 200 248 
D: 210 430 
D: 215 280 
D: 217 448 
D: 224 380 
D: 234 407 
D: 241 287 
D: 257 396 
D: 261 384 
D: 283 302 
D: 294 384 
D: 296 427 
D: 305 372 
D: 311 352 
D: 351 353 
D: 362 423 
D: 388 399 
D: 405 444 
