0 5 5 180 F: 4 1 
16 12 64 190 F: 4 4 4 
19 9 46 115 F: 9 
20 9 38 214 F: 4 3 2 
20 11 42 194 F: 5 6 
24 4 28 74 F: 3 1 
25 11 58 214 F: 11 
33 3 36 8 F: 3 
40 3 46 276 F: 2 1 
57 6 69 71 F: 2 1 3 
66 12 78 250 F: 12 
68 11 112 328 F: 3 4 4 
69 8 77 460 F: 3 3 2 
71 11 93 326 F: 3 4 4 
82 8 98 293 F: 6 2 
82 10 112 158 F: 5 5 
84 6 96 473 F: 4 1 1 
87 5 102 150 F: 5 
90 5 100 92 F: 5 
93 9 102 451 F: 4 4 1 
104 12 128 150 F: 7 5 
109 7 116 496 F: 3 4 
115 10 145 331 F: 4 4 2 
129 7 136 163 F: 7 
141 9 159 362 F: 6 3 
144 10 164 481 F: 10 
145 6 169 167 F: 2 1 3 
155 4 171 414 F: 4 
158 10 168 289 F: 2 4 4 
159 7 173 293 F: 2 4 1 
164 10 184 145 F: 7 3 
167 8 183 482 F: 7 1 
168 8 192 80 F: 8 
169 6 187 242 F: 3 3 
175 7 182 158 F: 7 
178 8 210 461 F: 2 4 2 
189 9 225 327 F: 6 3 
192 7 220 412 F: 2 5 
193 9 211 113 F: 9 
198 8 214 89 F: 7 1 
211 5 226 423 F: 2 2 1 
226 11 237 317 F: 11 
228 13 241 202 F: 5 4 4 
232 10 272 7 F: 4 6 
238 12 274 172 F: 7 5 
244 5 249 51 F: 5 
245 4 257 307 F: 4 
248 6 266 372 F: 2 1 3 
250 8 282 384 F: 3 4 1 
252 4 260 34 F: 4 
255 10 285 46 F: 4 3 3 
259 9 268 195 F: 3 3 3 
262 13 288 413 F: 13 
266 9 284 417 F: 4 2 3 
270 11 314 340 F: 6 5 
276 8 308 256 F: 6 2 
278 9 287 363 F: 4 4 1 
282 9 309 488 F: 9 
291 7 319 216 F: 3 3 1 
292 10 322 228 F: 4 2 4 
303 9 339 135 F: 3 6 
315 8 331 116 F: 4 3 1 
317 2 321 146 F: 2 
321 9 339 205 F: 3 3 3 
322 6 346 199 F: 5 1 
328 6 340 348 F: 5 1 
338 8 354 473 F: 5 1 2 
340 7 354 175 F: 5 2 
340 9 358 457 F: 9 
349 12 385 427 F: 5 4 3 
350 7 371 169 F: 2 2 3 
356 11 400 372 F: 4 4 3 
362 5 372 344 F: 2 1 2 
364 12 376 34 F: 12 
375 13 414 470 F: 13 
382 9 400 19 F: 9 
389 8 397 10 F: 7 1 
391 10 431 335 F: 10 
392 13 431 492 F: 7 6 
397 2 405 138 F: 2 
400 5 405 463 F: 3 2 
411 11 433 306 F: 11 
412 10 422 375 F: 10 
415 3 418 230 F: 3 
416 12 464 481 F: 12 
431 4 447 53 F: 2 2 
439 11 483 472 F: 5 2 4 
440 8 472 52 F: 2 4 2 
441 9 468 454 F: 6 3 
452 12 500 379 F: 5 3 4 
464 2 468 417 F: 2 
465 8 489 185 F: 8 
467 7 474 445 F: 7 
468 6 492 457 F: 3 1 2 
468 8 476 177 F: 2 2 4 
472 8 480 375 F: 3 2 3 
475 8 499 314 F: 3 5 
476 11 487 234 F: 11 
494 6 518 221 F: 3 1 2 
496 7 503 471 F: 5 2 
510 7 524 465 F: 5 1 1 
519 9 528 280 F: 3 6 
529 11 573 411 F: 6 5 
534 13 560 244 F: 7 6 
541 7 555 151 F: 2 2 3 
544 12 556 300 F: 6 6 
550 8 566 166 F: 4 3 1 
551 9 560 471 F: 9 
553 7 581 450 F: 2 1 4 
559 10 599 163 F: 4 4 2 
567 7 595 62 F: 7 
569 3 581 101 F: 2 1 
570 10 580 402 F: 10 
571 9 589 190 F: 5 3 1 
573 13 599 419 F: 13 
574 6 586 142 F: 6 
584 5 604 139 F: 5 
586 6 592 1 F: 2 4 
588 6 606 47 F: 3 2 1 
588 9 606 464 F: 5 3 1 
603 7 631 476 F: 2 1 4 
610 4 618 70 F: 4 
610 9 628 72 F: 5 4 
616 9 643 236 F: 9 
620 7 641 380 F: 2 5 
624 7 631 257 F: 4 3 
636 12 672 418 F: 5 3 4 
641 4 645 41 F: 4 
648 8 680 131 F: 8 
652 8 676 174 F: 2 6 
662 10 672 245 F: 3 3 4 
663 6 675 357 F: 6 
666 6 684 173 F: 5 1 
674 6 692 310 F: 3 1 2 
677 6 689 494 F: 3 1 2 
681 7 709 500 F: 5 2 
683 10 723 62 F: 2 4 4 
688 10 728 316 F: 4 2 4 
690 11 712 14 F: 7 4 
699 3 702 475 F: 3 
705 5 710 166 F: 2 3 
705 5 720 107 F: 3 2 
710 8 734 465 F: 2 6 
720 12 768 162 F: 7 5 
725 8 757 14 F: 5 1 2 
730 6 736 219 F: 5 1 
731 9 749 75 F: 7 2 
733 11 766 283 F: 11 
736 7 743 18 F: 2 3 2 
737 6 743 326 F: 3 2 1 
739 3 751 352 F: 3 
743 5 758 205 F: 3 1 1 
744 8 768 111 F: 8 
746 5 766 252 F: 3 2 
751 3 760 1 F: 2 1 
773 8 797 364 F: 4 4 
779 11 823 289 F: 7 4 
790 10 810 269 F: 10 
791 9 809 345 F: 5 4 
799 5 819 212 F: 2 3 
801 9 819 328 F: 4 3 2 
802 5 807 110 F: 2 2 1 
806 11 828 1 F: 11 
813 7 834 217 F: 7 
822 10 862 353 F: 7 3 
836 10 856 340 F: 4 6 
843 8 867 332 F: 8 
855 9 882 356 F: 5 4 
860 9 887 249 F: 5 2 2 
863 9 872 476 F: 5 2 2 
865 7 893 123 F: 3 4 
870 11 881 9 F: 4 4 3 
877 8 901 490 F: 4 4 
880 7 908 428 F: 6 1 
880 12 928 385 F: 12 
884 3 893 298 F: 3 
892 10 912 239 F: 10 
893 9 929 484 F: 3 3 3 
895 13 934 433 F: 13 
896 8 920 488 F: 3 5 
901 6 919 492 F: 5 1 
903 8 919 488 F: 4 4 
904 10 914 30 F: 6 4 
911 10 931 337 F: 5 5 
919 10 959 280 F: 2 4 4 
921 10 941 414 F: 2 4 4 
922 9 940 454 F: 3 3 3 
927 9 963 97 F: 4 3 2 
933 11 944 18 F: 11 
936 10 966 275 F: 5 2 3 
944 5 954 424 F: 2 3 
947 6 965 146 F: 6 
965 9 992 374 F: 4 2 3 
968 10 978 270 F: 10 
970 8 994 345 F: 8 
976 5 986 226 F: 5 
979 6 985 163 F: 5 1 
980 8 1004 120 F: 2 4 2 
987 9 1005 76 F: 5 2 2 
996 4 1004 248 F: 2 2 
1000 7 1021 301 F: 3 1 3 
1005 6 1023 70 F: 5 1 
1006 7 1027 496 F: 2 2 3 
1007 7 1021 124 F: 6 1 
1014 3 1020 409 F: 2 1 
1016 8 1048 220 F: 2 3 3 
1026 2 1028 149 F: 2 
1033 9 1060 431 F: 5 2 2 
1037 7 1065 433 F: 4 1 2 
1038 8 1046 383 F: 4 1 3 
1048 7 1062 290 F: 7 
1053 4 1061 405 F: 4 
1056 8 1080 366 F: 2 6 
1060 9 1069 202 F: 4 5 
1062 12 1110 488 F: 12 
1064 6 1076 373 F: 3 3 
1066 9 1093 383 F: 4 2 3 
1078 9 1105 458 F: 5 4 
1097 8 1113 469 F: 2 2 4 
1098 4 1114 443 F: 3 1 
1104 4 1120 219 F: 4 
1109 9 1136 259 F: 4 5 
1110 7 1124 49 F: 5 1 1 
1110 10 1140 149 F: 10 
1118 4 1134 401 F: 2 2 
1122 7 1129 459 F: 7 
1129 7 1157 72 F: 7 
1141 9 1177 312 F: 9 
1149 7 1177 123 F: 5 2 
1152 10 1172 392 F: 4 6 
1153 5 1158 469 F: 5 
1153 9 1189 60 F: 5 4 
1156 5 1161 169 F: 3 1 1 
1161 7 1182 437 F: 7 
1172 5 1192 265 F: 5 
1175 7 1196 431 F: 2 4 1 
1185 10 1195 212 F: 10 
1190 6 1208 49 F: 3 3 
1190 10 1200 4 F: 5 2 3 
1193 6 1205 253 F: 3 3 
1206 10 1246 35 F: 7 3 
1227 11 1271 178 F: 3 4 4 
1232 8 1256 102 F: 2 6 
1240 3 1249 2 F: 3 
1243 9 1261 471 F: 9 
1247 10 1267 416 F: 5 3 2 
1250 3 1262 80 F: 3 
1253 11 1275 120 F: 11 
1254 11 1276 426 F: 3 4 4 
1257 12 1293 42 F: 4 4 4 
1261 11 1305 466 F: 6 5 
1263 6 1269 354 F: 4 1 1 
1265 11 1309 193 F: 11 
1267 6 1291 379 F: 5 1 
1268 10 1288 166 F: 10 
1273 8 1305 49 F: 5 1 2 
1274 3 1280 244 F: 2 1 
1295 5 1300 258 F: 4 1 
1295 6 1307 469 F: 3 2 1 
1297 12 1321 56 F: 6 6 
1311 10 1341 137 F: 3 3 4 
1312 8 1328 26 F: 4 2 2 
1315 7 1336 318 F: 7 
1315 8 1339 236 F: 2 2 4 
1317 9 1326 152 F: 5 2 2 
1322 7 1350 363 F: 2 5 
1328 9 1364 327 F: 3 6 
1331 7 1352 285 F: 7 
1334 4 1346 111 F: 2 1 1 
1335 12 1359 335 F: 7 5 
1337 10 1347 286 F: 4 6 
1338 8 1354 499 F: 3 1 4 
1341 9 1359 224 F: 5 4 
1345 7 1373 73 F: 2 3 2 
1349 8 1357 477 F: 2 2 4 
1365 7 1386 411 F: 7 
1369 10 1399 418 F: 5 5 
1374 11 1418 487 F: 11 
1377 11 1410 451 F: 4 4 3 
1378 12 1426 79 F: 6 6 
1400 10 1410 466 F: 4 2 4 
1405 9 1441 310 F: 5 4 
1410 11 1443 203 F: 5 6 
1411 6 1417 420 F: 3 1 2 
1414 13 1427 255 F: 13 
1418 10 1438 25 F: 10 
1420 10 1460 70 F: 5 3 2 
1430 13 1469 392 F: 13 
1441 9 1477 58 F: 9 
1442 4 1446 47 F: 3 1 
1451 12 1499 485 F: 5 3 4 
1460 8 1476 198 F: 5 1 2 
1461 12 1497 129 F: 7 5 
1465 5 1475 295 F: 3 2 
1472 8 1488 366 F: 4 3 1 
1477 9 1513 248 F: 6 3 
1479 7 1500 186 F: 6 1 
1491 10 1511 294 F: 5 5 
1496 6 1514 390 F: 3 2 1 
1498 13 1550 314 F: 13 
1502 9 1529 115 F: 6 3 
1504 5 1524 418 F: 4 1 
1508 4 1520 397 F: 2 1 1 
1511 9 1529 28 F: 7 2 
1517 7 1545 170 F: 2 1 4 
1528 11 1539 441 F: 5 6 
1530 9 1566 252 F: 3 2 4 
1531 10 1541 475 F: 4 6 
1536 5 1546 342 F: 3 2 
1543 9 1561 403 F: 5 3 1 
1543 11 1565 372 F: 4 4 3 
1546 6 1564 279 F: 3 2 1 
1549 7 1577 66 F: 2 5 
1562 4 1578 61 F: 4 
1565 2 1567 99 F: 2 
1566 12 1614 215 F: 12 
1585 4 1601 423 F: 4 
1587 11 1598 51 F: 7 4 
1589 9 1625 190 F: 9 
1590 11 1634 195 F: 11 
1610 9 1646 490 F: 9 
1612 7 1633 291 F: 2 5 
1613 13 1652 414 F: 7 6 
1614 3 1620 54 F: 3 
1614 4 1618 125 F: 3 1 
1615 8 1639 266 F: 2 3 3 
1620 10 1650 238 F: 5 5 
1620 12 1644 65 F: 12 
1622 8 1654 497 F: 4 4 
1636 6 1654 25 F: 3 1 2 
1639 11 1683 383 F: 6 5 
1651 9 1687 201 F: 5 1 3 
1653 11 1675 157 F: 6 5 
1660 5 1675 103 F: 5 
1663 10 1693 190 F: 3 4 3 
1666 7 1680 485 F: 7 
1670 8 1678 391 F: 2 2 4 
1681 6 1699 254 F: 6 
1694 8 1710 65 F: 2 2 4 
1695 11 1739 51 F: 5 4 2 
1705 3 1714 3 F: 3 
1709 10 1729 303 F: 4 3 3 
1722 7 1743 122 F: 7 
1736 6 1760 413 F: 6 
1737 8 1769 213 F: 5 3 
1739 3 1748 340 F: 3 
1742 10 1762 460 F: 7 3 
1747 4 1751 479 F: 4 
1753 11 1764 68 F: 5 6 
1754 11 1776 432 F: 11 
1757 2 1759 367 F: 2 
1760 12 1808 386 F: 12 
1763 6 1769 142 F: 2 2 2 
1764 9 1773 167 F: 4 5 
1771 13 1810 438 F: 7 6 
1773 6 1797 427 F: 4 1 1 
1773 7 1787 259 F: 7 
1785 10 1795 401 F: 5 2 3 
1788 5 1803 232 F: 2 3 
1799 7 1827 36 F: 7 
1806 6 1830 423 F: 2 4 
1808 10 1838 190 F: 10 
1820 7 1841 137 F: 7 
1828 6 1834 214 F: 2 4 
1834 8 1850 483 F: 4 2 2 
1841 4 1857 21 F: 2 2 
1847 10 1877 78 F: 4 3 3 
1850 10 1860 200 F: 5 1 4 
1855 7 1883 452 F: 5 2 
1862 7 1876 18 F: 7 
1863 9 1899 261 F: 6 3 
1867 10 1907 479 F: 5 5 
1869 5 1879 224 F: 5 
1878 7 1906 57 F: 2 4 1 
1880 7 1901 298 F: 4 1 2 
1880 8 1904 299 F: 2 2 4 
1882 9 1891 376 F: 7 2 
1889 12 1925 147 F: 5 3 4 
1891 8 1899 91 F: 7 1 
1892 9 1928 28 F: 4 5 
1905 10 1925 229 F: 3 4 3 
1910 9 1919 170 F: 7 2 
1918 3 1927 400 F: 3 
1919 8 1951 217 F: 4 1 3 
1924 10 1954 140 F: 10 
1925 6 1943 438 F: 2 1 3 
1926 13 1978 318 F: 13 
1928 5 1933 216 F: 5 
1941 6 1947 239 F: 2 3 1 
1941 8 1973 185 F: 2 6 
1942 13 1968 309 F: 7 6 
1946 9 1982 293 F: 3 6 
1955 12 1979 107 F: 6 6 
1958 4 1974 304 F: 4 
1960 8 1984 371 F: 4 4 
1963 11 1985 304 F: 5 2 4 
1966 13 1979 174 F: 13 
1967 6 1991 222 F: 3 3 
1968 9 1977 81 F: 9 
1973 9 2009 196 F: 5 3 1 
2000 9 2027 380 F: 3 4 2 
2008 8 2024 51 F: 8 
2021 7 2049 56 F: 4 3 
2034 2 2040 348 F: 2 
2037 8 2061 272 F: 2 3 3 
2041 8 2049 239 F: 3 5 
2042 6 2054 31 F: 6 
2044 12 2092 391 F: 7 5 
2048 7 2076 173 F: 2 1 4 
2051 12 2099 360 F: 12 
2052 10 2072 299 F: 5 4 1 
2055 9 2064 39 F: 9 
2059 2 2065 137 F: 2 
2061 5 2071 298 F: 2 3 
2064 8 2096 182 F: 8 
2065 10 2075 202 F: 10 
2076 13 2128 308 F: 13 
2080 8 2112 224 F: 2 6 
2083 8 2099 235 F: 3 2 3 
2091 9 2109 251 F: 5 3 1 
2111 3 2114 48 F: 3 
2114 11 2158 18 F: 6 5 
2133 12 2145 276 F: 6 6 
2145 13 2158 33 F: 7 6 
2147 5 2167 447 F: 5 
2148 7 2162 359 F: 7 
2153 13 2192 240 F: 13 
2154 10 2164 120 F: 5 3 2 
2154 11 2198 360 F: 4 4 3 
2156 6 2174 414 F: 3 3 
2169 11 2191 276 F: 5 4 2 
2171 7 2185 109 F: 3 2 2 
2174 12 2198 437 F: 12 
2177 5 2187 16 F: 2 3 
2178 7 2185 330 F: 2 5 
2189 7 2196 439 F: 3 4 
2189 10 2229 195 F: 6 4 
2191 6 2203 162 F: 6 
2199 9 2208 190 F: 2 4 3 
2199 10 2229 69 F: 5 5 
2202 12 2214 405 F: 12 
2208 3 2217 453 F: 2 1 
2213 10 2243 476 F: 4 6 
2215 8 2247 414 F: 4 3 1 
2217 9 2253 11 F: 5 4 
2228 7 2256 136 F: 3 1 3 
2229 11 2251 266 F: 5 6 
2232 10 2242 269 F: 4 3 3 
2233 5 2248 417 F: 2 2 1 
2237 7 2265 250 F: 7 
2242 6 2266 80 F: 3 2 1 
2245 7 2252 499 F: 5 2 
2246 7 2260 35 F: 5 2 
2250 7 2278 404 F: 5 1 1 
2255 13 2281 439 F: 13 
2270 12 2306 438 F: 12 
2272 12 2284 8 F: 5 4 3 
2276 4 2284 400 F: 3 1 
2284 8 2308 396 F: 4 1 3 
2296 4 2300 30 F: 3 1 
2300 6 2306 134 F: 2 2 2 
2308 9 2335 413 F: 9 
2310 6 2328 289 F: 2 4 
2311 5 2316 227 F: 5 
2314 6 2326 4 F: 6 
2318 6 2330 58 F: 3 3 
2322 9 2331 191 F: 9 
2345 2 2347 362 F: 2 
2345 9 2363 7 F: 4 2 3 
2356 8 2364 31 F: 3 5 
2357 2 2365 482 F: 2 
2361 11 2383 388 F: 4 3 4 
2367 4 2383 187 F: 3 1 
2370 6 2394 486 F: 2 2 2 
2373 7 2380 471 F: 2 4 1 
2380 10 2410 152 F: 10 
2382 6 2388 123 F: 6 
2386 12 2398 357 F: 4 4 4 
2388 4 2404 96 F: 4 
2397 4 2413 319 F: 3 1 
2408 8 2416 336 F: 4 3 1 
2411 10 2451 438 F: 10 
2422 10 2452 114 F: 10 
2426 9 2435 385 F: 3 3 3 
2430 6 2436 321 F: 2 1 3 
2432 7 2453 239 F: 2 2 3 
2445 9 2481 249 F: 6 3 
2446 7 2467 491 F: 6 1 
2447 4 2463 385 F: 3 1 
2448 6 2472 337 F: 2 1 3 
2450 12 2498 331 F: 12 
2454 11 2498 305 F: 11 
2459 7 2487 176 F: 3 1 3 
2461 9 2470 288 F: 7 2 
2462 12 2486 77 F: 12 
2482 9 2491 78 F: 3 6 
2487 8 2519 247 F: 3 2 3 
2491 11 2502 438 F: 5 4 2 
2493 11 2537 322 F: 5 6 
2496 9 2514 2 F: 5 2 2 
D: 2 433 
D: 11 278 
D: 19 148 
D: 25 450 
D: 28 384 
D: 37 130 
D: 45 436 
D: 45 452 
D: 46 309 
D: 50 300 
D: 50 427 
D: 55 206 
D: 55 441 
D: 60 416 
D: 66 294 
D: 68 219 
D: 77 404 
D: 85 472 
D: 86 174 
D: 88 109 
D: 90 237 
D: 96 251 
D: 99 128 
D: 103 169 
D: 109 314 
D: 109 436 
D: 137 179 
D: 143 427 
D: 148 280 
D: 150 390 
D: 168 316 
D: 179 232 
D: 179 281 
D: 186 458 
D: 188 315 
D: 198 203 
D: 199 400 
D: 201 470 
D: 212 455 
D: 236 334 
D: 251 466 
D: 253 367 
D: 267 436 
D: 283 473 
D: 293 352 
D: 299 418 
D: 310 371 
D: 341 361 
D: 360 424 
D: 363 371 
