3 6 15 37 F: 3 3 
6 9 42 87 F: 4 2 3 
11 7 25 324 F: 3 3 1 
15 5 20 368 F: 2 3 
27 5 42 381 F: 3 1 1 
27 10 47 73 F: 2 4 4 
32 10 62 67 F: 6 4 
34 8 42 177 F: 4 1 3 
40 9 76 124 F: 3 6 
50 5 60 437 F: 3 2 
58 8 90 39 F: 8 
59 12 107 317 F: 12 
63 9 90 364 F: 3 2 4 
70 11 103 229 F: 11 
71 6 77 468 F: 6 
82 6 106 324 F: 2 4 
94 8 118 253 F: 3 1 4 
94 8 118 399 F: 4 1 3 
98 5 103 151 F: 3 1 1 
99 8 123 207 F: 5 2 1 
100 9 136 276 F: 6 3 
102 13 128 495 F: 13 
105 10 145 390 F: 5 2 3 
114 5 129 425 F: 5 
117 2 119 445 F: 2 
123 8 147 78 F: 3 4 1 
123 8 147 302 F: 7 1 
135 7 149 479 F: 4 3 
136 6 142 167 F: 6 
137 6 149 315 F: 6 
139 9 157 360 F: 4 2 3 
164 9 173 84 F: 5 2 2 
177 3 189 436 F: 3 
177 8 193 459 F: 2 4 2 
179 7 186 236 F: 5 2 
184 10 224 408 F: 6 4 
186 9 204 123 F: 9 
189 7 203 157 F: 7 
190 3 202 341 F: 2 1 
196 10 236 125 F: 5 5 
201 5 216 35 F: 5 
202 11 246 306 F: 5 6 
204 9 213 306 F: 5 4 
211 11 222 303 F: 6 5 
213 11 235 87 F: 7 4 
215 8 239 458 F: 7 1 
229 8 261 317 F: 3 4 1 
230 8 262 334 F: 2 2 4 
238 6 262 45 F: 4 1 1 
246 9 255 73 F: 6 3 
252 9 261 76 F: 6 3 
256 9 274 160 F: 9 
263 4 271 290 F: 2 1 1 
266 7 287 423 F: 6 1 
286 8 310 367 F: 8 
288 5 308 82 F: 3 2 
291 6 315 196 F: 6 
295 6 313 496 F: 3 2 1 
299 7 327 335 F: 7 
299 10 309 153 F: 10 
302 13 341 211 F: 13 
303 2 307 201 F: 2 
317 6 341 305 F: 6 
321 8 353 52 F: 4 3 1 
331 7 338 254 F: 3 3 1 
332 10 362 139 F: 10 
338 7 352 450 F: 5 2 
340 9 367 57 F: 7 2 
344 7 372 431 F: 3 1 3 
348 10 358 435 F: 10 
353 12 365 82 F: 7 5 
359 10 399 155 F: 10 
362 13 388 475 F: 7 6 
379 8 411 250 F: 3 3 2 
380 3 389 481 F: 3 
387 10 427 67 F: 7 3 
391 7 398 26 F: 3 1 3 
394 8 410 395 F: 3 5 
394 8 426 107 F: 7 1 
396 8 404 464 F: 3 4 1 
400 4 404 153 F: 3 1 
402 6 420 114 F: 4 1 1 
407 2 411 151 F: 2 
408 10 438 451 F: 2 4 4 
416 11 449 17 F: 4 3 4 
430 6 454 448 F: 6 
431 10 451 321 F: 6 4 
436 9 445 436 F: 4 5 
448 6 454 483 F: 6 
460 11 482 315 F: 3 4 4 
462 3 471 232 F: 3 
464 12 512 37 F: 7 5 
467 10 507 127 F: 4 6 
484 8 500 15 F: 3 4 1 
487 6 493 57 F: 4 2 
487 7 494 313 F: 3 4 
494 7 515 401 F: 2 1 4 
496 9 505 487 F: 2 3 4 
497 6 509 272 F: 6 
498 13 511 267 F: 13 
502 11 535 232 F: 11 
504 12 528 197 F: 12 
506 8 514 21 F: 3 4 1 
506 11 539 105 F: 7 4 
524 6 530 345 F: 3 3 
524 13 576 71 F: 7 6 
536 8 544 465 F: 8 
537 8 561 349 F: 6 2 
539 10 569 274 F: 5 5 
545 7 566 241 F: 4 1 2 
555 8 587 185 F: 2 6 
559 13 598 267 F: 7 6 
562 7 576 346 F: 2 4 1 
564 8 588 336 F: 4 1 3 
567 10 587 251 F: 10 
575 6 593 433 F: 3 3 
578 10 618 324 F: 6 4 
582 2 588 253 F: 2 
584 6 608 191 F: 4 2 
585 13 598 58 F: 7 6 
607 8 623 249 F: 2 6 
609 9 627 138 F: 4 5 
609 11 631 315 F: 4 3 4 
616 10 636 27 F: 4 3 3 
620 3 629 23 F: 2 1 
620 7 627 96 F: 2 1 4 
621 11 632 279 F: 5 3 3 
624 8 656 305 F: 5 2 1 
647 4 655 434 F: 2 2 
648 6 672 37 F: 3 3 
657 12 669 36 F: 6 6 
667 6 685 224 F: 3 3 
668 8 692 276 F: 5 2 1 
671 5 686 27 F: 5 
671 12 683 267 F: 12 
678 12 702 109 F: 12 
684 7 698 267 F: 2 4 1 
691 9 700 217 F: 9 
695 4 703 127 F: 2 2 
699 9 726 343 F: 3 2 4 
701 4 717 126 F: 4 
703 7 710 18 F: 2 1 4 
705 8 729 55 F: 3 4 1 
705 9 741 346 F: 5 4 
707 8 715 278 F: 2 6 
708 10 748 173 F: 5 4 1 
720 4 724 31 F: 4 
726 8 758 382 F: 3 5 
731 5 751 198 F: 5 
734 6 740 353 F: 5 1 
734 12 746 46 F: 6 6 
740 2 748 493 F: 2 
755 9 773 380 F: 5 2 2 
764 9 773 377 F: 9 
770 3 773 419 F: 3 
772 9 781 345 F: 9 
774 13 787 349 F: 13 
785 7 806 455 F: 4 3 
793 3 805 64 F: 2 1 
796 6 814 40 F: 5 1 
802 4 818 313 F: 4 
809 2 815 161 F: 2 
825 10 835 293 F: 7 3 
825 11 847 477 F: 5 6 
829 8 837 204 F: 4 1 3 
830 10 870 410 F: 4 3 3 
844 10 864 5 F: 5 4 1 
846 4 862 233 F: 3 1 
847 4 863 304 F: 2 1 1 
857 12 881 115 F: 5 4 3 
859 8 891 83 F: 2 6 
859 11 881 98 F: 5 3 3 
860 8 868 217 F: 6 2 
863 3 869 476 F: 3 
865 5 870 37 F: 5 
865 10 875 36 F: 4 3 3 
884 5 904 175 F: 5 
884 8 900 401 F: 2 6 
888 11 899 57 F: 7 4 
891 8 923 440 F: 3 1 4 
901 9 937 331 F: 9 
918 7 932 458 F: 2 2 3 
924 8 948 62 F: 6 2 
929 6 935 183 F: 4 2 
930 9 957 298 F: 6 3 
935 5 945 246 F: 5 
939 9 966 402 F: 5 1 3 
948 5 968 104 F: 4 1 
948 11 981 307 F: 7 4 
952 5 967 131 F: 2 1 2 
953 9 989 387 F: 9 
962 9 998 228 F: 9 
965 8 989 483 F: 7 1 
969 8 1001 22 F: 3 5 
970 7 977 54 F: 3 3 1 
977 9 1013 36 F: 4 4 1 
978 8 994 415 F: 5 3 
984 4 992 470 F: 2 2 
994 7 1022 413 F: 3 1 3 
999 7 1020 73 F: 2 1 4 
1006 9 1024 120 F: 9 
1025 9 1052 69 F: 5 4 
1028 4 1040 292 F: 4 
1029 6 1041 228 F: 6 
1032 11 1043 160 F: 3 4 4 
1036 9 1063 451 F: 9 
1041 7 1062 200 F: 7 
1049 9 1067 289 F: 2 4 3 
1051 10 1071 143 F: 5 5 
1052 3 1064 29 F: 3 
1052 5 1057 460 F: 5 
1054 8 1062 204 F: 5 3 
1059 9 1095 83 F: 7 2 
1087 8 1103 449 F: 4 4 
1088 8 1096 386 F: 8 
1088 8 1112 85 F: 6 2 
1089 3 1092 227 F: 2 1 
1096 6 1114 468 F: 6 
1098 10 1108 143 F: 5 5 
1099 5 1114 134 F: 2 3 
1101 5 1116 218 F: 5 
1103 11 1147 47 F: 5 6 
1110 5 1115 361 F: 5 
1111 4 1123 412 F: 2 2 
1118 6 1142 258 F: 6 
1121 5 1131 92 F: 4 1 
1124 5 1139 150 F: 3 2 
1127 8 1151 446 F: 8 
1129 8 1137 384 F: 5 3 
1130 4 1138 327 F: 4 
1138 10 1178 25 F: 7 3 
1139 9 1166 24 F: 7 2 
1142 6 1148 68 F: 4 2 
1142 9 1160 319 F: 5 1 3 
1154 10 1184 157 F: 4 2 4 
1172 6 1190 127 F: 3 3 
1173 8 1205 158 F: 8 
1178 5 1193 385 F: 5 
1191 9 1200 447 F: 3 2 4 
1196 8 1204 212 F: 3 3 2 
1201 9 1237 183 F: 9 
1207 13 1233 30 F: 13 
1208 8 1240 484 F: 3 5 
1211 2 1213 453 F: 2 
1218 5 1233 451 F: 5 
1235 2 1237 36 F: 2 
1252 11 1285 291 F: 11 
1254 11 1298 84 F: 11 
1257 7 1278 313 F: 2 3 2 
1261 10 1281 406 F: 10 
1263 12 1299 269 F: 5 4 3 
1266 5 1276 25 F: 3 2 
1269 9 1296 153 F: 9 
1281 7 1302 240 F: 7 
1282 5 1302 158 F: 5 
1282 7 1289 38 F: 2 1 4 
1284 10 1304 236 F: 7 3 
1293 2 1301 253 F: 2 
1294 8 1310 468 F: 4 4 
1296 7 1317 489 F: 4 3 
1300 6 1306 367 F: 3 2 1 
1302 8 1326 338 F: 5 3 
1318 4 1322 361 F: 2 1 1 
1320 8 1336 355 F: 6 2 
1325 7 1346 449 F: 7 
1326 8 1350 162 F: 4 1 3 
1328 8 1360 189 F: 4 4 
1328 9 1364 127 F: 2 4 3 
1329 7 1343 13 F: 2 1 4 
1336 7 1364 429 F: 4 3 
1340 10 1370 284 F: 5 5 
1344 5 1364 487 F: 5 
1345 10 1375 404 F: 10 
1352 4 1356 92 F: 3 1 
1358 11 1369 85 F: 11 
1361 10 1381 429 F: 5 2 3 
1364 6 1370 62 F: 3 2 1 
1364 8 1396 453 F: 3 5 
1390 8 1414 92 F: 3 1 4 
1394 7 1422 305 F: 2 4 1 
1402 4 1406 442 F: 4 
1417 10 1437 30 F: 10 
1417 13 1443 95 F: 13 
1420 9 1456 33 F: 9 
1420 10 1430 488 F: 4 4 2 
1423 9 1441 432 F: 2 3 4 
1433 6 1445 353 F: 2 2 2 
1439 7 1446 144 F: 5 2 
1442 9 1451 458 F: 3 4 2 
1443 8 1467 208 F: 4 1 3 
1445 12 1481 424 F: 6 6 
1446 4 1458 243 F: 2 2 
1458 7 1465 322 F: 2 5 
1458 7 1479 170 F: 2 1 4 
1461 11 1505 255 F: 11 
1470 2 1474 34 F: 2 
1483 13 1509 492 F: 5 4 4 
1492 9 1501 362 F: 6 3 
1494 4 1502 139 F: 4 
1498 10 1528 461 F: 5 3 2 
1504 13 1517 226 F: 13 
1518 12 1542 97 F: 5 3 4 
1538 8 1554 2 F: 7 1 
1540 6 1552 212 F: 4 2 
1541 8 1549 412 F: 6 2 
1545 10 1585 427 F: 4 2 4 
1551 7 1565 346 F: 5 1 1 
1552 10 1572 350 F: 5 4 1 
1552 10 1592 263 F: 10 
1559 5 1574 34 F: 5 
1563 3 1569 372 F: 3 
1565 7 1593 269 F: 2 2 3 
1566 8 1598 177 F: 4 2 2 
1570 10 1590 267 F: 5 2 3 
1572 11 1616 438 F: 11 
1575 13 1588 163 F: 13 
1582 7 1589 15 F: 2 2 3 
1584 8 1592 338 F: 2 3 3 
1593 8 1609 391 F: 5 1 2 
1595 7 1602 468 F: 2 3 2 
1608 6 1626 300 F: 2 3 1 
1610 8 1634 343 F: 2 6 
1613 8 1637 325 F: 2 2 4 
1616 4 1628 343 F: 3 1 
1621 10 1651 116 F: 3 4 3 
1630 7 1644 481 F: 3 4 
1639 8 1671 45 F: 2 6 
1642 9 1651 374 F: 5 3 1 
1649 7 1656 371 F: 5 2 
1649 9 1658 293 F: 4 5 
1656 9 1674 338 F: 5 4 
1665 4 1669 92 F: 4 
1665 10 1705 283 F: 2 4 4 
1670 7 1691 124 F: 4 2 1 
1680 6 1698 303 F: 4 1 1 
1680 8 1688 6 F: 3 2 3 
1680 13 1693 37 F: 13 
1683 7 1704 176 F: 7 
1698 9 1707 334 F: 5 2 2 
1699 6 1717 142 F: 6 
1700 10 1710 47 F: 7 3 
1716 6 1728 422 F: 4 2 
1719 8 1743 39 F: 2 6 
1720 4 1736 222 F: 4 
1731 11 1753 166 F: 11 
1731 11 1775 184 F: 5 6 
1746 2 1748 451 F: 2 
1751 5 1756 427 F: 5 
1757 3 1760 268 F: 3 
1758 6 1770 329 F: 6 
1762 7 1776 360 F: 7 
1765 4 1769 85 F: 2 2 
1767 6 1791 408 F: 5 1 
1768 5 1783 458 F: 2 1 2 
1769 8 1785 51 F: 4 1 3 
1774 5 1789 247 F: 2 1 2 
1786 12 1834 144 F: 6 6 
1790 5 1805 101 F: 4 1 
1793 4 1809 206 F: 2 2 
1793 11 1804 425 F: 5 4 2 
1803 12 1827 284 F: 4 4 4 
1804 9 1831 188 F: 5 1 3 
1823 8 1839 449 F: 6 2 
1826 3 1829 257 F: 3 
1826 12 1874 34 F: 6 6 
1829 6 1853 279 F: 2 2 2 
1832 6 1850 326 F: 6 
1835 5 1850 81 F: 5 
1836 13 1888 88 F: 7 6 
1837 3 1846 143 F: 2 1 
1840 13 1879 138 F: 13 
1844 9 1871 142 F: 5 4 
1847 5 1862 159 F: 2 3 
1849 8 1865 49 F: 5 3 
1855 11 1877 16 F: 11 
1855 12 1891 285 F: 12 
1856 2 1864 55 F: 2 
1856 9 1874 202 F: 5 2 2 
1870 7 1891 66 F: 2 2 3 
1896 9 1932 10 F: 4 5 
1900 10 1930 55 F: 5 2 3 
1914 13 1940 434 F: 13 
1923 10 1943 362 F: 10 
1924 8 1932 25 F: 8 
1924 11 1957 480 F: 5 6 
1924 12 1948 49 F: 12 
1925 9 1952 363 F: 4 4 1 
1928 9 1955 209 F: 7 2 
1932 10 1962 468 F: 10 
1934 9 1943 174 F: 5 4 
1947 6 1953 143 F: 4 2 
1950 5 1955 493 F: 2 3 
1950 8 1974 416 F: 3 5 
1952 10 1982 202 F: 2 4 4 
1971 5 1976 298 F: 4 1 
1974 9 1983 90 F: 4 5 
1976 7 1990 3 F: 3 1 3 
1983 9 2001 388 F: 2 4 3 
1986 3 1995 305 F: 3 
1987 11 2009 32 F: 5 4 2 
2000 5 2005 204 F: 5 
2002 9 2020 355 F: 5 3 1 
2003 9 2039 278 F: 5 1 3 
2005 7 2026 440 F: 6 1 
2005 10 2045 269 F: 4 6 
2020 10 2030 432 F: 3 4 3 
2026 9 2062 95 F: 3 4 2 
2028 13 2054 242 F: 7 6 
2032 7 2046 301 F: 2 3 2 
2036 6 2054 422 F: 4 1 1 
2052 9 2061 270 F: 7 2 
2060 7 2088 108 F: 6 1 
2061 11 2083 252 F: 5 3 3 
2063 2 2065 346 F: 2 
2063 3 2069 154 F: 3 
2067 6 2091 424 F: 5 1 
2073 7 2094 200 F: 2 2 3 
2076 6 2094 335 F: 3 1 2 
2079 6 2103 164 F: 2 2 2 
2082 5 2087 305 F: 4 1 
2102 7 2109 496 F: 6 1 
2106 9 2142 200 F: 6 3 
2107 11 2118 209 F: 4 3 4 
2122 7 2150 243 F: 6 1 
2126 12 2150 227 F: 12 
2138 8 2146 317 F: 7 1 
2140 8 2172 380 F: 3 2 3 
2141 8 2173 388 F: 8 
2143 7 2164 29 F: 4 1 2 
2144 2 2150 135 F: 2 
2157 5 2162 127 F: 3 2 
2164 2 2168 443 F: 2 
2165 12 2213 356 F: 6 6 
2174 8 2206 214 F: 3 4 1 
2178 9 2205 196 F: 9 
2184 7 2212 249 F: 5 2 
2184 10 2214 4 F: 7 3 
2186 8 2218 109 F: 3 5 
2186 11 2208 26 F: 5 6 
2190 8 2206 177 F: 8 
2205 7 2226 478 F: 2 1 4 
2206 12 2254 15 F: 12 
2210 9 2237 41 F: 5 3 1 
2220 2 2228 264 F: 2 
2222 7 2243 294 F: 5 2 
2232 11 2243 238 F: 7 4 
2236 12 2272 13 F: 6 6 
2236 13 2288 268 F: 13 
2243 9 2261 145 F: 4 1 4 
2244 11 2277 296 F: 4 4 3 
2245 2 2247 316 F: 2 
2246 11 2268 125 F: 11 
2260 8 2284 377 F: 4 4 
2261 3 2267 135 F: 2 1 
2275 13 2327 21 F: 13 
2285 6 2303 490 F: 2 4 
2285 8 2317 56 F: 8 
2289 6 2307 243 F: 6 
2292 2 2296 99 F: 2 
2298 8 2330 485 F: 2 3 3 
2307 10 2347 184 F: 10 
2309 10 2339 98 F: 5 5 
2316 8 2340 6 F: 4 4 
2324 9 2333 59 F: 5 3 1 
2326 3 2329 290 F: 3 
2331 10 2351 478 F: 7 3 
2336 10 2346 236 F: 4 4 2 
2339 12 2375 316 F: 7 5 
2343 5 2363 180 F: 5 
2363 6 2375 101 F: 6 
2367 6 2385 319 F: 6 
2370 10 2390 88 F: 7 3 
2371 6 2389 138 F: 6 
2376 8 2384 26 F: 4 4 
2378 8 2410 282 F: 5 3 
2383 7 2404 361 F: 4 3 
2392 3 2398 125 F: 3 
2397 7 2404 181 F: 2 4 1 
2398 6 2422 324 F: 3 3 
2398 11 2431 221 F: 5 3 3 
2405 5 2410 485 F: 4 1 
2417 6 2441 434 F: 5 1 
2418 7 2446 186 F: 2 5 
2420 8 2444 64 F: 3 5 
2422 10 2462 56 F: 6 4 
2429 11 2473 181 F: 6 5 
2431 4 2443 186 F: 4 
2432 8 2448 357 F: 2 2 4 
2438 11 2449 448 F: 5 3 3 
2440 7 2461 235 F: 2 2 3 
2444 13 2457 403 F: 13 
2445 3 2448 87 F: 3 
2455 11 2499 173 F: 6 5 
2462 6 2474 473 F: 6 
2489 9 2507 433 F: 4 5 
2491 9 2500 422 F: 6 3 
2492 12 2528 57 F: 5 4 3 
2494 3 2506 2 F: 3 
2494 10 2504 497 F: 10 
2498 12 2522 81 F: 5 4 3 
D: 1 408 
D: 3 251 
D: 8 377 
D: 9 415 
D: 17 127 
D: 25 218 
D: 27 46 
D: 28 333 
D: 45 198 
D: 49 365 
D: 51 129 
D: 58 319 
D: 76 268 
D: 82 329 
D: 94 343 
D: 103 371 
D: 109 172 
D: 111 210 
D: 116 404 
D: 119 433 
D: 132 183 
D: 137 360 
D: 140 278 
D: 145 426 
D: 149 377 
D: 152 320 
D: 162 340 
D: 166 195 
D: 176 222 
D: 184 437 
D: 191 241 
D: 194 193 
D: 225 465 
D: 230 298 
D: 235 253 
D: 242 337 
D: 243 332 
D: 244 304 
D: 256 456 
D: 260 342 
D: 268 292 
D: 297 408 
D: 299 357 
D: 319 380 
D: 328 453 
D: 331 342 
D: 347 431 
D: 387 442 
D: 389 445 
D: 392 397 
