0 10 30 399 F: 10 
3 11 36 450 F: 3 4 4 
9 10 49 334 F: 10 
24 9 42 466 F: 9 
30 9 48 250 F: 9 
38 4 54 279 F: 4 
39 6 51 198 F: 2 1 3 
47 8 71 387 F: 4 2 2 
48 6 72 200 F: 2 1 3 
49 3 58 70 F: 2 1 
50 3 62 131 F: 3 
50 7 57 182 F: 6 1 
51 9 78 304 F: 5 4 
72 7 79 107 F: 3 3 1 
82 7 110 30 F: 6 1 
85 9 121 485 F: 6 3 
87 8 103 209 F: 4 4 
93 11 137 71 F: 5 2 4 
94 9 112 177 F: 2 4 3 
94 11 105 377 F: 11 
108 12 120 351 F: 7 5 
109 6 115 456 F: 3 2 1 
112 7 119 355 F: 3 3 1 
115 11 137 128 F: 3 4 4 
115 12 139 312 F: 12 
123 7 130 220 F: 4 1 2 
133 8 165 92 F: 5 2 1 
134 10 164 499 F: 10 
144 13 196 251 F: 7 6 
146 8 154 165 F: 5 1 2 
149 7 156 386 F: 7 
154 2 162 318 F: 2 
163 8 179 302 F: 8 
163 12 175 344 F: 7 5 
165 9 174 84 F: 3 2 4 
168 6 186 53 F: 6 
169 6 181 275 F: 2 4 
182 9 200 474 F: 4 1 4 
187 10 197 185 F: 4 4 2 
196 8 204 363 F: 4 3 1 
200 2 202 193 F: 2 
200 6 212 430 F: 6 
202 5 207 133 F: 2 2 1 
203 9 239 366 F: 3 6 
205 9 214 419 F: 6 3 
217 3 229 381 F: 3 
228 9 246 189 F: 4 4 1 
228 10 268 132 F: 2 4 4 
235 9 271 31 F: 3 6 
236 12 248 191 F: 4 4 4 
248 9 284 450 F: 7 2 
249 7 277 444 F: 2 4 1 
256 5 266 24 F: 2 3 
257 7 264 383 F: 3 1 3 
259 8 283 330 F: 4 4 
277 8 301 128 F: 2 6 
283 9 301 379 F: 3 3 3 
284 9 311 285 F: 2 4 3 
293 8 301 483 F: 2 6 
293 13 332 360 F: 13 
309 5 314 7 F: 2 2 1 
316 5 321 353 F: 5 
316 6 334 372 F: 2 4 
320 8 352 313 F: 8 
324 8 332 396 F: 6 2 
326 10 346 395 F: 6 4 
333 10 343 421 F: 4 4 2 
336 9 372 487 F: 9 
337 6 343 399 F: 6 
353 10 363 68 F: 6 4 
354 9 381 135 F: 4 1 4 
355 3 367 354 F: 3 
355 11 388 31 F: 5 6 
365 8 389 156 F: 2 4 2 
366 8 374 107 F: 5 1 2 
378 10 398 197 F: 7 3 
383 7 411 55 F: 3 3 1 
387 8 419 130 F: 4 4 
393 10 433 145 F: 5 5 
399 7 406 360 F: 4 1 2 
403 8 419 20 F: 5 2 1 
415 7 422 336 F: 2 3 2 
421 4 437 271 F: 2 2 
421 8 429 181 F: 8 
422 8 446 21 F: 3 5 
424 7 445 195 F: 2 4 1 
427 10 467 298 F: 4 3 3 
432 5 442 440 F: 2 3 
440 8 448 323 F: 3 4 1 
440 13 466 465 F: 7 6 
441 8 449 35 F: 3 4 1 
443 8 451 96 F: 8 
445 4 453 492 F: 2 2 
448 5 458 245 F: 5 
463 5 478 140 F: 5 
466 11 488 336 F: 7 4 
473 5 478 170 F: 2 1 2 
478 9 496 267 F: 5 1 3 
491 9 500 228 F: 3 4 2 
496 9 532 356 F: 5 1 3 
500 12 548 111 F: 12 
502 8 510 324 F: 5 2 1 
503 7 517 100 F: 3 4 
506 11 550 243 F: 5 2 4 
510 3 522 352 F: 2 1 
510 6 534 164 F: 3 2 1 
513 8 529 466 F: 4 4 
515 8 531 327 F: 8 
522 8 538 498 F: 8 
525 13 564 387 F: 5 4 4 
528 9 546 46 F: 3 4 2 
528 13 541 284 F: 13 
531 7 538 9 F: 3 2 2 
540 11 584 416 F: 11 
547 9 556 260 F: 9 
556 7 570 210 F: 4 2 1 
567 9 585 313 F: 9 
571 8 603 216 F: 8 
572 6 590 335 F: 6 
578 7 606 60 F: 2 2 3 
603 8 627 166 F: 8 
604 5 624 71 F: 2 1 2 
605 2 607 219 F: 2 
614 11 647 47 F: 7 4 
625 4 641 110 F: 4 
627 8 659 292 F: 4 2 2 
637 8 669 65 F: 4 1 3 
642 8 658 315 F: 3 4 1 
650 7 664 257 F: 4 3 
652 10 692 308 F: 5 1 4 
654 4 662 144 F: 4 
656 6 668 298 F: 2 4 
666 4 670 416 F: 4 
686 10 696 340 F: 4 2 4 
688 10 708 101 F: 3 3 4 
690 8 722 296 F: 8 
691 7 705 377 F: 6 1 
696 2 702 413 F: 2 
697 7 711 345 F: 6 1 
697 8 729 68 F: 2 3 3 
712 3 715 423 F: 3 
713 7 727 104 F: 7 
716 11 749 15 F: 7 4 
720 9 747 285 F: 3 4 2 
723 10 743 59 F: 4 3 3 
730 8 746 220 F: 7 1 
742 8 750 453 F: 7 1 
746 7 753 210 F: 3 4 
748 9 784 424 F: 5 4 
754 8 778 397 F: 8 
759 5 774 473 F: 5 
771 5 791 430 F: 5 
771 11 782 122 F: 5 6 
774 6 780 331 F: 6 
778 7 785 261 F: 2 5 
778 8 802 375 F: 3 4 1 
781 11 792 374 F: 11 
786 6 792 227 F: 3 3 
787 7 808 416 F: 7 
799 7 820 96 F: 7 
802 10 812 112 F: 4 3 3 
806 5 816 442 F: 5 
808 10 848 109 F: 10 
819 7 840 131 F: 7 
820 3 829 488 F: 3 
821 12 857 25 F: 4 4 4 
823 7 830 154 F: 3 4 
835 8 867 423 F: 5 3 
836 10 856 445 F: 4 6 
845 5 860 291 F: 3 1 1 
850 7 878 109 F: 3 2 2 
850 8 882 280 F: 3 5 
880 5 890 210 F: 5 
882 2 888 361 F: 2 
882 12 894 97 F: 6 6 
883 10 923 489 F: 6 4 
883 12 919 381 F: 12 
890 7 918 398 F: 2 3 2 
894 10 914 396 F: 5 5 
897 6 915 433 F: 2 1 3 
900 9 909 246 F: 5 1 3 
902 10 932 55 F: 5 3 2 
907 9 925 119 F: 6 3 
908 11 952 96 F: 5 3 3 
909 9 927 165 F: 9 
914 4 926 22 F: 4 
914 8 922 396 F: 8 
924 9 951 300 F: 4 5 
931 12 943 377 F: 12 
938 5 953 265 F: 2 2 1 
942 9 951 397 F: 2 3 4 
969 5 989 312 F: 5 
969 8 993 241 F: 2 6 
973 6 997 153 F: 3 3 
974 9 1010 143 F: 4 5 
975 4 991 137 F: 4 
975 8 983 235 F: 8 
979 3 988 175 F: 2 1 
983 10 993 49 F: 6 4 
994 2 1000 280 F: 2 
1002 7 1009 478 F: 4 1 2 
1003 11 1014 279 F: 11 
1005 8 1029 180 F: 3 5 
1006 11 1050 45 F: 6 5 
1009 9 1036 129 F: 3 6 
1018 10 1038 439 F: 4 6 
1030 10 1070 354 F: 4 4 2 
1034 9 1043 394 F: 9 
1039 8 1071 306 F: 5 2 1 
1044 6 1062 24 F: 3 3 
1045 10 1055 147 F: 5 5 
1055 12 1067 378 F: 7 5 
1062 7 1069 124 F: 3 4 
1073 13 1125 409 F: 13 
1075 6 1081 499 F: 5 1 
1076 13 1128 336 F: 13 
1079 8 1087 142 F: 2 4 2 
1079 10 1119 35 F: 10 
1094 7 1108 436 F: 2 1 4 
1099 8 1115 33 F: 6 2 
1108 6 1132 416 F: 4 1 1 
1108 11 1152 420 F: 5 3 3 
1110 5 1115 464 F: 5 
1112 7 1140 337 F: 5 1 1 
1113 5 1118 199 F: 3 2 
1117 8 1133 29 F: 4 3 1 
1119 9 1146 462 F: 4 5 
1129 9 1147 332 F: 5 4 
1134 6 1140 33 F: 2 4 
1159 4 1175 292 F: 4 
1159 6 1177 57 F: 6 
1161 9 1197 448 F: 9 
1161 10 1171 81 F: 5 5 
1161 11 1205 361 F: 11 
1167 9 1185 118 F: 5 1 3 
1173 8 1205 451 F: 2 2 4 
1179 8 1187 92 F: 5 2 1 
1192 9 1228 214 F: 9 
1194 6 1218 209 F: 3 2 1 
1199 3 1202 122 F: 2 1 
1204 7 1232 229 F: 5 1 1 
1213 8 1229 163 F: 4 3 1 
1215 3 1218 58 F: 2 1 
1222 10 1242 363 F: 4 6 
1222 11 1255 461 F: 4 3 4 
1225 7 1253 377 F: 4 1 2 
1241 10 1271 163 F: 5 5 
1245 7 1259 94 F: 6 1 
1248 9 1284 178 F: 2 4 3 
1255 8 1287 140 F: 7 1 
1264 8 1296 133 F: 8 
1266 10 1286 401 F: 5 3 2 
1277 9 1286 180 F: 5 1 3 
1278 10 1298 440 F: 4 4 2 
1279 6 1285 1 F: 6 
1280 9 1316 355 F: 9 
1286 9 1295 415 F: 3 3 3 
1289 4 1293 313 F: 4 
1291 10 1301 69 F: 3 4 3 
1291 13 1343 25 F: 5 4 4 
1304 9 1322 492 F: 9 
1318 9 1354 272 F: 3 3 3 
1319 11 1363 451 F: 4 4 3 
1333 10 1363 8 F: 5 2 3 
1334 8 1358 199 F: 3 5 
1335 3 1347 296 F: 3 
1344 9 1380 477 F: 3 6 
1346 11 1379 457 F: 7 4 
1350 8 1366 480 F: 2 4 2 
1360 8 1392 98 F: 2 3 3 
1363 9 1390 407 F: 3 6 
1365 3 1371 182 F: 2 1 
1366 8 1398 470 F: 8 
1367 9 1385 319 F: 9 
1374 5 1389 408 F: 4 1 
1383 11 1405 122 F: 7 4 
1384 3 1387 173 F: 3 
1384 12 1396 216 F: 12 
1392 8 1416 379 F: 5 2 1 
1396 8 1428 141 F: 6 2 
1400 4 1416 363 F: 4 
1400 7 1428 425 F: 2 4 1 
1408 11 1441 173 F: 11 
1410 9 1419 180 F: 5 4 
1412 6 1436 228 F: 5 1 
1425 12 1437 381 F: 12 
1433 7 1440 338 F: 4 3 
1436 9 1454 455 F: 5 4 
1442 10 1462 409 F: 5 5 
1448 4 1460 461 F: 3 1 
1449 10 1489 404 F: 5 1 4 
1450 7 1464 320 F: 3 3 1 
1450 8 1466 387 F: 2 6 
1468 6 1486 405 F: 2 4 
1470 11 1514 103 F: 11 
1473 10 1503 320 F: 4 3 3 
1480 5 1495 363 F: 2 3 
1496 7 1510 282 F: 7 
1497 8 1521 157 F: 8 
1499 8 1515 74 F: 4 1 3 
1505 5 1525 387 F: 3 1 1 
1507 5 1512 356 F: 5 
1522 5 1532 151 F: 2 3 
1530 9 1566 369 F: 3 4 2 
1532 8 1540 60 F: 2 3 3 
1533 7 1561 101 F: 3 1 3 
1537 11 1559 35 F: 7 4 
1540 11 1573 188 F: 5 6 
1547 2 1555 267 F: 2 
1548 4 1552 200 F: 4 
1549 3 1561 289 F: 3 
1552 10 1572 407 F: 10 
1562 12 1574 99 F: 5 4 3 
1565 11 1576 28 F: 3 4 4 
1569 5 1589 5 F: 2 1 2 
1577 8 1601 417 F: 3 4 1 
1580 6 1592 480 F: 2 3 1 
1587 2 1595 320 F: 2 
1591 6 1603 64 F: 2 4 
1595 12 1619 253 F: 4 4 4 
1604 11 1615 31 F: 11 
1606 11 1639 91 F: 3 4 4 
1608 12 1632 365 F: 12 
1614 7 1635 120 F: 4 3 
1614 10 1644 126 F: 5 1 4 
1617 9 1626 222 F: 5 1 3 
1623 8 1639 216 F: 7 1 
1625 10 1655 339 F: 10 
1628 4 1640 96 F: 2 1 1 
1630 10 1650 237 F: 2 4 4 
1641 3 1650 234 F: 3 
1660 13 1673 457 F: 7 6 
1661 11 1705 467 F: 5 3 3 
1664 12 1688 39 F: 12 
1680 8 1696 233 F: 8 
1686 11 1708 382 F: 5 6 
1690 6 1696 205 F: 5 1 
1693 9 1711 7 F: 5 3 1 
1697 7 1725 2 F: 7 
1699 3 1708 493 F: 2 1 
1706 12 1742 192 F: 12 
1713 5 1718 87 F: 5 
1714 11 1736 231 F: 3 4 4 
1725 12 1737 185 F: 12 
1728 12 1764 382 F: 5 4 3 
1735 9 1744 42 F: 9 
1738 13 1751 374 F: 7 6 
1742 12 1754 378 F: 12 
1750 6 1768 334 F: 3 3 
1758 5 1773 410 F: 3 2 
1758 10 1798 346 F: 5 4 1 
1771 8 1779 137 F: 3 1 4 
1779 8 1795 10 F: 5 1 2 
1779 9 1788 73 F: 4 1 4 
1781 9 1790 411 F: 5 4 
1783 9 1819 319 F: 2 4 3 
1784 5 1794 278 F: 5 
1786 7 1807 104 F: 2 5 
1786 13 1812 145 F: 13 
1796 9 1805 483 F: 4 5 
1803 10 1813 483 F: 6 4 
1804 9 1831 237 F: 7 2 
1806 12 1818 210 F: 12 
1817 5 1827 324 F: 2 1 2 
1818 11 1862 475 F: 7 4 
1820 8 1844 425 F: 2 4 2 
1822 5 1842 234 F: 3 2 
1824 8 1840 359 F: 4 3 1 
1831 9 1840 210 F: 7 2 
1833 6 1845 225 F: 6 
1838 8 1862 350 F: 2 2 4 
1843 8 1851 204 F: 8 
1853 6 1865 253 F: 6 
1864 7 1871 62 F: 4 1 2 
1874 6 1880 26 F: 6 
1881 8 1897 257 F: 5 2 1 
1888 6 1900 29 F: 5 1 
1888 8 1904 204 F: 2 6 
1892 6 1904 373 F: 3 2 1 
1895 3 1907 171 F: 3 
1909 10 1929 180 F: 4 2 4 
1910 10 1920 98 F: 2 4 4 
1916 2 1922 195 F: 2 
1924 4 1932 496 F: 4 
1927 7 1948 27 F: 4 2 1 
1932 4 1936 69 F: 4 
1941 6 1959 76 F: 5 1 
1941 12 1953 483 F: 7 5 
1943 12 1979 292 F: 12 
1947 11 1980 133 F: 5 4 2 
1948 5 1953 6 F: 5 
1951 11 1962 446 F: 5 6 
1964 9 1982 472 F: 9 
1978 9 1996 337 F: 5 4 
1979 7 1993 424 F: 3 4 
1984 13 2010 243 F: 13 
1990 12 2038 182 F: 7 5 
1992 12 2028 400 F: 6 6 
1996 7 2010 273 F: 5 2 
1999 2 2003 4 F: 2 
2001 6 2007 63 F: 5 1 
2002 2 2008 117 F: 2 
2002 5 2017 191 F: 5 
2006 11 2039 40 F: 11 
2010 7 2017 92 F: 2 1 4 
2010 12 2022 40 F: 6 6 
2011 12 2035 186 F: 7 5 
2013 10 2023 220 F: 2 4 4 
2017 5 2022 300 F: 3 2 
2033 8 2057 446 F: 8 
2046 5 2056 397 F: 5 
2047 9 2056 398 F: 4 4 1 
2066 10 2076 145 F: 10 
2071 13 2123 194 F: 13 
2072 3 2084 5 F: 3 
2075 6 2087 404 F: 3 3 
2076 3 2085 245 F: 3 
2081 9 2099 62 F: 7 2 
2085 9 2112 271 F: 3 6 
2097 5 2107 364 F: 5 
2100 8 2108 170 F: 4 2 2 
2101 11 2112 335 F: 4 4 3 
2109 8 2133 81 F: 8 
2117 9 2135 456 F: 3 3 3 
2122 5 2127 376 F: 4 1 
2124 10 2154 237 F: 6 4 
2133 8 2141 419 F: 3 1 4 
2134 11 2178 276 F: 4 3 4 
2135 5 2140 355 F: 5 
2147 10 2157 123 F: 10 
2152 9 2188 363 F: 3 2 4 
2156 8 2164 342 F: 8 
2161 6 2179 126 F: 6 
2164 9 2173 50 F: 9 
2165 11 2198 36 F: 6 5 
2167 9 2203 300 F: 9 
2177 6 2189 155 F: 6 
2181 3 2193 72 F: 3 
2184 11 2228 251 F: 3 4 4 
2198 7 2219 391 F: 2 5 
2204 10 2234 136 F: 5 1 4 
2207 9 2234 463 F: 4 2 3 
2210 11 2232 159 F: 5 2 4 
2212 10 2252 246 F: 10 
2215 3 2224 345 F: 2 1 
2215 9 2251 261 F: 3 4 2 
2215 12 2239 403 F: 7 5 
2221 8 2253 456 F: 3 4 1 
2223 8 2247 94 F: 2 6 
2233 9 2269 349 F: 2 4 3 
2235 9 2253 160 F: 3 2 4 
2239 5 2259 473 F: 3 1 1 
2255 6 2273 46 F: 6 
2262 11 2273 218 F: 11 
2268 9 2295 492 F: 7 2 
2273 10 2313 222 F: 10 
2278 4 2290 275 F: 4 
2289 6 2301 153 F: 3 3 
2291 10 2331 304 F: 10 
2294 11 2305 86 F: 11 
2313 2 2321 270 F: 2 
2313 6 2325 486 F: 5 1 
2315 8 2331 297 F: 7 1 
2318 10 2328 306 F: 5 2 3 
2330 4 2338 90 F: 4 
2332 10 2372 442 F: 2 4 4 
2334 6 2352 235 F: 3 1 2 
2336 12 2360 419 F: 12 
2345 10 2385 278 F: 6 4 
2351 9 2360 366 F: 3 4 2 
2361 8 2377 247 F: 8 
2361 10 2381 376 F: 6 4 
2365 12 2377 376 F: 12 
2368 4 2380 338 F: 2 2 
2370 7 2391 142 F: 7 
2372 3 2375 372 F: 3 
2379 9 2397 351 F: 9 
2380 7 2401 482 F: 3 1 3 
2394 11 2438 152 F: 5 2 4 
2395 8 2427 374 F: 5 1 2 
2403 9 2412 470 F: 7 2 
2407 13 2433 442 F: 13 
2409 4 2413 48 F: 2 1 1 
2409 9 2418 493 F: 9 
2409 11 2420 494 F: 6 5 
2415 10 2435 263 F: 5 4 1 
2420 10 2440 337 F: 4 6 
2425 2 2429 169 F: 2 
2425 9 2443 142 F: 4 3 2 
2428 9 2437 432 F: 4 1 4 
2453 8 2461 309 F: 4 2 2 
2456 9 2474 42 F: 4 5 
2460 10 2490 376 F: 10 
2467 7 2474 225 F: 2 1 4 
2480 11 2513 67 F: 4 3 4 
2481 7 2502 387 F: 6 1 
2487 7 2501 196 F: 7 
2488 8 2512 407 F: 8 
2488 9 2515 55 F: 5 1 3 
2493 2 2495 274 F: 2 
D: 3 383 
D: 16 194 
D: 17 122 
D: 25 237 
D: 26 428 
D: 29 381 
D: 37 227 
D: 47 404 
D: 53 357 
D: 55 135 
D: 62 227 
D: 69 181 
D: 75 142 
D: 84 237 
D: 85 363 
D: 89 167 
D: 93 190 
D: 98 387 
D: 101 267 
D: 102 340 
D: 103 184 
D: 114 332 
D: 128 406 
D: 129 153 
D: 137 174 
D: 137 468 
D: 140 271 
D: 146 250 
D: 150 192 
D: 153 261 
D: 172 174 
D: 172 336 
D: 178 339 
D: 184 479 
D: 191 271 
D: 193 284 
D: 193 344 
D: 196 296 
D: 213 492 
D: 247 271 
D: 265 402 
D: 318 450 
D: 354 472 
D: 360 395 
D: 386 474 
D: 389 419 
D: 396 461 
D: 424 441 
D: 464 492 
D: 476 477 
