3 8 19 15 F: 8 
6 3 9 42 F: 3 
13 5 28 15 F: 3 1 1 
15 8 31 47 F: 3 5 
17 10 57 26 F: 5 3 2 
47 6 65 48 F: 2 4 
48 10 88 43 F: 5 3 2 
50 10 60 19 F: 4 4 2 
58 12 94 14 F: 5 3 4 
60 8 92 7 F: 5 3 
63 11 85 4 F: 11 
68 6 80 25 F: 6 
70 9 97 8 F: 9 
72 8 104 33 F: 3 4 1 
74 9 92 44 F: 4 1 4 
75 7 89 28 F: 4 3 
81 7 95 27 F: 7 
83 11 127 47 F: 5 6 
86 4 94 25 F: 2 2 
88 10 108 24 F: 10 
101 8 125 27 F: 3 4 1 
102 9 138 27 F: 9 
108 12 144 6 F: 5 4 3 
114 13 153 38 F: 13 
120 2 124 10 F: 2 
120 8 128 23 F: 8 
128 7 149 8 F: 3 3 1 
130 5 140 17 F: 2 2 1 
137 9 155 16 F: 7 2 
144 6 162 32 F: 6 
144 8 176 37 F: 4 2 2 
164 13 190 35 F: 13 
169 9 178 39 F: 5 4 
170 8 194 17 F: 4 3 1 
174 13 200 22 F: 7 6 
177 5 187 39 F: 5 
179 10 209 43 F: 10 
179 12 191 48 F: 7 5 
180 3 183 31 F: 3 
182 8 198 27 F: 8 
219 7 226 33 F: 2 1 4 
235 5 255 43 F: 5 
236 11 280 7 F: 7 4 
247 10 257 39 F: 6 4 
250 7 271 40 F: 7 
252 10 292 17 F: 10 
258 11 280 32 F: 5 6 
282 11 326 19 F: 11 
287 8 319 42 F: 4 3 1 
294 10 324 16 F: 6 4 
D: 0 41 
D: 1 12 
D: 1 34 
D: 11 42 
D: 28 38 
