1 13 53 138 F: 7 6 
4 13 43 425 F: 13 
6 10 36 73 F: 5 2 3 
8 9 26 312 F: 4 2 3 
11 8 43 14 F: 6 2 
15 8 47 193 F: 8 
16 4 28 232 F: 3 1 
17 6 41 133 F: 2 1 3 
39 10 69 6 F: 10 
51 8 59 377 F: 8 
54 5 64 481 F: 2 1 2 
62 2 66 381 F: 2 
64 4 80 90 F: 4 
67 7 81 479 F: 4 2 1 
67 8 91 270 F: 5 3 
73 9 109 330 F: 5 2 2 
82 4 86 265 F: 2 1 1 
84 7 112 198 F: 3 4 
87 10 107 44 F: 5 1 4 
89 6 113 120 F: 6 
103 4 107 323 F: 4 
111 10 141 127 F: 4 2 4 
123 12 159 441 F: 12 
129 9 156 202 F: 5 4 
132 10 162 101 F: 10 
133 5 138 280 F: 5 
134 7 141 477 F: 7 
139 9 157 193 F: 4 5 
143 8 159 246 F: 6 2 
143 13 195 324 F: 13 
144 9 180 131 F: 4 4 1 
148 10 178 361 F: 6 4 
154 2 162 421 F: 2 
163 11 196 16 F: 11 
164 6 188 2 F: 6 
171 8 195 254 F: 3 4 1 
174 8 190 193 F: 3 5 
189 5 194 202 F: 5 
192 7 213 80 F: 3 2 2 
197 9 224 363 F: 4 2 3 
201 10 211 70 F: 10 
213 9 231 293 F: 6 3 
217 11 228 486 F: 5 3 3 
219 5 229 188 F: 2 3 
222 6 234 78 F: 2 4 
225 7 232 113 F: 6 1 
229 5 244 396 F: 5 
229 10 259 371 F: 7 3 
241 3 253 341 F: 3 
244 7 272 150 F: 7 
245 12 269 233 F: 12 
248 10 278 405 F: 5 2 3 
252 7 259 112 F: 2 2 3 
255 11 288 448 F: 11 
276 10 306 97 F: 5 4 1 
278 8 286 494 F: 2 6 
279 7 307 385 F: 2 4 1 
280 7 287 327 F: 3 3 1 
285 4 297 378 F: 4 
288 7 302 340 F: 3 4 
305 11 327 126 F: 3 4 4 
318 7 346 381 F: 7 
326 11 359 294 F: 6 5 
328 7 349 48 F: 5 2 
329 10 349 117 F: 10 
332 5 337 166 F: 3 1 1 
333 7 340 33 F: 3 4 
335 8 351 301 F: 8 
338 10 358 467 F: 5 1 4 
343 11 387 326 F: 6 5 
348 2 356 363 F: 2 
354 9 372 295 F: 9 
357 11 401 494 F: 5 3 3 
363 11 407 176 F: 3 4 4 
364 7 385 385 F: 3 3 1 
372 8 380 206 F: 4 1 3 
381 9 408 86 F: 6 3 
387 9 423 1 F: 3 2 4 
394 13 407 318 F: 13 
396 8 420 444 F: 3 5 
414 5 419 272 F: 5 
418 9 427 81 F: 7 2 
420 11 464 429 F: 11 
422 5 442 333 F: 5 
425 7 432 55 F: 4 3 
428 11 450 84 F: 5 3 3 
429 9 438 43 F: 4 4 1 
434 10 464 105 F: 4 6 
442 9 478 474 F: 4 5 
442 12 490 280 F: 12 
451 10 461 33 F: 10 
461 9 488 496 F: 3 6 
475 6 493 308 F: 3 3 
475 8 507 157 F: 4 3 1 
476 9 503 330 F: 5 2 2 
478 3 481 407 F: 3 
484 11 495 256 F: 5 6 
485 7 513 177 F: 4 2 1 
494 12 530 294 F: 7 5 
497 8 513 358 F: 2 2 4 
507 11 529 208 F: 11 
510 10 550 286 F: 4 6 
512 11 556 141 F: 5 6 
513 9 540 161 F: 9 
514 12 526 404 F: 12 
537 9 573 180 F: 4 5 
538 7 566 379 F: 7 
542 10 572 315 F: 10 
546 4 550 162 F: 4 
553 10 563 431 F: 5 5 
555 11 577 216 F: 7 4 
561 9 597 290 F: 9 
570 8 586 50 F: 4 4 
579 9 606 442 F: 9 
582 7 589 191 F: 7 
582 7 589 271 F: 2 2 3 
582 10 612 434 F: 5 5 
582 12 618 28 F: 7 5 
583 10 593 260 F: 7 3 
591 7 605 284 F: 5 1 1 
605 7 619 280 F: 5 2 
612 9 630 230 F: 9 
614 7 621 82 F: 3 3 1 
616 5 636 143 F: 5 
618 10 628 105 F: 6 4 
626 9 662 264 F: 4 4 1 
628 8 636 310 F: 8 
638 4 642 5 F: 4 
650 7 671 407 F: 2 4 1 
651 6 675 484 F: 4 1 1 
672 10 702 262 F: 2 4 4 
673 4 681 472 F: 4 
676 11 687 300 F: 6 5 
683 8 699 449 F: 8 
684 6 702 173 F: 5 1 
687 12 735 32 F: 5 4 3 
692 10 732 359 F: 5 2 3 
694 6 700 474 F: 6 
694 9 712 32 F: 9 
699 6 711 338 F: 4 2 
701 8 709 366 F: 2 4 2 
707 6 725 229 F: 5 1 
709 10 729 81 F: 10 
717 10 727 177 F: 10 
723 3 726 451 F: 3 
723 5 743 181 F: 5 
725 8 741 139 F: 8 
726 7 747 397 F: 3 4 
726 13 752 43 F: 13 
728 5 748 400 F: 5 
731 12 743 108 F: 12 
733 7 747 245 F: 3 3 1 
752 8 776 8 F: 6 2 
753 10 763 235 F: 7 3 
754 3 757 416 F: 3 
778 9 796 352 F: 3 4 2 
781 10 811 434 F: 10 
785 8 801 298 F: 2 6 
791 11 824 170 F: 11 
799 7 827 474 F: 4 2 1 
801 12 825 432 F: 12 
807 9 816 480 F: 4 5 
808 9 817 490 F: 4 5 
820 6 826 171 F: 5 1 
831 12 843 10 F: 7 5 
835 8 867 208 F: 5 1 2 
837 10 857 197 F: 5 3 2 
853 8 861 286 F: 7 1 
853 12 865 85 F: 7 5 
854 8 878 24 F: 6 2 
856 13 869 492 F: 5 4 4 
858 4 862 471 F: 4 
860 11 904 211 F: 4 3 4 
870 7 877 191 F: 6 1 
875 6 887 358 F: 2 1 3 
875 11 897 480 F: 11 
876 4 888 262 F: 4 
879 11 912 358 F: 5 2 4 
889 7 903 160 F: 2 5 
895 6 919 114 F: 6 
900 2 902 117 F: 2 
902 9 920 239 F: 5 4 
902 9 938 290 F: 9 
904 12 916 25 F: 4 4 4 
921 11 932 385 F: 5 3 3 
928 9 937 209 F: 5 4 
929 12 941 288 F: 5 3 4 
933 9 942 480 F: 5 4 
937 11 948 260 F: 3 4 4 
941 13 954 430 F: 13 
947 7 954 210 F: 4 3 
949 6 955 347 F: 3 1 2 
951 7 965 9 F: 2 5 
953 11 986 143 F: 11 
957 7 978 412 F: 4 3 
976 11 1009 253 F: 6 5 
982 10 992 73 F: 3 3 4 
984 3 993 317 F: 2 1 
985 10 1025 151 F: 5 1 4 
996 7 1010 305 F: 3 3 1 
1003 11 1014 300 F: 11 
1010 4 1026 124 F: 4 
1014 5 1029 180 F: 5 
1014 10 1034 159 F: 6 4 
1015 9 1024 398 F: 9 
1044 10 1054 236 F: 4 2 4 
1046 11 1057 266 F: 3 4 4 
1048 6 1060 31 F: 2 3 1 
1049 9 1076 98 F: 4 5 
1056 10 1096 63 F: 10 
1076 3 1079 446 F: 3 
1077 7 1084 390 F: 3 4 
1079 5 1094 284 F: 5 
1084 9 1093 422 F: 4 5 
1090 12 1126 38 F: 4 4 4 
1091 11 1102 31 F: 5 6 
1092 6 1104 63 F: 6 
1092 8 1108 223 F: 6 2 
1094 2 1100 92 F: 2 
1098 10 1108 268 F: 2 4 4 
1124 4 1128 202 F: 4 
1124 9 1160 435 F: 3 6 
1128 13 1141 470 F: 13 
1130 8 1162 335 F: 2 4 2 
1133 7 1154 428 F: 7 
1146 11 1179 167 F: 5 6 
1151 6 1169 491 F: 2 2 2 
1151 9 1160 68 F: 5 3 1 
1152 11 1185 310 F: 7 4 
1152 13 1178 12 F: 13 
1153 5 1168 276 F: 5 
1156 9 1174 363 F: 4 1 4 
1158 4 1170 139 F: 4 
1161 6 1185 444 F: 5 1 
1165 13 1217 417 F: 13 
1172 11 1183 356 F: 11 
1173 10 1193 348 F: 5 4 1 
1189 9 1207 38 F: 4 1 4 
1196 11 1207 81 F: 3 4 4 
1199 9 1208 245 F: 5 4 
1205 7 1219 323 F: 2 1 4 
1207 9 1243 87 F: 4 2 3 
1214 10 1224 330 F: 4 6 
1218 3 1227 10 F: 3 
1218 10 1228 450 F: 2 4 4 
1226 5 1241 77 F: 2 3 
1229 12 1253 232 F: 5 4 3 
1230 10 1240 59 F: 5 2 3 
1241 12 1289 34 F: 5 4 3 
1245 7 1259 22 F: 5 2 
1266 4 1274 187 F: 2 1 1 
1275 8 1307 283 F: 4 3 1 
1276 6 1294 332 F: 6 
1276 7 1283 361 F: 7 
1277 5 1297 84 F: 3 2 
1279 5 1294 236 F: 5 
1280 10 1300 27 F: 10 
1281 6 1293 222 F: 5 1 
1289 3 1295 255 F: 3 
1297 8 1313 44 F: 4 3 1 
1305 8 1321 43 F: 2 4 2 
1306 9 1315 408 F: 9 
1308 11 1319 255 F: 6 5 
1312 9 1348 436 F: 5 2 2 
1319 9 1328 160 F: 6 3 
1319 12 1367 213 F: 6 6 
1325 8 1349 360 F: 3 4 1 
1326 5 1346 309 F: 2 1 2 
1330 11 1374 495 F: 5 4 2 
1340 13 1366 271 F: 7 6 
1343 3 1346 391 F: 2 1 
1349 8 1357 471 F: 2 2 4 
1353 3 1359 434 F: 3 
1353 5 1363 78 F: 5 
1356 5 1361 80 F: 2 2 1 
1363 10 1383 181 F: 7 3 
1365 9 1392 339 F: 2 3 4 
1367 7 1374 454 F: 4 3 
1377 6 1395 303 F: 5 1 
1382 5 1402 325 F: 3 1 1 
1409 9 1436 123 F: 2 4 3 
1411 9 1438 287 F: 3 3 3 
1418 6 1424 254 F: 2 4 
1422 6 1440 315 F: 2 4 
1423 10 1443 66 F: 3 4 3 
1427 8 1451 237 F: 4 2 2 
1429 8 1453 139 F: 3 4 1 
1429 9 1447 89 F: 9 
1435 11 1468 38 F: 5 6 
1438 9 1465 19 F: 6 3 
1439 2 1441 381 F: 2 
1443 9 1479 117 F: 5 2 2 
1447 9 1456 494 F: 4 4 1 
1449 8 1473 178 F: 2 2 4 
1457 6 1463 375 F: 6 
1460 2 1462 489 F: 2 
1481 7 1502 102 F: 5 1 1 
1490 9 1517 479 F: 5 4 
1497 6 1509 360 F: 6 
1498 12 1510 392 F: 6 6 
1502 11 1513 172 F: 5 4 2 
1504 7 1525 88 F: 7 
1506 2 1510 496 F: 2 
1509 10 1529 448 F: 2 4 4 
1516 13 1555 244 F: 5 4 4 
1519 8 1551 349 F: 2 6 
1521 11 1565 205 F: 3 4 4 
1521 12 1569 71 F: 5 4 3 
1529 5 1534 69 F: 5 
1537 5 1547 219 F: 2 3 
1544 9 1571 448 F: 4 5 
1545 10 1585 190 F: 3 3 4 
1553 7 1574 427 F: 4 3 
1559 9 1577 368 F: 5 2 2 
1573 11 1617 86 F: 5 6 
1579 7 1586 413 F: 7 
1582 7 1603 220 F: 4 3 
1586 3 1589 385 F: 3 
1597 13 1636 79 F: 7 6 
1598 5 1613 85 F: 5 
1605 8 1613 164 F: 4 4 
1607 3 1610 89 F: 3 
1614 6 1632 35 F: 2 2 2 
1624 2 1626 329 F: 2 
1624 8 1640 242 F: 4 3 1 
1627 6 1633 243 F: 3 2 1 
1629 6 1641 492 F: 2 3 1 
1633 5 1653 403 F: 5 
1633 7 1647 428 F: 2 4 1 
1638 11 1649 444 F: 7 4 
1640 13 1666 265 F: 13 
1642 8 1650 383 F: 4 1 3 
1652 7 1659 434 F: 5 1 1 
1654 13 1706 443 F: 13 
1656 12 1680 159 F: 12 
1657 2 1663 169 F: 2 
1660 3 1672 472 F: 3 
1667 13 1693 241 F: 7 6 
1696 10 1726 338 F: 3 3 4 
1699 9 1735 418 F: 4 3 2 
1700 13 1726 495 F: 13 
1710 9 1728 423 F: 2 4 3 
1711 7 1718 212 F: 6 1 
1714 12 1738 50 F: 7 5 
1721 10 1761 445 F: 5 5 
1728 3 1734 197 F: 2 1 
1734 8 1750 227 F: 2 4 2 
1734 8 1766 488 F: 8 
1740 12 1764 381 F: 12 
1746 7 1767 256 F: 7 
1748 8 1772 320 F: 4 1 3 
1748 8 1780 273 F: 2 2 4 
1749 8 1765 380 F: 4 1 3 
1766 7 1773 8 F: 7 
1766 11 1810 301 F: 11 
1767 7 1781 161 F: 3 3 1 
1772 7 1779 192 F: 3 4 
1782 12 1794 148 F: 5 4 3 
1791 9 1818 418 F: 5 1 3 
1792 12 1816 20 F: 7 5 
1800 10 1840 237 F: 3 3 4 
1803 4 1815 424 F: 4 
1809 8 1841 490 F: 2 6 
1817 6 1835 465 F: 6 
1822 9 1849 207 F: 7 2 
1825 6 1849 477 F: 4 2 
1826 4 1834 374 F: 3 1 
1837 6 1855 203 F: 6 
1840 11 1862 103 F: 5 2 4 
1848 8 1856 374 F: 4 4 
1861 10 1871 316 F: 7 3 
1862 12 1874 317 F: 4 4 4 
1866 5 1881 495 F: 5 
1869 10 1909 232 F: 5 5 
1871 6 1883 315 F: 6 
1872 10 1882 272 F: 5 2 3 
1876 4 1888 109 F: 4 
1889 8 1921 329 F: 5 3 
1890 9 1926 425 F: 4 5 
1893 8 1917 292 F: 8 
1908 8 1924 293 F: 3 2 3 
1915 4 1931 357 F: 4 
1918 11 1962 489 F: 11 
1922 13 1948 465 F: 13 
1931 4 1935 437 F: 2 1 1 
1933 5 1948 262 F: 2 1 2 
1935 8 1959 275 F: 3 4 1 
1953 6 1977 317 F: 2 1 3 
1955 11 1977 243 F: 4 4 3 
1959 2 1963 110 F: 2 
1959 8 1975 433 F: 4 4 
1960 7 1981 243 F: 2 3 2 
1961 10 2001 256 F: 7 3 
1966 11 1977 335 F: 6 5 
1966 11 2010 376 F: 11 
1969 10 1989 344 F: 3 3 4 
1971 7 1999 67 F: 5 1 1 
1984 8 2000 273 F: 4 2 2 
1988 7 2009 227 F: 2 3 2 
1988 8 1996 15 F: 2 2 4 
2000 12 2048 499 F: 12 
2003 2 2011 474 F: 2 
2003 9 2021 307 F: 4 4 1 
2007 9 2034 362 F: 4 3 2 
2013 5 2023 427 F: 5 
2013 6 2037 134 F: 5 1 
2016 6 2022 379 F: 3 1 2 
2017 7 2031 3 F: 5 1 1 
2040 9 2067 492 F: 3 4 2 
2048 13 2100 419 F: 13 
2053 4 2065 330 F: 2 1 1 
2059 7 2080 327 F: 2 2 3 
2063 8 2079 131 F: 8 
2063 10 2103 135 F: 4 2 4 
2064 5 2079 416 F: 4 1 
2070 9 2097 131 F: 5 3 1 
2079 12 2091 161 F: 12 
2082 4 2086 324 F: 3 1 
2089 9 2098 87 F: 5 3 1 
2090 5 2095 396 F: 2 1 2 
2123 9 2159 250 F: 4 3 2 
2127 9 2145 337 F: 5 4 
2130 9 2139 217 F: 2 3 4 
2141 4 2149 257 F: 2 1 1 
2141 10 2181 335 F: 4 2 4 
2142 3 2154 168 F: 3 
2145 5 2155 184 F: 5 
2145 10 2175 92 F: 5 3 2 
2150 8 2166 391 F: 5 2 1 
2152 12 2164 493 F: 6 6 
2154 4 2166 228 F: 4 
2178 8 2194 351 F: 3 2 3 
2178 11 2189 39 F: 5 3 3 
2182 9 2218 338 F: 3 3 3 
2185 8 2217 73 F: 8 
2186 9 2195 174 F: 9 
2187 8 2203 153 F: 3 3 2 
2189 11 2233 47 F: 5 2 4 
2191 8 2207 188 F: 2 6 
2194 10 2214 492 F: 5 5 
2211 12 2247 303 F: 5 3 4 
2217 4 2233 258 F: 4 
2229 10 2259 471 F: 4 3 3 
2231 8 2247 114 F: 4 3 1 
2232 11 2254 181 F: 5 2 4 
2236 10 2276 177 F: 4 2 4 
2241 5 2256 274 F: 2 2 1 
2245 5 2255 316 F: 5 
2245 10 2285 215 F: 6 4 
2252 9 2279 314 F: 5 3 1 
2258 8 2290 274 F: 3 5 
2264 11 2297 303 F: 11 
2270 12 2306 248 F: 6 6 
2271 5 2276 454 F: 3 1 1 
2273 9 2291 314 F: 7 2 
2274 3 2280 15 F: 3 
2278 2 2282 403 F: 2 
2279 7 2293 9 F: 2 5 
2283 9 2310 318 F: 5 4 
2287 9 2305 476 F: 9 
2303 4 2315 296 F: 3 1 
2314 12 2350 305 F: 4 4 4 
2320 6 2332 317 F: 6 
2321 7 2342 55 F: 7 
2324 7 2352 32 F: 3 4 
2328 9 2337 363 F: 3 3 3 
2337 9 2355 29 F: 4 4 1 
2340 5 2345 99 F: 4 1 
2340 5 2360 109 F: 4 1 
2348 2 2350 331 F: 2 
2361 9 2379 312 F: 4 5 
2361 9 2388 338 F: 3 6 
2365 6 2383 306 F: 3 1 2 
2365 8 2381 199 F: 2 6 
2365 9 2374 308 F: 6 3 
2372 11 2383 423 F: 5 6 
2384 3 2387 382 F: 3 
2384 11 2428 175 F: 11 
2391 5 2396 461 F: 2 2 1 
2392 12 2416 334 F: 7 5 
2401 4 2413 266 F: 4 
2401 12 2449 492 F: 12 
2403 13 2455 264 F: 5 4 4 
2414 3 2426 438 F: 3 
2415 6 2427 331 F: 3 2 1 
2418 5 2438 155 F: 5 
2420 7 2448 20 F: 3 3 1 
2422 6 2440 450 F: 6 
2429 6 2435 365 F: 2 1 3 
2434 5 2454 454 F: 2 1 2 
2434 11 2445 231 F: 11 
2440 4 2452 379 F: 4 
2442 4 2450 294 F: 4 
2442 7 2449 50 F: 7 
2445 8 2469 150 F: 6 2 
2451 12 2487 249 F: 12 
2466 5 2476 223 F: 5 
2475 10 2515 65 F: 4 2 4 
2476 4 2492 332 F: 4 
2496 4 2500 326 F: 2 2 
D: 5 154 
D: 10 15 
D: 14 313 
D: 20 290 
D: 24 364 
D: 28 125 
D: 30 413 
D: 39 52 
D: 43 457 
D: 51 412 
D: 52 273 
D: 54 272 
D: 54 312 
D: 58 427 
D: 64 176 
D: 66 272 
D: 66 385 
D: 82 263 
D: 83 205 
D: 88 99 
D: 93 254 
D: 106 163 
D: 117 417 
D: 143 388 
D: 144 232 
D: 150 230 
D: 150 420 
D: 161 226 
D: 170 420 
D: 184 326 
D: 201 442 
D: 217 304 
D: 234 384 
D: 246 338 
D: 253 379 
D: 254 487 
D: 256 430 
D: 256 465 
D: 259 402 
D: 259 464 
D: 277 384 
D: 281 327 
D: 312 338 
D: 319 449 
D: 327 383 
D: 360 415 
D: 381 385 
D: 383 421 
D: 441 449 
D: 444 483 
