5 9 41 210 F: 5 1 3 
14 12 38 388 F: 5 3 4 
15 8 31 373 F: 4 2 2 
20 9 38 88 F: 4 3 2 
29 3 32 391 F: 3 
30 9 39 283 F: 7 2 
32 7 39 50 F: 3 1 3 
40 9 58 216 F: 4 3 2 
41 6 65 239 F: 4 2 
47 10 67 89 F: 6 4 
64 9 82 361 F: 9 
65 7 79 262 F: 3 3 1 
67 9 103 384 F: 6 3 
70 8 94 192 F: 5 1 2 
71 5 86 116 F: 3 1 1 
75 6 81 130 F: 3 2 1 
79 6 97 169 F: 4 1 1 
80 3 92 272 F: 3 
82 11 93 236 F: 11 
94 6 106 134 F: 3 3 
104 9 140 19 F: 4 5 
114 6 120 371 F: 2 4 
123 8 155 127 F: 5 3 
132 7 139 10 F: 3 4 
138 10 158 387 F: 7 3 
143 3 149 52 F: 3 
151 7 158 346 F: 4 1 2 
160 13 199 135 F: 7 6 
165 3 177 220 F: 3 
165 6 183 7 F: 3 3 
166 13 179 52 F: 5 4 4 
172 8 196 322 F: 2 4 2 
174 9 210 352 F: 6 3 
186 10 206 224 F: 6 4 
190 8 198 132 F: 5 3 
192 7 220 310 F: 2 4 1 
192 9 219 253 F: 7 2 
193 6 211 120 F: 6 
194 11 227 325 F: 5 2 4 
198 8 222 413 F: 2 6 
207 11 218 46 F: 7 4 
209 3 215 54 F: 2 1 
209 12 233 96 F: 12 
214 10 234 237 F: 4 6 
215 13 267 407 F: 13 
219 9 228 322 F: 4 5 
228 7 256 435 F: 3 4 
229 13 281 35 F: 13 
231 12 267 261 F: 7 5 
243 8 275 10 F: 8 
247 8 255 67 F: 5 1 2 
252 11 263 175 F: 5 2 4 
259 10 299 258 F: 5 3 2 
269 9 296 453 F: 4 4 1 
271 13 297 141 F: 7 6 
274 12 322 180 F: 12 
287 8 319 340 F: 5 3 
292 6 298 495 F: 2 4 
292 6 304 166 F: 6 
294 8 326 89 F: 5 1 2 
310 6 316 452 F: 2 4 
313 3 325 116 F: 3 
321 8 345 355 F: 4 4 
330 8 362 214 F: 3 2 3 
333 10 363 462 F: 10 
346 8 362 91 F: 6 2 
348 13 374 388 F: 7 6 
349 9 358 88 F: 5 3 1 
352 13 365 273 F: 13 
356 8 380 388 F: 3 5 
357 9 366 425 F: 4 2 3 
361 11 394 372 F: 7 4 
362 8 378 215 F: 3 2 3 
367 7 374 9 F: 2 1 4 
374 11 385 183 F: 11 
377 9 395 60 F: 3 6 
381 6 387 110 F: 5 1 
387 7 408 424 F: 6 1 
391 12 415 141 F: 6 6 
394 3 406 114 F: 3 
401 11 445 438 F: 6 5 
403 3 415 124 F: 3 
414 9 423 388 F: 9 
417 5 437 257 F: 5 
436 6 442 99 F: 6 
438 9 465 334 F: 3 4 2 
449 6 455 435 F: 6 
452 13 504 273 F: 13 
455 8 479 296 F: 2 6 
457 12 493 64 F: 12 
460 7 467 395 F: 6 1 
463 9 490 317 F: 4 3 2 
464 12 488 81 F: 12 
468 8 484 406 F: 3 1 4 
474 8 490 430 F: 8 
484 5 494 226 F: 5 
492 9 510 267 F: 4 1 4 
492 13 505 132 F: 7 6 
493 7 507 185 F: 6 1 
494 9 530 428 F: 2 4 3 
513 5 523 257 F: 3 2 
517 6 523 473 F: 6 
517 10 557 335 F: 4 6 
527 6 551 129 F: 2 4 
529 13 581 276 F: 13 
529 13 581 498 F: 13 
530 10 570 359 F: 5 5 
532 6 538 91 F: 6 
534 9 561 76 F: 4 3 2 
537 8 553 282 F: 5 3 
539 7 546 62 F: 2 3 2 
541 8 573 213 F: 3 5 
549 4 557 13 F: 4 
550 12 562 430 F: 12 
554 6 572 120 F: 6 
569 5 589 431 F: 5 
574 9 610 27 F: 4 1 4 
580 6 604 436 F: 3 2 1 
581 6 587 494 F: 2 3 1 
590 9 617 56 F: 9 
606 13 619 227 F: 13 
612 11 656 271 F: 4 4 3 
613 13 639 422 F: 13 
618 9 636 50 F: 4 5 
618 9 636 138 F: 3 3 3 
619 6 637 295 F: 6 
620 3 632 83 F: 3 
624 7 652 171 F: 4 2 1 
629 10 649 195 F: 7 3 
630 8 662 403 F: 7 1 
639 5 654 22 F: 4 1 
643 6 649 275 F: 3 2 1 
646 8 678 271 F: 2 2 4 
657 13 696 138 F: 13 
660 7 681 353 F: 7 
662 9 698 380 F: 4 5 
676 2 678 382 F: 2 
681 5 686 255 F: 5 
682 12 730 402 F: 12 
699 7 706 425 F: 2 5 
706 4 710 402 F: 4 
714 5 724 174 F: 5 
715 6 733 89 F: 3 2 1 
721 2 727 402 F: 2 
724 6 736 433 F: 4 2 
725 8 741 443 F: 3 3 2 
726 9 753 166 F: 5 1 3 
729 10 739 22 F: 4 4 2 
731 11 775 427 F: 11 
745 4 749 321 F: 2 1 1 
750 8 758 226 F: 2 2 4 
751 6 769 163 F: 6 
765 11 787 466 F: 4 4 3 
772 5 777 247 F: 2 1 2 
776 11 787 399 F: 3 4 4 
777 3 783 375 F: 3 
778 12 814 341 F: 12 
784 8 792 121 F: 4 4 
788 13 814 186 F: 13 
797 10 827 75 F: 3 4 3 
805 9 832 444 F: 5 4 
806 7 834 340 F: 4 3 
819 8 843 438 F: 3 3 2 
824 4 828 327 F: 2 2 
827 8 835 189 F: 8 
830 8 862 337 F: 8 
840 9 867 89 F: 9 
841 10 881 56 F: 5 5 
847 5 857 345 F: 5 
857 10 887 81 F: 10 
858 8 866 106 F: 2 3 3 
864 11 875 72 F: 11 
864 11 875 467 F: 5 3 3 
872 6 890 447 F: 5 1 
877 5 897 169 F: 2 3 
878 8 910 237 F: 2 4 2 
881 8 897 87 F: 2 3 3 
894 8 910 369 F: 8 
896 11 918 29 F: 6 5 
898 6 910 52 F: 2 4 
902 6 908 238 F: 4 2 
903 7 917 251 F: 2 5 
910 5 930 376 F: 2 2 1 
914 10 954 327 F: 3 4 3 
920 8 936 178 F: 7 1 
930 5 940 47 F: 2 1 2 
931 9 958 223 F: 9 
933 8 949 112 F: 6 2 
936 11 969 101 F: 4 4 3 
939 8 963 209 F: 8 
949 2 955 457 F: 2 
949 10 989 106 F: 2 4 4 
951 6 963 183 F: 6 
959 3 971 88 F: 3 
964 8 980 495 F: 8 
965 4 981 437 F: 2 2 
981 11 992 140 F: 4 4 3 
987 10 1007 241 F: 10 
988 12 1024 139 F: 12 
996 10 1036 380 F: 5 5 
1000 5 1010 152 F: 4 1 
1008 9 1035 45 F: 3 6 
1021 6 1039 428 F: 5 1 
1027 10 1067 289 F: 5 1 4 
1038 2 1044 133 F: 2 
1038 7 1045 50 F: 4 3 
1042 9 1078 173 F: 4 2 3 
1043 10 1073 91 F: 5 1 4 
1044 6 1062 241 F: 3 3 
1048 4 1060 276 F: 4 
1049 9 1085 169 F: 3 3 3 
1051 10 1071 359 F: 3 3 4 
1070 9 1106 200 F: 4 3 2 
1073 9 1100 111 F: 9 
1074 3 1083 139 F: 3 
1083 11 1127 432 F: 11 
1085 7 1099 159 F: 3 4 
1086 8 1118 420 F: 2 6 
1094 6 1112 116 F: 4 2 
1094 9 1112 500 F: 4 2 3 
1101 4 1113 356 F: 4 
1110 9 1128 105 F: 3 6 
1122 5 1142 287 F: 5 
1123 9 1150 341 F: 4 5 
1125 10 1165 244 F: 5 2 3 
1132 9 1168 335 F: 9 
1137 8 1169 109 F: 7 1 
1142 6 1166 210 F: 2 4 
1146 9 1155 454 F: 4 5 
1159 9 1177 43 F: 5 1 3 
1164 8 1196 265 F: 8 
1168 13 1207 46 F: 13 
1171 12 1207 133 F: 12 
1172 3 1178 427 F: 2 1 
1172 9 1199 264 F: 3 6 
1179 7 1193 452 F: 4 1 2 
1192 5 1197 312 F: 5 
1193 6 1205 338 F: 5 1 
1194 8 1210 247 F: 4 1 3 
1199 11 1232 499 F: 4 3 4 
1200 7 1228 375 F: 2 3 2 
1209 8 1217 302 F: 3 2 3 
1210 10 1240 301 F: 5 4 1 
1214 10 1254 296 F: 10 
1226 12 1274 500 F: 6 6 
1228 7 1235 301 F: 7 
1231 4 1247 498 F: 4 
1249 13 1288 236 F: 13 
1253 5 1273 50 F: 2 1 2 
1255 9 1282 99 F: 4 4 1 
1257 6 1275 359 F: 6 
1261 3 1264 149 F: 3 
1261 5 1281 171 F: 3 2 
1261 13 1274 268 F: 13 
1268 9 1295 499 F: 5 4 
1271 8 1279 35 F: 7 1 
1273 5 1293 170 F: 5 
1275 9 1284 264 F: 2 3 4 
1281 6 1299 168 F: 6 
1299 10 1319 241 F: 6 4 
1301 10 1311 68 F: 4 4 2 
1304 11 1315 250 F: 6 5 
1313 6 1331 483 F: 6 
1314 12 1362 391 F: 7 5 
1318 9 1336 144 F: 3 6 
1325 12 1361 254 F: 4 4 4 
1337 11 1359 440 F: 6 5 
1338 5 1358 133 F: 2 1 2 
1338 6 1356 239 F: 6 
1350 7 1378 212 F: 4 2 1 
1351 7 1372 43 F: 7 
1355 9 1382 92 F: 5 4 
1357 2 1365 109 F: 2 
1359 7 1373 444 F: 7 
1369 12 1417 111 F: 4 4 4 
1375 6 1393 65 F: 3 3 
1378 4 1394 97 F: 4 
1382 12 1430 4 F: 12 
1384 6 1402 221 F: 2 4 
1388 8 1420 272 F: 5 2 1 
1400 7 1428 74 F: 4 1 2 
1403 6 1427 143 F: 4 2 
1413 9 1449 263 F: 5 2 2 
1414 5 1424 380 F: 5 
1415 5 1425 168 F: 5 
1417 13 1456 349 F: 13 
1425 5 1440 20 F: 2 1 2 
1430 2 1434 49 F: 2 
1436 12 1484 219 F: 12 
1441 2 1449 358 F: 2 
1444 5 1449 31 F: 3 1 1 
1446 5 1451 409 F: 3 1 1 
1453 9 1471 436 F: 6 3 
1454 11 1465 336 F: 3 4 4 
1462 7 1476 193 F: 3 1 3 
1463 5 1468 79 F: 5 
1475 2 1477 203 F: 2 
1483 11 1516 140 F: 11 
1485 7 1499 331 F: 2 4 1 
1498 7 1505 297 F: 5 1 1 
1504 3 1510 115 F: 3 
1509 7 1523 80 F: 2 4 1 
1518 3 1527 120 F: 3 
1520 6 1532 169 F: 2 3 1 
1528 8 1560 401 F: 4 1 3 
1533 4 1545 392 F: 2 1 1 
1541 7 1548 449 F: 7 
1545 6 1563 282 F: 2 2 2 
1546 9 1573 354 F: 6 3 
1547 7 1561 1 F: 3 3 1 
1552 11 1596 394 F: 5 6 
1559 5 1564 174 F: 5 
1563 9 1572 37 F: 4 5 
1574 5 1589 496 F: 5 
1574 5 1594 168 F: 4 1 
1576 10 1586 499 F: 4 4 2 
1590 9 1599 170 F: 9 
1596 5 1611 59 F: 5 
1597 7 1604 462 F: 7 
1599 12 1647 142 F: 5 4 3 
1602 6 1614 434 F: 3 2 1 
1603 9 1639 443 F: 4 4 1 
1609 9 1645 462 F: 5 3 1 
1624 10 1634 372 F: 7 3 
1626 9 1653 344 F: 9 
1627 8 1659 162 F: 8 
1635 8 1659 67 F: 2 3 3 
1637 8 1669 496 F: 4 3 1 
1639 3 1645 27 F: 3 
1639 5 1659 95 F: 5 
1641 8 1657 87 F: 4 2 2 
1648 2 1654 251 F: 2 
1660 4 1672 386 F: 4 
1666 9 1693 25 F: 6 3 
1666 10 1706 330 F: 10 
1668 11 1712 104 F: 4 4 3 
1678 7 1692 204 F: 3 1 3 
1685 6 1691 17 F: 4 2 
1688 12 1736 277 F: 12 
1692 7 1706 44 F: 7 
1705 5 1715 298 F: 5 
1708 13 1747 92 F: 13 
1710 10 1740 490 F: 5 4 1 
1711 8 1727 69 F: 3 2 3 
1712 5 1722 393 F: 5 
1725 10 1755 61 F: 6 4 
1726 11 1737 456 F: 11 
1733 10 1753 135 F: 4 2 4 
1735 12 1783 233 F: 6 6 
1736 5 1746 484 F: 5 
1747 7 1754 186 F: 2 4 1 
1757 10 1767 260 F: 7 3 
1758 12 1806 239 F: 12 
1761 10 1781 126 F: 5 1 4 
1762 8 1770 239 F: 2 3 3 
1767 5 1772 450 F: 2 1 2 
1773 11 1806 312 F: 3 4 4 
1778 7 1806 423 F: 2 5 
1783 9 1792 71 F: 9 
1793 8 1825 183 F: 7 1 
1808 4 1820 371 F: 4 
1816 8 1824 117 F: 4 4 
1825 12 1861 299 F: 12 
1829 6 1853 105 F: 4 2 
1839 9 1848 262 F: 6 3 
1847 11 1869 193 F: 5 4 2 
1855 2 1859 178 F: 2 
1855 8 1887 463 F: 6 2 
1856 7 1877 319 F: 2 5 
1857 5 1862 305 F: 2 3 
1861 6 1879 97 F: 5 1 
1863 10 1873 130 F: 3 4 3 
1865 12 1901 42 F: 6 6 
1868 5 1888 129 F: 2 3 
1868 7 1896 305 F: 6 1 
1870 6 1888 350 F: 6 
1882 4 1890 354 F: 2 2 
1889 3 1898 123 F: 3 
1892 9 1901 51 F: 3 6 
1897 7 1925 86 F: 7 
1901 11 1934 318 F: 5 6 
1902 8 1918 337 F: 3 5 
1910 11 1932 74 F: 11 
1915 8 1923 421 F: 3 4 1 
1919 8 1951 356 F: 6 2 
1920 4 1936 40 F: 2 1 1 
1926 8 1958 133 F: 4 4 
1947 7 1975 11 F: 2 3 2 
1948 2 1952 96 F: 2 
1952 11 1996 166 F: 5 3 3 
1955 7 1969 329 F: 7 
1970 5 1985 47 F: 2 2 1 
1975 6 1981 146 F: 3 3 
1976 6 2000 296 F: 4 1 1 
1977 8 2009 312 F: 2 2 4 
1977 13 1990 468 F: 13 
1981 12 1993 134 F: 12 
1989 4 1993 449 F: 4 
1991 8 2015 499 F: 4 4 
1995 9 2022 173 F: 7 2 
2000 7 2007 236 F: 2 5 
2000 12 2036 377 F: 12 
2001 8 2017 263 F: 2 2 4 
2009 10 2049 337 F: 5 5 
2011 3 2014 300 F: 3 
2029 13 2055 472 F: 13 
2036 12 2048 15 F: 6 6 
2039 13 2078 428 F: 13 
2041 10 2071 255 F: 2 4 4 
2045 12 2093 325 F: 12 
2045 12 2093 471 F: 7 5 
2052 10 2082 22 F: 10 
2063 8 2087 214 F: 4 1 3 
2065 10 2105 425 F: 2 4 4 
2071 8 2103 432 F: 4 3 1 
2074 11 2118 375 F: 6 5 
2080 7 2108 480 F: 3 2 2 
2087 13 2100 356 F: 13 
2095 5 2115 120 F: 3 2 
2099 11 2132 210 F: 7 4 
2102 4 2114 139 F: 3 1 
2114 4 2118 138 F: 3 1 
2114 9 2141 10 F: 6 3 
2115 6 2139 62 F: 6 
2117 10 2137 211 F: 2 4 4 
2121 10 2131 376 F: 5 5 
2128 3 2134 418 F: 3 
2128 8 2160 389 F: 3 1 4 
2130 9 2166 455 F: 4 3 2 
2141 10 2151 101 F: 5 1 4 
2158 8 2174 62 F: 2 4 2 
2168 6 2174 145 F: 4 1 1 
2169 12 2217 397 F: 12 
2175 8 2191 417 F: 2 4 2 
2178 11 2211 42 F: 4 3 4 
2188 9 2206 234 F: 3 6 
2194 9 2230 359 F: 7 2 
2197 9 2215 297 F: 3 6 
2198 6 2204 141 F: 3 3 
2198 11 2242 71 F: 11 
2201 8 2217 228 F: 3 4 1 
2210 3 2213 157 F: 2 1 
2210 3 2216 30 F: 3 
2214 2 2222 154 F: 2 
2214 9 2241 173 F: 5 3 1 
2215 11 2248 471 F: 7 4 
2220 9 2247 497 F: 7 2 
2222 6 2246 116 F: 2 1 3 
2224 13 2237 286 F: 13 
2233 11 2255 192 F: 11 
2245 4 2261 110 F: 3 1 
2245 12 2269 180 F: 7 5 
2259 6 2277 368 F: 2 1 3 
2265 6 2289 22 F: 2 4 
2266 7 2280 22 F: 3 2 2 
2269 6 2293 154 F: 6 
2279 5 2299 83 F: 2 3 
2282 11 2304 404 F: 5 4 2 
2284 6 2308 468 F: 3 2 1 
2295 5 2310 340 F: 2 2 1 
2312 8 2328 144 F: 8 
2317 7 2338 323 F: 2 4 1 
2325 6 2331 61 F: 4 2 
2327 6 2333 11 F: 2 2 2 
2328 11 2361 72 F: 5 6 
2332 7 2339 308 F: 4 2 1 
2344 10 2384 227 F: 6 4 
2346 6 2358 215 F: 6 
2354 9 2363 186 F: 5 1 3 
2355 4 2363 125 F: 2 1 1 
2360 9 2378 318 F: 6 3 
2364 9 2400 157 F: 3 3 3 
2365 8 2397 177 F: 3 3 2 
2370 10 2410 244 F: 5 4 1 
2373 5 2383 324 F: 2 2 1 
2374 9 2410 339 F: 5 4 
2376 11 2420 400 F: 11 
2378 10 2398 22 F: 4 4 2 
2390 9 2408 223 F: 5 1 3 
2396 9 2423 482 F: 3 4 2 
2400 7 2407 9 F: 6 1 
2404 10 2444 80 F: 2 4 4 
2406 13 2458 264 F: 7 6 
2407 8 2431 21 F: 8 
2407 11 2451 425 F: 5 6 
2408 7 2415 94 F: 7 
2411 5 2416 243 F: 5 
2421 4 2429 480 F: 4 
2447 8 2463 482 F: 4 4 
2452 9 2470 58 F: 4 1 4 
2455 7 2476 383 F: 2 5 
2456 10 2466 63 F: 7 3 
2458 2 2460 370 F: 2 
2463 11 2485 310 F: 7 4 
2473 12 2497 247 F: 12 
2483 4 2495 63 F: 2 2 
2485 9 2521 386 F: 3 2 4 
2485 12 2521 188 F: 5 4 3 
2488 9 2515 267 F: 3 2 4 
2499 5 2504 191 F: 3 1 1 
D: 1 190 
D: 10 83 
D: 10 128 
D: 12 77 
D: 13 259 
D: 20 144 
D: 24 38 
D: 28 438 
D: 30 270 
D: 31 486 
D: 32 110 
D: 57 378 
D: 61 282 
D: 65 317 
D: 68 365 
D: 73 459 
D: 75 358 
D: 79 177 
D: 89 323 
D: 111 320 
D: 111 431 
D: 127 269 
D: 136 230 
D: 137 411 
D: 175 338 
D: 180 245 
D: 194 255 
D: 194 458 
D: 209 482 
D: 219 438 
D: 223 482 
D: 228 349 
D: 229 378 
D: 243 270 
D: 251 293 
D: 251 403 
D: 251 453 
D: 256 392 
D: 257 389 
D: 261 416 
D: 289 288 
D: 322 499 
D: 333 381 
D: 333 452 
D: 338 370 
D: 365 387 
D: 388 435 
D: 397 456 
D: 403 475 
D: 416 456 
