5 7 26 214 F: 5 2 
10 6 16 79 F: 3 2 1 
12 9 39 283 F: 5 2 2 
13 7 34 358 F: 2 5 
13 9 40 404 F: 4 5 
21 11 65 398 F: 11 
22 8 30 266 F: 4 1 3 
22 9 58 375 F: 4 5 
31 10 41 12 F: 10 
34 7 62 84 F: 3 1 3 
48 12 60 486 F: 12 
66 11 99 417 F: 11 
70 8 102 383 F: 4 2 2 
72 3 81 345 F: 3 
79 8 95 76 F: 8 
85 5 100 88 F: 5 
88 5 93 482 F: 3 1 1 
89 8 97 42 F: 4 3 1 
99 2 107 278 F: 2 
99 5 114 356 F: 5 
104 10 134 364 F: 3 4 3 
108 12 132 378 F: 12 
116 8 140 146 F: 8 
116 9 134 43 F: 4 4 1 
119 9 137 133 F: 5 3 1 
120 7 148 102 F: 2 5 
127 6 151 101 F: 6 
143 6 161 74 F: 5 1 
146 4 158 225 F: 4 
151 4 159 124 F: 4 
154 10 194 36 F: 4 3 3 
155 7 169 384 F: 4 3 
161 10 191 265 F: 2 4 4 
168 3 180 194 F: 2 1 
174 12 186 67 F: 6 6 
178 8 202 36 F: 4 1 3 
184 10 194 409 F: 4 4 2 
185 8 209 277 F: 4 3 1 
193 7 207 72 F: 2 5 
195 11 228 498 F: 5 6 
204 10 224 30 F: 7 3 
204 12 228 472 F: 12 
207 11 240 484 F: 7 4 
210 6 216 21 F: 3 1 2 
210 9 219 415 F: 3 4 2 
215 13 267 332 F: 13 
227 12 263 395 F: 12 
238 9 265 246 F: 3 2 4 
240 6 252 263 F: 2 4 
251 7 279 43 F: 3 4 
251 9 260 295 F: 3 6 
256 6 268 242 F: 6 
262 12 310 427 F: 4 4 4 
267 2 275 218 F: 2 
270 5 290 125 F: 3 2 
275 5 290 382 F: 3 1 1 
276 5 296 14 F: 2 3 
277 11 310 371 F: 11 
286 6 310 37 F: 5 1 
287 8 319 50 F: 8 
304 8 312 218 F: 7 1 
309 9 336 38 F: 2 3 4 
312 8 344 160 F: 8 
313 4 317 104 F: 4 
331 9 358 118 F: 4 5 
333 7 347 335 F: 4 3 
341 6 347 124 F: 3 1 2 
344 9 380 421 F: 4 5 
344 10 374 191 F: 6 4 
350 11 394 222 F: 6 5 
353 8 369 347 F: 3 4 1 
355 7 383 236 F: 6 1 
358 3 370 68 F: 2 1 
360 10 400 302 F: 5 4 1 
372 11 405 319 F: 6 5 
373 6 391 179 F: 5 1 
374 8 406 253 F: 2 2 4 
389 5 404 263 F: 5 
390 10 430 276 F: 4 6 
396 9 414 203 F: 4 5 
403 5 418 1 F: 4 1 
407 11 440 472 F: 3 4 4 
407 12 419 491 F: 5 4 3 
411 9 447 239 F: 5 4 
412 4 416 463 F: 3 1 
434 12 470 191 F: 12 
437 8 453 36 F: 3 5 
440 9 449 288 F: 5 3 1 
441 3 453 51 F: 3 
445 6 457 370 F: 6 
452 8 468 397 F: 3 1 4 
452 12 464 54 F: 6 6 
458 10 488 290 F: 4 6 
466 8 482 135 F: 3 2 3 
468 10 478 401 F: 6 4 
474 9 501 272 F: 4 5 
480 10 500 148 F: 7 3 
488 9 524 485 F: 9 
493 6 511 451 F: 3 2 1 
499 6 505 409 F: 6 
500 9 509 108 F: 4 5 
501 6 513 357 F: 3 3 
505 7 526 306 F: 5 2 
508 9 535 304 F: 9 
508 10 538 114 F: 4 6 
516 12 552 357 F: 12 
522 6 546 297 F: 2 4 
529 10 559 21 F: 2 4 4 
531 6 543 474 F: 3 2 1 
539 7 560 260 F: 3 1 3 
542 8 574 301 F: 4 4 
552 8 584 265 F: 8 
558 8 566 414 F: 3 3 2 
559 9 577 250 F: 5 2 2 
560 10 570 238 F: 4 2 4 
569 11 580 245 F: 11 
570 4 578 332 F: 4 
591 11 613 176 F: 5 6 
593 8 617 346 F: 7 1 
595 10 605 38 F: 7 3 
600 6 618 265 F: 6 
600 9 636 178 F: 2 3 4 
609 9 627 327 F: 9 
609 11 631 59 F: 11 
630 12 654 60 F: 7 5 
635 10 655 430 F: 2 4 4 
640 9 658 76 F: 4 2 3 
642 10 652 288 F: 5 2 3 
646 8 670 12 F: 3 2 3 
647 13 699 237 F: 13 
655 10 665 327 F: 4 3 3 
660 12 672 295 F: 4 4 4 
665 7 672 391 F: 4 3 
668 7 682 334 F: 7 
671 8 687 429 F: 5 3 
672 13 698 1 F: 13 
678 4 690 349 F: 4 
682 7 696 58 F: 2 3 2 
691 10 731 40 F: 3 3 4 
694 6 712 230 F: 2 4 
700 6 724 6 F: 3 3 
704 8 712 384 F: 5 1 2 
709 9 745 298 F: 3 4 2 
713 8 721 148 F: 3 5 
714 9 732 367 F: 2 3 4 
717 12 741 121 F: 5 3 4 
718 8 742 101 F: 3 3 2 
719 11 763 270 F: 5 3 3 
720 10 750 27 F: 2 4 4 
726 9 753 412 F: 4 1 4 
726 12 774 379 F: 12 
733 10 753 475 F: 5 4 1 
736 11 747 419 F: 6 5 
745 6 757 265 F: 3 2 1 
749 10 789 142 F: 5 3 2 
749 12 761 364 F: 12 
755 7 776 241 F: 6 1 
771 4 775 237 F: 4 
787 11 798 165 F: 5 6 
795 12 819 369 F: 5 3 4 
800 2 802 152 F: 2 
802 8 810 263 F: 8 
811 7 832 269 F: 4 2 1 
817 9 835 253 F: 4 1 4 
831 13 857 430 F: 13 
832 10 842 128 F: 7 3 
834 11 856 329 F: 5 2 4 
839 6 863 372 F: 4 2 
857 9 884 473 F: 6 3 
861 2 865 250 F: 2 
861 10 871 132 F: 10 
864 10 904 139 F: 5 1 4 
865 9 874 124 F: 3 2 4 
868 7 896 56 F: 6 1 
871 10 911 60 F: 3 4 3 
875 12 899 14 F: 12 
878 4 894 216 F: 3 1 
879 8 895 148 F: 3 4 1 
889 8 913 404 F: 2 6 
893 6 917 392 F: 6 
901 9 910 179 F: 5 2 2 
906 6 912 493 F: 5 1 
915 7 922 252 F: 2 4 1 
919 5 934 230 F: 3 2 
924 8 956 292 F: 7 1 
929 8 945 51 F: 2 6 
936 7 943 22 F: 7 
937 8 945 57 F: 8 
937 8 961 218 F: 4 3 1 
939 6 963 332 F: 4 2 
944 5 949 201 F: 5 
945 7 952 90 F: 2 5 
952 4 968 395 F: 4 
958 9 985 397 F: 9 
965 9 1001 41 F: 3 2 4 
970 4 978 262 F: 4 
986 4 994 326 F: 4 
987 8 995 446 F: 8 
996 9 1032 144 F: 7 2 
999 6 1011 65 F: 2 4 
1006 3 1009 60 F: 3 
1009 8 1025 474 F: 5 1 2 
1024 6 1030 385 F: 2 3 1 
1024 9 1033 406 F: 9 
1026 4 1038 28 F: 2 2 
1036 13 1049 163 F: 13 
1039 4 1043 254 F: 2 2 
1040 4 1048 65 F: 2 2 
1053 13 1066 16 F: 5 4 4 
1057 7 1085 65 F: 6 1 
1069 8 1101 297 F: 3 1 4 
1070 5 1075 39 F: 5 
1070 9 1079 79 F: 9 
1075 4 1083 41 F: 4 
1077 7 1091 216 F: 4 3 
1080 11 1091 24 F: 7 4 
1089 11 1111 497 F: 5 3 3 
1091 10 1111 73 F: 6 4 
1094 8 1110 461 F: 3 2 3 
1096 5 1101 61 F: 4 1 
1101 8 1133 143 F: 8 
1101 10 1111 194 F: 7 3 
1114 5 1124 396 F: 2 2 1 
1121 3 1133 465 F: 3 
1121 10 1131 222 F: 3 4 3 
1122 4 1134 418 F: 4 
1122 10 1142 331 F: 4 6 
1123 5 1128 355 F: 5 
1133 6 1145 429 F: 6 
1140 7 1168 490 F: 7 
1141 8 1157 358 F: 3 2 3 
1150 8 1166 483 F: 7 1 
1151 7 1165 66 F: 6 1 
1160 11 1204 216 F: 4 3 4 
1174 9 1201 190 F: 5 2 2 
1176 8 1192 483 F: 8 
1177 11 1221 136 F: 5 3 3 
1184 10 1224 2 F: 4 2 4 
1193 6 1199 480 F: 6 
1197 10 1207 204 F: 10 
1203 13 1229 303 F: 7 6 
1208 10 1248 155 F: 5 5 
1213 3 1216 432 F: 2 1 
1217 8 1233 72 F: 2 3 3 
1227 12 1251 356 F: 5 3 4 
1231 2 1235 416 F: 2 
1231 8 1247 226 F: 5 2 1 
1232 3 1235 220 F: 3 
1235 7 1263 129 F: 2 4 1 
1235 13 1261 426 F: 13 
1248 8 1256 162 F: 2 3 3 
1253 9 1280 463 F: 4 1 4 
1261 7 1289 340 F: 4 3 
1266 7 1280 382 F: 5 2 
1283 8 1291 33 F: 6 2 
1286 5 1306 461 F: 3 2 
1289 3 1298 88 F: 3 
1291 8 1323 47 F: 4 1 3 
1294 3 1300 153 F: 3 
1299 12 1347 271 F: 6 6 
1312 11 1345 409 F: 11 
1313 9 1349 137 F: 4 2 3 
1319 8 1343 206 F: 3 2 3 
1334 7 1355 251 F: 2 5 
1336 8 1352 344 F: 3 5 
1339 12 1363 213 F: 12 
1343 10 1363 6 F: 10 
1345 7 1359 440 F: 4 1 2 
1346 11 1368 410 F: 6 5 
1349 8 1365 444 F: 8 
1349 9 1376 429 F: 3 6 
1349 10 1379 268 F: 4 6 
1356 11 1378 63 F: 5 2 4 
1364 7 1385 59 F: 3 3 1 
1368 13 1394 354 F: 13 
1376 6 1400 257 F: 2 4 
1376 7 1383 474 F: 2 1 4 
1381 3 1390 486 F: 3 
1386 8 1394 127 F: 4 1 3 
1388 6 1412 237 F: 2 4 
1413 7 1420 262 F: 2 2 3 
1423 8 1431 338 F: 4 3 1 
1423 8 1455 344 F: 5 2 1 
1430 13 1482 120 F: 7 6 
1434 8 1442 194 F: 5 3 
1438 12 1486 124 F: 5 3 4 
1445 4 1461 466 F: 3 1 
1447 7 1475 364 F: 2 5 
1451 4 1467 227 F: 3 1 
1456 8 1488 431 F: 3 2 3 
1463 13 1502 9 F: 5 4 4 
1465 13 1478 189 F: 13 
1469 11 1491 301 F: 11 
1471 10 1481 91 F: 4 6 
1476 9 1512 42 F: 4 3 2 
1478 10 1488 48 F: 5 2 3 
1480 5 1495 230 F: 3 1 1 
1486 11 1530 315 F: 4 4 3 
1497 9 1533 64 F: 9 
1499 7 1527 285 F: 3 3 1 
1508 8 1516 22 F: 8 
1511 12 1535 396 F: 7 5 
1533 6 1557 56 F: 6 
1539 12 1563 274 F: 12 
1540 7 1554 162 F: 4 3 
1544 4 1552 36 F: 4 
1545 8 1561 174 F: 3 1 4 
1554 7 1575 9 F: 7 
1555 4 1559 472 F: 2 1 1 
1557 6 1563 284 F: 3 3 
1557 10 1567 498 F: 4 6 
1558 11 1569 439 F: 11 
1566 9 1593 316 F: 3 6 
1574 3 1583 155 F: 2 1 
1580 10 1610 182 F: 5 5 
1581 10 1601 424 F: 6 4 
1586 9 1595 16 F: 6 3 
1596 5 1606 229 F: 4 1 
1598 6 1616 299 F: 3 1 2 
1599 10 1619 61 F: 6 4 
1602 13 1615 344 F: 7 6 
1603 3 1609 295 F: 3 
1606 8 1638 193 F: 5 1 2 
1612 6 1618 401 F: 4 2 
1613 12 1661 132 F: 12 
1620 2 1622 200 F: 2 
1622 6 1634 168 F: 6 
1624 4 1632 428 F: 2 2 
1624 8 1648 6 F: 2 4 2 
1625 8 1641 67 F: 4 2 2 
1632 12 1656 54 F: 5 3 4 
1637 11 1670 379 F: 5 6 
1649 12 1685 204 F: 12 
1653 13 1679 386 F: 13 
1659 12 1683 357 F: 6 6 
1676 5 1696 51 F: 4 1 
1688 10 1728 54 F: 4 2 4 
1691 10 1711 257 F: 10 
1694 8 1726 288 F: 4 4 
1699 6 1717 81 F: 5 1 
1700 4 1712 138 F: 4 
1709 12 1757 342 F: 5 4 3 
1713 7 1741 114 F: 3 1 3 
1715 8 1731 470 F: 2 4 2 
1724 5 1734 405 F: 3 2 
1727 8 1751 315 F: 3 5 
1727 9 1736 280 F: 9 
1733 13 1772 54 F: 5 4 4 
1740 8 1764 439 F: 2 3 3 
1741 7 1755 74 F: 2 5 
1747 7 1754 236 F: 4 2 1 
1763 10 1783 487 F: 5 4 1 
1765 9 1801 158 F: 6 3 
1767 2 1769 104 F: 2 
1772 10 1812 126 F: 5 1 4 
1778 13 1804 59 F: 7 6 
1780 9 1807 405 F: 3 6 
1785 4 1793 331 F: 4 
1796 9 1823 35 F: 9 
1797 10 1837 413 F: 5 3 2 
1806 12 1830 258 F: 5 4 3 
1807 5 1822 492 F: 3 2 
1819 8 1851 453 F: 3 2 3 
1821 8 1845 116 F: 2 6 
1826 8 1834 210 F: 7 1 
1828 3 1840 340 F: 3 
1837 8 1861 481 F: 4 3 1 
1838 9 1847 282 F: 3 6 
1844 2 1848 456 F: 2 
1845 10 1865 276 F: 5 1 4 
1848 2 1850 150 F: 2 
1866 8 1882 488 F: 6 2 
1875 6 1887 61 F: 6 
1880 8 1888 120 F: 2 4 2 
1881 3 1893 210 F: 2 1 
1885 9 1921 231 F: 6 3 
1888 6 1912 14 F: 3 1 2 
1891 6 1909 245 F: 2 4 
1896 7 1924 314 F: 7 
1897 4 1905 444 F: 4 
1914 6 1920 498 F: 4 2 
1914 8 1930 184 F: 8 
1915 5 1925 395 F: 3 2 
1915 7 1943 200 F: 6 1 
1915 8 1931 353 F: 3 3 2 
1938 8 1954 431 F: 3 1 4 
1938 8 1970 196 F: 5 3 
1940 5 1950 380 F: 3 2 
1943 9 1961 119 F: 2 3 4 
1943 13 1969 24 F: 7 6 
1950 9 1968 109 F: 4 5 
1964 2 1972 482 F: 2 
1964 5 1974 305 F: 3 2 
1965 5 1985 40 F: 5 
1976 11 1987 69 F: 3 4 4 
1981 10 2011 273 F: 10 
1982 6 2000 425 F: 6 
1982 11 2004 55 F: 11 
1989 6 2007 339 F: 5 1 
1999 8 2007 192 F: 2 2 4 
2025 8 2033 445 F: 4 4 
2027 9 2063 445 F: 2 3 4 
2030 8 2054 112 F: 6 2 
2033 6 2057 208 F: 6 
2041 9 2068 67 F: 6 3 
2043 10 2073 94 F: 5 1 4 
2055 2 2063 369 F: 2 
2058 10 2068 168 F: 4 6 
2064 8 2088 121 F: 4 1 3 
2067 10 2077 113 F: 5 2 3 
2069 8 2093 87 F: 8 
2069 9 2096 496 F: 4 1 4 
2070 6 2082 447 F: 6 
2072 3 2081 334 F: 3 
2076 7 2090 401 F: 2 2 3 
2084 7 2112 266 F: 4 1 2 
2087 12 2135 54 F: 12 
2088 9 2106 279 F: 4 4 1 
2092 9 2128 218 F: 9 
2097 8 2105 430 F: 8 
2100 9 2109 89 F: 4 3 2 
2103 10 2113 315 F: 5 1 4 
2114 4 2126 210 F: 4 
2114 10 2124 255 F: 6 4 
2121 4 2129 442 F: 2 1 1 
2134 11 2167 225 F: 7 4 
2144 8 2152 241 F: 8 
2146 7 2174 249 F: 2 3 2 
2153 7 2174 222 F: 3 3 1 
2155 13 2207 99 F: 13 
2159 7 2180 348 F: 7 
2164 10 2174 474 F: 10 
2166 7 2194 116 F: 5 2 
2168 13 2220 58 F: 13 
2171 8 2179 291 F: 3 5 
2176 12 2200 54 F: 6 6 
2180 10 2200 373 F: 3 4 3 
2189 5 2199 440 F: 3 2 
2191 9 2200 335 F: 9 
2197 11 2219 301 F: 5 4 2 
2201 7 2208 276 F: 2 3 2 
2204 11 2248 247 F: 4 4 3 
2206 4 2210 384 F: 3 1 
2209 12 2257 255 F: 4 4 4 
2222 7 2229 457 F: 2 5 
2231 8 2247 139 F: 7 1 
2231 12 2267 118 F: 12 
2236 5 2251 85 F: 5 
2243 5 2258 289 F: 2 3 
2251 8 2275 300 F: 8 
2252 11 2263 228 F: 5 3 3 
2253 5 2268 167 F: 5 
2254 8 2278 22 F: 3 5 
2259 13 2285 427 F: 13 
2261 9 2279 32 F: 3 6 
2270 11 2292 336 F: 5 2 4 
2272 5 2287 157 F: 2 1 2 
2282 2 2284 460 F: 2 
2284 7 2298 456 F: 3 4 
2289 3 2295 211 F: 3 
2309 10 2349 232 F: 10 
2310 6 2328 316 F: 4 1 1 
2319 7 2340 312 F: 4 3 
2328 6 2334 318 F: 6 
2332 10 2342 356 F: 10 
2335 8 2359 277 F: 4 3 1 
2341 7 2362 423 F: 7 
2342 13 2355 238 F: 5 4 4 
2346 8 2378 119 F: 4 2 2 
2348 5 2363 500 F: 2 3 
2353 5 2368 489 F: 3 2 
2359 5 2369 445 F: 3 2 
2361 6 2367 211 F: 2 4 
2361 7 2368 180 F: 7 
2364 7 2378 244 F: 3 2 2 
2378 6 2384 336 F: 3 1 2 
2380 6 2392 20 F: 4 2 
2393 5 2413 53 F: 5 
2393 13 2406 64 F: 13 
2394 8 2402 250 F: 8 
2407 9 2443 147 F: 5 4 
2409 2 2411 213 F: 2 
2411 11 2455 416 F: 11 
2415 8 2431 188 F: 4 4 
2422 4 2434 380 F: 2 2 
2428 3 2434 488 F: 3 
2433 4 2437 362 F: 4 
2434 11 2445 260 F: 11 
2437 4 2453 382 F: 3 1 
2438 9 2447 3 F: 4 4 1 
2438 9 2465 497 F: 3 4 2 
2441 6 2447 51 F: 5 1 
2458 8 2490 420 F: 8 
2459 9 2486 454 F: 9 
2464 9 2500 104 F: 5 3 1 
2466 5 2471 432 F: 4 1 
2475 12 2523 365 F: 12 
2487 8 2511 370 F: 2 2 4 
2490 6 2496 459 F: 3 1 2 
2495 6 2501 434 F: 2 3 1 
D: 4 16 
D: 4 393 
D: 5 478 
D: 10 401 
D: 15 436 
D: 16 358 
D: 33 202 
D: 35 326 
D: 37 89 
D: 41 74 
D: 49 445 
D: 60 427 
D: 63 121 
D: 71 86 
D: 72 380 
D: 76 91 
D: 76 499 
D: 83 451 
D: 95 286 
D: 97 316 
D: 99 256 
D: 105 165 
D: 108 180 
D: 112 136 
D: 113 385 
D: 135 198 
D: 145 239 
D: 146 374 
D: 162 271 
D: 189 239 
D: 192 372 
D: 193 376 
D: 199 361 
D: 220 273 
D: 222 273 
D: 224 253 
D: 256 465 
D: 260 426 
D: 270 357 
D: 272 353 
D: 274 315 
D: 280 409 
D: 282 336 
D: 291 372 
D: 294 402 
D: 300 452 
D: 355 390 
D: 355 478 
D: 359 433 
D: 364 409 
