1 9 10 217 F: 3 6 
8 6 32 464 F: 3 3 
9 4 13 142 F: 3 1 
11 7 18 78 F: 4 3 
14 11 25 312 F: 5 6 
23 11 67 160 F: 4 3 4 
28 10 48 344 F: 10 
29 5 34 215 F: 5 
37 2 43 116 F: 2 
37 9 64 367 F: 3 2 4 
39 9 75 53 F: 4 4 1 
48 9 57 86 F: 5 2 2 
51 11 95 172 F: 7 4 
60 10 100 6 F: 5 5 
63 8 95 496 F: 5 2 1 
69 9 78 114 F: 9 
71 3 80 348 F: 3 
75 7 82 474 F: 2 2 3 
83 6 101 192 F: 4 1 1 
90 6 102 20 F: 3 3 
103 9 130 206 F: 5 4 
103 10 133 256 F: 6 4 
105 12 117 132 F: 12 
110 4 126 62 F: 2 2 
112 6 118 26 F: 4 1 1 
112 8 144 314 F: 3 3 2 
131 7 159 113 F: 2 3 2 
131 8 139 2 F: 3 4 1 
139 4 143 235 F: 3 1 
142 12 190 25 F: 12 
151 4 155 141 F: 2 1 1 
157 8 173 299 F: 4 3 1 
162 9 180 228 F: 9 
163 5 168 337 F: 4 1 
170 10 190 18 F: 10 
179 9 206 56 F: 2 3 4 
179 10 199 345 F: 4 4 2 
180 5 195 322 F: 5 
183 4 199 281 F: 4 
183 5 193 267 F: 4 1 
201 8 233 397 F: 3 4 1 
204 7 211 358 F: 2 3 2 
212 7 219 352 F: 4 3 
215 6 239 497 F: 6 
216 6 222 143 F: 4 2 
218 11 251 466 F: 6 5 
241 13 267 194 F: 5 4 4 
242 9 269 159 F: 3 4 2 
242 9 278 356 F: 6 3 
244 10 274 451 F: 3 4 3 
252 11 263 6 F: 7 4 
253 9 262 43 F: 6 3 
254 13 280 490 F: 13 
256 3 259 223 F: 3 
256 7 270 452 F: 7 
266 5 281 141 F: 5 
266 11 277 91 F: 7 4 
280 11 313 187 F: 5 4 2 
285 8 317 196 F: 2 2 4 
298 6 316 480 F: 3 2 1 
301 7 322 226 F: 4 2 1 
310 8 318 3 F: 7 1 
311 6 323 120 F: 6 
311 7 332 414 F: 2 4 1 
319 11 352 474 F: 7 4 
324 10 354 238 F: 4 4 2 
325 2 329 287 F: 2 
325 9 352 108 F: 5 4 
335 3 338 255 F: 2 1 
335 10 345 147 F: 2 4 4 
338 6 350 82 F: 2 4 
364 11 397 78 F: 6 5 
378 9 405 370 F: 2 3 4 
384 11 395 459 F: 11 
386 9 404 139 F: 7 2 
387 5 402 386 F: 5 
388 6 412 345 F: 4 1 1 
391 9 400 200 F: 5 2 2 
395 6 401 448 F: 4 2 
397 9 433 318 F: 5 1 3 
405 8 413 110 F: 8 
405 11 449 90 F: 5 2 4 
406 7 427 162 F: 7 
434 5 454 358 F: 3 2 
439 10 449 350 F: 4 2 4 
440 5 450 367 F: 2 3 
440 7 468 374 F: 7 
444 7 451 325 F: 2 2 3 
447 5 452 174 F: 5 
453 6 459 304 F: 6 
454 13 506 473 F: 13 
457 11 501 69 F: 4 4 3 
459 6 483 262 F: 6 
460 7 467 258 F: 6 1 
461 7 475 138 F: 4 2 1 
462 11 473 434 F: 11 
464 9 473 383 F: 3 4 2 
468 7 489 83 F: 3 4 
469 5 484 11 F: 5 
475 5 490 304 F: 2 2 1 
501 5 506 231 F: 2 1 2 
503 2 509 392 F: 2 
505 10 545 300 F: 5 5 
510 5 515 252 F: 5 
532 9 568 19 F: 3 4 2 
537 9 564 77 F: 9 
541 3 550 323 F: 3 
551 8 567 27 F: 8 
553 10 583 230 F: 5 5 
553 10 593 205 F: 6 4 
557 10 597 472 F: 6 4 
559 8 583 479 F: 5 3 
559 11 603 73 F: 6 5 
567 5 577 418 F: 5 
569 5 584 462 F: 5 
572 9 608 84 F: 9 
583 10 593 53 F: 4 2 4 
584 7 598 363 F: 5 2 
591 10 611 159 F: 10 
594 8 626 109 F: 4 4 
601 6 607 494 F: 2 4 
609 9 618 220 F: 9 
613 6 619 369 F: 6 
614 11 658 293 F: 11 
623 5 633 187 F: 5 
624 5 629 252 F: 4 1 
624 10 634 216 F: 4 6 
634 6 652 205 F: 6 
638 6 662 46 F: 2 3 1 
638 10 648 33 F: 4 6 
651 8 675 186 F: 3 1 4 
652 10 682 36 F: 6 4 
663 5 668 481 F: 3 2 
663 8 671 324 F: 4 3 1 
676 10 716 151 F: 5 1 4 
687 8 695 345 F: 8 
688 10 728 500 F: 5 5 
692 8 724 280 F: 8 
693 10 723 305 F: 6 4 
693 11 726 27 F: 5 3 3 
700 8 708 409 F: 4 1 3 
701 13 753 384 F: 13 
703 7 710 299 F: 4 3 
704 6 728 53 F: 3 2 1 
704 7 732 343 F: 5 1 1 
710 8 734 213 F: 4 4 
712 12 748 417 F: 12 
720 2 724 317 F: 2 
721 9 730 380 F: 7 2 
722 9 740 11 F: 4 5 
739 10 779 151 F: 4 6 
742 3 745 415 F: 3 
746 8 762 154 F: 2 2 4 
761 10 791 206 F: 4 4 2 
767 7 774 207 F: 3 4 
780 3 783 252 F: 3 
788 8 820 413 F: 8 
793 12 841 334 F: 7 5 
794 11 805 232 F: 5 2 4 
797 11 819 85 F: 5 3 3 
803 7 810 124 F: 3 3 1 
814 3 820 166 F: 2 1 
815 4 819 183 F: 2 2 
819 13 871 19 F: 13 
832 5 837 147 F: 3 2 
833 12 857 484 F: 12 
841 8 873 25 F: 8 
842 9 860 29 F: 7 2 
844 11 888 188 F: 7 4 
846 9 873 477 F: 4 1 4 
847 2 855 297 F: 2 
849 9 885 285 F: 3 2 4 
850 9 859 313 F: 5 4 
858 12 894 211 F: 5 4 3 
859 7 873 399 F: 2 3 2 
863 5 883 119 F: 2 1 2 
873 12 921 414 F: 4 4 4 
881 7 902 17 F: 2 1 4 
887 10 927 440 F: 2 4 4 
889 9 925 263 F: 9 
916 12 952 276 F: 12 
917 10 927 141 F: 5 1 4 
919 8 935 432 F: 5 1 2 
921 3 924 188 F: 3 
925 9 952 122 F: 5 4 
932 13 984 211 F: 13 
933 7 947 52 F: 7 
935 6 947 103 F: 2 2 2 
938 5 943 333 F: 5 
943 10 983 272 F: 5 1 4 
944 6 956 77 F: 4 1 1 
954 4 970 42 F: 4 
962 6 968 295 F: 3 3 
977 5 982 98 F: 2 3 
977 9 986 30 F: 4 4 1 
979 8 995 289 F: 5 1 2 
987 10 1007 99 F: 5 5 
990 8 1006 427 F: 2 2 4 
997 7 1011 269 F: 5 1 1 
997 12 1033 256 F: 6 6 
1000 9 1018 350 F: 4 1 4 
1012 8 1020 109 F: 8 
1017 12 1029 283 F: 12 
1018 7 1025 427 F: 2 1 4 
1019 2 1025 151 F: 2 
1019 10 1039 65 F: 6 4 
1026 4 1042 351 F: 4 
1037 5 1057 65 F: 4 1 
1046 6 1070 308 F: 3 2 1 
1048 7 1069 317 F: 2 2 3 
1050 8 1082 141 F: 5 3 
1051 3 1060 261 F: 3 
1051 6 1069 138 F: 3 2 1 
1052 12 1076 114 F: 12 
1055 3 1064 215 F: 2 1 
1056 11 1078 61 F: 5 6 
1057 7 1064 107 F: 2 4 1 
1063 3 1075 115 F: 3 
1082 9 1109 385 F: 3 2 4 
1086 10 1096 145 F: 5 2 3 
1106 4 1110 268 F: 4 
1110 7 1117 175 F: 5 2 
1111 8 1135 410 F: 4 4 
1115 10 1155 210 F: 10 
1119 4 1123 423 F: 3 1 
1122 9 1131 194 F: 5 1 3 
1122 11 1144 352 F: 5 3 3 
1126 6 1150 255 F: 5 1 
1127 11 1138 456 F: 5 6 
1134 9 1170 423 F: 4 2 3 
1136 11 1180 425 F: 11 
1144 10 1174 337 F: 6 4 
1148 11 1192 498 F: 5 4 2 
1150 3 1162 136 F: 3 
1154 12 1202 358 F: 12 
1159 8 1183 322 F: 3 1 4 
1162 2 1168 8 F: 2 
1177 9 1186 160 F: 9 
1190 10 1210 181 F: 10 
1197 9 1215 97 F: 2 4 3 
1202 13 1215 16 F: 5 4 4 
1206 9 1224 89 F: 4 1 4 
1208 8 1240 35 F: 3 1 4 
1212 3 1221 252 F: 3 
1217 9 1253 141 F: 4 1 4 
1225 8 1241 55 F: 2 2 4 
1225 12 1249 224 F: 12 
1226 3 1235 474 F: 3 
1232 9 1250 493 F: 3 4 2 
1245 7 1252 417 F: 5 1 1 
1251 12 1275 124 F: 12 
1253 4 1261 153 F: 4 
1256 9 1283 498 F: 4 5 
1256 9 1292 359 F: 4 5 
1256 12 1292 196 F: 7 5 
1261 10 1291 126 F: 10 
1265 7 1293 117 F: 7 
1265 8 1281 399 F: 5 1 2 
1271 11 1293 315 F: 7 4 
1292 7 1299 216 F: 5 1 1 
1308 10 1348 93 F: 4 6 
1317 11 1328 335 F: 11 
1319 7 1326 431 F: 7 
1331 6 1343 383 F: 3 1 2 
1334 4 1342 470 F: 2 2 
1334 5 1344 224 F: 4 1 
1334 9 1343 81 F: 4 5 
1341 7 1369 115 F: 5 2 
1342 9 1378 464 F: 9 
1345 7 1352 382 F: 7 
1345 9 1354 7 F: 5 4 
1347 10 1377 270 F: 4 6 
1359 7 1366 26 F: 4 1 2 
1365 5 1370 227 F: 4 1 
1367 12 1379 437 F: 12 
1370 6 1388 42 F: 2 4 
1372 7 1393 89 F: 4 3 
1372 12 1420 445 F: 12 
1384 8 1400 115 F: 2 6 
1394 7 1422 178 F: 4 3 
1404 6 1428 255 F: 3 3 
1406 9 1415 328 F: 4 5 
1408 9 1417 131 F: 3 6 
1418 12 1442 135 F: 12 
1420 11 1464 472 F: 11 
1422 7 1429 29 F: 5 2 
1429 8 1437 482 F: 4 4 
1434 6 1440 423 F: 3 3 
1446 11 1468 338 F: 11 
1457 7 1464 90 F: 3 4 
1465 10 1485 227 F: 10 
1466 7 1480 321 F: 3 2 2 
1468 12 1504 295 F: 4 4 4 
1474 6 1480 65 F: 3 1 2 
1481 4 1485 40 F: 4 
1487 11 1498 16 F: 5 6 
1492 9 1501 426 F: 5 3 1 
1493 8 1517 132 F: 5 3 
1496 10 1516 485 F: 4 3 3 
1497 8 1513 16 F: 8 
1500 6 1512 45 F: 2 3 1 
1500 9 1536 442 F: 7 2 
1526 9 1544 463 F: 7 2 
1527 7 1555 442 F: 2 4 1 
1528 11 1561 135 F: 7 4 
1539 11 1550 180 F: 11 
1544 8 1568 350 F: 2 3 3 
1545 8 1577 352 F: 2 6 
1549 9 1558 322 F: 7 2 
1550 5 1555 26 F: 5 
1551 5 1571 98 F: 4 1 
1565 5 1585 414 F: 5 
1567 10 1587 237 F: 5 5 
1575 10 1605 412 F: 10 
1577 9 1595 86 F: 5 2 2 
1578 7 1592 171 F: 3 2 2 
1579 8 1611 167 F: 8 
1580 9 1589 147 F: 5 4 
1584 11 1617 203 F: 6 5 
1586 6 1604 130 F: 4 2 
1600 10 1640 417 F: 3 4 3 
1605 6 1611 400 F: 5 1 
1612 2 1616 407 F: 2 
1612 8 1636 438 F: 6 2 
1615 10 1655 241 F: 10 
1622 13 1648 339 F: 7 6 
1624 10 1664 215 F: 10 
1631 11 1664 139 F: 5 2 4 
1638 6 1650 434 F: 6 
1646 8 1670 462 F: 7 1 
1655 3 1661 162 F: 3 
1656 13 1682 403 F: 13 
1663 7 1670 273 F: 2 1 4 
1666 12 1702 377 F: 12 
1668 13 1720 291 F: 13 
1676 6 1688 30 F: 6 
1676 10 1696 122 F: 5 1 4 
1684 8 1716 482 F: 2 6 
1692 8 1716 250 F: 3 1 4 
1693 10 1723 192 F: 4 4 2 
1702 6 1726 369 F: 2 4 
1703 11 1714 289 F: 11 
1706 13 1745 450 F: 7 6 
1709 11 1731 304 F: 7 4 
1712 3 1724 142 F: 3 
1722 9 1758 52 F: 3 6 
1726 5 1736 39 F: 5 
1727 13 1753 145 F: 13 
1734 8 1750 81 F: 8 
1734 10 1754 351 F: 5 1 4 
1734 12 1770 104 F: 12 
1758 9 1776 205 F: 9 
1761 11 1805 351 F: 7 4 
1765 8 1789 482 F: 3 1 4 
1772 12 1820 93 F: 6 6 
1787 11 1831 152 F: 11 
1788 8 1820 231 F: 3 5 
1789 7 1810 408 F: 5 1 1 
1789 9 1816 366 F: 5 3 1 
1792 6 1816 199 F: 2 3 1 
1807 7 1814 93 F: 5 1 1 
1808 10 1828 396 F: 4 3 3 
1808 12 1832 88 F: 6 6 
1809 6 1821 165 F: 6 
1813 8 1829 174 F: 5 1 2 
1815 6 1827 98 F: 6 
1817 8 1849 188 F: 4 3 1 
1842 11 1875 461 F: 6 5 
1843 5 1853 249 F: 4 1 
1845 5 1860 224 F: 5 
1846 7 1860 24 F: 7 
1846 12 1882 440 F: 5 3 4 
1847 12 1883 338 F: 5 4 3 
1859 6 1877 487 F: 4 1 1 
1864 11 1875 184 F: 5 2 4 
1872 5 1882 167 F: 2 3 
1886 6 1910 278 F: 2 4 
1889 9 1898 21 F: 3 6 
1890 6 1908 497 F: 3 1 2 
1897 7 1918 32 F: 4 3 
1901 8 1925 252 F: 8 
1901 12 1949 111 F: 5 3 4 
1904 7 1925 333 F: 5 1 1 
1906 7 1913 192 F: 7 
1907 9 1943 127 F: 5 1 3 
1912 5 1922 13 F: 5 
1916 7 1930 64 F: 4 2 1 
1919 8 1943 200 F: 8 
1921 13 1960 189 F: 13 
1922 6 1934 204 F: 2 3 1 
1929 11 1951 160 F: 3 4 4 
1930 2 1938 178 F: 2 
1930 10 1940 381 F: 10 
1932 4 1936 481 F: 4 
1945 7 1959 237 F: 2 5 
1952 12 1988 345 F: 12 
1959 8 1983 446 F: 4 3 1 
1964 8 1980 190 F: 3 2 3 
1972 13 2024 430 F: 13 
1993 8 2017 191 F: 6 2 
2002 4 2006 435 F: 4 
2004 6 2022 237 F: 3 3 
2018 11 2062 153 F: 11 
2026 6 2044 219 F: 3 2 1 
2026 11 2037 45 F: 5 4 2 
2031 5 2046 266 F: 2 2 1 
2034 12 2058 462 F: 6 6 
2035 4 2047 49 F: 2 2 
2036 7 2057 435 F: 4 3 
2039 13 2091 327 F: 13 
2045 8 2077 412 F: 4 2 2 
2066 9 2102 396 F: 3 4 2 
2069 10 2099 76 F: 6 4 
2074 12 2086 251 F: 12 
2075 5 2095 254 F: 3 2 
2075 8 2091 165 F: 8 
2076 6 2082 115 F: 6 
2078 5 2093 316 F: 5 
2090 7 2111 333 F: 2 5 
2094 10 2114 136 F: 10 
2101 11 2123 51 F: 5 2 4 
2108 5 2118 445 F: 2 3 
2111 4 2123 123 F: 2 1 1 
2112 9 2130 264 F: 4 3 2 
2144 4 2148 253 F: 2 2 
2152 6 2176 23 F: 2 4 
2163 13 2215 99 F: 7 6 
2164 7 2178 76 F: 4 3 
2167 10 2197 466 F: 10 
2169 7 2176 89 F: 5 1 1 
2170 12 2194 308 F: 12 
2172 13 2211 282 F: 13 
2179 5 2199 441 F: 5 
2182 9 2200 270 F: 6 3 
2186 10 2206 403 F: 4 4 2 
2186 11 2197 427 F: 5 3 3 
2187 5 2197 344 F: 3 2 
2189 4 2201 60 F: 2 2 
2189 10 2219 487 F: 4 6 
2194 8 2202 384 F: 7 1 
2210 6 2216 189 F: 3 3 
2219 8 2235 243 F: 2 6 
2224 7 2245 128 F: 5 1 1 
2229 7 2250 322 F: 2 5 
2229 9 2265 91 F: 9 
2230 10 2260 477 F: 2 4 4 
2238 3 2250 437 F: 3 
2257 5 2272 192 F: 5 
2257 9 2284 487 F: 9 
2257 11 2268 484 F: 3 4 4 
2258 12 2270 176 F: 12 
2258 12 2270 365 F: 5 4 3 
2259 7 2273 375 F: 5 2 
2259 10 2299 117 F: 3 4 3 
2262 8 2286 235 F: 8 
2268 9 2295 471 F: 4 2 3 
2276 8 2308 446 F: 4 4 
2286 9 2313 147 F: 6 3 
2294 10 2314 92 F: 10 
2297 10 2307 372 F: 3 4 3 
2301 7 2315 38 F: 5 2 
2306 5 2316 161 F: 2 1 2 
2319 6 2337 133 F: 4 2 
2319 11 2330 321 F: 4 4 3 
2321 5 2336 379 F: 5 
2326 8 2358 362 F: 5 3 
2327 8 2343 464 F: 4 1 3 
2328 5 2338 259 F: 4 1 
2341 6 2365 466 F: 3 3 
2347 7 2375 319 F: 7 
2350 11 2361 75 F: 11 
2352 6 2358 178 F: 4 2 
2356 11 2378 96 F: 3 4 4 
2361 5 2371 392 F: 5 
2363 9 2372 150 F: 2 3 4 
2382 9 2418 294 F: 4 4 1 
2384 3 2393 116 F: 2 1 
2390 8 2422 208 F: 8 
2394 8 2410 146 F: 2 4 2 
2397 8 2429 184 F: 2 6 
2400 5 2405 124 F: 5 
2404 6 2428 6 F: 2 4 
2410 9 2446 316 F: 6 3 
2421 6 2445 452 F: 3 2 1 
2423 4 2435 216 F: 3 1 
2424 2 2432 139 F: 2 
2428 12 2464 486 F: 12 
2439 10 2479 449 F: 10 
2444 3 2450 258 F: 2 1 
2444 13 2470 437 F: 5 4 4 
2447 11 2480 194 F: 5 2 4 
2469 9 2496 9 F: 6 3 
2473 7 2501 168 F: 2 1 4 
2476 6 2494 427 F: 6 
2477 9 2504 63 F: 5 1 3 
2478 7 2506 481 F: 5 2 
2479 8 2503 62 F: 2 2 4 
2487 9 2505 352 F: 3 3 3 
2488 9 2506 123 F: 3 3 3 
2493 7 2514 427 F: 3 2 2 
D: 2 351 
D: 6 276 
D: 9 111 
D: 12 78 
D: 21 223 
D: 35 138 
D: 49 275 
D: 51 347 
D: 53 189 
D: 58 267 
D: 60 283 
D: 64 487 
D: 65 227 
D: 76 496 
D: 86 97 
D: 94 359 
D: 98 128 
D: 107 424 
D: 115 232 
D: 116 157 
D: 125 410 
D: 131 153 
D: 137 219 
D: 140 310 
D: 155 198 
D: 165 393 
D: 166 354 
D: 169 459 
D: 172 456 
D: 175 316 
D: 196 496 
D: 205 448 
D: 208 498 
D: 215 269 
D: 215 324 
D: 217 412 
D: 221 250 
D: 242 357 
D: 260 384 
D: 266 377 
D: 272 449 
D: 286 402 
D: 291 317 
D: 319 474 
D: 323 339 
D: 324 336 
D: 327 497 
D: 387 403 
D: 393 456 
D: 451 487 
