1 7 22 51 F: 2 3 2 
10 10 40 448 F: 4 3 3 
10 12 46 187 F: 6 6 
15 9 24 492 F: 9 
18 13 31 24 F: 13 
24 9 33 64 F: 3 3 3 
26 11 70 193 F: 3 4 4 
27 5 47 470 F: 5 
28 12 40 309 F: 5 4 3 
29 12 77 366 F: 12 
30 10 60 355 F: 6 4 
32 12 44 106 F: 12 
40 6 46 373 F: 6 
44 7 58 4 F: 7 
55 9 91 364 F: 3 2 4 
55 10 75 344 F: 10 
60 3 63 182 F: 2 1 
61 3 64 412 F: 2 1 
97 13 149 452 F: 13 
99 12 147 62 F: 12 
104 13 117 219 F: 13 
105 6 129 497 F: 6 
105 8 129 25 F: 2 4 2 
110 3 113 441 F: 3 
110 6 116 236 F: 6 
113 9 149 328 F: 7 2 
115 7 122 27 F: 3 1 3 
118 2 122 227 F: 2 
127 8 135 496 F: 6 2 
150 10 160 461 F: 6 4 
151 10 181 138 F: 2 4 4 
163 10 173 153 F: 4 4 2 
163 11 196 146 F: 6 5 
165 12 177 365 F: 12 
168 11 179 464 F: 11 
169 12 205 379 F: 5 3 4 
184 7 212 457 F: 2 2 3 
186 6 210 373 F: 5 1 
187 5 207 375 F: 2 2 1 
198 3 207 184 F: 3 
209 8 225 252 F: 2 6 
223 11 245 249 F: 4 3 4 
227 4 235 174 F: 2 1 1 
231 10 241 160 F: 5 3 2 
238 8 262 131 F: 4 2 2 
239 8 271 283 F: 5 3 
240 13 279 244 F: 7 6 
245 9 254 302 F: 9 
248 11 259 111 F: 5 6 
249 12 273 180 F: 12 
251 9 260 232 F: 2 4 3 
252 7 266 377 F: 5 2 
252 11 274 490 F: 6 5 
256 8 280 224 F: 3 1 4 
263 5 283 423 F: 5 
266 8 298 429 F: 8 
270 6 294 113 F: 4 2 
282 7 289 267 F: 7 
290 12 314 386 F: 6 6 
296 11 329 151 F: 11 
306 9 315 353 F: 5 2 2 
313 10 323 425 F: 5 5 
314 9 332 354 F: 9 
319 8 351 344 F: 2 4 2 
328 4 344 338 F: 4 
331 5 351 161 F: 2 3 
332 6 338 324 F: 6 
340 8 364 32 F: 3 5 
346 6 358 185 F: 2 4 
351 8 367 42 F: 4 2 2 
356 7 377 330 F: 3 2 2 
360 8 376 117 F: 3 2 3 
364 13 377 114 F: 13 
367 10 407 34 F: 4 6 
371 12 407 151 F: 6 6 
371 13 410 228 F: 13 
373 9 409 305 F: 9 
377 7 398 461 F: 2 4 1 
387 12 435 278 F: 4 4 4 
394 8 418 268 F: 4 4 
401 12 437 193 F: 12 
404 7 425 205 F: 4 2 1 
405 9 423 62 F: 6 3 
414 10 424 117 F: 6 4 
433 5 453 381 F: 4 1 
436 8 460 375 F: 5 3 
438 8 470 23 F: 2 3 3 
438 12 486 156 F: 5 3 4 
443 8 451 230 F: 6 2 
444 6 450 223 F: 3 2 1 
445 3 454 185 F: 3 
456 10 496 484 F: 5 1 4 
460 8 492 52 F: 2 4 2 
463 10 483 89 F: 2 4 4 
465 11 487 29 F: 11 
470 7 491 81 F: 7 
473 9 500 211 F: 9 
487 3 490 430 F: 3 
494 12 506 7 F: 7 5 
499 12 535 50 F: 7 5 
503 7 524 115 F: 3 1 3 
507 8 539 433 F: 8 
512 6 518 435 F: 5 1 
512 6 530 23 F: 3 3 
516 8 540 90 F: 2 6 
519 4 535 319 F: 4 
523 8 547 7 F: 2 2 4 
537 6 549 394 F: 2 4 
546 10 576 309 F: 10 
549 3 561 24 F: 3 
554 8 586 362 F: 6 2 
568 9 577 40 F: 5 4 
572 8 596 342 F: 5 1 2 
573 8 605 471 F: 3 4 1 
575 9 593 387 F: 4 5 
580 7 587 377 F: 6 1 
583 12 595 393 F: 6 6 
586 4 590 242 F: 3 1 
594 11 616 281 F: 11 
599 6 617 316 F: 4 1 1 
601 11 634 457 F: 7 4 
609 10 639 434 F: 5 5 
610 8 642 9 F: 4 2 2 
627 5 647 288 F: 2 2 1 
632 5 637 147 F: 5 
636 7 657 394 F: 7 
636 9 645 70 F: 3 3 3 
638 4 646 101 F: 4 
639 9 675 153 F: 5 4 
639 11 672 31 F: 5 3 3 
641 6 647 321 F: 2 2 2 
644 7 672 175 F: 5 2 
648 8 664 488 F: 3 5 
655 10 685 268 F: 4 3 3 
659 9 668 257 F: 6 3 
660 13 686 55 F: 13 
666 10 706 336 F: 4 2 4 
678 13 704 278 F: 13 
682 6 700 255 F: 6 
693 11 726 484 F: 7 4 
700 4 716 118 F: 2 1 1 
704 9 731 285 F: 2 3 4 
708 3 720 35 F: 3 
710 3 713 395 F: 2 1 
710 5 715 370 F: 2 3 
712 12 760 138 F: 12 
712 13 764 153 F: 7 6 
713 10 723 206 F: 3 4 3 
713 10 723 218 F: 5 4 1 
714 8 730 8 F: 8 
721 8 729 55 F: 2 4 2 
724 3 730 217 F: 3 
728 7 735 254 F: 7 
739 4 751 39 F: 3 1 
756 13 808 222 F: 13 
784 12 808 404 F: 7 5 
787 10 817 3 F: 5 5 
788 8 796 190 F: 3 2 3 
793 9 829 215 F: 5 4 
794 11 838 357 F: 7 4 
808 8 840 52 F: 5 2 1 
810 9 846 42 F: 4 5 
811 10 821 461 F: 2 4 4 
816 3 822 111 F: 3 
816 3 822 357 F: 2 1 
819 11 830 138 F: 4 3 4 
836 6 854 126 F: 3 2 1 
841 9 877 78 F: 4 2 3 
843 11 876 234 F: 6 5 
843 11 887 120 F: 5 6 
844 2 846 488 F: 2 
845 2 851 111 F: 2 
861 5 871 190 F: 5 
864 5 869 500 F: 3 2 
875 9 893 29 F: 3 6 
876 11 920 8 F: 6 5 
878 2 882 31 F: 2 
878 11 911 204 F: 5 6 
889 11 911 18 F: 4 4 3 
896 10 916 480 F: 3 4 3 
901 2 903 156 F: 2 
913 9 931 103 F: 9 
917 6 941 406 F: 3 1 2 
921 5 931 250 F: 2 3 
922 13 974 414 F: 13 
925 8 957 434 F: 7 1 
928 9 937 3 F: 5 4 
942 11 986 473 F: 11 
951 6 963 240 F: 6 
952 6 964 138 F: 3 1 2 
957 8 965 29 F: 2 3 3 
957 11 968 301 F: 7 4 
961 10 981 420 F: 3 4 3 
963 5 978 89 F: 2 2 1 
973 10 993 413 F: 6 4 
981 10 1021 482 F: 3 3 4 
988 11 1021 426 F: 7 4 
990 5 995 97 F: 4 1 
990 9 999 218 F: 7 2 
994 10 1024 44 F: 4 2 4 
1003 13 1042 463 F: 7 6 
1011 12 1023 321 F: 12 
1013 8 1045 125 F: 3 1 4 
1016 6 1028 404 F: 6 
1023 7 1051 152 F: 5 1 1 
1026 8 1058 221 F: 4 4 
1027 2 1029 117 F: 2 
1037 7 1051 442 F: 6 1 
1039 13 1052 299 F: 13 
1044 8 1076 451 F: 5 1 2 
1048 9 1057 176 F: 2 3 4 
1049 4 1053 391 F: 2 1 1 
1051 7 1058 221 F: 6 1 
1052 9 1088 456 F: 5 3 1 
1055 10 1075 121 F: 5 3 2 
1057 11 1090 440 F: 7 4 
1066 10 1076 31 F: 5 3 2 
1079 4 1095 483 F: 2 1 1 
1091 7 1105 308 F: 7 
1091 11 1113 194 F: 11 
1105 5 1120 354 F: 5 
1106 8 1130 339 F: 7 1 
1110 7 1138 238 F: 7 
1116 5 1126 103 F: 4 1 
1117 11 1161 15 F: 6 5 
1124 9 1160 55 F: 5 2 2 
1131 6 1143 10 F: 6 
1131 7 1145 437 F: 2 5 
1141 12 1177 190 F: 5 3 4 
1143 6 1161 127 F: 5 1 
1150 5 1155 266 F: 2 2 1 
1154 4 1166 281 F: 4 
1157 10 1197 140 F: 5 5 
1159 11 1181 434 F: 4 3 4 
1162 11 1184 160 F: 11 
1170 13 1222 169 F: 7 6 
1176 8 1200 391 F: 2 6 
1187 8 1195 29 F: 3 1 4 
1195 9 1213 127 F: 5 3 1 
1198 4 1214 428 F: 4 
1200 12 1236 446 F: 5 3 4 
1208 11 1241 306 F: 11 
1211 6 1223 144 F: 6 
1214 8 1246 303 F: 3 3 2 
1216 8 1248 3 F: 5 2 1 
1222 4 1234 178 F: 4 
1225 13 1251 134 F: 7 6 
1233 8 1265 462 F: 2 3 3 
1234 8 1242 213 F: 8 
1236 7 1257 500 F: 4 3 
1238 7 1259 297 F: 5 1 1 
1246 10 1266 87 F: 10 
1248 4 1264 124 F: 3 1 
1259 8 1275 367 F: 5 2 1 
1260 10 1270 354 F: 3 3 4 
1263 5 1273 238 F: 2 1 2 
1263 7 1284 244 F: 4 1 2 
1268 10 1308 399 F: 10 
1284 9 1293 235 F: 7 2 
1299 8 1307 262 F: 8 
1301 9 1310 269 F: 3 3 3 
1308 4 1320 50 F: 4 
1309 7 1337 84 F: 4 3 
1316 6 1340 165 F: 3 3 
1324 9 1342 316 F: 3 6 
1328 5 1333 168 F: 5 
1330 4 1342 379 F: 4 
1334 7 1362 453 F: 2 5 
1342 11 1353 101 F: 11 
1363 4 1367 108 F: 2 2 
1363 7 1377 286 F: 7 
1364 10 1404 289 F: 10 
1365 8 1389 161 F: 6 2 
1366 4 1370 284 F: 4 
1373 4 1381 10 F: 4 
1376 11 1420 36 F: 4 3 4 
1380 13 1419 297 F: 13 
1381 11 1392 178 F: 5 6 
1394 9 1421 432 F: 6 3 
1397 5 1412 123 F: 3 2 
1404 12 1416 337 F: 5 3 4 
1407 8 1431 310 F: 2 3 3 
1407 9 1416 34 F: 4 5 
1415 7 1436 350 F: 7 
1416 8 1432 365 F: 2 3 3 
1420 9 1429 339 F: 5 4 
1422 4 1430 295 F: 3 1 
1425 8 1441 143 F: 3 5 
1428 4 1432 289 F: 4 
1433 10 1463 341 F: 10 
1436 8 1468 484 F: 4 2 2 
1436 12 1460 495 F: 5 3 4 
1463 10 1473 371 F: 4 4 2 
1465 11 1476 457 F: 6 5 
1476 12 1512 41 F: 12 
1478 5 1488 393 F: 2 1 2 
1485 10 1515 95 F: 5 3 2 
1489 4 1501 144 F: 4 
1495 12 1543 315 F: 12 
1497 9 1524 199 F: 4 1 4 
1505 7 1519 294 F: 2 2 3 
1509 10 1539 405 F: 7 3 
1515 9 1533 277 F: 4 5 
1519 11 1552 27 F: 3 4 4 
1520 7 1527 231 F: 4 2 1 
1523 12 1559 491 F: 7 5 
1529 9 1556 240 F: 9 
1534 7 1548 211 F: 7 
1538 4 1550 77 F: 2 2 
1542 10 1582 65 F: 7 3 
1542 12 1578 483 F: 12 
1555 5 1575 62 F: 5 
1555 6 1567 70 F: 3 2 1 
1563 6 1581 70 F: 6 
1568 9 1577 416 F: 9 
1575 9 1602 162 F: 6 3 
1576 7 1590 324 F: 7 
1589 9 1607 82 F: 5 1 3 
1591 9 1609 392 F: 9 
1599 8 1615 43 F: 2 6 
1601 6 1625 173 F: 5 1 
1604 3 1616 423 F: 3 
1604 9 1613 349 F: 2 4 3 
1610 9 1646 307 F: 2 3 4 
1619 13 1632 8 F: 13 
1621 3 1633 223 F: 3 
1621 7 1649 123 F: 7 
1638 8 1670 209 F: 8 
1639 8 1647 378 F: 5 1 2 
1640 7 1647 447 F: 2 5 
1642 6 1654 210 F: 2 3 1 
1644 6 1656 5 F: 6 
1650 9 1668 227 F: 3 6 
1656 6 1674 20 F: 6 
1668 12 1704 43 F: 12 
1669 5 1689 121 F: 3 1 1 
1679 8 1703 414 F: 4 2 2 
1689 12 1713 103 F: 4 4 4 
1694 8 1726 132 F: 3 1 4 
1696 8 1712 200 F: 4 1 3 
1706 6 1730 56 F: 6 
1707 6 1731 428 F: 6 
1709 11 1753 292 F: 11 
1710 11 1743 55 F: 11 
1714 8 1738 142 F: 3 5 
1714 10 1754 27 F: 5 3 2 
1727 7 1741 476 F: 7 
1736 11 1780 172 F: 11 
1737 8 1761 405 F: 2 2 4 
1750 12 1798 304 F: 12 
1758 8 1774 417 F: 8 
1769 7 1783 348 F: 3 1 3 
1770 10 1800 480 F: 4 4 2 
1771 8 1795 171 F: 2 6 
1771 13 1810 204 F: 13 
1773 2 1781 378 F: 2 
1781 9 1817 22 F: 3 2 4 
1789 6 1795 138 F: 6 
1793 13 1819 162 F: 13 
1793 13 1832 31 F: 13 
1800 8 1832 409 F: 3 5 
1813 11 1857 239 F: 11 
1822 9 1858 188 F: 5 3 1 
1826 6 1850 136 F: 5 1 
1839 9 1857 269 F: 6 3 
1849 2 1851 431 F: 2 
1851 11 1884 137 F: 11 
1853 8 1869 424 F: 2 6 
1858 10 1888 161 F: 6 4 
1868 11 1912 392 F: 6 5 
1869 6 1881 230 F: 5 1 
1869 7 1897 316 F: 7 
1869 13 1882 171 F: 7 6 
1870 12 1894 94 F: 7 5 
1872 12 1908 447 F: 5 4 3 
1881 3 1893 173 F: 3 
1891 7 1919 248 F: 3 2 2 
1891 13 1917 56 F: 13 
1893 7 1921 492 F: 2 5 
1897 9 1906 266 F: 3 6 
1900 6 1906 437 F: 3 2 1 
1903 8 1935 128 F: 6 2 
1907 5 1912 416 F: 3 1 1 
1907 11 1918 214 F: 5 4 2 
1915 8 1931 251 F: 5 3 
1917 12 1965 365 F: 12 
1920 9 1947 384 F: 5 1 3 
1923 7 1944 254 F: 3 2 2 
1929 10 1959 283 F: 4 3 3 
1943 7 1971 210 F: 4 3 
1946 9 1973 360 F: 6 3 
1949 11 1993 279 F: 11 
1950 10 1970 87 F: 10 
1958 5 1978 404 F: 5 
1960 8 1976 10 F: 3 2 3 
1961 10 1981 90 F: 5 3 2 
1969 5 1984 77 F: 2 1 2 
1972 5 1977 233 F: 3 2 
1976 8 1992 493 F: 3 1 4 
1989 9 2025 453 F: 5 4 
2001 10 2041 295 F: 4 4 2 
2008 3 2020 8 F: 3 
2011 13 2037 439 F: 13 
2012 8 2044 186 F: 2 6 
2024 5 2039 402 F: 4 1 
2030 12 2078 398 F: 7 5 
2036 6 2060 384 F: 6 
2038 7 2045 406 F: 7 
2038 11 2060 59 F: 5 6 
2041 11 2063 402 F: 7 4 
2047 5 2052 196 F: 5 
2056 10 2076 221 F: 3 3 4 
2059 5 2064 373 F: 5 
2069 5 2074 307 F: 5 
2078 7 2085 481 F: 4 2 1 
2082 12 2130 197 F: 6 6 
2087 6 2093 31 F: 2 3 1 
2091 9 2127 164 F: 5 2 2 
2095 11 2128 139 F: 5 4 2 
2097 8 2129 427 F: 5 2 1 
2100 11 2111 175 F: 11 
2103 5 2108 202 F: 5 
2105 7 2126 110 F: 7 
2108 10 2138 232 F: 4 4 2 
2111 7 2118 196 F: 6 1 
2122 7 2129 489 F: 2 4 1 
2129 10 2159 367 F: 3 3 4 
2132 6 2144 245 F: 4 1 1 
2136 8 2144 430 F: 4 2 2 
2138 6 2156 7 F: 4 1 1 
2149 6 2173 247 F: 3 2 1 
2156 6 2162 306 F: 2 4 
2159 4 2167 118 F: 4 
2167 9 2194 465 F: 9 
2173 11 2195 241 F: 6 5 
2180 9 2198 124 F: 4 2 3 
2181 7 2209 121 F: 2 5 
2186 7 2200 283 F: 5 2 
2186 9 2213 205 F: 9 
2193 10 2203 195 F: 5 4 1 
2201 10 2211 224 F: 3 3 4 
2205 7 2233 399 F: 3 4 
2207 13 2246 54 F: 13 
2209 10 2219 321 F: 5 2 3 
2212 10 2242 251 F: 3 4 3 
2235 10 2255 178 F: 5 3 2 
2236 8 2268 53 F: 4 2 2 
2240 9 2276 234 F: 9 
2245 7 2259 122 F: 4 1 2 
2246 9 2264 142 F: 9 
2248 8 2272 303 F: 3 1 4 
2262 11 2295 185 F: 5 4 2 
2274 4 2282 224 F: 4 
2282 5 2297 337 F: 3 1 1 
2287 8 2311 458 F: 6 2 
2288 6 2300 317 F: 3 2 1 
2291 5 2311 164 F: 5 
2292 9 2310 54 F: 3 3 3 
2295 10 2325 107 F: 4 6 
2296 9 2332 87 F: 3 3 3 
2301 9 2328 364 F: 5 1 3 
2310 3 2319 164 F: 3 
2310 10 2330 15 F: 3 4 3 
2316 7 2323 451 F: 2 4 1 
2317 12 2329 314 F: 6 6 
2320 6 2338 90 F: 6 
2327 6 2339 216 F: 2 2 2 
2336 4 2344 211 F: 3 1 
2342 3 2345 338 F: 3 
2347 8 2363 323 F: 8 
2353 2 2355 173 F: 2 
2359 7 2387 432 F: 3 3 1 
2359 10 2379 465 F: 7 3 
2376 5 2381 17 F: 5 
2377 7 2398 374 F: 2 5 
2377 8 2401 173 F: 5 3 
2377 9 2386 299 F: 6 3 
2380 4 2388 402 F: 4 
2383 11 2405 434 F: 5 2 4 
2393 8 2409 283 F: 3 2 3 
2412 11 2445 361 F: 5 6 
2416 2 2422 80 F: 2 
2425 6 2449 459 F: 4 2 
2429 7 2443 287 F: 7 
2431 10 2471 363 F: 7 3 
2440 6 2458 289 F: 2 1 3 
2459 7 2466 234 F: 7 
2467 3 2476 142 F: 3 
2468 7 2489 99 F: 2 4 1 
2477 8 2501 78 F: 8 
2477 13 2503 309 F: 13 
2479 5 2494 406 F: 3 2 
2483 11 2516 395 F: 11 
2485 9 2503 113 F: 3 2 4 
2488 4 2504 234 F: 4 
2488 10 2528 228 F: 7 3 
2489 7 2496 491 F: 2 4 1 
2489 10 2499 184 F: 5 3 2 
2490 11 2534 398 F: 11 
2493 4 2505 211 F: 2 2 
D: 0 293 
D: 12 393 
D: 14 41 
D: 15 403 
D: 17 310 
D: 21 382 
D: 30 244 
D: 35 385 
D: 38 259 
D: 51 330 
D: 52 102 
D: 59 71 
D: 59 369 
D: 65 216 
D: 77 224 
D: 81 329 
D: 81 455 
D: 82 313 
D: 106 228 
D: 108 119 
D: 111 307 
D: 126 452 
D: 132 180 
D: 135 206 
D: 155 477 
D: 168 261 
D: 168 367 
D: 175 472 
D: 176 370 
D: 180 369 
D: 181 429 
D: 185 493 
D: 191 244 
D: 202 452 
D: 206 317 
D: 217 262 
D: 242 373 
D: 253 350 
D: 274 411 
D: 275 428 
D: 294 346 
D: 302 355 
D: 302 435 
D: 312 383 
D: 324 368 
D: 327 440 
D: 372 491 
D: 378 438 
D: 381 441 
D: 383 482 
