2 10 42 49 F: 10 
4 5 19 60 F: 5 
4 10 14 463 F: 5 1 4 
8 8 16 357 F: 8 
9 9 18 242 F: 5 1 3 
14 6 32 146 F: 4 1 1 
14 6 32 419 F: 4 1 1 
24 6 36 350 F: 6 
29 7 50 303 F: 3 2 2 
29 9 65 357 F: 2 3 4 
33 9 51 54 F: 9 
43 10 53 385 F: 4 6 
44 7 65 404 F: 7 
53 10 93 285 F: 5 1 4 
64 12 88 377 F: 4 4 4 
65 11 76 332 F: 5 6 
67 7 88 332 F: 2 4 1 
75 6 87 402 F: 6 
83 8 107 142 F: 8 
99 8 123 373 F: 5 3 
101 9 119 230 F: 4 5 
116 7 123 346 F: 7 
116 8 148 385 F: 7 1 
122 7 136 356 F: 2 5 
128 5 133 251 F: 5 
133 11 155 320 F: 5 4 2 
134 9 161 305 F: 9 
135 11 168 54 F: 5 6 
142 11 153 6 F: 11 
148 2 154 467 F: 2 
153 10 173 299 F: 7 3 
154 3 160 233 F: 3 
172 7 179 178 F: 4 2 1 
174 8 198 389 F: 2 4 2 
180 12 216 56 F: 12 
185 6 203 257 F: 2 4 
189 6 207 425 F: 6 
189 10 219 495 F: 5 1 4 
193 5 203 382 F: 5 
197 7 211 430 F: 5 2 
204 6 222 392 F: 6 
204 7 211 45 F: 7 
207 8 223 232 F: 4 1 3 
208 9 217 4 F: 5 3 1 
217 11 250 409 F: 3 4 4 
223 7 230 256 F: 2 2 3 
228 11 250 356 F: 3 4 4 
231 9 240 81 F: 6 3 
234 7 255 278 F: 3 2 2 
248 10 258 126 F: 10 
249 6 273 400 F: 6 
253 9 280 295 F: 5 4 
254 13 280 298 F: 13 
256 10 296 394 F: 4 2 4 
258 2 264 431 F: 2 
265 5 270 364 F: 5 
272 9 299 273 F: 4 4 1 
279 9 288 118 F: 4 2 3 
296 7 303 408 F: 3 3 1 
298 13 337 115 F: 13 
302 6 314 326 F: 3 1 2 
305 6 323 494 F: 3 3 
308 9 326 456 F: 5 4 
311 9 329 477 F: 4 4 1 
318 5 323 34 F: 5 
321 13 360 32 F: 13 
322 11 355 460 F: 11 
331 9 349 381 F: 4 5 
344 9 362 172 F: 9 
345 13 358 279 F: 5 4 4 
349 9 385 348 F: 5 1 3 
350 3 362 256 F: 3 
358 9 376 83 F: 7 2 
372 7 400 229 F: 4 2 1 
374 9 383 295 F: 6 3 
380 9 398 48 F: 5 4 
383 6 389 140 F: 3 1 2 
386 12 422 405 F: 5 4 3 
392 7 420 442 F: 7 
395 13 421 498 F: 7 6 
407 11 440 353 F: 11 
413 12 437 233 F: 7 5 
427 7 455 283 F: 2 5 
427 9 436 69 F: 5 1 3 
429 9 438 294 F: 4 3 2 
431 2 433 257 F: 2 
431 9 458 138 F: 6 3 
442 13 468 483 F: 13 
443 5 458 429 F: 5 
454 6 460 108 F: 2 3 1 
455 10 475 169 F: 10 
460 8 468 259 F: 3 2 3 
466 9 475 400 F: 3 2 4 
469 5 479 195 F: 5 
475 13 488 409 F: 7 6 
479 8 511 358 F: 3 5 
479 12 491 312 F: 6 6 
496 2 500 82 F: 2 
498 10 508 95 F: 4 6 
499 11 510 298 F: 11 
503 9 521 413 F: 2 4 3 
504 12 516 46 F: 12 
514 10 534 142 F: 5 3 2 
515 9 524 165 F: 5 2 2 
518 9 545 221 F: 3 4 2 
520 6 538 156 F: 3 3 
525 7 546 130 F: 2 4 1 
530 6 542 228 F: 4 1 1 
538 8 546 289 F: 2 6 
543 4 547 317 F: 4 
550 5 555 203 F: 5 
554 8 586 436 F: 3 4 1 
559 9 595 160 F: 2 4 3 
566 5 581 355 F: 2 3 
570 8 586 398 F: 2 4 2 
573 6 591 165 F: 2 1 3 
581 10 621 443 F: 10 
584 5 604 432 F: 5 
594 11 638 161 F: 5 2 4 
599 12 647 7 F: 5 3 4 
601 9 637 474 F: 3 4 2 
605 13 618 302 F: 13 
606 8 622 357 F: 2 3 3 
610 10 630 167 F: 5 2 3 
613 7 627 359 F: 2 1 4 
619 2 623 173 F: 2 
624 11 657 8 F: 5 3 3 
633 10 663 279 F: 4 6 
634 9 652 46 F: 5 4 
639 6 645 57 F: 4 2 
639 10 669 91 F: 5 4 1 
640 6 664 29 F: 4 1 1 
649 3 655 160 F: 2 1 
660 7 688 228 F: 2 1 4 
663 10 693 270 F: 4 6 
663 10 703 380 F: 7 3 
676 5 686 314 F: 2 2 1 
682 8 698 477 F: 2 6 
690 10 720 226 F: 10 
696 11 718 344 F: 7 4 
702 2 708 306 F: 2 
703 6 715 231 F: 6 
707 6 731 473 F: 2 4 
717 9 744 374 F: 5 3 1 
718 7 746 427 F: 5 2 
747 6 765 275 F: 3 3 
749 8 757 30 F: 4 4 
757 10 777 109 F: 10 
759 6 783 35 F: 2 2 2 
762 3 768 241 F: 3 
762 8 778 454 F: 4 4 
767 10 797 413 F: 3 3 4 
778 10 798 139 F: 5 4 1 
784 5 804 147 F: 5 
788 4 796 487 F: 3 1 
792 6 804 9 F: 6 
794 12 842 88 F: 12 
795 13 847 206 F: 5 4 4 
796 3 802 346 F: 3 
796 11 818 277 F: 11 
808 10 828 130 F: 3 3 4 
809 10 819 142 F: 7 3 
809 12 821 13 F: 6 6 
811 4 823 137 F: 4 
818 7 846 154 F: 7 
825 11 836 306 F: 6 5 
829 10 859 34 F: 10 
832 6 838 246 F: 6 
835 3 844 199 F: 3 
838 13 864 392 F: 13 
844 10 884 126 F: 10 
847 9 874 372 F: 6 3 
847 11 858 13 F: 3 4 4 
854 4 866 2 F: 2 2 
871 12 895 404 F: 4 4 4 
884 8 908 283 F: 8 
885 9 894 449 F: 3 3 3 
887 7 908 206 F: 7 
891 8 915 394 F: 2 3 3 
894 3 906 206 F: 3 
903 8 919 248 F: 2 2 4 
905 9 941 14 F: 3 6 
910 6 934 112 F: 4 2 
912 8 936 336 F: 3 5 
913 9 949 173 F: 3 3 3 
914 7 935 79 F: 2 1 4 
916 8 940 112 F: 5 1 2 
918 6 930 39 F: 4 1 1 
922 5 942 197 F: 5 
924 11 935 39 F: 5 6 
929 5 949 136 F: 5 
949 3 955 315 F: 3 
951 7 958 343 F: 5 2 
951 9 978 297 F: 5 4 
953 8 977 13 F: 3 3 2 
955 7 962 458 F: 5 1 1 
956 13 969 320 F: 13 
976 8 992 329 F: 3 1 4 
979 9 997 52 F: 7 2 
984 7 998 83 F: 2 4 1 
1002 6 1008 73 F: 6 
1005 4 1013 409 F: 4 
1015 8 1023 108 F: 2 3 3 
1017 4 1025 458 F: 2 2 
1017 7 1024 2 F: 5 1 1 
1023 9 1059 429 F: 9 
1025 5 1040 485 F: 5 
1026 8 1050 423 F: 8 
1028 7 1042 91 F: 6 1 
1028 12 1052 129 F: 7 5 
1035 4 1043 183 F: 4 
1047 7 1068 411 F: 6 1 
1047 8 1055 353 F: 8 
1051 2 1059 346 F: 2 
1054 11 1065 454 F: 7 4 
1069 4 1077 227 F: 4 
1081 8 1097 121 F: 2 2 4 
1081 9 1099 182 F: 6 3 
1086 7 1093 169 F: 3 3 1 
1099 7 1106 282 F: 4 3 
1101 11 1112 350 F: 11 
1102 6 1126 440 F: 6 
1106 5 1126 48 F: 3 2 
1127 10 1137 42 F: 5 2 3 
1130 11 1141 298 F: 5 3 3 
1136 10 1176 357 F: 4 2 4 
1136 11 1180 310 F: 11 
1143 11 1154 135 F: 4 4 3 
1144 8 1160 117 F: 3 5 
1144 13 1196 414 F: 7 6 
1161 10 1201 317 F: 5 5 
1164 12 1212 166 F: 12 
1166 7 1180 463 F: 5 2 
1166 8 1174 231 F: 7 1 
1178 5 1193 134 F: 5 
1181 10 1211 426 F: 4 6 
1185 11 1229 76 F: 7 4 
1186 11 1197 368 F: 3 4 4 
1191 7 1219 313 F: 3 2 2 
1197 8 1229 404 F: 8 
1202 9 1211 27 F: 5 2 2 
1209 11 1231 392 F: 5 2 4 
1213 11 1246 279 F: 11 
1214 9 1232 169 F: 4 2 3 
1218 5 1233 450 F: 3 1 1 
1227 8 1251 309 F: 8 
1228 5 1243 317 F: 3 2 
1228 10 1248 22 F: 2 4 4 
1230 12 1254 232 F: 4 4 4 
1232 7 1253 239 F: 5 2 
1243 10 1273 103 F: 10 
1247 8 1263 170 F: 8 
1251 4 1255 279 F: 3 1 
1252 8 1276 431 F: 3 3 2 
1261 10 1291 144 F: 7 3 
1263 11 1285 465 F: 4 3 4 
1269 7 1283 271 F: 7 
1271 4 1279 185 F: 4 
1272 10 1302 392 F: 6 4 
1280 10 1290 460 F: 7 3 
1306 2 1314 187 F: 2 
1307 4 1315 416 F: 2 2 
1311 8 1343 197 F: 2 4 2 
1317 6 1335 39 F: 4 1 1 
1318 9 1336 200 F: 5 4 
1319 10 1359 100 F: 10 
1324 8 1348 435 F: 4 1 3 
1325 4 1329 223 F: 2 2 
1335 6 1341 491 F: 3 1 2 
1338 10 1348 208 F: 10 
1345 6 1357 368 F: 6 
1347 10 1357 327 F: 10 
1350 10 1370 179 F: 6 4 
1356 10 1396 454 F: 4 3 3 
1357 6 1381 352 F: 2 2 2 
1362 9 1380 151 F: 5 4 
1373 3 1382 459 F: 3 
1379 7 1407 86 F: 6 1 
1392 5 1412 348 F: 2 2 1 
1394 4 1402 130 F: 4 
1409 9 1445 191 F: 5 3 1 
1410 7 1424 127 F: 3 4 
1414 12 1426 337 F: 12 
1429 11 1440 82 F: 4 3 4 
1432 6 1456 448 F: 3 1 2 
1444 3 1456 294 F: 3 
1446 5 1456 478 F: 5 
1446 8 1454 46 F: 4 1 3 
1453 10 1483 48 F: 3 3 4 
1455 9 1482 123 F: 5 2 2 
1457 12 1505 465 F: 6 6 
1464 6 1470 410 F: 5 1 
1469 8 1493 64 F: 2 3 3 
1471 10 1491 470 F: 10 
1479 12 1527 341 F: 12 
1482 11 1515 483 F: 11 
1486 4 1490 349 F: 2 1 1 
1491 8 1515 214 F: 5 2 1 
1498 8 1514 408 F: 3 4 1 
1499 13 1525 457 F: 13 
1500 8 1532 383 F: 4 3 1 
1507 5 1512 38 F: 2 3 
1514 11 1547 271 F: 4 4 3 
1521 8 1537 498 F: 3 2 3 
1529 10 1559 394 F: 10 
1532 10 1542 170 F: 7 3 
1537 12 1549 413 F: 12 
1548 7 1555 27 F: 3 2 2 
1548 7 1562 260 F: 5 2 
1550 10 1570 73 F: 10 
1558 8 1566 130 F: 4 1 3 
1560 9 1578 185 F: 2 3 4 
1563 11 1574 310 F: 11 
1568 3 1580 500 F: 3 
1581 10 1601 464 F: 4 6 
1585 10 1615 449 F: 5 3 2 
1589 10 1629 423 F: 7 3 
1590 3 1596 232 F: 3 
1590 8 1598 203 F: 6 2 
1598 8 1614 289 F: 3 3 2 
1603 10 1623 345 F: 10 
1609 8 1641 355 F: 3 2 3 
1620 8 1644 76 F: 3 2 3 
1620 9 1656 27 F: 3 4 2 
1626 7 1633 486 F: 7 
1626 12 1674 206 F: 4 4 4 
1631 7 1645 222 F: 3 4 
1631 7 1645 433 F: 5 2 
1639 11 1661 198 F: 7 4 
1645 2 1653 14 F: 2 
1645 6 1657 322 F: 6 
1654 10 1674 171 F: 5 3 2 
1656 7 1663 374 F: 3 2 2 
1662 11 1673 374 F: 5 6 
1668 8 1676 10 F: 3 5 
1673 7 1694 48 F: 7 
1686 9 1713 22 F: 4 5 
1687 9 1723 74 F: 5 1 3 
1691 7 1719 289 F: 2 3 2 
1693 7 1707 280 F: 3 2 2 
1701 6 1707 111 F: 4 1 1 
1712 9 1748 89 F: 5 3 1 
1717 7 1724 5 F: 6 1 
1731 10 1771 129 F: 4 6 
1743 5 1763 330 F: 2 2 1 
1743 10 1783 342 F: 5 1 4 
1748 4 1756 70 F: 4 
1749 8 1781 267 F: 3 3 2 
1751 6 1757 306 F: 3 1 2 
1753 10 1783 207 F: 5 5 
1757 5 1762 329 F: 2 3 
1757 12 1781 209 F: 12 
1766 10 1786 435 F: 4 3 3 
1766 11 1788 30 F: 5 2 4 
1775 8 1791 48 F: 6 2 
1783 3 1795 284 F: 2 1 
1783 9 1792 288 F: 5 2 2 
1783 10 1793 59 F: 4 3 3 
1786 13 1825 443 F: 13 
1792 9 1819 281 F: 5 1 3 
1801 2 1809 233 F: 2 
1803 4 1815 496 F: 4 
1806 7 1827 236 F: 4 2 1 
1811 10 1821 432 F: 2 4 4 
1821 2 1827 489 F: 2 
1823 7 1830 363 F: 5 1 1 
1843 6 1867 266 F: 3 3 
1846 8 1854 24 F: 5 1 2 
1847 4 1855 48 F: 3 1 
1848 2 1854 301 F: 2 
1850 12 1886 7 F: 12 
1854 9 1872 406 F: 7 2 
1857 7 1871 196 F: 5 2 
1867 8 1875 400 F: 7 1 
1874 10 1894 252 F: 4 2 4 
1875 9 1902 266 F: 4 4 1 
1883 6 1901 160 F: 6 
1884 9 1902 405 F: 4 1 4 
1885 7 1892 412 F: 2 5 
1890 7 1911 73 F: 3 4 
1912 3 1915 18 F: 3 
1917 7 1924 150 F: 2 4 1 
1919 7 1926 92 F: 3 3 1 
1920 2 1922 134 F: 2 
1922 11 1955 94 F: 5 6 
1925 8 1957 403 F: 4 3 1 
1926 13 1965 369 F: 13 
1951 10 1991 267 F: 3 3 4 
1956 11 1978 443 F: 7 4 
1963 6 1975 492 F: 5 1 
1963 6 1981 194 F: 6 
1965 9 1974 396 F: 9 
1970 12 1994 275 F: 4 4 4 
1971 9 1989 211 F: 9 
1981 4 1997 312 F: 2 2 
1985 7 1999 491 F: 3 4 
1985 9 1994 222 F: 7 2 
1991 8 2007 377 F: 8 
1993 8 2009 237 F: 4 4 
1995 13 2008 201 F: 13 
2006 3 2015 418 F: 3 
2007 6 2031 434 F: 6 
2010 6 2016 230 F: 2 4 
2012 8 2028 171 F: 8 
2013 11 2035 208 F: 7 4 
2016 8 2024 451 F: 2 6 
2024 6 2036 342 F: 2 2 2 
2029 8 2045 181 F: 3 4 1 
2037 11 2048 92 F: 11 
2047 6 2071 161 F: 5 1 
2048 6 2054 346 F: 4 1 1 
2050 4 2058 233 F: 4 
2078 10 2118 62 F: 5 2 3 
2079 10 2089 43 F: 6 4 
2081 5 2091 289 F: 2 1 2 
2085 3 2088 350 F: 3 
2085 11 2129 188 F: 5 2 4 
2089 7 2103 354 F: 3 4 
2093 5 2108 271 F: 5 
2093 10 2103 133 F: 4 3 3 
2107 7 2121 69 F: 4 3 
2108 11 2119 392 F: 6 5 
2115 13 2128 405 F: 5 4 4 
2116 6 2134 82 F: 2 3 1 
2135 7 2142 323 F: 3 4 
2142 4 2158 361 F: 4 
2142 13 2168 163 F: 13 
2149 9 2158 408 F: 5 1 3 
2152 7 2180 466 F: 7 
2157 10 2187 234 F: 10 
2159 8 2175 36 F: 8 
2160 11 2193 202 F: 11 
2164 10 2204 170 F: 5 5 
2166 10 2206 243 F: 5 5 
2172 8 2196 426 F: 3 3 2 
2172 10 2192 111 F: 5 2 3 
2172 13 2224 410 F: 7 6 
2178 6 2196 103 F: 2 1 3 
2186 6 2198 220 F: 2 4 
2194 5 2209 130 F: 4 1 
2201 9 2219 491 F: 6 3 
2203 7 2217 167 F: 2 1 4 
2206 11 2228 333 F: 6 5 
2210 12 2234 500 F: 12 
2215 6 2239 35 F: 3 1 2 
2216 7 2230 225 F: 5 1 1 
2219 3 2231 12 F: 2 1 
2227 11 2238 151 F: 4 4 3 
2242 11 2286 171 F: 5 6 
2243 8 2251 393 F: 2 6 
2256 8 2264 224 F: 4 2 2 
2257 8 2289 163 F: 8 
2259 6 2271 92 F: 6 
2261 9 2288 2 F: 3 4 2 
2263 9 2299 468 F: 5 4 
2268 9 2304 226 F: 9 
2269 8 2285 6 F: 5 1 2 
2272 10 2302 382 F: 10 
2280 11 2291 169 F: 5 4 2 
2297 6 2309 240 F: 3 1 2 
2301 7 2329 391 F: 7 
2307 6 2325 410 F: 3 3 
2312 10 2322 222 F: 4 4 2 
2317 11 2328 421 F: 11 
2324 9 2360 19 F: 7 2 
2325 8 2333 112 F: 6 2 
2328 7 2335 430 F: 3 3 1 
2344 3 2356 281 F: 3 
2354 7 2361 307 F: 3 3 1 
2357 6 2381 366 F: 6 
2364 7 2385 305 F: 3 3 1 
2364 9 2373 13 F: 5 2 2 
2365 11 2409 28 F: 5 6 
2367 8 2391 310 F: 3 1 4 
2370 7 2398 417 F: 2 2 3 
2374 8 2406 166 F: 8 
2374 12 2422 420 F: 7 5 
2378 6 2384 322 F: 5 1 
2384 7 2405 434 F: 2 1 4 
2394 7 2408 236 F: 7 
2408 5 2423 110 F: 2 1 2 
2410 7 2424 161 F: 6 1 
2415 8 2439 455 F: 3 5 
2417 11 2461 403 F: 11 
2423 6 2441 12 F: 4 2 
2429 11 2440 106 F: 11 
2430 4 2446 367 F: 2 1 1 
2439 8 2455 366 F: 7 1 
2445 11 2467 144 F: 7 4 
2447 10 2467 94 F: 5 5 
2451 10 2471 422 F: 4 4 2 
2453 11 2464 346 F: 11 
2456 10 2496 225 F: 3 3 4 
2457 4 2473 1 F: 4 
2457 11 2479 294 F: 4 4 3 
2476 11 2520 147 F: 6 5 
2481 10 2511 48 F: 10 
2484 10 2504 315 F: 3 3 4 
2488 6 2506 62 F: 2 1 3 
2489 6 2501 418 F: 4 2 
D: 5 85 
D: 6 310 
D: 16 391 
D: 17 20 
D: 24 252 
D: 34 318 
D: 35 317 
D: 37 46 
D: 38 166 
D: 39 468 
D: 49 378 
D: 51 413 
D: 59 82 
D: 64 84 
D: 75 127 
D: 99 186 
D: 107 394 
D: 109 462 
D: 113 384 
D: 122 237 
D: 123 305 
D: 124 332 
D: 130 240 
D: 131 259 
D: 136 394 
D: 137 339 
D: 147 491 
D: 157 370 
D: 170 254 
D: 177 298 
D: 177 483 
D: 178 300 
D: 182 452 
D: 210 495 
D: 213 497 
D: 223 408 
D: 235 275 
D: 238 440 
D: 256 267 
D: 278 376 
D: 292 491 
D: 317 466 
D: 329 398 
D: 341 499 
D: 344 492 
D: 352 389 
D: 371 401 
D: 387 392 
D: 408 424 
D: 437 451 
