0 12 24 18 F: 7 5 
13 8 37 47 F: 8 
16 5 31 50 F: 5 
19 9 28 42 F: 4 4 1 
24 8 48 12 F: 7 1 
30 11 41 22 F: 11 
39 7 53 15 F: 5 2 
42 5 52 11 F: 5 
51 13 64 48 F: 13 
53 6 65 46 F: 2 1 3 
65 5 85 14 F: 2 3 
74 9 92 33 F: 7 2 
76 5 96 23 F: 2 2 1 
77 6 101 19 F: 2 1 3 
82 5 92 40 F: 3 2 
88 5 108 2 F: 5 
90 10 120 2 F: 10 
93 8 109 31 F: 8 
94 10 124 15 F: 7 3 
99 10 119 43 F: 10 
103 8 119 4 F: 8 
112 6 136 39 F: 4 2 
112 10 132 22 F: 10 
118 10 148 18 F: 10 
140 5 150 26 F: 5 
140 7 161 6 F: 2 1 4 
149 3 161 27 F: 3 
153 6 159 47 F: 3 2 1 
153 10 163 45 F: 10 
155 9 182 21 F: 9 
156 9 165 16 F: 5 2 2 
165 5 175 47 F: 5 
168 11 201 20 F: 11 
172 9 190 22 F: 4 5 
178 6 184 6 F: 4 1 1 
179 7 207 4 F: 7 
185 10 195 21 F: 5 2 3 
186 13 238 6 F: 7 6 
187 8 219 10 F: 2 6 
196 9 232 32 F: 9 
220 5 225 19 F: 5 
228 8 252 25 F: 5 3 
229 4 237 9 F: 3 1 
235 8 259 32 F: 3 4 1 
239 2 245 5 F: 2 
241 8 249 6 F: 3 4 1 
248 6 272 41 F: 6 
274 5 294 46 F: 2 1 2 
288 9 324 17 F: 9 
288 10 308 5 F: 5 2 3 
D: 1 6 
D: 5 48 
D: 12 23 
D: 15 24 
D: 24 46 
