9 8 25 9 F: 2 6 
17 9 35 146 F: 5 4 
20 8 36 493 F: 5 3 
21 8 45 39 F: 3 5 
32 10 72 50 F: 4 4 2 
46 4 50 451 F: 2 2 
46 6 64 10 F: 2 4 
46 12 82 242 F: 5 3 4 
50 7 64 289 F: 2 2 3 
55 11 99 37 F: 11 
56 9 65 189 F: 2 3 4 
57 8 89 464 F: 5 3 
66 8 74 74 F: 4 4 
67 10 77 403 F: 10 
69 10 99 496 F: 4 3 3 
73 6 79 490 F: 4 2 
79 6 103 162 F: 6 
84 9 111 59 F: 9 
92 12 128 203 F: 5 3 4 
99 11 121 422 F: 4 4 3 
111 5 116 365 F: 4 1 
113 9 149 273 F: 4 1 4 
118 9 145 72 F: 6 3 
118 10 128 418 F: 10 
127 9 136 333 F: 4 5 
134 7 162 380 F: 4 1 2 
139 8 147 273 F: 8 
145 9 181 404 F: 3 2 4 
148 10 178 236 F: 6 4 
149 9 167 396 F: 3 2 4 
157 13 170 379 F: 13 
162 9 189 280 F: 7 2 
163 11 174 267 F: 6 5 
168 13 194 395 F: 13 
174 13 213 449 F: 7 6 
186 6 210 457 F: 5 1 
188 8 196 56 F: 2 4 2 
188 10 228 488 F: 5 3 2 
190 6 214 484 F: 2 2 2 
190 9 226 48 F: 7 2 
208 10 238 353 F: 6 4 
208 11 219 225 F: 5 3 3 
211 12 259 98 F: 12 
221 7 235 230 F: 6 1 
230 7 237 367 F: 7 
235 6 253 84 F: 2 4 
237 9 264 498 F: 4 2 3 
242 8 258 172 F: 5 2 1 
245 2 247 277 F: 2 
250 8 258 72 F: 8 
252 6 276 46 F: 5 1 
252 11 296 268 F: 5 6 
257 13 283 250 F: 13 
266 11 310 295 F: 5 6 
275 11 286 198 F: 5 6 
276 11 287 317 F: 5 6 
280 8 312 91 F: 3 5 
286 8 310 61 F: 3 5 
288 10 318 422 F: 4 6 
293 9 320 407 F: 9 
305 13 357 286 F: 13 
306 10 336 411 F: 10 
309 5 314 386 F: 2 3 
313 7 320 367 F: 2 3 2 
330 10 360 334 F: 6 4 
337 9 364 110 F: 9 
341 4 357 435 F: 4 
348 13 361 48 F: 7 6 
354 6 378 213 F: 6 
357 9 375 183 F: 5 1 3 
368 10 398 378 F: 10 
369 2 373 139 F: 2 
370 5 385 326 F: 5 
372 12 384 136 F: 12 
376 4 384 16 F: 4 
376 5 391 348 F: 5 
380 6 398 470 F: 5 1 
384 7 405 487 F: 4 3 
385 10 425 147 F: 4 2 4 
392 9 410 33 F: 9 
412 11 445 336 F: 5 6 
414 9 432 437 F: 7 2 
418 7 439 264 F: 5 2 
418 8 426 163 F: 4 3 1 
427 8 443 19 F: 4 4 
428 10 448 335 F: 10 
429 8 437 341 F: 8 
433 5 448 1 F: 2 3 
435 7 442 464 F: 4 3 
439 10 459 156 F: 10 
448 11 492 75 F: 7 4 
451 12 463 286 F: 12 
465 7 472 123 F: 4 1 2 
482 5 487 318 F: 5 
482 6 494 277 F: 3 3 
482 12 506 190 F: 12 
483 2 487 217 F: 2 
489 7 496 146 F: 4 3 
490 9 517 213 F: 3 6 
493 5 498 4 F: 2 1 2 
503 7 524 51 F: 7 
509 9 518 483 F: 9 
517 6 529 65 F: 3 3 
518 10 528 187 F: 5 4 1 
521 6 539 279 F: 6 
522 12 546 382 F: 4 4 4 
529 7 550 284 F: 6 1 
532 4 544 22 F: 4 
533 11 544 197 F: 5 3 3 
541 2 547 61 F: 2 
545 9 554 60 F: 4 5 
548 8 572 18 F: 7 1 
549 8 581 307 F: 7 1 
562 9 571 334 F: 3 4 2 
563 6 587 183 F: 3 3 
568 11 590 10 F: 5 3 3 
569 11 613 48 F: 6 5 
580 5 595 218 F: 3 2 
582 6 594 421 F: 4 1 1 
589 11 611 257 F: 4 4 3 
602 8 618 459 F: 8 
604 8 620 47 F: 3 4 1 
611 9 647 276 F: 5 2 2 
616 9 634 433 F: 5 3 1 
616 13 668 257 F: 7 6 
622 7 650 321 F: 4 2 1 
628 6 640 78 F: 4 2 
631 7 638 284 F: 4 2 1 
633 10 673 61 F: 3 3 4 
636 6 648 214 F: 2 3 1 
640 10 650 425 F: 5 4 1 
648 13 661 141 F: 13 
650 11 694 379 F: 11 
656 8 672 417 F: 2 6 
661 13 700 197 F: 7 6 
664 6 676 101 F: 4 1 1 
677 4 685 218 F: 3 1 
687 11 698 332 F: 6 5 
694 6 700 31 F: 3 1 2 
699 6 711 227 F: 3 1 2 
701 5 721 337 F: 5 
701 11 712 463 F: 11 
707 9 725 156 F: 4 5 
714 8 746 75 F: 5 3 
717 3 729 309 F: 2 1 
718 5 738 429 F: 5 
719 5 734 356 F: 2 2 1 
720 8 736 154 F: 2 2 4 
724 7 731 73 F: 3 4 
738 13 790 444 F: 7 6 
744 11 766 360 F: 4 4 3 
748 6 754 188 F: 6 
749 10 769 154 F: 10 
754 9 763 25 F: 4 5 
757 12 781 274 F: 6 6 
766 3 775 264 F: 3 
769 10 809 327 F: 2 4 4 
782 8 798 219 F: 4 4 
798 5 818 100 F: 5 
799 2 801 280 F: 2 
801 12 825 67 F: 12 
809 6 815 86 F: 5 1 
817 7 824 269 F: 3 1 3 
819 10 839 342 F: 4 6 
825 6 849 116 F: 6 
826 10 856 474 F: 2 4 4 
827 10 847 473 F: 10 
828 9 837 441 F: 3 6 
842 4 846 136 F: 4 
843 13 882 439 F: 13 
847 2 855 367 F: 2 
848 8 856 93 F: 8 
849 10 889 209 F: 10 
854 8 862 425 F: 3 4 1 
859 5 869 97 F: 3 2 
861 9 870 257 F: 7 2 
878 5 898 482 F: 5 
882 8 906 438 F: 3 4 1 
889 9 907 298 F: 5 3 1 
897 3 909 88 F: 2 1 
900 9 918 401 F: 7 2 
903 8 911 383 F: 3 1 4 
903 12 939 382 F: 12 
907 7 928 54 F: 2 2 3 
909 10 919 276 F: 5 2 3 
911 8 919 173 F: 5 2 1 
918 2 922 428 F: 2 
926 9 962 200 F: 9 
927 8 943 390 F: 3 1 4 
927 9 945 58 F: 5 2 2 
933 6 957 429 F: 6 
938 5 953 328 F: 3 2 
938 11 971 101 F: 5 2 4 
941 7 955 289 F: 3 4 
946 9 973 101 F: 4 5 
962 6 980 41 F: 2 2 2 
963 7 991 12 F: 3 4 
979 8 1011 265 F: 2 2 4 
995 6 1001 129 F: 4 1 1 
996 2 1002 327 F: 2 
1005 7 1019 470 F: 3 1 3 
1013 8 1037 280 F: 7 1 
1014 8 1022 372 F: 8 
1019 5 1024 82 F: 3 2 
1019 5 1034 129 F: 3 2 
1030 3 1039 74 F: 2 1 
1036 2 1040 123 F: 2 
1037 8 1069 254 F: 2 6 
1039 9 1075 127 F: 4 1 4 
1054 10 1064 164 F: 7 3 
1071 3 1077 130 F: 3 
1071 7 1078 125 F: 2 3 2 
1073 7 1080 65 F: 7 
1078 7 1092 40 F: 7 
1079 2 1087 118 F: 2 
1083 2 1087 400 F: 2 
1085 2 1089 255 F: 2 
1085 3 1091 151 F: 2 1 
1085 10 1095 223 F: 5 3 2 
1089 6 1113 247 F: 5 1 
1105 3 1117 190 F: 2 1 
1107 7 1121 272 F: 2 3 2 
1113 8 1121 291 F: 5 2 1 
1125 9 1152 373 F: 5 2 2 
1136 9 1154 187 F: 4 1 4 
1141 6 1159 423 F: 6 
1144 7 1165 276 F: 4 1 2 
1148 6 1166 366 F: 2 4 
1149 8 1157 120 F: 6 2 
1150 5 1170 357 F: 5 
1150 7 1164 66 F: 2 4 1 
1158 13 1171 297 F: 5 4 4 
1167 8 1175 431 F: 7 1 
1172 5 1187 155 F: 2 2 1 
1173 13 1199 400 F: 13 
1174 5 1189 381 F: 2 2 1 
1176 9 1194 336 F: 7 2 
1184 8 1208 227 F: 7 1 
1187 5 1207 13 F: 3 2 
1194 9 1221 33 F: 3 3 3 
1214 7 1242 199 F: 6 1 
1214 11 1247 145 F: 5 6 
1215 4 1231 106 F: 4 
1218 8 1234 358 F: 5 3 
1220 5 1235 247 F: 5 
1229 12 1253 287 F: 12 
1232 10 1252 208 F: 5 5 
1243 9 1252 67 F: 4 2 3 
1247 9 1283 393 F: 2 3 4 
1247 12 1259 455 F: 6 6 
1247 12 1271 203 F: 6 6 
1249 9 1267 394 F: 4 3 2 
1252 12 1300 482 F: 6 6 
1260 13 1286 367 F: 13 
1264 7 1271 211 F: 7 
1265 5 1270 145 F: 5 
1287 5 1307 56 F: 5 
1291 8 1323 37 F: 8 
1294 8 1310 189 F: 3 5 
1296 6 1308 31 F: 6 
1310 8 1318 97 F: 5 3 
1310 8 1342 490 F: 5 2 1 
1312 12 1360 352 F: 5 3 4 
1318 9 1354 225 F: 3 4 2 
1323 5 1328 234 F: 4 1 
1326 4 1338 454 F: 3 1 
1326 6 1350 111 F: 3 1 2 
1330 7 1344 162 F: 2 3 2 
1335 6 1341 283 F: 6 
1338 9 1374 300 F: 7 2 
1340 11 1362 92 F: 6 5 
1348 12 1360 338 F: 12 
1368 11 1401 11 F: 11 
1372 8 1388 115 F: 2 6 
1377 8 1393 298 F: 3 2 3 
1389 11 1400 238 F: 6 5 
1393 9 1429 463 F: 2 3 4 
1397 4 1409 178 F: 2 1 1 
1398 9 1425 257 F: 2 4 3 
1399 2 1401 197 F: 2 
1401 8 1425 128 F: 3 3 2 
1408 6 1432 77 F: 4 1 1 
1415 5 1430 463 F: 5 
1416 8 1424 494 F: 3 5 
1424 3 1430 301 F: 3 
1430 4 1446 168 F: 2 1 1 
1431 9 1467 167 F: 9 
1434 6 1440 352 F: 6 
1437 11 1470 363 F: 4 4 3 
1440 9 1476 246 F: 4 5 
1447 3 1453 381 F: 3 
1457 10 1487 17 F: 5 5 
1458 5 1478 102 F: 2 1 2 
1460 8 1476 59 F: 2 2 4 
1461 11 1483 250 F: 11 
1468 5 1483 244 F: 3 1 1 
1468 8 1484 271 F: 2 6 
1469 10 1479 442 F: 4 6 
1483 9 1519 380 F: 9 
1487 10 1497 469 F: 6 4 
1505 11 1527 398 F: 11 
1508 6 1532 13 F: 2 3 1 
1509 7 1523 116 F: 2 5 
1515 5 1525 102 F: 4 1 
1516 6 1528 166 F: 2 4 
1520 10 1540 133 F: 5 1 4 
1521 4 1533 174 F: 2 2 
1525 8 1549 326 F: 3 1 4 
1532 9 1568 281 F: 4 3 2 
1533 5 1543 256 F: 5 
1534 12 1570 364 F: 12 
1537 7 1551 266 F: 2 4 1 
1537 11 1581 370 F: 5 4 2 
1538 8 1562 225 F: 4 3 1 
1542 3 1551 286 F: 3 
1555 5 1570 265 F: 2 3 
1562 6 1586 253 F: 3 3 
1572 5 1577 326 F: 3 2 
1574 12 1622 482 F: 6 6 
1578 10 1598 496 F: 10 
1614 4 1630 262 F: 2 2 
1619 10 1629 98 F: 10 
1625 9 1634 110 F: 9 
1628 13 1680 352 F: 7 6 
1629 3 1641 208 F: 3 
1631 9 1667 34 F: 5 4 
1634 3 1640 25 F: 2 1 
1634 10 1644 45 F: 10 
1637 4 1653 282 F: 2 2 
1640 5 1645 160 F: 5 
1640 9 1649 228 F: 4 1 4 
1646 13 1685 397 F: 13 
1657 11 1668 316 F: 5 4 2 
1658 6 1682 443 F: 6 
1661 10 1671 84 F: 7 3 
1685 4 1689 265 F: 3 1 
1686 11 1708 363 F: 7 4 
1687 6 1699 427 F: 2 1 3 
1692 10 1722 336 F: 5 4 1 
1695 13 1721 466 F: 13 
1709 6 1721 226 F: 3 1 2 
1711 4 1715 403 F: 2 2 
1712 4 1728 444 F: 4 
1712 12 1724 315 F: 12 
1739 13 1778 13 F: 5 4 4 
1746 9 1782 294 F: 4 4 1 
1747 4 1759 6 F: 3 1 
1749 7 1763 490 F: 5 2 
1750 7 1757 17 F: 5 2 
1755 9 1782 410 F: 9 
1760 6 1772 223 F: 6 
1763 12 1775 19 F: 5 3 4 
1778 12 1802 238 F: 12 
1779 9 1806 377 F: 2 3 4 
1782 13 1834 176 F: 13 
1786 10 1816 378 F: 3 4 3 
1787 6 1805 53 F: 6 
1790 7 1804 433 F: 5 1 1 
1791 4 1807 487 F: 4 
1792 8 1816 288 F: 5 2 1 
1806 10 1816 459 F: 7 3 
1815 9 1842 288 F: 4 4 1 
1822 6 1828 304 F: 6 
1822 9 1831 141 F: 3 2 4 
1828 7 1835 318 F: 4 1 2 
1836 5 1846 394 F: 3 2 
1839 8 1871 323 F: 3 3 2 
1851 7 1865 137 F: 6 1 
1858 4 1866 364 F: 4 
1861 12 1885 140 F: 12 
1863 7 1870 486 F: 4 1 2 
1866 4 1874 218 F: 2 2 
1871 7 1892 224 F: 3 2 2 
1872 4 1888 122 F: 2 2 
1873 8 1897 457 F: 2 6 
1877 7 1891 31 F: 3 2 2 
1883 4 1895 131 F: 3 1 
1890 5 1900 352 F: 5 
1896 6 1908 307 F: 4 1 1 
1898 7 1905 150 F: 2 1 4 
1908 6 1920 430 F: 3 3 
1915 2 1921 335 F: 2 
1917 6 1941 446 F: 3 3 
1933 6 1951 264 F: 4 2 
1935 4 1939 141 F: 2 2 
1939 5 1959 300 F: 5 
1942 9 1960 233 F: 3 6 
1949 4 1957 219 F: 3 1 
1953 8 1985 33 F: 2 2 4 
1962 6 1980 50 F: 6 
1964 10 1994 213 F: 5 3 2 
1964 11 1997 3 F: 5 3 3 
1968 8 1992 478 F: 8 
1970 10 2010 138 F: 4 2 4 
1971 8 1979 251 F: 2 6 
1985 9 2021 486 F: 2 3 4 
1986 7 2007 350 F: 3 3 1 
1991 10 2021 330 F: 4 4 2 
1991 11 2002 297 F: 5 6 
1994 11 2038 150 F: 3 4 4 
2000 11 2022 322 F: 6 5 
2015 8 2023 37 F: 4 4 
2020 6 2044 435 F: 3 1 2 
2026 8 2058 337 F: 6 2 
2026 13 2065 163 F: 13 
2030 8 2062 298 F: 3 5 
2052 9 2088 371 F: 3 6 
2053 10 2093 391 F: 10 
2064 9 2082 232 F: 7 2 
2066 8 2090 264 F: 3 4 1 
2067 7 2088 225 F: 7 
2069 2 2071 20 F: 2 
2074 12 2122 140 F: 12 
2075 11 2086 179 F: 7 4 
2081 9 2099 476 F: 3 4 2 
2086 9 2095 420 F: 9 
2093 4 2097 386 F: 2 1 1 
2097 8 2121 477 F: 4 4 
2097 8 2129 417 F: 2 6 
2098 8 2106 213 F: 8 
2100 8 2116 199 F: 8 
2103 13 2155 381 F: 5 4 4 
2106 8 2114 209 F: 2 4 2 
2111 10 2151 442 F: 5 5 
2120 12 2144 118 F: 12 
2121 8 2153 70 F: 4 4 
2122 8 2146 356 F: 5 1 2 
2128 11 2172 56 F: 5 3 3 
2140 8 2172 272 F: 5 1 2 
2148 11 2159 347 F: 5 6 
2153 7 2160 39 F: 7 
2155 9 2191 116 F: 4 5 
2163 7 2170 480 F: 7 
2164 8 2172 139 F: 3 1 4 
2175 8 2199 141 F: 3 4 1 
2175 13 2227 258 F: 13 
2178 7 2199 276 F: 7 
2181 2 2189 181 F: 2 
2182 7 2189 149 F: 3 2 2 
2184 9 2220 10 F: 4 3 2 
2200 5 2210 282 F: 2 2 1 
2200 8 2224 483 F: 4 4 
2204 11 2215 244 F: 5 6 
2222 10 2232 291 F: 3 3 4 
2225 12 2249 494 F: 5 4 3 
2228 6 2240 358 F: 6 
2237 7 2251 268 F: 4 1 2 
2241 4 2253 285 F: 4 
2242 9 2278 286 F: 3 3 3 
2247 4 2255 89 F: 4 
2249 13 2275 491 F: 5 4 4 
2250 9 2277 448 F: 3 6 
2253 9 2280 203 F: 4 1 4 
2254 10 2274 84 F: 2 4 4 
2276 7 2297 326 F: 4 1 2 
2285 8 2293 324 F: 4 4 
2290 6 2296 19 F: 2 1 3 
2292 2 2300 299 F: 2 
2293 7 2300 214 F: 6 1 
2299 8 2315 456 F: 2 6 
2300 7 2314 433 F: 7 
2304 10 2334 240 F: 10 
2305 8 2329 195 F: 4 3 1 
2307 5 2317 471 F: 5 
2313 9 2340 264 F: 5 3 1 
2330 4 2342 73 F: 4 
2335 7 2363 497 F: 6 1 
2338 8 2346 299 F: 3 3 2 
2346 11 2379 220 F: 6 5 
2347 7 2375 267 F: 3 2 2 
2355 8 2387 272 F: 4 3 1 
2358 2 2362 467 F: 2 
2370 7 2391 494 F: 2 1 4 
2378 9 2405 324 F: 3 6 
2379 12 2427 418 F: 6 6 
2381 12 2429 93 F: 12 
2386 5 2401 441 F: 3 2 
2396 6 2408 450 F: 2 4 
2396 7 2424 136 F: 7 
2399 7 2427 135 F: 3 4 
2400 9 2436 468 F: 5 2 2 
2405 9 2432 435 F: 5 4 
2422 8 2454 268 F: 2 6 
2423 8 2447 383 F: 3 1 4 
2431 7 2445 347 F: 7 
2444 6 2456 428 F: 2 1 3 
2448 13 2487 146 F: 13 
2451 12 2499 338 F: 6 6 
2453 7 2474 367 F: 7 
2458 10 2488 107 F: 5 3 2 
2461 10 2501 274 F: 3 3 4 
2465 10 2505 372 F: 10 
2471 11 2482 459 F: 6 5 
2473 4 2489 370 F: 4 
2485 5 2505 464 F: 5 
2485 6 2503 135 F: 5 1 
2486 7 2493 166 F: 4 3 
2486 9 2504 26 F: 3 6 
2489 2 2493 33 F: 2 
2497 7 2511 485 F: 5 2 
D: 11 289 
D: 29 340 
D: 33 316 
D: 43 230 
D: 45 308 
D: 46 398 
D: 47 174 
D: 47 428 
D: 64 458 
D: 72 312 
D: 74 315 
D: 78 321 
D: 83 303 
D: 92 262 
D: 94 125 
D: 95 304 
D: 107 255 
D: 111 355 
D: 125 371 
D: 126 443 
D: 144 198 
D: 155 206 
D: 171 431 
D: 179 318 
D: 182 258 
D: 182 410 
D: 189 371 
D: 190 332 
D: 199 344 
D: 199 374 
D: 200 318 
D: 211 292 
D: 233 289 
D: 235 311 
D: 235 441 
D: 236 260 
D: 241 332 
D: 259 311 
D: 268 414 
D: 273 409 
D: 283 297 
D: 306 438 
D: 324 446 
D: 326 443 
D: 352 471 
D: 354 407 
D: 369 497 
D: 393 457 
D: 439 448 
D: 488 498 
