4 9 13 7 F: 7 2 
6 5 21 32 F: 5 
9 6 33 39 F: 6 
12 9 39 12 F: 9 
16 9 52 1 F: 5 4 
34 12 82 3 F: 5 4 3 
39 12 51 38 F: 12 
40 2 48 50 F: 2 
46 3 49 35 F: 3 
47 10 87 24 F: 5 5 
62 9 80 37 F: 9 
67 6 85 48 F: 6 
67 9 76 44 F: 7 2 
67 9 94 29 F: 5 3 1 
69 8 101 40 F: 4 1 3 
72 9 90 13 F: 9 
73 6 85 21 F: 2 4 
75 5 90 9 F: 5 
76 5 86 25 F: 3 1 1 
94 8 118 48 F: 3 5 
101 11 112 12 F: 11 
104 11 126 14 F: 11 
105 3 117 17 F: 3 
108 6 126 23 F: 4 2 
132 8 148 14 F: 8 
133 4 145 3 F: 2 2 
140 8 148 15 F: 2 4 2 
143 11 187 15 F: 6 5 
144 10 154 14 F: 4 2 4 
145 8 153 45 F: 3 5 
148 7 176 17 F: 3 3 1 
156 9 183 24 F: 9 
162 13 175 7 F: 5 4 4 
165 6 177 21 F: 2 4 
167 9 176 17 F: 4 1 4 
173 6 179 3 F: 6 
178 11 222 40 F: 6 5 
179 13 218 2 F: 13 
188 11 210 50 F: 11 
190 7 204 15 F: 6 1 
209 6 221 43 F: 6 
233 13 285 35 F: 5 4 4 
243 10 253 35 F: 10 
261 7 282 34 F: 3 3 1 
263 6 281 41 F: 6 
270 6 282 5 F: 6 
279 8 311 44 F: 8 
283 6 295 48 F: 2 3 1 
285 13 324 10 F: 13 
294 4 306 20 F: 4 
D: 8 42 
D: 15 31 
D: 23 25 
D: 27 33 
D: 30 48 
