2 10 42 25 F: 7 3 
5 5 10 28 F: 2 2 1 
5 8 21 38 F: 8 
14 8 22 41 F: 2 4 2 
23 6 47 36 F: 6 
31 5 41 36 F: 2 3 
33 3 42 37 F: 3 
58 6 64 22 F: 2 3 1 
64 3 67 8 F: 3 
66 10 106 49 F: 5 5 
67 5 77 8 F: 2 2 1 
67 11 111 6 F: 5 6 
69 5 84 44 F: 2 3 
74 8 90 33 F: 7 1 
79 8 103 29 F: 8 
84 8 100 32 F: 3 2 3 
86 8 102 29 F: 4 3 1 
88 13 101 37 F: 7 6 
93 7 114 24 F: 3 4 
95 10 105 33 F: 6 4 
103 9 139 49 F: 3 6 
114 7 121 25 F: 3 4 
119 6 131 11 F: 6 
134 9 143 33 F: 2 4 3 
136 7 157 34 F: 3 4 
147 10 167 22 F: 5 5 
148 5 153 14 F: 2 1 2 
151 12 187 25 F: 6 6 
155 8 187 8 F: 8 
161 8 169 40 F: 3 2 3 
167 8 183 14 F: 8 
170 5 175 45 F: 5 
174 4 178 4 F: 4 
176 5 186 43 F: 2 2 1 
178 7 199 19 F: 2 1 4 
181 7 188 23 F: 7 
192 8 200 9 F: 3 3 2 
192 9 210 22 F: 5 3 1 
194 12 242 22 F: 12 
195 7 223 15 F: 4 3 
206 4 218 24 F: 3 1 
210 7 231 12 F: 2 2 3 
215 8 247 43 F: 3 2 3 
215 12 239 29 F: 12 
225 9 234 24 F: 4 5 
229 8 245 23 F: 5 2 1 
232 5 247 36 F: 5 
234 10 274 26 F: 10 
275 7 282 40 F: 5 1 1 
298 2 300 8 F: 2 
D: 3 32 
D: 8 11 
D: 9 27 
D: 15 16 
D: 27 43 
