0 12 12 49 F: 5 3 4 
1 9 28 28 F: 9 
3 10 23 28 F: 4 3 3 
7 4 11 4 F: 4 
18 3 21 13 F: 3 
31 4 35 32 F: 3 1 
33 4 37 2 F: 4 
35 8 51 17 F: 8 
45 8 69 33 F: 4 1 3 
48 3 51 21 F: 3 
63 12 99 10 F: 4 4 4 
68 11 112 23 F: 11 
69 12 81 29 F: 12 
70 5 80 26 F: 3 2 
82 4 90 44 F: 3 1 
83 4 87 49 F: 3 1 
94 10 104 41 F: 4 3 3 
95 5 115 18 F: 2 2 1 
98 2 102 13 F: 2 
98 9 116 22 F: 4 5 
100 9 118 24 F: 3 6 
104 3 107 45 F: 3 
104 4 116 13 F: 4 
106 5 126 27 F: 2 3 
106 13 145 36 F: 13 
115 9 133 28 F: 9 
115 11 137 25 F: 11 
115 12 163 40 F: 7 5 
129 5 139 32 F: 4 1 
135 9 162 6 F: 5 3 1 
149 13 201 31 F: 5 4 4 
174 9 201 17 F: 5 2 2 
176 5 181 8 F: 2 2 1 
176 6 200 47 F: 2 2 2 
181 10 211 43 F: 3 4 3 
182 5 192 17 F: 5 
187 9 214 11 F: 4 2 3 
191 6 209 40 F: 6 
197 9 215 13 F: 3 4 2 
198 10 228 14 F: 10 
204 11 215 12 F: 7 4 
209 5 214 21 F: 5 
213 6 231 27 F: 2 2 2 
217 11 228 46 F: 7 4 
252 12 276 7 F: 6 6 
257 8 281 47 F: 2 2 4 
266 8 298 12 F: 3 5 
273 6 291 3 F: 6 
277 8 309 22 F: 5 3 
279 8 295 46 F: 4 3 1 
D: 9 26 
D: 14 16 
D: 21 28 
D: 25 47 
D: 29 43 
