1 9 19 42 F: 3 6 
8 8 32 52 F: 3 3 2 
8 12 32 137 F: 5 4 3 
22 9 58 440 F: 5 4 
25 9 52 106 F: 6 3 
27 5 47 207 F: 3 2 
29 11 73 429 F: 3 4 4 
50 7 57 322 F: 7 
53 9 71 153 F: 6 3 
56 8 72 281 F: 8 
64 11 97 326 F: 5 4 2 
71 13 84 82 F: 13 
72 5 92 205 F: 3 1 1 
76 6 82 25 F: 4 2 
79 9 106 281 F: 9 
80 3 83 141 F: 3 
82 7 96 406 F: 5 2 
83 4 99 236 F: 4 
83 13 122 489 F: 13 
87 6 99 377 F: 4 2 
102 10 132 341 F: 4 4 2 
104 11 126 273 F: 5 3 3 
107 8 123 391 F: 2 3 3 
113 3 119 144 F: 2 1 
116 8 124 305 F: 8 
116 9 134 246 F: 4 4 1 
117 4 125 79 F: 4 
118 5 123 338 F: 4 1 
124 6 130 399 F: 6 
128 2 134 146 F: 2 
129 8 137 62 F: 3 3 2 
134 13 186 434 F: 7 6 
142 13 181 41 F: 13 
144 13 157 227 F: 13 
150 7 171 40 F: 5 2 
163 10 193 40 F: 10 
167 3 173 348 F: 3 
176 9 212 172 F: 4 1 4 
181 9 208 290 F: 3 2 4 
184 10 204 38 F: 10 
208 3 217 432 F: 3 
210 9 228 13 F: 5 1 3 
218 7 232 391 F: 4 2 1 
223 11 267 203 F: 5 3 3 
224 7 252 406 F: 7 
224 11 257 130 F: 5 2 4 
225 5 230 487 F: 5 
248 10 288 100 F: 10 
251 10 271 201 F: 10 
251 11 284 352 F: 7 4 
253 6 277 91 F: 3 3 
254 11 287 467 F: 7 4 
268 9 295 49 F: 5 3 1 
271 9 298 25 F: 3 2 4 
272 3 278 94 F: 3 
272 6 296 24 F: 6 
281 7 309 416 F: 7 
291 7 312 431 F: 5 2 
296 11 340 148 F: 4 4 3 
297 11 319 346 F: 5 2 4 
302 4 310 447 F: 3 1 
307 13 333 479 F: 7 6 
312 9 339 421 F: 7 2 
317 3 329 126 F: 2 1 
328 11 339 333 F: 4 4 3 
337 6 343 124 F: 5 1 
348 7 362 215 F: 3 4 
350 8 382 202 F: 2 4 2 
355 7 376 243 F: 4 3 
358 8 390 67 F: 4 3 1 
359 6 371 259 F: 6 
359 9 368 366 F: 6 3 
360 3 363 321 F: 3 
361 11 405 402 F: 5 3 3 
365 7 372 59 F: 7 
368 9 386 321 F: 5 4 
369 7 397 12 F: 5 1 1 
376 10 396 487 F: 2 4 4 
387 8 419 411 F: 8 
395 9 431 408 F: 9 
401 12 425 28 F: 12 
408 10 418 166 F: 5 5 
411 6 435 406 F: 6 
412 8 420 99 F: 8 
417 3 429 319 F: 3 
418 6 424 350 F: 6 
423 9 441 131 F: 4 5 
425 11 469 258 F: 11 
428 8 444 383 F: 6 2 
430 5 445 103 F: 4 1 
430 12 478 198 F: 5 3 4 
432 9 441 378 F: 4 5 
449 3 458 38 F: 2 1 
470 10 490 43 F: 7 3 
483 6 495 30 F: 4 2 
487 6 505 111 F: 5 1 
487 7 494 61 F: 2 3 2 
492 8 516 53 F: 3 3 2 
492 8 524 204 F: 3 5 
498 6 504 115 F: 6 
511 6 535 373 F: 2 4 
512 10 542 253 F: 4 4 2 
516 13 568 296 F: 13 
521 7 549 300 F: 7 
521 8 537 109 F: 4 4 
522 6 546 248 F: 2 1 3 
526 9 562 265 F: 9 
530 12 542 248 F: 12 
531 3 540 185 F: 3 
533 8 541 443 F: 8 
540 3 552 387 F: 3 
543 2 551 166 F: 2 
545 8 569 144 F: 4 4 
547 4 559 345 F: 4 
549 9 558 14 F: 3 3 3 
554 9 572 159 F: 9 
562 6 568 296 F: 6 
570 5 580 199 F: 5 
581 8 597 258 F: 8 
598 13 611 77 F: 13 
600 11 633 380 F: 5 2 4 
601 5 611 402 F: 5 
604 12 616 274 F: 7 5 
609 10 629 171 F: 6 4 
611 8 643 294 F: 8 
620 13 633 22 F: 13 
621 5 626 32 F: 2 3 
621 10 651 5 F: 5 4 1 
627 7 648 482 F: 7 
646 12 682 498 F: 4 4 4 
649 10 659 51 F: 10 
652 4 656 40 F: 2 1 1 
654 5 664 317 F: 2 1 2 
655 3 664 313 F: 2 1 
676 6 682 371 F: 2 4 
677 11 688 132 F: 6 5 
683 9 692 225 F: 3 6 
687 8 711 228 F: 4 4 
694 12 730 282 F: 12 
699 6 717 148 F: 3 3 
703 2 707 467 F: 2 
707 5 727 410 F: 2 2 1 
707 7 728 450 F: 5 1 1 
708 4 716 325 F: 3 1 
709 5 724 35 F: 4 1 
710 7 738 133 F: 7 
711 8 743 130 F: 8 
716 10 726 297 F: 2 4 4 
720 12 768 173 F: 12 
721 3 724 82 F: 2 1 
731 11 764 223 F: 5 6 
737 12 761 27 F: 5 3 4 
740 12 776 290 F: 7 5 
768 2 774 237 F: 2 
770 13 822 446 F: 13 
772 8 788 21 F: 5 1 2 
779 4 783 208 F: 3 1 
786 9 813 156 F: 6 3 
790 7 804 433 F: 4 1 2 
796 12 844 33 F: 7 5 
801 5 816 425 F: 3 2 
808 5 818 446 F: 5 
827 8 835 113 F: 3 5 
829 7 857 262 F: 5 2 
830 13 869 467 F: 5 4 4 
833 10 863 464 F: 4 3 3 
844 4 848 346 F: 3 1 
844 10 884 233 F: 4 4 2 
852 4 860 374 F: 4 
855 11 866 221 F: 7 4 
863 8 887 33 F: 5 3 
867 3 873 401 F: 3 
869 9 905 151 F: 2 3 4 
876 10 896 447 F: 7 3 
884 7 905 404 F: 7 
885 4 897 87 F: 3 1 
889 12 925 174 F: 12 
891 10 901 19 F: 3 4 3 
892 9 919 93 F: 5 1 3 
899 11 910 129 F: 5 2 4 
902 7 923 489 F: 2 4 1 
903 7 910 500 F: 2 3 2 
923 10 963 364 F: 4 4 2 
926 12 974 310 F: 12 
929 9 947 228 F: 5 4 
932 10 952 95 F: 5 5 
942 8 966 143 F: 2 6 
943 4 951 373 F: 4 
943 8 975 447 F: 8 
945 11 956 106 F: 5 6 
952 7 980 97 F: 4 3 
952 8 984 421 F: 4 1 3 
953 8 961 413 F: 3 3 2 
954 7 982 359 F: 6 1 
958 10 988 194 F: 5 4 1 
962 10 992 55 F: 6 4 
969 9 978 392 F: 2 4 3 
989 8 1021 493 F: 3 5 
996 7 1003 162 F: 5 2 
998 9 1034 211 F: 4 5 
1002 10 1032 220 F: 10 
1005 5 1010 487 F: 2 3 
1007 5 1012 10 F: 3 1 1 
1011 7 1039 316 F: 4 2 1 
1014 13 1040 347 F: 13 
1022 11 1044 89 F: 7 4 
1025 10 1035 203 F: 5 4 1 
1027 3 1039 415 F: 3 
1027 7 1048 58 F: 5 2 
1058 10 1088 63 F: 5 1 4 
1070 9 1088 334 F: 4 5 
1075 10 1085 215 F: 10 
1076 4 1088 405 F: 2 1 1 
1076 13 1089 136 F: 7 6 
1077 13 1129 357 F: 13 
1080 9 1107 133 F: 3 6 
1087 8 1103 63 F: 8 
1089 6 1113 280 F: 3 1 2 
1089 9 1107 142 F: 3 6 
1091 10 1101 6 F: 7 3 
1107 5 1112 207 F: 5 
1117 9 1135 243 F: 5 4 
1121 3 1130 107 F: 3 
1121 5 1131 353 F: 3 2 
1123 3 1126 490 F: 3 
1132 11 1176 346 F: 11 
1134 13 1160 14 F: 7 6 
1138 10 1158 175 F: 6 4 
1138 11 1160 455 F: 4 4 3 
1139 9 1157 258 F: 7 2 
1146 10 1156 394 F: 10 
1148 13 1200 240 F: 13 
1149 8 1165 385 F: 8 
1153 10 1183 179 F: 10 
1158 9 1176 174 F: 4 3 2 
1162 8 1186 151 F: 7 1 
1173 12 1185 358 F: 5 3 4 
1181 7 1188 435 F: 4 3 
1187 9 1205 372 F: 3 2 4 
1197 8 1213 225 F: 4 1 3 
1207 7 1221 333 F: 7 
1210 8 1234 31 F: 3 2 3 
1215 9 1233 257 F: 7 2 
1215 10 1235 480 F: 5 5 
1222 7 1236 280 F: 2 2 3 
1226 13 1252 318 F: 5 4 4 
1230 8 1262 57 F: 2 2 4 
1236 7 1250 184 F: 2 5 
1236 8 1268 129 F: 6 2 
1240 8 1256 451 F: 4 1 3 
1241 6 1259 196 F: 6 
1246 9 1264 153 F: 7 2 
1247 4 1263 489 F: 3 1 
1266 6 1278 429 F: 2 2 2 
1266 9 1284 110 F: 5 1 3 
1272 8 1280 276 F: 6 2 
1280 4 1288 481 F: 3 1 
1280 6 1304 437 F: 4 1 1 
1294 13 1333 342 F: 7 6 
1296 6 1308 127 F: 2 3 1 
1307 9 1334 312 F: 9 
1311 6 1329 445 F: 5 1 
1312 9 1330 197 F: 9 
1313 9 1340 343 F: 4 2 3 
1326 11 1370 117 F: 5 6 
1329 6 1353 435 F: 2 2 2 
1329 13 1368 118 F: 7 6 
1330 9 1348 166 F: 4 4 1 
1339 10 1359 289 F: 5 3 2 
1344 6 1362 422 F: 2 2 2 
1347 12 1383 223 F: 6 6 
1357 9 1393 262 F: 3 4 2 
1359 5 1374 136 F: 4 1 
1359 11 1392 8 F: 4 4 3 
1371 7 1392 47 F: 4 3 
1371 11 1393 185 F: 3 4 4 
1373 10 1403 313 F: 10 
1393 10 1423 35 F: 5 4 1 
1398 7 1412 7 F: 7 
1399 7 1427 476 F: 2 5 
1400 9 1418 138 F: 2 4 3 
1405 8 1429 170 F: 2 6 
1408 11 1430 242 F: 11 
1410 6 1428 156 F: 2 2 2 
1410 9 1419 119 F: 3 3 3 
1412 8 1444 223 F: 6 2 
1422 5 1437 7 F: 4 1 
1435 7 1449 166 F: 2 2 3 
1444 10 1484 97 F: 6 4 
1451 8 1459 70 F: 8 
1451 11 1484 321 F: 5 4 2 
1452 7 1466 446 F: 5 2 
1453 11 1464 189 F: 11 
1464 9 1491 98 F: 6 3 
1465 2 1467 6 F: 2 
1472 6 1478 454 F: 6 
1474 9 1501 469 F: 9 
1483 9 1510 288 F: 9 
1490 10 1500 461 F: 7 3 
1497 10 1537 81 F: 4 2 4 
1503 7 1524 376 F: 2 2 3 
1504 8 1536 178 F: 4 4 
1515 9 1524 384 F: 4 5 
1517 10 1557 32 F: 4 6 
1520 8 1528 202 F: 8 
1529 9 1556 396 F: 3 4 2 
1530 6 1554 117 F: 2 1 3 
1534 11 1545 367 F: 11 
1538 7 1559 90 F: 3 3 1 
1539 10 1549 46 F: 6 4 
1552 8 1584 107 F: 7 1 
1557 7 1571 30 F: 2 4 1 
1563 10 1603 72 F: 7 3 
1570 9 1588 360 F: 3 6 
1572 8 1588 418 F: 8 
1575 8 1591 181 F: 5 1 2 
1581 7 1609 438 F: 6 1 
1587 6 1593 232 F: 6 
1591 4 1599 489 F: 2 2 
1596 9 1623 232 F: 4 3 2 
1603 8 1635 298 F: 2 3 3 
1612 8 1620 78 F: 2 3 3 
1612 9 1621 426 F: 2 4 3 
1613 9 1631 248 F: 6 3 
1615 10 1635 443 F: 5 3 2 
1617 9 1653 39 F: 5 4 
1622 8 1646 148 F: 3 4 1 
1625 8 1657 231 F: 2 2 4 
1633 8 1657 417 F: 3 2 3 
1636 7 1643 303 F: 3 4 
1643 9 1670 157 F: 9 
1651 12 1675 20 F: 6 6 
1658 9 1676 310 F: 4 5 
1671 9 1707 285 F: 9 
1674 8 1706 165 F: 2 4 2 
1677 12 1701 19 F: 7 5 
1681 3 1693 202 F: 3 
1686 4 1698 155 F: 3 1 
1689 6 1701 182 F: 6 
1699 7 1706 451 F: 3 4 
1706 5 1716 339 F: 5 
1709 7 1730 376 F: 5 1 1 
1711 9 1738 94 F: 3 4 2 
1712 10 1752 119 F: 4 4 2 
1717 11 1728 54 F: 11 
1718 7 1732 492 F: 2 1 4 
1724 8 1748 397 F: 2 3 3 
1727 9 1754 46 F: 9 
1728 11 1772 353 F: 5 4 2 
1730 7 1758 123 F: 7 
1732 10 1772 281 F: 10 
1735 4 1743 290 F: 3 1 
1741 11 1774 358 F: 5 3 3 
1750 12 1786 97 F: 5 4 3 
1752 4 1764 257 F: 4 
1754 8 1778 463 F: 8 
1783 11 1794 398 F: 5 4 2 
1786 9 1822 200 F: 9 
1791 3 1803 498 F: 2 1 
1791 7 1819 142 F: 4 2 1 
1802 2 1806 192 F: 2 
1817 10 1857 376 F: 5 4 1 
1821 6 1845 209 F: 2 1 3 
1836 7 1850 374 F: 2 3 2 
1843 10 1853 187 F: 10 
1844 6 1850 500 F: 6 
1852 8 1860 33 F: 8 
1854 8 1870 451 F: 2 6 
1861 9 1879 392 F: 3 4 2 
1862 10 1872 356 F: 4 3 3 
1863 3 1872 133 F: 3 
1864 7 1885 238 F: 3 2 2 
1867 7 1874 100 F: 6 1 
1873 7 1901 355 F: 3 1 3 
1881 10 1911 207 F: 10 
1887 3 1890 124 F: 3 
1888 9 1906 111 F: 9 
1893 10 1903 144 F: 3 3 4 
1895 9 1922 305 F: 5 1 3 
1896 7 1917 389 F: 7 
1913 4 1925 422 F: 4 
1916 6 1934 268 F: 2 2 2 
1923 6 1929 349 F: 6 
1929 4 1933 268 F: 4 
1936 10 1976 89 F: 2 4 4 
1937 6 1961 130 F: 4 2 
1939 8 1963 443 F: 8 
1943 4 1951 344 F: 2 2 
1944 9 1980 273 F: 5 3 1 
1951 9 1960 263 F: 5 1 3 
1951 10 1981 465 F: 5 4 1 
1960 6 1966 419 F: 3 2 1 
1960 7 1988 102 F: 3 4 
1965 8 1997 205 F: 4 3 1 
1967 10 2007 385 F: 2 4 4 
1973 9 1982 234 F: 5 2 2 
1983 10 1993 375 F: 4 6 
1988 3 1991 417 F: 3 
1997 5 2002 126 F: 3 1 1 
1997 6 2003 169 F: 2 1 3 
2001 7 2008 239 F: 5 1 1 
2001 8 2017 380 F: 8 
2001 10 2041 146 F: 10 
2005 10 2025 465 F: 5 5 
2007 5 2012 419 F: 3 1 1 
2008 6 2020 173 F: 2 2 2 
2036 13 2049 266 F: 13 
2041 9 2050 394 F: 4 5 
2047 8 2071 81 F: 3 1 4 
2052 11 2096 215 F: 7 4 
2062 3 2065 484 F: 3 
2062 9 2098 72 F: 3 3 3 
2066 8 2082 422 F: 3 3 2 
2067 12 2079 229 F: 5 3 4 
2069 6 2087 39 F: 2 4 
2073 9 2091 345 F: 5 2 2 
2077 6 2089 209 F: 4 2 
2088 8 2096 8 F: 5 1 2 
2092 12 2128 249 F: 7 5 
2097 5 2112 359 F: 3 2 
2102 13 2141 315 F: 13 
2108 4 2120 284 F: 4 
2112 10 2132 28 F: 6 4 
2114 10 2154 303 F: 4 3 3 
2121 12 2169 219 F: 12 
2123 8 2131 133 F: 8 
2127 6 2145 438 F: 6 
2129 11 2140 170 F: 11 
2137 7 2144 93 F: 4 2 1 
2141 7 2155 293 F: 3 4 
2148 8 2172 73 F: 8 
2156 9 2174 387 F: 5 1 3 
2165 9 2183 231 F: 5 4 
2168 4 2184 334 F: 3 1 
2175 4 2187 444 F: 2 2 
2179 3 2188 477 F: 3 
2180 3 2186 243 F: 2 1 
2185 11 2196 242 F: 11 
2186 7 2200 207 F: 7 
2186 7 2214 312 F: 7 
2203 11 2225 273 F: 4 4 3 
2206 9 2224 221 F: 3 6 
2208 12 2232 81 F: 5 4 3 
2215 7 2229 103 F: 2 4 1 
2216 7 2230 157 F: 2 4 1 
2217 5 2232 433 F: 5 
2227 10 2247 275 F: 10 
2232 11 2254 131 F: 5 4 2 
2233 9 2251 156 F: 3 3 3 
2234 9 2243 263 F: 4 5 
2255 8 2287 228 F: 3 2 3 
2257 10 2277 193 F: 2 4 4 
2265 12 2301 62 F: 7 5 
2267 7 2281 225 F: 4 1 2 
2269 13 2282 57 F: 13 
2278 7 2285 98 F: 3 1 3 
2280 8 2288 115 F: 3 5 
2282 12 2294 114 F: 12 
2288 4 2292 12 F: 2 2 
2288 10 2328 301 F: 5 3 2 
2300 8 2316 48 F: 3 1 4 
2314 6 2332 365 F: 3 2 1 
2325 9 2334 264 F: 3 4 2 
2327 3 2336 241 F: 3 
2333 10 2353 234 F: 10 
2338 9 2374 51 F: 3 6 
2340 13 2353 236 F: 13 
2342 8 2366 16 F: 4 4 
2350 2 2358 341 F: 2 
2351 4 2367 171 F: 4 
2355 8 2379 22 F: 2 6 
2362 11 2373 87 F: 3 4 4 
2369 13 2395 185 F: 13 
2372 11 2416 255 F: 6 5 
2373 7 2380 156 F: 5 2 
2373 8 2381 346 F: 2 4 2 
2378 7 2406 258 F: 2 3 2 
2383 12 2407 215 F: 7 5 
2385 9 2394 58 F: 9 
2385 10 2415 360 F: 5 4 1 
2400 9 2418 16 F: 5 1 3 
2401 7 2408 120 F: 7 
2403 5 2423 25 F: 3 2 
2409 8 2417 410 F: 4 2 2 
2410 10 2440 318 F: 10 
2412 10 2452 483 F: 10 
2414 8 2430 432 F: 3 2 3 
2422 2 2430 323 F: 2 
2425 10 2465 250 F: 10 
2426 4 2438 37 F: 3 1 
2426 8 2434 231 F: 5 3 
2432 4 2436 182 F: 4 
2447 12 2459 327 F: 6 6 
2449 5 2464 69 F: 3 2 
2452 9 2461 372 F: 4 3 2 
2468 9 2495 422 F: 3 4 2 
2473 9 2509 237 F: 4 3 2 
2474 6 2492 310 F: 6 
2494 8 2518 81 F: 3 5 
2499 6 2505 88 F: 3 2 1 
D: 3 360 
D: 5 416 
D: 6 423 
D: 7 238 
D: 11 241 
D: 27 54 
D: 28 241 
D: 38 209 
D: 38 450 
D: 39 80 
D: 42 88 
D: 43 495 
D: 48 112 
D: 49 421 
D: 65 287 
D: 74 407 
D: 84 118 
D: 92 166 
D: 103 432 
D: 116 460 
D: 122 289 
D: 137 366 
D: 140 202 
D: 140 264 
D: 150 338 
D: 153 263 
D: 156 446 
D: 163 238 
D: 165 364 
D: 169 201 
D: 172 281 
D: 182 389 
D: 184 332 
D: 185 479 
D: 186 347 
D: 200 497 
D: 219 330 
D: 226 307 
D: 249 279 
D: 252 339 
D: 254 365 
D: 256 494 
D: 259 484 
D: 290 456 
D: 301 409 
D: 311 459 
D: 324 404 
D: 332 476 
D: 359 364 
D: 375 479 
