19 9 46 381 F: 4 5 
20 5 40 324 F: 2 3 
22 9 49 78 F: 3 4 2 
26 9 62 466 F: 7 2 
52 5 57 37 F: 2 3 
52 10 92 100 F: 6 4 
58 7 86 374 F: 7 
62 4 78 51 F: 4 
62 5 77 131 F: 5 
68 10 108 226 F: 10 
69 10 99 364 F: 5 4 1 
73 5 78 46 F: 3 2 
83 10 93 428 F: 5 5 
84 6 102 469 F: 3 3 
89 8 113 167 F: 2 6 
90 9 117 434 F: 5 3 1 
92 8 116 154 F: 3 3 2 
93 9 102 308 F: 5 3 1 
94 6 118 445 F: 6 
96 4 112 37 F: 4 
105 9 132 117 F: 9 
105 10 145 446 F: 3 3 4 
108 9 117 99 F: 4 3 2 
124 7 138 214 F: 3 4 
125 12 149 383 F: 12 
135 7 149 243 F: 7 
146 2 152 205 F: 2 
153 4 165 194 F: 4 
158 5 168 337 F: 5 
159 9 186 349 F: 9 
160 10 200 295 F: 10 
163 6 175 495 F: 2 3 1 
164 5 169 88 F: 5 
169 7 176 61 F: 7 
170 8 194 57 F: 2 6 
173 11 206 255 F: 11 
178 8 186 464 F: 8 
179 11 223 105 F: 7 4 
193 9 202 419 F: 2 4 3 
197 12 233 226 F: 4 4 4 
200 13 252 394 F: 7 6 
202 9 229 280 F: 4 5 
210 3 219 359 F: 3 
216 2 220 173 F: 2 
220 10 250 83 F: 7 3 
222 8 238 377 F: 2 6 
242 9 260 81 F: 9 
254 11 298 94 F: 11 
255 7 262 181 F: 7 
259 7 280 447 F: 4 3 
262 2 266 258 F: 2 
266 6 290 147 F: 6 
269 6 275 321 F: 6 
276 5 286 240 F: 2 3 
278 8 294 365 F: 4 3 1 
279 8 295 273 F: 5 3 
281 8 297 234 F: 3 3 2 
281 11 292 39 F: 4 4 3 
283 8 315 497 F: 5 1 2 
284 3 290 490 F: 3 
300 10 320 249 F: 4 6 
301 8 325 243 F: 7 1 
302 13 341 15 F: 13 
305 12 329 289 F: 12 
307 9 316 23 F: 9 
313 9 349 93 F: 5 3 1 
335 4 347 218 F: 2 1 1 
340 6 358 484 F: 6 
340 6 364 443 F: 4 2 
342 3 345 257 F: 3 
343 10 353 260 F: 5 2 3 
345 8 361 130 F: 2 6 
348 8 380 59 F: 8 
366 7 373 266 F: 7 
370 8 386 307 F: 3 1 4 
372 11 394 330 F: 6 5 
375 7 382 227 F: 4 1 2 
389 7 410 483 F: 4 3 
396 9 423 347 F: 7 2 
398 8 406 215 F: 4 4 
400 2 404 332 F: 2 
416 7 437 218 F: 4 3 
419 8 427 136 F: 4 4 
428 7 442 115 F: 3 2 2 
429 10 469 386 F: 10 
430 6 454 127 F: 2 4 
437 10 467 208 F: 10 
442 3 448 426 F: 3 
449 4 465 48 F: 3 1 
455 12 467 445 F: 6 6 
464 3 476 488 F: 3 
471 8 495 203 F: 2 6 
475 10 515 349 F: 4 6 
476 7 504 45 F: 3 1 3 
489 9 516 287 F: 3 3 3 
489 10 509 477 F: 6 4 
490 12 514 486 F: 6 6 
491 9 518 452 F: 4 4 1 
492 4 500 44 F: 3 1 
498 8 514 400 F: 3 1 4 
503 2 509 457 F: 2 
506 10 516 247 F: 4 2 4 
519 13 571 228 F: 7 6 
520 8 544 331 F: 8 
525 7 546 450 F: 3 4 
533 7 561 452 F: 4 1 2 
536 8 552 350 F: 2 4 2 
540 2 548 82 F: 2 
543 12 567 345 F: 6 6 
550 4 558 89 F: 4 
550 6 568 443 F: 2 1 3 
551 10 561 452 F: 10 
560 7 588 286 F: 2 1 4 
566 8 598 187 F: 8 
574 12 598 283 F: 7 5 
579 9 588 118 F: 4 3 2 
580 9 616 131 F: 9 
584 11 606 480 F: 5 6 
591 7 619 412 F: 2 5 
595 7 609 384 F: 4 1 2 
601 13 627 370 F: 13 
607 4 615 490 F: 3 1 
617 5 627 355 F: 2 3 
617 6 635 369 F: 3 2 1 
619 9 646 82 F: 4 1 4 
622 10 652 129 F: 5 5 
636 8 668 164 F: 8 
638 12 650 313 F: 5 3 4 
639 8 663 151 F: 3 5 
640 3 643 413 F: 3 
642 11 664 402 F: 11 
651 9 687 293 F: 4 2 3 
652 10 662 104 F: 4 6 
654 10 674 65 F: 5 2 3 
659 5 664 79 F: 4 1 
673 6 691 229 F: 5 1 
679 9 715 33 F: 4 2 3 
681 11 725 29 F: 11 
692 6 716 294 F: 3 2 1 
699 4 711 490 F: 4 
700 6 724 492 F: 2 4 
701 7 708 133 F: 7 
709 8 717 134 F: 3 2 3 
711 5 721 35 F: 3 2 
712 10 732 11 F: 2 4 4 
714 11 758 199 F: 7 4 
718 6 724 88 F: 6 
722 10 762 417 F: 10 
731 10 751 452 F: 5 2 3 
760 11 782 106 F: 11 
763 7 777 311 F: 7 
763 13 815 274 F: 13 
766 9 802 211 F: 9 
768 9 795 173 F: 5 3 1 
768 10 788 388 F: 4 6 
773 4 777 351 F: 3 1 
774 8 782 343 F: 3 5 
776 5 796 198 F: 4 1 
787 10 827 245 F: 5 4 1 
799 7 806 392 F: 2 5 
802 8 818 139 F: 4 4 
806 7 813 361 F: 2 4 1 
810 10 830 41 F: 10 
832 3 841 207 F: 3 
836 6 842 174 F: 6 
845 11 856 24 F: 4 3 4 
859 7 866 322 F: 2 5 
862 11 884 24 F: 5 3 3 
874 5 889 25 F: 5 
874 11 896 36 F: 11 
877 8 909 475 F: 4 1 3 
880 9 907 463 F: 4 3 2 
881 9 890 368 F: 3 6 
883 10 923 242 F: 5 5 
886 11 897 242 F: 11 
889 8 897 240 F: 8 
890 7 918 143 F: 5 2 
892 10 912 164 F: 5 4 1 
896 6 920 318 F: 5 1 
898 3 901 130 F: 2 1 
903 7 931 401 F: 2 3 2 
908 10 948 213 F: 3 4 3 
921 10 941 484 F: 7 3 
922 9 931 357 F: 5 1 3 
922 10 942 361 F: 10 
924 8 948 497 F: 3 4 1 
925 7 953 68 F: 4 2 1 
933 7 940 299 F: 4 1 2 
938 10 958 67 F: 4 2 4 
943 7 971 484 F: 7 
948 8 980 27 F: 2 6 
954 8 986 362 F: 3 1 4 
957 8 989 78 F: 8 
959 4 967 482 F: 4 
964 12 988 269 F: 5 3 4 
966 3 972 312 F: 2 1 
970 12 1006 88 F: 5 3 4 
980 8 996 470 F: 2 3 3 
985 8 1001 58 F: 5 3 
989 6 1001 85 F: 6 
1001 7 1015 101 F: 6 1 
1002 11 1035 443 F: 4 3 4 
1003 10 1033 212 F: 3 4 3 
1004 8 1012 451 F: 4 1 3 
1005 6 1023 205 F: 5 1 
1011 2 1019 345 F: 2 
1013 5 1018 266 F: 2 1 2 
1058 8 1082 325 F: 8 
1059 9 1068 54 F: 9 
1061 7 1082 160 F: 5 2 
1064 4 1076 219 F: 4 
1064 8 1088 41 F: 2 6 
1064 11 1097 219 F: 3 4 4 
1073 11 1106 197 F: 7 4 
1083 11 1116 99 F: 3 4 4 
1084 10 1114 192 F: 5 3 2 
1085 8 1117 123 F: 5 3 
1087 13 1139 214 F: 13 
1090 12 1102 374 F: 4 4 4 
1094 12 1142 227 F: 5 4 3 
1105 8 1121 238 F: 8 
1110 12 1158 115 F: 12 
1117 12 1129 203 F: 6 6 
1134 10 1164 257 F: 2 4 4 
1141 6 1153 124 F: 2 2 2 
1143 8 1175 233 F: 5 3 
1143 12 1167 42 F: 12 
1148 8 1172 111 F: 5 3 
1149 9 1167 466 F: 9 
1150 8 1166 472 F: 3 5 
1157 4 1173 46 F: 4 
1164 6 1188 90 F: 6 
1164 9 1200 335 F: 3 6 
1168 8 1200 274 F: 2 2 4 
1171 9 1198 177 F: 4 1 4 
1174 6 1180 53 F: 2 2 2 
1177 7 1198 314 F: 2 5 
1189 7 1217 211 F: 3 1 3 
1192 8 1200 276 F: 7 1 
1193 4 1209 277 F: 4 
1208 6 1226 301 F: 2 4 
1215 11 1259 180 F: 7 4 
1220 9 1238 216 F: 7 2 
1221 12 1257 403 F: 12 
1226 7 1233 64 F: 4 2 1 
1226 10 1266 6 F: 4 4 2 
1231 8 1239 458 F: 5 3 
1233 5 1238 483 F: 5 
1233 5 1243 26 F: 5 
1235 13 1274 222 F: 7 6 
1239 7 1267 297 F: 5 2 
1243 11 1254 128 F: 11 
1254 5 1274 364 F: 5 
1255 10 1285 237 F: 10 
1256 12 1280 429 F: 5 4 3 
1279 8 1287 339 F: 3 5 
1286 5 1291 135 F: 2 3 
1289 8 1313 229 F: 2 6 
1289 9 1316 80 F: 9 
1294 8 1326 249 F: 7 1 
1305 7 1312 235 F: 7 
1313 9 1349 204 F: 4 4 1 
1314 7 1328 32 F: 7 
1315 13 1354 234 F: 13 
1317 8 1349 129 F: 4 4 
1318 8 1350 321 F: 5 3 
1324 7 1331 198 F: 3 3 1 
1325 8 1341 296 F: 6 2 
1334 6 1346 486 F: 4 2 
1337 8 1361 475 F: 6 2 
1344 9 1353 375 F: 3 6 
1351 10 1391 73 F: 5 1 4 
1356 10 1376 461 F: 7 3 
1363 12 1375 392 F: 5 3 4 
1374 7 1395 46 F: 7 
1376 5 1391 280 F: 4 1 
1377 11 1388 135 F: 11 
1383 6 1401 401 F: 3 1 2 
1383 6 1407 254 F: 4 2 
1397 9 1415 182 F: 6 3 
1415 12 1451 270 F: 6 6 
1416 8 1440 443 F: 8 
1418 10 1458 197 F: 10 
1420 9 1429 442 F: 5 2 2 
1429 8 1453 220 F: 2 2 4 
1433 9 1451 402 F: 4 2 3 
1434 12 1446 357 F: 6 6 
1436 10 1476 246 F: 10 
1437 5 1457 468 F: 3 2 
1446 9 1464 208 F: 7 2 
1449 2 1455 31 F: 2 
1462 8 1478 239 F: 7 1 
1465 7 1472 303 F: 2 5 
1477 8 1485 122 F: 2 6 
1478 3 1490 160 F: 3 
1479 10 1499 261 F: 5 4 1 
1484 10 1514 47 F: 5 1 4 
1486 12 1510 117 F: 12 
1491 5 1511 197 F: 3 2 
1497 3 1509 306 F: 3 
1503 7 1531 88 F: 4 3 
1505 11 1516 397 F: 4 3 4 
1507 5 1512 432 F: 4 1 
1508 4 1516 382 F: 2 1 1 
1509 3 1521 489 F: 2 1 
1513 9 1549 61 F: 9 
1513 12 1549 144 F: 7 5 
1521 5 1536 20 F: 5 
1545 7 1573 466 F: 7 
1560 6 1578 93 F: 3 3 
1560 7 1581 23 F: 2 4 1 
1571 9 1589 64 F: 4 4 1 
1573 13 1612 96 F: 13 
1582 2 1590 148 F: 2 
1584 9 1611 372 F: 3 2 4 
1585 4 1597 400 F: 4 
1585 11 1596 480 F: 7 4 
1589 4 1593 14 F: 4 
1590 6 1608 274 F: 3 3 
1594 6 1600 87 F: 6 
1604 5 1609 366 F: 4 1 
1611 8 1643 429 F: 8 
1631 5 1651 180 F: 2 3 
1632 9 1641 331 F: 9 
1634 10 1644 78 F: 3 3 4 
1635 11 1657 331 F: 4 3 4 
1636 9 1672 375 F: 9 
1642 7 1670 440 F: 3 4 
1643 8 1659 449 F: 3 4 1 
1647 6 1671 473 F: 6 
1652 9 1679 188 F: 9 
1657 10 1697 108 F: 7 3 
1660 10 1690 299 F: 2 4 4 
1666 11 1710 46 F: 3 4 4 
1671 7 1678 109 F: 2 2 3 
1671 10 1701 141 F: 6 4 
1678 6 1696 486 F: 3 3 
1689 7 1696 430 F: 7 
1691 9 1709 133 F: 3 6 
1694 7 1715 187 F: 7 
1709 9 1718 339 F: 4 4 1 
1709 9 1736 299 F: 6 3 
1715 4 1731 441 F: 2 2 
1716 7 1723 55 F: 7 
1717 4 1721 39 F: 4 
1725 11 1747 294 F: 11 
1730 9 1766 478 F: 4 5 
1730 10 1740 328 F: 5 3 2 
1739 5 1759 137 F: 2 2 1 
1742 12 1790 233 F: 4 4 4 
1751 9 1787 115 F: 4 5 
1753 9 1771 58 F: 4 4 1 
1756 10 1776 136 F: 5 4 1 
1763 6 1781 166 F: 2 4 
1775 6 1781 379 F: 3 1 2 
1781 8 1797 324 F: 4 1 3 
1783 7 1790 5 F: 4 3 
1790 3 1802 367 F: 3 
1794 4 1806 208 F: 3 1 
1794 5 1804 40 F: 5 
1800 6 1812 326 F: 6 
1823 8 1855 47 F: 4 3 1 
1827 7 1855 89 F: 7 
1828 11 1861 210 F: 11 
1831 10 1851 498 F: 6 4 
1833 9 1851 452 F: 7 2 
1837 7 1865 488 F: 2 5 
1847 8 1863 405 F: 8 
1853 7 1860 359 F: 7 
1861 8 1885 433 F: 8 
1868 8 1876 58 F: 3 4 1 
1869 12 1905 343 F: 12 
1871 2 1875 338 F: 2 
1872 7 1886 27 F: 7 
1872 10 1892 463 F: 5 4 1 
1878 13 1917 128 F: 13 
1883 3 1889 56 F: 3 
1884 3 1887 142 F: 3 
1885 12 1909 469 F: 12 
1890 7 1897 380 F: 4 1 2 
1908 9 1935 371 F: 7 2 
1913 8 1921 23 F: 3 3 2 
1918 11 1940 34 F: 4 3 4 
1921 9 1939 328 F: 9 
1924 6 1948 185 F: 4 2 
1925 6 1949 115 F: 3 3 
1933 5 1953 47 F: 4 1 
1934 13 1973 307 F: 13 
1941 11 1952 384 F: 6 5 
1948 11 1970 132 F: 4 3 4 
1957 2 1959 192 F: 2 
1974 7 1988 426 F: 7 
1974 10 1994 209 F: 4 4 2 
1974 13 2013 264 F: 7 6 
1975 9 1993 244 F: 4 5 
1979 12 1991 339 F: 12 
1981 7 2002 452 F: 4 1 2 
1989 9 1998 140 F: 4 4 1 
1990 6 2002 252 F: 2 3 1 
1994 8 2002 63 F: 5 3 
2003 12 2051 228 F: 6 6 
2004 10 2024 214 F: 5 5 
2012 12 2036 309 F: 12 
2018 8 2026 329 F: 4 4 
2022 6 2034 363 F: 3 1 2 
2023 3 2029 114 F: 3 
2029 6 2053 244 F: 3 2 1 
2033 9 2069 477 F: 7 2 
2034 8 2066 127 F: 3 4 1 
2043 6 2067 445 F: 3 2 1 
2045 8 2053 481 F: 8 
2049 12 2085 98 F: 12 
2059 6 2077 150 F: 6 
2059 7 2080 280 F: 3 2 2 
2060 10 2090 98 F: 4 2 4 
2061 9 2070 160 F: 9 
2064 7 2092 457 F: 4 3 
2070 13 2096 124 F: 13 
2078 5 2083 43 F: 5 
2086 4 2098 135 F: 3 1 
2108 8 2116 306 F: 5 2 1 
2108 8 2132 227 F: 2 3 3 
2124 9 2151 482 F: 7 2 
2130 8 2154 124 F: 3 5 
2130 9 2148 176 F: 9 
2133 7 2147 216 F: 2 1 4 
2134 13 2173 299 F: 13 
2136 9 2163 490 F: 9 
2138 8 2154 366 F: 3 4 1 
2149 6 2155 198 F: 4 2 
2154 8 2178 494 F: 4 4 
2164 4 2180 493 F: 4 
2166 7 2187 413 F: 4 3 
2167 10 2207 300 F: 5 3 2 
2168 3 2171 384 F: 3 
2170 7 2177 302 F: 5 2 
2174 5 2194 187 F: 3 2 
2191 2 2193 254 F: 2 
2196 6 2214 439 F: 2 1 3 
2196 6 2220 234 F: 2 4 
2210 9 2219 77 F: 3 3 3 
2210 10 2230 205 F: 7 3 
2214 9 2250 356 F: 3 6 
2215 7 2243 17 F: 2 2 3 
2225 4 2229 205 F: 4 
2228 10 2268 237 F: 10 
2230 12 2266 189 F: 6 6 
2235 7 2256 276 F: 7 
2243 10 2283 325 F: 10 
2253 8 2285 240 F: 2 4 2 
2268 6 2286 367 F: 3 2 1 
2270 4 2282 203 F: 2 2 
2270 8 2278 202 F: 3 2 3 
2270 11 2314 494 F: 5 2 4 
2276 12 2324 330 F: 4 4 4 
2277 8 2309 388 F: 4 3 1 
2284 7 2298 108 F: 6 1 
2286 9 2322 261 F: 3 6 
2288 5 2298 98 F: 2 1 2 
2294 8 2302 80 F: 5 1 2 
2307 11 2318 381 F: 6 5 
2310 8 2334 301 F: 2 4 2 
2315 2 2321 20 F: 2 
2315 12 2339 89 F: 7 5 
2318 9 2336 458 F: 3 3 3 
2325 8 2349 76 F: 4 2 2 
2327 8 2359 207 F: 2 4 2 
2332 5 2337 204 F: 2 1 2 
2339 3 2348 238 F: 3 
2350 13 2363 273 F: 13 
2358 10 2398 399 F: 5 4 1 
2361 8 2369 112 F: 7 1 
2362 5 2372 346 F: 3 2 
2362 10 2382 101 F: 7 3 
2368 10 2398 201 F: 4 6 
2373 10 2383 214 F: 10 
2376 12 2424 340 F: 12 
2379 9 2388 284 F: 9 
2391 13 2443 218 F: 13 
2396 7 2417 99 F: 2 4 1 
2412 7 2426 382 F: 7 
2419 6 2443 31 F: 6 
2421 10 2431 14 F: 5 5 
2431 10 2451 482 F: 10 
2438 4 2450 256 F: 2 2 
2439 10 2449 10 F: 10 
2442 8 2466 265 F: 5 1 2 
2443 6 2455 174 F: 3 3 
2450 9 2486 220 F: 3 2 4 
2451 6 2475 323 F: 2 3 1 
2451 9 2469 378 F: 3 6 
2456 9 2474 344 F: 4 5 
2457 13 2470 498 F: 13 
2471 7 2499 150 F: 3 3 1 
2473 10 2493 299 F: 4 6 
2477 9 2513 339 F: 3 6 
2479 8 2487 391 F: 3 1 4 
2481 11 2492 275 F: 6 5 
2491 10 2511 120 F: 6 4 
2492 8 2508 239 F: 3 5 
D: 3 92 
D: 5 70 
D: 10 366 
D: 17 400 
D: 18 261 
D: 19 28 
D: 20 276 
D: 20 416 
D: 24 303 
D: 32 410 
D: 37 51 
D: 37 204 
D: 37 412 
D: 47 168 
D: 48 479 
D: 49 111 
D: 62 167 
D: 69 418 
D: 76 225 
D: 77 92 
D: 89 443 
D: 90 145 
D: 95 324 
D: 110 201 
D: 113 485 
D: 123 359 
D: 124 227 
D: 127 478 
D: 146 188 
D: 149 454 
D: 153 218 
D: 173 449 
D: 174 191 
D: 183 411 
D: 194 253 
D: 200 405 
D: 203 324 
D: 218 413 
D: 219 276 
D: 257 441 
D: 289 383 
D: 309 465 
D: 315 391 
D: 339 386 
D: 348 376 
D: 384 380 
D: 414 468 
D: 415 495 
D: 432 433 
D: 435 479 
