4 2 12 31 F: 2 
5 5 20 18 F: 2 1 2 
8 3 17 36 F: 2 1 
10 4 14 38 F: 3 1 
20 11 42 48 F: 11 
24 6 30 50 F: 2 2 2 
26 9 62 16 F: 9 
28 5 48 19 F: 2 1 2 
36 9 72 9 F: 3 6 
46 4 62 37 F: 4 
47 3 53 15 F: 3 
48 7 62 42 F: 6 1 
54 9 72 3 F: 5 4 
56 6 62 23 F: 4 1 1 
57 11 101 35 F: 6 5 
59 5 74 23 F: 5 
60 6 66 21 F: 2 2 2 
62 11 84 13 F: 5 6 
87 8 95 4 F: 8 
99 3 102 35 F: 3 
106 8 122 30 F: 4 3 1 
111 8 127 48 F: 4 1 3 
113 10 153 11 F: 7 3 
114 9 132 21 F: 2 3 4 
124 8 132 4 F: 4 3 1 
127 9 136 17 F: 5 4 
128 7 156 25 F: 5 2 
131 10 141 50 F: 4 2 4 
133 8 157 11 F: 5 3 
134 4 146 14 F: 4 
140 11 173 3 F: 5 3 3 
142 11 164 26 F: 4 4 3 
145 11 178 10 F: 5 4 2 
149 8 165 10 F: 8 
150 10 190 10 F: 10 
154 9 190 3 F: 7 2 
170 7 177 10 F: 2 5 
175 8 191 14 F: 2 4 2 
178 10 198 40 F: 4 4 2 
180 10 190 3 F: 10 
206 9 224 19 F: 5 3 1 
213 8 245 28 F: 4 4 
215 8 247 12 F: 4 4 
240 6 264 46 F: 2 2 2 
245 9 272 47 F: 7 2 
256 12 280 18 F: 7 5 
258 2 264 16 F: 2 
258 10 268 44 F: 4 4 2 
268 10 308 18 F: 5 5 
298 10 308 21 F: 2 4 4 
D: 1 32 
D: 3 7 
D: 3 46 
D: 7 35 
D: 10 23 
