1 9 37 62 F: 3 6 
9 13 35 86 F: 7 6 
13 3 25 10 F: 3 
29 7 36 13 F: 2 5 
34 10 54 12 F: 3 4 3 
58 8 82 95 F: 7 1 
77 10 107 81 F: 5 3 2 
80 2 82 88 F: 2 
85 7 106 83 F: 2 5 
94 10 134 57 F: 7 3 
111 3 114 69 F: 3 
113 7 127 85 F: 6 1 
116 2 118 62 F: 2 
124 9 142 78 F: 6 3 
135 8 167 91 F: 4 4 
137 13 176 10 F: 7 6 
139 7 146 12 F: 7 
149 7 156 5 F: 5 2 
185 7 206 43 F: 7 
196 9 205 70 F: 5 2 2 
206 7 220 74 F: 2 4 1 
213 3 222 48 F: 3 
224 9 260 55 F: 7 2 
229 4 237 89 F: 2 2 
242 3 254 31 F: 3 
246 7 260 56 F: 6 1 
278 4 294 5 F: 2 2 
278 12 326 63 F: 12 
281 7 309 60 F: 5 2 
294 12 330 42 F: 5 3 4 
312 13 338 19 F: 13 
316 10 346 62 F: 6 4 
320 10 330 9 F: 4 4 2 
323 5 328 53 F: 5 
326 11 359 54 F: 11 
335 7 342 67 F: 4 3 
351 9 360 75 F: 4 1 4 
354 10 394 17 F: 4 4 2 
359 13 372 91 F: 13 
360 11 382 18 F: 6 5 
401 12 449 43 F: 5 4 3 
408 8 440 70 F: 2 3 3 
421 4 433 20 F: 4 
425 4 433 44 F: 4 
437 8 445 45 F: 3 1 4 
438 8 462 76 F: 2 6 
446 11 490 88 F: 11 
464 9 482 81 F: 4 5 
468 6 474 77 F: 6 
468 9 495 43 F: 9 
512 10 552 71 F: 3 3 4 
521 8 529 32 F: 2 2 4 
526 10 536 56 F: 10 
540 9 576 5 F: 9 
548 10 578 33 F: 5 2 3 
557 9 584 30 F: 3 6 
559 13 598 50 F: 13 
565 11 587 6 F: 11 
580 12 628 11 F: 12 
583 3 592 37 F: 2 1 
603 6 621 25 F: 2 3 1 
627 10 657 39 F: 10 
638 6 644 66 F: 4 2 
645 10 685 55 F: 5 2 3 
675 9 711 44 F: 7 2 
676 13 715 70 F: 13 
679 7 707 97 F: 6 1 
682 7 689 43 F: 2 2 3 
685 8 709 83 F: 8 
693 8 709 13 F: 8 
717 9 726 76 F: 5 1 3 
735 8 743 54 F: 2 4 2 
738 8 754 13 F: 2 2 4 
746 6 764 44 F: 3 3 
749 6 761 19 F: 2 3 1 
756 6 768 24 F: 5 1 
758 5 773 75 F: 5 
763 6 781 24 F: 6 
782 11 815 54 F: 7 4 
791 5 796 79 F: 5 
804 12 816 30 F: 12 
805 7 826 92 F: 4 3 
806 9 833 45 F: 2 4 3 
810 11 832 46 F: 11 
816 7 837 93 F: 3 4 
829 12 865 88 F: 12 
830 12 854 66 F: 6 6 
861 9 897 51 F: 5 2 2 
865 4 877 12 F: 4 
895 7 902 21 F: 5 2 
901 2 903 5 F: 2 
919 6 937 68 F: 2 4 
923 10 943 95 F: 10 
926 8 934 10 F: 7 1 
930 5 945 47 F: 3 2 
934 4 938 53 F: 4 
942 12 990 77 F: 12 
945 7 959 100 F: 7 
966 7 987 65 F: 7 
967 8 999 13 F: 7 1 
D: 0 56 
D: 0 69 
D: 7 91 
D: 7 98 
D: 32 65 
D: 35 71 
D: 39 45 
D: 45 60 
D: 48 81 
D: 58 76 
