14 4 30 72 F: 4 
18 8 50 85 F: 8 
26 5 31 67 F: 5 
27 9 54 36 F: 3 6 
54 4 70 59 F: 4 
64 9 82 38 F: 9 
71 5 86 16 F: 4 1 
72 4 80 91 F: 4 
87 11 131 39 F: 6 5 
89 6 107 66 F: 6 
101 12 137 73 F: 12 
111 9 120 48 F: 7 2 
116 3 125 97 F: 3 
137 7 165 95 F: 6 1 
144 7 158 21 F: 7 
158 11 202 28 F: 4 3 4 
168 8 192 34 F: 6 2 
170 8 202 59 F: 6 2 
176 7 204 86 F: 3 1 3 
194 10 204 80 F: 5 5 
201 8 217 43 F: 5 3 
225 13 264 5 F: 7 6 
238 4 242 40 F: 4 
247 8 271 34 F: 8 
247 8 279 48 F: 8 
249 9 258 75 F: 4 4 1 
251 9 278 73 F: 4 3 2 
257 5 262 79 F: 2 2 1 
262 9 280 93 F: 9 
281 10 321 74 F: 6 4 
301 13 327 89 F: 13 
304 12 316 52 F: 5 3 4 
310 4 326 25 F: 3 1 
311 12 359 22 F: 12 
331 12 367 14 F: 12 
335 4 351 53 F: 3 1 
359 8 375 89 F: 8 
362 8 394 10 F: 3 3 2 
369 10 379 52 F: 5 4 1 
390 5 410 47 F: 3 1 1 
402 12 438 89 F: 12 
421 9 457 20 F: 2 3 4 
433 8 449 59 F: 3 4 1 
437 12 449 68 F: 12 
439 13 491 98 F: 5 4 4 
446 8 454 16 F: 5 1 2 
465 10 505 13 F: 5 5 
475 13 501 28 F: 13 
488 10 518 9 F: 10 
492 9 519 56 F: 3 6 
503 8 519 59 F: 3 3 2 
516 6 522 43 F: 6 
516 9 543 30 F: 3 6 
528 9 537 8 F: 2 4 3 
544 7 551 66 F: 5 2 
545 11 578 73 F: 5 6 
578 9 605 17 F: 4 5 
589 11 633 48 F: 4 3 4 
590 8 598 90 F: 5 3 
597 7 625 87 F: 7 
606 5 626 32 F: 2 1 2 
625 4 629 94 F: 4 
639 9 648 90 F: 9 
649 8 681 54 F: 7 1 
656 7 684 2 F: 4 2 1 
663 10 673 87 F: 4 2 4 
665 7 679 15 F: 7 
666 11 710 74 F: 4 3 4 
668 12 716 14 F: 12 
671 9 698 72 F: 2 4 3 
703 8 711 73 F: 4 3 1 
712 11 734 25 F: 3 4 4 
735 12 771 60 F: 12 
741 11 785 93 F: 5 2 4 
764 5 779 45 F: 4 1 
764 10 774 85 F: 4 6 
769 8 777 84 F: 8 
771 7 799 74 F: 4 1 2 
771 13 784 14 F: 13 
779 6 797 62 F: 2 2 2 
813 5 833 64 F: 5 
815 13 854 9 F: 13 
821 11 865 77 F: 5 6 
837 11 859 94 F: 5 4 2 
849 4 861 86 F: 2 1 1 
853 12 877 77 F: 12 
875 10 905 95 F: 5 4 1 
877 7 884 29 F: 2 5 
891 9 900 37 F: 7 2 
895 10 925 98 F: 4 3 3 
906 7 934 33 F: 3 2 2 
918 8 934 84 F: 2 4 2 
929 2 933 22 F: 2 
929 10 949 40 F: 3 3 4 
942 8 958 7 F: 2 4 2 
946 13 998 52 F: 13 
960 4 976 9 F: 2 1 1 
971 11 993 82 F: 7 4 
975 10 1015 58 F: 4 6 
996 6 1014 86 F: 6 
D: 6 59 
D: 8 56 
D: 8 68 
D: 13 88 
D: 31 57 
D: 35 90 
D: 41 67 
D: 49 84 
D: 58 56 
D: 63 77 
