8 7 29 41 F: 4 3 
20 6 44 92 F: 2 3 1 
26 6 32 12 F: 4 2 
31 7 38 13 F: 4 1 2 
41 7 62 76 F: 2 2 3 
62 9 80 97 F: 4 5 
65 10 105 72 F: 10 
83 12 95 9 F: 6 6 
87 9 114 56 F: 3 6 
98 3 101 70 F: 3 
108 4 116 66 F: 4 
114 11 158 14 F: 5 2 4 
123 6 141 41 F: 3 2 1 
141 10 171 64 F: 7 3 
153 5 158 32 F: 2 3 
156 13 169 84 F: 13 
169 7 183 95 F: 3 4 
186 7 200 97 F: 7 
193 8 201 15 F: 8 
194 9 230 66 F: 7 2 
204 8 236 59 F: 3 5 
205 5 215 19 F: 5 
214 8 238 78 F: 3 5 
215 9 242 89 F: 4 5 
216 6 234 93 F: 4 2 
226 7 233 34 F: 2 4 1 
230 5 250 7 F: 4 1 
231 7 245 52 F: 7 
246 8 262 87 F: 6 2 
261 7 282 2 F: 6 1 
302 6 320 21 F: 6 
306 5 321 92 F: 5 
320 7 348 88 F: 4 3 
327 11 349 57 F: 11 
329 7 336 7 F: 2 4 1 
332 7 339 63 F: 2 3 2 
344 9 380 17 F: 5 2 2 
364 12 376 51 F: 7 5 
373 4 385 42 F: 3 1 
383 8 399 35 F: 2 2 4 
436 5 456 42 F: 5 
436 8 452 68 F: 2 4 2 
443 7 457 30 F: 2 1 4 
446 13 472 89 F: 13 
450 12 498 58 F: 12 
464 6 470 41 F: 4 1 1 
464 9 491 59 F: 4 5 
465 8 473 20 F: 8 
469 6 481 10 F: 2 4 
474 3 477 95 F: 2 1 
519 4 535 79 F: 3 1 
519 5 539 51 F: 3 2 
539 12 587 46 F: 7 5 
546 11 590 23 F: 4 3 4 
559 6 577 33 F: 2 1 3 
566 5 571 30 F: 3 2 
574 13 600 90 F: 7 6 
578 3 584 35 F: 2 1 
581 7 609 10 F: 5 2 
587 9 605 71 F: 3 3 3 
612 13 651 47 F: 13 
614 9 623 34 F: 9 
636 11 658 18 F: 11 
644 9 680 67 F: 4 5 
646 5 651 41 F: 5 
654 13 667 68 F: 7 6 
662 10 672 78 F: 6 4 
663 8 671 47 F: 2 6 
693 10 713 62 F: 6 4 
697 6 709 28 F: 5 1 
711 11 722 47 F: 7 4 
718 7 732 98 F: 3 4 
725 8 749 62 F: 4 2 2 
738 10 768 43 F: 5 5 
744 8 776 69 F: 7 1 
746 9 764 48 F: 3 6 
750 8 766 98 F: 5 3 
774 10 784 73 F: 2 4 4 
782 11 815 36 F: 6 5 
785 11 796 5 F: 11 
823 8 831 12 F: 3 4 1 
830 5 840 22 F: 5 
830 11 874 44 F: 4 4 3 
830 11 874 74 F: 4 4 3 
843 12 879 12 F: 6 6 
849 9 858 10 F: 3 3 3 
869 10 909 80 F: 10 
877 10 887 54 F: 10 
891 6 903 17 F: 6 
892 5 907 88 F: 3 1 1 
925 8 957 97 F: 3 4 1 
925 13 938 8 F: 13 
937 6 949 43 F: 3 1 2 
953 2 961 3 F: 2 
955 12 967 35 F: 12 
965 12 1013 35 F: 4 4 4 
975 10 1015 67 F: 10 
980 8 1012 15 F: 3 5 
989 10 1009 18 F: 3 4 3 
992 9 1010 52 F: 4 2 3 
D: 1 42 
D: 1 49 
D: 8 30 
D: 28 85 
D: 29 96 
D: 32 35 
D: 41 59 
D: 43 47 
D: 58 72 
D: 62 84 
