74 9 101 87 F: 5 3 1 
129 4 133 92 F: 2 1 1 
233 5 243 58 F: 5 
365 4 369 41 F: 2 2 
483 11 505 35 F: 5 3 3 
524 8 540 90 F: 3 1 4 
650 7 664 74 F: 2 5 
789 10 809 69 F: 3 4 3 
804 11 848 68 F: 5 2 4 
953 10 963 24 F: 10 
1083 9 1110 7 F: 2 3 4 
1195 9 1222 4 F: 5 1 3 
1228 11 1239 40 F: 3 4 4 
1321 3 1327 36 F: 2 1 
1491 10 1511 45 F: 5 3 2 
1581 9 1590 56 F: 4 5 
1646 10 1656 28 F: 4 4 2 
1775 8 1807 53 F: 8 
1861 9 1879 78 F: 3 6 
1940 10 1980 74 F: 10 
2011 9 2020 63 F: 4 4 1 
2173 9 2182 15 F: 4 2 3 
2295 7 2302 3 F: 6 1 
2352 4 2360 61 F: 4 
2479 6 2497 78 F: 3 3 
2542 9 2578 48 F: 5 1 3 
2628 9 2664 5 F: 9 
2777 9 2786 12 F: 3 6 
2861 6 2885 79 F: 3 3 
2921 12 2933 45 F: 6 6 
3078 6 3084 23 F: 4 1 1 
3116 8 3140 38 F: 2 6 
3207 11 3240 9 F: 11 
3316 9 3325 19 F: 4 1 4 
3485 11 3507 99 F: 4 4 3 
3552 10 3592 16 F: 10 
3699 12 3735 100 F: 5 3 4 
3735 12 3783 11 F: 12 
3874 12 3886 7 F: 12 
3902 7 3923 36 F: 7 
4081 8 4113 16 F: 3 3 2 
4135 6 4153 78 F: 3 1 2 
4296 5 4301 59 F: 5 
4306 11 4350 24 F: 11 
4431 13 4444 16 F: 13 
4557 5 4567 52 F: 4 1 
4645 11 4678 97 F: 11 
4722 4 4726 44 F: 3 1 
4810 12 4858 44 F: 4 4 4 
4903 8 4935 4 F: 2 6 
5067 8 5091 50 F: 3 2 3 
5151 8 5175 52 F: 5 3 
5204 11 5215 26 F: 5 6 
5317 7 5331 37 F: 5 1 1 
5484 9 5520 2 F: 6 3 
5573 8 5605 40 F: 4 3 1 
5683 9 5719 49 F: 4 1 4 
5790 13 5803 7 F: 13 
5840 7 5868 49 F: 7 
5940 4 5956 60 F: 4 
6076 12 6124 99 F: 7 5 
6143 6 6149 74 F: 6 
6282 8 6306 26 F: 3 4 1 
6333 13 6372 11 F: 13 
6484 11 6528 1 F: 11 
6526 11 6559 18 F: 5 2 4 
6666 8 6674 47 F: 5 3 
6794 9 6803 9 F: 5 4 
6877 13 6916 90 F: 13 
6985 12 7009 63 F: 5 3 4 
7089 10 7099 76 F: 10 
7148 10 7158 41 F: 10 
7223 8 7255 4 F: 2 3 3 
7363 5 7378 65 F: 5 
7403 6 7427 95 F: 6 
7510 11 7532 37 F: 11 
7673 7 7694 1 F: 5 2 
7704 7 7711 43 F: 4 3 
7878 4 7894 59 F: 2 2 
7950 6 7974 74 F: 3 1 2 
8097 10 8107 12 F: 4 2 4 
8131 9 8140 13 F: 4 4 1 
8294 9 8312 42 F: 4 5 
8379 6 8391 12 F: 6 
8467 8 8499 84 F: 4 3 1 
8544 3 8553 10 F: 2 1 
8695 2 8699 86 F: 2 
8700 8 8708 82 F: 8 
8833 10 8843 47 F: 6 4 
8954 7 8982 68 F: 3 4 
9023 7 9037 76 F: 7 
9184 8 9216 10 F: 8 
9264 10 9284 73 F: 10 
9358 8 9382 48 F: 3 4 1 
9491 8 9523 83 F: 3 1 4 
9598 5 9618 96 F: 2 3 
9678 2 9684 6 F: 2 
9711 10 9721 21 F: 5 4 1 
9889 7 9903 93 F: 4 2 1 
9972 13 10011 27 F: 7 6 
D: 2 30 
D: 4 8 
D: 8 37 
D: 11 16 
D: 22 28 
D: 24 33 
D: 32 83 
D: 37 40 
D: 40 43 
D: 53 59 
