20 5 35 62 F: 3 2 
128 10 158 50 F: 4 6 
248 9 257 42 F: 4 5 
334 10 364 80 F: 10 
425 13 477 85 F: 13 
504 7 532 38 F: 4 1 2 
676 11 687 15 F: 5 2 4 
794 6 818 22 F: 2 1 3 
898 9 925 69 F: 4 3 2 
990 3 993 93 F: 3 
1053 8 1061 49 F: 7 1 
1145 8 1177 81 F: 8 
1217 3 1226 68 F: 3 
1389 5 1409 50 F: 3 1 1 
1477 5 1497 67 F: 5 
1511 6 1535 1 F: 5 1 
1647 6 1671 73 F: 3 2 1 
1745 7 1752 43 F: 3 1 3 
1841 8 1865 42 F: 3 5 
1921 10 1961 50 F: 3 4 3 
2048 9 2084 11 F: 3 6 
2149 7 2163 6 F: 5 1 1 
2232 7 2260 57 F: 5 2 
2330 13 2369 18 F: 7 6 
2493 8 2525 44 F: 8 
2508 5 2528 31 F: 5 
2676 3 2679 94 F: 3 
2760 11 2771 23 F: 11 
2887 3 2899 92 F: 3 
2978 5 2993 1 F: 3 2 
3020 10 3040 61 F: 10 
3187 12 3235 91 F: 7 5 
3202 4 3214 90 F: 4 
3330 11 3341 90 F: 4 3 4 
3449 2 3455 86 F: 2 
3551 9 3578 31 F: 9 
3602 10 3612 39 F: 10 
3775 9 3802 41 F: 9 
3810 7 3831 37 F: 3 4 
3980 12 4028 9 F: 12 
4079 10 4099 92 F: 5 5 
4185 7 4206 7 F: 3 4 
4277 8 4293 24 F: 2 6 
4330 7 4344 45 F: 2 2 3 
4454 10 4494 50 F: 4 3 3 
4543 5 4548 36 F: 5 
4663 5 4678 8 F: 5 
4772 10 4782 92 F: 4 3 3 
4822 8 4838 66 F: 6 2 
4956 7 4984 100 F: 4 2 1 
5033 9 5060 68 F: 5 3 1 
5101 4 5105 100 F: 4 
5250 11 5283 79 F: 5 6 
5345 5 5365 47 F: 3 2 
5459 10 5469 32 F: 5 4 1 
5590 6 5614 47 F: 6 
5672 7 5686 85 F: 2 2 3 
5776 8 5800 37 F: 7 1 
5810 2 5818 44 F: 2 
5998 7 6019 46 F: 7 
6021 5 6036 14 F: 3 1 1 
6189 8 6213 98 F: 3 3 2 
6216 10 6236 30 F: 5 1 4 
6343 6 6349 19 F: 6 
6442 10 6462 80 F: 7 3 
6595 9 6613 42 F: 5 4 
6601 12 6625 71 F: 6 6 
6700 8 6708 6 F: 3 4 1 
6845 11 6878 63 F: 5 3 3 
6937 11 6970 74 F: 7 4 
7040 9 7076 81 F: 4 2 3 
7115 5 7135 97 F: 5 
7267 10 7277 30 F: 4 4 2 
7338 11 7349 37 F: 11 
7496 8 7512 54 F: 2 2 4 
7534 10 7574 90 F: 4 6 
7641 7 7662 70 F: 4 3 
7785 2 7791 81 F: 2 
7805 5 7815 56 F: 5 
7976 11 7998 33 F: 4 4 3 
8049 5 8059 22 F: 5 
8191 2 8193 3 F: 2 
8211 12 8247 1 F: 7 5 
8374 3 8377 76 F: 3 
8433 9 8460 24 F: 4 5 
8576 2 8584 2 F: 2 
8677 7 8684 41 F: 7 
8766 4 8774 29 F: 4 
8886 7 8907 96 F: 6 1 
8963 8 8971 41 F: 8 
9099 6 9117 35 F: 3 3 
9193 7 9207 4 F: 4 1 2 
9205 11 9216 42 F: 11 
9321 7 9342 49 F: 2 3 2 
9493 6 9511 91 F: 6 
9517 9 9544 55 F: 5 3 1 
9625 8 9657 87 F: 5 1 2 
9775 6 9793 31 F: 2 4 
9875 10 9905 46 F: 5 2 3 
9929 9 9938 34 F: 3 3 3 
D: 7 39 
D: 8 72 
D: 10 56 
D: 13 20 
D: 18 51 
D: 18 67 
D: 21 28 
D: 22 62 
D: 43 93 
D: 53 61 
