1 10 21 26 F: 4 3 3 
135 11 168 10 F: 11 
231 10 241 96 F: 4 6 
374 10 404 51 F: 7 3 
477 3 486 100 F: 3 
584 6 596 79 F: 3 1 2 
698 9 734 84 F: 3 4 2 
746 6 752 45 F: 2 4 
879 10 899 78 F: 4 6 
907 10 917 81 F: 10 
1021 9 1057 94 F: 2 3 4 
1124 9 1142 93 F: 9 
1209 6 1233 33 F: 3 3 
1306 5 1326 46 F: 4 1 
1407 7 1414 70 F: 4 2 1 
1593 12 1617 90 F: 6 6 
1626 4 1634 58 F: 4 
1798 9 1825 83 F: 3 2 4 
1868 10 1898 16 F: 5 5 
1982 5 1987 10 F: 3 1 1 
2041 12 2053 28 F: 4 4 4 
2181 9 2217 26 F: 9 
2209 11 2231 15 F: 3 4 4 
2342 4 2358 78 F: 4 
2443 8 2475 2 F: 3 3 2 
2549 13 2588 58 F: 13 
2633 4 2637 28 F: 4 
2709 9 2727 88 F: 3 3 3 
2805 8 2821 76 F: 4 4 
2927 10 2957 37 F: 4 6 
3026 10 3056 4 F: 5 5 
3173 8 3189 58 F: 4 2 2 
3235 12 3247 49 F: 12 
3329 6 3335 73 F: 5 1 
3445 8 3469 26 F: 5 3 
3575 10 3585 15 F: 3 4 3 
3605 7 3633 64 F: 5 1 1 
3739 2 3741 45 F: 2 
3895 3 3898 41 F: 2 1 
3947 8 3963 94 F: 4 1 3 
4030 13 4069 34 F: 13 
4150 7 4164 14 F: 4 3 
4251 10 4271 24 F: 5 5 
4361 11 4394 74 F: 7 4 
4472 6 4496 8 F: 4 1 1 
4520 6 4544 50 F: 4 2 
4617 10 4647 66 F: 5 2 3 
4735 7 4763 76 F: 2 1 4 
4898 5 4903 6 F: 2 2 1 
4966 10 4996 49 F: 3 3 4 
5037 6 5055 62 F: 6 
5114 7 5135 77 F: 4 3 
5227 8 5235 51 F: 2 4 2 
5320 4 5324 71 F: 3 1 
5446 11 5490 23 F: 11 
5532 10 5562 91 F: 7 3 
5647 5 5667 46 F: 5 
5718 6 5730 67 F: 6 
5847 8 5871 47 F: 2 2 4 
5975 11 6019 14 F: 5 2 4 
6060 10 6100 39 F: 3 3 4 
6155 11 6199 38 F: 7 4 
6225 9 6243 1 F: 3 3 3 
6390 8 6422 47 F: 4 3 1 
6408 10 6448 64 F: 4 6 
6534 7 6562 76 F: 2 5 
6639 8 6671 68 F: 3 4 1 
6727 8 6759 71 F: 4 3 1 
6809 7 6816 69 F: 3 4 
6959 7 6966 21 F: 7 
7050 8 7074 14 F: 8 
7159 8 7175 88 F: 8 
7232 11 7276 36 F: 5 6 
7352 6 7358 82 F: 6 
7494 12 7530 82 F: 7 5 
7534 6 7546 93 F: 5 1 
7699 11 7721 90 F: 11 
7763 5 7773 91 F: 2 3 
7892 10 7902 88 F: 10 
7934 9 7952 76 F: 9 
8092 3 8098 12 F: 3 
8165 10 8195 91 F: 10 
8245 5 8250 6 F: 5 
8334 11 8356 100 F: 11 
8437 10 8457 7 F: 2 4 4 
8509 6 8521 7 F: 6 
8624 3 8633 81 F: 3 
8741 9 8750 3 F: 5 2 2 
8812 9 8839 36 F: 3 6 
8977 7 8991 75 F: 4 2 1 
9029 5 9044 10 F: 2 3 
9174 10 9194 29 F: 5 4 1 
9212 13 9238 47 F: 13 
9361 4 9377 27 F: 4 
9450 7 9464 43 F: 7 
9532 8 9548 15 F: 8 
9699 6 9711 67 F: 6 
9796 6 9814 25 F: 4 1 1 
9858 5 9873 2 F: 4 1 
9935 12 9971 18 F: 6 6 
D: 6 53 
D: 12 75 
D: 13 29 
D: 22 74 
D: 30 69 
D: 35 78 
D: 37 78 
D: 38 70 
D: 63 80 
D: 69 86 
