6 5 21 14 F: 5 
159 4 167 81 F: 4 
204 9 240 65 F: 4 2 3 
392 12 404 80 F: 12 
458 10 488 40 F: 4 6 
554 12 602 97 F: 5 4 3 
641 8 657 92 F: 2 3 3 
795 6 813 67 F: 2 4 
898 7 919 38 F: 7 
910 6 916 12 F: 4 1 1 
1086 11 1097 59 F: 4 4 3 
1117 12 1153 60 F: 12 
1247 11 1291 58 F: 5 6 
1395 12 1407 100 F: 12 
1402 12 1438 65 F: 6 6 
1512 8 1544 15 F: 8 
1612 5 1627 89 F: 2 3 
1741 12 1753 87 F: 6 6 
1848 3 1860 13 F: 3 
1969 10 2009 99 F: 5 4 1 
2049 7 2077 87 F: 3 4 
2146 6 2152 1 F: 6 
2270 7 2298 28 F: 2 3 2 
2384 11 2428 27 F: 11 
2464 9 2500 36 F: 2 3 4 
2507 3 2510 54 F: 3 
2683 8 2715 90 F: 4 1 3 
2769 9 2796 81 F: 2 4 3 
2816 10 2836 23 F: 4 2 4 
2995 3 3004 46 F: 3 
3006 7 3034 60 F: 2 3 2 
3132 5 3142 16 F: 5 
3219 6 3237 10 F: 5 1 
3397 10 3427 91 F: 7 3 
3452 8 3476 27 F: 6 2 
3575 9 3593 56 F: 2 3 4 
3654 10 3664 59 F: 4 2 4 
3764 10 3774 96 F: 10 
3837 11 3870 57 F: 4 3 4 
3926 2 3934 47 F: 2 
4015 8 4023 11 F: 2 6 
4103 5 4123 67 F: 3 1 1 
4203 9 4230 84 F: 5 4 
4397 4 4413 59 F: 4 
4471 2 4473 58 F: 2 
4569 9 4605 26 F: 3 6 
4631 9 4649 94 F: 3 2 4 
4796 4 4812 38 F: 3 1 
4889 8 4913 45 F: 6 2 
4917 9 4944 23 F: 3 4 2 
5017 11 5061 59 F: 6 5 
5141 12 5177 24 F: 6 6 
5276 4 5280 43 F: 4 
5386 7 5414 68 F: 3 3 1 
5473 11 5517 12 F: 6 5 
5594 10 5624 62 F: 4 2 4 
5655 8 5671 45 F: 8 
5795 8 5827 86 F: 3 5 
5860 6 5878 86 F: 6 
5910 13 5949 14 F: 7 6 
6044 9 6080 27 F: 9 
6186 10 6196 64 F: 3 3 4 
6236 9 6254 73 F: 7 2 
6397 9 6415 86 F: 3 3 3 
6480 9 6507 58 F: 4 2 3 
6591 8 6623 89 F: 4 1 3 
6672 11 6705 81 F: 11 
6715 10 6725 89 F: 4 6 
6842 10 6872 17 F: 5 1 4 
6906 11 6939 69 F: 11 
7085 6 7109 89 F: 4 2 
7117 7 7138 10 F: 4 3 
7252 10 7272 88 F: 4 3 3 
7364 11 7397 43 F: 4 4 3 
7421 10 7461 25 F: 7 3 
7597 6 7621 31 F: 6 
7680 13 7719 41 F: 13 
7798 12 7822 50 F: 12 
7810 6 7822 81 F: 6 
7993 13 8019 44 F: 7 6 
8016 10 8046 88 F: 4 4 2 
8188 5 8208 100 F: 2 3 
8232 2 8240 68 F: 2 
8381 8 8405 5 F: 3 5 
8497 8 8505 49 F: 4 2 2 
8520 5 8540 88 F: 5 
8698 11 8720 61 F: 6 5 
8764 13 8816 46 F: 7 6 
8855 10 8865 94 F: 5 5 
8936 8 8952 53 F: 5 3 
9001 7 9029 37 F: 3 3 1 
9106 7 9113 80 F: 2 4 1 
9273 9 9291 61 F: 9 
9399 8 9415 5 F: 3 4 1 
9473 3 9482 11 F: 3 
9530 9 9539 30 F: 3 6 
9687 7 9715 83 F: 7 
9726 9 9735 95 F: 3 6 
9894 9 9903 15 F: 9 
9945 6 9963 59 F: 4 1 1 
D: 1 63 
D: 3 89 
D: 10 42 
D: 11 38 
D: 12 22 
D: 21 25 
D: 21 75 
D: 27 43 
D: 77 92 
D: 85 92 
