19 7 33 23 F: 7 
195 12 243 61 F: 5 4 3 
262 10 302 83 F: 5 2 3 
315 6 327 25 F: 5 1 
447 11 480 50 F: 7 4 
574 8 598 6 F: 3 4 1 
644 11 688 38 F: 11 
796 9 832 71 F: 5 3 1 
806 9 833 81 F: 6 3 
963 8 971 76 F: 5 3 
1011 6 1023 89 F: 6 
1136 11 1158 9 F: 3 4 4 
1252 7 1266 25 F: 4 3 
1368 6 1374 13 F: 2 4 
1402 4 1414 73 F: 3 1 
1585 8 1609 38 F: 5 3 
1610 9 1628 58 F: 9 
1799 9 1808 35 F: 3 4 2 
1866 9 1902 28 F: 2 3 4 
1959 9 1968 92 F: 3 6 
2098 7 2112 60 F: 5 2 
2116 2 2118 11 F: 2 
2281 3 2287 48 F: 3 
2332 8 2364 31 F: 8 
2410 6 2416 17 F: 6 
2583 9 2619 4 F: 5 4 
2697 7 2711 90 F: 2 5 
2745 6 2763 54 F: 2 3 1 
2841 13 2854 29 F: 13 
2905 12 2941 42 F: 5 3 4 
3011 12 3035 40 F: 12 
3110 9 3119 52 F: 4 5 
3275 6 3293 89 F: 3 3 
3351 3 3354 92 F: 2 1 
3471 5 3476 39 F: 3 2 
3594 8 3626 31 F: 3 3 2 
3626 10 3636 57 F: 5 3 2 
3783 12 3795 71 F: 12 
3826 12 3862 71 F: 6 6 
3956 11 3989 78 F: 5 4 2 
4039 9 4066 54 F: 9 
4167 10 4197 40 F: 6 4 
4209 8 4233 82 F: 4 3 1 
4370 10 4390 43 F: 5 4 1 
4487 5 4497 95 F: 5 
4571 5 4581 17 F: 5 
4621 8 4645 9 F: 7 1 
4749 12 4773 78 F: 12 
4801 10 4811 2 F: 10 
4974 8 4982 6 F: 6 2 
5054 9 5063 53 F: 5 3 1 
5152 6 5176 19 F: 2 3 1 
5250 6 5256 100 F: 6 
5307 4 5311 50 F: 3 1 
5458 8 5482 56 F: 3 5 
5569 6 5587 72 F: 3 3 
5657 2 5659 37 F: 2 
5701 10 5721 85 F: 4 4 2 
5892 9 5901 2 F: 4 3 2 
5966 9 5984 86 F: 5 4 
6072 4 6076 38 F: 4 
6101 10 6111 12 F: 5 1 4 
6285 6 6303 26 F: 4 1 1 
6325 7 6332 61 F: 2 5 
6493 12 6529 76 F: 6 6 
6501 8 6525 47 F: 8 
6658 12 6670 5 F: 6 6 
6795 6 6819 71 F: 4 2 
6802 11 6835 78 F: 4 3 4 
6941 7 6962 29 F: 3 2 2 
7042 10 7072 57 F: 10 
7150 13 7202 31 F: 7 6 
7238 6 7244 10 F: 2 1 3 
7377 9 7404 51 F: 3 2 4 
7461 4 7477 58 F: 3 1 
7570 9 7588 54 F: 9 
7606 11 7628 45 F: 11 
7734 9 7743 65 F: 4 1 4 
7838 3 7841 47 F: 3 
7944 10 7964 98 F: 3 3 4 
8034 11 8078 33 F: 4 4 3 
8159 7 8173 82 F: 4 1 2 
8230 9 8257 3 F: 4 4 1 
8340 8 8364 39 F: 3 3 2 
8477 8 8485 42 F: 2 2 4 
8527 9 8545 6 F: 5 1 3 
8609 11 8642 75 F: 5 2 4 
8723 5 8733 81 F: 2 1 2 
8836 6 8854 61 F: 2 2 2 
8989 3 8995 95 F: 3 
9090 8 9098 11 F: 5 2 1 
9108 6 9126 26 F: 5 1 
9281 10 9311 8 F: 4 3 3 
9335 5 9345 76 F: 2 3 
9452 6 9476 3 F: 2 3 1 
9584 9 9593 21 F: 4 5 
9694 3 9703 93 F: 3 
9789 4 9805 62 F: 2 2 
9844 7 9872 68 F: 5 2 
9991 6 10003 70 F: 6 
D: 15 74 
D: 18 97 
D: 24 93 
D: 33 77 
D: 42 57 
D: 42 88 
D: 56 86 
D: 61 72 
D: 73 81 
D: 82 89 
