88 8 120 94 F: 6 2 
197 9 215 76 F: 2 4 3 
298 8 330 67 F: 2 6 
399 10 419 22 F: 5 3 2 
420 11 431 94 F: 11 
543 6 567 77 F: 6 
664 10 684 56 F: 7 3 
764 6 782 34 F: 2 4 
800 6 812 58 F: 3 3 
940 9 967 61 F: 9 
1052 9 1079 11 F: 2 3 4 
1137 7 1144 68 F: 4 3 
1219 12 1243 100 F: 12 
1378 4 1386 82 F: 4 
1480 8 1512 35 F: 8 
1557 11 1568 19 F: 11 
1650 7 1678 19 F: 6 1 
1745 8 1777 39 F: 7 1 
1865 4 1869 3 F: 4 
1901 7 1908 68 F: 3 1 3 
2030 6 2048 21 F: 6 
2187 12 2199 73 F: 4 4 4 
2218 2 2220 89 F: 2 
2392 9 2428 74 F: 6 3 
2492 9 2510 100 F: 5 3 1 
2545 7 2552 44 F: 2 5 
2675 9 2693 10 F: 3 4 2 
2799 8 2831 69 F: 5 1 2 
2832 12 2856 62 F: 6 6 
2947 12 2959 15 F: 7 5 
3064 10 3084 4 F: 10 
3157 7 3164 27 F: 2 4 1 
3267 9 3276 59 F: 5 2 2 
3336 5 3356 84 F: 2 1 2 
3418 9 3436 87 F: 4 2 3 
3527 5 3532 51 F: 3 2 
3668 3 3677 35 F: 3 
3732 9 3768 65 F: 6 3 
3898 8 3906 37 F: 5 3 
3931 10 3961 78 F: 3 4 3 
4048 2 4054 4 F: 2 
4119 8 4135 37 F: 4 2 2 
4293 9 4302 64 F: 5 2 2 
4331 3 4343 31 F: 3 
4402 12 4426 50 F: 7 5 
4578 8 4594 82 F: 5 2 1 
4602 9 4638 65 F: 9 
4794 5 4804 25 F: 5 
4802 13 4854 81 F: 13 
4936 11 4947 3 F: 6 5 
5083 11 5105 50 F: 11 
5170 7 5184 83 F: 6 1 
5280 6 5286 75 F: 6 
5327 8 5351 9 F: 5 3 
5495 7 5523 75 F: 7 
5500 6 5512 98 F: 3 3 
5698 13 5711 44 F: 7 6 
5770 8 5794 73 F: 8 
5839 3 5845 31 F: 3 
5939 8 5963 3 F: 4 3 1 
6024 10 6054 26 F: 7 3 
6170 7 6184 42 F: 7 
6291 5 6296 29 F: 5 
6398 6 6416 58 F: 5 1 
6497 8 6513 85 F: 2 3 3 
6557 4 6573 98 F: 3 1 
6696 9 6732 66 F: 3 6 
6723 8 6755 47 F: 8 
6841 8 6873 67 F: 2 3 3 
6955 4 6971 20 F: 2 1 1 
7037 13 7076 20 F: 13 
7175 5 7185 92 F: 3 2 
7281 9 7317 19 F: 4 5 
7363 7 7384 37 F: 4 3 
7471 6 7495 49 F: 5 1 
7558 7 7572 33 F: 3 4 
7660 12 7708 56 F: 5 4 3 
7718 7 7732 21 F: 3 4 
7853 8 7885 42 F: 8 
7944 8 7960 37 F: 7 1 
8010 5 8020 8 F: 2 2 1 
8108 13 8121 83 F: 13 
8241 8 8273 42 F: 4 2 2 
8399 4 8403 88 F: 4 
8412 6 8424 58 F: 2 3 1 
8547 12 8595 36 F: 12 
8659 11 8703 30 F: 4 3 4 
8751 10 8781 47 F: 5 1 4 
8806 10 8846 56 F: 4 3 3 
8927 8 8951 12 F: 4 1 3 
9079 8 9095 79 F: 2 3 3 
9118 9 9145 79 F: 4 2 3 
9270 4 9282 4 F: 4 
9374 3 9377 46 F: 3 
9438 8 9454 44 F: 5 3 
9570 7 9577 97 F: 3 4 
9618 7 9639 15 F: 3 4 
9718 5 9728 89 F: 3 1 1 
9845 5 9865 28 F: 3 1 1 
9935 11 9979 71 F: 11 
D: 5 60 
D: 14 22 
D: 24 53 
D: 28 41 
D: 31 40 
D: 37 69 
D: 50 97 
D: 57 97 
D: 62 86 
D: 72 87 
