77 8 109 10 F: 8 
162 6 174 44 F: 2 1 3 
252 3 261 1 F: 3 
307 6 313 31 F: 4 2 
492 5 497 1 F: 5 
501 9 537 4 F: 9 
648 2 656 73 F: 2 
704 8 712 91 F: 8 
853 6 877 27 F: 5 1 
942 10 982 58 F: 2 4 4 
1080 11 1102 3 F: 7 4 
1156 5 1171 16 F: 5 
1246 7 1274 43 F: 5 1 1 
1304 9 1340 87 F: 2 3 4 
1424 12 1436 75 F: 12 
1554 12 1566 59 F: 12 
1692 2 1694 71 F: 2 
1791 7 1798 85 F: 6 1 
1834 8 1842 33 F: 8 
1976 11 1987 77 F: 11 
2070 9 2088 79 F: 6 3 
2105 5 2115 57 F: 5 
2276 7 2297 62 F: 5 1 1 
2352 10 2392 53 F: 5 5 
2475 13 2501 68 F: 7 6 
2558 6 2570 45 F: 6 
2637 10 2667 28 F: 5 1 4 
2789 7 2796 79 F: 2 5 
2894 8 2910 37 F: 4 3 1 
2960 7 2988 13 F: 3 4 
3002 9 3029 82 F: 4 2 3 
3176 4 3184 57 F: 4 
3209 10 3219 49 F: 5 3 2 
3306 9 3324 89 F: 9 
3409 3 3412 12 F: 3 
3504 10 3534 42 F: 4 6 
3662 6 3674 53 F: 2 4 
3731 9 3767 99 F: 4 4 1 
3857 10 3897 44 F: 4 2 4 
3994 7 4022 44 F: 7 
4076 8 4108 74 F: 3 2 3 
4162 12 4186 21 F: 12 
4211 8 4219 42 F: 5 2 1 
4356 12 4380 40 F: 4 4 4 
4454 13 4493 86 F: 13 
4535 9 4571 58 F: 4 5 
4667 10 4697 56 F: 4 4 2 
4734 10 4754 57 F: 6 4 
4820 11 4831 28 F: 4 3 4 
4909 9 4918 57 F: 4 5 
5075 12 5123 81 F: 12 
5168 11 5179 19 F: 4 3 4 
5295 7 5309 14 F: 3 4 
5340 3 5352 33 F: 3 
5473 11 5495 68 F: 4 3 4 
5598 13 5624 79 F: 7 6 
5617 11 5661 95 F: 5 6 
5751 8 5767 43 F: 3 5 
5877 10 5907 48 F: 10 
5999 8 6023 64 F: 8 
6062 10 6082 44 F: 6 4 
6127 8 6143 47 F: 7 1 
6293 3 6305 16 F: 3 
6367 9 6403 78 F: 4 1 4 
6450 7 6471 60 F: 7 
6572 5 6577 25 F: 5 
6610 7 6638 68 F: 2 5 
6729 12 6741 76 F: 12 
6876 11 6887 93 F: 11 
6951 7 6958 15 F: 7 
7081 12 7117 21 F: 12 
7117 7 7138 19 F: 2 2 3 
7246 7 7267 81 F: 2 1 4 
7322 9 7358 12 F: 9 
7457 10 7477 7 F: 5 3 2 
7535 3 7538 6 F: 3 
7614 10 7644 26 F: 3 4 3 
7779 12 7803 96 F: 5 4 3 
7837 9 7846 28 F: 9 
7939 3 7942 42 F: 3 
8083 2 8087 92 F: 2 
8121 12 8133 38 F: 4 4 4 
8264 5 8274 7 F: 4 1 
8394 7 8422 32 F: 7 
8444 5 8449 59 F: 2 3 
8522 5 8532 92 F: 2 3 
8692 8 8716 96 F: 2 6 
8713 9 8740 17 F: 9 
8851 8 8875 5 F: 7 1 
8937 7 8958 4 F: 7 
9023 4 9027 78 F: 4 
9133 8 9165 10 F: 7 1 
9293 10 9333 19 F: 4 6 
9357 9 9393 48 F: 2 4 3 
9401 13 9427 4 F: 7 6 
9532 5 9547 51 F: 5 
9628 6 9646 87 F: 2 4 
9755 9 9764 38 F: 5 4 
9868 12 9892 64 F: 5 4 3 
9931 10 9951 42 F: 5 5 
D: 6 79 
D: 14 67 
D: 28 78 
D: 30 94 
D: 32 60 
D: 36 82 
D: 37 81 
D: 45 67 
D: 48 94 
D: 85 93 
