15 12 27 91 F: 5 4 3 
102 10 142 35 F: 10 
262 10 302 29 F: 10 
327 10 357 83 F: 10 
493 7 507 78 F: 7 
536 11 558 79 F: 11 
670 13 709 63 F: 13 
742 10 782 96 F: 5 3 2 
864 9 873 49 F: 7 2 
965 8 997 27 F: 8 
1035 7 1056 27 F: 2 3 2 
1166 13 1218 25 F: 7 6 
1206 10 1236 54 F: 10 
1396 5 1411 37 F: 5 
1412 10 1422 36 F: 10 
1560 7 1581 9 F: 3 2 2 
1634 9 1670 58 F: 7 2 
1737 8 1761 1 F: 5 2 1 
1804 13 1843 85 F: 5 4 4 
1991 4 1995 5 F: 4 
2082 12 2094 1 F: 12 
2190 5 2205 83 F: 5 
2285 12 2333 80 F: 4 4 4 
2398 10 2418 35 F: 7 3 
2445 7 2452 2 F: 2 5 
2582 9 2618 35 F: 9 
2651 10 2661 20 F: 5 2 3 
2783 6 2801 59 F: 3 2 1 
2860 8 2868 3 F: 8 
2949 9 2958 28 F: 2 4 3 
3007 4 3015 71 F: 3 1 
3195 11 3239 80 F: 11 
3262 11 3284 21 F: 11 
3346 7 3360 65 F: 7 
3400 6 3412 91 F: 5 1 
3553 6 3559 5 F: 3 3 
3616 6 3622 25 F: 3 2 1 
3705 11 3738 66 F: 5 6 
3808 11 3852 23 F: 11 
3936 8 3952 30 F: 7 1 
4016 7 4044 100 F: 7 
4136 6 4142 21 F: 5 1 
4231 9 4240 97 F: 4 2 3 
4320 9 4356 54 F: 9 
4429 4 4445 59 F: 4 
4562 3 4565 62 F: 3 
4667 8 4683 99 F: 6 2 
4790 9 4808 59 F: 5 3 1 
4845 9 4872 91 F: 5 4 
4913 10 4943 85 F: 4 3 3 
5084 8 5116 57 F: 2 6 
5133 6 5157 82 F: 2 3 1 
5267 7 5295 4 F: 7 
5345 11 5356 30 F: 5 3 3 
5468 4 5484 66 F: 2 2 
5577 10 5587 54 F: 4 3 3 
5645 8 5677 25 F: 7 1 
5741 9 5750 60 F: 3 3 3 
5811 9 5838 62 F: 9 
5966 8 5982 41 F: 8 
6075 10 6095 40 F: 3 4 3 
6147 6 6159 50 F: 2 2 2 
6269 9 6278 35 F: 9 
6394 12 6418 41 F: 12 
6480 7 6487 28 F: 7 
6540 6 6552 86 F: 4 2 
6602 2 6606 25 F: 2 
6758 9 6767 50 F: 2 4 3 
6882 3 6891 35 F: 3 
6942 9 6978 53 F: 4 5 
7071 8 7095 2 F: 3 4 1 
7121 8 7137 90 F: 3 1 4 
7228 12 7276 2 F: 12 
7372 7 7386 9 F: 4 1 2 
7475 6 7481 41 F: 4 1 1 
7540 10 7550 36 F: 5 5 
7694 8 7710 4 F: 4 1 3 
7799 10 7829 94 F: 5 5 
7858 8 7882 94 F: 8 
7959 2 7965 47 F: 2 
8059 7 8073 17 F: 2 4 1 
8117 10 8137 78 F: 5 3 2 
8212 11 8256 42 F: 4 4 3 
8304 11 8315 42 F: 5 3 3 
8466 7 8487 19 F: 3 3 1 
8598 8 8630 39 F: 3 1 4 
8699 7 8720 95 F: 7 
8772 4 8788 32 F: 2 1 1 
8866 8 8890 92 F: 8 
8995 5 9005 100 F: 5 
9036 9 9063 65 F: 9 
9149 6 9167 98 F: 3 3 
9233 5 9243 11 F: 5 
9312 11 9345 11 F: 5 6 
9488 9 9506 47 F: 9 
9532 9 9550 48 F: 2 4 3 
9620 4 9636 100 F: 2 2 
9730 9 9739 61 F: 5 4 
9851 7 9872 84 F: 3 4 
9933 4 9949 32 F: 4 
D: 2 53 
D: 18 56 
D: 18 62 
D: 31 84 
D: 35 46 
D: 38 68 
D: 45 65 
D: 53 66 
D: 63 75 
D: 65 94 
