1 12 13 35 F: 12 
194 5 214 1 F: 3 2 
200 10 230 43 F: 7 3 
308 11 341 47 F: 4 3 4 
412 6 436 55 F: 4 2 
559 10 589 28 F: 4 6 
695 10 735 75 F: 3 3 4 
739 7 760 6 F: 6 1 
830 7 844 88 F: 2 4 1 
985 11 1018 39 F: 11 
1053 9 1062 3 F: 2 4 3 
1184 4 1196 38 F: 2 2 
1285 8 1317 20 F: 3 3 2 
1396 6 1402 82 F: 2 3 1 
1451 8 1459 79 F: 3 5 
1594 12 1630 81 F: 12 
1628 2 1632 74 F: 2 
1736 8 1760 11 F: 5 1 2 
1814 8 1822 27 F: 3 5 
1903 7 1917 67 F: 2 1 4 
2084 9 2120 86 F: 7 2 
2187 12 2199 68 F: 12 
2263 10 2303 57 F: 10 
2300 6 2306 48 F: 4 1 1 
2486 9 2504 89 F: 4 3 2 
2587 3 2590 91 F: 3 
2644 13 2657 50 F: 13 
2748 9 2757 69 F: 3 2 4 
2830 6 2842 20 F: 3 3 
2928 3 2931 30 F: 3 
3017 7 3038 56 F: 2 5 
3171 9 3189 88 F: 3 6 
3264 8 3288 10 F: 6 2 
3397 4 3413 60 F: 4 
3402 6 3420 41 F: 3 3 
3558 10 3588 73 F: 10 
3642 10 3682 51 F: 10 
3780 10 3800 20 F: 3 3 4 
3817 8 3841 50 F: 2 3 3 
3925 7 3939 49 F: 4 2 1 
4046 6 4052 80 F: 6 
4142 5 4147 87 F: 4 1 
4297 12 4321 17 F: 4 4 4 
4314 12 4326 54 F: 12 
4478 4 4494 44 F: 2 2 
4506 9 4542 49 F: 4 5 
4633 11 4677 29 F: 7 4 
4751 3 4754 66 F: 3 
4876 11 4920 75 F: 5 6 
4973 7 5001 3 F: 3 2 2 
5094 6 5100 84 F: 5 1 
5180 9 5198 99 F: 3 3 3 
5291 6 5297 63 F: 3 3 
5363 4 5371 41 F: 4 
5445 9 5463 15 F: 4 2 3 
5536 9 5545 95 F: 2 4 3 
5664 10 5704 79 F: 4 2 4 
5732 9 5750 45 F: 9 
5804 10 5844 7 F: 4 6 
5957 3 5969 1 F: 3 
6053 8 6069 20 F: 2 3 3 
6141 11 6152 34 F: 3 4 4 
6259 12 6271 35 F: 5 3 4 
6327 6 6339 80 F: 6 
6415 10 6435 35 F: 10 
6556 7 6577 92 F: 7 
6632 8 6664 21 F: 3 5 
6784 10 6804 91 F: 4 6 
6859 10 6889 67 F: 4 3 3 
6976 10 7016 8 F: 5 2 3 
7077 4 7089 22 F: 2 2 
7126 6 7150 41 F: 2 1 3 
7219 4 7231 92 F: 2 1 1 
7363 5 7373 10 F: 2 3 
7467 2 7471 81 F: 2 
7522 8 7530 64 F: 8 
7679 4 7691 87 F: 4 
7738 10 7778 77 F: 5 4 1 
7824 10 7854 66 F: 4 3 3 
7988 9 8015 73 F: 5 4 
8042 7 8063 81 F: 2 5 
8109 10 8129 50 F: 4 6 
8242 7 8249 14 F: 6 1 
8377 3 8383 50 F: 2 1 
8436 8 8460 21 F: 3 1 4 
8528 10 8538 76 F: 4 6 
8689 10 8699 52 F: 3 3 4 
8728 4 8732 86 F: 4 
8837 8 8861 99 F: 8 
8921 8 8945 10 F: 8 
9082 12 9094 75 F: 6 6 
9108 4 9112 4 F: 4 
9258 9 9276 36 F: 4 3 2 
9354 10 9364 93 F: 5 2 3 
9447 3 9459 85 F: 3 
9560 9 9578 24 F: 3 4 2 
9615 12 9639 1 F: 12 
9719 4 9727 73 F: 4 
9875 9 9911 90 F: 2 4 3 
9922 10 9942 82 F: 3 4 3 
D: 6 87 
D: 13 96 
D: 14 38 
D: 28 53 
D: 29 51 
D: 33 85 
D: 44 81 
D: 58 77 
D: 68 83 
D: 78 88 
