77 4 89 49 F: 4 
123 7 144 86 F: 2 1 4 
268 10 278 41 F: 5 2 3 
392 10 422 91 F: 10 
438 8 446 96 F: 2 6 
549 9 585 81 F: 2 3 4 
667 7 688 12 F: 3 4 
734 9 770 48 F: 9 
871 9 880 57 F: 9 
998 8 1030 84 F: 3 5 
1099 4 1103 81 F: 3 1 
1178 11 1200 29 F: 11 
1221 12 1269 34 F: 6 6 
1307 5 1327 84 F: 2 3 
1455 10 1465 84 F: 7 3 
1507 12 1543 43 F: 12 
1670 11 1703 68 F: 4 3 4 
1737 9 1755 30 F: 9 
1835 10 1855 73 F: 6 4 
1936 11 1980 94 F: 11 
2082 5 2092 67 F: 4 1 
2165 2 2169 79 F: 2 
2210 8 2218 46 F: 3 5 
2397 4 2405 80 F: 4 
2424 8 2448 2 F: 3 1 4 
2588 2 2594 60 F: 2 
2655 5 2665 70 F: 2 3 
2721 8 2745 2 F: 3 2 3 
2879 12 2903 54 F: 7 5 
2943 9 2970 65 F: 6 3 
3070 3 3082 6 F: 3 
3187 11 3231 4 F: 4 4 3 
3276 13 3315 37 F: 13 
3312 8 3344 8 F: 2 6 
3494 11 3538 86 F: 11 
3518 12 3530 16 F: 12 
3697 8 3713 46 F: 8 
3772 4 3784 58 F: 4 
3897 6 3903 48 F: 2 4 
3947 12 3959 80 F: 12 
4050 10 4080 59 F: 7 3 
4167 8 4175 1 F: 8 
4299 7 4320 1 F: 3 4 
4318 7 4325 39 F: 2 5 
4471 9 4480 82 F: 5 2 2 
4534 9 4552 36 F: 5 4 
4651 8 4675 31 F: 2 6 
4756 8 4764 20 F: 7 1 
4837 12 4861 13 F: 12 
4985 11 4996 11 F: 5 6 
5046 10 5086 50 F: 5 2 3 
5196 10 5206 93 F: 10 
5223 12 5235 60 F: 4 4 4 
5386 8 5394 31 F: 4 2 2 
5483 3 5489 73 F: 3 
5588 12 5600 86 F: 5 3 4 
5618 7 5646 28 F: 4 3 
5750 9 5759 95 F: 6 3 
5855 11 5866 37 F: 5 6 
5970 6 5988 71 F: 4 2 
6066 7 6080 49 F: 4 1 2 
6184 5 6189 17 F: 2 3 
6275 7 6282 78 F: 5 1 1 
6377 12 6389 29 F: 12 
6469 7 6483 94 F: 4 3 
6540 4 6548 45 F: 2 2 
6629 10 6669 98 F: 5 2 3 
6767 5 6777 65 F: 5 
6820 13 6859 40 F: 7 6 
6946 8 6954 41 F: 3 3 2 
7019 10 7049 45 F: 5 2 3 
7130 9 7166 39 F: 7 2 
7208 8 7232 65 F: 4 2 2 
7385 13 7398 29 F: 7 6 
7461 9 7470 84 F: 9 
7553 3 7559 96 F: 3 
7645 8 7653 96 F: 2 6 
7718 5 7728 41 F: 5 
7889 7 7903 65 F: 2 1 4 
7947 7 7961 88 F: 2 5 
8085 8 8101 20 F: 8 
8194 11 8216 83 F: 11 
8248 7 8269 67 F: 3 1 3 
8387 7 8415 43 F: 6 1 
8494 10 8514 11 F: 6 4 
8553 5 8563 44 F: 4 1 
8626 7 8633 11 F: 7 
8760 13 8812 80 F: 7 6 
8841 8 8857 70 F: 3 5 
8938 11 8982 53 F: 4 4 3 
9003 7 9031 3 F: 2 4 1 
9158 13 9184 39 F: 13 
9254 11 9287 49 F: 5 4 2 
9314 8 9338 99 F: 4 2 2 
9469 8 9493 1 F: 8 
9592 10 9632 28 F: 3 3 4 
9612 13 9651 63 F: 13 
9712 6 9718 62 F: 3 2 1 
9875 6 9899 80 F: 6 
9992 11 10036 56 F: 3 4 4 
D: 0 75 
D: 8 85 
D: 18 57 
D: 20 77 
D: 28 86 
D: 35 79 
D: 44 69 
D: 44 77 
D: 50 58 
D: 70 78 
