39 9 57 99 F: 4 4 1 
197 11 230 2 F: 11 
241 8 273 72 F: 3 3 2 
310 8 318 86 F: 2 2 4 
425 10 435 48 F: 10 
564 10 604 56 F: 5 5 
680 9 707 88 F: 9 
728 11 761 9 F: 5 3 3 
818 12 854 78 F: 12 
929 8 953 57 F: 3 5 
1010 10 1030 76 F: 10 
1178 9 1187 15 F: 9 
1249 7 1270 35 F: 5 2 
1322 3 1331 48 F: 3 
1469 8 1501 99 F: 2 6 
1512 10 1552 31 F: 4 3 3 
1667 9 1676 80 F: 5 2 2 
1769 7 1776 94 F: 3 2 2 
1894 7 1915 18 F: 4 2 1 
1919 11 1952 90 F: 4 3 4 
2066 2 2074 100 F: 2 
2183 11 2216 2 F: 6 5 
2216 8 2248 94 F: 8 
2349 8 2357 20 F: 2 2 4 
2461 9 2497 61 F: 4 4 1 
2528 7 2535 17 F: 7 
2679 4 2687 10 F: 2 2 
2718 12 2766 74 F: 12 
2877 7 2898 49 F: 3 4 
2971 8 3003 27 F: 6 2 
3020 6 3038 28 F: 5 1 
3119 9 3155 60 F: 3 6 
3212 8 3236 70 F: 3 3 2 
3384 3 3393 30 F: 3 
3417 9 3444 61 F: 9 
3523 8 3555 95 F: 5 3 
3615 12 3651 47 F: 6 6 
3756 2 3762 93 F: 2 
3858 9 3867 21 F: 3 4 2 
3930 7 3937 73 F: 7 
4056 8 4080 5 F: 4 2 2 
4181 10 4221 64 F: 10 
4256 9 4292 78 F: 9 
4383 7 4411 94 F: 3 4 
4492 6 4504 89 F: 3 3 
4589 4 4597 95 F: 2 1 1 
4670 9 4688 95 F: 2 4 3 
4750 10 4770 39 F: 10 
4822 12 4846 97 F: 12 
4952 10 4972 91 F: 5 5 
5047 6 5053 19 F: 2 2 2 
5172 11 5205 85 F: 4 4 3 
5245 9 5281 14 F: 9 
5398 11 5420 66 F: 6 5 
5400 6 5424 33 F: 6 
5592 8 5600 94 F: 2 6 
5670 8 5702 65 F: 2 6 
5727 6 5739 89 F: 2 3 1 
5877 10 5907 56 F: 4 4 2 
5922 12 5946 13 F: 7 5 
6070 8 6086 39 F: 8 
6189 2 6195 29 F: 2 
6222 7 6243 44 F: 7 
6359 13 6411 85 F: 13 
6467 9 6485 79 F: 5 1 3 
6586 11 6597 11 F: 11 
6654 8 6678 95 F: 3 4 1 
6788 9 6806 71 F: 4 4 1 
6803 13 6829 50 F: 13 
6935 7 6963 92 F: 7 
7091 12 7127 26 F: 7 5 
7104 13 7156 97 F: 7 6 
7238 11 7271 38 F: 4 3 4 
7315 7 7336 73 F: 5 2 
7427 7 7434 2 F: 7 
7548 11 7559 6 F: 4 3 4 
7692 5 7712 44 F: 4 1 
7712 9 7739 51 F: 7 2 
7808 5 7828 3 F: 3 2 
7956 12 7980 47 F: 5 3 4 
8079 11 8112 52 F: 5 2 4 
8144 10 8154 19 F: 5 1 4 
8203 9 8212 26 F: 3 6 
8301 10 8341 10 F: 6 4 
8499 3 8502 22 F: 2 1 
8518 13 8544 4 F: 13 
8616 7 8623 26 F: 3 1 3 
8732 5 8742 75 F: 5 
8827 7 8855 71 F: 4 3 
8946 7 8967 78 F: 2 2 3 
9050 6 9068 77 F: 6 
9180 8 9196 97 F: 7 1 
9239 8 9255 23 F: 2 3 3 
9345 9 9381 30 F: 3 3 3 
9419 10 9449 75 F: 10 
9551 8 9567 5 F: 3 3 2 
9693 8 9701 26 F: 4 4 
9722 8 9754 51 F: 4 1 3 
9834 3 9840 82 F: 3 
9927 10 9937 29 F: 7 3 
D: 2 6 
D: 2 85 
D: 3 80 
D: 5 48 
D: 6 32 
D: 30 40 
D: 33 96 
D: 43 76 
D: 55 76 
D: 71 90 
