4 12 28 122 F: 5 3 4 
137 12 149 125 F: 12 
297 6 321 140 F: 6 
378 12 414 145 F: 12 
450 2 458 8 F: 2 
516 12 528 2 F: 12 
605 7 619 82 F: 2 2 3 
717 10 727 20 F: 5 1 4 
868 10 908 116 F: 10 
996 7 1024 111 F: 5 2 
1018 3 1021 27 F: 2 1 
1147 7 1154 27 F: 7 
1269 12 1305 135 F: 12 
1388 11 1432 144 F: 5 6 
1429 4 1445 112 F: 3 1 
1542 10 1552 98 F: 6 4 
1697 6 1703 18 F: 3 2 1 
1791 8 1799 115 F: 5 2 1 
1888 4 1896 149 F: 4 
1942 6 1954 38 F: 6 
2085 8 2109 36 F: 8 
2125 9 2152 106 F: 6 3 
2222 5 2237 98 F: 4 1 
2375 4 2383 51 F: 2 2 
2402 10 2412 25 F: 5 5 
2550 4 2562 60 F: 3 1 
2654 8 2662 50 F: 8 
2758 8 2790 149 F: 8 
2872 11 2894 80 F: 5 4 2 
2931 2 2937 150 F: 2 
3073 5 3083 34 F: 5 
3103 7 3117 97 F: 3 4 
3219 8 3227 82 F: 5 1 2 
3380 8 3388 92 F: 8 
3434 10 3454 8 F: 10 
3578 9 3587 108 F: 7 2 
3636 8 3652 35 F: 6 2 
3759 13 3798 128 F: 13 
3843 11 3854 7 F: 11 
3961 9 3997 87 F: 7 2 
4079 8 4103 24 F: 4 2 2 
4172 11 4216 122 F: 5 2 4 
4258 6 4276 51 F: 6 
4319 7 4340 76 F: 2 2 3 
4414 8 4446 97 F: 3 3 2 
4558 12 4582 73 F: 5 4 3 
4671 7 4685 6 F: 5 2 
4771 6 4795 32 F: 2 4 
4818 9 4854 43 F: 5 2 2 
4916 11 4927 59 F: 7 4 
5041 12 5065 88 F: 7 5 
5185 4 5197 68 F: 4 
5243 7 5257 5 F: 4 2 1 
5336 3 5339 122 F: 3 
5455 8 5463 150 F: 8 
5515 10 5525 149 F: 5 5 
5679 7 5686 64 F: 7 
5741 8 5749 5 F: 4 1 3 
5893 2 5897 83 F: 2 
5915 6 5927 89 F: 3 3 
6018 8 6026 131 F: 4 4 
6108 12 6156 145 F: 12 
6221 6 6227 52 F: 4 2 
6359 7 6387 136 F: 5 2 
6460 6 6472 149 F: 2 2 2 
6546 11 6557 3 F: 7 4 
6633 8 6649 51 F: 8 
6700 7 6714 57 F: 3 2 2 
6883 9 6919 104 F: 9 
6936 12 6984 47 F: 12 
7096 7 7103 26 F: 7 
7194 5 7209 104 F: 3 2 
7207 4 7211 17 F: 3 1 
7384 13 7423 124 F: 13 
7488 5 7508 27 F: 3 2 
7530 7 7537 35 F: 2 5 
7628 9 7655 145 F: 5 4 
7741 12 7789 22 F: 6 6 
7844 10 7854 137 F: 4 6 
7957 8 7981 89 F: 8 
8027 3 8039 99 F: 2 1 
8172 10 8202 64 F: 4 6 
8219 8 8227 33 F: 6 2 
8336 4 8344 125 F: 4 
8475 10 8495 27 F: 5 2 3 
8589 3 8598 58 F: 3 
8606 9 8633 150 F: 3 2 4 
8781 7 8795 103 F: 3 2 2 
8871 8 8887 120 F: 3 2 3 
8978 9 9014 27 F: 7 2 
9035 7 9042 122 F: 7 
9151 4 9163 93 F: 3 1 
9241 5 9261 98 F: 5 
9379 7 9407 35 F: 2 2 3 
9480 7 9501 63 F: 2 5 
9515 8 9523 61 F: 8 
9693 8 9717 53 F: 8 
9772 9 9799 8 F: 7 2 
9882 11 9893 84 F: 11 
9996 7 10024 102 F: 4 2 1 
10011 8 10019 19 F: 4 1 3 
10118 12 10130 99 F: 12 
10262 11 10295 14 F: 4 4 3 
10361 9 10379 103 F: 6 3 
10471 12 10519 118 F: 12 
10529 7 10536 55 F: 3 2 2 
10607 4 10619 64 F: 4 
10745 6 10763 55 F: 6 
10853 10 10873 117 F: 10 
10912 6 10936 86 F: 3 2 1 
11055 8 11087 110 F: 8 
11150 10 11180 58 F: 2 4 4 
11238 5 11248 27 F: 5 
11386 7 11393 67 F: 5 2 
11415 13 11467 13 F: 13 
11584 6 11602 149 F: 6 
11693 10 11733 110 F: 10 
11771 9 11780 130 F: 5 3 1 
11867 5 11882 67 F: 5 
11937 10 11977 131 F: 4 6 
12024 13 12076 131 F: 7 6 
12164 7 12192 144 F: 7 
12230 8 12262 17 F: 4 4 
12377 12 12413 23 F: 12 
12437 13 12463 40 F: 13 
12585 7 12592 48 F: 6 1 
12620 4 12624 138 F: 4 
12721 7 12735 89 F: 3 3 1 
12854 7 12875 24 F: 3 2 2 
12948 4 12964 118 F: 2 1 1 
13046 7 13067 29 F: 6 1 
13104 8 13112 75 F: 4 3 1 
13275 6 13281 76 F: 6 
13385 4 13397 33 F: 4 
13473 5 13488 64 F: 3 2 
13589 7 13610 31 F: 3 2 2 
13692 8 13716 26 F: 6 2 
13769 10 13779 5 F: 10 
13845 7 13859 55 F: 7 
13990 11 14001 118 F: 11 
14058 7 14072 29 F: 4 3 
14105 8 14113 106 F: 3 3 2 
14263 9 14299 11 F: 4 3 2 
14381 11 14392 47 F: 11 
14439 10 14469 90 F: 6 4 
14514 8 14538 140 F: 5 1 2 
14689 11 14700 87 F: 6 5 
14748 7 14755 34 F: 7 
14875 11 14886 128 F: 4 4 3 
14954 2 14962 117 F: 2 
D: 3 59 
D: 7 26 
D: 18 134 
D: 20 38 
D: 21 41 
D: 21 61 
D: 25 108 
D: 41 44 
D: 41 76 
D: 44 97 
D: 45 103 
D: 51 93 
D: 87 139 
D: 89 131 
D: 100 133 
