73 4 85 88 F: 3 1 
146 10 176 52 F: 5 5 
249 8 265 147 F: 4 1 3 
353 10 363 84 F: 10 
446 10 486 3 F: 10 
570 9 588 40 F: 9 
631 8 639 55 F: 2 6 
760 5 770 110 F: 5 
855 6 873 53 F: 3 2 1 
912 7 933 124 F: 4 2 1 
1029 12 1041 59 F: 12 
1188 10 1198 113 F: 3 3 4 
1291 9 1300 116 F: 4 1 4 
1308 9 1344 51 F: 9 
1437 12 1485 27 F: 5 4 3 
1529 11 1540 136 F: 4 3 4 
1626 8 1658 54 F: 8 
1768 10 1798 116 F: 5 2 3 
1884 9 1893 33 F: 6 3 
1987 6 1993 115 F: 4 2 
2010 9 2019 132 F: 3 2 4 
2105 8 2137 127 F: 7 1 
2217 7 2224 16 F: 4 1 2 
2347 12 2383 117 F: 5 3 4 
2466 6 2478 132 F: 6 
2556 11 2567 115 F: 11 
2634 6 2652 122 F: 5 1 
2736 12 2772 21 F: 4 4 4 
2872 12 2884 105 F: 6 6 
2985 11 2996 52 F: 5 6 
3072 8 3088 11 F: 4 2 2 
3166 8 3190 136 F: 3 5 
3211 7 3232 119 F: 3 4 
3352 12 3376 149 F: 12 
3419 9 3437 43 F: 2 3 4 
3596 7 3610 58 F: 3 2 2 
3626 8 3650 43 F: 7 1 
3740 12 3752 62 F: 12 
3834 10 3864 83 F: 3 3 4 
3988 3 3994 21 F: 3 
4079 11 4101 119 F: 5 6 
4107 2 4109 111 F: 2 
4256 12 4268 89 F: 12 
4347 4 4363 73 F: 2 2 
4468 6 4492 60 F: 6 
4540 13 4553 119 F: 7 6 
4632 8 4656 100 F: 2 3 3 
4731 12 4779 106 F: 12 
4894 6 4906 146 F: 5 1 
4966 7 4987 143 F: 5 1 1 
5081 11 5125 86 F: 11 
5194 11 5205 125 F: 11 
5293 12 5305 120 F: 4 4 4 
5356 9 5365 126 F: 4 3 2 
5483 6 5501 82 F: 3 1 2 
5555 13 5607 85 F: 13 
5678 12 5726 30 F: 4 4 4 
5721 4 5725 1 F: 3 1 
5852 8 5860 70 F: 8 
5944 3 5953 102 F: 2 1 
6033 11 6066 142 F: 3 4 4 
6107 6 6125 85 F: 6 
6209 3 6215 116 F: 3 
6347 2 6355 60 F: 2 
6479 8 6503 27 F: 3 4 1 
6508 12 6532 78 F: 4 4 4 
6616 5 6631 59 F: 5 
6729 3 6738 119 F: 2 1 
6862 11 6906 1 F: 5 4 2 
6921 9 6948 64 F: 9 
7037 8 7061 63 F: 2 4 2 
7170 7 7177 149 F: 3 2 2 
7243 6 7261 3 F: 2 4 
7339 8 7363 132 F: 5 1 2 
7491 4 7503 118 F: 2 2 
7584 10 7624 83 F: 10 
7621 13 7647 113 F: 5 4 4 
7778 8 7802 57 F: 8 
7820 4 7828 139 F: 4 
7937 7 7951 131 F: 7 
8097 13 8136 143 F: 5 4 4 
8117 11 8128 36 F: 5 6 
8216 11 8249 80 F: 6 5 
8358 8 8390 72 F: 4 4 
8418 5 8428 25 F: 3 1 1 
8502 6 8526 114 F: 4 1 1 
8622 6 8628 145 F: 2 1 3 
8735 11 8746 14 F: 6 5 
8877 8 8893 44 F: 3 3 2 
8984 12 8996 138 F: 5 3 4 
9020 5 9025 143 F: 2 2 1 
9197 5 9202 1 F: 3 2 
9212 7 9226 54 F: 2 3 2 
9344 4 9360 55 F: 2 1 1 
9487 6 9511 118 F: 6 
9500 7 9514 96 F: 3 1 3 
9631 12 9679 49 F: 12 
9793 12 9817 102 F: 12 
9863 7 9884 62 F: 7 
9982 9 10018 16 F: 4 5 
10015 7 10036 150 F: 4 2 1 
10125 8 10149 6 F: 4 1 3 
10241 8 10273 45 F: 3 5 
10362 9 10371 38 F: 9 
10426 8 10442 140 F: 8 
10521 11 10543 30 F: 5 4 2 
10667 11 10689 98 F: 4 4 3 
10780 9 10807 67 F: 3 6 
10863 11 10885 97 F: 5 4 2 
10927 6 10939 95 F: 2 1 3 
11014 12 11038 109 F: 7 5 
11142 9 11160 65 F: 4 2 3 
11276 5 11286 41 F: 2 3 
11323 10 11353 15 F: 7 3 
11404 10 11444 95 F: 6 4 
11573 7 11594 135 F: 5 1 1 
11693 11 11704 11 F: 11 
11780 5 11800 69 F: 2 3 
11863 8 11887 133 F: 4 1 3 
11942 11 11964 56 F: 5 6 
12088 2 12096 8 F: 2 
12134 9 12152 39 F: 9 
12274 13 12313 11 F: 13 
12399 10 12439 98 F: 7 3 
12433 13 12446 90 F: 13 
12537 7 12565 147 F: 7 
12689 7 12717 84 F: 5 2 
12798 10 12818 135 F: 2 4 4 
12885 9 12903 128 F: 9 
12919 9 12955 66 F: 3 6 
13008 8 13016 128 F: 8 
13107 13 13133 34 F: 13 
13274 10 13314 146 F: 5 4 1 
13387 2 13393 114 F: 2 
13480 9 13516 53 F: 5 4 
13528 7 13535 104 F: 5 1 1 
13626 5 13641 54 F: 4 1 
13700 9 13727 71 F: 3 6 
13827 7 13848 34 F: 5 1 1 
13908 7 13922 118 F: 3 3 1 
14047 8 14063 4 F: 2 2 4 
14153 9 14162 140 F: 7 2 
14222 8 14246 135 F: 3 3 2 
14383 2 14389 32 F: 2 
14408 13 14447 28 F: 13 
14529 3 14538 4 F: 3 
14672 8 14704 9 F: 6 2 
14782 7 14789 6 F: 5 2 
14844 5 14854 63 F: 3 1 1 
14961 4 14969 138 F: 4 
D: 0 141 
D: 10 33 
D: 19 44 
D: 22 140 
D: 26 101 
D: 29 32 
D: 31 73 
D: 49 64 
D: 50 120 
D: 61 145 
D: 63 76 
D: 65 107 
D: 66 115 
D: 70 76 
D: 120 143 
