62 7 90 3 F: 7 
120 4 132 56 F: 2 2 
239 8 271 53 F: 7 1 
343 4 347 86 F: 4 
428 10 468 67 F: 5 3 2 
552 9 579 53 F: 3 2 4 
658 6 682 44 F: 2 4 
737 9 773 62 F: 5 4 
889 10 899 93 F: 7 3 
986 12 1022 32 F: 12 
1073 4 1077 9 F: 2 1 1 
1139 10 1179 103 F: 3 3 4 
1267 10 1277 74 F: 2 4 4 
1351 10 1371 127 F: 3 4 3 
1489 7 1496 76 F: 7 
1554 2 1562 95 F: 2 
1615 10 1645 85 F: 5 5 
1703 4 1715 77 F: 4 
1817 5 1822 40 F: 2 3 
1922 9 1958 135 F: 3 4 2 
2077 8 2093 40 F: 3 2 3 
2151 11 2173 140 F: 5 2 4 
2216 4 2220 137 F: 4 
2391 10 2411 44 F: 4 3 3 
2406 9 2442 76 F: 3 3 3 
2598 11 2609 26 F: 11 
2667 12 2715 93 F: 5 3 4 
2711 7 2718 150 F: 3 1 3 
2898 11 2920 115 F: 7 4 
2959 9 2977 41 F: 7 2 
3014 7 3028 59 F: 2 5 
3128 6 3146 135 F: 4 1 1 
3224 8 3240 134 F: 5 1 2 
3345 10 3355 139 F: 5 3 2 
3449 9 3476 106 F: 6 3 
3513 8 3537 61 F: 3 3 2 
3600 7 3607 13 F: 7 
3720 8 3728 59 F: 4 4 
3820 5 3830 75 F: 5 
3917 10 3957 140 F: 10 
4055 2 4063 69 F: 2 
4101 7 4115 115 F: 7 
4271 12 4295 44 F: 5 3 4 
4346 3 4352 4 F: 3 
4452 3 4461 16 F: 3 
4538 12 4574 103 F: 12 
4647 7 4654 72 F: 3 2 2 
4784 10 4814 35 F: 3 4 3 
4894 3 4906 113 F: 3 
4915 12 4927 102 F: 6 6 
5007 9 5016 47 F: 5 2 2 
5162 7 5190 104 F: 7 
5276 8 5284 73 F: 2 6 
5356 9 5365 129 F: 3 2 4 
5484 12 5520 141 F: 12 
5526 8 5534 123 F: 4 4 
5675 3 5687 100 F: 2 1 
5794 6 5812 43 F: 4 1 1 
5814 5 5819 125 F: 2 1 2 
5974 11 5996 1 F: 5 3 3 
6035 9 6071 31 F: 9 
6150 6 6162 96 F: 5 1 
6263 11 6296 117 F: 5 2 4 
6378 11 6411 140 F: 5 4 2 
6436 3 6448 135 F: 3 
6571 7 6592 120 F: 4 3 
6672 7 6693 81 F: 2 1 4 
6717 7 6738 4 F: 2 4 1 
6877 8 6901 54 F: 3 2 3 
6959 13 6972 136 F: 13 
7071 11 7093 112 F: 11 
7128 10 7168 71 F: 4 2 4 
7200 11 7244 2 F: 5 4 2 
7339 8 7363 43 F: 3 4 1 
7486 10 7506 101 F: 4 3 3 
7554 10 7584 94 F: 2 4 4 
7641 8 7673 120 F: 8 
7707 12 7719 24 F: 5 3 4 
7818 6 7842 46 F: 6 
7983 6 8007 119 F: 4 1 1 
8062 13 8075 144 F: 5 4 4 
8117 10 8137 114 F: 5 4 1 
8210 8 8242 111 F: 3 5 
8345 7 8352 6 F: 4 2 1 
8490 10 8520 129 F: 5 3 2 
8505 6 8517 31 F: 2 3 1 
8653 11 8664 34 F: 11 
8785 7 8806 115 F: 2 1 4 
8865 7 8886 33 F: 2 4 1 
8972 6 8996 130 F: 2 4 
9045 8 9069 33 F: 4 4 
9165 8 9173 106 F: 8 
9275 10 9305 21 F: 10 
9354 12 9390 77 F: 6 6 
9465 6 9483 57 F: 2 1 3 
9563 8 9587 24 F: 3 2 3 
9656 9 9674 144 F: 3 6 
9719 6 9725 109 F: 2 2 2 
9804 10 9824 106 F: 10 
9911 9 9929 107 F: 4 5 
10031 11 10053 49 F: 11 
10199 8 10207 68 F: 4 1 3 
10296 2 10304 3 F: 2 
10383 11 10427 141 F: 4 3 4 
10410 9 10446 107 F: 3 6 
10531 6 10555 116 F: 4 2 
10613 6 10637 118 F: 4 2 
10704 5 10724 6 F: 3 1 1 
10803 7 10831 141 F: 6 1 
10944 6 10956 18 F: 5 1 
11033 10 11053 139 F: 6 4 
11120 6 11138 10 F: 6 
11249 13 11288 120 F: 13 
11379 8 11395 73 F: 3 3 2 
11410 10 11420 104 F: 4 2 4 
11521 10 11561 38 F: 10 
11628 7 11656 93 F: 4 3 
11784 2 11790 5 F: 2 
11835 4 11851 85 F: 3 1 
11912 7 11940 72 F: 5 1 1 
12059 11 12070 91 F: 7 4 
12177 8 12209 72 F: 2 6 
12260 8 12284 118 F: 8 
12309 4 12325 31 F: 2 2 
12438 10 12448 46 F: 5 1 4 
12505 7 12512 114 F: 7 
12612 4 12620 137 F: 4 
12783 11 12816 6 F: 5 4 2 
12805 6 12823 89 F: 4 2 
12975 2 12983 9 F: 2 
13079 10 13099 84 F: 7 3 
13174 4 13190 6 F: 4 
13258 12 13282 26 F: 6 6 
13320 7 13341 6 F: 2 4 1 
13472 9 13481 22 F: 5 3 1 
13517 7 13531 141 F: 3 4 
13627 9 13663 77 F: 4 3 2 
13742 12 13766 4 F: 5 4 3 
13894 5 13914 42 F: 2 3 
13979 8 14003 82 F: 8 
14028 13 14041 41 F: 7 6 
14131 9 14158 84 F: 9 
14219 7 14240 78 F: 2 3 2 
14382 7 14410 146 F: 5 1 1 
14454 3 14457 9 F: 3 
14506 6 14524 95 F: 3 3 
14694 8 14710 23 F: 6 2 
14709 9 14718 120 F: 9 
14860 8 14884 80 F: 8 
14947 8 14955 2 F: 6 2 
D: 3 21 
D: 3 141 
D: 6 121 
D: 13 87 
D: 15 81 
D: 16 107 
D: 25 125 
D: 34 128 
D: 52 113 
D: 53 136 
D: 55 63 
D: 56 83 
D: 58 59 
D: 87 115 
D: 91 122 
