74 12 110 103 F: 6 6 
176 12 224 132 F: 5 4 3 
289 6 295 82 F: 6 
324 8 348 105 F: 3 1 4 
493 8 501 133 F: 8 
544 5 564 70 F: 5 
661 9 688 89 F: 9 
708 9 735 2 F: 3 4 2 
821 13 860 10 F: 7 6 
957 10 977 120 F: 5 2 3 
1012 8 1020 139 F: 3 2 3 
1191 10 1221 44 F: 5 1 4 
1285 11 1307 3 F: 11 
1363 13 1389 28 F: 7 6 
1411 11 1422 148 F: 5 4 2 
1530 5 1540 141 F: 5 
1636 10 1646 124 F: 10 
1723 8 1747 98 F: 8 
1855 11 1899 1 F: 5 3 3 
1993 8 2025 111 F: 3 5 
2037 7 2065 100 F: 3 2 2 
2153 6 2177 107 F: 4 2 
2219 10 2249 10 F: 10 
2379 2 2383 22 F: 2 
2438 6 2456 41 F: 2 4 
2585 13 2637 15 F: 13 
2697 9 2724 7 F: 3 2 4 
2709 11 2742 89 F: 7 4 
2844 8 2868 111 F: 8 
2952 8 2968 14 F: 6 2 
3075 3 3078 117 F: 3 
3131 5 3151 76 F: 2 3 
3284 8 3308 105 F: 3 5 
3378 6 3396 61 F: 2 4 
3444 8 3460 115 F: 6 2 
3504 2 3510 56 F: 2 
3623 6 3635 137 F: 3 3 
3712 6 3730 95 F: 5 1 
3852 4 3856 86 F: 4 
3909 2 3915 92 F: 2 
4014 13 4066 55 F: 7 6 
4146 11 4157 86 F: 6 5 
4239 7 4253 55 F: 2 5 
4388 8 4412 49 F: 5 2 1 
4410 8 4426 81 F: 2 4 2 
4553 7 4560 47 F: 2 3 2 
4629 10 4659 63 F: 10 
4756 10 4776 138 F: 10 
4899 8 4923 33 F: 8 
4972 10 5002 89 F: 5 3 2 
5096 10 5126 30 F: 7 3 
5182 6 5206 137 F: 2 3 1 
5234 5 5244 102 F: 3 2 
5384 13 5423 86 F: 13 
5472 9 5481 34 F: 6 3 
5596 9 5605 109 F: 5 4 
5688 2 5696 14 F: 2 
5749 7 5770 31 F: 2 3 2 
5842 7 5870 150 F: 5 2 
5904 5 5924 19 F: 5 
6076 13 6089 127 F: 13 
6138 10 6168 3 F: 5 1 4 
6264 2 6266 51 F: 2 
6315 8 6331 71 F: 4 4 
6417 7 6431 104 F: 6 1 
6541 2 6549 43 F: 2 
6629 8 6661 148 F: 4 1 3 
6769 10 6809 135 F: 4 3 3 
6811 11 6844 33 F: 11 
6958 9 6985 126 F: 5 4 
7008 6 7032 81 F: 2 4 
7156 3 7165 76 F: 2 1 
7215 6 7233 6 F: 6 
7375 4 7383 7 F: 4 
7406 8 7438 128 F: 3 4 1 
7538 10 7548 97 F: 5 3 2 
7684 9 7711 35 F: 5 1 3 
7793 8 7817 110 F: 2 3 3 
7834 5 7854 95 F: 5 
7912 9 7930 39 F: 9 
8006 7 8034 36 F: 2 4 1 
8102 10 8112 42 F: 4 6 
8273 10 8283 134 F: 10 
8360 13 8373 117 F: 13 
8491 11 8535 4 F: 5 4 2 
8502 10 8522 113 F: 7 3 
8602 11 8613 103 F: 11 
8735 7 8742 16 F: 4 3 
8861 11 8894 47 F: 5 6 
8911 4 8915 8 F: 3 1 
9090 11 9112 11 F: 11 
9136 6 9154 50 F: 3 1 2 
9265 4 9281 72 F: 4 
9320 5 9325 16 F: 5 
9439 12 9475 148 F: 12 
9581 13 9620 7 F: 7 6 
9607 4 9611 65 F: 4 
9732 6 9756 121 F: 2 4 
9810 6 9828 11 F: 6 
9997 13 10010 2 F: 13 
10020 3 10026 54 F: 3 
10190 10 10230 33 F: 10 
10213 10 10253 47 F: 3 3 4 
10313 12 10349 26 F: 12 
10461 2 10467 124 F: 2 
10518 7 10532 112 F: 2 5 
10654 13 10667 125 F: 13 
10782 8 10790 145 F: 3 3 2 
10872 5 10887 11 F: 2 2 1 
10940 11 10973 76 F: 11 
11040 7 11068 19 F: 2 2 3 
11196 9 11232 62 F: 6 3 
11249 9 11258 95 F: 5 3 1 
11320 5 11340 118 F: 5 
11416 9 11434 57 F: 3 6 
11540 7 11547 25 F: 4 2 1 
11604 10 11614 97 F: 10 
11772 5 11777 60 F: 2 3 
11885 10 11925 50 F: 7 3 
11911 8 11927 46 F: 3 5 
12033 11 12077 64 F: 7 4 
12144 9 12162 106 F: 9 
12247 5 12257 84 F: 5 
12349 9 12358 97 F: 5 4 
12431 8 12463 2 F: 3 4 1 
12566 6 12578 89 F: 6 
12690 12 12738 109 F: 12 
12761 8 12785 120 F: 4 4 
12819 8 12835 1 F: 2 2 4 
12940 4 12952 89 F: 4 
13021 2 13027 137 F: 2 
13119 9 13137 58 F: 3 4 2 
13221 3 13230 18 F: 3 
13311 10 13341 139 F: 5 2 3 
13414 8 13438 30 F: 6 2 
13575 10 13615 44 F: 5 5 
13612 9 13648 22 F: 5 1 3 
13719 4 13735 10 F: 4 
13823 7 13844 74 F: 3 4 
13942 8 13950 2 F: 4 1 3 
14051 12 14063 144 F: 6 6 
14144 8 14176 33 F: 4 2 2 
14269 9 14287 24 F: 3 3 3 
14386 8 14410 45 F: 2 2 4 
14466 9 14502 122 F: 9 
14517 10 14527 42 F: 10 
14657 8 14681 4 F: 3 3 2 
14736 2 14744 44 F: 2 
14869 9 14896 150 F: 7 2 
14915 9 14933 101 F: 3 6 
D: 2 136 
D: 7 85 
D: 8 112 
D: 20 61 
D: 22 54 
D: 27 113 
D: 31 105 
D: 37 99 
D: 41 46 
D: 43 88 
D: 47 63 
D: 63 115 
D: 92 142 
D: 130 138 
D: 139 142 
