19 11 30 81 F: 6 5 
106 8 122 118 F: 2 4 2 
233 3 245 23 F: 3 
384 10 404 146 F: 10 
427 3 436 75 F: 2 1 
545 7 559 32 F: 4 3 
617 2 623 149 F: 2 
789 6 813 97 F: 4 2 
892 9 919 46 F: 2 4 3 
978 8 1010 36 F: 4 2 2 
1025 9 1043 55 F: 4 5 
1135 5 1140 109 F: 5 
1200 2 1202 60 F: 2 
1396 12 1408 103 F: 12 
1456 10 1476 14 F: 2 4 4 
1595 8 1619 69 F: 5 1 2 
1690 11 1723 54 F: 11 
1781 6 1805 73 F: 3 3 
1861 13 1887 72 F: 13 
1948 7 1976 16 F: 7 
2046 10 2076 124 F: 5 2 3 
2141 6 2147 39 F: 2 2 2 
2219 8 2243 80 F: 5 3 
2361 3 2364 63 F: 3 
2401 13 2414 118 F: 5 4 4 
2579 9 2615 143 F: 7 2 
2666 3 2672 67 F: 3 
2746 9 2773 83 F: 3 3 3 
2885 11 2929 33 F: 11 
2930 9 2948 70 F: 9 
3004 7 3018 45 F: 2 2 3 
3179 11 3201 76 F: 11 
3265 7 3286 90 F: 7 
3315 10 3325 66 F: 3 4 3 
3418 5 3423 132 F: 3 2 
3550 7 3564 121 F: 2 2 3 
3664 4 3680 70 F: 4 
3739 12 3751 99 F: 12 
3813 3 3825 27 F: 3 
3939 6 3945 94 F: 4 1 1 
4077 10 4087 119 F: 2 4 4 
4191 12 4227 143 F: 12 
4291 8 4315 20 F: 3 5 
4343 8 4359 6 F: 8 
4460 4 4468 53 F: 3 1 
4540 7 4561 99 F: 4 3 
4617 12 4653 117 F: 7 5 
4768 4 4780 59 F: 4 
4846 8 4854 69 F: 2 3 3 
4988 8 5020 64 F: 3 2 3 
5061 4 5073 13 F: 4 
5133 9 5142 98 F: 2 3 4 
5238 8 5254 7 F: 6 2 
5367 7 5374 85 F: 2 5 
5414 10 5424 116 F: 5 5 
5541 5 5561 69 F: 2 1 2 
5660 2 5666 10 F: 2 
5768 8 5776 34 F: 2 6 
5895 9 5913 49 F: 4 3 2 
5974 9 5983 141 F: 5 3 1 
6030 8 6054 115 F: 3 5 
6159 7 6166 18 F: 7 
6263 9 6290 48 F: 3 4 2 
6317 11 6328 66 F: 4 4 3 
6479 11 6501 88 F: 7 4 
6576 6 6594 56 F: 3 2 1 
6610 5 6615 17 F: 4 1 
6752 11 6774 142 F: 3 4 4 
6881 8 6897 9 F: 5 3 
6930 10 6960 39 F: 5 1 4 
7042 9 7069 24 F: 9 
7137 5 7147 12 F: 5 
7208 3 7220 137 F: 3 
7312 6 7330 63 F: 5 1 
7440 12 7488 120 F: 12 
7573 11 7595 22 F: 4 4 3 
7650 3 7662 19 F: 2 1 
7722 10 7732 77 F: 5 4 1 
7825 6 7831 97 F: 4 1 1 
7957 8 7965 111 F: 3 2 3 
8081 9 8090 63 F: 4 4 1 
8137 3 8140 12 F: 2 1 
8211 10 8221 55 F: 5 4 1 
8336 4 8344 60 F: 4 
8459 7 8487 142 F: 7 
8534 8 8558 80 F: 2 2 4 
8622 6 8640 78 F: 6 
8757 6 8781 100 F: 3 2 1 
8832 4 8840 52 F: 2 2 
8994 10 9034 48 F: 3 4 3 
9095 7 9116 39 F: 7 
9185 7 9192 94 F: 7 
9204 9 9213 103 F: 4 2 3 
9355 9 9382 62 F: 2 4 3 
9456 6 9480 20 F: 3 2 1 
9531 9 9540 120 F: 9 
9647 8 9663 39 F: 7 1 
9785 8 9817 91 F: 2 6 
9851 10 9861 140 F: 4 6 
9929 9 9965 84 F: 5 3 1 
10087 7 10094 142 F: 3 2 2 
10186 13 10225 26 F: 7 6 
10218 8 10226 21 F: 3 2 3 
10340 9 10349 66 F: 9 
10435 8 10443 10 F: 3 1 4 
10579 8 10611 37 F: 5 3 
10673 6 10679 29 F: 5 1 
10782 10 10812 102 F: 2 4 4 
10807 12 10855 145 F: 6 6 
10959 7 10966 148 F: 3 4 
11024 10 11054 117 F: 10 
11185 7 11213 148 F: 2 5 
11270 11 11314 49 F: 7 4 
11389 3 11395 72 F: 3 
11452 10 11462 1 F: 6 4 
11552 3 11564 31 F: 3 
11656 10 11676 51 F: 4 6 
11726 5 11736 94 F: 3 2 
11848 9 11866 62 F: 9 
11911 5 11916 13 F: 5 
12001 7 12008 63 F: 2 3 2 
12199 8 12215 112 F: 4 2 2 
12242 11 12264 139 F: 4 4 3 
12326 10 12336 11 F: 4 3 3 
12447 8 12479 34 F: 5 3 
12550 5 12555 45 F: 2 3 
12691 6 12709 99 F: 6 
12756 8 12772 123 F: 4 4 
12883 7 12911 85 F: 6 1 
12960 5 12965 126 F: 3 2 
13053 11 13064 59 F: 6 5 
13183 6 13207 47 F: 3 3 
13288 8 13312 4 F: 2 3 3 
13388 8 13420 138 F: 3 1 4 
13470 9 13497 105 F: 7 2 
13554 9 13590 26 F: 5 4 
13602 10 13632 59 F: 4 6 
13791 9 13800 128 F: 7 2 
13846 12 13858 86 F: 12 
13957 6 13975 50 F: 2 2 2 
14013 8 14029 5 F: 5 3 
14106 12 14118 19 F: 12 
14278 13 14330 108 F: 5 4 4 
14390 10 14420 118 F: 6 4 
14452 5 14457 5 F: 5 
14542 9 14569 118 F: 4 4 1 
14652 9 14661 55 F: 4 5 
14780 7 14787 116 F: 4 1 2 
14894 9 14930 47 F: 5 3 1 
14951 8 14975 89 F: 3 2 3 
D: 1 101 
D: 4 136 
D: 5 105 
D: 6 13 
D: 17 131 
D: 42 114 
D: 52 70 
D: 69 120 
D: 77 140 
D: 78 127 
D: 79 123 
D: 84 104 
D: 93 120 
D: 96 106 
D: 115 139 
