39 10 69 61 F: 5 1 4 
195 6 213 25 F: 6 
256 7 263 150 F: 4 3 
322 2 324 47 F: 2 
459 7 466 142 F: 7 
528 8 560 143 F: 3 1 4 
648 5 668 20 F: 5 
758 4 766 88 F: 3 1 
843 9 879 12 F: 2 3 4 
967 8 983 71 F: 6 2 
1072 5 1082 23 F: 3 2 
1141 2 1147 110 F: 2 
1233 6 1251 99 F: 6 
1384 7 1398 60 F: 6 1 
1453 11 1475 69 F: 6 5 
1533 5 1538 111 F: 3 1 1 
1695 4 1711 145 F: 4 
1789 10 1819 41 F: 5 2 3 
1804 9 1822 97 F: 4 2 3 
1944 9 1971 55 F: 5 4 
2034 8 2042 139 F: 4 4 
2135 7 2149 3 F: 6 1 
2249 6 2261 137 F: 5 1 
2386 4 2398 13 F: 4 
2431 9 2449 26 F: 4 1 4 
2565 7 2579 39 F: 4 2 1 
2645 11 2656 112 F: 11 
2763 9 2772 126 F: 3 3 3 
2822 6 2834 128 F: 5 1 
2927 9 2954 88 F: 4 1 4 
3065 11 3109 20 F: 5 2 4 
3171 7 3192 146 F: 4 2 1 
3226 7 3254 77 F: 7 
3329 11 3340 93 F: 6 5 
3417 8 3449 3 F: 4 1 3 
3503 9 3512 141 F: 9 
3693 9 3729 136 F: 9 
3761 10 3791 79 F: 10 
3827 12 3851 16 F: 7 5 
3928 12 3952 104 F: 6 6 
4034 4 4046 129 F: 2 2 
4142 9 4160 103 F: 6 3 
4247 9 4256 8 F: 9 
4333 7 4347 76 F: 3 4 
4492 9 4519 130 F: 9 
4558 12 4594 108 F: 6 6 
4663 8 4671 68 F: 2 6 
4744 9 4771 30 F: 4 5 
4857 11 4879 146 F: 3 4 4 
4991 6 5003 11 F: 2 1 3 
5024 7 5038 30 F: 2 1 4 
5123 6 5147 146 F: 4 2 
5250 10 5280 15 F: 3 4 3 
5382 2 5384 51 F: 2 
5488 8 5520 48 F: 2 3 3 
5557 9 5566 78 F: 9 
5613 12 5625 109 F: 12 
5722 4 5734 25 F: 4 
5808 9 5844 16 F: 3 2 4 
5903 10 5923 10 F: 4 2 4 
6054 8 6070 132 F: 5 1 2 
6166 13 6192 47 F: 7 6 
6293 5 6303 107 F: 2 1 2 
6330 6 6354 127 F: 4 2 
6405 9 6432 69 F: 3 3 3 
6534 3 6546 127 F: 3 
6699 6 6705 21 F: 5 1 
6743 8 6751 142 F: 8 
6807 7 6828 15 F: 3 3 1 
6965 9 6992 86 F: 4 3 2 
7083 8 7115 135 F: 7 1 
7147 12 7195 105 F: 12 
7239 6 7257 117 F: 3 2 1 
7377 7 7391 15 F: 3 3 1 
7456 7 7470 86 F: 7 
7505 8 7537 47 F: 2 3 3 
7687 6 7699 141 F: 2 3 1 
7715 9 7733 118 F: 3 6 
7883 7 7897 100 F: 5 2 
7996 3 7999 131 F: 3 
8051 8 8075 135 F: 4 4 
8117 11 8128 36 F: 4 3 4 
8210 11 8243 138 F: 5 2 4 
8365 11 8387 16 F: 11 
8435 7 8463 43 F: 4 1 2 
8535 6 8547 94 F: 5 1 
8674 3 8683 110 F: 3 
8786 13 8838 145 F: 13 
8830 4 8846 21 F: 2 2 
8902 10 8932 91 F: 4 3 3 
9020 12 9068 139 F: 12 
9107 8 9139 128 F: 2 2 4 
9223 8 9247 86 F: 5 2 1 
9344 9 9380 115 F: 5 4 
9409 6 9415 75 F: 2 4 
9520 8 9528 149 F: 8 
9659 13 9698 96 F: 7 6 
9774 7 9802 148 F: 5 2 
9853 11 9897 131 F: 5 4 2 
9981 12 10017 53 F: 12 
10019 6 10043 92 F: 2 2 2 
10174 9 10183 52 F: 2 4 3 
10272 8 10288 100 F: 3 4 1 
10390 9 10417 53 F: 4 2 3 
10437 7 10451 136 F: 2 4 1 
10532 8 10564 44 F: 5 2 1 
10642 6 10648 15 F: 3 3 
10792 2 10800 148 F: 2 
10859 9 10886 22 F: 9 
10939 6 10963 61 F: 4 1 1 
11089 7 11103 81 F: 7 
11150 7 11171 79 F: 7 
11296 4 11304 125 F: 3 1 
11322 9 11340 149 F: 4 3 2 
11422 7 11443 141 F: 3 3 1 
11527 6 11533 5 F: 3 3 
11601 11 11623 58 F: 11 
11700 5 11715 35 F: 5 
11811 11 11833 130 F: 3 4 4 
11926 12 11962 80 F: 5 4 3 
12055 12 12079 40 F: 7 5 
12103 3 12112 47 F: 3 
12260 5 12280 56 F: 5 
12331 5 12346 43 F: 3 1 1 
12463 4 12467 23 F: 2 1 1 
12548 4 12552 25 F: 4 
12646 5 12656 12 F: 5 
12753 5 12758 84 F: 5 
12818 6 12842 133 F: 3 1 2 
12905 11 12927 64 F: 7 4 
13068 4 13072 80 F: 4 
13125 3 13134 52 F: 2 1 
13279 11 13301 31 F: 5 4 2 
13377 6 13401 132 F: 6 
13497 3 13503 126 F: 3 
13508 13 13560 5 F: 7 6 
13639 4 13651 26 F: 2 1 1 
13788 12 13824 32 F: 5 4 3 
13846 7 13874 148 F: 6 1 
13989 9 14016 74 F: 9 
14002 11 14013 67 F: 11 
14112 13 14125 19 F: 7 6 
14202 9 14229 144 F: 2 4 3 
14389 10 14399 14 F: 4 2 4 
14433 8 14457 93 F: 5 1 2 
14562 10 14602 5 F: 7 3 
14622 10 14662 132 F: 10 
14772 8 14796 103 F: 6 2 
14865 6 14883 97 F: 5 1 
14942 9 14978 49 F: 4 2 3 
D: 5 59 
D: 9 134 
D: 11 130 
D: 16 20 
D: 17 76 
D: 27 99 
D: 28 82 
D: 30 54 
D: 33 80 
D: 38 147 
D: 53 94 
D: 82 116 
D: 82 126 
D: 87 90 
D: 104 109 
