79 10 109 127 F: 5 4 1 
177 12 213 136 F: 7 5 
292 10 332 123 F: 6 4 
317 12 329 64 F: 6 6 
491 8 515 87 F: 3 2 3 
521 5 526 116 F: 5 
600 11 611 109 F: 11 
785 13 798 102 F: 13 
861 3 864 98 F: 2 1 
992 2 1000 131 F: 2 
1024 5 1034 83 F: 4 1 
1185 9 1194 104 F: 4 5 
1256 6 1274 93 F: 3 2 1 
1310 4 1322 117 F: 4 
1417 10 1437 109 F: 5 4 1 
1558 8 1590 2 F: 2 3 3 
1638 10 1668 80 F: 10 
1707 10 1717 107 F: 5 1 4 
1898 11 1909 73 F: 11 
1973 11 2006 72 F: 11 
2099 7 2127 69 F: 4 3 
2103 8 2135 9 F: 4 1 3 
2288 10 2298 75 F: 10 
2375 4 2391 129 F: 4 
2447 7 2475 33 F: 5 1 1 
2524 12 2548 64 F: 12 
2608 8 2632 77 F: 4 1 3 
2713 6 2731 135 F: 2 1 3 
2885 7 2899 70 F: 3 3 1 
2934 6 2946 42 F: 3 2 1 
3059 13 3098 30 F: 13 
3156 9 3192 131 F: 5 4 
3261 10 3281 96 F: 10 
3397 6 3409 101 F: 4 2 
3498 7 3512 110 F: 5 2 
3517 3 3526 62 F: 2 1 
3653 10 3673 17 F: 5 1 4 
3737 9 3746 75 F: 4 5 
3866 5 3871 5 F: 2 2 1 
3950 10 3960 6 F: 5 3 2 
4050 9 4068 142 F: 3 6 
4124 10 4164 47 F: 5 5 
4212 7 4219 100 F: 4 2 1 
4320 10 4360 108 F: 5 1 4 
4417 12 4453 83 F: 4 4 4 
4504 9 4522 22 F: 3 4 2 
4665 9 4692 124 F: 4 4 1 
4708 3 4714 7 F: 3 
4809 13 4835 91 F: 7 6 
4980 3 4983 10 F: 3 
5052 4 5068 8 F: 4 
5133 9 5169 125 F: 5 2 2 
5284 7 5305 85 F: 7 
5395 8 5427 49 F: 8 
5476 4 5488 65 F: 4 
5500 11 5544 106 F: 4 4 3 
5681 12 5729 26 F: 12 
5725 6 5737 113 F: 6 
5800 12 5812 57 F: 5 4 3 
5935 8 5951 33 F: 3 5 
6024 5 6044 104 F: 5 
6107 5 6112 45 F: 4 1 
6273 11 6295 91 F: 4 4 3 
6375 10 6395 24 F: 3 3 4 
6421 5 6441 118 F: 5 
6584 13 6610 1 F: 7 6 
6620 10 6660 84 F: 10 
6748 12 6796 136 F: 5 3 4 
6886 8 6902 143 F: 4 3 1 
6950 8 6982 63 F: 6 2 
7020 6 7026 138 F: 5 1 
7174 5 7189 148 F: 5 
7281 10 7321 101 F: 7 3 
7306 10 7316 10 F: 3 3 4 
7479 5 7499 36 F: 2 3 
7552 8 7584 25 F: 8 
7630 8 7646 120 F: 5 3 
7732 9 7768 20 F: 4 5 
7883 7 7890 97 F: 5 1 1 
7977 5 7997 125 F: 2 3 
8082 6 8100 28 F: 5 1 
8127 10 8167 63 F: 4 2 4 
8253 9 8280 150 F: 9 
8364 9 8373 97 F: 3 6 
8462 11 8484 98 F: 11 
8577 8 8585 76 F: 3 4 1 
8681 7 8695 120 F: 3 1 3 
8762 11 8784 26 F: 7 4 
8832 8 8864 68 F: 3 1 4 
8994 7 9022 130 F: 7 
9039 2 9043 133 F: 2 
9118 9 9154 136 F: 5 3 1 
9200 7 9228 10 F: 4 2 1 
9309 8 9325 27 F: 2 3 3 
9446 6 9452 140 F: 3 1 2 
9508 7 9529 7 F: 7 
9689 7 9703 105 F: 6 1 
9706 8 9722 104 F: 4 2 2 
9848 11 9881 11 F: 5 4 2 
9911 6 9929 149 F: 6 
10065 3 10071 52 F: 3 
10189 4 10197 14 F: 4 
10274 10 10304 102 F: 5 1 4 
10300 5 10305 42 F: 5 
10403 8 10411 14 F: 6 2 
10548 9 10584 116 F: 4 4 1 
10616 9 10634 34 F: 3 6 
10777 11 10799 13 F: 4 3 4 
10803 8 10827 98 F: 3 5 
10961 8 10969 33 F: 5 1 2 
11037 6 11049 14 F: 3 3 
11111 9 11129 77 F: 5 4 
11214 4 11230 150 F: 4 
11365 7 11372 89 F: 3 4 
11476 3 11485 85 F: 3 
11587 4 11599 149 F: 4 
11627 5 11642 122 F: 5 
11705 11 11727 36 F: 11 
11874 2 11876 118 F: 2 
11970 12 11982 70 F: 6 6 
12075 10 12115 65 F: 6 4 
12190 6 12214 124 F: 4 2 
12240 3 12249 132 F: 3 
12331 2 12333 32 F: 2 
12404 9 12440 102 F: 6 3 
12573 2 12581 101 F: 2 
12610 8 12634 97 F: 3 2 3 
12744 11 12755 34 F: 5 4 2 
12808 6 12832 143 F: 2 4 
12983 12 12995 90 F: 5 3 4 
13036 4 13040 97 F: 3 1 
13156 9 13192 59 F: 2 3 4 
13218 3 13227 24 F: 3 
13355 4 13363 39 F: 4 
13442 8 13474 138 F: 3 1 4 
13570 11 13592 43 F: 11 
13614 11 13647 26 F: 6 5 
13761 12 13809 135 F: 12 
13877 13 13890 53 F: 13 
13973 6 13991 15 F: 6 
14036 10 14056 68 F: 5 1 4 
14138 11 14160 109 F: 6 5 
14234 6 14240 34 F: 2 2 2 
14328 13 14380 120 F: 13 
14456 8 14488 68 F: 6 2 
14500 8 14524 88 F: 5 3 
14625 8 14649 109 F: 3 1 4 
14780 3 14789 83 F: 2 1 
14871 3 14883 1 F: 3 
14958 6 14970 119 F: 2 2 2 
D: 6 126 
D: 14 139 
D: 18 110 
D: 23 106 
D: 44 138 
D: 45 80 
D: 46 76 
D: 60 111 
D: 70 98 
D: 72 110 
D: 81 120 
D: 84 149 
D: 85 130 
D: 105 115 
D: 110 139 
