47 13 73 50 F: 13 
139 12 187 135 F: 12 
251 6 257 87 F: 6 
357 5 367 133 F: 2 1 2 
426 10 446 16 F: 6 4 
597 10 627 139 F: 4 6 
607 9 616 123 F: 9 
789 6 813 137 F: 3 3 
851 8 867 90 F: 2 2 4 
982 6 988 105 F: 2 1 3 
1019 9 1055 53 F: 5 3 1 
1102 12 1126 138 F: 4 4 4 
1259 5 1264 14 F: 2 3 
1332 6 1356 1 F: 5 1 
1407 11 1451 115 F: 5 2 4 
1522 10 1532 73 F: 10 
1628 9 1655 13 F: 4 1 4 
1726 4 1730 150 F: 4 
1858 13 1871 78 F: 13 
1940 9 1958 66 F: 3 2 4 
2056 7 2084 2 F: 2 4 1 
2138 5 2148 43 F: 2 3 
2240 7 2247 13 F: 2 4 1 
2303 10 2343 47 F: 7 3 
2455 5 2465 87 F: 2 1 2 
2535 6 2541 91 F: 5 1 
2638 8 2670 54 F: 5 3 
2753 10 2793 62 F: 10 
2840 8 2872 86 F: 8 
2929 8 2961 146 F: 2 4 2 
3025 5 3030 115 F: 3 1 1 
3158 5 3168 93 F: 5 
3268 8 3300 77 F: 2 6 
3358 5 3378 45 F: 3 2 
3492 10 3532 94 F: 5 4 1 
3557 12 3581 141 F: 6 6 
3606 8 3614 119 F: 4 4 
3733 7 3761 62 F: 6 1 
3853 8 3869 18 F: 2 6 
3949 7 3963 76 F: 2 5 
4087 5 4102 120 F: 5 
4100 5 4120 121 F: 3 1 1 
4269 3 4281 55 F: 3 
4352 10 4392 57 F: 5 4 1 
4462 6 4468 63 F: 6 
4548 3 4554 27 F: 2 1 
4625 6 4643 72 F: 6 
4765 6 4789 26 F: 5 1 
4868 4 4884 127 F: 4 
4982 2 4990 36 F: 2 
5089 4 5105 62 F: 4 
5131 7 5145 93 F: 7 
5209 9 5218 52 F: 4 2 3 
5300 7 5321 115 F: 5 2 
5452 8 5484 135 F: 7 1 
5550 11 5583 59 F: 6 5 
5614 12 5626 58 F: 12 
5777 9 5795 95 F: 9 
5809 11 5853 82 F: 5 2 4 
5939 9 5948 128 F: 7 2 
6002 6 6026 47 F: 6 
6105 8 6129 150 F: 2 4 2 
6280 13 6319 52 F: 5 4 4 
6333 4 6349 119 F: 4 
6400 8 6416 147 F: 6 2 
6574 8 6582 82 F: 7 1 
6652 5 6657 144 F: 4 1 
6716 6 6740 92 F: 2 4 
6869 6 6887 63 F: 2 4 
6988 2 6994 89 F: 2 
7058 4 7062 10 F: 4 
7176 13 7215 128 F: 7 6 
7231 8 7263 89 F: 7 1 
7371 9 7389 8 F: 4 4 1 
7457 2 7461 86 F: 2 
7575 9 7593 48 F: 9 
7644 7 7665 24 F: 4 3 
7710 8 7718 79 F: 4 3 1 
7834 10 7844 56 F: 6 4 
7936 8 7960 117 F: 2 4 2 
8046 9 8064 78 F: 2 3 4 
8130 8 8146 14 F: 3 3 2 
8296 11 8340 2 F: 11 
8375 9 8393 111 F: 3 3 3 
8420 11 8442 45 F: 7 4 
8599 9 8617 144 F: 3 2 4 
8675 9 8711 137 F: 5 4 
8786 9 8804 129 F: 5 4 
8828 11 8850 72 F: 11 
8956 10 8966 58 F: 5 5 
9094 12 9106 130 F: 12 
9184 10 9204 112 F: 10 
9279 8 9295 45 F: 4 1 3 
9317 11 9361 141 F: 6 5 
9443 11 9454 85 F: 11 
9586 4 9590 130 F: 2 1 1 
9654 13 9706 112 F: 13 
9742 12 9766 5 F: 7 5 
9824 10 9844 28 F: 6 4 
9970 7 9977 46 F: 3 2 2 
10033 7 10047 131 F: 3 4 
10180 7 10194 40 F: 3 2 2 
10236 10 10256 143 F: 10 
10381 8 10405 119 F: 8 
10415 8 10431 66 F: 2 6 
10548 10 10588 63 F: 4 3 3 
10674 10 10704 46 F: 3 3 4 
10786 2 10794 49 F: 2 
10833 3 10842 127 F: 2 1 
10940 9 10949 88 F: 4 4 1 
11053 5 11073 56 F: 2 2 1 
11197 7 11225 101 F: 2 5 
11295 6 11313 102 F: 2 1 3 
11332 12 11368 29 F: 12 
11454 12 11466 35 F: 6 6 
11587 9 11614 138 F: 6 3 
11676 12 11700 150 F: 12 
11743 11 11765 97 F: 11 
11825 7 11846 10 F: 2 4 1 
11979 5 11999 118 F: 2 3 
12037 7 12051 102 F: 7 
12188 12 12200 123 F: 7 5 
12204 12 12228 88 F: 12 
12390 6 12396 119 F: 5 1 
12468 11 12512 134 F: 5 2 4 
12523 7 12537 129 F: 6 1 
12629 7 12657 125 F: 4 1 2 
12768 6 12780 10 F: 4 1 1 
12895 2 12899 2 F: 2 
12921 7 12928 66 F: 2 2 3 
13047 9 13065 1 F: 2 4 3 
13143 11 13165 81 F: 4 3 4 
13275 9 13311 1 F: 7 2 
13332 12 13344 131 F: 5 4 3 
13497 8 13529 142 F: 2 6 
13522 8 13538 89 F: 5 2 1 
13676 4 13680 70 F: 4 
13772 10 13812 92 F: 2 4 4 
13881 9 13890 26 F: 7 2 
13911 2 13919 47 F: 2 
14044 13 14096 42 F: 13 
14138 9 14165 132 F: 5 4 
14280 10 14310 47 F: 5 2 3 
14397 9 14424 55 F: 9 
14423 6 14429 125 F: 3 3 
14548 7 14562 112 F: 4 2 1 
14661 5 14681 81 F: 2 3 
14754 9 14790 68 F: 6 3 
14801 10 14821 37 F: 10 
14997 7 15004 17 F: 4 2 1 
D: 0 143 
D: 5 71 
D: 9 121 
D: 11 107 
D: 12 119 
D: 12 125 
D: 16 49 
D: 23 92 
D: 28 136 
D: 30 124 
D: 53 62 
D: 61 124 
D: 67 69 
D: 92 149 
D: 93 113 
