82 9 100 100 F: 3 2 4 
145 13 184 107 F: 13 
256 7 277 59 F: 2 3 2 
397 4 401 133 F: 3 1 
482 6 500 30 F: 3 2 1 
575 8 583 128 F: 8 
629 10 639 88 F: 5 1 4 
774 4 778 120 F: 2 2 
847 9 874 131 F: 7 2 
958 3 964 69 F: 3 
1013 8 1045 24 F: 2 3 3 
1186 2 1190 69 F: 2 
1285 8 1293 122 F: 4 3 1 
1329 10 1349 130 F: 4 6 
1415 10 1445 80 F: 10 
1526 10 1546 28 F: 10 
1661 9 1697 102 F: 9 
1726 8 1750 9 F: 8 
1869 6 1893 58 F: 2 2 2 
1915 7 1943 117 F: 4 2 1 
2051 9 2078 7 F: 9 
2193 6 2211 9 F: 2 1 3 
2289 8 2313 13 F: 3 1 4 
2328 8 2352 65 F: 4 3 1 
2420 12 2456 31 F: 5 3 4 
2547 5 2562 98 F: 5 
2622 9 2649 82 F: 4 1 4 
2744 5 2759 27 F: 2 2 1 
2838 6 2850 122 F: 6 
2984 3 2993 45 F: 3 
3097 10 3127 57 F: 10 
3101 10 3121 13 F: 5 4 1 
3228 6 3252 40 F: 6 
3348 12 3396 132 F: 12 
3499 9 3517 5 F: 9 
3503 9 3539 100 F: 2 3 4 
3644 9 3680 96 F: 4 5 
3766 11 3777 131 F: 5 6 
3869 8 3877 7 F: 4 3 1 
3994 9 4003 24 F: 4 4 1 
4057 6 4081 64 F: 3 2 1 
4138 13 4151 113 F: 13 
4293 10 4303 45 F: 5 3 2 
4388 12 4412 142 F: 12 
4435 8 4459 147 F: 3 1 4 
4514 3 4520 149 F: 3 
4668 10 4688 137 F: 5 5 
4744 8 4768 79 F: 8 
4862 10 4872 83 F: 10 
4971 4 4975 76 F: 4 
5071 12 5083 138 F: 5 4 3 
5127 6 5139 40 F: 6 
5204 8 5212 43 F: 6 2 
5326 9 5362 92 F: 5 2 2 
5424 12 5460 15 F: 12 
5583 9 5619 113 F: 9 
5681 9 5690 23 F: 4 3 2 
5779 8 5787 90 F: 3 1 4 
5888 9 5924 54 F: 3 6 
5924 7 5945 66 F: 7 
6070 6 6076 68 F: 2 2 2 
6150 7 6157 114 F: 5 2 
6225 6 6237 1 F: 2 1 3 
6366 10 6386 8 F: 4 3 3 
6403 8 6427 76 F: 6 2 
6514 5 6534 143 F: 5 
6668 10 6708 64 F: 4 2 4 
6763 8 6787 15 F: 2 6 
6850 9 6877 127 F: 4 5 
6918 5 6928 101 F: 4 1 
7002 9 7038 55 F: 5 2 2 
7146 10 7156 60 F: 7 3 
7259 11 7292 68 F: 11 
7359 10 7389 4 F: 10 
7422 9 7449 116 F: 9 
7505 6 7529 39 F: 5 1 
7650 9 7668 4 F: 3 6 
7719 6 7743 76 F: 6 
7815 10 7855 30 F: 4 6 
7951 5 7966 88 F: 4 1 
8049 11 8082 63 F: 5 2 4 
8106 2 8112 80 F: 2 
8222 4 8230 2 F: 2 2 
8322 10 8362 27 F: 3 4 3 
8410 7 8431 127 F: 3 4 
8587 6 8605 26 F: 6 
8675 8 8699 49 F: 2 6 
8738 6 8750 69 F: 6 
8805 10 8845 5 F: 5 3 2 
8936 9 8954 51 F: 3 3 3 
9014 8 9038 93 F: 3 3 2 
9192 10 9232 47 F: 4 6 
9287 4 9295 7 F: 4 
9388 3 9394 100 F: 3 
9442 7 9449 48 F: 6 1 
9592 6 9598 61 F: 2 2 2 
9686 12 9710 60 F: 5 4 3 
9703 13 9729 143 F: 13 
9894 6 9906 127 F: 3 3 
9969 9 10005 32 F: 4 4 1 
10077 10 10117 98 F: 10 
10164 9 10191 70 F: 3 2 4 
10227 10 10257 140 F: 5 1 4 
10349 13 10362 111 F: 13 
10485 5 10495 80 F: 4 1 
10567 12 10603 145 F: 12 
10694 8 10726 50 F: 2 2 4 
10795 5 10805 95 F: 5 
10880 2 10886 143 F: 2 
10968 9 10995 59 F: 4 5 
11013 11 11057 140 F: 11 
11167 9 11194 135 F: 4 5 
11268 10 11298 70 F: 7 3 
11399 10 11419 41 F: 5 5 
11446 4 11458 68 F: 4 
11548 6 11566 105 F: 2 4 
11691 5 11711 19 F: 5 
11789 8 11821 87 F: 7 1 
11877 3 11880 139 F: 3 
11958 3 11970 77 F: 2 1 
12006 10 12016 36 F: 10 
12128 10 12158 35 F: 4 6 
12294 5 12304 27 F: 3 1 1 
12317 8 12333 17 F: 3 1 4 
12499 11 12510 119 F: 11 
12552 4 12564 19 F: 4 
12694 5 12704 57 F: 2 1 2 
12756 11 12789 6 F: 4 4 3 
12823 12 12835 7 F: 12 
12993 12 13041 38 F: 5 3 4 
13006 6 13030 98 F: 2 2 2 
13184 6 13208 100 F: 2 3 1 
13215 10 13245 13 F: 10 
13392 8 13424 60 F: 7 1 
13413 5 13433 76 F: 5 
13564 9 13591 43 F: 9 
13695 5 13710 83 F: 5 
13773 13 13812 39 F: 5 4 4 
13814 8 13846 37 F: 3 4 1 
13974 6 13980 51 F: 2 1 3 
14032 9 14059 130 F: 5 1 3 
14127 10 14137 16 F: 5 5 
14201 5 14211 31 F: 2 1 2 
14375 9 14402 17 F: 4 1 4 
14446 9 14464 63 F: 4 4 1 
14570 11 14603 127 F: 11 
14660 10 14700 25 F: 4 3 3 
14768 7 14796 104 F: 7 
14862 11 14895 25 F: 11 
14966 3 14975 42 F: 2 1 
D: 3 23 
D: 3 121 
D: 13 149 
D: 25 130 
D: 29 106 
D: 31 111 
D: 35 123 
D: 36 142 
D: 42 138 
D: 46 84 
D: 60 65 
D: 73 114 
D: 80 106 
D: 88 112 
D: 90 127 
