21 10 41 108 F: 3 4 3 
158 8 174 94 F: 8 
247 13 273 80 F: 5 4 4 
363 6 375 36 F: 2 4 
413 2 419 45 F: 2 
572 9 608 92 F: 3 3 3 
641 3 650 122 F: 3 
781 10 791 125 F: 4 6 
884 11 928 16 F: 7 4 
923 11 945 14 F: 11 
1014 6 1032 144 F: 3 3 
1176 5 1191 146 F: 2 3 
1298 12 1346 72 F: 6 6 
1367 3 1376 150 F: 3 
1457 10 1487 49 F: 2 4 4 
1546 4 1562 143 F: 4 
1659 4 1671 2 F: 2 1 1 
1741 5 1761 73 F: 5 
1866 4 1882 118 F: 2 1 1 
1931 10 1961 59 F: 3 3 4 
2063 8 2095 30 F: 6 2 
2186 12 2198 142 F: 4 4 4 
2217 6 2223 60 F: 2 4 
2356 5 2376 105 F: 5 
2437 8 2469 8 F: 2 6 
2538 6 2544 114 F: 6 
2656 9 2683 99 F: 4 5 
2788 10 2798 111 F: 5 2 3 
2892 8 2924 60 F: 4 4 
2991 8 3023 23 F: 3 5 
3034 2 3036 75 F: 2 
3153 12 3165 12 F: 5 4 3 
3249 5 3254 142 F: 2 1 2 
3321 8 3329 64 F: 7 1 
3434 12 3446 42 F: 12 
3544 7 3565 33 F: 4 3 
3663 9 3672 34 F: 9 
3778 10 3788 149 F: 5 2 3 
3835 8 3859 82 F: 5 1 2 
3945 8 3969 30 F: 2 3 3 
4092 8 4124 104 F: 8 
4166 10 4186 76 F: 5 5 
4267 9 4294 98 F: 2 4 3 
4311 9 4320 79 F: 3 6 
4443 8 4459 90 F: 2 6 
4550 9 4577 39 F: 4 5 
4633 10 4663 71 F: 4 2 4 
4744 6 4750 96 F: 2 2 2 
4832 9 4850 3 F: 7 2 
4931 7 4938 130 F: 6 1 
5056 12 5092 39 F: 6 6 
5121 12 5169 144 F: 5 3 4 
5288 11 5310 22 F: 5 2 4 
5351 6 5363 3 F: 4 2 
5404 9 5431 119 F: 9 
5513 9 5540 64 F: 4 3 2 
5693 11 5726 113 F: 6 5 
5747 9 5774 148 F: 4 4 1 
5886 10 5896 13 F: 10 
5901 9 5910 94 F: 4 1 4 
6033 7 6040 107 F: 3 1 3 
6121 6 6127 42 F: 6 
6203 10 6213 132 F: 4 4 2 
6343 7 6350 2 F: 7 
6479 7 6500 26 F: 4 2 1 
6568 3 6574 35 F: 3 
6610 5 6615 122 F: 2 2 1 
6789 10 6819 9 F: 10 
6869 8 6877 100 F: 2 2 4 
6959 5 6979 36 F: 5 
7009 8 7041 11 F: 3 5 
7154 8 7170 98 F: 2 3 3 
7220 4 7228 11 F: 2 2 
7379 6 7403 92 F: 4 2 
7475 8 7491 7 F: 4 2 2 
7581 12 7605 105 F: 5 3 4 
7635 13 7661 59 F: 7 6 
7775 7 7789 38 F: 7 
7820 12 7832 123 F: 6 6 
7978 6 7996 135 F: 3 2 1 
8091 5 8101 99 F: 5 
8146 6 8152 100 F: 2 4 
8285 8 8301 69 F: 7 1 
8328 7 8335 71 F: 5 1 1 
8497 7 8518 85 F: 5 2 
8524 6 8536 132 F: 2 3 1 
8639 5 8654 104 F: 5 
8762 5 8782 51 F: 2 3 
8822 8 8830 5 F: 7 1 
8925 3 8937 78 F: 3 
9026 10 9046 8 F: 10 
9199 9 9208 27 F: 4 5 
9250 8 9282 62 F: 3 5 
9382 9 9409 75 F: 3 3 3 
9438 7 9445 142 F: 5 1 1 
9507 9 9543 70 F: 5 4 
9634 8 9658 104 F: 4 3 1 
9732 5 9742 29 F: 5 
9840 11 9851 33 F: 11 
9964 9 9991 93 F: 3 6 
10061 9 10097 124 F: 3 6 
10127 8 10143 16 F: 3 5 
10280 10 10310 105 F: 4 6 
10312 8 10320 89 F: 3 4 1 
10432 7 10446 77 F: 2 5 
10576 5 10586 127 F: 5 
10662 5 10682 91 F: 5 
10747 4 10755 98 F: 4 
10828 5 10838 88 F: 5 
10978 9 10996 91 F: 4 5 
11080 9 11116 147 F: 6 3 
11176 10 11216 81 F: 6 4 
11280 5 11285 22 F: 2 2 1 
11320 7 11348 73 F: 4 3 
11486 10 11496 127 F: 5 5 
11592 11 11614 115 F: 6 5 
11688 9 11724 100 F: 9 
11731 2 11737 1 F: 2 
11885 2 11893 119 F: 2 
11926 9 11944 92 F: 2 4 3 
12038 13 12090 7 F: 13 
12115 5 12125 16 F: 2 3 
12278 10 12298 85 F: 4 6 
12378 11 12422 129 F: 11 
12431 8 12455 91 F: 2 4 2 
12547 10 12567 101 F: 5 5 
12646 5 12651 59 F: 2 2 1 
12781 13 12833 120 F: 5 4 4 
12853 10 12873 119 F: 10 
12936 10 12976 27 F: 7 3 
13080 7 13094 109 F: 7 
13118 8 13134 146 F: 2 2 4 
13211 8 13243 65 F: 8 
13356 10 13376 116 F: 5 2 3 
13428 9 13437 146 F: 4 1 4 
13546 9 13564 121 F: 2 3 4 
13636 8 13660 150 F: 4 1 3 
13751 8 13759 30 F: 8 
13874 11 13885 97 F: 5 3 3 
13970 9 13988 72 F: 2 3 4 
14052 5 14062 138 F: 3 2 
14109 12 14133 44 F: 5 4 3 
14281 8 14289 34 F: 3 2 3 
14328 4 14344 68 F: 2 2 
14460 6 14466 80 F: 6 
14545 5 14560 110 F: 2 1 2 
14602 5 14617 60 F: 2 3 
14799 5 14809 107 F: 4 1 
14805 7 14819 41 F: 7 
14905 11 14938 37 F: 5 6 
D: 8 58 
D: 15 115 
D: 19 144 
D: 25 127 
D: 33 72 
D: 46 84 
D: 50 117 
D: 55 83 
D: 57 144 
D: 68 81 
D: 72 73 
D: 79 94 
D: 96 126 
D: 100 148 
D: 107 149 
