56 8 72 89 F: 7 1 
114 9 141 132 F: 9 
207 7 214 131 F: 3 1 3 
308 7 329 45 F: 5 2 
416 12 464 98 F: 5 4 3 
571 9 580 2 F: 9 
618 4 630 15 F: 2 1 1 
717 12 741 97 F: 6 6 
874 13 900 16 F: 7 6 
993 9 1002 103 F: 3 6 
1042 8 1050 143 F: 3 3 2 
1188 8 1196 68 F: 4 2 2 
1297 8 1305 84 F: 7 1 
1342 8 1350 95 F: 8 
1490 9 1499 85 F: 3 4 2 
1511 11 1533 28 F: 5 6 
1618 10 1648 146 F: 10 
1731 7 1745 49 F: 4 3 
1850 8 1858 114 F: 5 3 
1922 9 1940 143 F: 3 6 
2058 10 2098 118 F: 7 3 
2111 4 2119 145 F: 4 
2223 10 2253 63 F: 5 5 
2332 11 2365 38 F: 5 3 3 
2484 8 2508 31 F: 8 
2577 8 2601 103 F: 4 4 
2609 12 2621 87 F: 6 6 
2730 6 2736 114 F: 3 1 2 
2856 4 2868 122 F: 4 
2931 9 2940 75 F: 4 2 3 
3035 9 3071 136 F: 5 3 1 
3196 10 3226 112 F: 4 2 4 
3214 9 3223 48 F: 3 6 
3304 13 3317 33 F: 13 
3490 4 3494 117 F: 3 1 
3552 11 3585 13 F: 7 4 
3632 8 3656 129 F: 8 
3769 6 3781 82 F: 2 4 
3879 11 3890 22 F: 11 
3975 7 3982 81 F: 4 3 
4078 4 4082 124 F: 3 1 
4173 9 4182 36 F: 9 
4223 9 4241 47 F: 9 
4332 10 4352 55 F: 3 3 4 
4468 8 4484 14 F: 7 1 
4570 6 4582 26 F: 5 1 
4660 11 4682 105 F: 7 4 
4766 11 4799 27 F: 11 
4864 7 4892 132 F: 4 3 
4942 12 4990 27 F: 6 6 
5008 8 5024 70 F: 3 1 4 
5120 4 5124 7 F: 2 2 
5203 10 5213 150 F: 3 3 4 
5343 9 5379 59 F: 4 1 4 
5462 9 5480 77 F: 4 5 
5550 4 5554 133 F: 3 1 
5665 5 5675 60 F: 5 
5716 9 5752 89 F: 5 3 1 
5814 8 5846 38 F: 4 2 2 
5918 8 5942 135 F: 4 3 1 
6036 6 6054 52 F: 4 2 
6169 12 6205 38 F: 12 
6220 12 6268 107 F: 12 
6301 10 6341 92 F: 5 2 3 
6445 10 6455 65 F: 10 
6576 10 6586 134 F: 7 3 
6601 5 6611 34 F: 2 3 
6729 6 6747 41 F: 5 1 
6841 5 6856 88 F: 2 1 2 
6967 11 7011 117 F: 7 4 
7016 9 7052 102 F: 3 6 
7165 8 7181 23 F: 3 5 
7251 8 7267 83 F: 4 4 
7346 6 7358 78 F: 6 
7486 9 7522 58 F: 5 4 
7556 12 7580 80 F: 5 3 4 
7600 13 7613 102 F: 13 
7751 8 7775 75 F: 4 3 1 
7841 5 7851 98 F: 2 2 1 
7951 6 7969 123 F: 5 1 
8099 5 8109 23 F: 3 2 
8142 9 8169 128 F: 9 
8224 6 8230 145 F: 6 
8360 8 8392 16 F: 5 2 1 
8442 8 8466 11 F: 4 3 1 
8578 8 8586 74 F: 8 
8695 9 8713 4 F: 6 3 
8783 12 8819 63 F: 7 5 
8838 12 8862 93 F: 12 
8994 10 9014 21 F: 10 
9072 2 9078 111 F: 2 
9132 8 9156 142 F: 8 
9297 7 9325 19 F: 3 1 3 
9301 8 9333 105 F: 8 
9438 3 9444 66 F: 3 
9568 12 9616 135 F: 5 4 3 
9609 9 9618 13 F: 5 1 3 
9730 10 9750 3 F: 6 4 
9882 9 9900 86 F: 2 4 3 
9954 10 9974 55 F: 5 4 1 
10067 5 10082 80 F: 2 3 
10195 12 10243 34 F: 7 5 
10236 10 10266 139 F: 6 4 
10325 6 10337 130 F: 6 
10477 3 10483 78 F: 3 
10584 11 10628 63 F: 11 
10635 8 10667 118 F: 3 4 1 
10745 7 10766 114 F: 2 3 2 
10834 9 10870 134 F: 5 4 
10985 10 11015 69 F: 10 
11002 6 11014 4 F: 4 2 
11110 7 11138 21 F: 2 5 
11282 8 11306 11 F: 5 3 
11392 8 11408 41 F: 3 1 4 
11445 4 11461 96 F: 4 
11519 9 11528 18 F: 9 
11609 9 11636 110 F: 9 
11791 7 11805 119 F: 3 2 2 
11864 9 11882 48 F: 5 4 
11976 5 11996 37 F: 2 2 1 
12036 9 12072 143 F: 7 2 
12140 7 12161 72 F: 4 2 1 
12242 12 12254 18 F: 12 
12328 9 12364 113 F: 4 3 2 
12438 11 12471 68 F: 7 4 
12590 7 12611 116 F: 6 1 
12632 9 12641 35 F: 7 2 
12746 12 12770 53 F: 5 4 3 
12881 13 12933 89 F: 13 
12985 2 12991 76 F: 2 
13064 3 13067 14 F: 2 1 
13174 2 13178 29 F: 2 
13287 9 13296 131 F: 9 
13329 13 13368 9 F: 13 
13473 12 13521 116 F: 7 5 
13561 10 13591 104 F: 4 2 4 
13627 8 13635 94 F: 8 
13706 11 13739 20 F: 6 5 
13822 9 13840 91 F: 3 3 3 
13960 8 13992 111 F: 4 3 1 
14033 12 14069 75 F: 6 6 
14107 9 14125 132 F: 5 2 2 
14230 12 14242 129 F: 12 
14354 7 14368 144 F: 7 
14404 2 14410 65 F: 2 
14524 3 14530 81 F: 3 
14699 8 14723 149 F: 4 4 
14781 10 14801 82 F: 5 5 
14884 12 14932 144 F: 5 3 4 
14962 9 14998 7 F: 5 3 1 
D: 1 21 
D: 5 6 
D: 5 17 
D: 6 47 
D: 8 143 
D: 21 104 
D: 27 98 
D: 33 66 
D: 35 117 
D: 58 116 
D: 78 92 
D: 79 123 
D: 115 121 
D: 116 133 
D: 127 131 
