25 3 31 39 F: 3 
199 13 251 63 F: 7 6 
262 8 286 139 F: 6 2 
336 7 357 97 F: 5 1 1 
497 3 506 39 F: 3 
560 2 566 25 F: 2 
627 7 655 39 F: 3 4 
798 8 830 45 F: 3 1 4 
835 10 855 78 F: 10 
935 12 971 76 F: 12 
1053 4 1057 33 F: 4 
1102 7 1123 126 F: 7 
1212 9 1221 75 F: 4 1 4 
1326 6 1344 82 F: 6 
1463 9 1481 74 F: 5 2 2 
1550 7 1578 44 F: 3 1 3 
1667 12 1703 40 F: 7 5 
1772 8 1796 76 F: 6 2 
1816 9 1825 97 F: 2 4 3 
1903 7 1924 129 F: 2 4 1 
2006 5 2016 146 F: 3 1 1 
2139 8 2155 15 F: 8 
2275 10 2305 40 F: 5 5 
2395 8 2403 1 F: 4 1 3 
2486 12 2498 28 F: 7 5 
2594 8 2626 125 F: 4 3 1 
2667 8 2691 90 F: 5 1 2 
2785 7 2792 24 F: 2 3 2 
2832 12 2856 41 F: 12 
2953 10 2963 119 F: 2 4 4 
3064 13 3103 144 F: 13 
3197 11 3208 112 F: 11 
3260 10 3270 133 F: 10 
3330 5 3350 15 F: 4 1 
3479 5 3489 75 F: 3 2 
3581 7 3609 115 F: 2 2 3 
3637 8 3653 118 F: 6 2 
3795 7 3816 21 F: 6 1 
3869 10 3889 100 F: 10 
3919 9 3928 96 F: 9 
4035 12 4047 37 F: 12 
4152 9 4179 40 F: 6 3 
4283 6 4301 20 F: 6 
4372 5 4392 19 F: 2 3 
4483 10 4523 41 F: 6 4 
4503 7 4531 111 F: 6 1 
4687 8 4703 83 F: 3 3 2 
4789 10 4809 89 F: 5 3 2 
4838 8 4862 141 F: 2 6 
4939 9 4957 85 F: 3 4 2 
5043 6 5067 36 F: 3 3 
5157 7 5185 96 F: 3 1 3 
5280 10 5290 81 F: 10 
5375 10 5405 63 F: 5 5 
5404 6 5416 47 F: 3 3 
5522 9 5531 17 F: 9 
5643 4 5647 148 F: 4 
5788 7 5802 34 F: 3 1 3 
5849 7 5877 81 F: 3 3 1 
5978 2 5986 14 F: 2 
6025 8 6033 37 F: 8 
6145 8 6177 2 F: 4 2 2 
6298 5 6318 59 F: 3 2 
6398 5 6403 148 F: 3 1 1 
6418 6 6424 146 F: 6 
6548 7 6555 72 F: 3 4 
6663 9 6672 66 F: 5 3 1 
6700 4 6716 30 F: 3 1 
6896 9 6914 6 F: 7 2 
6965 7 6986 125 F: 4 3 
7089 10 7109 121 F: 3 4 3 
7142 8 7174 126 F: 3 4 1 
7214 6 7226 110 F: 6 
7358 10 7398 75 F: 5 5 
7429 5 7439 113 F: 2 3 
7526 5 7531 121 F: 3 2 
7695 9 7713 20 F: 7 2 
7775 4 7787 131 F: 4 
7878 9 7887 135 F: 9 
7918 12 7930 145 F: 6 6 
8027 13 8079 10 F: 13 
8114 11 8147 134 F: 5 4 2 
8229 5 8239 25 F: 5 
8310 11 8354 28 F: 11 
8475 9 8502 50 F: 5 3 1 
8515 5 8520 19 F: 3 1 1 
8651 8 8683 66 F: 3 5 
8752 10 8782 146 F: 7 3 
8818 9 8854 150 F: 4 5 
8982 2 8986 96 F: 2 
9001 7 9015 118 F: 6 1 
9168 9 9177 1 F: 9 
9227 6 9239 141 F: 6 
9334 8 9358 13 F: 3 1 4 
9403 5 9423 72 F: 5 
9519 12 9567 16 F: 12 
9617 10 9647 148 F: 10 
9714 10 9734 38 F: 7 3 
9878 5 9898 47 F: 5 
9947 10 9957 13 F: 10 
10051 10 10081 13 F: 4 2 4 
10151 13 10164 83 F: 13 
10224 5 10234 67 F: 5 
10363 8 10395 25 F: 8 
10486 6 10498 10 F: 5 1 
10567 11 10611 141 F: 3 4 4 
10696 11 10707 27 F: 6 5 
10779 8 10795 86 F: 8 
10870 8 10894 40 F: 4 3 1 
10983 10 11003 3 F: 4 6 
11025 11 11036 132 F: 3 4 4 
11107 9 11125 5 F: 3 4 2 
11269 12 11317 64 F: 12 
11388 6 11406 110 F: 6 
11482 7 11503 44 F: 3 1 3 
11563 7 11584 65 F: 5 1 1 
11686 8 11718 33 F: 8 
11789 12 11801 112 F: 5 3 4 
11806 10 11826 97 F: 5 2 3 
11929 8 11961 122 F: 2 4 2 
12073 9 12091 59 F: 9 
12173 9 12209 98 F: 3 2 4 
12237 9 12255 67 F: 6 3 
12378 11 12422 37 F: 11 
12400 12 12448 105 F: 12 
12548 11 12581 84 F: 3 4 4 
12693 9 12720 48 F: 6 3 
12719 4 12723 102 F: 2 1 1 
12898 8 12922 90 F: 8 
12965 5 12970 52 F: 3 2 
13034 9 13052 51 F: 3 2 4 
13163 11 13185 102 F: 5 2 4 
13253 5 13258 114 F: 5 
13317 6 13323 21 F: 2 1 3 
13476 6 13494 110 F: 3 3 
13533 8 13549 112 F: 3 5 
13675 12 13711 124 F: 12 
13758 8 13774 80 F: 3 1 4 
13898 7 13905 77 F: 3 4 
13919 12 13955 104 F: 7 5 
14024 5 14039 47 F: 2 2 1 
14195 6 14213 54 F: 3 2 1 
14279 9 14297 137 F: 4 2 3 
14304 6 14310 34 F: 2 2 2 
14427 11 14460 139 F: 7 4 
14559 2 14565 22 F: 2 
14669 11 14680 150 F: 5 3 3 
14707 6 14719 53 F: 6 
14897 13 14923 13 F: 13 
14993 10 15023 8 F: 6 4 
D: 0 140 
D: 6 129 
D: 9 12 
D: 14 149 
D: 19 94 
D: 28 49 
D: 29 140 
D: 54 89 
D: 66 120 
D: 75 99 
D: 92 103 
D: 110 123 
D: 124 147 
D: 129 138 
D: 136 142 
