60 4 76 4 F: 4 
105 3 117 27 F: 3 
208 10 238 78 F: 4 2 4 
350 6 356 53 F: 3 2 1 
490 3 493 104 F: 3 
578 5 598 111 F: 5 
672 10 712 156 F: 7 3 
753 5 768 62 F: 3 2 
886 8 902 37 F: 7 1 
974 4 986 90 F: 2 1 1 
1017 5 1027 8 F: 5 
1199 5 1219 153 F: 5 
1288 8 1320 127 F: 2 4 2 
1321 9 1348 11 F: 4 1 4 
1482 9 1509 76 F: 9 
1574 10 1584 40 F: 4 6 
1687 7 1694 166 F: 2 4 1 
1770 10 1790 128 F: 5 4 1 
1849 12 1861 151 F: 12 
1961 8 1969 28 F: 5 3 
2076 5 2081 107 F: 5 
2174 6 2186 165 F: 3 1 2 
2233 10 2243 44 F: 4 4 2 
2321 5 2331 15 F: 2 3 
2465 12 2501 192 F: 7 5 
2558 9 2567 106 F: 4 3 2 
2624 7 2638 192 F: 5 2 
2748 7 2755 63 F: 5 2 
2814 7 2828 10 F: 4 3 
2925 11 2958 80 F: 6 5 
3094 9 3130 22 F: 9 
3126 5 3146 16 F: 2 3 
3204 7 3225 191 F: 2 5 
3335 8 3343 15 F: 8 
3436 13 3449 117 F: 13 
3536 13 3562 140 F: 13 
3607 8 3615 97 F: 2 4 2 
3706 7 3734 177 F: 2 2 3 
3878 7 3899 138 F: 4 3 
3982 4 3994 100 F: 4 
4006 7 4027 184 F: 3 2 2 
4196 10 4226 4 F: 7 3 
4269 12 4317 90 F: 5 4 3 
4329 13 4381 188 F: 13 
4434 9 4443 135 F: 3 4 2 
4545 12 4557 72 F: 12 
4647 6 4659 46 F: 6 
4740 10 4750 57 F: 4 6 
4855 6 4867 152 F: 6 
4951 13 4964 125 F: 7 6 
5081 9 5108 51 F: 4 1 4 
5164 2 5168 135 F: 2 
5287 7 5308 178 F: 7 
5325 5 5335 186 F: 2 1 2 
5463 8 5479 62 F: 5 1 2 
5514 6 5526 180 F: 6 
5600 3 5609 163 F: 3 
5704 13 5730 126 F: 13 
5808 7 5829 121 F: 6 1 
5954 2 5960 193 F: 2 
6014 9 6023 89 F: 3 2 4 
6129 9 6165 56 F: 4 5 
6200 5 6210 119 F: 2 1 2 
6300 5 6320 5 F: 2 3 
6498 4 6510 85 F: 2 2 
6553 10 6583 143 F: 5 3 2 
6603 3 6615 101 F: 2 1 
6720 9 6756 176 F: 5 3 1 
6841 7 6869 186 F: 3 4 
6934 8 6958 10 F: 8 
7036 12 7060 75 F: 12 
7103 8 7135 88 F: 3 1 4 
7294 5 7309 164 F: 5 
7378 10 7418 4 F: 10 
7483 8 7499 104 F: 3 3 2 
7558 8 7590 19 F: 5 3 
7657 8 7665 170 F: 4 2 2 
7750 5 7755 146 F: 3 1 1 
7824 7 7845 170 F: 4 2 1 
7949 6 7973 92 F: 3 1 2 
8041 11 8074 81 F: 4 3 4 
8102 7 8130 69 F: 2 3 2 
8293 5 8303 54 F: 2 3 
8356 3 8359 66 F: 3 
8497 7 8511 11 F: 4 3 
8560 6 8566 164 F: 2 3 1 
8634 6 8652 126 F: 2 4 
8792 13 8818 72 F: 13 
8874 10 8884 105 F: 5 4 1 
8971 9 9007 2 F: 9 
9067 3 9076 97 F: 3 
9178 9 9187 93 F: 5 4 
9272 10 9312 35 F: 5 2 3 
9376 12 9400 33 F: 12 
9492 13 9505 161 F: 5 4 4 
9541 11 9552 40 F: 4 4 3 
9655 11 9688 8 F: 11 
9746 3 9752 10 F: 3 
9812 11 9823 111 F: 4 4 3 
9984 12 10020 3 F: 5 4 3 
10076 10 10116 200 F: 7 3 
10120 12 10144 105 F: 6 6 
10207 6 10225 135 F: 2 3 1 
10398 7 10412 11 F: 4 3 
10439 13 10491 114 F: 13 
10504 11 10537 182 F: 11 
10657 2 10661 79 F: 2 
10729 8 10745 190 F: 3 2 3 
10885 10 10905 48 F: 4 2 4 
10940 12 10976 74 F: 4 4 4 
11083 6 11107 107 F: 2 4 
11184 8 11192 152 F: 3 1 4 
11238 10 11258 47 F: 10 
11353 9 11362 98 F: 9 
11499 9 11535 146 F: 9 
11580 7 11601 199 F: 4 1 2 
11684 11 11717 121 F: 7 4 
11778 12 11790 7 F: 5 4 3 
11834 5 11844 188 F: 4 1 
11915 13 11928 165 F: 13 
12049 8 12081 46 F: 5 3 
12146 11 12190 156 F: 7 4 
12245 12 12281 68 F: 12 
12359 9 12368 126 F: 9 
12478 4 12482 55 F: 3 1 
12521 10 12541 98 F: 10 
12628 4 12632 132 F: 2 2 
12716 12 12728 123 F: 12 
12804 8 12812 110 F: 8 
12960 7 12988 73 F: 3 3 1 
13036 6 13048 156 F: 6 
13145 9 13181 97 F: 3 6 
13211 5 13231 148 F: 5 
13348 6 13354 194 F: 5 1 
13493 8 13517 65 F: 4 2 2 
13570 9 13606 177 F: 5 4 
13631 5 13651 14 F: 5 
13765 12 13813 84 F: 12 
13890 13 13942 185 F: 13 
13922 9 13958 186 F: 4 4 1 
14015 7 14029 190 F: 2 3 2 
14108 5 14128 7 F: 3 1 1 
14232 4 14236 95 F: 2 2 
14324 7 14338 3 F: 5 1 1 
14480 7 14508 198 F: 5 2 
14570 12 14618 191 F: 12 
14693 10 14703 181 F: 5 1 4 
14706 9 14715 100 F: 4 2 3 
14852 8 14876 10 F: 8 
14954 9 14963 92 F: 3 6 
15047 7 15061 32 F: 5 2 
15135 5 15140 52 F: 3 1 1 
15247 11 15258 114 F: 11 
15384 7 15412 5 F: 2 3 2 
15470 5 15490 137 F: 4 1 
15533 9 15551 123 F: 3 6 
15686 8 15694 192 F: 3 1 4 
15767 9 15785 164 F: 3 4 2 
15851 11 15862 120 F: 3 4 4 
15922 6 15934 4 F: 6 
16009 10 16049 102 F: 7 3 
16118 7 16146 97 F: 2 3 2 
16279 3 16288 109 F: 3 
16300 11 16311 160 F: 11 
16428 3 16437 155 F: 3 
16530 8 16538 172 F: 6 2 
16615 7 16643 112 F: 7 
16749 2 16755 74 F: 2 
16808 3 16811 87 F: 3 
16923 3 16935 129 F: 3 
17042 8 17050 159 F: 3 4 1 
17174 8 17206 162 F: 2 6 
17269 11 17280 68 F: 6 5 
17377 5 17382 140 F: 5 
17407 10 17447 75 F: 5 4 1 
17592 12 17640 132 F: 12 
17667 13 17693 106 F: 13 
17700 11 17722 32 F: 5 3 3 
17808 6 17832 26 F: 2 4 
17977 8 18001 171 F: 8 
18040 3 18043 56 F: 3 
18115 7 18122 10 F: 2 3 2 
18297 3 18309 150 F: 3 
18328 8 18352 77 F: 2 2 4 
18499 7 18506 122 F: 7 
18511 11 18555 80 F: 11 
18635 9 18662 49 F: 3 3 3 
18793 6 18799 152 F: 6 
18893 9 18920 65 F: 4 3 2 
18900 5 18905 156 F: 5 
19066 7 19094 24 F: 3 4 
19172 5 19177 100 F: 4 1 
19280 9 19316 135 F: 4 2 3 
19369 8 19393 161 F: 8 
19440 5 19450 1 F: 4 1 
19540 12 19564 138 F: 12 
19665 10 19705 43 F: 5 3 2 
19700 9 19709 39 F: 4 5 
19895 9 19931 111 F: 9 
19900 4 19912 9 F: 3 1 
D: 3 147 
D: 5 135 
D: 8 28 
D: 13 198 
D: 27 187 
D: 31 160 
D: 31 193 
D: 34 60 
D: 43 122 
D: 49 54 
D: 58 104 
D: 61 183 
D: 62 104 
D: 69 87 
D: 116 159 
D: 124 196 
D: 136 154 
D: 139 192 
D: 175 195 
D: 196 199 
