78 11 89 23 F: 11 
121 9 157 165 F: 4 2 3 
264 4 272 180 F: 4 
327 7 348 115 F: 2 2 3 
450 5 470 61 F: 5 
582 7 589 152 F: 4 1 2 
601 11 634 13 F: 4 4 3 
769 12 805 43 F: 7 5 
860 8 892 171 F: 5 2 1 
939 3 945 12 F: 2 1 
1067 2 1071 107 F: 2 
1186 6 1204 118 F: 4 2 
1255 6 1279 149 F: 2 3 1 
1321 4 1329 62 F: 3 1 
1462 7 1490 87 F: 2 5 
1514 7 1542 67 F: 3 1 3 
1682 7 1710 92 F: 3 1 3 
1732 10 1742 180 F: 5 5 
1888 9 1915 117 F: 9 
1950 2 1954 10 F: 2 
2019 8 2043 106 F: 8 
2113 6 2131 172 F: 6 
2242 8 2274 11 F: 8 
2342 8 2366 72 F: 2 2 4 
2474 10 2514 99 F: 4 2 4 
2506 11 2539 27 F: 11 
2649 9 2658 86 F: 4 4 1 
2737 11 2759 101 F: 5 3 3 
2881 10 2901 172 F: 7 3 
2997 4 3013 193 F: 3 1 
3091 12 3139 186 F: 12 
3110 8 3142 5 F: 7 1 
3259 9 3268 138 F: 3 4 2 
3397 7 3418 37 F: 2 5 
3423 9 3441 121 F: 4 2 3 
3587 8 3619 68 F: 3 4 1 
3609 7 3630 40 F: 7 
3702 10 3742 26 F: 7 3 
3899 8 3923 94 F: 8 
3990 8 4022 151 F: 3 5 
4034 12 4046 88 F: 12 
4161 9 4170 68 F: 5 1 3 
4233 6 4239 44 F: 2 2 2 
4388 7 4395 125 F: 3 4 
4491 10 4501 156 F: 3 3 4 
4575 4 4579 63 F: 4 
4679 8 4703 95 F: 8 
4759 9 4777 6 F: 5 3 1 
4862 8 4894 169 F: 2 3 3 
4955 7 4976 21 F: 3 3 1 
5025 8 5041 125 F: 3 1 4 
5161 7 5175 22 F: 3 3 1 
5226 5 5241 186 F: 2 1 2 
5372 11 5394 22 F: 5 6 
5483 10 5493 38 F: 5 1 4 
5592 7 5599 67 F: 2 3 2 
5663 7 5677 91 F: 4 1 2 
5782 10 5812 160 F: 5 5 
5868 10 5878 71 F: 4 3 3 
5935 8 5951 145 F: 7 1 
6044 9 6080 16 F: 7 2 
6157 7 6178 22 F: 2 5 
6262 9 6298 118 F: 2 4 3 
6302 8 6334 170 F: 5 1 2 
6459 6 6477 87 F: 3 3 
6585 9 6621 191 F: 3 4 2 
6673 8 6705 176 F: 5 1 2 
6744 2 6752 43 F: 2 
6860 12 6872 182 F: 5 4 3 
6930 2 6938 72 F: 2 
7053 3 7059 57 F: 3 
7108 5 7113 42 F: 2 1 2 
7219 6 7225 108 F: 4 2 
7303 9 7321 44 F: 5 4 
7465 4 7469 121 F: 4 
7501 11 7523 133 F: 5 6 
7675 4 7691 71 F: 2 2 
7737 3 7746 170 F: 3 
7868 6 7874 96 F: 2 1 3 
7977 5 7987 193 F: 3 2 
8008 11 8041 174 F: 5 2 4 
8159 5 8169 93 F: 5 
8202 6 8226 29 F: 4 2 
8380 13 8406 149 F: 13 
8443 5 8463 114 F: 5 
8519 4 8535 53 F: 3 1 
8677 9 8695 49 F: 5 1 3 
8764 10 8774 5 F: 4 6 
8844 13 8883 154 F: 13 
8928 4 8932 149 F: 4 
9002 8 9034 133 F: 5 3 
9166 12 9178 110 F: 5 3 4 
9266 9 9293 32 F: 9 
9332 3 9338 82 F: 2 1 
9487 2 9491 107 F: 2 
9511 7 9525 109 F: 6 1 
9608 6 9632 59 F: 6 
9700 8 9708 172 F: 8 
9841 10 9881 136 F: 7 3 
9965 5 9980 146 F: 5 
10040 8 10064 77 F: 4 4 
10115 7 10136 127 F: 4 3 
10282 7 10303 143 F: 7 
10329 7 10357 74 F: 7 
10422 8 10438 37 F: 5 2 1 
10544 4 10552 199 F: 4 
10676 11 10709 44 F: 11 
10720 9 10729 153 F: 3 2 4 
10841 6 10859 70 F: 6 
10950 8 10958 181 F: 3 1 4 
11018 5 11023 96 F: 4 1 
11192 7 11206 136 F: 7 
11236 5 11241 127 F: 2 3 
11322 10 11342 87 F: 4 3 3 
11438 10 11458 132 F: 3 3 4 
11583 7 11590 69 F: 2 5 
11618 9 11627 108 F: 9 
11707 9 11743 162 F: 5 4 
11827 9 11836 157 F: 3 6 
11980 5 11985 111 F: 2 2 1 
12078 9 12096 17 F: 2 3 4 
12103 6 12115 121 F: 4 2 
12215 12 12227 172 F: 6 6 
12398 10 12428 48 F: 10 
12450 11 12472 34 F: 3 4 4 
12554 12 12590 97 F: 6 6 
12651 10 12661 130 F: 10 
12709 9 12736 85 F: 5 2 2 
12812 8 12836 119 F: 3 4 1 
12943 9 12979 28 F: 2 4 3 
13092 6 13116 49 F: 6 
13106 2 13108 14 F: 2 
13233 8 13257 186 F: 8 
13311 2 13317 34 F: 2 
13476 6 13494 63 F: 6 
13572 11 13616 161 F: 7 4 
13685 6 13709 95 F: 6 
13738 7 13745 89 F: 3 4 
13893 8 13917 38 F: 5 3 
13917 8 13941 34 F: 4 3 1 
14086 10 14106 120 F: 5 1 4 
14159 13 14172 45 F: 13 
14255 8 14263 123 F: 8 
14384 7 14412 138 F: 7 
14472 7 14486 99 F: 7 
14534 7 14562 88 F: 4 3 
14673 6 14691 77 F: 2 4 
14767 8 14791 119 F: 8 
14887 8 14895 118 F: 5 1 2 
14959 12 15007 44 F: 12 
15016 10 15056 166 F: 7 3 
15184 10 15204 11 F: 5 5 
15230 8 15262 44 F: 3 1 4 
15374 3 15377 187 F: 3 
15421 4 15429 40 F: 4 
15599 9 15635 34 F: 5 2 2 
15625 8 15657 36 F: 3 1 4 
15720 10 15760 102 F: 4 6 
15831 10 15841 12 F: 6 4 
15995 10 16035 196 F: 10 
16006 7 16013 158 F: 7 
16122 4 16130 98 F: 2 1 1 
16297 10 16337 59 F: 5 3 2 
16325 11 16369 150 F: 6 5 
16461 6 16479 16 F: 4 2 
16516 11 16560 121 F: 6 5 
16687 11 16709 196 F: 6 5 
16717 11 16728 163 F: 11 
16888 8 16896 157 F: 3 3 2 
16922 3 16928 75 F: 3 
17041 10 17051 144 F: 4 2 4 
17137 10 17167 68 F: 6 4 
17281 13 17307 34 F: 7 6 
17352 9 17379 45 F: 4 4 1 
17401 7 17408 179 F: 7 
17598 10 17608 128 F: 4 6 
17642 8 17658 4 F: 8 
17785 13 17837 33 F: 13 
17803 4 17815 125 F: 2 2 
17938 2 17944 7 F: 2 
18034 8 18066 127 F: 3 1 4 
18107 11 18151 180 F: 7 4 
18201 2 18207 158 F: 2 
18328 7 18356 128 F: 5 2 
18463 11 18474 37 F: 11 
18528 13 18567 190 F: 13 
18622 10 18632 105 F: 5 4 1 
18718 13 18757 166 F: 5 4 4 
18852 6 18864 71 F: 6 
18907 4 18915 155 F: 2 2 
19090 11 19112 142 F: 5 6 
19122 7 19150 83 F: 7 
19203 5 19223 160 F: 2 1 2 
19355 5 19375 158 F: 3 1 1 
19402 9 19420 100 F: 4 1 4 
19500 7 19528 115 F: 3 3 1 
19692 10 19702 81 F: 10 
19714 9 19723 148 F: 4 2 3 
19804 10 19814 161 F: 5 2 3 
19910 9 19946 92 F: 9 
D: 9 69 
D: 9 154 
D: 12 141 
D: 15 146 
D: 20 119 
D: 24 193 
D: 27 90 
D: 39 184 
D: 45 97 
D: 46 77 
D: 54 193 
D: 55 159 
D: 61 171 
D: 66 132 
D: 72 186 
D: 91 106 
D: 98 172 
D: 116 137 
D: 152 156 
D: 161 197 
