11 2 15 120 F: 2 
169 8 185 61 F: 2 4 2 
240 3 249 124 F: 3 
312 9 348 188 F: 5 1 3 
495 11 517 61 F: 11 
554 11 576 169 F: 5 6 
634 8 658 183 F: 4 3 1 
700 5 720 138 F: 2 1 2 
806 11 850 169 F: 3 4 4 
939 11 972 86 F: 11 
1027 4 1031 47 F: 2 2 
1126 10 1156 144 F: 7 3 
1247 10 1267 14 F: 5 5 
1373 9 1391 51 F: 2 3 4 
1485 9 1503 8 F: 9 
1566 3 1569 34 F: 3 
1609 7 1616 35 F: 3 3 1 
1790 10 1820 27 F: 10 
1899 8 1907 195 F: 3 5 
1954 12 1978 49 F: 4 4 4 
2033 8 2065 169 F: 4 2 2 
2107 11 2118 114 F: 6 5 
2235 10 2255 58 F: 5 3 2 
2385 7 2399 158 F: 3 2 2 
2417 10 2457 183 F: 2 4 4 
2525 7 2539 106 F: 2 5 
2637 7 2651 163 F: 2 5 
2796 10 2836 191 F: 10 
2802 9 2829 156 F: 5 3 1 
2914 11 2936 42 F: 11 
3031 9 3040 159 F: 3 2 4 
3150 11 3161 123 F: 4 3 4 
3243 10 3283 183 F: 4 6 
3371 7 3385 95 F: 7 
3434 10 3464 147 F: 4 4 2 
3535 5 3545 54 F: 4 1 
3688 6 3706 89 F: 6 
3768 6 3792 87 F: 2 4 
3864 8 3880 49 F: 6 2 
3909 10 3949 196 F: 4 6 
4093 5 4113 195 F: 5 
4119 6 4125 85 F: 2 3 1 
4227 11 4238 113 F: 11 
4377 6 4383 167 F: 6 
4492 10 4532 163 F: 10 
4542 5 4557 192 F: 2 3 
4679 8 4695 64 F: 5 3 
4714 6 4732 3 F: 6 
4872 3 4881 18 F: 3 
4998 3 5010 111 F: 3 
5034 13 5086 31 F: 7 6 
5154 6 5160 149 F: 5 1 
5253 8 5285 47 F: 4 4 
5385 12 5421 169 F: 12 
5422 9 5431 117 F: 9 
5568 8 5600 68 F: 8 
5621 6 5645 132 F: 2 4 
5711 11 5744 159 F: 4 3 4 
5861 8 5869 199 F: 8 
5935 6 5947 185 F: 6 
6067 8 6099 135 F: 2 3 3 
6107 10 6147 121 F: 4 2 4 
6285 10 6315 114 F: 10 
6373 7 6394 39 F: 4 3 
6464 9 6500 27 F: 6 3 
6515 3 6518 82 F: 3 
6692 4 6700 73 F: 3 1 
6787 8 6819 96 F: 4 4 
6843 10 6873 20 F: 6 4 
6912 9 6930 118 F: 5 4 
7083 8 7115 29 F: 4 4 
7125 11 7147 71 F: 5 6 
7206 12 7218 148 F: 5 4 3 
7307 12 7343 103 F: 12 
7453 7 7467 87 F: 3 2 2 
7556 8 7572 185 F: 8 
7615 9 7633 27 F: 5 4 
7753 12 7789 112 F: 5 3 4 
7886 6 7892 53 F: 6 
7988 6 7994 99 F: 3 1 2 
8020 5 8025 163 F: 5 
8133 3 8139 32 F: 3 
8297 9 8306 70 F: 9 
8336 13 8375 69 F: 5 4 4 
8422 8 8430 159 F: 2 6 
8578 9 8587 181 F: 4 4 1 
8664 8 8672 133 F: 3 5 
8746 10 8786 114 F: 10 
8839 7 8860 92 F: 2 2 3 
8972 7 8986 196 F: 3 1 3 
9096 11 9118 68 F: 11 
9180 7 9187 23 F: 4 3 
9208 8 9224 7 F: 7 1 
9330 12 9366 73 F: 12 
9439 2 9447 45 F: 2 
9524 12 9560 172 F: 6 6 
9680 3 9683 95 F: 3 
9742 9 9778 1 F: 4 5 
9893 9 9920 146 F: 3 4 2 
9914 8 9930 6 F: 8 
10011 8 10035 144 F: 3 1 4 
10166 6 10184 13 F: 6 
10257 7 10264 133 F: 3 2 2 
10383 8 10399 62 F: 2 2 4 
10439 7 10460 62 F: 3 1 3 
10550 5 10555 167 F: 2 3 
10696 9 10714 34 F: 2 4 3 
10746 5 10751 28 F: 5 
10899 11 10932 160 F: 5 2 4 
10931 8 10939 98 F: 5 3 
11013 8 11045 176 F: 3 5 
11106 8 11138 4 F: 4 2 2 
11285 9 11294 43 F: 9 
11318 9 11336 162 F: 9 
11492 13 11518 5 F: 7 6 
11514 10 11554 180 F: 10 
11697 10 11717 132 F: 10 
11772 5 11787 128 F: 2 3 
11876 8 11884 146 F: 5 3 
11937 5 11952 92 F: 4 1 
12008 11 12019 135 F: 11 
12117 8 12125 48 F: 2 4 2 
12228 10 12248 53 F: 4 3 3 
12359 6 12365 198 F: 6 
12481 13 12494 1 F: 13 
12537 6 12561 129 F: 4 1 1 
12673 9 12691 59 F: 9 
12726 10 12746 95 F: 4 6 
12843 8 12859 82 F: 8 
12997 6 13015 195 F: 2 4 
13025 11 13058 159 F: 6 5 
13122 10 13162 5 F: 2 4 4 
13291 8 13307 139 F: 8 
13391 6 13415 100 F: 6 
13477 9 13504 182 F: 9 
13506 7 13520 126 F: 2 2 3 
13634 8 13650 97 F: 5 2 1 
13721 5 13741 46 F: 2 3 
13850 3 13862 11 F: 2 1 
13938 8 13970 80 F: 8 
14098 12 14134 107 F: 5 4 3 
14160 5 14170 81 F: 3 1 1 
14296 9 14332 97 F: 5 1 3 
14300 6 14312 113 F: 2 2 2 
14471 10 14501 132 F: 10 
14564 9 14573 155 F: 9 
14665 7 14672 121 F: 3 4 
14764 8 14788 125 F: 8 
14844 8 14868 15 F: 8 
14940 7 14947 30 F: 2 5 
15011 10 15051 6 F: 5 5 
15157 11 15168 134 F: 5 4 2 
15219 13 15271 167 F: 13 
15341 4 15349 84 F: 4 
15404 9 15413 99 F: 4 4 1 
15531 8 15555 37 F: 5 3 
15624 6 15648 134 F: 5 1 
15732 9 15741 105 F: 2 3 4 
15827 4 15835 98 F: 3 1 
15956 13 15995 158 F: 7 6 
16014 8 16030 38 F: 2 2 4 
16140 5 16145 95 F: 2 2 1 
16281 9 16317 172 F: 9 
16314 9 16332 113 F: 5 1 3 
16446 10 16486 55 F: 6 4 
16549 6 16561 200 F: 3 3 
16610 10 16640 122 F: 4 2 4 
16797 4 16805 180 F: 4 
16838 9 16847 145 F: 5 3 1 
16914 9 16923 70 F: 9 
17046 8 17062 56 F: 8 
17138 8 17170 97 F: 6 2 
17215 9 17242 189 F: 3 6 
17344 7 17351 138 F: 5 1 1 
17421 11 17454 116 F: 4 3 4 
17576 6 17588 29 F: 3 2 1 
17689 11 17722 21 F: 4 3 4 
17786 10 17816 35 F: 10 
17882 5 17902 135 F: 4 1 
17908 6 17926 171 F: 2 1 3 
18070 13 18122 13 F: 7 6 
18180 10 18200 105 F: 10 
18256 3 18268 33 F: 2 1 
18343 9 18379 34 F: 6 3 
18433 13 18459 173 F: 7 6 
18568 5 18578 71 F: 2 3 
18676 7 18683 154 F: 2 1 4 
18778 7 18806 80 F: 3 4 
18872 7 18879 110 F: 7 
18904 5 18919 108 F: 4 1 
19061 8 19077 150 F: 7 1 
19158 8 19174 34 F: 3 5 
19216 7 19244 122 F: 6 1 
19388 6 19400 36 F: 3 3 
19402 7 19416 177 F: 7 
19521 5 19541 167 F: 3 2 
19699 9 19726 143 F: 9 
19788 6 19806 150 F: 2 2 2 
19841 6 19847 18 F: 2 4 
19942 7 19963 168 F: 4 3 
D: 3 61 
D: 4 114 
D: 16 22 
D: 20 169 
D: 22 156 
D: 27 86 
D: 39 154 
D: 48 129 
D: 55 73 
D: 61 85 
D: 68 182 
D: 73 157 
D: 77 164 
D: 92 156 
D: 97 184 
D: 107 114 
D: 112 166 
D: 126 136 
D: 142 177 
D: 165 166 
