74 8 106 185 F: 4 4 
128 8 152 7 F: 5 2 1 
229 9 238 56 F: 2 4 3 
396 11 418 174 F: 5 2 4 
438 12 486 146 F: 7 5 
547 12 583 40 F: 12 
685 2 691 48 F: 2 
768 10 798 52 F: 10 
806 9 815 39 F: 4 4 1 
948 8 956 155 F: 4 2 2 
1080 6 1098 22 F: 5 1 
1106 9 1133 153 F: 5 4 
1246 5 1256 163 F: 2 1 2 
1307 10 1337 61 F: 3 3 4 
1407 5 1417 93 F: 2 1 2 
1532 8 1556 57 F: 2 6 
1619 7 1640 6 F: 5 1 1 
1778 8 1810 135 F: 5 1 2 
1822 11 1866 157 F: 11 
1975 7 1989 37 F: 7 
2087 8 2119 127 F: 3 4 1 
2122 2 2126 145 F: 2 
2247 11 2269 179 F: 4 3 4 
2346 11 2390 90 F: 11 
2439 4 2455 167 F: 2 2 
2517 8 2541 41 F: 8 
2646 9 2664 157 F: 4 4 1 
2753 11 2775 127 F: 5 6 
2861 8 2893 62 F: 4 3 1 
2979 6 2985 84 F: 6 
3035 12 3083 6 F: 6 6 
3130 11 3163 36 F: 5 2 4 
3208 8 3216 199 F: 3 2 3 
3363 8 3395 165 F: 2 3 3 
3410 10 3440 67 F: 10 
3577 6 3589 166 F: 3 1 2 
3680 12 3728 175 F: 12 
3744 8 3760 35 F: 5 1 2 
3802 12 3826 142 F: 12 
3969 12 4005 39 F: 12 
4040 5 4050 103 F: 2 3 
4145 5 4160 169 F: 4 1 
4283 6 4301 186 F: 4 2 
4314 8 4338 2 F: 4 1 3 
4432 11 4443 99 F: 11 
4542 12 4554 17 F: 7 5 
4663 7 4670 45 F: 4 1 2 
4729 4 4741 23 F: 4 
4899 10 4909 34 F: 4 6 
4961 9 4988 36 F: 3 4 2 
5058 12 5070 42 F: 4 4 4 
5184 8 5208 73 F: 5 3 
5297 11 5330 44 F: 6 5 
5372 9 5399 195 F: 4 4 1 
5427 9 5445 25 F: 5 4 
5552 13 5591 79 F: 13 
5659 10 5679 198 F: 10 
5743 8 5767 113 F: 3 4 1 
5829 3 5835 184 F: 3 
5924 8 5956 86 F: 4 4 
6098 12 6146 27 F: 12 
6169 9 6196 3 F: 7 2 
6265 10 6295 189 F: 3 3 4 
6324 3 6336 9 F: 3 
6404 7 6432 67 F: 5 1 1 
6512 7 6540 156 F: 3 3 1 
6642 9 6660 191 F: 2 3 4 
6751 6 6757 157 F: 6 
6822 10 6862 195 F: 6 4 
6956 12 7004 86 F: 12 
7051 12 7063 118 F: 7 5 
7184 8 7200 29 F: 4 4 
7251 10 7281 2 F: 6 4 
7346 9 7373 97 F: 5 1 3 
7471 5 7486 45 F: 3 2 
7572 5 7582 141 F: 4 1 
7677 7 7705 9 F: 2 1 4 
7706 9 7733 139 F: 9 
7855 13 7868 127 F: 5 4 4 
7909 4 7925 198 F: 2 2 
8077 7 8098 132 F: 2 1 4 
8139 8 8147 143 F: 5 1 2 
8260 10 8270 113 F: 10 
8305 6 8323 69 F: 3 1 2 
8400 9 8427 91 F: 9 
8585 9 8612 174 F: 9 
8670 10 8700 162 F: 10 
8737 10 8777 191 F: 10 
8842 9 8851 129 F: 6 3 
8934 6 8940 84 F: 4 1 1 
9038 13 9077 127 F: 13 
9141 6 9147 99 F: 4 2 
9220 8 9228 72 F: 6 2 
9380 12 9392 148 F: 7 5 
9401 13 9427 45 F: 13 
9572 13 9611 100 F: 13 
9638 11 9671 21 F: 5 6 
9780 13 9793 49 F: 13 
9892 3 9901 40 F: 3 
9938 6 9944 112 F: 2 2 2 
10015 11 10048 16 F: 11 
10124 9 10133 91 F: 9 
10292 6 10298 149 F: 3 2 1 
10386 11 10419 125 F: 4 3 4 
10492 7 10506 146 F: 2 5 
10514 8 10530 188 F: 2 2 4 
10620 10 10640 167 F: 10 
10758 9 10776 200 F: 6 3 
10858 6 10876 96 F: 4 2 
10908 4 10924 143 F: 4 
11025 9 11061 80 F: 4 2 3 
11129 7 11150 104 F: 4 3 
11233 10 11273 24 F: 10 
11392 7 11399 62 F: 2 4 1 
11437 8 11469 95 F: 4 4 
11588 6 11606 100 F: 6 
11689 10 11699 107 F: 6 4 
11778 11 11822 45 F: 11 
11842 9 11851 110 F: 9 
11933 13 11946 191 F: 7 6 
12056 9 12074 123 F: 4 1 4 
12170 8 12194 79 F: 2 2 4 
12283 9 12292 109 F: 3 2 4 
12396 5 12406 79 F: 5 
12425 7 12439 71 F: 3 1 3 
12509 11 12531 112 F: 4 4 3 
12639 6 12663 46 F: 2 1 3 
12772 5 12777 196 F: 5 
12837 10 12877 119 F: 5 5 
12975 6 12981 33 F: 2 3 1 
13052 4 13068 17 F: 4 
13120 8 13128 163 F: 8 
13239 8 13247 99 F: 8 
13310 9 13346 115 F: 6 3 
13425 10 13455 84 F: 5 5 
13553 3 13556 72 F: 3 
13678 12 13726 56 F: 7 5 
13714 8 13738 20 F: 2 4 2 
13862 11 13884 170 F: 5 3 3 
13988 2 13992 11 F: 2 
14061 5 14066 100 F: 5 
14199 8 14215 150 F: 4 2 2 
14236 7 14257 192 F: 6 1 
14379 2 14383 150 F: 2 
14478 6 14496 22 F: 2 2 2 
14529 4 14533 111 F: 4 
14605 6 14623 156 F: 2 4 
14764 8 14796 170 F: 6 2 
14820 11 14831 2 F: 11 
14915 6 14933 45 F: 6 
15086 10 15126 154 F: 10 
15126 7 15133 21 F: 2 2 3 
15276 5 15286 154 F: 2 3 
15366 12 15414 91 F: 12 
15413 6 15437 68 F: 3 2 1 
15568 8 15600 180 F: 3 5 
15677 11 15710 184 F: 6 5 
15779 7 15800 138 F: 4 3 
15843 10 15863 72 F: 10 
15966 10 15976 193 F: 5 5 
16062 9 16071 148 F: 7 2 
16186 6 16210 13 F: 4 2 
16252 7 16280 145 F: 4 3 
16385 8 16409 58 F: 6 2 
16456 6 16468 100 F: 2 4 
16572 7 16600 66 F: 3 4 
16657 11 16668 33 F: 11 
16791 8 16807 45 F: 2 2 4 
16812 11 16845 147 F: 3 4 4 
16917 10 16927 106 F: 6 4 
17061 10 17091 185 F: 10 
17149 2 17153 108 F: 2 
17228 7 17249 137 F: 2 4 1 
17371 9 17389 199 F: 5 2 2 
17455 8 17463 159 F: 8 
17557 11 17590 87 F: 3 4 4 
17648 9 17657 21 F: 4 1 4 
17739 5 17759 157 F: 4 1 
17832 8 17848 195 F: 7 1 
17997 12 18045 145 F: 5 4 3 
18068 7 18089 23 F: 2 3 2 
18106 8 18130 197 F: 7 1 
18269 10 18279 39 F: 10 
18375 12 18411 60 F: 6 6 
18477 7 18491 55 F: 2 5 
18553 12 18577 190 F: 12 
18657 2 18661 49 F: 2 
18734 10 18764 94 F: 4 6 
18844 7 18865 171 F: 5 2 
18916 12 18964 46 F: 12 
19066 10 19096 155 F: 10 
19140 9 19176 176 F: 4 5 
19215 6 19221 199 F: 2 1 3 
19347 9 19365 193 F: 9 
19454 8 19486 164 F: 8 
19535 11 19568 20 F: 11 
19647 7 19661 58 F: 3 4 
19758 11 19791 108 F: 4 4 3 
19813 6 19831 82 F: 2 4 
19985 7 20013 25 F: 6 1 
D: 1 97 
D: 2 98 
D: 3 87 
D: 9 45 
D: 20 162 
D: 24 164 
D: 48 50 
D: 48 185 
D: 59 74 
D: 78 92 
D: 83 121 
D: 84 128 
D: 88 124 
D: 90 161 
D: 93 97 
D: 106 178 
D: 110 152 
D: 139 156 
D: 146 156 
D: 159 173 
