37 8 53 83 F: 4 2 2 
132 6 156 110 F: 2 2 2 
242 9 260 135 F: 9 
379 10 409 160 F: 4 2 4 
432 7 460 128 F: 4 2 1 
527 9 563 69 F: 9 
642 13 681 135 F: 5 4 4 
769 3 781 93 F: 2 1 
888 2 890 20 F: 2 
925 8 941 164 F: 3 3 2 
1031 5 1036 85 F: 3 2 
1129 7 1143 70 F: 2 5 
1251 3 1254 88 F: 3 
1348 7 1369 69 F: 7 
1417 11 1450 61 F: 5 3 3 
1512 10 1522 6 F: 6 4 
1651 7 1672 86 F: 6 1 
1784 5 1799 39 F: 2 2 1 
1827 9 1863 67 F: 9 
1931 8 1955 146 F: 8 
2021 13 2047 168 F: 5 4 4 
2141 8 2165 81 F: 3 3 2 
2255 10 2285 162 F: 10 
2392 9 2401 174 F: 5 2 2 
2468 5 2478 20 F: 5 
2506 3 2509 122 F: 3 
2645 8 2677 96 F: 4 1 3 
2724 7 2731 105 F: 3 4 
2894 8 2902 52 F: 2 4 2 
2947 9 2983 177 F: 5 4 
3075 8 3107 84 F: 3 4 1 
3121 11 3154 132 F: 7 4 
3231 4 3239 90 F: 3 1 
3391 11 3413 84 F: 5 4 2 
3436 11 3458 133 F: 11 
3592 8 3624 168 F: 4 1 3 
3620 11 3642 12 F: 11 
3751 7 3772 29 F: 7 
3855 9 3891 153 F: 4 5 
3919 5 3934 143 F: 2 3 
4060 7 4081 17 F: 3 4 
4152 6 4176 160 F: 6 
4299 13 4312 84 F: 7 6 
4374 10 4414 94 F: 4 3 3 
4430 5 4450 162 F: 5 
4559 12 4607 125 F: 12 
4682 13 4734 149 F: 13 
4744 9 4753 170 F: 9 
4820 4 4832 46 F: 4 
4972 3 4984 119 F: 3 
5036 6 5042 84 F: 3 2 1 
5158 3 5170 32 F: 3 
5271 9 5307 86 F: 9 
5363 8 5371 152 F: 4 2 2 
5492 9 5510 131 F: 9 
5534 13 5560 179 F: 13 
5676 8 5708 3 F: 8 
5741 7 5755 180 F: 7 
5857 11 5868 38 F: 11 
5948 10 5968 113 F: 5 5 
6057 9 6075 54 F: 3 6 
6148 13 6187 51 F: 13 
6223 9 6241 86 F: 4 3 2 
6325 12 6361 129 F: 12 
6453 9 6489 21 F: 5 1 3 
6511 6 6523 9 F: 4 2 
6643 10 6683 75 F: 3 4 3 
6753 6 6771 125 F: 2 3 1 
6806 3 6812 5 F: 2 1 
6982 7 6996 94 F: 3 1 3 
7069 3 7075 42 F: 3 
7191 5 7211 189 F: 2 2 1 
7260 8 7268 136 F: 2 6 
7300 7 7321 72 F: 6 1 
7411 8 7443 146 F: 3 5 
7538 12 7562 180 F: 12 
7647 9 7665 100 F: 2 4 3 
7729 7 7757 13 F: 4 1 2 
7827 10 7867 142 F: 10 
7934 12 7970 72 F: 6 6 
8025 4 8037 166 F: 2 2 
8147 2 8155 33 F: 2 
8271 10 8281 186 F: 4 6 
8339 9 8357 96 F: 4 1 4 
8474 11 8507 76 F: 11 
8576 6 8600 65 F: 6 
8616 8 8632 200 F: 8 
8739 9 8757 102 F: 2 3 4 
8855 12 8891 83 F: 12 
8902 8 8910 34 F: 2 2 4 
9030 8 9038 55 F: 7 1 
9100 7 9114 195 F: 4 3 
9281 10 9291 41 F: 10 
9373 13 9412 35 F: 7 6 
9419 5 9434 51 F: 5 
9536 5 9551 116 F: 5 
9694 7 9715 32 F: 3 4 
9731 6 9737 125 F: 5 1 
9898 9 9916 182 F: 5 3 1 
9972 11 9983 43 F: 5 6 
10021 8 10053 105 F: 3 5 
10136 12 10172 96 F: 12 
10269 10 10299 55 F: 5 5 
10302 10 10342 51 F: 4 3 3 
10470 9 10497 43 F: 3 6 
10550 10 10570 28 F: 6 4 
10647 3 10656 4 F: 3 
10729 11 10751 107 F: 7 4 
10816 8 10832 56 F: 7 1 
10993 9 11029 76 F: 4 1 4 
11045 6 11069 152 F: 5 1 
11178 9 11214 133 F: 9 
11287 8 11311 169 F: 3 5 
11319 5 11329 184 F: 5 
11446 9 11473 48 F: 3 2 4 
11517 4 11529 106 F: 4 
11617 12 11641 91 F: 5 4 3 
11705 6 11729 65 F: 2 1 3 
11813 9 11822 159 F: 3 2 4 
11917 12 11965 32 F: 12 
12011 11 12055 160 F: 6 5 
12161 3 12167 66 F: 3 
12289 4 12293 66 F: 4 
12357 8 12373 70 F: 5 1 2 
12439 10 12479 23 F: 4 2 4 
12506 8 12514 130 F: 4 4 
12677 7 12705 157 F: 2 5 
12714 6 12738 67 F: 2 4 
12856 6 12862 57 F: 2 3 1 
12995 8 13011 138 F: 8 
13094 10 13134 145 F: 10 
13134 6 13140 97 F: 2 4 
13271 5 13286 178 F: 5 
13316 5 13326 79 F: 4 1 
13439 7 13460 118 F: 4 2 1 
13568 11 13612 128 F: 5 2 4 
13606 4 13622 117 F: 4 
13727 5 13742 46 F: 5 
13849 8 13865 135 F: 4 4 
13992 13 14031 19 F: 13 
14024 8 14040 99 F: 2 3 3 
14165 12 14189 181 F: 7 5 
14246 12 14282 146 F: 12 
14376 10 14416 109 F: 10 
14477 12 14525 160 F: 6 6 
14552 13 14578 4 F: 13 
14689 7 14717 135 F: 2 5 
14723 9 14741 97 F: 5 2 2 
14823 11 14834 56 F: 5 3 3 
14953 11 14975 136 F: 7 4 
15027 11 15049 56 F: 11 
15188 9 15197 47 F: 3 2 4 
15297 10 15327 81 F: 5 2 3 
15372 7 15393 16 F: 5 2 
15450 9 15477 74 F: 9 
15501 8 15517 62 F: 2 2 4 
15645 8 15653 151 F: 5 2 1 
15752 6 15770 199 F: 3 3 
15848 5 15858 59 F: 3 2 
15921 7 15942 8 F: 5 2 
16052 7 16080 160 F: 5 2 
16186 8 16218 39 F: 2 6 
16233 13 16272 3 F: 13 
16372 11 16394 177 F: 5 4 2 
16401 5 16411 14 F: 5 
16599 10 16609 165 F: 4 3 3 
16624 10 16654 145 F: 4 6 
16786 8 16794 116 F: 5 3 
16878 9 16896 152 F: 9 
16915 10 16955 168 F: 4 2 4 
17063 7 17077 159 F: 4 2 1 
17187 9 17223 99 F: 5 2 2 
17250 8 17258 187 F: 3 5 
17384 7 17405 76 F: 7 
17490 7 17511 31 F: 2 5 
17527 13 17553 15 F: 13 
17658 9 17676 154 F: 6 3 
17707 6 17731 19 F: 6 
17811 10 17821 12 F: 3 3 4 
17974 7 17981 142 F: 7 
18061 11 18105 71 F: 11 
18198 9 18216 136 F: 6 3 
18203 12 18251 93 F: 7 5 
18332 3 18335 10 F: 2 1 
18473 5 18483 23 F: 5 
18566 8 18598 169 F: 4 4 
18603 7 18610 179 F: 7 
18789 4 18793 152 F: 4 
18887 8 18903 198 F: 5 3 
18913 4 18925 26 F: 4 
19087 8 19095 92 F: 6 2 
19187 7 19201 160 F: 4 2 1 
19247 11 19258 187 F: 11 
19359 6 19365 18 F: 4 2 
19406 6 19418 46 F: 2 4 
19593 6 19617 34 F: 6 
19690 2 19692 76 F: 2 
19780 9 19816 117 F: 9 
19803 6 19827 22 F: 2 4 
19953 5 19968 74 F: 4 1 
D: 3 102 
D: 6 183 
D: 8 74 
D: 8 103 
D: 48 135 
D: 53 104 
D: 55 126 
D: 58 123 
D: 59 84 
D: 68 190 
D: 71 162 
D: 82 185 
D: 83 121 
D: 95 127 
D: 105 176 
D: 108 172 
D: 119 153 
D: 133 191 
D: 152 157 
D: 175 186 
