11 7 25 173 F: 4 3 
150 9 186 138 F: 5 4 
215 13 267 24 F: 7 6 
367 8 391 2 F: 8 
464 8 480 39 F: 5 3 
560 8 568 170 F: 2 6 
606 10 636 109 F: 10 
701 7 715 119 F: 2 4 1 
851 8 859 66 F: 7 1 
928 7 942 34 F: 7 
1002 11 1046 171 F: 5 2 4 
1173 5 1178 84 F: 5 
1257 6 1263 191 F: 5 1 
1355 6 1379 6 F: 2 3 1 
1436 9 1454 159 F: 4 4 1 
1553 9 1571 43 F: 3 3 3 
1684 5 1699 193 F: 4 1 
1782 11 1815 177 F: 5 6 
1852 7 1866 160 F: 6 1 
1994 8 2002 183 F: 2 6 
2065 7 2079 56 F: 7 
2173 13 2186 69 F: 13 
2271 2 2273 78 F: 2 
2399 8 2415 133 F: 2 3 3 
2497 2 2501 112 F: 2 
2596 8 2612 4 F: 8 
2604 10 2634 37 F: 6 4 
2766 9 2775 31 F: 5 4 
2821 7 2849 133 F: 3 4 
2986 13 3038 186 F: 13 
3056 8 3072 94 F: 4 2 2 
3127 5 3147 106 F: 2 1 2 
3230 2 3232 12 F: 2 
3393 7 3400 179 F: 2 2 3 
3449 12 3473 65 F: 5 3 4 
3551 7 3572 198 F: 5 1 1 
3683 5 3703 109 F: 4 1 
3776 9 3785 27 F: 4 5 
3879 4 3895 196 F: 4 
3905 2 3911 160 F: 2 
4050 12 4086 96 F: 12 
4110 5 4125 34 F: 3 1 1 
4225 4 4233 45 F: 4 
4318 9 4336 56 F: 4 4 1 
4466 7 4473 131 F: 7 
4589 6 4601 28 F: 3 3 
4649 2 4655 19 F: 2 
4712 7 4719 35 F: 7 
4841 8 4857 92 F: 8 
4937 6 4949 65 F: 4 2 
5080 4 5092 67 F: 4 
5167 9 5176 5 F: 5 4 
5231 8 5239 25 F: 5 2 1 
5369 7 5383 67 F: 7 
5429 13 5455 102 F: 7 6 
5559 10 5569 70 F: 6 4 
5681 9 5717 73 F: 9 
5779 9 5788 64 F: 7 2 
5872 6 5878 65 F: 3 3 
5914 10 5934 190 F: 6 4 
6065 6 6089 166 F: 2 2 2 
6185 9 6212 1 F: 3 6 
6226 5 6241 115 F: 2 2 1 
6303 13 6316 169 F: 13 
6493 6 6511 190 F: 6 
6550 11 6583 72 F: 11 
6667 13 6719 178 F: 7 6 
6745 8 6769 158 F: 3 3 2 
6849 10 6859 12 F: 7 3 
6904 8 6912 21 F: 5 3 
7055 9 7073 79 F: 5 2 2 
7101 11 7123 167 F: 3 4 4 
7284 8 7292 52 F: 4 1 3 
7329 5 7334 5 F: 3 1 1 
7438 5 7453 127 F: 4 1 
7509 8 7525 135 F: 4 3 1 
7636 5 7651 199 F: 4 1 
7791 10 7801 64 F: 10 
7805 8 7829 62 F: 6 2 
7964 3 7976 47 F: 3 
8029 12 8041 29 F: 4 4 4 
8179 10 8189 2 F: 10 
8278 8 8302 10 F: 8 
8368 6 8386 133 F: 6 
8428 12 8464 195 F: 12 
8597 7 8611 143 F: 5 1 1 
8635 10 8655 181 F: 4 3 3 
8769 11 8802 110 F: 5 6 
8869 8 8893 184 F: 3 1 4 
8984 11 9006 13 F: 7 4 
9027 11 9049 194 F: 5 6 
9110 10 9140 52 F: 4 4 2 
9256 11 9267 84 F: 3 4 4 
9336 4 9352 117 F: 4 
9451 11 9462 23 F: 5 2 4 
9525 2 9529 79 F: 2 
9682 10 9702 154 F: 10 
9799 9 9817 143 F: 3 4 2 
9806 8 9814 101 F: 6 2 
9955 4 9963 31 F: 4 
10065 8 10089 61 F: 5 2 1 
10133 12 10145 9 F: 12 
10265 9 10283 110 F: 6 3 
10313 12 10337 181 F: 7 5 
10422 9 10440 166 F: 4 5 
10550 7 10578 93 F: 7 
10686 10 10706 81 F: 5 3 2 
10784 4 10796 77 F: 4 
10813 8 10845 126 F: 2 6 
10953 8 10977 78 F: 5 1 2 
11049 11 11082 144 F: 11 
11139 12 11175 90 F: 5 3 4 
11222 9 11258 153 F: 5 3 1 
11361 4 11369 188 F: 2 1 1 
11444 2 11450 79 F: 2 
11534 10 11544 114 F: 4 6 
11691 5 11706 97 F: 3 2 
11744 8 11752 101 F: 5 2 1 
11828 7 11835 63 F: 3 2 2 
11949 6 11973 9 F: 3 2 1 
12020 10 12050 189 F: 10 
12130 9 12157 179 F: 3 3 3 
12245 8 12261 14 F: 3 5 
12326 8 12342 31 F: 3 3 2 
12451 6 12463 30 F: 2 2 2 
12545 8 12553 188 F: 3 2 3 
12650 7 12671 4 F: 5 2 
12738 10 12748 143 F: 10 
12800 7 12821 22 F: 7 
12962 3 12974 33 F: 3 
13030 9 13066 111 F: 5 1 3 
13107 13 13133 115 F: 7 6 
13218 8 13242 5 F: 5 2 1 
13399 7 13406 176 F: 4 2 1 
13476 7 13504 16 F: 2 1 4 
13522 4 13530 158 F: 4 
13642 7 13663 197 F: 2 4 1 
13752 5 13772 101 F: 2 3 
13844 3 13850 80 F: 3 
13968 9 14004 95 F: 9 
14021 7 14042 38 F: 7 
14150 7 14178 33 F: 5 2 
14211 9 14238 7 F: 3 4 2 
14309 7 14323 71 F: 3 1 3 
14475 12 14499 149 F: 5 4 3 
14564 8 14588 130 F: 8 
14612 6 14630 91 F: 6 
14734 6 14752 134 F: 2 4 
14856 10 14896 5 F: 4 2 4 
14976 2 14984 96 F: 2 
15081 7 15095 130 F: 6 1 
15107 11 15118 34 F: 5 6 
15227 9 15245 128 F: 4 3 2 
15363 6 15381 127 F: 2 4 
15432 9 15459 192 F: 4 5 
15573 5 15583 196 F: 5 
15697 8 15729 178 F: 4 4 
15773 10 15783 136 F: 10 
15845 10 15855 76 F: 2 4 4 
15903 3 15915 186 F: 3 
16013 4 16025 94 F: 2 1 1 
16103 5 16118 165 F: 5 
16272 6 16278 17 F: 2 4 
16384 11 16406 51 F: 11 
16479 6 16503 173 F: 5 1 
16540 9 16549 18 F: 4 4 1 
16667 2 16669 170 F: 2 
16727 2 16729 91 F: 2 
16874 3 16883 56 F: 2 1 
16951 5 16971 181 F: 3 1 1 
17072 5 17082 43 F: 2 2 1 
17167 5 17182 85 F: 5 
17248 4 17264 24 F: 4 
17362 7 17376 174 F: 2 2 3 
17489 10 17509 49 F: 4 4 2 
17525 9 17534 175 F: 4 1 4 
17606 5 17626 1 F: 3 2 
17712 9 17721 132 F: 5 4 
17862 9 17898 108 F: 3 4 2 
17917 11 17939 96 F: 6 5 
18022 4 18034 66 F: 2 2 
18125 4 18129 94 F: 3 1 
18285 9 18294 48 F: 2 3 4 
18326 10 18356 135 F: 4 6 
18443 10 18463 99 F: 3 4 3 
18540 8 18556 112 F: 2 4 2 
18675 5 18685 176 F: 5 
18787 11 18831 116 F: 11 
18878 4 18894 95 F: 2 1 1 
18971 10 19011 33 F: 3 3 4 
19073 7 19080 186 F: 6 1 
19180 9 19216 135 F: 9 
19263 7 19277 42 F: 3 3 1 
19322 6 19340 196 F: 3 3 
19403 6 19409 120 F: 6 
19524 9 19560 12 F: 6 3 
19660 10 19670 14 F: 4 4 2 
19774 6 19780 50 F: 5 1 
19852 9 19879 166 F: 9 
19972 8 19988 98 F: 5 2 1 
D: 4 182 
D: 14 193 
D: 15 40 
D: 27 178 
D: 30 178 
D: 37 42 
D: 38 137 
D: 42 157 
D: 44 147 
D: 58 199 
D: 73 138 
D: 78 127 
D: 79 152 
D: 83 140 
D: 84 182 
D: 116 191 
D: 132 160 
D: 144 158 
D: 146 149 
D: 177 179 
