90 10 100 180 F: 10 
156 8 180 196 F: 3 4 1 
235 8 259 90 F: 5 3 
348 5 358 26 F: 5 
434 7 448 141 F: 2 5 
571 13 584 128 F: 13 
651 13 677 75 F: 5 4 4 
771 6 777 23 F: 2 4 
882 7 889 18 F: 2 3 2 
925 11 969 52 F: 11 
1075 8 1099 16 F: 4 1 3 
1133 5 1138 139 F: 2 3 
1218 9 1245 194 F: 4 2 3 
1347 9 1365 54 F: 4 5 
1477 8 1493 148 F: 3 3 2 
1548 7 1576 178 F: 2 1 4 
1628 10 1658 151 F: 5 2 3 
1716 9 1725 143 F: 5 4 
1837 11 1870 85 F: 4 4 3 
1972 8 2004 104 F: 4 4 
2015 12 2027 87 F: 5 4 3 
2184 5 2189 67 F: 2 1 2 
2217 13 2230 184 F: 13 
2394 5 2414 15 F: 5 
2423 10 2463 96 F: 5 5 
2590 9 2617 152 F: 3 6 
2635 7 2656 89 F: 3 2 2 
2763 6 2769 197 F: 5 1 
2899 7 2920 127 F: 2 3 2 
2917 8 2933 35 F: 4 3 1 
3044 7 3058 135 F: 3 4 
3141 7 3169 13 F: 4 3 
3272 5 3287 115 F: 3 1 1 
3384 12 3396 141 F: 6 6 
3418 9 3427 142 F: 3 2 4 
3559 12 3607 185 F: 5 3 4 
3608 9 3644 83 F: 6 3 
3710 10 3730 28 F: 4 6 
3877 9 3886 68 F: 5 2 2 
3985 13 3998 2 F: 13 
4038 3 4047 127 F: 3 
4157 9 4184 76 F: 9 
4246 7 4267 171 F: 5 1 1 
4357 5 4362 79 F: 3 2 
4455 13 4494 144 F: 7 6 
4573 8 4597 51 F: 6 2 
4674 2 4678 128 F: 2 
4785 11 4796 143 F: 7 4 
4872 9 4890 80 F: 9 
4969 13 5021 29 F: 7 6 
5078 8 5102 49 F: 5 1 2 
5157 8 5173 179 F: 2 2 4 
5211 10 5241 83 F: 5 3 2 
5320 12 5344 185 F: 6 6 
5491 8 5499 94 F: 4 4 
5548 12 5560 1 F: 5 4 3 
5677 12 5725 143 F: 12 
5748 12 5796 58 F: 12 
5826 12 5838 60 F: 6 6 
5907 3 5910 77 F: 3 
6036 10 6076 137 F: 10 
6111 11 6155 102 F: 5 6 
6256 9 6292 123 F: 5 4 
6344 12 6380 169 F: 12 
6466 11 6510 123 F: 4 4 3 
6529 10 6569 132 F: 4 6 
6644 5 6664 109 F: 5 
6781 5 6801 107 F: 3 2 
6884 6 6890 77 F: 5 1 
6927 7 6948 37 F: 4 3 
7069 13 7095 1 F: 7 6 
7127 8 7159 76 F: 3 3 2 
7221 9 7239 123 F: 3 4 2 
7386 11 7408 138 F: 5 4 2 
7404 10 7434 174 F: 6 4 
7552 4 7568 183 F: 4 
7645 4 7661 8 F: 4 
7767 7 7795 125 F: 5 2 
7812 6 7830 130 F: 2 3 1 
7991 13 8004 69 F: 5 4 4 
8038 4 8046 197 F: 4 
8170 11 8203 153 F: 11 
8204 3 8213 31 F: 3 
8340 12 8376 186 F: 5 4 3 
8495 2 8501 150 F: 2 
8556 7 8584 109 F: 5 1 1 
8680 7 8694 150 F: 2 5 
8735 11 8746 28 F: 6 5 
8821 8 8837 3 F: 6 2 
8956 10 8966 39 F: 10 
9059 11 9092 73 F: 11 
9124 2 9132 164 F: 2 
9222 8 9254 183 F: 4 2 2 
9354 7 9361 1 F: 5 2 
9466 9 9502 142 F: 4 1 4 
9523 8 9531 106 F: 8 
9659 11 9681 26 F: 11 
9715 3 9718 29 F: 2 1 
9819 9 9837 89 F: 9 
9973 5 9983 142 F: 2 3 
10088 11 10099 40 F: 7 4 
10162 7 10169 121 F: 3 2 2 
10278 8 10310 22 F: 2 4 2 
10302 8 10318 136 F: 5 2 1 
10413 11 10424 62 F: 5 2 4 
10529 9 10538 94 F: 5 3 1 
10647 2 10653 136 F: 2 
10767 6 10791 9 F: 6 
10894 7 10901 159 F: 3 1 3 
10985 12 11021 27 F: 7 5 
11057 10 11077 162 F: 3 3 4 
11179 2 11185 185 F: 2 
11240 6 11258 27 F: 5 1 
11349 11 11393 7 F: 11 
11421 7 11435 138 F: 7 
11582 10 11612 31 F: 6 4 
11685 10 11695 37 F: 4 2 4 
11767 12 11815 187 F: 12 
11809 4 11825 34 F: 2 2 
11927 9 11936 143 F: 3 6 
12040 7 12061 123 F: 3 1 3 
12171 7 12185 57 F: 5 2 
12258 7 12279 154 F: 6 1 
12331 10 12341 73 F: 5 1 4 
12417 10 12457 132 F: 10 
12578 8 12602 32 F: 4 3 1 
12650 8 12666 48 F: 3 4 1 
12767 13 12780 86 F: 13 
12887 2 12895 112 F: 2 
12983 13 13035 86 F: 13 
13040 10 13070 127 F: 4 3 3 
13195 9 13231 182 F: 5 2 2 
13272 11 13283 103 F: 7 4 
13348 10 13388 167 F: 10 
13457 10 13497 131 F: 10 
13545 6 13551 125 F: 6 
13633 10 13653 198 F: 5 3 2 
13781 8 13805 44 F: 5 3 
13877 5 13882 7 F: 2 2 1 
13955 7 13983 172 F: 7 
14094 7 14122 167 F: 5 1 1 
14135 13 14161 84 F: 13 
14260 6 14266 20 F: 5 1 
14331 7 14359 10 F: 3 4 
14405 4 14421 113 F: 4 
14506 10 14526 171 F: 4 6 
14617 10 14647 192 F: 10 
14748 6 14760 91 F: 4 2 
14818 9 14845 155 F: 6 3 
14958 9 14976 126 F: 5 1 3 
15002 9 15020 195 F: 9 
15121 8 15145 111 F: 3 2 3 
15206 3 15218 119 F: 3 
15395 10 15435 181 F: 10 
15470 10 15490 168 F: 5 3 2 
15521 5 15526 111 F: 5 
15647 7 15668 183 F: 2 3 2 
15793 9 15820 160 F: 9 
15826 11 15870 122 F: 11 
15963 6 15987 77 F: 2 3 1 
16081 10 16121 148 F: 10 
16113 7 16127 110 F: 6 1 
16266 9 16284 118 F: 9 
16386 4 16402 200 F: 4 
16481 9 16517 102 F: 9 
16563 13 16576 103 F: 5 4 4 
16613 5 16633 90 F: 5 
16720 12 16744 156 F: 4 4 4 
16877 5 16882 8 F: 5 
16981 10 17021 128 F: 10 
17062 10 17092 149 F: 10 
17108 10 17148 194 F: 4 2 4 
17218 12 17254 63 F: 12 
17303 6 17327 1 F: 2 4 
17462 13 17514 5 F: 13 
17550 10 17580 103 F: 7 3 
17606 3 17609 53 F: 3 
17773 6 17779 109 F: 4 2 
17871 5 17876 111 F: 2 3 
17996 7 18010 92 F: 2 2 3 
18014 10 18054 146 F: 10 
18179 9 18206 118 F: 5 4 
18210 5 18215 4 F: 3 2 
18353 6 18365 120 F: 6 
18425 3 18428 117 F: 3 
18566 6 18572 146 F: 4 2 
18661 8 18685 193 F: 3 3 2 
18799 9 18808 10 F: 9 
18896 6 18902 107 F: 4 2 
18936 9 18954 195 F: 9 
19053 8 19061 145 F: 7 1 
19163 6 19187 163 F: 3 3 
19285 11 19307 49 F: 11 
19325 3 19328 135 F: 3 
19471 7 19499 25 F: 7 
19540 10 19570 46 F: 4 4 2 
19692 8 19708 80 F: 8 
19781 5 19791 12 F: 5 
19831 8 19839 159 F: 8 
19956 11 19978 160 F: 11 
D: 4 41 
D: 4 48 
D: 7 80 
D: 9 98 
D: 13 29 
D: 13 179 
D: 14 19 
D: 27 169 
D: 40 43 
D: 50 179 
D: 56 192 
D: 58 64 
D: 59 175 
D: 81 140 
D: 90 130 
D: 124 191 
D: 131 181 
D: 148 166 
D: 157 197 
D: 195 198 
