17 13 69 149 F: 13 
165 9 192 21 F: 3 2 4 
230 7 244 167 F: 4 3 
329 6 335 113 F: 3 3 
495 2 499 86 F: 2 
531 8 563 197 F: 2 6 
644 11 688 95 F: 11 
791 5 801 57 F: 5 
860 9 878 198 F: 3 4 2 
905 12 941 95 F: 5 4 3 
1061 5 1071 75 F: 5 
1193 6 1199 109 F: 2 1 3 
1227 7 1241 62 F: 2 1 4 
1366 7 1380 180 F: 4 1 2 
1424 3 1436 37 F: 3 
1533 11 1566 113 F: 4 4 3 
1620 9 1656 11 F: 3 2 4 
1759 8 1783 68 F: 4 4 
1865 5 1885 116 F: 5 
1917 9 1935 117 F: 3 6 
2057 7 2071 23 F: 2 5 
2161 9 2188 195 F: 9 
2215 8 2223 139 F: 3 2 3 
2380 10 2410 7 F: 7 3 
2420 7 2448 11 F: 6 1 
2515 10 2525 86 F: 3 3 4 
2644 6 2656 162 F: 6 
2715 4 2723 141 F: 4 
2834 6 2846 15 F: 6 
2949 5 2969 151 F: 2 2 1 
3007 10 3037 149 F: 10 
3143 9 3152 194 F: 2 4 3 
3201 12 3225 169 F: 12 
3315 11 3337 10 F: 5 6 
3488 7 3495 143 F: 5 1 1 
3573 6 3591 113 F: 3 2 1 
3674 8 3698 37 F: 8 
3755 12 3767 195 F: 6 6 
3851 7 3872 92 F: 5 2 
3951 6 3963 158 F: 6 
4074 5 4084 162 F: 5 
4178 9 4196 158 F: 5 1 3 
4256 5 4266 92 F: 5 
4309 7 4330 83 F: 5 2 
4406 12 4454 158 F: 5 3 4 
4500 7 4514 77 F: 2 2 3 
4695 11 4728 55 F: 11 
4752 8 4760 200 F: 8 
4835 2 4841 112 F: 2 
4977 8 4993 177 F: 8 
5077 10 5107 67 F: 10 
5192 10 5202 143 F: 5 1 4 
5244 8 5260 164 F: 3 4 1 
5374 8 5390 23 F: 3 4 1 
5410 5 5430 108 F: 5 
5508 11 5530 128 F: 11 
5612 9 5648 173 F: 9 
5724 5 5734 182 F: 5 
5800 9 5827 183 F: 5 4 
5944 6 5968 94 F: 3 3 
6013 10 6053 56 F: 5 2 3 
6115 5 6120 67 F: 5 
6227 11 6249 166 F: 11 
6316 11 6327 179 F: 4 3 4 
6411 8 6427 118 F: 8 
6544 11 6555 146 F: 6 5 
6635 8 6667 104 F: 4 1 3 
6764 6 6770 147 F: 2 3 1 
6874 11 6885 130 F: 5 6 
6955 12 7003 2 F: 4 4 4 
7058 6 7082 22 F: 2 4 
7129 6 7153 195 F: 5 1 
7223 9 7241 166 F: 5 2 2 
7332 8 7356 1 F: 4 3 1 
7453 12 7489 136 F: 12 
7572 8 7588 140 F: 8 
7602 9 7638 11 F: 4 1 4 
7739 11 7783 170 F: 11 
7830 4 7846 57 F: 4 
7968 12 8016 14 F: 12 
8022 10 8042 74 F: 10 
8166 6 8190 163 F: 5 1 
8207 3 8210 27 F: 2 1 
8316 9 8343 181 F: 3 2 4 
8425 7 8446 114 F: 3 2 2 
8542 5 8557 86 F: 5 
8669 6 8681 190 F: 6 
8775 11 8808 167 F: 5 6 
8874 9 8892 89 F: 6 3 
8993 10 9023 2 F: 10 
9061 11 9083 31 F: 5 4 2 
9152 9 9170 103 F: 4 4 1 
9203 12 9251 140 F: 4 4 4 
9342 11 9375 194 F: 5 4 2 
9498 10 9518 39 F: 5 1 4 
9502 4 9506 28 F: 4 
9664 6 9670 14 F: 6 
9780 6 9798 160 F: 6 
9867 12 9915 83 F: 12 
9940 5 9960 5 F: 5 
10098 6 10122 198 F: 6 
10131 5 10151 165 F: 3 1 1 
10289 10 10319 10 F: 4 2 4 
10328 6 10340 174 F: 3 3 
10439 9 10466 39 F: 5 1 3 
10545 6 10551 115 F: 3 3 
10632 7 10660 169 F: 7 
10763 3 10772 79 F: 3 
10811 4 10827 5 F: 4 
10964 12 11000 93 F: 6 6 
11014 11 11036 64 F: 6 5 
11137 4 11145 147 F: 4 
11213 8 11229 24 F: 4 3 1 
11327 10 11337 154 F: 6 4 
11476 6 11482 191 F: 2 4 
11580 6 11598 123 F: 6 
11655 8 11687 82 F: 8 
11712 5 11722 170 F: 5 
11873 8 11905 149 F: 3 3 2 
11992 6 11998 20 F: 6 
12077 7 12091 139 F: 4 2 1 
12136 8 12160 179 F: 7 1 
12273 11 12317 132 F: 7 4 
12383 8 12407 119 F: 7 1 
12451 5 12456 118 F: 3 2 
12567 3 12576 89 F: 2 1 
12690 7 12697 164 F: 3 3 1 
12781 13 12820 84 F: 13 
12881 7 12888 152 F: 5 1 1 
12905 10 12915 189 F: 3 3 4 
13096 10 13126 183 F: 10 
13142 6 13148 121 F: 4 2 
13231 12 13243 173 F: 6 6 
13398 11 13409 11 F: 5 6 
13460 11 13482 92 F: 3 4 4 
13562 8 13586 91 F: 6 2 
13631 11 13642 171 F: 7 4 
13780 2 13786 103 F: 2 
13813 8 13837 132 F: 4 1 3 
13958 2 13960 57 F: 2 
14063 7 14070 148 F: 4 2 1 
14163 10 14173 182 F: 10 
14276 7 14297 101 F: 5 2 
14332 5 14342 61 F: 5 
14483 9 14501 196 F: 5 4 
14540 10 14580 78 F: 4 6 
14647 10 14657 130 F: 6 4 
14709 7 14737 104 F: 7 
14815 7 14843 14 F: 7 
14968 7 14982 198 F: 2 5 
15001 5 15021 21 F: 2 2 1 
15146 9 15164 35 F: 5 4 
15271 11 15315 21 F: 5 3 3 
15326 4 15330 10 F: 4 
15480 7 15501 192 F: 3 4 
15585 12 15621 200 F: 12 
15646 3 15658 66 F: 3 
15780 8 15796 39 F: 8 
15854 10 15894 171 F: 10 
15926 9 15953 189 F: 4 5 
16007 10 16037 128 F: 10 
16174 9 16201 195 F: 4 5 
16283 8 16291 71 F: 2 6 
16392 12 16416 134 F: 4 4 4 
16409 9 16445 135 F: 9 
16570 9 16588 162 F: 5 1 3 
16671 5 16691 73 F: 2 3 
16791 7 16812 105 F: 6 1 
16820 8 16828 175 F: 4 4 
16942 3 16951 46 F: 2 1 
17033 6 17057 82 F: 6 
17182 8 17198 136 F: 3 3 2 
17216 10 17256 108 F: 10 
17382 9 17418 21 F: 4 3 2 
17408 2 17410 195 F: 2 
17535 9 17571 196 F: 9 
17698 8 17730 177 F: 6 2 
17757 9 17793 123 F: 5 1 3 
17872 11 17883 118 F: 5 3 3 
17943 11 17976 33 F: 11 
18018 11 18062 152 F: 4 4 3 
18189 5 18194 4 F: 2 2 1 
18229 8 18253 131 F: 8 
18379 5 18384 7 F: 5 
18409 10 18439 137 F: 2 4 4 
18562 6 18568 85 F: 4 1 1 
18662 10 18682 134 F: 4 6 
18796 6 18808 89 F: 5 1 
18834 3 18840 4 F: 2 1 
18971 5 18976 192 F: 5 
19057 4 19061 135 F: 2 1 1 
19104 7 19111 187 F: 4 3 
19265 8 19273 30 F: 3 5 
19395 10 19415 136 F: 4 2 4 
19458 8 19466 25 F: 5 2 1 
19538 7 19552 15 F: 5 1 1 
19614 11 19658 119 F: 5 3 3 
19717 2 19721 94 F: 2 
19863 7 19870 21 F: 4 2 1 
19935 7 19949 178 F: 7 
D: 2 87 
D: 4 41 
D: 27 138 
D: 29 189 
D: 33 153 
D: 34 171 
D: 38 104 
D: 43 162 
D: 50 63 
D: 51 115 
D: 58 143 
D: 60 131 
D: 69 172 
D: 75 163 
D: 80 187 
D: 96 102 
D: 131 175 
D: 141 193 
D: 144 178 
D: 149 187 
