44 10 84 72 F: 10 
178 3 184 115 F: 3 
254 5 264 63 F: 3 2 
304 6 316 13 F: 2 4 
458 10 488 142 F: 10 
573 9 591 52 F: 5 3 1 
639 6 663 92 F: 6 
799 11 810 7 F: 5 4 2 
806 11 839 169 F: 6 5 
989 7 1017 77 F: 7 
1054 4 1070 23 F: 4 
1117 11 1161 45 F: 5 4 2 
1236 5 1256 14 F: 5 
1312 9 1321 73 F: 5 2 2 
1419 11 1441 162 F: 5 6 
1536 4 1552 91 F: 2 2 
1686 9 1722 46 F: 9 
1712 9 1721 38 F: 3 6 
1852 7 1873 179 F: 3 2 2 
1964 6 1970 46 F: 2 1 3 
2096 13 2135 57 F: 13 
2150 3 2156 47 F: 3 
2279 10 2299 124 F: 6 4 
2312 8 2320 181 F: 3 5 
2402 8 2418 30 F: 7 1 
2536 6 2548 53 F: 6 
2662 7 2690 174 F: 3 1 3 
2777 11 2788 152 F: 11 
2823 10 2863 84 F: 10 
2969 7 2983 113 F: 3 4 
3004 8 3020 181 F: 5 2 1 
3187 10 3197 65 F: 10 
3222 12 3258 139 F: 12 
3375 8 3407 59 F: 5 2 1 
3483 7 3497 92 F: 3 4 
3536 7 3543 32 F: 7 
3631 7 3659 140 F: 7 
3728 6 3746 153 F: 3 2 1 
3872 11 3883 36 F: 11 
3929 10 3969 13 F: 5 1 4 
4056 3 4068 197 F: 2 1 
4133 7 4154 115 F: 2 5 
4278 6 4302 158 F: 3 2 1 
4326 12 4338 164 F: 12 
4473 6 4479 135 F: 3 3 
4533 4 4537 63 F: 2 2 
4607 8 4631 181 F: 8 
4727 13 4740 5 F: 13 
4835 7 4856 88 F: 7 
4937 4 4949 86 F: 4 
5098 12 5122 49 F: 12 
5114 9 5150 87 F: 2 4 3 
5278 6 5302 74 F: 4 2 
5323 5 5333 193 F: 5 
5458 11 5469 84 F: 5 4 2 
5575 11 5608 157 F: 3 4 4 
5617 7 5631 68 F: 5 1 1 
5705 9 5741 176 F: 4 3 2 
5830 10 5840 140 F: 10 
5994 12 6006 37 F: 12 
6082 5 6102 49 F: 2 2 1 
6122 10 6132 117 F: 5 5 
6295 8 6327 165 F: 5 3 
6352 11 6363 24 F: 6 5 
6441 6 6459 70 F: 2 2 2 
6546 12 6594 144 F: 12 
6606 6 6618 14 F: 5 1 
6716 7 6730 35 F: 4 3 
6823 3 6829 86 F: 3 
6976 11 6987 78 F: 6 5 
7051 4 7055 182 F: 4 
7195 10 7215 123 F: 2 4 4 
7263 8 7295 131 F: 5 1 2 
7354 12 7390 121 F: 5 4 3 
7417 6 7423 31 F: 5 1 
7572 8 7588 11 F: 5 3 
7685 8 7693 102 F: 6 2 
7737 5 7747 63 F: 5 
7842 12 7878 70 F: 5 4 3 
7922 6 7946 142 F: 6 
8036 10 8056 11 F: 6 4 
8187 11 8231 173 F: 6 5 
8257 10 8297 105 F: 10 
8326 4 8334 61 F: 3 1 
8481 8 8513 138 F: 4 4 
8539 12 8551 130 F: 12 
8611 13 8663 112 F: 13 
8761 9 8770 74 F: 9 
8894 9 8903 77 F: 3 6 
8909 2 8911 194 F: 2 
9072 7 9086 124 F: 6 1 
9146 6 9152 47 F: 3 3 
9200 8 9224 138 F: 2 6 
9349 10 9389 149 F: 5 4 1 
9407 4 9411 131 F: 2 1 1 
9500 7 9528 104 F: 4 1 2 
9673 7 9680 37 F: 4 2 1 
9792 10 9832 193 F: 10 
9878 9 9914 5 F: 5 4 
9995 2 10001 172 F: 2 
10073 10 10113 173 F: 4 6 
10139 11 10172 156 F: 3 4 4 
10221 6 10233 150 F: 5 1 
10319 6 10337 149 F: 2 1 3 
10404 9 10422 112 F: 4 2 3 
10590 8 10606 100 F: 8 
10670 9 10679 34 F: 4 1 4 
10799 5 10804 80 F: 4 1 
10844 11 10888 11 F: 11 
10948 6 10972 134 F: 3 2 1 
11057 9 11093 91 F: 3 4 2 
11109 8 11141 157 F: 4 4 
11276 9 11303 4 F: 5 2 2 
11313 10 11333 105 F: 5 2 3 
11442 5 11452 140 F: 5 
11558 2 11560 149 F: 2 
11697 3 11703 24 F: 3 
11743 10 11753 83 F: 10 
11868 10 11898 37 F: 5 5 
11978 6 12002 34 F: 2 3 1 
12095 9 12131 4 F: 3 2 4 
12144 10 12164 96 F: 10 
12280 9 12307 182 F: 4 1 4 
12301 9 12337 28 F: 9 
12468 9 12477 81 F: 9 
12504 8 12536 197 F: 4 4 
12678 5 12698 17 F: 2 1 2 
12772 9 12799 59 F: 9 
12818 7 12846 13 F: 3 2 2 
12926 11 12959 63 F: 11 
13064 9 13082 105 F: 9 
13117 13 13143 40 F: 7 6 
13215 7 13229 147 F: 5 2 
13358 7 13379 200 F: 3 4 
13458 9 13467 159 F: 3 6 
13508 5 13513 105 F: 3 1 1 
13653 9 13662 53 F: 4 3 2 
13703 6 13709 63 F: 6 
13805 12 13829 86 F: 7 5 
13910 8 13942 156 F: 2 4 2 
14052 7 14073 82 F: 7 
14174 6 14186 19 F: 3 2 1 
14265 5 14280 187 F: 2 3 
14302 11 14313 12 F: 11 
14459 7 14480 100 F: 3 4 
14556 8 14580 152 F: 3 4 1 
14672 7 14679 178 F: 4 3 
14700 8 14716 147 F: 5 3 
14892 6 14898 83 F: 2 2 2 
14911 3 14923 6 F: 3 
15007 11 15029 6 F: 5 6 
15171 6 15177 6 F: 3 2 1 
15207 5 15217 75 F: 2 2 1 
15349 5 15359 142 F: 2 3 
15457 2 15463 59 F: 2 
15568 7 15582 185 F: 3 3 1 
15611 6 15623 155 F: 4 2 
15731 7 15752 88 F: 6 1 
15884 8 15900 145 F: 3 2 3 
15999 9 16017 107 F: 4 4 1 
16027 12 16051 2 F: 12 
16161 4 16177 34 F: 4 
16226 5 16236 193 F: 5 
16310 6 16322 10 F: 2 2 2 
16434 6 16452 95 F: 3 1 2 
16517 8 16525 107 F: 3 3 2 
16672 10 16702 59 F: 4 2 4 
16717 10 16727 150 F: 5 5 
16865 6 16871 142 F: 6 
16910 6 16928 53 F: 2 3 1 
17000 13 17039 42 F: 13 
17141 12 17153 54 F: 4 4 4 
17238 9 17265 92 F: 9 
17314 12 17338 182 F: 12 
17439 11 17461 111 F: 7 4 
17529 9 17538 113 F: 9 
17623 9 17641 44 F: 4 4 1 
17764 7 17792 120 F: 7 
17821 10 17851 37 F: 4 2 4 
17936 7 17943 143 F: 7 
18089 11 18100 41 F: 5 3 3 
18116 5 18136 11 F: 4 1 
18238 4 18254 186 F: 4 
18354 7 18368 92 F: 2 1 4 
18486 7 18507 183 F: 7 
18507 6 18513 48 F: 3 2 1 
18690 11 18723 78 F: 5 3 3 
18711 3 18714 40 F: 3 
18859 6 18877 142 F: 3 3 
18941 12 18977 101 F: 12 
19080 10 19090 14 F: 7 3 
19116 10 19136 58 F: 4 4 2 
19260 5 19280 196 F: 2 3 
19389 5 19404 31 F: 3 2 
19474 7 19488 120 F: 2 3 2 
19584 8 19600 176 F: 2 2 4 
19619 11 19641 60 F: 11 
19762 13 19775 85 F: 7 6 
19864 4 19868 166 F: 2 1 1 
19980 4 19984 109 F: 4 
D: 7 192 
D: 10 106 
D: 18 108 
D: 24 45 
D: 33 87 
D: 46 76 
D: 47 101 
D: 49 176 
D: 59 114 
D: 63 77 
D: 64 133 
D: 65 121 
D: 70 88 
D: 81 136 
D: 88 162 
D: 92 174 
D: 114 142 
D: 119 142 
D: 165 177 
D: 169 172 
