52 8 84 197 F: 2 6 
155 8 163 38 F: 2 3 3 
246 12 270 88 F: 7 5 
305 7 326 124 F: 7 
421 9 448 10 F: 9 
543 12 579 154 F: 4 4 4 
691 6 715 60 F: 6 
787 2 793 73 F: 2 
816 2 820 127 F: 2 
951 11 995 105 F: 7 4 
1061 12 1073 58 F: 12 
1105 6 1123 192 F: 3 3 
1206 10 1236 125 F: 5 1 4 
1317 12 1341 98 F: 5 4 3 
1471 8 1495 131 F: 3 2 3 
1587 10 1627 53 F: 4 4 2 
1697 9 1733 116 F: 4 1 4 
1754 10 1784 93 F: 10 
1882 10 1922 41 F: 6 4 
1941 5 1961 45 F: 3 1 1 
2033 8 2057 88 F: 7 1 
2193 9 2202 8 F: 4 4 1 
2238 8 2254 112 F: 3 4 1 
2337 9 2373 73 F: 7 2 
2478 9 2505 103 F: 3 4 2 
2592 12 2628 102 F: 7 5 
2692 13 2744 144 F: 13 
2736 10 2756 25 F: 10 
2808 8 2816 149 F: 5 3 
2959 5 2979 63 F: 5 
3062 5 3077 97 F: 5 
3173 8 3189 112 F: 6 2 
3220 9 3247 166 F: 9 
3345 6 3369 95 F: 2 4 
3436 8 3460 115 F: 3 5 
3540 8 3572 86 F: 2 3 3 
3656 9 3674 34 F: 5 1 3 
3707 9 3734 18 F: 3 6 
3888 9 3915 52 F: 4 1 4 
3919 7 3947 41 F: 7 
4068 8 4076 179 F: 7 1 
4157 9 4175 58 F: 9 
4269 6 4287 117 F: 3 3 
4395 6 4401 153 F: 6 
4454 2 4456 43 F: 2 
4543 4 4551 92 F: 3 1 
4609 9 4618 175 F: 6 3 
4773 7 4794 71 F: 7 
4831 11 4864 90 F: 4 3 4 
4972 10 5012 32 F: 10 
5092 5 5112 157 F: 5 
5167 7 5188 66 F: 5 1 1 
5277 3 5289 162 F: 2 1 
5353 9 5389 179 F: 9 
5492 10 5502 74 F: 10 
5524 13 5576 46 F: 7 6 
5656 6 5674 68 F: 3 3 
5786 6 5792 48 F: 3 3 
5851 3 5854 33 F: 3 
5997 5 6002 101 F: 2 2 1 
6068 8 6084 13 F: 3 2 3 
6191 10 6201 113 F: 4 6 
6268 11 6301 188 F: 5 6 
6332 13 6384 134 F: 5 4 4 
6415 2 6421 28 F: 2 
6500 11 6511 122 F: 5 3 3 
6647 10 6677 75 F: 5 5 
6753 8 6785 46 F: 3 5 
6821 5 6831 66 F: 3 2 
6972 8 7004 134 F: 8 
7073 6 7085 92 F: 6 
7166 5 7171 69 F: 5 
7256 12 7304 96 F: 4 4 4 
7351 11 7373 14 F: 3 4 4 
7415 12 7427 19 F: 5 3 4 
7501 10 7521 8 F: 5 2 3 
7620 9 7647 48 F: 4 5 
7784 10 7814 106 F: 4 6 
7872 4 7884 26 F: 2 1 1 
7956 9 7974 154 F: 3 6 
8032 7 8039 98 F: 7 
8189 10 8229 121 F: 4 4 2 
8278 5 8293 191 F: 5 
8352 7 8373 10 F: 3 4 
8441 7 8448 103 F: 4 3 
8556 9 8592 120 F: 4 4 1 
8682 5 8702 190 F: 2 1 2 
8719 10 8739 168 F: 3 3 4 
8829 11 8873 171 F: 5 4 2 
8964 7 8992 144 F: 4 2 1 
9084 7 9098 90 F: 3 1 3 
9167 8 9183 193 F: 7 1 
9219 9 9255 102 F: 4 2 3 
9363 8 9371 162 F: 6 2 
9412 7 9419 172 F: 2 3 2 
9532 8 9540 101 F: 6 2 
9605 2 9609 133 F: 2 
9724 9 9760 51 F: 7 2 
9860 10 9870 139 F: 10 
9970 7 9991 133 F: 3 2 2 
10016 8 10024 72 F: 3 4 1 
10149 9 10158 34 F: 3 3 3 
10233 7 10261 18 F: 7 
10351 10 10391 82 F: 4 6 
10488 11 10521 4 F: 11 
10587 8 10595 19 F: 4 2 2 
10608 5 10618 154 F: 3 1 1 
10773 6 10785 167 F: 3 1 2 
10819 4 10827 144 F: 4 
10981 8 11013 173 F: 5 2 1 
11037 7 11058 144 F: 7 
11142 8 11150 185 F: 3 5 
11278 6 11284 133 F: 6 
11345 5 11355 143 F: 5 
11492 9 11519 149 F: 2 4 3 
11506 3 11515 2 F: 3 
11639 7 11660 142 F: 2 4 1 
11782 7 11796 120 F: 5 2 
11888 11 11899 22 F: 6 5 
11947 10 11967 93 F: 10 
12080 7 12101 129 F: 3 3 1 
12156 9 12192 43 F: 5 1 3 
12298 5 12313 126 F: 5 
12329 11 12351 132 F: 11 
12412 9 12448 199 F: 5 2 2 
12599 9 12608 99 F: 7 2 
12653 10 12663 24 F: 5 2 3 
12701 11 12734 140 F: 7 4 
12862 10 12902 196 F: 5 5 
12953 7 12981 137 F: 7 
13037 8 13045 117 F: 2 6 
13109 8 13125 164 F: 2 4 2 
13203 10 13213 143 F: 7 3 
13376 11 13387 149 F: 6 5 
13490 9 13499 192 F: 3 2 4 
13565 12 13589 50 F: 12 
13644 10 13654 6 F: 3 4 3 
13762 11 13806 160 F: 7 4 
13874 3 13886 45 F: 3 
13953 10 13963 106 F: 4 3 3 
14075 12 14099 11 F: 7 5 
14143 8 14167 148 F: 2 3 3 
14257 6 14281 147 F: 5 1 
14334 9 14343 98 F: 9 
14457 11 14501 59 F: 7 4 
14556 9 14592 65 F: 9 
14673 10 14703 76 F: 4 6 
14742 6 14748 59 F: 2 1 3 
14822 9 14858 195 F: 9 
14978 9 14996 102 F: 9 
15044 9 15062 47 F: 4 3 2 
15153 11 15164 111 F: 5 3 3 
15286 5 15301 124 F: 3 2 
15390 4 15398 22 F: 4 
15409 10 15419 176 F: 7 3 
15520 3 15523 129 F: 3 
15616 9 15643 28 F: 4 5 
15712 6 15724 130 F: 3 2 1 
15810 8 15826 94 F: 7 1 
15991 6 16009 60 F: 3 1 2 
16027 3 16030 163 F: 3 
16141 11 16185 9 F: 7 4 
16205 9 16241 118 F: 3 6 
16332 10 16342 147 F: 4 3 3 
16407 7 16414 55 F: 5 2 
16588 10 16598 186 F: 10 
16630 7 16637 44 F: 4 1 2 
16713 7 16734 51 F: 3 2 2 
16877 5 16882 73 F: 5 
16911 10 16951 171 F: 3 3 4 
17083 10 17103 41 F: 5 5 
17174 10 17214 82 F: 4 4 2 
17275 8 17299 192 F: 2 3 3 
17388 4 17392 45 F: 4 
17419 5 17434 45 F: 5 
17532 2 17534 196 F: 2 
17635 8 17659 23 F: 2 3 3 
17782 8 17814 136 F: 5 1 2 
17854 3 17860 23 F: 2 1 
17928 8 17960 83 F: 4 3 1 
18008 9 18017 184 F: 5 1 3 
18184 7 18205 25 F: 4 3 
18266 9 18293 40 F: 4 5 
18367 9 18376 194 F: 9 
18415 8 18447 71 F: 3 5 
18531 8 18547 61 F: 3 5 
18678 12 18714 158 F: 6 6 
18785 12 18833 21 F: 12 
18830 4 18834 131 F: 4 
18951 6 18957 88 F: 4 2 
19095 6 19101 88 F: 3 3 
19125 6 19131 26 F: 5 1 
19276 7 19297 3 F: 5 1 1 
19344 6 19350 111 F: 4 1 1 
19466 7 19473 118 F: 5 1 1 
19569 7 19590 143 F: 7 
19627 9 19645 120 F: 7 2 
19702 7 19730 135 F: 3 1 3 
19812 10 19842 92 F: 5 4 1 
19924 7 19945 72 F: 7 
D: 1 24 
D: 7 98 
D: 19 188 
D: 21 145 
D: 22 114 
D: 26 160 
D: 48 67 
D: 51 72 
D: 51 107 
D: 52 130 
D: 55 119 
D: 81 94 
D: 100 112 
D: 116 148 
D: 116 162 
D: 124 142 
D: 136 180 
D: 137 191 
D: 149 151 
D: 176 183 
