57 4 69 152 F: 4 
113 10 153 182 F: 2 4 4 
216 11 260 77 F: 11 
333 10 353 45 F: 6 4 
443 4 447 158 F: 4 
536 7 550 42 F: 4 3 
628 8 652 168 F: 2 2 4 
767 9 803 168 F: 5 4 
823 7 830 139 F: 2 4 1 
995 2 997 172 F: 2 
1017 9 1053 31 F: 9 
1131 11 1153 121 F: 5 3 3 
1297 8 1329 168 F: 6 2 
1316 4 1320 47 F: 4 
1408 10 1448 172 F: 7 3 
1550 13 1602 182 F: 13 
1669 9 1678 128 F: 4 1 4 
1723 9 1732 47 F: 6 3 
1834 11 1867 50 F: 3 4 4 
1952 10 1962 195 F: 5 5 
2069 6 2093 139 F: 4 2 
2186 7 2193 101 F: 3 2 2 
2268 7 2296 139 F: 2 1 4 
2321 11 2354 163 F: 11 
2443 10 2483 177 F: 5 1 4 
2584 8 2616 57 F: 7 1 
2603 6 2615 119 F: 2 2 2 
2734 4 2750 79 F: 2 2 
2841 11 2863 125 F: 5 6 
2973 6 2979 45 F: 5 1 
3016 7 3044 176 F: 2 5 
3178 7 3206 148 F: 3 1 3 
3256 10 3286 143 F: 4 6 
3374 2 3376 4 F: 2 
3473 10 3513 97 F: 4 6 
3597 12 3621 8 F: 12 
3653 11 3686 57 F: 7 4 
3761 7 3789 74 F: 6 1 
3837 13 3876 5 F: 13 
3966 12 4002 159 F: 5 4 3 
4090 11 4134 101 F: 6 5 
4117 8 4149 184 F: 4 4 
4242 3 4245 45 F: 2 1 
4330 9 4357 131 F: 4 5 
4433 7 4440 130 F: 2 3 2 
4547 9 4556 73 F: 7 2 
4673 7 4701 133 F: 4 2 1 
4759 2 4767 98 F: 2 
4854 8 4878 160 F: 5 3 
4949 5 4969 23 F: 5 
5071 7 5092 69 F: 3 1 3 
5169 2 5173 54 F: 2 
5298 8 5322 49 F: 6 2 
5348 6 5372 196 F: 2 4 
5415 9 5442 111 F: 5 3 1 
5535 10 5575 1 F: 7 3 
5618 2 5620 125 F: 2 
5727 12 5763 50 F: 12 
5823 5 5828 132 F: 4 1 
5987 7 6008 195 F: 3 4 
6025 10 6045 3 F: 10 
6136 6 6154 4 F: 3 1 2 
6298 13 6311 70 F: 7 6 
6380 12 6428 98 F: 4 4 4 
6498 8 6522 131 F: 3 2 3 
6535 6 6547 18 F: 2 4 
6645 2 6651 166 F: 2 
6796 2 6800 78 F: 2 
6873 8 6889 120 F: 2 6 
6998 7 7005 154 F: 4 3 
7024 7 7052 109 F: 2 4 1 
7185 12 7233 142 F: 12 
7267 7 7281 6 F: 3 2 2 
7326 13 7365 117 F: 5 4 4 
7438 12 7462 101 F: 6 6 
7593 10 7623 72 F: 6 4 
7677 6 7701 19 F: 3 2 1 
7783 9 7801 199 F: 9 
7829 13 7881 26 F: 13 
7949 13 7975 131 F: 5 4 4 
8014 10 8054 102 F: 10 
8118 8 8150 82 F: 5 2 1 
8238 5 8243 68 F: 2 2 1 
8317 8 8349 135 F: 5 3 
8484 11 8528 17 F: 5 4 2 
8592 7 8620 109 F: 3 4 
8645 6 8663 169 F: 3 2 1 
8772 10 8812 156 F: 2 4 4 
8887 10 8907 128 F: 3 4 3 
8931 11 8964 173 F: 7 4 
9092 4 9108 70 F: 4 
9182 8 9206 59 F: 2 6 
9257 8 9265 31 F: 5 3 
9342 6 9354 200 F: 2 1 3 
9420 4 9424 18 F: 4 
9545 4 9561 71 F: 2 2 
9628 13 9680 165 F: 7 6 
9714 7 9742 74 F: 7 
9895 5 9905 136 F: 5 
9951 9 9960 194 F: 3 6 
10068 10 10098 133 F: 10 
10150 9 10168 114 F: 3 2 4 
10201 11 10223 108 F: 5 2 4 
10302 6 10320 149 F: 2 2 2 
10442 9 10469 4 F: 4 5 
10537 8 10553 191 F: 5 3 
10666 7 10673 128 F: 5 1 1 
10789 11 10811 174 F: 4 4 3 
10850 11 10883 71 F: 3 4 4 
10983 8 10991 115 F: 8 
11084 4 11100 6 F: 4 
11139 5 11144 111 F: 5 
11291 7 11305 74 F: 5 2 
11389 8 11397 36 F: 5 3 
11433 11 11477 146 F: 7 4 
11564 6 11582 62 F: 3 1 2 
11644 12 11692 192 F: 6 6 
11766 7 11787 141 F: 4 3 
11862 11 11884 41 F: 5 2 4 
11985 11 12018 163 F: 11 
12058 7 12079 164 F: 3 2 2 
12130 8 12162 16 F: 4 3 1 
12254 6 12278 33 F: 2 1 3 
12389 9 12407 170 F: 5 4 
12452 11 12496 156 F: 3 4 4 
12596 9 12614 68 F: 3 2 4 
12671 7 12678 29 F: 7 
12749 10 12789 77 F: 5 4 1 
12892 6 12910 87 F: 6 
12952 11 12974 141 F: 11 
13048 5 13063 188 F: 2 3 
13165 8 13197 116 F: 2 3 3 
13200 10 13210 85 F: 4 6 
13321 11 13343 83 F: 7 4 
13456 12 13492 29 F: 12 
13584 10 13604 182 F: 4 6 
13618 6 13630 177 F: 3 3 
13794 12 13818 139 F: 7 5 
13856 9 13883 66 F: 3 4 2 
13946 7 13974 139 F: 7 
14005 8 14037 158 F: 2 4 2 
14104 8 14112 119 F: 3 1 4 
14230 12 14242 1 F: 6 6 
14301 7 14329 50 F: 7 
14403 11 14436 20 F: 11 
14578 7 14585 32 F: 3 3 1 
14650 11 14694 32 F: 3 4 4 
14709 5 14724 121 F: 5 
14878 8 14894 66 F: 5 1 2 
14955 12 14979 108 F: 5 4 3 
15010 3 15016 65 F: 3 
15132 13 15145 34 F: 5 4 4 
15258 13 15297 16 F: 7 6 
15378 9 15405 30 F: 6 3 
15430 11 15441 74 F: 11 
15554 11 15565 196 F: 5 3 3 
15669 10 15689 61 F: 5 1 4 
15777 9 15795 163 F: 3 3 3 
15884 3 15890 101 F: 3 
15972 2 15974 40 F: 2 
16002 11 16024 174 F: 11 
16105 5 16110 123 F: 4 1 
16279 8 16311 51 F: 3 2 3 
16365 5 16380 81 F: 2 1 2 
16465 9 16483 135 F: 4 3 2 
16576 8 16584 32 F: 3 5 
16603 12 16651 77 F: 5 4 3 
16785 5 16795 129 F: 4 1 
16889 10 16899 176 F: 3 3 4 
16971 11 17015 120 F: 5 6 
17076 9 17085 139 F: 6 3 
17185 11 17207 55 F: 11 
17203 9 17212 135 F: 7 2 
17306 12 17342 40 F: 12 
17471 10 17491 52 F: 4 3 3 
17567 6 17591 154 F: 6 
17676 7 17697 48 F: 5 2 
17798 8 17822 98 F: 8 
17870 11 17914 7 F: 5 3 3 
17963 12 17999 34 F: 5 3 4 
18026 8 18034 37 F: 6 2 
18139 10 18149 176 F: 3 4 3 
18241 7 18248 46 F: 4 2 1 
18326 7 18333 107 F: 7 
18477 8 18509 173 F: 2 6 
18551 6 18575 132 F: 5 1 
18695 6 18701 56 F: 2 4 
18719 13 18732 165 F: 13 
18805 6 18817 27 F: 2 4 
18947 11 18980 74 F: 5 6 
19089 10 19099 153 F: 7 3 
19195 4 19199 24 F: 4 
19278 10 19298 183 F: 4 3 3 
19303 7 19317 158 F: 2 2 3 
19482 3 19488 126 F: 3 
19596 9 19632 120 F: 4 1 4 
19648 7 19669 58 F: 7 
19778 11 19800 36 F: 5 2 4 
19814 7 19828 128 F: 3 1 3 
19920 4 19936 41 F: 2 1 1 
D: 0 152 
D: 21 131 
D: 23 179 
D: 37 136 
D: 40 84 
D: 46 59 
D: 48 170 
D: 55 139 
D: 56 92 
D: 57 152 
D: 85 184 
D: 98 155 
D: 121 149 
D: 130 192 
D: 138 183 
D: 141 179 
D: 152 192 
D: 157 198 
D: 158 177 
D: 164 175 
