57 6 63 185 F: 6 
179 9 215 42 F: 4 2 3 
225 4 229 174 F: 4 
392 8 400 6 F: 3 5 
446 2 452 72 F: 2 
529 12 541 32 F: 12 
673 10 713 153 F: 5 5 
756 8 772 200 F: 3 2 3 
850 9 886 10 F: 3 3 3 
992 5 1002 198 F: 5 
1050 3 1053 133 F: 3 
1147 2 1149 28 F: 2 
1228 8 1260 137 F: 8 
1369 5 1384 77 F: 2 2 1 
1463 6 1481 78 F: 6 
1561 11 1583 10 F: 5 6 
1607 10 1647 31 F: 3 3 4 
1741 7 1748 182 F: 2 2 3 
1849 8 1881 144 F: 3 1 4 
1931 9 1958 123 F: 7 2 
2015 9 2024 84 F: 5 1 3 
2199 7 2206 92 F: 5 1 1 
2264 2 2268 182 F: 2 
2303 7 2310 90 F: 4 2 1 
2402 3 2405 46 F: 2 1 
2565 2 2567 121 F: 2 
2652 8 2660 12 F: 5 3 
2749 10 2789 85 F: 5 4 1 
2843 6 2849 82 F: 6 
2970 11 3014 20 F: 5 6 
3092 10 3132 25 F: 4 6 
3132 7 3160 110 F: 5 1 1 
3299 7 3327 18 F: 3 1 3 
3376 13 3402 95 F: 13 
3496 11 3507 98 F: 11 
3579 11 3590 48 F: 6 5 
3687 10 3707 129 F: 4 4 2 
3755 11 3766 36 F: 11 
3826 5 3836 107 F: 4 1 
3962 8 3978 65 F: 3 4 1 
4040 5 4050 137 F: 5 
4117 7 4131 200 F: 5 1 1 
4252 11 4263 86 F: 5 6 
4379 3 4391 52 F: 3 
4439 8 4463 179 F: 8 
4573 10 4593 73 F: 10 
4654 6 4660 121 F: 3 3 
4732 10 4772 55 F: 5 5 
4880 4 4888 113 F: 4 
4992 12 5004 94 F: 12 
5015 6 5021 28 F: 6 
5100 10 5110 81 F: 5 3 2 
5292 4 5308 37 F: 2 2 
5337 10 5367 140 F: 5 4 1 
5431 8 5447 69 F: 2 6 
5570 5 5580 116 F: 3 1 1 
5675 10 5685 68 F: 7 3 
5733 8 5741 44 F: 4 3 1 
5841 12 5865 153 F: 12 
5994 5 6014 22 F: 3 1 1 
6061 10 6091 20 F: 5 3 2 
6164 11 6186 78 F: 3 4 4 
6285 13 6298 7 F: 7 6 
6381 11 6425 8 F: 5 4 2 
6448 3 6457 28 F: 3 
6518 5 6533 16 F: 2 2 1 
6615 13 6667 65 F: 13 
6751 10 6791 72 F: 10 
6812 12 6848 70 F: 12 
6948 6 6972 5 F: 2 4 
7067 4 7075 117 F: 2 1 1 
7167 12 7191 129 F: 12 
7255 4 7271 95 F: 3 1 
7301 13 7327 103 F: 13 
7497 6 7515 102 F: 2 3 1 
7552 5 7557 15 F: 4 1 
7669 4 7685 189 F: 3 1 
7725 13 7738 173 F: 7 6 
7847 2 7853 149 F: 2 
7938 8 7954 153 F: 4 4 
8058 8 8082 86 F: 3 5 
8191 7 8212 69 F: 4 2 1 
8282 13 8321 53 F: 5 4 4 
8315 6 8339 16 F: 6 
8491 10 8521 188 F: 6 4 
8505 10 8545 45 F: 5 5 
8688 9 8715 163 F: 5 2 2 
8734 11 8745 10 F: 11 
8853 12 8901 43 F: 12 
8932 10 8952 24 F: 10 
9084 7 9091 31 F: 6 1 
9198 4 9206 118 F: 2 2 
9290 9 9317 123 F: 5 2 2 
9330 3 9342 89 F: 3 
9492 7 9513 197 F: 2 1 4 
9562 8 9586 102 F: 8 
9624 9 9651 54 F: 2 4 3 
9755 10 9765 98 F: 10 
9881 9 9899 103 F: 5 2 2 
9929 8 9945 51 F: 2 6 
10084 11 10117 190 F: 6 5 
10177 8 10201 36 F: 6 2 
10267 8 10283 48 F: 8 
10313 9 10322 48 F: 4 1 4 
10450 11 10472 59 F: 6 5 
10555 10 10565 126 F: 4 6 
10622 9 10631 171 F: 5 4 
10739 8 10755 154 F: 5 2 1 
10895 8 10927 58 F: 8 
10952 6 10958 59 F: 3 1 2 
11016 8 11024 153 F: 4 3 1 
11195 11 11228 154 F: 6 5 
11208 10 11228 147 F: 4 3 3 
11302 10 11342 25 F: 5 4 1 
11461 8 11493 132 F: 7 1 
11588 12 11600 157 F: 4 4 4 
11672 10 11682 169 F: 7 3 
11712 7 11719 188 F: 6 1 
11867 12 11903 191 F: 12 
11985 9 12012 67 F: 3 6 
12095 9 12104 100 F: 4 3 2 
12157 3 12160 42 F: 2 1 
12206 7 12220 46 F: 3 2 2 
12388 10 12398 78 F: 10 
12434 7 12448 163 F: 4 1 2 
12514 5 12529 122 F: 5 
12690 7 12697 77 F: 7 
12751 5 12756 86 F: 4 1 
12805 9 12832 137 F: 5 2 2 
12966 6 12990 48 F: 6 
13065 11 13087 118 F: 5 4 2 
13162 4 13174 13 F: 4 
13285 10 13295 157 F: 5 5 
13374 7 13395 123 F: 6 1 
13486 13 13525 198 F: 13 
13505 8 13513 5 F: 3 5 
13699 4 13715 149 F: 4 
13792 12 13804 191 F: 5 3 4 
13891 13 13930 49 F: 13 
13917 11 13928 53 F: 6 5 
14099 7 14113 143 F: 7 
14140 10 14150 104 F: 4 6 
14285 7 14299 153 F: 6 1 
14322 10 14332 123 F: 4 3 3 
14486 7 14493 147 F: 3 1 3 
14510 5 14520 29 F: 5 
14618 7 14632 193 F: 2 5 
14767 6 14791 71 F: 2 3 1 
14862 9 14889 136 F: 4 5 
14905 7 14912 64 F: 4 2 1 
15016 7 15030 107 F: 2 5 
15187 3 15199 4 F: 2 1 
15201 9 15219 12 F: 2 3 4 
15304 9 15322 186 F: 3 3 3 
15411 8 15435 22 F: 2 2 4 
15571 8 15579 102 F: 3 3 2 
15631 10 15661 196 F: 5 1 4 
15740 9 15758 175 F: 9 
15815 9 15842 99 F: 5 3 1 
15922 7 15950 8 F: 5 1 1 
16094 10 16134 90 F: 10 
16120 4 16124 197 F: 2 2 
16232 11 16276 66 F: 7 4 
16367 11 16378 184 F: 11 
16406 4 16418 61 F: 4 
16579 12 16603 164 F: 12 
16634 4 16650 5 F: 4 
16712 11 16745 107 F: 3 4 4 
16858 9 16876 51 F: 4 2 3 
16908 8 16916 133 F: 2 2 4 
17020 12 17068 7 F: 12 
17139 9 17175 130 F: 6 3 
17231 6 17249 193 F: 2 2 2 
17383 8 17399 2 F: 3 3 2 
17425 12 17437 119 F: 12 
17513 9 17531 51 F: 2 4 3 
17686 7 17707 28 F: 2 5 
17706 10 17726 26 F: 3 3 4 
17868 4 17876 45 F: 4 
17924 7 17931 63 F: 7 
18057 10 18097 71 F: 10 
18118 9 18154 165 F: 5 1 3 
18294 7 18315 92 F: 7 
18313 6 18319 129 F: 2 3 1 
18463 8 18487 180 F: 2 4 2 
18536 8 18560 179 F: 2 4 2 
18623 5 18633 52 F: 2 2 1 
18762 8 18770 147 F: 3 3 2 
18817 3 18820 13 F: 3 
18902 11 18935 126 F: 5 6 
19099 11 19132 134 F: 11 
19180 12 19228 33 F: 6 6 
19258 8 19266 50 F: 4 4 
19391 9 19400 3 F: 5 1 3 
19403 4 19415 75 F: 3 1 
19558 6 19570 6 F: 2 4 
19610 3 19619 125 F: 3 
19721 13 19773 36 F: 5 4 4 
19805 8 19837 56 F: 2 6 
19998 9 20016 1 F: 4 5 
D: 6 110 
D: 14 179 
D: 22 29 
D: 24 117 
D: 30 50 
D: 30 155 
D: 37 193 
D: 43 116 
D: 45 82 
D: 45 120 
D: 45 185 
D: 61 67 
D: 65 186 
D: 67 142 
D: 68 104 
D: 72 123 
D: 92 132 
D: 96 164 
D: 152 184 
D: 176 182 
