63 10 73 27 F: 10 
109 9 118 8 F: 4 4 1 
250 12 274 147 F: 12 
359 8 375 29 F: 4 2 2 
410 8 418 246 F: 6 2 
570 2 574 128 F: 2 
658 10 688 102 F: 6 4 
760 10 800 229 F: 10 
841 13 880 174 F: 13 
967 7 974 162 F: 2 5 
1023 11 1056 54 F: 5 4 2 
1151 10 1161 6 F: 7 3 
1280 9 1289 243 F: 3 4 2 
1312 12 1348 203 F: 6 6 
1450 4 1466 58 F: 4 
1563 10 1583 120 F: 5 5 
1605 10 1625 121 F: 3 3 4 
1768 3 1771 237 F: 3 
1879 7 1900 54 F: 7 
1956 12 1980 69 F: 7 5 
2028 11 2061 144 F: 4 4 3 
2192 6 2204 92 F: 4 2 
2249 7 2256 56 F: 3 2 2 
2369 6 2381 51 F: 2 3 1 
2492 9 2519 37 F: 9 
2578 12 2614 147 F: 12 
2677 10 2707 6 F: 4 4 2 
2758 11 2769 2 F: 5 4 2 
2866 3 2872 83 F: 3 
2929 10 2949 105 F: 4 2 4 
3089 10 3119 176 F: 3 4 3 
3160 10 3180 48 F: 6 4 
3245 11 3278 219 F: 5 6 
3333 9 3351 121 F: 3 6 
3478 7 3506 126 F: 6 1 
3554 6 3560 232 F: 6 
3653 12 3701 55 F: 5 4 3 
3762 10 3772 42 F: 5 2 3 
3857 12 3869 190 F: 12 
3981 8 4013 199 F: 3 2 3 
4080 6 4086 116 F: 4 2 
4124 13 4137 37 F: 7 6 
4254 2 4256 142 F: 2 
4366 12 4414 20 F: 12 
4462 2 4466 164 F: 2 
4501 8 4525 19 F: 4 4 
4633 7 4661 14 F: 7 
4785 6 4797 108 F: 2 4 
4872 5 4882 20 F: 2 1 2 
4940 9 4967 130 F: 9 
5087 10 5097 230 F: 7 3 
5137 6 5143 89 F: 5 1 
5224 2 5226 8 F: 2 
5394 4 5402 90 F: 2 2 
5450 10 5460 49 F: 10 
5523 9 5532 1 F: 5 2 2 
5689 4 5697 223 F: 3 1 
5762 11 5795 117 F: 4 4 3 
5812 12 5860 213 F: 12 
5958 10 5968 24 F: 10 
6075 12 6123 122 F: 5 3 4 
6145 5 6155 49 F: 5 
6287 9 6305 158 F: 3 4 2 
6370 4 6386 249 F: 4 
6428 10 6448 247 F: 6 4 
6577 4 6585 188 F: 2 1 1 
6602 8 6626 234 F: 2 4 2 
6767 3 6776 218 F: 3 
6816 8 6824 73 F: 2 2 4 
6954 11 6976 45 F: 11 
7028 8 7044 4 F: 3 5 
7131 11 7164 199 F: 5 6 
7280 3 7283 244 F: 3 
7365 7 7386 17 F: 4 2 1 
7473 8 7497 215 F: 3 3 2 
7530 8 7554 223 F: 3 4 1 
7676 6 7694 142 F: 5 1 
7715 6 7739 87 F: 4 2 
7817 10 7857 189 F: 3 4 3 
7993 9 8029 42 F: 2 3 4 
8024 6 8030 223 F: 3 3 
8128 11 8172 218 F: 5 2 4 
8246 10 8266 162 F: 5 1 4 
8354 11 8376 218 F: 6 5 
8493 5 8513 245 F: 2 3 
8506 13 8545 32 F: 13 
8621 5 8631 97 F: 2 2 1 
8787 8 8819 61 F: 8 
8892 11 8925 196 F: 7 4 
8991 5 8996 101 F: 3 2 
9083 8 9091 70 F: 3 5 
9120 13 9159 33 F: 13 
9247 9 9256 199 F: 5 1 3 
9344 9 9380 93 F: 5 4 
9492 8 9516 148 F: 2 4 2 
9597 4 9601 111 F: 3 1 
9632 9 9650 83 F: 9 
9763 10 9793 3 F: 3 3 4 
9867 2 9869 52 F: 2 
9930 7 9937 234 F: 7 
10012 8 10020 207 F: 3 5 
10183 11 10216 91 F: 5 3 3 
10239 8 10255 173 F: 4 1 3 
10307 10 10317 60 F: 3 3 4 
10400 9 10409 191 F: 4 1 4 
10566 10 10606 118 F: 6 4 
10683 7 10704 78 F: 2 2 3 
10783 8 10799 178 F: 4 1 3 
10824 10 10854 12 F: 7 3 
10971 9 11007 115 F: 9 
11030 10 11050 173 F: 4 6 
11140 8 11172 247 F: 5 1 2 
11223 2 11227 25 F: 2 
11387 8 11403 118 F: 5 3 
11451 6 11469 207 F: 2 1 3 
11573 8 11605 146 F: 4 4 
11678 5 11698 227 F: 3 2 
11709 11 11720 191 F: 11 
11842 7 11849 196 F: 3 4 
11930 8 11938 198 F: 5 3 
12069 7 12076 241 F: 2 4 1 
12137 11 12159 93 F: 7 4 
12269 5 12289 211 F: 5 
12320 8 12328 246 F: 2 3 3 
12483 11 12527 114 F: 3 4 4 
12552 3 12564 11 F: 3 
12613 3 12625 240 F: 3 
12739 12 12775 236 F: 12 
12832 10 12862 58 F: 10 
12951 13 13003 225 F: 7 6 
13019 9 13028 13 F: 5 4 
13188 11 13199 183 F: 5 3 3 
13245 11 13289 167 F: 5 2 4 
13353 2 13361 151 F: 2 
13452 7 13473 231 F: 7 
13503 8 13527 64 F: 8 
13673 9 13691 72 F: 5 3 1 
13706 8 13722 185 F: 2 6 
13891 2 13899 201 F: 2 
13951 6 13957 121 F: 4 1 1 
14083 11 14127 23 F: 11 
14161 8 14193 69 F: 8 
14266 6 14284 232 F: 4 2 
14316 8 14340 194 F: 4 3 1 
14471 8 14487 111 F: 4 1 3 
14552 11 14585 246 F: 5 4 2 
14646 5 14666 10 F: 5 
14727 10 14757 35 F: 10 
14888 12 14936 232 F: 7 5 
14983 13 15009 144 F: 13 
15008 7 15029 213 F: 4 2 1 
15165 10 15175 116 F: 4 4 2 
15264 7 15278 155 F: 7 
15378 9 15414 92 F: 4 3 2 
15447 9 15483 115 F: 3 4 2 
15599 2 15601 62 F: 2 
15694 8 15702 33 F: 2 6 
15791 7 15805 95 F: 7 
15814 6 15838 102 F: 6 
15990 8 16022 96 F: 5 3 
16091 7 16119 170 F: 6 1 
16148 8 16164 226 F: 8 
16283 7 16311 29 F: 4 3 
16327 7 16348 5 F: 3 2 2 
16439 11 16472 95 F: 6 5 
16550 11 16594 106 F: 11 
16661 2 16667 86 F: 2 
16791 5 16806 61 F: 5 
16871 12 16907 199 F: 7 5 
16982 6 16988 79 F: 3 3 
17074 12 17110 131 F: 6 6 
17127 4 17143 160 F: 2 1 1 
17268 7 17275 156 F: 6 1 
17345 9 17372 124 F: 5 2 2 
17471 2 17477 133 F: 2 
17535 6 17547 247 F: 2 4 
17651 8 17683 58 F: 3 4 1 
17701 6 17707 81 F: 6 
17879 10 17899 22 F: 3 3 4 
17930 5 17950 27 F: 2 1 2 
18004 4 18012 83 F: 3 1 
18143 6 18155 43 F: 3 3 
18245 11 18256 136 F: 5 2 4 
18308 11 18352 210 F: 4 3 4 
18403 6 18421 200 F: 6 
18532 4 18548 162 F: 4 
18658 12 18706 169 F: 4 4 4 
18740 2 18742 224 F: 2 
18830 9 18866 13 F: 9 
18908 6 18932 170 F: 6 
19008 13 19034 5 F: 13 
19191 11 19224 170 F: 5 2 4 
19281 8 19313 210 F: 3 2 3 
19327 13 19353 4 F: 13 
19455 6 19467 94 F: 6 
19548 4 19556 190 F: 4 
19613 6 19619 215 F: 4 2 
19762 4 19766 179 F: 4 
19801 3 19807 211 F: 3 
19956 2 19962 215 F: 2 
20011 9 20029 207 F: 2 4 3 
20138 11 20171 126 F: 11 
20223 6 20241 209 F: 5 1 
20342 4 20358 124 F: 2 2 
20463 8 20487 145 F: 4 1 3 
20542 8 20574 38 F: 3 1 4 
20699 12 20747 74 F: 12 
20701 11 20723 186 F: 3 4 4 
20868 6 20886 207 F: 5 1 
20901 9 20937 151 F: 4 5 
21035 9 21062 225 F: 3 6 
21196 5 21206 92 F: 5 
21229 3 21235 55 F: 3 
21349 4 21365 118 F: 4 
21422 9 21431 32 F: 9 
21528 12 21552 74 F: 12 
21626 13 21652 244 F: 5 4 4 
21711 7 21739 244 F: 2 2 3 
21803 5 21823 53 F: 2 1 2 
21963 13 21976 232 F: 5 4 4 
22063 7 22077 177 F: 3 1 3 
22154 13 22180 210 F: 13 
22224 8 22256 94 F: 4 2 2 
22338 9 22347 115 F: 9 
22424 6 22448 86 F: 4 2 
22586 9 22604 99 F: 6 3 
22634 11 22678 115 F: 5 6 
22728 3 22737 212 F: 3 
22858 13 22910 188 F: 7 6 
22982 7 22989 117 F: 6 1 
23047 7 23054 114 F: 5 1 1 
23179 11 23212 125 F: 11 
23266 10 23276 189 F: 10 
23306 10 23316 116 F: 10 
23478 4 23494 233 F: 4 
23574 11 23607 226 F: 4 3 4 
23679 10 23709 108 F: 7 3 
23773 8 23797 139 F: 3 3 2 
23854 3 23860 174 F: 3 
23919 8 23935 141 F: 2 6 
24013 10 24023 36 F: 5 3 2 
24181 10 24211 76 F: 5 4 1 
24292 5 24307 16 F: 2 3 
24378 9 24387 27 F: 3 2 4 
24498 3 24510 23 F: 2 1 
24534 8 24558 43 F: 6 2 
24645 6 24663 99 F: 5 1 
24734 4 24738 173 F: 4 
24851 9 24878 211 F: 9 
24922 12 24970 202 F: 12 
D: 1 161 
D: 9 211 
D: 21 211 
D: 29 110 
D: 33 243 
D: 34 197 
D: 36 51 
D: 38 220 
D: 43 87 
D: 60 233 
D: 64 217 
D: 84 139 
D: 84 197 
D: 90 195 
D: 91 223 
D: 117 132 
D: 126 169 
D: 131 144 
D: 144 186 
D: 147 185 
D: 148 208 
D: 158 220 
D: 189 216 
D: 208 221 
D: 220 228 
