0 7 21 155 F: 2 2 3 
198 11 231 52 F: 4 4 3 
268 5 283 211 F: 2 2 1 
323 8 347 171 F: 7 1 
473 9 509 157 F: 7 2 
585 13 611 165 F: 13 
688 8 720 159 F: 2 6 
779 11 823 41 F: 4 4 3 
805 13 857 238 F: 5 4 4 
963 5 983 198 F: 3 2 
1063 11 1096 77 F: 11 
1187 7 1215 26 F: 7 
1271 11 1304 21 F: 3 4 4 
1360 7 1381 49 F: 2 4 1 
1417 8 1449 136 F: 7 1 
1580 9 1589 69 F: 5 3 1 
1697 9 1715 237 F: 4 4 1 
1762 5 1782 153 F: 5 
1804 5 1809 54 F: 5 
1980 12 2016 117 F: 12 
2075 7 2096 192 F: 7 
2173 6 2179 242 F: 2 2 2 
2239 6 2251 36 F: 6 
2329 7 2350 105 F: 7 
2437 5 2452 84 F: 2 2 1 
2504 11 2515 169 F: 4 4 3 
2659 7 2687 238 F: 3 1 3 
2712 10 2752 249 F: 2 4 4 
2871 10 2881 93 F: 10 
2912 9 2939 187 F: 5 3 1 
3002 10 3042 61 F: 5 3 2 
3158 8 3174 1 F: 3 5 
3233 5 3238 6 F: 4 1 
3341 11 3352 172 F: 7 4 
3458 7 3486 248 F: 6 1 
3593 7 3614 146 F: 7 
3661 10 3681 203 F: 5 5 
3727 13 3753 61 F: 7 6 
3819 11 3863 36 F: 11 
3927 8 3943 213 F: 3 5 
4007 9 4025 81 F: 5 3 1 
4117 12 4165 91 F: 12 
4290 11 4312 235 F: 7 4 
4306 5 4311 208 F: 4 1 
4459 9 4468 26 F: 9 
4572 10 4612 165 F: 10 
4624 10 4654 228 F: 4 2 4 
4703 8 4711 124 F: 5 3 
4866 10 4886 112 F: 7 3 
4933 2 4935 102 F: 2 
5074 5 5094 64 F: 2 2 1 
5180 13 5232 54 F: 7 6 
5204 12 5228 6 F: 7 5 
5390 6 5396 212 F: 6 
5497 10 5537 95 F: 5 1 4 
5595 13 5608 68 F: 7 6 
5649 13 5675 136 F: 13 
5779 6 5803 163 F: 6 
5876 12 5924 18 F: 6 6 
5921 8 5945 46 F: 5 2 1 
6044 10 6084 212 F: 5 3 2 
6170 4 6186 165 F: 4 
6250 7 6278 158 F: 6 1 
6330 9 6366 236 F: 4 2 3 
6403 10 6433 115 F: 10 
6509 3 6521 101 F: 3 
6609 12 6657 187 F: 7 5 
6714 13 6753 41 F: 13 
6827 8 6835 2 F: 5 3 
6955 10 6995 80 F: 10 
7025 13 7051 59 F: 13 
7199 10 7229 98 F: 7 3 
7214 3 7226 127 F: 3 
7397 4 7409 249 F: 4 
7431 10 7451 192 F: 2 4 4 
7562 7 7569 232 F: 4 2 1 
7674 13 7700 134 F: 13 
7771 10 7801 13 F: 5 4 1 
7842 8 7866 26 F: 3 1 4 
7926 4 7934 181 F: 4 
8071 5 8081 127 F: 2 2 1 
8134 6 8146 201 F: 3 3 
8208 11 8230 36 F: 11 
8386 10 8416 115 F: 4 2 4 
8419 7 8433 240 F: 7 
8542 9 8578 82 F: 5 2 2 
8605 9 8632 81 F: 2 3 4 
8770 8 8802 232 F: 8 
8878 8 8910 81 F: 5 2 1 
8922 9 8940 52 F: 4 5 
9027 6 9033 166 F: 5 1 
9193 3 9205 212 F: 2 1 
9231 6 9255 249 F: 3 3 
9316 2 9324 175 F: 2 
9495 12 9519 136 F: 12 
9546 5 9566 39 F: 3 2 
9608 8 9624 157 F: 3 1 4 
9753 7 9774 193 F: 5 1 1 
9894 6 9900 202 F: 3 3 
9981 7 10009 135 F: 3 4 
10071 10 10081 42 F: 4 3 3 
10196 12 10232 244 F: 4 4 4 
10233 8 10257 89 F: 3 2 3 
10327 10 10357 99 F: 4 6 
10447 12 10471 5 F: 5 3 4 
10514 5 10529 64 F: 2 1 2 
10696 8 10712 226 F: 2 6 
10769 10 10779 173 F: 3 4 3 
10876 10 10886 73 F: 2 4 4 
10982 3 10994 50 F: 2 1 
11096 7 11117 23 F: 3 2 2 
11131 6 11155 164 F: 3 2 1 
11271 9 11307 26 F: 4 5 
11386 5 11406 65 F: 5 
11412 11 11456 88 F: 7 4 
11512 9 11530 12 F: 2 3 4 
11609 10 11619 13 F: 5 3 2 
11713 7 11741 121 F: 7 
11821 7 11828 190 F: 2 3 2 
11936 6 11948 127 F: 3 2 1 
12055 8 12087 14 F: 7 1 
12174 12 12222 73 F: 12 
12219 4 12227 24 F: 4 
12303 4 12307 8 F: 2 2 
12419 4 12427 27 F: 4 
12500 10 12530 132 F: 10 
12610 9 12628 93 F: 3 3 3 
12799 10 12829 236 F: 3 4 3 
12802 10 12822 106 F: 5 4 1 
12932 10 12972 239 F: 4 3 3 
13092 12 13116 144 F: 12 
13178 10 13198 12 F: 4 2 4 
13298 13 13337 212 F: 13 
13368 4 13372 148 F: 4 
13404 10 13444 9 F: 4 3 3 
13524 9 13542 18 F: 3 6 
13695 10 13735 67 F: 10 
13714 8 13746 43 F: 4 4 
13817 7 13845 30 F: 6 1 
13992 13 14044 138 F: 13 
14086 9 14113 37 F: 4 4 1 
14196 4 14212 237 F: 2 2 
14274 11 14296 46 F: 7 4 
14382 10 14402 154 F: 10 
14430 3 14436 147 F: 3 
14500 12 14536 121 F: 6 6 
14684 11 14706 58 F: 4 3 4 
14757 8 14781 82 F: 2 6 
14876 11 14887 178 F: 5 6 
14990 6 15002 98 F: 6 
15010 7 15038 207 F: 2 3 2 
15177 11 15221 186 F: 11 
15261 7 15268 65 F: 4 2 1 
15330 11 15341 214 F: 11 
15410 2 15414 142 F: 2 
15531 12 15543 145 F: 12 
15603 8 15619 43 F: 6 2 
15749 6 15767 113 F: 2 4 
15875 9 15911 119 F: 3 3 3 
15992 8 16008 193 F: 3 3 2 
16027 13 16053 70 F: 7 6 
16174 2 16182 232 F: 2 
16232 8 16256 6 F: 2 3 3 
16376 7 16383 45 F: 7 
16456 7 16470 124 F: 3 2 2 
16538 9 16574 201 F: 9 
16679 7 16700 221 F: 4 3 
16721 13 16773 234 F: 5 4 4 
16810 6 16834 154 F: 3 3 
16985 7 16992 147 F: 7 
17039 10 17069 217 F: 5 1 4 
17170 9 17206 97 F: 9 
17204 7 17218 20 F: 2 4 1 
17332 10 17342 4 F: 5 5 
17498 9 17534 85 F: 3 6 
17549 6 17567 91 F: 2 1 3 
17650 4 17662 45 F: 2 1 1 
17749 9 17758 43 F: 4 4 1 
17861 7 17875 91 F: 7 
17955 9 17982 108 F: 3 4 2 
18050 2 18052 30 F: 2 
18110 4 18114 15 F: 2 2 
18232 13 18245 91 F: 13 
18388 12 18400 142 F: 5 3 4 
18431 11 18453 63 F: 4 4 3 
18535 5 18540 58 F: 5 
18629 7 18650 195 F: 4 1 2 
18751 7 18758 33 F: 3 4 
18814 6 18820 72 F: 3 1 2 
18951 6 18975 155 F: 2 2 2 
19078 8 19102 48 F: 4 2 2 
19134 9 19152 183 F: 3 4 2 
19257 4 19261 43 F: 3 1 
19361 10 19381 126 F: 5 2 3 
19468 2 19472 161 F: 2 
19566 11 19588 196 F: 4 3 4 
19629 11 19640 190 F: 5 4 2 
19717 7 19724 200 F: 4 2 1 
19861 7 19868 27 F: 3 2 2 
19921 8 19937 32 F: 8 
20058 8 20066 123 F: 8 
20138 5 20148 156 F: 2 3 
20277 9 20313 51 F: 5 2 2 
20311 5 20331 119 F: 2 3 
20487 10 20497 119 F: 10 
20599 9 20608 149 F: 3 6 
20617 11 20661 141 F: 7 4 
20715 9 20751 7 F: 4 4 1 
20877 12 20925 218 F: 12 
20910 6 20934 122 F: 3 2 1 
21090 4 21098 169 F: 2 2 
21109 10 21129 138 F: 5 1 4 
21294 4 21302 164 F: 4 
21340 9 21358 170 F: 4 2 3 
21470 2 21472 231 F: 2 
21574 6 21598 73 F: 3 2 1 
21630 10 21660 240 F: 10 
21796 8 21804 37 F: 8 
21861 8 21877 29 F: 5 2 1 
21908 4 21916 120 F: 2 2 
22016 9 22043 10 F: 2 4 3 
22179 7 22193 99 F: 2 3 2 
22239 3 22245 205 F: 3 
22350 3 22356 111 F: 3 
22422 10 22432 86 F: 10 
22595 8 22627 4 F: 4 1 3 
22602 10 22642 136 F: 7 3 
22744 9 22780 248 F: 3 3 3 
22887 6 22905 85 F: 5 1 
22957 7 22978 136 F: 7 
23055 11 23066 215 F: 5 3 3 
23189 6 23201 147 F: 2 4 
23291 11 23335 211 F: 3 4 4 
23336 2 23340 104 F: 2 
23439 12 23475 168 F: 12 
23591 7 23605 179 F: 7 
23663 6 23675 242 F: 6 
23756 10 23766 48 F: 6 4 
23829 8 23845 170 F: 3 5 
23964 7 23985 219 F: 7 
24045 2 24051 140 F: 2 
24197 12 24209 134 F: 7 5 
24206 9 24242 133 F: 6 3 
24370 12 24394 224 F: 6 6 
24427 8 24451 110 F: 4 3 1 
24520 9 24556 85 F: 6 3 
24660 11 24671 31 F: 4 4 3 
24720 8 24736 153 F: 8 
24845 10 24875 240 F: 5 4 1 
24950 8 24958 230 F: 8 
D: 6 68 
D: 10 119 
D: 14 98 
D: 14 137 
D: 41 71 
D: 41 194 
D: 50 140 
D: 54 110 
D: 54 148 
D: 57 175 
D: 69 236 
D: 73 152 
D: 85 108 
D: 91 154 
D: 93 168 
D: 107 141 
D: 109 140 
D: 113 244 
D: 133 185 
D: 135 199 
D: 141 198 
D: 165 191 
D: 178 182 
D: 186 230 
D: 201 239 
