29 9 65 107 F: 4 2 3 
145 8 153 8 F: 8 
254 2 260 24 F: 2 
316 4 328 52 F: 4 
433 8 465 69 F: 3 5 
583 6 589 2 F: 2 1 3 
677 9 704 24 F: 4 4 1 
751 6 775 41 F: 4 2 
877 6 901 111 F: 4 2 
917 9 926 9 F: 2 3 4 
1019 7 1047 68 F: 2 5 
1161 9 1188 66 F: 7 2 
1278 11 1322 3 F: 6 5 
1341 13 1367 46 F: 7 6 
1417 8 1433 143 F: 7 1 
1593 5 1598 7 F: 2 2 1 
1644 8 1652 15 F: 5 3 
1742 5 1762 25 F: 5 
1889 10 1899 98 F: 5 4 1 
1903 10 1913 178 F: 5 1 4 
2024 12 2072 53 F: 5 4 3 
2159 5 2174 59 F: 2 2 1 
2266 12 2278 220 F: 7 5 
2306 13 2345 201 F: 13 
2421 10 2451 192 F: 6 4 
2525 7 2539 206 F: 3 2 2 
2637 4 2645 10 F: 4 
2769 4 2773 125 F: 4 
2874 7 2895 24 F: 7 
2910 9 2928 1 F: 4 4 1 
3031 6 3037 54 F: 2 4 
3172 11 3194 203 F: 5 2 4 
3282 3 3285 104 F: 3 
3304 11 3315 214 F: 11 
3453 11 3497 39 F: 5 3 3 
3548 7 3555 169 F: 2 4 1 
3625 11 3658 209 F: 5 3 3 
3712 7 3726 191 F: 5 1 1 
3833 5 3853 229 F: 4 1 
3939 9 3957 10 F: 4 4 1 
4080 8 4096 70 F: 3 2 3 
4150 4 4162 53 F: 4 
4279 10 4299 244 F: 3 4 3 
4377 10 4397 181 F: 4 3 3 
4456 8 4464 158 F: 3 1 4 
4540 6 4564 220 F: 2 4 
4699 4 4711 91 F: 4 
4761 11 4805 35 F: 6 5 
4852 5 4857 40 F: 5 
4969 4 4985 149 F: 4 
5086 6 5110 162 F: 3 3 
5164 2 5166 73 F: 2 
5238 6 5256 9 F: 3 1 2 
5380 4 5384 173 F: 4 
5409 7 5416 95 F: 5 1 1 
5539 10 5559 139 F: 5 2 3 
5622 8 5646 227 F: 2 2 4 
5761 12 5785 72 F: 7 5 
5882 7 5896 145 F: 5 2 
5913 11 5924 201 F: 5 2 4 
6000 9 6036 49 F: 4 5 
6150 12 6162 30 F: 6 6 
6202 7 6230 26 F: 7 
6378 9 6396 175 F: 6 3 
6462 2 6470 72 F: 2 
6546 6 6552 165 F: 3 1 2 
6611 6 6623 84 F: 6 
6739 5 6754 159 F: 5 
6832 11 6854 139 F: 3 4 4 
6947 11 6969 190 F: 11 
7046 9 7055 48 F: 6 3 
7189 2 7195 222 F: 2 
7294 11 7305 69 F: 4 4 3 
7399 11 7410 68 F: 11 
7441 11 7452 238 F: 4 4 3 
7592 7 7599 85 F: 6 1 
7625 3 7631 20 F: 2 1 
7730 9 7748 185 F: 3 2 4 
7828 10 7858 112 F: 4 4 2 
7915 5 7920 60 F: 2 3 
8083 6 8101 14 F: 4 2 
8190 10 8230 13 F: 10 
8241 3 8253 56 F: 3 
8321 9 8339 194 F: 2 4 3 
8439 12 8451 178 F: 5 4 3 
8504 11 8548 195 F: 6 5 
8689 12 8725 175 F: 12 
8791 8 8823 90 F: 7 1 
8842 7 8870 8 F: 7 
8977 4 8981 109 F: 2 2 
9016 11 9049 206 F: 6 5 
9103 8 9119 111 F: 5 3 
9210 9 9237 143 F: 3 4 2 
9362 5 9372 177 F: 5 
9410 12 9434 166 F: 6 6 
9516 12 9540 159 F: 5 4 3 
9663 7 9670 61 F: 2 2 3 
9727 7 9748 187 F: 5 2 
9846 11 9857 27 F: 5 2 4 
9968 7 9989 174 F: 4 3 
10042 11 10064 206 F: 11 
10151 7 10158 238 F: 3 1 3 
10228 10 10238 246 F: 5 4 1 
10389 8 10397 98 F: 4 4 
10404 6 10410 146 F: 2 3 1 
10587 9 10605 17 F: 7 2 
10637 12 10673 73 F: 12 
10716 6 10728 7 F: 6 
10838 7 10859 166 F: 7 
10981 8 11013 158 F: 4 2 2 
11079 10 11099 38 F: 5 4 1 
11133 13 11159 86 F: 13 
11205 7 11233 84 F: 2 4 1 
11333 3 11342 1 F: 2 1 
11473 5 11493 225 F: 2 3 
11578 9 11596 84 F: 4 1 4 
11650 12 11662 66 F: 12 
11765 9 11792 212 F: 4 5 
11873 8 11889 222 F: 5 2 1 
11951 8 11967 54 F: 4 2 2 
12021 11 12043 204 F: 11 
12177 12 12189 28 F: 12 
12205 11 12238 110 F: 5 6 
12374 5 12389 109 F: 4 1 
12482 9 12518 238 F: 5 3 1 
12520 8 12552 53 F: 2 6 
12621 8 12653 11 F: 3 2 3 
12752 3 12758 182 F: 2 1 
12897 12 12921 95 F: 4 4 4 
12946 2 12948 250 F: 2 
13086 5 13096 171 F: 5 
13104 6 13116 44 F: 5 1 
13266 11 13299 166 F: 11 
13321 7 13335 82 F: 2 5 
13437 8 13469 35 F: 3 2 3 
13514 6 13538 15 F: 5 1 
13600 4 13608 176 F: 4 
13775 8 13799 22 F: 3 5 
13876 13 13928 131 F: 13 
13968 8 13992 195 F: 2 4 2 
14007 11 14029 163 F: 4 4 3 
14183 8 14199 237 F: 2 3 3 
14219 10 14259 54 F: 5 4 1 
14377 6 14395 241 F: 2 2 2 
14444 9 14462 144 F: 3 6 
14521 10 14541 244 F: 5 5 
14671 7 14699 141 F: 2 4 1 
14776 9 14803 249 F: 3 2 4 
14824 7 14852 74 F: 7 
14947 6 14953 127 F: 3 3 
15059 8 15083 100 F: 2 4 2 
15139 7 15160 150 F: 4 2 1 
15234 9 15252 49 F: 9 
15318 9 15354 76 F: 4 2 3 
15443 8 15459 112 F: 6 2 
15508 7 15529 68 F: 2 3 2 
15648 6 15660 153 F: 2 2 2 
15776 8 15792 38 F: 4 4 
15842 4 15850 183 F: 3 1 
15912 4 15928 82 F: 2 1 1 
16052 7 16073 130 F: 2 2 3 
16167 7 16181 42 F: 4 3 
16203 13 16216 135 F: 13 
16372 11 16383 165 F: 3 4 4 
16420 9 16438 182 F: 9 
16545 9 16581 212 F: 4 5 
16645 9 16681 6 F: 2 4 3 
16731 12 16743 162 F: 12 
16840 7 16847 135 F: 7 
16987 5 17002 181 F: 5 
17070 11 17092 21 F: 5 3 3 
17157 6 17175 188 F: 2 3 1 
17217 12 17229 121 F: 5 3 4 
17344 3 17356 152 F: 3 
17470 10 17510 138 F: 5 5 
17528 9 17537 67 F: 5 2 2 
17624 9 17660 155 F: 9 
17702 8 17718 204 F: 5 2 1 
17842 9 17869 166 F: 4 4 1 
17945 9 17972 171 F: 4 5 
18086 7 18093 40 F: 2 1 4 
18100 7 18121 195 F: 5 1 1 
18264 10 18304 68 F: 5 1 4 
18313 7 18320 89 F: 4 3 
18468 10 18508 37 F: 5 3 2 
18577 8 18585 24 F: 3 1 4 
18680 6 18692 159 F: 2 3 1 
18766 8 18790 233 F: 4 1 3 
18803 7 18831 56 F: 2 1 4 
18950 7 18957 150 F: 6 1 
19032 11 19076 98 F: 11 
19125 11 19158 50 F: 5 4 2 
19294 9 19312 249 F: 9 
19391 12 19403 152 F: 12 
19499 7 19527 20 F: 3 4 
19516 7 19530 15 F: 4 1 2 
19671 4 19679 95 F: 2 2 
19733 5 19743 228 F: 5 
19864 4 19876 78 F: 2 1 1 
19931 8 19963 1 F: 8 
20009 12 20045 61 F: 4 4 4 
20104 7 20125 233 F: 7 
20259 9 20295 56 F: 9 
20303 6 20327 20 F: 4 2 
20468 11 20501 147 F: 7 4 
20502 10 20512 51 F: 5 2 3 
20682 6 20700 95 F: 3 2 1 
20731 4 20739 124 F: 2 1 1 
20854 11 20898 20 F: 4 3 4 
20978 5 20998 216 F: 5 
21055 5 21060 129 F: 5 
21187 9 21214 208 F: 7 2 
21205 11 21227 220 F: 5 4 2 
21389 8 21405 50 F: 2 3 3 
21445 11 21467 85 F: 11 
21578 6 21596 58 F: 6 
21618 7 21639 193 F: 2 5 
21737 11 21781 91 F: 7 4 
21846 2 21848 54 F: 2 
21965 13 22017 54 F: 13 
22017 13 22069 173 F: 13 
22152 9 22170 232 F: 9 
22289 12 22337 237 F: 12 
22370 7 22391 228 F: 7 
22451 9 22487 220 F: 9 
22566 8 22590 41 F: 8 
22641 11 22685 201 F: 5 3 3 
22745 6 22757 145 F: 6 
22840 10 22870 231 F: 5 4 1 
22998 12 23022 236 F: 4 4 4 
23046 10 23066 248 F: 4 3 3 
23128 6 23146 178 F: 4 2 
23277 13 23329 81 F: 13 
23308 4 23320 150 F: 3 1 
23438 9 23465 72 F: 3 6 
23524 9 23542 167 F: 5 4 
23652 7 23680 58 F: 2 4 1 
23703 5 23723 26 F: 5 
23814 2 23822 231 F: 2 
23952 8 23976 213 F: 3 4 1 
24080 2 24082 83 F: 2 
24169 7 24183 186 F: 2 3 2 
24222 7 24250 194 F: 2 1 4 
24309 6 24315 60 F: 5 1 
24461 8 24469 136 F: 2 6 
24563 7 24577 35 F: 2 2 3 
24657 5 24672 205 F: 5 
24754 9 24772 161 F: 3 6 
24841 7 24855 250 F: 6 1 
24997 11 25030 208 F: 7 4 
D: 4 151 
D: 23 51 
D: 26 89 
D: 27 180 
D: 33 123 
D: 37 62 
D: 39 60 
D: 44 142 
D: 52 221 
D: 57 121 
D: 59 248 
D: 60 145 
D: 77 217 
D: 78 142 
D: 83 193 
D: 85 155 
D: 94 112 
D: 97 194 
D: 106 180 
D: 112 213 
D: 114 170 
D: 119 184 
D: 173 206 
D: 193 249 
D: 225 230 
