73 4 77 48 F: 4 
164 13 216 174 F: 7 6 
282 8 298 74 F: 4 3 1 
399 7 427 155 F: 3 4 
482 9 491 109 F: 4 4 1 
556 6 568 25 F: 2 4 
652 6 658 41 F: 3 2 1 
745 5 755 208 F: 4 1 
835 5 845 135 F: 5 
954 11 998 107 F: 6 5 
1047 5 1052 139 F: 3 2 
1199 8 1215 205 F: 6 2 
1283 8 1315 112 F: 8 
1303 5 1318 21 F: 2 3 
1427 6 1439 187 F: 4 2 
1588 10 1598 50 F: 10 
1601 10 1621 184 F: 4 4 2 
1725 2 1733 233 F: 2 
1801 6 1813 78 F: 4 2 
1980 11 2013 167 F: 7 4 
2066 2 2068 233 F: 2 
2145 3 2154 113 F: 3 
2283 9 2310 192 F: 4 3 2 
2328 3 2334 96 F: 3 
2473 8 2505 142 F: 3 2 3 
2546 5 2561 37 F: 3 2 
2603 10 2643 102 F: 7 3 
2762 12 2786 229 F: 12 
2834 5 2839 106 F: 3 2 
2947 6 2959 12 F: 6 
3099 9 3117 96 F: 5 3 1 
3132 8 3140 233 F: 7 1 
3278 10 3288 16 F: 6 4 
3367 4 3383 22 F: 4 
3439 8 3471 242 F: 2 2 4 
3502 9 3511 29 F: 4 2 3 
3673 4 3677 154 F: 2 2 
3723 13 3775 197 F: 5 4 4 
3867 7 3881 224 F: 5 2 
3900 2 3908 185 F: 2 
4024 10 4054 66 F: 5 5 
4155 7 4176 67 F: 4 3 
4205 3 4217 219 F: 3 
4358 9 4376 152 F: 3 6 
4450 9 4477 5 F: 5 3 1 
4532 7 4546 222 F: 6 1 
4609 11 4631 131 F: 5 2 4 
4753 7 4767 7 F: 7 
4877 8 4901 82 F: 4 2 2 
4944 10 4964 81 F: 4 4 2 
5055 12 5103 141 F: 12 
5121 10 5151 128 F: 4 4 2 
5278 9 5305 193 F: 4 2 3 
5333 5 5343 224 F: 5 
5462 10 5492 55 F: 10 
5573 8 5597 148 F: 8 
5606 12 5654 164 F: 7 5 
5772 8 5796 23 F: 2 2 4 
5824 12 5860 82 F: 12 
5992 4 6000 119 F: 3 1 
6061 2 6067 147 F: 2 
6127 9 6136 211 F: 7 2 
6223 10 6263 54 F: 6 4 
6304 10 6334 128 F: 10 
6474 7 6488 114 F: 7 
6599 10 6639 212 F: 6 4 
6611 10 6631 27 F: 10 
6720 9 6729 103 F: 9 
6898 6 6904 47 F: 4 1 1 
6919 12 6955 165 F: 12 
7092 8 7100 122 F: 8 
7130 9 7139 147 F: 4 5 
7268 6 7280 166 F: 3 3 
7392 10 7412 2 F: 4 6 
7435 9 7444 130 F: 4 4 1 
7524 2 7526 205 F: 2 
7601 3 7604 209 F: 3 
7775 5 7790 21 F: 2 3 
7885 4 7897 54 F: 4 
7949 11 7982 143 F: 11 
8077 10 8117 81 F: 10 
8121 10 8141 195 F: 7 3 
8214 8 8222 88 F: 4 1 3 
8370 7 8391 194 F: 4 2 1 
8487 5 8507 30 F: 2 2 1 
8537 4 8553 184 F: 2 2 
8627 5 8642 61 F: 5 
8704 6 8722 233 F: 6 
8888 11 8932 177 F: 5 2 4 
8987 10 9017 109 F: 5 5 
9056 10 9066 202 F: 5 5 
9168 10 9208 7 F: 10 
9276 9 9312 59 F: 9 
9382 8 9414 243 F: 5 2 1 
9483 5 9503 84 F: 4 1 
9579 13 9592 79 F: 13 
9634 3 9643 170 F: 2 1 
9702 5 9712 238 F: 2 2 1 
9812 12 9860 27 F: 12 
9945 12 9993 207 F: 12 
10016 7 10037 42 F: 4 3 
10159 6 10183 208 F: 3 3 
10281 7 10295 70 F: 7 
10341 9 10359 230 F: 2 3 4 
10450 8 10482 223 F: 5 3 
10562 11 10595 101 F: 11 
10646 5 10666 165 F: 4 1 
10758 9 10767 139 F: 9 
10824 6 10836 24 F: 6 
10926 8 10950 169 F: 8 
11075 2 11081 110 F: 2 
11105 8 11137 119 F: 5 1 2 
11211 2 11217 83 F: 2 
11374 8 11382 70 F: 4 4 
11478 11 11489 241 F: 6 5 
11540 9 11549 79 F: 5 1 3 
11630 6 11642 195 F: 3 3 
11714 10 11724 52 F: 4 2 4 
11808 6 11814 102 F: 6 
11930 8 11946 61 F: 7 1 
12090 11 12112 92 F: 5 2 4 
12116 4 12128 185 F: 4 
12210 8 12234 184 F: 8 
12327 6 12351 19 F: 3 1 2 
12475 4 12479 234 F: 2 1 1 
12571 11 12593 36 F: 11 
12642 9 12678 192 F: 9 
12767 12 12791 141 F: 6 6 
12803 9 12821 51 F: 3 6 
12986 7 12993 246 F: 6 1 
13096 9 13105 90 F: 4 5 
13169 13 13221 250 F: 7 6 
13248 11 13259 205 F: 3 4 4 
13338 7 13359 29 F: 7 
13486 12 13498 59 F: 7 5 
13574 4 13582 73 F: 2 2 
13628 7 13635 171 F: 7 
13794 5 13814 11 F: 5 
13841 9 13859 9 F: 3 2 4 
13900 12 13948 64 F: 5 3 4 
14073 9 14100 111 F: 3 3 3 
14162 4 14174 239 F: 4 
14207 6 14225 5 F: 5 1 
14346 10 14366 145 F: 7 3 
14464 7 14485 153 F: 4 3 
14543 7 14564 141 F: 2 5 
14682 6 14694 78 F: 2 4 
14716 6 14728 55 F: 6 
14891 8 14907 95 F: 3 3 2 
14900 11 14911 238 F: 4 3 4 
15096 7 15124 128 F: 7 
15136 7 15164 27 F: 2 2 3 
15248 6 15254 125 F: 3 3 
15389 6 15407 109 F: 2 2 2 
15453 8 15461 44 F: 2 2 4 
15543 5 15548 199 F: 5 
15696 9 15732 182 F: 5 3 1 
15712 2 15714 196 F: 2 
15834 9 15843 54 F: 7 2 
15986 11 15997 187 F: 11 
16072 11 16094 194 F: 11 
16137 2 16145 164 F: 2 
16237 9 16273 112 F: 9 
16327 11 16338 179 F: 11 
16419 8 16443 33 F: 6 2 
16513 6 16531 116 F: 3 3 
16670 12 16718 144 F: 12 
16790 9 16826 216 F: 3 2 4 
16891 11 16935 67 F: 7 4 
16931 10 16951 199 F: 7 3 
17087 10 17127 165 F: 4 3 3 
17117 4 17121 36 F: 2 1 1 
17201 11 17223 147 F: 5 4 2 
17377 9 17413 220 F: 6 3 
17494 9 17512 140 F: 9 
17591 9 17609 203 F: 9 
17642 10 17652 41 F: 4 2 4 
17760 6 17778 9 F: 2 3 1 
17811 5 17816 39 F: 5 
17963 9 17981 196 F: 9 
18096 12 18108 5 F: 5 4 3 
18191 3 18194 36 F: 3 
18281 7 18288 67 F: 3 3 1 
18320 9 18347 219 F: 3 3 3 
18475 12 18487 86 F: 5 4 3 
18575 7 18603 139 F: 6 1 
18612 8 18636 28 F: 5 2 1 
18788 7 18795 134 F: 7 
18874 9 18910 8 F: 5 3 1 
18911 12 18947 137 F: 12 
19066 6 19072 180 F: 5 1 
19141 13 19154 79 F: 13 
19260 8 19284 230 F: 3 4 1 
19309 7 19330 71 F: 5 2 
19470 7 19477 69 F: 7 
19549 3 19555 44 F: 2 1 
19675 9 19711 27 F: 5 2 2 
19711 10 19741 76 F: 7 3 
19895 7 19916 101 F: 5 2 
19990 11 20034 250 F: 5 4 2 
20048 10 20078 95 F: 4 6 
20145 2 20153 15 F: 2 
20284 9 20302 17 F: 5 3 1 
20316 8 20332 36 F: 8 
20430 6 20454 10 F: 4 2 
20568 3 20571 101 F: 3 
20640 8 20664 249 F: 5 2 1 
20795 8 20811 135 F: 8 
20876 7 20890 152 F: 3 4 
20955 11 20988 181 F: 5 2 4 
21084 8 21108 23 F: 5 3 
21153 11 21186 198 F: 5 2 4 
21282 8 21290 19 F: 4 1 3 
21352 12 21388 84 F: 6 6 
21456 9 21492 201 F: 4 4 1 
21553 9 21562 183 F: 3 4 2 
21680 12 21716 54 F: 12 
21729 8 21737 43 F: 8 
21844 9 21853 34 F: 4 3 2 
21984 13 22036 198 F: 13 
22093 5 22108 14 F: 3 2 
22167 6 22179 244 F: 6 
22223 3 22226 220 F: 3 
22341 13 22380 121 F: 13 
22469 13 22508 94 F: 7 6 
22590 11 22623 156 F: 11 
22615 5 22620 3 F: 5 
22776 7 22783 102 F: 3 4 
22871 10 22901 160 F: 4 2 4 
22927 10 22947 188 F: 10 
23045 7 23052 141 F: 2 1 4 
23193 4 23201 9 F: 3 1 
23252 7 23273 141 F: 2 2 3 
23347 7 23354 125 F: 6 1 
23442 6 23460 35 F: 5 1 
23515 3 23527 28 F: 2 1 
23618 12 23630 12 F: 12 
23763 9 23781 120 F: 2 4 3 
23812 10 23852 25 F: 4 3 3 
23951 5 23971 69 F: 3 2 
24010 8 24018 51 F: 5 2 1 
24176 11 24187 38 F: 3 4 4 
24228 4 24232 105 F: 4 
24360 10 24380 26 F: 4 6 
24413 7 24441 174 F: 4 1 2 
24597 7 24625 144 F: 4 3 
24642 7 24670 33 F: 2 3 2 
24725 6 24737 182 F: 2 3 1 
24818 9 24827 224 F: 6 3 
24995 12 25019 248 F: 6 6 
D: 1 109 
D: 3 13 
D: 4 105 
D: 4 189 
D: 25 148 
D: 29 74 
D: 35 152 
D: 36 60 
D: 37 79 
D: 48 98 
D: 53 144 
D: 55 94 
D: 56 98 
D: 59 133 
D: 59 209 
D: 61 189 
D: 63 207 
D: 67 178 
D: 75 77 
D: 75 167 
D: 83 91 
D: 85 172 
D: 116 193 
D: 124 184 
D: 246 249 
