80 10 100 57 F: 4 6 
102 10 132 9 F: 5 2 3 
211 5 221 172 F: 5 
324 8 348 211 F: 8 
478 12 526 106 F: 6 6 
586 10 596 113 F: 5 1 4 
667 5 682 64 F: 2 1 2 
727 3 736 107 F: 3 
845 9 863 238 F: 3 6 
917 6 935 72 F: 3 1 2 
1092 7 1106 214 F: 2 5 
1136 11 1158 15 F: 4 3 4 
1249 8 1257 236 F: 3 5 
1359 10 1379 82 F: 3 3 4 
1484 6 1508 8 F: 3 3 
1556 10 1566 204 F: 7 3 
1639 5 1659 38 F: 4 1 
1700 3 1706 247 F: 3 
1883 11 1894 161 F: 11 
1978 6 1996 152 F: 5 1 
2034 11 2056 217 F: 4 4 3 
2172 12 2184 123 F: 7 5 
2213 10 2233 227 F: 6 4 
2362 6 2374 163 F: 2 4 
2431 11 2464 189 F: 7 4 
2575 10 2605 101 F: 4 6 
2631 8 2647 103 F: 3 4 1 
2758 8 2782 224 F: 2 4 2 
2832 5 2847 19 F: 5 
2994 7 3022 239 F: 7 
3032 9 3059 205 F: 4 3 2 
3160 10 3200 71 F: 10 
3264 10 3284 215 F: 10 
3345 10 3365 2 F: 4 2 4 
3448 7 3455 227 F: 7 
3521 6 3527 72 F: 4 2 
3665 10 3705 202 F: 6 4 
3730 9 3766 195 F: 5 2 2 
3874 13 3900 52 F: 13 
3993 6 3999 27 F: 6 
4047 10 4087 26 F: 6 4 
4199 13 4251 196 F: 13 
4283 3 4292 169 F: 3 
4313 9 4349 206 F: 9 
4476 9 4503 187 F: 3 4 2 
4520 11 4564 62 F: 7 4 
4698 3 4707 235 F: 3 
4775 6 4781 193 F: 2 2 2 
4892 10 4902 29 F: 3 4 3 
4987 13 5000 164 F: 13 
5065 9 5083 13 F: 9 
5147 4 5159 228 F: 4 
5284 12 5296 165 F: 5 4 3 
5397 11 5430 66 F: 11 
5447 11 5491 183 F: 11 
5542 5 5557 58 F: 2 3 
5659 8 5691 77 F: 6 2 
5790 9 5817 203 F: 2 4 3 
5870 7 5884 133 F: 5 2 
5933 9 5942 80 F: 5 4 
6086 11 6108 200 F: 11 
6140 3 6149 20 F: 3 
6216 8 6240 46 F: 3 4 1 
6389 11 6411 180 F: 5 4 2 
6444 8 6476 229 F: 4 1 3 
6542 11 6575 241 F: 5 6 
6652 8 6684 210 F: 3 4 1 
6737 8 6745 84 F: 5 3 
6816 7 6830 97 F: 4 3 
6969 8 7001 211 F: 8 
7033 7 7040 210 F: 7 
7150 7 7178 106 F: 4 3 
7297 9 7324 23 F: 4 1 4 
7320 12 7368 111 F: 5 4 3 
7454 11 7498 30 F: 3 4 4 
7565 7 7572 173 F: 7 
7671 9 7698 34 F: 5 4 
7740 8 7748 95 F: 3 2 3 
7833 13 7859 98 F: 13 
7935 9 7971 100 F: 4 4 1 
8003 7 8024 174 F: 4 2 1 
8140 8 8172 164 F: 4 2 2 
8240 6 8246 97 F: 2 3 1 
8376 11 8420 240 F: 5 4 2 
8462 9 8471 109 F: 4 5 
8539 8 8571 62 F: 8 
8655 6 8679 239 F: 5 1 
8716 5 8726 100 F: 3 1 1 
8844 9 8853 175 F: 4 5 
8959 8 8991 82 F: 4 4 
9002 6 9014 53 F: 6 
9161 8 9185 66 F: 2 2 4 
9284 10 9304 38 F: 10 
9377 8 9385 199 F: 3 5 
9404 10 9424 123 F: 5 5 
9521 3 9530 113 F: 3 
9622 8 9630 219 F: 3 2 3 
9761 9 9797 227 F: 9 
9837 4 9845 143 F: 3 1 
9945 9 9963 37 F: 9 
10089 11 10100 111 F: 6 5 
10150 9 10177 80 F: 4 4 1 
10206 7 10227 138 F: 4 3 
10389 9 10416 35 F: 4 3 2 
10411 8 10419 85 F: 8 
10507 5 10517 224 F: 4 1 
10629 8 10653 89 F: 2 4 2 
10742 6 10760 102 F: 6 
10840 7 10854 173 F: 6 1 
10985 9 10994 13 F: 3 6 
11082 8 11090 236 F: 2 4 2 
11155 10 11185 196 F: 6 4 
11275 10 11315 168 F: 10 
11388 2 11394 84 F: 2 
11445 7 11473 85 F: 4 3 
11539 8 11547 173 F: 8 
11612 7 11619 74 F: 7 
11747 4 11751 13 F: 4 
11866 7 11880 159 F: 7 
11952 4 11964 204 F: 3 1 
12014 4 12030 215 F: 3 1 
12128 8 12152 215 F: 4 4 
12281 10 12291 96 F: 10 
12339 11 12350 97 F: 5 2 4 
12473 7 12501 21 F: 7 
12585 12 12633 82 F: 12 
12651 7 12665 145 F: 3 2 2 
12784 8 12800 26 F: 4 2 2 
12851 4 12855 149 F: 2 2 
12917 9 12926 98 F: 2 3 4 
13059 7 13087 142 F: 3 1 3 
13152 12 13176 97 F: 4 4 4 
13228 8 13260 152 F: 4 2 2 
13360 7 13381 96 F: 7 
13465 10 13495 245 F: 10 
13537 8 13553 205 F: 2 2 4 
13681 12 13693 204 F: 5 3 4 
13729 10 13759 27 F: 4 2 4 
13868 10 13888 160 F: 4 6 
13958 6 13970 234 F: 5 1 
14082 10 14102 188 F: 5 3 2 
14151 7 14172 218 F: 4 3 
14257 5 14262 111 F: 2 3 
14319 8 14335 100 F: 5 2 1 
14489 6 14501 151 F: 2 1 3 
14549 9 14567 241 F: 9 
14698 6 14710 214 F: 6 
14781 11 14803 68 F: 5 6 
14851 11 14884 220 F: 11 
14972 6 14990 15 F: 4 2 
15096 7 15110 163 F: 2 3 2 
15125 8 15141 94 F: 6 2 
15294 7 15322 98 F: 6 1 
15393 7 15400 118 F: 7 
15482 3 15485 221 F: 3 
15591 4 15607 227 F: 3 1 
15618 6 15642 63 F: 3 2 1 
15761 4 15769 192 F: 3 1 
15822 7 15836 124 F: 7 
15952 6 15958 76 F: 3 2 1 
16032 8 16064 11 F: 8 
16131 10 16161 64 F: 10 
16266 10 16296 128 F: 5 1 4 
16364 7 16378 220 F: 2 4 1 
16403 9 16439 58 F: 3 6 
16581 9 16599 58 F: 3 4 2 
16666 7 16680 221 F: 3 3 1 
16717 10 16727 25 F: 6 4 
16891 9 16927 97 F: 2 3 4 
16945 12 16957 184 F: 4 4 4 
17051 11 17062 208 F: 5 4 2 
17125 13 17164 197 F: 13 
17281 5 17291 115 F: 3 2 
17356 4 17372 47 F: 4 
17449 8 17457 32 F: 3 4 1 
17593 8 17609 110 F: 8 
17627 9 17645 89 F: 9 
17709 6 17721 142 F: 4 2 
17884 10 17894 129 F: 10 
17950 9 17977 127 F: 5 4 
18068 8 18092 218 F: 4 4 
18165 8 18173 200 F: 3 4 1 
18248 7 18255 246 F: 2 3 2 
18381 2 18389 189 F: 2 
18414 10 18444 17 F: 3 4 3 
18555 10 18565 101 F: 5 3 2 
18692 7 18706 243 F: 2 5 
18713 5 18728 134 F: 2 3 
18828 10 18858 94 F: 4 2 4 
18913 4 18925 127 F: 4 
19015 8 19031 185 F: 3 4 1 
19171 9 19207 189 F: 5 1 3 
19233 9 19260 6 F: 9 
19381 8 19405 129 F: 6 2 
19438 12 19486 187 F: 6 6 
19516 2 19524 124 F: 2 
19655 9 19664 203 F: 9 
19742 12 19790 250 F: 12 
19860 7 19874 23 F: 2 1 4 
19953 8 19977 146 F: 4 2 2 
20021 8 20029 196 F: 8 
20136 8 20152 97 F: 4 1 3 
20290 6 20296 245 F: 2 4 
20390 10 20410 36 F: 3 4 3 
20496 5 20501 220 F: 5 
20558 11 20602 88 F: 11 
20671 8 20687 223 F: 8 
20748 9 20766 80 F: 2 3 4 
20832 9 20841 92 F: 9 
20939 11 20972 119 F: 5 2 4 
21021 10 21041 65 F: 10 
21137 11 21159 195 F: 5 2 4 
21211 13 21224 121 F: 5 4 4 
21326 9 21344 204 F: 4 4 1 
21461 4 21477 223 F: 3 1 
21536 7 21564 85 F: 2 2 3 
21647 2 21653 173 F: 2 
21792 7 21806 211 F: 6 1 
21806 7 21820 60 F: 4 3 
21926 9 21935 51 F: 9 
22014 7 22042 225 F: 6 1 
22137 7 22158 168 F: 7 
22250 6 22256 80 F: 3 1 2 
22324 6 22336 41 F: 6 
22412 10 22452 180 F: 6 4 
22572 9 22599 178 F: 4 5 
22683 10 22713 195 F: 5 1 4 
22712 6 22736 46 F: 2 4 
22837 6 22849 147 F: 3 1 2 
22940 4 22948 8 F: 2 2 
23083 3 23086 138 F: 3 
23158 9 23176 13 F: 9 
23295 11 23317 120 F: 5 4 2 
23352 8 23360 241 F: 5 3 
23486 8 23510 50 F: 4 3 1 
23503 8 23519 162 F: 2 3 3 
23613 5 23618 207 F: 3 2 
23712 7 23733 210 F: 7 
23883 7 23897 24 F: 2 4 1 
23993 8 24009 141 F: 4 1 3 
24068 9 24104 66 F: 5 1 3 
24154 10 24164 56 F: 10 
24253 5 24263 161 F: 5 
24307 5 24327 66 F: 5 
24413 7 24427 155 F: 6 1 
24537 9 24564 154 F: 5 1 3 
24685 3 24697 110 F: 3 
24702 8 24710 54 F: 6 2 
24818 11 24862 176 F: 11 
24940 5 24950 130 F: 2 1 2 
D: 13 30 
D: 17 169 
D: 20 190 
D: 22 143 
D: 25 72 
D: 26 140 
D: 29 200 
D: 37 205 
D: 56 186 
D: 62 82 
D: 62 139 
D: 69 121 
D: 79 103 
D: 81 120 
D: 81 194 
D: 98 206 
D: 101 154 
D: 105 141 
D: 108 153 
D: 115 131 
D: 131 168 
D: 163 178 
D: 206 230 
D: 217 241 
D: 241 243 
