94 6 100 43 F: 3 1 2 
197 10 227 34 F: 5 2 3 
299 7 306 230 F: 3 1 3 
323 9 350 59 F: 9 
451 4 459 85 F: 4 
541 10 551 239 F: 10 
658 11 691 134 F: 4 3 4 
785 6 791 10 F: 4 1 1 
857 3 866 176 F: 3 
906 8 938 198 F: 4 3 1 
1097 7 1104 198 F: 6 1 
1120 8 1136 218 F: 2 6 
1223 7 1237 215 F: 3 1 3 
1397 10 1427 33 F: 5 2 3 
1417 8 1449 246 F: 3 3 2 
1525 9 1552 173 F: 3 4 2 
1655 12 1691 197 F: 12 
1779 11 1790 62 F: 6 5 
1810 5 1825 213 F: 3 1 1 
1902 2 1910 162 F: 2 
2096 6 2102 158 F: 2 3 1 
2124 10 2144 64 F: 3 3 4 
2255 11 2266 165 F: 6 5 
2379 10 2409 20 F: 6 4 
2451 7 2479 166 F: 2 1 4 
2550 10 2590 247 F: 7 3 
2648 10 2658 43 F: 5 2 3 
2730 4 2734 101 F: 4 
2822 10 2862 234 F: 5 2 3 
2993 7 3021 80 F: 7 
3002 11 3024 165 F: 4 4 3 
3144 4 3156 151 F: 4 
3258 13 3284 126 F: 7 6 
3317 8 3349 93 F: 5 1 2 
3482 4 3486 20 F: 4 
3590 10 3610 120 F: 5 2 3 
3670 5 3675 189 F: 2 3 
3754 8 3762 144 F: 6 2 
3800 6 3818 125 F: 6 
3922 8 3930 27 F: 7 1 
4078 13 4104 84 F: 13 
4145 4 4161 238 F: 3 1 
4208 7 4229 178 F: 2 5 
4313 6 4331 100 F: 6 
4481 4 4489 66 F: 4 
4598 8 4606 140 F: 3 2 3 
4628 4 4632 230 F: 3 1 
4770 3 4776 30 F: 3 
4852 10 4862 78 F: 10 
4905 6 4929 117 F: 3 2 1 
5045 8 5061 171 F: 8 
5154 4 5162 203 F: 2 2 
5253 6 5271 17 F: 6 
5387 7 5415 178 F: 4 2 1 
5464 2 5472 10 F: 2 
5541 13 5593 163 F: 7 6 
5688 9 5697 122 F: 3 6 
5732 9 5759 53 F: 5 3 1 
5834 7 5848 128 F: 4 3 
5935 13 5987 132 F: 13 
6024 8 6056 155 F: 2 6 
6127 9 6145 180 F: 9 
6287 2 6293 171 F: 2 
6335 10 6365 109 F: 4 6 
6400 4 6412 207 F: 3 1 
6517 5 6537 1 F: 5 
6654 12 6690 147 F: 5 4 3 
6772 9 6790 96 F: 3 3 3 
6889 7 6910 144 F: 2 2 3 
6914 8 6930 85 F: 3 2 3 
7097 10 7137 141 F: 5 5 
7199 7 7227 81 F: 3 3 1 
7246 6 7270 240 F: 3 3 
7346 12 7394 202 F: 6 6 
7483 12 7519 167 F: 12 
7576 7 7590 189 F: 7 
7693 5 7713 129 F: 2 3 
7771 10 7811 101 F: 3 4 3 
7861 10 7881 137 F: 10 
7934 13 7960 149 F: 5 4 4 
8040 4 8044 216 F: 3 1 
8146 10 8166 98 F: 4 2 4 
8201 13 8253 112 F: 13 
8326 9 8344 157 F: 2 3 4 
8401 6 8425 146 F: 5 1 
8518 13 8531 162 F: 13 
8606 11 8617 32 F: 5 6 
8784 5 8794 135 F: 2 3 
8897 5 8912 232 F: 5 
8913 6 8919 102 F: 2 1 3 
9002 11 9046 133 F: 6 5 
9163 11 9207 168 F: 4 3 4 
9265 10 9275 151 F: 7 3 
9362 8 9378 49 F: 3 2 3 
9400 10 9420 89 F: 10 
9568 2 9574 89 F: 2 
9683 10 9723 141 F: 2 4 4 
9700 13 9713 234 F: 13 
9836 6 9860 250 F: 6 
9975 9 9993 222 F: 5 3 1 
10064 8 10096 56 F: 3 2 3 
10191 8 10207 153 F: 3 5 
10280 4 10292 176 F: 2 1 1 
10373 6 10397 241 F: 2 4 
10460 7 10467 196 F: 3 4 
10560 8 10584 195 F: 5 3 
10621 8 10629 234 F: 4 4 
10794 10 10804 11 F: 6 4 
10819 10 10849 56 F: 10 
10990 10 11000 241 F: 5 2 3 
11034 12 11082 99 F: 5 3 4 
11118 10 11128 228 F: 3 3 4 
11276 10 11306 180 F: 4 2 4 
11301 8 11317 153 F: 5 3 
11460 10 11500 3 F: 4 6 
11582 8 11590 139 F: 4 4 
11632 6 11638 167 F: 2 1 3 
11707 3 11719 232 F: 3 
11839 10 11869 55 F: 10 
11978 4 11990 148 F: 3 1 
12033 6 12057 199 F: 5 1 
12151 11 12173 79 F: 3 4 4 
12281 8 12289 12 F: 8 
12368 8 12376 149 F: 4 1 3 
12422 5 12427 97 F: 4 1 
12585 8 12601 26 F: 4 4 
12671 8 12687 138 F: 2 2 4 
12749 12 12773 203 F: 6 6 
12823 4 12839 152 F: 3 1 
12945 4 12957 94 F: 3 1 
13075 4 13083 28 F: 3 1 
13167 9 13176 62 F: 3 6 
13217 10 13247 237 F: 4 6 
13326 3 13338 76 F: 3 
13400 9 13418 188 F: 6 3 
13580 9 13616 19 F: 3 4 2 
13610 7 13631 57 F: 7 
13717 4 13733 16 F: 2 1 1 
13867 8 13883 3 F: 8 
13987 11 14020 168 F: 11 
14019 11 14063 197 F: 4 4 3 
14116 4 14124 91 F: 4 
14263 9 14290 72 F: 7 2 
14340 4 14348 9 F: 4 
14466 9 14475 171 F: 6 3 
14533 8 14557 244 F: 5 2 1 
14625 9 14661 103 F: 4 3 2 
14725 12 14761 7 F: 5 4 3 
14858 11 14869 133 F: 6 5 
14983 7 15004 145 F: 6 1 
15027 5 15032 139 F: 3 2 
15175 7 15203 28 F: 2 3 2 
15206 9 15215 205 F: 3 4 2 
15345 11 15356 213 F: 5 2 4 
15419 8 15451 230 F: 8 
15563 7 15591 27 F: 3 2 2 
15654 11 15665 239 F: 6 5 
15790 11 15834 78 F: 11 
15863 7 15884 113 F: 2 4 1 
15949 6 15973 96 F: 3 1 2 
16061 6 16073 236 F: 4 1 1 
16141 5 16151 54 F: 5 
16229 5 16244 199 F: 5 
16361 10 16371 104 F: 10 
16457 7 16478 115 F: 2 5 
16570 12 16618 120 F: 12 
16617 7 16631 235 F: 3 1 3 
16747 2 16753 13 F: 2 
16828 7 16842 83 F: 2 1 4 
16922 12 16958 235 F: 12 
17000 7 17014 84 F: 6 1 
17120 5 17140 55 F: 4 1 
17219 4 17227 12 F: 2 2 
17307 5 17322 223 F: 2 2 1 
17414 9 17432 19 F: 4 5 
17566 3 17578 92 F: 2 1 
17655 9 17682 84 F: 2 4 3 
17777 13 17790 18 F: 7 6 
17867 3 17870 124 F: 2 1 
17995 10 18015 78 F: 5 5 
18067 9 18103 241 F: 9 
18105 5 18110 84 F: 5 
18297 4 18305 52 F: 4 
18370 7 18377 11 F: 2 1 4 
18479 8 18487 105 F: 4 2 2 
18598 9 18607 238 F: 4 1 4 
18646 11 18668 61 F: 7 4 
18708 9 18744 235 F: 6 3 
18854 8 18862 33 F: 4 1 3 
18979 11 19023 191 F: 7 4 
19070 8 19102 220 F: 3 1 4 
19169 11 19202 62 F: 4 4 3 
19233 7 19261 93 F: 4 1 2 
19345 9 19381 237 F: 9 
19477 9 19513 181 F: 5 4 
19550 8 19582 229 F: 4 2 2 
19632 8 19648 141 F: 5 3 
19760 7 19788 89 F: 2 2 3 
19895 6 19913 173 F: 6 
19983 8 20007 32 F: 8 
20040 12 20064 64 F: 7 5 
20195 12 20219 242 F: 7 5 
20243 6 20261 207 F: 2 1 3 
20342 10 20362 213 F: 5 5 
20482 9 20509 45 F: 4 5 
20509 5 20519 244 F: 5 
20643 10 20653 129 F: 4 4 2 
20701 12 20749 60 F: 7 5 
20889 6 20895 87 F: 4 2 
20981 12 21005 39 F: 12 
21066 7 21087 208 F: 4 2 1 
21163 5 21178 203 F: 5 
21291 12 21339 137 F: 5 3 4 
21394 6 21400 83 F: 2 2 2 
21444 7 21458 65 F: 3 4 
21527 4 21539 36 F: 3 1 
21611 7 21632 188 F: 7 
21783 9 21819 238 F: 3 2 4 
21861 5 21876 166 F: 2 3 
21958 10 21998 169 F: 4 2 4 
22050 6 22056 246 F: 2 2 2 
22132 10 22152 35 F: 4 2 4 
22270 7 22291 121 F: 4 3 
22304 9 22331 182 F: 4 1 4 
22426 8 22434 172 F: 4 3 1 
22503 10 22513 10 F: 10 
22688 13 22727 96 F: 13 
22798 11 22831 193 F: 3 4 4 
22811 12 22859 127 F: 6 6 
22987 12 23011 158 F: 7 5 
23095 6 23119 128 F: 2 4 
23155 9 23173 176 F: 9 
23238 11 23249 151 F: 11 
23300 6 23306 177 F: 6 
23464 4 23472 61 F: 4 
23569 6 23593 58 F: 2 2 2 
23660 4 23676 193 F: 4 
23781 6 23793 233 F: 6 
23878 6 23890 17 F: 6 
23914 7 23942 153 F: 5 2 
24022 8 24038 171 F: 6 2 
24178 9 24187 136 F: 5 3 1 
24240 9 24267 57 F: 6 3 
24307 7 24321 141 F: 3 4 
24499 6 24511 49 F: 6 
24576 8 24608 240 F: 2 6 
24610 12 24658 5 F: 12 
24714 7 24728 144 F: 7 
24896 5 24911 93 F: 5 
24926 11 24959 177 F: 7 4 
D: 2 168 
D: 4 13 
D: 5 132 
D: 8 163 
D: 8 194 
D: 12 21 
D: 14 189 
D: 15 216 
D: 16 183 
D: 16 213 
D: 28 133 
D: 32 103 
D: 37 208 
D: 43 195 
D: 48 152 
D: 50 102 
D: 53 157 
D: 69 176 
D: 81 141 
D: 86 92 
D: 97 247 
D: 144 146 
D: 148 204 
D: 170 183 
D: 197 208 
