2 12 50 130 F: 12 
132 10 172 170 F: 4 6 
229 8 245 118 F: 8 
316 13 342 9 F: 13 
403 7 424 15 F: 3 1 3 
530 6 536 34 F: 3 1 2 
672 6 678 61 F: 3 3 
725 7 746 189 F: 3 1 3 
881 5 901 69 F: 2 1 2 
908 11 930 46 F: 11 
1021 4 1029 161 F: 2 2 
1198 8 1230 198 F: 2 6 
1294 3 1306 38 F: 3 
1325 9 1343 169 F: 5 4 
1479 3 1485 206 F: 2 1 
1524 9 1560 189 F: 5 4 
1663 6 1687 120 F: 6 
1770 10 1810 32 F: 2 4 4 
1870 10 1890 165 F: 5 3 2 
1971 13 1984 201 F: 13 
2041 10 2061 239 F: 10 
2164 4 2176 25 F: 2 2 
2274 5 2294 130 F: 5 
2356 7 2377 11 F: 6 1 
2494 12 2530 134 F: 7 5 
2567 3 2576 250 F: 3 
2648 8 2656 142 F: 4 2 2 
2792 8 2800 177 F: 2 2 4 
2831 9 2840 105 F: 3 2 4 
2937 9 2946 43 F: 3 4 2 
3022 9 3058 228 F: 3 2 4 
3124 12 3136 155 F: 12 
3274 5 3294 202 F: 3 2 
3370 9 3388 167 F: 9 
3428 11 3461 205 F: 7 4 
3564 12 3576 21 F: 5 3 4 
3680 7 3687 37 F: 3 3 1 
3740 7 3761 171 F: 4 1 2 
3843 3 3849 115 F: 3 
3957 8 3989 163 F: 3 4 1 
4041 10 4081 1 F: 5 2 3 
4165 8 4181 210 F: 8 
4263 7 4284 119 F: 7 
4304 8 4328 148 F: 2 6 
4454 9 4472 214 F: 5 4 
4597 12 4645 25 F: 5 4 3 
4664 5 4674 205 F: 4 1 
4760 4 4776 30 F: 4 
4861 7 4868 80 F: 5 2 
4991 9 5000 212 F: 5 3 1 
5006 3 5015 246 F: 3 
5151 6 5163 176 F: 3 1 2 
5248 5 5268 19 F: 3 2 
5349 11 5382 241 F: 11 
5416 10 5426 81 F: 7 3 
5531 5 5536 240 F: 3 2 
5621 6 5639 180 F: 3 2 1 
5744 7 5765 244 F: 2 3 2 
5810 9 5819 54 F: 4 2 3 
5925 4 5929 32 F: 4 
6023 7 6030 221 F: 2 3 2 
6172 6 6196 114 F: 6 
6260 10 6270 83 F: 10 
6351 8 6383 153 F: 4 4 
6400 9 6418 6 F: 4 4 1 
6564 11 6586 29 F: 5 3 3 
6668 8 6692 102 F: 8 
6757 8 6781 185 F: 4 4 
6823 4 6831 250 F: 4 
6981 8 7013 221 F: 2 6 
7015 13 7028 61 F: 13 
7125 7 7146 5 F: 7 
7277 9 7313 57 F: 4 3 2 
7371 8 7387 5 F: 3 2 3 
7432 10 7472 150 F: 4 4 2 
7568 11 7579 207 F: 11 
7632 9 7650 97 F: 7 2 
7794 9 7830 142 F: 9 
7843 13 7869 76 F: 13 
7927 7 7948 114 F: 3 3 1 
8027 2 8029 97 F: 2 
8182 13 8221 86 F: 7 6 
8208 5 8223 127 F: 5 
8352 12 8376 145 F: 5 3 4 
8473 9 8500 131 F: 5 4 
8539 6 8563 217 F: 2 4 
8628 6 8640 205 F: 4 2 
8768 10 8798 141 F: 10 
8879 8 8895 35 F: 2 3 3 
8904 10 8944 129 F: 5 3 2 
9041 7 9055 241 F: 2 2 3 
9102 13 9115 50 F: 13 
9203 8 9211 246 F: 5 3 
9303 8 9319 212 F: 6 2 
9464 8 9488 172 F: 5 1 2 
9534 2 9540 203 F: 2 
9632 8 9664 73 F: 3 4 1 
9783 7 9797 187 F: 3 4 
9865 7 9886 155 F: 7 
9912 7 9940 141 F: 4 1 2 
10079 11 10112 89 F: 5 6 
10141 6 10165 146 F: 2 4 
10240 3 10252 194 F: 3 
10316 13 10355 168 F: 7 6 
10447 13 10486 178 F: 13 
10506 10 10546 160 F: 5 1 4 
10699 9 10735 52 F: 2 3 4 
10716 9 10752 245 F: 4 5 
10845 11 10867 250 F: 5 3 3 
10987 7 11001 208 F: 7 
11050 8 11074 227 F: 4 4 
11119 7 11133 235 F: 3 2 2 
11243 12 11255 127 F: 7 5 
11356 4 11372 228 F: 2 1 1 
11412 7 11426 49 F: 2 4 1 
11516 13 11542 115 F: 13 
11674 6 11686 189 F: 4 2 
11754 5 11769 215 F: 5 
11878 9 11896 78 F: 4 1 4 
11947 8 11955 192 F: 3 2 3 
12098 9 12125 242 F: 4 4 1 
12100 5 12105 182 F: 3 2 
12295 7 12316 226 F: 3 2 2 
12342 4 12358 150 F: 2 2 
12460 13 12499 191 F: 13 
12534 11 12578 68 F: 11 
12627 10 12657 127 F: 4 3 3 
12782 5 12787 250 F: 5 
12806 7 12820 216 F: 2 4 1 
12931 8 12963 53 F: 3 3 2 
13089 11 13133 93 F: 11 
13198 4 13214 24 F: 3 1 
13298 7 13319 171 F: 7 
13318 8 13342 217 F: 4 2 2 
13405 6 13411 249 F: 4 2 
13560 7 13588 74 F: 3 2 2 
13668 11 13712 78 F: 5 3 3 
13710 6 13734 149 F: 4 1 1 
13837 9 13864 76 F: 2 4 3 
13993 7 14007 157 F: 7 
14004 6 14016 203 F: 3 3 
14175 3 14187 64 F: 2 1 
14230 6 14254 151 F: 6 
14344 7 14372 247 F: 7 
14420 5 14425 62 F: 2 2 1 
14534 13 14573 163 F: 13 
14602 6 14620 26 F: 2 2 2 
14722 6 14740 72 F: 5 1 
14855 7 14869 238 F: 4 2 1 
14926 8 14958 47 F: 6 2 
15030 10 15040 224 F: 2 4 4 
15127 12 15175 248 F: 6 6 
15297 7 15304 79 F: 2 3 2 
15358 4 15362 80 F: 2 2 
15474 12 15522 134 F: 12 
15540 10 15580 140 F: 4 6 
15653 9 15680 178 F: 2 4 3 
15788 10 15808 24 F: 10 
15825 8 15841 16 F: 4 4 
15903 6 15915 211 F: 6 
16015 11 16048 157 F: 3 4 4 
16168 7 16189 43 F: 7 
16297 7 16318 229 F: 5 2 
16328 13 16380 71 F: 13 
16421 7 16442 90 F: 7 
16596 8 16620 16 F: 6 2 
16685 2 16689 106 F: 2 
16788 10 16828 239 F: 10 
16806 9 16824 149 F: 2 3 4 
16938 9 16965 146 F: 4 3 2 
17010 7 17038 70 F: 3 3 1 
17190 12 17226 118 F: 12 
17259 10 17279 249 F: 5 1 4 
17371 10 17401 217 F: 4 6 
17438 13 17464 97 F: 13 
17575 6 17587 200 F: 2 2 2 
17638 8 17662 205 F: 6 2 
17736 12 17748 90 F: 12 
17871 12 17895 38 F: 5 3 4 
17911 10 17951 23 F: 10 
18097 10 18137 164 F: 10 
18159 5 18164 15 F: 5 
18222 12 18246 87 F: 7 5 
18359 7 18373 200 F: 3 3 1 
18421 7 18442 13 F: 3 3 1 
18546 8 18570 105 F: 8 
18616 10 18636 87 F: 10 
18719 7 18733 242 F: 3 1 3 
18838 4 18850 112 F: 4 
18995 11 19017 173 F: 5 2 4 
19047 7 19061 42 F: 7 
19147 11 19191 117 F: 7 4 
19278 7 19292 250 F: 7 
19328 9 19355 66 F: 9 
19436 7 19450 172 F: 5 2 
19533 7 19561 208 F: 7 
19678 9 19696 221 F: 9 
19755 6 19773 65 F: 4 2 
19880 10 19910 244 F: 10 
19910 5 19925 193 F: 2 2 1 
20023 5 20038 123 F: 5 
20153 6 20159 21 F: 5 1 
20268 7 20275 61 F: 3 3 1 
20313 4 20321 160 F: 4 
20485 8 20501 36 F: 7 1 
20545 10 20575 124 F: 5 5 
20674 5 20684 23 F: 2 3 
20731 6 20755 231 F: 6 
20855 7 20883 44 F: 3 1 3 
20964 9 20982 66 F: 5 4 
21020 4 21032 186 F: 3 1 
21135 6 21141 196 F: 6 
21215 8 21223 138 F: 8 
21372 4 21380 156 F: 2 2 
21403 5 21408 202 F: 3 2 
21516 5 21536 161 F: 5 
21639 6 21645 244 F: 2 4 
21792 10 21832 54 F: 5 1 4 
21861 11 21872 52 F: 7 4 
21935 6 21959 16 F: 6 
22046 7 22053 240 F: 3 4 
22128 12 22140 152 F: 5 3 4 
22208 11 22252 45 F: 5 2 4 
22385 4 22397 67 F: 4 
22463 12 22475 181 F: 12 
22537 7 22565 202 F: 7 
22669 10 22679 206 F: 2 4 4 
22764 3 22770 226 F: 3 
22837 12 22861 53 F: 7 5 
22958 8 22974 61 F: 2 4 2 
23061 10 23101 175 F: 4 3 3 
23113 8 23129 42 F: 5 1 2 
23260 12 23308 156 F: 12 
23375 6 23393 29 F: 3 3 
23432 5 23437 229 F: 4 1 
23505 13 23557 219 F: 13 
23627 12 23639 226 F: 12 
23777 9 23804 216 F: 9 
23838 10 23868 13 F: 5 4 1 
23959 10 23989 68 F: 4 6 
24040 9 24049 174 F: 3 2 4 
24102 10 24122 197 F: 4 4 2 
24240 6 24258 11 F: 2 4 
24346 13 24359 105 F: 13 
24443 10 24473 15 F: 5 1 4 
24585 6 24603 195 F: 4 2 
24678 5 24693 147 F: 4 1 
24746 7 24760 111 F: 4 3 
24892 12 24904 167 F: 12 
24947 5 24962 154 F: 5 
D: 1 114 
D: 4 72 
D: 6 25 
D: 9 99 
D: 11 58 
D: 20 204 
D: 36 103 
D: 43 248 
D: 48 132 
D: 59 235 
D: 63 215 
D: 65 233 
D: 66 196 
D: 66 230 
D: 71 199 
D: 76 90 
D: 87 168 
D: 120 138 
D: 127 136 
D: 142 220 
D: 144 168 
D: 161 163 
D: 168 239 
D: 170 225 
D: 201 215 
