40 8 72 169 F: 3 2 3 
104 9 140 13 F: 2 3 4 
296 6 308 30 F: 4 2 
367 8 375 174 F: 8 
428 5 443 17 F: 3 2 
536 6 548 107 F: 6 
677 9 704 119 F: 4 1 4 
728 8 744 139 F: 2 6 
852 11 874 192 F: 5 6 
902 5 912 116 F: 5 
1004 8 1020 159 F: 2 4 2 
1198 9 1207 143 F: 5 4 
1211 10 1251 71 F: 10 
1329 7 1350 21 F: 2 5 
1490 5 1500 127 F: 2 1 2 
1553 7 1560 161 F: 5 1 1 
1644 10 1684 186 F: 10 
1755 7 1783 19 F: 3 1 3 
1897 8 1905 164 F: 8 
1948 10 1978 107 F: 4 4 2 
2098 10 2118 198 F: 6 4 
2163 7 2184 168 F: 7 
2284 2 2292 63 F: 2 
2328 10 2348 192 F: 10 
2457 13 2509 144 F: 13 
2564 8 2596 189 F: 3 5 
2677 12 2689 203 F: 6 6 
2726 9 2762 104 F: 3 2 4 
2800 4 2816 5 F: 4 
2963 11 3007 121 F: 5 6 
3084 8 3116 114 F: 3 5 
3184 13 3236 50 F: 5 4 4 
3207 11 3251 42 F: 5 2 4 
3367 7 3395 40 F: 2 2 3 
3400 5 3410 179 F: 5 
3585 7 3599 245 F: 2 5 
3687 7 3708 140 F: 2 2 3 
3748 8 3772 228 F: 3 5 
3847 8 3855 159 F: 8 
3915 9 3933 191 F: 3 6 
4092 7 4099 20 F: 5 1 1 
4132 9 4150 51 F: 9 
4256 7 4263 242 F: 6 1 
4322 12 4334 180 F: 7 5 
4436 11 4447 78 F: 11 
4566 7 4573 232 F: 2 5 
4648 9 4666 86 F: 9 
4757 5 4767 246 F: 4 1 
4893 7 4907 74 F: 2 3 2 
4959 8 4991 118 F: 5 1 2 
5051 5 5061 58 F: 5 
5172 13 5224 200 F: 13 
5250 10 5270 31 F: 5 1 4 
5318 10 5328 238 F: 5 2 3 
5408 5 5418 226 F: 5 
5512 7 5533 58 F: 7 
5665 7 5672 28 F: 7 
5789 9 5816 243 F: 9 
5839 4 5851 26 F: 4 
5948 9 5984 158 F: 4 5 
6066 7 6080 205 F: 7 
6122 6 6134 232 F: 3 3 
6259 4 6263 184 F: 4 
6322 11 6366 25 F: 7 4 
6458 10 6498 80 F: 2 4 4 
6567 10 6577 199 F: 6 4 
6670 5 6675 126 F: 4 1 
6753 10 6793 30 F: 5 5 
6809 5 6819 22 F: 5 
6990 10 7020 156 F: 7 3 
7071 9 7080 168 F: 6 3 
7111 3 7123 33 F: 3 
7214 11 7225 82 F: 5 6 
7358 9 7376 24 F: 2 4 3 
7436 13 7449 167 F: 13 
7553 10 7563 209 F: 3 4 3 
7668 10 7678 201 F: 3 3 4 
7702 8 7718 244 F: 8 
7858 13 7871 72 F: 13 
7975 7 8003 173 F: 7 
8097 10 8117 148 F: 10 
8182 11 8204 38 F: 5 4 2 
8284 10 8324 89 F: 4 2 4 
8396 11 8418 151 F: 5 4 2 
8483 13 8522 131 F: 13 
8551 4 8555 53 F: 2 1 1 
8637 6 8643 142 F: 3 3 
8703 7 8717 12 F: 4 3 
8819 4 8827 15 F: 2 2 
8932 9 8941 140 F: 5 4 
9015 4 9027 15 F: 4 
9128 9 9137 116 F: 5 4 
9257 5 9277 223 F: 3 1 1 
9359 10 9389 14 F: 5 5 
9481 7 9502 28 F: 2 2 3 
9508 8 9524 88 F: 3 5 
9689 7 9703 217 F: 4 2 1 
9772 4 9784 121 F: 2 2 
9843 8 9867 236 F: 5 2 1 
9982 7 9996 165 F: 4 3 
10025 9 10052 176 F: 4 2 3 
10187 10 10207 99 F: 4 2 4 
10290 9 10326 29 F: 2 3 4 
10323 9 10341 129 F: 4 4 1 
10414 8 10446 3 F: 7 1 
10504 9 10540 173 F: 7 2 
10635 9 10662 17 F: 4 1 4 
10787 11 10831 152 F: 11 
10848 8 10856 167 F: 4 4 
10980 9 11016 158 F: 4 1 4 
11068 5 11073 59 F: 2 1 2 
11123 6 11147 222 F: 4 2 
11211 9 11229 139 F: 5 1 3 
11315 13 11328 244 F: 7 6 
11421 8 11445 110 F: 8 
11545 9 11581 111 F: 2 4 3 
11626 9 11662 242 F: 7 2 
11796 5 11811 199 F: 5 
11871 12 11907 28 F: 7 5 
11964 10 11994 60 F: 6 4 
12007 4 12011 87 F: 4 
12100 8 12124 215 F: 3 1 4 
12244 9 12280 27 F: 6 3 
12356 10 12366 119 F: 6 4 
12452 9 12470 28 F: 3 6 
12513 11 12546 213 F: 11 
12646 13 12685 22 F: 13 
12770 6 12776 111 F: 4 2 
12841 9 12877 202 F: 3 2 4 
12915 10 12935 246 F: 4 3 3 
13013 9 13049 97 F: 4 2 3 
13165 5 13185 55 F: 5 
13226 6 13244 245 F: 6 
13301 8 13309 199 F: 8 
13430 10 13440 39 F: 10 
13539 12 13575 170 F: 12 
13612 3 13624 59 F: 3 
13767 11 13800 88 F: 5 2 4 
13808 11 13841 224 F: 5 6 
13940 10 13980 148 F: 10 
14020 11 14042 161 F: 5 3 3 
14127 3 14136 123 F: 3 
14268 13 14307 21 F: 13 
14340 4 14344 121 F: 4 
14415 7 14429 33 F: 2 5 
14517 2 14519 233 F: 2 
14600 10 14640 3 F: 4 6 
14722 8 14746 112 F: 2 3 3 
14841 7 14862 79 F: 2 5 
14984 2 14992 77 F: 2 
15013 13 15052 230 F: 5 4 4 
15195 8 15219 197 F: 3 5 
15282 4 15294 126 F: 3 1 
15344 11 15388 206 F: 4 4 3 
15470 6 15476 199 F: 2 4 
15511 13 15550 149 F: 13 
15630 8 15646 41 F: 8 
15741 7 15755 5 F: 6 1 
15841 11 15852 5 F: 11 
15933 9 15951 116 F: 6 3 
16017 7 16045 89 F: 5 1 1 
16151 7 16172 127 F: 7 
16201 8 16225 23 F: 3 3 2 
16352 9 16370 15 F: 5 1 3 
16457 11 16479 214 F: 5 4 2 
16532 10 16552 237 F: 4 2 4 
16641 11 16685 157 F: 6 5 
16769 7 16797 243 F: 2 2 3 
16888 6 16894 203 F: 3 3 
16917 12 16953 201 F: 12 
17078 2 17082 139 F: 2 
17169 6 17181 192 F: 6 
17229 8 17253 38 F: 2 3 3 
17304 10 17334 83 F: 4 6 
17456 8 17480 119 F: 6 2 
17542 5 17547 62 F: 3 2 
17605 7 17633 248 F: 2 2 3 
17733 6 17751 33 F: 4 1 1 
17884 13 17910 166 F: 5 4 4 
17917 7 17945 195 F: 7 
18080 9 18089 6 F: 3 3 3 
18104 7 18118 223 F: 5 2 
18291 4 18299 131 F: 4 
18308 9 18344 126 F: 4 1 4 
18481 7 18502 73 F: 4 3 
18537 4 18541 176 F: 4 
18607 6 18619 114 F: 2 4 
18715 13 18754 5 F: 13 
18803 10 18843 106 F: 5 3 2 
18980 7 19001 248 F: 6 1 
19013 9 19049 37 F: 9 
19108 10 19138 233 F: 2 4 4 
19238 10 19268 152 F: 5 4 1 
19361 9 19379 34 F: 4 5 
19456 5 19476 116 F: 5 
19522 10 19542 49 F: 4 2 4 
19675 6 19687 216 F: 2 4 
19776 9 19785 175 F: 4 5 
19819 11 19841 208 F: 5 6 
19936 11 19980 11 F: 5 6 
20005 12 20017 134 F: 12 
20172 10 20182 45 F: 5 2 3 
20298 6 20310 112 F: 2 1 3 
20340 9 20367 113 F: 9 
20495 7 20509 119 F: 7 
20516 2 20522 58 F: 2 
20641 5 20651 182 F: 2 2 1 
20713 11 20724 76 F: 5 4 2 
20826 9 20835 191 F: 9 
20921 10 20941 109 F: 10 
21044 11 21077 110 F: 11 
21156 7 21163 140 F: 5 2 
21276 10 21306 224 F: 4 4 2 
21347 5 21357 235 F: 4 1 
21465 9 21492 127 F: 3 6 
21511 6 21517 121 F: 6 
21674 9 21710 208 F: 9 
21764 11 21808 169 F: 4 3 4 
21874 6 21898 89 F: 4 2 
21921 8 21945 219 F: 4 2 2 
22019 10 22059 221 F: 10 
22158 11 22202 237 F: 6 5 
22202 13 22241 191 F: 13 
22321 13 22360 61 F: 7 6 
22432 6 22438 100 F: 6 
22509 10 22529 201 F: 6 4 
22655 13 22707 148 F: 13 
22750 13 22763 192 F: 5 4 4 
22807 10 22847 216 F: 4 6 
22965 11 22998 167 F: 4 4 3 
23016 8 23032 5 F: 5 2 1 
23101 4 23113 93 F: 4 
23248 9 23257 108 F: 4 2 3 
23377 5 23382 243 F: 5 
23441 11 23463 228 F: 6 5 
23533 8 23557 247 F: 2 6 
23621 4 23629 109 F: 3 1 
23717 4 23733 62 F: 4 
23851 6 23857 200 F: 2 3 1 
23966 8 23974 227 F: 2 3 3 
24061 2 24063 39 F: 2 
24152 10 24172 97 F: 4 2 4 
24216 7 24244 111 F: 4 1 2 
24315 3 24324 41 F: 3 
24410 11 24443 114 F: 7 4 
24502 8 24510 217 F: 4 2 2 
24627 8 24643 173 F: 7 1 
24716 11 24760 21 F: 11 
24893 12 24941 76 F: 5 3 4 
24962 10 24982 176 F: 3 4 3 
D: 3 233 
D: 8 198 
D: 11 35 
D: 12 72 
D: 14 81 
D: 17 52 
D: 22 120 
D: 29 242 
D: 31 243 
D: 41 243 
D: 45 184 
D: 58 108 
D: 60 194 
D: 63 236 
D: 65 81 
D: 69 75 
D: 72 151 
D: 77 92 
D: 109 198 
D: 112 119 
D: 112 240 
D: 123 131 
D: 126 190 
D: 187 229 
D: 189 227 
