68 10 78 83 F: 4 3 3 
152 13 178 36 F: 5 4 4 
230 8 254 74 F: 4 1 3 
334 8 350 195 F: 2 3 3 
465 5 485 12 F: 2 2 1 
596 4 612 125 F: 4 
653 9 671 116 F: 9 
743 10 773 133 F: 5 2 3 
873 9 882 87 F: 9 
923 4 935 86 F: 4 
1033 9 1042 266 F: 7 2 
1172 7 1193 35 F: 2 3 2 
1259 10 1289 176 F: 5 2 3 
1330 13 1343 154 F: 5 4 4 
1430 7 1458 69 F: 3 3 1 
1576 8 1584 156 F: 4 3 1 
1607 8 1623 267 F: 2 4 2 
1796 11 1829 233 F: 4 3 4 
1842 8 1850 178 F: 7 1 
1968 8 1992 100 F: 4 4 
2047 13 2086 76 F: 7 6 
2111 10 2151 242 F: 10 
2235 5 2245 53 F: 4 1 
2366 9 2402 201 F: 4 5 
2462 11 2484 251 F: 11 
2558 7 2565 130 F: 2 1 4 
2619 7 2633 55 F: 2 1 4 
2755 7 2776 248 F: 3 2 2 
2898 10 2928 211 F: 3 3 4 
2966 6 2990 116 F: 3 2 1 
3029 11 3073 156 F: 11 
3103 7 3131 106 F: 3 2 2 
3226 9 3253 7 F: 6 3 
3350 10 3360 95 F: 10 
3443 11 3487 299 F: 5 6 
3573 8 3589 124 F: 3 5 
3654 11 3665 155 F: 11 
3757 9 3775 30 F: 9 
3829 11 3840 163 F: 4 4 3 
3927 10 3957 183 F: 10 
4000 7 4014 300 F: 4 3 
4192 13 4244 7 F: 5 4 4 
4254 7 4261 32 F: 3 4 
4369 9 4396 89 F: 5 4 
4417 5 4432 199 F: 3 1 1 
4547 11 4558 70 F: 11 
4685 6 4691 97 F: 3 1 2 
4737 8 4761 11 F: 5 3 
4860 6 4872 7 F: 5 1 
4969 9 4978 118 F: 9 
5052 6 5058 146 F: 2 2 2 
5192 4 5208 156 F: 4 
5292 11 5314 32 F: 11 
5373 9 5382 119 F: 9 
5429 8 5437 29 F: 2 3 3 
5520 8 5552 103 F: 5 3 
5675 9 5711 203 F: 2 3 4 
5746 6 5764 151 F: 2 4 
5830 8 5838 142 F: 8 
5969 5 5979 185 F: 5 
6053 11 6086 82 F: 11 
6194 8 6210 46 F: 8 
6220 7 6241 228 F: 5 2 
6352 7 6366 231 F: 4 1 2 
6472 10 6502 50 F: 10 
6591 8 6599 10 F: 4 2 2 
6678 2 6686 226 F: 2 
6771 3 6780 190 F: 3 
6885 9 6912 202 F: 4 5 
6996 9 7014 70 F: 3 4 2 
7065 5 7070 181 F: 2 1 2 
7132 11 7143 227 F: 11 
7276 12 7288 250 F: 6 6 
7380 7 7387 154 F: 4 2 1 
7471 6 7495 29 F: 4 2 
7590 8 7614 277 F: 5 1 2 
7609 7 7630 26 F: 2 4 1 
7756 9 7774 69 F: 9 
7804 8 7820 15 F: 7 1 
7934 10 7944 130 F: 10 
8066 11 8099 212 F: 5 4 2 
8135 10 8175 12 F: 3 3 4 
8253 8 8261 208 F: 5 3 
8336 5 8351 141 F: 4 1 
8449 8 8465 94 F: 4 4 
8551 12 8587 164 F: 12 
8630 6 8636 221 F: 5 1 
8742 6 8754 26 F: 5 1 
8818 6 8824 143 F: 5 1 
8992 4 9000 182 F: 2 2 
9061 11 9072 205 F: 5 6 
9108 5 9123 168 F: 5 
9290 8 9322 171 F: 3 3 2 
9339 7 9367 38 F: 3 3 1 
9423 13 9436 10 F: 13 
9595 7 9602 4 F: 2 5 
9649 6 9673 264 F: 3 3 
9786 4 9794 145 F: 4 
9848 5 9863 217 F: 5 
9930 12 9954 280 F: 5 4 3 
10008 7 10036 276 F: 7 
10162 7 10190 82 F: 2 1 4 
10204 8 10236 89 F: 3 3 2 
10372 2 10378 291 F: 2 
10480 6 10492 90 F: 3 1 2 
10545 3 10554 171 F: 2 1 
10685 13 10724 266 F: 13 
10722 9 10731 135 F: 6 3 
10858 12 10870 36 F: 6 6 
10924 7 10931 8 F: 7 
11048 8 11080 266 F: 4 3 1 
11110 12 11122 199 F: 6 6 
11297 8 11329 159 F: 8 
11320 11 11331 60 F: 11 
11411 7 11439 38 F: 6 1 
11579 5 11584 101 F: 5 
11637 11 11681 198 F: 11 
11753 9 11789 26 F: 3 2 4 
11811 8 11843 174 F: 7 1 
11931 6 11937 283 F: 2 3 1 
12020 11 12031 184 F: 5 6 
12143 2 12149 72 F: 2 
12288 3 12300 8 F: 3 
12393 5 12408 92 F: 5 
12435 12 12471 148 F: 6 6 
12570 9 12579 277 F: 4 3 2 
12601 8 12617 110 F: 4 3 1 
12764 8 12796 151 F: 8 
12882 10 12902 284 F: 2 4 4 
12975 5 12995 200 F: 3 2 
13066 4 13082 172 F: 4 
13128 11 13139 290 F: 5 2 4 
13290 11 13312 254 F: 6 5 
13323 9 13350 231 F: 4 1 4 
13440 8 13472 20 F: 8 
13598 10 13608 242 F: 4 2 4 
13618 9 13627 194 F: 4 3 2 
13797 6 13809 11 F: 2 3 1 
13843 10 13883 55 F: 7 3 
13953 9 13971 205 F: 7 2 
14051 9 14078 215 F: 4 4 1 
14186 13 14199 121 F: 7 6 
14269 11 14313 235 F: 4 3 4 
14345 7 14359 168 F: 5 1 1 
14461 8 14485 149 F: 4 2 2 
14534 13 14547 127 F: 13 
14685 9 14694 246 F: 3 2 4 
14764 6 14782 275 F: 6 
14878 8 14910 95 F: 3 2 3 
14955 7 14962 153 F: 4 3 
15010 9 15046 270 F: 4 1 4 
15119 8 15151 130 F: 5 2 1 
15222 9 15231 27 F: 6 3 
15396 10 15416 152 F: 2 4 4 
15476 8 15500 85 F: 4 2 2 
15530 4 15534 100 F: 4 
15610 10 15650 167 F: 5 4 1 
15738 3 15747 104 F: 3 
15865 4 15881 195 F: 3 1 
15970 5 15985 150 F: 3 2 
16033 8 16049 155 F: 8 
16185 4 16189 231 F: 2 1 1 
16250 13 16276 265 F: 13 
16396 2 16398 119 F: 2 
16401 11 16412 218 F: 7 4 
16551 7 16579 134 F: 6 1 
16635 5 16640 82 F: 3 2 
16714 11 16736 292 F: 4 3 4 
16829 5 16834 23 F: 3 2 
16983 8 17015 113 F: 3 5 
17023 13 17075 151 F: 5 4 4 
17190 7 17204 56 F: 2 1 4 
17203 7 17217 245 F: 6 1 
17368 11 17412 183 F: 11 
17445 8 17477 281 F: 8 
17540 6 17552 188 F: 4 2 
17649 9 17667 69 F: 9 
17700 8 17716 264 F: 5 1 2 
17861 9 17870 220 F: 3 2 4 
17903 7 17924 235 F: 7 
18000 5 18010 143 F: 3 1 1 
18184 10 18224 22 F: 5 5 
18264 6 18270 249 F: 5 1 
18384 10 18424 119 F: 10 
18458 11 18491 93 F: 11 
18589 8 18621 247 F: 2 6 
18631 11 18642 79 F: 5 2 4 
18732 10 18752 258 F: 6 4 
18896 9 18914 23 F: 9 
18983 7 19004 280 F: 2 1 4 
19045 8 19061 194 F: 2 6 
19148 13 19174 72 F: 7 6 
19202 8 19210 188 F: 5 1 2 
19371 11 19382 13 F: 5 4 2 
19456 6 19474 263 F: 6 
19531 6 19537 62 F: 2 2 2 
19690 8 19714 179 F: 5 3 
19724 9 19751 146 F: 4 1 4 
19897 9 19906 167 F: 9 
19996 8 20020 271 F: 5 1 2 
20011 6 20029 263 F: 3 3 
20132 11 20154 76 F: 11 
20291 11 20313 155 F: 6 5 
20351 8 20359 148 F: 8 
20410 7 20417 236 F: 4 3 
20558 8 20582 99 F: 7 1 
20693 4 20705 159 F: 4 
20757 7 20764 248 F: 7 
20826 11 20859 71 F: 5 4 2 
20955 11 20999 131 F: 11 
21045 5 21060 22 F: 2 2 1 
21189 3 21201 133 F: 2 1 
21216 8 21232 17 F: 2 2 4 
21349 9 21376 58 F: 9 
21442 11 21464 81 F: 7 4 
21556 6 21568 68 F: 6 
21626 7 21640 139 F: 7 
21707 3 21716 55 F: 3 
21875 8 21891 179 F: 8 
21997 8 22029 32 F: 2 6 
22041 7 22055 165 F: 7 
22103 12 22127 53 F: 5 4 3 
22218 11 22251 230 F: 4 4 3 
22363 4 22375 45 F: 2 1 1 
22495 12 22507 177 F: 12 
22543 11 22554 144 F: 7 4 
22639 6 22645 57 F: 3 1 2 
22761 3 22764 174 F: 3 
22878 10 22918 211 F: 10 
22925 7 22932 171 F: 5 2 
23013 8 23037 25 F: 2 4 2 
23179 6 23203 22 F: 2 3 1 
23202 6 23208 10 F: 6 
23386 10 23416 178 F: 5 5 
23406 7 23420 60 F: 7 
23549 10 23579 282 F: 7 3 
23633 10 23673 195 F: 5 3 2 
23720 6 23732 3 F: 3 1 2 
23800 7 23828 83 F: 7 
23999 11 24032 123 F: 5 6 
24017 7 24024 37 F: 7 
24190 10 24200 107 F: 5 4 1 
24225 10 24265 261 F: 10 
24374 12 24386 213 F: 12 
24432 2 24438 55 F: 2 
24540 10 24550 176 F: 7 3 
24688 11 24710 81 F: 6 5 
24796 10 24826 123 F: 10 
24897 6 24909 48 F: 2 1 3 
24954 9 24963 182 F: 9 
25024 9 25042 262 F: 3 4 2 
25162 10 25182 50 F: 6 4 
25260 10 25290 104 F: 10 
25341 8 25365 137 F: 3 5 
25466 8 25482 37 F: 4 4 
25579 3 25588 53 F: 3 
25674 7 25688 101 F: 3 4 
25761 6 25773 90 F: 2 2 2 
25831 9 25858 250 F: 9 
25987 8 26011 168 F: 2 2 4 
26035 12 26071 162 F: 12 
26187 6 26193 100 F: 2 4 
26222 11 26255 118 F: 3 4 4 
26372 7 26379 40 F: 3 3 1 
26463 9 26472 59 F: 4 5 
26594 8 26618 104 F: 3 5 
26667 10 26677 17 F: 2 4 4 
26739 7 26760 33 F: 2 1 4 
26827 12 26863 161 F: 7 5 
26902 7 26930 35 F: 5 1 1 
27044 9 27053 212 F: 4 1 4 
27107 9 27143 16 F: 5 4 
27221 13 27273 5 F: 13 
27309 10 27329 69 F: 5 5 
27455 6 27479 290 F: 2 3 1 
27520 11 27531 40 F: 5 6 
27667 4 27683 244 F: 2 1 1 
27732 10 27772 277 F: 6 4 
27884 6 27908 281 F: 3 3 
27946 9 27964 218 F: 6 3 
28083 11 28094 182 F: 11 
28182 7 28203 292 F: 7 
28206 12 28230 259 F: 5 4 3 
28305 8 28337 202 F: 3 2 3 
28420 9 28456 23 F: 2 4 3 
28550 10 28570 24 F: 2 4 4 
28600 5 28610 292 F: 5 
28720 9 28729 126 F: 4 4 1 
28895 10 28915 82 F: 6 4 
28942 4 28954 257 F: 4 
29007 5 29012 293 F: 2 1 2 
29167 8 29175 17 F: 3 4 1 
29263 3 29275 276 F: 3 
29393 8 29401 295 F: 6 2 
29424 5 29439 125 F: 2 2 1 
29531 6 29549 167 F: 4 2 
29600 9 29618 199 F: 3 6 
29772 6 29796 149 F: 4 2 
29839 13 29878 278 F: 13 
29963 2 29969 170 F: 2 
D: 0 63 
D: 4 75 
D: 4 159 
D: 7 228 
D: 7 287 
D: 14 253 
D: 21 56 
D: 33 124 
D: 37 155 
D: 37 232 
D: 39 171 
D: 40 213 
D: 41 212 
D: 44 214 
D: 54 100 
D: 60 188 
D: 97 183 
D: 110 219 
D: 111 185 
D: 129 187 
D: 131 211 
D: 132 209 
D: 139 145 
D: 144 226 
D: 175 222 
D: 181 220 
D: 218 229 
D: 233 242 
D: 239 247 
D: 252 255 
