92 11 103 243 F: 11 
178 9 196 108 F: 4 1 4 
235 11 279 89 F: 7 4 
395 8 411 2 F: 4 2 2 
435 9 471 149 F: 5 3 1 
521 12 569 61 F: 12 
675 13 727 63 F: 13 
789 9 816 22 F: 7 2 
896 4 908 106 F: 2 2 
985 10 995 18 F: 5 1 4 
1095 8 1103 10 F: 3 4 1 
1186 6 1192 73 F: 6 
1283 10 1313 82 F: 4 6 
1364 12 1400 111 F: 12 
1414 3 1426 59 F: 3 
1599 8 1607 240 F: 7 1 
1670 6 1676 291 F: 2 1 3 
1734 9 1761 49 F: 3 2 4 
1844 10 1854 248 F: 4 2 4 
1994 11 2005 299 F: 11 
2054 9 2072 33 F: 3 2 4 
2134 5 2144 2 F: 5 
2270 9 2306 54 F: 2 4 3 
2346 7 2367 80 F: 2 5 
2466 3 2469 273 F: 3 
2525 10 2555 51 F: 6 4 
2653 12 2665 104 F: 12 
2797 8 2813 87 F: 6 2 
2865 3 2868 216 F: 3 
2981 5 3001 151 F: 2 1 2 
3028 10 3048 7 F: 4 4 2 
3125 12 3173 70 F: 12 
3241 3 3244 258 F: 2 1 
3350 7 3378 70 F: 7 
3425 6 3449 234 F: 4 1 1 
3514 11 3525 298 F: 11 
3676 7 3704 183 F: 2 5 
3740 12 3764 133 F: 7 5 
3810 8 3834 238 F: 5 1 2 
3943 2 3951 69 F: 2 
4048 2 4052 290 F: 2 
4196 9 4205 14 F: 7 2 
4299 5 4319 28 F: 2 2 1 
4316 11 4338 13 F: 11 
4420 7 4448 132 F: 4 2 1 
4532 11 4554 199 F: 6 5 
4604 10 4624 298 F: 5 5 
4730 3 4736 100 F: 2 1 
4827 2 4833 87 F: 2 
4935 8 4943 39 F: 2 2 4 
5048 12 5096 14 F: 12 
5129 2 5135 169 F: 2 
5257 12 5269 241 F: 7 5 
5369 12 5381 258 F: 7 5 
5498 9 5525 138 F: 9 
5556 10 5586 69 F: 5 3 2 
5670 10 5690 140 F: 6 4 
5792 10 5812 78 F: 4 2 4 
5894 11 5905 243 F: 5 3 3 
5994 9 6030 155 F: 4 3 2 
6029 7 6036 26 F: 7 
6147 5 6157 263 F: 5 
6275 13 6327 27 F: 13 
6322 13 6361 45 F: 7 6 
6463 10 6473 93 F: 5 4 1 
6521 6 6545 176 F: 5 1 
6611 11 6644 194 F: 5 3 3 
6784 8 6808 296 F: 4 1 3 
6886 9 6922 58 F: 3 4 2 
6993 9 7020 28 F: 4 3 2 
7095 10 7125 63 F: 3 3 4 
7145 7 7152 71 F: 5 1 1 
7294 10 7304 199 F: 10 
7347 9 7365 272 F: 3 3 3 
7495 8 7511 151 F: 5 3 
7564 13 7616 179 F: 13 
7609 11 7642 259 F: 6 5 
7757 3 7763 207 F: 3 
7884 3 7896 246 F: 3 
7922 13 7961 119 F: 13 
8076 9 8094 208 F: 5 1 3 
8128 11 8139 19 F: 5 6 
8290 6 8314 12 F: 3 2 1 
8379 7 8407 148 F: 6 1 
8474 8 8482 21 F: 8 
8526 9 8544 116 F: 9 
8620 10 8660 279 F: 5 3 2 
8738 6 8750 53 F: 3 3 
8872 3 8881 150 F: 3 
8979 10 8999 90 F: 6 4 
9049 9 9058 137 F: 4 1 4 
9152 4 9160 282 F: 4 
9261 3 9273 170 F: 3 
9359 6 9371 153 F: 4 2 
9433 12 9481 159 F: 6 6 
9526 10 9566 115 F: 10 
9605 6 9611 62 F: 2 2 2 
9701 7 9715 171 F: 7 
9898 8 9930 172 F: 2 2 4 
9921 9 9957 25 F: 4 3 2 
10059 3 10065 282 F: 3 
10152 8 10176 283 F: 8 
10291 5 10311 55 F: 3 2 
10303 8 10327 98 F: 2 4 2 
10494 11 10538 16 F: 4 3 4 
10507 2 10509 196 F: 2 
10639 9 10648 217 F: 4 5 
10791 3 10800 218 F: 3 
10847 11 10858 219 F: 6 5 
10935 9 10962 75 F: 9 
11008 5 11028 76 F: 3 1 1 
11144 7 11158 171 F: 2 5 
11290 11 11312 150 F: 4 4 3 
11312 6 11318 276 F: 4 2 
11492 7 11520 294 F: 5 2 
11574 5 11594 180 F: 5 
11684 10 11694 244 F: 4 3 3 
11746 10 11776 11 F: 5 5 
11878 7 11899 269 F: 6 1 
11988 11 11999 107 F: 6 5 
12061 4 12065 117 F: 4 
12115 5 12120 193 F: 5 
12214 6 12220 153 F: 6 
12354 13 12393 32 F: 13 
12412 9 12448 269 F: 3 4 2 
12578 8 12594 52 F: 2 2 4 
12674 10 12694 65 F: 5 5 
12750 9 12786 36 F: 9 
12886 9 12904 283 F: 9 
12996 5 13011 248 F: 5 
13093 9 13111 151 F: 6 3 
13143 10 13163 95 F: 4 6 
13259 6 13271 254 F: 4 2 
13343 10 13383 226 F: 6 4 
13439 6 13451 252 F: 3 3 
13570 7 13584 38 F: 3 2 2 
13674 3 13686 104 F: 3 
13748 11 13792 274 F: 11 
13879 6 13897 5 F: 2 2 2 
13900 8 13924 61 F: 3 2 3 
14087 9 14114 136 F: 4 2 3 
14121 10 14131 57 F: 5 4 1 
14280 9 14316 90 F: 3 6 
14327 5 14332 255 F: 2 3 
14409 10 14439 4 F: 4 3 3 
14582 2 14590 135 F: 2 
14675 5 14685 219 F: 2 3 
14748 9 14784 207 F: 7 2 
14857 7 14871 237 F: 3 1 3 
14913 8 14921 166 F: 5 1 2 
15005 5 15015 199 F: 5 
15154 10 15164 122 F: 5 1 4 
15284 7 15312 210 F: 2 1 4 
15305 7 15326 136 F: 5 1 1 
15432 4 15436 263 F: 4 
15556 4 15560 156 F: 4 
15665 9 15683 296 F: 3 2 4 
15700 11 15722 297 F: 11 
15891 9 15927 235 F: 3 2 4 
15921 5 15941 144 F: 5 
16018 8 16026 48 F: 3 4 1 
16105 8 16129 246 F: 4 2 2 
16257 11 16268 253 F: 5 3 3 
16349 5 16359 278 F: 2 2 1 
16482 5 16487 11 F: 4 1 
16568 7 16596 34 F: 3 4 
16662 10 16682 277 F: 5 3 2 
16785 8 16801 64 F: 2 4 2 
16822 2 16824 84 F: 2 
16907 6 16913 97 F: 6 
17085 10 17125 7 F: 10 
17166 11 17199 58 F: 11 
17227 8 17243 179 F: 2 3 3 
17372 7 17393 223 F: 5 2 
17455 7 17483 180 F: 2 1 4 
17558 8 17590 88 F: 5 1 2 
17679 6 17691 205 F: 3 3 
17746 7 17753 257 F: 6 1 
17884 8 17916 206 F: 6 2 
17952 9 17979 154 F: 5 4 
18076 7 18090 5 F: 2 2 3 
18101 6 18107 242 F: 2 4 
18295 12 18331 49 F: 12 
18309 7 18323 257 F: 3 3 1 
18433 10 18443 258 F: 2 4 4 
18530 13 18582 9 F: 5 4 4 
18668 2 18674 86 F: 2 
18726 10 18736 109 F: 2 4 4 
18825 10 18865 237 F: 4 6 
18988 9 18997 34 F: 7 2 
19016 9 19025 240 F: 2 4 3 
19195 10 19235 265 F: 4 4 2 
19275 12 19287 24 F: 12 
19310 5 19320 211 F: 5 
19488 7 19495 256 F: 5 2 
19553 8 19561 201 F: 5 3 
19620 7 19634 210 F: 3 4 
19711 6 19735 219 F: 5 1 
19840 12 19888 296 F: 5 4 3 
19954 2 19962 255 F: 2 
20019 8 20035 2 F: 6 2 
20143 7 20164 282 F: 6 1 
20206 10 20236 125 F: 10 
20312 6 20336 175 F: 3 2 1 
20409 11 20431 174 F: 7 4 
20577 5 20587 9 F: 4 1 
20662 6 20668 33 F: 5 1 
20722 10 20742 87 F: 10 
20876 7 20904 285 F: 2 2 3 
20939 4 20951 98 F: 4 
21006 8 21022 158 F: 2 6 
21175 9 21184 286 F: 3 6 
21243 7 21250 176 F: 3 1 3 
21391 8 21423 12 F: 7 1 
21421 12 21457 277 F: 6 6 
21596 8 21628 129 F: 2 6 
21672 6 21696 285 F: 6 
21713 8 21737 177 F: 2 2 4 
21871 7 21878 144 F: 4 1 2 
21958 13 22010 223 F: 13 
22039 10 22079 18 F: 4 2 4 
22153 3 22159 216 F: 2 1 
22252 7 22259 84 F: 7 
22324 7 22352 124 F: 3 4 
22491 7 22512 12 F: 5 2 
22597 9 22615 250 F: 3 3 3 
22603 9 22630 106 F: 5 4 
22725 6 22749 172 F: 6 
22861 8 22885 153 F: 3 2 3 
22927 7 22941 66 F: 7 
23058 7 23072 78 F: 7 
23158 12 23194 283 F: 5 4 3 
23279 8 23287 137 F: 3 1 4 
23396 7 23417 60 F: 6 1 
23475 12 23487 27 F: 5 4 3 
23541 3 23547 290 F: 3 
23609 13 23635 157 F: 5 4 4 
23744 7 23765 194 F: 6 1 
23854 4 23870 68 F: 4 
23974 5 23979 179 F: 4 1 
24086 10 24096 82 F: 7 3 
24147 9 24165 139 F: 7 2 
24254 8 24270 184 F: 4 4 
24327 13 24366 110 F: 13 
24496 8 24504 21 F: 5 2 1 
24547 8 24555 90 F: 4 4 
24614 6 24626 18 F: 6 
24708 10 24718 179 F: 10 
24800 7 24828 186 F: 7 
24950 12 24986 55 F: 12 
25081 7 25088 58 F: 4 3 
25113 13 25165 229 F: 13 
25269 7 25297 118 F: 7 
25364 7 25378 148 F: 7 
25432 7 25439 11 F: 3 4 
25563 9 25581 25 F: 3 3 3 
25645 8 25677 279 F: 3 1 4 
25755 2 25759 269 F: 2 
25830 6 25848 189 F: 2 2 2 
25956 9 25992 27 F: 9 
26083 8 26099 227 F: 6 2 
26194 9 26203 13 F: 2 4 3 
26226 13 26265 292 F: 13 
26370 8 26386 118 F: 3 3 2 
26426 6 26450 80 F: 4 2 
26513 5 26518 215 F: 3 1 1 
26682 4 26690 259 F: 4 
26754 5 26764 96 F: 3 1 1 
26800 6 26812 171 F: 3 1 2 
26997 8 27021 140 F: 8 
27020 3 27026 232 F: 3 
27115 6 27139 208 F: 3 2 1 
27234 6 27252 122 F: 4 2 
27387 6 27411 275 F: 2 1 3 
27451 11 27495 148 F: 4 4 3 
27577 6 27583 150 F: 3 2 1 
27619 7 27626 108 F: 2 4 1 
27712 10 27732 157 F: 10 
27866 8 27898 20 F: 2 4 2 
27920 11 27942 298 F: 11 
28009 2 28017 246 F: 2 
28172 10 28212 227 F: 5 3 2 
28227 12 28251 54 F: 6 6 
28361 13 28400 122 F: 7 6 
28498 5 28518 170 F: 5 
28595 5 28605 46 F: 3 1 1 
28647 5 28652 210 F: 5 
28755 10 28795 194 F: 10 
28801 10 28841 178 F: 10 
28936 6 28942 130 F: 2 3 1 
29077 10 29117 124 F: 4 2 4 
29188 13 29240 186 F: 7 6 
29238 9 29256 144 F: 4 3 2 
29317 7 29345 191 F: 6 1 
29466 10 29496 20 F: 10 
29544 5 29564 183 F: 2 1 2 
29637 5 29657 93 F: 5 
29791 8 29815 258 F: 2 3 3 
29859 7 29880 16 F: 2 2 3 
29983 7 30004 83 F: 4 1 2 
D: 1 229 
D: 7 299 
D: 8 63 
D: 13 155 
D: 19 44 
D: 27 147 
D: 38 233 
D: 39 211 
D: 49 243 
D: 68 262 
D: 73 230 
D: 74 123 
D: 77 197 
D: 88 198 
D: 96 136 
D: 98 124 
D: 109 114 
D: 117 143 
D: 120 195 
D: 126 141 
D: 141 238 
D: 162 227 
D: 164 176 
D: 178 281 
D: 183 219 
D: 186 249 
D: 198 244 
D: 204 213 
D: 267 298 
D: 291 292 
