71 8 95 131 F: 7 1 
195 6 207 154 F: 4 2 
257 13 283 121 F: 13 
300 6 312 53 F: 3 1 2 
420 11 442 192 F: 3 4 4 
585 7 599 16 F: 7 
648 7 669 80 F: 3 4 
758 10 768 203 F: 10 
839 5 859 185 F: 4 1 
939 7 953 281 F: 4 2 1 
1020 10 1060 246 F: 10 
1158 6 1164 140 F: 6 
1264 8 1272 251 F: 3 5 
1325 5 1345 207 F: 2 3 
1443 7 1464 264 F: 7 
1500 7 1521 242 F: 2 5 
1651 10 1681 31 F: 5 5 
1794 11 1827 134 F: 3 4 4 
1815 6 1821 171 F: 6 
1942 10 1972 281 F: 7 3 
2037 8 2069 9 F: 7 1 
2184 5 2199 295 F: 5 
2286 4 2298 103 F: 4 
2334 13 2360 2 F: 13 
2462 9 2471 55 F: 3 6 
2596 10 2606 111 F: 5 1 4 
2676 9 2712 169 F: 4 2 3 
2717 3 2720 74 F: 3 
2897 11 2941 178 F: 11 
2910 7 2938 156 F: 4 3 
3080 11 3124 234 F: 5 2 4 
3119 8 3143 79 F: 3 3 2 
3201 9 3210 154 F: 5 4 
3351 6 3369 279 F: 6 
3418 9 3445 15 F: 4 3 2 
3581 9 3599 163 F: 3 6 
3613 4 3617 40 F: 4 
3782 9 3809 63 F: 3 6 
3841 11 3852 266 F: 5 4 2 
3972 10 4012 185 F: 2 4 4 
4008 7 4022 26 F: 3 4 
4181 9 4190 83 F: 4 4 1 
4223 9 4250 51 F: 4 2 3 
4345 13 4371 54 F: 7 6 
4410 10 4450 3 F: 2 4 4 
4534 13 4560 240 F: 7 6 
4616 10 4656 189 F: 4 4 2 
4776 9 4812 39 F: 4 5 
4814 6 4826 239 F: 6 
4920 8 4952 47 F: 4 4 
5004 5 5009 237 F: 3 2 
5115 2 5117 269 F: 2 
5277 8 5285 53 F: 3 5 
5367 8 5399 23 F: 2 3 3 
5439 9 5448 63 F: 4 5 
5582 9 5591 117 F: 3 4 2 
5692 8 5700 89 F: 3 4 1 
5776 9 5812 181 F: 5 4 
5804 10 5824 4 F: 10 
5981 10 6001 168 F: 10 
6004 10 6034 217 F: 10 
6198 7 6226 143 F: 7 
6252 9 6270 33 F: 4 5 
6318 11 6362 50 F: 5 6 
6404 9 6422 232 F: 4 2 3 
6584 9 6593 114 F: 7 2 
6608 11 6652 200 F: 4 4 3 
6740 8 6772 72 F: 4 1 3 
6860 11 6893 246 F: 4 4 3 
6958 11 7002 196 F: 5 3 3 
7036 10 7056 298 F: 10 
7147 7 7154 118 F: 3 3 1 
7222 5 7227 131 F: 3 1 1 
7308 12 7356 167 F: 6 6 
7484 12 7532 130 F: 5 4 3 
7586 11 7597 56 F: 11 
7637 2 7643 203 F: 2 
7788 8 7804 80 F: 5 1 2 
7898 10 7928 285 F: 5 5 
7934 9 7961 242 F: 4 5 
8075 8 8091 21 F: 8 
8142 8 8150 296 F: 7 1 
8236 6 8242 192 F: 4 1 1 
8373 7 8401 116 F: 7 
8454 13 8467 40 F: 13 
8534 12 8558 90 F: 12 
8691 13 8704 51 F: 13 
8797 9 8815 66 F: 6 3 
8804 10 8814 41 F: 3 3 4 
8951 8 8959 63 F: 4 2 2 
9070 11 9092 29 F: 11 
9146 7 9174 223 F: 5 1 1 
9231 5 9246 53 F: 2 2 1 
9383 10 9413 128 F: 7 3 
9426 5 9446 110 F: 5 
9501 10 9531 245 F: 2 4 4 
9610 9 9637 279 F: 5 1 3 
9760 7 9788 232 F: 5 2 
9841 10 9861 105 F: 4 3 3 
9960 10 10000 239 F: 5 2 3 
10051 8 10067 234 F: 5 1 2 
10116 2 10118 186 F: 2 
10263 10 10283 185 F: 4 2 4 
10352 9 10361 52 F: 9 
10446 5 10456 197 F: 4 1 
10595 8 10611 262 F: 4 1 3 
10694 9 10712 51 F: 9 
10740 7 10768 155 F: 4 2 1 
10835 10 10855 257 F: 7 3 
10957 3 10969 15 F: 3 
11070 10 11110 284 F: 5 5 
11115 10 11145 219 F: 5 1 4 
11237 5 11242 21 F: 5 
11350 7 11364 56 F: 4 2 1 
11424 11 11446 30 F: 11 
11598 10 11628 52 F: 2 4 4 
11650 8 11674 86 F: 3 3 2 
11704 6 11716 113 F: 6 
11895 4 11911 61 F: 3 1 
11933 5 11948 261 F: 2 3 
12058 6 12064 74 F: 2 1 3 
12196 8 12220 4 F: 6 2 
12207 11 12218 262 F: 3 4 4 
12316 12 12340 195 F: 12 
12442 9 12460 163 F: 5 3 1 
12594 11 12605 254 F: 5 4 2 
12663 13 12676 215 F: 13 
12712 5 12717 281 F: 2 3 
12894 12 12906 153 F: 12 
12900 2 12908 291 F: 2 
13099 9 13126 280 F: 4 2 3 
13127 10 13137 267 F: 5 5 
13225 7 13253 114 F: 7 
13323 8 13339 86 F: 8 
13426 8 13442 89 F: 3 4 1 
13577 11 13621 74 F: 11 
13611 12 13623 80 F: 7 5 
13734 9 13752 49 F: 4 1 4 
13851 4 13863 267 F: 3 1 
13921 12 13933 170 F: 12 
14060 8 14092 215 F: 4 4 
14183 13 14196 75 F: 13 
14268 8 14284 168 F: 3 5 
14360 10 14380 249 F: 6 4 
14447 10 14487 234 F: 3 3 4 
14587 7 14601 220 F: 3 1 3 
14646 6 14652 136 F: 3 2 1 
14760 8 14792 122 F: 5 2 1 
14855 13 14894 32 F: 13 
14974 12 15010 136 F: 12 
15096 8 15104 228 F: 5 3 
15126 6 15138 236 F: 4 2 
15220 11 15264 20 F: 6 5 
15322 6 15334 300 F: 5 1 
15417 8 15433 83 F: 4 1 3 
15549 7 15570 219 F: 4 3 
15669 4 15673 52 F: 4 
15704 10 15724 152 F: 5 2 3 
15887 10 15917 48 F: 5 3 2 
15929 9 15938 90 F: 5 3 1 
16066 8 16082 271 F: 3 5 
16172 8 16196 273 F: 3 3 2 
16277 8 16293 128 F: 4 3 1 
16363 8 16379 74 F: 7 1 
16430 4 16442 84 F: 4 
16520 5 16535 261 F: 3 1 1 
16697 3 16703 20 F: 2 1 
16730 5 16740 199 F: 2 2 1 
16863 7 16891 233 F: 7 
16923 10 16963 199 F: 5 1 4 
17006 4 17022 245 F: 3 1 
17193 12 17217 249 F: 5 4 3 
17278 13 17330 295 F: 13 
17352 8 17376 281 F: 2 2 4 
17485 9 17521 54 F: 9 
17561 4 17577 48 F: 4 
17692 9 17710 250 F: 9 
17756 6 17774 67 F: 4 2 
17891 10 17921 237 F: 3 4 3 
17970 9 17988 152 F: 4 5 
18007 3 18019 13 F: 2 1 
18112 8 18136 250 F: 8 
18234 10 18244 77 F: 5 5 
18345 7 18359 272 F: 4 1 2 
18477 11 18499 31 F: 5 6 
18510 8 18526 126 F: 4 4 
18686 11 18697 221 F: 5 2 4 
18790 6 18808 21 F: 2 4 
18821 2 18823 180 F: 2 
18900 6 18924 81 F: 5 1 
19067 8 19099 211 F: 5 3 
19136 11 19158 291 F: 6 5 
19276 4 19292 228 F: 2 2 
19371 6 19395 49 F: 2 2 2 
19406 7 19420 178 F: 2 4 1 
19552 6 19576 220 F: 6 
19622 7 19650 67 F: 5 2 
19792 10 19802 53 F: 4 2 4 
19831 10 19871 227 F: 10 
19964 10 19984 34 F: 10 
20026 9 20053 260 F: 9 
20110 4 20122 7 F: 4 
20213 9 20249 299 F: 9 
20313 11 20346 149 F: 5 6 
20473 9 20509 30 F: 3 4 2 
20519 3 20531 110 F: 3 
20668 9 20677 2 F: 4 3 2 
20765 7 20772 282 F: 7 
20809 11 20820 206 F: 3 4 4 
20917 11 20950 32 F: 11 
21094 3 21106 26 F: 2 1 
21134 10 21164 296 F: 6 4 
21261 7 21275 280 F: 4 2 1 
21343 9 21361 112 F: 4 5 
21487 6 21511 125 F: 2 2 2 
21589 11 21622 99 F: 11 
21640 11 21673 68 F: 11 
21752 9 21761 120 F: 5 2 2 
21888 10 21908 277 F: 7 3 
21949 5 21954 32 F: 4 1 
22051 9 22069 122 F: 9 
22190 9 22226 6 F: 3 3 3 
22253 10 22263 129 F: 5 1 4 
22337 11 22348 242 F: 5 4 2 
22444 4 22452 121 F: 4 
22569 10 22599 195 F: 4 4 2 
22612 8 22636 81 F: 5 3 
22724 4 22736 210 F: 4 
22800 3 22806 29 F: 3 
22974 12 22986 143 F: 12 
23013 12 23049 80 F: 7 5 
23198 5 23203 217 F: 5 
23215 11 23226 125 F: 6 5 
23343 4 23351 21 F: 2 2 
23461 6 23473 51 F: 6 
23526 3 23538 6 F: 3 
23685 3 23697 169 F: 2 1 
23790 10 23800 204 F: 4 6 
23848 12 23860 115 F: 5 3 4 
23923 7 23951 275 F: 7 
24022 12 24046 163 F: 12 
24162 5 24167 113 F: 5 
24217 8 24225 253 F: 7 1 
24349 12 24361 293 F: 12 
24429 9 24447 109 F: 4 5 
24555 10 24595 278 F: 6 4 
24651 12 24675 284 F: 5 4 3 
24708 8 24740 184 F: 2 4 2 
24859 13 24872 107 F: 13 
24930 3 24942 231 F: 3 
25078 4 25086 86 F: 2 2 
25122 6 25146 197 F: 6 
25200 11 25222 2 F: 4 3 4 
25368 2 25376 265 F: 2 
25487 7 25508 274 F: 4 2 1 
25570 11 25603 282 F: 11 
25656 13 25695 96 F: 13 
25754 9 25772 231 F: 9 
25821 11 25854 161 F: 5 6 
25953 5 25968 56 F: 2 2 1 
26015 6 26039 250 F: 6 
26178 8 26186 41 F: 7 1 
26237 9 26264 10 F: 9 
26388 8 26404 261 F: 4 3 1 
26449 8 26481 53 F: 7 1 
26590 9 26626 37 F: 5 1 3 
26658 6 26682 151 F: 2 2 2 
26704 2 26706 235 F: 2 
26808 9 26844 259 F: 5 1 3 
26920 6 26944 203 F: 6 
27030 11 27063 248 F: 4 3 4 
27106 12 27118 60 F: 4 4 4 
27263 8 27287 48 F: 4 2 2 
27388 6 27412 137 F: 3 3 
27418 5 27423 168 F: 5 
27507 7 27514 158 F: 2 1 4 
27628 8 27660 251 F: 4 1 3 
27766 6 27790 50 F: 3 3 
27849 5 27869 84 F: 2 3 
27911 11 27955 82 F: 4 4 3 
28082 9 28109 205 F: 2 3 4 
28183 10 28223 177 F: 5 2 3 
28227 9 28245 153 F: 3 6 
28383 7 28397 157 F: 3 1 3 
28482 9 28509 217 F: 9 
28528 9 28537 251 F: 9 
28665 8 28689 131 F: 2 3 3 
28705 8 28737 245 F: 7 1 
28825 6 28849 130 F: 3 2 1 
28953 9 28971 271 F: 5 3 1 
29042 10 29062 272 F: 6 4 
29118 7 29132 141 F: 3 1 3 
29252 7 29280 106 F: 4 3 
29373 8 29389 215 F: 5 2 1 
29416 7 29437 193 F: 4 3 
29507 13 29559 133 F: 13 
29608 9 29635 158 F: 9 
29787 13 29800 249 F: 13 
29882 7 29889 284 F: 2 1 4 
29954 10 29994 87 F: 10 
D: 4 294 
D: 15 275 
D: 25 223 
D: 28 188 
D: 33 294 
D: 48 165 
D: 63 68 
D: 64 99 
D: 75 82 
D: 75 255 
D: 89 92 
D: 91 112 
D: 94 148 
D: 113 173 
D: 114 201 
D: 119 158 
D: 123 284 
D: 133 205 
D: 137 214 
D: 147 193 
D: 152 196 
D: 154 157 
D: 161 232 
D: 161 270 
D: 161 298 
D: 166 224 
D: 178 220 
D: 186 261 
D: 195 268 
D: 216 234 
