54 9 81 254 F: 7 2 
185 12 221 49 F: 12 
287 7 301 11 F: 2 3 2 
319 8 335 257 F: 3 2 3 
495 5 505 210 F: 2 3 
517 7 538 38 F: 5 2 
644 9 662 201 F: 3 6 
711 6 717 72 F: 6 
829 7 836 289 F: 2 5 
900 12 912 42 F: 12 
1095 8 1127 31 F: 7 1 
1185 9 1221 120 F: 9 
1275 6 1281 152 F: 4 2 
1354 4 1366 34 F: 3 1 
1487 7 1515 180 F: 5 2 
1597 4 1613 165 F: 2 2 
1656 8 1672 74 F: 4 4 
1733 7 1747 147 F: 3 4 
1853 6 1865 285 F: 6 
1951 11 1962 91 F: 11 
2023 5 2028 91 F: 5 
2151 3 2154 250 F: 3 
2271 9 2307 206 F: 3 2 4 
2307 9 2316 235 F: 4 4 1 
2470 3 2473 282 F: 3 
2582 8 2614 32 F: 7 1 
2675 7 2703 69 F: 6 1 
2772 11 2805 27 F: 11 
2898 8 2922 300 F: 5 1 2 
2940 10 2950 101 F: 4 6 
3082 6 3100 211 F: 2 4 
3153 11 3186 53 F: 5 3 3 
3281 6 3287 72 F: 2 2 2 
3366 9 3393 72 F: 9 
3496 6 3514 281 F: 4 2 
3504 7 3518 176 F: 3 4 
3654 12 3690 219 F: 4 4 4 
3781 2 3785 135 F: 2 
3891 11 3924 49 F: 11 
3991 7 4019 176 F: 3 1 3 
4088 10 4118 33 F: 10 
4154 3 4160 265 F: 3 
4281 12 4293 125 F: 5 3 4 
4308 3 4317 245 F: 2 1 
4424 5 4434 296 F: 2 3 
4561 12 4597 152 F: 5 3 4 
4610 11 4654 187 F: 11 
4731 10 4761 233 F: 2 4 4 
4830 10 4850 170 F: 4 4 2 
4986 7 4993 236 F: 2 1 4 
5061 11 5072 96 F: 5 6 
5165 4 5177 223 F: 3 1 
5249 4 5257 15 F: 4 
5353 7 5360 194 F: 2 3 2 
5498 11 5531 37 F: 11 
5571 5 5576 130 F: 2 2 1 
5614 7 5621 112 F: 7 
5736 7 5757 229 F: 4 1 2 
5893 11 5926 84 F: 11 
5947 9 5983 176 F: 5 3 1 
6075 6 6099 73 F: 6 
6140 7 6168 190 F: 5 2 
6286 7 6307 200 F: 7 
6391 10 6431 53 F: 10 
6459 12 6507 236 F: 12 
6501 12 6537 37 F: 6 6 
6650 2 6652 272 F: 2 
6722 11 6766 59 F: 11 
6894 10 6924 210 F: 4 2 4 
6930 6 6936 271 F: 4 1 1 
7080 8 7096 37 F: 3 1 4 
7160 6 7166 58 F: 4 1 1 
7234 6 7240 171 F: 5 1 
7399 9 7435 149 F: 9 
7485 5 7490 153 F: 3 1 1 
7570 8 7586 257 F: 8 
7642 4 7646 198 F: 2 2 
7709 5 7719 176 F: 5 
7851 10 7871 225 F: 10 
7986 10 8026 166 F: 4 4 2 
8058 12 8070 292 F: 7 5 
8140 12 8152 258 F: 5 3 4 
8221 13 8273 171 F: 13 
8325 11 8369 270 F: 7 4 
8407 7 8421 141 F: 4 2 1 
8562 13 8601 200 F: 13 
8696 6 8720 97 F: 2 2 2 
8745 11 8767 118 F: 5 6 
8862 2 8870 102 F: 2 
8975 11 9019 247 F: 7 4 
9005 9 9014 171 F: 9 
9147 13 9199 103 F: 13 
9254 10 9264 254 F: 3 3 4 
9336 4 9344 201 F: 2 2 
9441 8 9465 143 F: 6 2 
9533 7 9540 13 F: 5 1 1 
9660 13 9686 13 F: 13 
9794 9 9812 45 F: 9 
9849 12 9897 64 F: 7 5 
9911 11 9933 172 F: 5 6 
10085 8 10093 269 F: 4 2 2 
10181 9 10190 173 F: 5 4 
10204 3 10213 79 F: 3 
10328 12 10352 289 F: 12 
10442 6 10448 292 F: 2 3 1 
10586 9 10613 23 F: 4 4 1 
10629 13 10668 164 F: 7 6 
10716 4 10724 171 F: 4 
10890 12 10902 66 F: 7 5 
10913 10 10943 222 F: 10 
11072 7 11086 198 F: 2 5 
11146 13 11159 297 F: 13 
11243 8 11259 266 F: 3 1 4 
11320 7 11348 183 F: 7 
11473 5 11488 180 F: 5 
11576 8 11600 58 F: 2 4 2 
11615 7 11643 197 F: 2 1 4 
11787 9 11823 115 F: 7 2 
11838 10 11868 150 F: 2 4 4 
11931 6 11943 86 F: 6 
12005 11 12038 200 F: 11 
12152 6 12158 60 F: 3 3 
12255 7 12269 14 F: 2 4 1 
12373 6 12397 79 F: 6 
12499 3 12511 131 F: 2 1 
12555 5 12565 186 F: 2 3 
12664 10 12694 229 F: 5 1 4 
12704 6 12722 96 F: 2 4 
12866 8 12874 225 F: 3 2 3 
12940 12 12976 192 F: 5 4 3 
13083 9 13101 197 F: 2 3 4 
13129 2 13135 267 F: 2 
13285 8 13317 66 F: 3 3 2 
13327 11 13338 55 F: 3 4 4 
13417 5 13432 52 F: 5 
13520 8 13544 288 F: 7 1 
13695 7 13709 15 F: 6 1 
13717 10 13747 224 F: 6 4 
13802 8 13818 42 F: 2 6 
13924 4 13940 2 F: 4 
14050 6 14062 212 F: 3 3 
14176 12 14212 178 F: 12 
14253 5 14273 244 F: 2 3 
14340 9 14358 175 F: 4 2 3 
14450 13 14476 144 F: 7 6 
14521 11 14543 236 F: 5 2 4 
14688 3 14691 143 F: 3 
14735 8 14767 245 F: 5 2 1 
14897 10 14917 229 F: 7 3 
14927 13 14953 1 F: 7 6 
15015 11 15048 93 F: 3 4 4 
15189 10 15209 136 F: 10 
15286 6 15304 180 F: 5 1 
15379 9 15397 264 F: 4 5 
15491 10 15521 132 F: 5 1 4 
15567 10 15577 27 F: 10 
15676 10 15706 175 F: 10 
15725 8 15733 172 F: 6 2 
15823 10 15833 213 F: 4 3 3 
15957 5 15967 45 F: 2 1 2 
16093 12 16141 260 F: 5 4 3 
16185 7 16213 175 F: 7 
16265 12 16277 289 F: 12 
16332 5 16347 183 F: 3 1 1 
16456 12 16480 26 F: 4 4 4 
16558 12 16582 123 F: 12 
16644 4 16652 105 F: 4 
16712 9 16739 44 F: 4 4 1 
16871 5 16881 112 F: 2 3 
16991 12 17015 172 F: 5 4 3 
17057 7 17085 194 F: 3 4 
17110 3 17116 41 F: 3 
17298 9 17334 238 F: 5 2 2 
17302 8 17326 108 F: 2 6 
17406 9 17433 199 F: 4 1 4 
17540 8 17572 114 F: 3 2 3 
17605 8 17637 258 F: 2 6 
17743 8 17759 264 F: 3 5 
17823 12 17871 212 F: 5 3 4 
17948 8 17972 183 F: 8 
18080 6 18098 114 F: 2 4 
18122 7 18150 275 F: 2 2 3 
18255 5 18270 124 F: 5 
18390 2 18394 166 F: 2 
18444 4 18452 198 F: 3 1 
18533 3 18545 116 F: 2 1 
18625 9 18643 261 F: 5 3 1 
18745 7 18766 193 F: 2 5 
18870 5 18875 172 F: 3 1 1 
18992 12 19016 93 F: 12 
19063 7 19084 211 F: 7 
19187 11 19231 153 F: 5 4 2 
19236 9 19254 76 F: 3 6 
19316 2 19318 90 F: 2 
19469 9 19487 289 F: 9 
19566 9 19602 125 F: 5 2 2 
19662 11 19673 58 F: 11 
19714 12 19750 221 F: 5 3 4 
19813 10 19833 261 F: 10 
19921 8 19945 90 F: 3 3 2 
20055 8 20087 153 F: 5 1 2 
20130 12 20166 229 F: 7 5 
20268 3 20274 276 F: 3 
20324 8 20332 91 F: 8 
20416 8 20424 39 F: 8 
20577 3 20583 165 F: 3 
20647 6 20671 224 F: 3 2 1 
20737 8 20753 5 F: 7 1 
20809 6 20827 148 F: 2 3 1 
20916 8 20932 84 F: 4 3 1 
21080 8 21088 232 F: 8 
21164 4 21168 108 F: 2 2 
21259 9 21277 61 F: 6 3 
21311 4 21315 24 F: 2 1 1 
21481 9 21499 149 F: 9 
21585 11 21629 146 F: 4 4 3 
21687 11 21698 50 F: 11 
21726 13 21752 285 F: 7 6 
21845 11 21878 56 F: 5 3 3 
21995 4 22003 259 F: 4 
22009 11 22020 282 F: 7 4 
22138 12 22174 113 F: 12 
22261 3 22273 16 F: 2 1 
22329 8 22353 238 F: 8 
22433 6 22439 275 F: 4 2 
22560 7 22574 94 F: 7 
22696 6 22720 20 F: 6 
22757 10 22787 43 F: 4 6 
22800 8 22808 274 F: 8 
22959 6 22971 95 F: 6 
23040 8 23056 199 F: 2 2 4 
23186 11 23208 233 F: 7 4 
23260 6 23284 5 F: 4 2 
23366 9 23402 39 F: 6 3 
23478 8 23510 159 F: 6 2 
23592 11 23625 129 F: 11 
23652 5 23667 47 F: 2 3 
23738 7 23766 172 F: 2 4 1 
23882 3 23885 96 F: 2 1 
23968 8 23984 289 F: 3 4 1 
24022 7 24043 24 F: 5 1 1 
24147 9 24165 196 F: 3 3 3 
24237 7 24244 117 F: 4 1 2 
24383 9 24419 112 F: 4 1 4 
24471 7 24485 96 F: 4 1 2 
24516 3 24525 11 F: 2 1 
24646 2 24654 96 F: 2 
24773 7 24787 225 F: 2 3 2 
24832 12 24880 78 F: 6 6 
24942 4 24946 273 F: 4 
25032 8 25056 155 F: 8 
25140 10 25180 88 F: 5 5 
25234 3 25243 252 F: 3 
25351 3 25354 242 F: 3 
25418 10 25438 206 F: 5 1 4 
25597 6 25615 3 F: 6 
25642 5 25652 232 F: 5 
25772 4 25788 212 F: 4 
25852 8 25868 81 F: 7 1 
25979 11 25990 109 F: 7 4 
26046 10 26066 15 F: 10 
26119 9 26146 7 F: 3 3 3 
26256 6 26280 136 F: 3 3 
26303 6 26321 294 F: 2 1 3 
26419 2 26427 237 F: 2 
26553 11 26597 4 F: 11 
26645 11 26667 164 F: 7 4 
26781 8 26789 35 F: 5 3 
26806 8 26814 268 F: 4 1 3 
26949 6 26973 254 F: 3 1 2 
27073 5 27093 290 F: 5 
27197 6 27203 79 F: 4 2 
27241 6 27259 281 F: 6 
27369 4 27381 44 F: 4 
27458 13 27497 51 F: 13 
27521 9 27530 15 F: 7 2 
27617 10 27637 189 F: 10 
27744 7 27758 297 F: 7 
27884 7 27898 147 F: 3 2 2 
27962 13 28001 272 F: 7 6 
28098 8 28130 32 F: 2 2 4 
28114 9 28132 102 F: 4 2 3 
28296 13 28322 13 F: 13 
28313 7 28327 221 F: 7 
28489 11 28533 261 F: 4 3 4 
28544 6 28568 15 F: 3 2 1 
28698 13 28711 224 F: 5 4 4 
28712 10 28722 56 F: 5 3 2 
28861 5 28881 270 F: 2 2 1 
28966 8 28990 85 F: 4 1 3 
29030 6 29048 7 F: 6 
29166 6 29178 179 F: 2 1 3 
29222 7 29229 177 F: 5 2 
29326 2 29328 116 F: 2 
29483 8 29499 300 F: 2 3 3 
29515 13 29541 97 F: 13 
29641 11 29674 286 F: 7 4 
29788 6 29806 91 F: 6 
29832 5 29842 250 F: 5 
29925 12 29949 179 F: 12 
D: 3 94 
D: 5 179 
D: 10 82 
D: 14 149 
D: 21 38 
D: 22 240 
D: 25 134 
D: 26 182 
D: 30 70 
D: 32 47 
D: 40 138 
D: 45 268 
D: 54 163 
D: 56 170 
D: 73 183 
D: 93 181 
D: 107 121 
D: 109 139 
D: 113 268 
D: 121 204 
D: 146 206 
D: 152 289 
D: 159 260 
D: 187 198 
D: 189 299 
D: 197 285 
D: 209 278 
D: 231 268 
D: 240 294 
D: 262 276 
