24 7 52 55 F: 3 1 3 
182 13 208 82 F: 13 
247 9 256 79 F: 3 6 
330 4 338 12 F: 4 
493 8 509 210 F: 3 2 3 
575 9 593 87 F: 3 3 3 
690 6 696 212 F: 3 3 
792 10 802 269 F: 6 4 
850 11 861 151 F: 5 3 3 
950 3 962 191 F: 3 
1021 2 1025 135 F: 2 
1140 12 1164 10 F: 12 
1253 8 1277 160 F: 2 2 4 
1349 4 1361 285 F: 2 1 1 
1497 5 1512 282 F: 5 
1582 8 1606 112 F: 8 
1680 8 1712 206 F: 4 4 
1729 7 1750 55 F: 6 1 
1844 12 1868 49 F: 6 6 
1923 8 1947 148 F: 8 
2015 9 2033 293 F: 2 4 3 
2112 11 2145 151 F: 11 
2268 10 2298 114 F: 6 4 
2362 9 2380 41 F: 4 5 
2425 10 2455 290 F: 10 
2572 9 2608 186 F: 7 2 
2673 8 2705 192 F: 2 3 3 
2709 8 2733 150 F: 4 1 3 
2856 11 2867 177 F: 4 4 3 
2940 9 2967 7 F: 9 
3017 2 3019 2 F: 2 
3172 9 3190 127 F: 3 2 4 
3273 11 3284 191 F: 6 5 
3315 6 3327 80 F: 4 2 
3406 8 3438 11 F: 3 5 
3567 10 3597 63 F: 5 3 2 
3619 2 3621 93 F: 2 
3766 4 3782 245 F: 4 
3868 9 3877 88 F: 9 
3912 3 3918 250 F: 3 
4071 8 4095 181 F: 8 
4151 13 4164 74 F: 13 
4253 4 4257 222 F: 2 1 1 
4386 10 4406 219 F: 5 1 4 
4467 4 4471 230 F: 3 1 
4561 5 4571 251 F: 3 1 1 
4607 12 4643 62 F: 12 
4755 8 4771 29 F: 2 2 4 
4893 13 4932 166 F: 13 
4905 7 4926 151 F: 7 
5089 5 5094 179 F: 4 1 
5180 6 5192 274 F: 5 1 
5268 9 5286 76 F: 6 3 
5327 8 5335 133 F: 2 6 
5423 11 5445 187 F: 3 4 4 
5587 12 5611 254 F: 5 3 4 
5605 11 5638 224 F: 11 
5768 9 5804 148 F: 2 3 4 
5863 9 5890 56 F: 4 5 
5909 5 5929 207 F: 3 1 1 
6011 6 6029 98 F: 6 
6114 10 6124 48 F: 4 2 4 
6254 9 6290 82 F: 7 2 
6305 6 6329 248 F: 4 2 
6403 9 6430 90 F: 5 1 3 
6573 5 6583 213 F: 4 1 
6620 9 6629 272 F: 9 
6777 5 6792 52 F: 3 2 
6824 9 6833 15 F: 5 4 
6995 6 7019 103 F: 6 
7060 6 7078 217 F: 3 3 
7185 11 7207 145 F: 6 5 
7295 8 7327 171 F: 3 5 
7335 7 7356 62 F: 7 
7495 5 7510 21 F: 5 
7523 9 7559 230 F: 3 6 
7692 10 7722 104 F: 10 
7733 6 7757 7 F: 2 4 
7813 9 7840 126 F: 9 
7993 7 8007 294 F: 5 2 
8071 6 8095 85 F: 4 2 
8185 8 8193 83 F: 8 
8287 11 8309 69 F: 7 4 
8393 11 8415 96 F: 11 
8468 6 8480 184 F: 2 4 
8539 8 8571 192 F: 7 1 
8650 11 8672 187 F: 11 
8703 5 8718 269 F: 4 1 
8833 11 8844 212 F: 5 6 
8967 9 9003 1 F: 2 4 3 
9046 10 9056 22 F: 10 
9144 6 9168 22 F: 3 3 
9284 5 9294 8 F: 3 2 
9300 2 9308 274 F: 2 
9464 5 9474 141 F: 4 1 
9585 12 9597 52 F: 12 
9627 5 9632 79 F: 2 2 1 
9726 2 9730 37 F: 2 
9868 5 9878 273 F: 5 
9992 12 10040 240 F: 12 
10013 4 10021 96 F: 4 
10147 12 10159 214 F: 12 
10259 4 10271 81 F: 3 1 
10342 6 10354 212 F: 4 1 1 
10482 5 10492 264 F: 3 1 1 
10583 7 10590 81 F: 2 4 1 
10668 6 10692 51 F: 6 
10749 4 10757 200 F: 4 
10851 12 10899 208 F: 12 
10990 11 11012 156 F: 5 6 
11072 6 11090 77 F: 6 
11176 7 11197 107 F: 3 1 3 
11274 7 11288 269 F: 4 1 2 
11329 9 11365 284 F: 9 
11442 9 11478 113 F: 3 2 4 
11568 3 11574 173 F: 3 
11611 4 11619 209 F: 4 
11750 8 11758 271 F: 5 3 
11873 9 11882 207 F: 4 1 4 
11971 13 12023 151 F: 7 6 
12030 8 12054 134 F: 4 1 3 
12177 7 12198 155 F: 3 2 2 
12268 8 12300 147 F: 5 2 1 
12313 6 12319 112 F: 5 1 
12418 11 12440 232 F: 7 4 
12599 13 12638 115 F: 13 
12695 10 12715 49 F: 5 3 2 
12744 8 12768 227 F: 8 
12884 3 12890 125 F: 2 1 
12912 8 12944 162 F: 3 2 3 
13028 6 13034 112 F: 6 
13141 7 13155 37 F: 3 1 3 
13206 11 13217 251 F: 11 
13378 11 13422 84 F: 11 
13413 8 13437 298 F: 4 4 
13546 6 13552 69 F: 4 2 
13663 9 13681 28 F: 2 4 3 
13746 9 13782 153 F: 6 3 
13891 6 13915 114 F: 2 4 
13902 10 13942 31 F: 10 
14016 6 14040 17 F: 3 2 1 
14123 12 14147 168 F: 5 3 4 
14216 7 14244 277 F: 4 3 
14374 3 14377 100 F: 3 
14493 6 14505 179 F: 2 3 1 
14559 10 14569 108 F: 3 4 3 
14633 2 14635 43 F: 2 
14737 7 14758 91 F: 7 
14885 8 14917 76 F: 8 
14939 8 14963 85 F: 2 6 
15019 6 15043 250 F: 3 2 1 
15187 11 15209 177 F: 5 4 2 
15238 8 15246 85 F: 8 
15393 2 15397 166 F: 2 
15446 4 15458 192 F: 3 1 
15542 11 15564 229 F: 11 
15684 5 15694 158 F: 2 3 
15719 12 15743 221 F: 5 3 4 
15858 3 15864 107 F: 3 
15969 7 15997 247 F: 4 2 1 
16021 8 16037 250 F: 4 1 3 
16158 7 16172 12 F: 3 2 2 
16214 7 16228 152 F: 3 3 1 
16353 4 16369 155 F: 3 1 
16402 3 16405 22 F: 2 1 
16583 12 16607 123 F: 7 5 
16684 6 16696 202 F: 2 4 
16788 7 16795 50 F: 3 4 
16809 5 16819 218 F: 5 
16924 12 16948 155 F: 12 
17022 4 17026 41 F: 3 1 
17136 6 17142 95 F: 3 3 
17272 9 17308 257 F: 5 4 
17303 12 17315 84 F: 12 
17441 7 17448 272 F: 4 2 1 
17560 8 17568 158 F: 7 1 
17670 6 17694 249 F: 2 2 2 
17734 4 17742 190 F: 4 
17809 6 17821 23 F: 6 
17936 11 17958 242 F: 11 
18058 4 18062 34 F: 2 1 1 
18199 6 18217 215 F: 4 1 1 
18229 5 18234 8 F: 2 2 1 
18330 6 18348 75 F: 3 3 
18466 6 18478 42 F: 3 3 
18524 3 18536 143 F: 3 
18679 8 18687 106 F: 8 
18738 7 18766 221 F: 6 1 
18804 13 18856 114 F: 13 
18942 11 18953 190 F: 6 5 
19039 8 19071 105 F: 5 2 1 
19169 8 19193 220 F: 3 5 
19254 2 19258 253 F: 2 
19343 10 19363 171 F: 4 6 
19470 2 19472 209 F: 2 
19584 3 19590 295 F: 3 
19615 11 19626 215 F: 11 
19766 9 19784 47 F: 5 3 1 
19842 10 19872 194 F: 7 3 
19933 10 19943 235 F: 5 5 
20094 6 20100 84 F: 6 
20150 9 20177 154 F: 3 3 3 
20256 9 20274 82 F: 4 2 3 
20322 10 20342 101 F: 5 4 1 
20426 9 20453 198 F: 3 4 2 
20567 9 20585 135 F: 5 2 2 
20660 11 20693 197 F: 6 5 
20774 10 20794 296 F: 3 4 3 
20829 9 20838 193 F: 4 1 4 
20941 13 20993 217 F: 7 6 
21039 13 21078 15 F: 13 
21162 2 21166 3 F: 2 
21216 6 21222 48 F: 2 3 1 
21392 6 21404 211 F: 4 2 
21453 13 21466 77 F: 13 
21518 2 21520 17 F: 2 
21611 8 21619 237 F: 8 
21770 4 21782 279 F: 3 1 
21833 13 21859 144 F: 13 
21936 7 21964 185 F: 6 1 
22065 7 22072 122 F: 5 2 
22167 12 22215 251 F: 12 
22201 8 22209 65 F: 8 
22344 10 22374 269 F: 4 6 
22476 8 22500 174 F: 4 1 3 
22583 5 22598 3 F: 5 
22677 12 22701 103 F: 4 4 4 
22757 7 22785 256 F: 5 2 
22896 4 22900 185 F: 2 2 
22965 8 22997 28 F: 8 
23028 2 23032 240 F: 2 
23114 11 23125 86 F: 5 6 
23210 9 23246 279 F: 9 
23330 11 23374 72 F: 11 
23436 12 23448 177 F: 6 6 
23514 11 23547 34 F: 7 4 
23609 8 23617 187 F: 6 2 
23788 4 23800 198 F: 4 
23806 5 23816 49 F: 2 3 
23990 6 24002 276 F: 6 
24088 8 24096 16 F: 8 
24175 6 24193 277 F: 2 3 1 
24264 9 24282 113 F: 3 6 
24319 8 24351 270 F: 2 3 3 
24499 11 24521 282 F: 5 3 3 
24562 2 24570 202 F: 2 
24686 10 24696 46 F: 4 2 4 
24743 3 24752 144 F: 3 
24870 7 24898 169 F: 2 1 4 
24955 8 24963 160 F: 2 6 
25009 7 25037 140 F: 2 2 3 
25116 12 25140 103 F: 6 6 
25207 4 25211 59 F: 3 1 
25325 11 25369 207 F: 7 4 
25445 8 25453 131 F: 5 1 2 
25519 3 25531 152 F: 2 1 
25656 4 25660 197 F: 2 2 
25742 13 25781 184 F: 13 
25810 13 25836 238 F: 13 
25933 7 25947 296 F: 3 4 
26023 7 26037 209 F: 2 4 1 
26153 7 26174 267 F: 7 
26214 7 26235 265 F: 7 
26353 8 26369 212 F: 3 2 3 
26409 7 26416 290 F: 7 
26500 8 26532 75 F: 6 2 
26621 7 26635 300 F: 5 2 
26739 7 26760 9 F: 5 1 1 
26855 4 26867 155 F: 2 2 
26952 13 26965 24 F: 13 
27066 13 27079 294 F: 7 6 
27133 6 27157 236 F: 2 3 1 
27261 11 27283 101 F: 3 4 4 
27317 8 27333 288 F: 3 5 
27415 8 27423 241 F: 8 
27516 7 27537 218 F: 3 3 1 
27671 9 27689 188 F: 5 1 3 
27704 11 27715 78 F: 6 5 
27868 4 27876 34 F: 2 1 1 
27937 13 27989 27 F: 13 
28068 6 28092 261 F: 6 
28131 13 28144 179 F: 5 4 4 
28214 8 28230 38 F: 5 1 2 
28362 6 28368 200 F: 5 1 
28412 10 28452 284 F: 10 
28516 9 28534 145 F: 9 
28645 11 28678 280 F: 11 
28777 7 28784 224 F: 4 1 2 
28868 8 28884 145 F: 5 2 1 
28979 5 28984 72 F: 3 1 1 
29082 7 29103 191 F: 4 3 
29186 5 29206 251 F: 4 1 
29220 11 29242 271 F: 5 4 2 
29340 7 29347 22 F: 7 
29491 8 29507 269 F: 4 4 
29509 8 29525 170 F: 8 
29631 9 29649 225 F: 4 3 2 
29710 11 29754 211 F: 11 
29808 9 29826 179 F: 5 4 
29931 12 29967 97 F: 12 
D: 6 112 
D: 13 245 
D: 16 95 
D: 17 264 
D: 24 36 
D: 24 50 
D: 25 112 
D: 34 97 
D: 42 163 
D: 42 255 
D: 43 266 
D: 47 110 
D: 64 153 
D: 76 175 
D: 77 128 
D: 78 215 
D: 83 149 
D: 87 125 
D: 87 149 
D: 92 296 
D: 94 99 
D: 109 156 
D: 111 161 
D: 127 129 
D: 144 190 
D: 165 246 
D: 220 241 
D: 237 270 
D: 239 273 
D: 270 280 
