66 6 78 289 F: 4 2 
198 9 225 19 F: 5 4 
266 11 277 25 F: 5 3 3 
381 9 390 216 F: 3 6 
423 9 450 216 F: 7 2 
507 5 517 90 F: 2 2 1 
677 9 686 149 F: 6 3 
734 8 766 77 F: 6 2 
834 10 874 31 F: 6 4 
905 7 912 278 F: 7 
1003 9 1012 70 F: 4 5 
1142 13 1194 37 F: 13 
1211 12 1235 269 F: 12 
1359 6 1377 96 F: 3 1 2 
1430 9 1466 174 F: 4 1 4 
1542 7 1549 117 F: 3 2 2 
1602 5 1617 141 F: 5 
1745 5 1765 105 F: 5 
1815 11 1826 295 F: 11 
1993 8 2009 257 F: 2 6 
2027 8 2059 165 F: 4 4 
2172 7 2193 287 F: 7 
2207 13 2246 10 F: 13 
2372 8 2380 247 F: 6 2 
2440 5 2455 7 F: 5 
2543 10 2563 64 F: 7 3 
2637 7 2644 288 F: 4 3 
2768 6 2792 172 F: 4 2 
2852 7 2866 59 F: 2 2 3 
2928 9 2964 168 F: 2 4 3 
3014 4 3018 164 F: 4 
3153 11 3186 9 F: 11 
3259 7 3287 158 F: 7 
3318 6 3330 273 F: 5 1 
3486 6 3510 138 F: 6 
3563 6 3569 56 F: 5 1 
3654 7 3668 74 F: 2 1 4 
3716 13 3729 98 F: 13 
3833 8 3849 106 F: 3 2 3 
3980 7 3987 172 F: 4 2 1 
4028 7 4049 284 F: 2 3 2 
4112 9 4130 34 F: 3 2 4 
4288 8 4320 100 F: 2 2 4 
4361 9 4388 194 F: 4 5 
4433 8 4449 95 F: 4 2 2 
4518 4 4530 65 F: 4 
4645 10 4655 55 F: 10 
4752 7 4780 163 F: 5 1 1 
4813 7 4827 110 F: 2 5 
4963 3 4975 175 F: 2 1 
5082 5 5102 184 F: 4 1 
5157 6 5169 35 F: 4 2 
5238 10 5258 105 F: 5 3 2 
5364 3 5376 202 F: 3 
5428 10 5448 20 F: 4 4 2 
5586 11 5630 9 F: 5 3 3 
5629 7 5650 300 F: 4 3 
5705 10 5735 284 F: 10 
5814 10 5844 145 F: 4 6 
5916 8 5932 139 F: 4 1 3 
6030 8 6046 272 F: 4 1 3 
6186 9 6222 68 F: 4 3 2 
6213 10 6253 139 F: 10 
6332 3 6335 39 F: 3 
6421 4 6425 237 F: 3 1 
6539 6 6557 267 F: 3 1 2 
6621 5 6636 4 F: 4 1 
6717 8 6741 22 F: 4 2 2 
6862 4 6878 299 F: 4 
6967 11 6978 161 F: 4 3 4 
7023 4 7027 179 F: 4 
7141 7 7169 171 F: 3 3 1 
7238 4 7246 71 F: 3 1 
7322 9 7340 100 F: 9 
7468 10 7498 266 F: 10 
7505 11 7516 134 F: 11 
7661 9 7679 129 F: 3 3 3 
7774 13 7800 295 F: 13 
7801 8 7809 92 F: 8 
7909 6 7921 192 F: 3 3 
8082 5 8097 153 F: 5 
8178 5 8193 85 F: 2 1 2 
8205 7 8212 19 F: 3 4 
8392 9 8428 300 F: 5 1 3 
8453 6 8465 69 F: 2 1 3 
8548 8 8572 234 F: 3 4 1 
8642 7 8656 161 F: 2 2 3 
8776 9 8803 137 F: 9 
8822 11 8866 159 F: 5 6 
8916 9 8943 234 F: 4 1 4 
9045 9 9063 36 F: 6 3 
9124 10 9134 103 F: 7 3 
9264 9 9282 213 F: 9 
9348 10 9388 273 F: 4 6 
9430 5 9450 40 F: 4 1 
9526 9 9553 180 F: 9 
9693 2 9699 25 F: 2 
9790 6 9802 186 F: 6 
9808 6 9826 177 F: 4 1 1 
9999 8 10031 145 F: 2 6 
10092 11 10103 2 F: 5 6 
10158 8 10182 295 F: 5 3 
10276 7 10290 95 F: 7 
10357 8 10373 131 F: 4 1 3 
10427 2 10435 91 F: 2 
10510 7 10517 272 F: 3 2 2 
10698 8 10730 159 F: 2 6 
10755 7 10762 172 F: 4 2 1 
10865 12 10901 164 F: 5 3 4 
10918 8 10942 208 F: 3 5 
11088 9 11115 290 F: 3 2 4 
11105 10 11135 52 F: 4 2 4 
11273 12 11285 168 F: 12 
11327 10 11337 62 F: 5 5 
11493 12 11517 6 F: 6 6 
11573 4 11589 118 F: 4 
11616 6 11628 282 F: 6 
11788 8 11820 129 F: 7 1 
11879 6 11897 77 F: 3 3 
11955 7 11969 300 F: 4 2 1 
12095 8 12111 284 F: 2 3 3 
12145 10 12175 121 F: 5 1 4 
12269 13 12321 67 F: 13 
12361 8 12385 197 F: 3 4 1 
12474 12 12498 66 F: 12 
12575 12 12623 275 F: 7 5 
12606 3 12612 123 F: 3 
12747 5 12757 300 F: 5 
12855 10 12885 64 F: 3 3 4 
12904 8 12920 76 F: 3 1 4 
13047 10 13057 298 F: 3 3 4 
13150 7 13178 278 F: 4 1 2 
13219 5 13229 167 F: 3 2 
13317 7 13331 200 F: 2 4 1 
13480 12 13516 254 F: 12 
13524 8 13532 36 F: 2 6 
13620 9 13638 183 F: 4 5 
13756 8 13788 255 F: 4 1 3 
13849 8 13857 167 F: 4 4 
13904 10 13924 25 F: 3 3 4 
14090 10 14120 288 F: 3 4 3 
14165 9 14183 14 F: 3 3 3 
14269 8 14285 236 F: 6 2 
14394 13 14446 19 F: 13 
14425 10 14435 143 F: 5 4 1 
14529 4 14545 163 F: 4 
14671 11 14704 166 F: 11 
14798 10 14838 154 F: 4 6 
14867 10 14907 72 F: 4 2 4 
14990 7 15004 120 F: 2 2 3 
15027 11 15038 100 F: 5 3 3 
15146 3 15152 290 F: 3 
15274 10 15284 259 F: 5 4 1 
15317 9 15335 42 F: 9 
15406 11 15439 105 F: 5 2 4 
15553 3 15559 66 F: 3 
15617 4 15633 42 F: 4 
15751 6 15763 20 F: 3 2 1 
15837 3 15843 56 F: 3 
15927 11 15960 50 F: 7 4 
16095 13 16147 233 F: 5 4 4 
16125 9 16134 247 F: 4 2 3 
16250 4 16266 114 F: 3 1 
16338 9 16374 294 F: 9 
16495 6 16507 57 F: 2 4 
16514 7 16542 198 F: 6 1 
16690 7 16697 223 F: 3 1 3 
16760 5 16770 150 F: 5 
16821 4 16825 52 F: 3 1 
16921 4 16925 258 F: 2 2 
17021 10 17061 283 F: 4 6 
17131 6 17149 170 F: 2 2 2 
17269 9 17287 6 F: 9 
17382 6 17394 247 F: 6 
17480 9 17489 70 F: 9 
17512 11 17523 116 F: 11 
17661 11 17694 13 F: 5 6 
17783 10 17823 183 F: 6 4 
17894 5 17909 262 F: 2 1 2 
17936 3 17945 253 F: 2 1 
18053 9 18062 5 F: 2 4 3 
18157 9 18166 122 F: 4 4 1 
18280 13 18293 295 F: 13 
18329 6 18335 71 F: 4 1 1 
18429 10 18459 121 F: 2 4 4 
18502 7 18530 222 F: 2 3 2 
18668 11 18712 133 F: 11 
18732 10 18742 38 F: 4 4 2 
18885 7 18892 35 F: 2 5 
18950 3 18953 297 F: 3 
19045 9 19063 129 F: 9 
19149 6 19167 34 F: 3 2 1 
19231 6 19243 283 F: 6 
19302 8 19326 89 F: 2 6 
19433 10 19453 293 F: 4 2 4 
19519 9 19555 102 F: 7 2 
19667 9 19685 58 F: 9 
19787 10 19807 300 F: 6 4 
19891 8 19899 27 F: 3 2 3 
19946 2 19954 41 F: 2 
20078 6 20102 7 F: 2 1 3 
20105 8 20113 208 F: 8 
20278 11 20322 244 F: 6 5 
20382 2 20386 162 F: 2 
20448 10 20488 215 F: 3 4 3 
20591 12 20639 153 F: 7 5 
20655 12 20667 150 F: 12 
20741 7 20748 245 F: 6 1 
20810 6 20816 182 F: 5 1 
20935 11 20957 300 F: 11 
21093 2 21095 99 F: 2 
21120 11 21131 13 F: 11 
21243 4 21247 286 F: 4 
21312 9 21348 98 F: 3 3 3 
21453 8 21469 129 F: 6 2 
21589 11 21600 16 F: 11 
21675 5 21685 68 F: 5 
21755 8 21771 298 F: 2 4 2 
21830 10 21840 252 F: 7 3 
21904 6 21910 270 F: 2 1 3 
22002 5 22022 10 F: 3 2 
22189 8 22205 279 F: 6 2 
22240 7 22268 75 F: 7 
22398 11 22442 166 F: 11 
22482 6 22500 166 F: 5 1 
22599 8 22615 169 F: 8 
22627 12 22675 68 F: 12 
22719 10 22759 44 F: 5 5 
22898 9 22925 175 F: 9 
22991 5 23001 229 F: 4 1 
23093 10 23103 9 F: 4 3 3 
23101 2 23107 75 F: 2 
23239 11 23283 86 F: 5 6 
23340 10 23350 288 F: 5 3 2 
23460 11 23471 219 F: 5 4 2 
23593 4 23601 85 F: 4 
23648 11 23681 62 F: 7 4 
23728 8 23752 140 F: 8 
23864 8 23888 212 F: 8 
23995 4 24007 129 F: 4 
24066 8 24082 260 F: 8 
24122 2 24126 113 F: 2 
24254 11 24298 207 F: 11 
24336 3 24345 240 F: 3 
24445 8 24469 137 F: 5 1 2 
24532 11 24565 156 F: 11 
24601 12 24613 300 F: 12 
24768 6 24792 111 F: 3 3 
24818 5 24838 143 F: 4 1 
24912 4 24916 285 F: 4 
25026 8 25042 243 F: 8 
25163 9 25181 122 F: 5 4 
25247 10 25287 207 F: 4 6 
25357 11 25390 148 F: 3 4 4 
25440 10 25460 260 F: 7 3 
25585 10 25605 77 F: 10 
25644 12 25656 176 F: 7 5 
25702 6 25708 56 F: 4 2 
25806 8 25814 235 F: 2 2 4 
25902 11 25946 115 F: 3 4 4 
26012 4 26016 205 F: 4 
26100 8 26124 100 F: 7 1 
26224 9 26260 247 F: 5 2 2 
26360 10 26370 245 F: 7 3 
26464 9 26482 292 F: 9 
26580 11 26613 92 F: 5 6 
26613 10 26643 250 F: 6 4 
26766 8 26798 98 F: 5 2 1 
26856 12 26904 285 F: 12 
26965 7 26979 121 F: 7 
27006 5 27016 152 F: 2 1 2 
27126 12 27138 15 F: 7 5 
27281 9 27290 226 F: 5 4 
27366 10 27386 28 F: 10 
27428 8 27444 171 F: 5 2 1 
27558 7 27586 56 F: 3 4 
27691 13 27717 186 F: 13 
27795 9 27813 66 F: 3 6 
27813 9 27840 69 F: 5 4 
27915 5 27935 107 F: 5 
28057 9 28084 46 F: 4 3 2 
28145 4 28153 50 F: 4 
28299 7 28313 265 F: 3 4 
28369 10 28389 59 F: 2 4 4 
28441 8 28465 94 F: 8 
28505 8 28513 13 F: 2 4 2 
28679 11 28712 241 F: 11 
28772 12 28784 282 F: 12 
28847 8 28855 254 F: 7 1 
28975 9 29002 160 F: 3 2 4 
29056 6 29062 211 F: 6 
29140 12 29188 193 F: 12 
29221 5 29226 148 F: 3 1 1 
29397 10 29417 83 F: 4 6 
29447 7 29475 144 F: 7 
29594 10 29614 239 F: 4 2 4 
29639 5 29659 237 F: 2 3 
29780 11 29824 199 F: 4 4 3 
29807 12 29831 24 F: 4 4 4 
29925 10 29945 127 F: 2 4 4 
D: 15 148 
D: 16 71 
D: 23 218 
D: 24 143 
D: 28 167 
D: 35 124 
D: 39 211 
D: 40 59 
D: 55 163 
D: 64 149 
D: 74 268 
D: 76 218 
D: 78 160 
D: 83 197 
D: 85 296 
D: 92 109 
D: 100 166 
D: 105 125 
D: 113 171 
D: 116 140 
D: 121 213 
D: 130 144 
D: 131 233 
D: 155 292 
D: 171 279 
D: 188 232 
D: 201 285 
D: 245 263 
D: 246 289 
D: 268 287 
