40 4 56 297 F: 2 1 1 
160 12 196 6 F: 12 
280 8 304 121 F: 5 2 1 
375 4 383 185 F: 3 1 
446 7 460 246 F: 7 
565 8 597 26 F: 8 
658 10 688 77 F: 2 4 4 
759 7 766 181 F: 4 3 
808 8 840 141 F: 6 2 
952 12 976 70 F: 4 4 4 
1005 8 1029 230 F: 6 2 
1179 11 1212 294 F: 4 3 4 
1251 10 1281 254 F: 10 
1372 2 1378 101 F: 2 
1492 7 1513 298 F: 6 1 
1564 12 1588 151 F: 12 
1627 12 1675 42 F: 12 
1763 10 1783 119 F: 2 4 4 
1875 8 1907 186 F: 2 3 3 
1962 9 1998 106 F: 9 
2045 12 2081 287 F: 5 3 4 
2157 3 2166 104 F: 3 
2262 12 2298 153 F: 4 4 4 
2325 8 2349 90 F: 3 5 
2408 8 2424 100 F: 5 3 
2586 8 2618 124 F: 3 4 1 
2680 11 2691 68 F: 4 3 4 
2765 10 2795 59 F: 6 4 
2826 7 2854 222 F: 3 2 2 
2910 9 2946 239 F: 6 3 
3054 11 3076 144 F: 5 2 4 
3147 6 3153 40 F: 2 3 1 
3227 6 3233 284 F: 6 
3352 12 3400 62 F: 12 
3479 7 3500 259 F: 2 2 3 
3578 8 3594 133 F: 4 4 
3686 12 3722 34 F: 7 5 
3773 5 3788 208 F: 5 
3864 9 3873 232 F: 9 
3907 5 3927 266 F: 4 1 
4008 11 4041 208 F: 5 4 2 
4141 3 4144 21 F: 3 
4274 7 4302 285 F: 2 3 2 
4379 10 4419 59 F: 5 3 2 
4498 7 4505 161 F: 7 
4598 9 4607 134 F: 7 2 
4639 9 4666 263 F: 5 4 
4781 3 4784 16 F: 3 
4883 10 4923 187 F: 4 6 
4908 6 4920 280 F: 5 1 
5045 6 5063 171 F: 6 
5127 6 5133 286 F: 6 
5230 6 5242 83 F: 5 1 
5304 6 5328 265 F: 2 4 
5403 3 5412 294 F: 3 
5566 9 5602 47 F: 9 
5613 7 5627 230 F: 7 
5778 13 5830 13 F: 13 
5851 7 5858 212 F: 7 
5947 7 5961 54 F: 7 
6039 12 6087 129 F: 6 6 
6177 7 6205 150 F: 2 5 
6221 13 6273 53 F: 13 
6309 2 6313 294 F: 2 
6443 13 6456 165 F: 13 
6582 13 6621 275 F: 13 
6675 11 6719 202 F: 7 4 
6703 11 6747 9 F: 11 
6873 10 6893 204 F: 5 5 
6925 9 6934 121 F: 9 
7056 7 7063 119 F: 4 3 
7158 11 7202 94 F: 5 3 3 
7248 10 7268 161 F: 2 4 4 
7311 5 7321 220 F: 5 
7475 9 7502 108 F: 9 
7539 7 7553 17 F: 6 1 
7603 11 7614 120 F: 6 5 
7766 7 7787 197 F: 7 
7807 8 7831 198 F: 8 
7944 10 7964 277 F: 7 3 
8065 4 8073 140 F: 4 
8111 8 8119 205 F: 6 2 
8213 7 8241 187 F: 7 
8303 8 8319 277 F: 8 
8428 5 8448 275 F: 2 3 
8560 11 8582 209 F: 6 5 
8617 5 8622 67 F: 5 
8788 4 8800 179 F: 2 2 
8801 12 8825 5 F: 5 3 4 
8929 7 8943 169 F: 5 1 1 
9082 11 9093 104 F: 6 5 
9147 10 9187 18 F: 10 
9221 6 9245 151 F: 6 
9304 9 9322 248 F: 4 5 
9410 10 9440 231 F: 4 6 
9509 8 9517 102 F: 4 4 
9698 5 9718 61 F: 5 
9713 9 9722 199 F: 3 4 2 
9854 12 9902 121 F: 6 6 
9991 5 9996 294 F: 3 2 
10085 12 10097 190 F: 6 6 
10199 6 10211 227 F: 3 1 2 
10297 5 10302 223 F: 5 
10356 8 10364 218 F: 8 
10402 8 10434 161 F: 6 2 
10530 2 10532 230 F: 2 
10616 10 10646 91 F: 4 3 3 
10778 8 10794 33 F: 2 4 2 
10858 13 10897 92 F: 7 6 
10944 7 10958 77 F: 7 
11069 11 11080 80 F: 5 3 3 
11125 6 11143 148 F: 6 
11216 9 11234 154 F: 3 6 
11373 8 11397 268 F: 2 2 4 
11408 10 11418 144 F: 7 3 
11555 8 11571 28 F: 5 2 1 
11684 11 11706 149 F: 5 4 2 
11756 2 11762 56 F: 2 
11809 9 11827 245 F: 6 3 
11959 3 11962 174 F: 3 
12029 3 12041 189 F: 3 
12121 7 12128 139 F: 2 4 1 
12250 8 12266 36 F: 2 6 
12334 7 12362 85 F: 3 4 
12454 3 12463 208 F: 2 1 
12576 12 12612 49 F: 12 
12608 10 12638 68 F: 10 
12725 9 12752 297 F: 4 1 4 
12867 8 12891 35 F: 7 1 
12950 11 12961 80 F: 11 
13061 3 13064 246 F: 3 
13124 7 13131 177 F: 3 3 1 
13225 5 13235 155 F: 5 
13352 12 13376 108 F: 6 6 
13402 6 13426 173 F: 2 2 2 
13507 12 13555 282 F: 6 6 
13683 6 13689 54 F: 5 1 
13784 12 13796 145 F: 6 6 
13866 8 13882 83 F: 8 
13975 11 13997 135 F: 11 
14025 2 14031 51 F: 2 
14175 10 14195 82 F: 4 4 2 
14265 9 14283 169 F: 9 
14301 8 14317 124 F: 2 3 3 
14432 3 14444 85 F: 3 
14544 2 14546 28 F: 2 
14665 6 14683 214 F: 6 
14740 13 14792 121 F: 13 
14886 13 14899 299 F: 7 6 
14979 9 15006 28 F: 5 2 2 
15099 11 15121 264 F: 5 4 2 
15151 9 15169 39 F: 9 
15246 2 15254 288 F: 2 
15368 6 15380 221 F: 6 
15444 6 15462 148 F: 2 1 3 
15553 8 15561 244 F: 5 3 
15605 8 15629 276 F: 5 1 2 
15785 8 15809 41 F: 4 2 2 
15856 3 15865 243 F: 3 
15956 8 15988 191 F: 8 
16017 2 16023 297 F: 2 
16160 13 16212 39 F: 7 6 
16235 3 16244 44 F: 3 
16359 12 16371 78 F: 12 
16468 7 16489 102 F: 2 5 
16567 9 16603 61 F: 3 6 
16660 10 16700 269 F: 5 5 
16759 8 16783 181 F: 2 2 4 
16882 7 16910 292 F: 5 1 1 
16996 6 17002 148 F: 6 
17032 9 17050 71 F: 5 2 2 
17139 8 17163 205 F: 3 3 2 
17226 9 17262 72 F: 9 
17335 3 17344 72 F: 2 1 
17482 5 17492 184 F: 3 1 1 
17551 7 17579 203 F: 7 
17695 8 17727 33 F: 6 2 
17740 2 17742 172 F: 2 
17867 11 17911 79 F: 3 4 4 
17983 10 18013 207 F: 10 
18050 7 18078 82 F: 4 3 
18176 6 18200 79 F: 6 
18247 11 18269 107 F: 11 
18355 10 18375 93 F: 2 4 4 
18400 3 18406 108 F: 3 
18566 9 18602 119 F: 3 4 2 
18628 6 18646 172 F: 6 
18780 10 18790 239 F: 10 
18897 12 18921 120 F: 12 
18983 11 18994 185 F: 7 4 
19027 6 19051 296 F: 5 1 
19194 9 19212 200 F: 5 4 
19269 13 19282 19 F: 13 
19324 4 19332 196 F: 4 
19401 8 19417 299 F: 8 
19514 8 19530 197 F: 8 
19699 2 19705 42 F: 2 
19774 6 19792 231 F: 4 1 1 
19875 8 19891 141 F: 4 4 
19943 4 19959 92 F: 4 
20074 4 20078 140 F: 4 
20160 6 20178 220 F: 2 4 
20240 11 20251 277 F: 7 4 
20395 7 20416 75 F: 2 2 3 
20410 9 20419 208 F: 9 
20570 2 20578 194 F: 2 
20620 6 20644 12 F: 5 1 
20794 5 20804 163 F: 3 1 1 
20818 11 20862 131 F: 11 
20998 4 21010 124 F: 4 
21087 11 21120 198 F: 11 
21168 9 21186 85 F: 9 
21281 5 21301 236 F: 2 1 2 
21308 11 21352 22 F: 6 5 
21413 9 21422 168 F: 9 
21520 11 21542 87 F: 5 2 4 
21609 10 21619 54 F: 10 
21723 11 21756 55 F: 5 4 2 
21814 8 21838 256 F: 8 
21961 5 21966 270 F: 2 2 1 
22018 6 22024 203 F: 3 1 2 
22107 9 22125 181 F: 5 4 
22231 5 22241 287 F: 4 1 
22307 10 22327 16 F: 4 3 3 
22431 7 22445 92 F: 7 
22519 6 22525 276 F: 4 2 
22601 7 22622 284 F: 3 1 3 
22732 10 22772 287 F: 5 2 3 
22871 10 22901 24 F: 6 4 
22990 6 23002 1 F: 5 1 
23012 6 23036 69 F: 3 3 
23199 6 23211 205 F: 6 
23283 5 23303 198 F: 4 1 
23383 6 23407 41 F: 3 3 
23465 6 23489 210 F: 4 2 
23596 4 23604 145 F: 2 2 
23606 8 23630 185 F: 2 6 
23732 8 23756 63 F: 4 2 2 
23893 6 23917 255 F: 6 
23933 3 23939 124 F: 3 
24020 10 24060 78 F: 10 
24142 11 24186 167 F: 11 
24278 8 24286 77 F: 2 6 
24346 7 24360 276 F: 7 
24422 9 24449 173 F: 4 1 4 
24590 12 24626 256 F: 12 
24672 4 24688 268 F: 4 
24737 4 24753 132 F: 4 
24840 3 24852 76 F: 3 
24947 8 24979 52 F: 3 4 1 
25031 8 25055 276 F: 3 4 1 
25159 11 25170 77 F: 11 
25209 9 25245 233 F: 4 5 
25313 2 25315 131 F: 2 
25446 4 25450 149 F: 4 
25505 7 25526 108 F: 2 1 4 
25600 8 25608 226 F: 5 1 2 
25723 8 25747 10 F: 2 4 2 
25814 7 25821 15 F: 5 2 
25979 6 25997 199 F: 2 4 
26077 5 26087 231 F: 5 
26149 11 26171 245 F: 11 
26266 6 26272 221 F: 3 1 2 
26327 12 26339 69 F: 7 5 
26438 9 26465 300 F: 9 
26524 8 26556 239 F: 2 6 
26649 4 26657 263 F: 2 2 
26794 7 26801 193 F: 5 2 
26816 9 26852 199 F: 7 2 
26918 12 26966 202 F: 12 
27047 6 27059 284 F: 4 2 
27135 11 27157 62 F: 5 6 
27206 8 27230 235 F: 8 
27350 11 27361 298 F: 7 4 
27495 2 27497 280 F: 2 
27526 9 27562 273 F: 4 3 2 
27697 7 27725 278 F: 5 2 
27703 9 27721 108 F: 3 4 2 
27890 11 27934 77 F: 5 6 
27926 10 27956 82 F: 5 1 4 
28084 7 28105 105 F: 5 1 1 
28117 6 28123 52 F: 5 1 
28277 9 28286 16 F: 4 5 
28389 10 28419 271 F: 6 4 
28492 10 28502 268 F: 10 
28557 11 28568 117 F: 7 4 
28645 8 28669 86 F: 2 6 
28753 11 28786 46 F: 5 6 
28802 10 28832 73 F: 10 
28999 9 29026 292 F: 4 5 
29024 9 29060 227 F: 5 3 1 
29158 10 29168 120 F: 6 4 
29221 6 29245 13 F: 5 1 
29316 8 29348 87 F: 3 5 
29421 11 29454 237 F: 4 4 3 
29590 10 29620 224 F: 7 3 
29654 6 29672 99 F: 2 2 2 
29720 12 29732 285 F: 12 
29875 12 29911 261 F: 7 5 
29936 6 29954 236 F: 3 1 2 
D: 5 260 
D: 11 29 
D: 17 141 
D: 18 43 
D: 20 122 
D: 21 108 
D: 26 105 
D: 38 190 
D: 45 243 
D: 50 129 
D: 56 249 
D: 57 90 
D: 74 286 
D: 83 265 
D: 87 236 
D: 91 106 
D: 95 239 
D: 98 115 
D: 105 187 
D: 108 276 
D: 117 119 
D: 118 266 
D: 145 265 
D: 164 232 
D: 186 297 
D: 188 234 
D: 192 255 
D: 221 255 
D: 230 249 
D: 230 272 
