27 8 43 181 F: 4 3 1 
172 10 202 57 F: 5 1 4 
248 11 281 245 F: 4 3 4 
322 11 333 268 F: 11 
465 6 489 49 F: 5 1 
541 3 550 270 F: 3 
609 13 648 115 F: 13 
751 6 757 235 F: 2 4 
896 5 901 142 F: 2 3 
968 4 984 16 F: 2 2 
1016 9 1025 293 F: 9 
1155 10 1185 269 F: 2 4 4 
1249 13 1301 141 F: 13 
1324 8 1340 295 F: 4 4 
1416 8 1432 184 F: 2 3 3 
1585 9 1621 53 F: 9 
1633 11 1677 218 F: 11 
1776 11 1798 291 F: 11 
1870 6 1894 246 F: 4 1 1 
1955 8 1971 63 F: 2 6 
2078 11 2100 123 F: 5 2 4 
2197 9 2206 189 F: 5 3 1 
2281 9 2299 164 F: 4 2 3 
2333 8 2365 26 F: 4 2 2 
2437 6 2449 231 F: 3 3 
2599 9 2635 259 F: 9 
2655 8 2671 53 F: 2 2 4 
2785 13 2824 197 F: 7 6 
2849 10 2889 209 F: 4 2 4 
2987 8 3019 52 F: 3 4 1 
3037 9 3073 144 F: 3 2 4 
3121 9 3148 92 F: 4 4 1 
3261 7 3268 207 F: 3 3 1 
3372 7 3393 177 F: 2 5 
3481 4 3489 219 F: 2 2 
3592 6 3598 274 F: 5 1 
3654 7 3661 272 F: 7 
3721 13 3734 110 F: 13 
3854 4 3862 246 F: 4 
3917 8 3941 134 F: 6 2 
4079 5 4084 190 F: 3 1 1 
4132 3 4138 14 F: 3 
4261 5 4271 1 F: 3 2 
4343 12 4391 3 F: 5 4 3 
4490 3 4493 77 F: 3 
4504 7 4511 38 F: 2 4 1 
4676 9 4703 99 F: 6 3 
4756 12 4804 283 F: 7 5 
4872 5 4877 224 F: 5 
4968 9 4977 37 F: 4 3 2 
5028 12 5076 118 F: 7 5 
5119 7 5147 286 F: 3 3 1 
5204 2 5210 256 F: 2 
5320 5 5335 296 F: 3 2 
5437 9 5464 251 F: 5 1 3 
5575 12 5623 76 F: 12 
5674 3 5677 235 F: 3 
5722 6 5734 280 F: 4 1 1 
5818 6 5824 64 F: 2 4 
5987 9 6014 202 F: 5 4 
6097 7 6111 152 F: 7 
6180 10 6220 143 F: 10 
6244 4 6256 108 F: 2 2 
6364 7 6371 267 F: 3 4 
6456 9 6483 239 F: 2 4 3 
6540 4 6552 288 F: 2 2 
6633 11 6666 260 F: 4 3 4 
6751 12 6763 139 F: 6 6 
6878 8 6886 9 F: 3 1 4 
6923 10 6943 82 F: 5 5 
7095 8 7103 224 F: 8 
7159 8 7183 49 F: 4 4 
7248 7 7269 144 F: 4 2 1 
7387 8 7411 231 F: 2 6 
7427 12 7439 80 F: 6 6 
7573 8 7581 135 F: 3 3 2 
7618 5 7623 165 F: 2 1 2 
7732 13 7784 287 F: 5 4 4 
7812 6 7818 214 F: 3 3 
7970 5 7980 296 F: 5 
8069 5 8074 6 F: 5 
8138 12 8186 188 F: 5 4 3 
8233 10 8263 57 F: 10 
8350 5 8360 277 F: 5 
8404 10 8434 38 F: 10 
8505 10 8515 171 F: 4 2 4 
8635 12 8659 290 F: 12 
8780 8 8804 100 F: 5 3 
8890 9 8917 190 F: 5 3 1 
8930 9 8939 125 F: 2 4 3 
9047 9 9065 162 F: 9 
9165 7 9172 143 F: 2 3 2 
9252 6 9258 108 F: 4 2 
9364 7 9378 208 F: 7 
9401 7 9429 68 F: 4 3 
9553 7 9574 204 F: 6 1 
9604 8 9628 269 F: 8 
9757 2 9761 169 F: 2 
9835 6 9853 262 F: 6 
9960 5 9975 254 F: 4 1 
10042 5 10052 162 F: 5 
10194 7 10215 95 F: 2 3 2 
10272 12 10320 100 F: 6 6 
10391 9 10409 123 F: 9 
10441 2 10445 86 F: 2 
10541 8 10557 217 F: 8 
10685 8 10701 175 F: 3 1 4 
10795 10 10805 160 F: 4 6 
10878 5 10888 168 F: 5 
10966 11 10999 204 F: 4 3 4 
11022 11 11066 267 F: 5 6 
11101 5 11121 38 F: 5 
11254 13 11306 212 F: 13 
11318 10 11338 296 F: 2 4 4 
11490 13 11516 6 F: 7 6 
11584 11 11628 159 F: 7 4 
11658 10 11688 57 F: 10 
11763 7 11770 142 F: 2 4 1 
11826 8 11850 191 F: 5 3 
11951 6 11963 131 F: 6 
12083 4 12099 237 F: 3 1 
12134 8 12142 250 F: 2 6 
12247 4 12251 37 F: 3 1 
12303 8 12311 51 F: 8 
12461 12 12509 70 F: 12 
12511 2 12519 266 F: 2 
12606 13 12632 97 F: 7 6 
12720 10 12750 218 F: 10 
12861 8 12869 110 F: 5 1 2 
12943 9 12952 281 F: 5 2 2 
13044 3 13050 118 F: 3 
13167 4 13183 184 F: 3 1 
13297 10 13327 43 F: 2 4 4 
13330 10 13350 256 F: 10 
13492 6 13498 263 F: 6 
13593 3 13602 190 F: 3 
13695 11 13728 81 F: 5 6 
13730 10 13770 41 F: 10 
13864 6 13888 26 F: 3 3 
13979 8 13987 233 F: 6 2 
14069 10 14079 207 F: 5 5 
14157 4 14161 63 F: 4 
14229 6 14241 189 F: 3 3 
14357 11 14379 100 F: 4 4 3 
14452 8 14484 205 F: 8 
14537 7 14544 10 F: 2 5 
14603 11 14614 291 F: 3 4 4 
14714 9 14750 279 F: 4 5 
14836 8 14852 130 F: 2 3 3 
14939 4 14947 299 F: 4 
15009 10 15019 232 F: 4 3 3 
15187 6 15193 116 F: 6 
15242 10 15262 76 F: 7 3 
15321 12 15333 178 F: 5 3 4 
15449 4 15453 177 F: 2 1 1 
15525 6 15549 73 F: 6 
15642 3 15645 8 F: 3 
15756 10 15776 76 F: 5 4 1 
15821 10 15851 175 F: 7 3 
15990 10 16030 239 F: 7 3 
16077 10 16107 259 F: 4 4 2 
16151 11 16184 277 F: 5 4 2 
16271 4 16275 25 F: 4 
16395 5 16405 36 F: 3 2 
16418 8 16442 103 F: 6 2 
16567 10 16587 74 F: 3 3 4 
16624 7 16652 21 F: 3 1 3 
16745 3 16751 158 F: 2 1 
16828 2 16834 130 F: 2 
16917 11 16939 120 F: 6 5 
17074 11 17118 110 F: 5 3 3 
17105 8 17137 225 F: 2 4 2 
17282 2 17288 242 F: 2 
17352 11 17396 24 F: 5 2 4 
17424 8 17432 37 F: 4 4 
17520 11 17553 258 F: 6 5 
17647 8 17671 221 F: 5 1 2 
17786 8 17818 240 F: 8 
17801 5 17806 275 F: 5 
17925 10 17935 277 F: 10 
18007 5 18027 92 F: 5 
18184 13 18236 115 F: 13 
18207 8 18215 98 F: 4 4 
18379 9 18406 37 F: 5 1 3 
18427 2 18435 273 F: 2 
18518 7 18525 136 F: 5 1 1 
18616 2 18622 139 F: 2 
18701 6 18707 168 F: 2 3 1 
18888 13 18914 253 F: 13 
18979 8 18987 275 F: 4 1 3 
19054 5 19059 100 F: 2 2 1 
19131 13 19170 5 F: 13 
19273 2 19275 284 F: 2 
19323 8 19339 72 F: 5 1 2 
19441 5 19461 293 F: 3 1 1 
19546 4 19550 294 F: 4 
19645 4 19657 68 F: 2 2 
19734 4 19742 122 F: 2 2 
19889 5 19909 229 F: 5 
19966 6 19984 132 F: 2 2 2 
20056 13 20082 139 F: 7 6 
20157 7 20164 131 F: 7 
20273 4 20277 75 F: 4 
20361 10 20391 36 F: 10 
20404 12 20452 230 F: 7 5 
20535 10 20575 106 F: 7 3 
20665 5 20675 79 F: 3 2 
20782 6 20794 22 F: 6 
20894 8 20926 172 F: 4 4 
20988 7 21016 216 F: 3 2 2 
21029 8 21061 88 F: 3 1 4 
21146 4 21158 98 F: 4 
21226 7 21247 30 F: 2 2 3 
21396 13 21409 295 F: 13 
21493 9 21502 264 F: 4 5 
21585 5 21590 258 F: 4 1 
21681 4 21685 12 F: 4 
21798 6 21804 20 F: 4 2 
21809 10 21829 151 F: 10 
21904 12 21916 195 F: 7 5 
22096 3 22108 198 F: 3 
22194 6 22218 298 F: 3 2 1 
22270 6 22294 165 F: 3 3 
22375 9 22393 153 F: 3 3 3 
22463 10 22493 193 F: 10 
22531 12 22579 58 F: 7 5 
22612 8 22620 7 F: 5 1 2 
22796 8 22820 64 F: 4 2 2 
22815 8 22823 123 F: 4 3 1 
22931 3 22934 277 F: 3 
23096 3 23099 214 F: 3 
23194 7 23201 183 F: 2 5 
23216 10 23246 279 F: 4 3 3 
23339 10 23349 73 F: 10 
23443 6 23449 124 F: 2 1 3 
23541 9 23550 87 F: 2 3 4 
23638 11 23671 287 F: 11 
23754 6 23772 43 F: 6 
23857 7 23871 115 F: 2 5 
23975 10 24005 189 F: 4 6 
24011 10 24021 98 F: 5 3 2 
24120 9 24147 237 F: 3 6 
24268 7 24296 6 F: 2 1 4 
24391 11 24424 95 F: 11 
24429 9 24465 258 F: 9 
24557 9 24593 58 F: 3 6 
24646 8 24662 228 F: 4 4 
24735 5 24740 204 F: 5 
24832 6 24850 150 F: 4 1 1 
24922 8 24930 299 F: 8 
25040 8 25064 206 F: 7 1 
25180 10 25210 41 F: 10 
25234 10 25254 275 F: 10 
25311 9 25347 194 F: 5 3 1 
25416 11 25438 132 F: 6 5 
25569 5 25589 218 F: 5 
25679 10 25689 102 F: 4 4 2 
25783 5 25788 258 F: 3 2 
25805 8 25813 273 F: 5 3 
25941 9 25959 161 F: 4 1 4 
26043 13 26095 272 F: 7 6 
26189 7 26217 236 F: 7 
26230 8 26254 4 F: 8 
26305 7 26319 5 F: 2 5 
26495 8 26503 115 F: 8 
26586 8 26602 253 F: 2 6 
26636 11 26658 194 F: 6 5 
26703 5 26723 100 F: 5 
26830 8 26846 123 F: 8 
26948 11 26992 198 F: 11 
27031 8 27063 228 F: 8 
27146 11 27179 231 F: 4 3 4 
27211 2 27219 24 F: 2 
27397 7 27418 150 F: 4 2 1 
27438 5 27448 210 F: 5 
27501 12 27537 196 F: 12 
27614 9 27623 37 F: 4 5 
27746 11 27768 8 F: 11 
27864 8 27880 254 F: 5 3 
27911 8 27943 35 F: 4 2 2 
28051 6 28069 2 F: 4 1 1 
28191 12 28227 203 F: 6 6 
28221 7 28249 78 F: 7 
28361 6 28367 281 F: 3 3 
28447 12 28459 263 F: 5 4 3 
28535 10 28555 148 F: 4 6 
28643 8 28667 38 F: 2 2 4 
28727 11 28749 219 F: 11 
28898 3 28907 283 F: 2 1 
28938 10 28978 137 F: 10 
29069 12 29081 174 F: 6 6 
29109 11 29131 43 F: 11 
29249 8 29257 98 F: 4 4 
29323 9 29359 242 F: 4 5 
29443 8 29467 62 F: 2 6 
29566 12 29614 26 F: 7 5 
29601 13 29640 261 F: 13 
29728 13 29741 274 F: 5 4 4 
29846 9 29855 140 F: 2 4 3 
29975 9 29984 42 F: 6 3 
D: 6 172 
D: 7 151 
D: 9 42 
D: 9 105 
D: 12 157 
D: 21 135 
D: 23 73 
D: 25 58 
D: 38 100 
D: 51 282 
D: 58 110 
D: 63 188 
D: 68 128 
D: 69 278 
D: 77 196 
D: 78 126 
D: 79 121 
D: 87 148 
D: 90 271 
D: 92 136 
D: 92 235 
D: 108 159 
D: 133 219 
D: 135 289 
D: 165 281 
D: 184 265 
D: 221 233 
D: 227 256 
D: 250 269 
D: 259 278 
