79 8 87 129 F: 3 2 3 
101 7 115 101 F: 3 4 
294 8 318 20 F: 5 3 
383 6 395 157 F: 2 3 1 
482 5 502 48 F: 4 1 
583 6 601 46 F: 3 1 2 
678 9 705 208 F: 5 4 
735 10 755 171 F: 6 4 
891 7 919 143 F: 3 3 1 
926 10 946 69 F: 5 5 
1014 10 1024 176 F: 4 3 3 
1170 12 1218 268 F: 12 
1257 10 1277 83 F: 5 3 2 
1358 6 1364 300 F: 5 1 
1436 8 1468 226 F: 4 3 1 
1555 10 1575 45 F: 4 4 2 
1670 9 1688 35 F: 9 
1721 10 1741 197 F: 4 6 
1898 11 1931 294 F: 5 3 3 
1936 13 1975 3 F: 13 
2032 7 2046 47 F: 2 5 
2120 6 2144 86 F: 6 
2219 10 2249 79 F: 7 3 
2300 9 2327 73 F: 7 2 
2418 9 2445 121 F: 3 2 4 
2563 13 2576 19 F: 13 
2662 13 2701 178 F: 13 
2785 9 2812 172 F: 3 3 3 
2853 9 2880 116 F: 3 6 
2952 11 2963 137 F: 4 3 4 
3068 6 3080 93 F: 6 
3182 4 3198 243 F: 4 
3233 7 3254 97 F: 7 
3351 4 3355 268 F: 4 
3466 9 3475 35 F: 7 2 
3514 5 3529 132 F: 5 
3605 6 3629 81 F: 6 
3756 8 3780 175 F: 6 2 
3820 7 3848 163 F: 7 
3959 5 3979 140 F: 2 1 2 
4051 10 4081 165 F: 6 4 
4172 8 4196 118 F: 3 4 1 
4280 9 4298 140 F: 9 
4334 6 4358 161 F: 4 1 1 
4467 8 4475 234 F: 2 6 
4556 13 4608 262 F: 5 4 4 
4680 12 4692 115 F: 4 4 4 
4709 6 4715 197 F: 6 
4806 8 4822 255 F: 6 2 
4967 2 4971 285 F: 2 
5064 4 5068 17 F: 4 
5158 7 5165 10 F: 5 2 
5226 8 5258 98 F: 3 2 3 
5383 5 5398 241 F: 5 
5450 5 5465 124 F: 2 1 2 
5596 9 5632 26 F: 4 4 1 
5688 12 5700 235 F: 12 
5740 7 5754 256 F: 3 3 1 
5878 10 5888 277 F: 7 3 
5923 8 5931 224 F: 6 2 
6043 11 6054 266 F: 6 5 
6130 9 6157 262 F: 4 3 2 
6208 11 6230 166 F: 5 3 3 
6331 8 6363 93 F: 5 2 1 
6472 4 6484 36 F: 4 
6589 12 6625 273 F: 5 3 4 
6644 11 6666 238 F: 7 4 
6760 13 6799 288 F: 13 
6878 11 6922 91 F: 11 
6967 12 6979 43 F: 12 
7037 8 7045 149 F: 4 3 1 
7163 7 7191 100 F: 5 2 
7220 11 7264 272 F: 5 6 
7331 7 7359 186 F: 7 
7451 12 7487 79 F: 12 
7523 10 7543 75 F: 3 3 4 
7634 2 7642 221 F: 2 
7720 9 7747 41 F: 4 3 2 
7826 10 7836 5 F: 2 4 4 
7924 9 7951 178 F: 2 4 3 
8044 12 8056 69 F: 5 3 4 
8118 9 8145 241 F: 3 3 3 
8295 10 8305 10 F: 5 3 2 
8334 8 8358 201 F: 6 2 
8477 12 8525 25 F: 12 
8567 10 8607 143 F: 4 4 2 
8668 8 8676 53 F: 4 3 1 
8789 5 8799 240 F: 3 2 
8822 6 8828 148 F: 6 
8918 6 8924 149 F: 2 4 
9003 7 9024 125 F: 2 1 4 
9102 5 9122 37 F: 5 
9211 11 9255 27 F: 11 
9301 7 9329 97 F: 7 
9454 2 9456 64 F: 2 
9562 6 9580 49 F: 2 4 
9648 3 9657 159 F: 2 1 
9710 11 9721 146 F: 11 
9841 8 9849 90 F: 5 2 1 
9902 4 9918 253 F: 4 
10024 9 10042 185 F: 4 2 3 
10110 8 10134 91 F: 3 4 1 
10298 8 10306 274 F: 5 3 
10342 8 10366 242 F: 3 4 1 
10410 3 10416 250 F: 3 
10529 6 10547 277 F: 6 
10690 6 10714 268 F: 6 
10735 4 10743 198 F: 4 
10884 10 10914 281 F: 3 3 4 
10983 10 11023 62 F: 7 3 
11081 7 11095 98 F: 4 1 2 
11189 10 11229 74 F: 4 6 
11272 10 11312 174 F: 5 1 4 
11393 11 11415 193 F: 5 2 4 
11424 8 11448 88 F: 3 3 2 
11516 12 11552 168 F: 6 6 
11652 10 11662 209 F: 5 5 
11754 9 11790 279 F: 5 3 1 
11880 5 11890 274 F: 5 
11991 5 11996 148 F: 4 1 
12080 7 12101 110 F: 2 1 4 
12161 8 12193 17 F: 4 3 1 
12262 5 12267 37 F: 3 2 
12321 10 12331 83 F: 2 4 4 
12495 9 12522 168 F: 3 4 2 
12594 12 12630 192 F: 12 
12689 12 12725 255 F: 12 
12766 9 12784 25 F: 7 2 
12839 7 12853 162 F: 4 2 1 
12959 9 12986 295 F: 5 3 1 
13002 8 13026 1 F: 3 3 2 
13166 8 13190 144 F: 2 2 4 
13280 8 13288 134 F: 2 6 
13304 10 13344 246 F: 7 3 
13481 6 13487 71 F: 4 2 
13585 7 13592 269 F: 3 4 
13687 2 13693 277 F: 2 
13702 5 13722 275 F: 5 
13821 11 13832 261 F: 3 4 4 
13908 9 13944 297 F: 4 5 
14009 2 14011 74 F: 2 
14198 7 14205 211 F: 7 
14257 12 14269 176 F: 7 5 
14365 8 14381 289 F: 7 1 
14493 9 14520 84 F: 4 5 
14508 5 14528 140 F: 2 2 1 
14614 7 14635 84 F: 2 1 4 
14715 6 14721 226 F: 4 1 1 
14822 12 14858 127 F: 12 
14915 7 14922 68 F: 7 
15018 3 15024 72 F: 3 
15100 9 15127 107 F: 5 4 
15222 8 15246 294 F: 4 4 
15392 6 15404 287 F: 2 1 3 
15406 10 15436 29 F: 4 4 2 
15586 12 15598 77 F: 12 
15664 13 15677 226 F: 7 6 
15703 10 15743 201 F: 2 4 4 
15820 5 15825 181 F: 2 3 
15920 9 15938 88 F: 5 2 2 
16067 10 16097 59 F: 3 3 4 
16104 13 16117 300 F: 13 
16281 5 16301 176 F: 5 
16313 5 16328 163 F: 5 
16482 10 16512 219 F: 3 4 3 
16532 8 16556 265 F: 3 4 1 
16614 3 16620 220 F: 3 
16723 7 16737 184 F: 3 4 
16811 9 16820 204 F: 9 
16957 7 16985 124 F: 5 1 1 
17018 9 17027 279 F: 3 4 2 
17179 7 17200 216 F: 4 2 1 
17236 8 17252 147 F: 8 
17308 6 17332 47 F: 3 2 1 
17467 11 17489 254 F: 5 2 4 
17542 7 17549 7 F: 5 1 1 
17626 6 17644 50 F: 4 2 
17735 11 17757 236 F: 5 4 2 
17864 12 17888 204 F: 12 
17972 8 18004 24 F: 8 
18078 9 18105 171 F: 4 3 2 
18136 6 18142 101 F: 6 
18261 9 18270 12 F: 9 
18384 10 18424 201 F: 10 
18489 13 18502 101 F: 13 
18540 7 18554 83 F: 2 4 1 
18643 7 18664 159 F: 3 1 3 
18784 13 18810 54 F: 7 6 
18875 9 18884 118 F: 4 3 2 
18932 6 18950 111 F: 4 2 
19087 8 19103 284 F: 7 1 
19196 10 19216 255 F: 2 4 4 
19246 7 19253 288 F: 2 2 3 
19332 9 19368 270 F: 6 3 
19477 8 19501 65 F: 2 4 2 
19577 9 19595 134 F: 9 
19606 5 19626 106 F: 2 1 2 
19773 6 19785 149 F: 2 1 3 
19894 6 19900 24 F: 6 
19954 7 19982 252 F: 3 4 
20097 4 20113 255 F: 4 
20117 11 20139 82 F: 11 
20277 3 20280 101 F: 3 
20324 10 20364 7 F: 5 1 4 
20437 8 20469 295 F: 3 5 
20556 5 20576 296 F: 2 3 
20648 13 20700 166 F: 13 
20790 10 20830 18 F: 3 3 4 
20889 12 20913 57 F: 12 
20917 9 20944 132 F: 5 4 
21013 8 21045 110 F: 2 2 4 
21116 6 21128 138 F: 2 4 
21269 5 21284 147 F: 3 2 
21380 8 21396 292 F: 3 5 
21450 3 21456 199 F: 3 
21583 11 21627 279 F: 11 
21641 7 21655 97 F: 3 1 3 
21755 8 21763 82 F: 5 2 1 
21858 5 21863 284 F: 3 2 
21956 8 21972 268 F: 3 3 2 
22043 9 22061 165 F: 5 3 1 
22118 8 22134 204 F: 3 5 
22290 6 22296 8 F: 5 1 
22325 9 22343 113 F: 4 1 4 
22401 10 22431 83 F: 3 4 3 
22591 6 22615 87 F: 2 4 
22607 10 22627 299 F: 10 
22772 8 22796 10 F: 2 6 
22847 9 22856 72 F: 2 4 3 
22940 5 22955 222 F: 4 1 
23083 11 23094 234 F: 11 
23139 7 23167 48 F: 2 2 3 
23252 3 23264 220 F: 3 
23397 8 23405 130 F: 3 5 
23409 6 23415 259 F: 4 2 
23532 9 23568 53 F: 4 5 
23676 7 23697 184 F: 5 1 1 
23786 4 23802 217 F: 4 
23829 9 23865 261 F: 3 3 3 
23967 8 23975 148 F: 6 2 
24062 10 24082 179 F: 6 4 
24113 9 24140 82 F: 4 3 2 
24261 13 24287 189 F: 13 
24361 11 24383 62 F: 11 
24492 11 24536 281 F: 11 
24546 10 24566 12 F: 5 5 
24622 12 24646 41 F: 12 
24762 9 24771 20 F: 9 
24842 9 24851 218 F: 9 
24919 7 24947 267 F: 2 3 2 
25037 13 25089 171 F: 13 
25105 4 25109 246 F: 2 2 
25262 7 25290 275 F: 7 
25301 11 25312 171 F: 7 4 
25423 3 25432 282 F: 3 
25572 7 25600 117 F: 2 5 
25685 3 25688 197 F: 3 
25735 7 25763 271 F: 7 
25877 13 25929 54 F: 13 
25959 6 25965 278 F: 2 2 2 
26061 8 26069 8 F: 4 3 1 
26118 6 26130 144 F: 2 3 1 
26251 7 26279 285 F: 3 2 2 
26393 12 26441 64 F: 6 6 
26403 7 26424 23 F: 5 2 
26540 11 26551 214 F: 7 4 
26677 7 26705 286 F: 7 
26701 6 26713 80 F: 2 4 
26863 2 26871 290 F: 2 
26994 13 27033 279 F: 13 
27025 7 27032 58 F: 7 
27156 8 27188 182 F: 5 2 1 
27218 8 27250 44 F: 3 3 2 
27373 4 27385 5 F: 2 1 1 
27481 5 27486 297 F: 2 3 
27571 8 27587 12 F: 4 4 
27601 10 27631 160 F: 6 4 
27712 9 27730 13 F: 4 1 4 
27860 11 27904 7 F: 11 
27996 10 28006 5 F: 3 3 4 
28083 8 28115 37 F: 2 3 3 
28140 9 28149 47 F: 5 4 
28230 7 28258 269 F: 4 3 
28319 6 28343 180 F: 5 1 
28486 6 28498 26 F: 5 1 
28538 9 28574 77 F: 4 1 4 
28680 11 28702 281 F: 7 4 
28728 9 28755 51 F: 2 4 3 
28835 10 28845 208 F: 4 2 4 
28935 13 28948 232 F: 13 
29021 4 29037 102 F: 4 
29132 4 29136 105 F: 3 1 
29271 3 29283 216 F: 3 
29337 13 29363 211 F: 13 
29423 10 29453 158 F: 3 4 3 
29557 10 29587 277 F: 5 2 3 
29659 6 29665 92 F: 4 2 
29798 7 29812 44 F: 5 2 
29835 5 29840 77 F: 5 
29925 9 29952 15 F: 3 2 4 
D: 10 277 
D: 13 254 
D: 14 83 
D: 46 53 
D: 46 60 
D: 47 167 
D: 64 109 
D: 71 213 
D: 74 131 
D: 78 208 
D: 80 178 
D: 94 226 
D: 97 224 
D: 101 184 
D: 104 288 
D: 106 111 
D: 108 110 
D: 108 193 
D: 113 171 
D: 123 206 
D: 142 228 
D: 143 223 
D: 155 233 
D: 159 283 
D: 161 272 
D: 163 165 
D: 186 228 
D: 194 284 
D: 202 252 
D: 244 280 
