47 10 77 278 F: 4 6 
134 5 144 180 F: 2 2 1 
235 11 279 142 F: 7 4 
389 7 417 190 F: 5 2 
414 11 447 271 F: 5 3 3 
500 7 507 202 F: 3 4 
693 10 733 232 F: 10 
751 10 771 169 F: 10 
875 9 884 228 F: 2 4 3 
944 3 950 82 F: 3 
1012 8 1020 103 F: 8 
1160 6 1178 188 F: 2 1 3 
1219 13 1245 18 F: 7 6 
1372 9 1408 277 F: 2 4 3 
1473 5 1493 257 F: 5 
1523 5 1543 225 F: 5 
1610 6 1622 286 F: 5 1 
1796 5 1806 246 F: 5 
1849 8 1881 269 F: 3 5 
1912 6 1924 281 F: 2 3 1 
2010 13 2062 130 F: 13 
2159 8 2175 210 F: 2 2 4 
2204 6 2216 8 F: 6 
2342 5 2357 164 F: 2 3 
2460 7 2467 211 F: 5 2 
2546 7 2553 113 F: 2 1 4 
2617 10 2647 299 F: 5 3 2 
2700 12 2724 213 F: 12 
2810 10 2850 251 F: 5 2 3 
2959 10 2969 122 F: 3 3 4 
3052 7 3066 182 F: 2 2 3 
3158 9 3176 95 F: 9 
3239 9 3266 52 F: 3 6 
3344 6 3356 239 F: 3 3 
3409 4 3421 176 F: 4 
3575 10 3585 291 F: 5 4 1 
3679 13 3692 73 F: 7 6 
3734 2 3740 9 F: 2 
3861 10 3871 280 F: 10 
3945 9 3972 165 F: 7 2 
4076 10 4086 239 F: 6 4 
4104 10 4124 120 F: 5 4 1 
4288 12 4300 242 F: 12 
4318 6 4336 123 F: 3 1 2 
4426 7 4447 7 F: 4 3 
4570 5 4590 215 F: 4 1 
4668 9 4704 18 F: 2 3 4 
4730 7 4737 85 F: 4 3 
4835 8 4851 134 F: 5 3 
4920 10 4950 170 F: 5 4 1 
5054 8 5086 182 F: 2 3 3 
5143 8 5159 1 F: 8 
5219 8 5251 184 F: 8 
5310 11 5354 106 F: 5 2 4 
5422 5 5442 111 F: 3 1 1 
5516 10 5526 38 F: 6 4 
5691 9 5700 203 F: 3 6 
5729 13 5742 74 F: 7 6 
5839 13 5891 127 F: 13 
5911 11 5922 261 F: 11 
6045 10 6065 99 F: 2 4 4 
6163 6 6175 257 F: 3 3 
6264 10 6284 131 F: 10 
6360 13 6386 236 F: 13 
6462 5 6467 75 F: 5 
6561 8 6593 78 F: 8 
6607 2 6609 111 F: 2 
6798 10 6808 5 F: 6 4 
6893 5 6908 136 F: 5 
6911 9 6947 157 F: 4 2 3 
7004 5 7019 93 F: 2 3 
7182 11 7193 197 F: 6 5 
7236 9 7245 278 F: 9 
7392 11 7403 183 F: 4 3 4 
7422 4 7430 179 F: 2 2 
7567 5 7577 126 F: 3 2 
7614 7 7628 78 F: 5 1 1 
7792 6 7816 35 F: 3 2 1 
7873 9 7909 259 F: 4 3 2 
7984 10 8014 300 F: 2 4 4 
8006 5 8011 172 F: 4 1 
8115 11 8159 219 F: 6 5 
8234 8 8250 194 F: 5 3 
8346 9 8355 142 F: 9 
8478 7 8492 218 F: 7 
8518 8 8526 140 F: 4 2 2 
8665 11 8709 181 F: 6 5 
8739 9 8757 45 F: 2 3 4 
8884 6 8890 232 F: 6 
8996 4 9000 2 F: 4 
9092 9 9110 132 F: 6 3 
9103 9 9121 212 F: 4 3 2 
9205 4 9213 183 F: 4 
9338 8 9354 141 F: 7 1 
9416 5 9431 283 F: 2 3 
9582 10 9592 158 F: 6 4 
9618 3 9624 156 F: 3 
9769 11 9813 55 F: 4 4 3 
9838 8 9870 69 F: 2 4 2 
9946 12 9982 274 F: 12 
10086 8 10110 236 F: 4 3 1 
10160 8 10184 69 F: 2 4 2 
10253 11 10264 145 F: 5 4 2 
10351 10 10391 211 F: 2 4 4 
10435 7 10456 120 F: 2 5 
10569 6 10581 11 F: 2 1 3 
10681 2 10683 31 F: 2 
10790 6 10814 292 F: 6 
10892 7 10920 234 F: 3 4 
10958 9 10994 222 F: 3 2 4 
11073 8 11097 92 F: 7 1 
11187 11 11209 184 F: 11 
11278 5 11298 101 F: 3 2 
11339 9 11357 35 F: 9 
11460 3 11463 153 F: 3 
11517 10 11547 19 F: 5 1 4 
11642 10 11672 263 F: 7 3 
11785 8 11793 168 F: 4 3 1 
11845 10 11885 30 F: 6 4 
11924 4 11940 275 F: 2 2 
12078 5 12083 271 F: 3 2 
12125 6 12143 83 F: 2 4 
12260 8 12292 190 F: 3 5 
12352 13 12391 19 F: 7 6 
12408 12 12420 45 F: 12 
12551 8 12583 70 F: 6 2 
12642 12 12666 53 F: 6 6 
12721 11 12765 267 F: 11 
12888 6 12912 44 F: 6 
12941 10 12951 59 F: 10 
13029 8 13061 85 F: 5 1 2 
13148 10 13168 60 F: 3 4 3 
13232 9 13268 255 F: 3 4 2 
13380 12 13392 161 F: 7 5 
13444 6 13450 151 F: 6 
13509 6 13533 42 F: 4 2 
13693 10 13733 69 F: 4 2 4 
13764 8 13772 241 F: 3 2 3 
13841 10 13861 43 F: 5 4 1 
13978 5 13998 90 F: 4 1 
14033 6 14051 286 F: 6 
14181 8 14189 239 F: 8 
14237 10 14247 3 F: 10 
14317 13 14356 73 F: 13 
14482 10 14512 182 F: 6 4 
14542 11 14564 234 F: 6 5 
14652 8 14684 235 F: 2 2 4 
14745 7 14766 202 F: 7 
14865 8 14889 37 F: 4 3 1 
14958 6 14976 273 F: 6 
15087 10 15117 195 F: 4 3 3 
15119 8 15127 143 F: 4 4 
15265 8 15289 20 F: 3 5 
15379 7 15407 196 F: 3 4 
15421 6 15427 255 F: 6 
15543 4 15551 171 F: 3 1 
15663 11 15707 273 F: 5 4 2 
15714 8 15746 298 F: 3 4 1 
15880 4 15896 29 F: 4 
15934 2 15940 136 F: 2 
16046 8 16054 165 F: 3 5 
16197 9 16224 17 F: 4 4 1 
16280 8 16296 213 F: 8 
16342 11 16375 41 F: 3 4 4 
16413 11 16457 144 F: 3 4 4 
16576 3 16579 5 F: 2 1 
16656 6 16668 118 F: 2 4 
16791 8 16823 204 F: 3 2 3 
16806 5 16821 156 F: 5 
16974 12 17010 85 F: 5 3 4 
17077 6 17095 287 F: 4 1 1 
17108 10 17118 74 F: 4 6 
17289 12 17325 185 F: 5 3 4 
17323 6 17335 228 F: 4 2 
17416 6 17428 56 F: 4 1 1 
17559 9 17577 130 F: 3 3 3 
17687 11 17698 256 F: 5 4 2 
17770 9 17788 27 F: 5 3 1 
17834 6 17840 162 F: 5 1 
17997 7 18025 267 F: 7 
18066 9 18102 249 F: 4 5 
18182 13 18221 140 F: 7 6 
18263 7 18270 35 F: 7 
18326 4 18330 250 F: 4 
18422 5 18432 223 F: 5 
18564 2 18570 267 F: 2 
18641 7 18662 183 F: 6 1 
18719 2 18725 241 F: 2 
18839 2 18841 67 F: 2 
18913 5 18933 43 F: 5 
19067 11 19089 262 F: 6 5 
19145 3 19148 215 F: 3 
19247 8 19263 62 F: 6 2 
19367 8 19391 221 F: 2 6 
19439 8 19463 186 F: 3 5 
19570 7 19584 234 F: 7 
19618 11 19629 64 F: 5 6 
19735 4 19739 77 F: 3 1 
19877 10 19907 78 F: 10 
19980 7 19994 141 F: 3 3 1 
20091 7 20105 69 F: 2 1 4 
20145 11 20189 134 F: 6 5 
20292 10 20302 243 F: 10 
20361 7 20382 85 F: 6 1 
20492 8 20524 260 F: 5 3 
20523 7 20544 98 F: 3 4 
20644 7 20672 42 F: 7 
20700 7 20707 135 F: 2 5 
20866 11 20899 139 F: 5 3 3 
20958 9 20967 146 F: 4 5 
21046 9 21082 296 F: 7 2 
21169 9 21205 127 F: 5 4 
21219 8 21243 220 F: 8 
21316 7 21323 103 F: 2 5 
21432 5 21447 214 F: 5 
21599 10 21639 277 F: 4 2 4 
21687 8 21711 300 F: 3 5 
21757 6 21775 244 F: 6 
21835 5 21845 252 F: 5 
21952 11 21963 239 F: 5 2 4 
22019 7 22047 98 F: 7 
22156 7 22163 73 F: 3 2 2 
22239 12 22287 25 F: 5 4 3 
22340 11 22351 149 F: 11 
22435 12 22459 130 F: 7 5 
22537 13 22576 56 F: 7 6 
22677 5 22697 24 F: 5 
22751 10 22781 131 F: 4 2 4 
22819 9 22828 295 F: 3 4 2 
22994 8 23026 193 F: 6 2 
23013 8 23045 45 F: 4 3 1 
23139 7 23153 55 F: 4 1 2 
23271 12 23283 41 F: 4 4 4 
23311 6 23317 290 F: 4 2 
23476 2 23482 144 F: 2 
23533 10 23553 146 F: 10 
23667 9 23685 98 F: 3 6 
23739 6 23763 17 F: 6 
23894 10 23904 158 F: 10 
23989 6 24013 250 F: 3 3 
24091 8 24123 129 F: 3 3 2 
24181 8 24213 265 F: 8 
24262 6 24280 17 F: 6 
24342 8 24366 136 F: 2 3 3 
24487 5 24492 46 F: 2 1 2 
24533 3 24545 103 F: 3 
24642 8 24674 148 F: 5 1 2 
24726 10 24736 158 F: 7 3 
24820 9 24847 166 F: 4 4 1 
24930 7 24951 159 F: 3 4 
25068 5 25078 113 F: 3 2 
25177 10 25197 296 F: 4 6 
25254 10 25274 272 F: 10 
25310 3 25322 188 F: 3 
25405 9 25414 20 F: 7 2 
25512 10 25552 229 F: 2 4 4 
25630 9 25666 78 F: 3 3 3 
25755 11 25766 249 F: 11 
25837 7 25865 140 F: 5 1 1 
25961 5 25971 126 F: 5 
26088 6 26112 270 F: 3 3 
26174 9 26183 170 F: 3 4 2 
26219 10 26259 223 F: 2 4 4 
26391 7 26419 74 F: 2 5 
26459 6 26471 220 F: 2 2 2 
26534 7 26562 6 F: 6 1 
26667 3 26679 3 F: 3 
26702 7 26730 141 F: 2 5 
26869 4 26885 94 F: 4 
26979 5 26989 285 F: 5 
27022 9 27040 65 F: 3 2 4 
27172 7 27186 82 F: 4 1 2 
27217 9 27226 122 F: 4 3 2 
27382 7 27410 96 F: 2 4 1 
27498 10 27528 255 F: 10 
27585 8 27593 16 F: 2 2 4 
27699 12 27723 277 F: 12 
27742 4 27750 220 F: 3 1 
27895 8 27911 94 F: 8 
27911 4 27927 140 F: 2 2 
28084 8 28100 217 F: 5 1 2 
28198 7 28205 269 F: 6 1 
28272 7 28286 106 F: 7 
28312 6 28318 100 F: 3 1 2 
28426 8 28458 124 F: 8 
28550 8 28582 211 F: 2 3 3 
28636 3 28648 254 F: 2 1 
28779 7 28807 103 F: 2 3 2 
28875 12 28923 235 F: 7 5 
28976 7 28990 214 F: 6 1 
29039 9 29075 281 F: 9 
29112 13 29138 81 F: 13 
29271 5 29291 177 F: 4 1 
29312 7 29340 282 F: 5 2 
29428 10 29438 125 F: 5 2 3 
29534 6 29552 115 F: 6 
29669 11 29713 132 F: 5 4 2 
29790 9 29799 263 F: 6 3 
29868 2 29874 20 F: 2 
29934 9 29952 154 F: 9 
D: 3 199 
D: 16 138 
D: 17 236 
D: 30 123 
D: 33 255 
D: 37 122 
D: 48 99 
D: 48 163 
D: 49 267 
D: 59 261 
D: 67 245 
D: 80 194 
D: 82 156 
D: 82 187 
D: 88 222 
D: 94 156 
D: 94 164 
D: 106 145 
D: 117 184 
D: 128 238 
D: 130 251 
D: 150 249 
D: 156 225 
D: 168 265 
D: 174 209 
D: 200 252 
D: 215 292 
D: 216 275 
D: 243 279 
D: 245 293 
