3 8 35 233 F: 5 2 1 
161 11 205 47 F: 11 
242 10 272 112 F: 6 4 
368 7 396 261 F: 6 1 
451 7 479 111 F: 7 
531 6 543 45 F: 6 
605 11 616 185 F: 4 3 4 
779 6 797 78 F: 5 1 
882 11 915 195 F: 5 6 
970 11 992 288 F: 6 5 
1044 5 1064 342 F: 5 
1170 9 1197 152 F: 3 6 
1212 9 1248 312 F: 9 
1338 12 1386 207 F: 6 6 
1474 6 1498 325 F: 4 2 
1522 13 1561 334 F: 13 
1625 3 1628 272 F: 3 
1762 6 1786 110 F: 3 1 2 
1816 6 1828 260 F: 6 
1982 7 1996 37 F: 7 
2021 3 2033 160 F: 2 1 
2155 9 2173 69 F: 9 
2213 5 2218 178 F: 5 
2350 13 2389 99 F: 13 
2439 6 2457 346 F: 2 1 3 
2575 5 2585 98 F: 4 1 
2667 5 2682 196 F: 2 2 1 
2795 12 2807 68 F: 6 6 
2824 7 2845 24 F: 2 1 4 
2967 11 3000 43 F: 6 5 
3056 9 3092 82 F: 3 2 4 
3162 3 3168 57 F: 3 
3225 7 3246 193 F: 2 2 3 
3399 13 3451 164 F: 5 4 4 
3481 10 3521 254 F: 5 4 1 
3584 11 3595 21 F: 6 5 
3604 6 3610 51 F: 5 1 
3750 2 3756 174 F: 2 
3806 6 3818 175 F: 4 2 
3939 12 3987 124 F: 4 4 4 
4062 11 4073 34 F: 5 6 
4135 6 4159 211 F: 4 2 
4249 9 4285 331 F: 4 5 
4360 12 4372 323 F: 12 
4461 9 4488 324 F: 4 5 
4522 7 4543 33 F: 3 1 3 
4608 9 4617 70 F: 4 1 4 
4717 10 4737 38 F: 10 
4859 8 4867 50 F: 4 4 
4946 4 4954 188 F: 2 2 
5033 7 5040 183 F: 3 3 1 
5147 8 5155 289 F: 5 1 2 
5295 10 5335 142 F: 5 5 
5396 2 5404 224 F: 2 
5467 10 5507 68 F: 5 1 4 
5536 6 5560 47 F: 5 1 
5611 8 5627 272 F: 8 
5797 13 5836 281 F: 13 
5862 5 5867 291 F: 5 
5931 7 5945 346 F: 6 1 
6070 13 6122 276 F: 13 
6110 9 6146 149 F: 9 
6273 11 6306 256 F: 6 5 
6348 10 6358 347 F: 3 4 3 
6474 2 6482 232 F: 2 
6525 10 6545 235 F: 4 3 3 
6699 8 6715 231 F: 5 3 
6787 10 6797 222 F: 4 3 3 
6899 9 6908 240 F: 3 3 3 
6972 9 7008 181 F: 2 4 3 
7017 6 7023 134 F: 6 
7176 9 7185 97 F: 9 
7284 5 7304 93 F: 5 
7326 9 7353 237 F: 5 4 
7443 8 7467 49 F: 4 3 1 
7566 8 7590 185 F: 5 1 2 
7674 11 7707 28 F: 11 
7730 11 7763 179 F: 3 4 4 
7869 5 7889 166 F: 2 2 1 
7996 8 8020 129 F: 3 5 
8023 9 8032 169 F: 4 2 3 
8159 4 8167 217 F: 2 1 1 
8202 10 8232 227 F: 3 4 3 
8373 8 8381 197 F: 3 4 1 
8440 13 8453 154 F: 13 
8545 12 8581 278 F: 4 4 4 
8662 7 8669 253 F: 5 1 1 
8759 10 8799 178 F: 10 
8836 3 8845 65 F: 2 1 
8962 7 8976 277 F: 4 1 2 
9012 9 9021 306 F: 2 4 3 
9191 2 9193 292 F: 2 
9289 8 9305 105 F: 5 3 
9354 9 9372 19 F: 9 
9438 6 9450 267 F: 2 4 
9548 13 9600 276 F: 13 
9626 11 9637 243 F: 4 3 4 
9781 9 9817 208 F: 7 2 
9895 9 9931 86 F: 6 3 
9945 7 9973 206 F: 6 1 
10059 9 10068 107 F: 5 4 
10185 4 10201 98 F: 4 
10280 3 10283 75 F: 3 
10356 4 10364 131 F: 4 
10483 12 10519 282 F: 12 
10529 6 10535 14 F: 6 
10667 9 10676 144 F: 3 2 4 
10751 7 10765 95 F: 3 1 3 
10804 10 10844 314 F: 7 3 
10983 8 10999 306 F: 2 6 
11056 12 11068 333 F: 6 6 
11158 12 11182 86 F: 5 4 3 
11212 7 11226 246 F: 2 4 1 
11337 8 11345 267 F: 7 1 
11445 12 11457 316 F: 6 6 
11517 12 11553 10 F: 4 4 4 
11608 6 11614 312 F: 6 
11776 5 11781 29 F: 2 1 2 
11854 4 11866 233 F: 3 1 
11918 10 11948 50 F: 4 6 
12024 7 12045 281 F: 2 2 3 
12133 6 12151 239 F: 6 
12275 9 12302 5 F: 3 4 2 
12313 6 12331 348 F: 6 
12432 12 12444 324 F: 12 
12566 8 12590 302 F: 4 4 
12622 11 12644 48 F: 5 4 2 
12793 9 12802 177 F: 9 
12810 13 12836 241 F: 13 
12982 5 12997 211 F: 2 3 
13040 11 13084 134 F: 11 
13107 12 13131 13 F: 12 
13279 5 13294 47 F: 3 2 
13391 9 13400 251 F: 3 6 
13449 9 13467 165 F: 3 2 4 
13544 8 13568 111 F: 8 
13698 8 13722 16 F: 4 4 
13757 10 13797 311 F: 6 4 
13870 9 13897 24 F: 5 4 
13940 12 13952 22 F: 12 
14078 11 14100 251 F: 11 
14134 3 14146 268 F: 3 
14258 10 14288 40 F: 4 3 3 
14309 7 14316 15 F: 5 2 
14486 10 14526 195 F: 5 4 1 
14595 12 14607 257 F: 4 4 4 
14650 7 14671 133 F: 7 
14792 7 14813 85 F: 3 3 1 
14808 6 14820 121 F: 6 
14987 5 15002 116 F: 3 2 
15039 8 15055 316 F: 3 5 
15151 7 15158 107 F: 2 1 4 
15210 7 15238 259 F: 2 1 4 
15307 9 15316 289 F: 6 3 
15478 9 15505 338 F: 3 4 2 
15550 4 15566 35 F: 3 1 
15685 4 15693 272 F: 2 1 1 
15792 12 15816 348 F: 12 
15881 10 15891 251 F: 4 2 4 
15970 7 15998 184 F: 2 2 3 
16090 8 16114 98 F: 5 2 1 
16132 2 16134 60 F: 2 
16242 8 16274 178 F: 8 
16358 11 16380 43 F: 5 2 4 
16473 7 16501 17 F: 4 3 
16501 9 16537 238 F: 5 4 
16688 7 16716 269 F: 7 
16753 6 16777 281 F: 4 2 
16840 4 16848 64 F: 4 
16907 3 16916 132 F: 2 1 
17064 3 17067 148 F: 2 1 
17141 13 17193 177 F: 13 
17214 8 17222 32 F: 5 1 2 
17390 11 17423 87 F: 11 
17416 4 17428 279 F: 3 1 
17506 6 17518 309 F: 6 
17628 7 17656 100 F: 2 3 2 
17784 8 17808 196 F: 2 2 4 
17801 12 17849 238 F: 12 
17916 7 17937 51 F: 7 
18057 9 18084 21 F: 3 3 3 
18158 5 18163 339 F: 2 3 
18254 6 18260 249 F: 6 
18329 4 18341 189 F: 3 1 
18489 6 18495 190 F: 3 1 2 
18527 8 18551 201 F: 3 3 2 
18660 9 18678 249 F: 9 
18748 10 18778 19 F: 4 3 3 
18830 8 18838 120 F: 4 3 1 
18948 11 18970 286 F: 4 3 4 
19060 13 19112 179 F: 13 
19160 5 19165 135 F: 2 3 
19217 10 19237 293 F: 5 5 
19367 10 19407 103 F: 10 
19447 8 19455 144 F: 6 2 
19547 9 19565 104 F: 4 2 3 
19666 11 19710 146 F: 11 
19738 13 19751 34 F: 13 
19853 6 19859 102 F: 5 1 
19982 10 20012 292 F: 10 
20039 7 20046 115 F: 7 
20100 6 20118 60 F: 3 2 1 
20253 7 20260 76 F: 3 2 2 
20342 6 20360 9 F: 2 3 1 
20465 7 20493 164 F: 4 2 1 
20564 9 20573 9 F: 3 4 2 
20676 12 20712 192 F: 5 3 4 
20724 9 20733 43 F: 9 
20887 10 20897 94 F: 3 4 3 
20935 11 20946 172 F: 5 6 
21049 9 21085 211 F: 9 
21189 10 21219 267 F: 5 1 4 
21233 8 21241 90 F: 5 3 
21310 8 21318 41 F: 8 
21495 9 21513 241 F: 9 
21549 8 21565 327 F: 8 
21689 9 21716 117 F: 9 
21753 11 21786 133 F: 7 4 
21840 8 21864 102 F: 2 6 
21970 11 22014 128 F: 7 4 
22022 13 22061 90 F: 13 
22156 8 22164 48 F: 5 1 2 
22272 11 22294 196 F: 6 5 
22376 4 22380 9 F: 2 2 
22450 6 22462 15 F: 3 3 
22513 11 22535 275 F: 7 4 
22655 10 22675 284 F: 5 3 2 
22718 8 22742 37 F: 8 
22855 5 22860 207 F: 3 2 
22982 12 23018 192 F: 6 6 
23010 8 23026 189 F: 7 1 
23102 4 23114 189 F: 4 
23264 9 23291 50 F: 3 6 
23354 13 23367 293 F: 5 4 4 
23454 7 23461 289 F: 7 
23578 3 23590 215 F: 3 
23618 9 23645 137 F: 4 3 2 
23757 11 23779 16 F: 5 6 
23819 10 23839 11 F: 7 3 
23921 3 23927 342 F: 2 1 
24065 8 24073 142 F: 2 2 4 
24144 8 24176 37 F: 4 2 2 
24274 4 24282 37 F: 4 
24378 6 24402 78 F: 6 
24408 7 24436 302 F: 2 4 1 
24598 5 24618 201 F: 2 1 2 
24676 10 24696 110 F: 10 
24799 13 24838 198 F: 13 
24876 13 24902 223 F: 7 6 
24959 6 24977 175 F: 2 1 3 
25080 8 25096 308 F: 4 4 
25110 2 25118 202 F: 2 
25243 5 25263 228 F: 3 1 1 
25396 10 25426 322 F: 10 
25477 5 25487 323 F: 5 
25580 6 25604 293 F: 6 
25658 7 25686 334 F: 7 
25729 7 25736 245 F: 7 
25832 13 25871 230 F: 7 6 
25939 10 25959 228 F: 5 4 1 
26074 9 26101 323 F: 3 4 2 
26159 7 26166 322 F: 3 4 
26200 5 26205 328 F: 4 1 
26374 11 26385 74 F: 11 
26457 10 26487 264 F: 5 1 4 
26517 9 26535 240 F: 5 4 
26642 4 26646 326 F: 4 
26730 8 26746 161 F: 4 4 
26836 3 26845 250 F: 2 1 
26911 12 26923 198 F: 7 5 
27060 7 27067 94 F: 4 2 1 
27192 11 27236 247 F: 11 
27273 11 27295 331 F: 11 
27339 4 27347 157 F: 3 1 
27486 4 27502 329 F: 3 1 
27531 8 27555 197 F: 2 4 2 
27675 9 27711 257 F: 3 6 
27776 13 27828 133 F: 13 
27888 11 27910 138 F: 5 2 4 
27911 7 27932 291 F: 2 2 3 
28089 10 28099 97 F: 10 
28104 5 28114 118 F: 3 2 
28269 8 28285 134 F: 3 5 
28341 5 28361 117 F: 2 3 
28468 8 28476 13 F: 8 
28592 8 28624 86 F: 3 5 
28615 11 28659 216 F: 11 
28703 7 28724 301 F: 4 1 2 
28866 9 28902 226 F: 4 5 
28965 7 28972 296 F: 3 3 1 
29057 8 29089 194 F: 5 1 2 
29100 4 29112 209 F: 4 
29277 10 29317 262 F: 5 3 2 
29365 7 29393 134 F: 5 2 
29419 9 29446 10 F: 9 
29568 13 29607 158 F: 13 
29652 4 29660 164 F: 2 1 1 
29702 8 29710 182 F: 4 4 
29812 4 29816 277 F: 2 1 1 
29949 9 29958 290 F: 6 3 
30075 10 30085 108 F: 5 5 
30125 9 30143 83 F: 4 5 
30268 3 30277 247 F: 3 
30398 6 30416 30 F: 6 
30455 2 30457 88 F: 2 
30545 9 30554 341 F: 7 2 
30607 10 30627 163 F: 7 3 
30714 5 30724 171 F: 2 3 
30862 9 30871 152 F: 5 1 3 
30997 8 31013 238 F: 3 2 3 
31086 7 31107 151 F: 3 4 
31168 9 31186 168 F: 7 2 
31242 13 31281 42 F: 13 
31329 10 31369 184 F: 4 6 
31457 3 31469 172 F: 3 
31564 7 31585 266 F: 2 5 
31651 5 31661 172 F: 2 2 1 
31762 7 31783 153 F: 2 4 1 
31862 12 31886 4 F: 5 3 4 
31932 10 31962 107 F: 6 4 
32063 3 32069 80 F: 2 1 
32142 9 32151 85 F: 6 3 
32227 2 32233 114 F: 2 
32384 6 32390 101 F: 2 4 
32435 11 32479 81 F: 5 4 2 
32571 10 32611 349 F: 4 6 
32695 7 32702 6 F: 5 1 1 
32702 4 32714 143 F: 2 2 
32805 6 32829 82 F: 4 2 
32937 2 32941 334 F: 2 
33042 9 33069 259 F: 4 4 1 
33118 10 33128 179 F: 10 
33246 3 33255 26 F: 3 
33344 6 33356 245 F: 3 2 1 
33430 3 33436 99 F: 2 1 
33588 7 33609 45 F: 2 5 
33623 6 33641 100 F: 4 2 
33707 10 33727 1 F: 4 3 3 
33872 8 33896 274 F: 7 1 
33949 9 33958 320 F: 9 
34006 7 34013 10 F: 3 2 2 
34181 2 34183 325 F: 2 
34258 7 34272 204 F: 5 2 
34354 11 34365 292 F: 7 4 
34441 9 34459 190 F: 9 
34595 10 34605 342 F: 5 2 3 
34652 9 34688 164 F: 4 3 2 
34798 6 34822 193 F: 4 1 1 
34843 10 34863 66 F: 6 4 
34948 6 34966 5 F: 4 2 
D: 5 45 
D: 22 222 
D: 23 25 
D: 29 294 
D: 45 76 
D: 48 164 
D: 49 137 
D: 56 116 
D: 67 101 
D: 68 133 
D: 69 99 
D: 69 245 
D: 70 200 
D: 74 267 
D: 80 345 
D: 83 309 
D: 90 278 
D: 94 120 
D: 104 226 
D: 104 261 
D: 105 282 
D: 120 187 
D: 121 256 
D: 147 218 
D: 151 212 
D: 158 258 
D: 163 287 
D: 172 274 
D: 181 194 
D: 202 213 
D: 226 273 
D: 229 284 
D: 259 318 
D: 267 330 
D: 309 335 
