90 10 120 72 F: 10 
142 8 174 114 F: 2 4 2 
203 9 212 332 F: 5 2 2 
342 10 372 350 F: 3 4 3 
409 9 445 327 F: 2 4 3 
563 8 587 154 F: 7 1 
640 8 648 330 F: 7 1 
755 10 785 324 F: 4 4 2 
842 8 858 122 F: 2 6 
901 13 953 177 F: 13 
1084 3 1087 144 F: 3 
1149 7 1156 309 F: 3 1 3 
1201 12 1237 51 F: 12 
1305 10 1345 251 F: 10 
1415 7 1436 244 F: 3 4 
1593 6 1605 216 F: 2 4 
1679 2 1683 240 F: 2 
1731 8 1739 287 F: 4 4 
1897 9 1906 233 F: 9 
1988 7 2009 109 F: 6 1 
2058 9 2076 150 F: 9 
2150 11 2183 64 F: 7 4 
2231 9 2249 217 F: 5 1 3 
2301 9 2310 173 F: 2 3 4 
2455 10 2495 293 F: 4 3 3 
2534 5 2539 157 F: 2 3 
2638 13 2677 249 F: 13 
2702 13 2715 290 F: 13 
2865 7 2872 245 F: 2 2 3 
2998 5 3003 221 F: 5 
3036 10 3076 96 F: 5 1 4 
3134 9 3143 190 F: 9 
3256 9 3283 266 F: 6 3 
3307 13 3320 23 F: 13 
3451 6 3463 235 F: 6 
3587 10 3627 75 F: 6 4 
3645 13 3671 29 F: 5 4 4 
3758 10 3768 117 F: 4 2 4 
3823 10 3863 331 F: 4 2 4 
3974 4 3986 58 F: 2 1 1 
4041 10 4071 188 F: 3 4 3 
4136 8 4160 225 F: 4 3 1 
4222 12 4246 47 F: 6 6 
4371 6 4377 279 F: 6 
4495 3 4501 277 F: 3 
4591 6 4609 163 F: 4 1 1 
4600 7 4614 322 F: 7 
4734 3 4743 53 F: 2 1 
4840 2 4848 327 F: 2 
4926 13 4952 170 F: 13 
5077 12 5125 261 F: 7 5 
5128 7 5142 234 F: 7 
5204 9 5240 67 F: 2 3 4 
5359 9 5377 233 F: 3 4 2 
5466 10 5476 54 F: 10 
5542 11 5586 74 F: 5 3 3 
5669 9 5696 65 F: 7 2 
5770 11 5803 278 F: 5 6 
5858 5 5863 271 F: 3 1 1 
5952 10 5992 128 F: 4 4 2 
6034 9 6070 19 F: 7 2 
6163 8 6171 257 F: 3 4 1 
6261 9 6279 42 F: 9 
6392 7 6420 251 F: 3 1 3 
6498 6 6504 234 F: 6 
6522 2 6530 44 F: 2 
6637 9 6655 132 F: 9 
6731 8 6739 250 F: 8 
6873 7 6887 184 F: 3 4 
6960 10 7000 296 F: 7 3 
7018 2 7026 56 F: 2 
7158 9 7185 150 F: 9 
7214 7 7228 310 F: 7 
7358 8 7366 102 F: 2 2 4 
7479 13 7531 290 F: 13 
7550 5 7560 253 F: 3 2 
7614 11 7625 106 F: 11 
7743 10 7763 226 F: 10 
7899 6 7911 253 F: 2 1 3 
7987 10 8027 206 F: 10 
8069 10 8099 23 F: 3 4 3 
8164 12 8188 300 F: 12 
8298 10 8308 199 F: 3 3 4 
8300 8 8308 341 F: 4 4 
8493 7 8514 259 F: 6 1 
8513 8 8537 89 F: 3 5 
8607 6 8625 313 F: 2 4 
8750 10 8760 148 F: 5 4 1 
8882 7 8910 167 F: 3 3 1 
8915 3 8924 146 F: 3 
9057 7 9078 155 F: 3 2 2 
9122 2 9124 133 F: 2 
9206 6 9212 249 F: 2 3 1 
9352 2 9354 291 F: 2 
9401 6 9407 3 F: 6 
9511 8 9527 66 F: 8 
9694 6 9706 30 F: 2 1 3 
9709 8 9717 172 F: 2 6 
9893 13 9945 318 F: 13 
9996 8 10020 192 F: 3 2 3 
10085 9 10112 128 F: 5 2 2 
10158 8 10166 301 F: 2 6 
10282 4 10290 65 F: 3 1 
10338 10 10358 331 F: 2 4 4 
10409 13 10461 208 F: 13 
10568 9 10577 252 F: 2 3 4 
10697 3 10703 161 F: 3 
10736 9 10772 16 F: 4 5 
10863 11 10885 84 F: 7 4 
10908 7 10922 28 F: 2 1 4 
11078 9 11105 57 F: 5 4 
11117 11 11150 334 F: 7 4 
11247 10 11277 253 F: 10 
11397 11 11419 230 F: 4 4 3 
11458 10 11488 3 F: 6 4 
11523 5 11543 330 F: 3 2 
11608 10 11648 221 F: 10 
11707 11 11729 283 F: 11 
11849 13 11875 257 F: 7 6 
11953 6 11965 161 F: 3 2 1 
12086 5 12096 119 F: 5 
12171 9 12180 146 F: 5 1 3 
12260 7 12288 281 F: 5 2 
12353 6 12359 214 F: 3 1 2 
12454 9 12481 181 F: 3 6 
12582 10 12592 86 F: 7 3 
12601 10 12631 329 F: 10 
12787 9 12823 251 F: 5 3 1 
12826 9 12862 265 F: 3 2 4 
12929 11 12973 90 F: 11 
13073 6 13079 89 F: 2 4 
13106 13 13132 338 F: 13 
13246 6 13264 296 F: 3 2 1 
13353 7 13381 184 F: 7 
13436 12 13472 266 F: 12 
13544 9 13562 12 F: 4 4 1 
13663 7 13684 293 F: 7 
13718 6 13736 347 F: 3 3 
13808 10 13848 74 F: 10 
13946 6 13970 249 F: 4 2 
14035 6 14059 177 F: 6 
14145 10 14165 318 F: 7 3 
14205 6 14217 181 F: 6 
14304 4 14308 147 F: 3 1 
14427 7 14441 9 F: 2 5 
14537 11 14548 92 F: 5 3 3 
14694 8 14718 287 F: 4 3 1 
14793 11 14815 20 F: 5 2 4 
14843 7 14857 313 F: 3 2 2 
14971 11 15004 80 F: 11 
15033 8 15057 223 F: 8 
15184 11 15206 47 F: 5 2 4 
15203 13 15229 40 F: 13 
15327 6 15333 189 F: 2 4 
15489 13 15541 181 F: 5 4 4 
15598 8 15606 333 F: 8 
15656 13 15708 278 F: 13 
15738 5 15743 339 F: 4 1 
15842 9 15869 261 F: 6 3 
15994 7 16015 282 F: 4 1 2 
16009 7 16030 63 F: 7 
16150 6 16162 182 F: 4 2 
16281 12 16317 225 F: 6 6 
16301 5 16316 141 F: 2 3 
16452 13 16465 32 F: 13 
16569 8 16585 77 F: 2 4 2 
16636 11 16680 125 F: 4 4 3 
16758 6 16782 241 F: 2 4 
16885 4 16893 14 F: 4 
16993 5 17008 135 F: 4 1 
17052 10 17082 194 F: 4 2 4 
17195 8 17219 123 F: 4 3 1 
17274 9 17292 257 F: 9 
17365 9 17374 46 F: 2 4 3 
17405 11 17416 52 F: 6 5 
17541 8 17549 202 F: 7 1 
17637 5 17652 104 F: 3 2 
17741 11 17763 189 F: 7 4 
17874 4 17886 344 F: 3 1 
17942 11 17986 213 F: 7 4 
18070 5 18080 258 F: 3 2 
18174 11 18196 335 F: 7 4 
18260 8 18284 72 F: 4 1 3 
18308 5 18313 134 F: 5 
18476 7 18497 11 F: 7 
18516 8 18548 265 F: 4 1 3 
18691 2 18693 304 F: 2 
18778 7 18799 110 F: 3 4 
18845 8 18853 273 F: 2 3 3 
18958 7 18972 179 F: 2 5 
19077 11 19121 41 F: 5 4 2 
19174 10 19194 325 F: 10 
19218 13 19244 121 F: 13 
19350 6 19368 213 F: 2 3 1 
19462 10 19502 230 F: 10 
19580 6 19586 181 F: 4 2 
19645 10 19685 174 F: 10 
19759 3 19762 66 F: 2 1 
19853 8 19869 26 F: 2 4 2 
19913 12 19961 24 F: 6 6 
20017 7 20038 4 F: 7 
20148 9 20184 224 F: 9 
20224 9 20260 11 F: 9 
20317 12 20341 327 F: 12 
20482 9 20509 285 F: 4 5 
20590 6 20596 188 F: 5 1 
20665 10 20675 40 F: 4 2 4 
20748 6 20760 264 F: 3 1 2 
20893 9 20929 115 F: 2 3 4 
20929 9 20965 328 F: 4 5 
21028 11 21061 6 F: 5 4 2 
21133 9 21151 332 F: 9 
21282 9 21300 63 F: 7 2 
21337 9 21355 25 F: 5 2 2 
21465 5 21480 60 F: 5 
21526 5 21531 50 F: 4 1 
21610 6 21616 278 F: 2 4 
21727 4 21743 3 F: 2 2 
21859 8 21883 310 F: 7 1 
21945 8 21977 149 F: 2 3 3 
22040 8 22048 299 F: 8 
22103 10 22113 46 F: 5 2 3 
22233 8 22241 230 F: 2 6 
22373 8 22397 261 F: 7 1 
22499 8 22515 328 F: 4 2 2 
22553 7 22581 223 F: 2 2 3 
22655 6 22673 330 F: 2 1 3 
22795 8 22803 341 F: 5 2 1 
22861 7 22889 317 F: 7 
22937 10 22947 322 F: 5 2 3 
23056 10 23066 228 F: 3 3 4 
23189 9 23225 236 F: 3 6 
23289 3 23298 191 F: 3 
23369 7 23397 111 F: 3 4 
23462 5 23467 27 F: 5 
23556 8 23580 97 F: 3 2 3 
23632 4 23648 311 F: 3 1 
23748 12 23784 253 F: 12 
23899 10 23909 216 F: 5 4 1 
23985 3 23991 135 F: 3 
24006 8 24014 130 F: 8 
24116 8 24148 14 F: 4 2 2 
24206 4 24218 304 F: 4 
24375 2 24381 340 F: 2 
24453 7 24467 181 F: 4 3 
24580 9 24616 81 F: 6 3 
24631 7 24659 334 F: 7 
24711 9 24738 343 F: 2 3 4 
24885 8 24901 337 F: 3 3 2 
24920 3 24923 309 F: 3 
25038 8 25062 165 F: 2 2 4 
25135 5 25140 225 F: 4 1 
25220 7 25234 221 F: 6 1 
25359 12 25383 184 F: 5 4 3 
25485 3 25491 302 F: 3 
25589 8 25613 157 F: 2 6 
25609 9 25627 80 F: 6 3 
25765 5 25780 268 F: 5 
25834 10 25874 272 F: 3 4 3 
25947 11 25969 249 F: 6 5 
26044 7 26072 33 F: 2 3 2 
26108 8 26116 160 F: 5 3 
26247 10 26277 196 F: 3 4 3 
26389 8 26405 87 F: 3 5 
26415 6 26427 89 F: 6 
26501 9 26519 245 F: 7 2 
26663 10 26703 55 F: 4 3 3 
26777 9 26813 220 F: 5 4 
26893 7 26921 188 F: 7 
26977 4 26989 137 F: 3 1 
27001 7 27015 63 F: 6 1 
27116 7 27130 132 F: 3 1 3 
27288 8 27320 229 F: 8 
27383 6 27407 189 F: 6 
27427 10 27447 118 F: 4 4 2 
27513 6 27531 317 F: 2 3 1 
27640 12 27652 264 F: 12 
27764 10 27794 241 F: 7 3 
27805 6 27811 161 F: 3 3 
27960 10 27970 192 F: 3 4 3 
28030 8 28046 150 F: 8 
28194 7 28215 246 F: 3 2 2 
28256 10 28276 25 F: 5 5 
28380 9 28416 350 F: 9 
28478 11 28489 34 F: 11 
28506 9 28542 45 F: 9 
28645 7 28652 230 F: 7 
28759 9 28777 1 F: 3 3 3 
28837 9 28864 323 F: 9 
28944 7 28951 300 F: 3 4 
29097 6 29115 3 F: 6 
29185 7 29192 223 F: 4 1 2 
29293 12 29317 311 F: 12 
29395 8 29419 87 F: 8 
29490 11 29534 8 F: 5 4 2 
29505 12 29541 285 F: 6 6 
29604 6 29628 326 F: 2 2 2 
29723 6 29747 311 F: 6 
29883 8 29891 73 F: 4 1 3 
29965 10 29975 349 F: 5 3 2 
30065 10 30085 187 F: 10 
30154 7 30182 274 F: 7 
30278 10 30298 251 F: 10 
30392 12 30440 194 F: 7 5 
30481 4 30489 302 F: 4 
30576 9 30612 121 F: 9 
30674 10 30704 17 F: 10 
30773 4 30785 49 F: 4 
30864 8 30880 220 F: 3 5 
30920 4 30936 290 F: 3 1 
31091 8 31115 27 F: 4 2 2 
31102 11 31124 267 F: 5 2 4 
31285 6 31303 33 F: 2 4 
31349 6 31361 224 F: 3 1 2 
31480 12 31492 184 F: 12 
31565 9 31601 190 F: 5 3 1 
31696 2 31702 12 F: 2 
31713 10 31733 264 F: 10 
31847 9 31865 318 F: 3 6 
31923 6 31929 267 F: 5 1 
32055 5 32075 86 F: 2 3 
32130 3 32142 120 F: 2 1 
32280 6 32292 240 F: 2 2 2 
32330 9 32366 111 F: 4 4 1 
32401 12 32413 229 F: 4 4 4 
32554 8 32562 225 F: 7 1 
32642 11 32653 26 F: 5 6 
32730 11 32741 37 F: 5 3 3 
32890 7 32897 266 F: 7 
32989 8 33021 306 F: 7 1 
33063 5 33083 183 F: 5 
33151 9 33178 77 F: 5 3 1 
33216 7 33230 299 F: 7 
33336 11 33347 40 F: 11 
33439 10 33479 310 F: 5 2 3 
33576 7 33604 210 F: 2 5 
33653 5 33668 194 F: 2 1 2 
33752 6 33776 147 F: 6 
33874 3 33877 48 F: 3 
33958 7 33965 194 F: 2 4 1 
34056 9 34092 160 F: 6 3 
34173 11 34184 297 F: 11 
34223 6 34235 241 F: 6 
34395 6 34419 3 F: 6 
34463 6 34481 235 F: 3 3 
34551 6 34569 46 F: 6 
34646 7 34653 200 F: 7 
34727 5 34742 173 F: 5 
34822 8 34830 227 F: 6 2 
34957 12 34993 131 F: 12 
D: 3 109 
D: 5 185 
D: 9 12 
D: 18 62 
D: 20 44 
D: 20 272 
D: 22 328 
D: 24 285 
D: 28 122 
D: 29 228 
D: 38 67 
D: 40 225 
D: 68 107 
D: 71 98 
D: 74 347 
D: 76 131 
D: 87 122 
D: 87 336 
D: 90 165 
D: 91 122 
D: 94 138 
D: 98 349 
D: 103 325 
D: 111 298 
D: 112 331 
D: 116 257 
D: 133 168 
D: 136 281 
D: 137 262 
D: 143 324 
D: 160 178 
D: 173 203 
D: 186 294 
D: 251 264 
D: 289 302 
