11 10 21 317 F: 7 3 
197 11 219 231 F: 11 
253 7 267 93 F: 6 1 
373 7 401 81 F: 3 1 3 
449 6 455 322 F: 6 
567 7 595 22 F: 7 
658 8 674 328 F: 4 4 
796 12 808 75 F: 6 6 
860 4 868 71 F: 2 2 
902 9 929 215 F: 5 3 1 
1021 9 1048 314 F: 5 1 3 
1174 8 1190 316 F: 3 3 2 
1245 4 1257 140 F: 4 
1343 7 1371 342 F: 7 
1491 12 1503 277 F: 12 
1593 5 1613 328 F: 5 
1677 10 1707 187 F: 5 5 
1701 11 1712 6 F: 5 2 4 
1841 6 1859 212 F: 6 
1949 7 1956 275 F: 6 1 
2032 6 2050 127 F: 2 4 
2102 7 2130 12 F: 2 4 1 
2275 12 2323 303 F: 12 
2344 4 2348 25 F: 4 
2456 4 2464 168 F: 3 1 
2583 13 2609 123 F: 13 
2622 9 2640 307 F: 4 5 
2728 12 2752 98 F: 12 
2854 7 2861 84 F: 7 
2946 8 2954 126 F: 5 2 1 
3088 8 3112 257 F: 2 2 4 
3138 4 3146 119 F: 4 
3214 10 3244 243 F: 5 5 
3310 13 3323 151 F: 7 6 
3407 9 3443 237 F: 4 1 4 
3525 8 3557 314 F: 3 1 4 
3629 7 3657 255 F: 5 2 
3740 8 3772 69 F: 6 2 
3864 12 3876 136 F: 6 6 
3961 12 3973 149 F: 6 6 
4046 12 4070 244 F: 12 
4185 7 4206 243 F: 6 1 
4268 8 4292 124 F: 3 1 4 
4337 12 4349 269 F: 7 5 
4477 10 4497 81 F: 4 3 3 
4520 4 4528 23 F: 3 1 
4699 9 4726 104 F: 4 3 2 
4743 8 4775 52 F: 8 
4847 2 4851 7 F: 2 
4945 6 4963 89 F: 3 3 
5046 9 5082 216 F: 7 2 
5197 12 5233 215 F: 12 
5213 7 5234 304 F: 6 1 
5385 9 5412 240 F: 7 2 
5409 10 5449 135 F: 4 6 
5597 8 5605 15 F: 4 3 1 
5644 3 5650 298 F: 3 
5710 8 5726 195 F: 5 2 1 
5868 6 5886 306 F: 3 3 
5922 9 5940 51 F: 3 3 3 
6000 3 6006 146 F: 2 1 
6126 5 6146 300 F: 2 2 1 
6296 9 6332 241 F: 4 5 
6331 8 6363 290 F: 5 1 2 
6438 9 6465 87 F: 4 4 1 
6586 5 6596 322 F: 4 1 
6621 8 6637 12 F: 8 
6774 5 6784 321 F: 4 1 
6878 11 6922 319 F: 11 
6952 8 6984 327 F: 5 1 2 
7087 5 7107 226 F: 3 1 1 
7152 6 7176 182 F: 5 1 
7229 10 7259 164 F: 6 4 
7380 8 7404 117 F: 3 5 
7464 13 7477 90 F: 13 
7581 13 7620 342 F: 13 
7693 2 7701 218 F: 2 
7756 10 7776 158 F: 3 4 3 
7894 11 7938 252 F: 11 
7967 8 7999 76 F: 8 
8063 10 8083 214 F: 10 
8182 6 8200 224 F: 2 1 3 
8297 9 8306 76 F: 3 6 
8386 10 8416 282 F: 10 
8444 11 8455 74 F: 11 
8596 9 8632 219 F: 4 3 2 
8610 6 8616 211 F: 2 4 
8794 9 8821 225 F: 3 2 4 
8820 10 8850 314 F: 4 6 
8934 6 8946 186 F: 2 1 3 
9018 7 9025 231 F: 2 4 1 
9182 4 9190 108 F: 2 2 
9210 6 9234 97 F: 6 
9329 8 9337 187 F: 2 2 4 
9432 8 9440 312 F: 5 1 2 
9570 13 9596 322 F: 13 
9682 13 9695 19 F: 13 
9752 10 9772 199 F: 10 
9802 9 9838 210 F: 9 
9924 8 9932 134 F: 6 2 
10097 12 10121 349 F: 12 
10177 7 10184 232 F: 2 2 3 
10232 3 10238 61 F: 2 1 
10327 11 10371 221 F: 11 
10456 9 10483 53 F: 4 5 
10548 8 10564 149 F: 5 2 1 
10655 9 10664 267 F: 3 6 
10709 7 10723 317 F: 3 3 1 
10819 9 10855 47 F: 4 5 
10956 9 10974 2 F: 7 2 
11007 4 11011 312 F: 4 
11152 12 11176 223 F: 12 
11249 6 11267 167 F: 6 
11364 4 11372 155 F: 4 
11425 7 11432 20 F: 6 1 
11504 12 11528 287 F: 12 
11630 8 11638 61 F: 5 3 
11775 7 11782 295 F: 7 
11853 5 11863 168 F: 5 
11921 11 11932 115 F: 11 
12099 9 12135 105 F: 9 
12181 2 12185 92 F: 2 
12213 5 12228 220 F: 2 2 1 
12382 9 12391 236 F: 3 3 3 
12408 4 12412 36 F: 2 1 1 
12564 6 12582 77 F: 3 1 2 
12670 6 12676 205 F: 2 4 
12744 6 12750 145 F: 6 
12846 9 12864 130 F: 5 2 2 
12926 11 12948 24 F: 5 6 
13021 9 13030 189 F: 7 2 
13165 5 13170 41 F: 3 1 1 
13222 7 13250 76 F: 7 
13321 8 13345 350 F: 8 
13420 6 13444 243 F: 4 1 1 
13584 7 13591 241 F: 3 4 
13648 7 13655 287 F: 3 2 2 
13736 2 13738 214 F: 2 
13865 8 13873 214 F: 5 3 
13996 7 14024 206 F: 6 1 
14033 12 14057 196 F: 7 5 
14137 6 14155 28 F: 3 3 
14283 7 14304 3 F: 2 5 
14380 7 14401 298 F: 3 3 1 
14440 10 14460 276 F: 6 4 
14506 9 14515 84 F: 5 4 
14658 10 14688 316 F: 10 
14792 10 14802 141 F: 4 3 3 
14887 7 14908 200 F: 2 3 2 
14984 2 14986 17 F: 2 
15037 3 15049 225 F: 3 
15125 9 15152 290 F: 3 4 2 
15273 5 15283 25 F: 4 1 
15301 5 15306 136 F: 2 3 
15436 5 15441 58 F: 3 2 
15521 6 15539 32 F: 2 4 
15644 10 15654 333 F: 7 3 
15753 10 15793 19 F: 5 2 3 
15876 8 15908 46 F: 7 1 
15934 4 15938 222 F: 4 
16064 7 16092 269 F: 6 1 
16123 10 16133 249 F: 3 3 4 
16221 6 16239 3 F: 3 1 2 
16335 11 16357 218 F: 3 4 4 
16449 12 16497 164 F: 4 4 4 
16517 10 16557 245 F: 3 4 3 
16618 7 16646 129 F: 2 3 2 
16737 4 16753 287 F: 2 1 1 
16876 7 16904 80 F: 2 1 4 
16958 9 16985 234 F: 2 3 4 
17056 8 17088 235 F: 6 2 
17111 5 17131 249 F: 4 1 
17226 13 17252 200 F: 7 6 
17361 3 17373 322 F: 3 
17406 8 17414 197 F: 2 6 
17591 5 17601 67 F: 4 1 
17640 2 17644 262 F: 2 
17771 11 17804 184 F: 11 
17896 5 17916 307 F: 3 1 1 
17933 6 17951 134 F: 6 
18067 7 18088 83 F: 7 
18102 5 18117 34 F: 2 3 
18276 11 18287 222 F: 5 4 2 
18302 4 18310 29 F: 4 
18459 8 18483 179 F: 8 
18578 11 18611 169 F: 7 4 
18605 6 18623 52 F: 3 3 
18783 11 18794 31 F: 6 5 
18858 10 18878 312 F: 7 3 
18973 2 18981 182 F: 2 
19066 8 19074 227 F: 2 2 4 
19154 8 19178 214 F: 7 1 
19212 6 19218 129 F: 6 
19344 8 19376 294 F: 3 4 1 
19416 9 19452 148 F: 7 2 
19595 10 19605 310 F: 10 
19608 9 19644 112 F: 7 2 
19740 10 19750 153 F: 10 
19801 9 19810 189 F: 9 
19970 8 19994 260 F: 4 1 3 
20055 2 20061 28 F: 2 
20101 6 20107 184 F: 6 
20219 12 20243 165 F: 6 6 
20363 11 20385 197 F: 5 6 
20479 12 20503 242 F: 5 3 4 
20512 5 20517 15 F: 2 1 2 
20697 6 20709 62 F: 6 
20712 3 20718 41 F: 3 
20807 8 20839 117 F: 3 4 1 
20921 12 20933 145 F: 12 
21050 7 21057 345 F: 3 1 3 
21134 9 21152 107 F: 3 3 3 
21236 11 21269 235 F: 3 4 4 
21377 7 21391 111 F: 3 1 3 
21411 6 21423 330 F: 5 1 
21518 7 21532 307 F: 4 2 1 
21604 10 21634 259 F: 4 2 4 
21796 11 21829 40 F: 11 
21876 7 21890 248 F: 6 1 
21948 5 21963 138 F: 2 3 
22099 8 22131 287 F: 8 
22195 7 22209 25 F: 7 
22270 11 22281 66 F: 5 6 
22367 3 22370 125 F: 3 
22486 7 22514 308 F: 6 1 
22505 11 22538 342 F: 11 
22664 2 22670 2 F: 2 
22793 8 22801 254 F: 8 
22806 11 22850 111 F: 5 4 2 
22953 10 22983 187 F: 3 4 3 
23018 7 23039 315 F: 7 
23113 12 23137 339 F: 7 5 
23232 5 23242 80 F: 2 3 
23347 8 23379 82 F: 7 1 
23448 3 23457 24 F: 3 
23522 8 23546 68 F: 3 1 4 
23659 13 23711 78 F: 13 
23772 5 23792 304 F: 4 1 
23818 8 23850 294 F: 6 2 
23969 9 24005 264 F: 4 1 4 
24086 8 24102 135 F: 3 4 1 
24150 2 24152 183 F: 2 
24201 5 24211 64 F: 2 3 
24375 13 24427 286 F: 13 
24476 9 24494 193 F: 4 3 2 
24543 10 24583 24 F: 5 5 
24601 3 24610 87 F: 3 
24719 8 24727 68 F: 7 1 
24881 8 24913 306 F: 3 3 2 
24960 5 24980 31 F: 2 1 2 
25090 10 25120 100 F: 5 1 4 
25164 9 25182 267 F: 3 3 3 
25239 11 25261 68 F: 5 6 
25300 9 25309 300 F: 3 6 
25484 7 25498 338 F: 2 5 
25543 13 25569 242 F: 13 
25629 12 25653 162 F: 5 3 4 
25779 10 25799 254 F: 7 3 
25850 9 25859 161 F: 2 3 4 
25996 7 26003 61 F: 5 2 
26020 8 26052 178 F: 6 2 
26116 2 26120 257 F: 2 
26287 8 26295 98 F: 3 5 
26331 9 26340 154 F: 2 3 4 
26492 8 26500 230 F: 3 5 
26542 8 26550 94 F: 5 2 1 
26606 10 26626 229 F: 4 3 3 
26705 5 26715 324 F: 5 
26885 3 26897 215 F: 2 1 
26928 10 26958 212 F: 3 4 3 
27000 3 27003 319 F: 3 
27151 7 27158 70 F: 6 1 
27289 3 27295 265 F: 3 
27393 13 27419 342 F: 13 
27408 8 27424 84 F: 5 2 1 
27517 10 27537 296 F: 5 1 4 
27632 9 27650 108 F: 5 4 
27712 4 27716 92 F: 2 1 1 
27899 7 27920 21 F: 6 1 
27940 9 27949 19 F: 9 
28053 8 28061 315 F: 2 6 
28186 8 28210 336 F: 6 2 
28290 10 28300 295 F: 10 
28307 8 28315 1 F: 7 1 
28426 5 28446 233 F: 5 
28597 5 28612 315 F: 4 1 
28601 8 28625 108 F: 4 2 2 
28769 10 28789 134 F: 4 3 3 
28848 7 28876 323 F: 5 1 1 
28993 6 29017 273 F: 2 3 1 
29075 9 29084 123 F: 7 2 
29120 2 29122 199 F: 2 
29246 10 29256 48 F: 4 2 4 
29357 9 29375 310 F: 9 
29450 11 29494 22 F: 6 5 
29527 6 29551 241 F: 4 1 1 
29683 7 29697 174 F: 4 3 
29738 10 29748 154 F: 10 
29849 9 29876 130 F: 9 
29915 5 29930 215 F: 5 
30033 12 30045 244 F: 7 5 
30195 12 30243 304 F: 12 
30265 7 30293 339 F: 4 1 2 
30353 10 30373 39 F: 10 
30454 3 30460 266 F: 3 
30544 8 30568 200 F: 6 2 
30667 13 30706 226 F: 5 4 4 
30771 7 30785 87 F: 2 1 4 
30868 12 30880 198 F: 12 
30964 7 30971 211 F: 7 
31091 13 31117 328 F: 13 
31192 13 31244 239 F: 13 
31205 6 31211 170 F: 3 3 
31329 6 31353 69 F: 3 3 
31439 3 31445 159 F: 3 
31513 7 31534 125 F: 7 
31643 9 31670 120 F: 9 
31775 9 31802 157 F: 4 4 1 
31803 6 31821 305 F: 4 2 
31908 5 31918 62 F: 4 1 
32016 10 32026 90 F: 5 1 4 
32182 9 32218 183 F: 5 1 3 
32243 2 32251 111 F: 2 
32327 8 32343 342 F: 2 6 
32498 13 32524 171 F: 13 
32519 12 32555 314 F: 12 
32684 7 32698 142 F: 7 
32769 8 32785 302 F: 2 6 
32870 8 32886 168 F: 8 
32970 4 32978 219 F: 2 1 1 
33066 8 33098 102 F: 8 
33178 5 33198 14 F: 2 3 
33282 8 33298 279 F: 5 3 
33341 13 33393 298 F: 5 4 4 
33432 9 33450 194 F: 2 4 3 
33527 13 33566 322 F: 13 
33694 6 33706 57 F: 6 
33723 8 33739 304 F: 2 2 4 
33810 9 33819 174 F: 3 3 3 
33959 6 33977 108 F: 2 2 2 
34083 8 34091 29 F: 3 2 3 
34152 7 34166 216 F: 2 1 4 
34256 4 34272 15 F: 3 1 
34352 11 34385 18 F: 6 5 
34476 4 34488 52 F: 4 
34599 6 34605 236 F: 3 1 2 
34613 4 34625 206 F: 3 1 
34721 4 34725 125 F: 4 
34821 7 34849 122 F: 3 4 
34923 10 34953 291 F: 4 4 2 
D: 2 236 
D: 4 68 
D: 13 253 
D: 18 97 
D: 22 257 
D: 28 244 
D: 31 103 
D: 41 108 
D: 43 262 
D: 56 195 
D: 69 337 
D: 84 253 
D: 95 340 
D: 107 230 
D: 122 241 
D: 139 321 
D: 139 326 
D: 150 195 
D: 151 271 
D: 153 265 
D: 153 309 
D: 154 218 
D: 158 217 
D: 162 322 
D: 165 261 
D: 171 279 
D: 175 297 
D: 185 342 
D: 202 337 
D: 204 226 
D: 225 253 
D: 234 269 
D: 241 276 
D: 251 254 
D: 270 285 
