53 5 63 205 F: 5 
141 6 147 332 F: 3 1 2 
250 11 272 17 F: 11 
308 7 322 22 F: 7 
461 6 473 243 F: 2 1 3 
540 10 550 26 F: 3 4 3 
615 8 631 8 F: 6 2 
796 9 823 332 F: 5 4 
859 12 871 43 F: 12 
967 9 994 275 F: 5 4 
1069 7 1083 147 F: 2 5 
1148 13 1174 63 F: 13 
1220 8 1252 241 F: 2 2 4 
1374 10 1394 138 F: 3 4 3 
1409 7 1437 154 F: 5 1 1 
1532 8 1556 296 F: 8 
1641 2 1643 26 F: 2 
1734 6 1746 96 F: 6 
1801 10 1821 7 F: 4 3 3 
1921 12 1933 64 F: 7 5 
2084 12 2108 94 F: 7 5 
2109 7 2137 225 F: 4 3 
2272 10 2302 289 F: 7 3 
2347 11 2358 269 F: 5 6 
2413 9 2440 107 F: 4 4 1 
2513 12 2561 299 F: 5 4 3 
2677 11 2721 145 F: 7 4 
2736 10 2746 32 F: 10 
2836 9 2845 312 F: 9 
2935 4 2951 218 F: 4 
3070 5 3085 74 F: 2 3 
3172 10 3212 300 F: 5 4 1 
3294 11 3327 298 F: 11 
3342 6 3360 276 F: 6 
3445 8 3461 191 F: 3 5 
3543 8 3567 254 F: 3 4 1 
3600 10 3620 251 F: 10 
3723 11 3767 189 F: 6 5 
3849 8 3857 3 F: 8 
3919 8 3935 222 F: 5 3 
4099 7 4127 193 F: 7 
4110 5 4125 77 F: 5 
4298 4 4302 241 F: 3 1 
4304 4 4312 172 F: 3 1 
4489 3 4501 52 F: 3 
4510 8 4518 107 F: 2 2 4 
4679 10 4719 118 F: 10 
4705 11 4716 241 F: 11 
4892 11 4936 274 F: 7 4 
4994 13 5033 167 F: 13 
5067 6 5073 119 F: 5 1 
5142 8 5158 106 F: 5 3 
5258 7 5286 177 F: 5 1 1 
5362 6 5374 260 F: 3 3 
5474 12 5486 189 F: 6 6 
5591 9 5609 143 F: 4 4 1 
5699 10 5719 335 F: 4 4 2 
5759 13 5811 153 F: 13 
5805 8 5813 9 F: 3 1 4 
5985 10 5995 195 F: 4 6 
6033 7 6047 123 F: 3 3 1 
6148 9 6166 347 F: 9 
6243 8 6275 283 F: 6 2 
6391 9 6400 222 F: 7 2 
6444 9 6462 80 F: 4 1 4 
6500 8 6524 6 F: 5 1 2 
6629 9 6656 332 F: 5 3 1 
6774 9 6792 273 F: 9 
6818 7 6825 250 F: 5 2 
6927 10 6947 259 F: 10 
7087 6 7099 247 F: 6 
7166 11 7199 150 F: 3 4 4 
7218 6 7242 218 F: 4 2 
7321 12 7333 174 F: 6 6 
7460 11 7482 61 F: 11 
7500 7 7528 199 F: 3 4 
7677 9 7686 3 F: 9 
7702 8 7734 154 F: 8 
7806 8 7822 6 F: 7 1 
7985 10 7995 292 F: 6 4 
8091 8 8107 109 F: 5 2 1 
8149 2 8153 258 F: 2 
8210 3 8216 210 F: 3 
8300 6 8324 135 F: 3 3 
8474 6 8498 91 F: 2 4 
8509 8 8541 205 F: 8 
8663 4 8679 337 F: 2 2 
8751 9 8769 320 F: 4 1 4 
8816 4 8824 91 F: 2 2 
8983 6 8995 54 F: 4 1 1 
9012 13 9064 297 F: 5 4 4 
9188 5 9198 83 F: 5 
9206 8 9214 280 F: 8 
9335 7 9356 340 F: 3 1 3 
9475 7 9482 312 F: 5 2 
9559 8 9591 102 F: 8 
9631 7 9652 313 F: 4 1 2 
9760 10 9790 308 F: 5 2 3 
9802 6 9814 251 F: 3 2 1 
9984 2 9988 161 F: 2 
10069 9 10096 149 F: 5 4 
10117 3 10123 238 F: 3 
10206 11 10250 161 F: 3 4 4 
10364 11 10386 9 F: 5 3 3 
10449 7 10463 81 F: 4 2 1 
10555 8 10563 153 F: 3 3 2 
10610 13 10623 193 F: 5 4 4 
10781 4 10789 66 F: 4 
10877 9 10913 285 F: 5 4 
10987 13 11013 301 F: 5 4 4 
11097 6 11103 298 F: 6 
11144 12 11156 31 F: 12 
11291 8 11307 36 F: 5 2 1 
11306 8 11314 215 F: 4 1 3 
11419 12 11443 192 F: 5 4 3 
11570 8 11578 147 F: 8 
11647 7 11654 169 F: 4 3 
11798 6 11804 92 F: 4 2 
11855 6 11873 255 F: 6 
11913 12 11937 198 F: 6 6 
12092 5 12107 146 F: 5 
12152 13 12178 118 F: 13 
12205 5 12225 212 F: 5 
12316 6 12328 197 F: 2 4 
12475 11 12486 252 F: 6 5 
12553 11 12575 317 F: 6 5 
12625 10 12645 282 F: 10 
12742 5 12762 108 F: 2 2 1 
12821 7 12842 202 F: 3 4 
12923 7 12937 16 F: 3 3 1 
13083 13 13096 262 F: 13 
13162 8 13194 292 F: 2 3 3 
13253 8 13277 8 F: 8 
13390 10 13410 159 F: 10 
13481 8 13497 289 F: 3 5 
13525 4 13537 339 F: 3 1 
13690 10 13710 263 F: 6 4 
13746 8 13754 92 F: 3 1 4 
13814 6 13826 187 F: 6 
13941 6 13947 71 F: 2 4 
14008 9 14017 133 F: 4 2 3 
14195 12 14207 35 F: 5 4 3 
14245 8 14269 334 F: 6 2 
14347 4 14355 79 F: 4 
14480 8 14496 298 F: 3 4 1 
14541 3 14550 113 F: 3 
14612 8 14620 59 F: 6 2 
14791 11 14835 12 F: 11 
14870 7 14891 163 F: 6 1 
14918 12 14966 6 F: 4 4 4 
15029 5 15034 241 F: 3 2 
15103 11 15136 75 F: 3 4 4 
15252 2 15254 127 F: 2 
15378 8 15402 102 F: 4 3 1 
15441 11 15452 231 F: 5 3 3 
15527 11 15549 207 F: 5 2 4 
15690 10 15700 179 F: 10 
15727 6 15739 194 F: 6 
15857 7 15885 223 F: 7 
15966 9 16002 42 F: 6 3 
16013 8 16037 290 F: 2 4 2 
16122 9 16149 77 F: 9 
16269 7 16283 114 F: 4 1 2 
16320 12 16356 173 F: 4 4 4 
16455 8 16487 221 F: 2 2 4 
16599 10 16619 140 F: 4 2 4 
16618 11 16629 298 F: 6 5 
16758 10 16798 293 F: 10 
16811 11 16844 219 F: 4 3 4 
16988 5 16998 192 F: 3 1 1 
17023 6 17035 91 F: 2 3 1 
17141 4 17153 197 F: 4 
17211 9 17238 219 F: 4 2 3 
17376 8 17408 46 F: 8 
17493 7 17507 148 F: 5 2 
17513 13 17552 120 F: 13 
17611 8 17619 72 F: 2 6 
17772 7 17800 145 F: 2 2 3 
17862 13 17875 101 F: 13 
17915 10 17945 240 F: 10 
18000 6 18024 15 F: 2 4 
18198 12 18234 20 F: 5 3 4 
18216 8 18224 335 F: 7 1 
18399 11 18421 133 F: 6 5 
18454 10 18494 87 F: 7 3 
18590 8 18614 46 F: 3 5 
18695 11 18728 95 F: 3 4 4 
18723 11 18767 101 F: 3 4 4 
18891 10 18921 289 F: 5 2 3 
18909 12 18957 227 F: 12 
19069 5 19074 90 F: 5 
19175 3 19181 177 F: 3 
19281 7 19309 48 F: 2 5 
19345 12 19357 45 F: 6 6 
19460 8 19468 339 F: 6 2 
19516 10 19536 170 F: 4 6 
19697 12 19745 349 F: 5 3 4 
19798 9 19834 110 F: 7 2 
19876 12 19900 326 F: 12 
19952 7 19966 137 F: 2 2 3 
20066 5 20081 78 F: 2 2 1 
20110 12 20134 267 F: 6 6 
20296 11 20307 274 F: 11 
20360 6 20372 194 F: 2 4 
20468 11 20490 21 F: 6 5 
20582 6 20606 221 F: 6 
20696 5 20711 334 F: 5 
20737 8 20745 271 F: 7 1 
20817 7 20838 189 F: 5 1 1 
20981 6 20987 119 F: 3 3 
21017 12 21041 176 F: 7 5 
21198 8 21222 130 F: 2 3 3 
21255 9 21264 348 F: 3 6 
21329 6 21341 100 F: 4 2 
21465 8 21489 296 F: 5 2 1 
21570 5 21585 182 F: 2 3 
21620 6 21644 28 F: 6 
21785 12 21833 120 F: 6 6 
21853 7 21874 3 F: 3 2 2 
21980 11 22013 313 F: 5 4 2 
22030 6 22036 108 F: 6 
22127 11 22160 23 F: 7 4 
22257 12 22281 335 F: 7 5 
22364 8 22396 90 F: 4 1 3 
22400 8 22416 59 F: 8 
22592 7 22620 24 F: 4 3 
22621 2 22625 167 F: 2 
22756 6 22774 172 F: 3 3 
22856 6 22868 223 F: 5 1 
22979 4 22995 37 F: 2 2 
23042 13 23055 136 F: 13 
23150 6 23162 23 F: 4 1 1 
23239 5 23244 270 F: 2 3 
23325 7 23346 3 F: 2 3 2 
23474 4 23478 339 F: 4 
23555 9 23591 187 F: 9 
23601 8 23609 316 F: 6 2 
23704 10 23714 272 F: 5 5 
23801 10 23831 247 F: 10 
23966 8 23982 148 F: 7 1 
24082 7 24096 281 F: 3 3 1 
24118 7 24132 11 F: 7 
24265 4 24269 275 F: 4 
24349 6 24361 220 F: 2 3 1 
24458 4 24466 33 F: 4 
24524 8 24556 333 F: 5 3 
24674 6 24698 69 F: 6 
24719 10 24729 292 F: 3 4 3 
24804 7 24825 61 F: 5 2 
24922 12 24970 306 F: 5 3 4 
25067 5 25087 103 F: 5 
25183 9 25192 174 F: 4 4 1 
25262 4 25274 171 F: 2 1 1 
25393 8 25401 122 F: 8 
25488 13 25527 293 F: 13 
25545 7 25552 295 F: 4 3 
25671 13 25697 198 F: 13 
25700 5 25710 330 F: 2 3 
25850 11 25861 12 F: 6 5 
25933 7 25940 254 F: 2 1 4 
26095 12 26131 168 F: 12 
26119 10 26149 301 F: 10 
26271 10 26301 125 F: 2 4 4 
26343 5 26363 221 F: 3 2 
26489 6 26495 281 F: 6 
26562 8 26570 304 F: 3 4 1 
26660 2 26662 122 F: 2 
26713 7 26727 320 F: 5 1 1 
26886 11 26897 279 F: 5 3 3 
26996 12 27032 265 F: 6 6 
27017 6 27023 248 F: 2 2 2 
27129 7 27157 229 F: 3 4 
27246 7 27267 93 F: 4 2 1 
27378 9 27414 64 F: 2 4 3 
27472 6 27484 132 F: 6 
27565 9 27574 76 F: 6 3 
27682 8 27690 146 F: 4 3 1 
27734 10 27774 178 F: 4 2 4 
27872 2 27880 2 F: 2 
27957 8 27965 314 F: 4 4 
28056 10 28086 20 F: 10 
28180 8 28196 318 F: 4 1 3 
28204 11 28226 223 F: 3 4 4 
28323 9 28359 312 F: 6 3 
28494 10 28504 120 F: 5 2 3 
28595 8 28611 214 F: 8 
28674 9 28683 117 F: 3 6 
28748 11 28770 14 F: 11 
28858 8 28890 340 F: 2 3 3 
28932 11 28976 323 F: 11 
29018 5 29033 5 F: 4 1 
29115 10 29135 263 F: 4 6 
29235 8 29259 163 F: 7 1 
29304 5 29314 194 F: 5 
29456 7 29463 234 F: 3 1 3 
29512 12 29560 38 F: 5 4 3 
29696 9 29705 142 F: 6 3 
29706 8 29730 253 F: 4 4 
29854 10 29874 303 F: 4 6 
29996 8 30020 299 F: 6 2 
30004 3 30013 348 F: 2 1 
30152 8 30168 331 F: 8 
30253 4 30269 103 F: 2 1 1 
30357 13 30396 213 F: 5 4 4 
30495 7 30509 6 F: 7 
30547 6 30553 77 F: 2 3 1 
30606 10 30616 190 F: 6 4 
30788 9 30815 5 F: 5 1 3 
30807 11 30840 308 F: 5 2 4 
30951 7 30965 221 F: 2 2 3 
31088 9 31124 350 F: 6 3 
31171 11 31215 208 F: 11 
31258 2 31262 300 F: 2 
31326 7 31354 37 F: 6 1 
31449 5 31454 72 F: 5 
31592 9 31601 59 F: 7 2 
31633 6 31651 215 F: 3 2 1 
31786 11 31819 59 F: 6 5 
31885 7 31892 203 F: 7 
31923 6 31935 70 F: 2 3 1 
32046 3 32049 133 F: 3 
32113 7 32120 3 F: 3 2 2 
32213 7 32241 77 F: 3 3 1 
32311 10 32341 6 F: 7 3 
32440 7 32447 344 F: 2 5 
32550 10 32590 126 F: 4 2 4 
32629 10 32659 51 F: 10 
32790 6 32802 309 F: 2 1 3 
32861 10 32891 249 F: 5 2 3 
32943 8 32975 233 F: 4 2 2 
33039 8 33047 265 F: 4 3 1 
33108 10 33118 316 F: 5 1 4 
33227 6 33233 187 F: 3 3 
33393 11 33426 290 F: 3 4 4 
33471 4 33479 137 F: 4 
33538 12 33586 293 F: 6 6 
33608 11 33630 284 F: 11 
33778 9 33805 173 F: 5 1 3 
33853 5 33863 331 F: 3 2 
33930 8 33962 148 F: 2 3 3 
34018 8 34034 46 F: 3 3 2 
34104 10 34114 198 F: 2 4 4 
34289 9 34298 185 F: 5 4 
34334 9 34370 22 F: 9 
34440 9 34467 231 F: 4 4 1 
34599 6 34617 136 F: 2 2 2 
34671 5 34691 214 F: 4 1 
34774 7 34781 29 F: 2 5 
34810 7 34831 216 F: 2 5 
34977 6 34995 183 F: 5 1 
D: 8 118 
D: 26 219 
D: 30 68 
D: 32 201 
D: 33 151 
D: 43 296 
D: 51 228 
D: 52 69 
D: 56 173 
D: 66 107 
D: 69 97 
D: 87 320 
D: 89 158 
D: 98 335 
D: 103 330 
D: 117 310 
D: 121 159 
D: 131 247 
D: 142 345 
D: 148 271 
D: 153 248 
D: 154 289 
D: 158 342 
D: 161 264 
D: 162 304 
D: 163 205 
D: 166 252 
D: 172 195 
D: 189 260 
D: 198 341 
D: 209 253 
D: 228 239 
D: 273 289 
D: 320 348 
D: 322 335 
