82 13 121 154 F: 13 
139 9 166 10 F: 3 6 
256 9 283 264 F: 4 5 
350 6 368 84 F: 3 3 
446 10 466 266 F: 4 3 3 
527 8 559 178 F: 8 
695 12 743 245 F: 5 3 4 
778 7 806 5 F: 4 2 1 
878 8 894 50 F: 8 
913 7 920 47 F: 2 2 3 
1065 8 1097 133 F: 8 
1114 8 1138 44 F: 7 1 
1276 9 1285 97 F: 6 3 
1369 8 1393 273 F: 8 
1424 13 1450 107 F: 13 
1527 12 1539 137 F: 12 
1658 6 1670 4 F: 4 2 
1727 10 1747 172 F: 4 6 
1818 7 1832 62 F: 5 2 
1982 10 1992 333 F: 10 
2049 9 2067 90 F: 5 4 
2160 9 2169 88 F: 5 2 2 
2266 5 2281 194 F: 5 
2304 6 2310 174 F: 6 
2408 5 2418 8 F: 2 1 2 
2581 11 2603 73 F: 5 4 2 
2679 3 2685 310 F: 3 
2783 9 2801 14 F: 5 1 3 
2895 11 2939 158 F: 3 4 4 
2956 4 2960 208 F: 4 
3049 7 3077 318 F: 2 5 
3155 6 3161 44 F: 4 2 
3204 5 3209 317 F: 5 
3340 7 3368 220 F: 3 3 1 
3497 13 3536 53 F: 13 
3545 12 3569 132 F: 6 6 
3697 7 3718 142 F: 7 
3758 8 3766 226 F: 2 3 3 
3830 8 3854 121 F: 3 1 4 
3908 10 3948 262 F: 5 4 1 
4080 5 4090 150 F: 4 1 
4107 10 4147 291 F: 5 5 
4268 9 4304 88 F: 9 
4364 11 4397 83 F: 7 4 
4494 10 4534 49 F: 6 4 
4548 9 4557 296 F: 4 4 1 
4601 10 4621 131 F: 4 4 2 
4741 7 4762 232 F: 3 1 3 
4849 13 4862 222 F: 5 4 4 
4910 7 4931 267 F: 2 5 
5076 3 5082 100 F: 3 
5109 8 5133 53 F: 2 2 4 
5221 6 5239 329 F: 3 3 
5303 6 5321 174 F: 6 
5484 11 5506 70 F: 3 4 4 
5580 9 5589 339 F: 9 
5689 11 5711 319 F: 7 4 
5754 2 5758 99 F: 2 
5869 10 5879 232 F: 4 3 3 
5969 11 5980 221 F: 5 2 4 
6048 8 6056 337 F: 2 4 2 
6159 8 6167 271 F: 2 2 4 
6285 8 6301 184 F: 4 4 
6329 4 6345 223 F: 4 
6499 7 6506 15 F: 2 1 4 
6507 6 6525 297 F: 2 3 1 
6673 7 6701 85 F: 7 
6784 13 6797 209 F: 7 6 
6811 9 6829 223 F: 9 
6996 12 7044 236 F: 5 3 4 
7020 8 7028 26 F: 3 4 1 
7103 10 7113 143 F: 3 4 3 
7216 11 7227 159 F: 5 6 
7340 13 7392 344 F: 13 
7422 12 7458 100 F: 5 3 4 
7578 8 7610 215 F: 5 2 1 
7642 5 7647 92 F: 4 1 
7719 9 7737 278 F: 9 
7847 12 7859 243 F: 12 
7958 8 7982 262 F: 4 1 3 
8035 11 8079 132 F: 3 4 4 
8129 7 8150 349 F: 3 4 
8223 8 8239 31 F: 4 4 
8339 10 8379 100 F: 5 1 4 
8467 6 8485 75 F: 2 2 2 
8595 6 8619 200 F: 6 
8615 11 8648 34 F: 11 
8717 9 8744 105 F: 5 2 2 
8837 11 8859 180 F: 3 4 4 
8996 10 9036 185 F: 5 5 
9069 12 9117 171 F: 12 
9165 12 9213 20 F: 12 
9222 6 9234 270 F: 6 
9353 5 9373 205 F: 2 3 
9439 7 9453 343 F: 6 1 
9571 9 9598 46 F: 9 
9610 10 9620 273 F: 7 3 
9783 10 9793 260 F: 10 
9859 10 9879 39 F: 4 2 4 
9960 11 10004 224 F: 5 6 
10092 11 10103 63 F: 5 2 4 
10197 7 10211 322 F: 2 5 
10287 9 10296 326 F: 3 4 2 
10300 5 10315 122 F: 5 
10445 11 10467 237 F: 11 
10571 13 10623 187 F: 13 
10602 8 10626 25 F: 8 
10777 12 10801 311 F: 5 4 3 
10804 8 10836 73 F: 5 3 
10955 2 10957 213 F: 2 
11008 2 11012 199 F: 2 
11198 7 11205 305 F: 3 4 
11215 10 11245 278 F: 4 6 
11314 10 11334 33 F: 4 3 3 
11418 12 11454 284 F: 4 4 4 
11521 4 11533 114 F: 3 1 
11618 6 11636 229 F: 6 
11705 5 11710 203 F: 2 3 
11855 8 11863 211 F: 6 2 
11977 5 11997 235 F: 4 1 
12095 9 12122 48 F: 9 
12121 4 12125 119 F: 4 
12250 11 12261 122 F: 5 3 3 
12359 13 12411 57 F: 13 
12401 9 12419 20 F: 5 2 2 
12512 12 12536 68 F: 12 
12609 6 12615 216 F: 3 3 
12781 7 12788 112 F: 2 3 2 
12800 5 12820 283 F: 3 2 
12902 11 12946 297 F: 11 
13022 6 13028 45 F: 6 
13135 2 13137 183 F: 2 
13293 7 13307 250 F: 2 3 2 
13328 3 13331 143 F: 2 1 
13475 13 13488 347 F: 5 4 4 
13570 5 13575 283 F: 3 2 
13627 11 13638 127 F: 5 2 4 
13718 7 13725 27 F: 4 2 1 
13881 5 13891 130 F: 5 
13967 6 13979 148 F: 2 2 2 
14066 9 14102 209 F: 3 6 
14148 9 14175 74 F: 7 2 
14280 9 14307 68 F: 6 3 
14379 10 14399 210 F: 5 4 1 
14424 8 14440 103 F: 7 1 
14534 9 14552 244 F: 5 3 1 
14663 9 14681 137 F: 5 1 3 
14794 11 14805 220 F: 4 3 4 
14856 6 14874 280 F: 6 
14985 4 14997 19 F: 4 
15007 10 15027 138 F: 10 
15172 7 15186 229 F: 7 
15247 5 15262 61 F: 2 1 2 
15374 13 15413 204 F: 13 
15498 11 15542 319 F: 5 6 
15537 7 15551 182 F: 7 
15669 6 15681 13 F: 2 4 
15750 6 15768 171 F: 6 
15891 7 15898 6 F: 6 1 
15948 3 15960 205 F: 3 
16044 11 16088 211 F: 5 6 
16186 5 16191 16 F: 5 
16203 10 16213 122 F: 5 5 
16335 10 16345 252 F: 10 
16495 9 16522 302 F: 9 
16591 8 16623 219 F: 4 1 3 
16601 8 16609 6 F: 2 2 4 
16765 9 16792 272 F: 3 6 
16803 3 16815 316 F: 3 
16934 12 16946 249 F: 12 
17041 8 17057 77 F: 3 1 4 
17158 10 17168 212 F: 10 
17255 11 17266 330 F: 5 3 3 
17336 4 17340 218 F: 2 2 
17471 12 17495 118 F: 6 6 
17542 10 17582 160 F: 5 1 4 
17698 6 17704 133 F: 2 3 1 
17753 10 17783 115 F: 4 2 4 
17805 5 17825 110 F: 2 3 
17931 7 17938 239 F: 2 2 3 
18080 4 18096 319 F: 4 
18182 4 18198 68 F: 4 
18228 13 18280 291 F: 13 
18343 8 18359 350 F: 8 
18471 11 18493 8 F: 4 3 4 
18563 6 18587 5 F: 6 
18626 7 18633 205 F: 3 3 1 
18757 13 18796 37 F: 13 
18817 8 18849 57 F: 5 3 
18918 7 18946 147 F: 3 4 
19014 4 19030 25 F: 4 
19199 6 19205 147 F: 3 3 
19262 10 19292 8 F: 5 3 2 
19357 3 19360 63 F: 3 
19468 9 19495 128 F: 9 
19528 7 19535 178 F: 7 
19672 10 19702 237 F: 4 3 3 
19742 7 19763 338 F: 2 5 
19805 8 19813 302 F: 5 3 
19957 9 19966 278 F: 9 
20044 7 20065 58 F: 5 1 1 
20111 3 20123 209 F: 3 
20231 9 20240 148 F: 9 
20329 12 20377 173 F: 7 5 
20465 8 20497 120 F: 3 5 
20594 5 20609 244 F: 2 3 
20686 12 20710 282 F: 12 
20729 7 20757 153 F: 7 
20855 9 20891 272 F: 4 4 1 
20931 6 20943 162 F: 4 2 
21096 8 21104 5 F: 3 4 1 
21130 13 21143 257 F: 13 
21294 6 21318 170 F: 4 1 1 
21371 10 21401 8 F: 3 4 3 
21477 11 21521 267 F: 5 3 3 
21586 9 21595 157 F: 2 3 4 
21646 5 21651 103 F: 4 1 
21720 11 21731 49 F: 11 
21827 6 21833 244 F: 4 2 
21965 12 21977 128 F: 5 4 3 
22042 7 22049 186 F: 3 2 2 
22182 8 22206 180 F: 2 2 4 
22272 10 22282 80 F: 5 2 3 
22304 8 22312 72 F: 4 3 1 
22483 8 22507 97 F: 7 1 
22520 7 22548 209 F: 2 5 
22642 9 22651 273 F: 6 3 
22761 10 22791 208 F: 3 3 4 
22844 6 22856 226 F: 3 3 
22918 7 22946 42 F: 7 
23009 3 23012 39 F: 2 1 
23184 8 23192 179 F: 3 5 
23287 8 23319 229 F: 8 
23353 2 23359 242 F: 2 
23478 2 23480 78 F: 2 
23556 11 23567 80 F: 5 6 
23697 8 23713 246 F: 4 3 1 
23700 3 23703 51 F: 3 
23871 10 23891 320 F: 5 2 3 
23948 10 23968 39 F: 4 4 2 
24046 7 24067 258 F: 5 2 
24121 7 24135 222 F: 4 3 
24283 10 24293 25 F: 10 
24343 10 24353 75 F: 10 
24498 11 24509 117 F: 4 3 4 
24561 7 24575 268 F: 6 1 
24652 8 24660 233 F: 3 5 
24777 4 24781 14 F: 2 1 1 
24857 9 24884 13 F: 9 
24941 6 24953 30 F: 2 1 3 
25000 9 25027 137 F: 4 2 3 
25178 10 25188 114 F: 10 
25263 7 25277 71 F: 6 1 
25363 9 25381 123 F: 7 2 
25406 5 25426 64 F: 3 2 
25586 10 25626 88 F: 10 
25645 2 25647 4 F: 2 
25706 8 25714 9 F: 2 4 2 
25836 9 25872 194 F: 4 4 1 
25967 5 25982 192 F: 4 1 
26033 8 26057 32 F: 2 2 4 
26191 6 26209 83 F: 3 3 
26212 10 26232 197 F: 10 
26338 8 26362 178 F: 2 6 
26455 12 26479 321 F: 12 
26578 12 26614 71 F: 6 6 
26628 8 26660 105 F: 2 4 2 
26798 11 26820 343 F: 11 
26843 10 26863 118 F: 10 
26935 7 26949 221 F: 2 2 3 
27045 5 27065 333 F: 4 1 
27146 7 27153 23 F: 6 1 
27263 12 27287 340 F: 6 6 
27318 5 27338 208 F: 2 3 
27497 10 27517 300 F: 5 5 
27563 9 27599 248 F: 4 2 3 
27628 8 27644 123 F: 3 1 4 
27708 12 27720 332 F: 7 5 
27879 6 27891 348 F: 6 
27941 8 27973 58 F: 5 2 1 
28074 2 28082 241 F: 2 
28188 2 28190 298 F: 2 
28294 10 28314 238 F: 3 3 4 
28335 9 28371 338 F: 3 6 
28454 9 28481 333 F: 4 1 4 
28528 2 28536 203 F: 2 
28622 9 28658 162 F: 4 1 4 
28756 10 28796 242 F: 10 
28877 8 28901 85 F: 8 
28960 8 28992 141 F: 8 
29034 6 29058 215 F: 6 
29194 9 29230 278 F: 9 
29273 10 29283 166 F: 5 2 3 
29331 8 29355 297 F: 4 4 
29406 9 29415 172 F: 3 6 
29515 6 29521 342 F: 4 2 
29642 7 29663 163 F: 4 3 
29754 3 29760 23 F: 3 
29825 7 29832 280 F: 4 2 1 
29901 9 29928 239 F: 9 
30063 13 30102 334 F: 13 
30105 7 30119 32 F: 5 1 1 
30217 3 30226 327 F: 3 
30385 13 30398 335 F: 7 6 
30447 10 30467 67 F: 10 
30550 5 30565 58 F: 5 
30689 3 30701 315 F: 3 
30795 9 30822 68 F: 4 5 
30850 4 30862 74 F: 2 2 
30917 9 30944 239 F: 5 2 2 
31000 12 31012 211 F: 7 5 
31119 10 31159 251 F: 3 4 3 
31204 2 31206 105 F: 2 
31320 6 31332 77 F: 3 2 1 
31419 5 31434 266 F: 5 
31528 10 31538 243 F: 10 
31635 8 31659 94 F: 3 3 2 
31710 7 31738 291 F: 2 1 4 
31849 7 31870 146 F: 3 1 3 
31953 13 31966 321 F: 13 
32073 7 32094 30 F: 5 2 
32170 10 32200 252 F: 6 4 
32281 8 32313 241 F: 6 2 
32311 9 32338 80 F: 4 4 1 
32400 6 32406 171 F: 3 1 2 
32550 8 32566 173 F: 3 4 1 
32672 8 32704 170 F: 5 1 2 
32717 12 32753 209 F: 7 5 
32852 7 32859 92 F: 7 
32935 3 32944 194 F: 3 
33068 4 33072 39 F: 4 
33133 9 33169 130 F: 6 3 
33242 12 33278 168 F: 5 4 3 
33329 9 33347 119 F: 5 4 
33447 5 33452 62 F: 4 1 
33568 10 33578 179 F: 10 
33640 5 33645 299 F: 5 
33712 7 33726 152 F: 3 2 2 
33896 12 33920 22 F: 12 
33931 7 33945 236 F: 2 5 
34068 2 34076 261 F: 2 
34158 10 34188 79 F: 7 3 
34228 5 34248 309 F: 2 2 1 
34384 11 34395 134 F: 5 4 2 
34429 5 34449 236 F: 3 2 
34513 2 34517 253 F: 2 
34697 7 34711 90 F: 7 
34754 5 34764 18 F: 5 
34830 10 34860 282 F: 5 5 
34999 4 35015 32 F: 2 1 1 
D: 7 129 
D: 12 180 
D: 14 301 
D: 29 74 
D: 36 57 
D: 46 325 
D: 65 336 
D: 67 206 
D: 74 180 
D: 75 304 
D: 86 196 
D: 93 263 
D: 95 174 
D: 96 226 
D: 102 126 
D: 114 201 
D: 118 222 
D: 126 322 
D: 131 209 
D: 143 225 
D: 149 194 
D: 149 235 
D: 152 295 
D: 174 233 
D: 190 231 
D: 209 277 
D: 212 286 
D: 213 317 
D: 227 236 
D: 239 293 
D: 247 288 
D: 256 317 
D: 264 342 
D: 277 320 
D: 278 329 
