79 7 86 79 F: 2 2 3 
115 6 127 1 F: 4 2 
270 9 279 11 F: 9 
334 6 346 30 F: 2 4 
463 6 481 279 F: 5 1 
545 5 555 336 F: 4 1 
602 10 632 154 F: 6 4 
790 6 802 49 F: 6 
850 3 856 267 F: 3 
936 8 944 266 F: 5 3 
1086 2 1094 268 F: 2 
1135 6 1147 243 F: 3 3 
1207 6 1231 13 F: 3 1 2 
1346 7 1360 170 F: 5 1 1 
1420 12 1432 211 F: 12 
1510 10 1540 256 F: 10 
1655 8 1687 191 F: 7 1 
1791 11 1813 27 F: 5 2 4 
1889 9 1925 227 F: 7 2 
1992 6 2004 231 F: 3 2 1 
2029 9 2056 236 F: 5 2 2 
2175 7 2203 304 F: 3 3 1 
2222 5 2227 164 F: 5 
2308 8 2324 240 F: 3 1 4 
2492 6 2498 143 F: 2 1 3 
2551 2 2555 99 F: 2 
2607 8 2615 350 F: 8 
2781 6 2787 278 F: 4 2 
2888 11 2932 252 F: 5 2 4 
2956 8 2980 91 F: 4 4 
3096 8 3104 337 F: 8 
3120 9 3156 278 F: 4 4 1 
3232 8 3240 222 F: 8 
3393 4 3405 332 F: 2 2 
3486 4 3498 75 F: 3 1 
3553 10 3573 41 F: 10 
3689 10 3719 53 F: 2 4 4 
3754 13 3793 28 F: 13 
3852 5 3867 32 F: 5 
3901 7 3929 43 F: 3 4 
4080 7 4108 222 F: 4 1 2 
4159 9 4186 84 F: 5 3 1 
4213 5 4218 128 F: 3 1 1 
4346 12 4382 277 F: 12 
4488 12 4524 81 F: 4 4 4 
4577 2 4583 2 F: 2 
4652 10 4682 259 F: 5 2 3 
4776 6 4782 16 F: 6 
4830 7 4851 324 F: 7 
4965 10 4975 192 F: 5 3 2 
5014 7 5035 155 F: 3 1 3 
5191 4 5195 272 F: 4 
5233 6 5239 118 F: 6 
5309 13 5335 213 F: 13 
5487 6 5511 149 F: 5 1 
5586 7 5607 94 F: 5 1 1 
5673 7 5694 283 F: 7 
5701 10 5711 190 F: 2 4 4 
5883 6 5901 250 F: 4 2 
5993 3 6005 186 F: 3 
6007 7 6028 328 F: 5 2 
6121 8 6153 187 F: 6 2 
6235 11 6268 219 F: 6 5 
6328 7 6342 119 F: 4 1 2 
6406 12 6454 69 F: 5 3 4 
6510 6 6516 171 F: 4 2 
6671 11 6682 177 F: 11 
6797 12 6845 120 F: 6 6 
6826 4 6842 124 F: 4 
6946 13 6972 113 F: 7 6 
7082 6 7106 118 F: 6 
7144 8 7152 129 F: 2 6 
7221 8 7253 109 F: 2 6 
7354 4 7362 173 F: 4 
7455 6 7461 261 F: 4 2 
7550 9 7577 230 F: 2 4 3 
7628 2 7636 330 F: 2 
7753 6 7765 189 F: 5 1 
7812 11 7856 73 F: 5 4 2 
7967 10 7977 155 F: 5 1 4 
8071 9 8098 149 F: 4 2 3 
8166 8 8190 108 F: 3 5 
8286 5 8306 23 F: 4 1 
8349 11 8382 201 F: 4 3 4 
8407 6 8413 346 F: 2 2 2 
8586 7 8614 136 F: 7 
8638 7 8645 199 F: 4 3 
8713 8 8737 25 F: 4 3 1 
8827 8 8843 147 F: 2 2 4 
8981 12 9029 258 F: 6 6 
9032 10 9072 13 F: 10 
9134 9 9161 301 F: 6 3 
9297 5 9307 234 F: 3 1 1 
9399 10 9419 194 F: 2 4 4 
9426 7 9447 261 F: 3 1 3 
9571 9 9589 172 F: 4 5 
9624 6 9642 306 F: 5 1 
9710 5 9715 44 F: 5 
9831 12 9867 86 F: 5 3 4 
9911 3 9917 343 F: 3 
10077 10 10107 107 F: 5 5 
10152 8 10168 225 F: 8 
10292 11 10325 265 F: 7 4 
10363 8 10379 206 F: 8 
10430 4 10434 52 F: 3 1 
10594 5 10609 29 F: 2 1 2 
10689 7 10703 106 F: 2 2 3 
10701 6 10713 152 F: 2 4 
10850 7 10857 242 F: 4 2 1 
10992 8 11000 13 F: 3 5 
11008 6 11020 227 F: 2 2 2 
11109 8 11117 251 F: 8 
11278 9 11287 303 F: 4 2 3 
11325 8 11349 317 F: 5 3 
11455 9 11473 72 F: 2 4 3 
11595 10 11605 249 F: 6 4 
11645 6 11651 289 F: 4 2 
11758 4 11774 163 F: 2 1 1 
11810 11 11854 143 F: 11 
11999 12 12011 42 F: 12 
12067 8 12091 331 F: 7 1 
12127 10 12137 274 F: 5 5 
12272 13 12311 268 F: 13 
12324 10 12354 95 F: 4 6 
12445 3 12451 210 F: 3 
12545 9 12563 54 F: 6 3 
12642 9 12678 12 F: 9 
12763 10 12803 159 F: 10 
12884 6 12908 131 F: 6 
12922 11 12955 15 F: 11 
13080 11 13091 254 F: 11 
13161 8 13169 14 F: 7 1 
13227 9 13236 292 F: 5 3 1 
13362 10 13392 106 F: 3 4 3 
13441 9 13468 140 F: 5 4 
13564 4 13576 145 F: 4 
13631 12 13667 60 F: 5 3 4 
13722 10 13762 169 F: 2 4 4 
13886 7 13914 257 F: 7 
13938 7 13952 303 F: 3 4 
14031 8 14055 219 F: 8 
14158 9 14167 136 F: 7 2 
14238 13 14264 312 F: 13 
14382 8 14390 77 F: 6 2 
14499 5 14519 206 F: 5 
14582 8 14614 135 F: 5 3 
14602 6 14608 110 F: 2 4 
14745 6 14757 277 F: 6 
14898 8 14922 345 F: 4 4 
14971 12 15007 257 F: 7 5 
15041 7 15055 221 F: 3 1 3 
15137 13 15163 165 F: 13 
15279 9 15288 33 F: 4 4 1 
15367 11 15411 260 F: 7 4 
15461 13 15487 97 F: 5 4 4 
15502 5 15507 319 F: 4 1 
15674 5 15679 221 F: 2 3 
15735 5 15740 4 F: 4 1 
15829 9 15856 146 F: 5 4 
15971 4 15987 173 F: 4 
16026 8 16058 125 F: 5 2 1 
16121 11 16154 243 F: 5 2 4 
16291 9 16327 96 F: 3 4 2 
16384 7 16412 131 F: 7 
16404 5 16424 150 F: 5 
16574 9 16610 194 F: 7 2 
16675 9 16711 13 F: 3 6 
16715 10 16745 96 F: 10 
16867 5 16877 228 F: 2 3 
16963 10 16973 162 F: 5 2 3 
17091 10 17101 229 F: 10 
17162 9 17198 336 F: 4 5 
17205 6 17217 341 F: 5 1 
17374 9 17383 221 F: 9 
17438 11 17460 93 F: 5 4 2 
17510 10 17540 134 F: 2 4 4 
17680 5 17695 45 F: 3 2 
17760 7 17788 70 F: 3 3 1 
17822 6 17846 140 F: 2 3 1 
17953 2 17957 347 F: 2 
18092 9 18101 88 F: 7 2 
18143 6 18149 239 F: 3 2 1 
18232 9 18250 318 F: 9 
18394 10 18404 172 F: 5 4 1 
18485 2 18489 192 F: 2 
18559 8 18583 135 F: 3 2 3 
18629 8 18637 45 F: 5 3 
18795 7 18802 294 F: 3 2 2 
18895 9 18922 4 F: 9 
18935 5 18940 57 F: 3 1 1 
19060 12 19096 183 F: 12 
19197 11 19208 185 F: 4 4 3 
19256 5 19266 200 F: 5 
19309 4 19321 318 F: 4 
19492 4 19500 73 F: 4 
19502 6 19514 167 F: 4 2 
19679 8 19687 347 F: 5 3 
19773 8 19781 63 F: 5 2 1 
19853 5 19863 170 F: 4 1 
19978 5 19998 194 F: 5 
20035 3 20047 83 F: 3 
20196 8 20228 40 F: 6 2 
20203 9 20221 89 F: 5 1 3 
20398 8 20414 30 F: 7 1 
20429 6 20453 58 F: 5 1 
20592 9 20619 137 F: 6 3 
20642 3 20651 175 F: 2 1 
20766 6 20778 62 F: 6 
20872 6 20884 26 F: 2 1 3 
20990 11 21034 85 F: 3 4 4 
21092 12 21128 327 F: 6 6 
21170 2 21178 225 F: 2 
21218 5 21233 216 F: 3 1 1 
21350 7 21357 83 F: 7 
21499 9 21535 317 F: 7 2 
21585 8 21617 175 F: 3 5 
21692 10 21732 268 F: 10 
21745 11 21778 55 F: 7 4 
21847 6 21853 215 F: 3 1 2 
21925 11 21958 156 F: 11 
22012 8 22044 183 F: 4 3 1 
22133 9 22151 131 F: 4 3 2 
22243 9 22279 307 F: 5 1 3 
22330 8 22354 210 F: 7 1 
22455 5 22465 266 F: 3 2 
22559 13 22585 83 F: 5 4 4 
22677 8 22685 274 F: 4 2 2 
22708 7 22722 180 F: 2 5 
22861 5 22871 70 F: 5 
22905 9 22914 138 F: 6 3 
23056 12 23080 292 F: 12 
23152 8 23176 124 F: 2 6 
23202 10 23232 275 F: 4 6 
23334 7 23362 250 F: 2 1 4 
23490 11 23523 50 F: 11 
23579 10 23609 169 F: 10 
23644 12 23656 45 F: 12 
23757 7 23785 239 F: 2 1 4 
23848 12 23872 247 F: 12 
23953 7 23967 137 F: 2 1 4 
24032 12 24056 234 F: 6 6 
24138 10 24158 212 F: 5 5 
24251 6 24263 262 F: 6 
24366 8 24374 59 F: 3 5 
24417 6 24435 12 F: 2 4 
24506 11 24528 192 F: 11 
24627 11 24660 32 F: 5 6 
24710 4 24722 149 F: 3 1 
24846 3 24858 24 F: 3 
24942 13 24981 194 F: 5 4 4 
25059 5 25064 204 F: 5 
25101 8 25133 50 F: 8 
25247 4 25251 332 F: 4 
25308 6 25332 109 F: 3 3 
25445 7 25459 273 F: 4 3 
25539 2 25547 218 F: 2 
25652 13 25704 107 F: 7 6 
25720 10 25760 102 F: 4 3 3 
25806 4 25814 14 F: 4 
25940 7 25947 170 F: 3 2 2 
26051 3 26060 129 F: 2 1 
26122 7 26136 347 F: 2 5 
26264 8 26288 52 F: 3 5 
26336 9 26345 76 F: 2 4 3 
26452 10 26472 211 F: 10 
26573 13 26612 209 F: 7 6 
26652 10 26672 325 F: 7 3 
26711 6 26735 88 F: 2 1 3 
26828 13 26880 234 F: 13 
26909 5 26919 40 F: 5 
27069 7 27090 11 F: 2 2 3 
27171 8 27179 252 F: 6 2 
27236 8 27268 234 F: 4 4 
27384 8 27392 123 F: 5 3 
27432 5 27452 144 F: 2 3 
27583 6 27601 228 F: 2 2 2 
27620 7 27634 107 F: 2 5 
27742 8 27766 23 F: 3 4 1 
27888 8 27920 85 F: 2 6 
27985 6 28009 278 F: 6 
28087 7 28115 61 F: 3 4 
28128 10 28158 35 F: 5 5 
28201 6 28219 49 F: 6 
28349 5 28364 106 F: 5 
28401 4 28417 149 F: 4 
28586 8 28602 262 F: 6 2 
28686 13 28738 16 F: 5 4 4 
28721 11 28743 190 F: 5 2 4 
28825 6 28831 320 F: 3 3 
28907 6 28925 47 F: 4 2 
29095 11 29128 290 F: 5 6 
29102 13 29154 94 F: 13 
29223 9 29259 333 F: 2 4 3 
29394 9 29430 214 F: 9 
29417 8 29449 200 F: 6 2 
29566 11 29599 24 F: 6 5 
29647 8 29679 10 F: 3 4 1 
29705 7 29733 292 F: 5 2 
29814 9 29841 116 F: 4 4 1 
29951 9 29960 80 F: 3 3 3 
30059 6 30071 334 F: 5 1 
30153 7 30160 55 F: 3 3 1 
30283 4 30299 251 F: 4 
30386 7 30400 166 F: 3 4 
30447 6 30465 171 F: 6 
30570 9 30606 266 F: 4 4 1 
30673 6 30697 141 F: 2 1 3 
30731 4 30747 25 F: 3 1 
30856 10 30866 41 F: 10 
30938 8 30946 155 F: 4 3 1 
31058 11 31102 116 F: 4 4 3 
31100 8 31116 168 F: 3 4 1 
31292 7 31306 70 F: 5 2 
31336 7 31364 322 F: 2 3 2 
31413 10 31453 78 F: 4 3 3 
31539 13 31552 315 F: 13 
31651 6 31657 320 F: 2 2 2 
31735 11 31768 288 F: 7 4 
31810 9 31828 88 F: 4 4 1 
31978 11 32022 104 F: 7 4 
32094 8 32126 78 F: 5 2 1 
32135 10 32155 36 F: 5 1 4 
32246 9 32255 32 F: 3 4 2 
32372 8 32388 315 F: 5 1 2 
32472 6 32478 317 F: 6 
32560 7 32567 139 F: 2 4 1 
32658 8 32690 47 F: 3 5 
32737 5 32747 226 F: 3 2 
32879 13 32892 16 F: 13 
32978 10 32988 28 F: 5 2 3 
33025 9 33043 215 F: 3 6 
33159 7 33173 164 F: 3 2 2 
33273 5 33278 137 F: 5 
33367 9 33403 309 F: 3 6 
33425 9 33434 192 F: 4 1 4 
33556 8 33572 35 F: 3 5 
33636 6 33642 148 F: 6 
33708 10 33748 330 F: 10 
33893 5 33898 232 F: 5 
33978 6 33996 129 F: 4 2 
34046 8 34054 328 F: 3 2 3 
34180 10 34210 267 F: 10 
34268 6 34286 286 F: 6 
34347 3 34359 54 F: 3 
34416 7 34423 180 F: 3 3 1 
34561 5 34571 89 F: 4 1 
34663 6 34681 171 F: 2 4 
34705 6 34723 194 F: 5 1 
34813 10 34833 181 F: 10 
34985 9 34994 111 F: 9 
D: 0 347 
D: 1 99 
D: 7 312 
D: 8 333 
D: 9 230 
D: 10 344 
D: 12 199 
D: 18 254 
D: 26 274 
D: 27 151 
D: 36 101 
D: 42 120 
D: 62 315 
D: 73 218 
D: 77 142 
D: 82 211 
D: 97 342 
D: 102 242 
D: 104 292 
D: 113 293 
D: 125 138 
D: 128 302 
D: 134 161 
D: 139 141 
D: 149 248 
D: 151 265 
D: 166 168 
D: 171 332 
D: 172 182 
D: 175 265 
D: 178 270 
D: 184 201 
D: 188 284 
D: 249 327 
D: 265 276 
