75 2 79 170 F: 2 
143 3 152 19 F: 3 
293 12 341 85 F: 7 5 
382 5 392 6 F: 5 
449 10 469 139 F: 4 6 
512 11 556 77 F: 11 
647 6 653 88 F: 4 1 1 
714 10 744 250 F: 10 
849 5 869 339 F: 5 
953 9 971 340 F: 7 2 
1069 6 1093 326 F: 3 3 
1152 10 1162 274 F: 10 
1278 5 1298 162 F: 3 2 
1393 10 1423 111 F: 6 4 
1420 11 1453 279 F: 5 2 4 
1535 8 1567 14 F: 4 4 
1604 13 1643 181 F: 13 
1735 11 1757 105 F: 5 4 2 
1862 8 1878 31 F: 5 3 
1952 6 1964 168 F: 2 4 
2065 7 2079 211 F: 5 1 1 
2199 9 2208 282 F: 3 4 2 
2218 10 2228 149 F: 10 
2382 11 2393 24 F: 4 3 4 
2467 4 2483 265 F: 3 1 
2519 11 2563 142 F: 6 5 
2659 11 2692 166 F: 5 6 
2745 2 2753 291 F: 2 
2802 2 2810 197 F: 2 
2995 6 3013 263 F: 2 4 
3044 10 3054 126 F: 4 6 
3126 7 3147 46 F: 4 1 2 
3259 11 3281 171 F: 11 
3374 5 3384 296 F: 4 1 
3442 5 3457 128 F: 5 
3589 5 3604 249 F: 5 
3647 12 3671 131 F: 12 
3702 6 3714 180 F: 5 1 
3825 9 3861 175 F: 7 2 
3943 8 3959 68 F: 7 1 
4051 5 4061 34 F: 2 1 2 
4131 4 4135 19 F: 4 
4215 8 4223 342 F: 8 
4306 4 4322 320 F: 4 
4442 6 4460 90 F: 6 
4586 8 4594 224 F: 6 2 
4638 7 4659 57 F: 4 1 2 
4738 13 4777 202 F: 13 
4818 9 4854 181 F: 5 4 
4900 8 4932 44 F: 4 2 2 
5035 6 5053 157 F: 6 
5181 2 5189 138 F: 2 
5249 13 5288 341 F: 13 
5366 9 5393 25 F: 4 1 4 
5427 10 5447 333 F: 3 4 3 
5597 9 5606 131 F: 4 5 
5632 11 5676 238 F: 4 4 3 
5715 10 5745 186 F: 7 3 
5808 4 5816 197 F: 4 
5930 8 5954 142 F: 3 4 1 
6039 6 6051 321 F: 2 3 1 
6175 12 6223 33 F: 12 
6202 11 6246 264 F: 11 
6378 8 6410 184 F: 8 
6460 10 6480 172 F: 10 
6581 11 6592 7 F: 6 5 
6634 4 6646 110 F: 2 1 1 
6776 12 6812 4 F: 4 4 4 
6818 11 6862 312 F: 11 
6949 12 6973 87 F: 6 6 
7032 9 7041 267 F: 5 4 
7167 10 7177 220 F: 5 1 4 
7214 8 7222 176 F: 2 2 4 
7347 5 7367 248 F: 3 1 1 
7451 9 7478 267 F: 4 1 4 
7536 10 7576 218 F: 5 5 
7699 6 7705 245 F: 6 
7718 6 7724 142 F: 2 1 3 
7877 8 7885 3 F: 8 
7900 10 7940 280 F: 5 3 2 
8013 8 8037 346 F: 5 2 1 
8158 10 8168 280 F: 3 3 4 
8229 5 8239 313 F: 5 
8387 8 8411 63 F: 3 1 4 
8482 5 8502 150 F: 3 2 
8565 8 8581 78 F: 4 3 1 
8670 7 8698 267 F: 6 1 
8701 8 8733 145 F: 3 5 
8838 9 8865 327 F: 5 2 2 
8955 9 8973 32 F: 5 2 2 
9048 13 9061 150 F: 13 
9165 4 9169 348 F: 4 
9277 4 9289 304 F: 4 
9350 6 9356 15 F: 4 2 
9458 11 9502 188 F: 7 4 
9526 6 9544 25 F: 6 
9600 7 9621 84 F: 4 3 
9751 6 9775 137 F: 5 1 
9805 11 9827 48 F: 11 
9918 8 9950 175 F: 3 3 2 
10013 7 10027 222 F: 4 1 2 
10114 8 10138 5 F: 8 
10236 9 10263 30 F: 9 
10308 9 10335 265 F: 7 2 
10408 9 10426 174 F: 3 6 
10587 10 10627 299 F: 4 6 
10683 13 10696 166 F: 13 
10776 13 10789 343 F: 13 
10859 8 10891 339 F: 5 3 
10917 5 10922 153 F: 5 
11025 10 11035 198 F: 10 
11199 13 11251 22 F: 5 4 4 
11255 4 11259 160 F: 4 
11368 12 11416 65 F: 5 3 4 
11480 8 11504 311 F: 8 
11549 11 11571 26 F: 5 6 
11664 10 11704 161 F: 10 
11770 9 11806 156 F: 6 3 
11853 7 11867 327 F: 5 1 1 
11943 11 11954 218 F: 6 5 
12030 5 12040 53 F: 5 
12146 4 12150 120 F: 3 1 
12267 12 12291 185 F: 7 5 
12374 6 12386 115 F: 6 
12432 8 12448 313 F: 2 3 3 
12551 10 12591 318 F: 7 3 
12615 7 12643 226 F: 7 
12722 13 12774 10 F: 7 6 
12836 3 12848 212 F: 3 
12932 12 12944 123 F: 6 6 
13088 9 13115 2 F: 2 4 3 
13166 9 13184 271 F: 5 3 1 
13279 9 13306 113 F: 9 
13344 6 13356 265 F: 4 2 
13415 2 13423 112 F: 2 
13597 7 13625 222 F: 5 2 
13669 10 13689 346 F: 3 4 3 
13776 12 13812 115 F: 12 
13878 7 13899 263 F: 3 4 
13955 9 13964 158 F: 9 
14077 7 14084 200 F: 2 1 4 
14165 5 14175 173 F: 5 
14269 5 14289 20 F: 5 
14328 7 14356 114 F: 7 
14442 8 14450 198 F: 4 4 
14560 6 14572 277 F: 4 2 
14658 9 14685 341 F: 9 
14748 8 14764 273 F: 7 1 
14844 3 14853 1 F: 3 
14983 11 15005 222 F: 11 
15073 11 15084 7 F: 11 
15108 12 15132 286 F: 12 
15215 9 15242 172 F: 5 1 3 
15396 10 15436 135 F: 3 3 4 
15422 9 15449 206 F: 3 2 4 
15543 4 15551 268 F: 3 1 
15691 10 15721 182 F: 10 
15722 8 15754 51 F: 7 1 
15846 8 15862 2 F: 8 
15978 8 16010 88 F: 5 3 
16059 5 16079 84 F: 4 1 
16145 8 16161 282 F: 8 
16225 10 16265 63 F: 2 4 4 
16337 10 16357 15 F: 5 5 
16461 8 16485 264 F: 3 2 3 
16570 11 16614 87 F: 11 
16624 8 16648 209 F: 2 2 4 
16737 5 16757 267 F: 5 
16889 6 16913 250 F: 6 
16976 12 17000 147 F: 7 5 
17048 4 17056 101 F: 2 2 
17170 7 17184 151 F: 4 3 
17257 6 17269 320 F: 2 3 1 
17366 2 17368 261 F: 2 
17491 13 17543 190 F: 13 
17597 13 17610 188 F: 13 
17607 8 17631 295 F: 4 4 
17792 10 17832 111 F: 5 5 
17871 8 17903 198 F: 2 6 
17944 2 17946 166 F: 2 
18000 10 18040 123 F: 4 6 
18138 3 18144 173 F: 3 
18222 12 18258 146 F: 12 
18386 8 18410 198 F: 8 
18415 9 18424 246 F: 4 5 
18559 11 18581 21 F: 11 
18609 9 18636 134 F: 4 4 1 
18714 9 18741 110 F: 7 2 
18867 8 18899 92 F: 5 3 
18909 5 18919 52 F: 2 2 1 
19032 7 19046 289 F: 4 2 1 
19199 8 19223 318 F: 3 1 4 
19299 12 19335 182 F: 5 4 3 
19337 8 19353 213 F: 5 1 2 
19471 9 19480 341 F: 5 4 
19565 11 19598 86 F: 11 
19695 10 19735 189 F: 4 6 
19796 7 19810 187 F: 7 
19876 10 19886 30 F: 6 4 
19949 7 19970 222 F: 7 
20004 6 20010 103 F: 3 3 
20132 7 20153 29 F: 4 1 2 
20288 10 20318 169 F: 10 
20321 9 20330 230 F: 5 2 2 
20432 10 20452 322 F: 4 4 2 
20596 4 20612 27 F: 3 1 
20669 8 20701 307 F: 3 4 1 
20714 13 20753 142 F: 13 
20805 6 20817 47 F: 6 
20992 5 21002 166 F: 2 2 1 
21097 6 21115 78 F: 2 4 
21118 7 21146 348 F: 4 3 
21221 13 21234 17 F: 13 
21339 11 21372 204 F: 6 5 
21458 5 21468 124 F: 2 1 2 
21576 8 21608 196 F: 5 3 
21665 12 21677 241 F: 4 4 4 
21713 8 21729 54 F: 8 
21869 13 21895 275 F: 13 
21901 8 21917 273 F: 2 4 2 
22081 12 22117 212 F: 5 3 4 
22102 11 22113 190 F: 3 4 4 
22266 5 22286 323 F: 5 
22358 13 22371 301 F: 7 6 
22440 9 22467 122 F: 3 6 
22519 7 22526 9 F: 5 1 1 
22619 12 22667 95 F: 7 5 
22723 2 22727 96 F: 2 
22852 8 22868 300 F: 2 2 4 
22989 8 23005 335 F: 8 
23011 4 23023 319 F: 4 
23163 8 23195 205 F: 8 
23264 8 23288 263 F: 2 3 3 
23322 2 23324 234 F: 2 
23471 11 23482 46 F: 5 6 
23569 12 23593 287 F: 4 4 4 
23650 3 23656 167 F: 3 
23731 4 23743 245 F: 4 
23820 8 23852 172 F: 3 4 1 
23976 8 24008 213 F: 8 
24071 7 24085 239 F: 4 1 2 
24128 9 24137 192 F: 9 
24208 6 24226 265 F: 6 
24339 8 24363 23 F: 8 
24428 2 24432 112 F: 2 
24518 13 24531 303 F: 5 4 4 
24692 7 24699 216 F: 7 
24729 3 24735 254 F: 3 
24852 10 24862 269 F: 10 
24916 7 24930 73 F: 3 4 
25032 10 25062 176 F: 4 4 2 
25103 4 25107 62 F: 2 2 
25245 8 25277 201 F: 3 2 3 
25392 7 25406 335 F: 7 
25462 10 25482 253 F: 10 
25559 12 25583 300 F: 12 
25680 13 25693 11 F: 13 
25795 13 25834 50 F: 13 
25832 12 25856 227 F: 5 3 4 
25906 5 25911 235 F: 3 2 
26043 6 26067 277 F: 4 2 
26127 2 26131 129 F: 2 
26298 6 26304 103 F: 4 1 1 
26333 9 26369 206 F: 9 
26422 7 26429 71 F: 5 1 1 
26553 3 26559 320 F: 3 
26644 9 26671 114 F: 3 6 
26712 13 26725 91 F: 13 
26858 3 26867 89 F: 3 
26989 10 27009 209 F: 5 2 3 
27018 7 27039 143 F: 6 1 
27195 8 27203 143 F: 8 
27229 9 27238 47 F: 4 1 4 
27342 6 27366 235 F: 2 4 
27457 8 27489 201 F: 8 
27599 7 27606 289 F: 7 
27611 6 27629 19 F: 3 3 
27791 8 27807 340 F: 3 2 3 
27823 10 27843 96 F: 7 3 
27944 8 27976 319 F: 4 2 2 
28095 3 28104 273 F: 3 
28138 8 28146 299 F: 7 1 
28266 4 28274 193 F: 4 
28364 8 28396 90 F: 3 5 
28404 9 28440 23 F: 3 4 2 
28552 8 28568 287 F: 3 3 2 
28626 11 28648 51 F: 11 
28765 11 28798 213 F: 11 
28868 8 28884 344 F: 7 1 
28979 10 29009 63 F: 5 4 1 
29026 12 29074 186 F: 12 
29116 9 29143 147 F: 9 
29222 4 29230 242 F: 2 1 1 
29313 11 29357 256 F: 11 
29448 4 29460 214 F: 4 
29532 8 29548 194 F: 6 2 
29682 13 29734 130 F: 7 6 
29717 5 29732 51 F: 2 2 1 
29811 8 29819 97 F: 8 
29965 8 29973 38 F: 2 2 4 
30065 11 30098 72 F: 4 3 4 
30163 13 30189 7 F: 13 
30291 9 30318 107 F: 5 2 2 
30310 11 30343 59 F: 5 2 4 
30475 6 30481 147 F: 6 
30527 9 30554 130 F: 5 4 
30659 8 30683 333 F: 8 
30701 2 30703 58 F: 2 
30899 8 30915 258 F: 4 2 2 
30923 9 30959 246 F: 3 6 
31081 10 31121 167 F: 5 5 
31149 9 31185 142 F: 5 1 3 
31299 9 31326 35 F: 4 4 1 
31399 5 31409 272 F: 5 
31487 12 31511 184 F: 12 
31555 8 31587 21 F: 8 
31651 7 31658 173 F: 4 3 
31725 12 31737 8 F: 12 
31866 11 31899 188 F: 11 
31916 13 31968 37 F: 13 
32049 9 32085 99 F: 2 4 3 
32169 5 32189 270 F: 4 1 
32256 2 32262 233 F: 2 
32394 12 32442 294 F: 12 
32439 7 32446 188 F: 2 1 4 
32563 12 32599 234 F: 6 6 
32615 10 32625 276 F: 10 
32779 5 32794 257 F: 3 2 
32873 9 32882 256 F: 9 
32955 9 32982 318 F: 5 4 
33093 11 33104 291 F: 11 
33110 8 33126 213 F: 5 1 2 
33298 7 33319 233 F: 2 5 
33349 13 33375 216 F: 7 6 
33427 3 33433 237 F: 3 
33567 9 33594 129 F: 6 3 
33636 10 33666 51 F: 6 4 
33756 12 33792 45 F: 6 6 
33850 11 33894 41 F: 7 4 
33989 10 34009 161 F: 4 3 3 
34014 6 34020 152 F: 3 1 2 
34110 10 34130 188 F: 4 3 3 
34202 4 34214 159 F: 4 
34355 5 34360 75 F: 2 3 
34424 7 34438 154 F: 4 2 1 
34593 10 34623 35 F: 3 3 4 
34651 7 34658 16 F: 2 5 
34758 7 34786 4 F: 2 5 
34880 13 34919 104 F: 13 
34952 2 34958 141 F: 2 
D: 3 103 
D: 6 7 
D: 8 40 
D: 8 303 
D: 14 22 
D: 17 155 
D: 17 279 
D: 20 40 
D: 20 78 
D: 22 51 
D: 22 164 
D: 32 189 
D: 39 134 
D: 43 221 
D: 48 299 
D: 54 226 
D: 75 260 
D: 84 119 
D: 85 212 
D: 96 281 
D: 110 330 
D: 119 226 
D: 121 163 
D: 121 195 
D: 129 310 
D: 163 308 
D: 169 296 
D: 173 280 
D: 180 228 
D: 188 260 
D: 189 288 
D: 229 296 
D: 259 330 
D: 269 283 
D: 331 347 
