33 11 77 3 F: 3 4 4 
102 4 114 298 F: 4 
262 4 274 220 F: 2 2 
317 7 324 224 F: 3 4 
439 4 451 321 F: 2 2 
579 11 612 116 F: 11 
664 7 692 4 F: 2 5 
771 3 780 190 F: 3 
867 8 875 139 F: 3 2 3 
984 8 992 281 F: 4 4 
1045 10 1075 91 F: 10 
1112 5 1122 280 F: 2 2 1 
1205 5 1220 16 F: 3 1 1 
1381 8 1397 210 F: 3 5 
1483 8 1499 41 F: 6 2 
1517 11 1550 309 F: 11 
1650 7 1671 24 F: 5 2 
1717 5 1722 261 F: 4 1 
1884 12 1896 337 F: 12 
1993 10 2033 6 F: 7 3 
2032 5 2037 344 F: 2 2 1 
2159 7 2173 8 F: 2 3 2 
2269 7 2283 299 F: 2 1 4 
2397 13 2449 95 F: 7 6 
2459 6 2477 75 F: 4 2 
2586 6 2598 295 F: 3 3 
2697 4 2709 204 F: 4 
2756 11 2778 303 F: 5 6 
2871 13 2923 18 F: 13 
2930 9 2966 324 F: 4 1 4 
3052 7 3073 46 F: 2 5 
3168 4 3180 223 F: 4 
3246 6 3270 149 F: 2 2 2 
3350 10 3370 154 F: 4 6 
3443 6 3467 230 F: 6 
3598 8 3622 85 F: 3 2 3 
3624 6 3642 198 F: 3 3 
3798 12 3846 136 F: 5 4 3 
3864 10 3884 70 F: 10 
3919 10 3929 257 F: 3 3 4 
4089 9 4107 270 F: 7 2 
4163 9 4199 338 F: 9 
4207 6 4219 282 F: 6 
4369 6 4393 328 F: 6 
4484 10 4524 200 F: 2 4 4 
4543 10 4553 129 F: 5 1 4 
4680 11 4702 176 F: 11 
4731 9 4740 65 F: 9 
4864 5 4879 201 F: 3 1 1 
4953 7 4974 128 F: 7 
5060 13 5099 264 F: 5 4 4 
5192 3 5201 23 F: 3 
5257 4 5261 141 F: 2 1 1 
5357 7 5385 293 F: 7 
5450 9 5459 31 F: 6 3 
5538 11 5560 190 F: 4 3 4 
5639 7 5653 222 F: 2 1 4 
5715 9 5724 84 F: 5 4 
5898 12 5922 345 F: 6 6 
5989 7 5996 42 F: 6 1 
6061 8 6069 320 F: 5 3 
6164 6 6176 96 F: 6 
6233 10 6273 302 F: 10 
6310 10 6330 3 F: 4 3 3 
6498 7 6526 131 F: 4 3 
6541 13 6593 20 F: 13 
6616 8 6632 261 F: 3 1 4 
6713 7 6741 123 F: 2 4 1 
6808 8 6832 252 F: 8 
6938 12 6962 302 F: 4 4 4 
7017 8 7041 316 F: 4 1 3 
7114 8 7122 330 F: 3 2 3 
7249 5 7259 40 F: 2 1 2 
7334 11 7378 320 F: 5 4 2 
7483 8 7499 305 F: 4 4 
7546 11 7590 47 F: 4 4 3 
7628 12 7652 308 F: 12 
7719 12 7743 323 F: 6 6 
7839 10 7859 290 F: 6 4 
7953 11 7975 293 F: 5 6 
8077 3 8086 148 F: 3 
8127 5 8142 187 F: 2 1 2 
8275 6 8293 31 F: 5 1 
8354 10 8374 64 F: 10 
8482 9 8518 243 F: 6 3 
8512 7 8526 331 F: 3 4 
8624 6 8648 286 F: 3 3 
8704 11 8715 258 F: 6 5 
8875 8 8883 117 F: 2 4 2 
8999 13 9051 232 F: 5 4 4 
9024 8 9032 345 F: 3 3 2 
9107 3 9116 86 F: 3 
9217 6 9223 270 F: 6 
9353 11 9375 97 F: 7 4 
9452 6 9470 100 F: 6 
9563 6 9581 283 F: 3 3 
9692 7 9699 4 F: 3 3 1 
9723 9 9732 101 F: 4 1 4 
9843 11 9854 12 F: 5 3 3 
9975 10 10015 177 F: 3 3 4 
10078 12 10090 72 F: 5 3 4 
10185 6 10203 254 F: 6 
10276 10 10316 145 F: 4 3 3 
10399 10 10419 158 F: 5 5 
10496 5 10511 184 F: 2 1 2 
10565 8 10573 56 F: 8 
10666 13 10705 295 F: 13 
10737 7 10751 67 F: 2 1 4 
10871 6 10895 71 F: 5 1 
10966 9 11002 134 F: 6 3 
11065 10 11095 140 F: 10 
11100 10 11130 50 F: 4 4 2 
11252 12 11276 172 F: 12 
11377 12 11413 325 F: 5 4 3 
11426 4 11442 196 F: 4 
11514 2 11516 150 F: 2 
11639 11 11683 173 F: 5 4 2 
11779 7 11793 194 F: 2 5 
11809 9 11845 240 F: 2 3 4 
11926 9 11953 69 F: 3 6 
12042 6 12066 74 F: 5 1 
12137 7 12165 284 F: 3 3 1 
12266 10 12296 146 F: 2 4 4 
12328 4 12344 189 F: 4 
12436 6 12442 225 F: 6 
12592 9 12610 62 F: 2 4 3 
12648 10 12658 189 F: 10 
12776 2 12782 128 F: 2 
12812 6 12830 4 F: 3 3 
12976 8 13008 312 F: 3 5 
13011 7 13032 333 F: 3 1 3 
13103 12 13139 307 F: 4 4 4 
13279 11 13301 58 F: 4 3 4 
13330 4 13342 339 F: 4 
13415 7 13422 211 F: 3 4 
13548 8 13556 112 F: 4 4 
13642 9 13660 230 F: 3 6 
13759 7 13780 305 F: 7 
13839 13 13852 178 F: 7 6 
13984 10 14024 202 F: 7 3 
14088 11 14099 258 F: 5 6 
14153 8 14185 81 F: 2 4 2 
14227 13 14266 59 F: 13 
14352 6 14358 113 F: 6 
14410 8 14434 176 F: 4 2 2 
14526 6 14532 218 F: 3 2 1 
14626 10 14646 136 F: 3 3 4 
14756 6 14780 14 F: 4 2 
14875 11 14908 250 F: 5 6 
14942 9 14960 280 F: 5 4 
15039 10 15059 77 F: 5 3 2 
15179 2 15181 230 F: 2 
15220 11 15242 241 F: 11 
15311 9 15329 229 F: 9 
15481 8 15497 180 F: 3 4 1 
15536 10 15566 310 F: 2 4 4 
15645 11 15667 305 F: 11 
15713 2 15719 202 F: 2 
15831 5 15846 279 F: 4 1 
15963 13 16002 10 F: 7 6 
16076 9 16094 1 F: 5 4 
16165 9 16174 247 F: 9 
16230 3 16233 270 F: 3 
16380 9 16407 71 F: 4 5 
16445 4 16449 89 F: 4 
16560 10 16570 215 F: 5 1 4 
16653 5 16673 171 F: 3 1 1 
16703 13 16742 308 F: 13 
16890 7 16911 86 F: 6 1 
16996 8 17012 121 F: 4 2 2 
17049 11 17060 282 F: 5 6 
17168 3 17174 313 F: 3 
17245 5 17255 295 F: 4 1 
17347 11 17380 143 F: 11 
17487 10 17527 6 F: 6 4 
17526 6 17544 5 F: 3 3 
17656 6 17668 131 F: 6 
17706 7 17720 109 F: 6 1 
17834 10 17844 326 F: 10 
17946 3 17958 56 F: 2 1 
18059 4 18063 169 F: 2 2 
18114 11 18158 260 F: 6 5 
18210 8 18234 181 F: 2 6 
18321 12 18369 319 F: 4 4 4 
18476 6 18500 108 F: 4 2 
18588 11 18632 118 F: 7 4 
18658 7 18679 131 F: 3 3 1 
18735 10 18775 90 F: 10 
18865 5 18875 23 F: 2 3 
18967 11 19011 262 F: 5 2 4 
19082 10 19112 172 F: 2 4 4 
19120 3 19129 248 F: 3 
19283 13 19296 258 F: 13 
19377 10 19407 350 F: 10 
19413 4 19417 274 F: 2 2 
19590 6 19596 270 F: 2 1 3 
19684 10 19694 11 F: 2 4 4 
19753 7 19767 246 F: 2 1 4 
19841 9 19877 327 F: 4 2 3 
19917 5 19932 16 F: 5 
20066 10 20086 302 F: 7 3 
20188 10 20208 127 F: 4 6 
20212 11 20234 79 F: 7 4 
20344 9 20353 87 F: 2 4 3 
20441 7 20469 301 F: 2 1 4 
20575 11 20597 184 F: 4 3 4 
20676 9 20712 175 F: 4 1 4 
20775 11 20819 8 F: 5 6 
20867 8 20875 254 F: 7 1 
20990 12 21002 263 F: 6 6 
21023 12 21035 264 F: 12 
21194 10 21234 164 F: 7 3 
21201 8 21209 247 F: 2 3 3 
21338 7 21352 136 F: 7 
21412 7 21433 219 F: 3 4 
21522 8 21538 185 F: 2 4 2 
21629 9 21638 54 F: 5 4 
21734 2 21738 171 F: 2 
21805 9 21841 78 F: 9 
21916 8 21940 15 F: 3 5 
22061 5 22066 344 F: 5 
22110 10 22140 59 F: 6 4 
22281 8 22289 330 F: 4 4 
22398 6 22422 162 F: 6 
22433 9 22451 56 F: 9 
22527 11 22560 283 F: 11 
22654 6 22678 266 F: 3 1 2 
22723 8 22747 198 F: 7 1 
22851 9 22878 344 F: 3 3 3 
22982 11 23026 264 F: 7 4 
23027 7 23034 161 F: 3 4 
23131 13 23170 253 F: 13 
23248 7 23262 329 F: 4 3 
23314 11 23358 82 F: 5 6 
23450 9 23468 95 F: 5 3 1 
23596 7 23610 349 F: 6 1 
23666 6 23678 107 F: 2 1 3 
23784 3 23787 204 F: 2 1 
23869 12 23905 1 F: 12 
23908 9 23935 100 F: 4 5 
24084 7 24112 228 F: 3 1 3 
24141 12 24153 243 F: 7 5 
24226 11 24248 80 F: 6 5 
24388 5 24398 282 F: 2 1 2 
24462 12 24498 73 F: 12 
24545 11 24589 229 F: 7 4 
24603 10 24633 3 F: 7 3 
24790 11 24801 92 F: 3 4 4 
24872 12 24920 31 F: 12 
24905 8 24913 223 F: 4 1 3 
25054 8 25078 67 F: 8 
25149 10 25159 311 F: 4 6 
25202 6 25208 269 F: 5 1 
25339 3 25342 1 F: 2 1 
25473 12 25497 13 F: 12 
25573 8 25589 334 F: 5 3 
25612 5 25622 19 F: 3 2 
25710 6 25716 259 F: 2 1 3 
25890 5 25905 109 F: 4 1 
25976 12 26000 174 F: 5 3 4 
26084 4 26096 341 F: 2 2 
26163 3 26172 39 F: 3 
26273 7 26294 108 F: 2 1 4 
26360 13 26386 285 F: 13 
26443 10 26483 174 F: 4 6 
26529 8 26537 239 F: 8 
26605 7 26633 164 F: 7 
26733 11 26744 238 F: 5 3 3 
26824 10 26834 229 F: 5 4 1 
26900 10 26940 342 F: 6 4 
27039 2 27043 314 F: 2 
27174 9 27183 194 F: 6 3 
27231 9 27249 195 F: 9 
27357 10 27367 117 F: 6 4 
27456 9 27483 222 F: 9 
27583 6 27595 81 F: 2 1 3 
27637 8 27661 348 F: 4 1 3 
27731 4 27747 123 F: 2 1 1 
27832 8 27848 88 F: 4 4 
27929 12 27941 61 F: 12 
28022 4 28038 121 F: 4 
28164 13 28177 234 F: 13 
28223 10 28233 327 F: 3 4 3 
28339 3 28348 254 F: 3 
28476 8 28508 55 F: 2 6 
28552 11 28585 308 F: 5 2 4 
28684 6 28702 232 F: 2 1 3 
28738 12 28774 137 F: 5 3 4 
28802 12 28850 178 F: 4 4 4 
28951 7 28979 119 F: 4 3 
29010 6 29016 340 F: 6 
29131 2 29135 213 F: 2 
29201 4 29205 205 F: 4 
29388 9 29406 142 F: 3 4 2 
29451 5 29461 7 F: 4 1 
29559 10 29569 180 F: 10 
29653 6 29671 16 F: 3 1 2 
29743 6 29755 234 F: 6 
29814 6 29838 132 F: 6 
29971 7 29978 312 F: 3 4 
30069 9 30105 194 F: 3 2 4 
30192 6 30216 350 F: 6 
30237 5 30257 22 F: 2 1 2 
30357 9 30393 24 F: 4 5 
30449 10 30469 299 F: 5 2 3 
30571 9 30580 344 F: 9 
30671 3 30683 236 F: 2 1 
30701 8 30717 237 F: 5 1 2 
30843 6 30867 99 F: 4 1 1 
30907 3 30916 69 F: 3 
31023 7 31030 337 F: 4 1 2 
31125 8 31157 125 F: 3 1 4 
31287 9 31296 277 F: 5 1 3 
31373 5 31388 119 F: 5 
31422 9 31440 62 F: 5 4 
31588 12 31624 228 F: 12 
31635 11 31668 161 F: 4 4 3 
31758 13 31797 74 F: 13 
31865 8 31873 119 F: 5 2 1 
31995 4 32011 130 F: 4 
32070 8 32102 341 F: 2 2 4 
32120 3 32126 137 F: 3 
32261 8 32277 236 F: 2 4 2 
32383 5 32403 131 F: 5 
32407 5 32427 227 F: 2 1 2 
32502 10 32532 196 F: 7 3 
32697 13 32723 158 F: 7 6 
32708 10 32718 203 F: 7 3 
32860 13 32899 133 F: 7 6 
32934 11 32945 56 F: 11 
33052 10 33062 193 F: 5 3 2 
33129 7 33157 212 F: 2 5 
33235 7 33263 9 F: 2 1 4 
33321 10 33341 218 F: 10 
33436 3 33445 129 F: 2 1 
33502 9 33520 306 F: 3 3 3 
33645 10 33685 237 F: 4 3 3 
33781 9 33808 308 F: 5 3 1 
33850 13 33902 313 F: 13 
33929 13 33955 152 F: 13 
34093 5 34108 304 F: 5 
34195 7 34202 82 F: 7 
34252 4 34260 201 F: 2 2 
34358 10 34378 245 F: 3 3 4 
34455 9 34491 34 F: 3 2 4 
34502 10 34542 343 F: 2 4 4 
34655 11 34677 69 F: 11 
34771 4 34775 350 F: 4 
34865 9 34883 106 F: 3 6 
34962 7 34969 158 F: 3 1 3 
D: 5 71 
D: 18 259 
D: 26 207 
D: 49 222 
D: 50 127 
D: 65 327 
D: 65 340 
D: 75 107 
D: 77 118 
D: 80 196 
D: 82 218 
D: 94 203 
D: 102 185 
D: 103 316 
D: 106 139 
D: 106 217 
D: 115 256 
D: 118 256 
D: 124 167 
D: 146 198 
D: 154 235 
D: 157 239 
D: 167 267 
D: 179 197 
D: 194 333 
D: 196 271 
D: 198 327 
D: 218 240 
D: 218 347 
D: 219 298 
D: 223 291 
D: 233 310 
D: 235 276 
D: 238 314 
D: 302 333 
