29 13 68 239 F: 7 6 
175 2 179 343 F: 2 
225 5 230 256 F: 5 
381 12 417 120 F: 12 
408 3 414 23 F: 3 
514 4 518 237 F: 4 
669 7 683 220 F: 3 4 
760 9 778 116 F: 9 
860 11 882 339 F: 5 4 2 
982 7 1003 294 F: 6 1 
1080 7 1087 293 F: 7 
1117 11 1139 214 F: 11 
1209 8 1225 287 F: 8 
1363 11 1385 342 F: 5 4 2 
1496 7 1517 111 F: 6 1 
1571 7 1592 277 F: 5 1 1 
1635 10 1655 74 F: 4 2 4 
1704 10 1744 76 F: 7 3 
1833 9 1842 83 F: 9 
1916 6 1940 112 F: 4 2 
2091 9 2100 290 F: 5 3 1 
2152 8 2168 235 F: 3 1 4 
2292 8 2308 233 F: 3 5 
2315 7 2322 323 F: 5 1 1 
2420 8 2444 145 F: 6 2 
2549 10 2559 85 F: 4 3 3 
2615 8 2631 40 F: 3 4 1 
2730 6 2736 347 F: 5 1 
2864 3 2870 198 F: 3 
2901 7 2929 192 F: 3 3 1 
3008 9 3026 259 F: 3 6 
3171 3 3180 75 F: 2 1 
3206 8 3230 9 F: 7 1 
3380 7 3394 268 F: 2 4 1 
3444 9 3471 133 F: 4 3 2 
3530 10 3550 348 F: 5 1 4 
3651 7 3672 154 F: 6 1 
3780 10 3810 7 F: 5 5 
3878 11 3911 151 F: 7 4 
3952 3 3958 127 F: 3 
4086 11 4097 200 F: 11 
4160 10 4190 246 F: 3 3 4 
4280 5 4295 316 F: 4 1 
4353 9 4389 9 F: 4 5 
4422 7 4443 250 F: 5 1 1 
4547 9 4565 112 F: 4 3 2 
4661 7 4668 278 F: 4 2 1 
4716 9 4725 111 F: 7 2 
4888 3 4891 330 F: 2 1 
4950 12 4974 328 F: 7 5 
5004 6 5028 135 F: 6 
5193 6 5205 175 F: 3 2 1 
5273 11 5284 109 F: 7 4 
5334 10 5344 346 F: 7 3 
5410 9 5419 247 F: 3 2 4 
5511 13 5524 103 F: 7 6 
5655 5 5665 326 F: 5 
5768 7 5782 169 F: 3 4 
5811 6 5835 103 F: 4 2 
5910 9 5928 1 F: 9 
6090 5 6110 125 F: 5 
6120 7 6141 16 F: 7 
6215 8 6247 226 F: 3 1 4 
6341 7 6369 288 F: 2 2 3 
6459 5 6479 303 F: 5 
6564 3 6570 326 F: 2 1 
6632 9 6659 224 F: 5 4 
6745 8 6769 172 F: 5 3 
6830 2 6834 80 F: 2 
6919 3 6925 162 F: 2 1 
7013 8 7045 92 F: 3 3 2 
7143 5 7153 55 F: 2 2 1 
7296 8 7312 114 F: 5 1 2 
7368 2 7372 77 F: 2 
7405 7 7412 261 F: 4 1 2 
7524 12 7536 51 F: 7 5 
7662 8 7670 273 F: 3 3 2 
7748 8 7756 5 F: 3 5 
7836 8 7860 14 F: 3 5 
7931 10 7941 184 F: 5 4 1 
8042 8 8066 10 F: 4 1 3 
8173 11 8184 212 F: 7 4 
8259 9 8295 195 F: 3 2 4 
8393 9 8420 32 F: 5 1 3 
8427 8 8435 287 F: 2 2 4 
8533 7 8547 47 F: 7 
8690 11 8734 18 F: 5 3 3 
8720 8 8744 183 F: 8 
8899 10 8939 330 F: 10 
8962 9 8989 148 F: 4 5 
9009 8 9017 344 F: 6 2 
9150 9 9168 319 F: 3 6 
9238 13 9264 68 F: 5 4 4 
9396 10 9426 232 F: 5 2 3 
9416 11 9427 118 F: 5 6 
9562 4 9578 230 F: 4 
9654 9 9672 304 F: 5 4 
9759 13 9772 243 F: 5 4 4 
9805 6 9829 213 F: 6 
9948 7 9976 102 F: 3 3 1 
10042 6 10066 70 F: 6 
10116 10 10126 276 F: 4 2 4 
10273 13 10286 85 F: 7 6 
10359 8 10383 134 F: 7 1 
10430 4 10442 267 F: 4 
10516 5 10526 68 F: 2 1 2 
10600 6 10624 32 F: 6 
10773 9 10809 306 F: 4 4 1 
10823 10 10863 167 F: 4 6 
10909 5 10924 36 F: 3 2 
11051 7 11072 216 F: 6 1 
11148 10 11188 269 F: 5 5 
11244 9 11262 47 F: 5 4 
11323 6 11335 36 F: 3 2 1 
11444 9 11480 99 F: 3 2 4 
11566 5 11586 344 F: 2 3 
11639 6 11645 55 F: 3 3 
11799 11 11821 317 F: 5 6 
11854 10 11864 178 F: 4 4 2 
11904 11 11915 205 F: 5 4 2 
12021 9 12030 143 F: 2 4 3 
12160 6 12172 9 F: 3 3 
12295 11 12339 314 F: 11 
12333 11 12344 259 F: 5 3 3 
12449 8 12481 136 F: 8 
12550 8 12574 264 F: 8 
12652 8 12660 156 F: 5 3 
12773 7 12794 71 F: 7 
12869 10 12889 37 F: 10 
12992 5 13002 327 F: 4 1 
13061 5 13081 186 F: 2 1 2 
13138 4 13150 76 F: 4 
13291 11 13313 117 F: 5 4 2 
13396 4 13404 157 F: 3 1 
13404 7 13425 243 F: 2 5 
13597 9 13615 265 F: 6 3 
13617 9 13653 144 F: 3 6 
13702 10 13742 185 F: 3 3 4 
13873 7 13894 276 F: 7 
13954 7 13982 221 F: 3 2 2 
14093 10 14113 53 F: 10 
14182 4 14186 345 F: 2 2 
14238 12 14286 221 F: 7 5 
14385 5 14400 21 F: 2 3 
14454 3 14463 219 F: 2 1 
14556 10 14576 162 F: 4 6 
14647 8 14671 137 F: 7 1 
14759 9 14795 41 F: 4 4 1 
14889 8 14921 302 F: 2 6 
14978 7 14999 227 F: 5 2 
15075 4 15091 219 F: 4 
15185 12 15221 331 F: 5 3 4 
15211 6 15229 282 F: 3 3 
15322 10 15332 89 F: 7 3 
15495 5 15500 314 F: 3 2 
15530 4 15546 42 F: 2 2 
15642 10 15662 44 F: 5 2 3 
15740 10 15750 17 F: 5 2 3 
15808 5 15818 296 F: 2 1 2 
15924 7 15931 1 F: 5 1 1 
16057 9 16084 183 F: 4 1 4 
16159 2 16167 341 F: 2 
16225 10 16235 231 F: 10 
16382 6 16400 129 F: 6 
16442 8 16474 24 F: 2 6 
16502 11 16524 61 F: 5 4 2 
16627 11 16649 146 F: 11 
16714 8 16730 119 F: 6 2 
16879 3 16882 277 F: 3 
16944 6 16968 211 F: 2 3 1 
17095 8 17111 319 F: 8 
17116 8 17148 262 F: 2 4 2 
17242 10 17282 33 F: 4 4 2 
17315 6 17333 336 F: 5 1 
17449 5 17469 92 F: 2 2 1 
17585 7 17606 63 F: 3 4 
17696 6 17702 163 F: 3 3 
17718 3 17721 249 F: 3 
17823 10 17863 289 F: 5 2 3 
17942 5 17947 99 F: 2 3 
18073 4 18089 160 F: 3 1 
18108 5 18113 344 F: 5 
18285 8 18293 161 F: 8 
18363 13 18376 173 F: 13 
18496 10 18526 71 F: 4 4 2 
18565 7 18586 268 F: 2 3 2 
18654 12 18702 141 F: 12 
18738 6 18762 323 F: 2 2 2 
18896 6 18908 254 F: 3 1 2 
18934 7 18941 80 F: 3 4 
19088 6 19094 115 F: 3 1 2 
19173 7 19180 22 F: 3 1 3 
19281 10 19291 349 F: 10 
19350 7 19357 118 F: 2 1 4 
19464 5 19469 335 F: 4 1 
19550 4 19562 88 F: 2 1 1 
19652 8 19668 169 F: 3 3 2 
19757 5 19762 221 F: 5 
19831 9 19867 102 F: 7 2 
19925 7 19932 17 F: 5 1 1 
20051 4 20055 284 F: 3 1 
20113 10 20123 80 F: 4 6 
20207 10 20227 127 F: 6 4 
20318 9 20327 131 F: 9 
20479 7 20486 164 F: 2 1 4 
20580 9 20607 3 F: 9 
20637 9 20664 11 F: 2 4 3 
20780 6 20804 269 F: 3 1 2 
20808 11 20819 307 F: 11 
20990 5 20995 181 F: 4 1 
21086 11 21119 282 F: 5 2 4 
21191 4 21195 21 F: 2 2 
21297 10 21327 151 F: 4 6 
21339 13 21391 205 F: 13 
21433 9 21460 203 F: 5 2 2 
21581 2 21587 298 F: 2 
21635 10 21645 62 F: 5 1 4 
21710 10 21730 144 F: 5 1 4 
21802 7 21830 304 F: 2 2 3 
21966 5 21986 68 F: 4 1 
22065 7 22086 163 F: 7 
22152 8 22184 59 F: 5 3 
22292 10 22332 179 F: 5 5 
22335 10 22375 47 F: 5 1 4 
22407 5 22417 70 F: 5 
22540 6 22552 143 F: 6 
22642 2 22648 262 F: 2 
22767 7 22795 285 F: 4 2 1 
22829 8 22845 246 F: 5 2 1 
22962 5 22972 5 F: 2 1 2 
23014 9 23050 194 F: 7 2 
23148 9 23166 193 F: 5 1 3 
23206 6 23212 209 F: 2 2 2 
23363 8 23379 21 F: 3 3 2 
23410 10 23450 10 F: 4 3 3 
23500 6 23512 255 F: 2 4 
23692 10 23712 291 F: 2 4 4 
23737 2 23741 330 F: 2 
23871 13 23923 287 F: 13 
23959 8 23975 116 F: 2 4 2 
24067 5 24087 4 F: 3 2 
24154 12 24178 231 F: 12 
24274 6 24298 175 F: 6 
24322 9 24340 42 F: 3 4 2 
24497 6 24521 300 F: 6 
24549 9 24576 251 F: 5 4 
24648 7 24662 329 F: 3 3 1 
24729 13 24742 25 F: 13 
24822 11 24866 222 F: 11 
24995 5 25015 77 F: 3 2 
25072 5 25087 52 F: 5 
25195 11 25206 304 F: 11 
25256 5 25271 257 F: 2 2 1 
25306 13 25319 253 F: 13 
25474 2 25480 185 F: 2 
25539 9 25575 232 F: 6 3 
25690 3 25699 188 F: 3 
25783 9 25819 290 F: 4 2 3 
25843 4 25859 24 F: 4 
25984 8 26000 58 F: 2 2 4 
26019 7 26026 92 F: 2 3 2 
26181 7 26188 332 F: 7 
26230 10 26270 316 F: 6 4 
26356 13 26369 137 F: 7 6 
26413 9 26431 74 F: 7 2 
26535 7 26542 79 F: 4 3 
26670 9 26706 302 F: 2 4 3 
26769 9 26805 16 F: 7 2 
26848 12 26872 250 F: 6 6 
26985 7 26999 120 F: 5 2 
27041 9 27068 93 F: 9 
27120 5 27125 227 F: 5 
27292 8 27324 185 F: 2 4 2 
27376 8 27408 137 F: 6 2 
27496 9 27523 246 F: 6 3 
27518 4 27534 234 F: 2 2 
27634 13 27686 157 F: 13 
27778 7 27785 274 F: 4 2 1 
27891 7 27898 109 F: 7 
27953 6 27965 224 F: 3 1 2 
28018 13 28070 103 F: 13 
28147 12 28183 299 F: 12 
28270 5 28285 34 F: 5 
28325 2 28327 222 F: 2 
28428 9 28437 138 F: 3 4 2 
28582 13 28595 51 F: 13 
28670 10 28690 174 F: 3 4 3 
28793 10 28803 271 F: 5 5 
28862 10 28872 314 F: 4 6 
28953 5 28968 126 F: 3 2 
29020 10 29030 111 F: 7 3 
29120 5 29125 258 F: 2 3 
29220 11 29264 129 F: 11 
29313 12 29349 113 F: 7 5 
29436 2 29438 127 F: 2 
29521 8 29537 88 F: 4 2 2 
29603 10 29633 274 F: 3 4 3 
29735 6 29759 13 F: 4 1 1 
29879 9 29888 291 F: 9 
29906 9 29942 192 F: 9 
30099 7 30127 350 F: 6 1 
30178 6 30184 169 F: 4 2 
30227 5 30237 167 F: 4 1 
30330 5 30340 83 F: 2 1 2 
30434 5 30449 156 F: 5 
30501 4 30505 177 F: 3 1 
30661 8 30693 325 F: 5 3 
30796 7 30803 172 F: 4 3 
30817 12 30829 234 F: 5 3 4 
30903 9 30921 23 F: 9 
31001 4 31005 256 F: 2 2 
31173 9 31209 118 F: 4 4 1 
31292 11 31314 202 F: 6 5 
31391 5 31396 10 F: 3 2 
31441 8 31473 71 F: 5 2 1 
31532 10 31542 170 F: 5 5 
31630 13 31682 313 F: 7 6 
31731 7 31759 308 F: 3 1 3 
31856 6 31874 191 F: 3 3 
31990 11 32034 328 F: 11 
32024 6 32042 246 F: 3 3 
32109 8 32125 40 F: 5 1 2 
32277 4 32281 179 F: 4 
32394 7 32415 304 F: 2 4 1 
32422 6 32446 15 F: 5 1 
32539 7 32553 243 F: 2 2 3 
32603 5 32623 212 F: 2 2 1 
32771 9 32807 99 F: 5 1 3 
32868 8 32884 183 F: 7 1 
32988 11 32999 176 F: 5 3 3 
33063 8 33087 151 F: 4 1 3 
33143 10 33153 11 F: 4 6 
33286 11 33319 117 F: 11 
33306 5 33316 252 F: 2 3 
33464 11 33508 341 F: 5 3 3 
33585 4 33597 263 F: 2 2 
33649 5 33654 217 F: 5 
33718 9 33745 341 F: 6 3 
33836 11 33847 285 F: 5 6 
33960 10 33970 7 F: 5 1 4 
34005 9 34023 299 F: 5 4 
34197 10 34227 183 F: 5 4 1 
34235 9 34253 343 F: 5 1 3 
34342 9 34351 245 F: 4 3 2 
34484 9 34502 86 F: 9 
34581 6 34587 330 F: 6 
34697 8 34705 142 F: 2 6 
34725 9 34743 59 F: 9 
34857 6 34881 240 F: 4 1 1 
34900 9 34909 186 F: 4 5 
D: 15 174 
D: 28 49 
D: 31 195 
D: 33 80 
D: 46 90 
D: 54 124 
D: 62 159 
D: 64 192 
D: 68 148 
D: 71 310 
D: 85 178 
D: 85 217 
D: 89 183 
D: 92 302 
D: 94 174 
D: 98 133 
D: 105 318 
D: 114 203 
D: 121 156 
D: 127 218 
D: 130 244 
D: 151 257 
D: 157 217 
D: 166 315 
D: 169 345 
D: 176 200 
D: 181 322 
D: 187 319 
D: 196 216 
D: 204 262 
D: 225 289 
D: 227 241 
D: 248 280 
D: 272 310 
D: 274 292 
