26 11 59 57 F: 4 3 4 
158 10 168 250 F: 6 4 
224 11 235 344 F: 3 4 4 
376 10 406 350 F: 5 4 1 
438 10 458 203 F: 10 
572 8 604 18 F: 4 1 3 
644 9 680 22 F: 4 1 4 
738 4 742 53 F: 3 1 
896 3 908 207 F: 2 1 
965 10 985 84 F: 3 3 4 
1078 5 1093 108 F: 3 2 
1156 12 1168 180 F: 12 
1295 4 1311 284 F: 4 
1350 12 1398 44 F: 12 
1453 10 1463 144 F: 3 3 4 
1528 12 1540 339 F: 12 
1653 6 1671 251 F: 4 1 1 
1777 9 1804 262 F: 3 2 4 
1877 9 1904 26 F: 9 
1955 6 1973 294 F: 2 1 3 
2048 3 2054 94 F: 3 
2125 11 2169 56 F: 4 4 3 
2234 9 2252 112 F: 3 6 
2301 7 2308 66 F: 3 3 1 
2408 8 2424 348 F: 8 
2553 11 2575 144 F: 5 3 3 
2663 9 2690 88 F: 7 2 
2790 12 2802 174 F: 7 5 
2820 9 2847 61 F: 4 5 
2960 5 2980 347 F: 5 
3008 9 3017 256 F: 9 
3151 13 3190 291 F: 13 
3217 7 3224 81 F: 4 3 
3361 7 3368 83 F: 6 1 
3427 4 3439 154 F: 4 
3574 7 3581 261 F: 6 1 
3647 13 3699 339 F: 13 
3777 7 3784 81 F: 7 
3811 6 3817 330 F: 4 1 1 
3982 4 3990 43 F: 4 
4068 12 4116 47 F: 12 
4142 8 4174 276 F: 4 1 3 
4215 12 4227 198 F: 6 6 
4328 10 4348 146 F: 2 4 4 
4439 2 4445 93 F: 2 
4558 8 4566 199 F: 7 1 
4689 5 4699 226 F: 5 
4719 13 4771 20 F: 13 
4879 10 4909 267 F: 10 
4984 7 5005 348 F: 7 
5067 5 5077 24 F: 5 
5164 10 5184 242 F: 7 3 
5257 8 5281 136 F: 2 2 4 
5372 7 5400 313 F: 6 1 
5448 10 5488 124 F: 4 4 2 
5515 6 5521 330 F: 2 1 3 
5622 7 5629 268 F: 3 4 
5754 6 5766 122 F: 2 3 1 
5810 6 5834 268 F: 6 
5989 3 6001 29 F: 3 
6079 12 6103 209 F: 12 
6118 9 6145 35 F: 5 4 
6275 9 6302 243 F: 5 4 
6372 9 6408 203 F: 4 4 1 
6499 9 6535 235 F: 4 1 4 
6544 5 6549 292 F: 5 
6652 6 6676 226 F: 4 2 
6727 8 6751 185 F: 4 1 3 
6824 9 6851 1 F: 5 1 3 
6986 7 6993 189 F: 7 
7017 11 7028 17 F: 5 4 2 
7128 7 7156 28 F: 6 1 
7288 10 7308 220 F: 5 4 1 
7371 9 7407 332 F: 3 6 
7470 9 7506 40 F: 9 
7578 9 7596 24 F: 5 1 3 
7672 4 7684 19 F: 3 1 
7705 12 7753 5 F: 7 5 
7858 7 7872 33 F: 2 1 4 
7938 7 7959 72 F: 6 1 
8032 10 8052 4 F: 2 4 4 
8199 11 8232 121 F: 5 6 
8222 11 8266 144 F: 7 4 
8386 12 8398 89 F: 5 4 3 
8415 6 8427 208 F: 4 2 
8520 7 8527 347 F: 5 1 1 
8676 5 8691 127 F: 4 1 
8799 4 8807 341 F: 4 
8825 3 8828 128 F: 3 
8935 11 8979 245 F: 7 4 
9036 7 9050 295 F: 2 3 2 
9195 10 9215 214 F: 7 3 
9273 8 9281 13 F: 7 1 
9303 3 9315 57 F: 3 
9450 10 9490 313 F: 10 
9592 10 9612 306 F: 10 
9610 9 9628 335 F: 9 
9710 9 9719 178 F: 9 
9848 11 9892 256 F: 11 
9931 4 9935 266 F: 4 
10027 6 10033 95 F: 2 3 1 
10193 4 10201 75 F: 2 2 
10218 3 10221 113 F: 3 
10349 3 10355 330 F: 2 1 
10436 13 10449 214 F: 13 
10534 3 10543 291 F: 2 1 
10605 10 10635 250 F: 4 4 2 
10710 5 10730 274 F: 5 
10852 9 10861 264 F: 5 4 
10943 9 10961 230 F: 6 3 
11031 9 11040 229 F: 4 2 3 
11174 10 11184 271 F: 5 1 4 
11298 8 11314 61 F: 5 3 
11382 8 11406 92 F: 3 5 
11408 9 11417 282 F: 9 
11531 8 11563 51 F: 5 1 2 
11650 9 11668 71 F: 4 1 4 
11796 2 11800 71 F: 2 
11824 4 11832 289 F: 4 
11918 8 11926 101 F: 2 6 
12092 9 12128 12 F: 3 4 2 
12104 6 12128 77 F: 6 
12283 5 12293 117 F: 4 1 
12325 10 12335 63 F: 7 3 
12429 10 12459 231 F: 10 
12574 11 12596 175 F: 7 4 
12645 9 12672 46 F: 5 1 3 
12701 9 12737 252 F: 2 3 4 
12840 5 12860 341 F: 4 1 
12985 9 13003 285 F: 5 2 2 
13008 9 13017 78 F: 9 
13195 7 13209 193 F: 2 1 4 
13208 8 13224 133 F: 4 4 
13363 8 13395 313 F: 5 2 1 
13461 6 13473 239 F: 4 2 
13514 10 13524 85 F: 5 3 2 
13616 6 13622 120 F: 4 2 
13780 8 13804 300 F: 4 3 1 
13845 8 13869 189 F: 7 1 
13954 8 13986 337 F: 3 1 4 
14093 7 14121 181 F: 7 
14126 7 14147 166 F: 2 3 2 
14226 8 14258 66 F: 4 3 1 
14362 7 14390 57 F: 3 2 2 
14450 13 14463 85 F: 7 6 
14563 10 14603 196 F: 5 1 4 
14695 10 14715 349 F: 2 4 4 
14783 9 14819 10 F: 6 3 
14830 8 14862 52 F: 2 6 
14925 8 14933 250 F: 4 2 2 
15045 9 15072 277 F: 2 4 3 
15121 6 15133 30 F: 4 2 
15204 6 15216 171 F: 4 2 
15337 8 15361 290 F: 4 2 2 
15448 11 15470 267 F: 11 
15552 7 15566 4 F: 4 3 
15681 10 15701 124 F: 4 4 2 
15700 3 15709 83 F: 2 1 
15865 10 15875 125 F: 6 4 
15934 11 15967 32 F: 11 
16041 11 16052 344 F: 5 6 
16162 10 16192 305 F: 10 
16250 2 16254 142 F: 2 
16322 12 16346 60 F: 12 
16490 7 16497 294 F: 3 4 
16569 4 16573 195 F: 4 
16667 8 16675 34 F: 8 
16756 6 16774 348 F: 6 
16822 2 16826 186 F: 2 
16925 4 16941 96 F: 2 2 
17023 5 17038 104 F: 2 3 
17107 10 17117 148 F: 4 4 2 
17207 3 17216 192 F: 2 1 
17345 8 17353 152 F: 4 2 2 
17468 6 17480 118 F: 2 4 
17567 12 17615 51 F: 6 6 
17677 4 17689 249 F: 2 1 1 
17713 13 17752 306 F: 13 
17887 11 17909 171 F: 4 3 4 
17910 9 17937 102 F: 3 4 2 
18020 10 18030 271 F: 10 
18141 10 18181 287 F: 5 5 
18275 8 18307 150 F: 4 2 2 
18369 2 18375 295 F: 2 
18495 9 18504 283 F: 4 5 
18578 12 18614 67 F: 5 4 3 
18630 8 18662 45 F: 8 
18757 12 18805 152 F: 12 
18871 12 18919 180 F: 12 
18987 3 18993 342 F: 3 
19002 8 19026 345 F: 3 2 3 
19195 10 19205 146 F: 7 3 
19290 7 19297 340 F: 3 1 3 
19300 13 19339 61 F: 13 
19494 5 19509 36 F: 5 
19580 4 19596 319 F: 2 2 
19609 3 19621 15 F: 3 
19701 7 19729 105 F: 4 3 
19831 6 19843 206 F: 6 
19941 11 19963 277 F: 4 4 3 
20024 12 20036 58 F: 5 3 4 
20113 8 20121 39 F: 4 3 1 
20273 5 20288 310 F: 4 1 
20379 12 20415 268 F: 4 4 4 
20499 9 20508 142 F: 4 2 3 
20582 2 20584 21 F: 2 
20613 11 20657 251 F: 5 6 
20767 9 20794 27 F: 3 2 4 
20866 6 20878 324 F: 6 
20974 10 21004 197 F: 10 
21067 12 21103 260 F: 12 
21175 11 21186 237 F: 11 
21279 5 21294 292 F: 2 1 2 
21364 11 21386 102 F: 11 
21483 8 21491 129 F: 2 3 3 
21560 9 21569 206 F: 4 5 
21628 8 21644 134 F: 4 3 1 
21793 2 21797 220 F: 2 
21878 13 21891 85 F: 13 
21916 12 21952 193 F: 7 5 
22026 7 22040 203 F: 3 3 1 
22157 6 22175 180 F: 5 1 
22266 12 22278 330 F: 7 5 
22319 2 22323 323 F: 2 
22405 7 22426 181 F: 5 2 
22583 9 22592 222 F: 4 1 4 
22690 10 22720 27 F: 5 1 4 
22758 9 22767 4 F: 9 
22862 10 22872 275 F: 10 
22921 6 22939 335 F: 4 2 
23014 9 23041 13 F: 4 5 
23131 8 23139 255 F: 8 
23232 11 23243 325 F: 11 
23332 10 23352 186 F: 10 
23460 5 23475 250 F: 5 
23582 4 23598 215 F: 4 
23603 10 23613 198 F: 4 6 
23744 9 23753 94 F: 3 6 
23848 7 23855 263 F: 7 
23960 8 23984 46 F: 3 3 2 
24099 6 24123 132 F: 6 
24138 12 24150 9 F: 4 4 4 
24248 9 24275 117 F: 9 
24355 8 24371 23 F: 5 3 
24491 6 24509 69 F: 2 1 3 
24524 2 24528 142 F: 2 
24684 6 24708 88 F: 3 2 1 
24708 13 24721 79 F: 7 6 
24847 10 24857 217 F: 5 1 4 
24985 10 24995 34 F: 4 2 4 
25018 10 25028 47 F: 5 2 3 
25135 6 25147 197 F: 2 2 2 
25245 9 25281 26 F: 2 3 4 
25304 7 25318 299 F: 4 3 
25453 13 25466 165 F: 5 4 4 
25562 7 25583 336 F: 7 
25625 2 25631 61 F: 2 
25782 4 25794 120 F: 3 1 
25800 6 25806 8 F: 2 1 3 
25966 9 25984 286 F: 5 3 1 
26054 8 26062 280 F: 3 5 
26139 10 26179 203 F: 3 4 3 
26218 6 26230 66 F: 6 
26364 10 26394 85 F: 5 2 3 
26485 7 26492 139 F: 3 4 
26533 9 26560 153 F: 7 2 
26621 11 26665 141 F: 11 
26727 8 26759 276 F: 3 1 4 
26899 9 26935 29 F: 3 6 
26903 9 26912 189 F: 9 
27013 5 27018 46 F: 5 
27190 7 27211 344 F: 7 
27260 11 27271 142 F: 5 2 4 
27339 6 27363 337 F: 5 1 
27475 7 27489 250 F: 4 2 1 
27508 4 27512 50 F: 4 
27682 8 27698 321 F: 3 2 3 
27780 11 27813 182 F: 11 
27855 7 27876 105 F: 7 
27912 8 27920 257 F: 4 4 
28011 11 28055 95 F: 5 4 2 
28123 3 28135 72 F: 3 
28209 8 28225 333 F: 3 1 4 
28318 11 28329 291 F: 5 4 2 
28445 2 28449 13 F: 2 
28566 7 28573 252 F: 7 
28638 6 28662 67 F: 4 2 
28777 6 28789 301 F: 3 2 1 
28825 6 28831 321 F: 6 
28908 9 28926 221 F: 4 4 1 
29073 8 29081 204 F: 3 5 
29124 9 29133 181 F: 9 
29274 8 29306 163 F: 3 5 
29320 6 29344 12 F: 2 1 3 
29468 4 29476 324 F: 4 
29568 7 29596 52 F: 6 1 
29673 8 29681 292 F: 5 3 
29795 10 29835 202 F: 7 3 
29893 8 29917 173 F: 8 
29909 13 29922 202 F: 7 6 
30055 10 30075 162 F: 3 3 4 
30149 7 30156 118 F: 7 
30242 10 30272 122 F: 10 
30359 12 30371 200 F: 5 4 3 
30421 8 30437 203 F: 2 6 
30550 11 30594 142 F: 5 6 
30659 8 30667 303 F: 3 3 2 
30702 6 30714 195 F: 6 
30887 13 30900 84 F: 7 6 
30944 9 30980 103 F: 5 4 
31039 6 31051 53 F: 2 4 
31135 11 31168 346 F: 5 6 
31210 13 31262 121 F: 13 
31358 5 31373 335 F: 4 1 
31451 7 31465 336 F: 7 
31561 9 31597 36 F: 9 
31640 10 31650 54 F: 4 4 2 
31755 7 31776 317 F: 6 1 
31843 7 31864 173 F: 3 4 
31944 4 31956 72 F: 3 1 
32056 11 32067 77 F: 5 6 
32135 7 32156 95 F: 3 1 3 
32299 9 32335 219 F: 3 6 
32397 6 32403 320 F: 2 4 
32425 5 32435 33 F: 5 
32524 6 32530 8 F: 2 2 2 
32614 6 32626 49 F: 4 2 
32772 5 32782 335 F: 5 
32848 6 32860 37 F: 3 2 1 
32960 7 32974 38 F: 3 1 3 
33009 3 33018 169 F: 3 
33161 7 33168 278 F: 2 1 4 
33291 8 33315 215 F: 5 2 1 
33367 10 33377 59 F: 4 2 4 
33411 7 33439 335 F: 2 2 3 
33592 11 33614 78 F: 3 4 4 
33689 11 33722 114 F: 5 3 3 
33713 6 33737 149 F: 2 4 
33899 13 33925 302 F: 13 
33929 10 33969 263 F: 4 6 
34076 13 34089 281 F: 5 4 4 
34153 6 34171 12 F: 4 2 
34238 10 34278 229 F: 4 2 4 
34357 4 34361 274 F: 4 
34414 11 34425 307 F: 5 4 2 
34573 13 34599 133 F: 7 6 
34614 6 34638 295 F: 4 2 
34754 6 34772 226 F: 3 3 
34877 9 34895 136 F: 7 2 
34964 2 34966 27 F: 2 
D: 3 179 
D: 8 282 
D: 10 288 
D: 22 273 
D: 27 116 
D: 43 344 
D: 50 276 
D: 60 178 
D: 63 283 
D: 68 148 
D: 78 171 
D: 85 168 
D: 85 200 
D: 86 145 
D: 91 287 
D: 96 140 
D: 98 148 
D: 109 178 
D: 120 173 
D: 120 182 
D: 136 234 
D: 150 348 
D: 164 179 
D: 165 305 
D: 169 278 
D: 170 257 
D: 171 321 
D: 172 307 
D: 176 315 
D: 184 327 
D: 190 235 
D: 191 311 
D: 207 245 
D: 239 246 
D: 244 335 
