46 4 50 253 F: 4 
146 2 148 4 F: 2 
285 9 303 62 F: 9 
386 6 404 177 F: 2 1 3 
458 6 482 187 F: 2 3 1 
545 4 557 146 F: 4 
602 7 616 24 F: 2 5 
729 11 751 251 F: 5 4 2 
897 7 925 29 F: 5 1 1 
943 11 954 189 F: 6 5 
1064 12 1088 2 F: 6 6 
1153 5 1168 258 F: 3 2 
1203 9 1239 130 F: 4 4 1 
1331 11 1364 265 F: 11 
1418 9 1454 232 F: 3 3 3 
1555 7 1576 334 F: 2 5 
1600 7 1614 52 F: 5 2 
1746 6 1758 233 F: 6 
1811 9 1829 99 F: 3 6 
1958 3 1964 238 F: 3 
2056 13 2082 162 F: 7 6 
2115 6 2121 221 F: 2 4 
2201 9 2219 190 F: 7 2 
2310 7 2317 263 F: 7 
2402 12 2414 161 F: 5 4 3 
2530 2 2534 327 F: 2 
2656 11 2700 186 F: 5 3 3 
2716 12 2728 86 F: 7 5 
2820 12 2832 59 F: 4 4 4 
2937 8 2945 150 F: 2 3 3 
3090 9 3108 340 F: 4 5 
3149 7 3170 35 F: 4 1 2 
3284 12 3320 68 F: 12 
3361 7 3368 39 F: 4 3 
3408 8 3424 258 F: 3 5 
3560 9 3587 154 F: 6 3 
3673 6 3679 57 F: 4 1 1 
3752 9 3788 107 F: 4 3 2 
3848 6 3866 101 F: 6 
3912 10 3922 321 F: 4 6 
4036 11 4080 160 F: 7 4 
4146 11 4157 124 F: 11 
4245 7 4266 168 F: 5 2 
4385 7 4399 266 F: 7 
4491 12 4527 215 F: 12 
4548 4 4552 312 F: 4 
4687 12 4699 248 F: 12 
4705 6 4729 133 F: 3 2 1 
4864 9 4891 206 F: 3 2 4 
4946 11 4957 140 F: 5 4 2 
5092 7 5113 73 F: 2 3 2 
5161 6 5173 19 F: 3 3 
5218 6 5230 215 F: 6 
5301 8 5309 344 F: 7 1 
5440 7 5461 2 F: 5 2 
5595 6 5613 6 F: 6 
5617 2 5623 90 F: 2 
5776 11 5787 317 F: 11 
5882 12 5918 37 F: 12 
5956 6 5968 327 F: 2 2 2 
6005 4 6009 285 F: 2 2 
6149 8 6157 276 F: 8 
6272 7 6279 345 F: 5 2 
6372 12 6396 325 F: 6 6 
6488 9 6515 296 F: 6 3 
6594 6 6612 192 F: 6 
6656 9 6683 15 F: 5 3 1 
6768 4 6780 347 F: 4 
6856 7 6870 87 F: 7 
6959 9 6986 287 F: 9 
7087 3 7099 189 F: 3 
7156 10 7186 99 F: 10 
7232 5 7247 178 F: 5 
7325 7 7339 87 F: 6 1 
7442 7 7456 47 F: 5 2 
7547 6 7553 45 F: 4 1 1 
7609 9 7636 76 F: 2 3 4 
7700 8 7724 93 F: 3 5 
7854 10 7874 221 F: 7 3 
7959 6 7971 232 F: 4 2 
8026 12 8062 333 F: 7 5 
8176 4 8180 189 F: 3 1 
8205 4 8213 335 F: 4 
8397 11 8419 329 F: 7 4 
8410 12 8434 227 F: 6 6 
8515 12 8551 98 F: 5 4 3 
8608 8 8632 52 F: 5 3 
8716 3 8722 212 F: 3 
8817 13 8869 87 F: 5 4 4 
8912 9 8939 14 F: 9 
9094 7 9101 132 F: 6 1 
9130 11 9152 340 F: 11 
9265 6 9277 135 F: 3 3 
9309 8 9317 36 F: 8 
9400 12 9424 78 F: 6 6 
9578 8 9602 139 F: 2 6 
9653 3 9659 181 F: 2 1 
9700 8 9724 151 F: 5 2 1 
9849 9 9858 41 F: 5 2 2 
9927 13 9940 311 F: 13 
10004 11 10026 210 F: 3 4 4 
10185 10 10225 194 F: 7 3 
10231 7 10259 301 F: 2 1 4 
10317 12 10353 162 F: 12 
10488 10 10498 301 F: 4 6 
10550 4 10558 112 F: 4 
10620 11 10631 24 F: 6 5 
10713 7 10734 227 F: 5 1 1 
10847 8 10855 36 F: 3 2 3 
10904 11 10915 239 F: 11 
11071 8 11103 332 F: 3 1 4 
11178 11 11222 131 F: 6 5 
11232 4 11248 311 F: 3 1 
11381 9 11417 330 F: 9 
11440 6 11464 45 F: 2 4 
11584 6 11590 91 F: 2 1 3 
11618 11 11662 145 F: 7 4 
11797 9 11806 257 F: 6 3 
11885 8 11893 49 F: 4 4 
11910 8 11926 263 F: 2 6 
12052 13 12104 85 F: 13 
12146 9 12155 3 F: 4 1 4 
12248 12 12260 253 F: 5 4 3 
12312 8 12344 220 F: 8 
12486 9 12513 181 F: 3 6 
12546 8 12554 30 F: 8 
12622 9 12640 146 F: 5 3 1 
12710 8 12718 283 F: 5 3 
12870 8 12894 146 F: 4 3 1 
12915 13 12967 158 F: 7 6 
13072 11 13094 343 F: 5 4 2 
13111 7 13139 149 F: 7 
13269 7 13290 288 F: 4 1 2 
13366 8 13374 75 F: 3 3 2 
13408 10 13438 331 F: 5 5 
13583 7 13604 310 F: 3 1 3 
13677 8 13709 42 F: 3 5 
13773 5 13778 92 F: 5 
13887 6 13899 209 F: 6 
13936 10 13966 265 F: 10 
14078 11 14122 80 F: 5 2 4 
14144 3 14150 49 F: 2 1 
14267 6 14279 211 F: 3 3 
14383 9 14419 79 F: 2 4 3 
14401 10 14411 220 F: 5 4 1 
14558 7 14565 306 F: 3 2 2 
14620 8 14628 83 F: 4 1 3 
14785 3 14797 251 F: 2 1 
14811 13 14824 86 F: 13 
14911 3 14917 200 F: 2 1 
15037 10 15057 73 F: 5 5 
15115 7 15143 43 F: 2 4 1 
15240 4 15252 261 F: 2 2 
15334 4 15350 25 F: 4 
15460 5 15475 289 F: 2 2 1 
15564 6 15588 192 F: 6 
15663 7 15677 132 F: 2 5 
15783 7 15811 185 F: 4 3 
15884 7 15912 47 F: 3 3 1 
15909 8 15917 15 F: 6 2 
16031 9 16049 18 F: 6 3 
16124 6 16130 67 F: 6 
16201 13 16227 8 F: 13 
16335 5 16345 242 F: 5 
16434 11 16445 26 F: 6 5 
16512 8 16536 239 F: 8 
16693 5 16698 78 F: 3 2 
16761 7 16789 271 F: 7 
16850 6 16862 221 F: 6 
16953 10 16993 327 F: 5 4 1 
17063 6 17081 119 F: 6 
17139 5 17149 57 F: 2 3 
17271 7 17278 265 F: 7 
17363 5 17383 257 F: 3 1 1 
17430 6 17436 289 F: 3 3 
17565 7 17572 289 F: 6 1 
17652 10 17682 295 F: 4 6 
17702 9 17720 346 F: 5 4 
17871 5 17891 101 F: 2 3 
17904 4 17916 7 F: 4 
18013 6 18031 25 F: 3 3 
18127 5 18147 227 F: 2 1 2 
18239 7 18253 259 F: 5 1 1 
18307 11 18340 105 F: 6 5 
18496 11 18540 348 F: 7 4 
18550 8 18582 334 F: 3 5 
18607 5 18612 189 F: 2 2 1 
18738 6 18750 138 F: 6 
18856 8 18880 278 F: 4 1 3 
18933 12 18969 245 F: 7 5 
19016 11 19049 196 F: 5 4 2 
19137 7 19165 287 F: 5 1 1 
19201 12 19237 21 F: 6 6 
19394 9 19430 68 F: 9 
19470 11 19514 177 F: 5 6 
19548 7 19569 342 F: 7 
19621 6 19639 155 F: 2 3 1 
19756 4 19764 153 F: 3 1 
19836 7 19850 42 F: 3 4 
19910 5 19915 271 F: 2 3 
20079 2 20085 171 F: 2 
20152 5 20172 110 F: 5 
20247 8 20279 139 F: 3 5 
20307 4 20311 76 F: 4 
20402 7 20409 178 F: 3 4 
20590 13 20616 236 F: 13 
20690 6 20696 70 F: 6 
20791 12 20839 163 F: 12 
20883 10 20893 264 F: 5 4 1 
20985 10 21005 185 F: 5 3 2 
21038 11 21049 260 F: 4 3 4 
21188 11 21232 233 F: 5 2 4 
21293 2 21297 218 F: 2 
21340 7 21361 29 F: 7 
21494 8 21518 104 F: 5 3 
21574 11 21585 128 F: 6 5 
21685 7 21699 126 F: 4 1 2 
21726 7 21733 43 F: 2 2 3 
21838 10 21848 305 F: 4 2 4 
21932 7 21960 221 F: 7 
22077 12 22089 33 F: 12 
22124 8 22132 61 F: 4 4 
22259 3 22265 214 F: 3 
22366 8 22382 185 F: 3 2 3 
22445 10 22475 178 F: 3 4 3 
22525 4 22533 206 F: 2 2 
22627 4 22639 261 F: 4 
22703 5 22718 259 F: 2 1 2 
22810 2 22812 190 F: 2 
22975 12 22987 117 F: 5 3 4 
23007 13 23020 173 F: 13 
23174 10 23204 179 F: 6 4 
23258 7 23272 307 F: 4 1 2 
23302 10 23342 194 F: 4 6 
23455 6 23461 216 F: 2 3 1 
23594 10 23614 30 F: 5 3 2 
23680 5 23690 94 F: 5 
23738 7 23759 143 F: 2 5 
23822 2 23824 113 F: 2 
23915 10 23945 319 F: 2 4 4 
24043 8 24075 314 F: 4 2 2 
24125 10 24165 16 F: 7 3 
24288 10 24318 50 F: 10 
24398 9 24416 111 F: 9 
24442 5 24447 206 F: 2 2 1 
24551 10 24571 21 F: 5 4 1 
24695 13 24747 8 F: 13 
24751 8 24783 309 F: 3 3 2 
24872 6 24884 108 F: 2 4 
24921 6 24939 138 F: 2 3 1 
25007 7 25028 2 F: 4 3 
25187 10 25197 292 F: 10 
25202 7 25216 228 F: 2 5 
25318 11 25329 222 F: 5 3 3 
25487 7 25508 203 F: 2 4 1 
25567 8 25583 158 F: 3 1 4 
25644 7 25672 315 F: 4 3 
25738 10 25768 327 F: 5 2 3 
25874 5 25879 95 F: 2 1 2 
25929 7 25957 196 F: 4 3 
26038 10 26078 107 F: 5 1 4 
26103 11 26125 67 F: 6 5 
26226 10 26236 112 F: 7 3 
26322 11 26333 199 F: 6 5 
26450 9 26477 166 F: 4 5 
26523 10 26553 228 F: 10 
26610 13 26649 240 F: 13 
26778 10 26818 38 F: 5 4 1 
26804 7 26811 133 F: 7 
26920 3 26929 277 F: 3 
27015 10 27055 321 F: 10 
27179 5 27189 64 F: 2 3 
27243 9 27252 345 F: 9 
27350 10 27370 262 F: 10 
27467 11 27511 221 F: 11 
27583 9 27592 78 F: 9 
27687 13 27713 99 F: 13 
27769 8 27793 29 F: 5 1 2 
27864 4 27868 205 F: 3 1 
27985 11 28018 149 F: 3 4 4 
28073 7 28094 24 F: 5 2 
28136 6 28154 81 F: 3 2 1 
28299 10 28339 341 F: 3 4 3 
28379 5 28384 147 F: 3 2 
28449 9 28485 107 F: 9 
28595 7 28602 90 F: 6 1 
28635 8 28659 27 F: 4 3 1 
28720 8 28728 324 F: 8 
28832 9 28850 98 F: 5 4 
28960 8 28984 324 F: 3 2 3 
29020 10 29030 271 F: 10 
29132 13 29158 252 F: 13 
29240 5 29245 37 F: 2 3 
29327 6 29351 127 F: 6 
29488 4 29500 130 F: 3 1 
29572 10 29582 315 F: 5 5 
29608 8 29640 154 F: 4 4 
29752 12 29788 267 F: 5 3 4 
29833 6 29851 100 F: 3 1 2 
29999 7 30006 240 F: 6 1 
30015 11 30048 118 F: 11 
30142 10 30182 223 F: 5 4 1 
30263 11 30285 292 F: 11 
30324 8 30340 224 F: 3 4 1 
30429 11 30473 310 F: 5 6 
30587 8 30619 111 F: 3 3 2 
30647 7 30675 38 F: 3 1 3 
30704 7 30711 150 F: 2 1 4 
30835 2 30843 333 F: 2 
30987 8 31011 118 F: 5 2 1 
31040 10 31050 319 F: 4 4 2 
31149 12 31197 21 F: 6 6 
31276 6 31300 204 F: 6 
31362 6 31374 89 F: 4 2 
31461 8 31477 221 F: 8 
31508 8 31516 42 F: 5 3 
31677 9 31686 292 F: 4 5 
31715 7 31743 123 F: 2 2 3 
31871 3 31877 51 F: 3 
31981 2 31983 179 F: 2 
32035 5 32055 108 F: 5 
32110 11 32121 95 F: 4 3 4 
32212 9 32239 64 F: 3 6 
32385 7 32406 303 F: 7 
32482 6 32494 80 F: 2 1 3 
32502 13 32541 254 F: 13 
32619 13 32645 299 F: 13 
32755 10 32765 177 F: 5 3 2 
32804 10 32824 58 F: 3 4 3 
32983 6 32995 56 F: 3 2 1 
33087 11 33131 195 F: 11 
33128 4 33136 296 F: 4 
33231 6 33237 101 F: 2 4 
33335 12 33359 256 F: 12 
33483 11 33494 75 F: 4 4 3 
33517 7 33531 318 F: 2 2 3 
33622 12 33634 287 F: 12 
33785 11 33818 305 F: 11 
33847 11 33880 142 F: 4 4 3 
33924 3 33936 139 F: 3 
34090 3 34093 274 F: 3 
34121 5 34141 348 F: 5 
34245 9 34254 276 F: 9 
34318 11 34329 253 F: 11 
34420 12 34456 11 F: 6 6 
34532 5 34537 163 F: 5 
34603 13 34655 221 F: 13 
34761 2 34763 220 F: 2 
34828 11 34861 176 F: 11 
34961 7 34968 225 F: 4 2 1 
D: 16 35 
D: 19 343 
D: 22 63 
D: 29 271 
D: 31 56 
D: 36 331 
D: 41 280 
D: 46 215 
D: 50 106 
D: 51 183 
D: 51 311 
D: 54 195 
D: 72 221 
D: 72 334 
D: 73 132 
D: 74 286 
D: 75 236 
D: 82 96 
D: 89 307 
D: 94 96 
D: 111 234 
D: 122 256 
D: 122 283 
D: 126 343 
D: 133 316 
D: 141 308 
D: 153 240 
D: 158 261 
D: 186 336 
D: 187 253 
D: 202 345 
D: 204 316 
D: 257 267 
D: 266 290 
D: 289 305 
