98 12 110 6 F: 5 4 3 
184 7 191 25 F: 3 3 1 
243 4 259 71 F: 4 
302 8 326 27 F: 8 
444 6 468 37 F: 6 
504 12 516 239 F: 6 6 
653 3 656 94 F: 3 
791 8 815 103 F: 3 5 
858 10 888 219 F: 6 4 
917 9 944 287 F: 3 6 
1061 7 1068 232 F: 2 5 
1179 8 1195 70 F: 2 6 
1267 3 1273 301 F: 3 
1307 7 1314 178 F: 4 1 2 
1489 6 1507 185 F: 3 2 1 
1594 5 1599 47 F: 2 1 2 
1628 9 1637 292 F: 3 3 3 
1775 8 1791 342 F: 3 2 3 
1843 3 1852 331 F: 3 
1903 5 1908 79 F: 2 3 
2031 7 2059 332 F: 3 2 2 
2139 10 2179 119 F: 2 4 4 
2226 8 2258 115 F: 3 5 
2313 9 2322 162 F: 3 3 3 
2417 6 2423 121 F: 5 1 
2513 10 2533 72 F: 4 4 2 
2678 4 2686 171 F: 4 
2796 6 2814 171 F: 6 
2852 8 2884 19 F: 4 2 2 
2987 6 2993 21 F: 3 3 
3027 13 3079 38 F: 13 
3175 9 3211 181 F: 7 2 
3215 8 3231 160 F: 3 5 
3301 9 3337 310 F: 5 3 1 
3412 6 3436 341 F: 6 
3507 6 3531 159 F: 6 
3655 5 3665 63 F: 5 
3733 13 3785 181 F: 13 
3877 3 3883 234 F: 3 
3928 13 3941 2 F: 13 
4043 10 4083 256 F: 3 3 4 
4119 6 4125 122 F: 6 
4218 5 4223 13 F: 5 
4338 10 4378 293 F: 5 5 
4489 11 4533 335 F: 4 3 4 
4575 10 4605 8 F: 10 
4694 8 4718 284 F: 2 6 
4794 6 4800 174 F: 3 2 1 
4852 7 4866 163 F: 4 2 1 
4989 8 4997 218 F: 5 3 
5055 4 5071 272 F: 4 
5196 9 5232 207 F: 9 
5204 6 5222 206 F: 3 2 1 
5333 6 5357 220 F: 3 3 
5462 3 5474 198 F: 3 
5593 11 5604 324 F: 11 
5698 5 5708 247 F: 2 1 2 
5777 9 5813 24 F: 9 
5847 11 5880 268 F: 5 6 
5930 5 5935 215 F: 2 2 1 
6064 4 6080 285 F: 3 1 
6101 8 6117 120 F: 5 1 2 
6248 8 6280 304 F: 8 
6303 7 6331 110 F: 3 1 3 
6489 8 6497 22 F: 5 3 
6530 12 6542 183 F: 12 
6698 10 6708 47 F: 6 4 
6786 10 6816 193 F: 10 
6862 7 6883 21 F: 3 3 1 
6917 9 6926 290 F: 4 4 1 
7061 11 7083 240 F: 5 6 
7169 8 7201 344 F: 3 1 4 
7253 12 7265 323 F: 5 3 4 
7337 6 7349 349 F: 6 
7434 13 7473 345 F: 13 
7510 9 7528 101 F: 3 2 4 
7659 7 7673 229 F: 4 3 
7729 9 7756 114 F: 5 2 2 
7882 6 7888 292 F: 2 3 1 
7975 9 7993 280 F: 5 1 3 
8064 7 8085 72 F: 7 
8167 10 8207 98 F: 10 
8297 6 8303 236 F: 5 1 
8335 10 8365 308 F: 4 6 
8419 7 8447 111 F: 2 5 
8516 10 8556 265 F: 5 4 1 
8627 6 8639 127 F: 3 2 1 
8700 5 8705 247 F: 5 
8875 13 8901 151 F: 7 6 
8986 7 9007 60 F: 3 3 1 
9001 8 9009 123 F: 2 2 4 
9171 7 9178 112 F: 6 1 
9282 10 9322 8 F: 6 4 
9353 13 9392 290 F: 7 6 
9490 8 9506 263 F: 4 3 1 
9569 9 9587 128 F: 6 3 
9668 10 9688 126 F: 3 4 3 
9788 8 9820 154 F: 4 3 1 
9853 11 9875 145 F: 5 4 2 
9942 9 9969 18 F: 6 3 
10047 6 10053 180 F: 3 1 2 
10142 8 10174 122 F: 8 
10296 7 10317 311 F: 3 2 2 
10365 11 10398 247 F: 5 4 2 
10478 7 10492 90 F: 4 2 1 
10538 6 10544 301 F: 4 1 1 
10697 8 10721 296 F: 3 3 2 
10785 10 10795 59 F: 5 1 4 
10815 11 10859 188 F: 5 2 4 
10911 4 10915 345 F: 4 
11001 9 11010 111 F: 4 1 4 
11127 13 11140 250 F: 13 
11250 6 11268 188 F: 2 4 
11302 10 11322 77 F: 5 1 4 
11404 8 11428 246 F: 2 2 4 
11507 6 11519 85 F: 2 1 3 
11626 10 11666 112 F: 10 
11717 10 11737 265 F: 3 4 3 
11871 6 11889 129 F: 6 
11980 6 12004 137 F: 3 1 2 
12052 13 12091 349 F: 13 
12144 9 12180 325 F: 5 1 3 
12273 8 12305 173 F: 7 1 
12360 6 12372 147 F: 2 4 
12472 11 12505 233 F: 7 4 
12526 10 12546 285 F: 3 3 4 
12641 6 12647 333 F: 6 
12707 6 12713 264 F: 6 
12874 10 12884 52 F: 10 
12947 6 12959 262 F: 4 2 
13011 8 13019 230 F: 8 
13185 5 13195 112 F: 2 2 1 
13224 8 13256 35 F: 7 1 
13398 6 13410 341 F: 5 1 
13404 8 13420 184 F: 8 
13568 6 13580 64 F: 6 
13640 11 13684 109 F: 3 4 4 
13767 7 13774 48 F: 6 1 
13841 8 13857 71 F: 2 2 4 
13997 5 14017 175 F: 4 1 
14005 2 14009 261 F: 2 
14143 11 14176 245 F: 6 5 
14282 7 14310 332 F: 3 3 1 
14367 9 14403 250 F: 7 2 
14447 2 14451 209 F: 2 
14523 9 14532 48 F: 4 5 
14693 10 14723 233 F: 5 2 3 
14770 9 14788 249 F: 9 
14800 5 14815 187 F: 2 1 2 
14913 9 14922 252 F: 9 
15059 7 15066 148 F: 5 1 1 
15123 11 15156 94 F: 4 4 3 
15240 12 15288 130 F: 6 6 
15311 9 15338 34 F: 5 4 
15490 11 15534 41 F: 4 4 3 
15518 7 15546 249 F: 2 5 
15686 7 15707 145 F: 2 3 2 
15796 12 15832 293 F: 4 4 4 
15886 5 15901 299 F: 2 1 2 
15991 9 16000 291 F: 9 
16055 7 16076 80 F: 2 1 4 
16143 10 16173 340 F: 7 3 
16240 10 16270 278 F: 5 5 
16336 8 16368 261 F: 5 3 
16476 2 16484 166 F: 2 
16556 10 16596 262 F: 6 4 
16675 11 16719 78 F: 4 4 3 
16788 11 16832 33 F: 7 4 
16813 8 16821 61 F: 2 4 2 
16946 8 16978 204 F: 8 
17045 6 17057 292 F: 3 2 1 
17107 9 17143 123 F: 3 6 
17283 6 17301 34 F: 2 4 
17376 13 17428 138 F: 13 
17451 7 17479 208 F: 5 2 
17551 12 17599 137 F: 12 
17652 8 17684 71 F: 8 
17765 3 17777 121 F: 2 1 
17818 4 17826 212 F: 3 1 
17906 9 17924 73 F: 3 3 3 
18073 9 18109 151 F: 9 
18196 5 18206 159 F: 5 
18201 7 18215 259 F: 3 1 3 
18391 10 18401 129 F: 10 
18456 7 18463 126 F: 6 1 
18591 9 18618 220 F: 3 4 2 
18656 11 18667 334 F: 5 4 2 
18764 10 18794 268 F: 10 
18829 9 18865 102 F: 4 5 
18906 12 18918 53 F: 12 
19090 7 19104 201 F: 3 1 3 
19142 4 19150 172 F: 2 2 
19275 11 19308 261 F: 11 
19300 12 19312 350 F: 12 
19463 7 19491 308 F: 7 
19543 10 19563 134 F: 10 
19601 5 19606 348 F: 5 
19748 4 19756 100 F: 3 1 
19825 8 19857 187 F: 4 1 3 
19917 8 19933 326 F: 2 2 4 
20051 10 20071 321 F: 5 5 
20152 7 20173 73 F: 3 4 
20239 10 20269 273 F: 4 6 
20314 11 20325 193 F: 11 
20409 5 20419 180 F: 5 
20515 5 20535 246 F: 4 1 
20617 9 20644 124 F: 3 6 
20793 7 20800 26 F: 2 2 3 
20861 9 20888 153 F: 9 
20965 8 20973 308 F: 3 5 
21031 8 21039 107 F: 2 6 
21139 6 21151 305 F: 6 
21298 12 21334 337 F: 7 5 
21314 7 21335 143 F: 7 
21497 4 21513 69 F: 3 1 
21579 11 21623 277 F: 11 
21690 4 21698 289 F: 2 2 
21771 8 21787 278 F: 2 3 3 
21817 5 21837 183 F: 3 1 1 
21919 9 21928 233 F: 9 
22049 7 22070 142 F: 5 2 
22142 7 22149 239 F: 2 5 
22271 11 22282 312 F: 4 4 3 
22397 9 22406 148 F: 9 
22477 3 22480 278 F: 2 1 
22516 9 22534 21 F: 7 2 
22611 12 22635 42 F: 12 
22795 4 22803 143 F: 3 1 
22848 6 22854 179 F: 4 1 1 
22933 9 22969 190 F: 9 
23071 13 23110 345 F: 13 
23186 12 23222 107 F: 12 
23215 9 23251 307 F: 3 6 
23375 5 23385 193 F: 5 
23429 8 23461 119 F: 3 1 4 
23540 8 23572 325 F: 2 6 
23686 12 23734 95 F: 12 
23713 8 23729 90 F: 3 4 1 
23804 13 23856 161 F: 7 6 
23936 2 23940 226 F: 2 
24057 9 24084 173 F: 4 3 2 
24177 8 24201 190 F: 4 4 
24268 9 24295 8 F: 3 2 4 
24366 11 24388 308 F: 4 4 3 
24489 9 24525 205 F: 3 3 3 
24550 5 24560 46 F: 5 
24692 11 24725 77 F: 6 5 
24752 8 24768 298 F: 4 4 
24830 10 24860 281 F: 3 3 4 
24985 2 24987 99 F: 2 
25037 7 25051 159 F: 5 2 
25111 9 25120 100 F: 4 4 1 
25224 11 25257 162 F: 11 
25390 9 25408 112 F: 3 6 
25448 5 25468 60 F: 5 
25500 12 25536 317 F: 12 
25691 8 25699 125 F: 2 6 
25754 9 25772 291 F: 2 4 3 
25804 11 25815 97 F: 11 
25934 6 25958 47 F: 6 
26019 4 26031 214 F: 4 
26114 4 26118 89 F: 4 
26215 8 26231 280 F: 8 
26356 8 26388 232 F: 8 
26473 12 26485 202 F: 12 
26587 7 26608 305 F: 2 2 3 
26666 13 26692 347 F: 13 
26723 9 26732 124 F: 9 
26825 9 26852 160 F: 5 2 2 
26922 7 26936 285 F: 2 1 4 
27044 4 27048 146 F: 2 2 
27143 8 27159 329 F: 8 
27217 13 27243 344 F: 7 6 
27362 2 27364 217 F: 2 
27496 12 27520 249 F: 12 
27531 13 27557 187 F: 13 
27642 7 27656 43 F: 5 2 
27751 10 27791 145 F: 3 4 3 
27870 8 27878 226 F: 8 
27931 11 27953 6 F: 11 
28056 8 28088 146 F: 5 1 2 
28136 8 28160 224 F: 5 3 
28289 7 28303 259 F: 7 
28361 7 28382 314 F: 7 
28465 2 28473 99 F: 2 
28552 3 28558 5 F: 3 
28668 12 28704 309 F: 12 
28729 9 28765 90 F: 4 1 4 
28866 7 28880 240 F: 4 1 2 
28916 10 28946 174 F: 6 4 
29075 9 29102 191 F: 9 
29150 5 29170 66 F: 3 2 
29279 6 29303 160 F: 3 3 
29335 8 29367 13 F: 2 2 4 
29430 3 29436 244 F: 3 
29500 9 29509 152 F: 2 4 3 
29637 8 29653 241 F: 2 4 2 
29763 7 29770 203 F: 5 1 1 
29834 11 29867 342 F: 5 6 
29981 9 30017 229 F: 5 4 
30089 9 30125 35 F: 4 5 
30116 10 30136 332 F: 3 3 4 
30291 4 30295 15 F: 4 
30390 12 30402 37 F: 12 
30498 8 30514 32 F: 3 4 1 
30551 3 30554 85 F: 3 
30627 5 30632 208 F: 3 2 
30719 6 30743 141 F: 2 4 
30893 6 30917 87 F: 6 
30939 3 30942 63 F: 3 
31092 7 31099 25 F: 7 
31131 9 31167 266 F: 9 
31298 6 31316 201 F: 2 3 1 
31388 8 31420 143 F: 5 3 
31472 4 31480 108 F: 3 1 
31581 8 31589 178 F: 8 
31689 12 31701 278 F: 12 
31732 6 31750 81 F: 6 
31803 7 31824 61 F: 2 3 2 
31996 12 32020 292 F: 12 
32059 11 32070 3 F: 5 2 4 
32150 7 32157 208 F: 5 2 
32264 7 32271 24 F: 3 1 3 
32328 5 32348 248 F: 5 
32412 11 32445 99 F: 11 
32504 9 32522 194 F: 4 4 1 
32656 6 32674 156 F: 2 2 2 
32727 9 32763 171 F: 7 2 
32808 10 32848 120 F: 6 4 
32924 8 32940 247 F: 4 4 
33097 10 33107 262 F: 4 2 4 
33122 12 33170 291 F: 5 3 4 
33248 9 33275 243 F: 4 1 4 
33338 4 33342 77 F: 2 2 
33400 11 33444 143 F: 11 
33515 5 33525 254 F: 5 
33644 10 33664 179 F: 7 3 
33702 12 33750 55 F: 12 
33815 9 33851 89 F: 5 1 3 
33921 8 33953 31 F: 8 
34031 6 34043 64 F: 6 
34197 10 34217 107 F: 3 3 4 
34270 5 34280 85 F: 4 1 
34311 11 34355 314 F: 11 
34430 6 34436 292 F: 4 2 
34555 7 34569 99 F: 4 1 2 
34620 6 34626 121 F: 4 2 
34740 8 34772 65 F: 3 4 1 
34878 4 34890 184 F: 2 1 1 
34999 3 35005 320 F: 3 
D: 19 191 
D: 19 246 
D: 20 29 
D: 25 56 
D: 31 184 
D: 40 126 
D: 40 127 
D: 42 198 
D: 62 284 
D: 74 188 
D: 86 250 
D: 105 238 
D: 108 206 
D: 117 199 
D: 117 315 
D: 121 151 
D: 135 313 
D: 142 235 
D: 145 319 
D: 150 181 
D: 155 292 
D: 157 197 
D: 160 177 
D: 176 208 
D: 184 340 
D: 194 244 
D: 195 257 
D: 200 319 
D: 208 236 
D: 216 284 
D: 249 274 
D: 297 324 
D: 315 338 
D: 326 338 
D: 337 349 
