63 8 71 9 F: 2 4 2 
188 6 200 276 F: 2 2 2 
299 6 311 117 F: 4 1 1 
356 12 368 276 F: 7 5 
432 3 438 53 F: 3 
582 7 596 324 F: 7 
677 6 689 195 F: 4 2 
778 5 788 274 F: 2 2 1 
858 12 906 326 F: 12 
941 7 955 330 F: 4 2 1 
1051 5 1061 29 F: 3 1 1 
1173 5 1183 316 F: 2 3 
1273 8 1305 218 F: 3 3 2 
1348 3 1354 67 F: 3 
1417 2 1425 167 F: 2 
1532 9 1550 165 F: 3 3 3 
1689 12 1737 64 F: 7 5 
1748 12 1772 121 F: 6 6 
1816 2 1818 155 F: 2 
1997 10 2017 127 F: 10 
2089 10 2129 23 F: 2 4 4 
2120 11 2164 76 F: 5 4 2 
2215 9 2233 151 F: 5 4 
2371 13 2410 47 F: 5 4 4 
2478 8 2510 117 F: 3 2 3 
2577 11 2610 121 F: 11 
2656 10 2666 122 F: 2 4 4 
2703 9 2739 256 F: 3 2 4 
2821 7 2842 46 F: 2 5 
2947 9 2965 77 F: 3 6 
3072 2 3074 165 F: 2 
3128 11 3161 241 F: 7 4 
3265 8 3297 247 F: 3 4 1 
3373 7 3387 241 F: 5 2 
3485 7 3499 119 F: 7 
3544 8 3560 233 F: 6 2 
3624 9 3633 315 F: 5 4 
3785 11 3796 76 F: 11 
3820 9 3847 219 F: 4 4 1 
3967 12 3991 42 F: 12 
4057 7 4064 255 F: 7 
4176 10 4206 96 F: 7 3 
4223 9 4241 218 F: 5 4 
4326 4 4334 112 F: 4 
4414 9 4423 130 F: 3 2 4 
4557 13 4583 138 F: 7 6 
4683 6 4689 45 F: 6 
4704 5 4724 61 F: 3 2 
4880 11 4902 186 F: 7 4 
4983 5 4988 290 F: 5 
5031 8 5063 339 F: 7 1 
5160 7 5181 262 F: 7 
5269 11 5291 182 F: 6 5 
5376 2 5384 54 F: 2 
5488 5 5503 2 F: 3 1 1 
5516 8 5532 83 F: 4 1 3 
5693 9 5729 343 F: 3 6 
5740 8 5764 230 F: 6 2 
5880 9 5907 290 F: 2 3 4 
5957 7 5978 267 F: 7 
6069 4 6081 80 F: 2 2 
6162 8 6170 235 F: 5 3 
6277 9 6295 87 F: 2 4 3 
6314 9 6323 74 F: 3 6 
6416 7 6430 112 F: 2 1 4 
6526 13 6578 49 F: 13 
6646 6 6658 297 F: 6 
6709 5 6719 287 F: 3 2 
6888 11 6921 56 F: 5 2 4 
6930 9 6948 241 F: 2 4 3 
7027 7 7034 159 F: 3 2 2 
7151 9 7160 106 F: 4 3 2 
7254 7 7275 18 F: 6 1 
7302 12 7314 77 F: 6 6 
7466 10 7496 136 F: 6 4 
7507 9 7534 9 F: 2 4 3 
7639 9 7666 230 F: 3 4 2 
7716 6 7734 35 F: 5 1 
7807 9 7843 192 F: 9 
7955 6 7967 334 F: 2 1 3 
8054 5 8059 42 F: 5 
8145 7 8159 152 F: 2 5 
8258 10 8298 155 F: 10 
8371 9 8398 131 F: 5 4 
8492 4 8508 311 F: 3 1 
8581 11 8614 94 F: 11 
8671 8 8695 342 F: 4 4 
8729 9 8738 223 F: 2 4 3 
8829 11 8862 215 F: 5 4 2 
8956 10 8966 78 F: 3 3 4 
9033 9 9069 144 F: 4 3 2 
9105 3 9108 350 F: 3 
9226 11 9248 8 F: 11 
9354 8 9386 182 F: 2 4 2 
9481 4 9485 225 F: 3 1 
9558 6 9564 54 F: 4 2 
9624 10 9644 45 F: 10 
9703 9 9730 254 F: 6 3 
9874 9 9910 151 F: 7 2 
9965 10 9985 282 F: 2 4 4 
10007 13 10033 337 F: 7 6 
10154 9 10190 94 F: 9 
10217 8 10233 238 F: 5 2 1 
10330 9 10357 183 F: 5 1 3 
10415 5 10420 319 F: 5 
10535 7 10563 252 F: 5 2 
10676 9 10703 284 F: 3 3 3 
10716 8 10724 315 F: 4 2 2 
10891 12 10903 100 F: 5 3 4 
10951 12 10963 76 F: 12 
11072 9 11081 50 F: 9 
11109 3 11112 323 F: 3 
11269 11 11291 193 F: 6 5 
11310 6 11316 346 F: 6 
11434 9 11452 134 F: 4 3 2 
11534 10 11574 1 F: 10 
11670 11 11714 331 F: 5 6 
11755 10 11765 290 F: 5 2 3 
11898 3 11910 32 F: 3 
11971 9 11980 195 F: 9 
12075 8 12099 347 F: 7 1 
12165 12 12213 258 F: 12 
12233 3 12245 291 F: 3 
12319 12 12367 214 F: 5 3 4 
12412 8 12420 127 F: 2 6 
12576 9 12603 115 F: 9 
12688 7 12695 128 F: 2 5 
12757 7 12771 39 F: 7 
12811 13 12824 332 F: 5 4 4 
12971 13 13010 240 F: 13 
13044 9 13071 268 F: 4 5 
13142 7 13170 108 F: 4 2 1 
13279 2 13281 185 F: 2 
13355 9 13364 313 F: 4 5 
13485 10 13525 221 F: 4 3 3 
13572 6 13596 219 F: 4 1 1 
13627 8 13651 49 F: 2 3 3 
13767 9 13776 56 F: 9 
13803 7 13810 268 F: 2 5 
13918 11 13951 208 F: 11 
14067 11 14078 260 F: 4 3 4 
14137 11 14148 88 F: 4 3 4 
14226 9 14244 350 F: 4 5 
14307 12 14331 212 F: 12 
14457 6 14463 305 F: 2 4 
14596 10 14626 296 F: 10 
14640 11 14684 144 F: 7 4 
14717 8 14725 300 F: 4 3 1 
14887 2 14895 192 F: 2 
14929 11 14962 307 F: 11 
15031 4 15039 127 F: 2 2 
15187 10 15207 216 F: 10 
15202 12 15238 160 F: 12 
15399 4 15403 120 F: 3 1 
15403 13 15429 101 F: 13 
15574 9 15592 81 F: 3 3 3 
15698 8 15730 347 F: 5 3 
15726 10 15756 306 F: 7 3 
15892 10 15912 281 F: 2 4 4 
15918 7 15925 53 F: 7 
16076 12 16112 108 F: 12 
16122 12 16170 165 F: 4 4 4 
16280 9 16307 243 F: 5 3 1 
16379 2 16383 152 F: 2 
16463 12 16499 344 F: 12 
16582 9 16591 270 F: 5 3 1 
16614 9 16650 217 F: 6 3 
16767 11 16789 338 F: 11 
16818 13 16857 107 F: 5 4 4 
16905 10 16945 73 F: 10 
17095 12 17107 205 F: 5 4 3 
17140 4 17144 65 F: 4 
17259 12 17271 197 F: 12 
17307 3 17313 276 F: 3 
17495 5 17505 147 F: 5 
17586 9 17595 91 F: 5 2 2 
17651 12 17675 333 F: 6 6 
17760 11 17804 155 F: 6 5 
17879 6 17885 103 F: 2 2 2 
17964 9 17982 256 F: 9 
18072 9 18099 161 F: 5 1 3 
18101 12 18125 170 F: 5 4 3 
18233 4 18241 324 F: 2 2 
18307 9 18343 273 F: 4 5 
18485 12 18533 301 F: 7 5 
18508 11 18519 206 F: 3 4 4 
18654 12 18666 182 F: 12 
18764 10 18794 104 F: 3 3 4 
18847 4 18863 293 F: 4 
18968 4 18972 96 F: 4 
19063 8 19079 75 F: 8 
19139 4 19155 287 F: 4 
19293 3 19302 324 F: 3 
19305 13 19331 287 F: 5 4 4 
19431 8 19455 147 F: 6 2 
19506 7 19527 266 F: 3 3 1 
19608 9 19617 339 F: 9 
19719 5 19729 104 F: 3 2 
19805 6 19811 51 F: 2 2 2 
19974 2 19980 333 F: 2 
20010 4 20014 300 F: 3 1 
20121 7 20149 165 F: 3 2 2 
20287 5 20297 297 F: 3 1 1 
20354 9 20372 269 F: 5 4 
20446 9 20455 21 F: 3 3 3 
20571 5 20591 187 F: 4 1 
20638 4 20646 80 F: 2 1 1 
20777 9 20795 321 F: 4 4 1 
20836 6 20848 123 F: 6 
20964 7 20978 185 F: 4 3 
21007 8 21039 262 F: 3 5 
21161 6 21185 167 F: 6 
21274 8 21306 128 F: 2 6 
21357 10 21377 113 F: 5 2 3 
21430 10 21470 283 F: 5 3 2 
21599 9 21617 136 F: 4 5 
21672 9 21690 262 F: 5 3 1 
21749 7 21756 282 F: 7 
21800 9 21809 295 F: 5 4 
21973 5 21993 269 F: 3 2 
22008 11 22030 113 F: 11 
22159 12 22183 328 F: 5 3 4 
22285 13 22298 125 F: 13 
22358 7 22372 161 F: 6 1 
22472 12 22484 293 F: 5 4 3 
22523 6 22529 276 F: 3 3 
22689 8 22721 14 F: 2 6 
22748 5 22768 57 F: 3 2 
22800 6 22812 297 F: 4 2 
22956 8 22980 89 F: 6 2 
23013 7 23034 147 F: 3 1 3 
23180 11 23213 173 F: 5 4 2 
23201 6 23213 53 F: 2 4 
23326 10 23336 270 F: 10 
23442 7 23456 218 F: 2 5 
23568 13 23607 167 F: 13 
23666 4 23674 265 F: 2 2 
23776 6 23788 265 F: 6 
23847 7 23854 46 F: 4 1 2 
23986 9 23995 271 F: 6 3 
24044 12 24056 258 F: 12 
24156 7 24163 73 F: 2 5 
24265 8 24281 166 F: 3 5 
24369 5 24389 296 F: 4 1 
24489 8 24521 138 F: 3 2 3 
24514 12 24562 13 F: 6 6 
24684 9 24711 44 F: 5 1 3 
24712 4 24720 319 F: 4 
24893 6 24905 254 F: 4 2 
24905 3 24908 9 F: 3 
25087 9 25123 33 F: 9 
25196 8 25220 205 F: 8 
25262 5 25267 300 F: 5 
25309 7 25337 126 F: 4 3 
25435 6 25453 9 F: 2 2 2 
25578 8 25610 183 F: 2 4 2 
25693 9 25711 144 F: 5 3 1 
25728 9 25737 131 F: 4 5 
25867 12 25915 226 F: 5 4 3 
25940 9 25976 33 F: 3 3 3 
26057 11 26101 160 F: 7 4 
26190 10 26210 239 F: 3 3 4 
26253 12 26301 67 F: 7 5 
26364 3 26376 272 F: 2 1 
26453 9 26462 220 F: 9 
26588 11 26599 156 F: 7 4 
26685 8 26701 112 F: 6 2 
26782 10 26802 259 F: 3 3 4 
26879 9 26897 2 F: 3 4 2 
26955 6 26979 276 F: 4 2 
27090 9 27099 14 F: 4 4 1 
27145 3 27148 47 F: 2 1 
27298 6 27316 59 F: 4 2 
27318 2 27322 257 F: 2 
27496 4 27512 39 F: 3 1 
27552 9 27570 103 F: 9 
27653 6 27665 55 F: 3 1 2 
27763 5 27768 293 F: 2 2 1 
27822 4 27826 332 F: 2 1 1 
27928 5 27943 32 F: 2 3 
28050 3 28053 283 F: 3 
28141 10 28181 99 F: 10 
28228 6 28252 293 F: 3 2 1 
28365 11 28387 194 F: 6 5 
28410 9 28446 278 F: 3 2 4 
28588 9 28615 112 F: 3 3 3 
28600 6 28606 221 F: 6 
28725 11 28769 278 F: 7 4 
28881 7 28909 302 F: 2 5 
28986 10 29016 72 F: 5 4 1 
29090 11 29134 91 F: 6 5 
29192 9 29201 305 F: 5 1 3 
29276 9 29312 123 F: 3 2 4 
29368 10 29388 32 F: 4 2 4 
29436 10 29456 340 F: 4 3 3 
29553 3 29556 218 F: 2 1 
29694 4 29698 298 F: 4 
29754 9 29763 116 F: 9 
29891 7 29919 189 F: 4 2 1 
29959 9 29995 148 F: 6 3 
30038 4 30054 273 F: 4 
30130 3 30133 124 F: 3 
30237 4 30253 193 F: 3 1 
30358 8 30390 268 F: 3 4 1 
30488 10 30508 194 F: 4 6 
30542 4 30558 125 F: 4 
30664 11 30697 215 F: 4 4 3 
30747 6 30759 189 F: 2 4 
30872 10 30912 79 F: 5 2 3 
30908 5 30918 275 F: 5 
31078 5 31088 337 F: 5 
31156 8 31164 196 F: 6 2 
31270 8 31278 295 F: 4 1 3 
31397 7 31425 98 F: 2 5 
31470 7 31498 138 F: 2 5 
31587 13 31639 275 F: 13 
31625 9 31661 64 F: 4 1 4 
31755 12 31791 126 F: 12 
31871 11 31882 195 F: 11 
31962 8 31986 260 F: 3 4 1 
32009 11 32042 17 F: 5 4 2 
32136 9 32163 272 F: 3 6 
32221 6 32245 85 F: 6 
32340 7 32361 345 F: 3 2 2 
32469 7 32476 260 F: 2 5 
32570 12 32606 166 F: 12 
32644 7 32672 187 F: 3 4 
32783 9 32792 67 F: 7 2 
32847 12 32871 256 F: 12 
32996 6 33002 281 F: 6 
33055 12 33103 231 F: 6 6 
33147 9 33165 146 F: 2 4 3 
33204 13 33217 285 F: 7 6 
33309 6 33321 8 F: 6 
33470 4 33486 224 F: 2 1 1 
33590 6 33614 222 F: 3 2 1 
33622 7 33643 143 F: 5 2 
33784 6 33796 161 F: 6 
33805 8 33829 94 F: 3 3 2 
33900 12 33924 108 F: 12 
34026 8 34050 293 F: 2 6 
34133 10 34173 146 F: 10 
34213 8 34229 80 F: 4 2 2 
34382 11 34415 304 F: 11 
34412 4 34428 126 F: 4 
34585 9 34612 269 F: 4 4 1 
34635 5 34640 94 F: 5 
34730 2 34738 155 F: 2 
34868 13 34894 300 F: 5 4 4 
34942 7 34956 143 F: 2 1 4 
D: 4 34 
D: 7 46 
D: 9 109 
D: 14 96 
D: 14 310 
D: 21 250 
D: 25 213 
D: 28 241 
D: 32 105 
D: 61 64 
D: 63 151 
D: 64 115 
D: 66 199 
D: 73 128 
D: 73 174 
D: 76 110 
D: 78 241 
D: 82 231 
D: 84 145 
D: 91 147 
D: 97 180 
D: 97 339 
D: 108 154 
D: 111 120 
D: 117 183 
D: 125 249 
D: 132 146 
D: 133 272 
D: 157 196 
D: 157 315 
D: 181 264 
D: 185 202 
D: 242 305 
D: 263 309 
D: 297 334 
