11 9 47 280 F: 4 4 1 
148 7 176 264 F: 5 2 
204 9 240 292 F: 4 1 4 
350 7 371 10 F: 2 4 1 
437 7 458 106 F: 3 3 1 
549 6 573 39 F: 4 2 
642 6 660 69 F: 2 4 
799 7 806 341 F: 3 3 1 
814 7 828 274 F: 2 5 
924 6 936 39 F: 6 
1094 10 1134 271 F: 6 4 
1134 7 1155 227 F: 3 3 1 
1269 10 1299 240 F: 4 6 
1303 11 1347 121 F: 7 4 
1401 8 1425 341 F: 6 2 
1543 8 1575 44 F: 3 2 3 
1683 5 1703 57 F: 5 
1710 5 1720 294 F: 5 
1808 8 1824 103 F: 3 5 
1926 9 1962 301 F: 5 2 2 
2085 9 2112 213 F: 4 5 
2144 6 2162 25 F: 6 
2260 8 2276 336 F: 4 1 3 
2309 9 2318 268 F: 4 5 
2406 7 2427 107 F: 7 
2537 9 2564 304 F: 9 
2686 2 2694 161 F: 2 
2744 11 2755 193 F: 7 4 
2817 3 2820 329 F: 3 
2910 7 2931 84 F: 2 4 1 
3006 10 3026 65 F: 5 1 4 
3142 5 3157 83 F: 4 1 
3256 8 3264 291 F: 5 3 
3310 11 3343 50 F: 4 3 4 
3431 4 3439 292 F: 2 2 
3573 13 3625 12 F: 13 
3693 10 3703 272 F: 5 3 2 
3705 8 3713 326 F: 3 5 
3826 9 3835 223 F: 9 
3927 7 3948 192 F: 3 1 3 
4087 9 4123 255 F: 5 3 1 
4160 4 4168 173 F: 3 1 
4276 10 4316 27 F: 5 5 
4395 5 4410 75 F: 2 2 1 
4401 4 4417 267 F: 4 
4568 7 4582 349 F: 4 2 1 
4694 11 4738 277 F: 3 4 4 
4769 9 4796 263 F: 4 5 
4833 10 4863 44 F: 7 3 
4935 8 4959 239 F: 5 2 1 
5098 4 5110 56 F: 4 
5104 4 5112 23 F: 2 1 1 
5235 11 5257 347 F: 11 
5334 5 5339 321 F: 3 2 
5470 7 5498 324 F: 2 5 
5528 13 5567 333 F: 13 
5662 4 5674 289 F: 2 2 
5781 8 5805 132 F: 7 1 
5853 9 5889 186 F: 9 
5934 5 5954 316 F: 2 3 
6055 9 6082 219 F: 9 
6162 7 6169 36 F: 3 3 1 
6273 8 6281 148 F: 5 2 1 
6377 9 6404 231 F: 7 2 
6439 10 6469 64 F: 5 5 
6525 12 6549 57 F: 5 4 3 
6682 4 6690 82 F: 2 2 
6711 7 6725 258 F: 2 5 
6812 7 6819 104 F: 6 1 
6987 9 6996 196 F: 9 
7033 9 7051 51 F: 4 5 
7110 7 7138 347 F: 2 5 
7219 7 7233 304 F: 7 
7315 13 7328 123 F: 13 
7437 4 7449 268 F: 4 
7566 10 7576 264 F: 5 3 2 
7629 4 7641 183 F: 2 2 
7721 11 7743 229 F: 11 
7855 13 7881 234 F: 5 4 4 
7939 10 7969 132 F: 2 4 4 
8023 4 8027 28 F: 4 
8191 7 8219 259 F: 3 4 
8291 9 8300 214 F: 4 2 3 
8336 8 8344 290 F: 5 1 2 
8486 3 8489 288 F: 3 
8526 2 8528 28 F: 2 
8642 8 8674 13 F: 4 2 2 
8795 11 8828 282 F: 5 2 4 
8815 10 8845 114 F: 6 4 
8994 6 9012 306 F: 6 
9069 10 9099 38 F: 5 5 
9153 5 9158 332 F: 4 1 
9250 4 9258 111 F: 4 
9329 8 9353 218 F: 4 3 1 
9485 6 9509 178 F: 6 
9590 5 9595 99 F: 5 
9643 9 9661 301 F: 5 3 1 
9794 6 9812 20 F: 3 1 2 
9810 2 9818 251 F: 2 
9976 12 9988 4 F: 12 
10080 9 10116 7 F: 3 2 4 
10193 5 10203 129 F: 2 3 
10255 11 10288 249 F: 4 4 3 
10348 8 10372 186 F: 3 5 
10432 6 10444 202 F: 3 2 1 
10590 13 10603 338 F: 5 4 4 
10686 5 10706 138 F: 4 1 
10796 8 10820 107 F: 4 4 
10823 7 10844 14 F: 2 5 
10923 7 10944 57 F: 4 1 2 
11029 10 11039 215 F: 10 
11122 11 11144 319 F: 11 
11267 8 11275 78 F: 5 3 
11345 3 11357 45 F: 3 
11402 8 11418 43 F: 2 4 2 
11560 9 11596 87 F: 3 6 
11696 9 11732 95 F: 5 4 
11745 11 11789 280 F: 11 
11863 12 11899 299 F: 12 
11986 7 11993 174 F: 4 3 
12097 11 12141 82 F: 11 
12173 11 12184 340 F: 4 3 4 
12296 7 12324 329 F: 4 2 1 
12368 6 12386 276 F: 4 2 
12432 5 12447 184 F: 3 2 
12568 5 12588 121 F: 5 
12687 11 12698 52 F: 5 3 3 
12701 8 12709 17 F: 8 
12828 11 12872 327 F: 4 4 3 
12978 8 13002 213 F: 2 6 
13057 4 13065 255 F: 2 2 
13163 11 13207 56 F: 7 4 
13220 3 13223 67 F: 3 
13380 9 13407 153 F: 3 4 2 
13411 8 13435 152 F: 5 3 
13517 8 13525 272 F: 8 
13654 5 13674 141 F: 4 1 
13727 8 13759 145 F: 2 6 
13854 7 13875 276 F: 7 
13931 7 13938 187 F: 4 2 1 
14027 9 14045 68 F: 9 
14112 8 14136 256 F: 3 5 
14233 4 14245 69 F: 4 
14396 6 14402 69 F: 6 
14485 9 14503 138 F: 3 3 3 
14546 12 14570 313 F: 12 
14626 8 14658 187 F: 4 4 
14721 6 14745 67 F: 4 1 1 
14890 13 14942 241 F: 13 
14923 11 14967 120 F: 7 4 
15089 11 15133 350 F: 5 6 
15149 12 15161 265 F: 5 3 4 
15204 7 15225 245 F: 6 1 
15337 8 15361 69 F: 8 
15438 7 15459 200 F: 2 1 4 
15581 9 15617 267 F: 3 4 2 
15655 5 15670 230 F: 5 
15701 9 15710 92 F: 5 1 3 
15829 6 15847 93 F: 5 1 
15998 6 16016 79 F: 2 4 
16044 8 16060 197 F: 7 1 
16154 13 16206 179 F: 7 6 
16297 10 16307 142 F: 7 3 
16383 9 16410 276 F: 4 2 3 
16413 9 16449 142 F: 4 3 2 
16537 7 16551 177 F: 2 1 4 
16602 7 16623 218 F: 4 3 
16772 11 16783 330 F: 11 
16869 4 16885 261 F: 2 2 
16926 10 16946 97 F: 5 3 2 
17018 6 17036 7 F: 6 
17112 8 17144 2 F: 4 3 1 
17247 8 17271 34 F: 3 5 
17357 8 17381 321 F: 5 3 
17401 8 17425 287 F: 2 6 
17537 12 17573 219 F: 12 
17655 5 17665 208 F: 3 2 
17737 9 17773 283 F: 3 2 4 
17854 11 17865 318 F: 11 
17978 13 17991 24 F: 13 
18035 12 18059 52 F: 12 
18178 11 18200 43 F: 4 4 3 
18298 11 18320 196 F: 7 4 
18353 9 18389 307 F: 3 2 4 
18412 3 18421 68 F: 3 
18505 12 18529 9 F: 6 6 
18669 9 18687 110 F: 3 3 3 
18749 5 18769 310 F: 5 
18883 10 18923 188 F: 5 5 
18913 2 18919 273 F: 2 
19072 13 19111 187 F: 7 6 
19145 12 19169 131 F: 7 5 
19277 6 19289 115 F: 6 
19357 11 19401 125 F: 11 
19428 9 19455 96 F: 5 4 
19542 11 19553 60 F: 11 
19681 4 19693 292 F: 4 
19789 9 19816 89 F: 5 1 3 
19808 8 19840 342 F: 4 3 1 
19950 7 19971 71 F: 5 2 
20008 7 20029 228 F: 4 2 1 
20126 12 20162 147 F: 6 6 
20250 8 20274 5 F: 3 2 3 
20355 2 20363 32 F: 2 
20445 10 20475 17 F: 10 
20582 8 20598 311 F: 7 1 
20636 10 20676 38 F: 5 4 1 
20779 5 20794 31 F: 2 2 1 
20843 8 20859 139 F: 4 4 
20904 11 20915 26 F: 4 4 3 
21036 7 21057 304 F: 3 1 3 
21138 5 21148 308 F: 4 1 
21236 11 21258 118 F: 5 6 
21379 4 21387 337 F: 4 
21439 6 21445 93 F: 2 3 1 
21596 10 21636 153 F: 4 3 3 
21688 9 21715 167 F: 9 
21719 7 21733 181 F: 6 1 
21828 5 21848 10 F: 5 
21996 7 22010 270 F: 7 
22099 7 22127 311 F: 7 
22119 5 22139 221 F: 2 3 
22230 7 22244 339 F: 2 4 1 
22399 8 22415 294 F: 8 
22470 10 22510 199 F: 10 
22525 12 22573 279 F: 12 
22604 6 22610 85 F: 6 
22743 6 22755 190 F: 3 3 
22850 6 22862 12 F: 3 1 2 
22977 7 23005 144 F: 4 1 2 
23084 7 23091 244 F: 3 1 3 
23185 7 23206 289 F: 2 2 3 
23281 7 23309 41 F: 2 1 4 
23386 12 23398 92 F: 12 
23451 5 23456 218 F: 5 
23511 3 23520 332 F: 3 
23659 13 23685 16 F: 13 
23754 10 23784 189 F: 5 5 
23844 10 23884 138 F: 6 4 
23995 8 24019 180 F: 2 4 2 
24053 11 24097 76 F: 11 
24136 6 24148 22 F: 2 2 2 
24210 7 24217 2 F: 3 1 3 
24355 12 24367 39 F: 5 3 4 
24472 7 24479 230 F: 2 2 3 
24542 13 24581 249 F: 13 
24605 7 24633 30 F: 3 1 3 
24725 11 24758 258 F: 11 
24834 4 24842 188 F: 4 
24991 11 25002 214 F: 11 
25042 10 25072 146 F: 3 4 3 
25157 10 25167 104 F: 6 4 
25274 7 25288 248 F: 7 
25357 8 25381 116 F: 8 
25434 8 25458 165 F: 6 2 
25582 6 25588 160 F: 2 3 1 
25689 9 25707 181 F: 3 3 3 
25707 10 25737 247 F: 10 
25885 11 25907 169 F: 5 4 2 
25966 12 25990 75 F: 7 5 
26012 3 26018 193 F: 2 1 
26165 11 26198 349 F: 11 
26268 6 26292 207 F: 5 1 
26320 9 26356 146 F: 4 4 1 
26455 10 26485 129 F: 10 
26552 7 26566 192 F: 7 
26614 9 26632 192 F: 9 
26789 9 26816 166 F: 4 5 
26863 9 26872 110 F: 5 4 
26900 4 26904 251 F: 2 2 
27031 11 27075 315 F: 11 
27151 4 27163 23 F: 4 
27250 8 27266 235 F: 4 4 
27317 12 27365 134 F: 5 3 4 
27477 12 27513 71 F: 12 
27523 13 27575 76 F: 7 6 
27689 8 27713 259 F: 4 4 
27755 7 27783 127 F: 3 1 3 
27856 13 27882 111 F: 13 
27919 10 27929 106 F: 5 3 2 
28079 7 28086 33 F: 4 1 2 
28122 5 28127 1 F: 5 
28264 9 28291 339 F: 9 
28338 13 28351 283 F: 13 
28447 7 28468 286 F: 2 3 2 
28509 6 28515 111 F: 2 2 2 
28628 6 28646 6 F: 3 2 1 
28792 4 28808 251 F: 3 1 
28877 4 28881 342 F: 3 1 
28949 12 28961 122 F: 12 
29071 7 29092 316 F: 3 2 2 
29187 11 29198 304 F: 5 3 3 
29214 6 29220 94 F: 6 
29363 4 29371 15 F: 3 1 
29420 7 29427 179 F: 3 2 2 
29599 9 29635 207 F: 4 5 
29611 7 29639 260 F: 5 2 
29750 6 29768 183 F: 6 
29822 6 29846 317 F: 6 
29936 9 29972 60 F: 2 4 3 
30012 8 30020 189 F: 2 6 
30125 11 30169 207 F: 11 
30227 5 30242 21 F: 5 
30332 8 30348 270 F: 4 4 
30423 11 30456 186 F: 11 
30503 9 30539 133 F: 9 
30644 7 30658 100 F: 5 2 
30732 7 30746 186 F: 2 1 4 
30815 12 30827 238 F: 6 6 
30905 2 30913 144 F: 2 
31057 8 31073 258 F: 6 2 
31155 7 31176 176 F: 7 
31231 7 31252 343 F: 3 4 
31308 3 31320 8 F: 2 1 
31440 4 31444 231 F: 3 1 
31580 6 31598 124 F: 3 2 1 
31656 8 31664 216 F: 5 3 
31767 6 31791 333 F: 6 
31874 6 31880 107 F: 2 4 
31959 8 31983 135 F: 2 4 2 
32030 11 32052 131 F: 3 4 4 
32126 13 32178 273 F: 13 
32245 3 32254 265 F: 2 1 
32358 8 32366 200 F: 6 2 
32470 9 32479 40 F: 7 2 
32529 12 32577 115 F: 7 5 
32694 8 32726 336 F: 8 
32796 7 32803 162 F: 7 
32808 10 32828 259 F: 5 5 
32977 6 33001 87 F: 6 
33032 13 33084 107 F: 13 
33175 3 33181 247 F: 3 
33230 7 33258 86 F: 7 
33310 7 33338 216 F: 7 
33496 10 33536 199 F: 10 
33571 5 33576 194 F: 4 1 
33695 11 33739 44 F: 5 6 
33795 9 33813 96 F: 9 
33842 7 33849 334 F: 5 1 1 
33966 9 33993 118 F: 4 3 2 
34050 6 34056 217 F: 6 
34184 13 34210 142 F: 13 
34223 12 34235 245 F: 12 
34348 13 34361 28 F: 7 6 
34464 12 34500 272 F: 7 5 
34514 9 34550 142 F: 3 6 
34649 12 34673 316 F: 12 
34795 2 34797 126 F: 2 
34814 7 34835 192 F: 7 
34905 9 34923 326 F: 5 4 
D: 2 218 
D: 4 202 
D: 6 308 
D: 15 43 
D: 28 228 
D: 40 245 
D: 44 226 
D: 49 117 
D: 50 289 
D: 53 263 
D: 56 306 
D: 57 129 
D: 64 318 
D: 66 151 
D: 67 139 
D: 80 310 
D: 84 266 
D: 84 287 
D: 87 308 
D: 91 93 
D: 103 122 
D: 106 284 
D: 123 292 
D: 132 314 
D: 133 331 
D: 140 237 
D: 140 311 
D: 166 303 
D: 174 230 
D: 189 192 
D: 190 211 
D: 192 255 
D: 212 324 
D: 247 337 
D: 313 337 
