44 9 53 249 F: 4 5 
103 12 139 33 F: 5 3 4 
260 10 270 52 F: 4 2 4 
366 2 372 68 F: 2 
429 7 450 96 F: 6 1 
570 7 584 342 F: 5 1 1 
682 6 706 328 F: 5 1 
751 7 779 31 F: 7 
800 8 808 99 F: 5 2 1 
921 6 945 90 F: 4 1 1 
1068 11 1090 79 F: 11 
1179 4 1183 136 F: 2 2 
1290 7 1297 337 F: 7 
1392 10 1412 285 F: 5 3 2 
1461 7 1482 257 F: 3 1 3 
1596 6 1608 346 F: 3 3 
1698 9 1734 41 F: 3 6 
1751 4 1763 322 F: 4 
1845 8 1861 27 F: 3 5 
1924 8 1940 120 F: 2 2 4 
2081 6 2087 225 F: 6 
2151 9 2169 156 F: 2 4 3 
2206 7 2220 111 F: 4 2 1 
2367 12 2391 160 F: 6 6 
2460 11 2504 279 F: 3 4 4 
2562 8 2570 176 F: 8 
2624 11 2657 366 F: 5 6 
2710 7 2724 355 F: 2 5 
2800 6 2812 360 F: 6 
2904 11 2937 182 F: 11 
3089 5 3104 117 F: 5 
3180 10 3210 99 F: 2 4 4 
3219 11 3230 126 F: 6 5 
3362 9 3380 321 F: 9 
3431 9 3449 75 F: 4 3 2 
3546 10 3556 364 F: 2 4 4 
3675 7 3703 255 F: 3 2 2 
3798 11 3820 80 F: 4 4 3 
3808 13 3860 394 F: 13 
3977 8 3993 271 F: 2 4 2 
4043 12 4067 147 F: 12 
4151 11 4173 238 F: 4 4 3 
4292 12 4304 21 F: 5 3 4 
4362 8 4386 319 F: 8 
4414 8 4422 218 F: 3 1 4 
4527 9 4536 80 F: 5 3 1 
4651 11 4695 371 F: 6 5 
4785 10 4825 366 F: 5 5 
4865 12 4913 232 F: 7 5 
4989 8 4997 42 F: 3 2 3 
5086 6 5092 151 F: 3 3 
5180 8 5196 127 F: 4 4 
5209 8 5241 184 F: 5 3 
5398 6 5410 90 F: 2 4 
5400 3 5412 78 F: 2 1 
5541 9 5550 298 F: 4 5 
5670 3 5679 12 F: 3 
5717 10 5747 203 F: 5 4 1 
5890 7 5918 72 F: 2 4 1 
5952 6 5976 67 F: 5 1 
6039 3 6045 62 F: 2 1 
6121 10 6151 226 F: 10 
6250 13 6302 193 F: 7 6 
6303 10 6313 19 F: 10 
6487 12 6499 273 F: 12 
6581 9 6590 256 F: 4 4 1 
6692 9 6728 5 F: 6 3 
6789 7 6817 373 F: 5 2 
6845 8 6853 157 F: 2 4 2 
6910 10 6950 287 F: 5 2 3 
7057 11 7068 38 F: 5 4 2 
7168 8 7184 265 F: 7 1 
7228 8 7252 292 F: 2 4 2 
7354 12 7402 356 F: 12 
7416 11 7460 376 F: 5 3 3 
7524 7 7538 130 F: 7 
7614 3 7623 397 F: 3 
7768 11 7801 32 F: 11 
7860 10 7900 4 F: 4 3 3 
7974 6 7986 371 F: 4 1 1 
8009 3 8012 179 F: 3 
8167 4 8183 292 F: 2 2 
8246 9 8282 282 F: 4 1 4 
8352 12 8364 281 F: 4 4 4 
8418 10 8438 87 F: 4 4 2 
8568 8 8576 301 F: 4 4 
8611 8 8619 362 F: 5 1 2 
8771 3 8780 171 F: 2 1 
8882 3 8888 170 F: 3 
8939 10 8969 400 F: 3 3 4 
9040 7 9054 131 F: 5 2 
9122 8 9130 105 F: 5 2 1 
9208 8 9224 366 F: 5 2 1 
9398 4 9406 315 F: 2 2 
9458 3 9470 338 F: 3 
9568 6 9574 73 F: 6 
9654 3 9657 398 F: 2 1 
9707 9 9716 345 F: 6 3 
9835 4 9839 150 F: 4 
9904 6 9922 159 F: 2 2 2 
10094 7 10122 108 F: 3 1 3 
10170 12 10182 124 F: 5 4 3 
10273 5 10278 168 F: 5 
10374 10 10394 112 F: 3 3 4 
10415 8 10431 169 F: 6 2 
10555 13 10607 207 F: 13 
10608 11 10630 12 F: 7 4 
10794 8 10802 44 F: 8 
10840 6 10864 59 F: 6 
10958 13 10997 94 F: 13 
11061 8 11085 332 F: 8 
11143 10 11173 114 F: 4 3 3 
11257 8 11289 386 F: 2 6 
11352 8 11368 61 F: 5 1 2 
11436 8 11468 369 F: 2 2 4 
11529 10 11549 146 F: 10 
11617 10 11647 139 F: 4 2 4 
11737 4 11741 244 F: 4 
11806 6 11812 225 F: 2 4 
11929 8 11953 266 F: 5 2 1 
12018 13 12044 67 F: 13 
12104 8 12128 386 F: 3 1 4 
12254 10 12294 228 F: 7 3 
12364 7 12371 98 F: 3 3 1 
12458 7 12486 124 F: 3 1 3 
12534 9 12561 208 F: 4 5 
12662 7 12683 362 F: 3 4 
12710 10 12750 226 F: 2 4 4 
12800 10 12810 72 F: 6 4 
12929 6 12935 263 F: 3 2 1 
13015 9 13033 102 F: 4 3 2 
13192 8 13200 143 F: 3 1 4 
13237 5 13252 156 F: 5 
13379 7 13400 116 F: 5 2 
13448 6 13466 191 F: 5 1 
13577 11 13599 292 F: 11 
13642 9 13660 205 F: 4 5 
13732 10 13772 249 F: 10 
13851 7 13879 332 F: 4 2 1 
13925 6 13931 228 F: 4 2 
14077 8 14093 299 F: 4 1 3 
14189 7 14217 174 F: 2 5 
14239 4 14251 24 F: 3 1 
14357 10 14387 384 F: 5 2 3 
14461 2 14467 326 F: 2 
14532 12 14580 55 F: 5 4 3 
14661 9 14679 126 F: 2 4 3 
14714 12 14762 130 F: 12 
14836 9 14845 265 F: 3 6 
14994 3 15003 106 F: 3 
15049 6 15067 203 F: 4 1 1 
15124 3 15130 341 F: 2 1 
15252 8 15284 263 F: 4 4 
15329 3 15335 356 F: 2 1 
15447 12 15471 139 F: 4 4 4 
15580 7 15587 366 F: 2 4 1 
15637 10 15657 358 F: 6 4 
15773 12 15809 266 F: 4 4 4 
15813 9 15822 364 F: 9 
15904 13 15930 360 F: 5 4 4 
16011 8 16043 86 F: 7 1 
16177 8 16185 121 F: 4 3 1 
16250 6 16274 386 F: 3 1 2 
16336 6 16342 104 F: 4 2 
16413 7 16434 145 F: 2 5 
16555 7 16569 399 F: 5 1 1 
16614 7 16635 38 F: 7 
16707 12 16719 238 F: 5 4 3 
16870 7 16891 268 F: 4 1 2 
16953 11 16986 52 F: 4 3 4 
17010 8 17018 64 F: 4 2 2 
17138 11 17149 32 F: 11 
17228 6 17246 262 F: 6 
17369 9 17378 280 F: 3 4 2 
17418 9 17436 42 F: 9 
17554 9 17572 256 F: 4 2 3 
17613 11 17646 279 F: 11 
17741 7 17748 314 F: 2 3 2 
17877 10 17907 112 F: 2 4 4 
17946 7 17960 324 F: 2 3 2 
18099 3 18108 203 F: 3 
18135 12 18183 194 F: 6 6 
18237 5 18247 165 F: 4 1 
18331 10 18351 216 F: 7 3 
18425 8 18433 276 F: 8 
18584 4 18592 41 F: 3 1 
18636 12 18672 256 F: 12 
18780 12 18804 153 F: 4 4 4 
18853 9 18889 65 F: 4 2 3 
18907 11 18940 373 F: 5 6 
19035 12 19047 132 F: 12 
19105 12 19141 52 F: 12 
19277 5 19297 4 F: 5 
19380 10 19420 9 F: 10 
19432 8 19456 97 F: 2 6 
19557 9 19584 78 F: 5 4 
19681 8 19713 265 F: 4 3 1 
19776 2 19778 301 F: 2 
19870 7 19877 89 F: 3 1 3 
19988 6 20006 176 F: 3 3 
20037 12 20085 68 F: 7 5 
20193 11 20204 170 F: 6 5 
20217 3 20220 12 F: 2 1 
20308 9 20317 93 F: 3 6 
20470 10 20490 392 F: 4 2 4 
20548 4 20552 201 F: 4 
20642 6 20660 63 F: 6 
20736 9 20772 31 F: 4 5 
20884 7 20898 180 F: 2 3 2 
20970 5 20985 135 F: 5 
21095 5 21110 73 F: 4 1 
21150 7 21171 339 F: 2 1 4 
21248 10 21258 346 F: 10 
21372 12 21420 104 F: 12 
21486 9 21522 344 F: 9 
21513 11 21535 275 F: 11 
21693 6 21699 289 F: 6 
21747 8 21771 140 F: 4 3 1 
21858 3 21861 54 F: 3 
21916 10 21946 151 F: 6 4 
22033 9 22060 127 F: 3 6 
22154 13 22206 265 F: 7 6 
22267 8 22291 367 F: 3 5 
22320 4 22332 176 F: 4 
22407 7 22428 27 F: 7 
22579 9 22588 191 F: 5 3 1 
22626 5 22646 346 F: 5 
22709 6 22733 181 F: 6 
22806 10 22816 316 F: 3 3 4 
22946 4 22954 132 F: 4 
23025 8 23041 221 F: 3 5 
23186 8 23202 297 F: 3 5 
23220 3 23226 388 F: 3 
23389 4 23405 243 F: 2 2 
23481 11 23525 113 F: 5 6 
23537 10 23557 314 F: 7 3 
23680 8 23688 221 F: 3 3 2 
23778 10 23808 49 F: 4 3 3 
23849 7 23863 49 F: 6 1 
23977 11 23988 358 F: 5 4 2 
24043 7 24071 69 F: 5 2 
24178 2 24184 396 F: 2 
24253 7 24281 308 F: 4 3 
24330 8 24346 253 F: 3 1 4 
24466 8 24474 241 F: 3 1 4 
24577 12 24613 385 F: 5 4 3 
24606 8 24638 17 F: 3 1 4 
24746 6 24770 358 F: 4 2 
24863 2 24871 337 F: 2 
24928 10 24938 239 F: 7 3 
25065 7 25079 144 F: 4 3 
25109 6 25115 379 F: 6 
25231 7 25252 57 F: 4 3 
25347 7 25361 64 F: 7 
25434 10 25454 66 F: 10 
25541 8 25549 182 F: 3 1 4 
25654 5 25674 10 F: 2 1 2 
25742 7 25749 280 F: 4 1 2 
25822 7 25843 392 F: 2 5 
25930 10 25950 365 F: 5 4 1 
26025 10 26045 166 F: 4 4 2 
26183 7 26190 4 F: 7 
26250 11 26283 192 F: 11 
26356 6 26362 165 F: 6 
26411 10 26441 382 F: 7 3 
26585 4 26597 236 F: 2 1 1 
26695 2 26701 366 F: 2 
26760 10 26780 66 F: 4 2 4 
26869 10 26879 90 F: 10 
26966 5 26971 333 F: 3 2 
27041 8 27073 374 F: 7 1 
27184 8 27192 5 F: 3 3 2 
27256 10 27296 127 F: 5 5 
27341 8 27373 157 F: 8 
27411 8 27419 215 F: 4 3 1 
27502 10 27512 128 F: 6 4 
27616 8 27624 218 F: 2 4 2 
27701 7 27722 249 F: 7 
27872 8 27896 39 F: 3 4 1 
27935 8 27943 90 F: 8 
28084 2 28092 182 F: 2 
28160 6 28178 210 F: 2 2 2 
28279 8 28287 66 F: 2 2 4 
28306 11 28317 349 F: 4 4 3 
28401 11 28434 108 F: 5 6 
28571 6 28583 206 F: 3 1 2 
28668 10 28678 86 F: 5 5 
28770 10 28800 16 F: 4 6 
28815 6 28833 190 F: 2 1 3 
28901 10 28911 291 F: 10 
29096 4 29112 6 F: 2 2 
29187 7 29208 62 F: 2 3 2 
29213 11 29224 286 F: 6 5 
29324 9 29342 122 F: 5 3 1 
29421 8 29429 195 F: 2 4 2 
29553 6 29559 79 F: 2 4 
29697 12 29733 270 F: 7 5 
29709 4 29721 3 F: 4 
29839 10 29849 92 F: 7 3 
29940 11 29973 273 F: 11 
30016 10 30046 294 F: 10 
30123 4 30127 376 F: 3 1 
30266 3 30275 40 F: 3 
30393 3 30396 83 F: 3 
30441 9 30450 220 F: 9 
30501 12 30513 288 F: 12 
30654 8 30678 386 F: 3 3 2 
30762 3 30774 313 F: 3 
30817 7 30845 208 F: 5 2 
30942 11 30953 27 F: 3 4 4 
31084 11 31117 228 F: 11 
31180 4 31184 196 F: 2 2 
31214 12 31238 87 F: 7 5 
31361 12 31373 135 F: 7 5 
31484 12 31532 393 F: 12 
31588 6 31600 306 F: 5 1 
31625 3 31637 48 F: 2 1 
31755 6 31761 357 F: 3 2 1 
31805 8 31829 101 F: 5 2 1 
31915 9 31951 314 F: 4 5 
32010 7 32024 282 F: 2 1 4 
32178 12 32202 26 F: 5 4 3 
32213 8 32237 127 F: 6 2 
32369 6 32381 168 F: 4 1 1 
32406 9 32415 299 F: 2 3 4 
32593 8 32601 84 F: 8 
32677 10 32687 135 F: 10 
32737 8 32745 136 F: 2 6 
32854 11 32876 98 F: 5 4 2 
32976 6 33000 32 F: 3 3 
33095 7 33123 385 F: 5 1 1 
33187 6 33193 3 F: 3 2 1 
33235 8 33243 143 F: 3 2 3 
33386 13 33425 107 F: 13 
33406 9 33415 327 F: 9 
33554 9 33563 253 F: 3 6 
33640 11 33651 4 F: 5 4 2 
33781 5 33786 391 F: 4 1 
33824 7 33838 70 F: 2 5 
33959 11 33981 271 F: 11 
34027 5 34042 383 F: 3 2 
34140 12 34152 236 F: 12 
34279 10 34319 331 F: 10 
34316 5 34336 58 F: 5 
34418 8 34442 139 F: 5 1 2 
34599 9 34617 338 F: 2 3 4 
34670 8 34694 336 F: 3 1 4 
34748 8 34780 87 F: 4 2 2 
34800 9 34827 231 F: 5 4 
34945 7 34959 284 F: 3 4 
35071 13 35097 172 F: 5 4 4 
35137 13 35150 153 F: 7 6 
35207 8 35223 104 F: 2 6 
35384 12 35432 55 F: 6 6 
35413 6 35419 397 F: 6 
35542 8 35558 26 F: 8 
35600 9 35618 93 F: 5 2 2 
35734 6 35746 23 F: 3 2 1 
35894 13 35907 276 F: 7 6 
35906 6 35918 350 F: 2 2 2 
36020 11 36064 259 F: 7 4 
36141 12 36153 319 F: 12 
36251 9 36260 186 F: 2 4 3 
36306 12 36342 40 F: 5 4 3 
36493 9 36511 210 F: 3 6 
36533 9 36551 371 F: 9 
36695 8 36719 153 F: 3 2 3 
36735 4 36743 71 F: 4 
36820 7 36841 206 F: 4 1 2 
36943 5 36953 165 F: 4 1 
37086 9 37095 203 F: 3 3 3 
37191 9 37227 102 F: 9 
37264 12 37288 239 F: 7 5 
37389 7 37396 276 F: 2 5 
37449 8 37457 210 F: 2 6 
37598 8 37622 375 F: 8 
37682 7 37689 238 F: 4 1 2 
37794 8 37818 243 F: 3 4 1 
37892 7 37899 347 F: 5 2 
37961 10 37981 14 F: 3 3 4 
38067 2 38075 271 F: 2 
38125 10 38145 162 F: 3 4 3 
38242 9 38260 17 F: 4 5 
38305 11 38316 386 F: 11 
38427 9 38463 107 F: 4 1 4 
38506 9 38515 361 F: 4 5 
38603 9 38639 187 F: 5 4 
38787 4 38795 165 F: 4 
38836 8 38844 335 F: 2 6 
38994 3 38997 391 F: 2 1 
39049 9 39085 93 F: 6 3 
39182 3 39188 200 F: 2 1 
39273 3 39279 6 F: 3 
39325 8 39349 337 F: 3 5 
39428 9 39437 144 F: 4 1 4 
39572 11 39594 212 F: 6 5 
39692 8 39716 17 F: 3 3 2 
39707 10 39737 15 F: 2 4 4 
39882 13 39921 84 F: 5 4 4 
39931 6 39955 400 F: 6 
D: 5 309 
D: 6 327 
D: 13 130 
D: 16 211 
D: 20 196 
D: 25 276 
D: 26 160 
D: 28 118 
D: 37 285 
D: 42 279 
D: 44 107 
D: 48 293 
D: 51 71 
D: 62 131 
D: 62 226 
D: 82 154 
D: 83 242 
D: 83 328 
D: 99 369 
D: 108 142 
D: 110 352 
D: 120 188 
D: 125 362 
D: 127 174 
D: 155 295 
D: 157 349 
D: 160 355 
D: 160 378 
D: 162 246 
D: 165 237 
D: 186 282 
D: 197 235 
D: 198 309 
D: 214 325 
D: 218 275 
D: 249 377 
D: 257 347 
D: 285 375 
D: 299 399 
D: 313 399 
