11 8 35 244 F: 8 
117 7 124 12 F: 7 
220 8 228 31 F: 2 6 
365 13 378 65 F: 13 
491 2 495 35 F: 2 
569 11 591 302 F: 5 3 3 
608 10 648 324 F: 3 4 3 
783 2 791 205 F: 2 
842 8 866 400 F: 3 2 3 
929 5 934 309 F: 5 
1099 12 1135 333 F: 5 3 4 
1111 5 1121 325 F: 5 
1277 12 1325 278 F: 5 4 3 
1324 13 1376 188 F: 5 4 4 
1436 9 1454 231 F: 4 5 
1586 8 1610 339 F: 4 1 3 
1614 9 1623 3 F: 4 1 4 
1766 10 1786 135 F: 4 2 4 
1857 6 1869 396 F: 6 
1911 8 1919 391 F: 5 3 
2072 9 2081 112 F: 4 3 2 
2128 4 2132 230 F: 4 
2252 9 2279 112 F: 3 6 
2360 7 2388 132 F: 5 2 
2418 5 2428 55 F: 2 3 
2500 10 2530 208 F: 10 
2691 5 2701 266 F: 5 
2779 7 2793 347 F: 2 5 
2865 6 2871 151 F: 6 
2906 13 2958 360 F: 13 
3022 7 3036 79 F: 4 3 
3162 6 3168 14 F: 2 2 2 
3281 8 3289 277 F: 6 2 
3310 11 3321 314 F: 11 
3419 9 3437 215 F: 6 3 
3547 9 3583 231 F: 3 6 
3682 9 3700 276 F: 9 
3783 11 3794 151 F: 5 3 3 
3854 5 3869 386 F: 3 1 1 
3994 8 4018 231 F: 3 3 2 
4078 2 4086 375 F: 2 
4194 10 4224 163 F: 10 
4257 12 4269 51 F: 6 6 
4379 6 4385 166 F: 5 1 
4422 11 4433 151 F: 5 3 3 
4578 7 4599 235 F: 3 3 1 
4691 6 4709 199 F: 6 
4702 8 4734 189 F: 3 1 4 
4811 8 4843 56 F: 8 
4986 8 5010 352 F: 5 3 
5024 11 5046 3 F: 4 4 3 
5178 10 5208 131 F: 4 2 4 
5283 5 5303 93 F: 3 2 
5386 8 5418 58 F: 4 4 
5441 7 5469 140 F: 4 3 
5550 6 5574 376 F: 6 
5647 9 5674 196 F: 6 3 
5780 11 5791 82 F: 6 5 
5829 3 5832 8 F: 3 
5900 10 5930 243 F: 10 
6032 7 6053 373 F: 4 2 1 
6190 10 6200 47 F: 4 2 4 
6217 7 6224 221 F: 4 2 1 
6311 10 6331 44 F: 5 4 1 
6427 8 6435 272 F: 6 2 
6529 11 6551 185 F: 4 3 4 
6689 10 6709 393 F: 5 2 3 
6716 6 6740 139 F: 3 3 
6815 8 6847 91 F: 6 2 
6989 7 7003 199 F: 4 2 1 
7073 8 7089 281 F: 8 
7154 7 7175 166 F: 4 3 
7277 6 7295 186 F: 2 4 
7390 11 7423 278 F: 5 4 2 
7436 8 7444 129 F: 3 3 2 
7592 10 7622 214 F: 5 4 1 
7617 4 7633 68 F: 2 2 
7709 7 7730 61 F: 7 
7895 7 7909 265 F: 2 3 2 
7932 6 7956 114 F: 5 1 
8015 4 8023 116 F: 4 
8142 6 8166 50 F: 3 2 1 
8265 6 8277 77 F: 2 2 2 
8375 10 8405 280 F: 10 
8445 10 8455 317 F: 6 4 
8520 9 8538 110 F: 4 5 
8699 10 8719 229 F: 5 3 2 
8736 4 8752 76 F: 3 1 
8894 9 8912 382 F: 3 3 3 
8906 7 8913 52 F: 4 2 1 
9002 7 9030 346 F: 4 1 2 
9198 11 9209 276 F: 5 3 3 
9207 2 9215 339 F: 2 
9317 8 9333 94 F: 5 1 2 
9405 3 9408 271 F: 3 
9573 11 9606 305 F: 11 
9682 7 9696 143 F: 2 1 4 
9744 9 9780 64 F: 6 3 
9892 11 9903 315 F: 5 3 3 
9998 9 10025 304 F: 5 3 1 
10020 8 10044 102 F: 3 2 3 
10100 11 10144 211 F: 5 6 
10263 10 10303 254 F: 5 4 1 
10371 10 10381 389 F: 2 4 4 
10410 7 10438 373 F: 2 5 
10549 10 10589 193 F: 10 
10695 6 10701 149 F: 2 3 1 
10725 10 10745 60 F: 5 3 2 
10829 9 10856 375 F: 9 
10943 13 10956 74 F: 7 6 
11047 13 11086 247 F: 13 
11191 3 11194 120 F: 3 
11251 9 11278 252 F: 4 2 3 
11344 9 11353 337 F: 9 
11490 10 11510 289 F: 4 4 2 
11562 9 11571 76 F: 9 
11612 11 11645 60 F: 5 4 2 
11705 9 11741 164 F: 3 3 3 
11837 4 11841 102 F: 4 
11975 9 11993 283 F: 9 
12038 8 12062 191 F: 4 4 
12123 5 12128 92 F: 5 
12249 7 12270 226 F: 2 1 4 
12361 7 12382 10 F: 3 4 
12462 10 12482 251 F: 2 4 4 
12520 9 12556 123 F: 4 1 4 
12609 8 12617 383 F: 5 3 
12794 7 12801 359 F: 2 4 1 
12844 11 12855 109 F: 11 
12952 10 12962 215 F: 4 6 
13032 7 13046 344 F: 5 1 1 
13198 8 13206 190 F: 2 2 4 
13257 8 13273 246 F: 8 
13391 12 13403 306 F: 12 
13426 5 13441 345 F: 5 
13554 5 13564 214 F: 5 
13642 5 13652 361 F: 2 3 
13702 12 13738 169 F: 5 3 4 
13855 13 13894 366 F: 13 
13914 4 13926 16 F: 4 
14030 7 14044 21 F: 6 1 
14131 6 14137 154 F: 2 4 
14206 8 14230 214 F: 8 
14322 11 14355 379 F: 5 4 2 
14463 12 14475 108 F: 6 6 
14577 9 14586 130 F: 9 
14631 7 14645 33 F: 7 
14787 8 14819 52 F: 5 1 2 
14880 9 14889 138 F: 5 3 1 
14919 9 14928 58 F: 9 
15022 9 15040 365 F: 9 
15186 8 15202 52 F: 2 3 3 
15293 7 15307 17 F: 3 4 
15350 7 15357 90 F: 3 1 3 
15414 11 15436 134 F: 5 2 4 
15573 5 15583 369 F: 5 
15675 13 15701 1 F: 13 
15796 5 15811 366 F: 5 
15858 9 15894 280 F: 7 2 
15911 9 15938 10 F: 3 2 4 
16003 10 16033 67 F: 10 
16148 10 16168 146 F: 7 3 
16236 9 16272 220 F: 9 
16372 9 16381 303 F: 9 
16419 6 16443 341 F: 6 
16526 7 16547 186 F: 7 
16602 9 16611 284 F: 2 3 4 
16747 9 16765 109 F: 9 
16867 9 16903 81 F: 4 4 1 
16974 11 16996 210 F: 6 5 
17075 7 17096 108 F: 7 
17120 7 17141 238 F: 2 1 4 
17262 8 17286 206 F: 5 1 2 
17381 6 17399 16 F: 2 4 
17407 12 17443 68 F: 5 4 3 
17598 8 17622 94 F: 2 2 4 
17675 7 17703 316 F: 3 4 
17795 8 17819 271 F: 4 1 3 
17802 5 17822 118 F: 3 2 
17950 12 17962 100 F: 12 
18051 8 18059 107 F: 8 
18196 10 18236 219 F: 5 2 3 
18243 10 18273 209 F: 2 4 4 
18380 13 18393 306 F: 13 
18471 5 18486 324 F: 3 1 1 
18572 4 18588 92 F: 4 
18692 9 18719 17 F: 4 4 1 
18730 9 18748 346 F: 4 1 4 
18811 8 18819 8 F: 2 4 2 
18932 4 18936 65 F: 3 1 
19078 6 19096 267 F: 6 
19148 7 19162 48 F: 5 2 
19286 6 19298 152 F: 2 2 2 
19395 7 19402 315 F: 6 1 
19454 6 19472 170 F: 5 1 
19542 9 19578 149 F: 6 3 
19681 9 19708 373 F: 4 4 1 
19712 9 19739 120 F: 4 3 2 
19826 2 19830 53 F: 2 
19937 7 19965 263 F: 5 1 1 
20059 10 20099 280 F: 10 
20100 8 20124 222 F: 8 
20236 9 20272 303 F: 2 3 4 
20372 8 20404 36 F: 3 3 2 
20492 13 20531 324 F: 13 
20518 9 20527 207 F: 3 6 
20653 13 20679 197 F: 13 
20745 8 20777 150 F: 8 
20802 8 20818 5 F: 2 2 4 
20952 10 20992 289 F: 10 
21064 10 21074 356 F: 5 2 3 
21189 4 21193 25 F: 2 1 1 
21248 3 21254 112 F: 3 
21329 9 21338 197 F: 5 4 
21419 11 21452 126 F: 5 6 
21585 7 21592 26 F: 3 2 2 
21662 10 21672 64 F: 6 4 
21770 7 21791 43 F: 6 1 
21889 3 21898 167 F: 3 
21987 10 21997 186 F: 7 3 
22069 10 22109 102 F: 4 4 2 
22100 6 22118 328 F: 2 1 3 
22236 10 22276 252 F: 7 3 
22314 10 22334 290 F: 10 
22450 8 22466 21 F: 4 3 1 
22560 6 22578 380 F: 2 1 3 
22624 5 22629 373 F: 5 
22759 9 22795 132 F: 4 1 4 
22837 8 22845 297 F: 5 1 2 
22928 2 22932 270 F: 2 
23047 10 23077 334 F: 3 4 3 
23131 8 23139 375 F: 5 2 1 
23222 8 23254 64 F: 8 
23304 13 23356 243 F: 13 
23499 8 23507 250 F: 5 1 2 
23544 8 23560 283 F: 5 2 1 
23693 6 23711 190 F: 2 1 3 
23795 5 23805 11 F: 5 
23875 2 23881 308 F: 2 
23927 12 23939 377 F: 12 
24029 3 24041 364 F: 2 1 
24178 7 24192 191 F: 5 1 1 
24250 6 24274 332 F: 5 1 
24303 3 24306 386 F: 2 1 
24477 9 24504 284 F: 6 3 
24555 8 24579 7 F: 3 5 
24690 2 24692 243 F: 2 
24710 12 24758 37 F: 5 4 3 
24809 4 24813 27 F: 4 
24940 8 24956 153 F: 7 1 
25056 9 25074 69 F: 5 2 2 
25170 9 25188 24 F: 4 2 3 
25240 7 25254 115 F: 6 1 
25343 12 25355 33 F: 7 5 
25444 7 25458 174 F: 7 
25559 11 25581 299 F: 5 2 4 
25640 8 25656 352 F: 4 2 2 
25702 8 25710 337 F: 4 4 
25883 9 25919 332 F: 4 2 3 
25969 7 25983 27 F: 2 2 3 
26089 12 26137 190 F: 7 5 
26122 4 26138 109 F: 3 1 
26290 11 26323 102 F: 7 4 
26371 12 26383 246 F: 12 
26462 13 26501 68 F: 13 
26520 7 26548 144 F: 3 4 
26692 11 26736 178 F: 5 4 2 
26726 7 26747 124 F: 3 1 3 
26877 7 26898 366 F: 3 3 1 
26930 11 26952 170 F: 11 
27052 9 27061 240 F: 5 3 1 
27166 12 27214 109 F: 12 
27279 8 27295 304 F: 4 2 2 
27323 7 27337 270 F: 5 2 
27448 9 27475 111 F: 3 3 3 
27554 10 27574 281 F: 4 2 4 
27695 3 27707 44 F: 3 
27766 13 27818 38 F: 7 6 
27817 10 27827 214 F: 7 3 
27957 5 27972 182 F: 2 3 
28061 7 28075 188 F: 4 1 2 
28185 11 28218 192 F: 5 3 3 
28266 10 28306 385 F: 10 
28302 5 28307 80 F: 4 1 
28466 8 28474 191 F: 2 6 
28535 10 28565 211 F: 3 4 3 
28669 8 28685 238 F: 8 
28787 5 28792 161 F: 2 3 
28882 11 28893 320 F: 7 4 
28930 11 28974 218 F: 11 
29026 2 29028 24 F: 2 
29148 7 29176 135 F: 2 4 1 
29232 7 29260 276 F: 3 1 3 
29399 7 29406 330 F: 3 3 1 
29498 4 29506 110 F: 3 1 
29561 8 29577 352 F: 5 1 2 
29694 5 29704 376 F: 5 
29700 7 29721 42 F: 2 3 2 
29874 6 29886 84 F: 5 1 
29933 7 29947 178 F: 3 3 1 
30093 6 30099 295 F: 5 1 
30121 9 30130 372 F: 3 4 2 
30285 13 30337 312 F: 13 
30340 13 30379 298 F: 13 
30412 4 30424 53 F: 2 2 
30598 11 30642 340 F: 7 4 
30637 12 30685 160 F: 12 
30747 8 30779 5 F: 3 3 2 
30822 9 30858 324 F: 2 3 4 
30974 8 30998 60 F: 5 3 
31044 7 31072 309 F: 7 
31113 2 31117 240 F: 2 
31244 8 31268 44 F: 8 
31341 3 31353 240 F: 3 
31459 4 31471 158 F: 4 
31595 7 31623 155 F: 7 
31604 5 31619 334 F: 5 
31771 7 31792 25 F: 5 2 
31813 13 31852 281 F: 7 6 
31901 7 31929 381 F: 3 1 3 
32053 4 32057 66 F: 3 1 
32144 3 32153 170 F: 3 
32277 6 32301 43 F: 3 2 1 
32397 7 32425 162 F: 3 3 1 
32414 10 32424 24 F: 10 
32519 8 32527 101 F: 8 
32603 7 32617 382 F: 5 2 
32776 2 32780 12 F: 2 
32810 10 32850 143 F: 10 
32948 10 32968 371 F: 10 
33065 7 33093 260 F: 6 1 
33140 7 33168 207 F: 7 
33241 8 33273 347 F: 2 2 4 
33312 10 33332 118 F: 10 
33409 8 33441 87 F: 3 5 
33564 8 33596 113 F: 6 2 
33694 10 33704 60 F: 7 3 
33721 10 33741 120 F: 6 4 
33815 5 33835 119 F: 3 2 
33958 12 33970 6 F: 12 
34094 6 34112 307 F: 6 
34190 9 34226 303 F: 3 4 2 
34298 7 34319 69 F: 7 
34388 6 34412 92 F: 6 
34430 9 34466 312 F: 4 5 
34547 9 34565 75 F: 4 5 
34688 13 34740 388 F: 13 
34762 8 34794 394 F: 5 1 2 
34830 12 34854 228 F: 12 
34974 8 34998 364 F: 2 6 
35047 9 35074 366 F: 9 
35195 11 35217 305 F: 5 2 4 
35235 12 35271 367 F: 7 5 
35311 8 35319 173 F: 3 1 4 
35464 9 35482 118 F: 3 6 
35555 10 35585 353 F: 6 4 
35685 7 35713 56 F: 5 2 
35711 10 35721 49 F: 10 
35894 9 35921 165 F: 4 4 1 
35993 6 36017 113 F: 3 3 
36070 12 36094 214 F: 4 4 4 
36151 7 36172 265 F: 3 1 3 
36257 10 36297 329 F: 10 
36350 8 36366 307 F: 8 
36421 10 36431 337 F: 10 
36564 6 36588 398 F: 5 1 
36664 7 36678 152 F: 4 2 1 
36737 4 36741 344 F: 4 
36810 13 36836 328 F: 7 6 
36928 2 36932 154 F: 2 
37052 9 37079 330 F: 5 3 1 
37154 2 37162 139 F: 2 
37221 10 37251 137 F: 5 3 2 
37377 11 37399 147 F: 5 4 2 
37476 7 37504 266 F: 3 1 3 
37584 2 37588 311 F: 2 
37672 6 37678 218 F: 3 2 1 
37719 8 37727 386 F: 7 1 
37814 9 37823 56 F: 5 1 3 
37984 9 37993 321 F: 9 
38090 2 38094 272 F: 2 
38106 9 38142 138 F: 9 
38203 7 38217 6 F: 7 
38311 5 38326 233 F: 2 3 
38417 8 38425 65 F: 8 
38531 5 38541 28 F: 2 3 
38650 10 38680 44 F: 4 4 2 
38790 3 38802 382 F: 3 
38880 9 38898 5 F: 9 
38986 8 39010 373 F: 6 2 
39015 10 39025 210 F: 3 4 3 
39136 11 39158 357 F: 11 
39211 9 39247 194 F: 9 
39317 11 39350 386 F: 11 
39436 9 39454 157 F: 9 
39500 2 39508 127 F: 2 
39663 7 39684 364 F: 7 
39773 2 39775 365 F: 2 
39831 4 39847 114 F: 2 1 1 
39946 8 39970 211 F: 2 2 4 
D: 2 80 
D: 6 349 
D: 12 288 
D: 19 361 
D: 36 77 
D: 37 227 
D: 38 394 
D: 42 121 
D: 48 168 
D: 52 375 
D: 65 317 
D: 72 156 
D: 73 220 
D: 77 276 
D: 102 194 
D: 103 306 
D: 105 390 
D: 123 197 
D: 123 236 
D: 123 271 
D: 126 185 
D: 129 281 
D: 180 272 
D: 181 353 
D: 192 216 
D: 202 339 
D: 207 305 
D: 215 283 
D: 222 258 
D: 232 256 
D: 255 368 
D: 273 367 
D: 282 394 
D: 301 350 
D: 304 385 
D: 318 348 
D: 330 349 
D: 335 386 
D: 345 371 
D: 381 392 
