92 9 119 318 F: 3 6 
130 10 140 128 F: 4 6 
272 3 284 41 F: 3 
377 10 407 265 F: 10 
415 4 431 220 F: 2 2 
515 11 526 230 F: 6 5 
665 8 673 137 F: 6 2 
797 6 809 32 F: 6 
806 4 810 333 F: 4 
992 10 1012 386 F: 5 5 
1054 6 1078 325 F: 4 1 1 
1183 8 1199 363 F: 4 4 
1206 5 1216 143 F: 4 1 
1305 10 1345 59 F: 4 4 2 
1408 7 1429 134 F: 4 3 
1573 7 1580 151 F: 6 1 
1620 5 1640 242 F: 2 1 2 
1728 3 1740 188 F: 2 1 
1840 5 1850 214 F: 2 2 1 
1902 4 1906 345 F: 4 
2073 11 2117 73 F: 4 4 3 
2112 12 2136 338 F: 6 6 
2249 8 2273 300 F: 4 3 1 
2324 7 2338 72 F: 7 
2406 12 2442 244 F: 6 6 
2570 8 2578 315 F: 3 4 1 
2615 12 2627 241 F: 5 3 4 
2731 5 2746 385 F: 3 1 1 
2865 10 2875 206 F: 10 
2941 13 2954 257 F: 13 
3044 9 3080 26 F: 7 2 
3139 8 3171 200 F: 3 1 4 
3228 9 3264 48 F: 7 2 
3316 9 3343 390 F: 3 3 3 
3495 9 3513 36 F: 3 3 3 
3595 4 3599 264 F: 2 2 
3671 8 3695 131 F: 3 1 4 
3758 9 3767 16 F: 3 6 
3874 8 3898 302 F: 2 3 3 
3935 4 3943 162 F: 4 
4086 9 4113 146 F: 4 1 4 
4180 11 4202 177 F: 11 
4270 5 4280 342 F: 3 1 1 
4323 9 4341 128 F: 4 3 2 
4494 7 4515 370 F: 2 5 
4573 2 4581 330 F: 2 
4618 6 4642 353 F: 6 
4708 5 4718 131 F: 5 
4888 10 4908 313 F: 6 4 
4906 6 4912 357 F: 2 4 
5085 4 5101 236 F: 4 
5118 7 5125 385 F: 3 4 
5271 13 5323 97 F: 7 6 
5331 7 5338 22 F: 2 5 
5463 8 5487 82 F: 2 3 3 
5547 8 5579 217 F: 3 5 
5644 2 5648 338 F: 2 
5749 6 5773 207 F: 3 3 
5825 12 5873 191 F: 4 4 4 
5980 13 6019 221 F: 13 
6004 10 6034 278 F: 2 4 4 
6151 8 6167 254 F: 8 
6285 6 6309 155 F: 5 1 
6360 3 6372 349 F: 3 
6424 12 6472 193 F: 6 6 
6528 3 6537 342 F: 3 
6675 9 6711 237 F: 5 4 
6799 9 6808 343 F: 9 
6890 9 6899 56 F: 4 3 2 
6938 5 6953 71 F: 5 
7004 13 7056 389 F: 13 
7100 8 7124 193 F: 8 
7236 12 7284 97 F: 12 
7392 10 7432 182 F: 3 3 4 
7497 10 7527 70 F: 6 4 
7597 9 7615 252 F: 4 5 
7617 13 7669 230 F: 5 4 4 
7740 9 7758 181 F: 5 3 1 
7829 7 7836 287 F: 2 1 4 
7966 12 7978 5 F: 12 
8038 9 8056 234 F: 4 5 
8115 10 8145 40 F: 4 6 
8270 5 8280 261 F: 5 
8398 6 8410 368 F: 4 1 1 
8493 8 8501 158 F: 5 3 
8511 11 8544 312 F: 5 6 
8613 2 8621 289 F: 2 
8708 6 8732 58 F: 6 
8844 5 8854 286 F: 5 
8922 9 8940 386 F: 3 2 4 
9056 9 9065 148 F: 2 3 4 
9104 6 9122 324 F: 4 2 
9244 3 9256 73 F: 3 
9325 7 9339 211 F: 7 
9470 12 9506 171 F: 6 6 
9564 13 9590 397 F: 7 6 
9697 4 9713 54 F: 2 1 1 
9761 8 9785 114 F: 8 
9803 4 9819 268 F: 4 
9987 8 10011 43 F: 4 4 
10032 4 10048 349 F: 2 2 
10132 2 10138 37 F: 2 
10265 8 10297 256 F: 2 4 2 
10397 5 10417 226 F: 5 
10474 4 10490 333 F: 4 
10565 12 10613 90 F: 6 6 
10622 8 10638 305 F: 8 
10721 11 10743 41 F: 11 
10803 9 10812 113 F: 5 2 2 
10902 9 10929 211 F: 5 2 2 
11076 5 11096 284 F: 4 1 
11118 10 11138 332 F: 4 6 
11223 6 11247 259 F: 2 2 2 
11381 6 11405 255 F: 6 
11402 7 11430 206 F: 4 3 
11587 8 11619 68 F: 8 
11647 5 11652 336 F: 3 2 
11771 9 11780 202 F: 9 
11891 8 11899 220 F: 8 
11958 10 11998 199 F: 6 4 
12000 3 12006 254 F: 3 
12187 11 12209 400 F: 6 5 
12289 8 12305 226 F: 2 4 2 
12386 9 12404 337 F: 7 2 
12460 12 12508 361 F: 7 5 
12589 9 12625 396 F: 5 1 3 
12608 6 12632 207 F: 2 4 
12732 10 12772 179 F: 6 4 
12838 3 12847 355 F: 3 
12959 10 12999 248 F: 10 
13015 8 13031 225 F: 2 6 
13195 12 13219 76 F: 5 3 4 
13271 11 13293 158 F: 5 6 
13365 12 13377 287 F: 5 4 3 
13427 12 13475 91 F: 4 4 4 
13555 8 13587 400 F: 3 5 
13665 11 13698 394 F: 11 
13796 7 13803 245 F: 4 3 
13828 3 13834 37 F: 3 
13957 2 13963 294 F: 2 
14076 7 14097 54 F: 3 1 3 
14195 5 14205 245 F: 2 3 
14221 13 14273 171 F: 5 4 4 
14394 11 14438 218 F: 5 6 
14463 8 14487 77 F: 5 1 2 
14505 13 14518 349 F: 13 
14619 9 14637 359 F: 5 1 3 
14762 2 14764 200 F: 2 
14891 4 14895 39 F: 4 
14977 13 15029 73 F: 7 6 
15037 7 15065 15 F: 2 5 
15197 9 15206 171 F: 5 3 1 
15229 9 15238 114 F: 5 4 
15332 12 15380 177 F: 12 
15426 9 15435 51 F: 9 
15545 10 15555 270 F: 5 3 2 
15610 8 15626 297 F: 3 1 4 
15713 2 15715 324 F: 2 
15890 9 15899 197 F: 3 6 
15910 9 15946 395 F: 2 3 4 
16078 10 16118 36 F: 6 4 
16164 11 16208 172 F: 5 6 
16260 12 16284 81 F: 6 6 
16392 8 16408 91 F: 4 1 3 
16420 11 16464 92 F: 7 4 
16568 11 16590 310 F: 4 4 3 
16651 4 16663 30 F: 4 
16787 2 16789 59 F: 2 
16882 10 16892 217 F: 4 4 2 
16968 12 17016 342 F: 7 5 
17052 6 17064 20 F: 3 3 
17171 13 17223 143 F: 13 
17276 7 17297 33 F: 3 3 1 
17312 8 17320 259 F: 6 2 
17421 9 17439 254 F: 4 1 4 
17501 12 17525 173 F: 12 
17670 9 17706 286 F: 5 4 
17705 4 17717 253 F: 3 1 
17897 8 17929 157 F: 2 2 4 
17983 5 17993 301 F: 2 3 
18044 6 18050 143 F: 3 2 1 
18124 12 18148 267 F: 7 5 
18271 8 18295 191 F: 4 4 
18356 12 18380 302 F: 12 
18439 11 18450 260 F: 11 
18558 9 18585 315 F: 9 
18695 4 18707 235 F: 2 2 
18712 3 18718 327 F: 2 1 
18865 2 18869 151 F: 2 
18982 7 19003 287 F: 6 1 
19080 4 19092 124 F: 2 1 1 
19141 6 19159 318 F: 5 1 
19203 7 19231 140 F: 5 1 1 
19342 10 19362 143 F: 10 
19448 12 19484 49 F: 6 6 
19560 4 19564 291 F: 4 
19604 8 19620 234 F: 8 
19787 10 19807 330 F: 5 2 3 
19824 12 19848 184 F: 7 5 
19935 10 19955 10 F: 10 
20045 4 20049 218 F: 4 
20182 9 20218 161 F: 2 4 3 
20293 2 20301 167 F: 2 
20360 9 20378 76 F: 2 3 4 
20421 7 20435 307 F: 5 2 
20570 6 20582 38 F: 2 2 2 
20669 10 20699 293 F: 4 3 3 
20766 11 20810 50 F: 6 5 
20830 10 20860 283 F: 7 3 
20919 8 20935 251 F: 8 
21042 4 21046 228 F: 4 
21172 11 21194 331 F: 11 
21241 8 21249 62 F: 5 3 
21342 11 21353 391 F: 11 
21485 2 21491 126 F: 2 
21562 3 21568 288 F: 3 
21635 9 21662 78 F: 3 3 3 
21799 4 21815 144 F: 4 
21897 6 21909 151 F: 2 4 
21930 8 21962 176 F: 5 2 1 
22036 9 22045 137 F: 5 4 
22198 7 22205 299 F: 4 3 
22287 9 22314 84 F: 9 
22371 7 22392 260 F: 6 1 
22414 3 22423 268 F: 3 
22515 7 22536 348 F: 4 1 2 
22680 8 22688 136 F: 6 2 
22745 10 22785 61 F: 10 
22881 7 22902 38 F: 5 2 
22991 8 22999 115 F: 3 2 3 
23049 8 23081 281 F: 8 
23153 7 23160 199 F: 3 4 
23225 11 23269 15 F: 5 3 3 
23331 7 23359 80 F: 5 1 1 
23450 8 23482 108 F: 4 1 3 
23528 7 23535 267 F: 2 1 4 
23633 2 23635 377 F: 2 
23792 4 23808 161 F: 4 
23893 9 23920 144 F: 2 3 4 
23955 3 23961 321 F: 3 
24062 10 24072 218 F: 5 2 3 
24157 6 24181 63 F: 2 4 
24234 7 24248 375 F: 3 3 1 
24327 8 24335 180 F: 8 
24444 8 24476 87 F: 5 3 
24578 5 24583 305 F: 2 2 1 
24615 4 24623 245 F: 4 
24789 2 24797 30 F: 2 
24816 8 24824 362 F: 2 6 
24915 12 24951 309 F: 12 
25091 5 25106 296 F: 5 
25180 6 25204 20 F: 2 1 3 
25240 7 25261 324 F: 4 3 
25391 13 25430 312 F: 13 
25425 8 25457 102 F: 8 
25535 8 25551 294 F: 7 1 
25667 6 25685 81 F: 4 2 
25714 11 25747 289 F: 11 
25893 7 25914 156 F: 4 1 2 
25922 8 25930 324 F: 2 6 
26073 3 26085 340 F: 3 
26179 6 26185 389 F: 3 2 1 
26244 13 26257 358 F: 13 
26315 11 26359 385 F: 11 
26409 9 26445 377 F: 9 
26599 7 26613 146 F: 5 2 
26687 4 26703 140 F: 4 
26742 8 26750 392 F: 4 2 2 
26829 7 26843 77 F: 7 
26943 12 26979 392 F: 6 6 
27084 9 27102 135 F: 5 4 
27198 12 27246 73 F: 6 6 
27278 5 27283 1 F: 5 
27325 6 27343 224 F: 6 
27419 10 27429 80 F: 10 
27572 3 27581 207 F: 3 
27603 10 27643 46 F: 10 
27717 12 27729 310 F: 7 5 
27805 8 27821 145 F: 6 2 
27927 5 27937 380 F: 3 1 1 
28026 5 28031 289 F: 5 
28166 9 28184 139 F: 3 4 2 
28205 5 28225 337 F: 5 
28324 12 28360 367 F: 12 
28449 8 28465 85 F: 5 1 2 
28563 10 28583 49 F: 5 5 
28677 6 28695 363 F: 5 1 
28784 8 28816 169 F: 3 1 4 
28899 6 28911 155 F: 2 4 
28950 13 28963 106 F: 13 
29039 6 29057 355 F: 6 
29102 11 29124 52 F: 7 4 
29213 7 29241 200 F: 4 1 2 
29378 3 29387 235 F: 3 
29443 7 29457 65 F: 5 2 
29562 8 29586 284 F: 8 
29692 5 29707 145 F: 3 2 
29789 8 29797 168 F: 8 
29884 10 29914 285 F: 6 4 
29972 6 29996 390 F: 2 3 1 
30005 10 30015 297 F: 10 
30104 4 30112 321 F: 4 
30260 10 30280 85 F: 6 4 
30364 9 30382 200 F: 5 4 
30498 10 30508 59 F: 10 
30575 4 30583 211 F: 4 
30648 8 30656 386 F: 2 3 3 
30792 13 30818 266 F: 7 6 
30820 8 30852 184 F: 8 
30987 6 30999 157 F: 4 1 1 
31007 13 31059 392 F: 13 
31172 11 31205 369 F: 6 5 
31233 12 31257 225 F: 7 5 
31307 13 31346 396 F: 7 6 
31409 10 31429 212 F: 6 4 
31508 9 31544 188 F: 4 3 2 
31680 6 31704 57 F: 6 
31758 8 31782 104 F: 4 4 
31820 12 31844 55 F: 12 
31918 11 31962 42 F: 5 6 
32078 6 32084 192 F: 3 3 
32123 7 32144 156 F: 7 
32274 6 32286 64 F: 6 
32319 13 32332 274 F: 13 
32451 11 32484 316 F: 5 2 4 
32587 13 32639 226 F: 13 
32649 9 32676 335 F: 6 3 
32732 8 32748 154 F: 4 3 1 
32877 10 32887 226 F: 2 4 4 
32972 7 33000 276 F: 3 4 
33038 5 33048 13 F: 3 2 
33114 11 33136 253 F: 11 
33232 8 33240 47 F: 5 2 1 
33337 5 33352 57 F: 5 
33423 7 33430 145 F: 7 
33573 8 33605 125 F: 3 3 2 
33608 7 33636 32 F: 5 2 
33785 5 33805 389 F: 3 2 
33860 12 33884 171 F: 12 
33907 10 33927 370 F: 4 6 
34020 8 34036 6 F: 5 1 2 
34112 12 34160 77 F: 5 3 4 
34210 6 34234 224 F: 5 1 
34305 9 34323 82 F: 2 3 4 
34474 5 34484 251 F: 5 
34567 8 34591 388 F: 4 3 1 
34664 10 34674 350 F: 10 
34741 7 34762 186 F: 7 
34891 11 34902 289 F: 11 
34996 9 35014 173 F: 9 
35022 9 35031 293 F: 4 1 4 
35196 12 35208 171 F: 12 
35229 8 35253 330 F: 3 5 
35399 3 35405 20 F: 2 1 
35469 10 35489 30 F: 10 
35517 7 35545 319 F: 2 3 2 
35641 7 35648 192 F: 7 
35748 12 35760 373 F: 5 4 3 
35841 12 35853 338 F: 12 
35993 5 36013 114 F: 3 1 1 
36023 2 36027 61 F: 2 
36141 12 36153 134 F: 12 
36294 8 36318 76 F: 3 5 
36349 12 36385 369 F: 12 
36450 2 36456 145 F: 2 
36571 8 36587 6 F: 6 2 
36614 3 36620 139 F: 2 1 
36772 8 36804 154 F: 8 
36885 6 36903 132 F: 6 
36931 12 36979 227 F: 12 
37094 13 37133 320 F: 7 6 
37197 9 37233 372 F: 9 
37233 2 37237 360 F: 2 
37310 7 37338 86 F: 6 1 
37413 7 37420 194 F: 4 1 2 
37502 7 37516 383 F: 4 1 2 
37644 9 37662 323 F: 9 
37707 11 37751 182 F: 11 
37843 10 37873 67 F: 10 
37907 7 37914 218 F: 3 1 3 
38022 3 38034 110 F: 3 
38108 10 38148 117 F: 5 4 1 
38297 10 38327 109 F: 10 
38355 6 38361 196 F: 6 
38419 10 38429 379 F: 4 3 3 
38580 7 38587 46 F: 3 3 1 
38691 12 38715 179 F: 12 
38700 9 38709 50 F: 3 2 4 
38817 6 38829 381 F: 2 4 
38927 5 38937 238 F: 3 2 
39001 11 39034 195 F: 5 2 4 
39141 7 39162 155 F: 3 4 
39230 6 39248 265 F: 3 2 1 
39321 10 39361 60 F: 10 
39411 6 39435 285 F: 6 
39541 10 39571 359 F: 5 5 
39653 8 39661 221 F: 2 6 
39714 9 39723 94 F: 9 
39878 5 39898 2 F: 3 1 1 
39907 7 39928 353 F: 2 2 3 
D: 6 143 
D: 7 48 
D: 11 35 
D: 11 301 
D: 16 137 
D: 17 396 
D: 28 388 
D: 51 321 
D: 59 114 
D: 65 225 
D: 67 184 
D: 70 89 
D: 71 133 
D: 72 262 
D: 74 138 
D: 76 259 
D: 88 108 
D: 92 359 
D: 98 353 
D: 101 246 
D: 113 335 
D: 117 118 
D: 121 375 
D: 128 327 
D: 131 336 
D: 135 270 
D: 146 352 
D: 154 308 
D: 164 339 
D: 167 371 
D: 186 379 
D: 192 312 
D: 207 355 
D: 242 366 
D: 242 383 
D: 254 258 
D: 262 289 
D: 269 330 
D: 307 334 
D: 317 329 
