56 10 76 130 F: 5 5 
142 7 149 132 F: 5 2 
223 9 232 10 F: 5 4 
363 9 399 138 F: 9 
488 8 496 49 F: 7 1 
527 9 545 21 F: 6 3 
610 11 654 77 F: 11 
749 3 752 9 F: 2 1 
806 6 830 15 F: 4 2 
991 5 1006 332 F: 5 
1023 6 1041 200 F: 6 
1144 10 1154 148 F: 4 6 
1231 11 1242 164 F: 3 4 4 
1335 6 1359 300 F: 6 
1438 2 1442 101 F: 2 
1525 8 1533 108 F: 2 6 
1635 9 1671 73 F: 4 5 
1772 9 1781 33 F: 9 
1845 6 1857 381 F: 2 1 3 
1931 3 1937 234 F: 3 
2077 9 2086 390 F: 5 1 3 
2188 13 2201 1 F: 13 
2205 8 2237 355 F: 2 6 
2307 10 2337 310 F: 10 
2403 12 2439 356 F: 6 6 
2553 3 2562 98 F: 3 
2632 6 2656 323 F: 4 1 1 
2700 11 2711 287 F: 11 
2885 9 2903 42 F: 9 
2931 4 2947 61 F: 3 1 
3006 8 3038 174 F: 4 1 3 
3163 12 3175 276 F: 12 
3243 10 3263 37 F: 4 6 
3318 11 3351 230 F: 6 5 
3426 11 3459 197 F: 11 
3575 8 3583 242 F: 3 4 1 
3684 7 3712 340 F: 3 2 2 
3728 3 3731 165 F: 3 
3884 7 3905 325 F: 2 2 3 
3955 13 3968 104 F: 13 
4097 10 4107 371 F: 5 5 
4152 7 4159 183 F: 3 2 2 
4299 9 4317 268 F: 5 1 3 
4325 9 4361 131 F: 9 
4488 5 4503 270 F: 3 2 
4550 9 4559 155 F: 5 2 2 
4691 2 4699 390 F: 2 
4765 12 4813 73 F: 12 
4891 7 4905 174 F: 7 
4995 10 5035 347 F: 7 3 
5048 5 5068 12 F: 2 3 
5189 10 5219 52 F: 5 5 
5290 8 5298 295 F: 3 1 4 
5363 7 5377 221 F: 7 
5491 5 5511 41 F: 2 1 2 
5555 5 5575 125 F: 3 1 1 
5634 12 5658 49 F: 5 4 3 
5728 4 5740 171 F: 4 
5860 4 5876 293 F: 3 1 
5925 11 5969 348 F: 7 4 
6069 8 6101 200 F: 2 6 
6114 7 6142 370 F: 2 4 1 
6264 8 6280 321 F: 6 2 
6391 8 6399 37 F: 2 6 
6450 9 6477 239 F: 9 
6552 9 6588 164 F: 9 
6640 10 6670 24 F: 5 2 3 
6752 9 6779 283 F: 9 
6801 3 6813 375 F: 3 
6921 12 6957 101 F: 6 6 
7067 11 7111 132 F: 11 
7103 9 7112 26 F: 9 
7264 9 7300 143 F: 3 3 3 
7327 10 7367 190 F: 5 4 1 
7423 6 7441 344 F: 2 3 1 
7561 6 7585 354 F: 3 3 
7623 6 7635 118 F: 6 
7764 9 7782 146 F: 4 5 
7832 10 7842 315 F: 5 5 
7915 9 7942 37 F: 4 1 4 
8062 9 8071 298 F: 4 5 
8195 5 8210 358 F: 3 1 1 
8208 9 8244 78 F: 3 2 4 
8346 7 8374 147 F: 2 1 4 
8459 10 8499 79 F: 4 4 2 
8563 12 8611 323 F: 12 
8649 9 8685 380 F: 4 2 3 
8742 12 8754 265 F: 6 6 
8836 9 8854 274 F: 4 2 3 
8945 7 8952 94 F: 5 2 
9092 8 9100 389 F: 3 1 4 
9149 3 9152 231 F: 3 
9291 6 9309 314 F: 2 4 
9375 3 9384 91 F: 3 
9481 13 9533 354 F: 13 
9514 10 9554 205 F: 4 6 
9697 12 9709 173 F: 5 4 3 
9773 4 9785 371 F: 2 1 1 
9850 6 9874 243 F: 4 2 
9965 9 9992 372 F: 4 1 4 
10044 6 10062 1 F: 5 1 
10180 5 10195 255 F: 2 2 1 
10292 8 10324 47 F: 8 
10358 7 10365 135 F: 2 2 3 
10478 9 10487 281 F: 5 3 1 
10520 8 10544 99 F: 8 
10665 2 10673 7 F: 2 
10764 9 10782 391 F: 9 
10825 3 10831 175 F: 2 1 
10920 11 10931 115 F: 5 6 
11038 7 11059 340 F: 2 2 3 
11124 8 11132 232 F: 3 2 3 
11240 6 11246 198 F: 2 4 
11304 7 11318 301 F: 3 2 2 
11463 6 11475 372 F: 2 2 2 
11560 10 11580 299 F: 10 
11638 12 11650 342 F: 7 5 
11739 7 11767 248 F: 3 1 3 
11817 7 11831 310 F: 2 3 2 
11970 7 11991 388 F: 7 
12004 9 12013 262 F: 9 
12154 8 12178 30 F: 4 1 3 
12200 9 12236 77 F: 3 2 4 
12338 10 12348 159 F: 5 1 4 
12479 5 12489 343 F: 5 
12595 8 12627 280 F: 2 2 4 
12699 3 12702 74 F: 3 
12719 9 12728 54 F: 9 
12893 8 12925 386 F: 3 4 1 
12988 9 13006 310 F: 3 6 
13082 11 13104 29 F: 6 5 
13154 8 13170 249 F: 4 2 2 
13297 4 13305 391 F: 4 
13327 9 13354 176 F: 3 6 
13479 10 13509 128 F: 4 4 2 
13597 10 13607 392 F: 3 3 4 
13603 4 13615 193 F: 3 1 
13784 8 13800 273 F: 5 1 2 
13832 4 13836 180 F: 2 2 
13937 10 13957 26 F: 10 
14006 10 14046 156 F: 4 4 2 
14165 11 14187 55 F: 5 3 3 
14280 7 14308 320 F: 6 1 
14361 10 14371 360 F: 7 3 
14484 6 14496 399 F: 6 
14532 12 14580 62 F: 6 6 
14678 10 14708 210 F: 5 2 3 
14777 2 14785 53 F: 2 
14862 13 14888 90 F: 13 
14991 9 15009 204 F: 4 4 1 
15035 11 15079 89 F: 11 
15120 10 15140 172 F: 10 
15221 12 15269 16 F: 12 
15349 9 15367 390 F: 7 2 
15408 6 15420 168 F: 2 2 2 
15505 10 15545 76 F: 5 3 2 
15697 7 15718 86 F: 3 1 3 
15718 8 15750 245 F: 5 3 
15876 8 15900 269 F: 2 4 2 
15993 11 16037 203 F: 11 
16089 6 16113 7 F: 2 4 
16155 6 16173 262 F: 5 1 
16218 7 16246 354 F: 4 2 1 
16359 11 16370 175 F: 4 4 3 
16492 8 16524 350 F: 8 
16522 7 16536 112 F: 3 3 1 
16647 9 16674 116 F: 3 4 2 
16764 5 16774 47 F: 4 1 
16864 12 16888 242 F: 5 4 3 
16999 7 17013 306 F: 3 4 
17091 11 17113 231 F: 7 4 
17167 6 17191 101 F: 3 3 
17238 10 17248 85 F: 7 3 
17339 11 17350 52 F: 5 2 4 
17414 6 17432 76 F: 6 
17501 12 17525 135 F: 12 
17614 13 17627 139 F: 7 6 
17764 8 17796 20 F: 2 6 
17865 11 17876 292 F: 11 
17906 8 17914 310 F: 8 
18043 5 18063 67 F: 3 2 
18167 11 18211 306 F: 11 
18260 11 18293 212 F: 11 
18354 10 18394 313 F: 2 4 4 
18488 5 18503 243 F: 2 2 1 
18589 8 18621 9 F: 8 
18619 3 18622 327 F: 3 
18716 8 18740 34 F: 2 3 3 
18863 3 18866 84 F: 3 
18974 8 19006 99 F: 3 4 1 
19095 7 19109 81 F: 2 3 2 
19166 13 19179 212 F: 13 
19225 13 19264 396 F: 13 
19341 11 19352 268 F: 3 4 4 
19444 9 19471 88 F: 4 2 3 
19578 11 19622 212 F: 4 3 4 
19646 6 19664 345 F: 5 1 
19736 6 19742 294 F: 5 1 
19827 5 19842 78 F: 3 2 
19995 13 20047 359 F: 5 4 4 
20052 13 20091 318 F: 13 
20101 6 20125 252 F: 3 2 1 
20250 9 20259 394 F: 9 
20345 10 20375 342 F: 5 2 3 
20480 10 20490 394 F: 10 
20557 12 20581 281 F: 6 6 
20604 7 20625 208 F: 6 1 
20747 12 20795 400 F: 5 4 3 
20822 10 20862 80 F: 10 
20975 5 20990 227 F: 2 3 
21067 13 21093 205 F: 7 6 
21107 4 21111 136 F: 2 2 
21257 11 21290 244 F: 4 3 4 
21390 6 21396 221 F: 4 2 
21446 7 21460 344 F: 5 2 
21532 11 21554 74 F: 11 
21664 8 21672 235 F: 4 2 2 
21760 8 21776 123 F: 4 2 2 
21853 11 21886 121 F: 4 4 3 
21968 11 22001 93 F: 6 5 
22088 8 22120 54 F: 3 2 3 
22158 8 22190 57 F: 2 4 2 
22205 11 22227 45 F: 11 
22330 8 22346 384 F: 8 
22430 7 22437 41 F: 4 1 2 
22551 11 22595 397 F: 11 
22603 7 22624 5 F: 7 
22741 9 22750 42 F: 5 3 1 
22842 12 22878 63 F: 12 
22942 13 22994 239 F: 13 
23042 4 23046 86 F: 4 
23127 9 23136 309 F: 9 
23250 6 23268 128 F: 4 1 1 
23380 4 23396 397 F: 4 
23411 7 23418 176 F: 2 5 
23569 10 23599 44 F: 5 1 4 
23609 11 23642 388 F: 11 
23771 8 23803 263 F: 3 1 4 
23851 8 23875 181 F: 6 2 
23908 9 23944 367 F: 7 2 
24092 11 24103 330 F: 11 
24116 8 24124 203 F: 4 3 1 
24255 9 24282 287 F: 9 
24391 4 24403 114 F: 4 
24402 7 24409 95 F: 7 
24546 13 24559 119 F: 13 
24639 6 24663 137 F: 2 4 
24719 7 24747 98 F: 5 2 
24806 9 24815 118 F: 4 4 1 
24985 10 25015 280 F: 5 5 
25032 7 25060 296 F: 5 2 
25112 10 25142 5 F: 5 1 4 
25274 6 25280 304 F: 6 
25385 13 25424 32 F: 13 
25457 3 25460 372 F: 2 1 
25562 11 25606 347 F: 11 
25630 8 25654 247 F: 3 5 
25779 6 25797 286 F: 3 3 
25897 9 25924 253 F: 6 3 
25938 5 25953 211 F: 4 1 
26074 3 26077 21 F: 3 
26123 11 26145 239 F: 7 4 
26268 10 26288 107 F: 7 3 
26324 7 26331 190 F: 6 1 
26475 8 26491 378 F: 5 3 
26556 10 26566 325 F: 5 4 1 
26616 7 26644 342 F: 5 2 
26775 7 26796 111 F: 3 3 1 
26840 4 26856 200 F: 2 2 
26949 9 26985 326 F: 4 2 3 
27007 5 27012 347 F: 5 
27160 7 27188 206 F: 7 
27207 8 27231 369 F: 5 2 1 
27326 5 27331 181 F: 5 
27415 9 27424 316 F: 6 3 
27501 3 27510 400 F: 2 1 
27606 13 27632 179 F: 7 6 
27757 12 27781 4 F: 7 5 
27895 12 27931 24 F: 12 
27917 11 27928 210 F: 11 
28081 4 28089 186 F: 3 1 
28124 9 28160 109 F: 5 4 
28233 6 28239 195 F: 5 1 
28339 12 28387 68 F: 7 5 
28490 9 28499 82 F: 9 
28505 7 28533 180 F: 5 1 1 
28607 7 28628 318 F: 5 2 
28797 4 28813 314 F: 3 1 
28840 8 28856 4 F: 3 2 3 
28925 13 28938 87 F: 7 6 
29037 9 29055 330 F: 9 
29120 8 29136 130 F: 6 2 
29226 13 29265 256 F: 13 
29333 7 29354 39 F: 4 3 
29493 5 29508 178 F: 5 
29585 13 29611 107 F: 7 6 
29622 6 29640 321 F: 2 3 1 
29752 4 29756 220 F: 4 
29891 12 29939 351 F: 12 
29956 13 29995 91 F: 7 6 
30046 12 30094 285 F: 7 5 
30113 8 30121 50 F: 8 
30203 11 30247 400 F: 6 5 
30340 12 30376 205 F: 6 6 
30457 13 30470 146 F: 5 4 4 
30586 12 30622 334 F: 12 
30698 9 30725 124 F: 3 6 
30716 13 30768 44 F: 13 
30854 13 30906 150 F: 5 4 4 
30972 9 31008 375 F: 5 2 2 
31001 11 31034 389 F: 6 5 
31122 9 31131 2 F: 5 4 
31296 11 31307 156 F: 11 
31395 9 31422 22 F: 9 
31497 9 31533 327 F: 5 1 3 
31580 7 31587 75 F: 4 1 2 
31689 6 31713 347 F: 3 2 1 
31732 13 31771 84 F: 13 
31834 11 31878 170 F: 11 
31903 4 31911 263 F: 4 
32085 11 32118 227 F: 5 4 2 
32102 4 32106 39 F: 2 2 
32268 9 32295 42 F: 4 2 3 
32335 7 32342 214 F: 7 
32486 5 32491 158 F: 5 
32538 3 32547 257 F: 3 
32601 10 32631 5 F: 4 6 
32793 10 32833 162 F: 10 
32874 10 32904 49 F: 3 4 3 
32911 12 32959 358 F: 6 6 
33086 10 33116 398 F: 10 
33103 4 33107 314 F: 2 2 
33200 12 33224 351 F: 6 6 
33321 6 33327 394 F: 6 
33484 8 33516 245 F: 6 2 
33563 13 33576 304 F: 13 
33670 13 33722 72 F: 13 
33713 6 33725 377 F: 3 2 1 
33837 3 33840 372 F: 3 
33939 10 33949 356 F: 6 4 
34058 7 34072 269 F: 5 2 
34154 10 34194 397 F: 7 3 
34245 8 34261 354 F: 2 6 
34339 10 34369 250 F: 5 5 
34402 11 34413 270 F: 5 3 3 
34599 8 34631 144 F: 2 3 3 
34602 9 34620 77 F: 9 
34701 4 34709 198 F: 2 1 1 
34883 5 34893 66 F: 2 3 
34917 8 34949 5 F: 5 3 
35017 8 35049 325 F: 4 3 1 
35184 5 35194 92 F: 3 1 1 
35280 6 35292 68 F: 5 1 
35366 3 35369 297 F: 2 1 
35463 8 35495 220 F: 5 3 
35558 9 35585 379 F: 2 4 3 
35683 11 35694 243 F: 5 6 
35782 2 35788 274 F: 2 
35833 13 35872 15 F: 7 6 
35940 9 35949 353 F: 2 3 4 
36093 10 36103 234 F: 10 
36158 12 36182 379 F: 6 6 
36251 7 36258 248 F: 4 1 2 
36314 9 36332 87 F: 4 3 2 
36494 9 36521 225 F: 7 2 
36596 8 36628 294 F: 5 2 1 
36650 5 36665 394 F: 5 
36753 10 36763 330 F: 5 5 
36893 12 36917 159 F: 6 6 
36993 3 36996 394 F: 3 
37050 9 37077 153 F: 4 5 
37112 9 37139 85 F: 3 4 2 
37282 6 37300 46 F: 3 3 
37305 8 37337 265 F: 2 6 
37490 11 37523 201 F: 3 4 4 
37556 7 37577 268 F: 5 2 
37601 10 37621 187 F: 7 3 
37748 12 37784 291 F: 7 5 
37886 10 37896 151 F: 4 6 
37944 4 37948 285 F: 4 
38044 11 38055 218 F: 6 5 
38166 10 38186 52 F: 10 
38206 8 38222 342 F: 7 1 
38348 9 38357 9 F: 7 2 
38409 10 38439 15 F: 2 4 4 
38504 7 38532 48 F: 2 5 
38698 6 38722 72 F: 2 3 1 
38714 12 38738 136 F: 12 
38824 12 38872 158 F: 12 
38924 7 38952 35 F: 5 2 
39091 5 39096 15 F: 3 1 1 
39199 5 39219 366 F: 5 
39291 6 39309 253 F: 5 1 
39386 5 39391 94 F: 3 2 
39483 11 39527 273 F: 11 
39531 8 39539 138 F: 4 1 3 
39614 12 39650 227 F: 12 
39710 9 39728 336 F: 5 1 3 
39868 10 39878 58 F: 3 4 3 
39951 10 39991 184 F: 3 3 4 
D: 3 200 
D: 10 172 
D: 22 177 
D: 24 105 
D: 32 204 
D: 33 254 
D: 38 274 
D: 45 251 
D: 47 288 
D: 51 134 
D: 64 69 
D: 70 142 
D: 74 173 
D: 80 210 
D: 86 201 
D: 89 95 
D: 89 305 
D: 103 264 
D: 107 275 
D: 116 253 
D: 124 347 
D: 135 315 
D: 149 358 
D: 152 315 
D: 173 259 
D: 176 339 
D: 186 335 
D: 196 241 
D: 196 357 
D: 197 282 
D: 240 296 
D: 244 255 
D: 258 325 
D: 260 315 
D: 263 305 
D: 264 381 
D: 279 340 
D: 280 338 
D: 302 334 
D: 317 332 
