97 4 109 379 F: 2 2 
150 9 177 95 F: 5 4 
203 11 214 344 F: 5 6 
370 8 402 110 F: 7 1 
404 6 416 376 F: 6 
539 13 565 80 F: 13 
615 5 630 356 F: 5 
786 7 814 178 F: 6 1 
825 7 846 250 F: 3 3 1 
992 10 1002 334 F: 4 4 2 
1034 6 1052 360 F: 3 2 1 
1110 9 1137 324 F: 9 
1242 9 1278 95 F: 6 3 
1377 7 1398 185 F: 3 1 3 
1412 7 1433 23 F: 4 2 1 
1517 5 1522 177 F: 5 
1687 3 1696 213 F: 3 
1737 5 1742 18 F: 5 
1840 6 1858 42 F: 3 3 
1961 5 1966 247 F: 2 1 2 
2008 10 2038 283 F: 6 4 
2187 7 2215 195 F: 7 
2260 10 2280 295 F: 7 3 
2341 5 2351 189 F: 5 
2423 8 2439 309 F: 3 3 2 
2546 13 2559 320 F: 13 
2640 6 2664 110 F: 2 1 3 
2786 8 2802 121 F: 3 5 
2893 8 2925 130 F: 8 
2969 9 2996 375 F: 5 3 1 
3043 9 3070 291 F: 4 5 
3144 8 3152 109 F: 3 5 
3257 6 3269 230 F: 2 4 
3378 6 3396 31 F: 5 1 
3497 6 3515 380 F: 4 1 1 
3521 8 3545 340 F: 4 4 
3628 6 3634 357 F: 6 
3776 7 3797 280 F: 2 5 
3867 8 3891 100 F: 2 6 
3952 8 3976 266 F: 4 4 
4099 9 4135 181 F: 6 3 
4102 13 4141 281 F: 13 
4249 4 4253 315 F: 3 1 
4348 5 4363 328 F: 3 2 
4429 6 4441 13 F: 6 
4547 6 4559 86 F: 6 
4688 8 4704 381 F: 8 
4781 10 4791 395 F: 10 
4808 6 4820 272 F: 3 1 2 
4904 11 4948 139 F: 11 
5031 7 5052 319 F: 3 2 2 
5136 9 5172 124 F: 3 2 4 
5281 9 5317 203 F: 3 3 3 
5370 4 5386 323 F: 2 2 
5468 11 5479 52 F: 11 
5521 8 5529 238 F: 3 4 1 
5645 8 5653 288 F: 4 1 3 
5756 10 5786 122 F: 3 3 4 
5896 10 5916 334 F: 10 
5987 8 6019 36 F: 5 2 1 
6049 10 6079 26 F: 7 3 
6147 11 6158 73 F: 5 3 3 
6248 11 6281 377 F: 5 4 2 
6380 12 6404 284 F: 6 6 
6458 8 6474 303 F: 4 3 1 
6592 9 6601 155 F: 5 2 2 
6691 8 6715 309 F: 7 1 
6718 11 6740 84 F: 7 4 
6803 5 6808 35 F: 4 1 
6915 9 6951 212 F: 3 4 2 
7050 7 7071 231 F: 2 2 3 
7132 10 7142 358 F: 4 4 2 
7239 9 7266 212 F: 4 4 1 
7383 4 7399 164 F: 2 1 1 
7406 7 7413 64 F: 3 1 3 
7510 13 7549 388 F: 5 4 4 
7665 4 7673 36 F: 4 
7717 8 7725 179 F: 8 
7841 6 7859 21 F: 4 1 1 
7948 8 7980 226 F: 3 5 
8075 12 8087 169 F: 12 
8131 7 8145 43 F: 3 3 1 
8295 6 8313 339 F: 5 1 
8312 5 8327 1 F: 3 2 
8418 2 8422 100 F: 2 
8535 9 8571 160 F: 3 6 
8647 4 8663 282 F: 3 1 
8777 9 8795 317 F: 6 3 
8804 12 8816 366 F: 7 5 
8979 10 9019 59 F: 5 4 1 
9051 12 9087 228 F: 5 4 3 
9119 8 9135 41 F: 2 6 
9226 5 9246 42 F: 3 2 
9361 4 9373 14 F: 3 1 
9461 10 9501 234 F: 4 4 2 
9503 7 9524 399 F: 7 
9676 5 9686 302 F: 5 
9792 2 9798 165 F: 2 
9800 2 9802 17 F: 2 
9925 6 9931 51 F: 6 
10009 3 10012 142 F: 2 1 
10102 4 10114 237 F: 2 2 
10243 5 10258 163 F: 2 3 
10375 6 10387 261 F: 6 
10450 7 10471 239 F: 5 2 
10562 6 10568 243 F: 6 
10689 6 10713 141 F: 2 3 1 
10790 12 10814 104 F: 6 6 
10818 11 10862 224 F: 11 
10987 10 11027 200 F: 5 5 
11087 8 11103 365 F: 2 6 
11161 11 11172 86 F: 7 4 
11216 2 11220 288 F: 2 
11384 6 11402 281 F: 2 4 
11461 2 11463 78 F: 2 
11515 6 11533 64 F: 6 
11609 11 11620 40 F: 5 4 2 
11714 10 11744 40 F: 10 
11803 8 11819 20 F: 4 4 
11924 10 11944 40 F: 10 
12030 6 12042 36 F: 4 2 
12126 8 12142 266 F: 3 1 4 
12271 6 12289 225 F: 5 1 
12343 10 12363 223 F: 10 
12404 10 12424 174 F: 4 6 
12505 10 12525 204 F: 6 4 
12695 3 12701 164 F: 3 
12790 8 12806 363 F: 6 2 
12839 5 12854 19 F: 3 2 
12999 5 13009 229 F: 2 3 
13062 7 13083 179 F: 7 
13115 10 13145 75 F: 4 4 2 
13283 8 13291 251 F: 8 
13346 7 13353 98 F: 6 1 
13448 8 13456 331 F: 4 3 1 
13528 6 13534 141 F: 6 
13670 5 13680 262 F: 5 
13757 7 13771 159 F: 7 
13882 9 13900 81 F: 2 4 3 
13953 13 13992 388 F: 13 
14045 13 14058 387 F: 7 6 
14172 7 14186 259 F: 3 3 1 
14209 9 14236 353 F: 4 1 4 
14376 2 14384 249 F: 2 
14442 12 14490 374 F: 12 
14575 6 14581 211 F: 6 
14641 7 14662 1 F: 4 1 2 
14736 10 14776 137 F: 4 6 
14859 10 14869 301 F: 3 4 3 
14962 10 14982 311 F: 10 
15027 6 15051 247 F: 4 2 
15175 9 15193 55 F: 3 6 
15241 7 15255 162 F: 7 
15337 6 15343 157 F: 4 1 1 
15464 11 15475 168 F: 5 3 3 
15544 13 15596 22 F: 13 
15677 9 15713 147 F: 7 2 
15721 7 15735 250 F: 7 
15863 7 15870 275 F: 3 1 3 
15957 4 15969 344 F: 2 2 
16050 4 16066 177 F: 3 1 
16147 11 16169 317 F: 6 5 
16205 10 16235 390 F: 2 4 4 
16331 13 16357 71 F: 13 
16498 12 16546 208 F: 7 5 
16598 9 16625 158 F: 3 6 
16634 8 16666 312 F: 6 2 
16755 7 16783 23 F: 7 
16892 6 16910 162 F: 2 3 1 
16915 10 16955 36 F: 10 
17096 12 17108 292 F: 12 
17101 7 17122 88 F: 2 3 2 
17240 8 17248 274 F: 3 5 
17389 4 17397 215 F: 4 
17419 12 17467 329 F: 12 
17568 10 17598 43 F: 4 2 4 
17694 8 17710 221 F: 5 2 1 
17702 10 17742 393 F: 2 4 4 
17812 8 17836 99 F: 4 3 1 
17912 8 17944 235 F: 8 
18088 9 18124 264 F: 3 2 4 
18123 11 18167 201 F: 4 3 4 
18269 5 18284 333 F: 2 2 1 
18340 12 18376 6 F: 6 6 
18490 5 18510 262 F: 5 
18589 9 18625 297 F: 3 2 4 
18670 3 18673 232 F: 3 
18783 11 18805 50 F: 7 4 
18879 7 18907 370 F: 2 3 2 
18952 10 18992 17 F: 10 
19057 6 19075 60 F: 6 
19188 11 19210 400 F: 5 3 3 
19249 9 19258 251 F: 9 
19353 12 19377 71 F: 5 4 3 
19460 11 19504 148 F: 7 4 
19528 10 19548 58 F: 3 3 4 
19653 7 19660 140 F: 3 3 1 
19757 10 19767 306 F: 5 2 3 
19836 5 19856 372 F: 4 1 
19966 4 19982 149 F: 4 
20000 10 20030 158 F: 4 3 3 
20111 8 20135 344 F: 6 2 
20236 8 20244 339 F: 6 2 
20310 10 20340 143 F: 10 
20469 9 20496 330 F: 2 3 4 
20526 4 20538 82 F: 2 2 
20622 13 20635 142 F: 13 
20748 9 20784 129 F: 5 2 2 
20818 9 20845 226 F: 5 2 2 
20902 9 20938 99 F: 3 2 4 
21070 7 21077 307 F: 7 
21179 9 21215 18 F: 6 3 
21271 9 21289 356 F: 5 2 2 
21397 11 21430 257 F: 7 4 
21443 3 21449 254 F: 3 
21505 3 21514 224 F: 3 
21673 6 21685 295 F: 2 1 3 
21794 5 21799 209 F: 5 
21826 9 21835 135 F: 6 3 
21920 6 21938 388 F: 3 1 2 
22059 9 22086 213 F: 9 
22166 8 22182 192 F: 3 3 2 
22225 7 22232 273 F: 7 
22365 3 22368 248 F: 3 
22450 9 22459 190 F: 5 1 3 
22515 3 22518 93 F: 3 
22626 9 22653 299 F: 3 3 3 
22722 9 22758 231 F: 3 2 4 
22844 5 22849 221 F: 5 
22938 7 22952 124 F: 2 4 1 
23026 12 23050 268 F: 12 
23159 12 23207 43 F: 7 5 
23212 4 23224 366 F: 4 
23351 9 23360 275 F: 5 4 
23478 6 23484 343 F: 3 1 2 
23543 5 23558 96 F: 4 1 
23621 10 23661 189 F: 2 4 4 
23722 4 23726 281 F: 2 1 1 
23872 7 23886 101 F: 4 1 2 
23957 8 23965 340 F: 8 
24088 9 24106 277 F: 2 4 3 
24106 9 24133 333 F: 9 
24248 7 24276 388 F: 3 2 2 
24356 11 24378 368 F: 4 3 4 
24460 9 24496 388 F: 4 3 2 
24564 8 24588 121 F: 5 1 2 
24666 10 24686 207 F: 2 4 4 
24799 11 24821 116 F: 6 5 
24849 9 24885 349 F: 3 4 2 
24902 7 24909 13 F: 2 3 2 
25066 3 25072 8 F: 3 
25199 11 25232 87 F: 6 5 
25213 8 25229 260 F: 2 6 
25333 9 25360 57 F: 7 2 
25402 8 25426 271 F: 8 
25534 7 25562 90 F: 3 3 1 
25611 9 25629 93 F: 9 
25735 13 25748 43 F: 13 
25837 8 25853 284 F: 3 4 1 
25990 11 26034 385 F: 11 
26064 9 26091 31 F: 9 
26144 3 26150 297 F: 3 
26273 10 26303 225 F: 3 4 3 
26390 9 26426 150 F: 3 2 4 
26417 4 26433 60 F: 3 1 
26523 8 26555 286 F: 2 3 3 
26669 3 26675 122 F: 2 1 
26792 7 26799 245 F: 7 
26802 6 26814 148 F: 2 4 
26910 2 26916 297 F: 2 
27028 10 27058 302 F: 10 
27152 7 27180 156 F: 4 3 
27252 13 27304 332 F: 7 6 
27308 12 27320 263 F: 7 5 
27407 10 27427 351 F: 4 3 3 
27505 13 27544 300 F: 13 
27699 7 27706 111 F: 5 1 1 
27792 6 27816 341 F: 2 2 2 
27804 8 27828 66 F: 5 3 
27929 5 27944 136 F: 5 
28088 7 28102 50 F: 7 
28182 7 28210 62 F: 4 3 
28235 6 28247 269 F: 2 2 2 
28377 11 28410 183 F: 6 5 
28432 7 28439 292 F: 2 5 
28512 12 28560 361 F: 4 4 4 
28612 8 28628 280 F: 8 
28701 10 28741 129 F: 10 
28890 5 28910 6 F: 2 1 2 
28953 3 28962 32 F: 3 
29007 3 29010 52 F: 3 
29170 2 29176 105 F: 2 
29274 12 29322 398 F: 7 5 
29319 7 29333 320 F: 2 5 
29458 9 29476 75 F: 3 6 
29507 8 29523 349 F: 5 3 
29613 7 29634 372 F: 5 1 1 
29740 10 29750 21 F: 7 3 
29868 8 29876 107 F: 2 3 3 
29902 4 29906 89 F: 3 1 
30090 8 30106 113 F: 2 3 3 
30122 12 30158 395 F: 5 4 3 
30295 8 30311 138 F: 4 2 2 
30384 6 30402 313 F: 2 4 
30440 6 30458 342 F: 4 2 
30513 9 30549 201 F: 3 4 2 
30695 11 30739 255 F: 11 
30725 12 30761 349 F: 12 
30829 3 30841 32 F: 3 
30973 9 31009 197 F: 9 
31061 11 31094 206 F: 4 4 3 
31137 7 31158 224 F: 3 2 2 
31260 6 31284 16 F: 2 3 1 
31383 9 31392 234 F: 3 4 2 
31475 6 31499 207 F: 3 3 
31563 2 31567 33 F: 2 
31638 6 31656 171 F: 5 1 
31731 10 31751 115 F: 5 4 1 
31801 8 31817 240 F: 5 1 2 
31972 6 31990 400 F: 2 1 3 
32076 10 32106 253 F: 5 4 1 
32144 8 32160 161 F: 4 3 1 
32223 7 32230 261 F: 7 
32370 8 32394 69 F: 6 2 
32476 2 32478 180 F: 2 
32570 7 32598 163 F: 3 3 1 
32677 11 32721 338 F: 11 
32715 10 32745 63 F: 6 4 
32879 8 32911 379 F: 5 3 
32912 8 32936 217 F: 5 1 2 
33060 10 33080 66 F: 5 5 
33183 4 33187 75 F: 3 1 
33229 5 33239 161 F: 5 
33310 8 33318 224 F: 5 1 2 
33404 8 33436 320 F: 5 2 1 
33509 9 33518 339 F: 4 5 
33659 5 33679 164 F: 3 2 
33777 11 33810 220 F: 5 2 4 
33801 8 33833 168 F: 6 2 
33972 6 33996 175 F: 4 2 
34051 3 34057 106 F: 3 
34134 13 34173 80 F: 13 
34259 7 34273 313 F: 7 
34319 4 34335 40 F: 4 
34479 5 34494 312 F: 2 2 1 
34597 4 34605 80 F: 2 1 1 
34665 7 34672 395 F: 3 3 1 
34784 8 34800 311 F: 3 5 
34844 7 34851 132 F: 2 3 2 
34933 13 34972 101 F: 13 
35062 9 35080 276 F: 5 1 3 
35109 3 35112 79 F: 3 
35206 6 35230 201 F: 3 1 2 
35335 9 35371 184 F: 3 4 2 
35480 11 35513 113 F: 11 
35553 10 35593 249 F: 10 
35670 7 35691 116 F: 3 2 2 
35722 8 35730 235 F: 8 
35823 7 35851 196 F: 7 
35967 9 36003 384 F: 2 3 4 
36089 11 36133 176 F: 5 4 2 
36164 8 36196 211 F: 8 
36242 2 36246 34 F: 2 
36331 7 36338 341 F: 7 
36491 8 36507 237 F: 2 2 4 
36586 8 36610 29 F: 6 2 
36673 5 36693 199 F: 2 1 2 
36707 9 36743 134 F: 4 2 3 
36851 12 36875 200 F: 4 4 4 
36985 12 37009 123 F: 5 4 3 
37022 8 37038 44 F: 4 4 
37128 10 37138 315 F: 4 4 2 
37227 12 37239 369 F: 12 
37394 13 37433 145 F: 13 
37445 9 37463 203 F: 9 
37541 10 37561 98 F: 5 3 2 
37651 7 37672 131 F: 3 4 
37720 6 37732 193 F: 3 3 
37856 13 37882 204 F: 13 
37918 9 37936 170 F: 2 4 3 
38018 4 38034 4 F: 4 
38135 11 38168 135 F: 4 3 4 
38287 12 38311 335 F: 7 5 
38374 11 38396 316 F: 4 4 3 
38486 7 38493 118 F: 7 
38587 11 38598 384 F: 11 
38697 3 38703 202 F: 3 
38730 7 38737 51 F: 7 
38814 12 38850 223 F: 4 4 4 
38944 8 38968 131 F: 5 3 
39081 11 39103 395 F: 4 4 3 
39102 12 39138 150 F: 12 
39238 5 39258 322 F: 2 2 1 
39359 5 39374 151 F: 3 1 1 
39454 10 39474 189 F: 5 2 3 
39575 8 39607 326 F: 5 1 2 
39628 10 39638 324 F: 10 
39712 5 39732 106 F: 2 3 
39822 13 39848 340 F: 13 
39932 6 39944 261 F: 4 1 1 
D: 4 308 
D: 5 326 
D: 17 34 
D: 18 218 
D: 25 360 
D: 28 231 
D: 38 239 
D: 40 374 
D: 43 313 
D: 48 248 
D: 61 232 
D: 64 161 
D: 66 248 
D: 75 391 
D: 76 270 
D: 76 271 
D: 78 248 
D: 80 213 
D: 93 113 
D: 99 297 
D: 102 280 
D: 113 164 
D: 115 347 
D: 115 362 
D: 124 263 
D: 128 380 
D: 133 277 
D: 134 309 
D: 151 264 
D: 152 226 
D: 162 163 
D: 165 238 
D: 187 220 
D: 193 321 
D: 218 228 
D: 236 365 
D: 260 336 
D: 297 353 
D: 311 372 
D: 394 396 
