19 8 51 131 F: 4 4 
154 13 206 241 F: 13 
277 12 325 371 F: 6 6 
377 9 386 384 F: 9 
413 9 449 400 F: 5 3 1 
528 7 556 173 F: 6 1 
640 2 646 308 F: 2 
700 6 718 249 F: 4 1 1 
834 5 849 64 F: 4 1 
974 10 1014 230 F: 5 1 4 
1053 9 1080 160 F: 5 3 1 
1140 7 1161 86 F: 3 4 
1268 10 1288 315 F: 10 
1386 9 1404 251 F: 5 2 2 
1455 8 1479 18 F: 3 1 4 
1564 5 1579 224 F: 2 2 1 
1663 5 1678 333 F: 5 
1721 5 1726 104 F: 4 1 
1802 5 1807 44 F: 5 
1947 10 1977 396 F: 3 4 3 
2017 4 2025 302 F: 3 1 
2156 6 2180 245 F: 2 2 2 
2294 3 2300 130 F: 3 
2366 8 2374 4 F: 3 2 3 
2476 7 2483 268 F: 4 1 2 
2526 8 2542 397 F: 5 3 
2623 6 2635 376 F: 3 1 2 
2701 13 2727 6 F: 5 4 4 
2840 5 2855 58 F: 5 
2970 12 2982 143 F: 4 4 4 
3025 9 3043 169 F: 9 
3199 4 3207 99 F: 4 
3230 8 3262 257 F: 2 6 
3323 9 3359 365 F: 4 1 4 
3469 7 3476 323 F: 4 1 2 
3523 9 3559 95 F: 3 3 3 
3640 10 3650 343 F: 10 
3715 6 3727 272 F: 5 1 
3852 12 3888 228 F: 12 
3918 7 3932 322 F: 2 4 1 
4070 6 4076 292 F: 6 
4174 7 4181 313 F: 4 3 
4249 7 4277 273 F: 4 3 
4374 7 4395 202 F: 4 2 1 
4493 8 4501 151 F: 2 6 
4533 13 4546 363 F: 13 
4622 9 4658 29 F: 9 
4757 11 4790 118 F: 5 6 
4873 10 4893 301 F: 6 4 
4924 5 4934 44 F: 2 3 
5096 8 5112 175 F: 2 6 
5155 7 5176 364 F: 4 3 
5270 6 5288 61 F: 2 3 1 
5374 8 5406 390 F: 3 5 
5429 8 5453 202 F: 4 4 
5544 4 5560 164 F: 4 
5689 11 5700 313 F: 5 6 
5703 7 5731 178 F: 3 3 1 
5873 8 5905 77 F: 8 
5988 8 6004 261 F: 2 3 3 
6001 13 6053 11 F: 5 4 4 
6134 12 6170 35 F: 5 3 4 
6299 6 6317 26 F: 5 1 
6339 5 6344 69 F: 3 1 1 
6419 10 6459 324 F: 4 2 4 
6556 8 6572 160 F: 8 
6664 7 6671 212 F: 2 5 
6722 13 6735 36 F: 13 
6806 12 6854 129 F: 12 
6958 7 6965 144 F: 4 2 1 
7073 12 7109 178 F: 12 
7135 9 7153 95 F: 4 5 
7274 10 7314 265 F: 10 
7326 9 7335 167 F: 3 6 
7481 5 7501 28 F: 2 3 
7573 5 7578 327 F: 2 2 1 
7644 7 7658 141 F: 5 1 1 
7707 3 7713 348 F: 3 
7867 9 7894 209 F: 9 
7980 6 8004 12 F: 2 3 1 
8011 9 8029 274 F: 4 3 2 
8130 4 8138 201 F: 2 2 
8279 8 8287 132 F: 3 1 4 
8344 7 8372 376 F: 3 4 
8416 6 8422 299 F: 3 3 
8554 10 8594 40 F: 5 1 4 
8695 10 8705 74 F: 7 3 
8727 5 8747 103 F: 3 2 
8867 8 8891 156 F: 2 2 4 
8967 9 8994 90 F: 4 3 2 
9016 3 9022 72 F: 3 
9128 3 9137 244 F: 3 
9238 10 9258 193 F: 10 
9328 7 9349 354 F: 5 1 1 
9484 6 9496 124 F: 4 1 1 
9534 9 9570 32 F: 3 6 
9662 9 9671 65 F: 9 
9716 7 9730 161 F: 4 3 
9822 3 9834 347 F: 3 
9905 5 9910 33 F: 2 3 
10071 4 10079 345 F: 3 1 
10156 9 10183 300 F: 9 
10248 11 10281 130 F: 11 
10389 5 10404 40 F: 2 3 
10489 11 10533 90 F: 5 6 
10523 3 10535 250 F: 3 
10657 7 10671 10 F: 7 
10737 11 10748 162 F: 6 5 
10822 3 10834 338 F: 3 
10996 2 11002 396 F: 2 
11050 5 11055 365 F: 5 
11117 5 11122 123 F: 2 3 
11263 11 11296 321 F: 4 3 4 
11334 10 11344 97 F: 6 4 
11410 4 11422 11 F: 2 2 
11518 13 11531 73 F: 5 4 4 
11660 8 11676 330 F: 4 4 
11737 7 11765 119 F: 5 1 1 
11845 11 11856 71 F: 5 2 4 
11913 9 11922 242 F: 7 2 
12006 9 12024 370 F: 7 2 
12115 8 12131 200 F: 3 1 4 
12239 10 12279 329 F: 2 4 4 
12334 7 12348 157 F: 2 1 4 
12454 10 12484 176 F: 3 3 4 
12551 8 12583 111 F: 2 6 
12606 9 12642 191 F: 9 
12777 13 12816 39 F: 7 6 
12848 10 12868 24 F: 4 4 2 
12995 9 13004 266 F: 4 1 4 
13018 13 13044 320 F: 5 4 4 
13198 8 13214 241 F: 5 1 2 
13258 12 13306 154 F: 12 
13307 6 13313 223 F: 2 2 2 
13446 7 13474 178 F: 2 3 2 
13525 3 13531 326 F: 3 
13639 4 13647 350 F: 4 
13720 7 13734 162 F: 2 5 
13821 11 13832 168 F: 4 4 3 
13912 6 13918 360 F: 6 
14040 8 14064 344 F: 2 6 
14118 11 14140 100 F: 6 5 
14295 13 14321 29 F: 13 
14372 7 14379 10 F: 7 
14437 8 14445 156 F: 4 4 
14586 5 14591 331 F: 5 
14670 7 14698 311 F: 2 4 1 
14742 2 14748 258 F: 2 
14880 7 14887 35 F: 7 
14950 9 14959 145 F: 9 
15029 7 15043 247 F: 3 4 
15154 8 15162 278 F: 6 2 
15265 11 15287 209 F: 6 5 
15388 9 15406 42 F: 9 
15474 7 15488 302 F: 2 1 4 
15518 10 15528 48 F: 5 5 
15673 8 15689 152 F: 5 3 
15795 10 15805 381 F: 4 4 2 
15879 5 15884 134 F: 5 
15943 10 15983 133 F: 10 
16085 11 16129 341 F: 11 
16128 9 16164 107 F: 7 2 
16256 9 16274 308 F: 2 4 3 
16394 13 16446 202 F: 13 
16436 4 16448 125 F: 4 
16573 5 16583 324 F: 5 
16692 10 16702 177 F: 5 1 4 
16736 9 16745 21 F: 4 1 4 
16876 7 16904 74 F: 3 1 3 
16921 8 16945 298 F: 2 2 4 
17002 9 17011 254 F: 3 6 
17126 6 17138 372 F: 3 3 
17205 11 17216 1 F: 5 6 
17320 8 17336 143 F: 7 1 
17447 8 17479 328 F: 4 4 
17577 7 17605 295 F: 4 2 1 
17622 8 17646 242 F: 5 3 
17796 11 17840 299 F: 6 5 
17853 9 17889 52 F: 6 3 
17980 13 18032 329 F: 5 4 4 
18094 5 18109 283 F: 3 1 1 
18177 4 18193 312 F: 2 2 
18292 9 18319 380 F: 5 2 2 
18305 8 18329 30 F: 2 4 2 
18466 9 18475 302 F: 4 5 
18550 12 18562 304 F: 12 
18677 7 18691 181 F: 7 
18763 7 18784 318 F: 3 4 
18856 10 18886 44 F: 5 5 
18910 9 18937 369 F: 9 
19006 4 19014 365 F: 4 
19171 8 19179 76 F: 8 
19251 10 19261 270 F: 7 3 
19377 8 19401 105 F: 3 5 
19412 7 19419 13 F: 2 2 3 
19505 10 19545 362 F: 3 4 3 
19646 6 19664 363 F: 6 
19733 10 19753 278 F: 2 4 4 
19880 12 19892 66 F: 6 6 
19926 4 19942 364 F: 3 1 
20051 10 20061 110 F: 10 
20149 10 20179 68 F: 4 3 3 
20229 7 20236 53 F: 3 1 3 
20308 8 20324 380 F: 4 3 1 
20408 11 20430 164 F: 5 4 2 
20536 6 20542 216 F: 2 1 3 
20636 8 20644 89 F: 5 3 
20743 9 20770 19 F: 6 3 
20846 11 20879 4 F: 11 
20997 9 21015 12 F: 5 4 
21034 8 21058 225 F: 3 5 
21134 11 21156 41 F: 11 
21285 7 21306 399 F: 2 2 3 
21355 10 21385 161 F: 3 3 4 
21433 8 21457 371 F: 3 1 4 
21556 11 21567 373 F: 11 
21606 10 21626 176 F: 6 4 
21723 6 21729 134 F: 5 1 
21885 8 21909 45 F: 3 3 2 
21964 8 21972 218 F: 5 2 1 
22080 2 22088 26 F: 2 
22149 9 22158 399 F: 3 6 
22229 8 22261 224 F: 2 2 4 
22399 6 22411 188 F: 2 1 3 
22455 7 22462 191 F: 2 3 2 
22595 12 22607 377 F: 4 4 4 
22603 4 22619 169 F: 4 
22794 8 22818 166 F: 4 4 
22863 8 22895 286 F: 4 1 3 
22996 11 23007 334 F: 6 5 
23087 9 23105 215 F: 9 
23139 9 23148 355 F: 5 2 2 
23242 7 23270 225 F: 7 
23335 13 23387 108 F: 13 
23484 9 23502 125 F: 5 4 
23554 5 23564 275 F: 3 1 1 
23698 12 23722 251 F: 12 
23705 11 23749 120 F: 11 
23856 2 23858 267 F: 2 
23945 3 23951 330 F: 3 
24079 13 24092 351 F: 13 
24175 5 24185 151 F: 5 
24265 9 24292 382 F: 9 
24395 4 24399 4 F: 4 
24410 9 24446 261 F: 9 
24535 13 24548 396 F: 5 4 4 
24601 10 24621 367 F: 7 3 
24717 10 24757 136 F: 10 
24819 7 24833 384 F: 2 3 2 
24983 10 25013 375 F: 7 3 
25086 3 25089 321 F: 3 
25136 8 25160 392 F: 4 4 
25215 5 25230 297 F: 5 
25344 9 25353 397 F: 5 4 
25469 5 25484 126 F: 5 
25571 12 25607 364 F: 12 
25624 10 25664 369 F: 7 3 
25730 6 25736 83 F: 6 
25842 9 25860 306 F: 2 4 3 
25986 10 26016 331 F: 6 4 
26008 12 26020 50 F: 6 6 
26153 7 26181 289 F: 5 1 1 
26201 6 26219 157 F: 2 1 3 
26326 12 26338 85 F: 12 
26485 10 26515 236 F: 3 4 3 
26505 4 26513 232 F: 2 1 1 
26686 10 26716 276 F: 3 4 3 
26798 7 26819 342 F: 7 
26855 7 26862 130 F: 2 5 
26976 5 26996 345 F: 5 
27059 9 27095 72 F: 4 1 4 
27155 9 27164 164 F: 3 3 3 
27247 10 27267 96 F: 4 2 4 
27312 8 27328 28 F: 2 3 3 
27454 6 27466 28 F: 2 1 3 
27562 11 27584 302 F: 4 3 4 
27662 7 27669 168 F: 2 5 
27764 6 27770 346 F: 3 1 2 
27892 9 27901 23 F: 3 4 2 
27922 4 27930 143 F: 4 
28039 9 28048 293 F: 6 3 
28140 6 28152 110 F: 2 4 
28226 2 28234 147 F: 2 
28389 9 28398 274 F: 6 3 
28451 7 28472 292 F: 4 2 1 
28550 13 28602 88 F: 13 
28654 8 28670 379 F: 8 
28753 5 28773 223 F: 5 
28828 7 28849 252 F: 3 3 1 
28984 10 29004 79 F: 5 1 4 
29048 8 29072 249 F: 8 
29122 8 29130 36 F: 5 3 
29235 13 29274 376 F: 13 
29327 11 29360 251 F: 7 4 
29491 6 29509 393 F: 2 4 
29527 9 29536 102 F: 9 
29611 11 29622 273 F: 4 3 4 
29734 8 29742 21 F: 3 5 
29839 11 29850 307 F: 3 4 4 
29973 4 29981 126 F: 4 
30093 9 30129 104 F: 4 3 2 
30192 8 30224 186 F: 5 3 
30292 9 30310 358 F: 3 2 4 
30307 11 30318 40 F: 4 3 4 
30474 7 30502 371 F: 3 4 
30546 9 30564 5 F: 9 
30624 9 30642 386 F: 3 4 2 
30755 8 30771 64 F: 8 
30810 12 30858 129 F: 5 4 3 
30946 6 30952 146 F: 3 1 2 
31097 10 31117 249 F: 5 5 
31107 5 31122 78 F: 2 3 
31244 8 31276 5 F: 8 
31330 9 31339 264 F: 9 
31464 5 31469 75 F: 3 1 1 
31539 3 31545 274 F: 3 
31662 9 31680 71 F: 6 3 
31743 11 31765 246 F: 11 
31897 8 31921 191 F: 7 1 
31953 10 31993 287 F: 10 
32004 7 32011 78 F: 3 2 2 
32162 11 32195 113 F: 11 
32226 3 32232 378 F: 3 
32368 10 32408 245 F: 5 4 1 
32430 9 32448 323 F: 4 4 1 
32510 11 32554 310 F: 6 5 
32671 11 32704 132 F: 11 
32786 7 32807 62 F: 4 2 1 
32894 13 32933 148 F: 13 
32976 12 32988 63 F: 12 
33050 9 33068 37 F: 3 4 2 
33158 4 33162 46 F: 4 
33245 8 33253 175 F: 2 4 2 
33332 5 33342 330 F: 2 3 
33478 5 33483 169 F: 2 3 
33527 11 33571 213 F: 7 4 
33624 4 33628 77 F: 2 2 
33724 8 33748 117 F: 4 4 
33815 4 33827 209 F: 2 2 
33965 8 33997 113 F: 2 3 3 
34048 3 34051 262 F: 3 
34196 7 34217 213 F: 6 1 
34213 7 34234 392 F: 6 1 
34369 6 34393 63 F: 4 2 
34436 2 34442 112 F: 2 
34559 6 34577 131 F: 2 4 
34626 8 34634 71 F: 3 3 2 
34717 6 34729 255 F: 6 
34890 8 34922 163 F: 8 
34924 2 34932 55 F: 2 
35042 5 35052 206 F: 2 2 1 
35150 13 35163 232 F: 13 
35236 9 35263 82 F: 2 3 4 
35371 7 35392 216 F: 6 1 
35441 9 35450 360 F: 9 
35554 10 35594 277 F: 4 4 2 
35687 10 35727 28 F: 4 2 4 
35743 3 35752 340 F: 3 
35891 7 35905 246 F: 3 1 3 
35916 9 35943 143 F: 9 
36014 5 36024 270 F: 2 1 2 
36134 8 36142 302 F: 8 
36250 10 36270 47 F: 10 
36317 6 36335 129 F: 3 3 
36412 5 36432 171 F: 5 
36508 8 36516 287 F: 5 2 1 
36663 12 36699 94 F: 5 4 3 
36765 10 36775 357 F: 5 4 1 
36881 12 36893 376 F: 4 4 4 
36995 11 37028 316 F: 4 3 4 
37085 8 37109 155 F: 3 5 
37151 9 37178 236 F: 9 
37261 5 37271 183 F: 5 
37341 10 37371 75 F: 4 3 3 
37453 5 37468 242 F: 5 
37523 10 37543 23 F: 3 4 3 
37604 8 37612 312 F: 3 3 2 
37750 6 37756 109 F: 2 3 1 
37802 6 37814 89 F: 5 1 
37968 8 37976 72 F: 2 2 4 
38076 10 38096 115 F: 5 2 3 
38185 9 38203 220 F: 6 3 
38220 8 38244 114 F: 3 4 1 
38363 9 38372 228 F: 5 2 2 
38492 8 38500 281 F: 5 2 1 
38554 8 38562 262 F: 8 
38632 7 38660 250 F: 3 4 
38790 11 38823 245 F: 3 4 4 
38886 6 38898 383 F: 3 1 2 
38946 11 38957 293 F: 5 4 2 
39079 9 39106 62 F: 3 3 3 
39179 9 39206 137 F: 4 5 
39280 9 39307 340 F: 9 
39371 9 39389 210 F: 4 3 2 
39459 10 39499 294 F: 5 4 1 
39561 6 39585 166 F: 6 
39662 13 39675 81 F: 13 
39725 12 39737 206 F: 6 6 
39865 10 39895 98 F: 10 
39924 12 39972 30 F: 7 5 
D: 9 378 
D: 17 32 
D: 22 244 
D: 28 97 
D: 30 67 
D: 44 116 
D: 45 340 
D: 46 89 
D: 50 232 
D: 50 256 
D: 61 175 
D: 68 395 
D: 80 100 
D: 83 207 
D: 93 273 
D: 104 176 
D: 105 249 
D: 107 325 
D: 120 156 
D: 132 152 
D: 133 180 
D: 148 218 
D: 148 315 
D: 150 277 
D: 152 395 
D: 155 240 
D: 159 371 
D: 160 336 
D: 191 325 
D: 223 290 
D: 223 322 
D: 226 235 
D: 236 286 
D: 239 304 
D: 255 270 
D: 277 318 
D: 277 364 
D: 315 319 
D: 325 393 
D: 351 354 
