43 10 63 195 F: 6 4 
151 7 179 248 F: 7 
299 5 304 268 F: 2 3 
394 10 404 342 F: 5 3 2 
490 8 498 13 F: 2 2 4 
521 9 539 394 F: 5 2 2 
618 8 626 140 F: 7 1 
712 3 718 113 F: 3 
893 8 925 279 F: 2 4 2 
962 7 969 228 F: 3 1 3 
1089 11 1100 238 F: 5 3 3 
1187 5 1202 141 F: 4 1 
1220 8 1244 334 F: 4 3 1 
1374 6 1380 67 F: 3 1 2 
1491 11 1513 272 F: 7 4 
1582 9 1600 362 F: 7 2 
1666 12 1690 20 F: 7 5 
1744 10 1784 331 F: 5 5 
1826 8 1834 247 F: 8 
1928 7 1949 16 F: 5 1 1 
2012 10 2022 154 F: 10 
2198 7 2226 313 F: 4 3 
2260 6 2284 321 F: 6 
2328 12 2340 69 F: 7 5 
2419 9 2446 53 F: 4 3 2 
2529 4 2541 352 F: 4 
2604 13 2656 183 F: 13 
2778 12 2790 169 F: 7 5 
2864 5 2884 392 F: 3 2 
2960 9 2996 324 F: 9 
3007 2 3011 106 F: 2 
3105 4 3121 388 F: 4 
3217 8 3241 371 F: 2 4 2 
3302 6 3308 85 F: 2 3 1 
3455 10 3495 369 F: 3 3 4 
3534 11 3578 44 F: 5 4 2 
3647 7 3661 26 F: 7 
3795 7 3802 19 F: 5 2 
3801 2 3807 67 F: 2 
3915 4 3931 110 F: 4 
4083 9 4092 318 F: 9 
4164 9 4200 45 F: 5 2 2 
4216 7 4230 87 F: 7 
4394 5 4409 164 F: 5 
4414 3 4417 316 F: 2 1 
4551 6 4563 152 F: 3 3 
4632 4 4648 227 F: 4 
4759 8 4783 114 F: 4 3 1 
4820 9 4847 92 F: 5 4 
4913 7 4920 40 F: 7 
5000 7 5014 40 F: 3 2 2 
5101 12 5149 354 F: 12 
5267 11 5311 52 F: 11 
5335 3 5344 7 F: 2 1 
5411 4 5415 110 F: 4 
5550 6 5568 252 F: 4 1 1 
5668 3 5674 113 F: 3 
5727 9 5736 187 F: 4 1 4 
5847 4 5859 175 F: 3 1 
5964 10 6004 157 F: 2 4 4 
6020 9 6029 86 F: 9 
6126 11 6137 136 F: 5 4 2 
6282 10 6302 106 F: 5 4 1 
6334 9 6343 204 F: 4 5 
6429 10 6449 287 F: 6 4 
6534 11 6556 168 F: 5 6 
6612 6 6624 304 F: 4 1 1 
6730 11 6741 112 F: 5 6 
6818 8 6842 277 F: 3 4 1 
6991 10 7021 129 F: 2 4 4 
7012 10 7022 352 F: 4 4 2 
7199 8 7223 92 F: 6 2 
7237 6 7243 299 F: 6 
7335 10 7375 15 F: 3 4 3 
7465 7 7486 118 F: 7 
7569 3 7575 357 F: 2 1 
7665 12 7701 111 F: 12 
7714 6 7726 240 F: 3 2 1 
7849 2 7855 197 F: 2 
7931 7 7959 103 F: 5 1 1 
8064 9 8091 336 F: 5 4 
8126 6 8138 247 F: 6 
8275 5 8290 12 F: 2 1 2 
8384 6 8402 16 F: 3 3 
8439 5 8459 387 F: 5 
8572 8 8588 131 F: 3 4 1 
8695 11 8739 171 F: 4 4 3 
8765 9 8801 49 F: 5 1 3 
8879 9 8888 382 F: 5 3 1 
8940 4 8948 357 F: 4 
9056 4 9064 243 F: 4 
9133 6 9139 288 F: 6 
9265 4 9269 267 F: 3 1 
9390 11 9412 92 F: 7 4 
9403 7 9431 372 F: 4 2 1 
9523 2 9527 73 F: 2 
9611 11 9622 240 F: 4 4 3 
9722 6 9728 160 F: 3 2 1 
9860 7 9881 276 F: 4 2 1 
9958 6 9964 140 F: 6 
10017 4 10021 7 F: 4 
10115 8 10139 46 F: 2 4 2 
10239 7 10267 201 F: 7 
10303 11 10336 212 F: 11 
10497 7 10504 181 F: 2 2 3 
10529 11 10573 399 F: 5 6 
10670 8 10702 301 F: 5 3 
10718 7 10725 52 F: 5 2 
10839 11 10883 113 F: 11 
10990 2 10992 307 F: 2 
11010 8 11034 355 F: 2 6 
11160 3 11172 90 F: 3 
11203 4 11215 335 F: 3 1 
11373 11 11406 262 F: 4 4 3 
11438 8 11446 5 F: 4 4 
11534 10 11564 266 F: 5 2 3 
11604 6 11610 160 F: 6 
11704 6 11722 118 F: 3 1 2 
11884 11 11917 149 F: 6 5 
11903 8 11919 275 F: 4 2 2 
12055 13 12068 366 F: 7 6 
12193 8 12209 376 F: 4 2 2 
12286 9 12322 168 F: 4 5 
12347 7 12361 154 F: 4 3 
12445 7 12452 135 F: 2 5 
12533 9 12569 264 F: 7 2 
12657 5 12672 383 F: 5 
12702 10 12732 110 F: 5 3 2 
12855 3 12861 90 F: 2 1 
12977 9 13004 90 F: 9 
13036 8 13068 148 F: 3 2 3 
13187 13 13200 132 F: 13 
13202 9 13220 203 F: 9 
13378 13 13430 24 F: 7 6 
13418 10 13448 173 F: 10 
13566 10 13606 379 F: 10 
13604 10 13624 59 F: 5 4 1 
13762 3 13768 392 F: 3 
13807 11 13818 104 F: 6 5 
13933 7 13940 214 F: 5 2 
14087 6 14099 26 F: 6 
14115 7 14143 232 F: 2 2 3 
14253 9 14280 164 F: 4 3 2 
14330 6 14348 257 F: 2 4 
14471 8 14495 387 F: 2 6 
14516 3 14522 223 F: 3 
14612 9 14648 386 F: 4 4 1 
14773 9 14800 163 F: 4 3 2 
14845 11 14867 351 F: 3 4 4 
14912 9 14921 230 F: 5 4 
15088 12 15124 283 F: 12 
15123 4 15135 240 F: 4 
15279 6 15291 168 F: 3 2 1 
15318 2 15326 170 F: 2 
15424 9 15442 72 F: 5 2 2 
15546 12 15582 200 F: 7 5 
15673 8 15681 38 F: 4 4 
15777 9 15786 16 F: 4 3 2 
15834 10 15844 276 F: 5 5 
15996 11 16007 389 F: 5 4 2 
16064 6 16088 124 F: 2 2 2 
16188 10 16208 208 F: 7 3 
16215 7 16222 145 F: 4 3 
16344 11 16355 98 F: 11 
16488 9 16506 11 F: 4 5 
16592 6 16598 90 F: 3 1 2 
16698 9 16716 142 F: 4 4 1 
16766 5 16771 28 F: 3 2 
16895 9 16931 132 F: 3 6 
16966 2 16968 241 F: 2 
17071 10 17091 289 F: 4 6 
17147 4 17151 89 F: 4 
17247 10 17257 344 F: 4 6 
17313 6 17337 234 F: 4 1 1 
17474 7 17481 158 F: 2 5 
17551 5 17566 266 F: 5 
17678 5 17688 44 F: 5 
17738 13 17777 184 F: 13 
17887 4 17891 302 F: 4 
17981 8 17989 397 F: 3 5 
18047 8 18063 180 F: 8 
18164 8 18172 358 F: 2 6 
18296 10 18316 313 F: 7 3 
18336 11 18347 297 F: 5 4 2 
18409 5 18424 400 F: 2 1 2 
18580 8 18588 87 F: 2 4 2 
18697 12 18721 237 F: 7 5 
18798 8 18822 238 F: 8 
18850 11 18872 98 F: 5 6 
18931 12 18955 240 F: 7 5 
19093 10 19123 303 F: 10 
19122 11 19133 28 F: 5 4 2 
19270 6 19276 150 F: 3 3 
19376 9 19412 107 F: 4 2 3 
19489 11 19500 136 F: 5 6 
19560 8 19584 204 F: 8 
19635 8 19659 236 F: 4 4 
19790 5 19805 205 F: 5 
19858 3 19867 372 F: 3 
19977 9 20004 151 F: 5 4 
20015 5 20035 82 F: 3 2 
20135 9 20153 169 F: 9 
20294 5 20304 266 F: 5 
20359 2 20365 194 F: 2 
20438 9 20474 286 F: 9 
20576 6 20594 175 F: 2 4 
20626 7 20633 101 F: 4 3 
20796 6 20814 84 F: 2 2 2 
20885 8 20893 306 F: 7 1 
20952 10 20962 255 F: 6 4 
21048 12 21072 365 F: 12 
21109 9 21118 184 F: 9 
21200 8 21224 270 F: 5 3 
21371 10 21411 172 F: 10 
21493 7 21521 22 F: 7 
21596 4 21612 386 F: 2 1 1 
21652 4 21664 114 F: 4 
21758 9 21794 11 F: 4 2 3 
21828 6 21846 134 F: 4 2 
21939 7 21953 151 F: 7 
22094 4 22110 230 F: 4 
22165 7 22172 250 F: 7 
22267 10 22307 27 F: 3 3 4 
22308 4 22320 246 F: 4 
22488 12 22536 203 F: 7 5 
22569 7 22597 350 F: 4 1 2 
22625 8 22633 282 F: 3 2 3 
22792 9 22801 148 F: 5 4 
22836 10 22856 56 F: 7 3 
22991 2 22997 147 F: 2 
23043 8 23075 79 F: 8 
23123 10 23133 380 F: 4 6 
23205 7 23212 322 F: 7 
23342 8 23350 63 F: 2 3 3 
23485 7 23499 388 F: 3 2 2 
23503 9 23530 133 F: 4 1 4 
23692 8 23716 250 F: 2 3 3 
23741 12 23753 324 F: 12 
23834 7 23862 338 F: 2 1 4 
23992 13 24005 253 F: 7 6 
24048 10 24068 301 F: 4 4 2 
24145 4 24161 308 F: 2 1 1 
24207 9 24216 331 F: 5 1 3 
24394 10 24424 115 F: 5 5 
24407 5 24412 237 F: 5 
24522 6 24528 181 F: 6 
24641 5 24656 269 F: 5 
24702 7 24723 217 F: 3 3 1 
24846 10 24866 248 F: 10 
24955 12 25003 48 F: 12 
25095 9 25113 209 F: 5 4 
25186 3 25198 84 F: 2 1 
25286 9 25295 269 F: 4 4 1 
25374 7 25388 82 F: 2 2 3 
25425 5 25435 258 F: 5 
25570 11 25581 97 F: 5 4 2 
25630 4 25634 342 F: 2 2 
25756 8 25788 322 F: 4 3 1 
25878 9 25914 109 F: 3 4 2 
25901 10 25921 146 F: 5 5 
26037 7 26058 48 F: 3 1 3 
26130 6 26136 13 F: 4 1 1 
26281 9 26290 310 F: 5 4 
26399 13 26425 18 F: 13 
26488 5 26493 344 F: 3 2 
26515 9 26542 86 F: 3 2 4 
26671 6 26683 22 F: 2 3 1 
26781 6 26787 217 F: 3 3 
26878 2 26880 44 F: 2 
26971 7 26999 347 F: 2 2 3 
27032 3 27044 147 F: 2 1 
27116 8 27124 156 F: 5 2 1 
27268 11 27301 203 F: 5 6 
27376 3 27382 299 F: 2 1 
27413 12 27425 260 F: 12 
27529 3 27532 31 F: 2 1 
27605 4 27617 300 F: 3 1 
27758 8 27766 331 F: 4 4 
27867 12 27879 272 F: 12 
27952 5 27962 76 F: 5 
28065 5 28085 392 F: 4 1 
28119 10 28159 169 F: 3 3 4 
28220 10 28230 198 F: 3 4 3 
28332 12 28356 214 F: 6 6 
28437 5 28452 270 F: 5 
28585 8 28617 363 F: 8 
28672 10 28712 312 F: 10 
28788 6 28812 284 F: 4 2 
28864 8 28896 358 F: 6 2 
28941 8 28957 201 F: 6 2 
29009 4 29017 370 F: 4 
29119 9 29128 73 F: 9 
29206 3 29212 158 F: 2 1 
29332 9 29350 242 F: 7 2 
29485 10 29495 396 F: 5 4 1 
29588 6 29612 292 F: 6 
29661 7 29675 296 F: 5 2 
29757 10 29787 171 F: 10 
29832 7 29860 103 F: 2 1 4 
29917 4 29929 197 F: 4 
30046 11 30057 137 F: 11 
30149 7 30156 202 F: 7 
30231 8 30255 21 F: 2 2 4 
30311 10 30331 290 F: 4 4 2 
30438 5 30453 156 F: 5 
30528 8 30536 39 F: 8 
30603 6 30609 144 F: 6 
30729 7 30750 123 F: 5 2 
30856 9 30874 188 F: 5 3 1 
30972 7 31000 212 F: 5 2 
31007 6 31019 154 F: 4 1 1 
31155 6 31161 355 F: 3 3 
31210 5 31225 118 F: 2 3 
31367 10 31407 51 F: 10 
31441 6 31453 331 F: 2 4 
31574 7 31602 302 F: 4 2 1 
31682 7 31696 390 F: 2 2 3 
31736 12 31772 336 F: 12 
31834 11 31867 286 F: 5 3 3 
31955 5 31965 86 F: 4 1 
32034 9 32070 134 F: 4 4 1 
32161 6 32179 88 F: 6 
32200 7 32214 93 F: 5 2 
32396 8 32428 205 F: 6 2 
32436 6 32442 318 F: 6 
32547 9 32574 8 F: 9 
32684 9 32702 339 F: 6 3 
32735 11 32779 318 F: 11 
32882 9 32909 349 F: 5 4 
32951 10 32961 250 F: 5 4 1 
33062 6 33086 89 F: 2 2 2 
33105 9 33132 376 F: 4 5 
33251 10 33261 84 F: 5 2 3 
33396 10 33426 310 F: 5 5 
33421 5 33431 273 F: 5 
33590 9 33608 195 F: 4 4 1 
33667 9 33685 7 F: 6 3 
33768 8 33792 159 F: 4 4 
33804 10 33834 32 F: 5 4 1 
33960 6 33972 241 F: 6 
34029 8 34037 100 F: 7 1 
34174 11 34207 164 F: 5 6 
34287 4 34295 71 F: 4 
34396 10 34406 16 F: 5 3 2 
34475 9 34511 267 F: 3 2 4 
34590 6 34608 171 F: 3 1 2 
34666 11 34677 198 F: 5 6 
34754 9 34781 1 F: 9 
34821 11 34843 233 F: 11 
34982 8 35014 200 F: 3 1 4 
35029 10 35049 240 F: 5 4 1 
35161 9 35197 266 F: 5 4 
35224 4 35228 182 F: 2 1 1 
35323 10 35343 344 F: 5 2 3 
35420 9 35456 340 F: 5 1 3 
35546 4 35550 283 F: 3 1 
35616 6 35640 297 F: 2 4 
35794 8 35810 196 F: 3 3 2 
35819 10 35839 134 F: 10 
35968 8 35992 386 F: 3 3 2 
36009 9 36018 268 F: 7 2 
36155 10 36185 338 F: 6 4 
36295 10 36325 303 F: 4 2 4 
36325 6 36349 252 F: 2 3 1 
36440 12 36476 302 F: 6 6 
36557 5 36567 194 F: 2 3 
36635 11 36668 31 F: 5 2 4 
36739 9 36748 350 F: 5 1 3 
36824 9 36851 342 F: 5 1 3 
36974 8 36998 393 F: 6 2 
37018 7 37046 320 F: 5 2 
37100 7 37121 248 F: 6 1 
37263 4 37267 223 F: 4 
37329 10 37359 258 F: 5 5 
37430 8 37446 233 F: 5 1 2 
37535 4 37539 264 F: 2 2 
37656 8 37688 308 F: 7 1 
37746 9 37755 58 F: 3 6 
37870 8 37894 110 F: 2 6 
37915 3 37927 390 F: 3 
38014 13 38053 235 F: 13 
38161 9 38197 141 F: 3 2 4 
38211 13 38237 221 F: 7 6 
38397 7 38404 160 F: 7 
38407 12 38431 191 F: 5 4 3 
38564 9 38582 333 F: 4 5 
38690 6 38696 10 F: 6 
38787 11 38820 175 F: 5 6 
38877 9 38913 280 F: 4 4 1 
38932 8 38940 207 F: 4 4 
39045 11 39089 210 F: 5 2 4 
39131 8 39163 51 F: 6 2 
39227 4 39235 93 F: 2 2 
39324 5 39344 224 F: 3 1 1 
39441 8 39465 247 F: 3 5 
39563 9 39599 337 F: 6 3 
39600 7 39607 377 F: 2 4 1 
39796 8 39812 246 F: 8 
39803 4 39815 53 F: 3 1 
39988 12 40036 238 F: 12 
D: 2 6 
D: 2 43 
D: 6 53 
D: 7 16 
D: 9 312 
D: 13 123 
D: 25 61 
D: 32 329 
D: 39 148 
D: 51 304 
D: 54 207 
D: 56 210 
D: 57 392 
D: 60 381 
D: 66 321 
D: 68 371 
D: 74 350 
D: 75 118 
D: 77 329 
D: 95 98 
D: 109 397 
D: 116 139 
D: 139 335 
D: 147 333 
D: 150 247 
D: 164 270 
D: 166 193 
D: 173 244 
D: 178 375 
D: 185 356 
D: 203 318 
D: 224 296 
D: 227 274 
D: 228 386 
D: 236 368 
D: 249 275 
D: 254 257 
D: 299 367 
D: 313 340 
D: 351 398 
