42 12 90 155 F: 12 
185 12 221 212 F: 7 5 
220 8 244 99 F: 8 
372 11 394 299 F: 11 
410 13 462 334 F: 13 
504 13 530 96 F: 13 
662 9 698 17 F: 6 3 
737 8 753 110 F: 5 3 
809 6 827 103 F: 6 
926 10 936 349 F: 10 
1039 7 1053 350 F: 5 1 1 
1133 8 1141 71 F: 8 
1298 8 1330 76 F: 8 
1334 8 1342 265 F: 2 6 
1494 5 1514 48 F: 4 1 
1503 6 1515 182 F: 6 
1678 3 1690 149 F: 2 1 
1799 5 1819 197 F: 5 
1826 3 1835 242 F: 3 
1913 6 1937 56 F: 6 
2037 10 2077 150 F: 3 4 3 
2136 8 2152 333 F: 2 6 
2274 12 2286 292 F: 12 
2301 9 2310 305 F: 9 
2470 9 2497 244 F: 5 3 1 
2540 13 2579 155 F: 13 
2604 8 2612 354 F: 2 2 4 
2702 7 2730 395 F: 5 2 
2863 8 2871 327 F: 5 3 
2906 13 2932 141 F: 13 
3046 11 3079 380 F: 6 5 
3158 6 3176 394 F: 4 2 
3201 5 3211 111 F: 2 1 2 
3399 7 3406 67 F: 2 5 
3453 11 3475 190 F: 5 2 4 
3564 7 3585 86 F: 2 2 3 
3689 8 3721 318 F: 2 6 
3795 13 3847 292 F: 13 
3808 4 3816 150 F: 4 
3911 9 3920 144 F: 5 1 3 
4007 4 4019 50 F: 2 2 
4136 7 4164 233 F: 3 3 1 
4210 8 4218 16 F: 3 2 3 
4305 7 4333 56 F: 3 1 3 
4482 9 4509 289 F: 3 2 4 
4582 5 4587 15 F: 2 3 
4689 5 4704 130 F: 2 1 2 
4720 10 4760 397 F: 3 4 3 
4887 11 4920 78 F: 7 4 
4970 6 4994 56 F: 2 3 1 
5082 9 5091 201 F: 5 3 1 
5152 5 5162 302 F: 5 
5234 3 5237 298 F: 3 
5363 6 5381 98 F: 2 3 1 
5493 7 5507 210 F: 4 1 2 
5557 13 5583 122 F: 13 
5676 11 5709 309 F: 5 6 
5713 10 5753 137 F: 10 
5853 9 5871 318 F: 5 4 
5932 4 5944 258 F: 3 1 
6045 7 6073 27 F: 4 2 1 
6131 10 6161 46 F: 7 3 
6200 4 6216 245 F: 2 1 1 
6348 10 6388 126 F: 10 
6467 5 6477 289 F: 4 1 
6530 7 6551 87 F: 2 3 2 
6657 7 6671 347 F: 4 3 
6724 10 6744 335 F: 4 4 2 
6829 9 6847 68 F: 4 1 4 
6910 3 6913 235 F: 3 
7004 12 7016 219 F: 12 
7180 8 7204 154 F: 7 1 
7206 13 7232 251 F: 13 
7360 13 7412 187 F: 13 
7431 12 7479 306 F: 12 
7529 7 7543 292 F: 7 
7601 8 7625 55 F: 3 4 1 
7741 11 7752 190 F: 7 4 
7842 11 7864 105 F: 6 5 
7989 11 8011 108 F: 5 6 
8055 7 8069 141 F: 7 
8128 8 8136 115 F: 3 4 1 
8242 3 8251 145 F: 3 
8397 11 8408 322 F: 11 
8401 2 8405 180 F: 2 
8541 7 8548 388 F: 3 1 3 
8650 9 8659 287 F: 4 3 2 
8727 8 8759 173 F: 4 4 
8800 9 8818 218 F: 6 3 
8915 13 8928 301 F: 13 
9052 7 9066 286 F: 2 5 
9117 11 9139 333 F: 11 
9219 5 9229 233 F: 2 3 
9392 11 9414 258 F: 7 4 
9402 9 9429 298 F: 5 3 1 
9564 2 9568 281 F: 2 
9604 10 9644 75 F: 4 6 
9734 11 9767 56 F: 5 3 3 
9809 9 9827 246 F: 9 
9984 8 10008 341 F: 8 
10006 9 10033 56 F: 6 3 
10136 5 10141 225 F: 5 
10287 4 10299 311 F: 2 2 
10313 12 10337 382 F: 12 
10403 11 10436 319 F: 11 
10599 7 10606 167 F: 2 5 
10675 10 10705 398 F: 5 5 
10791 6 10803 174 F: 3 3 
10823 13 10875 95 F: 13 
10999 9 11035 248 F: 6 3 
11050 9 11077 111 F: 3 2 4 
11100 10 11110 119 F: 5 3 2 
11217 8 11233 396 F: 4 3 1 
11319 13 11345 169 F: 13 
11402 8 11410 158 F: 2 4 2 
11579 5 11594 267 F: 5 
11616 5 11636 173 F: 5 
11799 10 11809 129 F: 5 1 4 
11855 2 11863 161 F: 2 
11908 10 11948 171 F: 7 3 
12071 5 12091 157 F: 2 3 
12188 8 12196 337 F: 3 5 
12236 7 12264 375 F: 5 1 1 
12321 4 12337 184 F: 4 
12484 7 12498 312 F: 2 2 3 
12529 8 12553 284 F: 8 
12662 9 12671 14 F: 6 3 
12712 9 12721 106 F: 2 3 4 
12895 8 12927 254 F: 5 2 1 
12980 7 12994 137 F: 4 1 2 
13024 7 13045 331 F: 7 
13116 8 13132 43 F: 8 
13288 12 13336 370 F: 12 
13302 8 13318 343 F: 2 3 3 
13401 10 13421 54 F: 5 5 
13572 7 13586 298 F: 3 4 
13639 7 13646 143 F: 3 1 3 
13769 13 13808 32 F: 13 
13803 3 13809 12 F: 3 
13916 8 13940 312 F: 8 
14025 4 14041 163 F: 3 1 
14151 8 14159 217 F: 4 1 3 
14244 10 14284 211 F: 5 5 
14356 6 14374 112 F: 3 3 
14436 3 14442 221 F: 3 
14524 4 14528 317 F: 4 
14618 8 14642 193 F: 5 2 1 
14779 11 14790 73 F: 7 4 
14873 9 14882 196 F: 4 5 
14982 10 15002 376 F: 10 
15082 3 15094 289 F: 3 
15111 8 15143 390 F: 5 2 1 
15228 7 15235 172 F: 3 2 2 
15346 9 15382 222 F: 4 3 2 
15451 8 15467 18 F: 8 
15510 11 15554 311 F: 11 
15673 5 15693 115 F: 4 1 
15799 3 15808 26 F: 3 
15845 4 15853 313 F: 4 
15910 4 15922 158 F: 2 2 
16041 4 16053 272 F: 4 
16154 8 16170 106 F: 5 2 1 
16283 8 16307 16 F: 8 
16354 9 16390 201 F: 4 5 
16483 11 16505 8 F: 5 2 4 
16558 2 16566 170 F: 2 
16685 6 16709 326 F: 3 3 
16777 12 16789 93 F: 12 
16874 10 16904 389 F: 10 
16999 8 17031 287 F: 8 
17072 6 17084 129 F: 5 1 
17178 10 17188 111 F: 5 3 2 
17270 10 17300 226 F: 6 4 
17324 7 17352 148 F: 5 2 
17492 6 17516 390 F: 4 2 
17581 8 17613 203 F: 4 4 
17638 9 17656 201 F: 9 
17754 3 17760 278 F: 3 
17834 7 17841 223 F: 2 4 1 
17922 9 17949 313 F: 9 
18002 13 18041 252 F: 13 
18198 9 18216 116 F: 4 3 2 
18282 11 18304 38 F: 5 6 
18308 8 18324 260 F: 5 1 2 
18437 8 18445 87 F: 4 4 
18597 10 18617 256 F: 4 6 
18615 8 18647 199 F: 4 1 3 
18769 8 18777 296 F: 4 2 2 
18802 8 18818 152 F: 8 
18907 7 18935 372 F: 3 1 3 
19014 7 19042 215 F: 2 3 2 
19128 7 19135 97 F: 3 4 
19286 12 19310 304 F: 6 6 
19308 5 19313 377 F: 2 2 1 
19447 8 19455 340 F: 7 1 
19505 8 19513 77 F: 7 1 
19677 6 19683 71 F: 2 1 3 
19744 9 19771 113 F: 3 3 3 
19825 4 19829 22 F: 4 
19905 5 19920 306 F: 2 1 2 
20014 13 20027 255 F: 7 6 
20151 10 20171 150 F: 5 1 4 
20224 8 20248 378 F: 5 1 2 
20386 2 20394 270 F: 2 
20438 8 20470 42 F: 4 2 2 
20500 12 20548 124 F: 12 
20685 5 20695 232 F: 4 1 
20745 10 20765 41 F: 5 5 
20868 7 20896 97 F: 3 3 1 
20944 10 20974 8 F: 3 4 3 
21010 9 21037 330 F: 5 1 3 
21121 5 21141 339 F: 2 3 
21285 8 21317 322 F: 7 1 
21387 7 21408 333 F: 2 3 2 
21448 9 21484 66 F: 4 1 4 
21574 6 21580 237 F: 3 3 
21615 9 21633 293 F: 9 
21763 6 21781 272 F: 3 2 1 
21886 4 21890 355 F: 4 
21982 6 21994 345 F: 5 1 
22047 8 22063 175 F: 4 1 3 
22157 9 22175 159 F: 2 3 4 
22235 10 22265 278 F: 4 2 4 
22331 8 22355 126 F: 6 2 
22437 5 22447 54 F: 2 1 2 
22567 10 22577 279 F: 3 3 4 
22609 11 22653 201 F: 11 
22731 8 22739 54 F: 3 2 3 
22883 8 22915 265 F: 8 
22935 4 22943 138 F: 3 1 
23077 4 23089 50 F: 2 1 1 
23187 3 23190 362 F: 2 1 
23260 7 23274 326 F: 3 1 3 
23344 10 23384 84 F: 6 4 
23425 9 23443 129 F: 9 
23509 8 23525 305 F: 7 1 
23615 9 23624 277 F: 4 3 2 
23756 9 23774 212 F: 3 4 2 
23845 9 23881 119 F: 3 4 2 
23985 9 24003 353 F: 5 3 1 
24075 9 24111 254 F: 4 1 4 
24104 9 24131 217 F: 4 4 1 
24262 6 24286 3 F: 2 1 3 
24301 3 24307 14 F: 2 1 
24413 6 24437 205 F: 6 
24522 9 24558 144 F: 2 3 4 
24665 4 24669 305 F: 3 1 
24795 9 24813 358 F: 2 4 3 
24879 8 24911 11 F: 8 
24988 9 24997 150 F: 4 4 1 
25015 12 25027 378 F: 12 
25139 10 25179 157 F: 5 5 
25231 11 25253 328 F: 5 3 3 
25367 7 25374 176 F: 7 
25401 11 25412 38 F: 5 6 
25582 13 25621 284 F: 13 
25618 2 25626 8 F: 2 
25799 11 25832 157 F: 7 4 
25897 9 25933 225 F: 3 3 3 
25950 8 25974 297 F: 2 2 4 
26070 4 26074 59 F: 4 
26127 3 26130 213 F: 2 1 
26249 3 26261 47 F: 3 
26374 8 26382 305 F: 2 6 
26489 13 26515 82 F: 7 6 
26549 6 26555 260 F: 4 1 1 
26691 7 26698 235 F: 4 3 
26765 5 26785 94 F: 3 1 1 
26888 9 26906 334 F: 5 1 3 
26916 7 26937 101 F: 3 1 3 
27015 5 27025 201 F: 5 
27153 7 27167 327 F: 7 
27296 9 27332 36 F: 6 3 
27387 9 27405 371 F: 3 2 4 
27432 7 27439 127 F: 2 3 2 
27577 3 27583 300 F: 3 
27609 7 27623 214 F: 2 5 
27757 6 27769 257 F: 6 
27896 12 27944 200 F: 4 4 4 
27992 2 27994 105 F: 2 
28021 7 28035 334 F: 5 2 
28143 13 28182 171 F: 13 
28206 3 28215 42 F: 3 
28382 8 28390 348 F: 7 1 
28475 7 28489 182 F: 7 
28504 5 28524 109 F: 5 
28669 7 28683 173 F: 3 4 
28769 11 28791 331 F: 6 5 
28815 3 28827 85 F: 3 
28903 4 28919 149 F: 4 
29053 6 29059 100 F: 6 
29180 6 29204 379 F: 6 
29235 11 29246 7 F: 4 3 4 
29381 10 29391 131 F: 5 2 3 
29459 6 29477 272 F: 2 1 3 
29514 12 29538 256 F: 12 
29679 12 29727 80 F: 12 
29725 7 29739 56 F: 4 1 2 
29855 11 29877 51 F: 7 4 
29974 10 29984 76 F: 10 
30069 9 30096 305 F: 4 5 
30145 5 30165 132 F: 2 2 1 
30298 9 30316 129 F: 4 5 
30361 6 30379 182 F: 6 
30477 5 30482 381 F: 2 2 1 
30539 11 30550 93 F: 11 
30689 12 30713 339 F: 12 
30797 9 30833 322 F: 4 4 1 
30818 8 30850 27 F: 3 5 
30985 9 30994 161 F: 3 4 2 
31050 7 31057 178 F: 6 1 
31131 7 31145 164 F: 2 2 3 
31205 9 31241 262 F: 9 
31356 8 31372 375 F: 4 3 1 
31458 9 31467 256 F: 3 2 4 
31506 9 31524 29 F: 3 3 3 
31666 13 31679 16 F: 13 
31723 9 31759 187 F: 4 5 
31819 8 31827 40 F: 2 4 2 
31935 10 31965 117 F: 4 6 
32030 6 32036 59 F: 5 1 
32179 6 32197 82 F: 6 
32253 9 32289 249 F: 4 2 3 
32397 7 32404 233 F: 3 4 
32463 7 32470 14 F: 2 4 1 
32560 8 32576 318 F: 3 3 2 
32620 11 32664 48 F: 11 
32733 12 32745 38 F: 4 4 4 
32839 4 32855 51 F: 3 1 
32913 10 32923 91 F: 6 4 
33000 9 33027 352 F: 3 6 
33151 4 33155 320 F: 4 
33205 8 33213 87 F: 2 6 
33303 8 33327 279 F: 5 3 
33494 6 33518 91 F: 6 
33546 7 33567 257 F: 6 1 
33628 8 33644 399 F: 5 2 1 
33701 2 33705 246 F: 2 
33820 9 33838 15 F: 3 2 4 
33910 12 33958 143 F: 6 6 
34008 11 34030 143 F: 6 5 
34130 7 34137 248 F: 7 
34223 6 34235 369 F: 4 2 
34369 7 34390 248 F: 4 2 1 
34487 8 34503 364 F: 4 4 
34512 10 34532 40 F: 3 4 3 
34629 9 34656 319 F: 4 5 
34735 6 34753 377 F: 2 4 
34868 7 34875 18 F: 3 2 2 
34915 5 34935 332 F: 2 2 1 
35035 11 35057 178 F: 11 
35176 9 35212 230 F: 9 
35209 10 35229 188 F: 4 4 2 
35300 8 35316 340 F: 2 6 
35433 8 35457 395 F: 8 
35527 10 35537 248 F: 10 
35606 11 35628 235 F: 11 
35783 5 35798 78 F: 5 
35870 10 35890 267 F: 10 
35908 5 35928 334 F: 5 
36067 8 36083 358 F: 4 4 
36164 11 36197 40 F: 4 4 3 
36227 11 36238 395 F: 6 5 
36355 9 36364 208 F: 7 2 
36445 2 36451 360 F: 2 
36544 6 36568 213 F: 3 2 1 
36635 6 36647 135 F: 2 2 2 
36704 8 36720 87 F: 3 1 4 
36895 9 36913 160 F: 9 
36964 8 36972 376 F: 4 2 2 
37039 8 37055 309 F: 4 3 1 
37183 10 37213 164 F: 4 2 4 
37249 11 37271 176 F: 11 
37332 7 37346 387 F: 2 3 2 
37418 6 37436 176 F: 2 4 
37535 11 37557 295 F: 5 6 
37652 7 37659 7 F: 2 3 2 
37704 6 37722 19 F: 4 2 
37868 4 37880 398 F: 4 
37937 4 37945 283 F: 2 2 
38011 12 38059 260 F: 12 
38151 8 38167 19 F: 2 6 
38241 5 38256 198 F: 4 1 
38336 10 38356 274 F: 5 2 3 
38413 10 38443 177 F: 5 4 1 
38529 13 38542 154 F: 13 
38690 7 38697 183 F: 2 5 
38779 8 38803 6 F: 3 5 
38890 10 38900 121 F: 10 
38902 7 38923 113 F: 3 4 
39098 8 39122 351 F: 8 
39136 8 39160 134 F: 8 
39242 7 39256 115 F: 2 5 
39377 13 39429 276 F: 5 4 4 
39490 6 39514 70 F: 2 2 2 
39561 4 39565 10 F: 2 2 
39600 7 39607 328 F: 5 2 
39759 9 39795 300 F: 4 5 
39840 8 39872 32 F: 4 3 1 
39907 9 39934 241 F: 2 4 3 
D: 4 25 
D: 5 43 
D: 9 283 
D: 10 269 
D: 10 382 
D: 11 214 
D: 14 49 
D: 20 308 
D: 24 56 
D: 26 190 
D: 31 82 
D: 36 118 
D: 37 168 
D: 70 238 
D: 70 265 
D: 75 84 
D: 87 239 
D: 91 123 
D: 97 196 
D: 98 372 
D: 99 127 
D: 101 142 
D: 111 250 
D: 115 327 
D: 122 203 
D: 155 164 
D: 155 384 
D: 158 202 
D: 164 274 
D: 173 302 
D: 188 276 
D: 191 337 
D: 214 290 
D: 234 293 
D: 248 251 
D: 262 370 
D: 276 291 
D: 281 394 
D: 287 393 
D: 306 355 
