11 10 51 123 F: 10 
192 10 232 75 F: 5 1 4 
208 6 214 332 F: 2 3 1 
305 7 326 172 F: 4 3 
469 10 509 164 F: 5 3 2 
565 12 601 36 F: 12 
669 9 705 8 F: 3 2 4 
737 4 749 316 F: 3 1 
840 13 866 132 F: 13 
949 11 960 205 F: 4 3 4 
1094 8 1110 152 F: 2 6 
1184 7 1205 114 F: 5 2 
1213 9 1222 228 F: 5 2 2 
1390 8 1422 91 F: 8 
1471 8 1479 32 F: 5 3 
1578 5 1598 93 F: 3 2 
1642 5 1647 365 F: 4 1 
1735 10 1745 235 F: 10 
1803 10 1823 9 F: 4 2 4 
1956 7 1970 389 F: 7 
2046 7 2067 193 F: 7 
2144 3 2156 221 F: 3 
2247 10 2267 276 F: 10 
2314 8 2346 108 F: 8 
2420 6 2432 39 F: 2 1 3 
2539 2 2543 278 F: 2 
2691 9 2718 322 F: 9 
2785 8 2817 118 F: 8 
2841 3 2847 266 F: 3 
2998 2 3006 211 F: 2 
3006 10 3026 372 F: 3 4 3 
3106 7 3127 271 F: 4 2 1 
3270 7 3298 203 F: 3 3 1 
3307 10 3347 257 F: 10 
3451 8 3483 311 F: 2 6 
3503 3 3512 362 F: 3 
3622 6 3634 395 F: 3 3 
3710 11 3754 286 F: 11 
3881 10 3911 40 F: 3 3 4 
3994 10 4034 10 F: 4 4 2 
4067 9 4094 110 F: 9 
4158 8 4182 124 F: 7 1 
4261 8 4293 150 F: 5 3 
4393 12 4441 387 F: 12 
4483 12 4507 333 F: 4 4 4 
4519 9 4546 343 F: 3 6 
4638 7 4659 391 F: 3 4 
4714 3 4726 138 F: 3 
4859 6 4871 383 F: 6 
4940 2 4948 184 F: 2 
5030 8 5046 267 F: 2 2 4 
5179 7 5186 305 F: 3 3 1 
5246 6 5270 352 F: 2 2 2 
5349 11 5371 22 F: 5 6 
5406 11 5428 360 F: 11 
5558 7 5586 210 F: 7 
5624 10 5644 33 F: 5 5 
5775 8 5791 379 F: 8 
5846 10 5876 391 F: 2 4 4 
5961 8 5993 389 F: 2 4 2 
6003 7 6010 295 F: 3 4 
6154 7 6161 353 F: 7 
6226 8 6234 81 F: 4 4 
6384 8 6392 99 F: 8 
6428 9 6455 11 F: 4 2 3 
6542 8 6558 237 F: 5 3 
6655 6 6667 226 F: 5 1 
6718 9 6736 379 F: 4 2 3 
6820 5 6835 69 F: 2 1 2 
6946 11 6979 217 F: 3 4 4 
7019 4 7023 97 F: 4 
7123 2 7131 44 F: 2 
7284 11 7317 216 F: 7 4 
7348 10 7378 188 F: 4 3 3 
7447 6 7465 314 F: 2 4 
7503 10 7513 62 F: 5 2 3 
7696 6 7702 177 F: 2 2 2 
7735 8 7751 136 F: 5 3 
7848 13 7874 73 F: 13 
7944 12 7980 389 F: 5 4 3 
8029 5 8034 67 F: 5 
8177 6 8201 187 F: 3 2 1 
8277 9 8295 175 F: 4 5 
8378 10 8418 69 F: 6 4 
8488 3 8497 215 F: 3 
8557 11 8568 193 F: 11 
8652 5 8657 44 F: 5 
8733 6 8739 273 F: 2 2 2 
8883 12 8931 124 F: 5 4 3 
8957 8 8989 294 F: 3 2 3 
9014 9 9050 337 F: 3 4 2 
9193 11 9204 115 F: 4 4 3 
9295 9 9322 27 F: 4 1 4 
9352 8 9368 45 F: 3 1 4 
9471 7 9485 104 F: 3 1 3 
9583 6 9589 252 F: 6 
9628 13 9641 225 F: 5 4 4 
9743 7 9771 5 F: 2 5 
9864 3 9873 394 F: 3 
9989 10 10009 251 F: 3 3 4 
10067 11 10111 89 F: 5 4 2 
10155 6 10167 321 F: 2 2 2 
10233 8 10241 59 F: 8 
10310 11 10321 15 F: 7 4 
10464 10 10474 48 F: 7 3 
10585 10 10625 275 F: 4 6 
10627 9 10636 122 F: 4 2 3 
10757 5 10777 285 F: 2 2 1 
10849 7 10877 203 F: 6 1 
10975 2 10977 273 F: 2 
11052 4 11068 239 F: 4 
11150 11 11172 211 F: 4 4 3 
11285 3 11288 268 F: 2 1 
11392 12 11440 91 F: 12 
11438 9 11474 97 F: 3 3 3 
11514 7 11521 83 F: 5 2 
11686 6 11710 229 F: 3 3 
11781 8 11805 383 F: 7 1 
11831 10 11841 138 F: 4 4 2 
11981 8 12005 144 F: 4 4 
12073 4 12089 101 F: 4 
12161 5 12166 98 F: 5 
12275 4 12287 155 F: 2 1 1 
12377 11 12421 3 F: 5 2 4 
12493 7 12514 69 F: 3 3 1 
12532 7 12560 137 F: 2 2 3 
12677 9 12686 245 F: 6 3 
12750 6 12774 186 F: 3 1 2 
12881 5 12896 17 F: 3 1 1 
12984 12 13032 345 F: 12 
13088 8 13096 228 F: 2 4 2 
13193 2 13201 16 F: 2 
13231 10 13241 163 F: 5 1 4 
13309 7 13316 77 F: 6 1 
13488 13 13540 179 F: 13 
13563 10 13593 231 F: 3 3 4 
13697 4 13709 233 F: 4 
13758 8 13774 131 F: 3 1 4 
13802 13 13815 78 F: 13 
13970 13 13996 91 F: 13 
14061 4 14073 364 F: 2 2 
14198 7 14226 250 F: 2 3 2 
14250 7 14278 254 F: 4 2 1 
14317 9 14335 140 F: 7 2 
14476 12 14512 119 F: 12 
14559 10 14569 262 F: 5 5 
14650 8 14674 126 F: 5 1 2 
14770 10 14780 12 F: 4 2 4 
14883 4 14891 63 F: 2 1 1 
14909 9 14918 60 F: 6 3 
15082 11 15115 6 F: 11 
15103 5 15108 226 F: 3 2 
15244 12 15256 176 F: 12 
15398 11 15409 239 F: 5 6 
15458 10 15498 139 F: 7 3 
15578 7 15599 361 F: 6 1 
15687 10 15717 33 F: 5 2 3 
15773 12 15809 171 F: 12 
15818 7 15825 177 F: 7 
15950 5 15960 261 F: 5 
16048 5 16053 313 F: 2 3 
16125 6 16149 211 F: 3 3 
16202 6 16208 206 F: 2 1 3 
16315 10 16345 230 F: 10 
16465 8 16481 314 F: 4 3 1 
16546 9 16573 124 F: 7 2 
16681 11 16725 313 F: 7 4 
16755 10 16765 319 F: 5 2 3 
16878 5 16883 338 F: 3 1 1 
16918 5 16923 197 F: 2 3 
17090 10 17100 104 F: 5 5 
17161 7 17168 321 F: 6 1 
17290 6 17308 188 F: 3 1 2 
17360 6 17366 357 F: 6 
17448 9 17475 193 F: 9 
17542 5 17557 312 F: 2 3 
17641 9 17650 357 F: 3 4 2 
17736 6 17754 310 F: 2 2 2 
17849 9 17858 110 F: 9 
17903 4 17911 314 F: 4 
18041 4 18049 125 F: 2 2 
18194 11 18216 185 F: 5 3 3 
18279 10 18309 351 F: 5 3 2 
18348 8 18372 215 F: 2 3 3 
18470 9 18497 341 F: 3 6 
18551 13 18577 390 F: 13 
18665 6 18677 94 F: 2 2 2 
18739 11 18772 169 F: 11 
18897 9 18924 361 F: 7 2 
18975 6 18999 298 F: 6 
19048 11 19059 325 F: 4 3 4 
19184 10 19224 56 F: 3 3 4 
19266 11 19299 251 F: 6 5 
19302 2 19304 115 F: 2 
19445 11 19467 220 F: 5 3 3 
19594 8 19626 203 F: 2 6 
19686 4 19690 364 F: 4 
19759 8 19767 244 F: 3 4 1 
19850 8 19874 169 F: 8 
19999 6 20011 85 F: 6 
20051 10 20061 95 F: 10 
20170 6 20176 373 F: 2 1 3 
20249 4 20257 62 F: 4 
20388 9 20406 118 F: 5 2 2 
20434 5 20439 325 F: 5 
20572 7 20579 147 F: 6 1 
20610 3 20616 135 F: 2 1 
20744 8 20776 260 F: 3 5 
20805 11 20838 325 F: 5 4 2 
20976 2 20980 241 F: 2 
21059 6 21065 339 F: 6 
21155 12 21167 173 F: 6 6 
21257 11 21301 303 F: 11 
21368 11 21401 65 F: 11 
21472 8 21504 164 F: 5 2 1 
21591 8 21615 17 F: 6 2 
21638 8 21646 349 F: 4 2 2 
21732 8 21740 166 F: 4 2 2 
21809 6 21833 26 F: 6 
21924 10 21964 149 F: 6 4 
22059 2 22063 217 F: 2 
22149 7 22156 297 F: 2 2 3 
22255 11 22288 137 F: 4 3 4 
22319 5 22339 135 F: 3 2 
22407 7 22414 111 F: 2 3 2 
22568 8 22576 394 F: 8 
22646 11 22668 269 F: 11 
22750 10 22770 78 F: 10 
22830 6 22854 293 F: 3 3 
22926 8 22942 4 F: 2 4 2 
23074 7 23095 338 F: 5 2 
23135 5 23145 248 F: 5 
23271 12 23283 102 F: 12 
23317 7 23331 188 F: 3 4 
23474 9 23510 139 F: 2 3 4 
23596 7 23610 78 F: 5 2 
23658 10 23688 164 F: 10 
23722 10 23732 322 F: 4 4 2 
23848 13 23900 134 F: 7 6 
23950 10 23960 64 F: 10 
24071 8 24095 325 F: 4 4 
24152 4 24160 227 F: 3 1 
24297 8 24305 391 F: 3 5 
24364 9 24373 268 F: 3 6 
24454 8 24486 170 F: 5 3 
24559 7 24587 304 F: 4 1 2 
24666 5 24681 281 F: 5 
24721 13 24747 79 F: 5 4 4 
24844 8 24876 279 F: 6 2 
24965 9 24992 370 F: 9 
25060 8 25092 16 F: 3 3 2 
25116 9 25125 346 F: 2 4 3 
25265 10 25275 158 F: 4 2 4 
25338 2 25346 43 F: 2 
25462 7 25490 146 F: 5 1 1 
25518 11 25540 91 F: 11 
25693 5 25698 183 F: 4 1 
25792 7 25813 308 F: 3 4 
25877 4 25881 91 F: 4 
25942 11 25964 53 F: 4 3 4 
26033 12 26045 142 F: 6 6 
26192 9 26228 3 F: 3 6 
26227 2 26233 343 F: 2 
26350 12 26374 150 F: 5 4 3 
26442 12 26490 271 F: 12 
26589 10 26599 107 F: 4 4 2 
26624 9 26660 221 F: 3 6 
26781 11 26825 372 F: 11 
26841 5 26846 114 F: 2 2 1 
26971 12 27007 233 F: 12 
27033 10 27043 251 F: 5 2 3 
27198 8 27206 375 F: 8 
27231 11 27253 250 F: 7 4 
27324 7 27352 339 F: 3 4 
27403 11 27436 2 F: 7 4 
27517 8 27549 237 F: 3 2 3 
27680 10 27710 150 F: 10 
27705 10 27725 129 F: 10 
27841 5 27851 216 F: 3 1 1 
27960 11 27982 118 F: 5 4 2 
28026 13 28039 244 F: 7 6 
28160 6 28166 383 F: 6 
28291 8 28299 105 F: 5 3 
28373 10 28403 110 F: 4 6 
28460 6 28466 299 F: 6 
28592 12 28628 86 F: 4 4 4 
28673 6 28685 179 F: 3 3 
28767 10 28797 190 F: 4 3 3 
28826 7 28847 305 F: 5 1 1 
28947 11 28980 26 F: 4 3 4 
29043 8 29051 275 F: 4 4 
29131 4 29139 334 F: 2 2 
29258 7 29279 24 F: 7 
29369 6 29393 367 F: 6 
29409 12 29421 194 F: 7 5 
29599 11 29610 68 F: 4 3 4 
29626 12 29662 144 F: 7 5 
29710 7 29717 140 F: 7 
29899 2 29907 22 F: 2 
29966 9 30002 6 F: 7 2 
30008 10 30028 328 F: 10 
30155 6 30173 204 F: 6 
30257 5 30262 110 F: 2 2 1 
30327 10 30337 129 F: 7 3 
30484 3 30496 178 F: 3 
30567 4 30583 291 F: 4 
30696 11 30718 291 F: 5 2 4 
30708 5 30713 196 F: 5 
30888 8 30912 234 F: 2 3 3 
30916 5 30931 291 F: 5 
31038 8 31070 227 F: 8 
31182 11 31204 369 F: 5 6 
31263 5 31283 291 F: 4 1 
31336 8 31368 43 F: 2 2 4 
31493 2 31499 391 F: 2 
31553 10 31583 357 F: 3 4 3 
31679 6 31685 243 F: 4 2 
31708 4 31724 210 F: 4 
31897 8 31905 325 F: 8 
31994 7 32001 11 F: 7 
32037 8 32045 76 F: 5 3 
32122 10 32162 67 F: 7 3 
32235 11 32246 189 F: 11 
32315 8 32323 240 F: 2 4 2 
32401 6 32413 297 F: 6 
32599 8 32631 15 F: 3 3 2 
32631 3 32640 248 F: 3 
32767 7 32788 336 F: 2 5 
32877 6 32895 301 F: 2 4 
32917 7 32945 318 F: 3 1 3 
33066 7 33087 259 F: 2 5 
33176 7 33197 393 F: 7 
33271 7 33299 308 F: 7 
33300 5 33310 80 F: 2 3 
33479 9 33488 296 F: 3 6 
33539 12 33575 4 F: 7 5 
33618 7 33646 171 F: 3 4 
33705 8 33713 270 F: 3 3 2 
33852 5 33867 164 F: 2 3 
33914 11 33936 98 F: 11 
34039 10 34079 36 F: 3 3 4 
34111 9 34147 211 F: 9 
34235 12 34283 17 F: 6 6 
34339 4 34347 360 F: 2 2 
34409 3 34418 132 F: 3 
34538 8 34562 307 F: 7 1 
34659 6 34677 62 F: 6 
34738 6 34750 103 F: 4 1 1 
34802 13 34828 19 F: 13 
34968 9 34995 348 F: 5 3 1 
35035 7 35049 259 F: 7 
35165 11 35176 300 F: 6 5 
35220 11 35264 265 F: 5 2 4 
35357 5 35362 361 F: 4 1 
35451 10 35471 334 F: 4 2 4 
35587 8 35611 291 F: 5 3 
35607 13 35633 297 F: 7 6 
35762 11 35806 372 F: 6 5 
35875 10 35895 130 F: 10 
35942 12 35990 326 F: 7 5 
36005 9 36032 303 F: 7 2 
36180 6 36198 111 F: 2 4 
36228 6 36252 352 F: 6 
36369 6 36381 147 F: 2 4 
36423 2 36431 272 F: 2 
36599 5 36614 96 F: 5 
36679 8 36687 383 F: 3 5 
36747 2 36755 202 F: 2 
36889 7 36896 254 F: 4 1 2 
36959 8 36967 361 F: 8 
37090 5 37110 86 F: 5 
37130 10 37150 92 F: 10 
37259 9 37268 392 F: 4 5 
37398 8 37406 348 F: 8 
37487 9 37496 71 F: 2 3 4 
37522 8 37538 331 F: 8 
37612 9 37648 393 F: 2 4 3 
37775 12 37811 87 F: 12 
37842 12 37854 268 F: 7 5 
37974 8 38006 187 F: 2 2 4 
38014 9 38050 5 F: 5 1 3 
38116 6 38122 57 F: 3 3 
38270 7 38298 32 F: 4 3 
38385 7 38399 144 F: 4 2 1 
38445 7 38452 134 F: 4 3 
38518 11 38562 197 F: 5 2 4 
38671 13 38723 213 F: 13 
38723 6 38741 41 F: 3 3 
38877 9 38895 191 F: 5 2 2 
38912 7 38933 336 F: 7 
39035 7 39063 97 F: 6 1 
39169 9 39196 353 F: 9 
39288 3 39297 19 F: 3 
39337 8 39369 84 F: 2 2 4 
39440 11 39484 125 F: 5 6 
39523 8 39531 199 F: 8 
39668 7 39689 23 F: 3 4 
39793 6 39805 234 F: 4 1 1 
39806 12 39854 118 F: 12 
39947 10 39967 10 F: 4 4 2 
D: 12 219 
D: 15 344 
D: 17 312 
D: 38 264 
D: 45 221 
D: 50 328 
D: 54 357 
D: 56 100 
D: 62 134 
D: 67 110 
D: 73 104 
D: 77 311 
D: 82 255 
D: 92 297 
D: 95 299 
D: 104 114 
D: 106 375 
D: 108 214 
D: 115 151 
D: 117 343 
D: 132 254 
D: 140 148 
D: 154 261 
D: 157 192 
D: 164 168 
D: 169 272 
D: 172 362 
D: 178 254 
D: 181 226 
D: 189 226 
D: 190 328 
D: 205 260 
D: 208 244 
D: 230 361 
D: 255 346 
D: 259 325 
D: 262 373 
D: 279 317 
D: 319 338 
D: 343 361 
