86 5 91 138 F: 5 
150 9 186 241 F: 9 
242 12 254 229 F: 5 3 4 
343 10 383 174 F: 10 
404 9 440 246 F: 3 4 2 
553 5 558 393 F: 3 2 
654 9 663 120 F: 5 2 2 
727 9 736 294 F: 9 
811 11 822 281 F: 11 
968 5 973 29 F: 2 2 1 
1049 3 1052 8 F: 3 
1145 10 1165 329 F: 5 1 4 
1274 6 1298 267 F: 6 
1340 7 1354 304 F: 6 1 
1496 2 1500 56 F: 2 
1533 4 1545 294 F: 4 
1649 9 1667 55 F: 4 1 4 
1781 9 1817 103 F: 3 6 
1843 3 1852 368 F: 3 
1985 10 2025 56 F: 5 5 
2056 13 2069 336 F: 13 
2191 7 2198 219 F: 2 1 4 
2216 10 2226 161 F: 5 4 1 
2315 2 2319 352 F: 2 
2448 4 2460 306 F: 4 
2589 9 2616 199 F: 9 
2603 6 2621 12 F: 5 1 
2757 8 2765 197 F: 4 1 3 
2846 10 2876 271 F: 4 2 4 
2966 6 2984 312 F: 2 1 3 
3012 8 3028 382 F: 3 5 
3144 7 3172 165 F: 5 1 1 
3217 7 3245 358 F: 2 3 2 
3377 8 3401 323 F: 3 5 
3409 9 3436 232 F: 9 
3554 9 3590 195 F: 7 2 
3694 5 3699 373 F: 3 2 
3723 4 3727 192 F: 3 1 
3810 5 3815 281 F: 5 
3991 7 4005 210 F: 7 
4087 10 4117 197 F: 10 
4166 9 4175 185 F: 4 4 1 
4203 2 4209 234 F: 2 
4347 10 4357 301 F: 2 4 4 
4402 10 4412 347 F: 10 
4509 7 4516 248 F: 2 5 
4645 9 4672 82 F: 4 2 3 
4749 2 4755 218 F: 2 
4853 13 4879 59 F: 13 
4965 10 5005 320 F: 10 
5052 12 5064 195 F: 5 3 4 
5134 7 5148 102 F: 6 1 
5223 9 5250 213 F: 4 3 2 
5385 12 5409 137 F: 6 6 
5474 9 5510 332 F: 5 1 3 
5511 6 5523 177 F: 3 3 
5695 9 5713 181 F: 9 
5751 10 5781 34 F: 10 
5898 8 5930 339 F: 8 
5999 6 6005 245 F: 2 1 3 
6051 8 6083 155 F: 8 
6153 10 6173 240 F: 5 1 4 
6241 5 6256 288 F: 2 3 
6346 8 6354 108 F: 7 1 
6451 11 6484 58 F: 11 
6505 6 6517 27 F: 2 2 2 
6623 9 6650 256 F: 3 6 
6765 2 6767 80 F: 2 
6829 8 6837 160 F: 3 5 
6905 8 6913 359 F: 2 3 3 
7064 3 7073 143 F: 3 
7102 5 7107 9 F: 2 3 
7212 11 7234 399 F: 5 6 
7389 13 7415 292 F: 13 
7483 6 7489 22 F: 6 
7555 5 7565 101 F: 5 
7629 9 7647 116 F: 4 4 1 
7764 10 7804 304 F: 6 4 
7873 9 7891 92 F: 4 3 2 
7971 6 7983 214 F: 6 
8096 8 8112 153 F: 8 
8149 9 8158 135 F: 4 2 3 
8216 2 8220 304 F: 2 
8362 9 8398 269 F: 4 1 4 
8452 8 8484 110 F: 3 3 2 
8522 11 8555 98 F: 5 6 
8608 9 8644 229 F: 7 2 
8792 10 8812 265 F: 4 2 4 
8841 10 8881 18 F: 5 3 2 
8954 13 8993 260 F: 13 
9085 11 9096 307 F: 11 
9111 8 9143 80 F: 3 2 3 
9222 6 9228 287 F: 2 4 
9310 8 9342 107 F: 2 2 4 
9417 2 9423 76 F: 2 
9560 7 9567 47 F: 6 1 
9620 6 9638 95 F: 3 2 1 
9738 3 9741 320 F: 3 
9878 8 9886 11 F: 3 2 3 
9918 12 9930 187 F: 5 4 3 
10048 11 10059 186 F: 4 3 4 
10109 8 10141 254 F: 5 1 2 
10289 5 10304 379 F: 2 1 2 
10362 11 10406 368 F: 11 
10499 11 10510 17 F: 5 6 
10576 10 10586 361 F: 10 
10637 13 10650 71 F: 13 
10713 5 10728 207 F: 3 2 
10801 10 10821 218 F: 2 4 4 
10917 12 10953 279 F: 7 5 
11008 6 11014 113 F: 6 
11155 9 11164 295 F: 3 6 
11213 9 11240 332 F: 4 1 4 
11389 5 11394 199 F: 3 2 
11480 4 11492 358 F: 4 
11571 10 11601 71 F: 4 6 
11621 10 11641 116 F: 4 3 3 
11739 6 11763 241 F: 2 1 3 
11820 9 11847 12 F: 9 
11957 10 11977 174 F: 2 4 4 
12022 8 12030 388 F: 6 2 
12103 7 12131 100 F: 2 2 3 
12241 6 12259 339 F: 4 2 
12349 7 12363 27 F: 2 2 3 
12461 5 12466 244 F: 3 1 1 
12595 8 12627 151 F: 5 3 
12616 7 12637 130 F: 7 
12747 2 12749 197 F: 2 
12861 8 12877 395 F: 4 2 2 
12942 13 12981 29 F: 13 
13091 7 13119 161 F: 2 5 
13180 5 13190 17 F: 5 
13292 7 13306 1 F: 7 
13394 12 13406 254 F: 5 3 4 
13483 9 13492 398 F: 4 4 1 
13510 8 13518 241 F: 8 
13625 8 13633 355 F: 4 1 3 
13772 8 13796 395 F: 4 3 1 
13836 2 13840 300 F: 2 
13964 8 13972 31 F: 8 
14059 6 14071 282 F: 3 3 
14147 9 14174 236 F: 9 
14208 6 14220 87 F: 5 1 
14354 10 14384 335 F: 5 4 1 
14481 10 14501 286 F: 5 3 2 
14578 9 14587 280 F: 4 2 3 
14651 7 14679 336 F: 3 3 1 
14776 5 14786 17 F: 2 2 1 
14885 4 14893 25 F: 4 
14903 9 14939 288 F: 4 4 1 
15034 7 15041 90 F: 7 
15149 7 15156 246 F: 4 2 1 
15261 6 15267 20 F: 6 
15344 11 15366 36 F: 7 4 
15488 6 15512 193 F: 4 2 
15512 10 15532 164 F: 10 
15610 12 15658 151 F: 12 
15711 8 15727 329 F: 6 2 
15830 10 15860 337 F: 6 4 
15927 9 15945 386 F: 5 4 
16093 13 16106 250 F: 13 
16128 8 16152 152 F: 8 
16218 11 16251 31 F: 11 
16384 12 16396 23 F: 12 
16400 12 16436 53 F: 12 
16567 11 16600 174 F: 5 6 
16681 12 16717 142 F: 6 6 
16735 4 16739 273 F: 4 
16827 9 16845 255 F: 3 6 
16931 10 16941 293 F: 5 5 
17055 9 17064 77 F: 4 1 4 
17121 9 17157 147 F: 3 4 2 
17297 12 17333 26 F: 6 6 
17380 9 17407 231 F: 2 4 3 
17436 11 17469 284 F: 11 
17514 9 17523 210 F: 9 
17674 12 17722 213 F: 12 
17720 6 17744 213 F: 3 1 2 
17863 8 17879 189 F: 4 1 3 
17949 3 17958 327 F: 3 
18065 10 18105 301 F: 10 
18195 11 18206 241 F: 5 6 
18284 10 18304 287 F: 4 2 4 
18375 6 18393 194 F: 2 4 
18479 11 18512 160 F: 7 4 
18577 8 18585 58 F: 3 2 3 
18607 5 18622 234 F: 5 
18748 10 18758 149 F: 5 4 1 
18804 11 18848 356 F: 11 
18918 12 18930 158 F: 5 4 3 
19002 7 19023 308 F: 2 2 3 
19148 7 19162 75 F: 4 2 1 
19201 8 19217 389 F: 3 5 
19302 5 19312 310 F: 5 
19486 10 19506 240 F: 6 4 
19527 12 19539 329 F: 5 4 3 
19608 4 19624 167 F: 4 
19756 7 19784 324 F: 3 1 3 
19804 7 19832 200 F: 6 1 
19942 10 19962 256 F: 4 6 
20054 6 20060 246 F: 5 1 
20120 6 20144 198 F: 6 
20204 6 20216 210 F: 5 1 
20322 9 20358 360 F: 6 3 
20484 9 20511 371 F: 3 3 3 
20569 7 20590 303 F: 5 2 
20610 6 20616 173 F: 3 3 
20763 9 20790 257 F: 4 3 2 
20866 5 20876 198 F: 5 
20929 10 20959 8 F: 5 5 
21008 13 21034 104 F: 7 6 
21146 10 21176 267 F: 10 
21272 8 21296 120 F: 8 
21338 13 21351 225 F: 13 
21424 8 21440 22 F: 5 3 
21589 4 21593 354 F: 4 
21610 9 21637 303 F: 4 3 2 
21733 13 21746 385 F: 7 6 
21806 8 21838 177 F: 8 
21971 9 21980 386 F: 4 1 4 
22097 9 22106 395 F: 4 4 1 
22104 11 22115 256 F: 4 4 3 
22244 8 22260 146 F: 6 2 
22336 6 22348 215 F: 2 4 
22411 10 22451 181 F: 7 3 
22528 4 22544 74 F: 4 
22659 7 22687 395 F: 2 5 
22703 7 22710 382 F: 2 3 2 
22861 4 22877 161 F: 4 
22927 5 22932 263 F: 5 
23007 11 23040 207 F: 4 3 4 
23159 8 23191 22 F: 7 1 
23245 7 23259 158 F: 5 1 1 
23348 13 23361 364 F: 13 
23417 6 23441 169 F: 2 2 2 
23543 11 23554 257 F: 6 5 
23633 5 23643 115 F: 2 1 2 
23748 3 23760 175 F: 3 
23891 9 23900 365 F: 9 
23901 11 23934 21 F: 3 4 4 
24091 8 24107 56 F: 3 5 
24167 7 24174 121 F: 7 
24297 6 24315 81 F: 4 1 1 
24354 12 24378 379 F: 4 4 4 
24435 8 24451 152 F: 2 6 
24592 10 24632 26 F: 3 3 4 
24625 6 24649 343 F: 6 
24717 11 24761 379 F: 5 4 2 
24826 9 24844 66 F: 4 2 3 
24978 7 25006 81 F: 6 1 
25083 10 25113 129 F: 5 1 4 
25139 7 25160 33 F: 7 
25290 11 25334 18 F: 5 2 4 
25358 8 25390 274 F: 4 4 
25419 7 25433 101 F: 7 
25573 9 25591 200 F: 3 2 4 
25698 13 25737 320 F: 13 
25745 10 25785 211 F: 10 
25818 8 25826 395 F: 4 2 2 
25943 10 25963 371 F: 6 4 
26024 5 26034 394 F: 2 3 
26115 3 26124 357 F: 3 
26285 5 26300 248 F: 4 1 
26353 9 26380 27 F: 5 4 
26425 11 26447 274 F: 11 
26512 5 26527 66 F: 2 1 2 
26664 3 26676 271 F: 3 
26794 11 26805 35 F: 11 
26879 11 26923 166 F: 11 
26958 12 26982 312 F: 5 4 3 
27056 7 27077 128 F: 3 4 
27193 11 27215 371 F: 11 
27201 6 27225 204 F: 4 2 
27348 9 27375 354 F: 2 4 3 
27470 11 27503 114 F: 7 4 
27522 12 27570 34 F: 12 
27655 7 27683 133 F: 7 
27763 10 27783 170 F: 5 2 3 
27838 6 27844 96 F: 4 1 1 
27954 6 27972 255 F: 4 1 1 
28053 8 28077 135 F: 2 4 2 
28127 9 28145 368 F: 3 2 4 
28271 5 28291 375 F: 2 2 1 
28360 4 28376 255 F: 2 2 
28495 10 28515 389 F: 10 
28584 8 28600 77 F: 4 3 1 
28610 11 28632 265 F: 11 
28713 6 28719 11 F: 4 2 
28892 9 28910 267 F: 3 2 4 
28951 10 28981 118 F: 5 1 4 
29080 12 29128 298 F: 6 6 
29115 9 29151 132 F: 4 5 
29241 9 29250 103 F: 5 4 
29305 9 29314 138 F: 3 6 
29411 9 29420 112 F: 9 
29544 9 29580 379 F: 9 
29697 8 29729 53 F: 3 3 2 
29729 9 29747 310 F: 5 1 3 
29863 12 29899 312 F: 12 
29926 2 29932 232 F: 2 
30061 5 30081 183 F: 5 
30145 8 30161 269 F: 8 
30260 10 30290 381 F: 5 5 
30338 10 30368 368 F: 5 5 
30480 4 30492 367 F: 3 1 
30525 8 30549 247 F: 5 3 
30661 7 30668 220 F: 4 3 
30726 9 30735 47 F: 7 2 
30800 9 30809 330 F: 9 
30924 7 30938 160 F: 6 1 
31069 5 31074 16 F: 3 2 
31190 8 31214 388 F: 6 2 
31257 6 31263 34 F: 5 1 
31304 5 31314 320 F: 3 2 
31453 4 31457 281 F: 4 
31550 7 31578 279 F: 7 
31661 8 31677 297 F: 5 3 
31734 4 31750 95 F: 4 
31867 13 31880 47 F: 7 6 
31998 8 32014 18 F: 4 1 3 
32062 9 32080 323 F: 5 2 2 
32151 12 32187 315 F: 12 
32285 6 32309 145 F: 5 1 
32306 5 32326 144 F: 2 1 2 
32498 9 32507 199 F: 6 3 
32566 10 32586 255 F: 6 4 
32659 7 32680 150 F: 7 
32728 8 32744 326 F: 2 6 
32841 9 32877 52 F: 6 3 
32965 7 32993 362 F: 3 2 2 
33067 10 33097 316 F: 4 3 3 
33108 10 33118 221 F: 4 6 
33269 8 33301 29 F: 5 2 1 
33355 8 33379 171 F: 3 3 2 
33432 7 33453 361 F: 7 
33508 7 33536 356 F: 2 3 2 
33622 9 33658 201 F: 5 1 3 
33750 12 33774 132 F: 12 
33839 3 33845 167 F: 3 
33931 6 33949 353 F: 5 1 
34034 3 34043 70 F: 2 1 
34139 10 34169 361 F: 6 4 
34268 7 34289 282 F: 4 1 2 
34308 8 34332 22 F: 4 4 
34476 2 34482 273 F: 2 
34504 11 34537 386 F: 4 4 3 
34697 5 34707 349 F: 2 1 2 
34711 10 34721 123 F: 2 4 4 
34856 13 34895 298 F: 13 
34980 9 35016 46 F: 5 1 3 
35035 6 35053 83 F: 2 3 1 
35113 6 35125 97 F: 2 3 1 
35244 6 35268 44 F: 3 3 
35348 13 35387 245 F: 13 
35489 5 35499 238 F: 4 1 
35518 6 35530 324 F: 5 1 
35615 4 35627 101 F: 4 
35717 10 35737 89 F: 5 5 
35848 3 35854 274 F: 3 
35944 6 35962 5 F: 6 
36050 4 36054 205 F: 4 
36194 9 36230 156 F: 9 
36281 12 36293 2 F: 6 6 
36366 6 36390 118 F: 6 
36458 2 36466 194 F: 2 
36591 6 36603 344 F: 6 
36698 10 36738 368 F: 10 
36794 4 36806 295 F: 2 2 
36813 10 36833 157 F: 10 
36936 4 36948 80 F: 4 
37062 6 37068 78 F: 2 2 2 
37195 11 37228 4 F: 6 5 
37295 8 37311 307 F: 4 3 1 
37354 10 37374 260 F: 5 4 1 
37480 9 37498 290 F: 7 2 
37573 8 37597 88 F: 2 3 3 
37602 5 37607 82 F: 5 
37783 7 37797 35 F: 2 2 3 
37809 7 37816 165 F: 3 3 1 
37982 8 38006 236 F: 4 1 3 
38046 10 38066 229 F: 7 3 
38141 9 38177 165 F: 9 
38290 12 38314 67 F: 7 5 
38318 9 38345 30 F: 3 2 4 
38470 8 38494 226 F: 2 3 3 
38577 12 38589 374 F: 5 4 3 
38603 8 38619 379 F: 3 3 2 
38791 6 38803 328 F: 6 
38837 10 38857 210 F: 7 3 
38976 7 39004 294 F: 5 2 
39052 13 39091 252 F: 7 6 
39166 8 39182 242 F: 6 2 
39285 4 39293 71 F: 4 
39327 6 39333 280 F: 2 3 1 
39489 10 39529 69 F: 7 3 
39522 9 39531 71 F: 9 
39618 7 39639 166 F: 3 3 1 
39745 5 39765 234 F: 2 2 1 
39831 10 39861 397 F: 7 3 
39917 8 39941 360 F: 2 6 
D: 32 240 
D: 35 390 
D: 36 279 
D: 37 158 
D: 39 51 
D: 47 173 
D: 60 76 
D: 66 219 
D: 71 254 
D: 78 212 
D: 81 113 
D: 83 139 
D: 118 343 
D: 124 316 
D: 127 292 
D: 132 351 
D: 136 231 
D: 136 328 
D: 137 188 
D: 138 369 
D: 143 209 
D: 145 232 
D: 160 276 
D: 165 347 
D: 175 323 
D: 182 270 
D: 191 381 
D: 194 216 
D: 225 389 
D: 232 245 
D: 235 256 
D: 238 282 
D: 245 263 
D: 252 285 
D: 271 392 
D: 276 296 
D: 319 351 
D: 342 383 
D: 343 387 
D: 366 376 
