34 8 66 232 F: 5 1 2 
103 13 142 151 F: 13 
250 11 294 22 F: 3 4 4 
311 9 347 106 F: 3 6 
472 10 492 1 F: 4 4 2 
580 4 584 268 F: 4 
695 10 715 262 F: 5 1 4 
721 13 747 148 F: 13 
874 8 906 56 F: 8 
974 8 990 243 F: 6 2 
1092 2 1100 46 F: 2 
1100 6 1106 285 F: 3 3 
1274 9 1310 162 F: 7 2 
1358 13 1371 99 F: 13 
1450 3 1453 1 F: 3 
1575 10 1585 86 F: 3 4 3 
1625 7 1639 264 F: 3 4 
1727 7 1755 192 F: 5 1 1 
1819 9 1846 77 F: 9 
1952 13 1978 244 F: 13 
2049 6 2055 57 F: 3 1 2 
2116 8 2124 170 F: 5 2 1 
2229 8 2253 308 F: 3 5 
2330 3 2336 186 F: 2 1 
2490 9 2517 153 F: 9 
2588 10 2608 247 F: 6 4 
2687 5 2707 86 F: 4 1 
2798 10 2818 54 F: 3 3 4 
2874 8 2890 70 F: 5 3 
2925 2 2927 294 F: 2 
3068 3 3074 268 F: 3 
3152 9 3161 68 F: 9 
3262 9 3280 169 F: 5 2 2 
3333 12 3369 141 F: 6 6 
3470 8 3494 367 F: 3 3 2 
3540 9 3549 262 F: 6 3 
3680 8 3704 105 F: 8 
3741 8 3749 78 F: 2 6 
3869 8 3893 384 F: 4 3 1 
3959 4 3963 149 F: 4 
4050 8 4074 20 F: 8 
4116 4 4128 7 F: 4 
4245 4 4249 218 F: 4 
4308 4 4324 291 F: 4 
4431 7 4452 169 F: 5 1 1 
4565 6 4571 7 F: 5 1 
4686 5 4701 242 F: 5 
4784 2 4790 389 F: 2 
4882 8 4890 385 F: 8 
4951 5 4956 327 F: 2 2 1 
5074 11 5118 105 F: 4 4 3 
5156 8 5188 54 F: 5 3 
5235 11 5268 195 F: 11 
5365 9 5383 325 F: 6 3 
5423 6 5435 154 F: 6 
5512 7 5526 53 F: 2 5 
5608 3 5620 311 F: 3 
5702 2 5704 230 F: 2 
5891 12 5927 237 F: 7 5 
5967 2 5973 33 F: 2 
6008 9 6026 365 F: 9 
6146 7 6167 43 F: 5 1 1 
6262 8 6286 118 F: 3 3 2 
6310 7 6338 310 F: 2 2 3 
6449 7 6470 297 F: 2 3 2 
6597 12 6645 273 F: 7 5 
6625 7 6646 76 F: 2 4 1 
6777 5 6792 340 F: 5 
6845 4 6853 145 F: 4 
6924 7 6945 306 F: 2 3 2 
7092 7 7106 314 F: 4 3 
7182 13 7208 87 F: 7 6 
7203 6 7215 165 F: 2 2 2 
7394 3 7403 32 F: 2 1 
7420 5 7435 47 F: 3 2 
7590 6 7614 86 F: 6 
7602 12 7614 172 F: 5 3 4 
7755 11 7766 66 F: 11 
7800 11 7844 48 F: 11 
7963 10 7983 40 F: 10 
8090 8 8114 360 F: 8 
8188 7 8195 319 F: 7 
8274 12 8286 262 F: 7 5 
8340 9 8367 234 F: 4 5 
8484 10 8504 184 F: 7 3 
8571 10 8581 168 F: 3 3 4 
8651 8 8659 6 F: 4 3 1 
8770 4 8778 15 F: 4 
8839 11 8850 213 F: 4 4 3 
8920 10 8960 364 F: 5 2 3 
9056 7 9077 380 F: 3 1 3 
9134 3 9143 115 F: 3 
9278 13 9304 269 F: 7 6 
9346 11 9379 247 F: 3 4 4 
9496 8 9520 245 F: 7 1 
9558 5 9563 300 F: 5 
9686 7 9693 343 F: 2 5 
9725 7 9732 279 F: 4 1 2 
9891 13 9904 37 F: 13 
9994 8 10018 140 F: 2 6 
10073 9 10091 118 F: 3 6 
10122 4 10134 7 F: 2 1 1 
10213 7 10227 29 F: 7 
10365 11 10409 333 F: 11 
10478 7 10499 1 F: 5 2 
10518 9 10545 176 F: 5 1 3 
10699 8 10723 6 F: 2 6 
10782 9 10809 310 F: 9 
10814 9 10823 131 F: 3 6 
10996 3 10999 351 F: 3 
11018 12 11066 132 F: 6 6 
11122 9 11158 171 F: 6 3 
11287 8 11303 250 F: 2 6 
11373 12 11409 80 F: 12 
11492 13 11531 339 F: 7 6 
11590 2 11598 30 F: 2 
11600 5 11610 168 F: 5 
11789 12 11837 309 F: 12 
11897 6 11921 337 F: 3 3 
11924 8 11932 93 F: 2 4 2 
12073 8 12097 390 F: 4 1 3 
12161 6 12173 55 F: 4 1 1 
12298 2 12304 75 F: 2 
12372 9 12399 324 F: 9 
12458 10 12468 274 F: 5 5 
12598 7 12626 219 F: 3 1 3 
12688 10 12718 160 F: 10 
12786 8 12818 102 F: 2 4 2 
12873 5 12893 222 F: 2 1 2 
12950 5 12960 97 F: 2 2 1 
13025 5 13040 359 F: 5 
13173 5 13178 341 F: 3 1 1 
13277 11 13299 44 F: 5 6 
13348 13 13361 46 F: 5 4 4 
13442 11 13486 19 F: 4 4 3 
13505 6 13517 209 F: 6 
13677 3 13680 4 F: 3 
13794 2 13796 67 F: 2 
13827 4 13831 205 F: 4 
13987 10 13997 206 F: 4 6 
14017 8 14049 386 F: 3 1 4 
14110 7 14117 27 F: 2 4 1 
14283 3 14295 247 F: 3 
14346 7 14360 307 F: 4 2 1 
14455 8 14471 221 F: 5 3 
14503 10 14543 141 F: 4 6 
14682 8 14706 82 F: 2 3 3 
14774 11 14796 322 F: 11 
14810 5 14825 228 F: 3 2 
14994 11 15038 33 F: 11 
15025 3 15028 261 F: 3 
15104 10 15114 16 F: 10 
15233 10 15253 319 F: 5 5 
15301 9 15310 179 F: 3 6 
15459 5 15469 78 F: 3 1 1 
15500 5 15520 196 F: 5 
15655 8 15679 247 F: 4 4 
15793 8 15801 211 F: 8 
15844 9 15853 245 F: 5 3 1 
15939 9 15948 218 F: 6 3 
16050 8 16058 371 F: 3 1 4 
16169 7 16183 21 F: 2 5 
16256 8 16288 375 F: 3 2 3 
16302 7 16316 373 F: 7 
16455 11 16488 138 F: 7 4 
16578 10 16588 285 F: 5 1 4 
16657 8 16665 29 F: 4 1 3 
16717 11 16739 377 F: 6 5 
16870 4 16878 88 F: 4 
16975 10 17015 118 F: 10 
17096 2 17098 308 F: 2 
17184 8 17208 368 F: 6 2 
17221 8 17245 347 F: 7 1 
17390 5 17395 171 F: 2 3 
17489 12 17501 391 F: 12 
17549 9 17576 253 F: 3 2 4 
17640 7 17654 228 F: 7 
17729 8 17737 225 F: 3 5 
17864 8 17872 65 F: 8 
17968 9 17986 266 F: 6 3 
18002 5 18007 225 F: 5 
18111 5 18116 20 F: 3 2 
18217 6 18223 315 F: 3 3 
18317 11 18350 261 F: 5 2 4 
18437 8 18469 307 F: 7 1 
18534 8 18542 336 F: 7 1 
18685 9 18694 202 F: 9 
18762 11 18784 25 F: 5 3 3 
18867 8 18883 317 F: 4 4 
18934 7 18941 246 F: 2 4 1 
19087 9 19123 66 F: 5 3 1 
19161 7 19182 205 F: 5 2 
19223 4 19235 148 F: 4 
19317 6 19335 353 F: 3 2 1 
19478 5 19493 345 F: 5 
19579 9 19597 54 F: 5 2 2 
19646 8 19670 13 F: 4 4 
19754 9 19790 383 F: 4 3 2 
19877 7 19905 385 F: 5 2 
19967 6 19991 38 F: 4 2 
20059 8 20067 3 F: 4 2 2 
20161 11 20194 216 F: 7 4 
20279 8 20303 65 F: 7 1 
20310 8 20342 363 F: 2 6 
20447 11 20480 174 F: 5 2 4 
20596 9 20614 83 F: 3 6 
20623 13 20636 340 F: 7 6 
20721 4 20733 352 F: 2 2 
20866 9 20893 113 F: 4 2 3 
20965 8 20981 78 F: 4 2 2 
21085 10 21095 203 F: 7 3 
21177 9 21213 246 F: 6 3 
21217 8 21241 23 F: 4 3 1 
21323 9 21332 362 F: 7 2 
21480 11 21524 67 F: 11 
21538 9 21574 235 F: 4 5 
21668 11 21679 103 F: 7 4 
21709 7 21716 275 F: 2 2 3 
21818 11 21862 109 F: 6 5 
21970 6 21988 363 F: 3 3 
22047 3 22050 159 F: 3 
22167 12 22179 12 F: 6 6 
22210 8 22226 111 F: 8 
22366 11 22410 209 F: 4 3 4 
22400 2 22402 153 F: 2 
22527 8 22543 130 F: 8 
22699 12 22711 23 F: 7 5 
22750 6 22768 261 F: 6 
22842 8 22874 250 F: 8 
22941 8 22965 54 F: 6 2 
23089 4 23105 193 F: 4 
23114 12 23150 221 F: 12 
23228 3 23231 265 F: 3 
23379 7 23400 391 F: 2 5 
23463 7 23491 211 F: 3 4 
23511 5 23526 167 F: 3 2 
23696 8 23728 309 F: 6 2 
23765 7 23772 224 F: 3 1 3 
23820 5 23825 87 F: 5 
23965 11 23998 138 F: 5 4 2 
24068 11 24079 119 F: 11 
24163 5 24173 330 F: 2 3 
24259 3 24262 319 F: 3 
24386 5 24406 33 F: 3 1 1 
24410 12 24434 211 F: 7 5 
24561 6 24567 207 F: 3 2 1 
24635 5 24640 29 F: 2 1 2 
24741 8 24765 368 F: 3 2 3 
24843 8 24875 74 F: 5 3 
24954 4 24958 266 F: 2 1 1 
25013 3 25025 18 F: 3 
25197 12 25233 306 F: 5 3 4 
25242 10 25262 175 F: 7 3 
25327 12 25375 97 F: 12 
25411 11 25444 231 F: 11 
25566 6 25590 195 F: 3 2 1 
25656 9 25665 117 F: 3 3 3 
25702 2 25704 175 F: 2 
25881 7 25895 292 F: 3 2 2 
25981 9 26008 383 F: 5 4 
26053 11 26086 249 F: 5 2 4 
26138 12 26174 206 F: 12 
26231 8 26263 84 F: 4 1 3 
26318 11 26340 348 F: 5 4 2 
26467 3 26470 91 F: 2 1 
26586 10 26596 197 F: 3 3 4 
26614 9 26641 263 F: 3 3 3 
26792 8 26808 333 F: 8 
26843 6 26867 73 F: 2 1 3 
26923 12 26935 129 F: 12 
27050 11 27083 204 F: 11 
27122 12 27170 199 F: 7 5 
27266 5 27271 163 F: 3 1 1 
27313 8 27345 388 F: 8 
27442 10 27472 172 F: 10 
27516 6 27528 259 F: 6 
27647 8 27663 145 F: 4 4 
27763 10 27793 374 F: 4 2 4 
27891 9 27909 58 F: 9 
27901 8 27917 98 F: 2 2 4 
28072 7 28079 139 F: 5 2 
28141 10 28171 117 F: 3 3 4 
28248 9 28284 237 F: 4 5 
28349 3 28355 69 F: 2 1 
28411 9 28429 33 F: 9 
28572 13 28585 69 F: 5 4 4 
28614 8 28622 189 F: 4 1 3 
28793 2 28797 271 F: 2 
28890 10 28920 245 F: 4 2 4 
28922 7 28929 99 F: 4 2 1 
29041 8 29057 185 F: 7 1 
29196 7 29203 175 F: 4 3 
29224 11 29246 209 F: 5 3 3 
29305 12 29329 24 F: 4 4 4 
29439 6 29451 148 F: 2 1 3 
29541 10 29551 200 F: 10 
29656 13 29669 342 F: 5 4 4 
29753 10 29793 395 F: 4 4 2 
29871 12 29919 114 F: 12 
29941 7 29955 70 F: 3 2 2 
30005 12 30041 68 F: 6 6 
30178 12 30214 30 F: 6 6 
30297 8 30313 308 F: 2 2 4 
30375 4 30383 233 F: 4 
30426 9 30453 14 F: 4 1 4 
30500 8 30516 39 F: 8 
30639 9 30666 281 F: 3 3 3 
30717 7 30731 279 F: 2 5 
30824 4 30840 197 F: 2 2 
30966 2 30968 52 F: 2 
31025 12 31049 102 F: 5 4 3 
31116 10 31146 241 F: 4 6 
31261 12 31273 17 F: 6 6 
31349 4 31365 103 F: 4 
31419 11 31430 149 F: 11 
31564 8 31580 190 F: 4 3 1 
31627 7 31648 283 F: 2 2 3 
31756 7 31777 3 F: 4 2 1 
31820 7 31848 52 F: 3 2 2 
31988 10 31998 153 F: 5 4 1 
32064 6 32076 327 F: 2 1 3 
32119 6 32125 156 F: 6 
32270 12 32294 53 F: 5 4 3 
32386 9 32404 196 F: 4 3 2 
32462 12 32486 127 F: 12 
32533 5 32553 400 F: 3 2 
32647 6 32653 261 F: 6 
32741 7 32755 199 F: 3 3 1 
32862 2 32868 163 F: 2 
32905 6 32917 318 F: 3 2 1 
33066 11 33088 49 F: 11 
33126 12 33138 31 F: 12 
33283 11 33294 31 F: 11 
33317 7 33338 278 F: 2 4 1 
33481 8 33497 350 F: 5 3 
33504 7 33511 116 F: 7 
33668 12 33716 343 F: 6 6 
33778 7 33792 30 F: 3 4 
33850 9 33886 104 F: 4 1 4 
33980 9 34016 189 F: 9 
34028 5 34033 97 F: 2 1 2 
34134 11 34145 231 F: 5 6 
34231 9 34240 213 F: 3 6 
34364 11 34408 265 F: 11 
34482 9 34509 19 F: 7 2 
34568 11 34601 92 F: 11 
34629 8 34661 48 F: 3 5 
34725 3 34737 107 F: 3 
34882 11 34915 60 F: 5 4 2 
34966 10 34986 273 F: 4 4 2 
35039 8 35071 301 F: 5 3 
35191 9 35227 287 F: 7 2 
35285 13 35324 182 F: 13 
35303 7 35310 375 F: 3 1 3 
35497 10 35507 130 F: 5 1 4 
35561 7 35582 178 F: 4 3 
35600 6 35606 317 F: 3 3 
35706 9 35715 250 F: 4 2 3 
35896 8 35920 35 F: 2 3 3 
35977 2 35985 146 F: 2 
36081 5 36091 168 F: 5 
36173 7 36201 91 F: 3 3 1 
36256 7 36263 81 F: 3 4 
36318 3 36327 135 F: 3 
36469 4 36485 162 F: 4 
36501 11 36523 103 F: 4 3 4 
36673 4 36689 3 F: 2 2 
36757 9 36766 179 F: 4 3 2 
36837 7 36865 210 F: 3 4 
36906 5 36921 100 F: 2 1 2 
37026 9 37062 279 F: 5 2 2 
37192 4 37204 363 F: 4 
37236 7 37243 69 F: 5 2 
37337 9 37355 220 F: 2 3 4 
37448 7 37462 253 F: 6 1 
37545 2 37549 224 F: 2 
37624 2 37632 390 F: 2 
37727 6 37745 129 F: 3 1 2 
37859 6 37871 324 F: 3 3 
37987 7 37994 175 F: 4 2 1 
38068 8 38092 137 F: 5 3 
38170 6 38182 181 F: 6 
38259 6 38265 290 F: 6 
38300 11 38311 74 F: 5 4 2 
38427 7 38455 133 F: 3 1 3 
38579 3 38585 36 F: 3 
38683 6 38695 132 F: 3 1 2 
38786 11 38830 116 F: 11 
38805 8 38829 81 F: 4 1 3 
38903 5 38908 287 F: 2 1 2 
39055 11 39077 290 F: 7 4 
39157 9 39166 189 F: 5 4 
39216 8 39232 283 F: 5 1 2 
39368 13 39407 324 F: 5 4 4 
39472 3 39475 70 F: 3 
39535 9 39544 186 F: 3 2 4 
39605 8 39613 332 F: 6 2 
39769 5 39774 270 F: 2 2 1 
39887 9 39914 44 F: 9 
39978 10 39988 269 F: 6 4 
D: 2 350 
D: 5 193 
D: 5 260 
D: 15 251 
D: 17 70 
D: 21 340 
D: 31 385 
D: 36 319 
D: 50 84 
D: 50 154 
D: 59 197 
D: 70 290 
D: 81 160 
D: 92 390 
D: 95 218 
D: 97 339 
D: 110 131 
D: 112 370 
D: 117 215 
D: 117 255 
D: 119 362 
D: 119 376 
D: 126 171 
D: 127 147 
D: 130 228 
D: 135 161 
D: 139 271 
D: 140 308 
D: 146 165 
D: 154 284 
D: 162 385 
D: 174 256 
D: 176 262 
D: 187 234 
D: 223 317 
D: 230 289 
D: 267 332 
D: 281 320 
D: 281 371 
D: 317 330 
