21 8 29 413 F: 8 
109 13 161 407 F: 13 
279 2 281 61 F: 2 
323 9 350 216 F: 3 6 
487 4 491 206 F: 3 1 
575 8 583 102 F: 5 3 
617 7 638 304 F: 4 3 
740 8 748 96 F: 2 6 
828 6 840 390 F: 3 2 1 
946 7 960 343 F: 6 1 
1024 10 1044 162 F: 10 
1117 5 1122 33 F: 5 
1292 13 1331 329 F: 7 6 
1336 8 1344 275 F: 2 3 3 
1455 9 1464 223 F: 3 6 
1523 9 1541 19 F: 5 2 2 
1662 7 1690 177 F: 2 1 4 
1710 9 1719 407 F: 2 3 4 
1884 5 1894 316 F: 5 
1968 3 1974 171 F: 2 1 
2084 7 2112 25 F: 3 1 3 
2134 6 2146 181 F: 3 1 2 
2270 10 2310 9 F: 10 
2378 4 2386 345 F: 3 1 
2488 10 2498 103 F: 7 3 
2522 13 2561 346 F: 13 
2629 10 2639 4 F: 10 
2776 5 2791 382 F: 5 
2867 7 2888 129 F: 4 3 
2934 8 2950 423 F: 8 
3021 7 3028 249 F: 7 
3108 11 3130 89 F: 11 
3235 10 3245 186 F: 10 
3382 10 3402 211 F: 5 4 1 
3409 6 3427 361 F: 3 1 2 
3504 6 3510 257 F: 6 
3680 12 3692 28 F: 7 5 
3780 8 3812 333 F: 2 6 
3859 6 3865 317 F: 4 2 
3975 13 3988 375 F: 7 6 
4019 9 4037 196 F: 5 3 1 
4122 7 4143 66 F: 2 3 2 
4275 3 4287 149 F: 3 
4325 10 4345 185 F: 4 4 2 
4485 7 4513 281 F: 2 3 2 
4537 12 4561 227 F: 12 
4624 8 4656 236 F: 5 1 2 
4774 11 4785 182 F: 5 2 4 
4885 7 4892 42 F: 3 1 3 
4947 3 4959 161 F: 3 
5022 6 5028 387 F: 2 2 2 
5165 5 5175 101 F: 3 1 1 
5258 2 5262 415 F: 2 
5342 11 5375 131 F: 11 
5489 5 5509 221 F: 2 3 
5545 5 5555 303 F: 2 3 
5640 7 5647 192 F: 7 
5779 7 5793 193 F: 3 4 
5827 3 5833 363 F: 3 
5997 6 6015 173 F: 3 3 
6027 13 6040 278 F: 13 
6157 11 6168 83 F: 5 3 3 
6277 4 6293 24 F: 4 
6383 6 6389 349 F: 2 3 1 
6425 10 6445 439 F: 5 5 
6526 12 6538 7 F: 6 6 
6629 10 6659 316 F: 5 1 4 
6769 8 6777 76 F: 3 2 3 
6863 5 6878 288 F: 5 
6979 4 6991 55 F: 4 
7075 10 7095 151 F: 10 
7157 11 7168 94 F: 11 
7299 11 7310 33 F: 4 4 3 
7349 6 7355 107 F: 3 1 2 
7452 8 7476 217 F: 8 
7548 6 7572 298 F: 4 2 
7677 4 7685 111 F: 2 1 1 
7738 11 7749 207 F: 6 5 
7868 3 7880 104 F: 3 
7904 10 7944 271 F: 3 4 3 
8019 5 8034 355 F: 2 3 
8186 13 8199 325 F: 7 6 
8234 6 8240 268 F: 6 
8349 6 8355 23 F: 4 1 1 
8455 3 8464 393 F: 3 
8518 10 8538 35 F: 5 4 1 
8610 9 8646 195 F: 9 
8740 7 8754 324 F: 3 2 2 
8865 9 8901 207 F: 4 3 2 
8937 4 8953 244 F: 2 1 1 
9077 7 9098 286 F: 7 
9126 4 9134 445 F: 4 
9275 12 9299 369 F: 5 3 4 
9380 4 9392 65 F: 2 1 1 
9493 6 9505 223 F: 6 
9596 2 9600 111 F: 2 
9689 10 9699 301 F: 3 3 4 
9707 10 9727 246 F: 4 6 
9822 4 9830 197 F: 3 1 
9900 12 9936 95 F: 12 
10094 7 10122 302 F: 3 4 
10169 9 10196 240 F: 2 4 3 
10236 12 10284 347 F: 5 4 3 
10358 6 10370 406 F: 6 
10487 5 10492 230 F: 5 
10515 9 10524 20 F: 9 
10679 11 10723 341 F: 6 5 
10709 6 10721 58 F: 4 2 
10845 7 10866 311 F: 7 
10985 4 10997 12 F: 4 
11045 11 11089 129 F: 3 4 4 
11162 10 11182 152 F: 10 
11215 7 11222 33 F: 3 2 2 
11394 7 11422 88 F: 2 3 2 
11408 11 11419 7 F: 4 4 3 
11528 8 11560 144 F: 5 2 1 
11665 12 11713 299 F: 12 
11783 11 11827 372 F: 11 
11895 12 11919 188 F: 7 5 
11988 8 12004 437 F: 8 
12064 11 12108 411 F: 6 5 
12163 10 12183 423 F: 4 2 4 
12264 8 12296 411 F: 8 
12310 8 12334 269 F: 5 3 
12419 13 12432 320 F: 13 
12518 8 12542 423 F: 2 3 3 
12688 4 12700 441 F: 4 
12747 9 12765 142 F: 3 3 3 
12866 8 12890 268 F: 7 1 
12907 5 12922 426 F: 4 1 
13082 11 13093 395 F: 11 
13116 6 13134 427 F: 2 4 
13220 7 13234 92 F: 2 5 
13393 8 13409 273 F: 6 2 
13449 11 13460 89 F: 11 
13538 6 13550 227 F: 6 
13624 9 13633 375 F: 9 
13782 6 13794 158 F: 6 
13885 2 13887 443 F: 2 
13937 9 13973 211 F: 5 4 
14052 10 14072 183 F: 5 3 2 
14152 7 14166 124 F: 2 1 4 
14253 13 14279 448 F: 5 4 4 
14363 6 14375 191 F: 3 3 
14443 8 14467 175 F: 5 3 
14524 7 14545 106 F: 5 2 
14666 4 14670 4 F: 2 2 
14766 9 14784 87 F: 4 4 1 
14819 10 14859 185 F: 5 5 
14918 9 14954 432 F: 9 
15028 8 15036 272 F: 4 3 1 
15113 7 15120 404 F: 5 1 1 
15265 8 15281 272 F: 8 
15368 13 15394 442 F: 13 
15461 9 15497 181 F: 9 
15585 7 15613 358 F: 4 3 
15656 7 15663 333 F: 4 2 1 
15724 6 15742 410 F: 3 2 1 
15840 11 15873 114 F: 11 
15905 7 15933 408 F: 3 4 
16002 12 16026 95 F: 12 
16140 10 16170 438 F: 6 4 
16275 9 16284 401 F: 9 
16314 9 16332 264 F: 5 4 
16489 2 16495 353 F: 2 
16575 8 16607 54 F: 3 3 2 
16609 10 16649 264 F: 5 5 
16772 7 16779 205 F: 4 2 1 
16887 11 16931 121 F: 5 3 3 
16937 11 16970 320 F: 7 4 
17074 11 17096 224 F: 7 4 
17131 9 17167 93 F: 2 3 4 
17294 9 17303 98 F: 9 
17301 9 17319 412 F: 5 1 3 
17411 6 17417 230 F: 6 
17512 4 17516 221 F: 4 
17686 10 17696 290 F: 3 4 3 
17768 12 17792 58 F: 6 6 
17880 12 17892 443 F: 12 
17952 12 18000 132 F: 12 
18088 9 18097 271 F: 9 
18181 10 18221 23 F: 4 4 2 
18204 5 18209 277 F: 5 
18338 11 18382 191 F: 11 
18475 10 18495 306 F: 10 
18552 2 18558 274 F: 2 
18682 6 18688 99 F: 6 
18766 8 18782 60 F: 4 3 1 
18862 9 18898 434 F: 4 2 3 
18935 12 18983 8 F: 4 4 4 
19072 10 19092 5 F: 6 4 
19104 11 19137 398 F: 11 
19230 8 19238 22 F: 6 2 
19385 7 19413 107 F: 4 3 
19492 10 19522 256 F: 10 
19523 11 19567 430 F: 11 
19699 8 19715 409 F: 3 4 1 
19790 10 19800 426 F: 10 
19876 7 19904 249 F: 6 1 
19961 10 19971 46 F: 5 1 4 
20032 2 20040 6 F: 2 
20156 9 20165 93 F: 3 4 2 
20223 11 20234 71 F: 4 3 4 
20339 6 20345 79 F: 3 3 
20496 2 20504 289 F: 2 
20576 11 20609 381 F: 5 2 4 
20630 7 20658 90 F: 7 
20720 8 20752 19 F: 8 
20817 13 20869 15 F: 13 
20912 8 20944 447 F: 4 4 
21054 9 21072 122 F: 9 
21118 4 21126 230 F: 4 
21231 13 21244 287 F: 7 6 
21349 5 21359 200 F: 4 1 
21414 10 21434 338 F: 10 
21554 8 21570 283 F: 4 4 
21682 6 21694 359 F: 2 1 3 
21795 10 21835 443 F: 5 3 2 
21890 3 21902 420 F: 3 
21993 7 22000 7 F: 4 2 1 
22006 6 22018 50 F: 5 1 
22136 13 22188 412 F: 7 6 
22236 10 22276 27 F: 10 
22309 5 22314 385 F: 5 
22406 7 22413 362 F: 3 2 2 
22568 6 22586 447 F: 6 
22697 2 22705 433 F: 2 
22784 9 22820 34 F: 2 4 3 
22868 9 22895 282 F: 3 3 3 
22913 6 22931 281 F: 6 
23002 5 23022 135 F: 2 3 
23114 2 23116 376 F: 2 
23261 13 23274 254 F: 7 6 
23376 11 23420 336 F: 7 4 
23437 9 23473 334 F: 3 2 4 
23556 11 23567 33 F: 11 
23667 3 23676 294 F: 3 
23776 9 23794 423 F: 6 3 
23824 4 23832 173 F: 4 
23907 11 23918 99 F: 4 3 4 
24055 5 24060 176 F: 5 
24198 9 24225 174 F: 5 4 
24290 3 24299 444 F: 3 
24381 7 24388 210 F: 7 
24427 8 24451 389 F: 5 1 2 
24597 9 24633 188 F: 6 3 
24623 2 24625 257 F: 2 
24709 6 24733 164 F: 6 
24869 11 24902 3 F: 5 6 
24970 4 24974 198 F: 2 2 
25040 4 25048 28 F: 2 1 1 
25162 9 25198 437 F: 9 
25248 8 25256 173 F: 2 4 2 
25372 7 25379 434 F: 2 5 
25409 12 25457 21 F: 7 5 
25551 5 25561 368 F: 5 
25632 7 25653 411 F: 3 4 
25775 10 25805 258 F: 10 
25817 7 25824 141 F: 4 2 1 
25923 3 25926 434 F: 2 1 
26020 6 26032 111 F: 2 4 
26134 9 26152 379 F: 9 
26280 10 26310 414 F: 7 3 
26300 11 26311 362 F: 6 5 
26432 11 26465 167 F: 11 
26556 13 26569 150 F: 13 
26645 10 26655 283 F: 10 
26776 12 26824 353 F: 12 
26859 3 26871 400 F: 3 
26984 6 26996 335 F: 4 2 
27076 3 27088 22 F: 3 
27102 7 27116 80 F: 5 1 1 
27274 10 27294 151 F: 4 6 
27382 4 27394 130 F: 4 
27491 13 27543 218 F: 13 
27577 3 27586 361 F: 3 
27669 6 27681 362 F: 4 2 
27790 7 27818 230 F: 5 2 
27833 8 27865 444 F: 4 1 3 
27967 9 28003 180 F: 2 3 4 
28096 8 28104 9 F: 4 3 1 
28186 10 28226 81 F: 5 5 
28207 6 28231 240 F: 3 3 
28364 12 28376 377 F: 7 5 
28498 12 28522 424 F: 4 4 4 
28538 10 28558 28 F: 4 3 3 
28614 10 28644 73 F: 10 
28754 3 28763 443 F: 3 
28860 6 28878 129 F: 4 2 
28947 7 28954 118 F: 2 3 2 
29050 4 29066 396 F: 4 
29143 9 29152 227 F: 5 3 1 
29250 9 29277 433 F: 9 
29393 9 29411 213 F: 4 5 
29494 13 29533 237 F: 7 6 
29581 7 29609 391 F: 3 3 1 
29646 7 29660 60 F: 2 1 4 
29710 5 29715 124 F: 5 
29879 8 29895 7 F: 3 4 1 
29947 8 29955 88 F: 3 4 1 
30000 11 30011 245 F: 11 
30119 12 30155 406 F: 12 
30232 9 30259 287 F: 7 2 
30371 9 30389 241 F: 4 2 3 
30416 9 30434 349 F: 5 3 1 
30572 4 30576 293 F: 3 1 
30669 10 30699 340 F: 7 3 
30727 11 30760 54 F: 5 4 2 
30818 11 30840 193 F: 11 
30919 8 30951 17 F: 4 1 3 
31042 8 31050 410 F: 8 
31146 9 31164 439 F: 5 1 3 
31274 6 31280 439 F: 2 3 1 
31343 5 31353 89 F: 3 2 
31488 3 31500 336 F: 2 1 
31559 8 31583 257 F: 3 4 1 
31617 12 31653 111 F: 12 
31793 8 31809 135 F: 6 2 
31888 3 31891 158 F: 3 
31959 4 31967 411 F: 3 1 
32005 11 32038 201 F: 11 
32102 11 32124 223 F: 6 5 
32251 9 32287 265 F: 4 5 
32338 7 32345 24 F: 4 3 
32458 12 32470 245 F: 7 5 
32551 9 32560 141 F: 5 4 
32692 10 32732 427 F: 5 1 4 
32743 5 32748 72 F: 5 
32861 8 32869 440 F: 5 3 
32908 8 32940 242 F: 8 
33021 8 33029 295 F: 3 2 3 
33192 13 33218 248 F: 7 6 
33291 3 33303 57 F: 3 
33308 2 33314 239 F: 2 
33419 11 33463 402 F: 11 
33502 11 33524 273 F: 11 
33657 7 33664 309 F: 5 2 
33771 7 33785 133 F: 5 1 1 
33867 12 33879 70 F: 12 
33957 6 33975 338 F: 5 1 
34007 8 34015 393 F: 8 
34191 3 34194 204 F: 3 
34294 9 34330 373 F: 9 
34373 6 34385 134 F: 6 
34495 10 34505 354 F: 10 
34590 9 34599 367 F: 6 3 
34633 8 34665 427 F: 3 2 3 
34785 12 34797 401 F: 12 
34812 7 34826 86 F: 4 1 2 
34976 8 35000 198 F: 6 2 
35052 4 35056 406 F: 3 1 
35162 10 35192 423 F: 10 
35289 11 35322 380 F: 5 2 4 
35311 7 35332 388 F: 2 4 1 
35443 5 35448 129 F: 2 2 1 
35509 8 35533 4 F: 6 2 
35692 8 35724 346 F: 3 2 3 
35776 11 35787 53 F: 11 
35826 5 35846 5 F: 3 2 
35986 7 35993 16 F: 7 
36081 6 36105 61 F: 5 1 
36143 11 36165 130 F: 11 
36294 8 36302 280 F: 8 
36371 3 36377 363 F: 3 
36449 10 36469 357 F: 5 5 
36504 11 36537 105 F: 6 5 
36616 3 36622 173 F: 3 
36761 5 36771 301 F: 2 3 
36845 10 36855 56 F: 2 4 4 
36928 11 36939 136 F: 4 3 4 
37049 6 37061 344 F: 6 
37191 9 37200 356 F: 3 2 4 
37276 7 37304 53 F: 5 2 
37316 6 37340 182 F: 5 1 
37440 3 37446 305 F: 3 
37590 13 37642 278 F: 13 
37645 3 37657 440 F: 3 
37786 4 37790 378 F: 4 
37846 6 37870 161 F: 2 1 3 
37910 6 37934 214 F: 2 2 2 
38099 2 38103 366 F: 2 
38100 12 38148 75 F: 12 
38290 11 38301 89 F: 7 4 
38321 9 38348 409 F: 9 
38484 8 38500 41 F: 2 6 
38594 8 38618 153 F: 5 3 
38620 8 38636 125 F: 4 4 
38772 5 38782 143 F: 5 
38848 10 38858 353 F: 2 4 4 
38915 6 38927 379 F: 2 2 2 
39057 9 39084 311 F: 4 2 3 
39104 8 39112 278 F: 2 3 3 
39223 9 39259 387 F: 4 5 
39393 13 39406 61 F: 13 
39484 9 39511 432 F: 9 
39539 7 39567 90 F: 7 
39622 12 39634 91 F: 4 4 4 
39707 11 39740 119 F: 6 5 
39881 2 39889 35 F: 2 
39933 7 39940 253 F: 3 3 1 
40089 5 40094 54 F: 5 
40156 6 40168 338 F: 3 3 
40279 7 40293 1 F: 4 3 
40385 3 40394 168 F: 2 1 
40485 11 40507 349 F: 11 
40594 7 40622 361 F: 7 
40603 3 40606 423 F: 3 
40764 4 40772 193 F: 2 1 1 
40883 7 40897 106 F: 3 2 2 
40964 8 40980 84 F: 3 3 2 
41092 6 41116 425 F: 2 3 1 
41109 7 41137 97 F: 2 3 2 
41280 5 41290 298 F: 2 3 
41300 10 41320 323 F: 4 2 4 
41492 10 41522 280 F: 7 3 
41520 7 41534 398 F: 5 2 
41671 7 41699 215 F: 2 1 4 
41752 6 41764 337 F: 2 3 1 
41846 8 41870 150 F: 3 5 
41968 7 41989 82 F: 5 1 1 
42049 3 42058 178 F: 3 
42197 9 42206 20 F: 4 5 
42242 9 42269 449 F: 9 
42366 8 42374 179 F: 6 2 
42486 12 42534 158 F: 6 6 
42553 5 42573 128 F: 3 2 
42624 11 42635 1 F: 5 3 3 
42752 9 42779 57 F: 4 1 4 
42874 6 42898 144 F: 2 1 3 
42910 9 42937 45 F: 5 4 
43031 7 43045 409 F: 7 
43171 7 43192 445 F: 3 2 2 
43234 8 43258 55 F: 2 3 3 
43397 7 43425 305 F: 4 1 2 
43475 10 43485 313 F: 3 3 4 
43507 7 43521 207 F: 2 1 4 
43624 10 43664 407 F: 7 3 
43743 6 43767 312 F: 6 
43816 8 43832 296 F: 8 
43957 4 43969 78 F: 2 2 
44045 8 44053 288 F: 4 4 
44172 13 44211 428 F: 13 
44261 9 44288 428 F: 5 2 2 
44397 7 44425 139 F: 2 5 
44432 6 44456 402 F: 3 3 
44564 4 44568 422 F: 4 
44622 10 44662 64 F: 6 4 
44784 8 44816 272 F: 2 4 2 
44888 11 44932 135 F: 5 6 
44929 7 44936 421 F: 3 1 3 
D: 5 228 
D: 6 380 
D: 19 217 
D: 19 407 
D: 20 326 
D: 22 443 
D: 32 87 
D: 44 84 
D: 66 297 
D: 84 399 
D: 86 151 
D: 89 151 
D: 89 211 
D: 95 181 
D: 97 318 
D: 99 182 
D: 103 147 
D: 103 190 
D: 104 417 
D: 105 234 
D: 107 398 
D: 115 124 
D: 116 136 
D: 122 431 
D: 124 305 
D: 132 184 
D: 137 219 
D: 138 426 
D: 147 245 
D: 155 314 
D: 167 278 
D: 185 328 
D: 191 197 
D: 201 429 
D: 208 397 
D: 222 279 
D: 259 271 
D: 263 301 
D: 280 392 
D: 281 390 
D: 319 440 
D: 331 435 
D: 363 410 
D: 399 412 
D: 404 422 
