47 12 83 9 F: 12 
108 5 113 268 F: 5 
237 6 243 50 F: 4 1 1 
375 4 387 313 F: 2 2 
447 9 474 379 F: 5 2 2 
504 7 532 261 F: 3 4 
621 13 634 212 F: 13 
797 7 825 336 F: 5 2 
878 8 902 265 F: 2 4 2 
954 7 961 188 F: 7 
1077 13 1103 413 F: 13 
1137 7 1165 425 F: 3 3 1 
1200 9 1218 153 F: 7 2 
1383 5 1398 364 F: 2 1 2 
1401 9 1437 343 F: 5 4 
1593 12 1617 213 F: 7 5 
1641 10 1671 279 F: 4 2 4 
1763 11 1807 378 F: 5 4 2 
1817 9 1853 142 F: 9 
1906 6 1912 188 F: 2 2 2 
2031 4 2039 75 F: 2 2 
2180 4 2196 269 F: 3 1 
2240 9 2276 271 F: 9 
2302 4 2306 191 F: 2 1 1 
2451 9 2460 317 F: 7 2 
2503 10 2543 278 F: 5 5 
2620 8 2644 375 F: 6 2 
2796 7 2817 428 F: 2 3 2 
2862 11 2873 229 F: 6 5 
2976 8 3008 90 F: 6 2 
3085 11 3118 393 F: 5 4 2 
3153 9 3171 351 F: 9 
3225 5 3240 290 F: 2 2 1 
3387 4 3391 120 F: 3 1 
3460 2 3468 325 F: 2 
3575 8 3599 436 F: 8 
3609 5 3619 316 F: 3 2 
3745 12 3781 326 F: 12 
3837 9 3846 39 F: 3 4 2 
3907 4 3915 378 F: 2 1 1 
4053 11 4064 292 F: 11 
4119 9 4155 53 F: 7 2 
4288 9 4297 71 F: 4 3 2 
4308 7 4315 287 F: 6 1 
4411 9 4429 232 F: 4 5 
4558 6 4564 426 F: 4 2 
4674 7 4702 313 F: 2 2 3 
4794 10 4814 88 F: 6 4 
4854 8 4862 292 F: 2 6 
4979 10 5019 419 F: 3 4 3 
5032 8 5064 286 F: 5 3 
5108 5 5113 3 F: 4 1 
5299 8 5331 286 F: 8 
5366 10 5406 26 F: 10 
5484 3 5496 127 F: 3 
5551 10 5591 266 F: 10 
5604 11 5626 33 F: 7 4 
5755 9 5782 149 F: 9 
5861 4 5877 251 F: 4 
5948 9 5966 93 F: 9 
6057 9 6084 23 F: 3 6 
6149 7 6170 69 F: 7 
6240 10 6270 118 F: 10 
6351 8 6375 359 F: 2 4 2 
6442 7 6449 284 F: 7 
6568 5 6583 211 F: 5 
6655 8 6687 31 F: 2 6 
6739 8 6763 101 F: 2 4 2 
6826 12 6862 324 F: 5 4 3 
6943 11 6965 45 F: 5 4 2 
7005 9 7041 153 F: 4 5 
7117 8 7141 239 F: 7 1 
7273 7 7301 430 F: 2 3 2 
7306 8 7322 44 F: 2 3 3 
7479 6 7497 253 F: 2 4 
7550 11 7572 117 F: 5 2 4 
7640 7 7661 110 F: 3 3 1 
7738 9 7747 182 F: 5 4 
7826 6 7838 139 F: 2 2 2 
7933 10 7953 140 F: 4 6 
8003 10 8013 372 F: 10 
8150 5 8170 80 F: 5 
8226 12 8274 413 F: 7 5 
8398 13 8424 63 F: 7 6 
8438 11 8449 1 F: 6 5 
8570 4 8582 209 F: 4 
8637 7 8644 167 F: 2 5 
8766 7 8773 229 F: 7 
8871 11 8904 64 F: 11 
8974 10 9014 317 F: 7 3 
9093 5 9103 189 F: 4 1 
9127 4 9139 183 F: 4 
9221 9 9248 284 F: 6 3 
9345 12 9381 16 F: 5 3 4 
9450 2 9456 274 F: 2 
9507 11 9518 277 F: 5 2 4 
9674 12 9698 152 F: 6 6 
9709 9 9718 311 F: 7 2 
9865 7 9879 250 F: 6 1 
9900 10 9920 178 F: 5 2 3 
10084 9 10120 107 F: 2 4 3 
10141 3 10144 55 F: 2 1 
10281 5 10286 363 F: 3 2 
10343 8 10367 336 F: 3 4 1 
10403 7 10424 30 F: 7 
10562 7 10590 360 F: 3 4 
10601 9 10610 423 F: 2 3 4 
10790 8 10814 17 F: 4 2 2 
10828 9 10837 14 F: 3 6 
10978 4 10990 54 F: 4 
11094 9 11112 408 F: 9 
11105 10 11125 326 F: 4 3 3 
11296 6 11308 146 F: 2 3 1 
11364 3 11373 200 F: 3 
11421 7 11435 246 F: 5 1 1 
11588 5 11603 337 F: 2 2 1 
11623 12 11659 325 F: 5 3 4 
11746 9 11782 248 F: 2 4 3 
11848 9 11857 103 F: 9 
11907 4 11915 271 F: 3 1 
12087 7 12115 428 F: 2 4 1 
12133 7 12161 230 F: 2 3 2 
12230 7 12251 260 F: 4 2 1 
12357 7 12385 20 F: 2 2 3 
12413 5 12418 53 F: 5 
12509 5 12524 404 F: 4 1 
12692 10 12702 345 F: 3 4 3 
12705 11 12738 381 F: 11 
12895 10 12905 447 F: 4 2 4 
12994 9 13021 291 F: 3 4 2 
13098 9 13107 379 F: 4 2 3 
13163 8 13195 334 F: 4 3 1 
13236 4 13244 194 F: 4 
13318 9 13354 321 F: 4 2 3 
13418 12 13466 400 F: 7 5 
13526 5 13546 97 F: 4 1 
13645 10 13675 219 F: 6 4 
13758 10 13798 239 F: 10 
13841 6 13853 165 F: 3 1 2 
13910 8 13942 335 F: 5 3 
14026 10 14036 288 F: 2 4 4 
14168 12 14180 333 F: 7 5 
14290 2 14298 198 F: 2 
14392 13 14405 138 F: 13 
14486 9 14504 315 F: 3 2 4 
14503 9 14539 323 F: 5 4 
14614 13 14666 192 F: 13 
14731 6 14737 415 F: 4 2 
14888 10 14918 234 F: 10 
14959 9 14968 442 F: 7 2 
15042 10 15062 319 F: 5 4 1 
15180 8 15212 302 F: 2 4 2 
15203 4 15207 123 F: 4 
15328 6 15334 422 F: 6 
15481 11 15525 377 F: 4 3 4 
15588 11 15610 81 F: 11 
15660 5 15670 190 F: 3 1 1 
15726 3 15738 18 F: 3 
15850 6 15868 309 F: 2 2 2 
15915 8 15947 90 F: 8 
16087 11 16098 113 F: 11 
16105 6 16111 358 F: 5 1 
16251 12 16263 180 F: 12 
16385 6 16409 273 F: 2 3 1 
16467 7 16474 447 F: 4 1 2 
16589 4 16593 97 F: 3 1 
16631 9 16658 233 F: 3 2 4 
16797 10 16807 355 F: 10 
16805 8 16813 287 F: 3 2 3 
16959 8 16975 375 F: 4 4 
17082 8 17098 12 F: 5 2 1 
17197 10 17207 96 F: 10 
17234 9 17270 106 F: 7 2 
17311 9 17329 39 F: 4 5 
17455 6 17479 444 F: 2 1 3 
17527 9 17563 438 F: 5 2 2 
17639 10 17669 66 F: 5 5 
17710 7 17731 273 F: 7 
17829 5 17849 154 F: 4 1 
17964 7 17985 98 F: 7 
18076 6 18094 448 F: 3 3 
18179 8 18211 9 F: 2 4 2 
18210 7 18238 49 F: 3 3 1 
18356 7 18370 301 F: 5 1 1 
18483 8 18499 302 F: 6 2 
18594 9 18612 150 F: 9 
18620 12 18632 405 F: 5 3 4 
18702 8 18718 424 F: 3 2 3 
18856 12 18868 43 F: 12 
18955 3 18961 408 F: 2 1 
19015 9 19033 2 F: 3 4 2 
19156 9 19183 423 F: 4 1 4 
19266 9 19302 346 F: 3 3 3 
19321 6 19333 164 F: 6 
19454 11 19476 400 F: 5 6 
19582 8 19598 169 F: 5 2 1 
19607 6 19625 431 F: 6 
19701 9 19728 122 F: 4 1 4 
19881 6 19893 27 F: 2 1 3 
19972 9 19999 441 F: 4 2 3 
20096 4 20100 164 F: 4 
20156 9 20165 9 F: 4 5 
20278 11 20311 376 F: 11 
20389 6 20407 193 F: 5 1 
20442 8 20450 159 F: 3 5 
20503 8 20535 85 F: 3 2 3 
20666 9 20675 160 F: 3 2 4 
20712 7 20740 317 F: 7 
20888 8 20912 267 F: 3 3 2 
20987 12 20999 220 F: 7 5 
21003 8 21019 162 F: 3 2 3 
21119 6 21125 179 F: 2 4 
21294 8 21318 327 F: 3 5 
21372 3 21381 119 F: 3 
21416 10 21456 311 F: 4 6 
21535 6 21559 124 F: 2 3 1 
21685 10 21705 299 F: 5 5 
21754 8 21770 58 F: 4 2 2 
21823 5 21828 175 F: 3 2 
21933 8 21965 359 F: 3 5 
22061 10 22081 372 F: 3 4 3 
22197 8 22229 348 F: 2 2 4 
22299 9 22317 142 F: 4 5 
22338 6 22350 96 F: 6 
22440 8 22448 156 F: 4 1 3 
22528 5 22543 304 F: 5 
22685 11 22707 271 F: 7 4 
22710 12 22758 314 F: 12 
22823 10 22853 70 F: 10 
22939 10 22949 236 F: 10 
23057 10 23077 80 F: 3 3 4 
23134 8 23142 348 F: 7 1 
23228 9 23255 294 F: 9 
23332 9 23359 83 F: 2 3 4 
23422 11 23466 365 F: 11 
23542 6 23554 320 F: 3 3 
23637 10 23657 379 F: 4 2 4 
23759 12 23795 253 F: 7 5 
23842 9 23851 447 F: 6 3 
23970 9 23988 416 F: 5 3 1 
24049 9 24085 378 F: 2 3 4 
24139 10 24159 449 F: 5 5 
24219 9 24246 115 F: 6 3 
24394 12 24442 186 F: 4 4 4 
24459 7 24487 447 F: 7 
24535 8 24551 209 F: 7 1 
24621 11 24665 320 F: 5 6 
24741 8 24773 349 F: 2 6 
24883 9 24910 9 F: 4 2 3 
24975 7 24982 274 F: 4 2 1 
25017 10 25057 226 F: 5 2 3 
25176 2 25178 202 F: 2 
25254 9 25263 13 F: 5 1 3 
25338 11 25360 241 F: 11 
25423 11 25467 64 F: 7 4 
25553 5 25573 401 F: 5 
25677 7 25684 94 F: 3 4 
25721 6 25733 415 F: 3 1 2 
25885 13 25911 177 F: 13 
25906 9 25915 225 F: 9 
26099 11 26110 390 F: 4 3 4 
26180 7 26187 186 F: 3 1 3 
26237 11 26248 347 F: 11 
26396 7 26424 210 F: 3 4 
26408 9 26426 381 F: 4 5 
26524 9 26542 146 F: 3 2 4 
26630 13 26669 160 F: 13 
26700 10 26730 209 F: 10 
26849 9 26885 36 F: 3 3 3 
26983 12 27019 340 F: 12 
27044 10 27054 331 F: 5 1 4 
27120 12 27168 261 F: 7 5 
27235 8 27243 291 F: 5 3 
27392 5 27407 285 F: 2 3 
27473 5 27478 26 F: 2 1 2 
27547 3 27556 147 F: 3 
27623 5 27633 59 F: 5 
27724 5 27729 128 F: 3 1 1 
27864 11 27897 186 F: 5 2 4 
27965 3 27974 86 F: 3 
28011 9 28038 361 F: 3 6 
28166 2 28168 442 F: 2 
28255 8 28287 227 F: 5 1 2 
28390 11 28434 284 F: 11 
28454 6 28460 106 F: 2 4 
28576 5 28586 69 F: 3 2 
28698 5 28718 72 F: 3 1 1 
28781 9 28790 444 F: 4 3 2 
28886 8 28902 308 F: 8 
28965 9 28974 25 F: 4 1 4 
29006 9 29033 434 F: 5 2 2 
29168 10 29208 335 F: 4 6 
29294 12 29330 34 F: 5 3 4 
29348 8 29364 207 F: 5 1 2 
29485 5 29490 408 F: 5 
29511 3 29514 180 F: 3 
29653 6 29677 87 F: 5 1 
29763 8 29787 224 F: 4 2 2 
29818 7 29825 238 F: 5 2 
29941 7 29955 285 F: 7 
30006 10 30036 225 F: 4 3 3 
30185 10 30205 67 F: 5 1 4 
30282 5 30292 201 F: 3 2 
30342 8 30358 325 F: 3 4 1 
30426 12 30450 374 F: 5 4 3 
30590 7 30604 77 F: 3 3 1 
30679 6 30703 78 F: 6 
30783 8 30815 106 F: 4 4 
30805 9 30841 221 F: 5 3 1 
30935 11 30968 395 F: 4 4 3 
31094 12 31118 389 F: 12 
31164 10 31184 244 F: 10 
31238 10 31248 405 F: 3 4 3 
31309 9 31318 207 F: 9 
31488 8 31504 414 F: 8 
31543 5 31548 24 F: 5 
31692 11 31725 142 F: 7 4 
31702 7 31716 99 F: 4 3 
31833 2 31837 92 F: 2 
31901 5 31921 92 F: 2 3 
32001 8 32009 348 F: 2 6 
32136 8 32144 288 F: 3 3 2 
32268 9 32304 67 F: 6 3 
32390 8 32422 120 F: 5 3 
32413 2 32417 242 F: 2 
32561 7 32589 60 F: 6 1 
32638 10 32658 2 F: 10 
32747 10 32757 312 F: 7 3 
32802 8 32834 123 F: 4 4 
32960 4 32968 32 F: 4 
33025 6 33043 60 F: 6 
33122 5 33142 378 F: 5 
33230 7 33244 55 F: 3 3 1 
33355 10 33385 279 F: 3 4 3 
33483 6 33489 393 F: 4 2 
33576 6 33594 60 F: 6 
33652 7 33666 360 F: 2 4 1 
33700 5 33710 53 F: 5 
33840 9 33867 259 F: 6 3 
33981 8 34013 414 F: 8 
34071 11 34082 303 F: 11 
34197 2 34201 421 F: 2 
34244 8 34252 136 F: 3 5 
34347 11 34380 198 F: 5 3 3 
34440 10 34460 133 F: 5 2 3 
34570 2 34572 63 F: 2 
34683 9 34710 263 F: 9 
34789 9 34816 280 F: 9 
34829 8 34837 49 F: 8 
34938 10 34968 193 F: 4 6 
35047 5 35062 232 F: 5 
35106 7 35134 428 F: 2 1 4 
35243 4 35259 65 F: 4 
35304 8 35320 165 F: 2 6 
35404 8 35436 235 F: 6 2 
35530 8 35562 314 F: 5 3 
35610 6 35622 167 F: 3 3 
35751 11 35773 292 F: 3 4 4 
35857 7 35878 62 F: 5 2 
35971 9 35989 291 F: 9 
36078 8 36102 223 F: 3 2 3 
36164 7 36185 103 F: 7 
36227 6 36239 447 F: 6 
36312 2 36314 100 F: 2 
36443 8 36459 219 F: 5 3 
36545 6 36557 373 F: 4 1 1 
36677 8 36685 105 F: 2 2 4 
36718 4 36726 17 F: 4 
36845 9 36872 274 F: 9 
36984 9 37002 378 F: 9 
37085 11 37118 192 F: 5 6 
37109 12 37145 227 F: 5 4 3 
37262 3 37274 449 F: 3 
37390 10 37430 163 F: 4 6 
37464 10 37474 241 F: 4 4 2 
37528 12 37576 397 F: 12 
37634 5 37654 28 F: 5 
37778 10 37818 298 F: 5 5 
37893 7 37900 235 F: 2 5 
37938 8 37970 56 F: 2 3 3 
38009 7 38030 394 F: 4 3 
38160 9 38187 225 F: 3 6 
38229 12 38241 80 F: 12 
38331 13 38370 203 F: 13 
38487 8 38503 371 F: 3 3 2 
38528 6 38540 355 F: 3 3 
38604 6 38610 255 F: 5 1 
38704 4 38712 190 F: 3 1 
38874 7 38888 177 F: 2 2 3 
38934 10 38944 98 F: 5 1 4 
39009 11 39042 320 F: 11 
39168 11 39179 406 F: 5 3 3 
39243 7 39250 94 F: 3 1 3 
39395 8 39411 171 F: 8 
39405 5 39425 25 F: 5 
39518 9 39536 276 F: 4 5 
39653 10 39683 244 F: 5 5 
39789 5 39809 213 F: 4 1 
39852 7 39859 41 F: 3 1 3 
39969 9 40005 69 F: 5 3 1 
40086 11 40119 370 F: 4 4 3 
40105 7 40112 379 F: 2 5 
40251 5 40256 405 F: 2 3 
40325 6 40331 86 F: 3 3 
40489 8 40497 280 F: 6 2 
40565 12 40613 273 F: 12 
40666 10 40706 160 F: 10 
40757 12 40781 29 F: 12 
40866 8 40882 68 F: 4 2 2 
40967 13 41006 371 F: 13 
41041 11 41074 210 F: 3 4 4 
41154 9 41181 158 F: 4 5 
41256 8 41288 447 F: 6 2 
41328 2 41330 397 F: 2 
41428 5 41438 194 F: 3 2 
41560 7 41588 53 F: 3 3 1 
41693 11 41704 135 F: 11 
41740 8 41748 419 F: 3 3 2 
41838 9 41856 329 F: 4 3 2 
41994 8 42018 4 F: 2 3 3 
42060 10 42070 89 F: 5 3 2 
42169 11 42213 63 F: 6 5 
42265 9 42301 388 F: 4 2 3 
42399 9 42417 387 F: 5 4 
42432 13 42471 209 F: 13 
42549 10 42559 154 F: 7 3 
42638 4 42642 356 F: 4 
42778 7 42792 384 F: 4 3 
42806 8 42814 300 F: 4 4 
42962 7 42976 108 F: 7 
43062 12 43074 235 F: 12 
43179 10 43209 189 F: 4 4 2 
43202 8 43210 34 F: 2 4 2 
43328 3 43334 147 F: 3 
43482 11 43493 230 F: 11 
43596 9 43632 329 F: 6 3 
43641 9 43659 335 F: 3 4 2 
43765 5 43785 356 F: 2 3 
43823 7 43844 82 F: 3 4 
43924 9 43960 203 F: 2 4 3 
44068 2 44072 240 F: 2 
44129 10 44159 366 F: 10 
44241 8 44265 184 F: 3 4 1 
44348 7 44369 437 F: 4 3 
44472 8 44496 223 F: 2 2 4 
44512 6 44524 80 F: 6 
44663 3 44675 47 F: 3 
44705 5 44715 145 F: 3 1 1 
44824 7 44831 414 F: 6 1 
44942 10 44962 254 F: 10 
D: 4 334 
D: 14 281 
D: 16 115 
D: 24 422 
D: 29 137 
D: 29 346 
D: 30 437 
D: 32 110 
D: 39 366 
D: 44 275 
D: 58 128 
D: 66 164 
D: 72 143 
D: 74 249 
D: 84 233 
D: 84 326 
D: 107 226 
D: 108 113 
D: 108 353 
D: 113 159 
D: 122 175 
D: 134 362 
D: 144 265 
D: 147 321 
D: 152 235 
D: 156 285 
D: 167 242 
D: 190 235 
D: 191 430 
D: 192 350 
D: 197 393 
D: 204 305 
D: 216 307 
D: 225 422 
D: 230 363 
D: 249 305 
D: 276 356 
D: 277 328 
D: 283 308 
D: 283 369 
D: 288 407 
D: 312 421 
D: 313 321 
D: 331 374 
D: 440 448 
