74 9 110 405 F: 4 1 4 
133 3 136 299 F: 3 
208 6 226 379 F: 4 2 
386 7 393 328 F: 4 2 1 
404 7 432 61 F: 4 3 
521 9 557 49 F: 5 4 
613 8 637 27 F: 2 3 3 
760 5 780 107 F: 4 1 
873 5 893 305 F: 4 1 
965 10 975 269 F: 5 3 2 
1090 8 1098 100 F: 2 6 
1199 8 1215 279 F: 2 2 4 
1266 9 1302 118 F: 7 2 
1311 10 1341 313 F: 5 2 3 
1464 3 1473 111 F: 3 
1559 4 1567 70 F: 2 2 
1605 9 1623 350 F: 2 3 4 
1726 6 1732 148 F: 5 1 
1868 9 1904 35 F: 4 3 2 
1986 9 2022 269 F: 5 1 3 
2076 6 2100 275 F: 3 2 1 
2172 10 2192 313 F: 4 2 4 
2246 6 2270 406 F: 3 1 2 
2369 11 2391 207 F: 5 6 
2406 8 2422 152 F: 7 1 
2523 8 2555 190 F: 2 6 
2672 12 2708 268 F: 12 
2709 12 2733 27 F: 6 6 
2888 7 2916 248 F: 4 3 
2908 7 2922 345 F: 6 1 
3060 7 3067 181 F: 4 1 2 
3167 8 3191 69 F: 7 1 
3271 8 3287 358 F: 4 2 2 
3334 5 3344 255 F: 2 3 
3475 7 3503 270 F: 2 5 
3592 2 3600 448 F: 2 
3651 11 3662 389 F: 5 6 
3797 10 3807 424 F: 6 4 
3891 13 3904 197 F: 5 4 4 
3910 11 3932 329 F: 11 
4033 11 4044 151 F: 11 
4121 6 4133 72 F: 4 2 
4216 7 4237 149 F: 2 2 3 
4384 11 4428 213 F: 11 
4494 11 4527 193 F: 7 4 
4524 10 4554 378 F: 4 3 3 
4631 10 4661 2 F: 5 2 3 
4710 6 4728 27 F: 5 1 
4806 9 4824 204 F: 6 3 
4950 12 4962 198 F: 4 4 4 
5051 4 5067 210 F: 4 
5159 10 5199 165 F: 6 4 
5222 11 5255 285 F: 5 2 4 
5327 2 5329 367 F: 2 
5469 13 5495 271 F: 13 
5531 9 5558 27 F: 4 5 
5628 6 5646 149 F: 5 1 
5764 9 5782 430 F: 5 4 
5841 8 5865 364 F: 5 2 1 
5977 11 6021 71 F: 11 
6088 7 6102 244 F: 3 1 3 
6127 10 6157 435 F: 10 
6253 5 6273 120 F: 4 1 
6357 5 6377 335 F: 4 1 
6440 8 6448 115 F: 4 4 
6536 6 6560 90 F: 2 3 1 
6620 8 6652 98 F: 4 3 1 
6765 8 6773 363 F: 5 3 
6891 7 6919 226 F: 3 2 2 
6957 12 7005 188 F: 6 6 
7045 10 7065 367 F: 5 5 
7156 6 7174 87 F: 6 
7220 5 7240 32 F: 3 2 
7342 13 7394 19 F: 7 6 
7455 9 7473 295 F: 3 6 
7503 10 7533 20 F: 7 3 
7693 4 7701 140 F: 2 2 
7796 11 7829 329 F: 4 3 4 
7853 2 7855 311 F: 2 
7939 8 7963 401 F: 4 1 3 
8087 5 8107 256 F: 3 2 
8162 8 8186 391 F: 8 
8241 10 8271 32 F: 10 
8337 7 8365 363 F: 3 3 1 
8415 5 8435 60 F: 2 3 
8570 8 8586 221 F: 3 1 4 
8640 9 8658 190 F: 3 6 
8749 10 8779 60 F: 5 1 4 
8801 10 8831 257 F: 10 
8988 5 8993 228 F: 5 
9059 9 9095 268 F: 3 2 4 
9165 9 9183 244 F: 4 5 
9209 10 9249 75 F: 10 
9372 10 9412 65 F: 7 3 
9432 12 9444 259 F: 12 
9507 10 9537 399 F: 4 4 2 
9679 12 9703 274 F: 6 6 
9788 7 9816 347 F: 4 2 1 
9808 5 9818 101 F: 2 3 
9940 10 9970 84 F: 4 4 2 
10038 12 10062 16 F: 4 4 4 
10122 12 10158 229 F: 12 
10288 6 10312 285 F: 4 2 
10376 6 10400 174 F: 5 1 
10412 9 10448 49 F: 4 2 3 
10518 9 10554 83 F: 4 5 
10647 6 10659 142 F: 2 4 
10776 10 10816 211 F: 5 4 1 
10871 5 10891 88 F: 5 
10992 3 11004 414 F: 3 
11037 10 11057 20 F: 4 6 
11134 5 11139 370 F: 3 1 1 
11257 6 11269 189 F: 5 1 
11304 9 11322 282 F: 3 3 3 
11440 7 11454 286 F: 5 1 1 
11512 7 11533 144 F: 3 3 1 
11643 10 11653 231 F: 4 6 
11780 11 11813 270 F: 11 
11826 6 11850 247 F: 3 3 
11982 11 12015 235 F: 6 5 
12069 11 12080 184 F: 5 2 4 
12174 6 12186 251 F: 3 2 1 
12287 8 12303 353 F: 4 4 
12323 10 12333 157 F: 5 5 
12492 6 12516 129 F: 2 4 
12534 7 12541 28 F: 7 
12684 11 12717 176 F: 4 3 4 
12734 4 12738 376 F: 2 2 
12883 11 12916 143 F: 3 4 4 
12929 7 12957 95 F: 4 1 2 
13075 8 13107 285 F: 4 4 
13136 10 13146 12 F: 7 3 
13272 13 13285 291 F: 13 
13356 10 13396 409 F: 4 3 3 
13406 8 13414 311 F: 8 
13507 10 13547 227 F: 10 
13660 10 13690 105 F: 10 
13777 9 13795 226 F: 5 2 2 
13803 13 13816 325 F: 13 
13931 7 13938 79 F: 3 2 2 
14080 5 14100 38 F: 4 1 
14171 13 14197 2 F: 13 
14215 7 14229 63 F: 4 2 1 
14360 10 14380 303 F: 10 
14481 11 14525 324 F: 4 3 4 
14539 8 14547 213 F: 3 5 
14646 6 14652 389 F: 4 1 1 
14720 6 14738 324 F: 2 4 
14876 7 14890 13 F: 7 
14957 7 14971 11 F: 3 3 1 
15051 12 15087 358 F: 12 
15109 7 15130 246 F: 4 3 
15224 9 15233 267 F: 9 
15340 7 15361 443 F: 4 3 
15479 5 15484 362 F: 4 1 
15544 9 15571 94 F: 9 
15635 6 15641 159 F: 6 
15797 7 15818 153 F: 3 2 2 
15895 9 15904 113 F: 9 
15991 10 16001 155 F: 5 3 2 
16050 5 16060 294 F: 5 
16190 10 16230 140 F: 7 3 
16248 10 16278 432 F: 6 4 
16386 10 16416 307 F: 4 6 
16454 9 16490 50 F: 9 
16539 8 16563 21 F: 8 
16685 10 16715 163 F: 10 
16715 7 16722 64 F: 7 
16821 9 16830 206 F: 6 3 
16908 13 16947 442 F: 13 
17075 11 17108 121 F: 11 
17102 13 17115 199 F: 13 
17211 2 17215 220 F: 2 
17391 11 17413 126 F: 7 4 
17488 7 17495 4 F: 3 4 
17539 7 17553 38 F: 4 2 1 
17615 4 17619 155 F: 4 
17716 5 17721 390 F: 2 1 2 
17887 9 17905 26 F: 4 1 4 
17978 11 18011 71 F: 4 4 3 
18006 8 18014 179 F: 2 3 3 
18160 10 18190 16 F: 5 5 
18233 5 18253 183 F: 5 
18305 8 18337 404 F: 5 3 
18477 9 18504 333 F: 9 
18520 9 18529 300 F: 9 
18686 12 18722 119 F: 12 
18729 8 18761 27 F: 6 2 
18871 7 18892 226 F: 2 2 3 
18950 11 18983 188 F: 6 5 
19066 8 19074 298 F: 8 
19183 12 19195 373 F: 5 3 4 
19255 9 19282 29 F: 4 4 1 
19333 9 19369 81 F: 4 3 2 
19421 5 19436 444 F: 5 
19549 3 19561 352 F: 3 
19648 8 19672 169 F: 2 4 2 
19704 5 19724 179 F: 5 
19840 9 19876 378 F: 5 4 
19985 9 20012 121 F: 4 2 3 
20033 5 20038 167 F: 4 1 
20107 6 20119 242 F: 2 3 1 
20285 8 20293 355 F: 8 
20356 11 20400 381 F: 5 4 2 
20410 3 20416 375 F: 3 
20547 5 20557 324 F: 5 
20662 7 20690 312 F: 6 1 
20707 8 20715 351 F: 4 1 3 
20829 2 20831 53 F: 2 
20972 5 20982 344 F: 5 
21062 10 21102 162 F: 5 4 1 
21108 7 21115 323 F: 7 
21213 12 21249 116 F: 7 5 
21312 9 21348 137 F: 4 5 
21425 3 21437 116 F: 3 
21546 6 21570 58 F: 2 4 
21666 6 21690 25 F: 6 
21770 10 21790 399 F: 2 4 4 
21841 8 21849 16 F: 3 4 1 
21986 7 22000 238 F: 3 3 1 
22007 9 22025 338 F: 5 4 
22186 12 22222 239 F: 12 
22283 7 22290 6 F: 7 
22365 3 22377 311 F: 3 
22447 7 22454 84 F: 6 1 
22572 7 22579 255 F: 7 
22660 9 22678 378 F: 9 
22782 10 22812 263 F: 5 1 4 
22804 11 22837 385 F: 5 3 3 
22986 10 23006 51 F: 2 4 4 
23079 10 23089 142 F: 10 
23186 9 23222 127 F: 4 1 4 
23286 11 23297 192 F: 7 4 
23390 10 23430 56 F: 6 4 
23421 8 23453 181 F: 8 
23537 4 23553 417 F: 2 2 
23654 5 23659 85 F: 5 
23745 7 23759 404 F: 4 1 2 
23849 10 23859 37 F: 4 6 
23983 6 24001 63 F: 3 3 
24041 2 24047 80 F: 2 
24161 10 24181 236 F: 4 6 
24246 6 24264 225 F: 2 1 3 
24380 8 24404 29 F: 2 4 2 
24426 13 24478 191 F: 13 
24547 6 24559 145 F: 3 2 1 
24637 2 24643 220 F: 2 
24757 4 24769 24 F: 2 2 
24829 8 24845 276 F: 7 1 
24904 7 24918 314 F: 4 2 1 
25025 10 25045 177 F: 5 5 
25124 8 25148 249 F: 4 4 
25229 10 25239 349 F: 4 3 3 
25373 11 25395 190 F: 4 3 4 
25450 9 25486 323 F: 5 2 2 
25562 9 25598 410 F: 4 5 
25622 11 25644 318 F: 11 
25726 10 25736 247 F: 4 4 2 
25849 8 25873 429 F: 7 1 
25985 5 25990 301 F: 4 1 
26043 12 26055 385 F: 6 6 
26110 9 26128 31 F: 2 3 4 
26279 3 26285 342 F: 3 
26363 10 26373 241 F: 3 4 3 
26489 7 26510 171 F: 3 3 1 
26595 9 26631 292 F: 9 
26610 6 26616 106 F: 4 1 1 
26707 3 26713 18 F: 2 1 
26817 9 26835 409 F: 5 4 
26965 12 26989 354 F: 12 
27075 5 27080 213 F: 3 1 1 
27178 8 27210 15 F: 5 3 
27203 13 27242 61 F: 13 
27351 8 27367 12 F: 5 1 2 
27413 7 27420 81 F: 2 3 2 
27537 6 27543 48 F: 2 1 3 
27655 5 27665 71 F: 5 
27730 3 27736 309 F: 3 
27834 5 27854 193 F: 3 2 
27967 2 27971 439 F: 2 
28066 9 28093 234 F: 3 4 2 
28164 5 28174 235 F: 4 1 
28241 9 28250 261 F: 6 3 
28364 4 28380 262 F: 4 
28492 12 28540 256 F: 12 
28545 10 28575 106 F: 7 3 
28602 5 28622 123 F: 5 
28762 10 28772 284 F: 4 4 2 
28826 10 28836 279 F: 5 1 4 
28900 6 28918 374 F: 2 2 2 
29020 5 29025 212 F: 3 2 
29146 7 29153 309 F: 4 1 2 
29291 12 29327 15 F: 12 
29384 11 29428 237 F: 5 2 4 
29478 9 29487 64 F: 3 4 2 
29534 4 29538 330 F: 4 
29601 11 29612 284 F: 11 
29770 6 29794 163 F: 4 2 
29821 3 29830 407 F: 3 
29926 10 29946 107 F: 10 
30055 5 30060 287 F: 2 2 1 
30160 12 30196 365 F: 12 
30287 7 30294 150 F: 2 3 2 
30321 6 30339 198 F: 3 1 2 
30480 9 30507 300 F: 3 6 
30522 8 30530 406 F: 2 6 
30696 8 30712 345 F: 3 3 2 
30737 6 30749 73 F: 3 3 
30828 7 30835 255 F: 4 1 2 
30954 3 30966 339 F: 2 1 
31089 8 31105 75 F: 4 3 1 
31146 3 31158 387 F: 3 
31269 8 31293 26 F: 5 1 2 
31371 7 31399 277 F: 6 1 
31446 5 31461 142 F: 3 2 
31566 4 31578 26 F: 3 1 
31672 6 31696 333 F: 5 1 
31776 6 31782 78 F: 6 
31890 10 31900 270 F: 10 
31958 9 31976 174 F: 7 2 
32096 12 32108 226 F: 7 5 
32192 2 32196 160 F: 2 
32278 6 32302 264 F: 2 2 2 
32366 6 32390 203 F: 2 3 1 
32451 7 32472 282 F: 4 3 
32578 5 32583 111 F: 3 1 1 
32671 2 32679 403 F: 2 
32763 8 32795 75 F: 8 
32818 7 32825 169 F: 5 2 
32999 11 33010 308 F: 5 3 3 
33042 6 33048 101 F: 2 4 
33115 13 33128 56 F: 13 
33262 7 33269 400 F: 3 1 3 
33357 7 33371 254 F: 3 1 3 
33465 10 33475 206 F: 5 5 
33535 4 33547 232 F: 4 
33666 5 33681 111 F: 5 
33704 13 33730 150 F: 7 6 
33854 13 33880 407 F: 13 
33916 7 33923 394 F: 7 
34006 5 34011 308 F: 5 
34149 5 34154 162 F: 5 
34214 6 34232 235 F: 2 1 3 
34353 11 34386 259 F: 5 6 
34461 8 34469 148 F: 3 5 
34571 5 34581 311 F: 3 2 
34621 11 34632 123 F: 3 4 4 
34728 9 34746 10 F: 6 3 
34847 4 34859 356 F: 4 
34921 9 34939 265 F: 4 5 
35021 7 35049 340 F: 7 
35159 7 35180 191 F: 7 
35213 8 35245 269 F: 8 
35389 7 35417 379 F: 4 3 
35465 10 35485 118 F: 6 4 
35549 7 35570 307 F: 4 1 2 
35662 10 35702 182 F: 5 5 
35706 10 35736 435 F: 5 2 3 
35889 8 35905 227 F: 2 6 
35944 8 35952 192 F: 6 2 
36086 8 36118 429 F: 2 4 2 
36146 7 36174 378 F: 6 1 
36264 7 36292 380 F: 3 2 2 
36347 11 36358 264 F: 11 
36431 10 36451 292 F: 5 5 
36577 5 36587 112 F: 3 1 1 
36670 10 36690 203 F: 4 2 4 
36745 7 36773 142 F: 7 
36807 12 36831 96 F: 12 
36913 6 36937 3 F: 6 
37063 8 37087 249 F: 4 2 2 
37131 7 37145 137 F: 7 
37299 13 37325 292 F: 7 6 
37394 9 37412 181 F: 4 5 
37453 9 37480 250 F: 9 
37562 12 37610 50 F: 12 
37642 9 37669 245 F: 4 5 
37753 8 37769 236 F: 3 2 3 
37867 9 37894 349 F: 9 
37919 6 37925 87 F: 2 4 
38007 6 38013 241 F: 4 2 
38187 13 38200 86 F: 5 4 4 
38299 3 38302 121 F: 2 1 
38381 7 38409 449 F: 5 1 1 
38470 8 38478 398 F: 6 2 
38591 10 38611 130 F: 3 3 4 
38690 11 38723 239 F: 6 5 
38721 7 38728 284 F: 6 1 
38884 8 38900 4 F: 2 2 4 
38914 12 38962 17 F: 12 
39006 11 39050 291 F: 11 
39161 10 39201 236 F: 5 4 1 
39243 9 39252 431 F: 7 2 
39317 9 39353 367 F: 9 
39468 5 39478 228 F: 5 
39510 6 39534 53 F: 5 1 
39623 3 39629 148 F: 3 
39717 7 39724 433 F: 6 1 
39886 8 39918 367 F: 3 1 4 
39926 10 39946 173 F: 5 4 1 
40047 13 40060 282 F: 13 
40143 4 40151 76 F: 4 
40293 9 40320 363 F: 4 5 
40376 7 40397 264 F: 4 3 
40458 7 40479 371 F: 3 4 
40580 11 40591 69 F: 11 
40645 2 40647 156 F: 2 
40753 5 40758 168 F: 4 1 
40882 9 40909 214 F: 4 4 1 
40957 5 40962 90 F: 5 
41093 12 41129 417 F: 5 3 4 
41142 6 41154 433 F: 6 
41278 8 41286 138 F: 3 2 3 
41388 6 41394 124 F: 2 4 
41441 5 41456 307 F: 4 1 
41501 4 41505 157 F: 3 1 
41651 8 41683 240 F: 4 2 2 
41746 8 41778 325 F: 5 1 2 
41845 10 41855 433 F: 5 3 2 
41925 9 41934 177 F: 4 2 3 
42032 8 42064 37 F: 8 
42135 8 42143 243 F: 3 4 1 
42206 12 42230 116 F: 12 
42326 7 42333 434 F: 3 1 3 
42460 6 42478 103 F: 6 
42553 13 42592 258 F: 5 4 4 
42630 10 42660 177 F: 4 6 
42756 11 42789 281 F: 11 
42819 8 42835 400 F: 2 3 3 
42931 11 42953 403 F: 11 
43010 8 43042 208 F: 5 1 2 
43155 6 43167 55 F: 6 
43247 9 43256 325 F: 4 5 
43341 10 43361 343 F: 5 5 
43466 4 43470 386 F: 4 
43570 13 43609 129 F: 13 
43642 2 43644 103 F: 2 
43735 6 43747 105 F: 6 
43859 8 43891 270 F: 3 1 4 
43924 8 43932 287 F: 2 4 2 
44019 8 44027 192 F: 3 5 
44154 2 44156 40 F: 2 
44274 12 44298 239 F: 12 
44398 9 44407 134 F: 5 1 3 
44470 8 44486 362 F: 3 3 2 
44531 8 44547 286 F: 8 
44612 10 44642 293 F: 3 3 4 
44724 8 44732 234 F: 2 6 
44897 9 44933 178 F: 3 2 4 
44996 7 45010 334 F: 6 1 
D: 1 414 
D: 10 230 
D: 13 106 
D: 13 335 
D: 17 350 
D: 20 37 
D: 23 305 
D: 28 216 
D: 30 333 
D: 35 131 
D: 43 50 
D: 51 355 
D: 54 408 
D: 58 95 
D: 59 191 
D: 68 326 
D: 80 382 
D: 87 265 
D: 88 363 
D: 125 290 
D: 128 352 
D: 129 171 
D: 166 243 
D: 168 322 
D: 172 379 
D: 186 410 
D: 190 266 
D: 195 351 
D: 210 213 
D: 210 228 
D: 216 219 
D: 235 396 
D: 251 293 
D: 277 369 
D: 294 392 
D: 302 408 
D: 304 412 
D: 310 374 
D: 318 330 
D: 322 445 
D: 325 370 
D: 338 362 
D: 360 408 
D: 361 366 
D: 385 391 
