91 7 119 137 F: 3 2 2 
199 9 235 231 F: 3 3 3 
218 9 227 375 F: 4 1 4 
376 8 408 67 F: 2 6 
453 4 461 346 F: 4 
548 6 560 382 F: 4 1 1 
685 10 725 227 F: 4 3 3 
785 12 797 54 F: 4 4 4 
828 13 880 174 F: 7 6 
945 12 981 245 F: 6 6 
1082 8 1114 58 F: 3 1 4 
1108 3 1117 288 F: 3 
1201 4 1213 50 F: 4 
1319 2 1325 441 F: 2 
1418 3 1421 311 F: 3 
1539 3 1545 353 F: 3 
1605 12 1641 434 F: 6 6 
1707 6 1719 97 F: 2 2 2 
1896 8 1928 99 F: 3 1 4 
1977 6 2001 261 F: 6 
2019 12 2031 167 F: 7 5 
2138 8 2146 162 F: 8 
2236 9 2254 301 F: 5 4 
2342 7 2356 305 F: 4 1 2 
2442 12 2466 97 F: 5 4 3 
2531 3 2534 251 F: 3 
2694 13 2746 299 F: 13 
2756 9 2783 297 F: 2 3 4 
2859 2 2865 106 F: 2 
2980 11 3013 89 F: 5 3 3 
3057 5 3072 155 F: 2 1 2 
3140 4 3152 440 F: 2 1 1 
3227 8 3259 419 F: 7 1 
3378 8 3410 340 F: 5 3 
3482 9 3518 222 F: 3 6 
3507 4 3511 233 F: 4 
3673 7 3680 84 F: 7 
3771 12 3783 324 F: 5 4 3 
3846 8 3854 333 F: 5 1 2 
3961 11 3983 165 F: 7 4 
4031 6 4043 288 F: 4 1 1 
4180 7 4208 120 F: 7 
4292 9 4328 298 F: 9 
4337 8 4361 100 F: 7 1 
4471 7 4478 339 F: 3 3 1 
4589 6 4601 308 F: 5 1 
4651 10 4671 257 F: 7 3 
4781 10 4801 246 F: 3 3 4 
4880 9 4916 78 F: 9 
4959 9 4986 359 F: 4 4 1 
5058 8 5090 353 F: 8 
5162 2 5168 341 F: 2 
5299 9 5335 381 F: 5 2 2 
5367 7 5388 303 F: 7 
5486 9 5522 391 F: 6 3 
5596 6 5614 231 F: 6 
5695 6 5707 220 F: 3 3 
5701 13 5753 407 F: 7 6 
5896 6 5902 440 F: 3 1 2 
5929 9 5947 140 F: 3 2 4 
6005 11 6027 266 F: 11 
6106 10 6126 379 F: 4 6 
6231 7 6238 174 F: 3 3 1 
6338 11 6360 286 F: 7 4 
6479 4 6495 30 F: 4 
6510 9 6528 434 F: 5 2 2 
6617 9 6653 296 F: 3 3 3 
6742 7 6770 444 F: 7 
6855 5 6865 124 F: 5 
6923 11 6934 165 F: 4 4 3 
7083 8 7091 271 F: 3 5 
7152 2 7154 215 F: 2 
7244 7 7251 446 F: 7 
7334 9 7361 74 F: 3 6 
7417 5 7432 95 F: 5 
7538 10 7578 202 F: 10 
7683 13 7722 9 F: 7 6 
7718 7 7725 89 F: 5 2 
7802 7 7809 419 F: 7 
7912 9 7921 255 F: 9 
8049 9 8085 250 F: 4 5 
8124 2 8128 259 F: 2 
8280 8 8288 209 F: 8 
8303 10 8323 54 F: 10 
8479 10 8509 13 F: 5 5 
8552 9 8579 7 F: 5 4 
8656 11 8689 128 F: 7 4 
8760 8 8768 369 F: 7 1 
8844 7 8858 321 F: 7 
8948 8 8972 345 F: 4 3 1 
9067 10 9077 335 F: 4 6 
9139 7 9153 80 F: 3 2 2 
9294 10 9314 48 F: 4 3 3 
9358 6 9364 105 F: 6 
9487 6 9499 217 F: 4 2 
9599 5 9604 194 F: 2 3 
9675 7 9682 286 F: 4 3 
9705 6 9717 200 F: 6 
9898 7 9926 407 F: 7 
9947 10 9987 284 F: 2 4 4 
10061 12 10097 383 F: 12 
10163 7 10191 76 F: 5 2 
10213 7 10234 81 F: 7 
10373 7 10394 192 F: 5 2 
10462 11 10473 133 F: 5 4 2 
10597 10 10637 175 F: 6 4 
10602 7 10630 137 F: 3 1 3 
10735 11 10757 223 F: 5 6 
10897 7 10918 301 F: 2 4 1 
10938 2 10940 125 F: 2 
11047 8 11071 360 F: 8 
11177 11 11210 127 F: 11 
11234 2 11236 38 F: 2 
11318 10 11358 219 F: 10 
11485 5 11505 76 F: 5 
11580 13 11606 90 F: 13 
11681 3 11693 336 F: 3 
11783 13 11835 409 F: 13 
11884 9 11893 373 F: 3 6 
11953 11 11997 439 F: 4 3 4 
12002 10 12032 167 F: 3 4 3 
12162 5 12182 437 F: 2 3 
12263 6 12269 180 F: 6 
12342 7 12363 448 F: 7 
12424 10 12434 165 F: 10 
12577 5 12582 148 F: 4 1 
12656 10 12686 409 F: 4 2 4 
12700 3 12703 433 F: 3 
12820 7 12834 330 F: 3 3 1 
12989 12 13025 384 F: 7 5 
13074 12 13098 249 F: 12 
13120 3 13123 121 F: 3 
13277 11 13299 412 F: 7 4 
13365 4 13377 227 F: 2 1 1 
13482 6 13494 139 F: 6 
13577 12 13601 200 F: 12 
13603 3 13615 121 F: 3 
13738 6 13750 173 F: 5 1 
13887 3 13893 82 F: 2 1 
13997 4 14005 181 F: 2 1 1 
14073 11 14117 247 F: 6 5 
14138 12 14150 304 F: 5 3 4 
14268 7 14282 374 F: 2 1 4 
14328 13 14380 141 F: 5 4 4 
14406 13 14445 198 F: 13 
14510 5 14525 89 F: 2 2 1 
14647 3 14656 63 F: 2 1 
14757 12 14793 100 F: 12 
14897 7 14904 139 F: 2 2 3 
14902 7 14909 352 F: 3 3 1 
15050 9 15059 172 F: 3 3 3 
15126 10 15136 155 F: 7 3 
15289 8 15321 274 F: 8 
15309 12 15357 333 F: 12 
15455 5 15465 81 F: 2 3 
15567 12 15579 151 F: 7 5 
15689 11 15733 399 F: 11 
15776 7 15797 324 F: 2 3 2 
15871 13 15897 14 F: 13 
15974 2 15982 26 F: 2 
16006 8 16038 87 F: 4 4 
16181 7 16195 256 F: 4 3 
16203 6 16209 318 F: 6 
16368 2 16372 17 F: 2 
16464 10 16494 399 F: 4 2 4 
16579 8 16595 191 F: 2 6 
16602 4 16610 77 F: 2 1 1 
16793 7 16800 166 F: 7 
16817 4 16821 375 F: 4 
16950 9 16977 35 F: 4 2 3 
17095 5 17100 386 F: 3 2 
17192 12 17216 169 F: 12 
17226 6 17250 391 F: 3 3 
17367 3 17370 186 F: 3 
17488 12 17536 15 F: 7 5 
17518 10 17528 82 F: 5 3 2 
17606 6 17618 280 F: 3 2 1 
17775 11 17819 150 F: 5 6 
17868 3 17880 130 F: 3 
17980 8 18012 311 F: 8 
18038 9 18074 391 F: 9 
18116 5 18126 78 F: 2 2 1 
18217 4 18233 37 F: 2 2 
18386 6 18410 272 F: 6 
18465 11 18509 306 F: 11 
18595 7 18609 97 F: 2 5 
18626 7 18654 166 F: 2 5 
18779 4 18787 329 F: 4 
18846 8 18870 47 F: 2 3 3 
18904 5 18924 154 F: 3 2 
19087 9 19123 44 F: 3 6 
19113 8 19137 339 F: 4 3 1 
19229 9 19247 57 F: 4 5 
19397 11 19441 248 F: 11 
19420 8 19444 60 F: 4 4 
19560 8 19576 168 F: 5 1 2 
19624 6 19642 256 F: 5 1 
19757 8 19773 19 F: 8 
19872 6 19890 263 F: 6 
19981 2 19983 139 F: 2 
20059 7 20087 217 F: 3 3 1 
20150 8 20166 108 F: 8 
20245 5 20265 45 F: 5 
20319 11 20363 146 F: 3 4 4 
20482 9 20491 249 F: 4 3 2 
20500 6 20506 336 F: 3 3 
20656 6 20674 96 F: 6 
20756 8 20780 214 F: 4 4 
20807 7 20828 224 F: 2 3 2 
20976 9 20985 367 F: 5 1 3 
21054 5 21059 413 F: 5 
21185 6 21197 422 F: 2 2 2 
21264 9 21273 120 F: 9 
21349 8 21357 85 F: 3 2 3 
21467 7 21488 147 F: 4 3 
21555 6 21561 428 F: 3 1 2 
21666 7 21680 253 F: 3 3 1 
21720 9 21729 60 F: 4 1 4 
21890 9 21899 263 F: 4 4 1 
21949 4 21953 209 F: 4 
22062 6 22068 68 F: 4 1 1 
22164 5 22179 81 F: 2 3 
22233 7 22240 415 F: 3 3 1 
22375 6 22399 275 F: 6 
22403 5 22413 348 F: 2 1 2 
22590 11 22612 148 F: 11 
22600 3 22606 221 F: 3 
22795 6 22807 274 F: 2 4 
22847 6 22871 116 F: 3 2 1 
22984 9 23011 425 F: 5 4 
23062 7 23069 61 F: 2 2 3 
23152 13 23165 46 F: 13 
23241 9 23250 83 F: 9 
23385 10 23395 226 F: 10 
23408 7 23422 237 F: 7 
23551 8 23583 303 F: 4 4 
23634 9 23661 417 F: 5 1 3 
23717 7 23738 423 F: 2 1 4 
23875 13 23914 209 F: 13 
23914 5 23924 292 F: 2 1 2 
24017 6 24029 139 F: 6 
24110 9 24119 342 F: 4 1 4 
24202 7 24209 88 F: 2 4 1 
24335 12 24359 8 F: 7 5 
24407 11 24440 422 F: 5 3 3 
24569 6 24575 383 F: 2 4 
24616 8 24648 248 F: 4 2 2 
24763 6 24775 39 F: 3 2 1 
24849 4 24853 107 F: 3 1 
24904 10 24944 283 F: 6 4 
25017 12 25065 183 F: 6 6 
25156 11 25200 20 F: 4 3 4 
25291 7 25312 61 F: 2 5 
25362 10 25382 398 F: 3 4 3 
25432 9 25450 189 F: 4 3 2 
25559 10 25569 132 F: 4 4 2 
25650 11 25683 339 F: 11 
25719 11 25752 379 F: 7 4 
25858 7 25865 164 F: 2 2 3 
25902 8 25926 219 F: 6 2 
26096 9 26132 330 F: 3 6 
26114 4 26126 165 F: 2 1 1 
26275 6 26281 39 F: 2 3 1 
26338 10 26368 173 F: 5 2 3 
26443 9 26461 290 F: 4 3 2 
26570 10 26610 84 F: 6 4 
26606 8 26630 144 F: 6 2 
26721 8 26729 397 F: 5 2 1 
26892 9 26928 352 F: 4 4 1 
26928 4 26940 28 F: 4 
27050 4 27062 45 F: 3 1 
27114 11 27158 278 F: 5 3 3 
27212 3 27218 420 F: 3 
27323 8 27339 25 F: 4 3 1 
27485 7 27513 57 F: 4 2 1 
27574 5 27584 205 F: 3 2 
27603 8 27611 226 F: 4 3 1 
27726 7 27740 421 F: 2 4 1 
27828 11 27839 439 F: 11 
27926 12 27974 91 F: 4 4 4 
28048 8 28056 244 F: 3 1 4 
28194 7 28222 297 F: 3 2 2 
28230 4 28234 385 F: 4 
28352 4 28360 89 F: 2 1 1 
28487 7 28494 391 F: 5 2 
28583 2 28591 426 F: 2 
28618 11 28640 433 F: 3 4 4 
28721 7 28749 226 F: 2 4 1 
28821 9 28830 26 F: 9 
28920 11 28942 401 F: 7 4 
29082 7 29110 366 F: 6 1 
29198 12 29246 365 F: 4 4 4 
29299 9 29335 54 F: 4 3 2 
29303 10 29333 19 F: 5 5 
29452 6 29464 285 F: 2 4 
29523 7 29537 304 F: 3 4 
29692 9 29701 222 F: 5 4 
29748 13 29774 207 F: 13 
29857 8 29889 247 F: 3 2 3 
29919 6 29931 29 F: 2 2 2 
30001 8 30017 39 F: 7 1 
30162 4 30174 272 F: 3 1 
30270 13 30322 26 F: 13 
30352 12 30364 439 F: 12 
30475 6 30487 287 F: 4 2 
30598 9 30607 389 F: 4 5 
30677 10 30697 139 F: 2 4 4 
30794 12 30842 450 F: 4 4 4 
30854 7 30861 316 F: 7 
30930 8 30946 14 F: 2 6 
31083 9 31092 253 F: 6 3 
31190 12 31238 142 F: 12 
31247 3 31253 441 F: 3 
31304 3 31307 394 F: 3 
31496 3 31505 361 F: 3 
31512 6 31518 262 F: 3 2 1 
31619 9 31628 173 F: 3 4 2 
31709 9 31718 377 F: 3 3 3 
31800 5 31805 422 F: 3 1 1 
31997 9 32006 359 F: 6 3 
32017 10 32037 6 F: 5 5 
32185 9 32212 390 F: 7 2 
32263 9 32290 379 F: 4 1 4 
32352 8 32376 125 F: 8 
32434 11 32456 246 F: 5 4 2 
32582 9 32600 284 F: 6 3 
32626 6 32632 256 F: 4 2 
32703 10 32743 133 F: 2 4 4 
32880 10 32910 416 F: 10 
32990 10 33020 313 F: 10 
33066 8 33090 56 F: 8 
33134 3 33146 220 F: 3 
33219 7 33226 176 F: 4 3 
33327 9 33336 398 F: 4 5 
33479 3 33482 334 F: 2 1 
33539 8 33563 17 F: 2 6 
33671 4 33675 252 F: 4 
33753 8 33769 237 F: 4 4 
33863 2 33871 35 F: 2 
33916 6 33928 120 F: 2 4 
34029 6 34041 80 F: 3 2 1 
34177 8 34185 337 F: 8 
34205 9 34232 21 F: 3 6 
34391 5 34411 95 F: 4 1 
34485 6 34491 142 F: 5 1 
34546 11 34568 290 F: 3 4 4 
34621 5 34636 322 F: 2 1 2 
34701 11 34712 134 F: 11 
34807 8 34831 77 F: 2 6 
34983 7 35004 171 F: 7 
35086 8 35118 95 F: 4 4 
35164 3 35173 312 F: 3 
35295 6 35307 201 F: 4 1 1 
35365 13 35417 192 F: 13 
35479 9 35488 167 F: 5 4 
35586 7 35614 150 F: 6 1 
35654 11 35676 184 F: 11 
35713 6 35719 231 F: 6 
35891 13 35930 387 F: 13 
35910 6 35934 104 F: 6 
36045 9 36063 379 F: 3 6 
36142 8 36150 266 F: 4 2 2 
36202 4 36206 86 F: 4 
36391 9 36409 162 F: 9 
36463 7 36477 59 F: 3 4 
36585 8 36617 44 F: 4 3 1 
36653 8 36661 210 F: 6 2 
36765 2 36767 253 F: 2 
36826 7 36833 364 F: 7 
36990 7 36997 186 F: 2 3 2 
37051 7 37072 351 F: 4 1 2 
37118 8 37126 374 F: 3 5 
37285 5 37295 65 F: 5 
37307 10 37337 217 F: 6 4 
37429 6 37447 232 F: 6 
37565 5 37580 222 F: 2 3 
37611 6 37617 101 F: 4 2 
37748 2 37752 3 F: 2 
37836 11 37880 75 F: 11 
37974 10 38014 322 F: 10 
38058 7 38072 395 F: 2 2 3 
38121 3 38124 197 F: 3 
38210 8 38218 97 F: 6 2 
38313 3 38316 94 F: 2 1 
38441 10 38461 400 F: 4 2 4 
38549 6 38567 182 F: 3 3 
38688 8 38704 124 F: 8 
38709 3 38718 121 F: 3 
38817 5 38822 22 F: 5 
38967 6 38985 72 F: 6 
39022 9 39058 272 F: 3 2 4 
39159 6 39171 432 F: 6 
39241 4 39249 59 F: 4 
39389 4 39405 298 F: 2 2 
39423 9 39441 39 F: 2 3 4 
39526 5 39546 214 F: 2 2 1 
39678 7 39692 116 F: 7 
39727 12 39775 290 F: 12 
39879 8 39903 316 F: 7 1 
39988 7 40016 389 F: 2 5 
40003 11 40047 437 F: 5 2 4 
40158 8 40174 243 F: 4 4 
40296 9 40305 316 F: 3 2 4 
40353 8 40369 413 F: 4 3 1 
40409 12 40433 94 F: 7 5 
40548 11 40581 190 F: 11 
40657 8 40673 308 F: 2 6 
40722 2 40724 337 F: 2 
40899 4 40915 347 F: 2 2 
40932 7 40953 89 F: 2 5 
41023 6 41041 62 F: 6 
41154 8 41178 209 F: 4 4 
41266 7 41273 98 F: 7 
41397 9 41424 221 F: 7 2 
41410 10 41420 177 F: 10 
41533 6 41551 424 F: 3 2 1 
41637 9 41655 14 F: 5 1 3 
41743 3 41746 253 F: 3 
41836 7 41843 187 F: 2 1 4 
41969 8 41977 244 F: 7 1 
42038 9 42056 309 F: 6 3 
42113 7 42141 210 F: 3 1 3 
42298 9 42307 130 F: 4 2 3 
42392 3 42395 50 F: 3 
42489 7 42517 423 F: 2 5 
42542 7 42570 253 F: 6 1 
42633 10 42653 178 F: 6 4 
42740 6 42758 290 F: 3 3 
42889 4 42901 104 F: 4 
42948 7 42962 378 F: 7 
43065 11 43098 21 F: 11 
43111 12 43135 228 F: 7 5 
43294 10 43314 308 F: 10 
43379 10 43419 284 F: 2 4 4 
43417 8 43433 134 F: 8 
43572 2 43576 144 F: 2 
43601 6 43619 337 F: 5 1 
43763 4 43767 236 F: 4 
43893 12 43917 445 F: 5 4 3 
43923 8 43955 302 F: 2 2 4 
44052 7 44059 297 F: 5 2 
44118 5 44133 361 F: 5 
44249 7 44270 353 F: 2 2 3 
44334 8 44342 162 F: 3 2 3 
44486 9 44513 45 F: 2 4 3 
44566 12 44614 251 F: 12 
44637 13 44663 260 F: 13 
44746 11 44768 351 F: 4 3 4 
44817 7 44845 23 F: 7 
44912 7 44933 392 F: 7 
D: 3 23 
D: 10 86 
D: 12 229 
D: 14 428 
D: 21 349 
D: 29 201 
D: 32 207 
D: 38 426 
D: 39 60 
D: 47 168 
D: 58 63 
D: 59 168 
D: 68 234 
D: 69 186 
D: 72 276 
D: 74 262 
D: 75 227 
D: 76 411 
D: 82 350 
D: 90 366 
D: 92 407 
D: 95 101 
D: 101 430 
D: 102 193 
D: 117 262 
D: 120 241 
D: 137 146 
D: 151 172 
D: 154 172 
D: 154 376 
D: 167 389 
D: 170 316 
D: 195 309 
D: 218 431 
D: 221 280 
D: 229 425 
D: 243 263 
D: 250 337 
D: 250 420 
D: 264 418 
D: 286 366 
D: 332 422 
D: 341 446 
D: 371 375 
D: 397 434 
