7 12 31 289 F: 12 
185 12 209 232 F: 4 4 4 
210 6 228 59 F: 2 4 
361 10 401 239 F: 2 4 4 
483 9 492 266 F: 5 4 
561 5 566 63 F: 2 1 2 
671 6 683 179 F: 5 1 
726 6 750 178 F: 5 1 
897 8 929 80 F: 6 2 
988 7 995 440 F: 2 1 4 
1087 11 1131 382 F: 5 6 
1135 6 1147 366 F: 6 
1259 6 1277 384 F: 5 1 
1307 10 1327 227 F: 3 3 4 
1489 2 1495 86 F: 2 
1567 10 1607 273 F: 3 4 3 
1660 11 1682 40 F: 11 
1752 8 1760 298 F: 3 5 
1878 9 1905 435 F: 5 1 3 
1988 6 2006 408 F: 6 
2067 11 2111 323 F: 7 4 
2134 5 2149 20 F: 4 1 
2223 9 2232 301 F: 4 5 
2376 4 2388 132 F: 3 1 
2447 12 2483 390 F: 5 3 4 
2593 11 2626 251 F: 7 4 
2689 9 2716 86 F: 3 6 
2750 11 2794 178 F: 5 4 2 
2891 11 2924 346 F: 7 4 
2934 8 2958 383 F: 5 2 1 
3073 12 3085 61 F: 12 
3185 8 3217 403 F: 7 1 
3280 9 3289 291 F: 4 5 
3347 7 3368 208 F: 7 
3492 9 3501 144 F: 3 3 3 
3542 11 3575 93 F: 5 3 3 
3658 7 3686 16 F: 2 4 1 
3796 6 3802 386 F: 2 1 3 
3826 8 3850 433 F: 4 4 
3962 5 3982 316 F: 4 1 
4046 10 4066 174 F: 4 6 
4103 11 4136 84 F: 11 
4266 6 4278 175 F: 2 3 1 
4364 10 4404 46 F: 4 2 4 
4485 6 4503 126 F: 2 4 
4501 6 4513 68 F: 5 1 
4678 2 4684 393 F: 2 
4783 9 4810 431 F: 4 2 3 
4807 11 4829 120 F: 5 3 3 
4919 9 4937 374 F: 5 4 
5024 7 5038 365 F: 3 1 3 
5123 10 5153 413 F: 5 4 1 
5246 2 5252 159 F: 2 
5305 13 5331 445 F: 13 
5460 7 5474 372 F: 3 4 
5511 6 5523 17 F: 4 1 1 
5609 7 5630 172 F: 6 1 
5730 12 5778 174 F: 5 4 3 
5837 4 5849 75 F: 3 1 
5998 10 6018 292 F: 10 
6014 8 6046 181 F: 8 
6133 9 6151 382 F: 3 4 2 
6261 6 6273 333 F: 6 
6308 12 6320 136 F: 7 5 
6481 2 6483 37 F: 2 
6512 10 6542 191 F: 5 5 
6695 13 6747 155 F: 13 
6777 11 6788 349 F: 5 4 2 
6863 7 6870 7 F: 2 4 1 
6916 8 6924 384 F: 5 3 
7081 10 7101 321 F: 4 6 
7114 10 7154 339 F: 4 2 4 
7218 9 7236 133 F: 4 2 3 
7375 12 7399 396 F: 7 5 
7414 7 7421 346 F: 3 2 2 
7589 2 7597 261 F: 2 
7669 5 7679 43 F: 4 1 
7758 5 7768 195 F: 3 1 1 
7856 13 7908 346 F: 7 6 
7953 9 7989 353 F: 5 2 2 
8024 11 8068 221 F: 11 
8139 7 8167 395 F: 7 
8280 8 8304 18 F: 3 1 4 
8390 13 8403 111 F: 13 
8458 6 8476 219 F: 6 
8522 8 8538 171 F: 5 2 1 
8683 8 8707 82 F: 6 2 
8744 8 8752 190 F: 4 4 
8809 9 8836 94 F: 4 5 
8956 11 8967 172 F: 6 5 
9076 5 9096 282 F: 5 
9134 10 9154 273 F: 5 5 
9234 3 9240 361 F: 3 
9386 12 9410 310 F: 6 6 
9477 5 9487 425 F: 4 1 
9568 5 9583 166 F: 5 
9674 4 9690 45 F: 4 
9797 6 9809 59 F: 4 2 
9849 8 9857 303 F: 8 
9927 8 9951 319 F: 5 3 
10036 8 10044 257 F: 3 3 2 
10190 4 10202 170 F: 3 1 
10207 11 10218 90 F: 6 5 
10391 12 10415 419 F: 12 
10433 7 10454 348 F: 2 3 2 
10526 13 10565 36 F: 13 
10698 9 10725 152 F: 7 2 
10738 12 10786 140 F: 12 
10881 9 10917 116 F: 9 
10925 5 10930 93 F: 3 2 
11060 6 11078 294 F: 3 3 
11182 10 11222 316 F: 6 4 
11218 13 11257 110 F: 7 6 
11351 11 11384 203 F: 3 4 4 
11497 5 11502 85 F: 3 1 1 
11524 3 11533 186 F: 3 
11649 5 11654 265 F: 5 
11758 12 11806 383 F: 6 6 
11805 7 11833 302 F: 6 1 
11960 9 11969 74 F: 3 4 2 
12059 11 12103 304 F: 11 
12163 8 12171 276 F: 3 5 
12224 8 12232 338 F: 3 3 2 
12301 10 12341 200 F: 6 4 
12440 9 12458 62 F: 4 1 4 
12506 8 12522 421 F: 2 2 4 
12636 6 12660 100 F: 3 3 
12746 11 12768 373 F: 7 4 
12873 4 12889 277 F: 4 
12967 2 12975 330 F: 2 
13018 8 13050 299 F: 3 3 2 
13161 2 13165 304 F: 2 
13269 8 13285 418 F: 5 1 2 
13378 8 13394 298 F: 3 3 2 
13448 11 13470 135 F: 7 4 
13581 11 13625 31 F: 11 
13628 13 13654 211 F: 7 6 
13717 9 13735 438 F: 6 3 
13815 8 13831 330 F: 6 2 
13963 10 13983 355 F: 4 3 3 
14030 8 14038 435 F: 8 
14164 6 14182 46 F: 3 1 2 
14271 8 14303 254 F: 7 1 
14381 12 14393 395 F: 5 4 3 
14459 3 14462 309 F: 2 1 
14582 5 14592 166 F: 2 3 
14622 13 14661 385 F: 13 
14753 12 14777 123 F: 5 3 4 
14858 11 14902 192 F: 4 3 4 
14977 6 14989 103 F: 6 
15018 13 15044 331 F: 13 
15130 4 15142 326 F: 4 
15264 8 15288 103 F: 5 1 2 
15386 8 15410 297 F: 4 4 
15444 11 15477 319 F: 5 4 2 
15528 9 15555 377 F: 4 1 4 
15648 7 15669 8 F: 6 1 
15784 3 15790 370 F: 3 
15881 5 15901 230 F: 3 2 
15900 9 15918 151 F: 2 4 3 
16067 9 16076 193 F: 9 
16104 8 16136 233 F: 5 2 1 
16250 9 16277 418 F: 5 4 
16367 13 16419 251 F: 13 
16430 9 16439 169 F: 4 5 
16506 11 16550 200 F: 5 6 
16635 6 16653 62 F: 3 3 
16723 9 16759 212 F: 5 2 2 
16884 12 16908 241 F: 6 6 
16901 12 16913 125 F: 7 5 
17077 9 17113 101 F: 9 
17111 9 17129 344 F: 7 2 
17211 4 17227 211 F: 4 
17384 9 17420 106 F: 3 6 
17416 13 17468 259 F: 13 
17525 9 17552 314 F: 5 2 2 
17658 9 17676 414 F: 9 
17776 3 17779 149 F: 2 1 
17843 10 17883 381 F: 10 
17910 9 17928 73 F: 3 2 4 
18058 10 18088 305 F: 3 4 3 
18113 4 18125 396 F: 2 1 1 
18274 6 18292 157 F: 3 3 
18326 8 18342 27 F: 3 3 2 
18425 11 18469 411 F: 4 3 4 
18554 8 18586 178 F: 8 
18628 6 18640 417 F: 2 2 2 
18730 10 18740 229 F: 5 5 
18895 7 18916 169 F: 5 2 
18912 3 18924 11 F: 3 
19057 13 19070 391 F: 13 
19109 8 19117 12 F: 4 1 3 
19261 11 19294 433 F: 6 5 
19352 8 19368 40 F: 8 
19482 8 19490 428 F: 5 1 2 
19594 9 19621 364 F: 4 2 3 
19647 4 19655 121 F: 4 
19791 9 19800 434 F: 9 
19860 13 19899 357 F: 7 6 
19949 8 19965 370 F: 7 1 
20012 6 20036 98 F: 6 
20109 9 20118 267 F: 3 3 3 
20256 10 20286 415 F: 2 4 4 
20376 7 20383 192 F: 2 4 1 
20487 9 20496 293 F: 3 6 
20509 10 20529 352 F: 5 1 4 
20646 3 20652 49 F: 3 
20755 2 20761 409 F: 2 
20878 7 20906 56 F: 3 4 
20989 9 21016 182 F: 9 
21068 8 21092 102 F: 3 1 4 
21134 9 21152 56 F: 6 3 
21245 12 21269 316 F: 5 3 4 
21320 5 21325 377 F: 5 
21494 8 21526 165 F: 8 
21581 13 21607 172 F: 13 
21613 9 21622 295 F: 5 2 2 
21741 13 21767 76 F: 13 
21810 6 21816 115 F: 6 
21986 8 21994 80 F: 7 1 
22088 9 22106 49 F: 3 6 
22140 4 22152 111 F: 2 2 
22249 5 22254 324 F: 5 
22380 8 22388 68 F: 4 4 
22467 12 22491 432 F: 7 5 
22541 8 22557 433 F: 3 3 2 
22698 5 22713 82 F: 3 1 1 
22710 13 22749 3 F: 13 
22854 11 22887 85 F: 3 4 4 
22919 10 22939 39 F: 10 
23023 2 23027 287 F: 2 
23125 7 23153 29 F: 2 1 4 
23278 3 23287 12 F: 2 1 
23357 7 23364 81 F: 3 3 1 
23446 10 23476 182 F: 5 4 1 
23501 13 23527 379 F: 13 
23672 8 23704 3 F: 3 5 
23761 7 23782 363 F: 2 5 
23806 8 23814 414 F: 5 1 2 
23936 13 23949 146 F: 13 
24024 9 24033 425 F: 5 4 
24183 7 24204 264 F: 7 
24277 4 24285 195 F: 4 
24377 5 24382 110 F: 5 
24481 12 24529 439 F: 12 
24582 9 24600 322 F: 5 4 
24636 8 24668 259 F: 3 2 3 
24710 10 24740 313 F: 4 6 
24898 2 24906 263 F: 2 
24908 5 24928 120 F: 3 1 1 
25074 4 25090 63 F: 4 
25152 3 25161 172 F: 3 
25203 9 25230 384 F: 4 5 
25375 7 25382 448 F: 5 2 
25406 8 25430 249 F: 8 
25591 8 25615 3 F: 8 
25623 10 25663 10 F: 10 
25735 6 25747 434 F: 5 1 
25899 9 25917 21 F: 3 6 
25917 8 25949 269 F: 8 
26074 13 26126 318 F: 7 6 
26176 6 26194 50 F: 3 1 2 
26266 2 26268 190 F: 2 
26389 10 26419 25 F: 10 
26462 3 26468 375 F: 3 
26564 11 26586 285 F: 6 5 
26675 7 26703 74 F: 3 3 1 
26752 11 26774 69 F: 7 4 
26869 4 26873 425 F: 4 
26900 5 26920 279 F: 3 1 1 
27077 4 27081 138 F: 4 
27133 6 27145 322 F: 4 1 1 
27293 11 27304 116 F: 11 
27354 2 27358 166 F: 2 
27470 6 27476 99 F: 4 2 
27552 9 27579 340 F: 5 2 2 
27638 13 27664 442 F: 13 
27743 4 27747 75 F: 4 
27848 5 27853 365 F: 4 1 
27905 7 27926 344 F: 6 1 
28075 11 28108 423 F: 7 4 
28118 8 28150 404 F: 2 2 4 
28230 7 28251 120 F: 7 
28316 3 28328 364 F: 2 1 
28478 8 28510 89 F: 3 2 3 
28530 8 28538 78 F: 7 1 
28694 10 28734 398 F: 2 4 4 
28758 9 28794 38 F: 5 1 3 
28819 13 28845 146 F: 13 
28982 8 28998 417 F: 3 5 
29002 9 29029 270 F: 2 4 3 
29175 9 29202 94 F: 4 2 3 
29284 5 29304 236 F: 4 1 
29367 8 29383 117 F: 2 2 4 
29400 11 29433 413 F: 7 4 
29508 5 29513 238 F: 5 
29674 7 29702 361 F: 7 
29779 3 29788 49 F: 3 
29881 2 29883 157 F: 2 
29997 8 30021 150 F: 8 
30057 7 30071 323 F: 5 2 
30144 6 30168 387 F: 5 1 
30216 11 30227 115 F: 5 6 
30361 9 30370 109 F: 3 2 4 
30494 7 30508 30 F: 7 
30591 11 30613 98 F: 4 4 3 
30627 9 30663 77 F: 9 
30797 10 30837 95 F: 10 
30851 13 30864 105 F: 13 
30922 11 30966 18 F: 4 3 4 
31030 7 31037 272 F: 2 1 4 
31186 9 31195 265 F: 6 3 
31224 5 31244 268 F: 2 2 1 
31376 7 31404 108 F: 2 1 4 
31428 2 31436 112 F: 2 
31518 7 31532 222 F: 2 2 3 
31629 5 31649 45 F: 5 
31757 4 31773 269 F: 4 
31806 9 31824 11 F: 2 4 3 
31910 8 31918 235 F: 4 4 
32021 7 32042 343 F: 2 2 3 
32160 10 32180 169 F: 5 4 1 
32225 8 32257 189 F: 2 2 4 
32332 8 32364 227 F: 7 1 
32454 8 32486 310 F: 7 1 
32551 7 32565 284 F: 7 
32637 7 32665 396 F: 5 1 1 
32760 5 32770 294 F: 2 3 
32828 6 32840 402 F: 3 3 
32999 10 33029 62 F: 4 4 2 
33094 7 33101 283 F: 4 3 
33181 7 33202 372 F: 7 
33287 13 33339 236 F: 13 
33308 11 33341 192 F: 5 3 3 
33445 5 33450 395 F: 5 
33512 11 33523 258 F: 3 4 4 
33694 5 33709 377 F: 3 2 
33778 10 33788 186 F: 4 6 
33878 6 33890 181 F: 6 
33934 9 33961 309 F: 4 5 
34028 10 34058 159 F: 4 6 
34147 9 34183 146 F: 3 2 4 
34277 2 34285 240 F: 2 
34359 6 34365 142 F: 3 2 1 
34447 9 34465 232 F: 4 4 1 
34575 8 34607 150 F: 2 6 
34617 10 34627 17 F: 5 4 1 
34747 5 34762 156 F: 3 1 1 
34879 8 34911 208 F: 5 3 
34916 8 34924 107 F: 7 1 
35066 13 35105 43 F: 13 
35104 5 35114 61 F: 2 1 2 
35246 4 35250 414 F: 3 1 
35353 5 35368 374 F: 5 
35496 5 35501 238 F: 5 
35560 5 35565 51 F: 5 
35687 8 35703 141 F: 8 
35780 8 35796 447 F: 8 
35852 7 35880 348 F: 6 1 
35986 9 36022 265 F: 2 3 4 
36061 12 36109 220 F: 5 4 3 
36161 5 36181 410 F: 3 2 
36239 5 36244 392 F: 5 
36393 10 36423 153 F: 2 4 4 
36402 6 36414 349 F: 4 2 
36560 6 36584 206 F: 2 2 2 
36659 11 36703 239 F: 5 4 2 
36775 5 36780 209 F: 3 2 
36815 10 36845 61 F: 6 4 
36988 12 37036 68 F: 4 4 4 
37012 6 37036 370 F: 6 
37188 10 37228 47 F: 4 2 4 
37224 9 37251 446 F: 5 3 1 
37335 6 37353 186 F: 3 3 
37433 8 37465 397 F: 7 1 
37598 9 37634 112 F: 4 1 4 
37635 13 37687 289 F: 7 6 
37775 10 37785 241 F: 5 3 2 
37853 9 37871 268 F: 3 6 
37942 10 37982 247 F: 7 3 
38061 8 38085 172 F: 2 6 
38149 13 38188 261 F: 5 4 4 
38200 5 38215 234 F: 2 1 2 
38317 8 38333 235 F: 8 
38461 8 38485 373 F: 3 1 4 
38596 7 38624 144 F: 2 1 4 
38627 8 38635 375 F: 4 2 2 
38731 9 38749 219 F: 5 2 2 
38845 7 38866 208 F: 6 1 
38963 5 38973 298 F: 5 
39067 8 39075 65 F: 8 
39150 6 39162 77 F: 2 1 3 
39296 4 39308 317 F: 4 
39307 8 39315 288 F: 4 3 1 
39419 10 39429 341 F: 5 5 
39588 4 39596 390 F: 4 
39672 9 39708 113 F: 9 
39732 8 39764 343 F: 2 4 2 
39808 10 39818 121 F: 5 3 2 
39912 2 39916 250 F: 2 
40015 11 40048 89 F: 11 
40155 9 40191 68 F: 4 4 1 
40299 4 40311 88 F: 4 
40308 6 40332 180 F: 3 3 
40482 3 40494 24 F: 3 
40582 7 40589 94 F: 2 5 
40636 10 40666 180 F: 10 
40796 7 40817 137 F: 2 4 1 
40831 10 40841 205 F: 10 
40951 8 40967 139 F: 5 2 1 
41084 11 41095 432 F: 3 4 4 
41109 8 41125 35 F: 4 3 1 
41206 8 41230 40 F: 2 4 2 
41317 10 41357 236 F: 10 
41496 6 41514 177 F: 6 
41504 4 41512 150 F: 4 
41693 7 41707 55 F: 2 3 2 
41760 10 41770 33 F: 5 5 
41882 8 41914 433 F: 5 3 
41937 10 41957 390 F: 4 6 
42094 9 42130 66 F: 5 4 
42185 7 42213 39 F: 7 
42229 7 42257 229 F: 6 1 
42399 7 42406 319 F: 4 3 
42489 10 42519 275 F: 4 2 4 
42583 5 42593 319 F: 3 1 1 
42674 9 42683 390 F: 9 
42758 6 42770 1 F: 6 
42896 10 42906 67 F: 10 
42975 9 43011 101 F: 2 4 3 
43019 9 43046 9 F: 9 
43140 4 43152 6 F: 4 
43282 6 43288 279 F: 4 1 1 
43364 7 43371 106 F: 7 
43420 9 43438 192 F: 5 2 2 
43506 11 43539 65 F: 4 4 3 
43617 6 43623 278 F: 3 3 
43770 9 43806 401 F: 4 3 2 
43808 5 43813 151 F: 3 2 
43907 6 43931 86 F: 3 1 2 
44080 10 44120 109 F: 2 4 4 
44165 8 44189 402 F: 2 6 
44262 7 44290 239 F: 5 1 1 
44346 7 44353 2 F: 3 2 2 
44490 10 44500 388 F: 3 4 3 
44540 7 44547 377 F: 4 3 
44625 6 44637 169 F: 5 1 
44786 6 44804 297 F: 2 4 
44879 13 44905 90 F: 5 4 4 
44988 11 45032 447 F: 11 
D: 9 287 
D: 10 44 
D: 10 97 
D: 15 31 
D: 18 310 
D: 26 318 
D: 29 38 
D: 33 261 
D: 33 339 
D: 46 407 
D: 62 68 
D: 66 255 
D: 68 148 
D: 72 314 
D: 89 259 
D: 93 257 
D: 100 304 
D: 107 270 
D: 112 285 
D: 112 362 
D: 116 118 
D: 116 150 
D: 118 205 
D: 119 356 
D: 120 441 
D: 130 403 
D: 136 149 
D: 167 335 
D: 170 241 
D: 170 373 
D: 176 265 
D: 192 328 
D: 204 348 
D: 205 282 
D: 231 424 
D: 237 443 
D: 245 403 
D: 245 420 
D: 249 320 
D: 251 345 
D: 256 259 
D: 285 424 
D: 327 399 
D: 355 431 
D: 387 427 
