39 12 87 7 F: 6 6 
164 6 182 406 F: 2 1 3 
207 8 215 87 F: 5 2 1 
399 6 405 277 F: 3 2 1 
444 10 464 319 F: 10 
528 7 556 411 F: 7 
680 11 702 134 F: 11 
713 12 749 393 F: 6 6 
825 9 834 271 F: 2 3 4 
998 10 1028 185 F: 7 3 
1029 9 1047 316 F: 4 2 3 
1196 8 1204 390 F: 2 6 
1289 9 1307 251 F: 3 6 
1370 6 1388 258 F: 3 3 
1493 6 1499 373 F: 3 3 
1593 9 1629 110 F: 2 3 4 
1639 10 1659 249 F: 5 1 4 
1707 8 1723 414 F: 8 
1809 7 1837 302 F: 7 
1953 13 1966 328 F: 13 
2068 9 2086 165 F: 9 
2109 8 2133 389 F: 6 2 
2249 10 2289 96 F: 6 4 
2319 13 2345 233 F: 7 6 
2448 6 2466 363 F: 6 
2588 4 2592 64 F: 2 1 1 
2685 11 2707 350 F: 5 6 
2767 7 2788 336 F: 3 3 1 
2884 2 2890 175 F: 2 
2999 12 3023 163 F: 12 
3076 5 3081 378 F: 2 1 2 
3138 10 3148 278 F: 5 5 
3276 8 3292 437 F: 5 2 1 
3303 10 3323 385 F: 10 
3411 7 3425 14 F: 3 3 1 
3558 7 3565 449 F: 6 1 
3620 8 3636 423 F: 8 
3756 12 3780 354 F: 6 6 
3860 10 3880 2 F: 10 
3979 9 3988 292 F: 9 
4026 9 4035 103 F: 3 3 3 
4121 10 4131 366 F: 4 4 2 
4254 10 4274 261 F: 4 6 
4317 8 4333 275 F: 8 
4427 8 4443 246 F: 2 4 2 
4594 9 4630 355 F: 4 5 
4633 7 4640 72 F: 2 5 
4728 12 4752 197 F: 5 4 3 
4853 2 4861 92 F: 2 
4999 5 5004 7 F: 3 2 
5075 6 5099 224 F: 2 3 1 
5108 11 5130 294 F: 4 3 4 
5258 12 5282 445 F: 6 6 
5351 7 5365 370 F: 2 4 1 
5439 9 5448 327 F: 4 2 3 
5501 12 5513 336 F: 7 5 
5636 3 5639 177 F: 3 
5717 9 5735 159 F: 9 
5894 12 5930 53 F: 6 6 
5942 6 5948 91 F: 5 1 
6029 6 6041 318 F: 6 
6156 6 6180 312 F: 6 
6259 7 6273 414 F: 7 
6391 8 6407 259 F: 6 2 
6429 8 6461 73 F: 5 1 2 
6582 10 6592 172 F: 2 4 4 
6637 3 6643 169 F: 3 
6718 8 6734 437 F: 2 6 
6877 3 6880 429 F: 2 1 
6980 6 6986 445 F: 6 
7023 8 7031 379 F: 7 1 
7107 10 7127 14 F: 5 1 4 
7246 10 7286 145 F: 5 4 1 
7395 7 7409 357 F: 5 1 1 
7448 10 7488 83 F: 10 
7578 9 7605 168 F: 5 4 
7605 8 7637 420 F: 7 1 
7708 6 7732 209 F: 3 3 
7895 12 7919 313 F: 7 5 
7932 12 7980 231 F: 12 
8028 10 8068 175 F: 3 4 3 
8106 11 8139 24 F: 5 6 
8226 6 8250 40 F: 4 2 
8352 3 8364 314 F: 3 
8497 6 8515 24 F: 4 2 
8532 8 8540 434 F: 6 2 
8682 13 8695 189 F: 5 4 4 
8755 6 8773 285 F: 6 
8841 7 8848 366 F: 7 
8944 2 8952 383 F: 2 
9090 8 9106 438 F: 5 3 
9190 9 9226 146 F: 3 4 2 
9254 8 9278 324 F: 3 1 4 
9384 2 9386 322 F: 2 
9422 7 9429 65 F: 6 1 
9530 6 9536 373 F: 3 1 2 
9622 11 9633 405 F: 5 4 2 
9709 3 9715 324 F: 3 
9840 8 9872 355 F: 3 1 4 
9930 4 9938 292 F: 4 
10056 8 10072 255 F: 3 3 2 
10142 8 10174 192 F: 3 4 1 
10280 9 10316 172 F: 9 
10395 9 10413 17 F: 9 
10472 6 10496 448 F: 5 1 
10529 11 10540 325 F: 4 4 3 
10634 7 10662 80 F: 6 1 
10769 6 10787 363 F: 6 
10807 11 10840 173 F: 11 
10907 10 10927 161 F: 10 
11042 7 11056 208 F: 4 3 
11106 5 11126 177 F: 4 1 
11259 11 11292 47 F: 6 5 
11364 8 11372 107 F: 5 2 1 
11412 7 11440 48 F: 3 3 1 
11577 11 11621 324 F: 5 2 4 
11696 9 11705 149 F: 3 3 3 
11720 10 11730 434 F: 10 
11888 8 11912 2 F: 7 1 
11955 8 11987 391 F: 5 3 
12014 5 12029 91 F: 3 1 1 
12153 4 12161 350 F: 2 1 1 
12245 8 12253 177 F: 3 1 4 
12360 10 12400 24 F: 7 3 
12406 7 12427 88 F: 3 2 2 
12520 11 12553 330 F: 7 4 
12698 10 12738 399 F: 7 3 
12781 6 12799 433 F: 6 
12841 2 12845 147 F: 2 
12989 9 12998 70 F: 9 
13096 8 13120 90 F: 3 3 2 
13197 6 13209 151 F: 2 4 
13292 9 13328 240 F: 7 2 
13354 6 13372 80 F: 3 1 2 
13498 6 13516 174 F: 4 2 
13515 5 13530 156 F: 5 
13644 11 13688 49 F: 11 
13760 13 13799 140 F: 13 
13873 7 13880 58 F: 7 
13915 10 13945 438 F: 10 
14092 9 14110 102 F: 5 4 
14138 13 14177 338 F: 13 
14274 10 14284 355 F: 4 6 
14331 9 14367 429 F: 6 3 
14408 6 14426 14 F: 6 
14528 5 14538 445 F: 2 1 2 
14628 6 14634 301 F: 4 2 
14776 9 14812 86 F: 4 5 
14894 6 14906 350 F: 6 
14984 13 14997 236 F: 13 
15064 9 15091 62 F: 6 3 
15147 4 15151 422 F: 4 
15295 8 15327 62 F: 7 1 
15364 7 15385 396 F: 6 1 
15476 8 15492 242 F: 8 
15582 7 15589 8 F: 7 
15697 6 15721 104 F: 2 3 1 
15785 7 15792 380 F: 7 
15829 9 15847 218 F: 2 3 4 
15971 10 16011 315 F: 7 3 
16034 9 16070 252 F: 4 3 2 
16108 6 16120 183 F: 2 1 3 
16206 6 16218 104 F: 6 
16387 10 16427 441 F: 2 4 4 
16421 10 16451 246 F: 3 4 3 
16525 9 16552 78 F: 3 4 2 
16616 7 16630 331 F: 7 
16790 3 16796 392 F: 3 
16877 7 16884 436 F: 7 
16941 13 16967 346 F: 13 
17020 7 17027 235 F: 2 5 
17116 3 17125 91 F: 3 
17230 7 17251 254 F: 3 4 
17373 11 17417 73 F: 7 4 
17428 11 17472 361 F: 4 4 3 
17544 6 17568 106 F: 4 1 1 
17625 10 17645 259 F: 5 5 
17733 7 17747 68 F: 3 3 1 
17857 7 17864 371 F: 3 1 3 
17978 8 18002 13 F: 8 
18071 11 18104 402 F: 5 3 3 
18160 9 18178 245 F: 4 3 2 
18283 10 18293 174 F: 10 
18387 10 18417 423 F: 10 
18428 7 18449 260 F: 2 1 4 
18560 5 18570 417 F: 5 
18677 8 18693 412 F: 3 5 
18741 8 18749 58 F: 5 1 2 
18878 2 18884 144 F: 2 
18906 9 18933 112 F: 9 
19048 8 19080 26 F: 3 1 4 
19177 8 19209 350 F: 2 6 
19258 7 19279 407 F: 7 
19333 11 19377 31 F: 11 
19410 4 19418 323 F: 2 2 
19510 11 19554 42 F: 11 
19651 7 19679 429 F: 5 2 
19700 12 19724 258 F: 6 6 
19842 11 19875 67 F: 4 4 3 
19921 3 19933 69 F: 3 
20087 6 20105 31 F: 3 3 
20148 13 20200 147 F: 13 
20262 7 20269 402 F: 7 
20312 5 20332 302 F: 4 1 
20437 3 20449 308 F: 3 
20576 6 20600 405 F: 5 1 
20652 8 20660 246 F: 8 
20786 5 20806 87 F: 2 1 2 
20828 9 20846 7 F: 2 4 3 
20973 2 20977 224 F: 2 
21024 5 21039 209 F: 5 
21116 10 21156 219 F: 10 
21249 13 21275 245 F: 7 6 
21315 13 21328 30 F: 13 
21491 11 21502 114 F: 11 
21512 10 21542 42 F: 10 
21680 5 21695 323 F: 3 1 1 
21774 8 21782 80 F: 5 2 1 
21831 6 21837 389 F: 2 1 3 
21973 7 21980 24 F: 3 3 1 
22017 4 22033 372 F: 2 2 
22142 8 22174 35 F: 4 2 2 
22261 11 22272 235 F: 3 4 4 
22365 3 22374 340 F: 3 
22494 4 22510 325 F: 2 2 
22512 6 22536 36 F: 4 2 
22663 2 22669 278 F: 2 
22766 8 22774 314 F: 8 
22868 8 22892 46 F: 8 
22903 9 22939 376 F: 3 2 4 
23041 13 23080 440 F: 13 
23178 11 23200 375 F: 5 2 4 
23241 9 23259 342 F: 4 1 4 
23342 8 23358 383 F: 8 
23434 9 23452 31 F: 9 
23524 9 23533 334 F: 2 4 3 
23661 8 23693 76 F: 2 2 4 
23787 6 23805 40 F: 4 2 
23871 13 23923 250 F: 13 
23950 7 23978 234 F: 4 1 2 
24077 12 24089 306 F: 12 
24196 7 24210 223 F: 5 1 1 
24249 9 24267 260 F: 9 
24320 12 24344 274 F: 7 5 
24413 10 24443 375 F: 5 5 
24561 9 24579 67 F: 5 4 
24604 9 24631 427 F: 3 6 
24765 6 24783 312 F: 5 1 
24824 7 24852 443 F: 2 4 1 
24910 5 24920 376 F: 3 2 
25089 3 25098 215 F: 2 1 
25155 9 25164 269 F: 2 3 4 
25289 13 25315 210 F: 13 
25374 6 25392 118 F: 2 4 
25483 10 25493 340 F: 10 
25553 12 25589 254 F: 5 4 3 
25665 11 25687 37 F: 7 4 
25759 8 25775 186 F: 3 3 2 
25852 3 25861 199 F: 3 
25929 2 25933 197 F: 2 
26001 9 26010 323 F: 9 
26109 2 26115 242 F: 2 
26219 6 26237 155 F: 5 1 
26300 2 26304 273 F: 2 
26442 11 26486 100 F: 11 
26573 9 26609 420 F: 2 3 4 
26615 6 26621 116 F: 3 2 1 
26744 7 26765 29 F: 7 
26890 5 26905 263 F: 4 1 
26902 7 26909 151 F: 7 
27065 2 27073 81 F: 2 
27134 4 27146 151 F: 4 
27263 8 27279 137 F: 4 3 1 
27365 7 27372 107 F: 2 1 4 
27425 9 27443 203 F: 7 2 
27530 10 27560 183 F: 6 4 
27649 6 27661 151 F: 6 
27776 9 27785 185 F: 5 4 
27871 12 27883 281 F: 12 
27960 5 27970 276 F: 4 1 
28080 5 28090 177 F: 4 1 
28199 11 28232 325 F: 5 3 3 
28261 3 28267 258 F: 3 
28301 10 28321 17 F: 3 4 3 
28451 7 28479 237 F: 7 
28578 9 28596 430 F: 7 2 
28641 5 28651 347 F: 2 3 
28709 7 28723 281 F: 4 2 1 
28837 10 28847 189 F: 5 5 
28943 3 28952 394 F: 3 
29032 8 29056 159 F: 3 5 
29120 2 29124 18 F: 2 
29272 10 29282 383 F: 5 3 2 
29314 6 29320 178 F: 6 
29443 9 29452 274 F: 9 
29541 3 29553 419 F: 2 1 
29646 10 29686 92 F: 5 4 1 
29732 9 29750 89 F: 9 
29826 3 29829 445 F: 3 
29914 10 29924 11 F: 7 3 
30050 13 30089 156 F: 13 
30116 13 30155 393 F: 13 
30220 2 30228 336 F: 2 
30333 8 30341 229 F: 3 5 
30425 11 30469 372 F: 11 
30540 6 30564 325 F: 6 
30615 9 30642 387 F: 7 2 
30772 11 30783 431 F: 3 4 4 
30849 13 30875 279 F: 13 
30913 4 30925 55 F: 4 
31053 12 31065 66 F: 6 6 
31127 10 31167 15 F: 5 3 2 
31231 9 31258 423 F: 3 6 
31317 8 31325 6 F: 5 3 
31442 9 31478 400 F: 5 3 1 
31586 6 31598 241 F: 3 3 
31607 10 31647 425 F: 10 
31712 9 31730 88 F: 5 4 
31837 11 31848 216 F: 6 5 
31969 12 31993 281 F: 12 
32071 12 32119 22 F: 12 
32105 10 32135 143 F: 4 3 3 
32240 9 32258 23 F: 4 1 4 
32356 9 32392 336 F: 5 4 
32470 3 32476 208 F: 3 
32503 10 32543 2 F: 5 5 
32610 10 32630 32 F: 4 6 
32757 5 32777 55 F: 5 
32830 6 32854 96 F: 2 1 3 
32951 6 32963 171 F: 3 3 
33062 8 33086 25 F: 8 
33131 8 33147 378 F: 8 
33205 7 33212 291 F: 3 4 
33300 3 33306 122 F: 2 1 
33486 4 33494 21 F: 4 
33511 8 33527 144 F: 2 4 2 
33652 8 33660 67 F: 3 3 2 
33779 8 33787 104 F: 7 1 
33854 7 33868 429 F: 7 
33955 11 33966 440 F: 5 2 4 
34029 13 34068 324 F: 5 4 4 
34147 7 34154 249 F: 5 2 
34249 2 34251 298 F: 2 
34392 11 34414 446 F: 4 4 3 
34477 5 34482 170 F: 5 
34589 8 34621 377 F: 5 3 
34641 2 34647 316 F: 2 
34736 8 34744 209 F: 8 
34801 7 34808 27 F: 3 1 3 
34977 7 34991 373 F: 3 4 
35098 8 35122 427 F: 8 
35188 9 35215 166 F: 9 
35248 3 35254 301 F: 3 
35302 10 35332 98 F: 4 4 2 
35494 8 35510 153 F: 4 2 2 
35562 7 35569 17 F: 3 2 2 
35692 9 35710 210 F: 4 2 3 
35720 9 35747 302 F: 9 
35870 2 35878 232 F: 2 
35979 10 36019 57 F: 5 3 2 
36062 7 36069 229 F: 2 1 4 
36114 9 36150 441 F: 4 2 3 
36210 6 36228 388 F: 4 2 
36344 6 36356 235 F: 4 2 
36401 5 36406 173 F: 5 
36520 10 36550 21 F: 6 4 
36662 9 36671 443 F: 3 6 
36764 6 36770 424 F: 2 4 
36821 8 36853 80 F: 4 3 1 
36915 13 36928 294 F: 13 
37018 8 37034 87 F: 4 4 
37156 7 37184 276 F: 7 
37239 11 37272 48 F: 11 
37397 13 37423 162 F: 13 
37459 9 37486 206 F: 7 2 
37573 8 37581 434 F: 7 1 
37637 8 37661 76 F: 2 3 3 
37733 13 37746 384 F: 7 6 
37852 5 37862 361 F: 5 
37905 8 37929 279 F: 3 4 1 
38045 3 38057 115 F: 2 1 
38133 8 38149 58 F: 5 1 2 
38262 10 38272 212 F: 7 3 
38308 8 38340 303 F: 4 1 3 
38444 7 38465 44 F: 5 1 1 
38597 6 38621 239 F: 2 3 1 
38666 12 38690 183 F: 12 
38788 8 38796 160 F: 4 4 
38865 8 38873 441 F: 5 3 
38941 8 38949 261 F: 5 2 1 
39099 3 39111 311 F: 3 
39185 6 39203 96 F: 2 3 1 
39269 6 39275 192 F: 2 3 1 
39301 12 39325 245 F: 6 6 
39494 7 39501 93 F: 7 
39553 8 39577 213 F: 3 1 4 
39630 13 39656 128 F: 13 
39783 9 39801 243 F: 4 4 1 
39875 6 39881 351 F: 6 
39920 5 39930 310 F: 2 1 2 
40065 8 40073 430 F: 6 2 
40185 5 40195 322 F: 2 2 1 
40246 5 40256 290 F: 5 
40375 7 40396 170 F: 4 3 
40466 12 40502 20 F: 12 
40502 8 40518 390 F: 8 
40699 12 40723 102 F: 5 3 4 
40710 6 40722 73 F: 2 4 
40810 9 40837 393 F: 3 6 
40938 12 40986 266 F: 12 
41042 13 41094 326 F: 13 
41198 13 41224 89 F: 13 
41260 8 41284 29 F: 2 3 3 
41372 8 41404 350 F: 5 3 
41439 11 41450 265 F: 11 
41562 12 41574 426 F: 4 4 4 
41645 13 41684 5 F: 5 4 4 
41756 10 41776 365 F: 4 6 
41894 3 41906 321 F: 3 
41960 11 42004 361 F: 11 
42024 9 42033 441 F: 5 2 2 
42106 10 42136 321 F: 5 4 1 
42295 11 42339 405 F: 3 4 4 
42325 11 42336 375 F: 11 
42457 7 42485 367 F: 7 
42572 5 42577 386 F: 2 1 2 
42685 8 42709 16 F: 2 3 3 
42774 5 42794 350 F: 5 
42817 3 42826 81 F: 3 
42980 3 42992 334 F: 3 
43050 3 43062 138 F: 3 
43126 11 43148 260 F: 5 2 4 
43294 12 43318 373 F: 12 
43383 4 43387 84 F: 3 1 
43482 11 43515 147 F: 5 2 4 
43564 10 43604 305 F: 4 3 3 
43673 8 43697 176 F: 8 
43785 7 43806 62 F: 7 
43827 9 43836 169 F: 9 
43979 5 43994 252 F: 5 
44020 6 44026 298 F: 6 
44128 6 44152 62 F: 2 4 
44204 8 44236 221 F: 7 1 
44312 9 44339 231 F: 4 2 3 
44446 8 44478 116 F: 3 5 
44578 8 44602 10 F: 6 2 
44698 13 44724 129 F: 5 4 4 
44769 11 44813 266 F: 5 6 
44805 13 44857 13 F: 7 6 
44901 10 44931 425 F: 6 4 
D: 1 3 
D: 1 8 
D: 2 376 
D: 7 281 
D: 8 364 
D: 11 160 
D: 15 249 
D: 27 245 
D: 33 444 
D: 38 189 
D: 44 397 
D: 58 225 
D: 68 419 
D: 74 252 
D: 78 207 
D: 82 301 
D: 85 366 
D: 102 137 
D: 113 157 
D: 115 149 
D: 123 276 
D: 132 381 
D: 149 178 
D: 155 209 
D: 159 279 
D: 160 175 
D: 174 263 
D: 175 286 
D: 181 313 
D: 183 428 
D: 193 410 
D: 195 359 
D: 204 279 
D: 204 403 
D: 208 346 
D: 217 416 
D: 296 373 
D: 299 373 
D: 308 404 
D: 310 422 
D: 312 395 
D: 351 396 
D: 361 383 
D: 361 413 
D: 422 438 
