97 5 117 348 F: 2 2 1 
189 10 199 383 F: 3 4 3 
268 7 289 271 F: 3 4 
345 11 367 282 F: 4 4 3 
468 7 482 10 F: 5 1 1 
558 11 569 17 F: 11 
616 4 628 345 F: 2 2 
705 12 753 119 F: 12 
859 3 868 193 F: 3 
998 6 1010 177 F: 4 1 1 
1095 8 1119 201 F: 8 
1110 2 1118 367 F: 2 
1236 5 1241 142 F: 2 1 2 
1369 7 1397 251 F: 4 2 1 
1468 7 1489 391 F: 6 1 
1548 9 1584 307 F: 2 4 3 
1613 9 1631 297 F: 2 4 3 
1720 10 1730 419 F: 10 
1815 13 1828 377 F: 13 
1976 9 2012 358 F: 5 1 3 
2054 7 2061 312 F: 2 5 
2126 10 2146 167 F: 10 
2289 4 2301 261 F: 2 1 1 
2367 7 2374 352 F: 3 3 1 
2407 4 2423 198 F: 4 
2590 9 2626 342 F: 3 2 4 
2681 8 2713 376 F: 3 3 2 
2798 6 2822 371 F: 2 4 
2814 8 2838 4 F: 5 3 
2939 8 2963 426 F: 2 4 2 
3006 8 3030 417 F: 8 
3145 7 3159 343 F: 3 2 2 
3262 12 3310 108 F: 6 6 
3390 7 3404 27 F: 7 
3481 11 3492 429 F: 3 4 4 
3556 5 3566 261 F: 5 
3659 9 3668 314 F: 2 3 4 
3778 10 3808 234 F: 4 6 
3865 12 3901 225 F: 5 3 4 
3929 8 3961 372 F: 3 3 2 
4016 7 4044 109 F: 4 1 2 
4163 3 4175 255 F: 3 
4265 8 4281 443 F: 3 3 2 
4396 8 4428 191 F: 5 1 2 
4453 6 4465 59 F: 3 3 
4550 8 4582 180 F: 4 1 3 
4680 11 4724 189 F: 11 
4764 7 4785 369 F: 3 4 
4870 7 4884 164 F: 2 3 2 
4953 3 4959 77 F: 3 
5066 8 5098 403 F: 3 4 1 
5147 8 5171 359 F: 8 
5262 9 5271 337 F: 9 
5307 10 5317 211 F: 10 
5422 11 5444 398 F: 11 
5519 6 5537 1 F: 6 
5653 4 5657 368 F: 4 
5796 11 5818 132 F: 4 4 3 
5880 9 5916 36 F: 3 2 4 
5901 4 5917 102 F: 3 1 
6079 11 6101 356 F: 5 6 
6190 10 6210 1 F: 4 2 4 
6272 10 6302 135 F: 4 6 
6301 10 6341 217 F: 5 2 3 
6445 7 6473 181 F: 3 4 
6595 10 6635 427 F: 10 
6658 8 6682 221 F: 5 3 
6733 6 6739 233 F: 4 2 
6853 4 6857 267 F: 4 
6955 6 6973 444 F: 3 1 2 
7056 3 7065 217 F: 3 
7144 5 7159 329 F: 3 1 1 
7257 11 7268 446 F: 5 3 3 
7317 12 7329 435 F: 7 5 
7414 3 7417 260 F: 3 
7571 2 7577 195 F: 2 
7679 6 7691 131 F: 3 2 1 
7714 3 7720 114 F: 3 
7811 10 7831 182 F: 5 5 
7940 2 7944 247 F: 2 
8036 8 8060 29 F: 2 6 
8130 4 8142 157 F: 2 2 
8255 12 8267 99 F: 12 
8390 9 8399 209 F: 4 3 2 
8491 10 8521 137 F: 10 
8572 7 8600 121 F: 5 2 
8605 12 8617 376 F: 12 
8797 9 8824 309 F: 9 
8827 13 8853 356 F: 13 
8999 6 9011 434 F: 6 
9024 13 9037 148 F: 13 
9106 10 9126 80 F: 3 3 4 
9275 8 9307 153 F: 6 2 
9324 4 9340 120 F: 4 
9439 11 9483 221 F: 5 3 3 
9551 11 9584 399 F: 5 3 3 
9659 6 9683 317 F: 2 3 1 
9745 12 9769 268 F: 12 
9873 12 9885 149 F: 12 
9974 7 9981 296 F: 4 3 
10037 8 10045 270 F: 5 2 1 
10181 5 10201 147 F: 2 1 2 
10224 11 10257 107 F: 11 
10376 4 10380 435 F: 4 
10403 5 10423 31 F: 5 
10541 6 10559 297 F: 6 
10649 8 10673 171 F: 8 
10743 6 10749 119 F: 3 1 2 
10868 8 10876 272 F: 5 3 
10957 9 10975 391 F: 3 2 4 
11068 12 11116 310 F: 6 6 
11116 12 11128 322 F: 12 
11281 7 11288 332 F: 2 4 1 
11334 10 11354 184 F: 10 
11474 8 11490 266 F: 8 
11568 9 11595 196 F: 3 2 4 
11647 10 11657 312 F: 4 3 3 
11763 7 11791 375 F: 7 
11808 9 11826 165 F: 9 
11900 7 11907 361 F: 2 2 3 
12076 10 12086 340 F: 2 4 4 
12195 6 12207 95 F: 6 
12254 6 12278 401 F: 6 
12327 9 12363 371 F: 2 4 3 
12411 4 12427 356 F: 4 
12575 9 12593 267 F: 3 4 2 
12664 8 12696 306 F: 8 
12733 4 12741 82 F: 4 
12804 13 12856 426 F: 7 6 
12974 12 13010 376 F: 12 
13092 9 13101 292 F: 9 
13139 6 13157 354 F: 6 
13265 8 13289 418 F: 3 1 4 
13385 7 13399 274 F: 7 
13451 13 13477 103 F: 13 
13518 9 13545 399 F: 3 2 4 
13622 9 13631 227 F: 9 
13785 6 13797 89 F: 4 2 
13863 11 13885 417 F: 11 
13936 4 13948 244 F: 2 2 
14092 8 14108 306 F: 7 1 
14179 10 14219 68 F: 4 3 3 
14227 7 14234 225 F: 3 1 3 
14336 10 14346 134 F: 10 
14456 11 14500 114 F: 11 
14561 8 14593 428 F: 8 
14696 7 14710 359 F: 7 
14736 2 14742 234 F: 2 
14892 4 14904 312 F: 3 1 
14916 10 14926 193 F: 5 2 3 
15048 11 15059 273 F: 5 2 4 
15189 13 15202 262 F: 5 4 4 
15273 9 15309 168 F: 9 
15345 6 15357 230 F: 2 4 
15428 8 15452 199 F: 8 
15519 9 15537 370 F: 9 
15631 9 15667 279 F: 4 5 
15712 9 15730 276 F: 9 
15839 7 15846 286 F: 2 3 2 
15995 8 16019 189 F: 4 3 1 
16049 13 16088 159 F: 13 
16125 7 16153 95 F: 5 1 1 
16270 4 16282 142 F: 4 
16350 5 16355 418 F: 5 
16438 4 16450 387 F: 4 
16524 11 16535 251 F: 5 6 
16655 11 16677 94 F: 11 
16747 9 16765 295 F: 9 
16857 8 16865 8 F: 8 
16936 7 16950 405 F: 3 4 
17039 3 17048 341 F: 3 
17167 10 17207 196 F: 4 2 4 
17277 7 17298 346 F: 5 2 
17387 8 17395 188 F: 3 4 1 
17463 8 17471 359 F: 3 3 2 
17516 12 17552 238 F: 7 5 
17633 9 17642 156 F: 4 3 2 
17762 8 17778 202 F: 2 6 
17819 8 17851 359 F: 2 3 3 
17951 7 17958 397 F: 4 1 2 
18038 5 18053 103 F: 2 2 1 
18174 7 18202 398 F: 4 1 2 
18225 5 18235 267 F: 3 2 
18356 10 18366 376 F: 4 6 
18400 2 18404 365 F: 2 
18589 12 18601 330 F: 7 5 
18606 10 18646 169 F: 10 
18700 9 18727 172 F: 9 
18847 4 18859 225 F: 4 
18981 6 18987 335 F: 6 
19007 8 19023 391 F: 5 3 
19106 13 19145 372 F: 13 
19283 10 19293 379 F: 10 
19338 6 19350 384 F: 3 2 1 
19443 9 19470 32 F: 6 3 
19597 11 19630 450 F: 5 3 3 
19675 2 19677 279 F: 2 
19706 10 19736 199 F: 4 4 2 
19801 2 19803 143 F: 2 
19940 6 19946 269 F: 6 
20097 11 20130 341 F: 11 
20178 6 20190 371 F: 4 2 
20262 7 20269 406 F: 5 1 1 
20376 10 20406 273 F: 4 4 2 
20403 3 20406 185 F: 3 
20545 4 20557 398 F: 2 2 
20695 9 20722 197 F: 7 2 
20730 11 20774 256 F: 5 4 2 
20832 11 20843 171 F: 4 4 3 
20954 5 20964 434 F: 2 1 2 
21039 9 21066 401 F: 3 6 
21124 11 21135 386 F: 7 4 
21274 12 21322 59 F: 4 4 4 
21390 6 21414 249 F: 4 1 1 
21465 8 21497 28 F: 3 4 1 
21544 4 21552 336 F: 4 
21693 12 21729 412 F: 5 4 3 
21797 6 21809 93 F: 6 
21838 8 21862 80 F: 5 3 
21995 11 22028 89 F: 11 
22065 4 22069 198 F: 4 
22177 12 22201 336 F: 5 4 3 
22293 6 22317 339 F: 6 
22310 6 22334 387 F: 6 
22477 8 22501 24 F: 2 4 2 
22590 9 22617 149 F: 3 4 2 
22608 8 22640 365 F: 8 
22706 10 22726 330 F: 10 
22885 10 22905 361 F: 2 4 4 
22997 11 23019 241 F: 11 
23054 8 23086 368 F: 2 4 2 
23197 6 23221 93 F: 2 4 
23279 7 23293 297 F: 5 2 
23353 7 23367 34 F: 3 3 1 
23416 2 23418 433 F: 2 
23585 10 23605 172 F: 7 3 
23645 6 23657 433 F: 2 1 3 
23746 13 23785 346 F: 13 
23880 3 23886 344 F: 3 
23956 11 23967 97 F: 5 2 4 
24086 9 24104 12 F: 9 
24187 8 24211 100 F: 8 
24247 3 24259 297 F: 3 
24372 2 24376 106 F: 2 
24410 2 24416 226 F: 2 
24536 8 24552 8 F: 4 1 3 
24697 3 24703 244 F: 3 
24745 12 24793 153 F: 12 
24849 9 24885 196 F: 6 3 
24960 7 24967 257 F: 3 2 2 
25018 12 25042 120 F: 4 4 4 
25160 9 25169 152 F: 9 
25200 9 25236 77 F: 3 6 
25310 13 25362 261 F: 13 
25446 9 25473 363 F: 9 
25563 4 25579 99 F: 4 
25616 11 25649 428 F: 5 3 3 
25706 8 25714 335 F: 8 
25891 5 25896 211 F: 3 2 
25922 5 25942 74 F: 5 
26061 5 26081 448 F: 5 
26160 6 26166 354 F: 3 3 
26297 11 26319 153 F: 5 6 
26384 12 26420 90 F: 5 3 4 
26482 11 26515 215 F: 5 2 4 
26536 9 26572 114 F: 4 3 2 
26698 10 26728 133 F: 6 4 
26789 5 26809 40 F: 5 
26861 4 26873 264 F: 4 
26978 8 26994 420 F: 8 
27002 9 27038 250 F: 4 4 1 
27131 11 27164 158 F: 5 6 
27242 6 27266 152 F: 2 3 1 
27333 8 27349 432 F: 8 
27486 4 27490 389 F: 4 
27532 2 27536 375 F: 2 
27696 5 27706 308 F: 5 
27721 13 27747 279 F: 13 
27810 9 27837 230 F: 9 
27977 9 28013 111 F: 5 4 
28053 12 28077 448 F: 7 5 
28137 3 28140 18 F: 3 
28203 12 28227 355 F: 12 
28396 6 28414 174 F: 6 
28448 13 28474 289 F: 13 
28531 3 28543 76 F: 3 
28692 10 28732 323 F: 4 2 4 
28782 3 28785 273 F: 3 
28851 7 28879 403 F: 3 1 3 
28953 5 28958 72 F: 4 1 
29099 6 29111 35 F: 5 1 
29113 3 29119 130 F: 2 1 
29281 8 29289 396 F: 8 
29332 10 29342 256 F: 3 3 4 
29439 8 29455 340 F: 5 2 1 
29591 7 29598 124 F: 3 1 3 
29620 10 29660 448 F: 4 6 
29724 8 29740 98 F: 3 1 4 
29851 2 29857 40 F: 2 
29947 8 29979 64 F: 8 
30093 6 30099 379 F: 2 1 3 
30115 7 30122 207 F: 7 
30266 10 30276 259 F: 10 
30335 2 30337 332 F: 2 
30473 7 30487 217 F: 6 1 
30569 6 30587 89 F: 2 1 3 
30604 8 30612 181 F: 7 1 
30764 4 30768 284 F: 2 2 
30868 11 30890 232 F: 5 6 
30976 8 31000 185 F: 5 3 
31047 8 31071 177 F: 4 2 2 
31150 7 31157 51 F: 3 1 3 
31287 11 31331 74 F: 11 
31399 8 31407 153 F: 8 
31422 8 31438 148 F: 5 3 
31555 11 31577 372 F: 7 4 
31648 8 31664 218 F: 3 3 2 
31794 6 31800 304 F: 3 1 2 
31855 8 31887 326 F: 3 1 4 
31931 9 31958 125 F: 4 3 2 
32097 9 32133 442 F: 2 4 3 
32164 12 32176 352 F: 7 5 
32227 13 32240 216 F: 13 
32350 9 32386 153 F: 4 4 1 
32419 11 32430 393 F: 5 2 4 
32507 8 32531 384 F: 8 
32688 5 32703 265 F: 5 
32798 10 32808 342 F: 10 
32844 10 32864 190 F: 4 6 
32938 12 32986 208 F: 5 4 3 
33087 10 33107 161 F: 2 4 4 
33190 6 33196 418 F: 2 1 3 
33210 10 33230 197 F: 5 4 1 
33334 7 33355 9 F: 2 5 
33429 9 33456 235 F: 4 4 1 
33555 8 33579 54 F: 5 2 1 
33672 6 33684 374 F: 3 1 2 
33767 10 33787 207 F: 10 
33824 3 33833 446 F: 3 
33948 9 33966 81 F: 3 6 
34039 13 34052 236 F: 13 
34124 11 34146 139 F: 6 5 
34238 6 34262 197 F: 2 4 
34371 12 34383 378 F: 5 3 4 
34442 4 34454 110 F: 4 
34503 4 34507 126 F: 2 1 1 
34662 9 34698 274 F: 4 1 4 
34736 5 34746 160 F: 3 2 
34857 11 34879 124 F: 7 4 
34935 8 34967 4 F: 2 4 2 
35050 7 35071 108 F: 4 2 1 
35117 10 35137 242 F: 10 
35241 7 35255 389 F: 3 2 2 
35352 10 35392 377 F: 4 4 2 
35447 8 35471 139 F: 3 2 3 
35517 3 35520 60 F: 2 1 
35681 9 35708 37 F: 3 3 3 
35767 8 35783 289 F: 3 4 1 
35852 2 35858 402 F: 2 
35934 8 35966 385 F: 3 2 3 
36043 10 36073 179 F: 7 3 
36138 4 36154 166 F: 4 
36257 4 36269 341 F: 3 1 
36347 2 36355 80 F: 2 
36486 7 36507 268 F: 2 5 
36519 12 36567 322 F: 4 4 4 
36657 8 36673 388 F: 4 1 3 
36753 7 36781 195 F: 6 1 
36891 8 36923 133 F: 8 
36976 12 37000 107 F: 5 4 3 
37058 3 37070 174 F: 2 1 
37120 2 37124 273 F: 2 
37242 8 37250 283 F: 4 1 3 
37384 11 37428 438 F: 3 4 4 
37423 3 37435 330 F: 2 1 
37548 9 37575 323 F: 3 6 
37607 8 37615 176 F: 2 3 3 
37783 2 37791 439 F: 2 
37823 3 37832 56 F: 3 
37956 8 37964 346 F: 3 5 
38040 11 38051 335 F: 11 
38115 9 38151 349 F: 9 
38292 6 38310 161 F: 2 2 2 
38312 3 38315 153 F: 3 
38401 7 38429 444 F: 4 3 
38574 11 38607 139 F: 7 4 
38679 10 38689 290 F: 4 2 4 
38799 7 38806 443 F: 3 4 
38857 9 38866 382 F: 9 
38972 11 38983 122 F: 5 2 4 
39046 10 39066 447 F: 4 3 3 
39125 8 39149 368 F: 5 3 
39296 8 39312 24 F: 4 3 1 
39300 8 39324 275 F: 2 6 
39471 8 39479 333 F: 5 1 2 
39571 10 39591 392 F: 3 3 4 
39655 5 39670 335 F: 2 3 
39732 11 39743 57 F: 4 4 3 
39810 8 39834 197 F: 4 3 1 
39969 5 39984 325 F: 3 2 
40048 6 40072 10 F: 2 3 1 
40179 6 40185 282 F: 6 
40262 4 40278 181 F: 2 2 
40347 8 40355 175 F: 5 3 
40421 10 40451 137 F: 10 
40594 5 40599 264 F: 5 
40606 6 40630 21 F: 3 3 
40760 7 40767 57 F: 2 2 3 
40841 11 40863 112 F: 6 5 
40927 10 40957 228 F: 4 6 
41006 9 41033 43 F: 5 2 2 
41153 12 41201 116 F: 7 5 
41216 10 41236 210 F: 4 2 4 
41317 6 41341 8 F: 2 3 1 
41420 9 41429 39 F: 5 1 3 
41570 10 41600 404 F: 5 2 3 
41662 8 41678 390 F: 4 3 1 
41795 10 41815 151 F: 10 
41878 7 41892 251 F: 4 2 1 
41969 5 41979 186 F: 5 
42015 4 42019 308 F: 4 
42153 8 42185 16 F: 4 1 3 
42259 7 42273 76 F: 4 3 
42384 6 42396 92 F: 6 
42495 13 42508 444 F: 13 
42542 7 42570 33 F: 2 3 2 
42640 10 42650 336 F: 5 5 
42717 10 42747 381 F: 5 3 2 
42819 6 42837 55 F: 2 2 2 
42963 7 42991 191 F: 2 3 2 
43066 8 43098 210 F: 4 3 1 
43175 4 43179 412 F: 4 
43240 5 43255 232 F: 3 2 
43370 8 43394 337 F: 3 2 3 
43418 7 43425 378 F: 5 1 1 
43555 13 43607 342 F: 13 
43665 8 43673 390 F: 2 3 3 
43793 4 43801 150 F: 4 
43894 8 43902 254 F: 2 4 2 
43917 5 43922 448 F: 2 1 2 
44042 6 44048 83 F: 4 2 
44199 6 44211 316 F: 2 1 3 
44220 2 44224 239 F: 2 
44359 5 44374 147 F: 5 
44489 7 44510 101 F: 4 3 
44582 11 44593 431 F: 11 
44650 13 44663 3 F: 7 6 
44779 10 44809 24 F: 6 4 
44834 8 44842 175 F: 3 3 2 
44920 7 44927 221 F: 5 2 
D: 5 356 
D: 20 212 
D: 35 185 
D: 38 61 
D: 46 140 
D: 48 116 
D: 52 91 
D: 55 334 
D: 72 198 
D: 75 310 
D: 76 153 
D: 81 215 
D: 82 283 
D: 87 167 
D: 90 171 
D: 91 184 
D: 96 278 
D: 101 357 
D: 106 442 
D: 114 422 
D: 115 416 
D: 128 157 
D: 128 272 
D: 128 363 
D: 133 327 
D: 164 398 
D: 169 363 
D: 173 226 
D: 176 232 
D: 189 344 
D: 199 385 
D: 216 435 
D: 228 301 
D: 246 432 
D: 248 274 
D: 261 309 
D: 263 417 
D: 285 435 
D: 288 423 
D: 292 317 
D: 299 402 
D: 315 425 
D: 356 439 
D: 358 411 
D: 376 401 
