19 10 29 105 F: 5 3 2 
135 7 156 121 F: 4 3 
251 10 281 78 F: 5 5 
373 5 388 97 F: 5 
484 6 508 127 F: 4 2 
558 6 564 304 F: 5 1 
684 7 712 417 F: 7 
728 3 734 5 F: 2 1 
845 4 861 181 F: 4 
938 6 950 173 F: 2 1 3 
1026 10 1036 16 F: 10 
1182 12 1230 175 F: 6 6 
1234 11 1245 144 F: 7 4 
1307 11 1329 240 F: 11 
1455 11 1477 74 F: 4 4 3 
1559 8 1583 78 F: 4 1 3 
1632 5 1642 291 F: 3 2 
1727 3 1730 266 F: 3 
1822 8 1838 304 F: 4 1 3 
1973 12 2021 228 F: 12 
2044 10 2084 200 F: 7 3 
2179 6 2203 105 F: 2 3 1 
2269 11 2302 208 F: 3 4 4 
2384 2 2392 325 F: 2 
2417 8 2441 404 F: 4 3 1 
2569 4 2585 107 F: 4 
2635 7 2663 293 F: 7 
2760 9 2778 298 F: 4 5 
2807 7 2828 106 F: 2 1 4 
2920 11 2964 104 F: 4 3 4 
3008 11 3030 178 F: 11 
3158 11 3202 175 F: 11 
3286 2 3292 102 F: 2 
3311 8 3343 151 F: 4 3 1 
3430 13 3482 332 F: 13 
3512 4 3520 46 F: 4 
3605 7 3619 327 F: 4 1 2 
3706 5 3721 350 F: 2 1 2 
3814 8 3838 392 F: 4 2 2 
3974 5 3979 304 F: 3 2 
4019 10 4049 442 F: 10 
4191 13 4204 413 F: 13 
4219 11 4252 308 F: 11 
4370 13 4383 236 F: 13 
4409 10 4429 354 F: 10 
4569 12 4581 207 F: 12 
4614 8 4630 139 F: 4 1 3 
4723 10 4763 372 F: 10 
4821 9 4857 308 F: 4 5 
4960 11 4982 79 F: 6 5 
5066 7 5073 360 F: 6 1 
5154 10 5174 120 F: 5 1 4 
5274 11 5296 440 F: 5 3 3 
5302 5 5312 237 F: 4 1 
5481 3 5484 29 F: 3 
5524 10 5564 171 F: 4 3 3 
5603 8 5619 201 F: 3 5 
5791 7 5819 222 F: 7 
5824 9 5851 337 F: 2 3 4 
5975 4 5987 143 F: 3 1 
6051 10 6081 282 F: 10 
6176 7 6197 114 F: 6 1 
6269 4 6281 255 F: 4 
6397 5 6402 131 F: 5 
6414 9 6423 15 F: 3 6 
6540 9 6549 328 F: 2 4 3 
6671 9 6698 407 F: 3 6 
6700 9 6718 112 F: 4 4 1 
6860 8 6892 373 F: 3 5 
6939 12 6975 250 F: 7 5 
7038 5 7058 236 F: 5 
7132 8 7148 304 F: 5 2 1 
7238 11 7282 15 F: 7 4 
7396 5 7411 354 F: 3 1 1 
7420 7 7427 134 F: 5 2 
7517 12 7541 206 F: 12 
7688 8 7696 381 F: 8 
7767 5 7782 353 F: 2 2 1 
7817 6 7823 188 F: 4 2 
7964 7 7985 27 F: 2 5 
8028 10 8068 109 F: 2 4 4 
8102 4 8110 305 F: 4 
8294 9 8312 246 F: 3 6 
8396 9 8423 171 F: 4 1 4 
8407 12 8419 363 F: 5 3 4 
8505 5 8515 1 F: 2 1 2 
8633 7 8640 400 F: 2 5 
8782 12 8818 168 F: 12 
8865 2 8873 299 F: 2 
8906 7 8913 362 F: 7 
9064 7 9092 231 F: 3 4 
9130 10 9160 181 F: 5 5 
9226 7 9247 227 F: 2 5 
9300 6 9312 373 F: 2 3 1 
9461 7 9475 255 F: 2 5 
9568 6 9574 400 F: 3 1 2 
9657 10 9687 278 F: 5 4 1 
9736 7 9764 146 F: 7 
9835 8 9851 171 F: 5 3 
9905 3 9917 112 F: 3 
10075 3 10084 392 F: 2 1 
10117 7 10145 421 F: 3 3 1 
10262 9 10298 157 F: 9 
10371 8 10387 389 F: 3 3 2 
10414 4 10430 372 F: 2 2 
10514 11 10525 426 F: 3 4 4 
10643 5 10653 421 F: 3 1 1 
10757 7 10778 244 F: 6 1 
10845 9 10863 64 F: 3 3 3 
10980 10 10990 420 F: 10 
11089 7 11103 69 F: 4 3 
11188 10 11218 155 F: 7 3 
11287 8 11303 325 F: 6 2 
11369 2 11377 275 F: 2 
11479 10 11489 416 F: 3 3 4 
11558 9 11576 132 F: 4 1 4 
11624 10 11644 376 F: 10 
11730 13 11756 366 F: 13 
11812 2 11818 222 F: 2 
11981 7 12002 147 F: 7 
12091 9 12100 89 F: 4 3 2 
12164 11 12208 37 F: 11 
12200 11 12222 220 F: 11 
12364 6 12370 152 F: 5 1 
12499 6 12511 301 F: 6 
12532 9 12550 343 F: 3 3 3 
12632 7 12639 324 F: 2 2 3 
12754 6 12766 350 F: 2 1 3 
12829 12 12865 199 F: 7 5 
12966 6 12978 257 F: 6 
13064 5 13079 295 F: 3 1 1 
13154 8 13162 192 F: 7 1 
13282 7 13310 389 F: 7 
13362 9 13380 280 F: 4 5 
13402 2 13406 105 F: 2 
13577 13 13590 288 F: 7 6 
13691 13 13743 217 F: 13 
13784 9 13811 217 F: 3 6 
13816 11 13838 315 F: 11 
13913 8 13921 306 F: 5 2 1 
14047 9 14056 103 F: 3 4 2 
14129 10 14169 49 F: 4 6 
14246 11 14257 93 F: 4 4 3 
14376 4 14384 55 F: 4 
14407 9 14443 145 F: 5 4 
14524 9 14542 65 F: 3 2 4 
14642 13 14694 340 F: 13 
14756 7 14763 155 F: 3 4 
14864 12 14888 440 F: 12 
14995 4 15003 283 F: 4 
15002 5 15007 315 F: 5 
15189 7 15210 343 F: 5 2 
15226 9 15253 427 F: 6 3 
15334 12 15346 190 F: 5 4 3 
15479 5 15499 384 F: 2 1 2 
15550 2 15554 155 F: 2 
15645 3 15651 356 F: 3 
15752 7 15773 422 F: 7 
15839 12 15887 66 F: 6 6 
15910 12 15934 309 F: 5 3 4 
16061 11 16094 280 F: 3 4 4 
16167 6 16179 11 F: 4 2 
16278 9 16287 323 F: 9 
16373 11 16384 151 F: 5 6 
16457 7 16485 122 F: 3 1 3 
16565 3 16574 250 F: 3 
16672 11 16683 441 F: 5 3 3 
16788 4 16796 425 F: 4 
16844 6 16868 389 F: 4 2 
16935 11 16946 367 F: 6 5 
17004 5 17024 352 F: 5 
17139 10 17149 112 F: 5 4 1 
17282 9 17309 104 F: 2 4 3 
17358 2 17362 274 F: 2 
17495 11 17506 279 F: 5 6 
17536 9 17545 406 F: 4 4 1 
17607 3 17610 63 F: 3 
17794 8 17818 398 F: 2 6 
17808 8 17840 356 F: 8 
17930 12 17966 336 F: 5 4 3 
18066 9 18084 418 F: 5 1 3 
18190 9 18199 66 F: 9 
18292 9 18319 200 F: 3 4 2 
18306 10 18326 391 F: 7 3 
18447 9 18483 19 F: 9 
18509 13 18561 267 F: 7 6 
18692 9 18728 450 F: 3 6 
18730 8 18762 65 F: 4 2 2 
18806 8 18814 373 F: 2 6 
18930 7 18937 166 F: 4 2 1 
19028 9 19037 117 F: 3 3 3 
19121 9 19130 210 F: 7 2 
19256 8 19288 325 F: 3 1 4 
19315 9 19351 195 F: 9 
19461 11 19505 281 F: 7 4 
19573 5 19583 317 F: 5 
19674 12 19686 161 F: 6 6 
19756 4 19768 257 F: 4 
19849 13 19875 325 F: 13 
19972 10 20012 423 F: 4 2 4 
20026 10 20056 6 F: 6 4 
20120 6 20144 224 F: 5 1 
20217 8 20225 281 F: 3 2 3 
20369 12 20417 260 F: 12 
20486 7 20493 336 F: 5 2 
20508 12 20556 430 F: 5 3 4 
20699 7 20727 413 F: 3 1 3 
20776 13 20828 250 F: 13 
20844 10 20874 311 F: 10 
20960 11 20971 223 F: 7 4 
21087 3 21096 263 F: 3 
21129 7 21143 78 F: 6 1 
21208 7 21229 22 F: 4 3 
21391 7 21398 281 F: 3 4 
21431 10 21461 7 F: 4 6 
21533 3 21542 437 F: 3 
21602 12 21614 105 F: 6 6 
21766 11 21799 92 F: 11 
21877 6 21895 214 F: 3 2 1 
21981 9 22008 64 F: 3 2 4 
22080 2 22088 146 F: 2 
22183 8 22191 236 F: 4 4 
22218 10 22248 237 F: 3 3 4 
22317 11 22339 226 F: 5 6 
22429 8 22437 195 F: 4 3 1 
22568 7 22582 225 F: 7 
22633 2 22641 171 F: 2 
22758 3 22761 227 F: 3 
22881 9 22899 85 F: 4 1 4 
22990 5 22995 181 F: 3 1 1 
23030 7 23058 202 F: 7 
23170 9 23206 117 F: 4 1 4 
23252 7 23266 294 F: 4 1 2 
23398 8 23430 302 F: 2 4 2 
23447 11 23491 210 F: 11 
23504 11 23548 38 F: 11 
23635 9 23653 340 F: 5 3 1 
23738 7 23766 394 F: 4 2 1 
23849 9 23867 173 F: 9 
23907 8 23915 260 F: 8 
24056 13 24069 429 F: 7 6 
24173 8 24205 149 F: 4 1 3 
24279 11 24323 199 F: 11 
24382 5 24392 28 F: 4 1 
24483 9 24501 85 F: 2 3 4 
24541 13 24593 413 F: 5 4 4 
24690 6 24702 168 F: 2 2 2 
24756 5 24766 35 F: 5 
24856 12 24892 403 F: 6 6 
24971 6 24983 292 F: 5 1 
25007 6 25025 426 F: 3 1 2 
25190 10 25220 228 F: 10 
25262 8 25286 380 F: 2 4 2 
25304 7 25332 152 F: 7 
25403 9 25412 323 F: 3 4 2 
25556 7 25584 386 F: 5 2 
25640 10 25650 103 F: 6 4 
25782 10 25792 352 F: 5 5 
25804 8 25836 51 F: 4 4 
25933 6 25939 333 F: 4 2 
26009 9 26045 199 F: 5 2 2 
26161 7 26189 278 F: 3 4 
26285 11 26296 248 F: 5 2 4 
26392 10 26422 402 F: 4 6 
26492 10 26502 153 F: 5 2 3 
26530 7 26544 102 F: 2 4 1 
26600 12 26612 184 F: 5 3 4 
26704 5 26719 282 F: 5 
26883 6 26901 373 F: 4 2 
26957 11 26979 184 F: 5 4 2 
27070 10 27080 206 F: 3 3 4 
27153 7 27174 245 F: 3 3 1 
27269 8 27301 276 F: 8 
27380 9 27416 307 F: 9 
27432 8 27440 272 F: 5 1 2 
27522 8 27530 340 F: 8 
27668 9 27686 171 F: 2 3 4 
27705 13 27731 45 F: 13 
27821 10 27851 241 F: 10 
27990 6 27996 74 F: 5 1 
28097 9 28124 145 F: 4 2 3 
28121 8 28145 251 F: 3 5 
28246 9 28282 179 F: 9 
28332 2 28338 293 F: 2 
28465 9 28492 365 F: 3 2 4 
28560 13 28599 422 F: 13 
28648 9 28684 203 F: 5 1 3 
28798 10 28818 302 F: 4 6 
28814 8 28838 286 F: 2 2 4 
28965 9 28983 121 F: 9 
29054 5 29074 300 F: 5 
29115 8 29139 219 F: 3 4 1 
29254 12 29278 150 F: 6 6 
29304 9 29340 53 F: 4 5 
29432 9 29450 5 F: 2 3 4 
29509 7 29523 244 F: 2 5 
29629 11 29640 214 F: 11 
29783 9 29792 87 F: 4 2 3 
29805 10 29825 335 F: 3 3 4 
29964 3 29967 312 F: 3 
30018 9 30054 263 F: 2 3 4 
30196 9 30205 338 F: 9 
30272 10 30312 155 F: 5 3 2 
30394 8 30402 36 F: 8 
30436 10 30466 227 F: 10 
30506 4 30518 245 F: 2 1 1 
30612 11 30645 48 F: 6 5 
30727 8 30759 201 F: 3 2 3 
30878 6 30896 315 F: 5 1 
30930 6 30954 122 F: 3 1 2 
31098 9 31134 239 F: 3 6 
31142 5 31157 142 F: 5 
31275 3 31287 398 F: 2 1 
31325 11 31347 128 F: 4 4 3 
31497 7 31511 17 F: 2 4 1 
31565 7 31593 129 F: 7 
31641 9 31659 124 F: 9 
31755 10 31795 350 F: 5 5 
31836 13 31849 329 F: 13 
31905 9 31914 275 F: 4 5 
32074 9 32110 192 F: 4 5 
32167 10 32177 362 F: 10 
32217 8 32241 406 F: 5 3 
32355 7 32362 427 F: 3 3 1 
32409 7 32437 5 F: 3 3 1 
32514 3 32523 50 F: 3 
32643 9 32679 368 F: 4 1 4 
32776 9 32803 175 F: 5 2 2 
32803 5 32823 314 F: 2 3 
32901 10 32911 118 F: 10 
33068 7 33075 87 F: 7 
33176 8 33184 353 F: 2 2 4 
33247 8 33255 3 F: 5 2 1 
33349 9 33358 446 F: 4 2 3 
33459 7 33473 277 F: 2 4 1 
33564 12 33588 343 F: 12 
33612 4 33624 260 F: 4 
33715 4 33723 429 F: 3 1 
33861 13 33900 376 F: 7 6 
33999 8 34031 293 F: 3 3 2 
34085 13 34111 17 F: 13 
34193 11 34215 217 F: 11 
34293 8 34301 302 F: 4 2 2 
34308 12 34320 75 F: 12 
34478 5 34493 251 F: 4 1 
34522 7 34536 232 F: 5 1 1 
34606 8 34638 68 F: 3 3 2 
34759 8 34791 136 F: 3 1 4 
34816 8 34840 385 F: 5 3 
34910 9 34937 140 F: 6 3 
35059 6 35083 53 F: 4 2 
35110 8 35126 414 F: 2 6 
35276 9 35303 167 F: 4 4 1 
35334 4 35342 103 F: 4 
35449 3 35458 168 F: 3 
35529 8 35561 294 F: 5 3 
35684 7 35691 228 F: 2 3 2 
35734 9 35770 343 F: 9 
35832 9 35841 43 F: 4 5 
35985 11 36018 197 F: 7 4 
36061 6 36067 176 F: 3 1 2 
36134 10 36174 44 F: 4 6 
36249 5 36254 383 F: 3 1 1 
36346 11 36357 252 F: 7 4 
36479 10 36509 100 F: 3 3 4 
36566 5 36576 50 F: 5 
36615 9 36624 90 F: 9 
36787 4 36799 238 F: 2 2 
36812 9 36830 1 F: 9 
36980 9 37007 42 F: 9 
37028 9 37055 300 F: 5 3 1 
37185 6 37203 109 F: 6 
37230 7 37244 201 F: 7 
37388 9 37415 295 F: 3 6 
37423 13 37462 174 F: 13 
37545 9 37572 287 F: 3 4 2 
37699 8 37707 166 F: 3 5 
37768 12 37804 94 F: 12 
37856 7 37884 333 F: 3 4 
37919 9 37946 78 F: 9 
38046 7 38067 235 F: 2 5 
38153 13 38166 97 F: 5 4 4 
38228 3 38240 205 F: 3 
38314 12 38350 381 F: 6 6 
38406 12 38454 274 F: 5 3 4 
38587 12 38611 360 F: 6 6 
38633 9 38651 431 F: 7 2 
38773 8 38789 356 F: 3 5 
38891 6 38903 132 F: 6 
38928 6 38946 207 F: 4 2 
39040 4 39044 315 F: 4 
39127 2 39133 247 F: 2 
39225 12 39273 108 F: 6 6 
39321 11 39343 106 F: 11 
39480 3 39492 80 F: 3 
39511 11 39522 117 F: 11 
39649 11 39693 400 F: 11 
39708 5 39718 98 F: 3 2 
39817 11 39828 112 F: 5 2 4 
39959 3 39965 86 F: 3 
40099 3 40102 361 F: 3 
40192 9 40201 185 F: 4 5 
40270 8 40294 105 F: 8 
40339 8 40371 309 F: 2 2 4 
40430 6 40448 189 F: 4 2 
40518 5 40523 238 F: 2 2 1 
40627 7 40655 386 F: 3 4 
40787 8 40819 197 F: 8 
40882 7 40889 204 F: 4 2 1 
40987 6 40999 375 F: 4 2 
41085 10 41105 358 F: 2 4 4 
41179 3 41185 259 F: 3 
41225 5 41245 83 F: 5 
41317 13 41330 88 F: 13 
41447 12 41495 45 F: 12 
41522 2 41528 188 F: 2 
41644 7 41658 355 F: 5 2 
41727 6 41733 293 F: 5 1 
41869 6 41887 98 F: 3 3 
41902 9 41911 308 F: 7 2 
42003 6 42009 68 F: 6 
42130 7 42144 330 F: 2 5 
42205 5 42220 237 F: 2 3 
42357 3 42369 311 F: 3 
42494 10 42514 444 F: 7 3 
42579 3 42585 243 F: 3 
42600 8 42624 62 F: 5 1 2 
42762 11 42784 433 F: 7 4 
42855 8 42871 342 F: 5 2 1 
42951 5 42966 46 F: 5 
43026 9 43035 426 F: 5 1 3 
43138 7 43159 193 F: 4 3 
43259 10 43289 158 F: 10 
43365 3 43368 272 F: 2 1 
43458 10 43478 409 F: 3 4 3 
43558 5 43573 371 F: 5 
43656 7 43684 332 F: 6 1 
43755 12 43779 85 F: 12 
43837 12 43849 418 F: 12 
43980 7 44001 418 F: 6 1 
44030 10 44060 427 F: 6 4 
44194 7 44201 253 F: 4 1 2 
44238 8 44262 430 F: 6 2 
44320 6 44344 157 F: 2 4 
44449 3 44452 104 F: 3 
44593 11 44615 135 F: 11 
44634 10 44664 95 F: 4 2 4 
44795 7 44823 347 F: 2 5 
44810 5 44830 145 F: 5 
44973 4 44989 119 F: 4 
D: 12 440 
D: 14 281 
D: 18 402 
D: 22 163 
D: 23 41 
D: 29 171 
D: 37 315 
D: 46 210 
D: 53 302 
D: 57 365 
D: 61 441 
D: 63 290 
D: 80 203 
D: 83 236 
D: 84 239 
D: 91 232 
D: 93 325 
D: 128 326 
D: 137 190 
D: 137 300 
D: 141 400 
D: 147 431 
D: 149 288 
D: 164 326 
D: 175 300 
D: 184 406 
D: 187 425 
D: 191 193 
D: 191 375 
D: 193 405 
D: 201 421 
D: 202 231 
D: 208 355 
D: 217 296 
D: 227 291 
D: 227 321 
D: 236 310 
D: 264 315 
D: 266 405 
D: 274 302 
D: 309 317 
D: 314 334 
D: 345 442 
D: 348 357 
D: 383 405 
