27 13 66 337 F: 5 4 4 
157 9 193 357 F: 9 
212 10 232 36 F: 4 4 2 
366 11 410 219 F: 11 
487 8 503 422 F: 4 1 3 
552 13 565 309 F: 13 
615 6 639 241 F: 5 1 
746 5 756 281 F: 5 
893 7 914 212 F: 3 4 
941 4 953 1 F: 2 2 
1074 7 1095 256 F: 3 2 2 
1198 8 1222 385 F: 6 2 
1201 4 1213 146 F: 4 
1321 4 1329 125 F: 2 2 
1487 3 1493 183 F: 3 
1517 7 1531 310 F: 4 3 
1608 5 1618 270 F: 3 1 1 
1711 6 1729 135 F: 2 3 1 
1837 12 1861 310 F: 12 
1936 5 1951 425 F: 3 2 
2068 11 2112 220 F: 5 6 
2168 2 2176 266 F: 2 
2218 11 2240 44 F: 11 
2350 8 2382 65 F: 2 3 3 
2455 7 2469 43 F: 2 2 3 
2509 3 2521 368 F: 3 
2689 7 2696 95 F: 4 2 1 
2776 12 2800 193 F: 7 5 
2836 7 2843 272 F: 7 
2933 7 2947 295 F: 2 1 4 
3033 9 3069 170 F: 2 3 4 
3140 5 3150 339 F: 5 
3216 8 3224 148 F: 5 3 
3348 13 3361 113 F: 13 
3438 7 3445 271 F: 4 2 1 
3568 10 3598 267 F: 4 2 4 
3618 9 3627 336 F: 5 2 2 
3726 10 3756 404 F: 6 4 
3821 11 3832 303 F: 11 
3976 6 3982 351 F: 3 3 
4047 8 4079 242 F: 6 2 
4155 9 4173 253 F: 2 3 4 
4214 7 4235 430 F: 2 2 3 
4310 9 4328 375 F: 4 2 3 
4461 8 4493 194 F: 8 
4505 9 4532 317 F: 5 4 
4636 9 4663 191 F: 3 6 
4715 7 4736 63 F: 2 1 4 
4801 7 4808 339 F: 6 1 
4944 3 4950 263 F: 3 
5091 11 5135 61 F: 11 
5173 7 5180 443 F: 7 
5274 6 5280 203 F: 3 1 2 
5355 10 5365 382 F: 10 
5413 4 5421 117 F: 3 1 
5526 5 5541 337 F: 3 1 1 
5634 5 5649 24 F: 5 
5771 2 5777 155 F: 2 
5802 3 5805 311 F: 2 1 
5942 7 5963 203 F: 4 3 
6029 7 6057 301 F: 4 1 2 
6174 5 6184 373 F: 5 
6257 9 6293 447 F: 3 4 2 
6390 7 6397 197 F: 2 4 1 
6461 4 6473 233 F: 2 1 1 
6554 9 6572 346 F: 5 2 2 
6610 12 6646 228 F: 7 5 
6771 9 6789 270 F: 3 6 
6870 9 6879 169 F: 5 2 2 
6910 12 6934 151 F: 4 4 4 
7073 7 7101 370 F: 2 5 
7126 11 7148 348 F: 6 5 
7255 10 7295 100 F: 4 6 
7302 9 7320 297 F: 3 2 4 
7430 8 7454 289 F: 5 3 
7517 6 7523 139 F: 6 
7611 6 7617 198 F: 3 3 
7704 11 7748 302 F: 7 4 
7823 7 7844 9 F: 3 4 
7987 6 8005 217 F: 5 1 
8097 8 8113 56 F: 2 2 4 
8193 6 8199 158 F: 3 1 2 
8208 8 8232 80 F: 3 3 2 
8385 4 8397 107 F: 4 
8438 11 8449 157 F: 3 4 4 
8542 4 8546 192 F: 3 1 
8672 8 8704 239 F: 2 6 
8728 7 8749 15 F: 2 5 
8899 11 8932 328 F: 5 6 
8978 8 9010 324 F: 3 4 1 
9045 6 9069 158 F: 2 1 3 
9156 9 9183 221 F: 5 4 
9281 8 9297 419 F: 4 4 
9330 5 9350 85 F: 5 
9484 8 9508 283 F: 2 6 
9529 7 9550 430 F: 7 
9672 8 9704 296 F: 3 1 4 
9771 8 9779 69 F: 2 3 3 
9833 6 9845 259 F: 2 4 
9916 11 9927 69 F: 11 
10086 10 10106 421 F: 10 
10199 8 10223 346 F: 4 4 
10267 7 10281 167 F: 3 3 1 
10369 7 10383 398 F: 7 
10467 13 10506 75 F: 13 
10598 6 10616 362 F: 3 2 1 
10691 10 10701 119 F: 5 4 1 
10778 8 10786 401 F: 6 2 
10867 13 10906 16 F: 13 
10988 12 11000 386 F: 6 6 
11037 9 11073 156 F: 3 3 3 
11125 4 11137 267 F: 3 1 
11268 9 11286 146 F: 4 3 2 
11373 12 11421 383 F: 4 4 4 
11426 13 11478 236 F: 13 
11544 13 11570 141 F: 7 6 
11699 8 11707 306 F: 7 1 
11724 12 11760 82 F: 4 4 4 
11820 3 11826 412 F: 3 
11949 12 11997 441 F: 12 
12065 6 12083 67 F: 6 
12108 6 12120 91 F: 2 2 2 
12293 12 12317 318 F: 12 
12322 12 12370 440 F: 12 
12416 10 12446 196 F: 5 5 
12570 2 12578 74 F: 2 
12610 10 12650 74 F: 2 4 4 
12776 11 12809 402 F: 5 6 
12861 9 12879 173 F: 9 
12927 8 12951 227 F: 4 4 
13033 9 13051 397 F: 4 5 
13148 11 13181 358 F: 4 3 4 
13213 6 13219 285 F: 2 1 3 
13339 11 13361 9 F: 11 
13469 12 13481 240 F: 7 5 
13518 4 13530 328 F: 4 
13676 11 13720 198 F: 5 2 4 
13736 5 13751 282 F: 2 1 2 
13871 7 13899 437 F: 2 2 3 
13910 10 13930 193 F: 3 4 3 
14023 6 14035 432 F: 4 1 1 
14130 9 14157 238 F: 3 2 4 
14297 7 14325 107 F: 7 
14313 7 14327 345 F: 3 4 
14461 8 14485 156 F: 5 3 
14527 9 14536 439 F: 7 2 
14656 8 14672 318 F: 3 3 2 
14754 7 14761 274 F: 4 2 1 
14813 8 14845 262 F: 3 4 1 
14939 10 14959 283 F: 3 3 4 
15065 3 15071 85 F: 2 1 
15107 9 15134 21 F: 5 4 
15234 10 15274 416 F: 4 2 4 
15320 5 15325 308 F: 5 
15451 12 15463 352 F: 7 5 
15554 6 15566 136 F: 5 1 
15620 11 15664 114 F: 4 4 3 
15785 10 15825 222 F: 4 6 
15808 8 15824 125 F: 2 2 4 
15983 9 16010 416 F: 4 4 1 
16013 10 16053 386 F: 4 2 4 
16142 4 16158 79 F: 4 
16280 11 16291 248 F: 7 4 
16339 13 16365 68 F: 5 4 4 
16498 9 16516 354 F: 4 1 4 
16587 3 16599 390 F: 2 1 
16649 8 16673 112 F: 4 4 
16734 7 16748 420 F: 7 
16823 3 16829 433 F: 3 
16983 10 17003 98 F: 6 4 
17039 6 17057 48 F: 5 1 
17183 10 17223 407 F: 7 3 
17208 8 17224 249 F: 8 
17340 12 17376 192 F: 12 
17422 9 17458 82 F: 3 4 2 
17551 8 17583 408 F: 4 2 2 
17633 6 17657 334 F: 2 2 2 
17761 8 17777 368 F: 3 5 
17844 12 17868 47 F: 6 6 
17922 4 17930 377 F: 4 
18010 10 18020 157 F: 5 3 2 
18124 2 18126 400 F: 2 
18288 8 18320 277 F: 7 1 
18379 7 18393 311 F: 7 
18400 11 18444 172 F: 3 4 4 
18501 12 18537 11 F: 12 
18660 12 18672 311 F: 4 4 4 
18769 11 18791 257 F: 4 3 4 
18876 5 18881 60 F: 5 
18975 8 18991 55 F: 2 4 2 
19098 6 19122 12 F: 3 3 
19117 4 19121 362 F: 4 
19238 9 19247 238 F: 4 3 2 
19358 6 19376 417 F: 6 
19471 10 19491 354 F: 10 
19571 9 19598 135 F: 4 5 
19666 9 19702 232 F: 6 3 
19758 6 19776 90 F: 2 4 
19846 10 19886 97 F: 4 3 3 
19971 8 20003 231 F: 2 6 
20086 4 20102 147 F: 2 2 
20180 11 20224 270 F: 11 
20259 4 20271 113 F: 2 2 
20339 5 20349 131 F: 5 
20424 11 20446 236 F: 5 4 2 
20571 7 20599 214 F: 3 1 3 
20637 13 20689 29 F: 13 
20721 10 20731 445 F: 2 4 4 
20853 13 20866 344 F: 13 
20943 5 20963 58 F: 2 3 
21079 10 21089 91 F: 5 5 
21168 12 21216 412 F: 6 6 
21277 8 21293 39 F: 8 
21370 9 21406 420 F: 2 4 3 
21408 6 21414 450 F: 5 1 
21557 8 21581 230 F: 4 3 1 
21669 10 21699 129 F: 4 4 2 
21794 3 21803 449 F: 2 1 
21886 5 21891 427 F: 4 1 
21917 9 21944 383 F: 4 2 3 
22088 9 22106 348 F: 4 5 
22197 6 22215 162 F: 2 2 2 
22200 13 22239 47 F: 13 
22343 9 22352 257 F: 4 5 
22475 6 22481 414 F: 3 3 
22542 5 22557 149 F: 2 1 2 
22699 7 22706 259 F: 2 5 
22776 6 22788 358 F: 5 1 
22849 5 22854 62 F: 2 3 
22927 8 22935 110 F: 5 1 2 
23058 9 23085 170 F: 5 3 1 
23162 6 23180 85 F: 2 3 1 
23282 9 23300 1 F: 6 3 
23362 7 23376 217 F: 7 
23498 10 23538 201 F: 5 5 
23540 11 23562 170 F: 11 
23691 12 23739 440 F: 12 
23721 10 23761 342 F: 10 
23803 7 23831 367 F: 4 2 1 
23913 6 23919 84 F: 3 3 
24002 10 24042 132 F: 10 
24110 6 24116 65 F: 2 1 3 
24247 9 24256 385 F: 3 6 
24339 10 24369 76 F: 10 
24449 10 24479 142 F: 6 4 
24518 12 24530 80 F: 12 
24698 6 24722 134 F: 6 
24786 9 24822 316 F: 5 3 1 
24890 7 24911 379 F: 7 
24973 7 24980 9 F: 7 
25070 12 25082 308 F: 12 
25110 12 25146 263 F: 5 4 3 
25250 6 25256 211 F: 3 3 
25319 3 25322 202 F: 2 1 
25469 4 25485 337 F: 4 
25520 4 25528 312 F: 2 2 
25643 8 25667 362 F: 3 5 
25799 9 25808 293 F: 9 
25836 7 25843 78 F: 4 3 
25900 12 25912 81 F: 12 
26091 7 26112 175 F: 5 2 
26139 7 26146 49 F: 3 2 2 
26295 9 26331 176 F: 7 2 
26326 8 26342 425 F: 4 3 1 
26431 6 26443 38 F: 3 1 2 
26520 10 26550 214 F: 10 
26650 9 26686 250 F: 2 3 4 
26743 7 26764 315 F: 6 1 
26868 8 26900 42 F: 8 
26993 8 27009 286 F: 5 3 
27099 3 27108 440 F: 2 1 
27167 2 27175 74 F: 2 
27222 3 27228 366 F: 3 
27390 13 27403 19 F: 13 
27458 8 27490 196 F: 3 5 
27506 11 27528 125 F: 6 5 
27651 9 27660 363 F: 4 2 3 
27788 3 27800 136 F: 3 
27852 12 27876 11 F: 12 
27965 4 27977 251 F: 2 2 
28029 7 28036 239 F: 2 5 
28110 8 28142 392 F: 8 
28220 2 28226 344 F: 2 
28322 2 28324 152 F: 2 
28423 8 28447 242 F: 2 2 4 
28532 7 28546 311 F: 3 4 
28663 4 28679 116 F: 4 
28739 8 28771 131 F: 8 
28851 8 28867 259 F: 3 2 3 
28943 10 28973 395 F: 10 
29062 10 29102 21 F: 3 3 4 
29196 4 29208 37 F: 2 1 1 
29292 7 29299 428 F: 2 4 1 
29322 10 29332 53 F: 5 5 
29440 8 29456 207 F: 5 2 1 
29547 8 29563 368 F: 4 4 
29679 11 29690 315 F: 4 4 3 
29790 3 29793 325 F: 3 
29870 6 29894 355 F: 6 
29993 9 30011 259 F: 9 
30081 4 30093 32 F: 4 
30135 10 30175 175 F: 4 6 
30268 9 30304 280 F: 5 4 
30312 12 30348 361 F: 6 6 
30424 7 30431 273 F: 3 2 2 
30531 7 30538 60 F: 7 
30639 5 30659 161 F: 5 
30733 9 30769 92 F: 5 2 2 
30856 11 30900 225 F: 5 6 
30989 9 30998 38 F: 4 3 2 
31087 4 31103 375 F: 2 2 
31178 5 31198 133 F: 2 1 2 
31207 6 31213 196 F: 3 1 2 
31300 10 31340 146 F: 10 
31449 4 31465 139 F: 4 
31590 4 31598 141 F: 3 1 
31692 2 31694 107 F: 2 
31720 7 31748 445 F: 3 1 3 
31886 4 31894 35 F: 4 
31937 9 31964 371 F: 7 2 
32053 11 32097 315 F: 5 6 
32152 8 32176 266 F: 8 
32243 9 32279 211 F: 4 3 2 
32344 6 32362 307 F: 4 2 
32453 8 32477 418 F: 8 
32514 9 32541 360 F: 5 4 
32608 10 32628 272 F: 5 3 2 
32792 12 32828 157 F: 12 
32813 4 32825 323 F: 4 
32944 7 32951 264 F: 7 
33066 11 33077 1 F: 11 
33171 8 33195 255 F: 3 5 
33269 10 33309 282 F: 7 3 
33307 10 33347 259 F: 5 3 2 
33461 12 33497 201 F: 5 3 4 
33580 7 33608 430 F: 3 1 3 
33691 10 33731 134 F: 7 3 
33738 6 33762 29 F: 3 3 
33847 9 33874 204 F: 7 2 
33955 5 33975 201 F: 5 
34064 7 34078 294 F: 7 
34162 8 34186 347 F: 2 6 
34259 9 34277 439 F: 7 2 
34348 10 34358 425 F: 4 4 2 
34443 12 34491 419 F: 12 
34513 11 34535 218 F: 11 
34609 7 34637 415 F: 4 2 1 
34741 7 34748 321 F: 3 1 3 
34808 9 34844 317 F: 3 4 2 
34964 9 34982 175 F: 2 3 4 
35036 8 35052 144 F: 6 2 
35114 11 35125 397 F: 4 3 4 
35265 9 35301 244 F: 4 1 4 
35393 7 35414 155 F: 5 2 
35494 3 35500 45 F: 2 1 
35585 13 35611 335 F: 13 
35627 12 35639 6 F: 7 5 
35722 9 35731 54 F: 3 3 3 
35804 5 35824 207 F: 4 1 
35997 11 36008 374 F: 6 5 
36053 8 36069 225 F: 5 2 1 
36117 8 36133 400 F: 2 3 3 
36279 9 36288 322 F: 7 2 
36307 10 36327 261 F: 7 3 
36469 8 36501 223 F: 2 6 
36599 11 36632 321 F: 5 2 4 
36637 10 36667 100 F: 4 6 
36797 7 36811 184 F: 2 3 2 
36878 8 36886 53 F: 3 2 3 
36920 9 36938 294 F: 9 
37083 7 37104 414 F: 2 5 
37172 2 37174 307 F: 2 
37293 9 37302 81 F: 6 3 
37304 10 37334 87 F: 4 4 2 
37419 7 37426 266 F: 3 2 2 
37571 3 37583 66 F: 2 1 
37636 9 37663 103 F: 9 
37743 6 37767 422 F: 2 2 2 
37892 10 37912 242 F: 10 
37930 8 37946 5 F: 2 3 3 
38092 6 38110 297 F: 3 1 2 
38184 4 38188 419 F: 4 
38257 8 38265 381 F: 7 1 
38366 8 38374 259 F: 8 
38483 7 38504 161 F: 6 1 
38548 6 38566 355 F: 3 3 
38663 8 38687 159 F: 8 
38742 11 38775 411 F: 5 3 3 
38891 12 38939 329 F: 6 6 
38911 4 38923 92 F: 3 1 
39010 8 39018 169 F: 8 
39170 3 39179 297 F: 3 
39264 5 39279 428 F: 5 
39355 9 39364 202 F: 3 3 3 
39485 8 39509 425 F: 4 1 3 
39573 2 39577 211 F: 2 
39626 7 39654 11 F: 2 4 1 
39734 10 39764 289 F: 4 6 
39826 12 39838 80 F: 5 3 4 
39941 13 39993 23 F: 13 
40011 11 40033 76 F: 4 4 3 
40163 6 40169 93 F: 3 3 
40201 13 40227 188 F: 13 
40313 6 40337 209 F: 2 1 3 
40483 9 40501 344 F: 4 1 4 
40598 13 40650 28 F: 13 
40659 4 40667 41 F: 2 2 
40728 11 40750 118 F: 7 4 
40867 9 40903 375 F: 4 5 
40904 4 40908 205 F: 4 
41017 4 41033 17 F: 4 
41157 8 41173 169 F: 3 5 
41296 10 41306 337 F: 10 
41327 8 41343 280 F: 4 4 
41480 7 41508 260 F: 7 
41514 7 41528 389 F: 4 2 1 
41622 9 41640 408 F: 6 3 
41776 6 41800 242 F: 2 2 2 
41802 12 41814 162 F: 12 
41924 3 41933 383 F: 3 
42007 7 42028 331 F: 3 2 2 
42185 7 42199 12 F: 4 3 
42249 7 42263 206 F: 7 
42326 12 42338 284 F: 12 
42415 9 42442 237 F: 5 4 
42572 5 42587 6 F: 5 
42688 12 42712 449 F: 12 
42711 5 42726 274 F: 5 
42845 4 42849 186 F: 2 1 1 
42941 12 42989 408 F: 12 
43064 7 43078 41 F: 2 2 3 
43181 10 43211 12 F: 10 
43280 4 43292 175 F: 4 
43323 8 43339 236 F: 8 
43432 11 43465 446 F: 5 4 2 
43543 9 43552 61 F: 4 4 1 
43602 8 43610 447 F: 4 4 
43705 3 43708 443 F: 2 1 
43892 8 43908 202 F: 8 
43913 9 43940 252 F: 4 4 1 
44050 5 44065 99 F: 2 2 1 
44191 12 44203 7 F: 4 4 4 
44233 9 44242 315 F: 9 
44363 8 44379 136 F: 6 2 
44477 7 44505 254 F: 3 2 2 
44522 11 44555 58 F: 5 6 
44635 11 44646 241 F: 11 
44706 2 44708 341 F: 2 
44816 4 44824 253 F: 2 1 1 
44905 13 44944 373 F: 13 
D: 9 410 
D: 14 212 
D: 14 328 
D: 16 401 
D: 18 393 
D: 21 47 
D: 21 298 
D: 24 394 
D: 30 176 
D: 41 165 
D: 43 391 
D: 44 279 
D: 45 218 
D: 57 190 
D: 67 377 
D: 69 247 
D: 70 409 
D: 77 369 
D: 84 227 
D: 85 165 
D: 100 315 
D: 103 136 
D: 123 131 
D: 133 173 
D: 135 309 
D: 140 297 
D: 150 287 
D: 151 218 
D: 174 219 
D: 179 334 
D: 179 396 
D: 221 421 
D: 221 440 
D: 231 437 
D: 235 407 
D: 277 300 
D: 303 321 
D: 309 312 
D: 311 357 
D: 322 426 
D: 328 424 
D: 377 381 
D: 391 442 
D: 417 420 
D: 418 426 
