84 10 104 381 F: 4 6 
165 8 173 450 F: 3 3 2 
292 11 303 239 F: 3 4 4 
336 10 356 374 F: 3 3 4 
438 10 478 64 F: 7 3 
547 9 574 284 F: 3 4 2 
686 9 713 155 F: 4 3 2 
759 12 795 150 F: 4 4 4 
844 7 872 122 F: 4 2 1 
910 7 931 400 F: 6 1 
1070 7 1077 269 F: 3 1 3 
1189 6 1195 270 F: 4 2 
1203 6 1215 335 F: 6 
1366 8 1398 330 F: 8 
1480 9 1498 194 F: 5 3 1 
1559 9 1586 122 F: 4 3 2 
1603 9 1621 178 F: 6 3 
1767 9 1776 143 F: 9 
1841 10 1861 374 F: 5 5 
1959 4 1971 47 F: 3 1 
2012 10 2042 151 F: 3 3 4 
2118 8 2134 37 F: 3 5 
2275 8 2307 385 F: 8 
2329 7 2336 34 F: 5 1 1 
2444 10 2474 60 F: 4 6 
2534 7 2548 37 F: 2 1 4 
2614 3 2623 255 F: 2 1 
2792 7 2806 270 F: 7 
2872 9 2881 406 F: 9 
2924 10 2964 202 F: 5 4 1 
3025 8 3049 313 F: 8 
3119 10 3159 329 F: 3 3 4 
3212 12 3236 447 F: 6 6 
3358 9 3385 208 F: 4 3 2 
3421 6 3445 200 F: 2 4 
3544 8 3560 423 F: 4 3 1 
3691 10 3701 364 F: 5 4 1 
3768 6 3786 382 F: 5 1 
3890 6 3908 36 F: 2 4 
3970 5 3985 192 F: 5 
4010 9 4028 360 F: 9 
4173 3 4176 333 F: 3 
4299 12 4335 36 F: 12 
4323 9 4341 232 F: 9 
4462 12 4510 1 F: 12 
4525 8 4549 133 F: 5 3 
4620 2 4626 342 F: 2 
4751 9 4760 70 F: 4 4 1 
4877 7 4891 153 F: 7 
4971 10 4981 248 F: 5 1 4 
5080 11 5124 35 F: 6 5 
5138 10 5158 327 F: 10 
5228 8 5236 442 F: 5 3 
5315 9 5324 26 F: 5 2 2 
5406 8 5430 254 F: 5 3 
5507 6 5519 205 F: 3 2 1 
5656 10 5696 375 F: 6 4 
5798 6 5816 377 F: 2 4 
5879 11 5901 383 F: 11 
5901 5 5906 338 F: 4 1 
6033 9 6069 298 F: 3 4 2 
6177 8 6209 360 F: 5 1 2 
6231 6 6249 118 F: 3 3 
6352 6 6370 258 F: 2 4 
6474 11 6507 81 F: 6 5 
6559 7 6587 16 F: 7 
6697 9 6715 379 F: 4 4 1 
6772 7 6800 78 F: 3 4 
6852 5 6867 268 F: 3 1 1 
6997 6 7003 207 F: 6 
7065 11 7076 253 F: 6 5 
7171 5 7176 119 F: 4 1 
7235 10 7265 164 F: 10 
7377 7 7384 90 F: 3 4 
7450 11 7494 231 F: 5 3 3 
7540 9 7558 136 F: 4 4 1 
7628 7 7635 288 F: 7 
7725 5 7735 166 F: 3 1 1 
7854 12 7890 336 F: 4 4 4 
7950 10 7990 219 F: 7 3 
8006 11 8028 389 F: 3 4 4 
8163 8 8187 182 F: 4 4 
8276 9 8303 247 F: 4 3 2 
8339 7 8353 312 F: 2 1 4 
8450 11 8472 3 F: 5 4 2 
8557 7 8578 81 F: 6 1 
8679 12 8703 277 F: 12 
8786 7 8807 103 F: 3 4 
8888 5 8903 173 F: 3 2 
8951 3 8954 434 F: 3 
9042 9 9060 117 F: 3 2 4 
9175 9 9211 75 F: 9 
9291 6 9315 186 F: 3 2 1 
9309 12 9321 186 F: 12 
9428 6 9440 450 F: 2 1 3 
9584 10 9594 358 F: 10 
9666 11 9677 268 F: 11 
9786 7 9814 303 F: 4 1 2 
9815 6 9821 169 F: 6 
9985 10 10025 191 F: 6 4 
10084 8 10116 3 F: 2 4 2 
10106 12 10118 25 F: 12 
10248 7 10262 410 F: 2 5 
10361 10 10371 9 F: 7 3 
10492 11 10503 118 F: 11 
10521 10 10561 60 F: 5 5 
10629 7 10657 160 F: 3 4 
10729 13 10781 176 F: 13 
10855 7 10862 253 F: 7 
10933 8 10965 146 F: 5 2 1 
11096 13 11109 312 F: 7 6 
11159 9 11177 404 F: 7 2 
11226 7 11247 55 F: 4 1 2 
11320 11 11364 414 F: 5 3 3 
11480 9 11507 64 F: 4 1 4 
11536 9 11563 297 F: 9 
11673 2 11675 221 F: 2 
11755 7 11776 349 F: 5 1 1 
11898 11 11920 68 F: 4 3 4 
11952 7 11980 291 F: 2 5 
12015 7 12036 322 F: 4 1 2 
12120 3 12126 77 F: 3 
12205 7 12219 241 F: 3 4 
12393 12 12441 8 F: 5 3 4 
12415 7 12436 164 F: 2 4 1 
12549 9 12585 210 F: 3 2 4 
12691 7 12712 288 F: 4 3 
12778 5 12793 315 F: 2 2 1 
12896 7 12903 191 F: 2 3 2 
12909 8 12941 50 F: 4 1 3 
13063 9 13072 77 F: 2 4 3 
13170 7 13184 129 F: 7 
13209 4 13225 450 F: 4 
13352 4 13360 430 F: 3 1 
13467 11 13511 214 F: 4 3 4 
13543 9 13552 72 F: 2 3 4 
13674 8 13682 429 F: 2 3 3 
13740 10 13760 417 F: 10 
13802 12 13814 410 F: 4 4 4 
13919 7 13926 168 F: 5 1 1 
14064 6 14070 308 F: 6 
14116 5 14121 81 F: 5 
14204 7 14232 105 F: 4 1 2 
14306 2 14310 331 F: 2 
14406 11 14439 185 F: 4 4 3 
14583 8 14599 426 F: 8 
14626 10 14636 112 F: 10 
14746 11 14790 269 F: 4 3 4 
14844 10 14884 398 F: 10 
14965 4 14969 424 F: 3 1 
15043 6 15049 349 F: 6 
15126 5 15136 175 F: 5 
15297 8 15329 179 F: 3 4 1 
15371 11 15415 383 F: 5 6 
15455 11 15499 11 F: 11 
15522 7 15543 304 F: 7 
15655 6 15673 25 F: 6 
15739 5 15744 250 F: 5 
15804 7 15811 243 F: 4 3 
15981 4 15985 324 F: 4 
16080 9 16116 37 F: 9 
16139 8 16171 42 F: 4 2 2 
16226 11 16248 349 F: 11 
16361 8 16393 262 F: 3 5 
16404 6 16410 430 F: 5 1 
16521 6 16539 39 F: 6 
16676 2 16678 3 F: 2 
16700 7 16714 73 F: 4 1 2 
16892 8 16924 121 F: 8 
16918 11 16940 350 F: 5 6 
17022 3 17028 23 F: 3 
17103 11 17136 96 F: 11 
17230 2 17236 200 F: 2 
17396 11 17429 168 F: 4 3 4 
17456 9 17474 11 F: 3 2 4 
17545 9 17572 384 F: 5 4 
17647 10 17657 90 F: 5 2 3 
17723 7 17730 277 F: 7 
17873 3 17885 339 F: 3 
17984 6 17990 378 F: 6 
18048 7 18076 285 F: 5 1 1 
18186 8 18194 336 F: 3 1 4 
18205 5 18225 205 F: 3 2 
18360 9 18378 146 F: 9 
18448 9 18475 240 F: 5 4 
18557 11 18590 345 F: 5 2 4 
18684 8 18700 290 F: 3 5 
18791 13 18804 214 F: 7 6 
18887 6 18911 131 F: 6 
18966 10 18996 2 F: 2 4 4 
19005 6 19011 35 F: 5 1 
19198 2 19202 267 F: 2 
19284 4 19288 22 F: 4 
19337 4 19345 296 F: 2 2 
19423 11 19467 226 F: 5 4 2 
19565 7 19572 27 F: 3 3 1 
19605 10 19635 380 F: 6 4 
19701 8 19733 27 F: 4 2 2 
19817 10 19827 376 F: 5 1 4 
19958 10 19978 363 F: 5 4 1 
20071 5 20081 231 F: 3 2 
20175 8 20191 315 F: 8 
20283 7 20290 313 F: 2 3 2 
20368 11 20379 91 F: 5 2 4 
20486 13 20512 230 F: 13 
20581 7 20595 315 F: 3 4 
20681 9 20699 186 F: 9 
20715 4 20719 305 F: 4 
20876 6 20882 432 F: 2 4 
20958 7 20979 37 F: 6 1 
21093 3 21102 335 F: 2 1 
21134 11 21156 156 F: 5 3 3 
21201 7 21229 187 F: 7 
21322 10 21332 124 F: 10 
21468 10 21508 249 F: 6 4 
21517 3 21520 322 F: 2 1 
21634 9 21661 15 F: 5 2 2 
21796 9 21823 384 F: 5 1 3 
21842 10 21862 110 F: 10 
21957 6 21969 75 F: 4 2 
22075 9 22084 25 F: 9 
22130 13 22182 105 F: 13 
22206 3 22212 77 F: 3 
22353 6 22359 338 F: 6 
22424 2 22430 293 F: 2 
22598 6 22616 364 F: 6 
22664 5 22684 320 F: 5 
22726 9 22762 220 F: 3 3 3 
22843 7 22857 254 F: 2 3 2 
22997 5 23007 66 F: 2 2 1 
23056 7 23063 188 F: 3 4 
23190 10 23200 377 F: 5 3 2 
23250 7 23257 79 F: 2 4 1 
23389 8 23421 94 F: 2 2 4 
23463 8 23471 213 F: 8 
23580 9 23607 374 F: 4 1 4 
23694 6 23706 436 F: 2 1 3 
23760 9 23796 438 F: 4 2 3 
23829 11 23851 234 F: 6 5 
23946 2 23950 184 F: 2 
24030 8 24046 161 F: 4 4 
24123 4 24139 161 F: 3 1 
24274 11 24318 179 F: 5 2 4 
24336 11 24369 15 F: 6 5 
24440 6 24452 413 F: 2 2 2 
24579 9 24597 46 F: 3 6 
24689 9 24707 432 F: 9 
24774 8 24782 222 F: 6 2 
24837 3 24846 383 F: 3 
24937 2 24943 64 F: 2 
25035 9 25044 156 F: 4 5 
25134 6 25152 381 F: 5 1 
25284 9 25311 96 F: 4 3 2 
25396 7 25417 142 F: 4 2 1 
25467 10 25487 236 F: 6 4 
25567 7 25595 403 F: 2 5 
25659 7 25666 281 F: 7 
25740 12 25752 58 F: 12 
25897 8 25921 228 F: 8 
25977 12 26001 190 F: 5 3 4 
26038 9 26047 143 F: 7 2 
26103 5 26108 41 F: 2 1 2 
26218 11 26229 46 F: 7 4 
26369 12 26417 372 F: 12 
26403 9 26421 352 F: 3 2 4 
26568 9 26595 167 F: 3 4 2 
26641 13 26654 231 F: 13 
26702 9 26729 398 F: 4 3 2 
26876 8 26892 149 F: 4 3 1 
26945 9 26963 326 F: 2 3 4 
27041 6 27059 360 F: 3 3 
27153 5 27163 15 F: 2 2 1 
27295 9 27313 305 F: 7 2 
27330 9 27348 83 F: 2 4 3 
27467 6 27479 189 F: 6 
27575 11 27597 394 F: 3 4 4 
27684 11 27728 120 F: 5 6 
27763 10 27793 436 F: 4 6 
27836 8 27860 290 F: 4 2 2 
27993 9 28011 287 F: 9 
28060 7 28067 439 F: 7 
28120 4 28124 353 F: 4 
28244 6 28262 450 F: 2 4 
28333 6 28345 352 F: 6 
28474 13 28487 359 F: 13 
28553 9 28562 272 F: 3 3 3 
28649 8 28665 46 F: 3 5 
28722 6 28740 309 F: 6 
28810 10 28840 407 F: 5 2 3 
28993 6 29017 377 F: 6 
29000 6 29006 357 F: 2 3 1 
29180 10 29210 52 F: 4 6 
29207 8 29223 270 F: 2 6 
29333 3 29339 277 F: 3 
29455 9 29473 309 F: 9 
29552 11 29596 374 F: 4 3 4 
29612 12 29660 144 F: 12 
29708 3 29714 394 F: 3 
29867 8 29899 274 F: 8 
29953 9 29971 300 F: 3 6 
30011 4 30019 41 F: 4 
30168 5 30173 122 F: 3 1 1 
30294 12 30306 302 F: 6 6 
30371 8 30403 230 F: 4 3 1 
30447 7 30461 105 F: 7 
30595 4 30603 190 F: 4 
30662 7 30669 66 F: 3 1 3 
30750 10 30780 386 F: 4 6 
30807 9 30834 56 F: 9 
30955 8 30987 252 F: 4 2 2 
31014 6 31032 139 F: 4 2 
31187 8 31211 52 F: 7 1 
31238 3 31250 318 F: 3 
31335 10 31365 326 F: 3 3 4 
31498 11 31542 15 F: 5 6 
31560 5 31575 78 F: 2 1 2 
31648 7 31655 223 F: 7 
31783 7 31790 4 F: 4 3 
31861 8 31885 295 F: 5 1 2 
31981 9 31999 155 F: 9 
32027 4 32035 410 F: 4 
32183 3 32189 81 F: 3 
32225 11 32258 317 F: 11 
32365 11 32376 211 F: 11 
32401 9 32410 55 F: 4 5 
32567 7 32588 183 F: 5 1 1 
32603 4 32615 427 F: 2 1 1 
32798 4 32810 249 F: 2 2 
32872 12 32896 183 F: 4 4 4 
32943 4 32951 58 F: 3 1 
33079 10 33119 310 F: 6 4 
33113 13 33126 280 F: 13 
33288 10 33298 345 F: 5 3 2 
33302 9 33320 320 F: 3 6 
33487 4 33503 328 F: 4 
33540 7 33561 34 F: 5 2 
33677 2 33681 195 F: 2 
33796 3 33802 27 F: 3 
33876 9 33903 78 F: 3 4 2 
33924 4 33936 103 F: 3 1 
34057 6 34063 437 F: 6 
34198 10 34208 108 F: 3 3 4 
34203 11 34247 397 F: 5 3 3 
34349 10 34379 140 F: 5 3 2 
34479 7 34507 94 F: 2 5 
34578 12 34602 281 F: 5 4 3 
34623 6 34635 447 F: 5 1 
34722 9 34731 211 F: 4 4 1 
34849 9 34858 425 F: 4 3 2 
34984 7 35012 336 F: 4 3 
35068 8 35092 4 F: 4 2 2 
35174 10 35204 391 F: 4 3 3 
35209 7 35237 26 F: 4 1 2 
35325 7 35332 317 F: 3 4 
35448 8 35472 93 F: 3 5 
35502 9 35511 381 F: 9 
35618 3 35627 28 F: 3 
35742 7 35749 122 F: 7 
35867 10 35877 423 F: 4 3 3 
35971 7 35985 304 F: 7 
36076 12 36088 172 F: 7 5 
36147 6 36159 419 F: 6 
36239 9 36248 427 F: 5 1 3 
36301 9 36319 443 F: 3 3 3 
36406 8 36414 431 F: 4 4 
36570 3 36582 345 F: 3 
36640 6 36652 376 F: 2 2 2 
36760 8 36776 56 F: 4 4 
36854 7 36868 317 F: 3 4 
36918 11 36940 373 F: 5 4 2 
37044 11 37077 256 F: 3 4 4 
37194 9 37203 96 F: 3 4 2 
37279 9 37297 217 F: 9 
37330 12 37354 425 F: 12 
37431 6 37443 137 F: 3 2 1 
37528 10 37548 417 F: 4 4 2 
37661 12 37685 286 F: 4 4 4 
37759 10 37789 82 F: 4 3 3 
37850 5 37865 258 F: 5 
37905 3 37908 258 F: 3 
38028 7 38042 248 F: 3 2 2 
38107 9 38125 4 F: 9 
38227 4 38243 43 F: 3 1 
38322 11 38333 377 F: 4 3 4 
38410 11 38454 167 F: 5 3 3 
38508 7 38529 105 F: 7 
38617 10 38657 66 F: 6 4 
38798 10 38838 342 F: 4 4 2 
38809 8 38817 402 F: 4 3 1 
38997 10 39037 346 F: 5 5 
39017 6 39035 80 F: 4 1 1 
39134 8 39158 314 F: 4 4 
39265 9 39283 132 F: 9 
39352 7 39359 334 F: 7 
39417 12 39441 157 F: 12 
39530 8 39546 243 F: 3 4 1 
39698 5 39703 12 F: 4 1 
39761 2 39763 58 F: 2 
39892 7 39920 441 F: 2 5 
39944 11 39955 300 F: 5 2 4 
40032 13 40071 160 F: 13 
40185 7 40192 37 F: 5 2 
40245 9 40281 182 F: 2 3 4 
40316 8 40332 53 F: 2 4 2 
40472 7 40500 340 F: 2 1 4 
40566 3 40578 427 F: 3 
40626 8 40658 120 F: 8 
40751 11 40784 328 F: 5 2 4 
40863 6 40869 284 F: 3 3 
40942 13 40955 28 F: 13 
41012 3 41015 167 F: 3 
41126 6 41132 33 F: 3 2 1 
41203 9 41221 273 F: 5 4 
41387 12 41423 331 F: 12 
41411 5 41431 396 F: 2 3 
41541 6 41559 388 F: 5 1 
41650 5 41665 275 F: 5 
41767 4 41783 122 F: 2 2 
41880 13 41906 150 F: 13 
41975 5 41980 12 F: 5 
42027 13 42040 297 F: 7 6 
42133 7 42154 207 F: 3 4 
42204 11 42215 341 F: 11 
42321 6 42339 209 F: 2 2 2 
42492 9 42510 387 F: 4 4 1 
42556 8 42580 9 F: 5 3 
42677 13 42716 443 F: 7 6 
42798 5 42813 157 F: 5 
42837 9 42846 379 F: 4 3 2 
42942 8 42974 218 F: 8 
43076 8 43100 195 F: 7 1 
43191 7 43212 60 F: 3 2 2 
43289 8 43313 193 F: 2 2 4 
43359 6 43377 255 F: 6 
43448 9 43484 259 F: 4 5 
43553 7 43567 23 F: 3 3 1 
43630 8 43662 149 F: 4 4 
43743 12 43779 161 F: 6 6 
43839 10 43869 329 F: 10 
43902 6 43926 215 F: 4 1 1 
44002 7 44009 365 F: 6 1 
44121 13 44173 366 F: 13 
44219 8 44235 2 F: 8 
44391 5 44411 278 F: 2 3 
44436 7 44457 261 F: 5 2 
44541 7 44548 164 F: 7 
44683 5 44703 416 F: 4 1 
44789 8 44805 20 F: 3 4 1 
44852 12 44900 210 F: 7 5 
44962 9 44989 254 F: 2 4 3 
D: 2 93 
D: 7 14 
D: 18 272 
D: 18 299 
D: 23 111 
D: 23 428 
D: 50 407 
D: 51 225 
D: 52 120 
D: 55 409 
D: 57 67 
D: 62 393 
D: 68 292 
D: 72 127 
D: 89 392 
D: 95 278 
D: 95 331 
D: 96 319 
D: 104 391 
D: 105 183 
D: 110 365 
D: 123 128 
D: 123 237 
D: 123 414 
D: 137 179 
D: 146 354 
D: 153 163 
D: 153 269 
D: 154 300 
D: 162 213 
D: 164 270 
D: 169 345 
D: 181 317 
D: 187 264 
D: 206 214 
D: 207 283 
D: 214 324 
D: 217 320 
D: 228 275 
D: 254 427 
D: 332 400 
D: 354 438 
D: 358 433 
D: 417 429 
D: 430 447 
