13 8 21 159 F: 8 
179 6 197 95 F: 3 3 
243 11 265 214 F: 7 4 
372 10 412 365 F: 5 1 4 
473 8 505 185 F: 4 3 1 
593 3 599 316 F: 3 
689 9 725 59 F: 4 3 2 
753 10 773 171 F: 4 2 4 
866 8 874 206 F: 3 5 
974 12 986 108 F: 12 
1017 10 1037 104 F: 10 
1103 9 1139 249 F: 5 3 1 
1235 11 1246 236 F: 5 6 
1390 6 1414 305 F: 3 3 
1444 7 1458 329 F: 4 3 
1509 9 1536 90 F: 2 4 3 
1668 9 1704 301 F: 2 3 4 
1713 10 1733 362 F: 5 5 
1805 9 1832 410 F: 9 
1980 2 1988 55 F: 2 
2011 12 2047 13 F: 6 6 
2115 2 2123 437 F: 2 
2247 11 2291 41 F: 5 6 
2306 8 2322 108 F: 5 3 
2488 5 2503 137 F: 3 1 1 
2549 8 2565 3 F: 5 3 
2690 5 2695 411 F: 2 3 
2753 11 2764 113 F: 3 4 4 
2878 9 2887 276 F: 4 5 
2910 6 2922 308 F: 6 
3012 6 3030 130 F: 3 1 2 
3150 5 3160 83 F: 2 3 
3273 10 3313 151 F: 5 2 3 
3323 11 3345 250 F: 11 
3473 3 3482 281 F: 3 
3505 6 3511 48 F: 3 2 1 
3678 3 3684 206 F: 3 
3715 7 3736 240 F: 3 4 
3857 11 3868 268 F: 5 6 
3933 3 3945 315 F: 3 
4084 12 4108 65 F: 12 
4189 11 4200 222 F: 11 
4228 5 4233 9 F: 5 
4383 5 4393 264 F: 4 1 
4478 8 4510 304 F: 3 3 2 
4514 9 4523 198 F: 4 2 3 
4648 11 4681 117 F: 5 2 4 
4792 5 4807 356 F: 2 1 2 
4859 8 4875 377 F: 2 3 3 
4999 9 5017 50 F: 4 5 
5058 9 5067 427 F: 3 3 3 
5188 8 5204 367 F: 3 1 4 
5267 6 5285 173 F: 5 1 
5395 7 5416 405 F: 5 2 
5487 3 5499 91 F: 3 
5595 9 5622 450 F: 2 3 4 
5624 3 5630 143 F: 3 
5726 10 5756 76 F: 4 2 4 
5872 2 5880 353 F: 2 
5990 10 6030 388 F: 7 3 
6006 11 6039 296 F: 11 
6173 8 6189 92 F: 8 
6286 9 6304 140 F: 5 1 3 
6329 10 6359 188 F: 10 
6496 9 6514 219 F: 4 1 4 
6539 10 6559 424 F: 7 3 
6605 7 6626 246 F: 7 
6791 11 6813 30 F: 11 
6852 10 6882 187 F: 10 
6948 5 6968 18 F: 3 2 
7012 6 7030 450 F: 6 
7138 7 7145 433 F: 7 
7258 6 7276 345 F: 5 1 
7346 9 7355 227 F: 2 4 3 
7476 7 7504 430 F: 7 
7582 5 7592 82 F: 4 1 
7687 12 7723 355 F: 7 5 
7729 10 7769 129 F: 4 4 2 
7866 8 7882 328 F: 8 
7977 13 8029 169 F: 5 4 4 
8079 9 8088 48 F: 4 2 3 
8171 8 8203 76 F: 8 
8216 9 8243 392 F: 5 4 
8334 7 8355 4 F: 3 4 
8408 10 8438 28 F: 10 
8568 7 8596 307 F: 4 2 1 
8667 8 8683 254 F: 8 
8758 10 8798 214 F: 5 5 
8812 7 8819 73 F: 2 5 
8940 6 8958 295 F: 6 
9050 12 9062 40 F: 6 6 
9117 9 9153 226 F: 3 6 
9225 4 9229 402 F: 3 1 
9334 9 9343 27 F: 4 5 
9440 9 9467 1 F: 5 1 3 
9565 11 9587 369 F: 7 4 
9653 13 9705 89 F: 7 6 
9719 10 9749 302 F: 4 3 3 
9868 6 9874 36 F: 2 4 
9962 7 9976 249 F: 2 2 3 
10008 7 10015 408 F: 3 1 3 
10105 7 10119 396 F: 2 1 4 
10271 7 10278 340 F: 7 
10363 6 10387 290 F: 4 2 
10401 8 10425 284 F: 4 3 1 
10517 12 10541 59 F: 6 6 
10619 8 10627 172 F: 2 4 2 
10778 10 10818 211 F: 10 
10835 11 10868 446 F: 6 5 
10961 7 10968 187 F: 5 1 1 
11087 9 11123 222 F: 3 4 2 
11181 9 11199 82 F: 3 6 
11293 7 11314 147 F: 3 3 1 
11376 10 11386 66 F: 4 2 4 
11473 9 11491 409 F: 4 2 3 
11541 3 11544 176 F: 2 1 
11690 8 11706 169 F: 7 1 
11797 7 11804 214 F: 2 3 2 
11894 7 11922 297 F: 2 1 4 
11976 8 12000 353 F: 5 1 2 
12011 9 12020 275 F: 3 3 3 
12165 8 12189 92 F: 3 1 4 
12272 13 12298 393 F: 13 
12384 6 12396 185 F: 6 
12494 2 12500 84 F: 2 
12553 6 12577 79 F: 6 
12633 8 12665 57 F: 6 2 
12790 5 12805 59 F: 4 1 
12894 9 12921 271 F: 5 4 
12912 6 12936 344 F: 5 1 
13022 7 13043 153 F: 7 
13164 3 13173 435 F: 3 
13256 11 13300 292 F: 6 5 
13320 11 13331 152 F: 4 4 3 
13458 9 13494 137 F: 7 2 
13506 8 13538 64 F: 2 3 3 
13646 6 13658 401 F: 2 4 
13722 12 13734 209 F: 12 
13896 13 13922 276 F: 13 
13900 10 13940 146 F: 5 5 
14099 11 14143 374 F: 6 5 
14173 13 14199 83 F: 13 
14292 9 14328 194 F: 7 2 
14349 7 14377 340 F: 5 2 
14499 11 14510 87 F: 7 4 
14538 5 14543 3 F: 5 
14621 9 14648 115 F: 7 2 
14792 11 14803 361 F: 5 6 
14887 9 14923 360 F: 9 
14966 7 14994 50 F: 7 
15093 12 15105 112 F: 7 5 
15117 10 15147 73 F: 10 
15227 9 15236 72 F: 4 4 1 
15368 11 15390 116 F: 11 
15498 9 15534 20 F: 5 2 2 
15558 8 15574 389 F: 5 3 
15615 7 15622 302 F: 3 2 2 
15781 9 15817 84 F: 5 4 
15860 4 15864 203 F: 4 
15997 7 16018 23 F: 7 
16011 8 16019 254 F: 5 3 
16145 8 16161 166 F: 4 4 
16285 9 16312 405 F: 4 4 1 
16387 10 16407 315 F: 10 
16467 8 16499 99 F: 5 2 1 
16560 4 16568 25 F: 4 
16619 2 16627 44 F: 2 
16742 6 16766 232 F: 4 2 
16801 8 16809 91 F: 5 3 
16959 8 16991 365 F: 5 3 
17028 11 17061 389 F: 5 6 
17112 9 17121 242 F: 4 3 2 
17282 9 17318 115 F: 5 4 
17351 7 17365 266 F: 4 2 1 
17491 12 17527 342 F: 12 
17544 9 17580 395 F: 9 
17632 7 17660 8 F: 7 
17779 10 17819 98 F: 5 5 
17892 8 17908 53 F: 5 1 2 
17933 8 17949 280 F: 3 4 1 
18015 8 18047 324 F: 3 1 4 
18130 7 18151 379 F: 2 3 2 
18297 4 18305 93 F: 2 2 
18325 7 18353 381 F: 2 5 
18495 9 18504 435 F: 5 4 
18565 10 18605 179 F: 4 4 2 
18617 10 18657 441 F: 5 2 3 
18773 4 18777 21 F: 3 1 
18872 5 18882 123 F: 5 
18942 11 18975 83 F: 11 
19019 9 19055 378 F: 3 6 
19198 8 19206 118 F: 8 
19267 5 19282 289 F: 2 3 
19319 8 19327 106 F: 5 2 1 
19435 5 19445 98 F: 5 
19573 8 19605 111 F: 8 
19629 9 19656 290 F: 5 2 2 
19747 9 19783 419 F: 3 2 4 
19868 6 19892 185 F: 2 4 
19966 7 19994 259 F: 7 
20068 12 20092 3 F: 12 
20147 12 20171 204 F: 4 4 4 
20238 7 20266 255 F: 4 3 
20385 12 20421 44 F: 7 5 
20469 8 20501 261 F: 4 2 2 
20575 10 20615 57 F: 10 
20696 11 20707 281 F: 7 4 
20744 9 20771 119 F: 7 2 
20854 6 20872 62 F: 6 
20916 9 20952 185 F: 4 4 1 
21039 11 21061 199 F: 6 5 
21195 3 21207 148 F: 2 1 
21248 9 21275 437 F: 4 5 
21389 4 21393 287 F: 4 
21450 10 21470 50 F: 10 
21548 11 21570 307 F: 4 3 4 
21630 13 21656 383 F: 5 4 4 
21715 6 21733 412 F: 6 
21833 2 21841 348 F: 2 
21976 6 21988 257 F: 6 
22069 2 22071 416 F: 2 
22118 9 22154 164 F: 9 
22231 8 22239 135 F: 2 2 4 
22345 6 22363 433 F: 3 3 
22462 10 22482 166 F: 10 
22510 7 22517 171 F: 2 2 3 
22617 8 22625 391 F: 8 
22729 7 22736 308 F: 4 3 
22824 11 22868 160 F: 11 
22998 11 23020 333 F: 11 
23027 6 23039 291 F: 6 
23170 7 23184 3 F: 3 3 1 
23259 8 23267 185 F: 4 2 2 
23347 8 23363 401 F: 3 4 1 
23402 2 23404 137 F: 2 
23567 10 23577 325 F: 10 
23627 7 23634 395 F: 5 2 
23730 6 23748 36 F: 3 2 1 
23826 6 23844 230 F: 4 1 1 
23992 11 24036 38 F: 11 
24072 7 24086 382 F: 4 1 2 
24103 10 24123 276 F: 10 
24268 8 24300 293 F: 3 4 1 
24352 10 24362 273 F: 10 
24472 8 24496 380 F: 4 3 1 
24511 5 24521 358 F: 3 2 
24632 6 24650 309 F: 2 4 
24797 8 24821 152 F: 8 
24863 9 24899 8 F: 7 2 
24966 11 24988 433 F: 11 
25087 10 25127 332 F: 5 2 3 
25171 6 25195 57 F: 3 1 2 
25214 6 25226 292 F: 4 2 
25349 9 25367 408 F: 4 2 3 
25453 9 25471 96 F: 4 3 2 
25561 7 25589 367 F: 7 
25695 9 25731 258 F: 5 1 3 
25765 7 25772 318 F: 4 1 2 
25853 8 25877 82 F: 4 1 3 
25983 12 26007 194 F: 7 5 
26002 7 26023 242 F: 2 5 
26162 4 26166 368 F: 4 
26242 3 26245 440 F: 3 
26337 9 26355 53 F: 5 4 
26455 7 26469 337 F: 7 
26523 9 26541 259 F: 2 4 3 
26620 3 26629 157 F: 2 1 
26739 2 26743 327 F: 2 
26855 8 26879 307 F: 3 5 
26992 8 27016 195 F: 2 2 4 
27061 7 27082 209 F: 4 3 
27117 5 27137 160 F: 5 
27254 3 27266 54 F: 3 
27306 12 27330 105 F: 12 
27446 8 27462 429 F: 8 
27512 5 27527 303 F: 4 1 
27666 11 27699 34 F: 6 5 
27701 6 27719 321 F: 6 
27865 7 27893 280 F: 2 2 3 
27949 7 27977 138 F: 5 2 
28010 9 28028 84 F: 4 3 2 
28188 10 28198 88 F: 2 4 4 
28290 10 28300 445 F: 3 3 4 
28376 7 28390 311 F: 4 3 
28478 9 28487 85 F: 2 3 4 
28507 6 28525 197 F: 4 2 
28648 11 28681 350 F: 5 2 4 
28716 10 28746 305 F: 10 
28821 5 28831 237 F: 2 1 2 
28922 6 28928 29 F: 3 3 
29071 6 29089 210 F: 2 1 3 
29120 9 29147 409 F: 3 6 
29287 9 29323 197 F: 3 4 2 
29364 8 29372 11 F: 3 5 
29490 8 29522 21 F: 7 1 
29507 7 29521 435 F: 3 3 1 
29617 7 29638 265 F: 4 2 1 
29731 7 29752 311 F: 7 
29814 9 29832 229 F: 5 2 2 
29906 10 29946 211 F: 7 3 
30001 11 30034 398 F: 5 4 2 
30165 10 30205 117 F: 4 6 
30246 6 30264 186 F: 5 1 
30370 10 30390 112 F: 10 
30414 11 30458 205 F: 5 2 4 
30579 8 30603 122 F: 4 4 
30603 11 30636 295 F: 3 4 4 
30717 9 30753 359 F: 4 2 3 
30837 8 30845 102 F: 5 1 2 
30912 4 30928 90 F: 4 
31026 8 31050 121 F: 4 1 3 
31109 4 31113 361 F: 4 
31251 6 31257 376 F: 5 1 
31387 5 31402 59 F: 2 2 1 
31446 4 31450 329 F: 2 2 
31514 8 31522 330 F: 8 
31690 9 31717 312 F: 3 3 3 
31737 9 31773 81 F: 4 3 2 
31899 6 31911 120 F: 3 1 2 
31921 8 31953 106 F: 2 4 2 
32070 13 32083 266 F: 13 
32176 4 32188 216 F: 2 2 
32264 13 32277 361 F: 7 6 
32395 8 32427 84 F: 5 2 1 
32403 2 32409 224 F: 2 
32531 6 32549 29 F: 5 1 
32649 8 32681 271 F: 3 1 4 
32786 9 32795 320 F: 9 
32856 11 32900 303 F: 5 2 4 
32917 4 32929 122 F: 4 
33041 11 33074 441 F: 11 
33145 5 33160 173 F: 3 2 
33270 10 33290 130 F: 10 
33361 7 33375 363 F: 3 2 2 
33489 8 33505 233 F: 3 4 1 
33561 12 33597 276 F: 12 
33688 10 33728 94 F: 4 3 3 
33777 2 33781 414 F: 2 
33825 3 33831 120 F: 3 
33994 12 34018 370 F: 12 
34001 9 34019 104 F: 6 3 
34172 7 34179 344 F: 3 2 2 
34247 12 34283 375 F: 7 5 
34319 8 34327 419 F: 8 
34473 7 34501 37 F: 7 
34591 7 34612 281 F: 3 4 
34603 13 34655 357 F: 13 
34792 10 34832 248 F: 5 3 2 
34867 9 34876 185 F: 9 
34957 9 34993 126 F: 3 6 
35034 7 35041 346 F: 7 
35183 7 35204 85 F: 7 
35222 8 35238 289 F: 4 4 
35377 12 35401 418 F: 4 4 4 
35447 8 35463 309 F: 3 2 3 
35587 11 35631 18 F: 5 3 3 
35678 11 35689 182 F: 5 6 
35762 11 35806 185 F: 11 
35896 8 35928 233 F: 8 
35989 9 35998 93 F: 4 5 
36094 8 36102 259 F: 2 6 
36133 10 36173 117 F: 4 6 
36265 4 36269 303 F: 2 2 
36357 12 36405 123 F: 7 5 
36456 12 36492 412 F: 5 4 3 
36521 9 36548 409 F: 4 2 3 
36697 9 36724 266 F: 3 6 
36729 9 36765 313 F: 3 2 4 
36842 4 36858 206 F: 2 2 
36944 3 36947 152 F: 3 
37085 8 37101 146 F: 2 3 3 
37163 9 37172 432 F: 4 1 4 
37280 8 37312 118 F: 4 4 
37343 4 37351 237 F: 4 
37459 6 37477 65 F: 3 3 
37562 10 37592 420 F: 7 3 
37657 8 37665 348 F: 8 
37798 13 37850 43 F: 13 
37890 4 37902 400 F: 3 1 
37924 7 37931 332 F: 7 
38028 9 38064 311 F: 3 2 4 
38125 9 38152 383 F: 4 2 3 
38205 10 38225 352 F: 5 5 
38349 13 38375 248 F: 13 
38404 9 38431 329 F: 3 4 2 
38505 8 38513 38 F: 6 2 
38687 10 38717 264 F: 10 
38732 9 38768 348 F: 3 4 2 
38892 9 38928 35 F: 7 2 
38984 8 39016 165 F: 2 6 
39082 7 39103 192 F: 2 2 3 
39161 4 39169 325 F: 4 
39242 10 39262 343 F: 4 6 
39354 7 39382 336 F: 7 
39404 9 39431 294 F: 3 3 3 
39570 13 39583 408 F: 7 6 
39637 13 39650 170 F: 7 6 
39799 6 39805 433 F: 2 4 
39876 8 39900 159 F: 4 4 
39936 6 39942 123 F: 4 1 1 
40030 10 40050 15 F: 5 2 3 
40138 6 40144 31 F: 3 1 2 
40283 9 40319 390 F: 6 3 
40399 5 40404 247 F: 3 2 
40433 7 40461 254 F: 4 3 
40503 7 40517 76 F: 2 2 3 
40674 5 40694 65 F: 3 1 1 
40738 13 40790 388 F: 13 
40805 9 40814 263 F: 5 1 3 
40979 4 40983 83 F: 4 
41050 10 41090 168 F: 7 3 
41121 5 41141 202 F: 3 2 
41299 2 41301 27 F: 2 
41397 5 41412 128 F: 4 1 
41470 10 41500 48 F: 4 2 4 
41527 10 41567 449 F: 10 
41658 8 41666 249 F: 4 4 
41748 6 41760 13 F: 2 2 2 
41822 2 41826 156 F: 2 
41932 5 41937 215 F: 5 
42020 2 42026 56 F: 2 
42123 12 42147 1 F: 12 
42202 3 42214 348 F: 3 
42327 9 42336 197 F: 9 
42433 8 42457 56 F: 4 3 1 
42546 11 42568 145 F: 11 
42652 7 42666 91 F: 2 1 4 
42744 11 42766 371 F: 7 4 
42819 12 42855 411 F: 6 6 
42916 4 42920 115 F: 2 2 
43004 4 43020 406 F: 4 
43121 4 43129 273 F: 4 
43255 7 43276 158 F: 7 
43338 11 43349 304 F: 11 
43499 2 43507 219 F: 2 
43542 13 43555 13 F: 13 
43613 12 43625 356 F: 12 
43791 5 43806 3 F: 2 3 
43818 7 43832 245 F: 6 1 
43953 3 43962 256 F: 2 1 
44021 11 44065 415 F: 4 3 4 
44156 11 44178 99 F: 6 5 
44271 7 44292 161 F: 7 
44373 11 44384 246 F: 6 5 
44464 6 44482 72 F: 2 4 
44530 7 44544 296 F: 7 
44663 8 44687 110 F: 4 4 
44738 9 44774 334 F: 9 
44835 10 44865 1 F: 5 4 1 
44990 10 45020 281 F: 5 5 
D: 3 322 
D: 6 121 
D: 8 149 
D: 12 286 
D: 16 222 
D: 21 235 
D: 39 233 
D: 48 61 
D: 51 183 
D: 53 66 
D: 68 270 
D: 73 358 
D: 79 277 
D: 79 306 
D: 82 149 
D: 93 382 
D: 96 298 
D: 101 128 
D: 104 415 
D: 107 324 
D: 109 132 
D: 112 444 
D: 122 240 
D: 122 265 
D: 123 279 
D: 132 257 
D: 135 399 
D: 141 229 
D: 147 210 
D: 151 252 
D: 155 318 
D: 161 250 
D: 188 206 
D: 195 198 
D: 196 223 
D: 198 335 
D: 207 276 
D: 216 254 
D: 245 416 
D: 272 368 
D: 281 403 
D: 300 342 
D: 303 363 
D: 332 358 
D: 347 447 
