49 7 70 118 F: 6 1 
148 10 168 157 F: 4 2 4 
251 9 260 91 F: 3 3 3 
373 9 382 163 F: 9 
436 11 458 325 F: 7 4 
528 4 532 324 F: 4 
611 7 618 257 F: 7 
782 2 788 405 F: 2 
829 9 847 350 F: 6 3 
906 10 916 300 F: 3 3 4 
1034 7 1055 149 F: 4 3 
1159 8 1183 349 F: 2 4 2 
1231 11 1242 153 F: 4 3 4 
1311 4 1327 385 F: 4 
1410 10 1420 155 F: 5 4 1 
1561 9 1597 404 F: 6 3 
1619 7 1626 20 F: 5 2 
1781 8 1789 416 F: 3 4 1 
1889 6 1901 335 F: 2 1 3 
1959 11 1981 202 F: 11 
2060 13 2099 277 F: 7 6 
2142 10 2172 310 F: 3 4 3 
2273 3 2282 106 F: 2 1 
2397 5 2412 78 F: 2 3 
2428 8 2444 152 F: 4 4 
2584 8 2608 333 F: 5 3 
2638 9 2647 348 F: 2 4 3 
2753 13 2805 259 F: 5 4 4 
2864 2 2866 6 F: 2 
2916 9 2925 165 F: 4 5 
3045 9 3072 336 F: 5 3 1 
3145 13 3158 341 F: 13 
3230 8 3254 180 F: 4 4 
3390 8 3414 379 F: 5 3 
3429 4 3433 95 F: 2 2 
3560 5 3570 390 F: 3 2 
3680 10 3710 31 F: 10 
3704 8 3720 353 F: 5 2 1 
3801 9 3819 41 F: 2 4 3 
3952 5 3957 308 F: 5 
4092 10 4132 327 F: 5 3 2 
4174 9 4183 336 F: 4 1 4 
4212 11 4245 449 F: 11 
4312 7 4340 24 F: 7 
4402 7 4409 151 F: 2 4 1 
4589 9 4607 273 F: 3 6 
4604 3 4613 308 F: 3 
4792 5 4812 267 F: 5 
4859 5 4879 173 F: 3 1 1 
4981 8 5013 47 F: 6 2 
5078 5 5093 136 F: 3 2 
5148 9 5184 20 F: 2 4 3 
5217 6 5241 340 F: 3 3 
5388 6 5406 5 F: 6 
5492 6 5498 393 F: 6 
5569 9 5596 377 F: 5 4 
5688 5 5698 15 F: 2 2 1 
5727 5 5737 47 F: 5 
5844 9 5853 334 F: 4 5 
5963 8 5995 238 F: 3 2 3 
6001 7 6008 26 F: 7 
6115 11 6126 46 F: 11 
6257 4 6273 183 F: 4 
6357 3 6369 316 F: 2 1 
6432 8 6464 414 F: 5 2 1 
6500 7 6528 34 F: 5 2 
6696 8 6704 271 F: 8 
6732 5 6742 401 F: 2 3 
6863 8 6895 442 F: 4 4 
6939 9 6948 80 F: 5 2 2 
7092 11 7103 376 F: 5 3 3 
7102 8 7126 94 F: 4 4 
7210 9 7237 91 F: 5 1 3 
7379 12 7415 280 F: 12 
7405 5 7425 6 F: 3 2 
7580 3 7586 15 F: 2 1 
7674 9 7692 203 F: 4 1 4 
7766 4 7778 263 F: 4 
7809 9 7827 374 F: 3 6 
7906 9 7915 312 F: 4 3 2 
8035 4 8043 445 F: 3 1 
8173 9 8191 266 F: 4 3 2 
8240 8 8256 314 F: 5 1 2 
8370 11 8403 283 F: 4 3 4 
8406 4 8422 247 F: 4 
8501 8 8533 421 F: 4 2 2 
8646 11 8668 226 F: 4 3 4 
8746 6 8758 168 F: 2 4 
8805 10 8845 368 F: 4 3 3 
8981 11 9025 250 F: 11 
9036 4 9040 46 F: 4 
9188 9 9215 69 F: 6 3 
9283 8 9299 104 F: 8 
9362 10 9372 410 F: 10 
9470 8 9486 109 F: 2 6 
9537 9 9555 357 F: 3 2 4 
9624 5 9639 295 F: 2 3 
9745 7 9773 434 F: 2 5 
9809 9 9836 126 F: 2 3 4 
9992 9 10019 301 F: 4 3 2 
10035 7 10056 411 F: 3 2 2 
10181 8 10189 350 F: 5 2 1 
10273 8 10305 291 F: 4 3 1 
10335 9 10353 156 F: 3 6 
10402 9 10429 346 F: 5 4 
10544 6 10550 444 F: 3 3 
10605 11 10649 267 F: 11 
10710 7 10738 168 F: 5 1 1 
10880 12 10928 89 F: 6 6 
10959 7 10966 185 F: 2 3 2 
11031 13 11044 375 F: 13 
11199 7 11213 165 F: 6 1 
11212 8 11228 119 F: 2 2 4 
11362 11 11395 240 F: 11 
11448 9 11484 194 F: 6 3 
11533 5 11538 76 F: 5 
11611 8 11635 398 F: 2 6 
11753 10 11763 332 F: 10 
11855 4 11871 216 F: 3 1 
11931 6 11937 198 F: 6 
12058 3 12064 438 F: 3 
12143 7 12171 250 F: 6 1 
12219 5 12239 125 F: 2 3 
12327 10 12347 374 F: 6 4 
12404 5 12409 153 F: 5 
12508 12 12556 193 F: 12 
12656 5 12661 311 F: 2 3 
12782 8 12814 123 F: 8 
12831 10 12861 191 F: 5 5 
12923 9 12941 2 F: 3 3 3 
13024 10 13054 89 F: 5 2 3 
13197 9 13215 426 F: 2 3 4 
13270 2 13272 38 F: 2 
13386 7 13414 89 F: 7 
13425 12 13449 284 F: 12 
13571 6 13583 140 F: 2 4 
13666 8 13690 182 F: 6 2 
13799 10 13809 410 F: 10 
13889 6 13895 142 F: 3 3 
13951 8 13959 195 F: 5 2 1 
14000 8 14024 7 F: 5 3 
14112 2 14114 132 F: 2 
14209 5 14214 352 F: 2 2 1 
14388 2 14396 381 F: 2 
14422 10 14432 358 F: 5 2 3 
14588 2 14596 193 F: 2 
14683 9 14701 155 F: 3 3 3 
14717 11 14761 163 F: 6 5 
14877 9 14904 328 F: 9 
14925 12 14973 273 F: 12 
15084 7 15091 71 F: 7 
15122 8 15146 334 F: 3 4 1 
15261 9 15279 310 F: 2 3 4 
15317 9 15353 194 F: 4 4 1 
15488 7 15495 99 F: 3 4 
15533 9 15551 171 F: 3 4 2 
15630 11 15663 178 F: 6 5 
15722 11 15744 255 F: 11 
15860 3 15869 326 F: 3 
15948 7 15955 249 F: 3 2 2 
16040 8 16056 103 F: 5 3 
16155 11 16199 381 F: 11 
16270 9 16279 291 F: 6 3 
16338 5 16348 72 F: 2 3 
16471 11 16515 147 F: 4 3 4 
16555 9 16564 434 F: 6 3 
16641 12 16689 295 F: 12 
16741 7 16748 305 F: 2 1 4 
16875 9 16902 429 F: 3 6 
16925 6 16931 147 F: 2 1 3 
17052 4 17056 116 F: 4 
17123 12 17171 143 F: 12 
17284 5 17294 428 F: 5 
17341 8 17373 109 F: 3 1 4 
17459 4 17463 100 F: 4 
17564 10 17594 269 F: 10 
17623 10 17633 446 F: 5 3 2 
17769 7 17790 259 F: 7 
17853 13 17892 82 F: 7 6 
17979 4 17987 216 F: 2 1 1 
18080 10 18090 14 F: 3 3 4 
18160 6 18172 235 F: 2 3 1 
18225 7 18253 334 F: 4 2 1 
18341 8 18349 71 F: 7 1 
18460 12 18508 193 F: 5 4 3 
18582 9 18591 166 F: 5 1 3 
18653 10 18663 215 F: 6 4 
18728 7 18742 109 F: 6 1 
18866 11 18888 117 F: 5 4 2 
18994 9 19030 261 F: 4 1 4 
19047 5 19062 210 F: 5 
19132 8 19156 97 F: 8 
19219 12 19267 305 F: 12 
19374 12 19386 196 F: 6 6 
19425 8 19449 90 F: 8 
19546 10 19566 277 F: 3 3 4 
19685 6 19697 363 F: 4 2 
19759 13 19772 3 F: 7 6 
19886 7 19907 306 F: 7 
19956 12 19968 136 F: 12 
20044 6 20050 170 F: 2 3 1 
20170 9 20206 258 F: 7 2 
20251 6 20269 401 F: 4 2 
20355 11 20388 35 F: 3 4 4 
20401 13 20453 387 F: 13 
20520 7 20548 149 F: 7 
20608 2 20610 60 F: 2 
20773 5 20783 65 F: 4 1 
20809 7 20837 450 F: 4 3 
20981 9 21017 239 F: 2 4 3 
21004 10 21044 107 F: 7 3 
21182 8 21214 11 F: 4 4 
21295 13 21321 174 F: 13 
21348 12 21372 70 F: 12 
21465 10 21495 217 F: 5 5 
21531 9 21567 58 F: 9 
21626 13 21665 248 F: 5 4 4 
21743 9 21761 380 F: 9 
21806 13 21819 409 F: 13 
21904 11 21926 252 F: 5 6 
22004 8 22028 396 F: 3 1 4 
22169 10 22209 300 F: 3 4 3 
22202 6 22220 41 F: 3 2 1 
22348 2 22356 330 F: 2 
22434 3 22443 79 F: 3 
22544 6 22550 20 F: 4 2 
22644 6 22650 122 F: 2 4 
22779 7 22807 102 F: 7 
22835 11 22857 109 F: 5 6 
22961 9 22979 136 F: 9 
23088 2 23096 140 F: 2 
23153 12 23201 278 F: 12 
23290 12 23314 51 F: 12 
23384 5 23404 29 F: 3 1 1 
23402 8 23434 392 F: 3 5 
23566 9 23593 289 F: 7 2 
23684 7 23698 403 F: 4 1 2 
23742 5 23752 95 F: 2 3 
23880 13 23906 38 F: 13 
23967 8 23991 54 F: 8 
24095 6 24113 141 F: 6 
24151 7 24172 396 F: 7 
24276 12 24288 237 F: 12 
24363 10 24393 408 F: 5 2 3 
24463 13 24476 214 F: 7 6 
24571 6 24577 411 F: 2 4 
24622 5 24632 410 F: 3 2 
24781 10 24811 222 F: 10 
24841 4 24853 311 F: 2 2 
24927 8 24951 120 F: 2 6 
25062 4 25070 146 F: 4 
25106 11 25117 190 F: 7 4 
25225 13 25277 34 F: 13 
25348 11 25359 113 F: 4 4 3 
25431 13 25470 150 F: 13 
25560 11 25604 25 F: 11 
25686 9 25695 358 F: 5 4 
25750 8 25766 133 F: 8 
25899 6 25911 141 F: 2 3 1 
25982 8 25990 45 F: 8 
26062 8 26070 8 F: 5 3 
26134 2 26140 47 F: 2 
26279 6 26285 125 F: 3 1 2 
26319 7 26333 132 F: 4 2 1 
26488 9 26524 101 F: 3 2 4 
26522 5 26527 422 F: 2 2 1 
26670 9 26679 230 F: 2 3 4 
26705 8 26729 11 F: 7 1 
26825 3 26828 104 F: 3 
26980 8 27012 170 F: 2 4 2 
27090 13 27129 335 F: 13 
27167 3 27179 364 F: 3 
27208 4 27212 438 F: 4 
27333 10 27373 317 F: 10 
27404 9 27422 270 F: 5 1 3 
27512 9 27539 202 F: 4 5 
27683 9 27710 140 F: 2 4 3 
27726 5 27746 99 F: 2 2 1 
27826 6 27832 408 F: 2 4 
27948 8 27972 258 F: 8 
28087 8 28111 33 F: 5 2 1 
28183 2 28185 265 F: 2 
28200 7 28221 437 F: 5 2 
28362 12 28374 275 F: 7 5 
28401 4 28409 427 F: 3 1 
28574 7 28595 401 F: 5 2 
28663 11 28696 31 F: 4 4 3 
28713 9 28749 185 F: 4 5 
28886 3 28892 270 F: 3 
28964 8 28980 444 F: 5 2 1 
29090 10 29100 339 F: 4 2 4 
29167 10 29197 245 F: 10 
29270 7 29298 229 F: 4 1 2 
29392 4 29400 390 F: 4 
29496 9 29532 30 F: 9 
29571 8 29603 66 F: 3 5 
29659 9 29677 356 F: 4 5 
29776 9 29812 91 F: 4 3 2 
29817 11 29828 189 F: 7 4 
29997 11 30008 402 F: 6 5 
30049 9 30076 231 F: 9 
30187 8 30195 39 F: 3 3 2 
30254 8 30278 154 F: 3 2 3 
30345 7 30352 136 F: 2 3 2 
30468 3 30474 427 F: 3 
30587 8 30611 191 F: 4 4 
30615 7 30636 144 F: 7 
30751 12 30787 206 F: 12 
30821 8 30853 292 F: 5 3 
30983 9 31019 284 F: 9 
31026 5 31046 170 F: 2 2 1 
31169 6 31187 121 F: 2 1 3 
31223 3 31226 198 F: 3 
31365 12 31401 338 F: 7 5 
31483 6 31507 52 F: 4 1 1 
31519 9 31537 386 F: 5 1 3 
31631 6 31643 426 F: 6 
31735 9 31771 51 F: 3 2 4 
31812 10 31832 94 F: 6 4 
31967 9 31994 387 F: 9 
32089 12 32113 15 F: 7 5 
32192 5 32207 168 F: 2 3 
32201 6 32219 257 F: 2 1 3 
32308 10 32328 179 F: 4 4 2 
32496 7 32524 23 F: 6 1 
32519 9 32537 428 F: 7 2 
32613 11 32624 51 F: 11 
32702 6 32708 277 F: 6 
32830 10 32860 75 F: 10 
32948 6 32960 356 F: 6 
33009 9 33045 51 F: 9 
33131 9 33140 192 F: 9 
33280 9 33289 104 F: 9 
33381 9 33399 147 F: 9 
33428 10 33458 433 F: 4 6 
33560 3 33572 315 F: 3 
33603 7 33631 264 F: 3 4 
33784 6 33790 160 F: 6 
33839 9 33875 177 F: 6 3 
33997 6 34009 123 F: 2 3 1 
34082 12 34106 156 F: 5 4 3 
34114 10 34134 33 F: 10 
34215 6 34239 442 F: 2 2 2 
34384 4 34392 252 F: 2 1 1 
34489 9 34507 296 F: 7 2 
34590 7 34604 292 F: 4 3 
34617 8 34641 238 F: 2 3 3 
34718 3 34727 414 F: 3 
34863 6 34881 104 F: 2 3 1 
34988 12 35012 202 F: 12 
35094 4 35110 18 F: 2 2 
35156 11 35189 411 F: 11 
35297 8 35305 360 F: 8 
35394 5 35404 436 F: 2 3 
35453 7 35467 113 F: 7 
35520 8 35528 412 F: 3 1 4 
35617 7 35631 364 F: 6 1 
35799 10 35809 180 F: 5 2 3 
35825 11 35836 102 F: 11 
35982 9 36018 20 F: 4 5 
36095 10 36125 446 F: 5 5 
36189 11 36233 331 F: 11 
36299 7 36313 434 F: 3 3 1 
36340 9 36349 385 F: 5 3 1 
36407 9 36443 19 F: 5 2 2 
36574 8 36606 345 F: 5 1 2 
36630 9 36657 383 F: 4 2 3 
36762 11 36795 346 F: 11 
36862 2 36870 129 F: 2 
36944 9 36962 64 F: 4 5 
37030 10 37060 383 F: 3 4 3 
37162 7 37190 398 F: 6 1 
37223 3 37235 411 F: 2 1 
37349 9 37376 113 F: 3 6 
37413 7 37441 339 F: 3 4 
37537 8 37553 32 F: 3 4 1 
37638 9 37656 265 F: 3 4 2 
37757 4 37765 448 F: 4 
37804 5 37819 180 F: 4 1 
37909 11 37931 352 F: 11 
38009 7 38016 140 F: 3 1 3 
38161 5 38181 67 F: 5 
38270 8 38278 122 F: 3 2 3 
38390 9 38426 427 F: 3 2 4 
38433 12 38445 369 F: 4 4 4 
38554 8 38562 425 F: 4 4 
38617 8 38649 26 F: 3 1 4 
38754 8 38762 382 F: 8 
38894 7 38901 370 F: 3 2 2 
38992 4 39004 169 F: 3 1 
39035 12 39071 186 F: 7 5 
39146 9 39173 243 F: 9 
39241 3 39244 350 F: 3 
39305 5 39320 261 F: 5 
39436 2 39440 396 F: 2 
39560 11 39593 227 F: 11 
39680 9 39707 69 F: 9 
39744 12 39792 346 F: 6 6 
39890 9 39926 343 F: 7 2 
39969 8 39977 243 F: 3 3 2 
40003 9 40021 262 F: 4 2 3 
40181 11 40203 98 F: 6 5 
40280 12 40316 25 F: 12 
40381 11 40403 69 F: 11 
40417 9 40435 40 F: 5 1 3 
40585 3 40588 289 F: 3 
40611 8 40643 405 F: 3 1 4 
40780 9 40789 326 F: 9 
40873 8 40905 335 F: 4 4 
40951 10 40971 382 F: 5 2 3 
41047 11 41058 188 F: 4 4 3 
41137 8 41145 293 F: 8 
41270 11 41314 366 F: 11 
41309 4 41325 103 F: 4 
41456 10 41486 194 F: 4 6 
41511 2 41517 339 F: 2 
41689 13 41728 415 F: 7 6 
41728 11 41739 233 F: 5 6 
41844 9 41853 209 F: 3 3 3 
41999 6 42017 386 F: 2 1 3 
42026 4 42038 420 F: 2 2 
42107 10 42127 380 F: 4 2 4 
42277 8 42285 339 F: 3 4 1 
42338 12 42362 209 F: 5 4 3 
42448 6 42472 268 F: 2 2 2 
42533 8 42549 356 F: 4 1 3 
42603 7 42624 299 F: 2 2 3 
42759 7 42766 336 F: 3 3 1 
42868 12 42904 282 F: 12 
42917 7 42938 216 F: 7 
43010 9 43037 29 F: 4 1 4 
43128 8 43136 105 F: 8 
43241 10 43271 189 F: 5 5 
43317 8 43349 23 F: 3 5 
43423 8 43439 425 F: 3 3 2 
43561 7 43568 330 F: 4 1 2 
43635 5 43645 420 F: 2 1 2 
43706 7 43720 312 F: 7 
43811 8 43827 445 F: 4 3 1 
43962 4 43978 88 F: 4 
44004 9 44040 158 F: 9 
44142 8 44158 416 F: 8 
44216 6 44240 151 F: 4 2 
44320 7 44348 93 F: 4 2 1 
44409 7 44423 395 F: 3 4 
44589 3 44601 413 F: 3 
44626 6 44644 180 F: 6 
44740 6 44758 168 F: 2 1 3 
44874 5 44894 64 F: 2 2 1 
44904 11 44915 22 F: 6 5 
D: 7 336 
D: 10 98 
D: 11 380 
D: 16 244 
D: 18 287 
D: 22 42 
D: 29 428 
D: 35 275 
D: 35 430 
D: 52 165 
D: 55 300 
D: 65 305 
D: 67 127 
D: 72 294 
D: 74 420 
D: 77 95 
D: 83 356 
D: 85 362 
D: 87 133 
D: 109 292 
D: 110 230 
D: 114 208 
D: 133 141 
D: 137 280 
D: 138 173 
D: 140 448 
D: 143 326 
D: 146 217 
D: 153 420 
D: 155 287 
D: 163 338 
D: 167 355 
D: 169 383 
D: 179 216 
D: 187 236 
D: 227 372 
D: 237 331 
D: 238 395 
D: 244 433 
D: 272 447 
D: 285 436 
D: 310 444 
D: 314 336 
D: 349 352 
D: 395 414 
