3 10 33 237 F: 7 3 
123 7 144 101 F: 2 5 
268 9 286 324 F: 4 3 2 
371 11 404 51 F: 4 3 4 
490 9 499 125 F: 5 2 2 
572 11 616 275 F: 4 3 4 
687 12 723 259 F: 6 6 
727 13 740 121 F: 13 
803 6 809 131 F: 2 4 
921 6 945 36 F: 3 1 2 
1084 6 1102 301 F: 6 
1163 2 1167 151 F: 2 
1226 7 1233 111 F: 2 3 2 
1304 11 1315 56 F: 4 4 3 
1469 5 1479 316 F: 2 2 1 
1504 7 1525 443 F: 6 1 
1661 5 1681 399 F: 5 
1754 4 1766 291 F: 4 
1878 6 1902 110 F: 4 1 1 
1976 7 2004 213 F: 3 1 3 
2096 7 2124 192 F: 3 1 3 
2114 6 2138 139 F: 2 4 
2243 8 2251 271 F: 4 4 
2377 10 2417 414 F: 10 
2471 11 2493 57 F: 11 
2560 2 2564 400 F: 2 
2660 9 2678 309 F: 4 5 
2738 10 2758 391 F: 4 3 3 
2871 12 2907 356 F: 6 6 
2916 5 2936 333 F: 2 2 1 
3006 7 3020 153 F: 3 4 
3106 8 3138 234 F: 8 
3255 10 3265 45 F: 5 2 3 
3390 6 3396 301 F: 4 2 
3482 8 3490 160 F: 2 3 3 
3521 7 3549 60 F: 4 3 
3664 6 3676 209 F: 4 2 
3750 6 3756 218 F: 5 1 
3809 5 3824 359 F: 4 1 
3959 9 3968 240 F: 9 
4041 8 4065 401 F: 5 2 1 
4181 7 4188 80 F: 7 
4239 6 4245 441 F: 3 1 2 
4391 11 4424 22 F: 11 
4481 11 4514 43 F: 11 
4590 9 4599 133 F: 9 
4666 12 4702 29 F: 5 3 4 
4711 7 4725 329 F: 2 3 2 
4845 7 4873 46 F: 7 
4995 8 5003 387 F: 4 4 
5037 7 5044 400 F: 4 3 
5185 7 5192 330 F: 2 3 2 
5277 9 5286 23 F: 3 6 
5345 10 5355 104 F: 3 3 4 
5490 8 5498 334 F: 2 6 
5543 10 5563 145 F: 4 4 2 
5620 7 5641 158 F: 7 
5791 7 5805 283 F: 7 
5835 13 5861 379 F: 13 
5975 7 5989 76 F: 3 3 1 
6089 10 6129 274 F: 10 
6138 7 6145 350 F: 2 3 2 
6282 7 6296 395 F: 7 
6334 10 6344 158 F: 3 4 3 
6410 7 6417 149 F: 2 5 
6518 6 6524 443 F: 2 2 2 
6666 12 6678 201 F: 12 
6794 10 6804 364 F: 4 6 
6809 10 6829 90 F: 7 3 
6991 10 7001 421 F: 5 1 4 
7049 8 7065 41 F: 6 2 
7172 6 7190 173 F: 6 
7220 12 7232 254 F: 5 3 4 
7345 11 7378 257 F: 3 4 4 
7494 11 7516 238 F: 7 4 
7517 4 7533 374 F: 4 
7643 9 7679 270 F: 2 4 3 
7737 8 7769 200 F: 3 5 
7846 7 7867 390 F: 5 1 1 
7973 11 8006 174 F: 5 4 2 
8069 5 8079 1 F: 3 2 
8127 11 8160 185 F: 4 4 3 
8296 11 8318 31 F: 5 4 2 
8339 10 8349 152 F: 6 4 
8477 8 8485 106 F: 3 4 1 
8539 9 8575 333 F: 3 2 4 
8665 10 8685 13 F: 4 3 3 
8734 6 8752 135 F: 4 2 
8877 8 8901 215 F: 8 
8979 11 8990 235 F: 5 2 4 
9028 11 9050 388 F: 4 3 4 
9148 8 9172 357 F: 2 4 2 
9259 12 9295 54 F: 5 4 3 
9359 10 9379 184 F: 6 4 
9489 8 9505 354 F: 5 2 1 
9599 11 9632 216 F: 6 5 
9633 4 9649 14 F: 3 1 
9734 5 9739 363 F: 2 2 1 
9853 8 9877 234 F: 2 3 3 
9974 7 9988 174 F: 5 2 
10041 6 10059 162 F: 6 
10124 7 10152 21 F: 2 3 2 
10269 10 10299 86 F: 3 4 3 
10393 6 10405 433 F: 4 2 
10481 10 10491 240 F: 7 3 
10557 12 10593 411 F: 5 3 4 
10689 7 10696 277 F: 7 
10725 4 10741 21 F: 4 
10897 5 10917 96 F: 4 1 
10983 7 10990 68 F: 7 
11096 7 11124 68 F: 4 1 2 
11121 7 11128 311 F: 2 5 
11215 8 11231 402 F: 7 1 
11351 11 11395 285 F: 4 4 3 
11423 7 11451 121 F: 4 3 
11589 10 11619 145 F: 5 2 3 
11640 8 11656 230 F: 3 1 4 
11782 12 11806 158 F: 12 
11891 12 11927 91 F: 5 4 3 
11900 12 11948 198 F: 12 
12043 8 12051 225 F: 8 
12147 6 12159 159 F: 2 1 3 
12270 9 12288 147 F: 5 4 
12340 7 12368 437 F: 2 5 
12478 8 12486 213 F: 3 5 
12569 12 12617 392 F: 12 
12654 4 12666 36 F: 3 1 
12783 9 12801 201 F: 9 
12819 7 12833 228 F: 7 
12954 7 12982 284 F: 4 1 2 
13015 9 13042 367 F: 5 3 1 
13109 3 13121 304 F: 2 1 
13200 8 13232 400 F: 4 4 
13376 9 13394 216 F: 2 4 3 
13445 2 13447 73 F: 2 
13557 10 13577 172 F: 6 4 
13602 8 13610 2 F: 3 5 
13727 6 13751 35 F: 3 2 1 
13802 7 13823 162 F: 7 
13927 6 13939 294 F: 4 2 
14033 8 14041 298 F: 2 6 
14104 8 14128 380 F: 4 3 1 
14201 5 14211 438 F: 4 1 
14324 8 14332 104 F: 2 4 2 
14497 9 14506 255 F: 9 
14531 7 14552 253 F: 4 1 2 
14624 7 14645 151 F: 4 1 2 
14780 13 14819 44 F: 13 
14881 13 14907 43 F: 7 6 
14914 10 14944 294 F: 3 3 4 
15054 8 15070 414 F: 4 4 
15175 11 15219 426 F: 4 3 4 
15298 5 15303 311 F: 3 2 
15370 11 15414 83 F: 5 6 
15407 5 15417 16 F: 4 1 
15544 8 15560 445 F: 4 3 1 
15607 9 15634 21 F: 7 2 
15767 9 15776 178 F: 6 3 
15845 3 15857 157 F: 3 
15948 10 15978 181 F: 5 3 2 
16018 9 16054 51 F: 7 2 
16151 7 16158 349 F: 7 
16257 2 16263 6 F: 2 
16392 8 16416 342 F: 6 2 
16492 7 16499 139 F: 5 1 1 
16564 8 16572 81 F: 2 6 
16621 10 16631 59 F: 4 6 
16783 6 16795 67 F: 4 1 1 
16813 10 16833 261 F: 5 3 2 
16954 10 16964 400 F: 4 3 3 
17087 8 17103 398 F: 8 
17126 13 17165 350 F: 13 
17205 5 17220 407 F: 4 1 
17343 9 17370 341 F: 5 2 2 
17462 9 17498 104 F: 9 
17580 12 17616 258 F: 7 5 
17698 12 17734 341 F: 12 
17773 10 17783 258 F: 5 4 1 
17859 11 17870 72 F: 7 4 
17960 3 17966 440 F: 2 1 
18019 2 18023 239 F: 2 
18105 13 18157 289 F: 13 
18261 9 18270 300 F: 9 
18372 6 18378 314 F: 2 1 3 
18464 10 18484 431 F: 5 5 
18539 10 18549 379 F: 10 
18655 9 18673 326 F: 4 3 2 
18701 9 18719 408 F: 4 3 2 
18807 7 18828 14 F: 6 1 
18978 10 18998 362 F: 5 5 
19069 10 19079 78 F: 7 3 
19190 10 19200 372 F: 10 
19245 13 19284 199 F: 7 6 
19328 2 19330 152 F: 2 
19482 5 19497 308 F: 2 3 
19527 6 19533 313 F: 2 4 
19621 7 19635 69 F: 4 3 
19708 9 19744 48 F: 4 1 4 
19830 12 19854 228 F: 5 3 4 
19938 7 19959 363 F: 2 5 
20017 11 20028 209 F: 11 
20165 8 20197 323 F: 5 3 
20285 6 20303 184 F: 3 2 1 
20364 9 20373 429 F: 9 
20438 10 20468 45 F: 4 3 3 
20502 4 20506 276 F: 3 1 
20665 11 20676 49 F: 6 5 
20715 8 20747 196 F: 3 5 
20875 9 20884 189 F: 4 1 4 
20996 7 21017 139 F: 2 4 1 
21051 8 21059 366 F: 6 2 
21185 7 21192 97 F: 5 1 1 
21244 10 21284 195 F: 5 3 2 
21353 11 21397 403 F: 7 4 
21469 9 21478 127 F: 9 
21538 7 21559 172 F: 4 2 1 
21648 8 21680 47 F: 8 
21797 8 21813 75 F: 5 1 2 
21887 9 21923 427 F: 5 4 
21957 13 21996 416 F: 5 4 4 
22058 7 22079 336 F: 7 
22174 9 22183 242 F: 3 2 4 
22255 9 22273 346 F: 5 2 2 
22384 6 22396 269 F: 2 4 
22445 7 22473 216 F: 5 2 
22541 11 22574 17 F: 11 
22603 6 22627 229 F: 6 
22729 8 22761 332 F: 3 5 
22893 7 22914 379 F: 7 
22929 8 22937 114 F: 2 4 2 
23090 11 23101 359 F: 11 
23195 7 23216 1 F: 6 1 
23209 13 23222 270 F: 7 6 
23378 10 23408 15 F: 6 4 
23455 7 23483 334 F: 7 
23588 8 23604 92 F: 6 2 
23647 8 23655 23 F: 8 
23753 8 23761 414 F: 3 4 1 
23865 11 23898 138 F: 5 3 3 
23908 10 23918 86 F: 5 3 2 
24050 13 24076 107 F: 13 
24107 9 24125 253 F: 3 2 4 
24236 9 24272 278 F: 3 2 4 
24388 12 24412 361 F: 12 
24409 9 24445 445 F: 2 3 4 
24556 4 24560 431 F: 2 1 1 
24648 6 24654 139 F: 5 1 
24772 7 24793 324 F: 4 2 1 
24842 5 24847 379 F: 2 1 2 
24915 8 24947 354 F: 4 4 
25040 6 25064 246 F: 6 
25111 12 25147 391 F: 6 6 
25218 6 25224 367 F: 6 
25324 2 25328 397 F: 2 
25480 12 25492 160 F: 12 
25546 10 25586 43 F: 3 3 4 
25603 9 25630 194 F: 3 4 2 
25753 4 25757 95 F: 2 2 
25812 9 25848 406 F: 3 6 
25915 8 25947 402 F: 8 
26071 9 26098 351 F: 3 6 
26173 7 26194 115 F: 7 
26247 9 26256 255 F: 9 
26316 10 26356 124 F: 10 
26464 6 26482 386 F: 3 1 2 
26515 6 26539 340 F: 4 2 
26669 8 26701 306 F: 2 6 
26712 8 26744 309 F: 2 3 3 
26874 10 26904 411 F: 10 
26912 6 26924 327 F: 2 1 3 
27053 8 27085 81 F: 4 4 
27134 12 27146 369 F: 7 5 
27278 13 27317 338 F: 13 
27348 5 27353 242 F: 5 
27413 7 27434 222 F: 2 5 
27531 8 27547 354 F: 2 3 3 
27629 12 27653 273 F: 12 
27744 10 27754 47 F: 10 
27843 10 27853 149 F: 6 4 
27907 7 27928 388 F: 5 1 1 
28078 12 28090 357 F: 6 6 
28127 2 28133 171 F: 2 
28249 7 28270 194 F: 5 2 
28381 6 28393 360 F: 6 
28463 5 28473 291 F: 2 2 1 
28564 8 28596 263 F: 8 
28625 4 28637 286 F: 4 
28773 12 28785 306 F: 7 5 
28835 8 28867 408 F: 2 4 2 
28907 8 28923 319 F: 3 5 
29098 7 29119 144 F: 4 1 2 
29115 7 29143 128 F: 2 5 
29280 8 29304 226 F: 5 3 
29345 12 29369 294 F: 5 4 3 
29494 6 29506 184 F: 3 2 1 
29540 4 29548 353 F: 2 1 1 
29601 11 29623 348 F: 3 4 4 
29776 9 29794 264 F: 3 6 
29814 9 29823 415 F: 4 3 2 
29997 10 30017 112 F: 10 
30062 10 30082 106 F: 10 
30178 6 30196 438 F: 3 2 1 
30266 9 30293 318 F: 5 1 3 
30322 3 30325 173 F: 3 
30403 11 30414 148 F: 11 
30593 7 30621 370 F: 5 1 1 
30641 12 30689 131 F: 7 5 
30701 6 30725 362 F: 5 1 
30827 9 30863 3 F: 7 2 
30961 11 30983 433 F: 11 
31048 8 31064 187 F: 3 4 1 
31145 9 31181 375 F: 2 4 3 
31215 10 31255 285 F: 10 
31308 8 31340 37 F: 6 2 
31405 7 31419 273 F: 4 1 2 
31582 5 31602 31 F: 2 2 1 
31627 9 31645 336 F: 3 2 4 
31749 9 31785 355 F: 2 3 4 
31881 8 31913 158 F: 7 1 
31926 13 31952 244 F: 13 
32007 9 32043 310 F: 2 3 4 
32107 5 32112 203 F: 3 2 
32219 9 32228 164 F: 2 4 3 
32320 9 32338 114 F: 2 3 4 
32479 10 32509 400 F: 10 
32533 10 32553 164 F: 10 
32603 10 32643 60 F: 5 3 2 
32759 11 32781 38 F: 11 
32896 5 32916 104 F: 2 3 
32956 3 32965 222 F: 3 
33016 6 33028 231 F: 4 1 1 
33119 6 33137 3 F: 2 4 
33289 10 33329 3 F: 4 6 
33334 5 33339 289 F: 2 1 2 
33438 11 33482 214 F: 11 
33514 5 33519 182 F: 3 1 1 
33626 8 33634 417 F: 3 1 4 
33733 7 33740 109 F: 7 
33856 10 33876 393 F: 5 5 
33974 6 33992 20 F: 5 1 
34007 8 34023 42 F: 7 1 
34191 12 34239 392 F: 5 4 3 
34262 9 34280 179 F: 4 3 2 
34301 13 34353 395 F: 13 
34450 9 34459 88 F: 5 2 2 
34563 6 34587 154 F: 6 
34667 6 34673 263 F: 2 1 3 
34747 5 34767 269 F: 5 
34831 10 34871 396 F: 5 1 4 
34924 8 34948 185 F: 4 1 3 
35043 7 35064 215 F: 2 5 
35153 13 35192 405 F: 13 
35293 9 35329 216 F: 4 2 3 
35333 8 35357 118 F: 5 3 
35485 8 35493 445 F: 7 1 
35578 9 35614 239 F: 3 6 
35654 6 35666 301 F: 2 1 3 
35761 7 35789 329 F: 2 2 3 
35811 2 35817 133 F: 2 
35983 8 35999 296 F: 4 1 3 
36064 10 36074 333 F: 5 5 
36180 5 36185 338 F: 4 1 
36277 3 36289 130 F: 3 
36345 8 36361 9 F: 8 
36468 9 36504 78 F: 9 
36507 11 36529 33 F: 11 
36659 7 36680 425 F: 3 2 2 
36784 5 36789 230 F: 2 2 1 
36817 8 36849 201 F: 5 3 
36968 8 36976 354 F: 4 2 2 
37008 6 37014 223 F: 6 
37129 9 37138 237 F: 4 4 1 
37221 7 37249 390 F: 2 1 4 
37391 2 37393 111 F: 2 
37406 12 37454 150 F: 12 
37527 9 37545 265 F: 3 2 4 
37687 10 37727 429 F: 6 4 
37754 6 37760 239 F: 6 
37868 11 37912 397 F: 6 5 
37970 10 37990 358 F: 7 3 
38086 8 38110 33 F: 4 2 2 
38198 9 38225 196 F: 4 5 
38274 11 38296 219 F: 7 4 
38332 7 38353 336 F: 2 3 2 
38424 11 38468 187 F: 7 4 
38554 6 38560 227 F: 2 4 
38671 8 38679 37 F: 6 2 
38718 7 38732 334 F: 7 
38877 8 38901 103 F: 5 3 
38936 5 38956 333 F: 5 
39054 13 39067 244 F: 13 
39171 2 39179 342 F: 2 
39205 10 39235 79 F: 4 6 
39375 8 39391 341 F: 4 3 1 
39421 7 39435 272 F: 3 1 3 
39511 8 39527 11 F: 3 3 2 
39699 10 39719 387 F: 10 
39744 10 39764 51 F: 4 6 
39806 5 39826 213 F: 3 2 
39927 12 39975 376 F: 5 4 3 
40030 9 40057 419 F: 9 
40181 5 40186 124 F: 5 
40257 2 40265 203 F: 2 
40349 11 40360 445 F: 11 
40418 6 40442 351 F: 4 1 1 
40525 11 40569 148 F: 11 
40618 7 40639 358 F: 3 4 
40776 4 40780 297 F: 3 1 
40890 5 40895 3 F: 4 1 
40925 10 40945 432 F: 2 4 4 
41064 5 41079 77 F: 2 2 1 
41166 10 41186 127 F: 4 6 
41225 10 41235 439 F: 5 5 
41384 10 41404 177 F: 3 4 3 
41448 13 41474 93 F: 7 6 
41504 6 41522 340 F: 3 1 2 
41692 9 41710 197 F: 3 4 2 
41795 11 41817 419 F: 5 4 2 
41851 6 41869 408 F: 2 4 
41932 10 41972 41 F: 4 3 3 
42046 7 42074 402 F: 5 1 1 
42119 7 42126 190 F: 2 2 3 
42292 7 42306 92 F: 2 1 4 
42336 9 42372 253 F: 5 3 1 
42468 10 42478 282 F: 3 3 4 
42534 12 42582 314 F: 12 
42608 8 42640 298 F: 8 
42734 4 42738 110 F: 4 
42842 8 42874 136 F: 7 1 
42996 7 43010 329 F: 3 3 1 
43054 11 43087 368 F: 5 4 2 
43179 11 43223 428 F: 5 3 3 
43256 8 43280 307 F: 3 5 
43357 12 43405 205 F: 12 
43446 6 43464 308 F: 6 
43578 8 43594 376 F: 6 2 
43673 9 43682 416 F: 4 2 3 
43734 9 43770 112 F: 9 
43838 5 43843 142 F: 5 
43931 11 43975 131 F: 11 
44054 3 44063 66 F: 3 
44199 6 44217 303 F: 4 1 1 
44281 13 44333 29 F: 13 
44371 9 44398 237 F: 4 3 2 
44440 11 44451 337 F: 4 3 4 
44543 4 44559 223 F: 3 1 
44658 5 44678 124 F: 5 
44735 7 44749 404 F: 2 5 
44866 12 44902 94 F: 4 4 4 
44965 8 44997 229 F: 3 2 3 
D: 5 198 
D: 10 370 
D: 15 370 
D: 18 131 
D: 33 176 
D: 37 40 
D: 37 365 
D: 38 125 
D: 45 107 
D: 47 171 
D: 51 90 
D: 53 396 
D: 55 112 
D: 57 375 
D: 60 312 
D: 66 206 
D: 78 349 
D: 85 209 
D: 87 119 
D: 102 383 
D: 104 406 
D: 121 333 
D: 132 266 
D: 145 261 
D: 156 352 
D: 168 231 
D: 179 444 
D: 196 373 
D: 198 277 
D: 198 296 
D: 200 415 
D: 211 233 
D: 212 325 
D: 223 405 
D: 229 264 
D: 249 312 
D: 273 410 
D: 281 304 
D: 286 382 
D: 307 390 
D: 308 320 
D: 318 409 
D: 330 378 
D: 360 445 
D: 430 447 
