35 9 62 25 F: 9 
139 8 147 32 F: 4 1 3 
243 4 259 19 F: 3 1 
366 10 406 36 F: 5 2 3 
422 12 470 42 F: 7 5 
588 9 624 23 F: 7 2 
639 7 646 37 F: 7 
745 12 757 22 F: 7 5 
834 11 856 2 F: 5 4 2 
922 7 943 2 F: 7 
1086 5 1096 6 F: 2 2 1 
1149 8 1181 49 F: 8 
1289 7 1310 19 F: 5 1 1 
1379 5 1394 38 F: 5 
1414 6 1438 27 F: 3 1 2 
1598 2 1602 4 F: 2 
1693 9 1720 31 F: 9 
1730 12 1754 6 F: 6 6 
1809 6 1821 26 F: 6 
1955 9 1973 3 F: 4 5 
2079 12 2127 29 F: 5 4 3 
2190 12 2226 23 F: 4 4 4 
2289 8 2305 14 F: 2 6 
2319 9 2346 35 F: 4 3 2 
2481 9 2490 39 F: 5 2 2 
2521 8 2537 17 F: 3 1 4 
2695 3 2701 35 F: 3 
2768 8 2792 36 F: 3 3 2 
2809 7 2823 8 F: 7 
2982 6 2994 47 F: 3 2 1 
3022 4 3030 41 F: 4 
3141 9 3159 27 F: 5 3 1 
3250 9 3286 40 F: 5 4 
3319 6 3331 45 F: 6 
3426 2 3430 42 F: 2 
3593 8 3617 3 F: 8 
3669 6 3681 38 F: 2 4 
3729 6 3747 32 F: 2 3 1 
3877 7 3905 39 F: 7 
3901 8 3933 4 F: 3 5 
4053 4 4065 17 F: 3 1 
4137 6 4149 17 F: 2 2 2 
4271 5 4281 9 F: 2 2 1 
4395 3 4398 46 F: 3 
4414 10 4424 18 F: 6 4 
4565 13 4604 23 F: 13 
4619 6 4631 50 F: 6 
4732 7 4753 17 F: 5 2 
4828 11 4861 45 F: 4 3 4 
4991 10 5001 28 F: 4 3 3 
D: 2 24 
D: 9 10 
D: 10 23 
D: 13 18 
D: 14 42 
