4 5 9 9 F: 3 2 
143 2 147 10 F: 2 
253 9 262 12 F: 4 4 1 
370 7 377 47 F: 7 
421 2 429 18 F: 2 
548 8 564 9 F: 6 2 
610 12 622 1 F: 12 
743 6 767 8 F: 2 2 2 
823 4 831 41 F: 4 
935 6 947 10 F: 2 3 1 
1085 6 1097 10 F: 2 1 3 
1142 6 1160 11 F: 6 
1241 8 1273 26 F: 4 2 2 
1315 10 1335 5 F: 7 3 
1405 8 1437 38 F: 5 1 2 
1526 11 1559 17 F: 11 
1635 9 1671 19 F: 4 5 
1733 10 1763 18 F: 4 3 3 
1811 11 1833 1 F: 6 5 
1913 9 1922 31 F: 2 3 4 
2068 8 2092 6 F: 6 2 
2147 9 2174 24 F: 9 
2279 9 2297 13 F: 4 1 4 
2391 10 2401 7 F: 4 6 
2441 9 2450 17 F: 3 4 2 
2572 9 2581 25 F: 2 3 4 
2668 10 2698 40 F: 3 3 4 
2768 12 2780 40 F: 12 
2803 4 2811 49 F: 4 
2931 3 2934 31 F: 3 
3057 3 3060 2 F: 3 
3197 10 3237 16 F: 5 5 
3210 4 3222 31 F: 4 
3351 5 3371 33 F: 3 2 
3492 5 3507 16 F: 2 3 
3594 9 3630 24 F: 4 2 3 
3657 7 3664 37 F: 4 3 
3755 10 3775 44 F: 2 4 4 
3827 5 3837 17 F: 5 
3998 11 4020 46 F: 5 3 3 
4093 12 4117 36 F: 12 
4125 8 4157 4 F: 3 1 4 
4273 3 4279 13 F: 3 
4378 5 4398 35 F: 4 1 
4461 9 4470 24 F: 5 3 1 
4517 4 4525 40 F: 2 2 
4627 7 4634 35 F: 7 
4775 10 4785 18 F: 5 4 1 
4841 11 4874 23 F: 6 5 
4938 6 4962 47 F: 3 1 2 
D: 8 12 
D: 10 43 
D: 13 24 
D: 20 22 
D: 27 36 
