18 9 54 31 F: 4 2 3 
191 13 230 13 F: 5 4 4 
265 12 301 4 F: 7 5 
341 13 380 6 F: 13 
414 9 432 11 F: 7 2 
598 7 612 49 F: 7 
663 4 679 46 F: 4 
790 10 810 16 F: 3 3 4 
815 6 839 43 F: 2 2 2 
985 9 1021 5 F: 3 6 
1031 2 1035 30 F: 2 
1186 3 1195 25 F: 3 
1264 6 1288 34 F: 4 1 1 
1310 10 1330 44 F: 10 
1439 10 1459 44 F: 10 
1527 9 1545 1 F: 6 3 
1696 12 1720 5 F: 12 
1753 9 1771 4 F: 5 1 3 
1842 7 1863 28 F: 2 5 
1994 9 2030 23 F: 2 4 3 
2078 11 2089 12 F: 3 4 4 
2110 2 2112 37 F: 2 
2259 4 2267 29 F: 4 
2344 9 2371 36 F: 5 1 3 
2470 7 2498 30 F: 7 
2526 9 2544 43 F: 3 3 3 
2636 12 2672 6 F: 12 
2787 6 2799 26 F: 3 3 
2893 7 2914 18 F: 2 2 3 
2965 9 2974 14 F: 4 3 2 
3007 10 3037 47 F: 3 3 4 
3108 10 3118 15 F: 5 5 
3201 12 3225 12 F: 12 
3398 12 3434 13 F: 5 3 4 
3404 3 3416 48 F: 3 
3580 9 3598 30 F: 6 3 
3678 9 3687 28 F: 4 1 4 
3719 4 3731 9 F: 4 
3828 6 3834 30 F: 6 
3955 12 3979 33 F: 12 
4010 9 4037 8 F: 4 3 2 
4182 8 4206 19 F: 6 2 
4247 6 4265 46 F: 3 1 2 
4389 8 4405 19 F: 8 
4440 6 4452 5 F: 2 3 1 
4506 7 4527 26 F: 7 
4642 11 4653 5 F: 5 3 3 
4740 12 4752 32 F: 12 
4811 11 4855 40 F: 11 
4962 4 4978 28 F: 4 
D: 1 10 
D: 4 42 
D: 12 48 
D: 15 49 
D: 27 33 
