69 3 81 242 F: 3 
106 10 146 223 F: 10 
229 10 259 235 F: 7 3 
338 8 362 379 F: 5 1 2 
442 7 449 438 F: 5 1 1 
532 6 556 173 F: 5 1 
660 6 684 329 F: 2 4 
768 12 804 100 F: 12 
872 6 896 124 F: 4 2 
973 8 1005 84 F: 2 6 
1001 2 1007 74 F: 2 
1193 6 1211 263 F: 3 2 1 
1278 8 1294 229 F: 6 2 
1397 8 1429 344 F: 5 3 
1438 7 1452 266 F: 7 
1587 6 1593 255 F: 4 2 
1611 9 1629 296 F: 4 1 4 
1757 6 1781 193 F: 3 3 
1839 6 1851 37 F: 2 4 
1974 12 1986 411 F: 12 
2071 10 2091 3 F: 4 4 2 
2163 4 2171 19 F: 4 
2237 3 2240 70 F: 3 
2394 8 2426 162 F: 3 5 
2488 7 2509 328 F: 6 1 
2500 11 2511 367 F: 11 
2654 10 2694 2 F: 4 2 4 
2727 12 2763 373 F: 12 
2837 8 2845 30 F: 3 1 4 
2913 8 2929 263 F: 3 5 
3038 4 3042 194 F: 3 1 
3172 8 3180 42 F: 4 1 3 
3234 10 3264 336 F: 4 6 
3396 6 3408 87 F: 4 1 1 
3448 11 3492 107 F: 3 4 4 
3578 8 3610 325 F: 3 5 
3632 8 3648 311 F: 2 3 3 
3736 6 3748 193 F: 4 2 
3825 3 3828 83 F: 3 
3970 9 3997 62 F: 4 3 2 
4024 11 4035 286 F: 3 4 4 
4166 4 4182 200 F: 2 2 
4215 3 4221 30 F: 3 
4324 9 4351 279 F: 4 2 3 
4496 10 4516 190 F: 5 2 3 
4552 12 4564 68 F: 12 
4659 12 4671 473 F: 12 
4753 9 4771 323 F: 5 2 2 
4875 8 4883 131 F: 3 3 2 
4910 4 4922 482 F: 2 2 
5083 10 5123 330 F: 6 4 
5129 10 5169 99 F: 5 4 1 
5253 12 5265 480 F: 12 
5357 6 5369 219 F: 2 3 1 
5424 2 5428 415 F: 2 
5512 12 5548 311 F: 4 4 4 
5643 2 5645 252 F: 2 
5703 8 5735 260 F: 2 6 
5886 3 5889 363 F: 3 
5939 8 5955 205 F: 4 2 2 
6039 9 6048 488 F: 5 4 
6198 7 6212 151 F: 6 1 
6278 10 6298 270 F: 5 4 1 
6331 12 6367 422 F: 12 
6438 10 6448 62 F: 5 3 2 
6523 12 6547 17 F: 4 4 4 
6619 13 6671 273 F: 7 6 
6795 8 6827 393 F: 3 4 1 
6868 6 6874 495 F: 5 1 
6904 8 6912 385 F: 3 2 3 
7087 5 7092 216 F: 3 2 
7175 6 7187 260 F: 3 3 
7285 4 7293 344 F: 4 
7363 7 7370 215 F: 3 4 
7493 8 7509 369 F: 8 
7531 8 7547 328 F: 3 5 
7610 12 7646 124 F: 4 4 4 
7707 11 7718 205 F: 5 2 4 
7855 7 7883 291 F: 3 1 3 
7944 9 7962 155 F: 3 6 
8018 6 8030 56 F: 3 3 
8106 10 8126 87 F: 10 
8295 9 8313 487 F: 5 1 3 
8382 9 8400 23 F: 9 
8474 6 8498 1 F: 4 1 1 
8575 6 8587 217 F: 4 1 1 
8684 10 8694 90 F: 10 
8722 13 8761 56 F: 7 6 
8821 5 8841 191 F: 2 3 
8942 6 8966 225 F: 6 
9017 8 9033 349 F: 8 
9168 5 9178 391 F: 5 
9256 9 9283 197 F: 9 
9377 4 9393 331 F: 3 1 
9451 11 9473 436 F: 4 4 3 
9509 13 9522 86 F: 13 
9686 8 9710 469 F: 5 3 
9763 5 9783 289 F: 2 2 1 
9862 11 9906 190 F: 4 4 3 
9904 6 9928 238 F: 6 
10085 10 10125 252 F: 4 4 2 
10107 13 10159 254 F: 13 
10259 9 10295 457 F: 9 
10389 9 10416 62 F: 9 
10442 8 10450 388 F: 8 
10548 4 10560 388 F: 4 
10607 9 10625 90 F: 3 3 3 
10776 9 10803 147 F: 7 2 
10839 7 10860 214 F: 4 3 
10984 7 10991 126 F: 3 4 
11077 10 11097 64 F: 5 1 4 
11187 7 11215 122 F: 5 2 
11210 9 11228 71 F: 3 3 3 
11380 10 11410 50 F: 6 4 
11422 9 11458 161 F: 4 5 
11576 5 11586 419 F: 5 
11693 7 11700 326 F: 5 2 
11757 6 11781 377 F: 2 2 2 
11890 4 11898 172 F: 4 
11934 13 11960 206 F: 7 6 
12077 8 12093 105 F: 6 2 
12170 9 12179 153 F: 6 3 
12227 6 12239 156 F: 6 
12398 13 12437 34 F: 5 4 4 
12483 6 12501 206 F: 6 
12585 9 12603 381 F: 9 
12680 8 12712 229 F: 8 
12708 4 12712 2 F: 4 
12841 6 12847 293 F: 4 2 
12958 6 12976 232 F: 2 1 3 
13012 9 13039 161 F: 4 4 1 
13113 9 13131 160 F: 2 4 3 
13224 8 13240 417 F: 2 6 
13306 12 13318 198 F: 12 
13446 8 13478 336 F: 3 5 
13507 12 13531 272 F: 6 6 
13675 10 13685 51 F: 4 4 2 
13700 10 13730 284 F: 4 6 
13801 11 13834 347 F: 11 
13954 9 13981 130 F: 5 2 2 
14053 13 14105 196 F: 7 6 
14110 6 14122 14 F: 5 1 
14245 6 14251 79 F: 5 1 
14384 9 14411 96 F: 9 
14471 7 14478 46 F: 2 3 2 
14571 6 14577 444 F: 3 1 2 
14691 13 14743 28 F: 13 
14762 6 14786 138 F: 5 1 
14861 13 14913 470 F: 13 
14929 6 14941 379 F: 3 2 1 
15039 9 15066 321 F: 5 4 
15123 4 15127 413 F: 4 
15272 6 15278 202 F: 4 1 1 
15386 7 15400 165 F: 3 4 
15472 4 15484 413 F: 4 
15543 5 15548 371 F: 5 
15693 4 15709 5 F: 3 1 
15770 4 15774 392 F: 4 
15890 3 15893 49 F: 3 
15921 12 15957 36 F: 7 5 
16054 7 16075 34 F: 3 2 2 
16158 6 16170 109 F: 5 1 
16242 5 16247 155 F: 2 3 
16321 7 16342 21 F: 2 5 
16453 8 16469 295 F: 7 1 
16554 11 16587 197 F: 11 
16624 2 16626 374 F: 2 
16740 5 16745 86 F: 5 
16863 7 16891 402 F: 7 
16946 12 16994 107 F: 12 
17001 9 17028 48 F: 9 
17174 9 17201 328 F: 6 3 
17228 9 17255 17 F: 9 
17305 8 17337 363 F: 4 4 
17455 11 17477 5 F: 7 4 
17550 7 17564 422 F: 2 2 3 
17629 11 17640 19 F: 11 
17708 10 17718 275 F: 5 5 
17882 7 17896 400 F: 4 1 2 
17910 8 17918 28 F: 5 2 1 
18002 7 18030 313 F: 3 3 1 
18175 12 18199 55 F: 4 4 4 
18208 10 18228 7 F: 5 1 4 
18338 11 18382 342 F: 5 6 
18495 11 18517 36 F: 5 6 
18594 11 18605 408 F: 6 5 
18603 8 18611 116 F: 3 5 
18769 10 18799 342 F: 10 
18808 6 18820 76 F: 6 
18970 12 18982 295 F: 6 6 
19047 7 19075 222 F: 3 4 
19119 9 19128 38 F: 3 3 3 
19220 10 19240 258 F: 4 6 
19309 7 19330 415 F: 2 4 1 
19465 7 19479 341 F: 4 3 
19540 6 19558 349 F: 4 1 1 
19616 5 19636 468 F: 5 
19751 6 19757 417 F: 6 
19802 3 19811 253 F: 3 
19940 10 19980 220 F: 4 6 
20027 8 20043 299 F: 8 
20146 12 20170 103 F: 5 3 4 
20213 10 20243 185 F: 10 
20315 10 20345 88 F: 5 3 2 
20408 12 20444 117 F: 7 5 
20527 7 20534 350 F: 4 2 1 
20634 10 20644 442 F: 10 
20760 6 20784 164 F: 5 1 
20886 7 20900 453 F: 6 1 
20919 12 20931 346 F: 12 
21091 11 21124 111 F: 4 3 4 
21110 8 21134 350 F: 2 2 4 
21225 11 21236 459 F: 11 
21337 6 21349 82 F: 6 
21433 9 21460 164 F: 9 
21524 9 21551 246 F: 3 3 3 
21678 11 21711 46 F: 3 4 4 
21721 8 21745 275 F: 6 2 
21843 10 21853 450 F: 5 1 4 
21907 10 21947 12 F: 5 4 1 
22096 7 22117 123 F: 4 2 1 
22167 7 22174 318 F: 2 4 1 
22280 2 22284 369 F: 2 
22395 7 22416 44 F: 7 
22441 8 22465 381 F: 5 1 2 
22505 10 22545 342 F: 5 1 4 
22652 9 22679 217 F: 5 4 
22756 9 22792 170 F: 5 4 
22879 9 22915 457 F: 9 
22922 11 22933 139 F: 5 2 4 
23033 8 23057 437 F: 6 2 
23170 8 23178 45 F: 8 
23228 7 23242 141 F: 2 5 
23385 11 23396 310 F: 5 4 2 
23430 4 23446 263 F: 2 2 
23542 9 23578 101 F: 9 
23663 9 23672 32 F: 9 
23795 11 23806 214 F: 5 2 4 
23850 10 23880 95 F: 5 2 3 
23981 13 24033 46 F: 13 
24014 8 24046 397 F: 4 4 
24155 11 24188 253 F: 3 4 4 
24260 10 24270 388 F: 10 
24366 8 24374 210 F: 2 2 4 
24444 8 24468 23 F: 4 4 
24552 12 24600 153 F: 6 6 
24654 11 24676 443 F: 11 
24761 13 24800 413 F: 7 6 
24851 10 24891 303 F: 7 3 
24929 12 24965 23 F: 12 
25033 11 25044 318 F: 6 5 
25138 13 25164 332 F: 13 
25266 8 25282 52 F: 4 3 1 
25307 7 25335 379 F: 3 1 3 
25417 11 25461 225 F: 5 2 4 
25598 11 25620 40 F: 11 
25682 10 25712 322 F: 3 4 3 
25770 4 25782 135 F: 4 
25892 12 25940 193 F: 7 5 
25998 8 26022 171 F: 8 
26079 5 26099 27 F: 3 2 
26149 8 26165 452 F: 3 5 
26237 11 26270 289 F: 11 
26308 8 26340 474 F: 2 6 
26434 8 26442 170 F: 2 3 3 
26594 6 26600 72 F: 2 1 3 
26606 8 26638 478 F: 3 3 2 
26726 8 26750 154 F: 6 2 
26891 6 26903 68 F: 4 2 
26976 3 26988 466 F: 3 
27041 12 27077 457 F: 12 
27121 7 27128 57 F: 5 2 
27244 10 27264 37 F: 6 4 
27312 5 27322 414 F: 3 2 
27451 11 27484 139 F: 6 5 
27579 9 27615 10 F: 5 2 2 
27683 7 27711 189 F: 3 3 1 
27782 3 27791 26 F: 2 1 
27858 4 27870 15 F: 4 
27935 4 27947 67 F: 4 
28086 10 28126 490 F: 10 
28132 5 28137 204 F: 5 
28228 8 28260 160 F: 8 
28321 11 28332 448 F: 11 
28432 8 28440 19 F: 3 5 
28587 10 28627 36 F: 10 
28625 9 28661 476 F: 9 
28775 6 28793 120 F: 2 1 3 
28882 10 28902 19 F: 5 5 
28998 7 29019 295 F: 3 4 
29028 7 29042 237 F: 2 1 4 
29102 9 29138 489 F: 9 
29269 8 29293 350 F: 4 4 
29311 6 29335 286 F: 3 3 
29440 13 29492 446 F: 5 4 4 
29586 2 29588 363 F: 2 
29694 5 29704 421 F: 2 3 
29777 4 29793 109 F: 3 1 
29888 3 29894 223 F: 2 1 
29996 7 30010 104 F: 5 2 
30057 11 30068 149 F: 5 4 2 
30141 11 30163 408 F: 4 4 3 
30222 4 30226 52 F: 3 1 
30316 8 30332 336 F: 5 3 
30481 5 30501 236 F: 3 2 
30504 8 30528 345 F: 4 1 3 
30602 10 30622 411 F: 4 6 
30723 7 30730 213 F: 4 2 1 
30805 11 30849 458 F: 4 3 4 
30904 2 30908 229 F: 2 
31074 10 31084 284 F: 10 
31182 2 31190 101 F: 2 
31292 7 31320 305 F: 3 2 2 
31395 5 31410 469 F: 2 3 
31486 13 31499 270 F: 13 
31561 8 31569 386 F: 5 2 1 
31691 2 31697 224 F: 2 
31739 6 31757 277 F: 3 3 
31837 4 31841 237 F: 2 2 
31970 8 31986 320 F: 6 2 
32044 3 32050 465 F: 3 
32135 8 32151 252 F: 2 6 
32259 8 32283 106 F: 3 4 1 
32368 7 32382 310 F: 3 3 1 
32443 9 32461 115 F: 4 5 
32511 7 32518 398 F: 3 4 
32676 6 32694 354 F: 3 3 
32715 9 32742 234 F: 6 3 
32857 11 32890 386 F: 5 4 2 
32949 9 32958 150 F: 4 5 
33073 7 33087 259 F: 6 1 
33183 11 33194 290 F: 7 4 
33290 7 33304 388 F: 3 2 2 
33323 8 33347 137 F: 3 5 
33423 12 33459 334 F: 5 3 4 
33543 5 33563 101 F: 2 3 
33696 9 33705 70 F: 9 
33705 10 33725 489 F: 10 
33864 7 33885 211 F: 7 
33920 9 33938 135 F: 3 4 2 
34014 4 34026 371 F: 2 1 1 
34170 9 34179 70 F: 9 
34222 7 34250 401 F: 7 
34348 10 34378 319 F: 5 4 1 
34492 7 34520 459 F: 7 
34537 10 34577 57 F: 7 3 
34609 7 34616 336 F: 4 3 
34716 6 34728 214 F: 3 3 
34819 13 34858 444 F: 13 
34915 11 34959 40 F: 5 3 3 
35036 3 35042 256 F: 3 
35183 9 35192 124 F: 4 1 4 
35234 4 35246 247 F: 3 1 
35372 13 35411 13 F: 13 
35401 13 35414 108 F: 13 
35583 11 35605 491 F: 5 4 2 
35654 7 35675 226 F: 7 
35713 2 35721 341 F: 2 
35881 7 35909 42 F: 4 2 1 
35948 5 35953 10 F: 2 1 2 
36000 6 36012 285 F: 6 
36124 10 36134 259 F: 10 
36287 6 36305 234 F: 4 1 1 
36399 12 36435 182 F: 4 4 4 
36476 8 36508 138 F: 3 4 1 
36518 4 36522 95 F: 4 
36616 7 36623 451 F: 4 2 1 
36796 12 36808 134 F: 12 
36855 8 36879 109 F: 4 2 2 
36933 7 36947 87 F: 7 
37057 11 37079 133 F: 11 
37187 13 37239 201 F: 13 
37239 12 37275 371 F: 4 4 4 
37381 13 37433 253 F: 13 
37453 7 37467 128 F: 4 2 1 
37585 4 37601 405 F: 3 1 
37696 11 37740 315 F: 6 5 
37746 10 37766 215 F: 3 4 3 
37820 13 37859 180 F: 13 
37944 7 37965 75 F: 2 3 2 
38091 11 38135 369 F: 4 4 3 
38158 3 38161 137 F: 3 
38201 7 38208 287 F: 7 
38345 9 38354 498 F: 5 4 
38440 8 38472 483 F: 3 3 2 
38518 9 38527 322 F: 5 4 
38669 12 38717 9 F: 5 4 3 
38757 10 38777 106 F: 5 2 3 
38803 4 38819 421 F: 2 1 1 
38946 7 38953 4 F: 2 4 1 
39058 9 39085 3 F: 6 3 
39124 10 39154 484 F: 10 
39243 8 39267 468 F: 8 
39310 7 39324 26 F: 3 3 1 
39444 9 39480 282 F: 5 3 1 
39558 5 39578 154 F: 5 
39646 10 39676 7 F: 10 
39765 7 39772 213 F: 2 5 
39898 9 39925 177 F: 9 
39990 13 40029 373 F: 13 
40066 9 40075 123 F: 3 4 2 
40141 6 40165 34 F: 3 1 2 
40273 5 40278 250 F: 5 
40302 8 40310 167 F: 5 3 
40420 4 40436 121 F: 4 
40569 4 40573 284 F: 4 
40686 13 40712 84 F: 13 
40768 6 40780 309 F: 6 
40886 8 40902 292 F: 3 5 
40952 10 40972 391 F: 2 4 4 
41053 10 41063 487 F: 3 3 4 
41124 8 41156 266 F: 8 
41229 5 41234 332 F: 5 
41369 10 41389 459 F: 4 2 4 
41474 7 41488 75 F: 2 5 
41512 7 41526 48 F: 3 4 
41677 6 41695 449 F: 6 
41703 8 41735 465 F: 8 
41861 5 41871 136 F: 5 
41909 3 41921 293 F: 2 1 
42081 8 42105 411 F: 4 4 
42140 8 42172 180 F: 2 3 3 
42244 8 42276 31 F: 5 1 2 
42322 7 42329 427 F: 4 3 
42439 12 42463 228 F: 12 
42540 9 42558 411 F: 4 5 
42623 13 42675 314 F: 7 6 
42709 6 42715 14 F: 2 2 2 
42808 5 42823 155 F: 5 
42997 10 43027 178 F: 6 4 
43003 10 43013 115 F: 2 4 4 
43189 10 43229 374 F: 10 
43221 10 43231 303 F: 7 3 
43363 6 43381 108 F: 4 2 
43461 9 43470 495 F: 5 4 
43503 8 43519 12 F: 3 5 
43649 12 43697 135 F: 12 
43792 5 43802 93 F: 2 1 2 
43819 12 43855 335 F: 5 4 3 
43977 6 44001 123 F: 6 
44023 8 44047 248 F: 3 3 2 
44124 6 44136 413 F: 5 1 
44295 10 44335 361 F: 4 4 2 
44309 2 44317 189 F: 2 
44411 3 44414 457 F: 3 
44509 5 44514 488 F: 2 2 1 
44687 12 44711 152 F: 5 4 3 
44738 8 44770 80 F: 7 1 
44876 12 44888 391 F: 5 3 4 
44935 9 44971 209 F: 7 2 
45023 9 45059 136 F: 4 4 1 
45105 13 45131 208 F: 13 
45228 8 45244 380 F: 8 
45305 10 45335 425 F: 4 6 
45476 4 45488 34 F: 4 
45525 6 45549 456 F: 3 1 2 
45667 7 45674 294 F: 2 3 2 
45766 2 45774 102 F: 2 
45801 4 45809 267 F: 2 2 
45948 9 45966 260 F: 4 4 1 
46018 13 46044 2 F: 13 
46157 2 46165 451 F: 2 
46235 9 46271 438 F: 3 6 
46325 7 46353 328 F: 5 2 
46475 9 46493 86 F: 7 2 
46523 9 46550 498 F: 7 2 
46629 9 46665 482 F: 3 6 
46782 9 46800 267 F: 5 4 
46840 5 46860 205 F: 4 1 
46988 12 47036 89 F: 6 6 
47076 11 47109 185 F: 7 4 
47138 10 47168 438 F: 7 3 
47215 9 47251 492 F: 4 5 
47331 12 47355 38 F: 12 
47415 7 47436 364 F: 2 3 2 
47533 13 47546 337 F: 13 
47686 8 47710 480 F: 3 3 2 
47724 4 47740 116 F: 4 
47897 12 47933 360 F: 6 6 
47976 10 48006 403 F: 5 4 1 
48040 7 48054 483 F: 2 3 2 
48113 11 48146 116 F: 11 
48254 10 48284 272 F: 10 
48359 10 48399 271 F: 6 4 
48402 12 48414 312 F: 5 4 3 
48530 9 48557 226 F: 5 4 
48657 11 48668 468 F: 11 
48777 12 48801 295 F: 12 
48855 4 48859 143 F: 4 
48996 7 49017 343 F: 5 2 
49047 10 49067 33 F: 5 3 2 
49167 4 49179 377 F: 2 2 
49295 6 49301 384 F: 4 1 1 
49371 8 49379 365 F: 3 2 3 
49401 11 49434 264 F: 11 
49523 6 49529 183 F: 6 
49668 12 49692 9 F: 7 5 
49764 11 49786 103 F: 6 5 
49872 6 49896 30 F: 2 4 
49939 12 49975 357 F: 12 
D: 3 244 
D: 4 137 
D: 6 260 
D: 8 57 
D: 16 229 
D: 16 332 
D: 17 188 
D: 33 334 
D: 37 445 
D: 47 59 
D: 53 284 
D: 80 487 
D: 84 215 
D: 89 411 
D: 91 495 
D: 97 137 
D: 101 111 
D: 101 469 
D: 103 395 
D: 113 352 
D: 126 222 
D: 134 166 
D: 154 294 
D: 177 312 
D: 187 424 
D: 197 228 
D: 200 245 
D: 202 408 
D: 207 306 
D: 213 270 
D: 222 224 
D: 223 269 
D: 224 398 
D: 224 452 
D: 230 325 
D: 233 337 
D: 234 446 
D: 235 470 
D: 266 437 
D: 282 364 
D: 288 358 
D: 299 476 
D: 303 376 
D: 326 361 
D: 336 436 
D: 344 467 
D: 357 448 
D: 366 384 
D: 422 489 
D: 479 495 
