19 7 26 62 F: 2 2 3 
110 10 150 402 F: 7 3 
286 5 301 483 F: 5 
374 11 418 37 F: 5 4 2 
438 6 450 177 F: 4 1 1 
574 13 626 325 F: 13 
621 7 642 253 F: 7 
721 2 725 260 F: 2 
889 9 907 164 F: 6 3 
980 13 1032 171 F: 13 
1018 9 1027 296 F: 7 2 
1152 10 1172 277 F: 4 3 3 
1227 2 1235 319 F: 2 
1395 10 1415 23 F: 5 2 3 
1422 8 1446 355 F: 4 4 
1547 8 1571 438 F: 5 2 1 
1652 6 1664 417 F: 2 1 3 
1797 12 1809 146 F: 12 
1822 3 1825 381 F: 2 1 
1906 8 1914 160 F: 4 4 
2033 8 2049 51 F: 2 2 4 
2123 9 2132 71 F: 4 1 4 
2236 10 2266 220 F: 7 3 
2386 2 2394 376 F: 2 
2472 2 2474 195 F: 2 
2574 7 2588 143 F: 4 1 2 
2632 6 2650 81 F: 4 1 1 
2705 9 2723 32 F: 2 4 3 
2855 5 2875 490 F: 5 
2945 6 2957 25 F: 2 2 2 
3053 7 3060 393 F: 7 
3156 12 3180 292 F: 12 
3229 8 3261 361 F: 8 
3331 8 3363 423 F: 2 6 
3426 9 3435 14 F: 4 1 4 
3525 6 3549 174 F: 4 2 
3699 8 3723 237 F: 8 
3737 10 3757 39 F: 5 4 1 
3879 4 3891 218 F: 4 
3908 13 3934 276 F: 7 6 
4035 6 4053 213 F: 6 
4156 8 4188 304 F: 4 2 2 
4246 11 4279 402 F: 11 
4320 10 4360 208 F: 10 
4457 5 4467 58 F: 2 3 
4535 8 4567 230 F: 2 3 3 
4617 10 4657 334 F: 5 3 2 
4745 4 4757 334 F: 2 1 1 
4852 8 4868 342 F: 4 4 
4985 4 5001 132 F: 4 
5041 13 5093 118 F: 5 4 4 
5191 11 5213 251 F: 11 
5295 7 5316 500 F: 3 4 
5367 12 5391 291 F: 6 6 
5490 8 5498 447 F: 5 3 
5520 12 5556 409 F: 7 5 
5666 6 5672 484 F: 5 1 
5763 12 5799 312 F: 6 6 
5852 12 5888 201 F: 7 5 
5924 10 5934 15 F: 4 6 
6096 5 6111 140 F: 5 
6147 8 6179 222 F: 7 1 
6285 6 6297 328 F: 6 
6389 4 6401 59 F: 4 
6452 8 6468 101 F: 4 4 
6583 9 6592 424 F: 5 2 2 
6645 9 6663 205 F: 3 6 
6738 4 6742 180 F: 2 2 
6863 7 6884 171 F: 7 
6933 13 6959 54 F: 13 
7049 8 7081 449 F: 4 4 
7158 11 7191 145 F: 11 
7278 9 7314 463 F: 6 3 
7338 6 7350 374 F: 4 1 1 
7445 6 7469 105 F: 3 3 
7553 12 7577 246 F: 5 4 3 
7699 12 7723 378 F: 6 6 
7771 5 7776 341 F: 3 1 1 
7835 9 7871 426 F: 9 
7975 11 8008 128 F: 11 
8050 6 8068 324 F: 6 
8156 11 8189 274 F: 5 2 4 
8268 11 8312 324 F: 7 4 
8358 11 8402 53 F: 6 5 
8466 11 8477 247 F: 4 3 4 
8512 8 8520 310 F: 8 
8677 7 8684 489 F: 4 3 
8755 9 8764 83 F: 3 3 3 
8857 5 8877 438 F: 2 3 
8973 7 8994 240 F: 7 
9054 9 9072 259 F: 6 3 
9171 7 9199 366 F: 3 1 3 
9250 9 9268 87 F: 5 1 3 
9322 9 9340 423 F: 3 6 
9462 6 9468 18 F: 2 1 3 
9580 2 9586 493 F: 2 
9685 9 9703 252 F: 9 
9792 8 9800 349 F: 5 3 
9810 10 9840 205 F: 5 2 3 
9973 12 10021 455 F: 12 
10050 6 10056 265 F: 5 1 
10104 7 10111 94 F: 7 
10261 8 10285 12 F: 5 1 2 
10387 6 10411 124 F: 6 
10436 6 10448 79 F: 6 
10592 8 10608 54 F: 8 
10613 9 10622 377 F: 5 2 2 
10782 10 10822 212 F: 10 
10815 8 10831 454 F: 5 1 2 
10959 13 10985 110 F: 13 
11032 7 11039 235 F: 3 4 
11144 9 11162 342 F: 3 2 4 
11235 13 11287 403 F: 13 
11313 4 11325 18 F: 4 
11429 7 11450 451 F: 7 
11500 8 11516 239 F: 4 3 1 
11631 7 11645 97 F: 5 2 
11774 10 11814 189 F: 10 
11830 8 11846 220 F: 5 2 1 
11991 10 12021 114 F: 3 3 4 
12041 7 12048 364 F: 5 1 1 
12121 5 12141 339 F: 2 2 1 
12216 13 12255 340 F: 13 
12357 7 12378 118 F: 5 2 
12479 9 12497 237 F: 9 
12541 10 12561 486 F: 2 4 4 
12652 3 12664 365 F: 3 
12756 7 12784 70 F: 5 2 
12812 11 12845 282 F: 11 
12937 3 12949 75 F: 3 
13019 9 13046 384 F: 4 5 
13161 8 13185 105 F: 3 3 2 
13213 5 13228 275 F: 2 3 
13359 5 13364 72 F: 2 2 1 
13424 6 13448 143 F: 5 1 
13509 8 13541 94 F: 4 1 3 
13607 8 13631 192 F: 4 4 
13711 10 13721 267 F: 5 5 
13822 3 13825 394 F: 2 1 
13968 10 13988 112 F: 4 3 3 
14017 7 14031 172 F: 5 2 
14116 10 14156 31 F: 10 
14202 6 14220 251 F: 3 2 1 
14360 8 14368 272 F: 4 4 
14465 5 14485 398 F: 5 
14541 6 14565 117 F: 4 2 
14600 9 14618 272 F: 4 3 2 
14741 12 14777 453 F: 5 4 3 
14856 6 14874 110 F: 3 1 2 
14993 4 15001 411 F: 3 1 
15015 6 15021 100 F: 2 4 
15192 10 15232 458 F: 6 4 
15223 6 15241 456 F: 4 2 
15337 9 15373 108 F: 5 1 3 
15491 9 15518 129 F: 9 
15530 8 15538 396 F: 8 
15696 9 15732 195 F: 2 4 3 
15755 11 15777 413 F: 11 
15813 3 15819 169 F: 3 
15987 11 16020 273 F: 3 4 4 
16053 2 16059 346 F: 2 
16117 10 16127 312 F: 3 4 3 
16245 9 16254 352 F: 4 2 3 
16389 9 16398 268 F: 5 2 2 
16425 10 16435 115 F: 5 4 1 
16523 7 16530 367 F: 5 1 1 
16686 6 16692 61 F: 2 2 2 
16758 13 16784 132 F: 7 6 
16811 10 16821 425 F: 10 
16905 6 16929 198 F: 5 1 
17021 8 17045 162 F: 3 4 1 
17105 9 17141 25 F: 4 5 
17262 10 17272 97 F: 5 4 1 
17323 12 17335 176 F: 6 6 
17427 13 17453 211 F: 7 6 
17539 9 17566 266 F: 9 
17643 8 17651 417 F: 4 3 1 
17756 10 17786 467 F: 10 
17841 8 17849 173 F: 8 
17969 9 17978 37 F: 5 4 
18085 12 18121 159 F: 5 4 3 
18187 4 18195 142 F: 4 
18268 3 18271 500 F: 3 
18375 7 18389 11 F: 7 
18418 4 18422 225 F: 3 1 
18562 11 18606 61 F: 6 5 
18674 9 18692 39 F: 5 1 3 
18763 3 18772 17 F: 2 1 
18850 5 18855 288 F: 5 
18948 6 18966 108 F: 3 3 
19069 7 19097 400 F: 2 5 
19108 11 19141 371 F: 5 4 2 
19245 5 19265 344 F: 3 1 1 
19383 9 19392 291 F: 5 4 
19416 5 19436 72 F: 5 
19554 2 19556 241 F: 2 
19654 13 19693 317 F: 13 
19705 2 19707 447 F: 2 
19858 9 19894 452 F: 4 3 2 
19939 11 19961 380 F: 5 2 4 
20023 13 20062 469 F: 13 
20157 8 20189 44 F: 2 2 4 
20233 8 20257 185 F: 4 4 
20322 5 20337 375 F: 3 2 
20490 8 20522 279 F: 4 3 1 
20524 13 20550 223 F: 13 
20645 7 20673 135 F: 5 2 
20713 7 20720 232 F: 7 
20809 7 20823 103 F: 3 3 1 
20992 9 21010 372 F: 5 2 2 
21028 10 21048 362 F: 4 4 2 
21118 13 21157 38 F: 13 
21213 6 21225 411 F: 2 1 3 
21327 8 21359 53 F: 8 
21439 8 21471 149 F: 8 
21525 6 21537 270 F: 2 4 
21617 6 21641 227 F: 4 1 1 
21743 6 21755 461 F: 4 2 
21822 6 21834 352 F: 2 3 1 
21904 10 21944 360 F: 5 2 3 
22004 4 22012 446 F: 4 
22109 11 22142 232 F: 3 4 4 
22288 8 22304 71 F: 5 3 
22342 12 22378 68 F: 4 4 4 
22427 4 22435 360 F: 2 2 
22536 5 22541 116 F: 4 1 
22653 11 22686 218 F: 3 4 4 
22712 5 22727 378 F: 4 1 
22855 3 22861 393 F: 3 
22985 8 23001 94 F: 5 3 
23007 7 23028 369 F: 2 1 4 
23181 7 23188 34 F: 4 2 1 
23292 10 23312 145 F: 4 3 3 
23309 4 23321 471 F: 4 
23452 11 23485 413 F: 5 3 3 
23599 8 23615 489 F: 8 
23608 6 23614 334 F: 6 
23722 7 23729 313 F: 3 4 
23825 5 23840 350 F: 4 1 
23953 7 23960 463 F: 6 1 
24062 10 24082 368 F: 5 1 4 
24176 8 24208 106 F: 8 
24232 11 24254 274 F: 11 
24348 5 24368 248 F: 2 2 1 
24490 11 24512 20 F: 5 6 
24507 7 24514 324 F: 3 3 1 
24659 7 24666 28 F: 2 1 4 
24751 8 24783 162 F: 6 2 
24854 9 24872 145 F: 4 4 1 
24904 13 24943 315 F: 7 6 
25050 6 25062 392 F: 2 3 1 
25109 8 25141 360 F: 8 
25274 10 25304 168 F: 4 4 2 
25356 8 25388 87 F: 8 
25433 8 25449 409 F: 7 1 
25570 9 25579 105 F: 5 4 
25663 5 25668 48 F: 5 
25702 8 25734 442 F: 4 4 
25814 8 25830 357 F: 2 6 
25966 10 25976 40 F: 2 4 4 
26055 11 26099 16 F: 5 2 4 
26172 10 26202 117 F: 7 3 
26246 6 26270 464 F: 6 
26325 6 26343 440 F: 3 1 2 
26468 11 26512 32 F: 7 4 
26505 10 26515 90 F: 10 
26686 8 26718 6 F: 2 4 2 
26757 9 26775 221 F: 9 
26821 12 26869 413 F: 6 6 
26963 10 26973 176 F: 5 4 1 
27002 5 27012 64 F: 5 
27198 9 27216 105 F: 4 5 
27231 7 27245 351 F: 3 4 
27369 8 27377 367 F: 4 1 3 
27481 5 27501 376 F: 2 3 
27565 5 27570 121 F: 2 1 2 
27660 11 27704 133 F: 5 4 2 
27789 11 27800 1 F: 11 
27872 9 27890 461 F: 9 
27985 7 27999 291 F: 3 4 
28004 11 28026 285 F: 11 
28137 9 28155 408 F: 2 4 3 
28290 4 28298 79 F: 2 2 
28379 5 28384 292 F: 5 
28483 6 28501 398 F: 3 2 1 
28522 9 28549 385 F: 9 
28685 9 28703 416 F: 5 1 3 
28703 8 28727 463 F: 2 6 
28824 10 28864 469 F: 4 3 3 
28925 6 28937 27 F: 6 
29057 11 29101 274 F: 7 4 
29120 3 29132 479 F: 3 
29271 10 29291 33 F: 10 
29325 13 29351 93 F: 13 
29453 9 29480 422 F: 9 
29526 9 29544 182 F: 6 3 
29608 12 29632 97 F: 12 
29768 9 29777 11 F: 9 
29896 10 29936 478 F: 6 4 
29937 6 29955 18 F: 6 
30062 8 30094 326 F: 6 2 
30175 13 30201 68 F: 13 
30270 10 30310 55 F: 4 6 
30367 7 30381 348 F: 7 
30460 5 30465 355 F: 2 1 2 
30597 11 30641 341 F: 7 4 
30663 10 30693 445 F: 6 4 
30732 13 30784 307 F: 13 
30861 6 30879 329 F: 6 
30965 9 30992 61 F: 3 6 
31034 8 31050 449 F: 7 1 
31175 9 31211 199 F: 9 
31273 10 31293 324 F: 5 5 
31323 10 31363 449 F: 6 4 
31435 4 31443 301 F: 3 1 
31570 8 31594 133 F: 4 4 
31604 13 31617 268 F: 5 4 4 
31756 6 31774 42 F: 6 
31890 12 31926 19 F: 5 4 3 
31938 11 31949 327 F: 5 4 2 
32036 7 32057 425 F: 6 1 
32124 3 32130 331 F: 3 
32270 11 32303 259 F: 5 3 3 
32388 4 32400 180 F: 2 1 1 
32469 4 32485 123 F: 4 
32512 9 32548 403 F: 9 
32635 7 32663 153 F: 7 
32735 10 32775 73 F: 5 4 1 
32864 6 32882 147 F: 6 
32951 6 32975 246 F: 6 
33067 10 33087 165 F: 5 5 
33147 11 33191 428 F: 11 
33232 5 33237 71 F: 5 
33328 11 33350 162 F: 7 4 
33408 8 33416 350 F: 4 4 
33575 10 33605 276 F: 6 4 
33627 11 33649 445 F: 11 
33771 11 33782 21 F: 4 3 4 
33863 9 33899 355 F: 7 2 
33943 7 33964 54 F: 5 1 1 
34001 5 34021 475 F: 5 
34129 13 34142 370 F: 7 6 
34291 5 34301 242 F: 3 2 
34359 4 34371 349 F: 2 2 
34475 10 34515 315 F: 7 3 
34594 8 34618 362 F: 4 2 2 
34615 10 34655 447 F: 7 3 
34727 10 34747 296 F: 4 2 4 
34874 6 34898 138 F: 6 
34984 7 34991 75 F: 2 5 
35047 9 35083 60 F: 9 
35143 7 35164 2 F: 4 3 
35204 7 35225 269 F: 7 
35397 8 35405 183 F: 7 1 
35449 13 35501 196 F: 13 
35549 6 35573 308 F: 3 3 
35614 11 35647 22 F: 4 4 3 
35785 8 35817 66 F: 4 4 
35884 10 35914 74 F: 4 6 
35976 7 36004 152 F: 2 3 2 
36005 9 36032 297 F: 2 3 4 
36145 8 36153 444 F: 7 1 
36276 9 36312 369 F: 4 3 2 
36323 6 36335 124 F: 2 1 3 
36442 5 36462 226 F: 5 
36578 5 36588 41 F: 2 2 1 
36678 9 36696 391 F: 3 6 
36735 6 36741 374 F: 2 3 1 
36851 8 36883 28 F: 3 1 4 
36963 8 36979 312 F: 5 3 
37015 10 37025 183 F: 10 
37114 12 37138 180 F: 4 4 4 
37292 11 37325 431 F: 11 
37346 4 37350 267 F: 4 
37459 12 37507 148 F: 12 
37531 8 37563 150 F: 4 4 
37642 12 37654 71 F: 5 4 3 
37732 6 37756 490 F: 3 2 1 
37800 9 37827 128 F: 9 
37940 7 37968 412 F: 5 2 
38083 9 38092 34 F: 4 1 4 
38148 11 38159 212 F: 6 5 
38240 9 38267 163 F: 9 
38349 7 38363 339 F: 3 3 1 
38467 9 38503 278 F: 3 6 
38571 3 38580 450 F: 3 
38694 2 38698 486 F: 2 
38761 10 38781 70 F: 5 2 3 
38872 6 38878 230 F: 3 3 
38937 9 38946 403 F: 3 2 4 
39022 11 39033 475 F: 6 5 
39156 6 39162 357 F: 5 1 
39269 4 39277 234 F: 3 1 
39346 5 39356 280 F: 5 
39454 7 39482 318 F: 7 
39559 9 39595 59 F: 9 
39629 8 39661 166 F: 3 3 2 
39718 6 39724 140 F: 5 1 
39831 13 39870 71 F: 13 
39986 9 40004 151 F: 9 
40071 9 40098 308 F: 5 4 
40138 5 40158 377 F: 2 2 1 
40242 13 40268 386 F: 13 
40354 5 40364 7 F: 5 
40468 8 40500 1 F: 8 
40585 3 40591 293 F: 3 
40628 11 40672 277 F: 6 5 
40730 10 40740 257 F: 5 3 2 
40879 9 40888 180 F: 5 4 
40965 9 41001 174 F: 5 3 1 
41050 9 41077 22 F: 9 
41198 8 41214 239 F: 8 
41224 2 41232 31 F: 2 
41329 9 41338 429 F: 3 6 
41483 11 41516 201 F: 11 
41525 6 41543 414 F: 2 4 
41666 6 41672 156 F: 6 
41709 6 41733 493 F: 5 1 
41854 9 41890 29 F: 5 3 1 
41944 7 41951 331 F: 7 
42034 11 42045 51 F: 6 5 
42175 9 42211 82 F: 5 1 3 
42212 9 42221 207 F: 6 3 
42370 8 42386 404 F: 3 2 3 
42410 2 42416 246 F: 2 
42547 8 42571 421 F: 8 
42659 8 42667 6 F: 5 3 
42781 9 42817 184 F: 3 3 3 
42801 5 42806 217 F: 3 2 
42929 4 42945 422 F: 4 
43039 5 43044 362 F: 5 
43109 11 43142 95 F: 5 6 
43255 5 43270 426 F: 5 
43355 10 43365 470 F: 6 4 
43411 11 43433 28 F: 5 6 
43572 6 43596 165 F: 2 3 1 
43655 6 43679 94 F: 2 3 1 
43760 10 43780 466 F: 10 
43885 4 43889 334 F: 2 2 
43974 5 43994 400 F: 4 1 
44008 5 44018 190 F: 5 
44109 12 44133 65 F: 7 5 
44276 7 44283 81 F: 3 1 3 
44361 11 44372 98 F: 4 4 3 
44413 11 44435 312 F: 6 5 
44551 6 44557 70 F: 2 1 3 
44668 9 44677 18 F: 7 2 
44730 10 44770 410 F: 2 4 4 
44847 9 44874 91 F: 4 3 2 
44913 10 44943 296 F: 5 5 
45055 6 45073 469 F: 2 2 2 
45163 13 45189 271 F: 13 
45293 11 45304 272 F: 11 
45391 10 45401 378 F: 5 1 4 
45411 10 45451 47 F: 4 4 2 
45503 2 45511 280 F: 2 
45652 9 45670 251 F: 3 4 2 
45712 13 45725 41 F: 13 
45889 8 45897 111 F: 3 5 
45981 5 45996 461 F: 2 3 
46025 10 46065 178 F: 7 3 
46126 11 46170 337 F: 7 4 
46213 7 46241 468 F: 5 2 
46365 11 46387 56 F: 11 
46435 5 46445 100 F: 5 
46539 6 46563 405 F: 3 3 
46672 9 46699 284 F: 2 3 4 
46798 4 46806 143 F: 4 
46824 13 46863 291 F: 7 6 
46990 5 47005 276 F: 4 1 
47035 7 47042 434 F: 3 4 
47121 7 47135 324 F: 4 2 1 
47243 10 47283 418 F: 3 3 4 
47335 8 47343 291 F: 4 2 2 
47466 6 47490 267 F: 5 1 
47596 5 47606 125 F: 5 
47653 9 47671 415 F: 9 
47714 12 47750 9 F: 6 6 
47835 6 47841 25 F: 3 2 1 
47926 7 47954 267 F: 5 1 1 
48052 9 48088 388 F: 3 3 3 
48112 6 48118 343 F: 3 2 1 
48207 10 48217 314 F: 6 4 
48306 11 48339 266 F: 5 6 
48491 3 48503 21 F: 3 
48580 2 48586 163 F: 2 
48641 3 48647 472 F: 3 
48774 7 48788 418 F: 7 
48813 6 48825 475 F: 6 
48917 8 48949 249 F: 3 5 
49060 9 49087 60 F: 5 1 3 
49191 8 49215 212 F: 4 1 3 
49241 10 49271 401 F: 4 4 2 
49333 11 49344 47 F: 4 4 3 
49478 10 49508 9 F: 10 
49533 12 49557 57 F: 6 6 
49600 9 49636 189 F: 3 4 2 
49771 8 49787 174 F: 4 2 2 
49864 2 49868 189 F: 2 
49915 7 49929 497 F: 2 3 2 
D: 5 347 
D: 13 304 
D: 16 421 
D: 22 328 
D: 29 169 
D: 32 403 
D: 32 494 
D: 33 72 
D: 34 174 
D: 37 71 
D: 53 253 
D: 54 157 
D: 62 376 
D: 63 222 
D: 69 187 
D: 78 210 
D: 85 363 
D: 87 439 
D: 89 460 
D: 92 402 
D: 96 300 
D: 100 179 
D: 106 421 
D: 109 255 
D: 122 284 
D: 123 125 
D: 127 330 
D: 135 300 
D: 166 281 
D: 174 479 
D: 175 271 
D: 176 455 
D: 200 428 
D: 215 284 
D: 228 316 
D: 244 489 
D: 247 391 
D: 248 494 
D: 258 369 
D: 258 424 
D: 285 365 
D: 291 378 
D: 292 452 
D: 314 461 
D: 317 383 
D: 339 442 
D: 343 444 
D: 365 414 
D: 366 463 
D: 395 415 
