53 11 75 67 F: 6 5 
162 8 170 187 F: 2 2 4 
264 10 294 392 F: 10 
393 10 433 368 F: 10 
445 7 466 270 F: 2 3 2 
510 9 537 182 F: 7 2 
625 8 633 108 F: 8 
789 7 810 274 F: 2 5 
858 10 878 211 F: 5 4 1 
955 3 958 270 F: 3 
1012 6 1018 385 F: 3 1 2 
1197 8 1205 16 F: 2 4 2 
1223 10 1233 135 F: 4 6 
1398 7 1412 15 F: 3 4 
1439 8 1455 355 F: 5 2 1 
1573 9 1600 88 F: 9 
1677 9 1686 328 F: 9 
1714 12 1750 224 F: 7 5 
1857 7 1885 156 F: 4 2 1 
1989 6 2007 253 F: 6 
2015 10 2025 411 F: 5 2 3 
2163 7 2191 482 F: 6 1 
2209 11 2253 197 F: 5 2 4 
2314 9 2350 13 F: 2 4 3 
2466 5 2481 148 F: 5 
2549 4 2565 290 F: 3 1 
2699 13 2712 338 F: 13 
2720 10 2730 184 F: 7 3 
2846 8 2862 64 F: 4 4 
2916 7 2930 29 F: 7 
3097 6 3109 91 F: 2 4 
3104 10 3144 463 F: 5 1 4 
3274 13 3326 455 F: 13 
3391 10 3411 379 F: 10 
3426 10 3446 343 F: 4 6 
3594 12 3630 332 F: 6 6 
3687 7 3708 2 F: 5 1 1 
3747 11 3791 311 F: 11 
3816 10 3846 333 F: 3 3 4 
3939 9 3957 336 F: 2 3 4 
4064 7 4085 438 F: 2 3 2 
4180 5 4195 125 F: 5 
4208 12 4244 13 F: 5 4 3 
4399 6 4417 217 F: 5 1 
4464 8 4472 304 F: 8 
4570 7 4591 379 F: 7 
4635 5 4655 168 F: 5 
4765 13 4791 295 F: 13 
4882 8 4890 310 F: 2 2 4 
4948 5 4968 495 F: 4 1 
5013 5 5018 182 F: 2 3 
5151 8 5167 250 F: 4 3 1 
5269 4 5281 279 F: 4 
5390 7 5404 104 F: 2 1 4 
5416 8 5432 327 F: 7 1 
5593 7 5607 147 F: 6 1 
5645 4 5653 431 F: 4 
5703 5 5708 258 F: 5 
5857 9 5866 131 F: 3 6 
5988 4 5996 21 F: 3 1 
6079 9 6106 200 F: 5 1 3 
6105 4 6113 294 F: 4 
6271 6 6283 55 F: 2 3 1 
6346 5 6351 103 F: 5 
6495 8 6503 318 F: 4 4 
6513 4 6517 231 F: 4 
6678 9 6705 493 F: 7 2 
6755 7 6762 302 F: 5 1 1 
6824 13 6863 243 F: 5 4 4 
6984 12 7008 462 F: 6 6 
7030 9 7048 11 F: 2 4 3 
7131 9 7149 462 F: 4 3 2 
7219 7 7247 473 F: 2 2 3 
7311 3 7323 262 F: 2 1 
7412 5 7417 467 F: 3 2 
7507 8 7515 101 F: 2 2 4 
7644 5 7654 68 F: 2 1 2 
7713 7 7741 368 F: 5 2 
7822 7 7843 144 F: 3 4 
7933 10 7943 76 F: 4 4 2 
8037 13 8063 425 F: 13 
8159 9 8168 100 F: 3 6 
8233 10 8243 424 F: 4 2 4 
8370 9 8388 238 F: 4 3 2 
8432 9 8450 19 F: 3 2 4 
8555 9 8591 210 F: 5 2 2 
8690 6 8696 411 F: 4 1 1 
8778 12 8790 355 F: 12 
8885 10 8915 31 F: 7 3 
8904 3 8910 190 F: 3 
9055 8 9071 63 F: 8 
9189 4 9205 48 F: 4 
9207 7 9235 424 F: 4 1 2 
9304 9 9313 450 F: 3 6 
9437 4 9449 474 F: 2 1 1 
9528 13 9541 43 F: 7 6 
9643 9 9679 122 F: 9 
9771 8 9787 48 F: 3 2 3 
9873 2 9879 272 F: 2 
9953 5 9963 456 F: 3 2 
10059 11 10081 203 F: 11 
10181 10 10221 354 F: 5 5 
10282 9 10318 341 F: 2 4 3 
10339 12 10363 163 F: 5 3 4 
10475 4 10491 40 F: 3 1 
10595 9 10604 473 F: 4 2 3 
10693 10 10703 76 F: 7 3 
10776 2 10784 397 F: 2 
10853 10 10863 149 F: 6 4 
10951 8 10959 16 F: 4 2 2 
11018 2 11022 358 F: 2 
11168 12 11180 398 F: 12 
11294 13 11307 266 F: 13 
11370 4 11382 252 F: 2 2 
11409 10 11439 416 F: 4 2 4 
11522 12 11546 230 F: 12 
11660 10 11670 318 F: 10 
11785 5 11800 109 F: 2 3 
11807 10 11837 268 F: 2 4 4 
11903 7 11917 261 F: 7 
12041 6 12047 406 F: 2 4 
12137 11 12170 382 F: 5 3 3 
12263 9 12281 57 F: 4 4 1 
12328 9 12337 235 F: 3 2 4 
12476 7 12490 297 F: 2 3 2 
12524 6 12548 323 F: 5 1 
12670 11 12681 6 F: 3 4 4 
12717 13 12730 2 F: 13 
12894 11 12905 54 F: 7 4 
12975 9 13002 214 F: 9 
13049 2 13057 356 F: 2 
13127 12 13175 142 F: 12 
13275 7 13296 314 F: 3 1 3 
13353 12 13401 200 F: 12 
13453 10 13483 334 F: 4 3 3 
13546 11 13590 457 F: 7 4 
13687 10 13707 437 F: 7 3 
13797 8 13813 409 F: 4 4 
13882 12 13918 470 F: 4 4 4 
13985 9 14021 470 F: 3 6 
14003 7 14031 182 F: 5 2 
14132 8 14156 45 F: 5 2 1 
14260 13 14299 140 F: 7 6 
14354 8 14378 131 F: 3 5 
14404 6 14416 480 F: 2 1 3 
14594 10 14634 243 F: 6 4 
14666 6 14672 367 F: 3 1 2 
14784 5 14799 322 F: 5 
14824 11 14835 93 F: 11 
14999 10 15029 498 F: 3 3 4 
15028 9 15064 393 F: 5 4 
15137 11 15181 473 F: 11 
15285 8 15293 284 F: 4 3 1 
15371 6 15389 14 F: 2 4 
15407 10 15447 128 F: 4 3 3 
15564 3 15567 33 F: 3 
15604 7 15632 458 F: 2 1 4 
15797 12 15845 41 F: 12 
15809 5 15814 40 F: 5 
15984 8 16008 207 F: 5 3 
16015 5 16030 261 F: 2 3 
16183 4 16187 377 F: 4 
16207 11 16240 271 F: 4 4 3 
16334 8 16342 495 F: 3 2 3 
16419 12 16467 31 F: 5 3 4 
16562 8 16594 47 F: 3 4 1 
16601 8 16617 354 F: 5 2 1 
16762 11 16795 200 F: 5 2 4 
16823 11 16834 354 F: 5 4 2 
16904 11 16948 50 F: 5 6 
17017 9 17035 449 F: 7 2 
17104 9 17113 193 F: 5 4 
17217 11 17239 319 F: 5 3 3 
17323 8 17339 361 F: 2 4 2 
17455 12 17503 121 F: 7 5 
17587 12 17623 162 F: 12 
17671 7 17699 380 F: 3 3 1 
17721 9 17730 408 F: 9 
17838 9 17856 94 F: 9 
17962 9 17971 303 F: 4 2 3 
18007 10 18047 230 F: 3 4 3 
18117 9 18126 260 F: 3 2 4 
18232 3 18244 389 F: 2 1 
18353 5 18373 107 F: 5 
18433 8 18465 152 F: 8 
18592 6 18598 281 F: 2 3 1 
18604 11 18615 186 F: 7 4 
18781 11 18792 352 F: 5 6 
18802 5 18807 177 F: 4 1 
18967 8 18991 2 F: 8 
19053 9 19062 238 F: 3 4 2 
19177 8 19185 57 F: 7 1 
19210 5 19220 93 F: 5 
19323 8 19339 498 F: 4 4 
19442 10 19482 164 F: 4 6 
19512 12 19536 126 F: 7 5 
19652 2 19654 484 F: 2 
19718 6 19736 165 F: 3 3 
19815 5 19830 117 F: 3 2 
19910 8 19926 338 F: 3 1 4 
20003 13 20055 260 F: 13 
20143 7 20164 370 F: 2 5 
20270 9 20288 21 F: 9 
20346 7 20353 300 F: 5 2 
20484 10 20504 185 F: 4 3 3 
20507 9 20543 41 F: 9 
20650 7 20664 300 F: 3 4 
20755 12 20779 29 F: 12 
20861 7 20882 152 F: 7 
20997 9 21033 308 F: 2 3 4 
21011 9 21029 378 F: 6 3 
21193 8 21217 454 F: 4 3 1 
21276 9 21294 77 F: 4 5 
21382 8 21406 472 F: 3 3 2 
21481 10 21511 121 F: 3 4 3 
21566 7 21573 15 F: 2 5 
21618 8 21626 277 F: 3 4 1 
21798 6 21822 322 F: 2 2 2 
21898 2 21904 332 F: 2 
21986 11 21997 146 F: 5 4 2 
22077 9 22095 34 F: 4 2 3 
22157 5 22177 271 F: 2 3 
22256 4 22268 218 F: 4 
22399 4 22407 342 F: 4 
22450 6 22474 54 F: 3 2 1 
22536 7 22564 6 F: 2 3 2 
22691 9 22718 392 F: 3 2 4 
22730 10 22740 158 F: 4 3 3 
22860 9 22878 338 F: 9 
22925 9 22961 297 F: 4 3 2 
23048 5 23058 470 F: 5 
23161 4 23177 74 F: 4 
23290 7 23311 27 F: 2 1 4 
23354 11 23387 55 F: 11 
23421 8 23453 45 F: 8 
23554 3 23563 389 F: 3 
23634 2 23638 484 F: 2 
23766 7 23773 377 F: 7 
23883 7 23890 364 F: 7 
23973 8 23989 132 F: 4 1 3 
24060 5 24080 110 F: 5 
24133 6 24145 407 F: 2 3 1 
24276 4 24288 354 F: 2 1 1 
24345 5 24350 486 F: 3 2 
24489 5 24504 151 F: 5 
24547 7 24554 425 F: 7 
24665 10 24685 198 F: 6 4 
24754 11 24765 252 F: 11 
24888 10 24928 144 F: 7 3 
24946 9 24982 27 F: 9 
25035 8 25059 315 F: 2 3 3 
25124 11 25146 61 F: 11 
25233 5 25253 77 F: 3 2 
25375 8 25383 30 F: 8 
25414 10 25424 414 F: 7 3 
25531 2 25537 5 F: 2 
25604 12 25640 499 F: 12 
25789 9 25816 142 F: 2 4 3 
25828 6 25846 393 F: 3 1 2 
25955 8 25987 446 F: 4 2 2 
26097 9 26133 4 F: 9 
26170 5 26180 389 F: 3 2 
26205 13 26231 378 F: 13 
26327 5 26337 1 F: 2 3 
26419 8 26443 318 F: 2 6 
26544 6 26562 156 F: 2 4 
26663 10 26683 366 F: 4 2 4 
26719 4 26735 266 F: 2 2 
26835 9 26853 244 F: 4 2 3 
26946 10 26986 46 F: 6 4 
27080 9 27107 490 F: 4 2 3 
27136 12 27184 473 F: 6 6 
27219 12 27255 40 F: 12 
27309 5 27329 226 F: 2 1 2 
27407 7 27414 59 F: 2 4 1 
27572 10 27582 279 F: 6 4 
27692 11 27703 86 F: 5 2 4 
27742 4 27746 200 F: 3 1 
27801 7 27822 15 F: 3 3 1 
27931 8 27963 281 F: 2 6 
28051 9 28060 120 F: 9 
28155 10 28185 456 F: 3 3 4 
28253 10 28273 33 F: 6 4 
28311 7 28339 394 F: 6 1 
28491 2 28493 389 F: 2 
28536 6 28542 496 F: 6 
28670 10 28690 436 F: 5 4 1 
28794 9 28821 432 F: 3 2 4 
28829 11 28862 394 F: 5 4 2 
28954 8 28978 390 F: 2 4 2 
29022 8 29038 19 F: 3 3 2 
29159 8 29175 417 F: 5 1 2 
29201 11 29234 65 F: 11 
29389 13 29415 406 F: 13 
29407 10 29437 294 F: 2 4 4 
29521 3 29527 66 F: 3 
29681 11 29692 431 F: 5 6 
29758 5 29768 446 F: 4 1 
29836 8 29868 305 F: 2 6 
29940 4 29948 436 F: 2 2 
30031 3 30040 447 F: 3 
30133 6 30157 100 F: 6 
30236 4 30248 495 F: 3 1 
30301 6 30307 105 F: 3 3 
30485 10 30495 29 F: 10 
30562 5 30572 356 F: 2 3 
30600 10 30620 393 F: 10 
30764 9 30791 155 F: 4 5 
30806 11 30850 279 F: 5 6 
30994 5 30999 128 F: 2 1 2 
31020 7 31034 310 F: 3 3 1 
31189 8 31221 313 F: 5 1 2 
31249 6 31273 485 F: 6 
31326 7 31333 325 F: 4 1 2 
31463 9 31499 357 F: 3 4 2 
31507 2 31515 321 F: 2 
31665 12 31713 189 F: 6 6 
31703 8 31727 278 F: 5 3 
31829 8 31837 152 F: 5 1 2 
31961 6 31979 277 F: 2 3 1 
32071 5 32086 336 F: 2 3 
32195 10 32205 264 F: 5 4 1 
32254 9 32263 148 F: 6 3 
32315 11 32348 263 F: 11 
32474 3 32480 323 F: 3 
32592 7 32599 34 F: 5 2 
32602 7 32623 58 F: 7 
32769 8 32785 449 F: 2 2 4 
32834 5 32854 464 F: 2 3 
32919 5 32929 73 F: 5 
33087 9 33123 245 F: 9 
33137 7 33144 380 F: 4 3 
33249 8 33257 420 F: 3 4 1 
33353 11 33364 495 F: 6 5 
33444 11 33455 227 F: 4 4 3 
33551 6 33563 179 F: 3 3 
33679 5 33694 129 F: 3 1 1 
33785 12 33797 490 F: 4 4 4 
33895 9 33931 224 F: 5 4 
33977 5 33997 191 F: 5 
34058 11 34102 143 F: 7 4 
34170 5 34190 105 F: 5 
34296 13 34322 201 F: 13 
34311 9 34347 221 F: 4 2 3 
34495 10 34535 253 F: 5 3 2 
34539 11 34572 375 F: 5 2 4 
34630 7 34658 176 F: 2 3 2 
34799 8 34815 382 F: 2 3 3 
34857 13 34883 380 F: 13 
34984 12 35020 217 F: 12 
35041 11 35063 362 F: 4 3 4 
35132 10 35172 77 F: 10 
35230 9 35239 151 F: 7 2 
35393 6 35405 7 F: 5 1 
35470 4 35486 149 F: 2 1 1 
35579 6 35597 195 F: 3 2 1 
35639 12 35687 204 F: 12 
35768 8 35784 478 F: 4 4 
35841 12 35877 140 F: 5 3 4 
35951 5 35971 462 F: 5 
36083 8 36115 210 F: 3 1 4 
36128 7 36156 35 F: 4 3 
36284 13 36297 306 F: 13 
36369 10 36409 417 F: 4 6 
36447 10 36487 52 F: 10 
36574 6 36586 390 F: 6 
36624 6 36630 444 F: 3 1 2 
36712 12 36736 254 F: 4 4 4 
36816 9 36843 114 F: 7 2 
36973 8 36997 134 F: 2 6 
37082 12 37118 37 F: 5 3 4 
37185 5 37200 372 F: 2 3 
37211 10 37241 354 F: 3 4 3 
37362 12 37410 469 F: 4 4 4 
37460 7 37488 246 F: 4 3 
37506 9 37524 413 F: 4 2 3 
37673 8 37697 232 F: 3 3 2 
37777 12 37801 206 F: 5 3 4 
37873 11 37917 458 F: 11 
37907 11 37918 446 F: 6 5 
38024 9 38060 95 F: 7 2 
38131 11 38164 58 F: 11 
38224 6 38248 469 F: 6 
38337 9 38355 130 F: 9 
38490 6 38502 308 F: 5 1 
38594 10 38634 217 F: 7 3 
38698 11 38731 216 F: 5 6 
38754 11 38798 215 F: 11 
38891 11 38935 154 F: 7 4 
38907 7 38921 440 F: 3 2 2 
39024 11 39057 477 F: 7 4 
39121 11 39165 93 F: 5 6 
39259 9 39295 227 F: 5 3 1 
39344 9 39380 300 F: 2 4 3 
39469 9 39478 438 F: 7 2 
39553 3 39556 2 F: 3 
39602 5 39612 248 F: 5 
39772 7 39779 373 F: 4 3 
39821 9 39839 168 F: 5 3 1 
39959 8 39967 57 F: 2 6 
40054 11 40098 499 F: 6 5 
40152 7 40173 61 F: 6 1 
40292 11 40303 499 F: 11 
40301 11 40312 299 F: 3 4 4 
40414 7 40435 114 F: 3 3 1 
40558 12 40582 48 F: 12 
40680 8 40704 413 F: 4 1 3 
40724 3 40736 300 F: 3 
40895 11 40928 225 F: 5 3 3 
40982 7 41003 94 F: 5 2 
41036 8 41052 243 F: 3 5 
41169 12 41205 298 F: 7 5 
41250 8 41274 342 F: 5 3 
41382 5 41397 202 F: 3 2 
41419 10 41429 187 F: 5 2 3 
41549 8 41573 12 F: 4 1 3 
41628 12 41664 469 F: 12 
41717 8 41741 430 F: 3 2 3 
41827 12 41875 336 F: 5 4 3 
41982 7 41996 201 F: 5 2 
42036 8 42052 353 F: 3 5 
42115 3 42118 492 F: 3 
42293 13 42319 489 F: 7 6 
42351 12 42387 40 F: 5 3 4 
42493 11 42504 348 F: 11 
42502 8 42518 61 F: 2 4 2 
42658 12 42682 113 F: 7 5 
42743 4 42759 438 F: 4 
42814 8 42838 362 F: 5 3 
42996 5 43006 342 F: 5 
43078 12 43102 256 F: 5 4 3 
43135 11 43179 114 F: 5 6 
43288 12 43336 68 F: 12 
43341 11 43374 476 F: 11 
43410 7 43431 124 F: 7 
43587 13 43613 490 F: 13 
43642 8 43658 289 F: 8 
43727 5 43732 295 F: 3 2 
43891 11 43924 451 F: 11 
43928 8 43960 52 F: 2 2 4 
44074 7 44081 194 F: 6 1 
44128 9 44137 105 F: 3 4 2 
44286 8 44302 461 F: 4 3 1 
44356 6 44374 289 F: 2 1 3 
44474 12 44486 393 F: 12 
44519 10 44539 75 F: 7 3 
44631 8 44663 71 F: 3 2 3 
44716 6 44728 488 F: 4 2 
44843 5 44848 76 F: 5 
44984 8 45016 219 F: 6 2 
45047 5 45057 483 F: 5 
45153 11 45175 376 F: 5 4 2 
45226 3 45232 13 F: 3 
45333 7 45340 200 F: 4 3 
45443 9 45452 204 F: 5 4 
45560 6 45578 18 F: 3 2 1 
45616 10 45656 201 F: 5 3 2 
45725 4 45741 43 F: 2 2 
45890 5 45895 200 F: 5 
45922 7 45950 16 F: 7 
46066 5 46081 479 F: 5 
46194 2 46198 155 F: 2 
46251 7 46258 320 F: 4 1 2 
46306 10 46336 114 F: 10 
46483 10 46493 437 F: 5 2 3 
46524 5 46544 393 F: 3 1 1 
46622 7 46636 428 F: 3 3 1 
46736 7 46750 244 F: 2 4 1 
46892 11 46925 97 F: 11 
46940 4 46948 61 F: 4 
47073 6 47079 318 F: 6 
47106 6 47112 477 F: 6 
47282 6 47288 76 F: 3 3 
47334 10 47364 410 F: 3 3 4 
47457 8 47481 164 F: 8 
47577 7 47584 386 F: 2 1 4 
47646 7 47667 40 F: 6 1 
47738 9 47747 306 F: 5 4 
47876 7 47890 258 F: 2 1 4 
47925 9 47961 376 F: 4 2 3 
48058 2 48066 234 F: 2 
48192 5 48212 235 F: 2 2 1 
48241 11 48274 72 F: 5 3 3 
48391 8 48423 490 F: 3 5 
48401 12 48449 222 F: 6 6 
48542 9 48569 176 F: 5 4 
48603 10 48633 435 F: 4 6 
48791 6 48815 142 F: 6 
48857 4 48861 454 F: 4 
48945 9 48963 193 F: 7 2 
49078 11 49122 163 F: 5 6 
49108 9 49117 220 F: 4 3 2 
49279 6 49303 405 F: 2 4 
49375 7 49389 470 F: 7 
49421 9 49448 496 F: 2 4 3 
49503 4 49511 246 F: 2 2 
49644 9 49680 423 F: 6 3 
49704 11 49737 84 F: 4 3 4 
49893 7 49907 288 F: 3 3 1 
49979 4 49987 396 F: 3 1 
D: 4 176 
D: 12 53 
D: 12 112 
D: 16 69 
D: 26 107 
D: 33 274 
D: 35 290 
D: 47 442 
D: 50 372 
D: 57 94 
D: 57 481 
D: 76 296 
D: 78 252 
D: 79 269 
D: 83 229 
D: 86 383 
D: 89 295 
D: 91 112 
D: 108 398 
D: 134 493 
D: 139 423 
D: 159 199 
D: 159 351 
D: 162 227 
D: 162 354 
D: 178 300 
D: 183 308 
D: 184 262 
D: 192 345 
D: 208 337 
D: 209 447 
D: 212 307 
D: 212 398 
D: 230 250 
D: 233 386 
D: 238 274 
D: 249 395 
D: 273 281 
D: 283 312 
D: 304 491 
D: 318 342 
D: 332 432 
D: 349 454 
D: 379 465 
D: 411 423 
D: 419 488 
D: 436 444 
D: 439 458 
D: 460 492 
D: 468 488 
