54 7 75 33 F: 5 2 
118 2 124 143 F: 2 
294 7 301 466 F: 6 1 
315 4 331 224 F: 3 1 
446 7 474 312 F: 3 3 1 
555 11 566 329 F: 5 3 3 
636 6 654 335 F: 4 2 
746 7 767 100 F: 2 1 4 
819 7 847 71 F: 2 1 4 
971 11 982 176 F: 7 4 
1041 7 1069 114 F: 2 5 
1161 8 1177 261 F: 4 1 3 
1242 5 1257 311 F: 3 2 
1388 8 1404 76 F: 8 
1433 9 1442 87 F: 4 1 4 
1588 7 1602 79 F: 2 5 
1603 7 1610 103 F: 2 1 4 
1722 10 1752 361 F: 6 4 
1884 7 1905 110 F: 2 3 2 
1952 12 1976 122 F: 6 6 
2050 9 2068 24 F: 4 3 2 
2112 12 2124 431 F: 12 
2271 11 2293 64 F: 5 2 4 
2329 11 2351 204 F: 6 5 
2426 3 2438 288 F: 3 
2536 13 2575 449 F: 13 
2618 5 2623 207 F: 3 2 
2765 9 2801 156 F: 9 
2867 6 2885 119 F: 3 3 
2934 9 2943 63 F: 5 4 
3031 12 3043 110 F: 7 5 
3107 6 3113 171 F: 2 4 
3263 11 3307 236 F: 11 
3338 4 3354 481 F: 2 2 
3414 7 3442 312 F: 7 
3581 2 3583 146 F: 2 
3619 8 3651 323 F: 7 1 
3716 9 3752 53 F: 4 3 2 
3827 8 3835 473 F: 3 3 2 
3968 9 3986 110 F: 5 1 3 
4054 9 4081 366 F: 6 3 
4115 10 4155 367 F: 4 6 
4298 8 4322 3 F: 4 4 
4315 6 4321 430 F: 6 
4440 11 4462 281 F: 11 
4501 8 4517 365 F: 2 4 2 
4682 3 4685 91 F: 3 
4719 10 4739 211 F: 3 4 3 
4832 5 4847 55 F: 5 
4974 5 4979 368 F: 5 
5007 11 5018 55 F: 11 
5128 7 5156 109 F: 2 4 1 
5259 3 5262 340 F: 3 
5387 2 5389 239 F: 2 
5404 10 5424 191 F: 4 2 4 
5528 2 5532 345 F: 2 
5682 9 5709 46 F: 5 4 
5701 8 5709 69 F: 5 3 
5842 12 5854 433 F: 12 
5920 8 5944 386 F: 5 1 2 
6096 12 6132 341 F: 5 3 4 
6177 7 6184 346 F: 5 2 
6268 6 6292 411 F: 6 
6300 10 6340 214 F: 10 
6492 9 6510 497 F: 4 4 1 
6580 5 6600 152 F: 3 1 1 
6697 12 6721 311 F: 12 
6750 9 6777 56 F: 3 6 
6854 5 6859 390 F: 2 3 
6975 12 6999 95 F: 12 
7037 5 7052 159 F: 2 2 1 
7115 11 7126 114 F: 5 6 
7217 2 7219 315 F: 2 
7377 7 7391 391 F: 4 3 
7438 9 7465 72 F: 6 3 
7509 10 7529 131 F: 3 3 4 
7668 10 7688 369 F: 4 2 4 
7702 10 7712 117 F: 5 5 
7825 4 7837 100 F: 2 1 1 
7929 3 7938 272 F: 2 1 
8035 12 8083 117 F: 12 
8181 3 8187 215 F: 3 
8251 8 8267 207 F: 7 1 
8328 7 8342 477 F: 4 2 1 
8430 9 8466 7 F: 6 3 
8502 7 8516 17 F: 7 
8655 7 8683 450 F: 5 2 
8719 11 8741 260 F: 5 6 
8891 10 8901 330 F: 7 3 
8942 13 8968 453 F: 5 4 4 
9063 8 9087 166 F: 4 4 
9101 10 9111 113 F: 7 3 
9277 8 9301 15 F: 8 
9377 10 9397 271 F: 5 3 2 
9407 9 9434 51 F: 6 3 
9531 8 9555 379 F: 8 
9609 11 9631 79 F: 7 4 
9753 13 9779 310 F: 13 
9881 8 9913 488 F: 3 5 
9993 7 10021 11 F: 2 5 
10096 10 10116 393 F: 5 2 3 
10181 8 10189 124 F: 4 4 
10264 8 10272 334 F: 4 4 
10348 2 10354 480 F: 2 
10452 9 10479 319 F: 3 6 
10569 8 10577 156 F: 8 
10625 7 10646 491 F: 2 3 2 
10733 12 10745 312 F: 4 4 4 
10899 5 10914 413 F: 2 1 2 
10994 12 11030 149 F: 4 4 4 
11025 8 11057 27 F: 8 
11189 6 11213 348 F: 6 
11278 10 11298 310 F: 5 5 
11345 11 11356 108 F: 6 5 
11465 10 11475 443 F: 5 3 2 
11597 10 11637 186 F: 3 3 4 
11603 8 11619 437 F: 4 4 
11797 13 11810 304 F: 5 4 4 
11817 9 11853 434 F: 3 2 4 
11916 13 11942 290 F: 13 
12018 9 12045 293 F: 4 5 
12139 8 12147 39 F: 2 6 
12219 6 12243 249 F: 6 
12347 7 12368 185 F: 5 1 1 
12443 7 12450 495 F: 5 1 1 
12529 9 12538 276 F: 9 
12628 7 12656 317 F: 4 3 
12795 7 12823 83 F: 7 
12879 3 12888 318 F: 2 1 
12983 13 12996 422 F: 13 
13044 7 13072 452 F: 7 
13147 5 13152 246 F: 5 
13204 8 13212 297 F: 3 5 
13331 9 13340 290 F: 9 
13481 8 13513 405 F: 6 2 
13512 5 13522 274 F: 5 
13684 10 13704 485 F: 5 5 
13741 9 13759 67 F: 9 
13864 3 13867 241 F: 3 
13919 8 13951 364 F: 2 2 4 
14026 10 14066 181 F: 5 4 1 
14163 9 14190 358 F: 2 3 4 
14290 9 14326 4 F: 2 3 4 
14356 13 14369 232 F: 13 
14452 4 14468 99 F: 4 
14520 8 14536 41 F: 8 
14612 8 14628 475 F: 2 6 
14704 5 14709 65 F: 4 1 
14812 7 14840 262 F: 7 
14935 2 14943 315 F: 2 
15073 8 15089 431 F: 8 
15188 8 15196 393 F: 8 
15298 12 15310 186 F: 12 
15370 6 15394 347 F: 3 1 2 
15421 4 15425 103 F: 4 
15550 4 15554 142 F: 4 
15698 11 15709 314 F: 7 4 
15729 7 15736 249 F: 5 2 
15834 12 15870 193 F: 4 4 4 
15969 8 15993 388 F: 2 3 3 
16035 9 16062 378 F: 3 6 
16198 11 16209 285 F: 11 
16222 6 16246 221 F: 3 3 
16324 3 16333 460 F: 3 
16466 7 16473 331 F: 5 2 
16595 8 16619 444 F: 4 4 
16667 2 16671 306 F: 2 
16736 8 16752 192 F: 4 4 
16881 9 16899 372 F: 3 6 
16903 8 16927 46 F: 2 6 
17078 12 17114 383 F: 12 
17136 9 17154 77 F: 4 1 4 
17236 8 17244 380 F: 5 3 
17390 8 17398 194 F: 4 4 
17419 5 17439 120 F: 4 1 
17529 13 17568 200 F: 7 6 
17654 6 17660 108 F: 6 
17718 9 17736 237 F: 9 
17897 8 17921 195 F: 5 1 2 
17990 4 17998 483 F: 4 
18067 11 18111 219 F: 11 
18145 10 18155 106 F: 10 
18276 6 18300 38 F: 3 1 2 
18312 5 18317 213 F: 3 2 
18483 13 18522 16 F: 13 
18540 4 18548 419 F: 4 
18646 8 18654 323 F: 4 1 3 
18709 10 18719 411 F: 4 6 
18815 10 18845 67 F: 4 3 3 
18928 11 18939 73 F: 7 4 
19036 11 19080 397 F: 5 4 2 
19138 6 19156 80 F: 2 2 2 
19253 9 19262 129 F: 6 3 
19385 9 19394 11 F: 9 
19464 12 19500 426 F: 4 4 4 
19579 9 19606 418 F: 3 6 
19602 6 19608 16 F: 6 
19774 3 19777 459 F: 3 
19880 12 19892 40 F: 12 
19975 13 20001 43 F: 13 
20071 8 20103 133 F: 8 
20145 9 20163 81 F: 4 2 3 
20276 11 20287 151 F: 6 5 
20307 2 20313 104 F: 2 
20466 4 20482 458 F: 4 
20502 9 20529 224 F: 4 4 1 
20673 8 20681 60 F: 3 3 2 
20718 9 20745 24 F: 6 3 
20811 5 20821 487 F: 5 
20918 13 20931 186 F: 13 
21073 2 21079 210 F: 2 
21157 10 21197 322 F: 6 4 
21232 13 21284 174 F: 13 
21330 8 21362 397 F: 5 1 2 
21438 5 21443 293 F: 3 1 1 
21500 3 21503 90 F: 2 1 
21693 5 21698 215 F: 2 3 
21728 9 21737 132 F: 4 3 2 
21862 7 21883 160 F: 3 4 
21924 10 21944 135 F: 5 2 3 
22038 8 22054 56 F: 5 2 1 
22188 7 22209 18 F: 3 2 2 
22248 9 22257 104 F: 3 6 
22357 5 22362 159 F: 5 
22483 6 22501 435 F: 4 2 
22594 9 22630 164 F: 4 5 
22609 5 22614 286 F: 4 1 
22720 7 22734 329 F: 6 1 
22887 12 22935 59 F: 4 4 4 
22918 5 22928 194 F: 4 1 
23028 10 23068 51 F: 7 3 
23170 7 23177 280 F: 4 2 1 
23227 8 23251 155 F: 2 2 4 
23311 12 23323 331 F: 7 5 
23480 13 23506 377 F: 7 6 
23558 13 23571 214 F: 13 
23698 10 23718 264 F: 10 
23799 12 23847 253 F: 12 
23899 12 23935 228 F: 12 
23983 9 24019 377 F: 2 3 4 
24019 9 24046 187 F: 7 2 
24121 6 24145 356 F: 2 2 2 
24211 5 24216 19 F: 4 1 
24337 7 24351 186 F: 3 1 3 
24492 9 24501 19 F: 5 2 2 
24582 13 24621 416 F: 13 
24646 10 24676 313 F: 10 
24756 9 24774 381 F: 5 3 1 
24898 11 24942 306 F: 11 
24970 5 24980 473 F: 2 3 
25036 3 25045 174 F: 3 
25136 5 25151 425 F: 3 1 1 
25219 9 25237 343 F: 5 3 1 
25343 6 25349 329 F: 6 
25482 7 25496 453 F: 5 1 1 
25538 6 25556 246 F: 3 3 
25626 9 25635 417 F: 5 3 1 
25798 11 25809 344 F: 5 6 
25839 6 25845 93 F: 2 2 2 
25978 12 26026 411 F: 5 3 4 
26036 13 26088 425 F: 13 
26130 7 26144 183 F: 7 
26239 11 26250 28 F: 3 4 4 
26340 6 26346 383 F: 5 1 
26413 11 26457 218 F: 5 4 2 
26567 7 26588 49 F: 3 1 3 
26627 7 26634 237 F: 2 2 3 
26709 9 26745 189 F: 4 1 4 
26886 9 26922 280 F: 6 3 
26915 13 26941 316 F: 13 
27058 9 27094 492 F: 2 4 3 
27163 5 27183 434 F: 2 3 
27298 10 27308 480 F: 4 6 
27346 13 27359 91 F: 13 
27415 6 27433 31 F: 6 
27524 8 27532 343 F: 8 
27631 6 27643 137 F: 2 4 
27713 8 27729 32 F: 2 2 4 
27840 10 27860 110 F: 7 3 
27947 4 27955 218 F: 4 
28025 11 28047 223 F: 11 
28101 11 28123 486 F: 5 4 2 
28255 7 28276 214 F: 7 
28306 8 28330 244 F: 8 
28463 7 28470 134 F: 3 4 
28526 4 28534 424 F: 3 1 
28640 5 28660 230 F: 3 2 
28718 10 28758 362 F: 10 
28850 11 28861 139 F: 7 4 
28946 13 28998 277 F: 13 
29052 8 29084 417 F: 5 2 1 
29150 10 29160 465 F: 7 3 
29278 5 29288 277 F: 2 3 
29321 10 29351 224 F: 2 4 4 
29406 11 29450 97 F: 11 
29568 2 29572 237 F: 2 
29688 13 29740 492 F: 7 6 
29712 4 29724 479 F: 4 
29828 7 29849 91 F: 7 
29913 4 29917 129 F: 2 2 
30039 10 30079 168 F: 5 5 
30106 12 30118 88 F: 6 6 
30221 10 30251 71 F: 5 1 4 
30393 9 30429 465 F: 5 4 
30453 3 30459 389 F: 3 
30546 13 30559 237 F: 13 
30684 12 30708 183 F: 12 
30776 13 30828 133 F: 13 
30852 7 30866 345 F: 3 2 2 
30977 8 31001 138 F: 4 4 
31043 6 31055 278 F: 4 1 1 
31166 5 31181 313 F: 5 
31254 12 31278 325 F: 12 
31366 7 31380 56 F: 3 3 1 
31413 8 31445 407 F: 2 3 3 
31542 6 31554 130 F: 5 1 
31641 13 31654 227 F: 7 6 
31724 9 31742 154 F: 3 6 
31835 7 31863 491 F: 3 4 
31905 10 31915 220 F: 2 4 4 
32020 6 32044 266 F: 6 
32144 5 32164 16 F: 5 
32212 7 32219 45 F: 3 3 1 
32363 9 32381 178 F: 3 4 2 
32495 5 32510 141 F: 2 2 1 
32590 6 32608 153 F: 3 1 2 
32676 8 32700 123 F: 4 3 1 
32733 9 32769 351 F: 9 
32862 2 32868 284 F: 2 
32938 9 32947 321 F: 3 6 
33024 6 33042 379 F: 3 3 
33189 8 33213 214 F: 3 4 1 
33222 11 33233 286 F: 4 4 3 
33334 5 33344 44 F: 5 
33434 7 33448 411 F: 4 1 2 
33598 3 33604 479 F: 2 1 
33646 7 33660 191 F: 4 2 1 
33701 5 33711 332 F: 2 1 2 
33857 8 33873 315 F: 3 5 
33950 10 33980 247 F: 4 4 2 
34015 10 34025 365 F: 4 6 
34190 10 34210 337 F: 3 4 3 
34218 10 34228 291 F: 10 
34360 6 34384 284 F: 4 2 
34471 12 34495 361 F: 6 6 
34505 9 34514 206 F: 2 3 4 
34691 5 34701 464 F: 5 
34708 9 34744 148 F: 7 2 
34808 8 34840 14 F: 5 3 
34958 7 34965 14 F: 4 1 2 
35012 5 35017 324 F: 2 1 2 
35111 9 35120 96 F: 9 
35221 7 35235 200 F: 5 1 1 
35370 3 35382 153 F: 3 
35462 10 35502 216 F: 4 3 3 
35567 11 35600 397 F: 11 
35634 8 35658 378 F: 8 
35706 7 35713 272 F: 2 3 2 
35844 3 35847 341 F: 3 
35988 13 36014 162 F: 7 6 
36089 10 36099 6 F: 10 
36174 9 36210 389 F: 2 3 4 
36294 13 36333 218 F: 13 
36371 8 36387 162 F: 5 3 
36437 7 36451 53 F: 7 
36503 9 36521 240 F: 3 6 
36660 4 36668 98 F: 4 
36702 12 36738 416 F: 7 5 
36880 2 36886 270 F: 2 
36954 13 37006 190 F: 13 
37052 9 37079 338 F: 5 3 1 
37159 10 37199 411 F: 4 2 4 
37255 6 37273 387 F: 6 
37307 8 37315 287 F: 2 2 4 
37479 9 37488 254 F: 4 5 
37529 6 37547 281 F: 4 1 1 
37626 9 37635 137 F: 5 3 1 
37761 9 37797 268 F: 3 2 4 
37816 11 37849 12 F: 6 5 
37951 3 37954 437 F: 3 
38041 8 38057 51 F: 3 5 
38197 10 38237 188 F: 2 4 4 
38244 5 38254 307 F: 3 1 1 
38391 4 38407 409 F: 4 
38411 13 38437 333 F: 13 
38502 8 38518 204 F: 4 4 
38668 9 38677 383 F: 9 
38782 5 38792 320 F: 3 2 
38866 2 38872 267 F: 2 
38954 10 38984 420 F: 4 3 3 
39038 9 39074 361 F: 4 2 3 
39199 4 39211 361 F: 2 2 
39203 5 39223 27 F: 4 1 
39307 9 39343 30 F: 4 5 
39467 3 39476 345 F: 3 
39547 6 39565 336 F: 4 1 1 
39619 13 39671 65 F: 7 6 
39764 6 39770 307 F: 6 
39842 6 39860 334 F: 6 
39901 11 39923 170 F: 5 4 2 
40016 6 40034 307 F: 6 
40153 7 40181 114 F: 2 5 
40242 8 40250 218 F: 4 2 2 
40394 6 40412 203 F: 3 3 
40422 5 40427 218 F: 5 
40503 8 40519 130 F: 5 1 2 
40689 13 40702 63 F: 13 
40789 7 40817 422 F: 3 1 3 
40882 13 40934 164 F: 13 
40954 5 40969 202 F: 3 2 
41085 4 41093 343 F: 3 1 
41124 7 41131 280 F: 5 2 
41274 6 41298 449 F: 4 1 1 
41393 10 41413 220 F: 5 4 1 
41473 8 41497 362 F: 8 
41502 3 41511 122 F: 2 1 
41674 6 41692 11 F: 6 
41725 10 41745 359 F: 4 6 
41836 9 41845 461 F: 3 4 2 
41907 10 41937 479 F: 6 4 
42018 10 42048 351 F: 5 2 3 
42102 4 42118 205 F: 2 2 
42265 7 42279 146 F: 3 4 
42333 10 42353 295 F: 5 4 1 
42452 8 42460 434 F: 2 6 
42586 9 42622 136 F: 4 5 
42631 4 42643 442 F: 4 
42753 7 42781 304 F: 2 3 2 
42891 4 42903 297 F: 4 
42922 4 42934 94 F: 2 2 
43041 9 43059 73 F: 5 4 
43163 7 43184 211 F: 7 
43288 12 43300 17 F: 12 
43393 5 43398 267 F: 5 
43424 11 43457 88 F: 11 
43594 7 43615 300 F: 3 1 3 
43680 10 43720 372 F: 10 
43726 9 43762 174 F: 5 4 
43893 8 43917 485 F: 3 2 3 
43924 8 43956 251 F: 3 5 
44036 12 44072 350 F: 12 
44101 12 44137 342 F: 12 
44235 12 44259 281 F: 5 4 3 
44349 3 44355 226 F: 3 
44484 7 44498 395 F: 7 
44574 12 44622 85 F: 6 6 
44626 10 44636 468 F: 2 4 4 
44718 6 44724 30 F: 5 1 
44851 12 44887 218 F: 7 5 
44967 6 44973 114 F: 6 
45069 6 45087 87 F: 2 2 2 
45151 13 45177 261 F: 13 
45272 8 45288 467 F: 8 
45364 7 45378 87 F: 2 3 2 
45498 10 45518 482 F: 7 3 
45538 8 45562 141 F: 8 
45618 4 45622 48 F: 3 1 
45755 7 45769 42 F: 7 
45812 9 45830 485 F: 6 3 
45942 10 45952 29 F: 10 
46080 8 46088 314 F: 8 
46198 9 46234 347 F: 9 
46229 11 46273 192 F: 11 
46391 11 46402 410 F: 5 3 3 
46420 5 46440 479 F: 2 3 
46594 5 46614 278 F: 5 
46622 11 46644 127 F: 6 5 
46709 8 46717 374 F: 4 3 1 
46893 9 46911 199 F: 7 2 
46991 3 47000 116 F: 3 
47003 12 47027 44 F: 6 6 
47132 11 47165 330 F: 5 4 2 
47247 6 47253 303 F: 4 2 
47311 9 47329 393 F: 7 2 
47430 7 47444 157 F: 5 2 
47565 4 47581 414 F: 4 
47683 10 47723 469 F: 10 
47759 12 47807 353 F: 7 5 
47873 7 47880 25 F: 4 3 
47900 9 47918 59 F: 2 3 4 
48087 7 48108 398 F: 5 1 1 
48191 12 48239 326 F: 12 
48263 12 48311 395 F: 5 3 4 
48397 12 48421 131 F: 5 4 3 
48439 8 48471 13 F: 4 3 1 
48568 13 48581 130 F: 13 
48653 3 48656 454 F: 3 
48702 11 48724 420 F: 4 3 4 
48885 7 48892 194 F: 7 
48933 8 48957 144 F: 3 1 4 
49025 11 49036 396 F: 7 4 
49187 2 49195 107 F: 2 
49216 7 49230 401 F: 2 1 4 
49339 11 49350 500 F: 5 6 
49407 4 49423 108 F: 4 
49504 10 49524 267 F: 6 4 
49672 5 49682 303 F: 2 2 1 
49760 12 49796 390 F: 7 5 
49881 10 49921 131 F: 4 2 4 
49922 9 49931 454 F: 9 
D: 6 198 
D: 6 345 
D: 7 159 
D: 9 114 
D: 21 218 
D: 23 249 
D: 29 269 
D: 35 226 
D: 40 471 
D: 43 497 
D: 51 230 
D: 54 212 
D: 55 381 
D: 83 367 
D: 92 389 
D: 96 148 
D: 98 130 
D: 103 483 
D: 106 479 
D: 107 357 
D: 111 250 
D: 118 429 
D: 122 243 
D: 140 285 
D: 148 479 
D: 150 433 
D: 156 319 
D: 156 421 
D: 163 446 
D: 180 196 
D: 181 231 
D: 186 385 
D: 190 318 
D: 192 229 
D: 205 360 
D: 212 338 
D: 216 432 
D: 218 233 
D: 245 353 
D: 250 360 
D: 252 382 
D: 258 446 
D: 271 310 
D: 273 459 
D: 276 480 
D: 308 372 
D: 324 357 
D: 341 452 
D: 353 419 
D: 429 464 
