91 9 109 6 F: 3 6 
113 6 137 416 F: 4 1 1 
289 2 291 435 F: 2 
377 8 385 385 F: 2 4 2 
400 6 412 174 F: 4 2 
599 10 629 481 F: 7 3 
670 3 673 159 F: 2 1 
791 7 812 127 F: 2 5 
885 7 906 440 F: 3 1 3 
944 6 968 106 F: 6 
1022 9 1040 79 F: 4 5 
1155 2 1161 117 F: 2 
1274 9 1283 182 F: 4 5 
1397 7 1404 280 F: 5 2 
1458 11 1469 153 F: 11 
1573 7 1587 245 F: 3 2 2 
1661 10 1701 34 F: 2 4 4 
1736 8 1752 173 F: 5 3 
1872 12 1896 392 F: 4 4 4 
1976 6 2000 135 F: 5 1 
2074 5 2089 490 F: 2 1 2 
2156 5 2176 331 F: 4 1 
2241 12 2289 232 F: 12 
2305 8 2329 341 F: 8 
2457 10 2467 319 F: 6 4 
2599 8 2631 344 F: 7 1 
2692 10 2712 263 F: 5 5 
2783 11 2805 404 F: 11 
2868 7 2896 93 F: 3 2 2 
2903 7 2931 439 F: 3 2 2 
3020 5 3035 49 F: 3 2 
3148 6 3166 369 F: 6 
3264 11 3297 73 F: 11 
3314 2 3318 17 F: 2 
3488 8 3496 199 F: 3 4 1 
3562 9 3598 83 F: 4 4 1 
3663 9 3681 3 F: 3 3 3 
3727 9 3754 236 F: 4 1 4 
3809 8 3817 240 F: 4 3 1 
3955 9 3964 65 F: 2 3 4 
4082 5 4087 136 F: 5 
4140 6 4146 313 F: 3 3 
4298 12 4310 179 F: 12 
4302 11 4335 177 F: 4 3 4 
4435 11 4446 89 F: 4 3 4 
4534 8 4550 115 F: 8 
4653 9 4680 103 F: 9 
4736 6 4760 378 F: 3 1 2 
4839 12 4887 458 F: 5 3 4 
4963 4 4967 476 F: 2 2 
5000 6 5024 331 F: 3 3 
5180 8 5212 250 F: 8 
5209 13 5261 488 F: 5 4 4 
5319 7 5333 123 F: 2 5 
5454 3 5463 170 F: 2 1 
5592 3 5604 5 F: 3 
5649 8 5665 162 F: 4 2 2 
5765 8 5789 186 F: 3 2 3 
5886 6 5892 133 F: 2 3 1 
5979 9 6006 214 F: 7 2 
6077 10 6117 115 F: 3 4 3 
6157 12 6205 394 F: 5 4 3 
6298 9 6316 283 F: 4 1 4 
6313 12 6361 242 F: 4 4 4 
6464 10 6504 392 F: 5 2 3 
6532 13 6584 16 F: 7 6 
6602 3 6611 213 F: 2 1 
6700 11 6733 40 F: 11 
6861 8 6877 137 F: 8 
6939 8 6947 372 F: 2 2 4 
7049 7 7077 454 F: 5 2 
7188 8 7220 417 F: 4 3 1 
7294 11 7316 223 F: 6 5 
7332 6 7356 49 F: 3 2 1 
7461 8 7485 334 F: 3 5 
7573 10 7593 370 F: 7 3 
7616 6 7628 162 F: 2 4 
7727 11 7738 301 F: 11 
7864 6 7870 24 F: 3 1 2 
7984 8 8008 209 F: 7 1 
8011 12 8047 391 F: 12 
8150 10 8180 478 F: 10 
8222 10 8252 217 F: 10 
8321 8 8345 340 F: 5 2 1 
8402 7 8430 296 F: 4 3 
8547 7 8561 183 F: 7 
8604 8 8628 480 F: 7 1 
8752 7 8759 251 F: 4 2 1 
8832 7 8846 343 F: 3 4 
8922 8 8946 441 F: 8 
9035 12 9047 209 F: 12 
9122 4 9138 13 F: 4 
9250 10 9270 50 F: 10 
9312 11 9356 106 F: 4 3 4 
9457 10 9477 342 F: 6 4 
9550 11 9572 359 F: 11 
9627 4 9635 350 F: 2 1 1 
9776 11 9820 274 F: 5 2 4 
9882 6 9900 18 F: 6 
9964 8 9996 382 F: 2 2 4 
10002 8 10018 317 F: 8 
10120 7 10134 98 F: 2 4 1 
10220 11 10242 290 F: 5 3 3 
10345 6 10363 179 F: 6 
10434 7 10455 494 F: 3 3 1 
10526 7 10547 463 F: 2 2 3 
10609 11 10642 149 F: 4 3 4 
10733 11 10777 442 F: 11 
10837 5 10857 341 F: 4 1 
10911 3 10914 83 F: 3 
11019 8 11043 434 F: 4 2 2 
11122 4 11138 230 F: 2 2 
11226 8 11258 186 F: 5 3 
11343 7 11371 191 F: 3 1 3 
11444 8 11476 296 F: 3 4 1 
11555 10 11575 43 F: 5 4 1 
11615 5 11635 161 F: 3 1 1 
11760 2 11768 71 F: 2 
11821 6 11845 175 F: 6 
11931 10 11971 8 F: 10 
12093 4 12105 243 F: 4 
12102 12 12150 96 F: 4 4 4 
12204 10 12214 386 F: 10 
12358 11 12402 141 F: 4 3 4 
12408 11 12441 184 F: 11 
12585 11 12596 113 F: 11 
12670 11 12714 137 F: 7 4 
12786 4 12798 389 F: 2 2 
12849 4 12857 63 F: 4 
12977 10 13007 28 F: 5 5 
13000 6 13018 32 F: 3 3 
13157 6 13175 56 F: 2 1 3 
13274 8 13306 261 F: 3 4 1 
13352 10 13362 72 F: 10 
13457 7 13471 250 F: 3 4 
13514 6 13520 360 F: 6 
13683 7 13704 253 F: 3 2 2 
13726 5 13736 246 F: 5 
13816 8 13840 132 F: 8 
13910 4 13914 439 F: 4 
14018 8 14026 71 F: 3 1 4 
14176 11 14209 205 F: 5 4 2 
14284 13 14323 140 F: 13 
14353 9 14389 386 F: 2 4 3 
14410 9 14446 94 F: 4 1 4 
14552 5 14567 18 F: 5 
14671 8 14679 370 F: 6 2 
14784 10 14794 19 F: 4 4 2 
14820 13 14872 376 F: 7 6 
14962 11 14995 120 F: 5 3 3 
15099 5 15109 380 F: 3 1 1 
15161 9 15188 481 F: 3 3 3 
15214 7 15235 366 F: 2 3 2 
15348 8 15380 311 F: 7 1 
15443 9 15479 361 F: 7 2 
15513 9 15522 54 F: 3 4 2 
15631 9 15667 492 F: 4 5 
15771 7 15792 20 F: 2 2 3 
15831 12 15879 321 F: 5 3 4 
15962 9 15989 202 F: 6 3 
16030 5 16050 374 F: 3 2 
16196 13 16248 235 F: 13 
16247 7 16275 239 F: 2 4 1 
16396 2 16400 280 F: 2 
16416 4 16424 366 F: 3 1 
16566 7 16573 11 F: 4 2 1 
16608 8 16640 353 F: 4 1 3 
16717 6 16723 31 F: 3 3 
16837 5 16852 256 F: 5 
16903 8 16935 271 F: 5 1 2 
17012 11 17023 92 F: 5 2 4 
17155 10 17165 179 F: 10 
17278 3 17281 15 F: 3 
17311 6 17323 266 F: 2 2 2 
17428 8 17444 124 F: 5 3 
17563 11 17607 346 F: 5 6 
17669 5 17679 35 F: 3 2 
17713 11 17724 221 F: 11 
17875 4 17879 476 F: 4 
17945 3 17948 436 F: 3 
18048 11 18092 104 F: 5 6 
18105 8 18137 366 F: 6 2 
18213 10 18253 126 F: 2 4 4 
18396 12 18444 154 F: 5 3 4 
18487 7 18515 467 F: 3 3 1 
18508 8 18540 339 F: 3 4 1 
18622 6 18628 235 F: 2 1 3 
18760 8 18784 463 F: 8 
18804 3 18810 198 F: 2 1 
18924 12 18948 498 F: 12 
19043 7 19050 498 F: 6 1 
19172 9 19208 4 F: 9 
19271 7 19299 300 F: 7 
19363 3 19366 346 F: 3 
19444 9 19462 15 F: 5 4 
19597 9 19633 51 F: 4 5 
19657 7 19664 467 F: 2 5 
19724 2 19726 279 F: 2 
19872 4 19880 115 F: 4 
19941 7 19969 381 F: 5 1 1 
20063 8 20071 259 F: 2 3 3 
20111 9 20147 226 F: 5 1 3 
20274 8 20298 469 F: 5 2 1 
20351 9 20378 214 F: 7 2 
20416 7 20423 320 F: 2 4 1 
20532 7 20560 373 F: 2 4 1 
20666 7 20680 206 F: 4 1 2 
20734 6 20758 200 F: 6 
20842 8 20858 139 F: 3 5 
20901 7 20929 393 F: 2 5 
21041 11 21074 47 F: 4 4 3 
21105 13 21131 52 F: 13 
21252 9 21261 181 F: 4 1 4 
21336 8 21344 154 F: 5 1 2 
21456 4 21464 128 F: 4 
21565 8 21597 365 F: 4 1 3 
21681 10 21691 137 F: 10 
21725 8 21741 209 F: 3 5 
21860 3 21869 26 F: 3 
21945 6 21951 182 F: 2 4 
22064 13 22077 51 F: 7 6 
22167 8 22183 483 F: 2 2 4 
22204 9 22213 444 F: 3 6 
22365 7 22393 226 F: 5 1 1 
22487 5 22507 221 F: 5 
22597 10 22617 457 F: 10 
22679 7 22686 258 F: 4 3 
22752 12 22764 318 F: 6 6 
22810 9 22846 166 F: 6 3 
22925 12 22973 170 F: 12 
23029 2 23033 242 F: 2 
23118 6 23136 89 F: 6 
23266 5 23276 345 F: 2 3 
23344 2 23350 353 F: 2 
23426 9 23444 54 F: 4 2 3 
23574 12 23598 10 F: 7 5 
23694 8 23718 405 F: 4 4 
23738 13 23764 196 F: 7 6 
23861 10 23891 458 F: 2 4 4 
23969 2 23973 166 F: 2 
24073 6 24079 161 F: 3 1 2 
24158 7 24186 27 F: 7 
24222 8 24246 290 F: 6 2 
24332 6 24344 316 F: 4 2 
24485 5 24495 282 F: 2 2 1 
24532 2 24538 421 F: 2 
24630 3 24642 462 F: 3 
24709 8 24725 484 F: 2 6 
24812 10 24832 271 F: 10 
24983 4 24987 360 F: 2 1 1 
25048 11 25059 109 F: 11 
25118 8 25126 490 F: 3 2 3 
25262 13 25288 314 F: 13 
25396 8 25428 147 F: 5 3 
25485 8 25493 272 F: 8 
25509 2 25511 177 F: 2 
25682 11 25715 315 F: 11 
25758 8 25766 186 F: 2 2 4 
25860 6 25866 296 F: 5 1 
25975 10 25995 237 F: 5 5 
26095 6 26119 132 F: 4 2 
26125 8 26149 57 F: 2 2 4 
26231 12 26243 330 F: 12 
26357 9 26375 162 F: 9 
26460 5 26465 271 F: 2 3 
26500 5 26505 109 F: 2 1 2 
26628 8 26660 227 F: 4 3 1 
26733 11 26755 388 F: 11 
26878 11 26922 409 F: 11 
26951 9 26969 360 F: 9 
27048 10 27058 272 F: 5 2 3 
27119 6 27137 33 F: 3 2 1 
27231 9 27249 253 F: 3 2 4 
27369 8 27393 354 F: 2 2 4 
27485 7 27506 57 F: 6 1 
27570 12 27606 378 F: 5 3 4 
27647 8 27663 93 F: 8 
27796 9 27814 200 F: 4 1 4 
27867 7 27895 460 F: 7 
27921 9 27957 289 F: 4 1 4 
28035 8 28051 49 F: 4 2 2 
28115 11 28137 193 F: 11 
28278 5 28298 107 F: 2 3 
28309 9 28336 369 F: 9 
28473 9 28491 196 F: 2 3 4 
28511 6 28529 109 F: 4 1 1 
28670 3 28679 483 F: 3 
28716 6 28722 176 F: 6 
28871 5 28881 446 F: 5 
28952 8 28960 13 F: 7 1 
29042 3 29045 428 F: 3 
29161 6 29179 342 F: 5 1 
29225 2 29233 56 F: 2 
29327 8 29359 400 F: 4 4 
29480 8 29496 193 F: 3 2 3 
29575 2 29579 236 F: 2 
29690 11 29701 319 F: 11 
29700 10 29720 406 F: 3 3 4 
29872 9 29899 134 F: 6 3 
29916 11 29949 290 F: 7 4 
30065 5 30085 172 F: 2 2 1 
30102 7 30109 490 F: 4 1 2 
30264 6 30288 66 F: 6 
30304 7 30332 406 F: 2 4 1 
30499 6 30517 104 F: 2 3 1 
30582 6 30588 486 F: 2 3 1 
30672 3 30681 423 F: 3 
30767 9 30776 91 F: 5 4 
30812 7 30833 297 F: 4 1 2 
30955 10 30965 233 F: 5 3 2 
31065 4 31081 267 F: 4 
31168 11 31179 289 F: 6 5 
31287 6 31305 120 F: 2 3 1 
31346 9 31373 203 F: 4 3 2 
31477 10 31517 7 F: 2 4 4 
31501 3 31513 293 F: 2 1 
31666 9 31693 174 F: 9 
31718 11 31729 176 F: 11 
31890 9 31926 118 F: 4 3 2 
31916 13 31968 191 F: 13 
32031 11 32064 475 F: 5 6 
32138 13 32190 280 F: 13 
32244 8 32276 450 F: 8 
32346 7 32374 380 F: 2 4 1 
32492 7 32513 345 F: 7 
32541 11 32563 357 F: 11 
32662 7 32669 492 F: 5 2 
32759 9 32768 489 F: 2 3 4 
32837 8 32853 56 F: 3 5 
32946 3 32949 291 F: 3 
33066 9 33084 193 F: 9 
33114 8 33130 427 F: 2 6 
33210 8 33234 311 F: 3 4 1 
33376 9 33412 177 F: 9 
33435 7 33456 414 F: 3 3 1 
33567 8 33599 146 F: 2 4 2 
33689 6 33701 237 F: 6 
33714 3 33726 25 F: 3 
33836 11 33869 475 F: 3 4 4 
33981 9 33999 328 F: 3 6 
34057 7 34085 242 F: 7 
34197 13 34236 356 F: 13 
34251 4 34263 228 F: 2 1 1 
34368 11 34390 288 F: 7 4 
34429 12 34465 59 F: 12 
34584 9 34593 147 F: 3 4 2 
34633 8 34641 460 F: 3 2 3 
34730 5 34750 426 F: 5 
34849 4 34865 466 F: 3 1 
34943 8 34959 401 F: 3 4 1 
35047 5 35067 42 F: 4 1 
35185 10 35215 192 F: 6 4 
35236 10 35246 18 F: 5 2 3 
35358 9 35385 389 F: 7 2 
35481 8 35505 440 F: 4 3 1 
35551 10 35571 402 F: 5 5 
35657 8 35673 311 F: 6 2 
35787 8 35795 420 F: 8 
35887 7 35908 144 F: 3 3 1 
35993 7 36014 89 F: 5 2 
36085 11 36107 88 F: 11 
36105 7 36133 418 F: 3 1 3 
36228 9 36264 69 F: 4 1 4 
36364 9 36400 223 F: 6 3 
36475 5 36485 434 F: 3 2 
36515 8 36539 93 F: 8 
36617 4 36621 423 F: 3 1 
36763 8 36771 104 F: 8 
36886 4 36898 498 F: 3 1 
36988 9 37006 350 F: 6 3 
37019 7 37040 487 F: 4 3 
37153 7 37160 395 F: 2 1 4 
37201 7 37215 185 F: 5 1 1 
37301 6 37319 302 F: 3 3 
37466 4 37470 325 F: 4 
37542 11 37564 333 F: 5 6 
37696 9 37705 312 F: 7 2 
37780 4 37784 306 F: 3 1 
37897 5 37917 27 F: 4 1 
37919 8 37943 115 F: 6 2 
38022 10 38062 49 F: 3 4 3 
38111 7 38125 437 F: 5 1 1 
38266 9 38275 60 F: 6 3 
38305 11 38338 354 F: 11 
38465 9 38483 239 F: 3 2 4 
38510 9 38537 181 F: 5 1 3 
38643 8 38667 182 F: 3 5 
38781 9 38808 300 F: 5 3 1 
38880 5 38885 328 F: 2 3 
38937 7 38951 146 F: 6 1 
39042 9 39060 323 F: 5 2 2 
39161 4 39177 299 F: 4 
39281 6 39293 144 F: 2 3 1 
39397 3 39400 199 F: 3 
39403 8 39411 409 F: 4 1 3 
39598 11 39620 266 F: 5 6 
39619 6 39631 107 F: 4 2 
39779 8 39803 369 F: 4 4 
39886 11 39919 58 F: 11 
39902 5 39922 44 F: 3 2 
40083 5 40093 9 F: 5 
40163 7 40170 127 F: 4 1 2 
40271 7 40292 93 F: 5 2 
40350 8 40358 33 F: 6 2 
40427 13 40440 94 F: 13 
40594 3 40606 382 F: 2 1 
40643 10 40673 470 F: 4 3 3 
40723 3 40726 385 F: 2 1 
40891 11 40913 276 F: 6 5 
40911 11 40933 372 F: 11 
41027 11 41038 239 F: 5 6 
41193 13 41232 18 F: 13 
41266 9 41293 154 F: 6 3 
41335 7 41349 343 F: 3 4 
41463 8 41487 31 F: 8 
41510 11 41543 354 F: 5 6 
41691 8 41707 43 F: 3 5 
41775 5 41785 41 F: 2 3 
41874 9 41901 3 F: 4 1 4 
41924 7 41931 389 F: 4 1 2 
42022 2 42030 229 F: 2 
42147 7 42161 157 F: 6 1 
42276 9 42312 198 F: 4 5 
42326 3 42329 4 F: 2 1 
42400 10 42420 476 F: 10 
42504 4 42508 467 F: 4 
42685 8 42701 78 F: 6 2 
42750 7 42778 2 F: 3 4 
42870 9 42897 146 F: 5 1 3 
42958 4 42962 409 F: 4 
43014 8 43038 286 F: 2 3 3 
43154 9 43163 333 F: 3 6 
43278 11 43289 123 F: 5 3 3 
43321 6 43345 71 F: 3 2 1 
43493 7 43521 210 F: 2 5 
43577 7 43584 316 F: 5 2 
43669 8 43685 393 F: 5 1 2 
43721 5 43726 490 F: 4 1 
43876 9 43894 266 F: 4 3 2 
43906 13 43932 236 F: 13 
44094 9 44103 78 F: 5 4 
44199 9 44217 93 F: 5 3 1 
44249 9 44276 396 F: 2 4 3 
44346 11 44357 309 F: 4 4 3 
44473 8 44497 352 F: 4 4 
44515 8 44523 484 F: 2 6 
44613 2 44615 23 F: 2 
44719 10 44729 130 F: 10 
44850 7 44878 84 F: 3 1 3 
44975 7 44982 42 F: 7 
45072 12 45096 33 F: 6 6 
45169 11 45180 70 F: 5 3 3 
45288 10 45328 444 F: 6 4 
45340 2 45342 186 F: 2 
45438 8 45462 216 F: 3 1 4 
45509 6 45527 32 F: 6 
45626 9 45644 351 F: 5 1 3 
45780 7 45794 1 F: 6 1 
45851 4 45867 498 F: 4 
45973 9 46000 250 F: 3 2 4 
46054 12 46078 271 F: 6 6 
46176 12 46212 208 F: 12 
46222 11 46266 209 F: 7 4 
46391 10 46431 148 F: 5 4 1 
46432 3 46441 421 F: 3 
46592 6 46598 410 F: 2 2 2 
46646 10 46666 72 F: 10 
46722 8 46746 281 F: 6 2 
46800 7 46814 415 F: 4 2 1 
46948 5 46963 429 F: 5 
47020 7 47048 47 F: 5 2 
47172 9 47208 149 F: 6 3 
47280 9 47316 467 F: 5 2 2 
47340 2 47346 403 F: 2 
47412 6 47418 13 F: 3 2 1 
47524 11 47535 418 F: 11 
47612 7 47640 165 F: 7 
47709 13 47748 452 F: 13 
47838 10 47858 451 F: 4 6 
47954 10 47974 38 F: 10 
48066 4 48074 300 F: 4 
48170 11 48214 393 F: 4 4 3 
48288 9 48315 499 F: 3 3 3 
48330 6 48354 331 F: 2 4 
48461 11 48472 304 F: 5 2 4 
48582 2 48584 194 F: 2 
48624 5 48639 256 F: 5 
48739 12 48751 106 F: 12 
48868 6 48874 434 F: 6 
48923 11 48967 22 F: 11 
49019 10 49039 114 F: 7 3 
49196 10 49226 111 F: 4 4 2 
49284 6 49290 351 F: 6 
49376 7 49404 371 F: 7 
49469 3 49475 32 F: 3 
49588 11 49632 65 F: 5 3 3 
49673 5 49683 191 F: 2 2 1 
49745 9 49772 176 F: 4 5 
49871 10 49901 475 F: 10 
49961 5 49976 234 F: 2 2 1 
D: 2 55 
D: 8 188 
D: 12 25 
D: 12 312 
D: 23 105 
D: 25 337 
D: 28 277 
D: 35 55 
D: 39 178 
D: 43 351 
D: 45 486 
D: 47 480 
D: 58 165 
D: 58 334 
D: 67 241 
D: 77 119 
D: 78 138 
D: 79 84 
D: 102 301 
D: 109 264 
D: 110 454 
D: 133 135 
D: 145 486 
D: 146 256 
D: 153 261 
D: 170 428 
D: 172 197 
D: 181 384 
D: 186 316 
D: 187 209 
D: 189 332 
D: 196 202 
D: 213 217 
D: 216 333 
D: 220 405 
D: 223 416 
D: 229 454 
D: 232 257 
D: 280 304 
D: 291 477 
D: 298 307 
D: 309 321 
D: 319 423 
D: 337 377 
D: 342 426 
D: 353 421 
D: 359 375 
D: 361 454 
D: 404 445 
D: 432 473 
