10 8 42 450 F: 5 2 1 
100 11 122 326 F: 11 
251 11 295 193 F: 5 3 3 
390 6 408 176 F: 5 1 
470 8 478 246 F: 2 2 4 
512 10 542 62 F: 4 4 2 
672 11 694 336 F: 11 
776 12 800 465 F: 12 
881 3 887 70 F: 3 
943 13 956 474 F: 13 
1020 11 1031 278 F: 11 
1182 7 1203 338 F: 6 1 
1217 8 1249 206 F: 3 3 2 
1338 8 1370 230 F: 8 
1410 9 1446 88 F: 4 5 
1502 10 1522 107 F: 6 4 
1607 10 1617 19 F: 4 6 
1794 9 1821 179 F: 3 3 3 
1861 9 1870 78 F: 5 4 
1914 8 1930 399 F: 3 4 1 
2027 7 2034 266 F: 6 1 
2103 13 2129 55 F: 7 6 
2227 12 2251 237 F: 12 
2398 5 2418 496 F: 5 
2460 9 2469 271 F: 3 6 
2531 13 2544 445 F: 13 
2694 9 2703 338 F: 5 3 1 
2762 7 2790 422 F: 3 4 
2831 12 2879 10 F: 12 
2922 8 2954 477 F: 5 3 
3099 10 3109 210 F: 6 4 
3141 6 3159 53 F: 2 3 1 
3210 7 3217 8 F: 5 1 1 
3364 10 3404 90 F: 10 
3495 12 3531 96 F: 12 
3532 9 3550 156 F: 9 
3698 8 3722 467 F: 2 4 2 
3717 5 3732 418 F: 5 
3874 2 3882 83 F: 2 
3937 6 3961 323 F: 6 
4054 6 4078 447 F: 4 1 1 
4117 12 4129 428 F: 12 
4234 6 4240 163 F: 2 4 
4380 5 4385 427 F: 5 
4462 7 4476 121 F: 3 4 
4568 9 4586 330 F: 9 
4664 9 4673 223 F: 3 2 4 
4783 5 4788 202 F: 2 2 1 
4847 8 4879 103 F: 5 1 2 
4924 10 4934 231 F: 5 3 2 
5073 12 5121 49 F: 12 
5158 5 5178 371 F: 2 3 
5222 6 5234 176 F: 6 
5339 9 5366 264 F: 4 1 4 
5436 2 5444 119 F: 2 
5591 11 5613 491 F: 11 
5622 2 5630 380 F: 2 
5796 9 5814 455 F: 4 1 4 
5844 9 5853 102 F: 4 3 2 
5991 8 6023 76 F: 8 
6015 11 6059 84 F: 5 6 
6103 10 6123 157 F: 5 3 2 
6213 6 6225 122 F: 2 2 2 
6345 8 6361 14 F: 2 2 4 
6468 11 6501 429 F: 11 
6512 13 6551 75 F: 7 6 
6674 7 6695 276 F: 5 2 
6770 7 6791 474 F: 7 
6839 8 6855 431 F: 4 3 1 
6908 9 6935 374 F: 2 4 3 
7011 11 7022 161 F: 5 3 3 
7173 8 7189 269 F: 8 
7275 7 7289 204 F: 7 
7386 9 7395 131 F: 3 6 
7458 9 7494 1 F: 2 3 4 
7565 8 7597 430 F: 4 2 2 
7691 12 7739 256 F: 5 3 4 
7706 9 7724 282 F: 4 1 4 
7869 4 7881 273 F: 4 
7988 12 8036 52 F: 5 3 4 
8083 6 8089 148 F: 3 3 
8136 10 8176 411 F: 5 5 
8203 7 8210 169 F: 5 2 
8341 4 8345 11 F: 4 
8482 4 8494 462 F: 4 
8563 10 8583 492 F: 2 4 4 
8626 6 8650 277 F: 5 1 
8723 6 8747 101 F: 3 3 
8808 11 8819 440 F: 4 3 4 
8913 5 8928 235 F: 2 3 
9083 7 9111 285 F: 3 4 
9188 13 9214 182 F: 13 
9299 7 9313 110 F: 7 
9391 3 9403 72 F: 3 
9484 6 9496 94 F: 3 2 1 
9596 8 9628 161 F: 4 4 
9637 8 9653 345 F: 4 1 3 
9773 5 9793 192 F: 3 2 
9887 12 9923 494 F: 12 
9957 9 9966 338 F: 4 5 
10023 11 10056 112 F: 11 
10104 9 10122 323 F: 9 
10276 8 10308 213 F: 3 5 
10364 5 10384 484 F: 5 
10440 11 10462 349 F: 11 
10593 10 10603 303 F: 4 2 4 
10649 9 10685 245 F: 4 3 2 
10737 9 10764 455 F: 4 2 3 
10885 7 10906 116 F: 7 
10996 3 10999 29 F: 2 1 
11087 7 11094 265 F: 7 
11131 7 11145 255 F: 5 2 
11211 7 11225 159 F: 2 1 4 
11316 6 11322 418 F: 6 
11423 9 11450 271 F: 3 6 
11564 5 11584 403 F: 2 3 
11690 5 11710 189 F: 5 
11759 5 11779 244 F: 3 1 1 
11817 4 11821 317 F: 4 
11972 9 11999 234 F: 5 4 
12076 11 12087 76 F: 7 4 
12111 8 12127 420 F: 8 
12279 10 12299 264 F: 4 2 4 
12381 7 12388 239 F: 2 3 2 
12457 5 12462 113 F: 5 
12597 3 12603 363 F: 3 
12614 9 12632 315 F: 5 2 2 
12708 2 12716 255 F: 2 
12813 6 12837 412 F: 6 
12998 10 13018 370 F: 10 
13021 9 13057 130 F: 3 2 4 
13133 10 13143 66 F: 6 4 
13218 9 13227 370 F: 6 3 
13331 7 13359 427 F: 6 1 
13471 9 13489 215 F: 3 3 3 
13534 6 13558 477 F: 2 4 
13645 4 13653 355 F: 4 
13757 10 13767 134 F: 5 5 
13808 5 13823 82 F: 5 
13942 4 13954 140 F: 4 
14066 12 14090 162 F: 5 4 3 
14191 12 14203 170 F: 12 
14255 8 14271 20 F: 8 
14392 12 14416 40 F: 7 5 
14490 9 14499 460 F: 9 
14579 11 14601 360 F: 5 4 2 
14606 13 14632 251 F: 13 
14775 12 14811 453 F: 5 4 3 
14823 9 14859 185 F: 6 3 
14942 3 14954 68 F: 2 1 
15005 8 15013 22 F: 3 3 2 
15190 11 15201 227 F: 11 
15258 8 15274 210 F: 3 1 4 
15371 8 15379 157 F: 2 6 
15445 8 15461 395 F: 5 1 2 
15543 11 15587 140 F: 5 4 2 
15663 9 15672 444 F: 9 
15741 7 15748 497 F: 2 5 
15801 8 15809 222 F: 2 3 3 
15943 5 15948 307 F: 5 
16052 6 16058 44 F: 3 3 
16130 11 16163 228 F: 6 5 
16219 10 16259 132 F: 4 2 4 
16353 7 16374 492 F: 3 1 3 
16481 7 16502 8 F: 6 1 
16500 7 16514 11 F: 4 1 2 
16663 8 16687 26 F: 8 
16726 6 16750 345 F: 3 3 
16861 10 16881 146 F: 10 
16979 6 16991 180 F: 6 
17090 3 17102 331 F: 2 1 
17173 12 17209 350 F: 6 6 
17236 3 17242 351 F: 3 
17314 8 17322 185 F: 8 
17433 8 17441 75 F: 2 4 2 
17506 8 17522 389 F: 8 
17691 2 17697 220 F: 2 
17747 10 17757 46 F: 5 2 3 
17851 8 17867 180 F: 7 1 
17902 9 17911 174 F: 4 1 4 
18079 8 18087 406 F: 2 3 3 
18188 5 18203 115 F: 2 3 
18206 10 18246 157 F: 5 1 4 
18377 10 18407 171 F: 4 2 4 
18455 9 18464 188 F: 5 2 2 
18534 9 18552 412 F: 4 1 4 
18624 12 18636 136 F: 12 
18716 9 18743 314 F: 7 2 
18889 7 18903 112 F: 5 2 
18939 8 18955 90 F: 7 1 
19096 3 19108 375 F: 3 
19164 7 19171 110 F: 5 2 
19296 10 19326 155 F: 4 4 2 
19335 8 19359 237 F: 8 
19479 13 19531 63 F: 7 6 
19544 12 19556 401 F: 7 5 
19681 13 19720 15 F: 5 4 4 
19747 9 19783 123 F: 4 5 
19853 11 19864 142 F: 11 
19971 8 19995 402 F: 4 3 1 
20093 13 20106 463 F: 13 
20162 10 20172 248 F: 4 4 2 
20224 6 20230 173 F: 4 1 1 
20357 7 20364 390 F: 2 2 3 
20479 7 20500 359 F: 2 2 3 
20574 2 20580 150 F: 2 
20645 10 20685 283 F: 10 
20760 6 20784 383 F: 6 
20876 11 20920 129 F: 11 
20999 5 21004 243 F: 2 3 
21025 10 21045 103 F: 5 4 1 
21158 2 21166 115 F: 2 
21239 11 21261 421 F: 11 
21375 9 21384 441 F: 2 4 3 
21464 7 21478 409 F: 4 1 2 
21518 11 21540 404 F: 6 5 
21694 9 21730 337 F: 9 
21705 10 21745 146 F: 6 4 
21826 9 21862 359 F: 7 2 
21910 8 21926 101 F: 8 
22014 4 22018 32 F: 3 1 
22141 11 22185 376 F: 11 
22273 9 22291 390 F: 2 3 4 
22347 10 22387 344 F: 5 3 2 
22488 8 22504 87 F: 7 1 
22581 7 22588 9 F: 4 3 
22678 5 22688 133 F: 5 
22759 4 22767 496 F: 4 
22834 6 22846 424 F: 6 
22913 4 22929 425 F: 4 
23038 5 23043 9 F: 4 1 
23161 12 23173 28 F: 5 4 3 
23219 9 23246 449 F: 4 3 2 
23357 10 23397 233 F: 2 4 4 
23448 6 23460 411 F: 6 
23536 5 23541 98 F: 4 1 
23681 11 23703 265 F: 11 
23719 3 23731 239 F: 3 
23809 12 23833 396 F: 12 
23926 12 23950 260 F: 12 
24076 8 24092 344 F: 7 1 
24148 3 24160 104 F: 2 1 
24293 9 24320 421 F: 4 4 1 
24343 8 24351 358 F: 2 3 3 
24469 6 24481 234 F: 5 1 
24534 10 24554 323 F: 4 6 
24653 3 24662 101 F: 3 
24705 8 24721 136 F: 8 
24854 7 24875 108 F: 7 
24938 5 24943 486 F: 5 
25098 11 25109 478 F: 5 2 4 
25118 8 25126 136 F: 3 5 
25286 5 25306 282 F: 5 
25344 12 25392 236 F: 6 6 
25448 8 25472 400 F: 6 2 
25590 5 25610 203 F: 5 
25672 6 25684 57 F: 6 
25757 9 25793 118 F: 4 2 3 
25826 7 25847 444 F: 7 
25980 5 26000 334 F: 3 2 
26068 10 26078 335 F: 7 3 
26113 13 26139 55 F: 13 
26204 7 26211 127 F: 4 3 
26341 13 26367 223 F: 5 4 4 
26449 5 26469 346 F: 3 2 
26550 13 26576 387 F: 13 
26673 2 26675 36 F: 2 
26741 13 26767 63 F: 13 
26852 10 26872 432 F: 3 4 3 
26973 10 26983 63 F: 10 
27076 9 27085 163 F: 9 
27157 6 27169 315 F: 2 4 
27220 7 27227 140 F: 2 1 4 
27302 10 27322 275 F: 7 3 
27494 7 27501 97 F: 2 5 
27526 8 27542 461 F: 8 
27628 10 27658 353 F: 2 4 4 
27755 10 27765 429 F: 4 4 2 
27835 10 27855 423 F: 7 3 
27955 12 28003 350 F: 7 5 
28013 11 28057 402 F: 11 
28146 4 28162 433 F: 3 1 
28219 10 28259 186 F: 10 
28394 5 28409 282 F: 2 3 
28443 7 28457 119 F: 2 1 4 
28503 8 28511 397 F: 2 6 
28610 5 28615 78 F: 5 
28794 12 28842 404 F: 12 
28802 10 28832 310 F: 5 3 2 
28952 5 28967 171 F: 5 
29099 12 29111 32 F: 6 6 
29178 9 29196 393 F: 9 
29220 5 29230 486 F: 5 
29394 4 29410 138 F: 2 1 1 
29437 2 29441 457 F: 2 
29588 12 29624 419 F: 12 
29654 5 29659 201 F: 3 1 1 
29722 12 29770 332 F: 12 
29879 8 29911 63 F: 5 2 1 
29951 6 29963 463 F: 5 1 
30087 7 30108 293 F: 4 3 
30120 6 30138 399 F: 3 2 1 
30277 13 30303 22 F: 13 
30334 12 30382 210 F: 12 
30461 2 30469 247 F: 2 
30594 12 30642 192 F: 5 4 3 
30650 5 30660 151 F: 2 3 
30746 4 30750 336 F: 4 
30825 9 30861 230 F: 3 3 3 
30927 7 30948 438 F: 3 3 1 
31036 8 31068 86 F: 3 2 3 
31113 8 31137 23 F: 7 1 
31207 2 31213 275 F: 2 
31310 5 31330 256 F: 5 
31428 8 31452 419 F: 6 2 
31520 9 31529 438 F: 4 4 1 
31655 9 31664 37 F: 9 
31792 2 31794 315 F: 2 
31895 13 31921 45 F: 13 
31932 9 31968 242 F: 5 2 2 
32012 9 32030 298 F: 3 6 
32125 8 32157 378 F: 3 4 1 
32265 3 32277 37 F: 2 1 
32388 6 32400 469 F: 4 2 
32432 4 32448 441 F: 4 
32531 5 32536 141 F: 2 3 
32663 7 32691 176 F: 2 5 
32758 11 32791 440 F: 11 
32805 12 32817 448 F: 7 5 
32980 8 32996 458 F: 2 2 4 
33008 8 33024 493 F: 8 
33160 10 33180 407 F: 5 5 
33291 8 33315 339 F: 4 4 
33315 12 33327 249 F: 12 
33435 6 33447 450 F: 4 2 
33599 11 33621 289 F: 4 4 3 
33689 10 33719 260 F: 2 4 4 
33766 8 33790 81 F: 2 6 
33861 4 33873 201 F: 4 
33929 6 33947 354 F: 3 1 2 
34043 8 34051 279 F: 8 
34115 8 34147 65 F: 6 2 
34201 2 34205 403 F: 2 
34362 8 34378 266 F: 3 5 
34418 11 34440 171 F: 11 
34559 6 34565 381 F: 5 1 
34694 2 34702 206 F: 2 
34704 8 34712 159 F: 7 1 
34803 10 34813 418 F: 7 3 
34958 8 34990 168 F: 7 1 
35076 9 35112 343 F: 5 4 
35137 8 35153 398 F: 3 4 1 
35279 11 35312 339 F: 5 6 
35301 10 35331 464 F: 5 3 2 
35485 7 35499 45 F: 4 1 2 
35565 8 35573 279 F: 4 3 1 
35605 8 35629 325 F: 4 4 
35736 5 35751 157 F: 5 
35876 5 35891 216 F: 3 2 
35942 8 35974 336 F: 4 2 2 
36099 11 36110 102 F: 4 3 4 
36171 12 36183 78 F: 12 
36270 11 36281 232 F: 6 5 
36394 3 36400 71 F: 3 
36462 2 36468 4 F: 2 
36580 5 36590 126 F: 3 2 
36620 12 36632 251 F: 12 
36733 6 36739 496 F: 6 
36800 3 36806 273 F: 3 
36957 6 36963 85 F: 6 
37092 12 37128 122 F: 12 
37102 7 37116 311 F: 2 4 1 
37225 6 37249 27 F: 2 2 2 
37301 5 37306 500 F: 5 
37439 7 37467 486 F: 4 2 1 
37583 9 37601 257 F: 4 2 3 
37608 3 37611 153 F: 3 
37776 7 37797 73 F: 2 2 3 
37897 12 37909 444 F: 4 4 4 
37940 6 37952 51 F: 6 
38018 8 38042 436 F: 4 2 2 
38121 5 38141 231 F: 5 
38210 10 38250 244 F: 2 4 4 
38390 9 38417 250 F: 4 3 2 
38440 13 38453 238 F: 13 
38512 7 38519 237 F: 5 2 
38645 8 38677 95 F: 4 2 2 
38725 3 38734 479 F: 3 
38883 10 38903 76 F: 5 4 1 
38937 5 38952 84 F: 2 2 1 
39035 10 39055 102 F: 6 4 
39195 5 39205 317 F: 5 
39284 11 39306 389 F: 6 5 
39319 5 39339 322 F: 3 1 1 
39440 7 39461 283 F: 3 4 
39546 3 39555 276 F: 2 1 
39631 9 39658 287 F: 3 6 
39714 12 39750 361 F: 6 6 
39855 6 39861 27 F: 2 3 1 
39911 12 39923 237 F: 6 6 
40010 9 40037 18 F: 7 2 
40129 3 40135 124 F: 3 
40284 13 40297 300 F: 13 
40393 3 40396 44 F: 3 
40407 6 40419 127 F: 2 4 
40595 3 40607 455 F: 3 
40680 4 40696 397 F: 4 
40707 9 40743 424 F: 9 
40808 9 40817 262 F: 9 
40986 9 40995 29 F: 5 1 3 
41059 8 41067 150 F: 6 2 
41106 8 41114 457 F: 2 6 
41207 9 41234 387 F: 3 6 
41336 11 41369 106 F: 4 3 4 
41436 6 41442 356 F: 6 
41526 8 41558 431 F: 6 2 
41626 9 41644 409 F: 7 2 
41731 13 41783 470 F: 13 
41817 7 41831 354 F: 4 1 2 
41924 6 41942 57 F: 6 
42029 4 42033 273 F: 4 
42120 11 42164 408 F: 4 4 3 
42233 2 42235 440 F: 2 
42394 10 42414 241 F: 10 
42459 10 42469 22 F: 6 4 
42548 4 42560 52 F: 2 1 1 
42602 8 42618 343 F: 8 
42752 8 42784 175 F: 8 
42843 5 42853 19 F: 3 2 
42939 4 42955 67 F: 4 
43075 4 43091 68 F: 4 
43122 10 43132 48 F: 10 
43283 8 43299 345 F: 3 5 
43355 5 43370 81 F: 3 2 
43429 6 43447 245 F: 2 1 3 
43559 11 43603 195 F: 11 
43677 10 43687 356 F: 6 4 
43786 9 43822 158 F: 6 3 
43899 7 43906 336 F: 3 3 1 
43978 12 44002 43 F: 6 6 
44064 8 44080 257 F: 3 1 4 
44106 6 44130 69 F: 3 3 
44283 10 44303 214 F: 6 4 
44389 7 44417 295 F: 7 
44464 10 44504 285 F: 6 4 
44549 11 44571 152 F: 11 
44699 12 44735 375 F: 5 4 3 
44703 12 44739 7 F: 12 
44820 9 44838 406 F: 4 5 
44907 8 44939 276 F: 6 2 
45025 11 45036 150 F: 11 
45121 8 45137 329 F: 4 1 3 
45210 3 45213 221 F: 3 
45302 8 45334 185 F: 3 3 2 
45439 3 45448 454 F: 3 
45533 6 45539 332 F: 3 3 
45673 7 45694 433 F: 3 1 3 
45760 6 45784 172 F: 2 3 1 
45843 8 45875 384 F: 5 2 1 
45907 9 45916 166 F: 9 
46079 5 46094 4 F: 3 2 
46185 5 46190 419 F: 5 
46208 11 46241 442 F: 4 4 3 
46310 7 46331 452 F: 6 1 
46443 4 46447 322 F: 2 1 1 
46557 13 46583 106 F: 5 4 4 
46601 13 46653 67 F: 13 
46751 10 46791 207 F: 3 3 4 
46827 4 46839 465 F: 2 2 
46926 9 46962 252 F: 9 
47083 8 47099 376 F: 7 1 
47163 7 47191 193 F: 6 1 
47210 11 47254 316 F: 5 4 2 
47355 5 47375 239 F: 3 2 
47407 13 47446 238 F: 7 6 
47500 8 47516 98 F: 8 
47684 5 47704 40 F: 4 1 
47718 13 47757 269 F: 7 6 
47827 10 47867 255 F: 5 5 
47964 8 47988 77 F: 3 4 1 
48051 7 48072 222 F: 7 
48138 8 48146 17 F: 4 4 
48209 11 48220 88 F: 7 4 
48359 11 48370 409 F: 11 
48463 4 48471 24 F: 4 
48567 6 48573 157 F: 6 
48677 10 48687 469 F: 5 5 
48798 8 48822 295 F: 8 
48899 9 48935 18 F: 3 3 3 
48980 8 49012 40 F: 3 1 4 
49019 4 49031 432 F: 3 1 
49120 7 49134 492 F: 3 1 3 
49267 11 49278 82 F: 5 3 3 
49323 11 49367 156 F: 5 3 3 
49432 4 49436 261 F: 2 2 
49526 4 49530 344 F: 3 1 
49664 9 49673 358 F: 9 
49717 7 49745 22 F: 6 1 
49863 7 49891 209 F: 7 
49919 2 49927 381 F: 2 
D: 3 450 
D: 6 288 
D: 8 391 
D: 8 420 
D: 9 29 
D: 10 212 
D: 21 457 
D: 24 290 
D: 52 389 
D: 59 391 
D: 61 234 
D: 63 144 
D: 63 167 
D: 75 490 
D: 78 447 
D: 82 420 
D: 86 400 
D: 86 493 
D: 88 364 
D: 89 166 
D: 95 131 
D: 98 120 
D: 117 265 
D: 127 239 
D: 133 461 
D: 138 235 
D: 142 407 
D: 143 431 
D: 156 164 
D: 158 225 
D: 159 352 
D: 169 379 
D: 172 450 
D: 182 315 
D: 185 358 
D: 189 466 
D: 199 240 
D: 215 303 
D: 223 483 
D: 232 336 
D: 233 387 
D: 234 425 
D: 236 430 
D: 295 331 
D: 300 340 
D: 314 359 
D: 316 352 
D: 360 441 
D: 393 466 
D: 428 439 
