9 2 13 31 F: 2 
113 6 119 16 F: 3 1 2 
229 9 256 50 F: 7 2 
334 8 366 24 F: 3 5 
496 2 502 30 F: 2 
525 7 553 38 F: 5 2 
633 5 643 41 F: 2 3 
794 9 821 13 F: 9 
824 5 839 1 F: 5 
927 7 948 28 F: 2 3 2 
1094 6 1112 3 F: 3 3 
1112 9 1148 16 F: 5 1 3 
1290 5 1300 3 F: 2 1 2 
1313 8 1337 33 F: 7 1 
1487 8 1503 47 F: 5 3 
1587 5 1607 12 F: 5 
1619 10 1639 48 F: 5 2 3 
1735 12 1747 47 F: 12 
1890 9 1908 35 F: 4 4 1 
1919 9 1937 19 F: 6 3 
2014 9 2032 20 F: 3 6 
2192 6 2216 27 F: 6 
2284 13 2323 34 F: 13 
2381 7 2409 38 F: 3 2 2 
2401 7 2422 9 F: 7 
2532 4 2540 16 F: 2 2 
2678 6 2696 34 F: 3 3 
2709 7 2730 4 F: 6 1 
2863 5 2873 37 F: 5 
2998 8 3014 14 F: 4 4 
3090 10 3120 35 F: 5 5 
3100 9 3109 20 F: 3 3 3 
3271 7 3292 32 F: 5 2 
3396 8 3404 16 F: 2 6 
3463 6 3487 13 F: 6 
3572 10 3612 42 F: 2 4 4 
3619 7 3647 47 F: 2 1 4 
3767 10 3807 30 F: 5 1 4 
3828 13 3841 25 F: 13 
3908 13 3934 22 F: 13 
4010 10 4020 42 F: 5 4 1 
4113 10 4123 18 F: 3 3 4 
4283 4 4287 40 F: 2 1 1 
4331 6 4355 14 F: 4 2 
4422 2 4428 28 F: 2 
4578 4 4582 34 F: 2 2 
4677 8 4701 33 F: 2 6 
4755 8 4771 45 F: 7 1 
4818 2 4822 26 F: 2 
4953 11 4986 43 F: 11 
D: 5 30 
D: 9 44 
D: 13 27 
D: 28 32 
D: 37 47 
