42 11 64 49 F: 3 4 4 
192 11 236 1 F: 4 4 3 
205 6 217 17 F: 4 1 1 
366 4 382 14 F: 4 
431 8 439 36 F: 8 
543 11 576 14 F: 5 3 3 
697 3 700 39 F: 3 
729 11 751 39 F: 5 6 
899 4 911 18 F: 2 1 1 
931 8 955 37 F: 8 
1087 8 1103 49 F: 7 1 
1198 6 1216 37 F: 2 4 
1244 13 1296 3 F: 13 
1330 11 1352 40 F: 5 4 2 
1400 9 1436 42 F: 3 2 4 
1562 8 1570 27 F: 6 2 
1644 6 1650 46 F: 3 1 2 
1767 9 1776 1 F: 4 2 3 
1862 10 1872 42 F: 10 
1965 7 1986 41 F: 4 3 
2020 4 2032 13 F: 4 
2159 9 2195 1 F: 9 
2262 10 2272 13 F: 10 
2363 11 2374 28 F: 11 
2458 8 2482 47 F: 8 
2574 4 2578 4 F: 3 1 
2608 12 2656 37 F: 12 
2715 12 2751 16 F: 4 4 4 
2863 9 2899 29 F: 4 3 2 
2902 5 2917 1 F: 5 
3074 5 3084 7 F: 5 
3131 12 3167 48 F: 12 
3292 11 3314 31 F: 11 
3326 12 3350 47 F: 7 5 
3417 5 3432 27 F: 2 3 
3565 4 3577 45 F: 4 
3691 10 3711 41 F: 3 3 4 
3762 9 3789 45 F: 2 3 4 
3896 10 3936 40 F: 4 4 2 
3905 4 3913 50 F: 2 1 1 
4067 11 4111 26 F: 4 4 3 
4100 6 4112 35 F: 2 2 2 
4220 10 4250 49 F: 4 6 
4373 13 4425 33 F: 13 
4431 9 4467 36 F: 9 
4524 9 4560 30 F: 3 6 
4661 8 4677 14 F: 4 4 
4717 7 4738 45 F: 4 2 1 
4802 9 4820 12 F: 9 
4941 8 4965 27 F: 3 1 4 
D: 2 14 
D: 4 34 
D: 5 27 
D: 7 39 
D: 29 36 
