54 9 90 21 F: 3 4 2 
186 12 198 29 F: 5 4 3 
200 6 212 11 F: 4 2 
374 9 410 1 F: 5 1 3 
427 9 445 38 F: 4 4 1 
528 4 532 14 F: 4 
642 9 651 8 F: 5 3 1 
739 9 775 43 F: 4 2 3 
802 10 842 40 F: 2 4 4 
944 8 960 45 F: 4 3 1 
1074 6 1086 9 F: 3 1 2 
1146 7 1174 25 F: 7 
1284 4 1292 5 F: 3 1 
1331 9 1340 13 F: 3 4 2 
1474 11 1518 38 F: 5 6 
1540 9 1576 11 F: 3 6 
1680 5 1690 46 F: 4 1 
1789 3 1798 23 F: 3 
1896 8 1920 44 F: 3 2 3 
1943 8 1959 40 F: 7 1 
2012 7 2019 34 F: 3 4 
2185 9 2203 28 F: 6 3 
2288 7 2316 9 F: 5 2 
2322 7 2343 18 F: 3 3 1 
2470 7 2491 31 F: 3 3 1 
2504 11 2537 1 F: 4 3 4 
2639 5 2644 21 F: 5 
2797 6 2803 32 F: 6 
2819 11 2830 5 F: 3 4 4 
2981 10 3021 23 F: 10 
3094 5 3114 20 F: 2 3 
3112 11 3134 21 F: 5 4 2 
3204 13 3243 16 F: 13 
3325 8 3357 4 F: 5 3 
3452 6 3458 9 F: 2 2 2 
3531 7 3559 15 F: 6 1 
3690 9 3708 9 F: 5 1 3 
3746 11 3790 13 F: 11 
3838 13 3890 29 F: 5 4 4 
3945 11 3956 10 F: 5 2 4 
4078 10 4118 14 F: 4 4 2 
4163 8 4187 9 F: 8 
4221 8 4253 43 F: 8 
4317 9 4326 1 F: 4 5 
4452 9 4488 47 F: 5 2 2 
4524 8 4556 42 F: 8 
4690 8 4722 13 F: 3 5 
4737 12 4761 6 F: 6 6 
4823 5 4833 14 F: 3 2 
4927 7 4955 12 F: 6 1 
D: 3 23 
D: 10 36 
D: 12 49 
D: 14 26 
D: 43 44 
