74 10 94 16 F: 4 6 
148 9 184 30 F: 3 4 2 
273 5 293 36 F: 5 
365 8 381 19 F: 6 2 
401 10 431 13 F: 6 4 
510 13 536 41 F: 13 
665 5 675 6 F: 5 
735 5 750 21 F: 5 
885 8 901 28 F: 5 3 
914 3 923 14 F: 3 
1093 8 1109 32 F: 2 2 4 
1140 5 1145 16 F: 3 1 1 
1249 12 1285 4 F: 7 5 
1390 4 1394 21 F: 4 
1453 6 1477 9 F: 6 
1532 4 1548 17 F: 4 
1670 10 1690 43 F: 5 5 
1721 10 1731 23 F: 5 4 1 
1866 5 1881 6 F: 2 2 1 
1940 13 1966 14 F: 13 
2006 7 2034 5 F: 6 1 
2185 7 2206 47 F: 2 2 3 
2221 6 2227 13 F: 2 4 
2388 4 2396 19 F: 4 
2460 3 2466 42 F: 2 1 
2545 4 2557 29 F: 4 
2635 12 2659 40 F: 7 5 
2739 12 2751 8 F: 12 
2836 10 2846 44 F: 10 
2994 4 3010 18 F: 4 
3067 4 3083 18 F: 4 
3171 10 3181 37 F: 4 3 3 
3244 8 3276 36 F: 4 4 
3388 9 3424 50 F: 3 4 2 
3445 7 3459 35 F: 5 1 1 
3584 10 3614 49 F: 2 4 4 
3640 10 3670 32 F: 10 
3701 10 3721 32 F: 5 5 
3892 11 3914 35 F: 11 
3956 10 3986 2 F: 5 2 3 
4021 8 4037 20 F: 3 5 
4189 8 4197 11 F: 8 
4297 7 4325 24 F: 7 
4307 2 4311 26 F: 2 
4432 8 4448 42 F: 4 2 2 
4506 4 4514 26 F: 4 
4644 7 4651 2 F: 4 3 
4781 11 4803 23 F: 4 4 3 
4808 9 4817 8 F: 4 5 
4922 7 4943 16 F: 3 4 
D: 0 19 
D: 21 28 
D: 23 24 
D: 25 30 
D: 28 32 
