35 10 55 69 F: 4 6 
109 10 139 78 F: 10 
232 7 253 203 F: 5 1 1 
315 10 355 329 F: 5 5 
407 4 415 152 F: 4 
558 7 586 210 F: 4 3 
655 8 671 278 F: 5 3 
770 3 773 37 F: 3 
828 8 852 36 F: 4 1 3 
980 6 1004 339 F: 3 2 1 
1099 7 1113 485 F: 2 3 2 
1118 12 1142 314 F: 12 
1201 10 1241 53 F: 10 
1344 8 1352 304 F: 8 
1465 11 1476 189 F: 5 3 3 
1517 3 1526 17 F: 2 1 
1673 6 1691 71 F: 6 
1704 4 1720 459 F: 4 
1892 8 1908 252 F: 2 2 4 
1953 10 1983 168 F: 4 6 
2025 5 2045 324 F: 2 3 
2179 10 2209 229 F: 10 
2206 5 2221 54 F: 2 2 1 
2320 11 2331 365 F: 5 2 4 
2450 8 2458 197 F: 7 1 
2519 10 2529 47 F: 5 2 3 
2687 10 2697 330 F: 6 4 
2792 7 2820 435 F: 7 
2828 9 2846 131 F: 4 3 2 
2914 2 2916 146 F: 2 
3071 10 3091 377 F: 10 
3106 9 3124 3 F: 3 6 
3202 2 3204 430 F: 2 
3399 5 3419 44 F: 2 3 
3419 9 3455 305 F: 6 3 
3558 8 3574 257 F: 7 1 
3675 10 3695 390 F: 5 2 3 
3718 11 3762 325 F: 11 
3848 9 3866 409 F: 5 3 1 
3965 10 3985 74 F: 4 6 
4029 3 4035 456 F: 2 1 
4145 5 4155 296 F: 3 2 
4288 7 4302 388 F: 3 1 3 
4350 13 4363 448 F: 13 
4461 9 4479 323 F: 7 2 
4568 6 4586 371 F: 4 2 
4603 8 4619 307 F: 2 6 
4772 8 4780 24 F: 8 
4886 9 4922 301 F: 3 6 
4942 10 4972 301 F: 10 
5087 8 5095 75 F: 5 2 1 
5144 2 5146 483 F: 2 
5270 8 5286 16 F: 5 2 1 
5315 9 5324 358 F: 6 3 
5475 6 5493 87 F: 5 1 
5579 12 5603 353 F: 7 5 
5691 10 5701 202 F: 3 3 4 
5778 9 5796 360 F: 9 
5845 10 5865 295 F: 4 3 3 
5966 2 5970 86 F: 2 
6014 6 6032 451 F: 3 2 1 
6180 10 6210 362 F: 4 2 4 
6213 4 6221 453 F: 4 
6395 5 6400 287 F: 3 2 
6470 5 6480 301 F: 5 
6560 13 6586 13 F: 13 
6640 9 6658 481 F: 5 2 2 
6793 8 6825 392 F: 8 
6887 10 6917 177 F: 2 4 4 
6992 5 7002 445 F: 5 
7010 9 7019 358 F: 2 4 3 
7164 5 7169 239 F: 3 1 1 
7280 9 7316 323 F: 2 4 3 
7365 9 7392 180 F: 4 2 3 
7494 10 7514 63 F: 4 6 
7528 7 7556 262 F: 4 3 
7617 11 7650 67 F: 5 6 
7755 10 7765 316 F: 3 3 4 
7821 10 7841 472 F: 3 4 3 
7910 6 7922 26 F: 4 1 1 
8053 6 8077 355 F: 3 3 
8101 11 8123 286 F: 11 
8229 6 8253 6 F: 2 4 
8352 6 8358 14 F: 3 3 
8415 8 8439 351 F: 2 2 4 
8537 8 8569 228 F: 2 2 4 
8652 9 8661 355 F: 3 2 4 
8758 13 8810 212 F: 7 6 
8843 4 8859 439 F: 2 1 1 
8930 9 8948 393 F: 9 
9078 7 9092 282 F: 4 1 2 
9147 8 9163 24 F: 5 2 1 
9293 11 9304 285 F: 11 
9318 3 9324 332 F: 3 
9429 5 9449 174 F: 5 
9569 12 9581 83 F: 4 4 4 
9623 5 9643 38 F: 3 2 
9732 4 9736 45 F: 3 1 
9888 12 9924 251 F: 12 
9924 10 9964 21 F: 5 3 2 
10054 7 10061 425 F: 2 2 3 
10114 9 10141 259 F: 5 1 3 
10214 11 10247 30 F: 4 4 3 
10322 11 10355 352 F: 11 
10476 9 10503 370 F: 7 2 
10563 5 10578 109 F: 4 1 
10652 5 10657 434 F: 2 1 2 
10729 7 10736 182 F: 5 2 
10878 6 10884 74 F: 4 2 
10936 4 10940 266 F: 4 
11071 11 11115 235 F: 4 3 4 
11116 11 11127 156 F: 5 4 2 
11263 8 11279 324 F: 3 5 
11314 7 11321 6 F: 3 1 3 
11471 9 11480 20 F: 4 5 
11564 10 11574 26 F: 10 
11673 10 11693 369 F: 4 6 
11781 8 11805 461 F: 6 2 
11868 3 11874 172 F: 2 1 
11944 10 11974 405 F: 10 
12039 6 12051 208 F: 6 
12189 3 12192 91 F: 3 
12263 9 12272 28 F: 3 3 3 
12324 11 12346 295 F: 5 3 3 
12446 11 12468 110 F: 4 3 4 
12581 11 12592 17 F: 5 4 2 
12662 11 12695 250 F: 3 4 4 
12712 9 12730 164 F: 5 1 3 
12889 10 12899 323 F: 10 
12910 6 12916 388 F: 3 1 2 
13046 7 13053 16 F: 7 
13166 6 13190 29 F: 3 3 
13218 9 13227 180 F: 4 5 
13374 5 13394 285 F: 3 1 1 
13418 3 13424 338 F: 3 
13515 8 13547 181 F: 5 3 
13638 11 13671 459 F: 3 4 4 
13730 6 13748 294 F: 2 1 3 
13822 8 13830 105 F: 8 
13931 6 13937 109 F: 2 3 1 
14027 10 14037 272 F: 6 4 
14168 8 14176 382 F: 3 1 4 
14268 9 14286 305 F: 9 
14383 11 14427 498 F: 4 4 3 
14431 7 14445 197 F: 2 5 
14593 5 14608 101 F: 3 2 
14666 7 14694 21 F: 7 
14794 11 14805 315 F: 11 
14823 6 14847 329 F: 6 
14988 12 15000 280 F: 12 
15011 11 15033 358 F: 5 6 
15160 12 15184 35 F: 12 
15278 10 15298 127 F: 7 3 
15382 11 15393 452 F: 11 
15481 11 15514 475 F: 11 
15568 8 15576 321 F: 4 3 1 
15650 9 15659 406 F: 3 4 2 
15789 9 15816 133 F: 9 
15889 13 15915 2 F: 7 6 
15970 7 15977 11 F: 2 2 3 
16042 7 16056 489 F: 3 3 1 
16183 7 16211 497 F: 4 3 
16204 11 16237 349 F: 11 
16359 9 16377 159 F: 3 6 
16426 11 16459 277 F: 11 
16513 7 16520 393 F: 3 3 1 
16614 4 16622 102 F: 2 1 1 
16714 7 16742 127 F: 4 3 
16877 9 16904 63 F: 3 4 2 
16905 5 16920 204 F: 5 
17054 9 17063 490 F: 2 3 4 
17147 5 17167 387 F: 2 3 
17212 6 17224 188 F: 6 
17383 7 17411 274 F: 2 3 2 
17454 10 17464 352 F: 3 4 3 
17517 9 17526 123 F: 4 1 4 
17606 7 17613 205 F: 7 
17721 3 17727 436 F: 3 
17854 8 17878 18 F: 4 4 
17959 8 17991 102 F: 5 3 
18030 7 18058 454 F: 2 2 3 
18190 3 18202 453 F: 3 
18248 12 18260 305 F: 12 
18307 6 18331 479 F: 6 
18471 8 18479 160 F: 8 
18518 11 18551 13 F: 7 4 
18655 7 18662 247 F: 2 3 2 
18797 3 18806 35 F: 3 
18866 11 18910 309 F: 6 5 
18923 10 18943 5 F: 10 
19080 3 19092 206 F: 3 
19114 6 19132 188 F: 2 4 
19289 7 19317 281 F: 3 3 1 
19383 5 19398 205 F: 5 
19458 9 19485 30 F: 4 3 2 
19594 10 19604 229 F: 7 3 
19675 9 19693 465 F: 2 4 3 
19763 5 19773 459 F: 4 1 
19808 9 19826 116 F: 3 2 4 
19945 4 19953 184 F: 4 
20003 5 20013 263 F: 3 2 
20175 6 20193 147 F: 5 1 
20212 11 20234 364 F: 11 
20343 9 20379 68 F: 3 4 2 
20430 6 20448 238 F: 2 1 3 
20558 9 20576 68 F: 5 4 
20651 6 20675 374 F: 6 
20702 4 20714 42 F: 2 2 
20848 11 20881 330 F: 4 4 3 
20957 6 20969 108 F: 2 1 3 
21015 3 21018 98 F: 3 
21143 7 21150 259 F: 5 2 
21241 6 21259 486 F: 3 1 2 
21379 4 21391 111 F: 4 
21486 13 21538 18 F: 13 
21568 5 21578 384 F: 2 2 1 
21619 11 21641 436 F: 11 
21734 11 21767 152 F: 5 3 3 
21874 10 21904 330 F: 10 
21974 5 21984 134 F: 5 
22041 7 22048 4 F: 2 2 3 
22135 6 22159 96 F: 5 1 
22227 9 22245 86 F: 3 6 
22319 9 22346 262 F: 2 4 3 
22433 9 22460 8 F: 4 2 3 
22556 10 22566 195 F: 5 3 2 
22612 6 22624 437 F: 3 3 
22778 9 22796 137 F: 3 3 3 
22827 10 22837 387 F: 2 4 4 
22928 10 22938 245 F: 10 
23008 12 23044 285 F: 12 
23159 9 23168 83 F: 5 3 1 
23203 11 23247 365 F: 5 6 
23366 7 23387 337 F: 3 4 
23440 5 23460 149 F: 2 2 1 
23562 9 23589 307 F: 3 3 3 
23687 13 23700 498 F: 13 
23793 11 23826 422 F: 11 
23862 3 23871 230 F: 2 1 
23904 8 23920 357 F: 2 6 
24087 5 24102 104 F: 5 
24182 7 24196 433 F: 5 2 
24202 11 24246 251 F: 5 2 4 
24381 12 24405 481 F: 12 
24429 10 24439 349 F: 5 2 3 
24563 8 24587 250 F: 8 
24656 10 24696 459 F: 7 3 
24796 12 24832 331 F: 12 
24840 9 24867 438 F: 7 2 
24951 12 24987 448 F: 12 
25095 10 25125 218 F: 4 6 
25168 9 25186 139 F: 5 1 3 
25269 11 25280 86 F: 5 6 
25338 11 25360 315 F: 11 
25404 7 25411 29 F: 2 5 
25580 6 25592 492 F: 6 
25675 6 25699 499 F: 2 1 3 
25736 4 25748 108 F: 4 
25819 5 25824 320 F: 5 
25947 8 25963 260 F: 3 5 
26042 12 26090 472 F: 7 5 
26196 7 26203 370 F: 7 
26222 7 26236 169 F: 7 
26338 6 26344 241 F: 3 1 2 
26430 7 26458 82 F: 7 
26592 2 26598 377 F: 2 
26626 13 26652 45 F: 7 6 
26772 13 26824 140 F: 7 6 
26873 11 26884 193 F: 11 
26965 11 26976 329 F: 7 4 
27033 8 27057 313 F: 4 4 
27193 13 27219 220 F: 7 6 
27260 4 27268 493 F: 4 
27306 6 27318 19 F: 6 
27473 11 27506 64 F: 5 4 2 
27539 6 27551 237 F: 6 
27620 12 27656 128 F: 12 
27799 8 27815 193 F: 7 1 
27843 5 27863 265 F: 5 
27915 9 27951 66 F: 9 
28014 5 28019 465 F: 4 1 
28100 7 28107 457 F: 3 2 2 
28219 7 28226 228 F: 5 2 
28357 11 28390 490 F: 5 2 4 
28476 2 28482 322 F: 2 
28562 9 28571 471 F: 5 3 1 
28642 2 28644 52 F: 2 
28776 12 28800 243 F: 12 
28843 13 28882 109 F: 13 
28902 13 28954 219 F: 13 
29084 10 29094 93 F: 7 3 
29199 8 29207 446 F: 5 1 2 
29247 9 29274 29 F: 5 1 3 
29370 10 29380 102 F: 4 2 4 
29467 12 29491 172 F: 5 4 3 
29570 12 29582 7 F: 5 4 3 
29610 4 29626 368 F: 4 
29708 8 29732 131 F: 7 1 
29889 4 29893 222 F: 4 
29951 9 29960 156 F: 4 3 2 
30096 10 30116 368 F: 10 
30196 9 30232 1 F: 9 
30228 9 30264 496 F: 4 3 2 
30310 8 30334 497 F: 6 2 
30484 2 30486 97 F: 2 
30584 11 30628 68 F: 11 
30631 6 30643 329 F: 3 1 2 
30796 6 30814 75 F: 3 2 1 
30848 7 30855 146 F: 3 4 
30978 13 30991 435 F: 13 
31013 6 31031 277 F: 6 
31159 6 31177 316 F: 3 2 1 
31220 4 31228 402 F: 3 1 
31354 3 31366 461 F: 3 
31435 5 31445 98 F: 5 
31598 8 31622 393 F: 5 3 
31617 11 31639 381 F: 6 5 
31735 9 31753 71 F: 2 3 4 
31867 7 31881 276 F: 4 2 1 
31994 8 32010 369 F: 5 2 1 
32072 7 32079 361 F: 2 2 3 
32129 9 32147 47 F: 2 4 3 
32247 9 32283 102 F: 4 2 3 
32347 6 32359 27 F: 4 2 
32401 6 32407 35 F: 6 
32533 7 32554 327 F: 2 2 3 
32691 8 32715 206 F: 7 1 
32771 5 32776 361 F: 2 1 2 
32874 6 32880 327 F: 6 
32981 7 33009 275 F: 6 1 
33022 8 33046 229 F: 8 
33147 5 33152 364 F: 5 
33234 6 33246 409 F: 2 2 2 
33316 13 33342 317 F: 13 
33429 11 33440 198 F: 7 4 
33550 5 33570 1 F: 5 
33687 8 33695 311 F: 5 3 
33745 9 33763 196 F: 9 
33854 10 33884 394 F: 5 1 4 
33960 10 33980 164 F: 10 
34082 11 34115 489 F: 4 4 3 
34187 7 34201 365 F: 2 5 
34246 12 34282 302 F: 7 5 
34313 10 34333 284 F: 10 
34460 7 34474 476 F: 2 5 
34575 8 34607 349 F: 8 
34692 4 34708 449 F: 3 1 
34772 11 34805 30 F: 4 4 3 
34886 10 34926 97 F: 4 4 2 
34919 3 34922 360 F: 2 1 
35017 6 35023 236 F: 2 1 3 
35125 9 35152 195 F: 4 1 4 
35275 6 35293 214 F: 5 1 
35357 8 35381 211 F: 3 1 4 
35437 5 35457 497 F: 5 
35526 12 35574 115 F: 5 4 3 
35633 7 35661 365 F: 6 1 
35744 7 35765 365 F: 5 2 
35813 8 35829 38 F: 5 1 2 
35973 5 35993 271 F: 2 2 1 
36019 6 36037 446 F: 6 
36190 10 36230 378 F: 2 4 4 
36208 8 36216 358 F: 2 6 
36367 13 36419 494 F: 13 
36448 8 36456 358 F: 2 4 2 
36555 12 36603 250 F: 7 5 
36644 5 36649 232 F: 3 1 1 
36705 10 36735 38 F: 4 3 3 
36888 11 36932 196 F: 11 
36992 4 36996 60 F: 4 
37090 6 37114 92 F: 5 1 
37141 6 37147 264 F: 3 3 
37237 7 37265 220 F: 2 1 4 
37387 11 37398 466 F: 5 6 
37434 6 37452 180 F: 6 
37509 13 37522 273 F: 5 4 4 
37675 8 37699 485 F: 3 4 1 
37762 5 37777 387 F: 3 2 
37879 10 37899 35 F: 4 6 
37938 7 37952 90 F: 3 4 
38080 5 38090 197 F: 5 
38169 5 38184 353 F: 2 2 1 
38269 8 38277 149 F: 3 1 4 
38304 10 38324 75 F: 10 
38422 5 38442 90 F: 2 1 2 
38573 8 38581 410 F: 5 3 
38655 2 38659 485 F: 2 
38720 9 38747 62 F: 3 4 2 
38826 12 38862 452 F: 7 5 
38915 2 38921 436 F: 2 
39009 11 39042 435 F: 11 
39188 10 39208 73 F: 4 6 
39299 10 39319 84 F: 10 
39369 11 39391 376 F: 5 3 3 
39410 7 39431 384 F: 3 4 
39554 7 39575 91 F: 5 2 
39621 6 39645 438 F: 4 2 
39793 9 39829 95 F: 7 2 
39893 8 39901 294 F: 3 4 1 
39956 5 39976 119 F: 5 
40000 7 40014 18 F: 4 3 
40102 8 40126 118 F: 2 3 3 
40285 11 40318 22 F: 11 
40379 4 40387 324 F: 4 
40461 12 40485 210 F: 7 5 
40589 9 40616 480 F: 6 3 
40685 11 40696 433 F: 11 
40745 10 40765 481 F: 10 
40892 10 40902 456 F: 10 
40959 5 40974 294 F: 2 2 1 
41001 9 41010 396 F: 3 3 3 
41129 3 41132 45 F: 2 1 
41210 5 41225 273 F: 4 1 
41357 9 41366 208 F: 4 2 3 
41400 9 41427 473 F: 6 3 
41523 13 41549 437 F: 5 4 4 
41641 10 41671 164 F: 4 6 
41797 9 41824 215 F: 2 4 3 
41839 10 41859 96 F: 10 
41935 9 41944 149 F: 3 3 3 
42054 6 42072 335 F: 6 
42139 2 42147 1 F: 2 
42296 8 42304 381 F: 3 3 2 
42357 9 42375 118 F: 7 2 
42469 7 42476 122 F: 7 
42574 7 42595 128 F: 6 1 
42695 5 42705 30 F: 3 2 
42712 6 42736 249 F: 5 1 
42871 10 42911 28 F: 6 4 
42961 7 42975 119 F: 2 2 3 
43086 10 43116 37 F: 10 
43129 9 43156 500 F: 5 4 
43281 10 43291 153 F: 4 3 3 
43367 10 43387 148 F: 10 
43402 6 43414 421 F: 5 1 
43540 5 43560 476 F: 3 2 
43639 6 43657 14 F: 4 2 
43741 2 43749 340 F: 2 
43821 7 43849 486 F: 4 1 2 
43961 6 43973 184 F: 2 3 1 
44022 12 44046 445 F: 12 
44103 13 44116 301 F: 13 
44264 7 44271 176 F: 7 
44387 5 44407 135 F: 5 
44457 10 44477 277 F: 5 5 
44574 2 44578 456 F: 2 
44619 11 44663 61 F: 5 6 
44751 4 44767 306 F: 2 1 1 
44864 8 44880 471 F: 4 2 2 
44948 13 44987 171 F: 13 
45095 13 45134 20 F: 13 
45138 6 45162 226 F: 2 1 3 
45230 4 45242 361 F: 4 
45351 8 45375 448 F: 7 1 
45483 8 45491 307 F: 5 2 1 
45559 9 45595 34 F: 4 1 4 
45602 11 45635 213 F: 5 4 2 
45783 6 45795 227 F: 2 3 1 
45883 3 45886 357 F: 2 1 
45991 5 46006 169 F: 2 1 2 
46021 6 46039 364 F: 3 3 
46135 4 46151 486 F: 4 
46226 6 46244 486 F: 2 3 1 
46390 7 46397 479 F: 3 3 1 
46436 12 46472 102 F: 12 
46528 8 46560 122 F: 8 
46696 9 46705 96 F: 4 4 1 
46768 6 46780 456 F: 6 
46834 11 46856 72 F: 4 4 3 
46942 7 46963 404 F: 4 3 
47022 9 47040 288 F: 3 6 
47143 10 47163 425 F: 5 4 1 
47228 4 47232 67 F: 4 
47316 9 47352 222 F: 4 2 3 
47475 11 47497 304 F: 7 4 
47523 11 47567 434 F: 7 4 
47674 9 47701 36 F: 2 4 3 
47729 8 47745 266 F: 4 4 
47889 6 47913 479 F: 3 2 1 
47988 10 48008 384 F: 2 4 4 
48013 8 48021 455 F: 5 1 2 
48159 5 48169 130 F: 5 
48241 7 48269 486 F: 3 3 1 
48314 8 48346 174 F: 3 3 2 
48471 7 48478 176 F: 4 3 
48592 10 48622 235 F: 4 2 4 
48615 8 48631 141 F: 3 3 2 
48774 5 48779 148 F: 5 
48811 9 48829 447 F: 9 
48928 2 48930 197 F: 2 
49043 7 49057 205 F: 7 
49188 10 49228 187 F: 4 6 
49283 3 49286 348 F: 2 1 
49343 8 49351 13 F: 8 
49491 6 49509 96 F: 6 
49585 13 49637 468 F: 5 4 4 
49639 3 49645 427 F: 3 
49718 11 49740 8 F: 7 4 
49800 9 49836 170 F: 3 4 2 
49921 5 49936 392 F: 2 2 1 
D: 5 98 
D: 5 354 
D: 12 15 
D: 14 378 
D: 26 420 
D: 33 380 
D: 53 353 
D: 56 124 
D: 56 195 
D: 73 317 
D: 79 158 
D: 86 179 
D: 87 484 
D: 89 122 
D: 92 212 
D: 106 243 
D: 107 167 
D: 108 253 
D: 111 289 
D: 134 306 
D: 137 245 
D: 137 396 
D: 139 485 
D: 156 229 
D: 161 380 
D: 164 439 
D: 174 212 
D: 179 484 
D: 182 420 
D: 188 307 
D: 196 487 
D: 205 254 
D: 214 275 
D: 230 239 
D: 231 420 
D: 240 466 
D: 241 357 
D: 242 409 
D: 245 495 
D: 250 275 
D: 267 470 
D: 270 380 
D: 278 420 
D: 330 463 
D: 373 381 
D: 408 436 
D: 447 470 
D: 459 460 
D: 471 482 
D: 493 499 
