99 9 117 122 F: 7 2 
173 8 205 480 F: 3 5 
284 2 288 189 F: 2 
385 5 395 487 F: 3 2 
491 4 495 133 F: 2 2 
514 2 520 249 F: 2 
609 10 639 160 F: 5 1 4 
790 4 806 171 F: 4 
803 8 827 334 F: 4 4 
962 11 984 36 F: 6 5 
1098 7 1119 245 F: 4 3 
1170 8 1178 472 F: 3 1 4 
1201 6 1219 263 F: 6 
1363 9 1372 484 F: 4 3 2 
1488 12 1536 22 F: 7 5 
1578 3 1590 239 F: 2 1 
1636 10 1656 126 F: 5 3 2 
1752 5 1762 6 F: 3 2 
1823 13 1862 497 F: 13 
1947 10 1987 166 F: 5 1 4 
2047 9 2065 298 F: 5 1 3 
2175 9 2184 484 F: 6 3 
2214 9 2250 68 F: 5 4 
2399 5 2419 363 F: 2 2 1 
2454 7 2475 18 F: 3 4 
2585 9 2603 122 F: 4 1 4 
2690 9 2726 204 F: 4 1 4 
2759 12 2783 211 F: 12 
2880 7 2908 173 F: 6 1 
2921 9 2930 37 F: 3 2 4 
3036 11 3069 18 F: 11 
3154 6 3178 295 F: 5 1 
3279 6 3303 373 F: 3 3 
3324 8 3332 58 F: 2 4 2 
3484 6 3490 334 F: 6 
3514 7 3528 406 F: 2 5 
3668 8 3676 22 F: 3 5 
3784 6 3790 117 F: 4 1 1 
3841 7 3848 198 F: 3 2 2 
3988 3 4000 172 F: 3 
4082 7 4103 264 F: 4 3 
4112 10 4132 150 F: 4 6 
4258 7 4265 180 F: 2 3 2 
4363 6 4381 219 F: 2 4 
4474 9 4510 48 F: 5 1 3 
4557 9 4593 73 F: 3 4 2 
4656 9 4674 292 F: 2 3 4 
4718 9 4745 149 F: 5 3 1 
4893 11 4915 353 F: 4 3 4 
4966 11 4977 69 F: 11 
5008 3 5011 248 F: 3 
5100 11 5111 442 F: 11 
5240 6 5258 91 F: 2 2 2 
5393 10 5403 256 F: 10 
5480 10 5490 43 F: 3 4 3 
5564 12 5600 178 F: 5 3 4 
5614 5 5634 60 F: 2 2 1 
5705 13 5757 119 F: 13 
5839 9 5857 368 F: 6 3 
5909 10 5949 10 F: 4 2 4 
6005 7 6033 6 F: 5 1 1 
6122 6 6140 57 F: 3 3 
6251 2 6253 292 F: 2 
6325 11 6358 308 F: 11 
6402 11 6446 57 F: 4 3 4 
6506 9 6515 435 F: 3 2 4 
6616 2 6624 431 F: 2 
6750 3 6753 408 F: 3 
6838 11 6882 264 F: 5 6 
6981 8 6989 7 F: 5 3 
7085 6 7109 4 F: 4 2 
7104 11 7137 205 F: 5 6 
7294 6 7312 6 F: 2 1 3 
7354 5 7369 290 F: 5 
7488 13 7501 229 F: 13 
7541 9 7568 482 F: 5 4 
7682 13 7708 340 F: 13 
7745 9 7772 395 F: 2 3 4 
7833 12 7857 284 F: 6 6 
7958 10 7988 493 F: 3 3 4 
8009 4 8025 283 F: 2 2 
8167 9 8203 79 F: 6 3 
8251 10 8271 8 F: 5 3 2 
8394 3 8397 16 F: 3 
8421 9 8457 449 F: 5 4 
8599 4 8603 455 F: 4 
8681 11 8692 410 F: 5 3 3 
8710 9 8746 385 F: 7 2 
8827 7 8848 413 F: 2 5 
8911 7 8939 454 F: 7 
9087 8 9119 67 F: 4 1 3 
9125 7 9153 471 F: 7 
9235 8 9251 112 F: 8 
9305 12 9341 287 F: 6 6 
9400 12 9424 140 F: 5 4 3 
9524 6 9542 371 F: 6 
9644 8 9652 401 F: 4 1 3 
9723 11 9745 317 F: 4 3 4 
9823 10 9833 368 F: 10 
9946 6 9970 174 F: 2 3 1 
10075 8 10083 309 F: 3 2 3 
10150 9 10168 95 F: 9 
10210 9 10228 476 F: 3 2 4 
10305 10 10345 313 F: 10 
10457 10 10467 28 F: 4 3 3 
10530 4 10546 100 F: 2 2 
10668 13 10720 19 F: 5 4 4 
10768 8 10800 433 F: 4 3 1 
10872 10 10902 133 F: 4 6 
10910 8 10942 185 F: 3 1 4 
11094 13 11107 496 F: 7 6 
11129 12 11141 308 F: 12 
11221 9 11239 335 F: 7 2 
11336 5 11356 206 F: 5 
11481 9 11490 323 F: 3 2 4 
11544 8 11576 498 F: 7 1 
11667 8 11675 450 F: 4 2 2 
11788 10 11818 47 F: 10 
11800 5 11805 295 F: 5 
11989 4 11993 235 F: 4 
12050 7 12064 129 F: 7 
12199 9 12208 274 F: 3 6 
12267 13 12319 55 F: 5 4 4 
12360 10 12380 312 F: 4 3 3 
12496 10 12526 204 F: 10 
12521 5 12536 298 F: 4 1 
12680 2 12688 481 F: 2 
12730 5 12750 6 F: 2 2 1 
12895 9 12931 3 F: 3 6 
12955 5 12960 227 F: 3 2 
13029 9 13065 292 F: 6 3 
13199 11 13221 500 F: 7 4 
13277 7 13298 434 F: 3 2 2 
13354 5 13364 237 F: 3 1 1 
13417 11 13461 72 F: 11 
13546 10 13586 144 F: 5 3 2 
13693 8 13701 462 F: 2 4 2 
13750 10 13770 65 F: 2 4 4 
13856 11 13889 476 F: 4 4 3 
13901 6 13919 435 F: 2 1 3 
14005 5 14020 178 F: 2 3 
14135 4 14143 275 F: 4 
14239 8 14263 75 F: 8 
14372 8 14404 20 F: 2 3 3 
14486 8 14494 2 F: 3 1 4 
14507 9 14534 27 F: 4 5 
14609 7 14630 298 F: 3 4 
14741 6 14747 204 F: 3 2 1 
14876 8 14884 192 F: 3 4 1 
14963 9 14981 106 F: 5 3 1 
15045 8 15077 429 F: 8 
15119 6 15125 137 F: 6 
15269 3 15278 43 F: 3 
15368 11 15412 141 F: 11 
15417 12 15465 268 F: 12 
15575 8 15591 168 F: 4 4 
15619 5 15634 317 F: 3 1 1 
15704 12 15752 11 F: 12 
15885 12 15909 463 F: 7 5 
15981 7 16002 379 F: 2 5 
16074 9 16110 472 F: 5 1 3 
16117 6 16141 375 F: 2 2 2 
16240 8 16264 189 F: 3 1 4 
16337 13 16350 443 F: 13 
16447 7 16475 319 F: 7 
16545 4 16549 322 F: 4 
16665 11 16709 79 F: 5 2 4 
16758 9 16785 462 F: 4 5 
16897 9 16906 345 F: 9 
16966 11 16999 277 F: 5 4 2 
17005 8 17021 369 F: 6 2 
17167 6 17191 288 F: 4 2 
17250 13 17263 37 F: 13 
17396 8 17404 223 F: 2 4 2 
17419 2 17421 145 F: 2 
17581 7 17588 455 F: 4 3 
17632 7 17660 432 F: 5 2 
17799 10 17819 149 F: 4 4 2 
17822 4 17834 323 F: 3 1 
17934 9 17961 392 F: 5 1 3 
18072 10 18092 161 F: 10 
18195 10 18205 213 F: 4 2 4 
18262 8 18294 338 F: 6 2 
18374 7 18388 466 F: 4 2 1 
18409 6 18433 139 F: 2 4 
18500 2 18508 241 F: 2 
18694 5 18704 126 F: 5 
18797 13 18810 190 F: 13 
18893 11 18937 231 F: 4 4 3 
18902 11 18913 242 F: 5 3 3 
19043 6 19067 250 F: 2 1 3 
19132 12 19156 22 F: 5 3 4 
19206 10 19246 60 F: 7 3 
19349 8 19381 17 F: 8 
19406 11 19439 42 F: 5 4 2 
19509 11 19520 76 F: 4 4 3 
19670 12 19718 145 F: 7 5 
19721 12 19745 190 F: 12 
19876 6 19882 446 F: 6 
19920 6 19938 398 F: 2 4 
20057 11 20068 287 F: 11 
20115 6 20121 287 F: 6 
20222 7 20229 269 F: 2 2 3 
20339 8 20355 7 F: 3 2 3 
20419 4 20423 473 F: 4 
20515 13 20554 483 F: 13 
20604 9 20613 229 F: 4 3 2 
20745 13 20758 350 F: 7 6 
20838 12 20874 10 F: 4 4 4 
20978 13 21017 132 F: 7 6 
21082 12 21130 137 F: 12 
21142 10 21162 293 F: 5 2 3 
21297 6 21315 90 F: 6 
21332 7 21339 332 F: 3 4 
21440 8 21464 88 F: 6 2 
21538 11 21549 100 F: 4 4 3 
21639 4 21643 73 F: 2 1 1 
21757 11 21779 37 F: 11 
21878 9 21914 151 F: 9 
21992 8 22008 427 F: 3 4 1 
22060 4 22076 419 F: 4 
22124 3 22130 420 F: 3 
22293 11 22337 173 F: 6 5 
22369 7 22376 492 F: 4 2 1 
22448 6 22466 161 F: 2 3 1 
22530 5 22540 409 F: 4 1 
22604 4 22616 212 F: 3 1 
22725 12 22737 32 F: 12 
22870 7 22891 376 F: 7 
22943 5 22953 5 F: 2 2 1 
23077 4 23093 238 F: 4 
23166 7 23180 423 F: 2 5 
23252 11 23263 409 F: 5 6 
23353 9 23362 420 F: 3 6 
23477 9 23513 39 F: 5 4 
23549 4 23565 416 F: 4 
23698 10 23728 425 F: 5 5 
23772 4 23788 291 F: 4 
23847 8 23855 426 F: 6 2 
23963 5 23973 385 F: 2 1 2 
24072 5 24082 216 F: 2 3 
24108 9 24126 450 F: 3 6 
24260 12 24272 52 F: 7 5 
24395 10 24425 364 F: 7 3 
24472 8 24488 93 F: 8 
24580 8 24596 402 F: 5 3 
24646 12 24682 380 F: 7 5 
24764 9 24773 178 F: 4 5 
24840 11 24873 467 F: 3 4 4 
24971 7 24985 121 F: 7 
25060 8 25068 154 F: 8 
25190 9 25199 271 F: 9 
25205 8 25229 24 F: 4 4 
25305 12 25329 340 F: 12 
25436 8 25468 197 F: 8 
25566 9 25593 462 F: 9 
25686 10 25706 116 F: 6 4 
25712 7 25740 75 F: 7 
25866 7 25873 446 F: 5 2 
25984 10 26004 161 F: 4 3 3 
26004 6 26022 359 F: 5 1 
26114 7 26128 72 F: 5 2 
26286 7 26314 141 F: 7 
26350 7 26357 147 F: 5 1 1 
26437 8 26469 189 F: 4 2 2 
26548 8 26564 350 F: 2 4 2 
26622 3 26634 449 F: 3 
26745 13 26758 93 F: 13 
26868 9 26895 74 F: 5 2 2 
26907 6 26931 297 F: 2 3 1 
27034 6 27046 232 F: 6 
27129 6 27147 241 F: 6 
27253 2 27261 467 F: 2 
27354 2 27358 120 F: 2 
27446 8 27470 6 F: 6 2 
27583 11 27594 483 F: 6 5 
27640 10 27680 255 F: 7 3 
27759 3 27768 52 F: 3 
27828 6 27846 199 F: 3 1 2 
27990 7 28011 81 F: 5 2 
28005 2 28009 270 F: 2 
28137 2 28145 250 F: 2 
28245 8 28269 217 F: 3 5 
28345 10 28365 295 F: 5 5 
28490 4 28494 157 F: 4 
28592 5 28612 58 F: 5 
28610 10 28630 228 F: 5 1 4 
28719 12 28731 445 F: 12 
28857 5 28877 329 F: 4 1 
28913 7 28927 346 F: 7 
29074 4 29090 286 F: 4 
29109 8 29133 353 F: 2 6 
29253 11 29286 329 F: 11 
29354 6 29378 493 F: 2 4 
29458 8 29482 51 F: 4 4 
29589 9 29625 235 F: 5 3 1 
29621 11 29654 88 F: 6 5 
29761 8 29785 99 F: 2 3 3 
29859 12 29907 155 F: 6 6 
29961 10 29981 204 F: 7 3 
30060 8 30084 385 F: 8 
30154 8 30186 337 F: 3 4 1 
30219 10 30239 391 F: 4 6 
30375 6 30399 447 F: 6 
30444 10 30484 111 F: 4 6 
30590 8 30598 408 F: 5 3 
30689 9 30725 350 F: 4 3 2 
30735 9 30762 118 F: 3 6 
30837 8 30869 407 F: 2 6 
30948 13 30987 147 F: 13 
31091 10 31101 147 F: 6 4 
31194 9 31221 13 F: 4 1 4 
31229 5 31239 291 F: 3 2 
31389 9 31416 386 F: 9 
31438 10 31478 73 F: 4 4 2 
31523 4 31539 253 F: 4 
31680 10 31710 287 F: 4 2 4 
31733 4 31745 122 F: 3 1 
31827 6 31833 132 F: 3 3 
31941 10 31971 204 F: 10 
32082 10 32112 208 F: 10 
32113 8 32137 379 F: 8 
32252 5 32262 161 F: 5 
32356 5 32371 49 F: 5 
32490 12 32538 81 F: 6 6 
32592 2 32594 18 F: 2 
32626 11 32637 403 F: 7 4 
32787 11 32798 443 F: 5 6 
32800 6 32806 375 F: 2 4 
32959 12 33007 420 F: 12 
33097 10 33127 270 F: 2 4 4 
33144 5 33159 138 F: 3 1 1 
33288 13 33327 332 F: 13 
33349 9 33385 469 F: 9 
33435 10 33465 198 F: 10 
33546 13 33559 464 F: 13 
33665 9 33701 139 F: 2 3 4 
33742 9 33778 405 F: 6 3 
33891 9 33900 279 F: 5 4 
33911 7 33939 111 F: 3 1 3 
34059 11 34070 177 F: 5 3 3 
34139 7 34153 366 F: 7 
34297 6 34303 499 F: 6 
34333 4 34341 154 F: 4 
34480 8 34488 286 F: 3 2 3 
34532 6 34550 302 F: 2 2 2 
34668 8 34700 393 F: 3 5 
34769 8 34785 28 F: 3 3 2 
34862 10 34872 480 F: 10 
34928 4 34936 303 F: 2 1 1 
35056 5 35076 227 F: 5 
35105 4 35113 305 F: 4 
35218 8 35234 435 F: 5 3 
35305 10 35345 336 F: 10 
35422 8 35430 155 F: 2 2 4 
35582 3 35585 101 F: 3 
35695 8 35703 432 F: 2 3 3 
35717 8 35749 229 F: 4 2 2 
35848 8 35856 46 F: 4 2 2 
35932 8 35948 325 F: 3 5 
36084 8 36092 451 F: 4 1 3 
36132 6 36156 378 F: 6 
36254 8 36262 380 F: 8 
36335 8 36359 482 F: 8 
36494 13 36507 263 F: 5 4 4 
36575 8 36607 266 F: 4 4 
36612 13 36651 403 F: 13 
36702 12 36738 281 F: 12 
36817 12 36853 210 F: 12 
36904 9 36940 13 F: 3 2 4 
37052 12 37064 247 F: 6 6 
37148 4 37164 229 F: 3 1 
37215 6 37233 97 F: 5 1 
37344 12 37368 461 F: 12 
37488 13 37540 126 F: 13 
37582 10 37622 343 F: 10 
37668 6 37692 160 F: 6 
37750 7 37771 416 F: 5 1 1 
37827 8 37851 221 F: 2 3 3 
37906 8 37930 500 F: 3 4 1 
38055 3 38058 496 F: 3 
38178 10 38198 477 F: 5 5 
38261 3 38270 133 F: 2 1 
38323 12 38359 473 F: 7 5 
38486 11 38497 266 F: 5 3 3 
38543 7 38557 27 F: 2 2 3 
38668 9 38695 76 F: 9 
38747 7 38761 34 F: 4 3 
38817 8 38849 348 F: 8 
38901 8 38933 145 F: 7 1 
39003 4 39011 256 F: 4 
39195 12 39207 385 F: 4 4 4 
39203 8 39235 111 F: 5 3 
39365 10 39405 31 F: 4 2 4 
39431 9 39449 294 F: 3 6 
39507 2 39515 271 F: 2 
39602 8 39618 253 F: 7 1 
39764 9 39773 455 F: 2 3 4 
39898 6 39904 262 F: 2 3 1 
39923 13 39962 312 F: 13 
40075 7 40089 138 F: 3 4 
40160 11 40171 94 F: 7 4 
40202 11 40246 197 F: 3 4 4 
40319 4 40335 7 F: 2 1 1 
40467 11 40511 128 F: 7 4 
40551 8 40583 243 F: 4 3 1 
40617 9 40644 303 F: 3 3 3 
40795 13 40808 448 F: 13 
40853 11 40886 307 F: 11 
40963 8 40987 468 F: 3 3 2 
41070 10 41110 74 F: 5 4 1 
41122 5 41127 477 F: 3 1 1 
41214 12 41226 360 F: 6 6 
41377 7 41384 38 F: 6 1 
41402 7 41409 72 F: 7 
41555 11 41566 428 F: 5 6 
41649 12 41661 160 F: 6 6 
41787 7 41794 60 F: 3 1 3 
41836 9 41872 441 F: 9 
41947 10 41967 67 F: 4 6 
42098 9 42107 66 F: 5 4 
42184 9 42211 248 F: 9 
42248 12 42296 460 F: 12 
42365 7 42386 187 F: 7 
42490 9 42526 406 F: 3 6 
42527 11 42571 451 F: 11 
42615 7 42636 383 F: 4 2 1 
42761 7 42775 210 F: 3 1 3 
42821 4 42825 202 F: 4 
42974 13 43013 67 F: 7 6 
43033 6 43051 51 F: 5 1 
43139 9 43166 313 F: 4 2 3 
43229 8 43261 192 F: 2 4 2 
43325 6 43331 139 F: 6 
43491 4 43495 24 F: 3 1 
43501 13 43553 58 F: 13 
43604 6 43616 317 F: 2 1 3 
43739 9 43766 203 F: 4 1 4 
43888 10 43908 69 F: 4 2 4 
43934 11 43967 214 F: 11 
44043 13 44069 469 F: 13 
44175 11 44186 159 F: 3 4 4 
44246 10 44286 27 F: 10 
44362 5 44372 144 F: 2 3 
44409 12 44457 240 F: 12 
44556 7 44584 494 F: 2 1 4 
44660 10 44680 41 F: 5 3 2 
44777 6 44789 124 F: 3 3 
44888 7 44895 250 F: 2 3 2 
44967 9 45003 284 F: 4 1 4 
45078 2 45086 45 F: 2 
45115 12 45127 318 F: 4 4 4 
45285 11 45296 297 F: 3 4 4 
45335 6 45353 446 F: 3 3 
45440 9 45449 322 F: 4 4 1 
45517 6 45535 304 F: 2 3 1 
45669 11 45713 43 F: 5 6 
45738 7 45745 156 F: 6 1 
45813 4 45829 462 F: 3 1 
45939 10 45949 374 F: 10 
46071 6 46095 204 F: 4 2 
46131 11 46175 81 F: 5 6 
46203 3 46215 376 F: 2 1 
46386 10 46406 76 F: 10 
46416 8 46440 322 F: 2 2 4 
46545 3 46548 326 F: 2 1 
46679 4 46683 60 F: 3 1 
46793 4 46809 277 F: 2 1 1 
46852 7 46873 338 F: 7 
46991 9 47009 302 F: 9 
47006 8 47022 465 F: 8 
47138 4 47146 484 F: 3 1 
47212 2 47216 225 F: 2 
47387 9 47396 223 F: 3 3 3 
47499 7 47520 111 F: 2 1 4 
47559 12 47571 351 F: 6 6 
47673 7 47687 375 F: 2 2 3 
47798 7 47819 366 F: 3 3 1 
47821 7 47842 36 F: 2 1 4 
47926 8 47934 268 F: 6 2 
48066 11 48110 48 F: 5 6 
48122 5 48127 193 F: 4 1 
48284 8 48292 410 F: 5 3 
48313 9 48322 162 F: 6 3 
48438 7 48466 99 F: 7 
48597 6 48615 195 F: 6 
48669 13 48721 190 F: 13 
48771 10 48801 356 F: 4 6 
48813 2 48819 391 F: 2 
48920 9 48929 155 F: 6 3 
49065 13 49117 200 F: 13 
49138 12 49162 68 F: 12 
49285 4 49297 458 F: 3 1 
49366 8 49398 397 F: 6 2 
49439 7 49460 102 F: 2 2 3 
49534 8 49542 111 F: 6 2 
49644 7 49672 43 F: 2 2 3 
49746 10 49766 111 F: 6 4 
49876 7 49897 109 F: 4 2 1 
49950 12 49974 139 F: 12 
D: 4 74 
D: 4 106 
D: 12 191 
D: 17 76 
D: 19 149 
D: 26 60 
D: 40 100 
D: 47 258 
D: 55 143 
D: 62 205 
D: 65 183 
D: 70 312 
D: 78 439 
D: 82 330 
D: 86 138 
D: 87 109 
D: 89 469 
D: 93 98 
D: 105 136 
D: 127 449 
D: 144 493 
D: 149 241 
D: 154 173 
D: 161 481 
D: 163 449 
D: 168 315 
D: 169 251 
D: 169 278 
D: 178 264 
D: 184 360 
D: 187 194 
D: 191 321 
D: 194 430 
D: 203 267 
D: 215 355 
D: 232 365 
D: 235 342 
D: 240 349 
D: 241 265 
D: 247 349 
D: 256 432 
D: 261 297 
D: 268 280 
D: 279 430 
D: 326 337 
D: 350 374 
D: 356 411 
D: 374 431 
D: 402 419 
D: 445 468 
