56 10 76 46 F: 5 5 
116 11 160 17 F: 11 
230 13 269 32 F: 7 6 
380 12 428 5 F: 5 3 4 
455 8 487 14 F: 8 
526 9 553 50 F: 9 
639 3 648 16 F: 2 1 
790 8 806 42 F: 6 2 
893 4 905 22 F: 4 
954 11 965 49 F: 11 
1010 6 1034 34 F: 3 1 2 
1177 6 1195 31 F: 5 1 
1226 11 1270 3 F: 6 5 
1372 12 1408 2 F: 12 
1487 4 1491 42 F: 4 
1556 13 1608 41 F: 13 
1628 7 1642 19 F: 5 1 1 
1717 7 1738 40 F: 4 3 
1820 10 1830 45 F: 10 
1928 3 1937 50 F: 3 
2029 10 2039 44 F: 4 3 3 
2153 10 2183 20 F: 4 6 
2252 8 2268 13 F: 3 2 3 
2316 8 2348 11 F: 4 1 3 
2483 3 2489 32 F: 3 
2516 4 2532 9 F: 3 1 
2631 9 2658 49 F: 5 3 1 
2756 8 2780 28 F: 8 
2870 9 2906 8 F: 5 1 3 
2945 10 2965 10 F: 7 3 
3044 11 3066 17 F: 6 5 
3136 3 3142 35 F: 2 1 
3298 9 3307 42 F: 4 4 1 
3340 3 3343 45 F: 3 
3440 11 3473 23 F: 5 2 4 
3525 6 3537 45 F: 6 
3663 10 3673 29 F: 6 4 
3772 9 3781 27 F: 4 4 1 
3868 9 3895 19 F: 4 3 2 
3914 5 3929 36 F: 5 
4059 3 4071 16 F: 2 1 
4102 9 4111 27 F: 3 3 3 
4210 13 4236 23 F: 5 4 4 
4398 12 4410 42 F: 12 
4460 8 4468 47 F: 3 3 2 
4528 11 4561 33 F: 11 
4663 9 4681 31 F: 5 2 2 
4778 9 4787 36 F: 9 
4806 8 4838 33 F: 8 
4946 11 4968 46 F: 11 
D: 5 48 
D: 25 37 
D: 28 30 
D: 34 42 
D: 42 43 
