98 12 134 206 F: 4 4 4 
174 10 184 419 F: 5 3 2 
201 13 214 166 F: 13 
383 12 431 409 F: 12 
487 10 497 362 F: 5 1 4 
515 5 535 90 F: 2 2 1 
640 8 664 48 F: 7 1 
743 7 750 424 F: 4 3 
874 8 890 128 F: 2 4 2 
926 8 958 62 F: 5 3 
1054 10 1064 421 F: 4 4 2 
1147 8 1179 453 F: 3 1 4 
1283 4 1299 114 F: 3 1 
1356 7 1384 228 F: 3 2 2 
1425 10 1465 95 F: 5 5 
1599 12 1623 62 F: 5 3 4 
1608 6 1620 296 F: 4 1 1 
1785 11 1796 447 F: 5 4 2 
1830 8 1838 183 F: 8 
1989 6 2013 147 F: 2 1 3 
2040 7 2054 98 F: 5 1 1 
2137 7 2158 84 F: 3 4 
2218 5 2223 118 F: 3 2 
2307 10 2347 147 F: 10 
2454 12 2478 127 F: 12 
2544 4 2556 19 F: 3 1 
2655 9 2673 216 F: 4 3 2 
2730 11 2752 179 F: 11 
2882 3 2885 361 F: 3 
2931 7 2938 274 F: 5 1 1 
3054 9 3081 51 F: 7 2 
3134 6 3146 87 F: 6 
3286 4 3294 29 F: 4 
3325 11 3369 55 F: 5 4 2 
3481 10 3491 178 F: 5 3 2 
3562 11 3573 214 F: 4 3 4 
3634 7 3662 445 F: 4 1 2 
3783 6 3807 415 F: 3 3 
3872 8 3880 401 F: 3 4 1 
3939 3 3945 155 F: 3 
4067 10 4107 116 F: 5 5 
4186 8 4218 211 F: 2 2 4 
4253 10 4273 41 F: 10 
4355 9 4382 412 F: 9 
4481 3 4487 87 F: 2 1 
4510 7 4531 89 F: 2 5 
4698 10 4738 406 F: 3 4 3 
4749 4 4765 160 F: 2 1 1 
4870 11 4892 491 F: 11 
4904 6 4922 38 F: 6 
5019 7 5040 407 F: 5 2 
5101 12 5113 298 F: 5 4 3 
5242 8 5250 46 F: 8 
5379 9 5397 131 F: 5 2 2 
5460 3 5469 301 F: 3 
5533 8 5557 440 F: 2 4 2 
5664 11 5697 105 F: 11 
5721 8 5745 174 F: 8 
5826 12 5838 93 F: 7 5 
5987 6 5999 137 F: 6 
6032 8 6040 311 F: 8 
6177 10 6197 127 F: 3 4 3 
6276 7 6297 129 F: 3 2 2 
6339 13 6352 322 F: 7 6 
6437 11 6481 406 F: 11 
6502 10 6522 242 F: 4 6 
6685 6 6697 425 F: 6 
6768 7 6789 184 F: 5 1 1 
6857 8 6889 401 F: 2 3 3 
6950 6 6956 499 F: 2 4 
7073 13 7125 74 F: 13 
7139 13 7165 298 F: 7 6 
7248 6 7260 356 F: 6 
7365 11 7376 157 F: 11 
7422 9 7431 298 F: 9 
7559 9 7595 24 F: 4 1 4 
7621 8 7629 302 F: 6 2 
7759 9 7786 319 F: 4 2 3 
7884 5 7894 384 F: 3 2 
7969 10 7999 386 F: 4 4 2 
8009 3 8015 367 F: 2 1 
8121 2 8129 260 F: 2 
8232 6 8244 323 F: 6 
8331 10 8351 330 F: 5 5 
8403 6 8421 356 F: 6 
8522 10 8562 224 F: 6 4 
8606 11 8639 275 F: 7 4 
8757 6 8781 10 F: 5 1 
8899 5 8914 370 F: 5 
8987 7 9008 221 F: 3 3 1 
9062 11 9106 245 F: 5 6 
9137 11 9181 399 F: 7 4 
9264 8 9288 47 F: 2 4 2 
9383 2 9391 215 F: 2 
9454 5 9464 320 F: 4 1 
9585 12 9633 79 F: 4 4 4 
9600 8 9608 167 F: 2 4 2 
9710 11 9743 189 F: 5 6 
9896 8 9904 326 F: 7 1 
9961 9 9970 19 F: 3 4 2 
10051 10 10061 361 F: 10 
10182 13 10195 453 F: 7 6 
10240 4 10252 111 F: 3 1 
10360 4 10368 327 F: 2 2 
10413 7 10441 144 F: 4 3 
10575 7 10603 313 F: 3 4 
10634 7 10655 30 F: 2 5 
10754 8 10770 446 F: 8 
10802 5 10822 408 F: 4 1 
10939 6 10951 446 F: 3 1 2 
11031 7 11052 431 F: 2 5 
11127 11 11138 270 F: 5 4 2 
11212 10 11222 406 F: 4 4 2 
11392 7 11399 7 F: 7 
11459 5 11474 459 F: 5 
11578 8 11602 411 F: 8 
11612 7 11619 199 F: 5 2 
11747 8 11755 209 F: 2 6 
11847 10 11857 367 F: 5 5 
11966 4 11978 171 F: 4 
12014 6 12038 28 F: 5 1 
12143 5 12153 324 F: 3 2 
12206 9 12242 355 F: 9 
12311 10 12331 381 F: 5 5 
12427 11 12438 138 F: 3 4 4 
12596 9 12605 64 F: 9 
12690 10 12720 270 F: 5 4 1 
12700 8 12708 390 F: 8 
12830 11 12841 297 F: 3 4 4 
12922 8 12930 437 F: 8 
13079 7 13100 119 F: 7 
13174 6 13192 491 F: 3 3 
13250 12 13262 377 F: 12 
13388 5 13393 29 F: 5 
13459 2 13461 345 F: 2 
13525 13 13551 60 F: 5 4 4 
13643 8 13675 337 F: 2 6 
13774 8 13790 269 F: 5 2 1 
13884 5 13899 484 F: 5 
13919 10 13939 421 F: 10 
14099 13 14125 350 F: 13 
14128 3 14137 87 F: 3 
14221 13 14247 424 F: 5 4 4 
14308 7 14329 88 F: 7 
14470 10 14490 283 F: 4 2 4 
14502 11 14524 43 F: 11 
14617 6 14635 166 F: 2 2 2 
14773 2 14775 423 F: 2 
14856 6 14862 403 F: 2 1 3 
14979 13 14992 206 F: 13 
15080 4 15096 262 F: 2 1 1 
15152 11 15196 495 F: 4 3 4 
15221 9 15230 7 F: 9 
15332 12 15380 11 F: 12 
15472 7 15500 55 F: 5 2 
15532 8 15564 190 F: 2 3 3 
15699 6 15711 71 F: 6 
15755 9 15764 46 F: 4 4 1 
15835 6 15859 411 F: 3 2 1 
15921 9 15957 242 F: 5 3 1 
16075 9 16102 276 F: 3 2 4 
16120 12 16156 443 F: 7 5 
16254 13 16293 490 F: 7 6 
16388 7 16395 146 F: 3 2 2 
16468 5 16488 428 F: 4 1 
16500 4 16508 489 F: 4 
16697 7 16725 460 F: 5 2 
16723 4 16739 274 F: 4 
16852 6 16870 11 F: 6 
16965 10 17005 251 F: 7 3 
17085 10 17115 248 F: 4 6 
17161 9 17197 184 F: 5 3 1 
17258 10 17288 340 F: 5 3 2 
17312 11 17356 413 F: 4 4 3 
17486 8 17518 90 F: 2 2 4 
17588 9 17606 480 F: 4 2 3 
17675 5 17680 82 F: 3 2 
17788 7 17802 278 F: 5 2 
17858 6 17882 66 F: 6 
17967 13 18006 445 F: 13 
18020 8 18052 148 F: 7 1 
18140 11 18184 484 F: 11 
18257 8 18289 71 F: 5 3 
18314 8 18346 3 F: 4 1 3 
18477 6 18489 102 F: 6 
18542 9 18569 418 F: 9 
18663 12 18711 465 F: 12 
18726 5 18746 276 F: 3 2 
18892 6 18904 264 F: 6 
18995 12 19031 149 F: 12 
19037 8 19061 129 F: 2 6 
19172 9 19181 17 F: 5 2 2 
19234 9 19252 318 F: 5 2 2 
19342 9 19360 38 F: 4 4 1 
19455 3 19467 25 F: 2 1 
19535 11 19579 372 F: 11 
19655 7 19669 95 F: 3 4 
19763 8 19779 468 F: 8 
19818 7 19839 140 F: 7 
19918 10 19958 321 F: 5 5 
20023 9 20032 302 F: 3 6 
20133 7 20140 75 F: 2 5 
20238 11 20260 13 F: 11 
20322 10 20362 99 F: 2 4 4 
20485 8 20517 372 F: 3 3 2 
20597 3 20603 8 F: 2 1 
20630 13 20682 296 F: 7 6 
20743 8 20775 176 F: 5 1 2 
20820 7 20834 140 F: 3 1 3 
20954 6 20960 394 F: 6 
21067 11 21089 374 F: 3 4 4 
21181 12 21205 120 F: 5 4 3 
21272 5 21277 443 F: 2 2 1 
21363 5 21378 223 F: 5 
21423 8 21447 230 F: 6 2 
21502 10 21512 381 F: 5 4 1 
21665 8 21689 441 F: 8 
21713 7 21720 315 F: 5 2 
21804 9 21840 35 F: 5 4 
21971 10 22011 7 F: 3 4 3 
22012 11 22034 285 F: 6 5 
22174 7 22202 118 F: 5 2 
22222 3 22234 388 F: 3 
22326 2 22332 97 F: 2 
22437 9 22446 382 F: 3 2 4 
22583 8 22615 416 F: 8 
22680 10 22700 356 F: 5 4 1 
22706 2 22710 270 F: 2 
22847 11 22869 9 F: 7 4 
22988 11 23010 43 F: 11 
23044 8 23052 178 F: 5 2 1 
23156 8 23164 246 F: 3 4 1 
23263 11 23307 360 F: 5 6 
23376 5 23381 230 F: 4 1 
23486 9 23504 186 F: 3 6 
23553 5 23558 484 F: 5 
23645 10 23685 483 F: 10 
23702 12 23726 365 F: 12 
23804 11 23815 296 F: 11 
23907 7 23928 482 F: 5 2 
24055 8 24087 243 F: 6 2 
24162 11 24184 487 F: 11 
24237 10 24267 190 F: 3 4 3 
24343 5 24363 233 F: 5 
24440 13 24492 497 F: 7 6 
24579 10 24589 377 F: 3 3 4 
24653 8 24661 165 F: 3 5 
24719 7 24726 146 F: 7 
24841 6 24859 338 F: 3 2 1 
24941 12 24953 458 F: 6 6 
25092 9 25119 334 F: 9 
25143 3 25146 77 F: 3 
25247 6 25265 368 F: 2 2 2 
25393 5 25403 156 F: 2 3 
25415 9 25424 157 F: 9 
25546 2 25554 30 F: 2 
25643 11 25654 141 F: 11 
25729 7 25750 90 F: 7 
25819 6 25831 411 F: 6 
25968 7 25975 216 F: 6 1 
26016 7 26044 201 F: 2 4 1 
26157 10 26197 228 F: 2 4 4 
26279 7 26293 79 F: 4 3 
26340 5 26345 249 F: 3 2 
26435 8 26467 154 F: 5 2 1 
26599 7 26613 430 F: 4 3 
26662 7 26676 16 F: 5 1 1 
26777 13 26803 294 F: 13 
26814 9 26841 45 F: 7 2 
26986 10 27016 275 F: 10 
27030 7 27044 91 F: 6 1 
27170 8 27186 165 F: 8 
27229 6 27247 17 F: 6 
27386 13 27438 257 F: 13 
27421 10 27451 376 F: 10 
27531 7 27559 252 F: 5 2 
27692 8 27708 454 F: 3 4 1 
27769 6 27787 213 F: 2 2 2 
27885 8 27893 371 F: 2 6 
27998 4 28006 279 F: 4 
28095 8 28111 420 F: 5 3 
28164 11 28186 57 F: 5 4 2 
28294 12 28342 301 F: 12 
28339 8 28363 270 F: 4 3 1 
28423 9 28432 101 F: 5 4 
28521 8 28529 400 F: 6 2 
28697 11 28708 141 F: 11 
28722 10 28742 40 F: 10 
28845 5 28860 224 F: 5 
28962 9 28971 103 F: 4 1 4 
29080 11 29091 215 F: 5 3 3 
29149 7 29163 377 F: 7 
29203 13 29242 421 F: 13 
29300 11 29322 152 F: 11 
29469 10 29509 135 F: 5 3 2 
29583 8 29615 254 F: 8 
29681 5 29691 272 F: 5 
29743 10 29763 439 F: 6 4 
29862 5 29877 323 F: 3 1 1 
29980 9 30016 384 F: 5 3 1 
30019 10 30039 209 F: 10 
30134 9 30170 337 F: 3 4 2 
30283 6 30289 100 F: 2 1 3 
30363 4 30367 98 F: 2 2 
30429 9 30456 239 F: 4 3 2 
30571 7 30599 153 F: 2 5 
30616 10 30626 240 F: 5 1 4 
30726 7 30733 382 F: 7 
30872 3 30878 226 F: 3 
30934 8 30958 373 F: 4 1 3 
31016 8 31048 119 F: 3 4 1 
31116 8 31140 284 F: 5 3 
31274 7 31295 238 F: 2 5 
31309 7 31330 4 F: 2 2 3 
31450 11 31483 30 F: 11 
31577 10 31617 367 F: 6 4 
31693 8 31717 439 F: 4 3 1 
31744 9 31762 4 F: 3 4 2 
31809 2 31815 471 F: 2 
31925 6 31937 52 F: 6 
32080 13 32132 488 F: 13 
32194 10 32224 178 F: 5 1 4 
32296 2 32300 274 F: 2 
32365 11 32387 264 F: 11 
32420 4 32432 372 F: 4 
32517 8 32533 226 F: 2 6 
32629 12 32677 293 F: 12 
32797 9 32833 180 F: 4 5 
32811 10 32841 343 F: 5 5 
32928 4 32944 346 F: 3 1 
33097 11 33141 367 F: 11 
33193 5 33203 387 F: 2 3 
33242 8 33274 268 F: 3 4 1 
33349 11 33371 226 F: 6 5 
33480 10 33500 386 F: 5 3 2 
33596 9 33614 134 F: 9 
33684 4 33700 319 F: 4 
33762 8 33770 454 F: 8 
33805 3 33808 152 F: 3 
33916 7 33930 61 F: 2 2 3 
34099 5 34104 25 F: 3 1 1 
34195 6 34213 414 F: 2 1 3 
34236 8 34260 71 F: 5 3 
34383 4 34391 28 F: 2 2 
34412 7 34440 144 F: 5 2 
34525 8 34541 130 F: 4 2 2 
34648 6 34666 404 F: 3 3 
34715 11 34759 15 F: 11 
34858 8 34866 281 F: 4 3 1 
34908 5 34928 261 F: 3 1 1 
35094 8 35118 469 F: 3 4 1 
35115 8 35139 316 F: 7 1 
35296 9 35314 151 F: 2 4 3 
35351 8 35367 445 F: 8 
35414 10 35444 57 F: 5 4 1 
35510 6 35516 39 F: 6 
35669 4 35677 55 F: 4 
35769 6 35775 96 F: 6 
35817 9 35826 222 F: 5 4 
35993 6 35999 215 F: 5 1 
36035 10 36075 228 F: 5 5 
36165 9 36174 177 F: 5 1 3 
36223 3 36232 75 F: 2 1 
36319 8 36351 219 F: 8 
36461 13 36474 322 F: 5 4 4 
36537 6 36561 140 F: 3 3 
36698 10 36728 488 F: 4 4 2 
36700 2 36706 387 F: 2 
36800 7 36828 423 F: 2 3 2 
36905 4 36913 335 F: 4 
37041 7 37062 375 F: 5 1 1 
37124 10 37164 469 F: 5 5 
37206 6 37230 5 F: 4 2 
37370 8 37386 361 F: 6 2 
37418 5 37428 404 F: 5 
37536 10 37546 490 F: 5 5 
37609 11 37620 417 F: 5 6 
37793 9 37811 40 F: 9 
37899 7 37906 131 F: 3 3 1 
37973 8 37981 423 F: 8 
38027 11 38071 26 F: 11 
38149 11 38193 422 F: 5 4 2 
38240 2 38242 28 F: 2 
38396 4 38404 188 F: 4 
38419 8 38435 390 F: 8 
38557 5 38562 76 F: 5 
38679 3 38682 493 F: 3 
38730 7 38744 270 F: 2 3 2 
38845 5 38850 86 F: 2 3 
38985 3 38991 443 F: 3 
39076 9 39112 464 F: 2 4 3 
39166 13 39218 183 F: 13 
39281 5 39291 279 F: 5 
39384 8 39392 95 F: 3 2 3 
39464 11 39486 292 F: 3 4 4 
39594 8 39610 476 F: 2 2 4 
39695 8 39703 376 F: 8 
39749 7 39777 452 F: 7 
39812 2 39818 411 F: 2 
39993 8 40001 421 F: 8 
40059 10 40069 219 F: 10 
40115 7 40136 179 F: 3 4 
40254 9 40272 101 F: 3 4 2 
40382 8 40390 128 F: 2 3 3 
40430 8 40454 110 F: 5 3 
40520 2 40522 136 F: 2 
40639 7 40653 58 F: 7 
40714 8 40722 319 F: 5 3 
40847 8 40855 281 F: 8 
40902 11 40924 63 F: 4 4 3 
41054 12 41090 448 F: 6 6 
41113 8 41145 489 F: 8 
41266 3 41272 68 F: 3 
41309 9 41345 133 F: 3 3 3 
41409 10 41449 411 F: 3 3 4 
41511 11 41544 302 F: 4 3 4 
41635 12 41683 199 F: 12 
41752 8 41768 326 F: 5 3 
41818 8 41842 257 F: 2 4 2 
41904 11 41937 64 F: 4 4 3 
42072 7 42086 368 F: 2 5 
42148 7 42162 399 F: 2 3 2 
42231 4 42243 73 F: 2 2 
42363 5 42368 460 F: 5 
42419 9 42446 19 F: 4 2 3 
42599 12 42623 95 F: 12 
42699 10 42739 400 F: 4 6 
42718 9 42754 461 F: 7 2 
42883 9 42910 460 F: 3 4 2 
42922 3 42931 165 F: 3 
43054 12 43066 268 F: 7 5 
43168 4 43176 35 F: 2 2 
43221 8 43229 201 F: 8 
43318 11 43362 114 F: 5 2 4 
43459 5 43464 16 F: 4 1 
43502 4 43506 403 F: 2 1 1 
43636 2 43642 37 F: 2 
43749 9 43776 314 F: 9 
43808 12 43832 51 F: 12 
43919 10 43959 46 F: 2 4 4 
44001 8 44033 490 F: 3 5 
44151 5 44161 338 F: 2 1 2 
44279 5 44284 164 F: 3 1 1 
44389 9 44425 20 F: 4 4 1 
44445 8 44477 21 F: 4 4 
44592 10 44632 221 F: 10 
44685 12 44721 458 F: 12 
44743 6 44761 377 F: 4 1 1 
44834 11 44856 276 F: 5 2 4 
44926 7 44954 223 F: 4 2 1 
45035 5 45050 299 F: 5 
45170 7 45177 421 F: 2 4 1 
45270 10 45310 33 F: 4 6 
45327 8 45351 146 F: 2 4 2 
45452 9 45461 255 F: 4 3 2 
45596 9 45632 39 F: 9 
45686 8 45702 398 F: 2 6 
45728 11 45750 269 F: 5 2 4 
45861 7 45882 193 F: 4 2 1 
45904 3 45910 191 F: 3 
46072 11 46094 206 F: 5 3 3 
46129 7 46143 203 F: 4 3 
46266 4 46274 134 F: 4 
46312 7 46340 393 F: 6 1 
46424 7 46438 411 F: 6 1 
46579 8 46611 268 F: 5 1 2 
46602 13 46654 49 F: 7 6 
46781 10 46821 150 F: 3 3 4 
46876 8 46892 187 F: 4 4 
46939 9 46948 59 F: 5 3 1 
47091 9 47127 156 F: 4 4 1 
47174 7 47202 48 F: 2 4 1 
47273 10 47283 66 F: 3 4 3 
47369 11 47380 390 F: 5 3 3 
47451 13 47503 231 F: 7 6 
47522 11 47544 42 F: 11 
47623 6 47647 64 F: 3 1 2 
47782 6 47794 418 F: 6 
47873 8 47881 469 F: 5 1 2 
47976 9 47994 79 F: 6 3 
48047 10 48087 455 F: 10 
48158 9 48176 397 F: 2 3 4 
48243 11 48287 7 F: 11 
48350 12 48386 379 F: 4 4 4 
48400 4 48408 308 F: 2 1 1 
48520 11 48531 374 F: 11 
48648 11 48659 385 F: 4 4 3 
48735 11 48779 198 F: 4 3 4 
48858 12 48906 369 F: 12 
48954 13 49006 246 F: 13 
49033 3 49039 116 F: 3 
49112 12 49160 478 F: 7 5 
49281 10 49311 306 F: 5 5 
49348 9 49375 184 F: 4 5 
49400 11 49411 405 F: 5 6 
49547 9 49565 368 F: 9 
49602 8 49610 45 F: 5 2 1 
49734 12 49782 56 F: 12 
49857 8 49873 187 F: 7 1 
49938 6 49962 494 F: 4 1 1 
D: 1 291 
D: 4 185 
D: 7 93 
D: 7 295 
D: 22 112 
D: 26 134 
D: 33 479 
D: 37 380 
D: 38 201 
D: 42 148 
D: 52 480 
D: 57 266 
D: 58 415 
D: 63 421 
D: 70 293 
D: 70 414 
D: 78 210 
D: 80 100 
D: 95 334 
D: 96 162 
D: 99 486 
D: 144 156 
D: 146 369 
D: 152 445 
D: 154 217 
D: 179 375 
D: 187 330 
D: 189 300 
D: 193 226 
D: 193 311 
D: 197 483 
D: 198 227 
D: 208 465 
D: 210 405 
D: 214 496 
D: 222 497 
D: 226 382 
D: 240 255 
D: 261 300 
D: 275 348 
D: 285 367 
D: 297 452 
D: 299 430 
D: 333 477 
D: 342 420 
D: 375 441 
D: 386 490 
D: 394 453 
D: 403 406 
D: 420 482 
