21 8 53 41 F: 3 5 
199 13 251 2 F: 13 
238 11 249 20 F: 3 4 4 
353 10 363 24 F: 7 3 
405 13 418 37 F: 13 
549 2 555 23 F: 2 
651 2 657 37 F: 2 
766 11 799 7 F: 5 3 3 
805 8 813 20 F: 3 3 2 
907 9 943 2 F: 9 
1090 9 1117 6 F: 9 
1144 12 1192 10 F: 12 
1214 11 1258 36 F: 7 4 
1336 13 1388 5 F: 7 6 
1443 12 1491 45 F: 5 4 3 
1567 5 1587 5 F: 2 2 1 
1627 8 1635 28 F: 4 3 1 
1730 10 1760 9 F: 10 
1879 10 1919 12 F: 6 4 
1921 10 1951 40 F: 5 5 
2027 10 2047 15 F: 4 6 
2182 5 2202 49 F: 3 1 1 
2224 5 2229 20 F: 5 
2318 2 2326 32 F: 2 
2406 10 2436 30 F: 4 3 3 
2519 11 2563 44 F: 11 
2694 9 2730 4 F: 7 2 
2715 11 2748 46 F: 5 2 4 
2829 2 2837 26 F: 2 
2931 11 2964 44 F: 5 3 3 
3092 8 3116 39 F: 2 6 
3110 12 3146 47 F: 12 
3222 7 3236 49 F: 2 5 
3390 8 3398 37 F: 4 2 2 
3455 7 3469 3 F: 7 
3542 10 3582 39 F: 7 3 
3626 10 3646 47 F: 2 4 4 
3746 11 3768 32 F: 6 5 
3843 8 3867 24 F: 6 2 
3910 9 3937 17 F: 9 
4000 9 4027 49 F: 4 4 1 
4155 6 4167 5 F: 4 2 
4255 8 4287 13 F: 7 1 
4317 4 4329 29 F: 3 1 
4456 7 4484 39 F: 2 3 2 
4558 3 4567 48 F: 3 
4631 12 4667 15 F: 12 
4750 8 4758 49 F: 4 3 1 
4880 9 4889 21 F: 4 3 2 
4905 7 4933 15 F: 5 1 1 
D: 0 10 
D: 1 41 
D: 3 10 
D: 23 26 
D: 28 41 
