96 11 107 102 F: 5 6 
198 8 206 357 F: 8 
288 13 314 85 F: 13 
341 8 373 185 F: 4 1 3 
411 10 441 418 F: 10 
553 6 559 51 F: 6 
606 6 630 435 F: 6 
723 10 753 500 F: 5 2 3 
876 7 890 313 F: 3 4 
952 10 992 491 F: 6 4 
1056 12 1068 318 F: 5 4 3 
1130 6 1148 261 F: 5 1 
1269 9 1287 10 F: 4 4 1 
1342 6 1354 201 F: 2 4 
1408 3 1411 1 F: 2 1 
1572 9 1599 52 F: 4 4 1 
1647 8 1679 326 F: 2 3 3 
1711 5 1726 117 F: 2 2 1 
1829 8 1837 49 F: 5 3 
1917 12 1929 236 F: 12 
2059 8 2075 254 F: 8 
2179 8 2211 426 F: 8 
2210 11 2221 157 F: 6 5 
2307 2 2313 471 F: 2 
2476 6 2488 443 F: 2 2 2 
2520 8 2536 421 F: 5 3 
2635 6 2653 285 F: 6 
2740 9 2749 321 F: 9 
2895 11 2917 19 F: 3 4 4 
2937 8 2953 162 F: 8 
3018 4 3026 33 F: 4 
3184 5 3204 365 F: 5 
3253 6 3259 388 F: 5 1 
3315 4 3319 161 F: 3 1 
3481 8 3497 379 F: 8 
3591 8 3623 436 F: 3 5 
3666 10 3686 239 F: 6 4 
3720 10 3730 334 F: 4 4 2 
3803 11 3825 474 F: 4 4 3 
3939 9 3966 321 F: 5 3 1 
4019 9 4028 472 F: 5 1 3 
4183 8 4207 358 F: 4 1 3 
4267 9 4285 442 F: 4 3 2 
4339 2 4345 185 F: 2 
4430 5 4450 227 F: 2 3 
4505 5 4510 372 F: 5 
4678 10 4688 237 F: 4 4 2 
4746 10 4786 341 F: 5 1 4 
4886 11 4908 258 F: 11 
4934 7 4948 234 F: 6 1 
5068 10 5078 324 F: 10 
5185 6 5203 23 F: 3 3 
5233 11 5277 219 F: 11 
5322 7 5343 86 F: 4 2 1 
5461 8 5477 228 F: 5 3 
5530 7 5544 278 F: 3 3 1 
5613 13 5665 9 F: 13 
5759 10 5789 461 F: 5 5 
5877 8 5909 199 F: 5 3 
5966 11 5988 466 F: 11 
6041 9 6059 160 F: 9 
6119 11 6130 81 F: 5 6 
6251 7 6265 29 F: 5 2 
6329 4 6345 276 F: 3 1 
6414 12 6426 440 F: 5 3 4 
6530 11 6574 262 F: 6 5 
6651 11 6673 448 F: 11 
6714 7 6728 371 F: 7 
6875 8 6907 158 F: 3 2 3 
6957 11 7001 199 F: 6 5 
7000 4 7016 176 F: 3 1 
7174 5 7179 316 F: 3 2 
7281 8 7305 463 F: 2 3 3 
7362 10 7392 350 F: 5 3 2 
7428 9 7437 26 F: 9 
7584 3 7596 490 F: 2 1 
7639 6 7663 311 F: 2 2 2 
7708 8 7740 336 F: 8 
7823 5 7833 127 F: 5 
7931 3 7943 17 F: 3 
8049 9 8076 278 F: 5 1 3 
8131 10 8141 208 F: 4 6 
8293 4 8301 464 F: 3 1 
8340 7 8354 22 F: 3 4 
8422 7 8450 275 F: 3 4 
8582 6 8600 500 F: 6 
8619 6 8625 46 F: 6 
8728 3 8731 365 F: 2 1 
8870 10 8910 398 F: 7 3 
8930 3 8942 112 F: 3 
9064 5 9069 342 F: 2 1 2 
9127 8 9143 13 F: 2 2 4 
9213 9 9240 353 F: 4 5 
9314 5 9334 230 F: 5 
9481 10 9521 406 F: 10 
9529 10 9539 82 F: 3 4 3 
9679 8 9711 51 F: 3 1 4 
9707 6 9719 3 F: 4 1 1 
9885 5 9890 222 F: 5 
9913 10 9943 278 F: 10 
10098 7 10119 382 F: 2 1 4 
10132 11 10176 368 F: 5 2 4 
10281 9 10290 480 F: 4 2 3 
10325 3 10331 162 F: 3 
10483 5 10493 284 F: 5 
10578 9 10587 377 F: 3 4 2 
10678 8 10686 378 F: 2 3 3 
10702 3 10711 164 F: 3 
10807 10 10847 293 F: 2 4 4 
10928 6 10934 17 F: 6 
11042 8 11074 300 F: 4 4 
11130 13 11182 299 F: 13 
11242 9 11260 454 F: 4 5 
11313 5 11318 410 F: 5 
11480 10 11520 342 F: 10 
11546 6 11552 144 F: 6 
11629 9 11647 143 F: 5 4 
11701 8 11733 477 F: 4 3 1 
11890 7 11911 145 F: 6 1 
11995 8 12003 394 F: 8 
12055 10 12075 283 F: 4 4 2 
12195 7 12202 356 F: 2 3 2 
12222 12 12258 179 F: 12 
12306 10 12316 77 F: 4 2 4 
12401 6 12413 199 F: 4 2 
12563 9 12572 10 F: 4 3 2 
12618 11 12640 201 F: 5 6 
12744 12 12780 194 F: 5 3 4 
12855 4 12859 297 F: 4 
12995 7 13023 32 F: 5 1 1 
13079 8 13103 279 F: 3 5 
13198 8 13214 315 F: 8 
13214 3 13220 181 F: 3 
13303 5 13323 482 F: 5 
13404 9 13422 91 F: 5 4 
13546 9 13582 458 F: 2 4 3 
13685 5 13695 299 F: 5 
13768 6 13774 72 F: 4 2 
13878 5 13898 454 F: 4 1 
13923 13 13936 441 F: 13 
14001 6 14013 195 F: 4 1 1 
14117 9 14153 105 F: 6 3 
14217 11 14239 400 F: 6 5 
14355 9 14391 288 F: 9 
14464 8 14480 265 F: 3 3 2 
14508 5 14528 77 F: 5 
14624 11 14657 338 F: 4 4 3 
14733 3 14736 434 F: 3 
14804 6 14810 237 F: 6 
14947 5 14962 124 F: 5 
15046 7 15067 480 F: 5 2 
15131 7 15159 406 F: 3 1 3 
15209 8 15241 287 F: 5 1 2 
15368 8 15392 364 F: 3 5 
15437 10 15477 284 F: 5 5 
15590 9 15617 89 F: 5 1 3 
15655 11 15699 309 F: 4 3 4 
15704 9 15722 360 F: 6 3 
15815 6 15827 263 F: 4 1 1 
15902 7 15909 121 F: 3 4 
16075 10 16095 417 F: 6 4 
16165 8 16197 10 F: 2 6 
16224 4 16236 319 F: 3 1 
16314 8 16330 383 F: 5 3 
16472 12 16508 49 F: 12 
16586 13 16612 414 F: 13 
16630 8 16646 160 F: 4 1 3 
16739 7 16760 56 F: 2 3 2 
16839 2 16845 140 F: 2 
16946 4 16958 462 F: 3 1 
17079 8 17111 340 F: 4 4 
17164 12 17212 197 F: 12 
17248 7 17262 260 F: 7 
17387 9 17423 328 F: 4 3 2 
17417 11 17461 220 F: 11 
17521 8 17545 88 F: 2 3 3 
17608 4 17616 102 F: 2 1 1 
17768 6 17774 403 F: 2 2 2 
17891 6 17909 302 F: 6 
17921 8 17929 357 F: 3 5 
18059 9 18077 415 F: 4 5 
18142 7 18156 457 F: 6 1 
18281 4 18297 185 F: 2 2 
18309 7 18330 438 F: 6 1 
18447 9 18483 237 F: 7 2 
18556 10 18576 311 F: 4 2 4 
18695 6 18713 349 F: 3 3 
18787 7 18815 220 F: 4 2 1 
18818 11 18840 410 F: 4 4 3 
18906 13 18958 219 F: 13 
19067 6 19091 227 F: 4 2 
19148 8 19180 425 F: 2 3 3 
19280 9 19316 393 F: 2 3 4 
19355 13 19407 425 F: 7 6 
19402 7 19416 307 F: 7 
19555 10 19595 257 F: 3 4 3 
19681 9 19708 127 F: 4 2 3 
19715 7 19736 490 F: 7 
19867 4 19875 83 F: 4 
19907 8 19931 67 F: 5 3 
20049 8 20073 68 F: 2 4 2 
20188 12 20212 226 F: 5 4 3 
20298 7 20319 151 F: 4 3 
20304 7 20332 72 F: 5 2 
20469 9 20478 67 F: 6 3 
20590 7 20611 438 F: 2 1 4 
20609 8 20625 289 F: 5 3 
20716 6 20734 6 F: 3 2 1 
20866 11 20899 290 F: 5 4 2 
20914 7 20928 495 F: 4 2 1 
21043 5 21048 148 F: 2 1 2 
21185 4 21197 432 F: 2 2 
21248 13 21274 81 F: 13 
21343 2 21351 51 F: 2 
21484 10 21494 250 F: 5 5 
21562 11 21584 209 F: 5 6 
21679 6 21703 16 F: 3 1 2 
21729 6 21753 149 F: 6 
21869 10 21889 41 F: 5 4 1 
21937 7 21951 14 F: 3 3 1 
22059 7 22080 46 F: 3 1 3 
22154 7 22175 432 F: 7 
22253 9 22289 425 F: 5 2 2 
22355 7 22383 206 F: 3 2 2 
22482 2 22484 192 F: 2 
22506 10 22526 278 F: 3 3 4 
22665 11 22676 282 F: 4 4 3 
22721 5 22741 37 F: 5 
22825 6 22831 47 F: 2 4 
22933 10 22963 288 F: 6 4 
23071 6 23089 216 F: 6 
23167 11 23189 389 F: 7 4 
23207 6 23219 261 F: 6 
23345 6 23363 166 F: 2 4 
23405 10 23445 296 F: 10 
23598 4 23602 454 F: 4 
23627 9 23636 316 F: 3 6 
23731 5 23736 143 F: 2 3 
23899 4 23907 193 F: 2 2 
23961 12 23997 80 F: 5 3 4 
24001 8 24009 368 F: 3 4 1 
24153 7 24167 369 F: 5 2 
24293 5 24298 44 F: 5 
24321 6 24333 386 F: 3 2 1 
24488 11 24499 94 F: 11 
24514 10 24534 420 F: 7 3 
24649 8 24665 407 F: 5 1 2 
24729 8 24753 155 F: 5 2 1 
24855 11 24877 58 F: 6 5 
24929 4 24941 228 F: 3 1 
25017 9 25053 46 F: 5 3 1 
25128 9 25146 382 F: 3 4 2 
25212 10 25222 155 F: 5 2 3 
25393 5 25408 465 F: 5 
25496 8 25504 427 F: 5 2 1 
25570 6 25588 242 F: 4 1 1 
25661 4 25669 351 F: 3 1 
25732 8 25740 358 F: 4 3 1 
25886 6 25898 445 F: 2 4 
25973 7 26001 364 F: 7 
26073 7 26101 373 F: 7 
26129 11 26173 14 F: 4 4 3 
26232 12 26256 2 F: 6 6 
26396 7 26417 482 F: 3 3 1 
26473 8 26497 499 F: 5 3 
26522 11 26555 10 F: 5 3 3 
26628 10 26648 261 F: 4 6 
26762 8 26786 407 F: 7 1 
26892 6 26898 98 F: 4 1 1 
26955 9 26982 321 F: 4 5 
27081 11 27103 464 F: 5 2 4 
27189 7 27196 292 F: 4 3 
27239 12 27251 246 F: 7 5 
27376 8 27384 468 F: 4 3 1 
27428 9 27464 37 F: 4 5 
27583 12 27631 147 F: 12 
27630 8 27662 233 F: 8 
27775 7 27782 128 F: 7 
27822 7 27829 324 F: 4 3 
27922 8 27930 438 F: 2 4 2 
28059 9 28095 438 F: 9 
28125 12 28161 168 F: 12 
28247 7 28254 45 F: 2 1 4 
28366 8 28390 385 F: 4 4 
28428 4 28432 334 F: 4 
28542 12 28554 221 F: 5 4 3 
28665 4 28677 196 F: 4 
28748 11 28781 322 F: 5 4 2 
28892 10 28932 431 F: 5 5 
28926 5 28946 46 F: 2 2 1 
29046 10 29066 291 F: 4 3 3 
29117 8 29125 194 F: 5 3 
29296 8 29304 370 F: 7 1 
29392 11 29414 96 F: 5 4 2 
29424 9 29442 168 F: 4 4 1 
29553 5 29573 170 F: 5 
29654 12 29678 306 F: 12 
29772 10 29812 87 F: 5 4 1 
29817 6 29823 353 F: 6 
29962 9 29971 234 F: 7 2 
30021 10 30051 253 F: 5 3 2 
30132 10 30152 98 F: 10 
30234 5 30244 462 F: 4 1 
30399 9 30408 499 F: 2 4 3 
30477 7 30484 340 F: 7 
30524 7 30531 159 F: 5 2 
30609 11 30620 25 F: 3 4 4 
30770 6 30788 51 F: 6 
30830 10 30870 288 F: 5 3 2 
30912 11 30956 98 F: 5 4 2 
31085 7 31092 96 F: 6 1 
31180 11 31191 211 F: 5 6 
31258 7 31286 491 F: 6 1 
31329 5 31334 482 F: 4 1 
31482 6 31506 265 F: 6 
31517 10 31537 204 F: 7 3 
31604 13 31643 261 F: 5 4 4 
31779 11 31801 331 F: 11 
31830 9 31848 469 F: 5 2 2 
31925 12 31973 56 F: 12 
32005 7 32012 484 F: 2 2 3 
32187 9 32205 96 F: 4 4 1 
32206 9 32242 35 F: 4 5 
32335 6 32347 28 F: 2 3 1 
32428 10 32468 404 F: 6 4 
32585 7 32613 483 F: 4 1 2 
32663 10 32683 229 F: 5 2 3 
32776 2 32778 379 F: 2 
32805 7 32826 26 F: 6 1 
32958 3 32970 160 F: 3 
33045 10 33085 272 F: 7 3 
33162 10 33202 386 F: 10 
33205 11 33238 228 F: 5 4 2 
33322 2 33330 340 F: 2 
33432 9 33441 466 F: 2 4 3 
33510 5 33515 135 F: 2 3 
33639 6 33657 428 F: 4 2 
33718 6 33736 307 F: 5 1 
33860 4 33876 404 F: 2 2 
33926 4 33930 376 F: 4 
34097 8 34121 416 F: 8 
34179 9 34197 95 F: 4 5 
34238 11 34249 490 F: 6 5 
34362 10 34392 158 F: 4 6 
34490 10 34510 468 F: 5 1 4 
34555 6 34573 132 F: 3 1 2 
34692 4 34696 388 F: 2 2 
34729 7 34757 136 F: 5 2 
34800 7 34821 132 F: 3 2 2 
34918 9 34954 99 F: 5 4 
35084 12 35120 259 F: 12 
35141 13 35193 194 F: 7 6 
35266 10 35306 287 F: 5 5 
35311 7 35318 127 F: 5 1 1 
35408 4 35420 460 F: 3 1 
35535 11 35557 321 F: 11 
35683 3 35686 299 F: 2 1 
35769 3 35775 282 F: 2 1 
35804 6 35810 461 F: 6 
35957 10 35987 317 F: 4 6 
36024 10 36044 194 F: 10 
36118 11 36151 44 F: 5 6 
36204 9 36222 471 F: 4 5 
36380 6 36392 298 F: 4 2 
36458 9 36494 417 F: 2 3 4 
36526 8 36558 190 F: 5 2 1 
36669 9 36687 441 F: 3 4 2 
36755 7 36762 54 F: 2 5 
36850 9 36868 313 F: 5 3 1 
36953 7 36960 482 F: 5 2 
37019 11 37030 253 F: 6 5 
37178 8 37210 383 F: 4 2 2 
37216 9 37234 460 F: 4 2 3 
37392 11 37414 423 F: 7 4 
37444 3 37447 340 F: 3 
37555 12 37567 212 F: 7 5 
37601 6 37619 412 F: 4 1 1 
37743 2 37745 51 F: 2 
37855 5 37860 78 F: 2 2 1 
37993 13 38006 133 F: 13 
38000 8 38008 401 F: 2 3 3 
38142 8 38166 438 F: 2 6 
38229 12 38241 474 F: 6 6 
38332 8 38340 307 F: 4 1 3 
38418 11 38429 476 F: 5 4 2 
38510 5 38525 322 F: 5 
38646 10 38686 3 F: 5 5 
38736 6 38754 54 F: 2 4 
38812 7 38840 230 F: 3 4 
38937 8 38969 495 F: 5 3 
39026 7 39054 22 F: 6 1 
39198 12 39222 330 F: 6 6 
39209 11 39242 376 F: 7 4 
39346 9 39382 330 F: 6 3 
39489 3 39498 447 F: 2 1 
39501 11 39545 42 F: 6 5 
39675 7 39682 147 F: 2 4 1 
39713 13 39739 182 F: 5 4 4 
39836 7 39843 73 F: 4 2 1 
39995 5 40015 270 F: 3 2 
40046 9 40073 427 F: 9 
40183 12 40207 294 F: 12 
40242 8 40250 189 F: 2 2 4 
40330 4 40342 42 F: 2 2 
40461 3 40467 189 F: 3 
40555 12 40567 377 F: 12 
40648 9 40684 387 F: 9 
40748 8 40764 218 F: 8 
40846 13 40885 326 F: 5 4 4 
40953 11 40997 347 F: 11 
41026 6 41050 366 F: 4 2 
41136 10 41156 77 F: 4 6 
41289 11 41300 433 F: 4 4 3 
41342 3 41351 142 F: 3 
41402 11 41435 273 F: 11 
41562 9 41589 95 F: 9 
41687 11 41731 391 F: 6 5 
41785 8 41809 152 F: 2 6 
41807 10 41837 438 F: 3 4 3 
41970 5 41975 50 F: 3 2 
42047 7 42061 208 F: 7 
42121 9 42148 104 F: 9 
42214 8 42222 12 F: 8 
42337 7 42351 255 F: 2 4 1 
42497 13 42536 461 F: 7 6 
42569 6 42581 129 F: 5 1 
42628 5 42643 252 F: 2 2 1 
42782 6 42806 244 F: 4 1 1 
42858 8 42882 282 F: 2 6 
42974 6 42980 485 F: 2 1 3 
43012 11 43034 268 F: 11 
43165 9 43201 135 F: 6 3 
43214 9 43241 370 F: 5 4 
43396 11 43418 425 F: 5 6 
43499 7 43506 352 F: 2 4 1 
43515 10 43545 213 F: 5 1 4 
43670 9 43697 1 F: 5 2 2 
43770 4 43786 185 F: 2 2 
43842 8 43866 67 F: 8 
43911 9 43929 278 F: 9 
44082 7 44089 261 F: 3 3 1 
44187 6 44211 35 F: 6 
44277 8 44293 500 F: 3 5 
44352 8 44368 79 F: 3 5 
44427 10 44447 329 F: 10 
44507 8 44539 55 F: 4 4 
44607 8 44639 79 F: 2 6 
44786 13 44799 159 F: 13 
44857 10 44897 77 F: 5 4 1 
44900 10 44930 357 F: 4 2 4 
45095 5 45105 82 F: 5 
45136 12 45148 130 F: 12 
45269 4 45273 92 F: 3 1 
45390 11 45423 297 F: 7 4 
45400 10 45410 167 F: 5 1 4 
45515 8 45539 24 F: 4 4 
45675 12 45711 401 F: 5 4 3 
45732 6 45750 237 F: 6 
45875 13 45888 260 F: 5 4 4 
45978 12 45990 494 F: 12 
46025 8 46049 454 F: 2 3 3 
46109 9 46118 72 F: 2 3 4 
46221 8 46245 263 F: 4 4 
46302 13 46315 12 F: 7 6 
46473 7 46494 477 F: 6 1 
46527 10 46567 148 F: 6 4 
46663 12 46687 418 F: 7 5 
46730 4 46734 488 F: 4 
46889 7 46910 1 F: 6 1 
46907 10 46937 272 F: 4 6 
47083 12 47107 22 F: 12 
47127 13 47153 37 F: 5 4 4 
47253 5 47268 110 F: 2 1 2 
47362 12 47386 270 F: 12 
47423 9 47459 156 F: 6 3 
47562 5 47572 208 F: 5 
47652 5 47667 94 F: 5 
47743 5 47753 94 F: 2 2 1 
47851 8 47859 331 F: 4 3 1 
47978 9 48005 199 F: 9 
48074 13 48126 294 F: 7 6 
48155 10 48175 15 F: 10 
48233 9 48260 225 F: 3 6 
48331 7 48345 169 F: 3 1 3 
48419 7 48433 118 F: 4 2 1 
48536 9 48563 381 F: 6 3 
48686 7 48693 372 F: 2 1 4 
48717 11 48750 16 F: 7 4 
48802 10 48842 164 F: 5 4 1 
48912 9 48939 314 F: 4 5 
49019 6 49031 205 F: 3 2 1 
49192 9 49210 11 F: 3 6 
49239 10 49279 85 F: 6 4 
49350 7 49378 191 F: 7 
49459 4 49471 34 F: 2 2 
49561 6 49567 462 F: 2 1 3 
49662 12 49710 324 F: 6 6 
49722 7 49729 405 F: 7 
49872 9 49890 404 F: 3 3 3 
49923 5 49933 493 F: 5 
D: 4 171 
D: 5 226 
D: 5 353 
D: 8 179 
D: 12 283 
D: 13 17 
D: 19 114 
D: 34 93 
D: 34 188 
D: 36 82 
D: 37 359 
D: 71 378 
D: 79 238 
D: 81 223 
D: 81 348 
D: 92 183 
D: 111 200 
D: 123 335 
D: 126 154 
D: 137 468 
D: 151 237 
D: 160 341 
D: 160 375 
D: 162 355 
D: 176 219 
D: 186 499 
D: 211 275 
D: 211 352 
D: 217 310 
D: 217 400 
D: 217 449 
D: 220 364 
D: 227 355 
D: 230 282 
D: 251 424 
D: 259 373 
D: 264 350 
D: 275 367 
D: 276 336 
D: 317 464 
D: 328 446 
D: 334 376 
D: 345 356 
D: 353 409 
D: 363 414 
D: 363 415 
D: 364 461 
D: 366 465 
D: 381 495 
D: 409 448 
