22 6 28 23 F: 2 4 
25 10 65 49 F: 10 
28 7 42 135 F: 4 1 2 
32 3 41 26 F: 3 
39 10 49 67 F: 3 3 4 
39 11 72 123 F: 5 3 3 
44 3 56 131 F: 3 
58 8 82 147 F: 5 1 2 
66 7 80 150 F: 3 1 3 
71 9 98 4 F: 9 
78 5 93 150 F: 3 2 
80 11 91 101 F: 6 5 
87 11 120 58 F: 11 
92 4 96 35 F: 2 2 
99 5 104 125 F: 2 3 
105 13 131 52 F: 13 
109 5 129 75 F: 5 
109 11 142 94 F: 11 
112 6 130 48 F: 4 2 
113 13 152 107 F: 13 
120 9 156 130 F: 3 6 
124 6 142 142 F: 6 
142 9 178 104 F: 7 2 
146 7 153 110 F: 2 2 3 
147 4 151 72 F: 4 
162 8 170 33 F: 6 2 
168 8 184 89 F: 3 3 2 
171 2 179 97 F: 2 
192 13 218 117 F: 13 
199 8 207 37 F: 5 3 
208 9 217 23 F: 9 
211 13 237 106 F: 13 
213 7 241 39 F: 7 
220 12 232 41 F: 12 
221 6 233 60 F: 6 
226 2 232 91 F: 2 
230 12 278 16 F: 12 
242 7 249 115 F: 4 3 
248 8 280 40 F: 8 
250 8 274 118 F: 2 4 2 
252 11 274 36 F: 5 6 
256 4 272 111 F: 3 1 
258 3 261 3 F: 3 
270 9 279 99 F: 5 4 
289 7 317 139 F: 5 1 1 
300 4 308 9 F: 4 
305 7 333 122 F: 2 3 2 
320 3 332 134 F: 3 
323 4 331 72 F: 2 2 
326 8 342 86 F: 6 2 
337 2 341 101 F: 2 
347 11 391 75 F: 11 
358 2 360 30 F: 2 
360 6 384 23 F: 3 3 
364 8 372 133 F: 3 5 
378 8 402 54 F: 2 4 2 
382 12 394 125 F: 6 6 
383 7 397 115 F: 3 3 1 
389 9 425 47 F: 5 1 3 
391 7 412 17 F: 7 
443 4 459 39 F: 4 
443 6 467 4 F: 2 1 3 
443 7 471 108 F: 2 1 4 
446 4 450 30 F: 4 
449 8 465 67 F: 2 4 2 
450 6 474 4 F: 6 
450 9 486 20 F: 5 1 3 
457 9 475 59 F: 9 
458 6 464 145 F: 6 
465 10 495 144 F: 4 4 2 
481 7 495 93 F: 2 3 2 
481 10 491 18 F: 5 2 3 
488 9 515 13 F: 4 1 4 
489 2 493 85 F: 2 
492 9 510 6 F: 4 3 2 
502 8 534 141 F: 8 
504 8 512 81 F: 2 3 3 
532 2 536 136 F: 2 
536 12 572 114 F: 7 5 
540 9 549 21 F: 4 2 3 
547 8 555 6 F: 3 5 
557 5 572 105 F: 5 
557 10 587 136 F: 10 
557 12 581 132 F: 12 
562 6 586 111 F: 2 3 1 
568 8 600 19 F: 4 2 2 
585 5 595 7 F: 5 
585 8 609 65 F: 3 1 4 
596 7 603 72 F: 3 4 
597 10 627 59 F: 4 2 4 
606 9 633 80 F: 3 2 4 
613 9 622 114 F: 5 4 
617 10 647 74 F: 10 
619 10 629 8 F: 4 6 
622 12 658 115 F: 5 4 3 
630 8 638 25 F: 3 1 4 
644 10 674 90 F: 4 6 
645 3 657 133 F: 3 
645 12 681 88 F: 5 4 3 
646 7 653 92 F: 4 2 1 
649 7 663 66 F: 7 
657 6 681 69 F: 4 2 
674 6 680 51 F: 3 3 
683 12 719 120 F: 4 4 4 
699 8 723 24 F: 3 1 4 
701 5 716 131 F: 5 
731 2 737 51 F: 2 
747 7 761 10 F: 5 2 
749 9 758 34 F: 9 
750 4 766 144 F: 2 2 
754 12 802 82 F: 12 
758 6 776 98 F: 5 1 
760 7 767 21 F: 2 1 4 
760 10 770 98 F: 4 6 
766 7 787 139 F: 4 1 2 
784 8 792 96 F: 5 2 1 
789 9 825 133 F: 5 1 3 
792 5 802 149 F: 5 
798 7 826 56 F: 3 1 3 
798 8 830 136 F: 3 3 2 
808 6 820 23 F: 3 2 1 
809 5 814 140 F: 5 
811 7 825 97 F: 2 1 4 
846 8 862 132 F: 2 2 4 
847 13 873 30 F: 7 6 
848 3 854 14 F: 3 
852 8 884 72 F: 6 2 
862 10 872 62 F: 5 5 
866 6 884 144 F: 2 3 1 
886 10 926 75 F: 4 6 
890 7 904 69 F: 6 1 
894 9 930 23 F: 4 5 
896 8 920 121 F: 2 6 
898 9 934 66 F: 4 2 3 
899 10 939 91 F: 5 3 2 
901 8 909 135 F: 4 4 
916 13 955 136 F: 13 
921 7 942 114 F: 3 2 2 
932 11 943 114 F: 6 5 
933 6 939 140 F: 6 
936 7 943 24 F: 2 2 3 
941 8 965 57 F: 2 3 3 
946 7 953 138 F: 3 4 
948 6 966 137 F: 4 1 1 
952 10 972 110 F: 5 1 4 
953 8 985 115 F: 4 4 
970 5 975 81 F: 3 1 1 
987 7 1008 34 F: 5 2 
989 11 1022 111 F: 5 2 4 
994 10 1014 100 F: 5 4 1 
D: 0 146 
D: 5 47 
D: 11 25 
D: 31 34 
D: 33 81 
D: 34 131 
D: 35 104 
D: 40 116 
D: 47 106 
D: 52 78 
D: 60 76 
D: 68 80 
D: 85 143 
D: 86 101 
D: 102 129 
