4 10 44 34 F: 7 3 
11 8 35 34 F: 8 
13 10 23 6 F: 5 1 4 
30 10 50 90 F: 7 3 
41 6 65 80 F: 2 3 1 
42 8 74 149 F: 3 4 1 
44 10 84 73 F: 6 4 
46 12 70 4 F: 7 5 
48 11 81 55 F: 4 4 3 
64 13 103 45 F: 13 
79 3 91 24 F: 3 
82 3 88 32 F: 3 
89 10 119 67 F: 4 3 3 
93 10 133 49 F: 10 
99 12 147 104 F: 7 5 
115 9 133 145 F: 5 2 2 
124 11 146 134 F: 11 
133 6 157 28 F: 3 3 
134 13 186 6 F: 13 
150 13 189 115 F: 13 
154 4 166 109 F: 2 2 
156 6 180 13 F: 2 2 2 
163 11 185 142 F: 6 5 
163 11 196 123 F: 4 4 3 
173 11 217 34 F: 7 4 
176 11 187 30 F: 4 4 3 
183 8 215 144 F: 7 1 
187 5 202 130 F: 5 
191 9 218 69 F: 6 3 
192 9 219 8 F: 4 1 4 
206 12 254 122 F: 12 
209 6 227 141 F: 4 2 
218 4 226 52 F: 3 1 
220 7 248 95 F: 5 2 
221 2 229 9 F: 2 
229 11 251 134 F: 6 5 
237 7 251 142 F: 7 
245 7 259 16 F: 2 4 1 
271 9 280 78 F: 6 3 
272 12 296 56 F: 12 
274 10 304 44 F: 5 4 1 
277 10 307 125 F: 2 4 4 
291 9 327 14 F: 5 3 1 
293 8 301 1 F: 3 2 3 
295 12 331 30 F: 12 
307 3 319 141 F: 3 
309 11 342 85 F: 11 
314 8 346 69 F: 8 
325 5 345 147 F: 5 
328 8 336 60 F: 8 
338 8 370 12 F: 5 3 
340 2 346 24 F: 2 
340 9 367 66 F: 4 5 
348 7 376 15 F: 5 2 
356 6 362 92 F: 4 1 1 
359 2 367 113 F: 2 
359 10 379 110 F: 10 
361 2 367 122 F: 2 
384 5 404 59 F: 5 
392 10 422 138 F: 6 4 
405 9 414 61 F: 5 1 3 
412 10 452 52 F: 7 3 
415 7 443 111 F: 6 1 
438 11 471 71 F: 5 4 2 
447 9 483 32 F: 9 
451 12 463 142 F: 5 4 3 
464 8 472 126 F: 2 4 2 
466 7 487 65 F: 2 3 2 
466 13 479 124 F: 13 
477 4 489 101 F: 4 
479 5 499 31 F: 3 1 1 
484 8 500 79 F: 7 1 
485 6 491 10 F: 5 1 
495 3 501 5 F: 2 1 
496 11 518 12 F: 11 
500 9 509 130 F: 3 2 4 
505 7 526 111 F: 2 5 
511 10 531 115 F: 4 3 3 
512 10 552 22 F: 10 
513 7 520 42 F: 3 1 3 
514 8 538 109 F: 4 1 3 
521 9 557 17 F: 4 4 1 
536 6 560 135 F: 2 1 3 
545 8 577 132 F: 2 2 4 
546 9 573 105 F: 4 2 3 
561 8 569 107 F: 2 3 3 
568 7 589 25 F: 3 2 2 
573 9 582 126 F: 9 
590 10 610 92 F: 4 6 
592 7 599 109 F: 7 
607 7 635 147 F: 6 1 
619 5 634 88 F: 2 2 1 
622 7 643 43 F: 2 5 
624 10 634 37 F: 4 6 
640 8 656 46 F: 4 1 3 
640 12 664 74 F: 12 
658 9 685 138 F: 4 5 
659 6 683 88 F: 4 2 
663 9 690 112 F: 2 4 3 
675 7 682 30 F: 4 2 1 
679 5 684 73 F: 3 2 
682 11 704 136 F: 11 
682 12 730 80 F: 12 
686 10 726 44 F: 5 1 4 
698 12 722 92 F: 12 
702 10 712 50 F: 4 3 3 
704 11 726 65 F: 6 5 
707 7 714 39 F: 2 4 1 
718 8 742 90 F: 2 3 3 
720 8 736 72 F: 8 
723 12 747 11 F: 12 
724 10 754 62 F: 5 5 
732 8 740 16 F: 2 3 3 
751 7 765 91 F: 7 
757 4 761 136 F: 4 
761 10 791 107 F: 5 1 4 
768 4 784 75 F: 4 
779 7 793 74 F: 7 
780 11 802 80 F: 3 4 4 
782 10 802 124 F: 6 4 
809 10 839 85 F: 2 4 4 
815 9 842 85 F: 3 3 3 
825 4 837 144 F: 2 2 
830 8 854 130 F: 2 2 4 
831 6 837 90 F: 6 
838 5 848 44 F: 3 2 
848 2 856 8 F: 2 
853 11 886 22 F: 5 6 
860 2 866 19 F: 2 
865 4 881 22 F: 2 2 
870 11 914 82 F: 11 
873 6 891 100 F: 6 
874 9 901 45 F: 9 
887 6 893 87 F: 4 2 
899 8 907 67 F: 8 
900 4 908 90 F: 2 2 
906 3 918 92 F: 3 
911 10 921 25 F: 10 
913 7 920 72 F: 7 
914 9 932 52 F: 9 
919 8 927 86 F: 5 3 
934 11 945 113 F: 11 
939 5 954 118 F: 3 2 
940 12 952 109 F: 12 
959 4 963 118 F: 2 2 
960 5 970 6 F: 5 
961 3 964 83 F: 2 1 
988 9 997 31 F: 9 
990 10 1010 38 F: 6 4 
994 11 1027 147 F: 4 3 4 
D: 1 89 
D: 2 139 
D: 8 77 
D: 16 71 
D: 28 41 
D: 30 132 
D: 32 135 
D: 41 94 
D: 48 94 
D: 50 132 
D: 55 52 
D: 60 112 
D: 79 92 
D: 99 132 
D: 100 149 
