0 6 6 29 F: 3 2 1 
7 5 12 99 F: 2 2 1 
17 7 24 42 F: 3 1 3 
32 9 41 32 F: 9 
40 2 42 70 F: 2 
47 9 83 90 F: 2 4 3 
52 7 66 28 F: 5 2 
60 12 96 16 F: 12 
69 9 96 75 F: 6 3 
74 11 96 78 F: 11 
76 7 83 83 F: 5 1 1 
87 6 111 88 F: 3 3 
90 4 98 20 F: 4 
95 3 101 6 F: 3 
97 2 105 11 F: 2 
103 11 125 37 F: 5 3 3 
103 12 115 74 F: 6 6 
106 7 127 29 F: 6 1 
107 8 115 48 F: 4 2 2 
111 13 124 59 F: 13 
115 9 124 99 F: 4 5 
127 9 163 15 F: 5 4 
134 6 158 5 F: 4 2 
137 8 145 25 F: 8 
138 7 152 6 F: 4 3 
149 4 157 18 F: 4 
149 7 177 79 F: 7 
171 6 177 8 F: 2 2 2 
179 11 201 65 F: 3 4 4 
188 10 198 51 F: 10 
201 4 213 25 F: 3 1 
208 12 256 87 F: 12 
211 8 243 7 F: 8 
226 10 246 27 F: 6 4 
231 10 261 6 F: 4 4 2 
244 7 251 61 F: 6 1 
256 9 265 95 F: 6 3 
258 10 268 8 F: 3 3 4 
268 7 296 11 F: 3 1 3 
269 9 287 73 F: 3 6 
269 9 296 34 F: 5 4 
273 9 300 9 F: 3 4 2 
288 9 315 5 F: 9 
291 7 298 63 F: 2 2 3 
293 10 323 66 F: 4 4 2 
318 11 329 51 F: 5 3 3 
320 9 338 34 F: 4 1 4 
321 13 347 62 F: 13 
343 9 361 76 F: 3 2 4 
351 10 371 25 F: 5 5 
358 6 382 22 F: 6 
361 10 371 82 F: 4 3 3 
363 10 383 53 F: 10 
369 12 393 36 F: 12 
373 11 406 71 F: 5 6 
383 8 391 5 F: 3 4 1 
388 12 424 70 F: 12 
392 6 404 7 F: 2 1 3 
393 12 417 82 F: 7 5 
399 6 411 70 F: 6 
411 3 417 58 F: 2 1 
416 11 427 66 F: 3 4 4 
424 2 430 67 F: 2 
431 9 449 93 F: 3 3 3 
438 9 456 63 F: 9 
438 11 482 75 F: 11 
465 13 491 35 F: 7 6 
470 3 473 41 F: 2 1 
470 8 502 1 F: 3 2 3 
474 5 489 37 F: 3 1 1 
485 3 491 53 F: 2 1 
487 5 492 95 F: 2 1 2 
494 8 526 36 F: 2 4 2 
494 13 546 9 F: 13 
499 3 505 20 F: 3 
507 8 539 43 F: 6 2 
513 5 523 28 F: 2 3 
540 9 567 78 F: 2 4 3 
541 3 550 78 F: 3 
550 7 578 18 F: 3 4 
553 4 569 49 F: 2 2 
558 2 560 9 F: 2 
565 9 583 40 F: 5 4 
566 9 593 55 F: 4 3 2 
568 12 580 32 F: 12 
574 9 592 16 F: 2 4 3 
579 8 595 56 F: 2 6 
580 7 608 67 F: 5 1 1 
585 9 603 91 F: 7 2 
597 9 633 41 F: 2 3 4 
611 5 621 32 F: 5 
615 3 621 90 F: 3 
620 8 652 70 F: 2 6 
625 11 669 9 F: 5 4 2 
659 5 674 64 F: 5 
660 8 692 29 F: 8 
673 8 681 37 F: 2 6 
674 10 704 58 F: 5 2 3 
675 8 683 79 F: 5 2 1 
680 8 712 71 F: 8 
D: 0 29 
D: 1 28 
D: 4 38 
D: 5 46 
D: 6 34 
D: 6 37 
D: 24 76 
D: 40 53 
D: 40 57 
D: 62 96 
