9 9 27 66 F: 2 3 4 
19 8 35 66 F: 7 1 
21 2 29 35 F: 2 
31 10 71 77 F: 5 3 2 
33 8 57 139 F: 4 2 2 
34 5 44 16 F: 2 2 1 
36 4 40 101 F: 4 
40 6 52 30 F: 6 
40 7 61 142 F: 7 
44 4 48 12 F: 3 1 
47 8 55 23 F: 3 3 2 
68 9 77 22 F: 3 4 2 
74 7 88 7 F: 2 1 4 
74 11 96 64 F: 7 4 
92 7 106 100 F: 3 4 
109 9 145 83 F: 9 
113 9 122 70 F: 3 3 3 
115 3 127 35 F: 3 
118 6 124 118 F: 5 1 
122 9 149 61 F: 4 2 3 
131 2 137 16 F: 2 
134 8 150 17 F: 8 
136 7 150 106 F: 7 
139 10 149 65 F: 5 5 
140 9 176 109 F: 3 6 
152 6 170 19 F: 4 2 
188 9 224 55 F: 5 2 2 
194 8 226 116 F: 6 2 
195 11 228 113 F: 5 3 3 
196 10 216 61 F: 7 3 
201 7 222 86 F: 2 2 3 
233 7 261 15 F: 6 1 
234 11 256 100 F: 3 4 4 
245 12 257 5 F: 12 
261 8 277 115 F: 3 1 4 
264 12 288 83 F: 6 6 
265 10 295 35 F: 3 4 3 
272 5 287 75 F: 5 
277 4 285 16 F: 4 
280 9 307 4 F: 9 
282 5 287 86 F: 2 2 1 
288 10 318 32 F: 5 5 
291 2 293 20 F: 2 
293 10 313 19 F: 3 3 4 
295 13 321 39 F: 13 
303 11 314 132 F: 11 
306 8 330 9 F: 2 3 3 
311 9 347 33 F: 3 6 
314 11 336 75 F: 11 
316 11 338 112 F: 11 
327 11 371 36 F: 4 4 3 
331 9 340 32 F: 9 
337 8 353 97 F: 3 2 3 
343 7 357 41 F: 4 1 2 
358 9 367 131 F: 3 2 4 
362 5 372 111 F: 2 3 
372 11 383 14 F: 11 
386 4 390 112 F: 2 1 1 
386 9 413 32 F: 4 2 3 
399 5 419 41 F: 3 1 1 
410 8 426 28 F: 2 6 
412 12 436 134 F: 5 4 3 
415 12 451 119 F: 4 4 4 
416 4 428 59 F: 2 1 1 
422 6 440 88 F: 3 1 2 
442 7 470 148 F: 5 2 
449 6 455 58 F: 6 
451 13 464 56 F: 13 
455 11 477 85 F: 11 
466 11 510 97 F: 7 4 
468 8 492 143 F: 8 
470 10 500 67 F: 3 4 3 
477 8 493 120 F: 7 1 
484 11 506 110 F: 5 4 2 
488 9 506 147 F: 4 3 2 
507 8 531 82 F: 8 
510 8 518 142 F: 3 3 2 
513 10 523 35 F: 7 3 
539 5 554 67 F: 5 
541 6 559 106 F: 6 
551 7 558 135 F: 4 3 
552 8 576 101 F: 7 1 
554 5 574 50 F: 2 3 
555 6 579 51 F: 2 1 3 
571 11 615 93 F: 6 5 
592 6 610 1 F: 6 
595 9 613 89 F: 4 3 2 
596 8 612 85 F: 6 2 
597 7 625 134 F: 2 1 4 
599 8 615 11 F: 6 2 
601 9 628 127 F: 4 3 2 
608 12 632 78 F: 12 
611 13 650 48 F: 13 
616 10 626 117 F: 4 3 3 
617 12 653 128 F: 5 3 4 
625 8 633 28 F: 3 3 2 
632 7 660 102 F: 2 1 4 
634 7 655 125 F: 3 4 
644 7 658 33 F: 2 4 1 
659 3 665 70 F: 3 
663 11 685 90 F: 5 2 4 
678 8 694 29 F: 4 4 
682 4 686 113 F: 4 
688 10 728 137 F: 4 3 3 
696 7 724 23 F: 3 3 1 
703 5 718 150 F: 4 1 
703 11 736 4 F: 4 3 4 
714 7 721 123 F: 7 
719 8 727 10 F: 5 3 
723 10 763 18 F: 10 
730 9 748 116 F: 4 4 1 
730 11 774 84 F: 6 5 
732 13 758 79 F: 13 
735 12 747 104 F: 12 
737 7 744 12 F: 2 5 
739 9 757 66 F: 6 3 
759 10 769 148 F: 3 4 3 
774 2 782 143 F: 2 
776 9 803 4 F: 3 6 
795 11 817 83 F: 11 
804 2 812 97 F: 2 
820 4 836 4 F: 4 
823 10 833 19 F: 5 5 
832 10 872 20 F: 7 3 
833 3 839 64 F: 2 1 
842 8 866 80 F: 3 2 3 
850 12 898 56 F: 7 5 
857 8 873 124 F: 4 4 
857 8 881 120 F: 4 2 2 
863 9 872 59 F: 5 4 
864 6 882 44 F: 2 3 1 
869 6 887 11 F: 5 1 
872 9 908 8 F: 9 
891 12 903 70 F: 7 5 
893 11 915 87 F: 5 6 
903 8 911 74 F: 7 1 
905 8 913 11 F: 2 6 
906 7 920 137 F: 7 
910 11 954 41 F: 5 4 2 
927 6 933 26 F: 2 4 
932 8 964 26 F: 5 2 1 
933 5 953 74 F: 2 3 
947 7 954 55 F: 5 2 
947 7 961 102 F: 3 1 3 
965 12 989 30 F: 12 
967 7 988 75 F: 3 1 3 
975 13 1014 18 F: 13 
976 11 1009 113 F: 7 4 
990 9 1008 78 F: 5 1 3 
993 2 1001 13 F: 2 
D: 6 94 
D: 9 96 
D: 13 39 
D: 14 55 
D: 28 54 
D: 39 75 
D: 43 45 
D: 46 125 
D: 48 65 
D: 48 73 
D: 52 125 
D: 58 108 
D: 70 94 
D: 74 123 
D: 90 120 
