4 9 40 72 F: 9 
12 2 18 149 F: 2 
12 10 42 63 F: 4 4 2 
14 7 42 11 F: 6 1 
32 9 68 7 F: 9 
39 10 69 30 F: 2 4 4 
47 7 54 148 F: 3 4 
51 9 87 89 F: 4 5 
58 12 82 68 F: 7 5 
66 13 105 31 F: 13 
66 13 118 58 F: 13 
69 9 78 125 F: 4 5 
74 6 86 40 F: 3 3 
87 10 97 106 F: 5 5 
89 8 105 126 F: 7 1 
102 4 114 113 F: 2 1 1 
111 8 143 31 F: 8 
126 8 150 124 F: 6 2 
127 4 135 126 F: 2 1 1 
131 9 158 130 F: 4 1 4 
138 9 174 46 F: 9 
142 8 158 116 F: 3 3 2 
146 5 166 71 F: 5 
150 10 190 33 F: 7 3 
158 5 168 78 F: 3 2 
160 8 176 98 F: 2 6 
180 10 190 72 F: 5 5 
185 10 195 67 F: 4 6 
189 5 204 136 F: 2 3 
195 7 216 42 F: 2 4 1 
205 9 223 137 F: 4 5 
210 5 215 108 F: 3 2 
227 7 241 33 F: 2 4 1 
232 8 256 123 F: 2 3 3 
234 7 262 139 F: 5 2 
241 5 261 80 F: 5 
242 13 255 123 F: 7 6 
246 8 278 25 F: 2 6 
254 8 270 54 F: 2 4 2 
257 10 297 73 F: 4 3 3 
269 7 290 14 F: 4 1 2 
275 9 311 40 F: 3 2 4 
283 9 301 97 F: 3 3 3 
283 11 327 26 F: 6 5 
284 3 296 126 F: 2 1 
322 13 335 8 F: 13 
326 7 354 3 F: 5 1 1 
332 10 352 114 F: 5 2 3 
338 5 353 128 F: 5 
341 6 359 50 F: 2 3 1 
344 8 352 29 F: 4 4 
344 11 377 74 F: 4 4 3 
346 9 373 105 F: 4 4 1 
359 11 403 131 F: 4 3 4 
367 9 394 38 F: 4 5 
378 6 390 69 F: 4 2 
379 5 384 104 F: 5 
389 11 422 17 F: 5 6 
391 13 443 13 F: 7 6 
396 7 410 64 F: 7 
405 12 429 106 F: 12 
405 12 441 25 F: 12 
415 6 421 43 F: 2 2 2 
418 4 430 56 F: 2 2 
427 7 434 30 F: 3 4 
429 10 449 133 F: 10 
441 7 455 49 F: 7 
447 7 454 113 F: 5 2 
449 9 467 96 F: 3 4 2 
455 10 475 33 F: 5 5 
457 9 484 9 F: 3 4 2 
462 11 495 85 F: 7 4 
463 8 479 122 F: 5 1 2 
474 6 480 2 F: 2 4 
484 12 508 145 F: 7 5 
503 6 521 112 F: 6 
509 9 518 11 F: 6 3 
513 6 525 103 F: 2 2 2 
514 8 522 127 F: 4 2 2 
521 8 545 91 F: 5 2 1 
533 10 563 77 F: 4 6 
551 4 567 147 F: 4 
552 2 558 72 F: 2 
555 12 567 120 F: 12 
565 5 585 16 F: 5 
569 2 575 133 F: 2 
571 7 599 119 F: 2 3 2 
572 11 616 89 F: 11 
578 4 586 141 F: 4 
580 12 616 57 F: 7 5 
603 7 617 7 F: 3 1 3 
618 6 636 84 F: 6 
630 13 669 49 F: 7 6 
635 9 644 53 F: 3 3 3 
659 9 668 23 F: 9 
665 5 680 104 F: 3 2 
665 11 698 15 F: 6 5 
667 3 676 58 F: 3 
670 9 688 11 F: 7 2 
674 5 684 130 F: 5 
680 2 684 87 F: 2 
684 2 686 29 F: 2 
691 2 697 19 F: 2 
692 13 731 136 F: 13 
693 11 737 115 F: 7 4 
706 6 730 33 F: 3 3 
712 7 733 36 F: 2 4 1 
725 11 758 127 F: 5 2 4 
733 9 742 79 F: 6 3 
744 13 796 69 F: 7 6 
749 8 781 78 F: 8 
750 5 755 132 F: 3 1 1 
752 11 785 90 F: 6 5 
753 3 759 40 F: 3 
754 11 787 48 F: 11 
761 6 779 3 F: 5 1 
772 10 812 126 F: 7 3 
775 5 795 148 F: 5 
781 6 805 38 F: 6 
796 9 805 88 F: 5 2 2 
801 9 810 48 F: 9 
829 4 845 121 F: 2 2 
830 8 846 114 F: 4 2 2 
836 8 860 80 F: 2 6 
839 4 843 139 F: 4 
839 8 871 123 F: 5 2 1 
848 9 857 134 F: 5 2 2 
861 6 867 10 F: 4 2 
861 11 894 43 F: 11 
866 7 873 137 F: 3 3 1 
876 6 894 109 F: 6 
876 9 885 99 F: 9 
887 9 905 52 F: 6 3 
888 5 903 126 F: 5 
893 9 902 145 F: 9 
909 8 933 118 F: 4 3 1 
913 10 943 20 F: 3 3 4 
913 10 943 53 F: 5 2 3 
916 10 936 27 F: 2 4 4 
923 9 950 106 F: 2 3 4 
944 9 980 61 F: 4 2 3 
951 7 972 106 F: 3 3 1 
951 8 967 124 F: 5 1 2 
967 11 1011 95 F: 6 5 
979 5 984 136 F: 5 
980 7 1001 108 F: 3 2 2 
982 7 996 62 F: 5 1 1 
987 10 1007 102 F: 4 3 3 
991 2 997 81 F: 2 
994 12 1006 86 F: 7 5 
D: 4 16 
D: 32 34 
D: 32 68 
D: 32 70 
D: 34 80 
D: 37 67 
D: 37 138 
D: 43 58 
D: 45 101 
D: 45 148 
D: 52 130 
D: 53 70 
D: 89 137 
D: 113 138 
D: 136 147 
