0 6 24 100 F: 6 
0 10 30 144 F: 6 4 
8 7 36 105 F: 7 
12 9 30 11 F: 3 6 
13 10 23 87 F: 3 3 4 
14 6 32 7 F: 6 
31 12 79 68 F: 12 
39 10 49 89 F: 10 
51 12 75 83 F: 12 
60 8 92 106 F: 2 4 2 
62 8 94 136 F: 2 4 2 
63 6 87 45 F: 4 2 
68 8 76 124 F: 8 
78 6 84 134 F: 2 2 2 
89 10 109 37 F: 7 3 
106 12 130 39 F: 12 
113 9 131 149 F: 7 2 
118 6 130 97 F: 5 1 
119 7 133 42 F: 5 2 
127 10 157 56 F: 6 4 
128 9 137 47 F: 9 
134 9 143 124 F: 5 1 3 
139 5 159 78 F: 3 2 
157 10 167 75 F: 5 5 
165 8 189 6 F: 2 6 
174 11 196 21 F: 7 4 
190 8 214 86 F: 3 3 2 
191 7 205 13 F: 5 2 
191 10 231 102 F: 10 
192 13 205 69 F: 13 
210 3 213 72 F: 3 
210 11 254 43 F: 11 
214 6 232 17 F: 6 
229 11 240 9 F: 6 5 
233 8 249 145 F: 7 1 
237 9 255 133 F: 9 
242 12 290 24 F: 7 5 
248 6 272 56 F: 3 3 
249 10 289 22 F: 5 4 1 
256 9 265 67 F: 7 2 
260 9 278 65 F: 5 4 
285 4 293 135 F: 4 
289 7 296 7 F: 3 1 3 
292 10 322 91 F: 7 3 
297 8 329 147 F: 5 3 
300 10 320 20 F: 4 3 3 
308 13 360 71 F: 7 6 
313 12 349 133 F: 12 
327 5 342 58 F: 3 1 1 
337 2 339 39 F: 2 
337 12 349 96 F: 12 
342 2 348 61 F: 2 
346 6 364 101 F: 3 2 1 
362 7 390 11 F: 4 2 1 
362 9 398 87 F: 3 6 
363 9 381 55 F: 4 5 
365 6 383 114 F: 2 3 1 
366 9 384 71 F: 5 2 2 
370 9 397 122 F: 9 
393 11 415 117 F: 3 4 4 
407 5 417 126 F: 5 
411 7 432 141 F: 7 
414 13 466 81 F: 13 
415 11 448 47 F: 5 2 4 
435 7 449 52 F: 4 3 
441 13 467 35 F: 5 4 4 
455 6 479 61 F: 2 3 1 
461 13 474 59 F: 13 
463 8 495 18 F: 5 3 
467 9 485 114 F: 3 2 4 
473 7 480 105 F: 4 2 1 
476 6 482 49 F: 6 
487 6 505 70 F: 2 4 
487 7 508 79 F: 7 
495 5 515 78 F: 3 1 1 
503 6 521 86 F: 4 1 1 
514 4 522 140 F: 4 
521 7 535 145 F: 7 
526 7 547 150 F: 4 3 
548 13 600 91 F: 13 
552 3 561 126 F: 2 1 
552 13 565 104 F: 5 4 4 
562 9 598 66 F: 4 1 4 
563 9 590 27 F: 3 4 2 
566 10 586 144 F: 6 4 
567 11 578 145 F: 11 
575 6 587 74 F: 5 1 
581 7 602 5 F: 6 1 
587 9 614 48 F: 4 5 
598 4 610 99 F: 4 
601 8 617 3 F: 7 1 
601 9 637 133 F: 3 4 2 
613 3 625 67 F: 3 
613 8 637 133 F: 5 1 2 
629 12 677 21 F: 12 
636 7 650 58 F: 6 1 
638 7 659 133 F: 3 1 3 
660 12 684 97 F: 6 6 
664 3 676 141 F: 2 1 
684 7 698 41 F: 2 4 1 
686 8 718 127 F: 3 4 1 
687 7 708 90 F: 5 1 1 
691 13 730 40 F: 5 4 4 
693 10 723 28 F: 7 3 
698 9 716 32 F: 6 3 
703 11 714 117 F: 11 
705 4 709 84 F: 4 
714 2 716 67 F: 2 
715 6 727 61 F: 6 
720 8 744 39 F: 2 4 2 
730 13 743 84 F: 7 6 
743 12 791 62 F: 5 3 4 
754 3 766 132 F: 2 1 
754 6 760 31 F: 2 1 3 
755 6 773 19 F: 4 2 
756 8 788 67 F: 2 2 4 
760 11 804 64 F: 3 4 4 
765 5 770 101 F: 3 1 1 
772 13 824 150 F: 5 4 4 
783 9 819 144 F: 5 4 
804 7 825 25 F: 2 2 3 
806 10 846 22 F: 10 
815 6 827 26 F: 2 4 
817 5 837 122 F: 5 
817 7 824 19 F: 5 2 
820 6 838 16 F: 6 
826 8 834 142 F: 6 2 
832 4 848 37 F: 2 2 
852 10 872 114 F: 10 
858 8 874 109 F: 5 3 
861 8 893 78 F: 8 
866 9 875 64 F: 9 
877 8 893 122 F: 2 3 3 
895 6 913 65 F: 6 
898 9 934 73 F: 4 3 2 
917 8 933 23 F: 3 5 
922 11 944 30 F: 5 6 
928 10 958 14 F: 4 6 
929 8 937 146 F: 8 
933 7 947 119 F: 4 2 1 
938 9 947 42 F: 3 3 3 
938 11 971 21 F: 5 3 3 
945 9 981 93 F: 5 4 
970 11 981 132 F: 5 6 
973 9 1009 103 F: 9 
980 8 1004 94 F: 4 4 
983 7 1004 132 F: 2 3 2 
989 9 1025 18 F: 4 2 3 
994 4 1006 6 F: 4 
997 2 1001 74 F: 2 
D: 0 18 
D: 15 124 
D: 20 41 
D: 27 113 
D: 30 88 
D: 35 46 
D: 46 148 
D: 49 67 
D: 62 83 
D: 70 134 
D: 75 129 
D: 77 79 
D: 83 104 
D: 84 97 
D: 124 138 
