1 6 13 85 F: 4 2 
2 10 32 139 F: 6 4 
9 4 25 111 F: 4 
28 10 38 78 F: 10 
30 12 54 75 F: 7 5 
42 10 62 47 F: 6 4 
56 12 92 24 F: 7 5 
62 7 83 45 F: 5 2 
65 8 89 111 F: 2 4 2 
66 8 98 142 F: 7 1 
72 6 90 4 F: 3 3 
77 8 101 44 F: 2 2 4 
94 11 105 55 F: 5 3 3 
96 10 106 32 F: 10 
98 7 119 34 F: 3 4 
107 5 127 103 F: 3 2 
114 9 141 141 F: 4 4 1 
124 8 156 116 F: 8 
129 9 138 101 F: 6 3 
149 7 177 63 F: 3 1 3 
154 11 198 137 F: 5 2 4 
167 9 185 48 F: 4 5 
173 12 221 42 F: 5 3 4 
176 6 194 90 F: 6 
178 2 184 84 F: 2 
178 8 202 83 F: 2 4 2 
179 5 184 3 F: 2 3 
181 9 217 134 F: 9 
184 11 228 112 F: 5 3 3 
198 10 218 26 F: 4 4 2 
213 4 229 64 F: 4 
215 6 233 123 F: 3 3 
218 7 232 117 F: 4 3 
251 7 279 75 F: 6 1 
254 8 270 99 F: 4 2 2 
258 10 268 38 F: 4 2 4 
259 10 289 130 F: 4 4 2 
259 13 272 59 F: 13 
265 9 283 138 F: 9 
267 5 287 118 F: 2 2 1 
270 9 306 120 F: 6 3 
274 8 306 145 F: 5 3 
280 12 328 78 F: 12 
286 12 334 106 F: 12 
298 8 322 107 F: 3 5 
310 8 334 12 F: 3 3 2 
320 5 330 48 F: 5 
320 7 348 134 F: 2 1 4 
326 11 348 111 F: 11 
331 13 383 64 F: 7 6 
356 4 368 129 F: 4 
357 7 378 48 F: 6 1 
357 11 379 53 F: 6 5 
370 10 400 66 F: 10 
373 9 400 88 F: 4 1 4 
376 8 384 109 F: 2 4 2 
383 6 395 135 F: 2 4 
391 9 409 37 F: 4 4 1 
395 6 419 104 F: 4 1 1 
396 13 448 43 F: 7 6 
400 6 412 140 F: 4 1 1 
403 8 427 59 F: 3 3 2 
417 8 425 31 F: 6 2 
424 5 434 69 F: 4 1 
427 10 447 124 F: 10 
434 13 486 119 F: 13 
444 11 477 34 F: 11 
448 6 460 92 F: 2 3 1 
461 10 471 2 F: 4 2 4 
468 9 495 38 F: 2 3 4 
473 5 493 104 F: 5 
484 9 520 36 F: 7 2 
494 10 534 129 F: 5 2 3 
494 11 538 89 F: 11 
495 10 525 51 F: 7 3 
506 6 512 119 F: 3 3 
510 8 518 121 F: 2 6 
518 7 532 103 F: 5 2 
520 4 524 131 F: 2 1 1 
528 8 536 86 F: 4 3 1 
529 6 535 62 F: 6 
542 6 548 93 F: 4 2 
543 11 587 83 F: 7 4 
546 12 570 34 F: 12 
551 8 575 31 F: 4 4 
554 10 564 122 F: 4 2 4 
561 9 579 4 F: 9 
569 7 597 109 F: 4 3 
571 7 578 88 F: 2 5 
599 6 611 80 F: 2 1 3 
609 9 645 39 F: 5 4 
611 12 659 28 F: 5 4 3 
619 6 631 80 F: 6 
622 8 638 117 F: 5 1 2 
627 8 651 106 F: 8 
627 10 637 36 F: 5 2 3 
642 6 666 143 F: 6 
645 6 657 116 F: 6 
646 2 648 26 F: 2 
654 8 662 100 F: 2 2 4 
654 8 678 105 F: 6 2 
670 6 688 119 F: 2 2 2 
672 5 682 68 F: 5 
674 9 683 33 F: 6 3 
685 9 694 21 F: 9 
712 10 742 100 F: 4 4 2 
723 3 735 92 F: 3 
725 5 745 115 F: 5 
741 6 765 2 F: 6 
745 8 777 54 F: 3 1 4 
745 10 775 44 F: 10 
750 4 754 23 F: 4 
752 8 760 12 F: 3 3 2 
753 9 780 113 F: 4 1 4 
754 10 794 88 F: 2 4 4 
755 3 758 96 F: 3 
768 7 789 127 F: 3 1 3 
768 8 784 116 F: 6 2 
777 13 816 66 F: 13 
779 9 815 19 F: 3 3 3 
802 12 814 30 F: 5 3 4 
804 6 822 8 F: 2 2 2 
812 8 828 122 F: 2 2 4 
812 10 852 90 F: 10 
825 3 834 59 F: 3 
826 10 866 82 F: 10 
828 10 868 134 F: 5 2 3 
829 7 850 29 F: 6 1 
876 9 903 13 F: 4 2 3 
878 7 906 88 F: 5 2 
884 2 886 15 F: 2 
884 12 896 146 F: 4 4 4 
888 7 902 29 F: 6 1 
899 4 907 136 F: 4 
899 9 935 43 F: 4 2 3 
905 4 921 145 F: 4 
905 6 911 72 F: 3 3 
906 3 915 7 F: 3 
919 9 955 48 F: 3 6 
924 9 942 61 F: 7 2 
931 11 942 59 F: 11 
933 4 945 66 F: 4 
933 7 947 37 F: 2 5 
941 5 951 44 F: 5 
946 12 982 32 F: 7 5 
954 12 966 121 F: 12 
960 11 993 9 F: 11 
971 9 989 14 F: 5 4 
983 5 998 29 F: 5 
988 9 1006 50 F: 9 
D: 5 149 
D: 7 112 
D: 15 123 
D: 16 138 
D: 17 143 
D: 26 54 
D: 33 113 
D: 44 130 
D: 47 109 
D: 55 125 
D: 56 104 
D: 60 63 
D: 78 86 
D: 93 100 
D: 113 138 
