3 7 10 39 F: 5 2 
30 12 42 33 F: 6 6 
31 11 53 3 F: 5 6 
37 6 55 18 F: 3 1 2 
38 7 59 43 F: 4 3 
39 8 55 16 F: 3 5 
45 5 55 20 F: 2 3 
64 3 67 61 F: 3 
64 8 72 31 F: 6 2 
67 9 103 91 F: 5 3 1 
69 7 97 12 F: 7 
82 6 106 22 F: 2 3 1 
89 8 121 25 F: 5 2 1 
93 8 101 34 F: 8 
95 8 103 41 F: 3 2 3 
101 11 145 73 F: 4 3 4 
103 7 131 92 F: 2 2 3 
104 3 110 44 F: 3 
109 4 121 77 F: 4 
123 3 132 77 F: 3 
127 13 166 38 F: 13 
129 5 149 21 F: 2 2 1 
138 10 148 72 F: 7 3 
143 13 169 89 F: 13 
148 10 158 98 F: 10 
151 6 157 35 F: 2 1 3 
153 7 174 2 F: 2 2 3 
168 8 184 61 F: 3 5 
170 10 200 11 F: 10 
171 12 183 61 F: 12 
212 10 222 40 F: 4 4 2 
212 12 248 55 F: 12 
213 8 229 80 F: 2 4 2 
218 11 251 77 F: 11 
220 2 224 24 F: 2 
225 8 233 80 F: 8 
234 13 247 63 F: 13 
237 6 255 12 F: 2 1 3 
241 6 247 93 F: 6 
264 7 271 23 F: 2 4 1 
275 6 287 20 F: 4 1 1 
278 11 311 45 F: 11 
283 8 299 13 F: 7 1 
289 2 291 43 F: 2 
294 7 315 97 F: 5 1 1 
300 10 330 92 F: 7 3 
308 7 322 56 F: 2 4 1 
309 9 336 13 F: 5 1 3 
311 9 320 50 F: 9 
322 13 361 19 F: 7 6 
325 9 343 27 F: 6 3 
331 12 355 50 F: 6 6 
333 9 351 74 F: 4 5 
333 9 351 94 F: 4 5 
337 7 344 100 F: 5 2 
353 10 383 63 F: 4 4 2 
360 4 376 35 F: 4 
383 10 413 25 F: 4 2 4 
388 7 395 84 F: 7 
388 10 408 53 F: 4 3 3 
415 6 439 10 F: 6 
419 2 425 69 F: 2 
419 6 431 24 F: 6 
436 13 488 78 F: 5 4 4 
437 8 453 33 F: 8 
449 7 463 80 F: 3 4 
450 7 457 72 F: 7 
454 8 478 1 F: 2 6 
468 5 483 86 F: 5 
474 8 498 57 F: 4 4 
479 7 486 55 F: 3 4 
484 5 489 27 F: 5 
486 8 510 65 F: 3 1 4 
491 8 515 97 F: 2 3 3 
494 6 512 49 F: 6 
512 7 526 36 F: 5 1 1 
516 13 568 86 F: 13 
517 10 527 86 F: 5 2 3 
526 7 540 3 F: 3 3 1 
531 8 547 79 F: 3 5 
534 5 554 24 F: 5 
542 3 548 1 F: 3 
542 10 572 85 F: 6 4 
549 3 552 82 F: 3 
564 10 574 66 F: 4 4 2 
565 4 573 88 F: 3 1 
569 7 597 53 F: 3 3 1 
579 6 585 97 F: 6 
595 4 607 27 F: 2 2 
598 12 634 17 F: 12 
601 10 641 1 F: 4 3 3 
611 8 643 50 F: 2 6 
623 7 637 26 F: 2 5 
649 7 677 35 F: 4 3 
656 7 684 56 F: 7 
659 4 667 83 F: 2 2 
664 10 704 25 F: 5 5 
670 5 690 40 F: 3 1 1 
684 6 702 53 F: 4 2 
698 3 710 41 F: 3 
D: 0 57 
D: 16 52 
D: 18 37 
D: 20 63 
D: 22 62 
D: 24 96 
D: 25 62 
D: 41 54 
D: 45 50 
D: 58 62 
