6 12 18 34 F: 12 
10 7 24 50 F: 5 1 1 
20 8 44 99 F: 5 2 1 
37 7 65 21 F: 7 
45 3 54 65 F: 2 1 
45 7 66 50 F: 4 3 
54 8 78 48 F: 7 1 
55 12 67 5 F: 12 
58 12 82 94 F: 7 5 
61 11 72 86 F: 5 4 2 
72 10 112 63 F: 10 
78 11 89 31 F: 6 5 
94 10 104 55 F: 4 6 
96 7 124 36 F: 7 
96 8 120 85 F: 3 5 
100 5 105 38 F: 5 
100 5 105 91 F: 3 1 1 
102 11 146 51 F: 5 3 3 
105 8 121 59 F: 8 
107 9 134 31 F: 2 4 3 
110 2 114 48 F: 2 
115 7 122 66 F: 2 3 2 
123 6 141 16 F: 6 
150 10 180 27 F: 10 
168 9 195 15 F: 5 3 1 
168 10 198 47 F: 5 5 
170 9 206 73 F: 5 2 2 
187 13 239 54 F: 13 
190 13 203 50 F: 13 
199 11 243 29 F: 5 2 4 
208 7 215 77 F: 4 1 2 
210 7 231 18 F: 7 
212 9 239 100 F: 4 5 
213 8 237 84 F: 5 3 
218 12 254 18 F: 12 
230 6 248 14 F: 2 2 2 
239 8 247 48 F: 3 5 
245 9 272 17 F: 3 6 
253 11 286 22 F: 4 3 4 
263 7 270 10 F: 2 5 
266 6 290 23 F: 4 2 
269 8 293 5 F: 8 
272 11 305 39 F: 5 2 4 
286 9 304 31 F: 2 3 4 
298 13 337 55 F: 7 6 
300 8 332 55 F: 3 4 1 
303 7 324 74 F: 4 3 
305 11 338 12 F: 3 4 4 
312 3 315 15 F: 2 1 
312 8 320 4 F: 8 
321 8 337 30 F: 4 1 3 
341 11 374 59 F: 5 4 2 
349 7 356 59 F: 7 
349 13 362 81 F: 13 
353 8 361 35 F: 8 
357 7 364 41 F: 7 
360 5 380 85 F: 5 
368 9 386 68 F: 5 1 3 
387 4 399 71 F: 2 2 
387 5 397 88 F: 3 2 
407 10 427 22 F: 5 5 
423 8 455 96 F: 4 2 2 
430 4 434 18 F: 4 
433 7 454 49 F: 7 
444 6 462 9 F: 5 1 
445 10 455 4 F: 6 4 
453 7 474 62 F: 3 2 2 
453 8 485 3 F: 5 2 1 
461 7 475 85 F: 2 5 
466 6 478 69 F: 6 
471 7 499 62 F: 3 3 1 
474 8 490 100 F: 4 4 
477 9 504 94 F: 5 4 
487 9 505 32 F: 3 6 
488 7 502 25 F: 7 
520 2 528 63 F: 2 
520 2 528 99 F: 2 
533 6 551 70 F: 6 
534 9 543 11 F: 3 6 
537 10 577 12 F: 3 4 3 
547 6 565 69 F: 3 2 1 
556 9 565 41 F: 9 
563 8 571 59 F: 4 1 3 
569 13 582 49 F: 13 
571 11 582 27 F: 4 3 4 
572 6 578 75 F: 2 4 
577 7 598 15 F: 7 
592 5 612 52 F: 5 
595 9 604 5 F: 4 1 4 
596 7 624 40 F: 4 1 2 
613 9 649 30 F: 9 
614 11 636 1 F: 4 4 3 
621 8 653 43 F: 3 5 
622 7 650 36 F: 7 
623 11 634 79 F: 11 
642 12 666 85 F: 7 5 
653 7 660 96 F: 7 
653 9 671 87 F: 3 4 2 
675 4 691 64 F: 4 
693 7 707 20 F: 6 1 
D: 1 32 
D: 16 22 
D: 16 35 
D: 17 88 
D: 21 70 
D: 22 69 
D: 42 59 
D: 43 87 
D: 46 44 
D: 51 72 
