6 6 18 63 F: 3 2 1 
17 6 35 76 F: 3 2 1 
20 3 32 74 F: 3 
25 8 41 26 F: 4 3 1 
54 4 70 80 F: 3 1 
56 9 65 60 F: 2 3 4 
66 7 87 38 F: 2 5 
69 11 102 52 F: 11 
70 11 92 10 F: 6 5 
76 11 109 12 F: 3 4 4 
77 2 83 3 F: 2 
80 8 104 15 F: 5 1 2 
80 9 107 63 F: 4 4 1 
81 11 114 29 F: 5 2 4 
92 5 97 48 F: 5 
101 10 131 100 F: 6 4 
105 7 133 89 F: 3 4 
110 12 134 95 F: 12 
115 12 139 77 F: 12 
122 9 131 8 F: 4 5 
124 7 145 27 F: 2 3 2 
147 10 187 63 F: 5 3 2 
149 7 177 56 F: 2 5 
157 6 175 5 F: 3 2 1 
166 9 175 86 F: 9 
185 9 212 9 F: 6 3 
189 12 237 39 F: 12 
194 11 238 26 F: 5 6 
195 6 219 39 F: 6 
198 6 222 36 F: 5 1 
203 8 227 36 F: 3 4 1 
207 11 218 13 F: 5 3 3 
211 9 247 45 F: 7 2 
212 6 236 26 F: 6 
235 12 247 2 F: 5 4 3 
238 11 249 45 F: 5 2 4 
239 9 257 48 F: 4 2 3 
244 7 251 30 F: 3 3 1 
244 13 283 60 F: 13 
257 11 290 71 F: 6 5 
273 7 280 85 F: 7 
274 9 283 59 F: 5 3 1 
275 11 286 90 F: 5 3 3 
278 6 296 55 F: 5 1 
299 7 313 43 F: 7 
314 6 326 79 F: 6 
315 6 339 53 F: 5 1 
321 6 333 7 F: 2 4 
321 9 348 53 F: 9 
324 2 332 26 F: 2 
331 10 351 78 F: 4 2 4 
345 7 373 25 F: 3 4 
350 9 377 7 F: 4 5 
357 8 389 60 F: 3 3 2 
359 4 375 26 F: 4 
373 4 389 92 F: 4 
375 3 387 11 F: 2 1 
377 8 401 34 F: 2 2 4 
395 12 419 26 F: 12 
397 8 429 68 F: 4 4 
402 5 407 21 F: 4 1 
402 11 446 89 F: 7 4 
403 11 414 76 F: 4 4 3 
412 8 428 50 F: 6 2 
412 11 434 49 F: 4 4 3 
420 6 432 28 F: 3 3 
430 10 450 25 F: 5 3 2 
454 9 481 58 F: 3 6 
458 13 484 1 F: 13 
462 10 472 25 F: 2 4 4 
466 9 475 13 F: 3 2 4 
469 11 502 36 F: 6 5 
474 6 480 44 F: 2 4 
477 6 489 99 F: 4 1 1 
493 5 513 48 F: 3 1 1 
505 8 529 20 F: 4 4 
521 12 569 48 F: 12 
523 7 551 81 F: 3 4 
525 11 536 11 F: 5 4 2 
528 8 544 62 F: 8 
533 3 536 85 F: 2 1 
539 7 546 63 F: 2 5 
541 8 557 88 F: 2 6 
543 12 555 69 F: 5 4 3 
550 7 557 39 F: 2 5 
559 11 581 51 F: 11 
563 9 599 81 F: 2 3 4 
567 5 582 1 F: 2 3 
591 10 611 34 F: 4 6 
595 10 615 28 F: 10 
602 7 616 65 F: 7 
621 2 625 45 F: 2 
624 6 630 6 F: 6 
646 11 690 23 F: 4 3 4 
661 4 669 21 F: 4 
661 13 700 99 F: 13 
668 5 673 63 F: 5 
669 13 721 80 F: 7 6 
670 5 690 2 F: 5 
679 7 700 69 F: 6 1 
D: 15 89 
D: 16 67 
D: 17 16 
D: 17 69 
D: 20 84 
D: 32 98 
D: 34 44 
D: 38 52 
D: 44 56 
D: 50 78 
