7 8 15 78 F: 3 5 
22 5 27 85 F: 4 1 
28 6 34 132 F: 2 4 
32 12 68 43 F: 12 
34 9 61 130 F: 2 3 4 
47 8 79 43 F: 4 2 2 
58 9 76 107 F: 9 
62 8 70 133 F: 2 6 
69 6 87 31 F: 2 1 3 
72 6 96 64 F: 4 2 
74 6 98 108 F: 3 3 
80 2 86 130 F: 2 
89 8 105 31 F: 2 6 
90 8 114 37 F: 5 1 2 
94 9 103 101 F: 3 3 3 
117 5 127 19 F: 3 2 
118 9 154 142 F: 9 
118 10 148 148 F: 6 4 
124 9 133 128 F: 5 4 
127 9 163 62 F: 3 6 
140 7 154 44 F: 6 1 
160 3 163 68 F: 3 
163 2 165 20 F: 2 
174 9 201 132 F: 6 3 
178 5 198 149 F: 3 2 
181 4 197 6 F: 4 
181 7 202 97 F: 4 3 
181 10 201 96 F: 7 3 
185 4 197 49 F: 4 
195 12 231 140 F: 5 4 3 
200 10 240 121 F: 6 4 
201 7 222 69 F: 4 1 2 
208 11 241 119 F: 5 6 
209 7 216 72 F: 7 
213 10 253 2 F: 5 5 
219 13 245 102 F: 13 
220 11 264 76 F: 11 
222 6 240 111 F: 2 2 2 
228 9 264 95 F: 4 5 
240 7 247 45 F: 3 3 1 
241 7 255 92 F: 7 
255 9 273 28 F: 9 
261 5 281 102 F: 4 1 
267 12 291 69 F: 6 6 
281 10 311 66 F: 4 2 4 
300 4 312 101 F: 3 1 
305 11 338 146 F: 6 5 
313 3 319 16 F: 3 
315 7 329 114 F: 4 3 
320 7 348 36 F: 7 
327 8 351 8 F: 3 4 1 
348 10 358 21 F: 7 3 
365 9 401 76 F: 9 
366 11 377 105 F: 11 
384 6 408 95 F: 3 3 
388 9 397 64 F: 4 5 
391 8 407 53 F: 7 1 
395 9 422 125 F: 3 4 2 
395 11 428 19 F: 11 
398 5 418 97 F: 5 
400 9 427 66 F: 4 5 
401 3 404 15 F: 2 1 
410 12 434 111 F: 12 
412 7 426 35 F: 6 1 
423 6 441 117 F: 2 2 2 
424 8 432 85 F: 2 6 
428 10 438 93 F: 5 5 
430 6 442 25 F: 4 2 
453 10 473 45 F: 10 
454 5 459 59 F: 4 1 
454 12 478 146 F: 7 5 
465 9 501 102 F: 2 3 4 
473 10 513 73 F: 4 4 2 
474 2 480 87 F: 2 
475 5 485 43 F: 4 1 
512 10 552 88 F: 10 
525 10 545 92 F: 4 6 
539 3 545 115 F: 3 
540 3 549 103 F: 3 
546 10 556 54 F: 3 4 3 
549 10 569 7 F: 7 3 
557 4 561 29 F: 4 
557 7 571 65 F: 3 2 2 
571 4 575 16 F: 4 
573 13 586 69 F: 13 
576 9 594 18 F: 3 4 2 
578 3 581 19 F: 3 
582 12 594 10 F: 6 6 
589 8 605 59 F: 8 
594 11 616 107 F: 5 2 4 
600 8 608 136 F: 4 4 
604 9 640 84 F: 7 2 
612 13 664 75 F: 5 4 4 
632 5 637 57 F: 3 2 
633 7 647 114 F: 2 1 4 
639 6 651 135 F: 4 1 1 
647 11 680 44 F: 7 4 
656 11 667 117 F: 11 
663 9 690 117 F: 5 2 2 
669 6 681 130 F: 3 3 
670 8 694 34 F: 7 1 
675 10 685 98 F: 7 3 
677 7 705 1 F: 6 1 
685 2 691 26 F: 2 
699 5 709 148 F: 4 1 
706 10 726 55 F: 5 3 2 
720 9 738 120 F: 3 4 2 
723 11 756 131 F: 11 
727 10 757 96 F: 7 3 
744 8 776 110 F: 2 3 3 
749 6 773 135 F: 5 1 
750 11 783 124 F: 11 
760 4 772 20 F: 4 
766 11 777 12 F: 11 
769 10 789 142 F: 3 4 3 
772 13 785 4 F: 5 4 4 
776 6 800 113 F: 5 1 
778 11 800 35 F: 6 5 
788 10 818 141 F: 10 
791 8 807 148 F: 2 6 
803 10 813 92 F: 5 5 
806 12 842 18 F: 4 4 4 
819 7 826 46 F: 7 
823 10 863 120 F: 4 2 4 
824 7 831 109 F: 7 
829 11 851 21 F: 4 4 3 
835 11 857 115 F: 4 3 4 
844 7 851 131 F: 4 1 2 
855 12 879 19 F: 12 
857 12 869 42 F: 5 4 3 
867 13 906 14 F: 13 
869 8 901 14 F: 5 3 
874 9 892 68 F: 4 1 4 
875 4 887 21 F: 2 2 
875 8 899 117 F: 2 4 2 
905 8 921 67 F: 8 
910 4 926 117 F: 4 
916 5 931 104 F: 5 
918 11 962 15 F: 7 4 
928 11 961 28 F: 6 5 
930 7 937 44 F: 3 4 
935 7 963 138 F: 5 2 
936 2 940 88 F: 2 
936 3 945 41 F: 2 1 
936 10 966 23 F: 5 5 
937 2 945 79 F: 2 
953 7 974 36 F: 6 1 
960 7 988 67 F: 2 3 2 
978 8 1010 112 F: 8 
997 8 1013 110 F: 2 2 4 
D: 2 84 
D: 4 36 
D: 5 136 
D: 6 54 
D: 15 60 
D: 20 73 
D: 30 52 
D: 30 69 
D: 54 68 
D: 56 126 
D: 78 86 
D: 86 149 
D: 91 148 
D: 110 123 
D: 132 140 
