4 9 22 50 F: 4 5 
5 9 23 60 F: 9 
8 13 34 59 F: 13 
12 9 48 79 F: 4 2 3 
15 12 39 62 F: 12 
23 8 47 67 F: 3 1 4 
24 10 54 20 F: 6 4 
31 4 43 10 F: 4 
39 9 75 32 F: 7 2 
54 6 66 55 F: 5 1 
65 4 81 22 F: 2 1 1 
79 9 97 72 F: 4 3 2 
80 10 110 10 F: 10 
83 11 105 8 F: 11 
98 3 104 20 F: 3 
106 8 138 48 F: 4 4 
106 10 146 28 F: 5 5 
111 8 143 52 F: 4 4 
126 4 138 71 F: 4 
127 2 135 11 F: 2 
134 4 142 7 F: 2 1 1 
148 12 184 97 F: 5 3 4 
150 13 202 55 F: 7 6 
155 9 182 28 F: 3 2 4 
155 10 165 49 F: 5 5 
157 5 162 19 F: 5 
178 7 192 84 F: 4 3 
182 8 198 33 F: 2 4 2 
182 11 215 80 F: 4 3 4 
199 5 214 61 F: 5 
206 7 227 68 F: 5 2 
207 8 239 68 F: 3 2 3 
224 13 237 21 F: 13 
225 9 243 37 F: 5 4 
241 8 249 13 F: 4 2 2 
252 7 266 87 F: 7 
255 12 303 14 F: 7 5 
262 11 295 6 F: 6 5 
273 5 288 38 F: 5 
274 8 298 57 F: 4 1 3 
280 5 295 86 F: 3 2 
281 6 299 70 F: 6 
288 10 328 97 F: 2 4 4 
290 9 326 57 F: 5 3 1 
291 10 331 29 F: 5 5 
301 11 323 68 F: 11 
305 7 326 97 F: 7 
308 9 344 93 F: 4 5 
309 11 320 34 F: 6 5 
314 5 329 30 F: 2 3 
320 7 341 18 F: 4 2 1 
334 10 344 82 F: 10 
354 9 390 7 F: 7 2 
364 7 385 62 F: 6 1 
373 7 394 77 F: 7 
376 9 403 43 F: 5 2 2 
379 5 399 78 F: 5 
387 11 409 9 F: 5 3 3 
396 4 412 8 F: 4 
398 11 442 10 F: 4 4 3 
401 11 423 38 F: 5 6 
402 9 429 43 F: 5 4 
408 12 432 35 F: 6 6 
409 13 435 99 F: 13 
414 10 444 96 F: 5 2 3 
426 9 435 68 F: 7 2 
430 8 454 18 F: 2 2 4 
444 6 450 58 F: 3 2 1 
445 7 459 22 F: 2 5 
449 6 467 55 F: 2 3 1 
467 4 483 76 F: 3 1 
483 6 501 71 F: 2 3 1 
488 10 528 39 F: 10 
489 8 521 34 F: 5 3 
496 8 504 13 F: 3 1 4 
508 11 519 57 F: 11 
520 7 527 22 F: 4 3 
523 8 547 87 F: 2 6 
531 6 555 38 F: 2 2 2 
532 2 534 51 F: 2 
535 12 571 74 F: 5 3 4 
537 8 561 93 F: 7 1 
556 7 563 94 F: 7 
558 6 576 70 F: 6 
566 5 576 43 F: 2 3 
566 7 580 33 F: 2 1 4 
570 9 579 41 F: 4 2 3 
582 7 589 72 F: 2 4 1 
583 10 603 6 F: 10 
594 4 610 89 F: 3 1 
615 7 622 16 F: 4 3 
632 5 647 55 F: 2 3 
639 9 666 78 F: 9 
641 5 646 69 F: 5 
642 8 650 22 F: 3 3 2 
649 12 661 21 F: 12 
666 9 675 69 F: 3 6 
682 8 698 99 F: 3 1 4 
696 12 744 52 F: 6 6 
697 11 730 49 F: 6 5 
D: 1 24 
D: 2 39 
D: 6 77 
D: 17 94 
D: 23 60 
D: 34 60 
D: 47 52 
D: 87 91 
D: 89 92 
D: 89 93 
