10 11 54 52 F: 5 6 
19 8 43 76 F: 3 2 3 
32 8 40 60 F: 3 5 
43 5 48 76 F: 5 
44 12 92 78 F: 4 4 4 
49 8 73 29 F: 8 
50 9 77 25 F: 3 3 3 
53 7 81 79 F: 7 
53 13 66 57 F: 7 6 
63 11 96 99 F: 11 
68 10 88 14 F: 6 4 
75 7 82 5 F: 3 1 3 
77 8 85 5 F: 4 1 3 
79 11 101 20 F: 7 4 
84 10 114 13 F: 3 4 3 
101 7 115 95 F: 2 3 2 
102 8 110 100 F: 2 4 2 
104 4 108 88 F: 3 1 
109 13 135 96 F: 13 
113 8 121 36 F: 3 5 
131 13 183 87 F: 13 
147 9 165 9 F: 9 
150 13 202 91 F: 13 
156 8 164 74 F: 6 2 
156 11 200 75 F: 11 
158 10 188 69 F: 6 4 
162 11 195 60 F: 11 
173 11 184 65 F: 5 3 3 
177 5 192 75 F: 5 
195 6 213 68 F: 6 
209 11 220 56 F: 4 4 3 
212 11 234 28 F: 5 3 3 
231 10 241 51 F: 6 4 
246 7 253 58 F: 2 5 
247 9 256 10 F: 3 3 3 
254 7 268 18 F: 4 2 1 
257 7 278 58 F: 7 
259 10 279 38 F: 7 3 
265 9 274 82 F: 4 1 4 
277 12 313 27 F: 6 6 
279 11 290 70 F: 4 3 4 
281 9 290 44 F: 5 1 3 
285 5 300 21 F: 5 
289 4 305 37 F: 4 
291 6 309 17 F: 2 3 1 
300 6 318 23 F: 5 1 
311 9 347 21 F: 6 3 
312 6 318 33 F: 2 4 
318 4 322 90 F: 3 1 
326 7 333 19 F: 3 4 
343 13 356 48 F: 5 4 4 
348 4 364 26 F: 3 1 
362 2 370 51 F: 2 
364 13 403 92 F: 5 4 4 
370 9 406 39 F: 4 4 1 
376 3 385 12 F: 3 
393 5 413 59 F: 2 2 1 
395 8 411 23 F: 3 5 
397 10 417 70 F: 4 3 3 
398 8 422 69 F: 5 1 2 
401 5 416 30 F: 5 
401 9 410 27 F: 9 
401 10 441 49 F: 5 5 
405 10 445 58 F: 4 6 
406 4 414 41 F: 4 
408 7 429 47 F: 7 
410 6 428 100 F: 4 2 
412 3 421 49 F: 3 
412 6 424 14 F: 3 2 1 
424 2 432 76 F: 2 
444 11 455 57 F: 3 4 4 
452 5 462 35 F: 2 1 2 
460 12 496 94 F: 12 
469 8 485 55 F: 5 3 
475 9 484 42 F: 5 3 1 
515 8 547 88 F: 2 4 2 
522 10 532 20 F: 4 2 4 
523 10 553 72 F: 4 2 4 
530 8 546 95 F: 2 6 
531 6 537 58 F: 4 2 
536 7 550 79 F: 4 2 1 
548 9 557 19 F: 3 6 
551 11 573 27 F: 3 4 4 
559 6 577 99 F: 2 3 1 
562 6 580 56 F: 5 1 
563 6 581 61 F: 6 
565 10 605 31 F: 6 4 
576 8 608 69 F: 3 5 
591 3 594 23 F: 2 1 
592 10 602 62 F: 3 3 4 
609 7 616 65 F: 3 2 2 
609 8 617 33 F: 3 2 3 
617 6 641 97 F: 6 
628 12 676 76 F: 12 
634 7 655 4 F: 3 3 1 
642 7 670 30 F: 2 5 
650 5 660 28 F: 5 
650 9 686 29 F: 3 2 4 
657 12 705 92 F: 7 5 
692 11 725 57 F: 11 
D: 2 4 
D: 10 14 
D: 18 98 
D: 29 56 
D: 37 51 
D: 42 83 
D: 71 92 
D: 75 79 
D: 79 94 
D: 80 82 
