5 8 21 5 F: 7 1 
16 2 18 27 F: 2 
23 6 41 110 F: 2 4 
39 5 59 110 F: 2 1 2 
47 6 59 25 F: 4 2 
54 10 64 110 F: 5 1 4 
57 6 69 120 F: 3 3 
71 9 80 141 F: 3 6 
74 11 96 72 F: 5 6 
75 8 83 7 F: 4 3 1 
81 13 94 144 F: 13 
90 4 106 48 F: 3 1 
95 10 135 6 F: 10 
97 7 104 119 F: 5 2 
99 4 115 72 F: 3 1 
100 7 121 14 F: 5 2 
101 7 122 117 F: 4 3 
104 11 126 115 F: 5 3 3 
116 10 136 110 F: 3 4 3 
120 4 128 124 F: 3 1 
151 8 175 144 F: 4 3 1 
160 13 212 95 F: 13 
161 6 173 122 F: 3 3 
167 11 200 49 F: 11 
180 9 198 81 F: 9 
183 10 193 61 F: 4 2 4 
186 6 198 57 F: 6 
194 8 210 103 F: 4 3 1 
195 7 223 109 F: 6 1 
196 8 204 127 F: 5 3 
207 7 235 119 F: 6 1 
210 5 230 8 F: 5 
210 10 240 115 F: 6 4 
213 5 233 142 F: 3 2 
222 10 232 79 F: 5 1 4 
224 6 230 23 F: 6 
226 6 250 126 F: 2 2 2 
238 3 250 68 F: 3 
246 13 298 90 F: 5 4 4 
251 8 267 6 F: 5 2 1 
260 8 276 139 F: 6 2 
262 3 271 10 F: 3 
271 9 289 124 F: 5 4 
291 12 339 101 F: 7 5 
292 8 308 112 F: 8 
306 8 314 127 F: 5 3 
311 10 331 93 F: 10 
318 9 354 128 F: 3 3 3 
320 9 356 137 F: 5 2 2 
328 9 337 104 F: 9 
334 10 364 137 F: 4 2 4 
335 7 342 71 F: 4 2 1 
344 9 380 62 F: 4 3 2 
355 12 403 72 F: 12 
371 12 383 17 F: 5 4 3 
379 7 386 129 F: 2 4 1 
384 8 392 38 F: 3 1 4 
388 7 409 93 F: 2 4 1 
394 11 438 136 F: 7 4 
397 8 405 73 F: 4 3 1 
411 7 418 63 F: 2 5 
413 5 433 63 F: 4 1 
415 13 454 143 F: 13 
423 8 431 147 F: 7 1 
433 7 454 30 F: 3 4 
434 13 447 45 F: 13 
455 9 482 68 F: 6 3 
456 6 468 104 F: 2 3 1 
456 6 480 63 F: 5 1 
456 9 492 115 F: 9 
474 13 487 139 F: 5 4 4 
476 9 485 81 F: 3 6 
491 4 499 21 F: 4 
497 8 521 20 F: 3 5 
499 10 539 99 F: 4 3 3 
501 11 534 141 F: 5 4 2 
511 12 523 23 F: 7 5 
513 8 545 30 F: 2 3 3 
522 12 570 131 F: 5 4 3 
529 2 531 109 F: 2 
533 7 554 58 F: 3 1 3 
534 10 554 93 F: 4 3 3 
554 9 572 92 F: 2 3 4 
557 11 579 115 F: 11 
559 13 585 3 F: 13 
563 11 596 146 F: 6 5 
566 9 575 42 F: 9 
570 11 603 75 F: 11 
575 13 614 82 F: 13 
595 2 597 132 F: 2 
616 2 622 24 F: 2 
619 6 625 28 F: 4 2 
622 9 640 90 F: 5 3 1 
626 8 634 8 F: 4 4 
633 13 672 120 F: 5 4 4 
639 6 651 70 F: 4 2 
645 7 666 10 F: 2 5 
667 4 671 135 F: 2 1 1 
667 9 694 65 F: 4 1 4 
673 8 681 75 F: 4 2 2 
677 7 698 99 F: 7 
681 7 688 66 F: 2 2 3 
684 12 732 21 F: 6 6 
690 10 730 116 F: 3 3 4 
698 9 725 48 F: 6 3 
703 9 712 120 F: 3 2 4 
707 12 719 7 F: 7 5 
707 12 731 150 F: 4 4 4 
728 9 737 61 F: 3 6 
733 8 741 122 F: 8 
741 13 793 95 F: 7 6 
743 8 775 56 F: 7 1 
747 9 783 26 F: 9 
747 10 767 50 F: 7 3 
749 10 789 128 F: 10 
757 8 765 70 F: 7 1 
779 5 789 65 F: 5 
779 8 795 48 F: 3 5 
791 8 823 74 F: 8 
792 11 814 16 F: 11 
806 4 822 52 F: 3 1 
811 3 820 112 F: 3 
812 13 838 116 F: 13 
815 9 842 126 F: 7 2 
824 8 856 78 F: 5 3 
826 13 865 109 F: 7 6 
836 13 875 39 F: 13 
843 11 854 35 F: 11 
844 9 862 66 F: 7 2 
847 8 879 99 F: 4 4 
857 5 872 39 F: 2 3 
859 8 891 23 F: 4 4 
890 5 900 65 F: 4 1 
896 10 916 135 F: 4 3 3 
897 3 906 135 F: 2 1 
913 10 923 76 F: 4 6 
921 7 942 146 F: 5 1 1 
927 9 936 22 F: 7 2 
928 6 940 61 F: 2 3 1 
937 9 946 25 F: 3 4 2 
948 10 968 126 F: 5 1 4 
952 4 968 145 F: 4 
952 9 979 66 F: 2 3 4 
957 5 972 41 F: 2 1 2 
957 7 985 68 F: 2 5 
967 7 995 82 F: 2 2 3 
974 10 1004 26 F: 2 4 4 
980 10 1020 147 F: 6 4 
981 8 989 36 F: 4 3 1 
984 5 1004 36 F: 5 
D: 6 32 
D: 6 37 
D: 16 86 
D: 16 113 
D: 18 25 
D: 25 81 
D: 26 69 
D: 29 96 
D: 30 67 
D: 31 119 
D: 32 72 
D: 59 66 
D: 74 114 
D: 100 127 
D: 113 145 
