1 9 37 98 F: 5 3 1 
2 10 42 5 F: 10 
3 11 25 10 F: 11 
7 9 16 73 F: 4 4 1 
18 12 42 78 F: 7 5 
29 9 38 80 F: 9 
36 7 64 31 F: 4 3 
57 12 93 33 F: 12 
58 10 88 77 F: 3 3 4 
67 2 69 86 F: 2 
73 10 113 100 F: 5 4 1 
80 10 90 33 F: 7 3 
82 11 126 86 F: 7 4 
85 12 97 19 F: 12 
88 3 94 41 F: 3 
101 6 125 45 F: 2 1 3 
104 10 124 69 F: 3 4 3 
110 9 146 59 F: 3 6 
115 8 131 66 F: 3 2 3 
127 4 131 45 F: 4 
137 5 152 4 F: 4 1 
163 8 195 64 F: 3 5 
170 7 198 94 F: 7 
170 11 192 49 F: 5 4 2 
172 11 216 13 F: 5 4 2 
180 11 213 63 F: 6 5 
185 9 194 92 F: 2 4 3 
192 8 216 15 F: 3 5 
193 11 237 94 F: 11 
193 13 232 24 F: 13 
204 9 213 67 F: 7 2 
206 6 218 77 F: 6 
207 2 213 35 F: 2 
210 12 258 1 F: 7 5 
219 10 259 39 F: 10 
222 10 232 69 F: 10 
227 11 271 64 F: 11 
232 9 268 19 F: 5 4 
241 8 265 68 F: 8 
241 8 265 99 F: 5 3 
247 8 255 49 F: 3 2 3 
248 10 268 99 F: 5 2 3 
260 5 275 93 F: 4 1 
271 9 280 14 F: 3 6 
292 7 313 84 F: 4 2 1 
301 6 319 42 F: 6 
306 6 324 95 F: 6 
317 11 328 92 F: 11 
319 12 355 95 F: 12 
320 13 346 4 F: 13 
336 10 366 65 F: 5 1 4 
341 5 351 22 F: 5 
357 9 393 45 F: 6 3 
364 5 369 61 F: 5 
368 13 407 42 F: 13 
388 8 404 77 F: 3 1 4 
388 10 398 23 F: 4 4 2 
389 5 394 29 F: 5 
391 10 411 52 F: 4 4 2 
392 10 412 49 F: 5 4 1 
401 13 427 85 F: 13 
411 6 435 91 F: 6 
413 5 433 46 F: 5 
414 9 423 16 F: 9 
450 10 490 47 F: 4 6 
457 5 472 39 F: 2 3 
466 7 480 45 F: 7 
470 3 479 23 F: 3 
474 7 502 89 F: 2 3 2 
475 13 514 16 F: 7 6 
481 11 525 100 F: 7 4 
494 8 502 21 F: 7 1 
495 8 503 89 F: 4 4 
495 9 504 14 F: 6 3 
499 13 525 62 F: 13 
523 3 529 84 F: 3 
525 7 546 32 F: 7 
528 9 546 43 F: 9 
531 7 552 24 F: 4 3 
534 8 550 32 F: 4 4 
537 8 569 66 F: 4 1 3 
539 8 563 45 F: 4 3 1 
544 8 552 31 F: 3 5 
552 5 562 71 F: 3 2 
553 8 585 30 F: 3 1 4 
555 8 563 53 F: 5 3 
560 7 567 47 F: 7 
565 10 575 30 F: 10 
583 8 591 38 F: 6 2 
597 5 602 98 F: 2 3 
600 10 620 88 F: 6 4 
605 7 626 78 F: 4 2 1 
627 9 645 82 F: 9 
633 2 637 100 F: 2 
642 3 651 70 F: 3 
649 11 660 47 F: 5 2 4 
657 9 684 45 F: 6 3 
693 12 729 62 F: 6 6 
695 10 715 82 F: 10 
699 9 717 44 F: 4 2 3 
D: 7 33 
D: 7 74 
D: 8 82 
D: 18 91 
D: 26 74 
D: 34 92 
D: 37 52 
D: 38 95 
D: 45 52 
D: 49 77 
