0 7 21 100 F: 2 4 1 
6 10 46 31 F: 4 3 3 
9 8 17 82 F: 8 
9 8 25 60 F: 8 
15 9 33 64 F: 3 2 4 
28 9 46 11 F: 5 4 
32 7 53 86 F: 6 1 
57 11 101 74 F: 11 
59 6 71 9 F: 4 1 1 
59 11 81 83 F: 6 5 
61 6 73 29 F: 3 3 
61 11 83 4 F: 6 5 
75 7 82 54 F: 7 
78 7 92 25 F: 5 2 
95 8 103 17 F: 2 2 4 
106 8 130 8 F: 6 2 
109 9 127 4 F: 3 3 3 
120 8 144 79 F: 4 1 3 
125 8 141 53 F: 2 6 
149 5 169 11 F: 4 1 
150 7 178 70 F: 2 1 4 
160 12 184 63 F: 5 4 3 
161 5 176 28 F: 2 2 1 
169 10 199 91 F: 4 6 
178 10 188 89 F: 5 1 4 
180 9 189 28 F: 4 2 3 
184 8 216 71 F: 5 3 
184 9 202 58 F: 5 4 
189 5 199 40 F: 2 2 1 
193 4 205 49 F: 4 
203 8 219 48 F: 6 2 
218 9 227 83 F: 4 5 
222 9 258 54 F: 4 2 3 
238 7 245 99 F: 7 
253 10 283 100 F: 6 4 
261 7 275 20 F: 7 
261 13 313 93 F: 7 6 
266 11 310 41 F: 11 
271 8 295 56 F: 4 4 
275 10 305 41 F: 7 3 
285 8 317 70 F: 3 3 2 
289 6 307 53 F: 4 1 1 
291 11 313 91 F: 11 
296 9 332 1 F: 9 
296 11 307 34 F: 7 4 
312 8 320 87 F: 4 4 
318 7 325 27 F: 6 1 
324 9 351 39 F: 3 3 3 
324 9 360 91 F: 2 4 3 
326 11 359 47 F: 5 6 
329 3 335 76 F: 3 
339 2 347 48 F: 2 
339 10 359 93 F: 4 6 
345 10 385 14 F: 6 4 
347 10 387 41 F: 4 3 3 
357 5 367 16 F: 3 2 
366 10 386 61 F: 5 1 4 
380 9 389 42 F: 9 
381 5 386 42 F: 5 
382 11 393 87 F: 5 6 
400 9 409 77 F: 3 6 
402 8 418 20 F: 3 5 
407 3 416 70 F: 3 
419 2 421 1 F: 2 
419 11 430 99 F: 5 4 2 
430 10 460 69 F: 4 6 
436 10 456 15 F: 4 2 4 
443 8 475 61 F: 4 2 2 
472 6 490 86 F: 3 3 
474 7 481 6 F: 3 4 
475 9 502 53 F: 6 3 
476 9 485 69 F: 4 1 4 
477 13 529 92 F: 13 
490 6 508 87 F: 4 2 
493 2 499 44 F: 2 
506 6 524 61 F: 2 3 1 
507 9 516 51 F: 9 
511 11 533 87 F: 3 4 4 
528 9 546 90 F: 9 
532 10 572 24 F: 4 4 2 
545 7 566 40 F: 2 4 1 
553 13 566 37 F: 5 4 4 
558 5 568 60 F: 5 
561 7 582 7 F: 5 2 
563 9 572 93 F: 9 
568 7 582 96 F: 3 2 2 
575 8 583 11 F: 3 5 
580 9 589 83 F: 6 3 
584 6 596 80 F: 3 1 2 
596 8 612 38 F: 6 2 
601 7 629 12 F: 2 5 
610 13 649 61 F: 5 4 4 
617 7 645 6 F: 7 
626 9 662 69 F: 6 3 
627 12 651 8 F: 12 
642 3 651 75 F: 3 
648 11 681 70 F: 5 2 4 
649 2 655 6 F: 2 
663 7 684 54 F: 7 
680 13 693 50 F: 13 
D: 2 29 
D: 4 41 
D: 13 85 
D: 19 64 
D: 19 83 
D: 26 77 
D: 27 91 
D: 30 44 
D: 47 91 
D: 67 77 
