0 4 8 142 F: 4 
19 5 29 106 F: 2 1 2 
19 11 41 83 F: 4 3 4 
26 6 50 8 F: 6 
33 10 63 39 F: 3 3 4 
36 7 43 116 F: 2 1 4 
44 12 80 59 F: 12 
45 8 61 46 F: 2 2 4 
59 9 77 15 F: 2 3 4 
68 9 104 17 F: 5 4 
71 7 99 34 F: 4 1 2 
83 4 91 149 F: 3 1 
87 5 97 71 F: 4 1 
88 9 124 109 F: 3 2 4 
96 10 126 25 F: 4 4 2 
107 11 140 68 F: 11 
113 4 125 116 F: 4 
119 2 121 26 F: 2 
120 12 156 143 F: 5 3 4 
124 11 135 66 F: 3 4 4 
127 11 138 37 F: 11 
140 9 167 56 F: 9 
141 11 185 149 F: 11 
144 3 156 23 F: 3 
169 7 190 71 F: 5 1 1 
175 5 195 9 F: 5 
185 13 237 77 F: 13 
192 11 203 133 F: 5 6 
194 9 230 102 F: 3 4 2 
197 9 206 62 F: 5 1 3 
214 6 220 16 F: 6 
227 9 254 35 F: 4 2 3 
250 7 264 86 F: 7 
253 3 265 146 F: 3 
255 4 263 87 F: 2 2 
258 8 290 52 F: 2 3 3 
270 9 297 88 F: 9 
276 5 296 86 F: 2 2 1 
276 7 297 144 F: 3 4 
282 4 298 86 F: 4 
283 7 311 139 F: 7 
291 5 296 64 F: 2 1 2 
292 8 300 82 F: 3 5 
295 11 317 61 F: 4 4 3 
296 6 302 121 F: 6 
307 9 334 51 F: 4 3 2 
320 3 329 23 F: 3 
331 12 355 134 F: 12 
340 11 351 14 F: 11 
343 7 357 11 F: 7 
354 8 378 140 F: 8 
357 10 397 15 F: 5 3 2 
360 6 378 146 F: 2 2 2 
371 9 389 20 F: 9 
372 9 381 146 F: 2 3 4 
375 9 402 41 F: 9 
382 10 392 17 F: 10 
384 13 436 86 F: 13 
388 6 400 103 F: 4 2 
393 7 421 25 F: 7 
407 9 416 32 F: 4 5 
433 9 451 90 F: 5 2 2 
443 8 451 40 F: 2 6 
447 9 465 62 F: 5 3 1 
460 7 467 56 F: 5 1 1 
466 7 487 95 F: 5 2 
468 4 480 44 F: 2 2 
469 6 475 134 F: 5 1 
470 7 491 141 F: 3 4 
474 4 478 85 F: 3 1 
484 7 498 34 F: 5 2 
484 9 520 127 F: 9 
491 8 507 119 F: 8 
492 10 502 84 F: 6 4 
492 12 540 9 F: 12 
505 12 553 128 F: 12 
508 9 526 142 F: 9 
545 9 563 15 F: 6 3 
548 9 557 22 F: 4 5 
551 12 575 77 F: 5 4 3 
563 13 589 98 F: 13 
566 8 582 40 F: 3 4 1 
567 2 573 52 F: 2 
569 10 579 70 F: 3 4 3 
573 8 605 52 F: 5 3 
585 7 613 92 F: 2 1 4 
586 8 618 55 F: 7 1 
589 12 613 39 F: 6 6 
595 10 625 83 F: 10 
596 7 624 132 F: 4 3 
607 7 621 19 F: 5 1 1 
631 8 639 53 F: 3 5 
633 8 649 55 F: 7 1 
634 9 643 71 F: 4 1 4 
635 11 679 148 F: 4 4 3 
636 7 657 91 F: 2 2 3 
642 4 658 138 F: 4 
649 9 658 44 F: 3 4 2 
653 8 685 60 F: 8 
658 7 679 101 F: 7 
658 9 667 50 F: 4 1 4 
659 8 675 149 F: 8 
672 4 688 125 F: 2 1 1 
676 12 712 103 F: 12 
697 7 718 65 F: 2 2 3 
700 10 710 125 F: 4 6 
702 9 711 54 F: 3 6 
711 5 716 110 F: 5 
732 5 752 49 F: 2 2 1 
733 7 740 99 F: 3 2 2 
738 8 770 72 F: 8 
749 9 776 62 F: 4 5 
770 4 774 101 F: 4 
776 6 782 4 F: 5 1 
777 3 786 34 F: 3 
778 11 822 125 F: 7 4 
782 11 826 88 F: 5 3 3 
793 4 797 107 F: 4 
796 9 814 84 F: 3 6 
796 9 832 62 F: 4 5 
802 11 846 25 F: 11 
809 7 823 143 F: 7 
814 10 844 130 F: 5 4 1 
829 8 845 94 F: 5 1 2 
839 5 854 97 F: 2 3 
841 10 861 4 F: 10 
850 10 890 29 F: 10 
862 2 866 1 F: 2 
864 12 876 77 F: 5 3 4 
880 7 887 106 F: 3 4 
883 5 888 146 F: 5 
883 10 903 41 F: 5 4 1 
894 2 900 130 F: 2 
897 13 923 145 F: 13 
898 13 911 73 F: 13 
910 9 946 37 F: 9 
915 6 927 10 F: 3 2 1 
929 10 959 81 F: 10 
932 8 964 43 F: 2 3 3 
935 8 967 77 F: 8 
942 13 981 95 F: 13 
947 9 965 116 F: 9 
948 9 966 20 F: 4 4 1 
957 7 964 99 F: 2 4 1 
959 8 983 40 F: 2 3 3 
969 11 980 1 F: 7 4 
980 6 992 117 F: 4 2 
984 11 995 146 F: 6 5 
987 3 990 91 F: 3 
988 13 1027 144 F: 7 6 
D: 0 115 
D: 4 56 
D: 6 99 
D: 11 144 
D: 16 66 
D: 33 40 
D: 39 123 
D: 54 66 
D: 56 98 
D: 85 87 
D: 87 99 
D: 87 143 
D: 89 117 
D: 92 144 
D: 95 133 
