27 5 32 60 F: 5 
46 7 53 37 F: 7 
49 10 89 70 F: 7 3 
50 6 68 106 F: 6 
50 10 60 38 F: 10 
57 6 63 126 F: 4 2 
57 8 81 43 F: 4 2 2 
65 12 101 27 F: 12 
68 7 82 71 F: 2 1 4 
72 10 112 75 F: 4 4 2 
81 11 114 46 F: 11 
82 4 90 99 F: 2 2 
88 10 98 45 F: 3 3 4 
91 7 112 49 F: 2 2 3 
99 8 123 18 F: 4 1 3 
102 7 116 29 F: 2 1 4 
108 9 144 52 F: 3 6 
113 12 149 32 F: 6 6 
116 12 164 75 F: 12 
119 8 127 97 F: 8 
146 6 152 38 F: 5 1 
162 9 171 130 F: 9 
163 6 187 50 F: 4 2 
166 5 181 124 F: 5 
168 10 198 133 F: 10 
185 12 233 116 F: 12 
190 6 214 142 F: 6 
194 9 203 50 F: 3 6 
195 4 203 143 F: 2 2 
196 2 202 91 F: 2 
217 7 224 118 F: 4 1 2 
224 13 237 112 F: 13 
235 10 255 63 F: 6 4 
238 6 262 35 F: 3 2 1 
238 8 254 65 F: 3 1 4 
242 8 274 138 F: 8 
244 9 262 145 F: 4 2 3 
248 7 269 55 F: 4 3 
253 10 273 102 F: 7 3 
260 12 272 1 F: 6 6 
264 3 276 137 F: 3 
267 7 288 26 F: 2 5 
273 2 279 60 F: 2 
281 6 299 69 F: 5 1 
293 10 333 76 F: 10 
304 7 311 23 F: 2 1 4 
307 7 321 62 F: 6 1 
315 6 327 63 F: 6 
318 8 342 22 F: 3 4 1 
334 9 343 146 F: 3 2 4 
349 8 365 86 F: 3 3 2 
356 7 370 117 F: 4 3 
359 7 366 6 F: 3 4 
361 8 393 144 F: 8 
372 6 384 4 F: 6 
374 13 400 74 F: 13 
375 9 384 88 F: 7 2 
377 7 398 106 F: 5 2 
391 8 399 134 F: 4 1 3 
396 5 416 37 F: 2 1 2 
410 13 423 61 F: 5 4 4 
416 5 431 3 F: 4 1 
424 5 434 139 F: 5 
425 8 457 93 F: 3 3 2 
428 9 446 76 F: 9 
433 6 445 93 F: 5 1 
435 2 441 68 F: 2 
441 10 451 3 F: 6 4 
449 5 464 105 F: 3 2 
451 6 457 63 F: 3 3 
459 2 463 56 F: 2 
477 6 489 125 F: 3 3 
480 3 492 137 F: 3 
486 6 498 3 F: 3 3 
492 8 500 114 F: 6 2 
500 8 516 64 F: 6 2 
506 5 521 66 F: 3 1 1 
506 8 538 88 F: 8 
518 11 551 51 F: 11 
523 7 530 61 F: 7 
532 9 541 107 F: 5 4 
541 3 544 134 F: 2 1 
555 11 588 27 F: 6 5 
560 6 584 24 F: 5 1 
567 9 585 136 F: 9 
577 13 629 72 F: 13 
578 6 602 37 F: 6 
587 7 594 48 F: 2 5 
595 13 647 45 F: 13 
599 6 605 143 F: 2 4 
627 9 663 35 F: 9 
628 10 638 126 F: 5 1 4 
645 5 650 81 F: 5 
646 4 654 134 F: 2 1 1 
654 13 693 93 F: 13 
659 11 703 99 F: 7 4 
660 5 675 10 F: 2 3 
663 8 687 93 F: 4 4 
674 9 701 137 F: 9 
679 9 715 119 F: 4 5 
682 4 694 88 F: 2 2 
683 8 715 144 F: 2 4 2 
683 11 716 7 F: 11 
688 11 699 90 F: 3 4 4 
692 9 719 121 F: 7 2 
705 12 741 131 F: 12 
707 5 717 52 F: 3 2 
707 11 729 91 F: 11 
713 9 740 107 F: 5 2 2 
717 11 728 1 F: 6 5 
730 9 748 149 F: 3 6 
735 7 742 57 F: 7 
736 10 756 63 F: 10 
741 9 777 50 F: 3 6 
744 7 751 44 F: 3 2 2 
745 7 773 71 F: 7 
761 4 777 65 F: 2 2 
775 6 787 58 F: 4 2 
777 3 786 53 F: 2 1 
779 8 787 133 F: 8 
803 5 823 36 F: 4 1 
809 10 849 97 F: 6 4 
819 10 839 146 F: 10 
823 9 841 103 F: 3 6 
831 9 849 90 F: 9 
833 11 855 21 F: 11 
838 8 854 129 F: 5 3 
843 10 853 13 F: 10 
848 10 888 124 F: 3 3 4 
851 10 871 49 F: 10 
868 4 880 34 F: 2 1 1 
877 8 893 46 F: 5 2 1 
883 11 905 114 F: 11 
888 8 896 126 F: 3 1 4 
894 6 912 29 F: 6 
902 12 950 48 F: 7 5 
914 7 935 96 F: 7 
914 10 934 49 F: 4 2 4 
916 8 924 12 F: 8 
935 12 947 79 F: 12 
947 10 957 34 F: 10 
950 10 960 59 F: 5 3 2 
953 11 997 143 F: 5 4 2 
970 4 982 46 F: 3 1 
976 13 1015 50 F: 13 
987 8 995 139 F: 3 5 
988 7 995 104 F: 2 2 3 
989 6 1001 120 F: 5 1 
997 5 1007 52 F: 2 3 
997 8 1005 89 F: 2 2 4 
D: 7 21 
D: 8 147 
D: 11 59 
D: 12 51 
D: 14 70 
D: 16 118 
D: 16 123 
D: 19 135 
D: 25 138 
D: 32 119 
D: 32 130 
D: 45 81 
D: 52 67 
D: 82 110 
D: 112 147 
