25 7 46 47 F: 2 3 2 
28 5 43 129 F: 2 3 
29 4 45 119 F: 4 
29 6 53 43 F: 2 3 1 
34 9 52 132 F: 3 4 2 
57 7 71 31 F: 2 1 4 
57 13 109 94 F: 13 
72 7 100 39 F: 5 2 
75 6 99 105 F: 4 2 
85 10 115 40 F: 5 5 
86 10 96 78 F: 5 4 1 
89 3 92 73 F: 3 
89 13 102 52 F: 7 6 
91 5 96 78 F: 5 
96 5 116 35 F: 4 1 
100 4 112 11 F: 4 
101 4 113 118 F: 4 
112 9 121 115 F: 3 6 
114 8 122 56 F: 3 2 3 
117 5 132 46 F: 3 2 
121 8 129 149 F: 2 6 
130 10 160 107 F: 2 4 4 
134 10 164 77 F: 6 4 
137 5 157 20 F: 5 
139 9 175 53 F: 9 
141 5 146 70 F: 5 
157 10 167 16 F: 4 3 3 
170 6 188 116 F: 2 3 1 
173 13 212 65 F: 13 
183 7 204 60 F: 3 4 
202 11 213 145 F: 5 6 
202 12 238 103 F: 12 
205 12 229 123 F: 7 5 
208 12 220 92 F: 6 6 
209 13 222 135 F: 13 
218 9 236 30 F: 9 
222 13 274 147 F: 13 
254 7 275 91 F: 3 4 
260 9 287 139 F: 6 3 
278 7 292 73 F: 3 4 
280 7 308 78 F: 5 1 1 
280 12 292 3 F: 6 6 
287 7 294 62 F: 4 2 1 
290 11 312 116 F: 4 4 3 
296 10 306 49 F: 4 6 
312 8 344 136 F: 2 6 
314 11 347 75 F: 11 
327 11 338 23 F: 5 6 
338 3 350 23 F: 3 
345 2 349 111 F: 2 
347 9 383 19 F: 9 
352 12 400 138 F: 4 4 4 
366 13 405 136 F: 13 
386 12 422 105 F: 12 
386 13 425 95 F: 13 
394 7 422 90 F: 4 2 1 
396 8 420 60 F: 5 3 
396 8 428 65 F: 2 6 
398 9 416 136 F: 9 
399 10 409 69 F: 5 5 
411 7 425 80 F: 2 1 4 
434 11 456 74 F: 11 
440 11 484 42 F: 6 5 
441 9 477 89 F: 4 1 4 
443 8 475 59 F: 3 5 
452 11 474 143 F: 7 4 
455 4 467 96 F: 3 1 
460 6 478 78 F: 5 1 
477 11 510 120 F: 5 4 2 
484 8 500 109 F: 2 6 
487 6 499 116 F: 3 2 1 
491 2 499 77 F: 2 
494 3 497 137 F: 3 
498 5 518 2 F: 2 2 1 
499 2 501 137 F: 2 
512 10 542 146 F: 5 5 
518 9 536 83 F: 4 5 
520 9 556 118 F: 3 6 
522 2 530 10 F: 2 
522 5 527 45 F: 5 
541 5 561 148 F: 4 1 
546 7 567 10 F: 2 2 3 
548 9 557 16 F: 5 3 1 
554 2 558 23 F: 2 
571 5 581 93 F: 2 1 2 
579 8 595 37 F: 8 
581 6 599 118 F: 6 
581 9 617 124 F: 5 1 3 
584 10 624 24 F: 3 4 3 
596 8 612 98 F: 4 2 2 
606 6 618 71 F: 3 3 
611 6 629 25 F: 3 3 
620 4 632 10 F: 4 
628 8 660 110 F: 8 
636 9 654 122 F: 9 
640 12 652 128 F: 7 5 
642 3 645 33 F: 3 
658 11 691 27 F: 5 3 3 
663 7 684 145 F: 2 3 2 
673 7 694 86 F: 3 2 2 
677 13 703 115 F: 5 4 4 
680 9 689 60 F: 9 
685 7 699 30 F: 2 5 
692 8 700 120 F: 3 3 2 
696 7 717 141 F: 3 4 
703 10 733 135 F: 10 
708 12 732 100 F: 7 5 
718 2 726 47 F: 2 
728 13 754 70 F: 13 
737 8 769 132 F: 5 1 2 
755 9 764 73 F: 9 
756 6 762 16 F: 3 2 1 
763 3 772 53 F: 3 
769 6 781 60 F: 2 1 3 
773 13 812 148 F: 13 
778 3 790 58 F: 2 1 
779 11 823 90 F: 6 5 
780 6 798 117 F: 6 
792 11 825 11 F: 4 3 4 
795 5 800 86 F: 3 1 1 
813 10 833 141 F: 10 
818 3 827 135 F: 2 1 
822 6 834 142 F: 2 4 
827 11 849 127 F: 5 4 2 
833 6 839 27 F: 4 2 
833 12 869 108 F: 12 
834 11 867 19 F: 11 
840 9 876 43 F: 5 3 1 
846 6 852 106 F: 4 1 1 
848 3 851 10 F: 3 
858 8 890 61 F: 8 
863 4 875 16 F: 3 1 
874 6 892 103 F: 3 3 
889 4 901 103 F: 4 
897 9 915 147 F: 3 6 
902 13 954 31 F: 13 
904 4 920 134 F: 4 
912 6 924 148 F: 2 4 
913 9 940 49 F: 5 3 1 
919 11 930 99 F: 5 6 
927 8 959 133 F: 3 1 4 
949 5 954 4 F: 3 1 1 
952 11 974 46 F: 3 4 4 
953 12 977 96 F: 4 4 4 
966 5 976 82 F: 2 3 
966 9 975 84 F: 9 
966 9 984 22 F: 3 4 2 
967 11 989 55 F: 11 
983 11 1005 66 F: 5 3 3 
997 12 1033 57 F: 12 
D: 4 13 
D: 8 97 
D: 15 108 
D: 17 23 
D: 25 122 
D: 28 94 
D: 43 111 
D: 48 65 
D: 50 124 
D: 53 110 
D: 70 114 
D: 71 126 
D: 76 104 
D: 98 136 
D: 103 142 
