0 10 30 76 F: 4 3 3 
4 3 13 28 F: 3 
10 10 20 4 F: 10 
19 8 35 91 F: 8 
22 12 34 98 F: 12 
32 7 46 52 F: 3 2 2 
43 6 67 89 F: 3 2 1 
48 8 64 81 F: 4 1 3 
51 9 60 80 F: 4 1 4 
57 5 72 55 F: 2 3 
61 4 77 46 F: 2 1 1 
66 3 78 37 F: 2 1 
71 3 77 73 F: 3 
80 8 112 35 F: 4 4 
92 8 116 7 F: 3 5 
123 8 155 43 F: 3 5 
125 9 161 60 F: 5 3 1 
128 6 146 25 F: 4 2 
128 10 158 66 F: 6 4 
129 10 159 100 F: 10 
131 9 167 43 F: 9 
133 12 157 82 F: 7 5 
138 9 165 69 F: 6 3 
148 8 180 78 F: 6 2 
153 12 201 52 F: 5 4 3 
171 3 183 70 F: 3 
173 2 181 77 F: 2 
177 7 184 20 F: 7 
180 8 188 7 F: 4 1 3 
185 10 225 98 F: 2 4 4 
202 2 204 14 F: 2 
212 3 218 96 F: 2 1 
223 9 259 41 F: 3 6 
226 9 262 29 F: 4 1 4 
227 8 243 3 F: 3 5 
232 10 272 22 F: 2 4 4 
246 8 278 74 F: 8 
248 10 268 88 F: 10 
251 5 256 85 F: 3 2 
258 11 302 94 F: 4 3 4 
260 5 275 95 F: 2 3 
268 6 280 74 F: 5 1 
270 8 302 48 F: 5 2 1 
278 8 294 1 F: 4 3 1 
280 5 290 63 F: 3 1 1 
301 6 307 93 F: 5 1 
309 6 327 88 F: 6 
314 11 347 81 F: 4 4 3 
322 11 366 47 F: 5 3 3 
324 10 354 13 F: 4 3 3 
337 8 353 2 F: 3 5 
357 9 393 73 F: 6 3 
360 8 392 100 F: 8 
361 8 385 34 F: 3 2 3 
365 10 405 10 F: 4 2 4 
381 8 413 52 F: 6 2 
389 7 410 69 F: 2 2 3 
389 8 421 23 F: 3 5 
389 10 429 20 F: 7 3 
389 12 437 48 F: 12 
402 7 430 67 F: 3 1 3 
415 7 429 11 F: 4 3 
415 13 467 96 F: 13 
420 5 440 58 F: 2 2 1 
430 9 466 66 F: 4 2 3 
435 11 457 54 F: 11 
443 7 471 5 F: 7 
454 5 464 10 F: 5 
455 9 473 9 F: 4 5 
456 5 466 37 F: 3 2 
469 7 490 81 F: 3 3 1 
472 3 484 100 F: 3 
473 5 478 76 F: 5 
475 10 505 4 F: 3 3 4 
496 4 512 92 F: 4 
516 13 529 89 F: 7 6 
517 7 538 87 F: 4 1 2 
523 7 537 78 F: 3 3 1 
535 10 575 72 F: 6 4 
536 11 547 91 F: 7 4 
542 5 552 74 F: 2 3 
542 10 562 8 F: 5 4 1 
544 9 553 96 F: 9 
550 6 568 44 F: 4 2 
552 13 578 3 F: 13 
565 10 595 8 F: 10 
567 8 583 51 F: 3 1 4 
572 6 596 1 F: 6 
572 9 590 56 F: 9 
598 4 606 29 F: 4 
604 11 626 31 F: 6 5 
605 10 625 40 F: 5 4 1 
606 9 615 28 F: 4 1 4 
606 9 633 47 F: 4 3 2 
615 9 624 24 F: 5 4 
630 10 640 78 F: 7 3 
652 5 657 59 F: 2 1 2 
663 13 676 52 F: 13 
676 10 696 6 F: 5 5 
699 6 723 52 F: 6 
D: 10 44 
D: 11 95 
D: 21 41 
D: 22 79 
D: 23 78 
D: 35 52 
D: 49 96 
D: 57 93 
D: 81 86 
D: 82 90 
