3 2 5 3 F: 2 
7 8 31 19 F: 5 3 
8 7 15 34 F: 7 
30 7 51 36 F: 2 5 
37 9 55 30 F: 2 3 4 
38 12 86 5 F: 12 
41 11 52 34 F: 6 5 
52 8 68 47 F: 2 2 4 
54 9 72 21 F: 5 2 2 
60 2 62 100 F: 2 
64 11 97 48 F: 11 
68 11 90 93 F: 11 
70 11 114 69 F: 11 
78 13 130 18 F: 13 
79 7 93 41 F: 3 1 3 
102 9 138 22 F: 4 4 1 
109 7 130 43 F: 3 2 2 
116 10 136 60 F: 4 3 3 
121 9 157 56 F: 5 4 
128 10 168 66 F: 4 2 4 
145 10 185 33 F: 4 6 
147 11 191 65 F: 6 5 
158 10 198 46 F: 5 3 2 
160 4 164 85 F: 4 
168 8 200 2 F: 3 5 
175 7 182 53 F: 2 4 1 
175 12 199 2 F: 12 
187 10 227 46 F: 6 4 
188 8 196 53 F: 8 
195 8 219 57 F: 3 3 2 
203 11 225 38 F: 11 
205 9 214 3 F: 3 3 3 
217 13 230 47 F: 7 6 
224 9 251 10 F: 3 6 
240 13 266 95 F: 13 
245 8 277 25 F: 6 2 
247 8 263 63 F: 2 6 
249 6 267 14 F: 6 
251 7 265 16 F: 2 3 2 
252 6 258 90 F: 5 1 
266 5 286 96 F: 5 
278 7 292 71 F: 3 3 1 
281 11 292 21 F: 5 4 2 
286 9 295 15 F: 7 2 
296 4 300 24 F: 4 
301 8 325 17 F: 2 2 4 
316 10 326 60 F: 5 5 
322 10 362 2 F: 10 
330 9 339 3 F: 4 5 
353 5 363 69 F: 2 3 
354 11 387 93 F: 11 
355 12 391 36 F: 7 5 
364 6 376 18 F: 5 1 
370 6 382 38 F: 4 1 1 
373 6 397 53 F: 5 1 
376 5 386 71 F: 2 3 
380 6 386 9 F: 5 1 
389 10 399 38 F: 5 4 1 
390 12 426 35 F: 7 5 
398 5 418 68 F: 5 
404 6 410 58 F: 3 3 
408 6 426 81 F: 5 1 
409 7 416 7 F: 7 
443 8 459 88 F: 4 1 3 
451 10 491 38 F: 5 1 4 
456 6 480 31 F: 6 
456 9 465 93 F: 6 3 
463 7 477 50 F: 2 4 1 
466 11 477 55 F: 7 4 
470 2 478 85 F: 2 
475 8 483 82 F: 8 
478 10 488 90 F: 4 4 2 
487 12 535 84 F: 5 4 3 
496 8 520 54 F: 7 1 
497 10 527 91 F: 5 4 1 
508 9 544 30 F: 9 
517 12 529 85 F: 5 3 4 
522 9 549 48 F: 7 2 
532 10 552 74 F: 4 6 
533 10 543 83 F: 10 
537 9 573 91 F: 5 4 
538 7 566 22 F: 2 4 1 
546 6 552 100 F: 3 3 
549 9 567 50 F: 4 5 
559 11 592 3 F: 11 
567 8 591 44 F: 2 2 4 
575 2 579 16 F: 2 
587 10 597 99 F: 4 3 3 
590 8 606 54 F: 3 4 1 
592 8 608 6 F: 5 1 2 
605 9 632 59 F: 9 
619 7 640 69 F: 3 4 
623 13 662 39 F: 13 
625 6 637 6 F: 3 1 2 
626 5 636 62 F: 2 1 2 
652 9 661 90 F: 5 4 
655 5 665 8 F: 2 3 
663 12 675 78 F: 6 6 
685 12 697 62 F: 12 
699 6 717 30 F: 2 2 2 
D: 4 85 
D: 5 26 
D: 8 18 
D: 11 15 
D: 18 59 
D: 25 84 
D: 32 39 
D: 36 50 
D: 46 58 
D: 84 98 
