3 4 15 28 F: 4 
29 8 53 21 F: 5 3 
31 11 53 52 F: 6 5 
44 11 55 100 F: 6 5 
55 10 95 91 F: 4 4 2 
62 7 90 96 F: 5 2 
65 4 73 25 F: 4 
65 11 109 64 F: 11 
68 8 100 69 F: 3 4 1 
72 11 94 92 F: 5 4 2 
90 5 110 59 F: 3 2 
95 10 135 41 F: 5 5 
96 7 103 30 F: 2 1 4 
98 7 105 88 F: 3 1 3 
98 9 116 100 F: 6 3 
107 12 143 22 F: 6 6 
108 13 121 97 F: 7 6 
116 7 130 7 F: 7 
123 8 131 70 F: 8 
133 11 177 36 F: 5 2 4 
144 4 160 66 F: 4 
157 11 201 28 F: 11 
162 4 178 26 F: 2 1 1 
162 8 186 3 F: 5 3 
180 8 188 79 F: 8 
183 7 211 2 F: 5 2 
189 8 221 91 F: 2 4 2 
191 8 223 2 F: 6 2 
191 12 239 15 F: 4 4 4 
193 5 213 2 F: 3 1 1 
206 10 236 21 F: 7 3 
217 8 241 75 F: 2 6 
225 13 251 14 F: 7 6 
228 11 272 18 F: 5 6 
231 7 245 23 F: 5 1 1 
236 8 252 72 F: 8 
246 12 270 86 F: 5 4 3 
247 10 267 14 F: 10 
253 11 275 39 F: 3 4 4 
268 6 274 74 F: 6 
270 7 277 59 F: 3 4 
275 3 281 64 F: 3 
275 9 311 79 F: 3 6 
293 13 345 16 F: 13 
297 5 312 19 F: 5 
303 7 324 12 F: 7 
312 10 342 18 F: 4 4 2 
319 13 332 46 F: 13 
323 11 345 28 F: 11 
329 10 339 41 F: 10 
351 11 362 86 F: 11 
352 5 367 13 F: 3 1 1 
358 9 367 16 F: 7 2 
363 10 403 25 F: 5 1 4 
367 9 403 96 F: 7 2 
376 8 408 15 F: 2 3 3 
377 5 392 10 F: 5 
379 6 385 83 F: 3 3 
379 8 403 98 F: 3 5 
397 12 421 98 F: 5 4 3 
411 12 447 67 F: 4 4 4 
423 3 429 4 F: 3 
434 4 446 94 F: 3 1 
437 6 443 15 F: 6 
439 13 465 8 F: 13 
440 10 480 13 F: 10 
446 9 482 35 F: 4 5 
456 10 466 25 F: 3 3 4 
456 11 500 93 F: 4 3 4 
460 8 476 91 F: 3 3 2 
474 10 494 12 F: 4 2 4 
476 13 515 86 F: 13 
487 3 493 65 F: 2 1 
490 6 514 6 F: 5 1 
494 9 521 64 F: 4 1 4 
504 2 508 44 F: 2 
508 9 544 26 F: 7 2 
513 10 533 19 F: 5 3 2 
523 6 535 26 F: 2 1 3 
538 6 550 89 F: 2 3 1 
540 9 549 39 F: 9 
544 12 592 76 F: 12 
545 3 548 12 F: 2 1 
559 12 571 6 F: 12 
564 9 573 2 F: 7 2 
564 11 608 86 F: 5 6 
577 6 589 43 F: 2 2 2 
584 9 602 37 F: 6 3 
594 11 605 68 F: 11 
596 13 609 29 F: 13 
609 12 645 99 F: 7 5 
653 8 685 87 F: 8 
668 6 686 81 F: 6 
670 10 700 57 F: 2 4 4 
681 5 686 47 F: 5 
685 9 703 7 F: 7 2 
689 9 707 98 F: 5 1 3 
692 4 700 85 F: 2 1 1 
692 6 698 31 F: 3 1 2 
694 3 700 34 F: 3 
D: 3 40 
D: 4 8 
D: 11 41 
D: 11 79 
D: 14 37 
D: 19 67 
D: 24 37 
D: 27 75 
D: 38 73 
D: 53 82 
