9 5 29 87 F: 2 3 
11 9 38 73 F: 2 4 3 
16 6 34 63 F: 2 3 1 
18 10 48 23 F: 6 4 
21 7 35 7 F: 2 3 2 
25 2 31 93 F: 2 
29 5 39 52 F: 3 1 1 
59 2 65 66 F: 2 
63 5 68 31 F: 5 
66 6 90 88 F: 6 
84 12 120 43 F: 7 5 
87 10 97 56 F: 5 5 
88 11 132 57 F: 6 5 
89 10 109 96 F: 10 
91 6 97 44 F: 6 
104 8 120 81 F: 4 2 2 
108 4 112 81 F: 4 
108 5 123 22 F: 5 
112 7 140 20 F: 2 5 
117 8 125 27 F: 5 1 2 
120 8 152 24 F: 5 3 
122 3 125 48 F: 3 
131 7 145 13 F: 6 1 
142 12 154 23 F: 5 4 3 
145 12 157 45 F: 12 
157 8 173 94 F: 4 4 
171 6 189 21 F: 4 1 1 
171 9 189 15 F: 2 4 3 
173 5 188 13 F: 5 
181 10 201 64 F: 5 2 3 
203 11 236 46 F: 7 4 
208 9 244 33 F: 2 4 3 
210 7 231 66 F: 2 5 
213 4 225 29 F: 2 2 
227 8 259 82 F: 3 2 3 
246 13 272 24 F: 13 
255 7 269 19 F: 3 3 1 
267 10 307 27 F: 10 
272 7 293 17 F: 6 1 
273 9 291 46 F: 9 
274 8 282 68 F: 5 1 2 
274 9 301 34 F: 6 3 
283 7 297 45 F: 2 3 2 
287 8 319 26 F: 3 3 2 
291 12 327 72 F: 7 5 
301 8 325 86 F: 3 5 
306 4 314 27 F: 2 1 1 
308 7 322 56 F: 3 3 1 
316 6 328 28 F: 6 
323 8 331 67 F: 8 
327 8 343 66 F: 5 2 1 
328 6 352 20 F: 2 2 2 
340 3 352 60 F: 3 
361 3 364 47 F: 3 
361 5 366 89 F: 2 1 2 
361 11 383 70 F: 7 4 
371 9 398 30 F: 5 4 
371 11 404 50 F: 6 5 
373 8 397 100 F: 2 2 4 
374 4 390 96 F: 4 
410 10 450 48 F: 3 4 3 
411 8 435 67 F: 7 1 
418 11 429 28 F: 11 
429 8 453 28 F: 8 
431 12 467 62 F: 5 4 3 
433 10 453 80 F: 10 
434 12 470 63 F: 5 4 3 
442 7 470 84 F: 6 1 
451 6 469 46 F: 3 3 
453 7 460 10 F: 3 4 
457 7 478 68 F: 3 1 3 
476 3 482 91 F: 3 
483 6 495 11 F: 2 1 3 
491 12 527 25 F: 5 4 3 
498 8 514 68 F: 3 5 
503 4 511 34 F: 4 
503 11 547 12 F: 5 3 3 
504 9 540 28 F: 5 1 3 
524 9 551 1 F: 9 
531 7 552 71 F: 4 2 1 
535 7 563 88 F: 3 1 3 
545 5 555 59 F: 5 
547 10 577 51 F: 6 4 
552 8 576 88 F: 2 2 4 
555 10 575 54 F: 4 3 3 
559 7 580 94 F: 3 2 2 
566 4 578 69 F: 4 
589 9 607 10 F: 5 1 3 
591 5 606 86 F: 2 3 
597 9 633 19 F: 4 5 
609 6 621 31 F: 6 
633 6 657 27 F: 2 1 3 
634 6 640 19 F: 6 
640 4 652 84 F: 2 2 
646 8 670 9 F: 5 3 
650 5 655 71 F: 3 2 
672 6 696 78 F: 5 1 
685 10 725 45 F: 6 4 
696 6 702 29 F: 2 4 
698 9 716 68 F: 3 2 4 
D: 2 62 
D: 10 38 
D: 21 79 
D: 22 70 
D: 23 88 
D: 26 54 
D: 53 76 
D: 54 83 
D: 57 79 
D: 77 93 
