5 12 53 25 F: 12 
9 9 36 73 F: 9 
15 10 25 58 F: 5 1 4 
17 2 23 90 F: 2 
22 8 54 36 F: 4 2 2 
24 6 48 92 F: 6 
27 9 54 94 F: 9 
31 5 51 63 F: 3 1 1 
36 13 88 72 F: 7 6 
41 12 53 11 F: 12 
53 9 71 96 F: 4 1 4 
69 5 89 38 F: 3 2 
81 12 117 54 F: 12 
89 6 113 69 F: 3 3 
91 13 130 8 F: 13 
112 7 119 90 F: 2 4 1 
114 6 132 92 F: 4 2 
116 7 144 58 F: 5 2 
117 6 129 69 F: 6 
126 7 154 53 F: 3 1 3 
129 2 137 97 F: 2 
151 10 181 81 F: 4 6 
153 7 160 30 F: 5 2 
158 7 165 75 F: 3 3 1 
159 2 165 74 F: 2 
166 9 193 23 F: 9 
168 6 192 40 F: 3 3 
170 11 181 69 F: 5 6 
177 4 181 98 F: 4 
195 7 202 94 F: 7 
222 9 231 43 F: 9 
223 12 259 57 F: 12 
225 12 273 32 F: 5 4 3 
227 12 251 2 F: 5 4 3 
237 7 258 57 F: 3 4 
250 9 268 1 F: 7 2 
251 6 269 38 F: 4 1 1 
265 7 279 3 F: 3 1 3 
266 8 298 74 F: 3 2 3 
277 8 309 69 F: 8 
282 8 306 57 F: 2 2 4 
283 9 292 66 F: 5 4 
285 3 297 14 F: 3 
289 9 316 19 F: 2 3 4 
293 6 317 89 F: 4 1 1 
300 7 321 96 F: 7 
304 12 328 40 F: 6 6 
306 2 314 99 F: 2 
307 11 329 41 F: 11 
321 9 330 94 F: 9 
324 7 331 96 F: 3 1 3 
325 9 334 7 F: 4 5 
329 6 353 91 F: 4 2 
336 8 368 14 F: 5 3 
349 10 379 5 F: 10 
357 8 365 79 F: 8 
361 6 373 18 F: 6 
398 10 408 27 F: 10 
398 11 420 11 F: 4 3 4 
399 6 411 77 F: 3 1 2 
402 8 410 1 F: 2 6 
410 10 430 49 F: 5 5 
413 7 420 42 F: 2 2 3 
419 6 437 30 F: 4 2 
421 11 465 97 F: 6 5 
423 6 441 8 F: 2 4 
424 9 451 45 F: 3 6 
441 4 453 10 F: 3 1 
466 9 475 15 F: 4 2 3 
467 10 477 60 F: 10 
470 11 503 19 F: 4 4 3 
478 8 486 85 F: 5 3 
485 12 521 44 F: 12 
489 4 497 89 F: 4 
492 11 503 25 F: 11 
504 4 516 59 F: 3 1 
520 11 542 54 F: 11 
523 5 528 54 F: 3 2 
532 7 553 86 F: 3 3 1 
540 11 584 34 F: 11 
544 7 572 8 F: 2 3 2 
551 8 575 13 F: 5 3 
554 8 570 35 F: 8 
554 13 580 83 F: 13 
560 8 592 73 F: 3 5 
567 9 594 87 F: 5 2 2 
582 8 590 84 F: 2 4 2 
592 9 610 62 F: 9 
597 4 601 69 F: 2 2 
597 13 623 91 F: 13 
606 7 613 33 F: 4 3 
640 9 667 98 F: 3 3 3 
640 9 676 3 F: 3 6 
643 10 653 93 F: 6 4 
661 8 677 93 F: 5 3 
675 12 711 60 F: 12 
681 8 705 31 F: 2 6 
684 11 728 11 F: 5 3 3 
697 6 715 98 F: 5 1 
697 6 721 33 F: 2 4 
D: 20 83 
D: 23 34 
D: 24 45 
D: 24 89 
D: 27 45 
D: 27 91 
D: 31 69 
D: 33 66 
D: 36 90 
D: 69 86 
