1 7 22 9 F: 2 3 2 
19 7 47 36 F: 5 2 
31 10 71 47 F: 10 
39 9 57 130 F: 6 3 
40 11 51 99 F: 4 3 4 
40 11 62 130 F: 5 6 
63 7 84 59 F: 2 3 2 
73 8 81 86 F: 7 1 
73 11 84 38 F: 5 6 
84 4 92 136 F: 2 1 1 
84 6 108 92 F: 3 2 1 
85 7 92 17 F: 4 1 2 
85 11 118 96 F: 5 4 2 
93 10 123 34 F: 10 
98 7 126 39 F: 7 
101 2 109 114 F: 2 
103 11 147 46 F: 7 4 
108 6 120 113 F: 2 4 
117 7 131 51 F: 6 1 
119 2 121 100 F: 2 
133 3 145 33 F: 3 
135 6 141 55 F: 6 
153 8 177 93 F: 5 3 
163 11 185 46 F: 5 6 
164 8 196 82 F: 6 2 
174 3 177 29 F: 3 
176 10 186 66 F: 7 3 
184 7 205 23 F: 2 5 
194 10 204 94 F: 4 3 3 
197 7 211 28 F: 2 5 
205 6 229 31 F: 6 
223 9 259 80 F: 4 1 4 
224 7 238 118 F: 7 
226 8 234 79 F: 2 4 2 
227 7 255 27 F: 7 
241 4 253 67 F: 4 
247 7 254 112 F: 6 1 
256 12 268 129 F: 7 5 
260 10 300 148 F: 5 4 1 
262 7 290 54 F: 3 4 
272 6 284 101 F: 4 2 
283 7 304 15 F: 2 5 
291 11 324 139 F: 5 6 
293 9 320 87 F: 3 3 3 
299 5 309 29 F: 5 
302 6 314 27 F: 2 4 
311 11 355 133 F: 5 3 3 
312 12 336 47 F: 6 6 
319 11 341 89 F: 5 6 
330 5 350 49 F: 5 
335 10 355 55 F: 4 4 2 
347 6 371 77 F: 2 4 
358 9 385 130 F: 5 2 2 
359 12 395 80 F: 12 
367 4 383 84 F: 4 
370 10 400 129 F: 10 
374 8 398 72 F: 7 1 
386 10 406 14 F: 7 3 
390 2 396 115 F: 2 
395 6 401 22 F: 3 1 2 
405 10 445 103 F: 10 
409 7 437 82 F: 5 2 
432 9 468 73 F: 4 3 2 
449 12 485 49 F: 12 
457 8 473 145 F: 5 2 1 
461 8 477 24 F: 4 1 3 
464 9 500 141 F: 6 3 
473 8 489 108 F: 2 3 3 
474 3 480 2 F: 3 
479 12 527 20 F: 7 5 
481 10 511 143 F: 10 
483 8 507 78 F: 5 3 
483 8 515 124 F: 4 1 3 
484 2 488 126 F: 2 
499 12 535 92 F: 4 4 4 
526 11 570 59 F: 3 4 4 
527 8 551 116 F: 3 2 3 
531 7 559 79 F: 2 1 4 
533 12 557 84 F: 12 
536 6 554 146 F: 3 3 
538 2 540 29 F: 2 
541 9 568 61 F: 5 1 3 
542 12 590 63 F: 12 
550 7 557 92 F: 7 
553 8 585 56 F: 4 2 2 
564 8 596 111 F: 8 
569 4 573 149 F: 4 
578 5 598 130 F: 2 3 
587 10 607 12 F: 6 4 
599 8 607 129 F: 4 4 
600 8 608 41 F: 8 
615 7 643 86 F: 2 5 
629 11 640 104 F: 11 
630 3 633 4 F: 2 1 
644 6 656 83 F: 6 
646 9 673 71 F: 3 4 2 
647 8 663 36 F: 8 
653 4 669 75 F: 4 
655 8 687 139 F: 4 4 
657 10 697 22 F: 4 6 
660 8 692 55 F: 4 3 1 
665 11 709 111 F: 4 4 3 
670 7 684 68 F: 3 4 
675 7 682 42 F: 7 
689 10 719 25 F: 4 6 
716 13 768 90 F: 13 
720 2 728 89 F: 2 
732 3 738 90 F: 3 
744 8 768 137 F: 5 3 
745 8 777 22 F: 4 4 
749 8 765 127 F: 4 4 
756 5 771 114 F: 5 
758 13 810 79 F: 13 
763 12 799 63 F: 12 
768 7 775 99 F: 5 1 1 
769 8 801 136 F: 5 1 2 
773 7 787 101 F: 3 2 2 
776 5 781 2 F: 5 
777 6 801 140 F: 4 2 
778 9 814 73 F: 3 6 
805 12 829 128 F: 4 4 4 
807 7 821 31 F: 4 3 
808 7 829 59 F: 5 2 
809 10 829 150 F: 5 5 
813 5 833 140 F: 5 
824 6 836 80 F: 6 
832 7 853 119 F: 2 2 3 
834 7 862 120 F: 4 3 
844 13 857 71 F: 13 
851 9 860 10 F: 2 3 4 
856 7 884 22 F: 3 1 3 
868 6 874 82 F: 2 4 
877 8 901 63 F: 8 
896 11 918 112 F: 5 6 
898 10 928 77 F: 10 
904 5 924 65 F: 4 1 
918 5 933 116 F: 5 
918 7 939 43 F: 6 1 
919 12 931 110 F: 12 
923 8 931 20 F: 3 5 
934 8 950 143 F: 2 6 
936 10 956 49 F: 5 1 4 
939 7 946 54 F: 3 3 1 
939 13 952 48 F: 13 
945 9 963 95 F: 2 4 3 
958 12 982 20 F: 12 
961 8 985 122 F: 3 5 
968 10 998 145 F: 5 1 4 
975 9 1011 101 F: 5 4 
983 10 993 53 F: 4 6 
D: 10 131 
D: 13 93 
D: 15 30 
D: 24 144 
D: 26 33 
D: 30 124 
D: 32 107 
D: 41 88 
D: 42 139 
D: 45 69 
D: 64 92 
D: 74 92 
D: 89 104 
D: 95 143 
D: 103 136 
