16 7 37 58 F: 7 
32 10 72 131 F: 5 5 
35 3 44 15 F: 2 1 
43 8 51 65 F: 5 3 
46 6 70 75 F: 2 2 2 
48 8 72 133 F: 8 
63 9 90 142 F: 4 2 3 
74 9 101 87 F: 4 4 1 
75 10 95 66 F: 4 2 4 
79 10 99 27 F: 10 
83 11 116 74 F: 11 
85 3 97 136 F: 3 
92 10 122 150 F: 3 3 4 
93 9 129 72 F: 2 4 3 
94 7 122 145 F: 7 
100 9 109 89 F: 3 2 4 
102 13 115 36 F: 13 
117 3 129 88 F: 2 1 
121 10 161 120 F: 5 3 2 
122 7 150 78 F: 2 5 
138 8 154 6 F: 6 2 
150 8 166 106 F: 4 4 
151 4 163 48 F: 4 
162 11 173 118 F: 4 4 3 
166 12 214 60 F: 4 4 4 
190 7 211 81 F: 4 3 
193 7 207 67 F: 3 4 
196 7 203 82 F: 4 3 
198 7 212 123 F: 7 
198 10 218 97 F: 10 
201 9 210 101 F: 5 4 
209 8 225 77 F: 3 3 2 
213 6 237 71 F: 2 4 
219 7 240 140 F: 5 2 
221 11 265 142 F: 11 
226 10 266 30 F: 7 3 
232 7 253 74 F: 2 3 2 
235 11 246 10 F: 5 4 2 
238 3 244 78 F: 3 
242 8 258 75 F: 8 
243 9 279 120 F: 9 
261 8 285 68 F: 3 5 
261 8 285 115 F: 3 4 1 
267 8 283 31 F: 4 2 2 
277 12 325 57 F: 12 
301 7 322 43 F: 4 3 
302 4 318 125 F: 4 
302 4 318 130 F: 4 
310 8 342 148 F: 4 3 1 
322 8 338 36 F: 4 3 1 
330 7 351 25 F: 7 
331 10 341 97 F: 2 4 4 
337 8 345 83 F: 5 3 
337 10 377 145 F: 5 2 3 
373 8 397 109 F: 4 3 1 
386 3 398 5 F: 3 
386 7 393 4 F: 7 
394 5 409 3 F: 2 2 1 
395 6 419 128 F: 2 2 2 
396 7 403 15 F: 2 4 1 
400 9 418 97 F: 3 6 
404 5 414 38 F: 2 3 
411 9 420 121 F: 3 4 2 
423 9 450 112 F: 5 4 
425 4 429 44 F: 2 2 
429 5 434 72 F: 4 1 
436 11 469 76 F: 11 
446 4 454 137 F: 3 1 
453 11 475 131 F: 4 3 4 
457 12 481 68 F: 12 
483 7 490 18 F: 3 1 3 
484 7 498 81 F: 3 4 
485 7 492 27 F: 2 2 3 
493 11 526 20 F: 6 5 
499 8 531 119 F: 4 4 
503 12 551 92 F: 4 4 4 
512 10 532 116 F: 4 3 3 
516 7 523 84 F: 7 
547 12 595 69 F: 12 
548 8 580 69 F: 8 
551 9 587 67 F: 2 4 3 
556 9 565 82 F: 4 3 2 
567 12 591 48 F: 12 
572 3 584 61 F: 3 
577 10 597 22 F: 5 4 1 
579 13 618 128 F: 7 6 
584 12 632 20 F: 5 3 4 
589 10 629 21 F: 5 1 4 
590 13 616 28 F: 13 
596 8 612 32 F: 8 
601 4 613 72 F: 3 1 
606 11 650 84 F: 4 4 3 
614 13 666 98 F: 13 
615 10 645 143 F: 5 1 4 
618 11 640 139 F: 11 
621 6 633 117 F: 2 2 2 
634 9 670 36 F: 4 4 1 
639 6 657 144 F: 3 3 
640 5 650 103 F: 2 1 2 
640 10 650 18 F: 5 5 
661 11 672 110 F: 5 6 
665 6 683 119 F: 2 3 1 
682 11 704 2 F: 5 4 2 
687 6 699 72 F: 3 2 1 
698 10 708 120 F: 7 3 
702 6 720 27 F: 2 4 
710 7 738 11 F: 3 3 1 
712 9 748 3 F: 9 
715 11 737 35 F: 11 
739 13 791 29 F: 7 6 
749 11 760 40 F: 5 3 3 
773 10 803 63 F: 4 4 2 
778 8 786 135 F: 4 1 3 
783 7 790 35 F: 4 2 1 
783 13 835 109 F: 7 6 
784 8 800 111 F: 4 1 3 
786 8 818 120 F: 3 5 
787 8 795 14 F: 4 4 
793 5 808 70 F: 5 
799 8 807 68 F: 4 4 
808 6 832 124 F: 3 2 1 
809 9 827 15 F: 7 2 
813 3 825 63 F: 3 
814 7 821 146 F: 3 4 
822 13 848 45 F: 13 
824 2 832 5 F: 2 
832 6 844 123 F: 3 1 2 
832 11 865 149 F: 7 4 
853 3 856 121 F: 3 
867 8 883 108 F: 8 
869 12 893 105 F: 12 
871 9 889 10 F: 5 4 
873 4 889 25 F: 4 
882 5 902 126 F: 3 1 1 
885 12 921 119 F: 7 5 
904 13 917 83 F: 13 
908 6 926 136 F: 6 
911 4 927 53 F: 2 1 1 
922 12 946 53 F: 12 
938 9 974 114 F: 9 
943 7 950 97 F: 2 5 
954 9 981 67 F: 4 4 1 
964 12 1000 14 F: 12 
974 8 998 147 F: 5 2 1 
976 7 990 63 F: 4 3 
982 10 1012 103 F: 2 4 4 
984 5 1004 49 F: 5 
984 5 1004 74 F: 5 
997 12 1009 13 F: 6 6 
998 13 1024 12 F: 13 
D: 5 62 
D: 10 68 
D: 11 138 
D: 13 129 
D: 14 33 
D: 15 36 
D: 27 101 
D: 33 131 
D: 40 53 
D: 45 57 
D: 93 92 
D: 93 119 
D: 93 135 
D: 94 103 
D: 146 149 
