12 9 39 189 F: 4 5 
28 9 55 8 F: 5 2 2 
29 7 50 77 F: 5 1 1 
32 10 42 59 F: 6 4 
43 7 64 125 F: 2 5 
50 12 62 99 F: 4 4 4 
54 10 84 106 F: 6 4 
55 7 69 35 F: 2 4 1 
62 7 69 159 F: 5 1 1 
64 13 90 42 F: 13 
74 4 78 28 F: 2 2 
77 10 117 35 F: 10 
87 7 115 116 F: 5 1 1 
90 4 106 56 F: 4 
97 5 117 197 F: 5 
112 8 128 11 F: 7 1 
117 7 145 56 F: 6 1 
124 7 145 78 F: 3 3 1 
131 6 155 4 F: 4 2 
132 6 144 83 F: 5 1 
151 7 172 102 F: 5 2 
152 12 176 9 F: 12 
153 7 167 120 F: 3 4 
154 5 159 131 F: 2 1 2 
158 9 167 164 F: 3 2 4 
181 11 225 15 F: 6 5 
185 6 191 143 F: 2 4 
188 6 206 139 F: 5 1 
191 12 203 92 F: 5 4 3 
192 4 204 192 F: 4 
203 10 233 27 F: 4 6 
211 8 235 126 F: 5 1 2 
211 12 223 77 F: 7 5 
223 12 247 169 F: 12 
224 9 260 85 F: 5 1 3 
224 12 260 33 F: 12 
234 7 262 39 F: 2 3 2 
249 5 259 43 F: 2 2 1 
256 9 283 175 F: 3 6 
261 6 279 47 F: 4 1 1 
268 10 288 110 F: 10 
271 8 279 91 F: 2 2 4 
280 3 286 3 F: 3 
296 10 316 162 F: 4 4 2 
296 13 322 174 F: 7 6 
306 12 342 120 F: 12 
335 10 345 155 F: 5 3 2 
336 8 344 170 F: 3 3 2 
348 5 358 106 F: 3 2 
349 10 359 167 F: 6 4 
354 5 364 146 F: 2 3 
357 7 378 117 F: 6 1 
357 10 377 69 F: 5 2 3 
360 8 368 77 F: 4 2 2 
361 9 397 140 F: 9 
364 13 390 185 F: 13 
380 10 420 97 F: 7 3 
386 4 398 55 F: 4 
387 12 399 150 F: 5 3 4 
397 11 419 108 F: 11 
402 13 415 164 F: 13 
408 7 415 193 F: 2 5 
409 4 425 94 F: 2 1 1 
416 5 431 162 F: 5 
428 6 446 95 F: 6 
437 12 461 63 F: 7 5 
446 10 476 128 F: 4 6 
453 12 501 86 F: 7 5 
456 6 474 16 F: 5 1 
456 7 463 24 F: 2 2 3 
458 9 485 200 F: 5 4 
460 7 474 78 F: 3 1 3 
465 9 501 18 F: 3 3 3 
477 5 482 108 F: 4 1 
487 9 514 93 F: 5 2 2 
503 7 510 160 F: 7 
503 11 525 180 F: 6 5 
527 10 537 160 F: 5 5 
531 2 533 144 F: 2 
533 3 542 20 F: 3 
538 12 562 164 F: 6 6 
542 10 572 118 F: 10 
544 10 574 69 F: 7 3 
546 7 553 137 F: 3 2 2 
549 7 563 154 F: 7 
551 7 558 138 F: 4 3 
559 8 567 11 F: 8 
566 7 580 43 F: 4 3 
575 10 615 84 F: 3 4 3 
583 6 607 133 F: 2 2 2 
601 7 615 113 F: 3 2 2 
604 10 634 112 F: 3 3 4 
611 2 619 90 F: 2 
639 9 657 176 F: 5 2 2 
640 10 650 136 F: 10 
643 7 671 191 F: 7 
653 10 683 137 F: 5 5 
655 8 687 197 F: 5 2 1 
660 8 668 51 F: 6 2 
660 11 682 114 F: 11 
671 6 677 140 F: 2 3 1 
673 2 679 7 F: 2 
680 7 708 106 F: 7 
689 9 707 41 F: 5 1 3 
690 5 695 43 F: 4 1 
712 8 744 120 F: 8 
724 8 748 51 F: 3 4 1 
726 9 753 141 F: 2 3 4 
727 5 737 160 F: 5 
728 4 732 176 F: 4 
733 6 751 126 F: 3 3 
741 8 749 29 F: 8 
745 5 760 28 F: 2 3 
745 8 769 49 F: 3 4 1 
746 5 761 183 F: 4 1 
762 10 802 76 F: 5 5 
770 7 777 197 F: 7 
774 9 801 114 F: 9 
777 13 816 197 F: 13 
796 7 810 93 F: 7 
810 9 846 113 F: 3 6 
810 13 836 92 F: 13 
816 9 843 12 F: 4 5 
817 12 829 130 F: 12 
820 10 860 134 F: 10 
827 10 847 86 F: 6 4 
839 13 852 72 F: 13 
853 11 875 64 F: 5 2 4 
855 10 885 196 F: 5 5 
860 3 872 183 F: 3 
863 10 903 3 F: 5 3 2 
873 12 921 100 F: 5 3 4 
875 4 883 42 F: 4 
882 6 888 39 F: 3 3 
893 7 900 10 F: 3 1 3 
910 8 918 46 F: 3 5 
916 5 926 20 F: 2 3 
919 9 928 146 F: 4 5 
922 4 930 75 F: 3 1 
922 7 929 110 F: 5 2 
926 4 934 77 F: 3 1 
933 10 963 193 F: 3 3 4 
935 2 941 48 F: 2 
938 4 942 86 F: 2 2 
938 9 965 62 F: 4 4 1 
956 8 980 161 F: 2 4 2 
968 10 988 16 F: 2 4 4 
977 13 1029 108 F: 7 6 
978 11 1000 136 F: 7 4 
980 9 1016 65 F: 5 3 1 
1001 5 1021 44 F: 3 2 
1002 6 1014 7 F: 6 
1007 10 1047 31 F: 10 
1015 10 1035 170 F: 3 3 4 
1032 11 1076 98 F: 11 
1038 6 1062 73 F: 5 1 
1051 5 1061 24 F: 3 2 
1053 3 1062 17 F: 3 
1060 6 1072 160 F: 5 1 
1072 9 1108 51 F: 4 5 
1075 8 1107 58 F: 3 2 3 
1077 2 1079 136 F: 2 
1080 6 1092 164 F: 6 
1086 4 1098 51 F: 4 
1087 12 1099 63 F: 7 5 
1101 6 1125 4 F: 3 3 
1103 2 1109 132 F: 2 
1105 7 1126 176 F: 5 2 
1117 5 1127 76 F: 3 2 
1119 9 1128 91 F: 4 1 4 
1121 6 1139 124 F: 2 4 
1132 6 1144 75 F: 3 3 
1134 7 1141 121 F: 3 3 1 
1147 7 1154 125 F: 4 1 2 
1153 8 1169 31 F: 3 5 
1155 9 1173 41 F: 5 1 3 
1157 8 1173 145 F: 6 2 
1158 10 1168 36 F: 4 2 4 
1181 9 1217 59 F: 4 2 3 
1183 9 1210 24 F: 7 2 
1201 4 1217 69 F: 4 
1202 9 1238 49 F: 3 2 4 
1210 8 1234 174 F: 5 3 
1223 8 1231 90 F: 6 2 
1229 3 1238 10 F: 3 
1231 12 1255 192 F: 5 3 4 
1232 11 1254 128 F: 11 
1235 10 1265 110 F: 4 3 3 
1246 6 1252 33 F: 2 4 
1251 11 1295 112 F: 11 
1258 10 1298 168 F: 4 2 4 
1264 3 1273 30 F: 3 
1276 8 1292 27 F: 7 1 
1286 3 1292 69 F: 3 
1292 13 1305 111 F: 13 
1319 6 1337 139 F: 3 1 2 
1357 10 1377 64 F: 10 
1389 7 1410 27 F: 2 4 1 
1396 7 1403 28 F: 5 2 
1397 5 1407 197 F: 5 
D: 5 152 
D: 6 19 
D: 7 169 
D: 8 75 
D: 17 80 
D: 30 59 
D: 33 197 
D: 38 172 
D: 56 130 
D: 61 65 
D: 70 162 
D: 73 87 
D: 75 114 
D: 86 128 
D: 87 90 
D: 98 176 
D: 117 148 
D: 124 125 
D: 137 187 
D: 162 159 
