16 4 32 144 F: 4 
16 7 23 86 F: 4 3 
21 6 45 24 F: 6 
27 10 37 103 F: 10 
28 5 43 162 F: 3 2 
36 7 50 71 F: 6 1 
37 8 53 241 F: 4 1 3 
49 12 85 92 F: 6 6 
65 8 73 206 F: 7 1 
75 10 105 226 F: 6 4 
77 12 113 125 F: 7 5 
82 9 118 169 F: 6 3 
95 8 103 62 F: 8 
96 3 102 250 F: 2 1 
99 6 105 29 F: 2 2 2 
114 11 125 55 F: 7 4 
121 11 132 241 F: 3 4 4 
122 7 129 9 F: 2 4 1 
129 8 145 122 F: 8 
135 5 155 25 F: 5 
145 4 161 167 F: 3 1 
146 3 152 82 F: 3 
153 11 186 15 F: 6 5 
155 5 170 83 F: 5 
158 11 202 215 F: 5 2 4 
165 5 170 60 F: 5 
179 6 203 188 F: 2 1 3 
187 9 214 68 F: 5 1 3 
194 8 202 182 F: 7 1 
196 6 220 128 F: 3 1 2 
217 10 237 218 F: 3 4 3 
220 6 238 87 F: 6 
224 8 256 167 F: 4 4 
227 3 239 245 F: 3 
227 4 239 212 F: 3 1 
237 8 269 32 F: 8 
238 7 252 151 F: 7 
239 10 269 195 F: 10 
239 12 287 229 F: 5 3 4 
240 9 258 183 F: 9 
248 7 276 212 F: 2 5 
252 7 273 164 F: 7 
255 9 282 132 F: 6 3 
266 8 274 119 F: 2 2 4 
284 12 308 222 F: 12 
301 6 313 188 F: 5 1 
301 8 309 179 F: 6 2 
316 9 334 107 F: 9 
317 8 325 191 F: 3 1 4 
345 5 350 80 F: 2 1 2 
345 5 365 105 F: 3 1 1 
346 8 354 30 F: 6 2 
351 12 375 130 F: 12 
354 8 378 52 F: 3 1 4 
360 6 378 203 F: 4 2 
362 9 398 92 F: 9 
376 6 400 202 F: 5 1 
381 10 421 119 F: 4 2 4 
382 10 402 7 F: 5 4 1 
394 4 398 198 F: 4 
410 5 415 129 F: 4 1 
411 10 441 214 F: 5 4 1 
416 5 426 140 F: 5 
421 8 429 11 F: 4 3 1 
427 10 457 12 F: 5 1 4 
436 9 472 83 F: 7 2 
454 12 466 72 F: 12 
462 9 471 229 F: 9 
467 11 500 85 F: 11 
469 2 473 211 F: 2 
474 9 510 72 F: 5 4 
481 8 513 195 F: 6 2 
491 9 527 118 F: 4 5 
493 5 503 171 F: 3 2 
498 4 502 243 F: 4 
517 13 530 230 F: 13 
522 10 532 241 F: 4 6 
540 9 558 57 F: 4 2 3 
542 8 574 30 F: 2 2 4 
543 6 561 46 F: 2 3 1 
552 6 576 71 F: 2 3 1 
555 7 569 189 F: 7 
556 10 586 209 F: 4 6 
563 5 568 178 F: 5 
569 5 574 70 F: 5 
569 11 613 195 F: 5 3 3 
574 4 586 249 F: 4 
579 9 606 115 F: 9 
580 4 588 46 F: 4 
590 7 604 52 F: 7 
609 9 645 121 F: 6 3 
610 9 637 109 F: 4 1 4 
612 10 622 244 F: 7 3 
616 8 640 212 F: 5 3 
630 5 635 167 F: 5 
631 9 667 226 F: 9 
631 10 651 207 F: 3 4 3 
640 9 649 29 F: 6 3 
643 8 667 126 F: 2 4 2 
646 5 661 143 F: 2 1 2 
650 13 676 196 F: 7 6 
654 10 694 204 F: 5 1 4 
665 6 689 11 F: 5 1 
671 8 687 57 F: 3 1 4 
678 9 696 101 F: 5 2 2 
701 4 713 238 F: 3 1 
701 9 710 71 F: 4 5 
721 8 737 167 F: 3 5 
737 5 747 43 F: 5 
737 5 747 145 F: 5 
737 7 758 171 F: 7 
741 6 747 206 F: 3 1 2 
753 11 786 97 F: 5 2 4 
764 9 782 222 F: 5 4 
766 7 773 130 F: 3 4 
768 8 800 35 F: 8 
785 11 829 13 F: 3 4 4 
786 8 794 149 F: 5 2 1 
791 9 827 21 F: 3 3 3 
793 3 796 162 F: 3 
812 10 842 195 F: 3 3 4 
820 6 838 216 F: 3 3 
822 11 833 73 F: 5 3 3 
826 5 831 89 F: 3 2 
833 9 842 249 F: 9 
853 5 858 98 F: 2 3 
855 2 859 44 F: 2 
855 4 871 106 F: 4 
863 8 895 132 F: 6 2 
864 8 872 220 F: 4 4 
876 4 888 183 F: 4 
879 5 899 145 F: 3 2 
887 5 897 148 F: 3 2 
893 11 915 106 F: 5 3 3 
894 9 903 196 F: 5 4 
900 11 922 126 F: 5 6 
903 3 906 125 F: 3 
910 8 926 204 F: 3 5 
915 10 935 102 F: 5 2 3 
921 7 935 112 F: 4 1 2 
931 7 952 79 F: 2 4 1 
933 3 939 129 F: 3 
949 7 956 158 F: 2 4 1 
953 10 973 77 F: 6 4 
963 8 979 17 F: 7 1 
970 7 991 33 F: 2 1 4 
970 7 998 78 F: 5 2 
977 7 1005 221 F: 3 2 2 
988 9 1015 51 F: 4 5 
997 3 1009 186 F: 3 
1002 13 1054 230 F: 7 6 
1003 10 1033 214 F: 10 
1017 4 1025 12 F: 4 
1017 13 1056 219 F: 7 6 
1019 9 1055 164 F: 5 2 2 
1029 13 1055 70 F: 13 
1033 9 1060 68 F: 4 4 1 
1034 12 1070 10 F: 12 
1050 10 1090 42 F: 4 6 
1061 8 1077 223 F: 3 3 2 
1062 10 1082 205 F: 5 1 4 
1072 6 1096 220 F: 2 1 3 
1083 8 1099 188 F: 8 
1089 3 1098 143 F: 3 
1097 9 1115 180 F: 3 3 3 
1105 7 1126 71 F: 2 5 
1108 10 1118 109 F: 7 3 
1113 7 1127 13 F: 2 1 4 
1117 7 1131 24 F: 3 3 1 
1120 4 1132 243 F: 3 1 
1129 6 1147 159 F: 4 2 
1139 11 1150 84 F: 11 
1142 7 1156 2 F: 7 
1149 7 1156 162 F: 7 
1157 7 1164 178 F: 7 
1161 6 1173 80 F: 4 2 
1181 4 1189 110 F: 3 1 
1186 6 1198 153 F: 6 
1186 9 1222 217 F: 9 
1188 3 1194 49 F: 3 
1206 4 1222 76 F: 2 2 
1207 11 1218 180 F: 5 6 
1212 6 1236 156 F: 4 2 
1215 10 1255 25 F: 4 4 2 
1223 13 1236 48 F: 5 4 4 
1239 8 1255 67 F: 6 2 
1243 6 1267 243 F: 2 2 2 
1244 7 1265 71 F: 5 2 
1265 8 1297 155 F: 2 6 
1279 10 1299 97 F: 5 5 
1281 6 1287 223 F: 2 4 
1281 7 1288 162 F: 7 
1287 11 1309 21 F: 6 5 
1293 11 1337 5 F: 5 2 4 
1295 5 1300 144 F: 5 
1305 9 1341 83 F: 5 3 1 
1311 8 1343 137 F: 2 4 2 
1328 8 1352 38 F: 3 5 
1331 8 1363 151 F: 7 1 
1336 9 1363 151 F: 7 2 
1342 9 1351 9 F: 2 3 4 
1346 9 1382 35 F: 3 6 
1351 6 1363 155 F: 6 
1358 9 1376 17 F: 9 
1360 11 1382 245 F: 7 4 
1370 12 1394 13 F: 5 4 3 
1374 4 1386 16 F: 4 
1380 8 1396 162 F: 2 6 
1388 10 1428 228 F: 4 2 4 
1393 10 1433 161 F: 4 3 3 
1409 9 1445 3 F: 9 
1425 12 1449 56 F: 12 
1431 10 1461 222 F: 5 4 1 
1432 11 1476 15 F: 3 4 4 
1444 5 1464 152 F: 2 1 2 
1468 9 1486 184 F: 3 6 
1469 7 1497 75 F: 5 2 
1469 8 1493 61 F: 5 1 2 
1472 8 1480 24 F: 3 5 
1473 8 1489 233 F: 5 1 2 
1489 6 1513 209 F: 6 
1490 6 1514 90 F: 5 1 
1491 9 1518 175 F: 3 3 3 
1492 10 1512 18 F: 10 
1498 8 1514 17 F: 2 2 4 
1513 6 1525 64 F: 4 2 
1521 5 1526 129 F: 5 
1524 7 1552 243 F: 4 2 1 
1532 12 1544 237 F: 5 3 4 
1533 6 1545 57 F: 2 4 
1537 13 1576 163 F: 7 6 
1546 8 1554 77 F: 8 
1549 10 1589 6 F: 5 4 1 
1554 4 1562 215 F: 4 
1557 2 1563 53 F: 2 
1562 8 1578 68 F: 3 4 1 
1574 9 1610 4 F: 4 4 1 
1578 13 1591 144 F: 5 4 4 
1586 9 1595 57 F: 4 4 1 
1599 9 1635 129 F: 4 5 
1615 8 1647 154 F: 2 6 
1631 7 1638 101 F: 3 4 
1638 11 1649 12 F: 5 6 
1656 9 1674 29 F: 4 3 2 
1659 10 1699 37 F: 7 3 
1666 7 1687 108 F: 2 1 4 
1670 8 1694 1 F: 2 2 4 
1674 7 1688 108 F: 2 2 3 
1675 12 1687 31 F: 7 5 
1691 5 1701 225 F: 3 2 
D: 5 59 
D: 15 245 
D: 16 93 
D: 27 65 
D: 32 214 
D: 42 224 
D: 51 235 
D: 70 133 
D: 77 125 
D: 78 95 
D: 80 202 
D: 94 143 
D: 98 136 
D: 100 205 
D: 102 168 
D: 112 236 
D: 113 157 
D: 117 141 
D: 138 144 
D: 139 220 
D: 147 235 
D: 161 186 
D: 174 224 
D: 182 183 
D: 184 224 
