6 2 10 198 F: 2 
12 6 36 67 F: 3 3 
23 10 43 112 F: 5 1 4 
32 6 38 34 F: 6 
44 8 60 116 F: 3 1 4 
44 9 53 100 F: 7 2 
52 6 76 7 F: 6 
53 10 93 103 F: 10 
68 7 82 148 F: 2 4 1 
77 12 125 167 F: 4 4 4 
83 11 116 147 F: 11 
87 6 105 22 F: 4 2 
92 6 116 183 F: 2 4 
93 8 125 104 F: 3 4 1 
96 12 144 59 F: 6 6 
114 13 140 64 F: 13 
115 11 126 183 F: 7 4 
116 5 126 167 F: 3 2 
116 7 130 15 F: 2 3 2 
129 6 153 197 F: 2 2 2 
132 8 164 48 F: 5 3 
138 12 150 51 F: 12 
139 9 148 197 F: 2 4 3 
139 13 191 149 F: 13 
140 2 142 101 F: 2 
141 11 163 162 F: 5 6 
157 6 169 166 F: 5 1 
161 6 167 29 F: 6 
186 6 192 174 F: 6 
194 12 218 67 F: 5 4 3 
203 6 227 107 F: 6 
207 8 231 188 F: 2 4 2 
212 5 232 80 F: 5 
214 5 224 44 F: 2 2 1 
215 6 233 91 F: 6 
227 11 271 71 F: 6 5 
229 9 247 160 F: 5 2 2 
260 8 292 132 F: 5 1 2 
263 7 284 107 F: 4 1 2 
273 5 288 193 F: 5 
279 10 319 191 F: 5 4 1 
282 10 312 160 F: 4 6 
292 6 316 27 F: 2 3 1 
299 3 302 188 F: 3 
299 5 309 199 F: 2 2 1 
306 4 314 188 F: 4 
306 10 336 9 F: 6 4 
308 5 323 14 F: 5 
311 8 319 59 F: 2 2 4 
316 6 340 172 F: 2 4 
322 8 330 195 F: 8 
331 10 341 143 F: 4 6 
335 9 353 178 F: 3 3 3 
351 9 369 154 F: 4 2 3 
358 3 370 70 F: 2 1 
363 10 403 85 F: 10 
364 13 416 187 F: 13 
366 8 382 198 F: 5 3 
377 8 385 109 F: 8 
389 2 395 154 F: 2 
403 4 411 119 F: 2 1 1 
403 9 421 28 F: 7 2 
408 11 452 94 F: 4 3 4 
425 7 446 182 F: 2 5 
436 9 472 153 F: 2 4 3 
451 7 472 171 F: 3 4 
452 12 464 31 F: 12 
453 7 467 5 F: 3 1 3 
453 12 489 71 F: 6 6 
462 2 468 193 F: 2 
469 11 491 23 F: 5 4 2 
472 9 499 108 F: 4 1 4 
485 9 512 77 F: 3 6 
486 6 504 25 F: 2 2 2 
491 6 497 160 F: 2 3 1 
500 3 503 178 F: 3 
522 7 543 116 F: 3 2 2 
532 9 568 137 F: 3 4 2 
535 2 539 44 F: 2 
537 3 546 120 F: 3 
543 9 579 64 F: 5 4 
552 5 572 33 F: 2 3 
552 7 573 83 F: 5 2 
555 2 561 125 F: 2 
562 9 571 7 F: 4 5 
569 8 593 117 F: 6 2 
571 12 607 92 F: 12 
588 7 595 19 F: 7 
592 5 612 135 F: 5 
598 5 618 129 F: 5 
606 5 621 127 F: 2 2 1 
617 8 633 106 F: 5 2 1 
617 9 653 144 F: 4 4 1 
619 2 623 117 F: 2 
635 12 659 25 F: 12 
636 11 669 184 F: 5 4 2 
638 6 662 107 F: 5 1 
647 4 663 99 F: 2 2 
647 6 671 198 F: 3 2 1 
658 3 664 145 F: 2 1 
666 12 690 15 F: 6 6 
677 11 699 174 F: 11 
684 12 720 32 F: 6 6 
686 4 702 125 F: 2 1 1 
693 8 709 50 F: 5 3 
701 2 709 82 F: 2 
705 6 711 165 F: 3 2 1 
711 13 750 55 F: 13 
715 10 735 137 F: 3 4 3 
732 8 740 39 F: 3 2 3 
756 10 786 140 F: 2 4 4 
757 10 797 13 F: 3 4 3 
768 8 776 150 F: 6 2 
771 3 780 15 F: 3 
775 9 811 18 F: 7 2 
782 8 790 85 F: 8 
783 9 792 92 F: 7 2 
786 7 800 145 F: 6 1 
794 5 809 76 F: 3 2 
795 7 802 5 F: 4 3 
800 9 809 190 F: 2 3 4 
806 2 814 189 F: 2 
809 12 833 87 F: 6 6 
819 7 840 48 F: 4 3 
820 10 830 169 F: 10 
825 10 855 197 F: 7 3 
829 9 838 181 F: 4 1 4 
840 10 850 64 F: 4 6 
841 4 853 62 F: 2 2 
849 6 867 41 F: 5 1 
850 8 882 32 F: 4 1 3 
856 13 895 196 F: 13 
857 13 909 9 F: 13 
867 8 891 55 F: 4 2 2 
889 12 913 74 F: 12 
905 10 915 102 F: 4 4 2 
906 7 934 92 F: 5 2 
915 13 941 166 F: 13 
916 4 928 46 F: 4 
916 6 922 20 F: 3 2 1 
916 9 943 2 F: 5 4 
927 11 949 187 F: 3 4 4 
928 6 952 85 F: 6 
934 11 945 103 F: 5 3 3 
948 11 959 80 F: 11 
965 6 977 76 F: 6 
967 9 985 104 F: 4 5 
982 7 989 173 F: 3 4 
987 7 1001 37 F: 6 1 
998 13 1011 46 F: 5 4 4 
1008 3 1020 131 F: 3 
1010 8 1026 43 F: 3 3 2 
1019 13 1045 53 F: 5 4 4 
1028 3 1034 91 F: 3 
1028 9 1064 191 F: 6 3 
1036 6 1042 151 F: 4 2 
1040 9 1067 15 F: 5 4 
1069 9 1078 107 F: 5 4 
1073 8 1081 197 F: 8 
1077 11 1088 88 F: 5 3 3 
1080 8 1088 54 F: 2 6 
1085 8 1117 79 F: 5 1 2 
1089 10 1129 188 F: 10 
1096 2 1102 188 F: 2 
1099 5 1109 167 F: 4 1 
1101 7 1122 71 F: 4 3 
1102 12 1138 185 F: 12 
1107 10 1127 27 F: 3 3 4 
1109 11 1120 82 F: 4 4 3 
1116 11 1127 166 F: 11 
1141 3 1153 25 F: 3 
1147 10 1177 23 F: 5 3 2 
1152 10 1192 2 F: 3 4 3 
1154 13 1167 174 F: 13 
1165 3 1174 175 F: 3 
1168 8 1176 137 F: 4 3 1 
1170 10 1180 23 F: 10 
1172 8 1188 17 F: 8 
1187 11 1231 134 F: 7 4 
1192 12 1240 101 F: 7 5 
1202 10 1212 47 F: 5 5 
1207 6 1231 195 F: 3 1 2 
1215 9 1224 45 F: 9 
1217 9 1244 57 F: 5 3 1 
1246 9 1282 134 F: 7 2 
1246 13 1298 162 F: 13 
1252 7 1280 87 F: 7 
1255 5 1275 164 F: 3 2 
1270 10 1290 46 F: 6 4 
1271 6 1277 53 F: 2 4 
1271 9 1289 166 F: 4 4 1 
1284 9 1320 174 F: 3 2 4 
1296 4 1308 14 F: 4 
1298 9 1316 10 F: 5 1 3 
1298 12 1322 74 F: 12 
1316 10 1346 50 F: 5 4 1 
1319 9 1337 28 F: 4 3 2 
1321 4 1333 198 F: 4 
1324 5 1344 33 F: 2 1 2 
1387 7 1408 77 F: 4 1 2 
D: 5 139 
D: 10 125 
D: 19 98 
D: 23 103 
D: 33 88 
D: 33 197 
D: 35 120 
D: 42 162 
D: 42 187 
D: 70 90 
D: 77 91 
D: 88 140 
D: 89 148 
D: 89 188 
D: 93 158 
D: 95 173 
D: 101 151 
D: 102 159 
D: 119 131 
D: 125 127 
