3 5 13 101 F: 5 
18 12 42 93 F: 5 4 3 
30 2 34 46 F: 2 
37 9 64 236 F: 4 4 1 
41 13 80 225 F: 7 6 
59 10 89 195 F: 4 4 2 
61 10 91 88 F: 6 4 
79 5 89 60 F: 5 
82 6 100 57 F: 2 4 
82 7 89 250 F: 2 5 
85 11 107 32 F: 11 
86 10 106 69 F: 10 
88 13 114 190 F: 13 
94 2 102 216 F: 2 
97 13 149 141 F: 13 
100 12 136 215 F: 6 6 
104 7 132 154 F: 6 1 
106 5 121 176 F: 2 1 2 
106 8 138 10 F: 2 2 4 
114 3 123 8 F: 2 1 
128 4 132 171 F: 2 2 
131 8 163 125 F: 8 
133 10 153 236 F: 5 5 
144 8 160 229 F: 3 5 
149 9 185 55 F: 9 
149 10 169 227 F: 3 4 3 
163 9 181 137 F: 5 4 
174 8 190 111 F: 8 
176 11 198 217 F: 11 
195 10 215 90 F: 5 1 4 
215 10 245 248 F: 4 6 
216 9 252 28 F: 4 5 
223 10 233 71 F: 4 4 2 
224 7 238 39 F: 5 2 
229 5 244 166 F: 3 2 
233 5 243 161 F: 3 1 1 
250 7 257 119 F: 3 2 2 
255 9 282 13 F: 9 
260 7 281 168 F: 7 
264 10 304 16 F: 4 4 2 
267 5 272 112 F: 2 1 2 
272 10 292 171 F: 5 2 3 
273 12 297 67 F: 5 4 3 
296 6 308 225 F: 3 1 2 
296 7 317 102 F: 2 1 4 
301 7 308 203 F: 4 2 1 
306 9 333 229 F: 3 2 4 
314 6 338 126 F: 5 1 
316 5 321 61 F: 3 2 
331 4 335 174 F: 4 
344 3 353 230 F: 2 1 
362 8 394 114 F: 8 
369 9 405 87 F: 4 5 
374 6 398 186 F: 5 1 
376 3 385 11 F: 3 
376 8 384 22 F: 7 1 
383 2 389 134 F: 2 
384 5 394 6 F: 5 
384 11 417 190 F: 6 5 
399 12 447 228 F: 4 4 4 
402 8 410 2 F: 2 4 2 
406 10 436 11 F: 5 1 4 
417 7 431 74 F: 7 
424 2 432 27 F: 2 
428 8 444 219 F: 8 
437 8 469 95 F: 3 5 
439 10 459 32 F: 10 
439 13 478 119 F: 13 
440 8 448 242 F: 3 1 4 
448 4 460 77 F: 4 
452 2 460 127 F: 2 
466 12 478 170 F: 5 4 3 
467 3 470 110 F: 3 
477 12 525 105 F: 6 6 
481 7 502 118 F: 2 4 1 
511 12 559 129 F: 7 5 
524 5 529 25 F: 2 1 2 
530 5 535 62 F: 3 2 
535 10 575 188 F: 5 4 1 
541 8 557 125 F: 3 4 1 
543 12 555 175 F: 5 4 3 
544 6 556 40 F: 6 
549 11 560 184 F: 7 4 
554 8 586 125 F: 8 
563 6 569 212 F: 4 2 
564 9 582 3 F: 6 3 
566 10 576 192 F: 7 3 
582 7 610 175 F: 4 3 
583 11 627 149 F: 6 5 
596 11 618 116 F: 6 5 
604 10 644 181 F: 5 3 2 
621 11 665 160 F: 11 
637 7 665 130 F: 4 1 2 
639 7 660 148 F: 3 4 
650 5 655 55 F: 5 
660 13 712 79 F: 13 
665 6 677 174 F: 4 2 
681 11 725 176 F: 4 4 3 
684 8 692 210 F: 3 5 
687 7 694 106 F: 2 1 4 
689 9 707 44 F: 5 3 1 
692 8 716 30 F: 6 2 
693 10 703 5 F: 7 3 
697 6 709 20 F: 6 
699 8 707 78 F: 3 4 1 
706 7 713 38 F: 3 1 3 
711 10 731 148 F: 10 
722 6 740 65 F: 4 1 1 
736 12 748 109 F: 7 5 
738 11 760 7 F: 11 
740 11 751 192 F: 4 3 4 
751 7 779 174 F: 2 3 2 
752 4 768 207 F: 4 
758 7 765 19 F: 7 
758 10 788 93 F: 5 1 4 
775 11 797 238 F: 4 3 4 
777 11 810 106 F: 5 4 2 
779 9 815 191 F: 4 2 3 
783 7 797 34 F: 2 2 3 
792 7 799 241 F: 4 1 2 
807 8 815 217 F: 2 6 
809 3 815 139 F: 3 
819 4 827 187 F: 4 
819 12 843 226 F: 12 
828 6 852 62 F: 4 2 
829 8 837 149 F: 2 4 2 
835 10 845 11 F: 7 3 
836 11 880 21 F: 5 6 
840 8 848 191 F: 3 4 1 
854 10 894 68 F: 10 
886 6 910 12 F: 3 3 
891 8 899 56 F: 5 2 1 
891 10 921 1 F: 10 
892 10 922 67 F: 10 
893 5 913 213 F: 3 2 
901 3 907 231 F: 2 1 
907 9 934 172 F: 9 
909 6 915 65 F: 2 4 
910 11 943 80 F: 5 6 
917 13 930 34 F: 13 
922 11 933 217 F: 7 4 
925 5 945 54 F: 2 3 
931 5 946 4 F: 5 
940 2 942 73 F: 2 
950 3 956 214 F: 3 
965 4 977 35 F: 2 2 
971 8 995 74 F: 6 2 
975 10 995 109 F: 3 4 3 
976 8 1000 165 F: 5 3 
986 9 1013 91 F: 2 3 4 
1004 8 1012 175 F: 8 
1016 11 1060 228 F: 5 6 
1019 7 1047 14 F: 2 5 
1032 7 1039 99 F: 2 5 
1033 7 1040 146 F: 2 2 3 
1035 9 1053 126 F: 3 3 3 
1040 9 1049 247 F: 4 1 4 
1047 3 1056 66 F: 3 
1052 10 1072 130 F: 5 2 3 
1061 7 1075 100 F: 3 4 
1063 13 1115 57 F: 5 4 4 
1072 6 1090 18 F: 2 2 2 
1084 5 1104 75 F: 3 2 
1091 2 1097 11 F: 2 
1098 8 1114 121 F: 8 
1102 4 1106 177 F: 4 
1102 8 1126 186 F: 2 3 3 
1112 10 1132 84 F: 3 3 4 
1123 6 1147 62 F: 4 1 1 
1123 13 1175 122 F: 13 
1125 10 1165 49 F: 7 3 
1130 5 1135 9 F: 3 1 1 
1138 6 1150 75 F: 3 3 
1149 5 1169 180 F: 5 
1176 4 1188 212 F: 2 2 
1178 5 1188 89 F: 5 
1184 7 1205 184 F: 7 
1188 6 1206 211 F: 2 2 2 
1188 11 1210 6 F: 7 4 
1196 9 1232 95 F: 4 5 
1206 9 1233 114 F: 4 5 
1207 9 1225 227 F: 5 2 2 
1224 12 1272 176 F: 5 3 4 
1233 11 1244 31 F: 5 2 4 
1234 10 1274 120 F: 10 
1246 10 1286 145 F: 5 1 4 
1247 9 1274 211 F: 5 1 3 
1249 4 1261 118 F: 3 1 
1254 7 1261 58 F: 2 1 4 
1261 8 1269 167 F: 8 
1261 9 1270 246 F: 9 
1261 9 1288 166 F: 4 3 2 
1262 10 1272 32 F: 5 4 1 
1281 8 1305 235 F: 3 2 3 
1284 6 1296 133 F: 6 
1305 10 1335 190 F: 5 3 2 
1305 11 1327 116 F: 4 4 3 
1313 8 1337 57 F: 5 3 
1317 6 1329 169 F: 2 1 3 
1330 4 1342 91 F: 2 2 
1347 13 1373 30 F: 5 4 4 
1352 3 1358 67 F: 3 
1359 9 1386 41 F: 9 
1366 10 1406 229 F: 5 2 3 
1367 11 1411 112 F: 11 
1374 11 1396 184 F: 11 
1379 4 1383 67 F: 2 1 1 
1383 8 1399 84 F: 3 5 
1391 10 1411 20 F: 10 
1397 5 1407 242 F: 5 
1403 9 1439 71 F: 5 4 
1412 9 1439 54 F: 4 5 
1418 10 1428 117 F: 5 4 1 
1420 9 1447 122 F: 3 6 
1436 7 1450 29 F: 4 2 1 
1439 7 1446 200 F: 2 1 4 
1440 12 1452 41 F: 12 
1452 4 1468 152 F: 4 
1460 9 1487 50 F: 9 
1463 2 1465 43 F: 2 
1468 10 1488 108 F: 5 5 
1475 5 1495 4 F: 2 3 
1478 6 1484 144 F: 2 2 2 
1491 11 1524 155 F: 5 6 
1493 7 1500 2 F: 5 2 
1504 8 1536 87 F: 4 1 3 
1518 4 1534 190 F: 4 
1543 10 1563 45 F: 5 4 1 
1544 12 1556 232 F: 6 6 
1545 8 1577 235 F: 3 2 3 
1545 11 1578 49 F: 5 2 4 
1546 10 1576 163 F: 10 
1550 13 1576 71 F: 13 
1563 8 1571 131 F: 3 5 
1565 7 1579 167 F: 5 2 
1567 5 1582 205 F: 3 1 1 
1574 5 1579 27 F: 3 1 1 
1580 5 1600 64 F: 2 2 1 
1581 10 1611 240 F: 10 
1587 10 1607 169 F: 5 5 
1601 13 1614 155 F: 7 6 
1606 5 1611 41 F: 2 2 1 
1617 8 1625 56 F: 2 6 
1640 6 1646 21 F: 2 1 3 
1644 5 1649 80 F: 3 2 
1644 12 1680 95 F: 4 4 4 
1645 7 1666 82 F: 6 1 
1672 10 1682 109 F: 2 4 4 
1675 12 1687 232 F: 7 5 
1679 7 1686 147 F: 4 2 1 
D: 4 189 
D: 14 236 
D: 21 64 
D: 21 118 
D: 32 220 
D: 36 206 
D: 41 112 
D: 75 209 
D: 81 106 
D: 85 129 
D: 87 166 
D: 93 164 
D: 96 107 
D: 101 238 
D: 122 168 
D: 146 248 
D: 149 238 
D: 151 193 
D: 151 229 
D: 156 159 
D: 158 193 
D: 162 180 
D: 169 247 
D: 174 209 
D: 199 216 
