5 8 13 43 F: 4 4 
5 9 41 167 F: 3 2 4 
7 2 13 156 F: 2 
17 10 27 140 F: 5 4 1 
24 12 72 193 F: 6 6 
25 13 77 180 F: 13 
26 8 34 24 F: 8 
43 6 49 174 F: 2 1 3 
44 12 92 147 F: 12 
69 11 113 57 F: 11 
78 7 106 155 F: 2 5 
84 2 92 122 F: 2 
89 4 105 141 F: 4 
91 9 100 100 F: 2 3 4 
98 6 110 37 F: 2 1 3 
108 6 114 50 F: 6 
119 11 130 123 F: 5 2 4 
121 4 133 133 F: 4 
138 7 159 102 F: 7 
159 5 164 135 F: 2 2 1 
160 13 173 145 F: 13 
162 6 168 10 F: 5 1 
163 11 196 157 F: 11 
170 11 192 158 F: 3 4 4 
172 9 208 41 F: 9 
177 8 185 113 F: 8 
177 8 209 134 F: 7 1 
178 7 185 27 F: 4 2 1 
196 13 222 190 F: 7 6 
199 13 238 73 F: 13 
201 11 223 103 F: 11 
212 7 233 51 F: 3 3 1 
212 12 248 156 F: 12 
214 8 238 189 F: 2 6 
225 2 231 166 F: 2 
228 6 252 12 F: 2 2 2 
234 10 244 186 F: 10 
236 7 257 87 F: 6 1 
244 2 252 85 F: 2 
253 10 263 85 F: 4 3 3 
260 13 286 40 F: 13 
267 11 311 195 F: 5 2 4 
288 6 300 156 F: 4 1 1 
290 4 294 171 F: 4 
291 6 315 197 F: 3 3 
300 6 306 76 F: 6 
304 11 315 89 F: 11 
310 12 334 141 F: 7 5 
313 7 334 149 F: 2 4 1 
318 10 328 73 F: 4 4 2 
319 6 343 135 F: 4 1 1 
320 10 330 172 F: 5 1 4 
327 7 355 152 F: 4 1 2 
330 4 342 165 F: 4 
334 10 364 42 F: 2 4 4 
352 4 360 47 F: 4 
372 8 404 197 F: 8 
391 10 411 50 F: 10 
393 7 421 41 F: 7 
398 8 414 199 F: 8 
405 7 412 197 F: 7 
407 2 415 144 F: 2 
413 6 419 174 F: 3 3 
413 6 425 133 F: 4 2 
415 9 451 165 F: 5 2 2 
441 7 469 156 F: 6 1 
462 6 480 51 F: 4 2 
466 9 484 173 F: 9 
466 9 493 91 F: 2 4 3 
475 7 482 33 F: 7 
484 9 502 148 F: 5 4 
486 10 506 85 F: 4 2 4 
489 12 501 171 F: 7 5 
492 10 502 133 F: 7 3 
496 10 516 49 F: 5 1 4 
501 12 537 190 F: 12 
511 7 525 38 F: 3 3 1 
515 9 533 68 F: 3 6 
522 11 566 133 F: 5 2 4 
533 7 554 153 F: 3 3 1 
546 6 570 162 F: 5 1 
548 6 560 118 F: 6 
558 8 582 191 F: 4 4 
566 4 582 73 F: 4 
575 8 599 8 F: 3 5 
578 11 589 110 F: 11 
583 7 590 182 F: 4 1 2 
585 9 603 168 F: 9 
593 9 629 153 F: 3 6 
596 4 604 72 F: 4 
600 6 612 113 F: 6 
605 6 623 26 F: 4 1 1 
606 9 615 140 F: 3 3 3 
608 5 613 78 F: 3 1 1 
630 7 651 81 F: 6 1 
636 10 646 129 F: 6 4 
639 9 675 62 F: 3 6 
647 10 677 20 F: 4 3 3 
648 9 675 185 F: 9 
660 9 678 173 F: 3 6 
662 7 690 157 F: 6 1 
675 10 705 127 F: 10 
680 12 716 121 F: 12 
684 13 710 175 F: 7 6 
698 8 722 9 F: 8 
725 11 736 84 F: 5 6 
729 4 733 26 F: 3 1 
733 7 761 74 F: 3 3 1 
733 10 773 126 F: 5 4 1 
736 8 752 62 F: 4 1 3 
748 7 762 90 F: 7 
748 10 788 54 F: 5 1 4 
753 4 761 148 F: 4 
754 12 778 183 F: 4 4 4 
755 6 779 126 F: 6 
763 5 778 189 F: 2 2 1 
768 7 796 86 F: 2 3 2 
770 11 781 24 F: 3 4 4 
772 10 782 138 F: 7 3 
774 8 782 119 F: 4 4 
806 5 821 93 F: 5 
815 3 824 59 F: 3 
818 12 866 86 F: 12 
822 5 832 74 F: 5 
822 7 836 36 F: 7 
826 9 862 72 F: 5 1 3 
834 13 886 200 F: 5 4 4 
840 7 847 39 F: 2 1 4 
840 12 888 186 F: 12 
841 9 859 166 F: 4 3 2 
851 6 857 145 F: 2 4 
854 9 863 68 F: 5 2 2 
872 11 883 157 F: 7 4 
876 10 886 170 F: 5 5 
882 8 898 114 F: 8 
900 8 932 28 F: 3 4 1 
903 8 935 11 F: 6 2 
904 4 912 135 F: 3 1 
906 11 950 54 F: 4 4 3 
907 6 925 32 F: 3 3 
917 8 949 60 F: 3 5 
922 6 928 13 F: 4 1 1 
932 10 952 46 F: 10 
935 11 957 45 F: 11 
958 7 965 193 F: 5 1 1 
979 6 1003 125 F: 6 
982 11 1026 188 F: 4 3 4 
989 6 995 24 F: 3 1 2 
998 7 1005 70 F: 2 2 3 
999 11 1043 42 F: 7 4 
1010 7 1038 91 F: 2 3 2 
1013 8 1037 119 F: 8 
1015 6 1039 196 F: 2 3 1 
1018 6 1036 58 F: 6 
1024 8 1040 145 F: 7 1 
1024 8 1056 59 F: 5 1 2 
1029 11 1051 34 F: 5 6 
1037 2 1045 87 F: 2 
1056 6 1080 163 F: 3 3 
1056 9 1065 98 F: 9 
1067 6 1079 75 F: 6 
1072 6 1096 65 F: 4 1 1 
1087 8 1119 174 F: 2 2 4 
1092 8 1124 145 F: 5 2 1 
1098 3 1101 2 F: 3 
1102 10 1132 146 F: 5 2 3 
1111 10 1151 126 F: 5 5 
1123 5 1128 51 F: 2 2 1 
1134 10 1144 91 F: 4 6 
1139 12 1163 143 F: 5 4 3 
1141 10 1151 116 F: 5 4 1 
1142 7 1149 65 F: 7 
1146 7 1153 115 F: 7 
1147 13 1173 168 F: 13 
1150 8 1182 92 F: 3 3 2 
1161 7 1175 56 F: 5 2 
1164 7 1185 29 F: 4 1 2 
1168 11 1190 61 F: 5 2 4 
1174 7 1181 119 F: 7 
1180 12 1192 70 F: 12 
1202 8 1210 180 F: 3 3 2 
1215 7 1243 21 F: 7 
1225 11 1269 170 F: 6 5 
1231 11 1275 146 F: 5 6 
1242 6 1266 184 F: 6 
1244 6 1250 139 F: 3 3 
1248 8 1280 68 F: 4 1 3 
1261 5 1266 180 F: 5 
1266 10 1286 192 F: 3 3 4 
1273 9 1291 146 F: 2 3 4 
1283 4 1299 159 F: 4 
1287 6 1299 167 F: 3 3 
1290 3 1302 51 F: 3 
1293 10 1323 61 F: 10 
1298 3 1310 35 F: 2 1 
1309 6 1333 77 F: 6 
1321 9 1330 150 F: 3 4 2 
1327 12 1351 138 F: 5 4 3 
1336 11 1358 114 F: 5 4 2 
1340 8 1356 160 F: 2 3 3 
D: 2 107 
D: 7 58 
D: 13 63 
D: 13 90 
D: 24 76 
D: 24 94 
D: 34 169 
D: 39 109 
D: 53 161 
D: 54 181 
D: 55 77 
D: 69 92 
D: 79 148 
D: 81 187 
D: 94 121 
D: 94 190 
D: 96 181 
D: 124 161 
D: 131 128 
D: 172 183 
