2 13 41 48 F: 13 
22 4 34 128 F: 4 
25 11 36 120 F: 5 4 2 
28 13 67 98 F: 5 4 4 
33 4 41 124 F: 2 2 
37 13 89 114 F: 13 
45 11 67 115 F: 4 3 4 
47 8 71 98 F: 8 
54 6 60 181 F: 2 4 
54 12 66 33 F: 12 
66 8 90 226 F: 4 1 3 
72 9 99 25 F: 3 2 4 
84 13 97 164 F: 13 
85 9 112 64 F: 5 3 1 
90 12 126 15 F: 12 
101 8 117 173 F: 3 1 4 
136 8 168 99 F: 8 
141 9 168 67 F: 3 2 4 
144 8 176 18 F: 4 4 
144 10 164 192 F: 5 4 1 
146 10 176 82 F: 5 3 2 
146 12 170 242 F: 7 5 
155 12 203 40 F: 7 5 
161 6 173 83 F: 2 4 
172 12 196 242 F: 5 3 4 
173 7 194 2 F: 2 4 1 
175 9 184 211 F: 4 5 
180 13 193 35 F: 13 
187 11 220 220 F: 11 
193 7 207 162 F: 2 4 1 
213 8 221 161 F: 5 3 
214 8 230 78 F: 2 4 2 
244 5 264 172 F: 4 1 
247 10 287 109 F: 6 4 
255 10 265 153 F: 4 4 2 
258 12 306 76 F: 12 
262 2 268 219 F: 2 
264 5 279 93 F: 2 3 
264 10 274 32 F: 5 5 
265 8 281 236 F: 7 1 
266 3 269 14 F: 3 
268 10 288 231 F: 4 6 
273 8 281 26 F: 8 
281 7 288 7 F: 2 5 
297 10 317 15 F: 5 3 2 
302 3 314 91 F: 2 1 
306 3 312 43 F: 3 
321 3 324 202 F: 2 1 
322 10 342 82 F: 4 6 
336 2 344 168 F: 2 
357 11 379 125 F: 11 
359 5 364 72 F: 5 
372 10 402 113 F: 3 4 3 
373 11 395 187 F: 11 
379 2 387 66 F: 2 
382 8 390 91 F: 3 3 2 
386 11 408 229 F: 5 6 
387 8 419 245 F: 3 5 
398 6 422 235 F: 6 
398 8 406 22 F: 4 2 2 
410 7 424 235 F: 2 5 
417 11 428 39 F: 4 3 4 
419 7 426 134 F: 4 1 2 
422 5 437 238 F: 3 1 1 
422 11 433 157 F: 4 3 4 
428 2 430 222 F: 2 
430 6 442 142 F: 6 
443 7 457 28 F: 7 
444 4 460 183 F: 4 
447 6 459 141 F: 4 1 1 
454 3 463 61 F: 3 
464 13 516 122 F: 13 
465 9 483 151 F: 3 2 4 
484 9 520 110 F: 7 2 
487 10 497 129 F: 10 
505 7 512 241 F: 7 
521 11 554 196 F: 11 
530 9 548 40 F: 3 4 2 
533 9 569 3 F: 3 4 2 
533 13 585 29 F: 13 
541 8 573 121 F: 3 3 2 
543 5 548 247 F: 2 3 
545 6 557 170 F: 2 2 2 
548 11 570 120 F: 11 
550 2 554 32 F: 2 
551 6 575 225 F: 4 2 
551 10 571 199 F: 6 4 
558 7 586 7 F: 5 2 
570 8 578 38 F: 8 
584 11 628 45 F: 11 
613 4 625 102 F: 2 2 
617 10 647 155 F: 6 4 
620 5 635 227 F: 4 1 
625 8 657 213 F: 2 6 
636 8 668 14 F: 3 4 1 
640 7 661 119 F: 5 2 
644 9 662 20 F: 9 
646 6 664 47 F: 5 1 
664 11 697 222 F: 5 6 
675 9 684 40 F: 9 
681 7 688 154 F: 7 
682 10 692 21 F: 3 4 3 
684 7 712 9 F: 5 2 
696 8 712 162 F: 8 
699 5 704 144 F: 5 
702 11 713 100 F: 11 
705 6 729 201 F: 5 1 
707 4 711 138 F: 3 1 
710 8 726 67 F: 4 3 1 
713 3 725 38 F: 3 
714 13 740 34 F: 13 
717 9 726 174 F: 4 2 3 
738 8 770 9 F: 5 3 
740 12 764 146 F: 5 4 3 
748 6 760 39 F: 5 1 
758 4 766 206 F: 3 1 
775 7 803 213 F: 7 
792 11 814 18 F: 11 
796 12 808 79 F: 12 
799 7 806 219 F: 2 5 
800 5 805 191 F: 3 2 
802 7 823 136 F: 6 1 
814 8 822 217 F: 7 1 
821 10 831 213 F: 4 6 
840 7 847 195 F: 3 4 
841 8 873 178 F: 3 2 3 
843 2 849 201 F: 2 
850 6 868 187 F: 6 
868 7 875 167 F: 4 1 2 
869 10 899 226 F: 10 
874 8 890 26 F: 8 
880 7 894 196 F: 7 
883 11 927 174 F: 11 
887 10 927 86 F: 4 6 
892 10 922 241 F: 3 3 4 
905 10 925 128 F: 4 6 
909 10 949 9 F: 3 3 4 
914 8 946 114 F: 8 
916 2 918 98 F: 2 
917 6 923 225 F: 6 
921 8 945 219 F: 2 4 2 
942 3 945 160 F: 2 1 
944 10 954 235 F: 5 5 
951 11 973 61 F: 11 
957 8 965 241 F: 2 2 4 
961 7 982 50 F: 2 1 4 
983 8 991 108 F: 5 2 1 
983 12 995 187 F: 6 6 
987 9 1023 213 F: 5 4 
992 9 1019 86 F: 5 4 
1003 8 1019 204 F: 2 6 
1003 12 1039 114 F: 12 
1004 7 1025 85 F: 5 1 1 
1009 11 1053 52 F: 5 4 2 
1037 11 1070 184 F: 3 4 4 
1039 8 1047 93 F: 2 4 2 
1043 11 1054 214 F: 11 
1045 6 1069 112 F: 3 2 1 
1056 9 1065 119 F: 5 3 1 
1061 7 1075 69 F: 2 2 3 
1076 6 1100 242 F: 5 1 
1080 12 1116 116 F: 5 4 3 
1093 4 1097 195 F: 4 
1093 9 1102 53 F: 4 1 4 
1095 5 1115 250 F: 2 3 
1111 2 1117 104 F: 2 
1124 8 1140 40 F: 6 2 
1127 7 1155 133 F: 2 1 4 
1129 10 1159 193 F: 3 4 3 
1137 4 1149 106 F: 4 
1138 4 1146 57 F: 4 
1142 11 1153 185 F: 5 6 
1148 8 1156 232 F: 3 1 4 
1157 5 1162 232 F: 2 2 1 
1166 10 1206 191 F: 4 4 2 
1174 10 1214 112 F: 10 
1187 4 1195 213 F: 2 2 
1194 9 1230 203 F: 9 
1198 6 1210 205 F: 2 2 2 
1199 5 1219 85 F: 5 
1204 8 1220 28 F: 7 1 
1208 6 1214 189 F: 3 3 
1222 12 1258 137 F: 12 
1236 11 1269 160 F: 6 5 
1244 9 1262 97 F: 6 3 
1267 4 1283 180 F: 3 1 
1267 8 1299 238 F: 4 3 1 
1268 8 1276 126 F: 3 5 
1271 9 1307 71 F: 4 4 1 
1272 8 1304 222 F: 3 5 
1275 12 1311 118 F: 12 
1289 7 1296 43 F: 2 3 2 
1296 6 1314 227 F: 2 2 2 
1297 4 1309 76 F: 2 2 
1299 9 1335 8 F: 3 3 3 
1302 8 1326 27 F: 8 
1337 13 1376 91 F: 7 6 
1338 7 1345 84 F: 4 1 2 
1343 2 1349 112 F: 2 
1350 12 1398 71 F: 12 
1351 11 1373 80 F: 5 2 4 
1360 2 1366 181 F: 2 
1360 11 1371 205 F: 7 4 
1368 10 1408 8 F: 6 4 
1378 8 1386 21 F: 8 
1383 11 1394 107 F: 7 4 
1390 10 1410 11 F: 5 1 4 
1394 7 1415 179 F: 7 
1394 12 1442 11 F: 6 6 
1397 4 1413 56 F: 4 
1400 10 1430 58 F: 10 
1405 11 1449 182 F: 5 3 3 
1410 7 1431 91 F: 7 
1421 6 1427 244 F: 2 2 2 
1435 11 1479 35 F: 5 6 
1443 4 1459 222 F: 4 
1452 8 1484 186 F: 3 2 3 
1467 8 1499 90 F: 4 1 3 
1479 2 1485 8 F: 2 
1479 6 1485 80 F: 4 1 1 
1479 8 1503 3 F: 5 1 2 
1486 8 1510 220 F: 8 
1487 6 1493 173 F: 5 1 
1488 10 1498 18 F: 5 2 3 
1494 9 1512 148 F: 4 5 
1508 2 1512 64 F: 2 
1530 10 1560 7 F: 2 4 4 
1534 6 1546 74 F: 6 
1553 10 1573 88 F: 10 
1555 7 1583 202 F: 7 
1558 5 1578 132 F: 3 2 
1564 8 1596 194 F: 6 2 
1564 11 1575 157 F: 6 5 
1566 10 1606 20 F: 10 
1571 11 1615 72 F: 6 5 
1574 5 1579 229 F: 2 3 
1575 9 1593 111 F: 4 3 2 
1582 5 1592 128 F: 3 2 
1583 8 1615 212 F: 5 3 
1589 7 1596 103 F: 4 3 
1605 9 1614 134 F: 7 2 
1608 2 1612 169 F: 2 
1612 10 1632 209 F: 4 6 
1616 9 1643 5 F: 9 
1620 5 1640 10 F: 2 1 2 
1651 6 1657 100 F: 4 2 
1667 9 1703 124 F: 9 
1670 9 1679 129 F: 5 3 1 
1674 3 1680 239 F: 3 
1682 4 1698 205 F: 4 
D: 1 234 
D: 2 249 
D: 5 128 
D: 8 189 
D: 23 166 
D: 24 54 
D: 29 64 
D: 46 67 
D: 47 224 
D: 60 163 
D: 62 83 
D: 68 187 
D: 70 191 
D: 73 80 
D: 79 107 
D: 110 243 
D: 122 222 
D: 124 211 
D: 136 225 
D: 153 184 
D: 158 179 
D: 171 192 
D: 175 190 
D: 209 237 
D: 234 244 
