12 6 18 199 F: 3 1 2 
13 12 37 71 F: 12 
19 11 41 30 F: 4 3 4 
23 7 37 143 F: 3 1 3 
30 13 56 156 F: 13 
34 3 40 124 F: 3 
42 11 53 39 F: 5 3 3 
45 3 57 149 F: 3 
46 12 70 67 F: 7 5 
70 8 86 25 F: 5 1 2 
89 9 116 200 F: 3 2 4 
93 5 103 196 F: 5 
94 8 110 115 F: 8 
95 5 110 178 F: 2 2 1 
97 11 130 157 F: 11 
104 10 124 54 F: 10 
118 12 154 117 F: 4 4 4 
122 5 132 107 F: 3 2 
125 9 161 119 F: 2 3 4 
127 10 147 111 F: 5 5 
128 12 140 192 F: 12 
148 9 184 5 F: 9 
155 6 161 71 F: 3 2 1 
160 7 174 43 F: 4 3 
164 8 180 86 F: 4 2 2 
171 4 183 154 F: 4 
176 3 185 35 F: 3 
178 12 202 126 F: 12 
189 9 225 25 F: 6 3 
195 5 210 18 F: 5 
203 8 227 34 F: 8 
205 4 221 187 F: 4 
206 7 227 102 F: 3 2 2 
207 12 219 128 F: 12 
217 6 241 149 F: 2 4 
233 11 244 126 F: 4 4 3 
240 11 273 160 F: 11 
245 10 265 7 F: 5 5 
249 7 270 20 F: 3 1 3 
250 9 277 49 F: 9 
254 9 290 172 F: 2 3 4 
254 10 284 53 F: 7 3 
279 3 285 157 F: 3 
284 4 288 47 F: 4 
286 13 299 49 F: 13 
303 10 323 112 F: 10 
305 5 315 200 F: 5 
318 13 331 126 F: 13 
319 13 345 87 F: 13 
330 8 338 42 F: 8 
338 9 356 184 F: 9 
343 9 352 64 F: 5 4 
349 7 363 183 F: 7 
359 6 365 114 F: 2 2 2 
362 6 386 128 F: 5 1 
373 3 376 22 F: 3 
377 13 390 31 F: 7 6 
380 5 400 7 F: 4 1 
382 13 434 176 F: 5 4 4 
394 8 402 125 F: 3 5 
400 7 421 96 F: 2 5 
403 10 443 168 F: 5 5 
410 10 430 59 F: 3 4 3 
413 8 421 50 F: 8 
422 7 443 158 F: 5 2 
434 11 445 148 F: 5 3 3 
435 13 448 191 F: 7 6 
449 11 471 113 F: 6 5 
454 10 474 191 F: 10 
456 8 488 64 F: 8 
465 10 495 38 F: 5 2 3 
468 8 500 91 F: 5 1 2 
470 9 506 48 F: 4 1 4 
481 10 491 133 F: 4 6 
499 10 509 51 F: 5 3 2 
503 4 519 93 F: 2 2 
516 6 540 9 F: 6 
519 4 527 143 F: 2 2 
519 9 546 22 F: 9 
525 13 538 174 F: 13 
528 8 544 146 F: 3 4 1 
531 4 539 75 F: 4 
535 12 571 164 F: 6 6 
542 7 549 186 F: 5 2 
546 5 566 35 F: 2 3 
554 6 560 84 F: 5 1 
584 10 624 118 F: 10 
585 11 618 49 F: 3 4 4 
599 7 620 170 F: 6 1 
599 9 608 198 F: 3 2 4 
602 8 618 91 F: 7 1 
602 9 629 125 F: 2 3 4 
606 10 626 23 F: 4 4 2 
633 13 672 62 F: 13 
644 11 677 18 F: 6 5 
646 10 686 200 F: 2 4 4 
662 8 694 44 F: 5 2 1 
662 8 694 196 F: 4 4 
662 11 695 104 F: 6 5 
681 13 707 26 F: 7 6 
686 6 698 124 F: 6 
687 3 693 123 F: 2 1 
689 5 694 25 F: 5 
693 7 721 27 F: 6 1 
694 8 710 184 F: 2 4 2 
700 3 709 89 F: 2 1 
700 12 712 164 F: 6 6 
705 8 729 99 F: 8 
710 3 716 5 F: 3 
716 10 756 71 F: 10 
728 9 755 74 F: 6 3 
755 8 787 111 F: 3 2 3 
761 8 785 113 F: 3 4 1 
769 7 797 86 F: 4 2 1 
778 8 802 98 F: 3 4 1 
785 8 801 196 F: 5 1 2 
787 8 795 29 F: 7 1 
792 10 802 200 F: 3 4 3 
795 7 823 138 F: 4 1 2 
796 4 808 162 F: 4 
803 10 813 159 F: 7 3 
807 7 828 87 F: 3 2 2 
814 6 832 138 F: 4 1 1 
814 10 824 162 F: 10 
817 5 827 129 F: 5 
819 5 824 121 F: 5 
826 11 859 58 F: 11 
829 7 850 139 F: 7 
835 8 867 146 F: 8 
840 8 872 177 F: 4 2 2 
864 2 870 94 F: 2 
877 9 886 146 F: 9 
884 8 900 190 F: 8 
888 9 897 109 F: 3 6 
898 9 925 141 F: 2 3 4 
905 12 941 31 F: 12 
906 9 924 1 F: 4 5 
916 8 932 26 F: 8 
917 2 921 63 F: 2 
924 9 933 98 F: 4 5 
925 6 943 182 F: 4 2 
928 10 958 7 F: 10 
949 8 973 160 F: 8 
959 9 986 91 F: 5 1 3 
965 10 1005 175 F: 5 5 
965 12 1013 172 F: 6 6 
971 7 978 30 F: 2 4 1 
976 7 990 85 F: 2 5 
988 12 1036 177 F: 7 5 
990 10 1010 177 F: 10 
1000 9 1018 94 F: 4 5 
1002 11 1024 106 F: 11 
1010 8 1026 119 F: 8 
1016 10 1046 56 F: 4 2 4 
1023 7 1044 30 F: 3 2 2 
1027 8 1051 55 F: 8 
1028 3 1031 76 F: 2 1 
1035 10 1065 148 F: 7 3 
1039 10 1049 48 F: 10 
1063 8 1087 18 F: 4 4 
1073 9 1109 25 F: 4 5 
1076 7 1097 140 F: 4 3 
1084 8 1116 164 F: 7 1 
1087 4 1095 81 F: 4 
1090 9 1126 65 F: 5 4 
1101 5 1111 11 F: 3 1 1 
1116 9 1143 179 F: 4 4 1 
1120 5 1135 63 F: 5 
1128 10 1158 187 F: 5 2 3 
1131 7 1138 52 F: 4 3 
1133 8 1165 73 F: 3 5 
1144 8 1176 72 F: 2 6 
1153 10 1173 71 F: 10 
1154 4 1166 33 F: 4 
1173 10 1183 117 F: 10 
1174 12 1210 167 F: 12 
1182 8 1190 167 F: 5 2 1 
1188 5 1203 115 F: 3 1 1 
1189 12 1213 72 F: 4 4 4 
1199 12 1211 159 F: 7 5 
1206 11 1228 96 F: 11 
1208 5 1223 79 F: 4 1 
1221 10 1241 171 F: 7 3 
1230 8 1238 77 F: 5 1 2 
1230 10 1270 52 F: 4 3 3 
1235 11 1268 165 F: 6 5 
1239 7 1260 97 F: 3 2 2 
1248 11 1270 48 F: 11 
1251 12 1299 7 F: 12 
1256 4 1264 90 F: 3 1 
1261 3 1267 76 F: 2 1 
1266 13 1279 87 F: 7 6 
1284 8 1308 154 F: 3 2 3 
1295 2 1299 2 F: 2 
1298 5 1318 111 F: 2 3 
1330 12 1354 14 F: 5 3 4 
1335 8 1359 63 F: 2 6 
1348 13 1361 99 F: 13 
1358 6 1370 54 F: 2 2 2 
1393 6 1405 11 F: 3 3 
D: 0 196 
D: 6 192 
D: 12 49 
D: 28 100 
D: 43 137 
D: 50 77 
D: 50 188 
D: 51 80 
D: 56 70 
D: 62 130 
D: 67 92 
D: 77 163 
D: 83 163 
D: 88 161 
D: 89 176 
D: 91 104 
D: 94 109 
D: 95 182 
D: 97 144 
D: 120 160 
