4 8 12 132 F: 4 1 3 
6 12 18 75 F: 6 6 
20 12 44 134 F: 6 6 
28 5 48 102 F: 4 1 
44 6 50 45 F: 4 2 
50 6 62 145 F: 4 2 
50 7 64 4 F: 7 
51 10 91 77 F: 5 5 
54 6 72 23 F: 4 1 1 
54 9 63 180 F: 5 2 2 
55 12 67 234 F: 5 3 4 
59 7 87 201 F: 4 1 2 
61 9 97 92 F: 9 
83 10 93 76 F: 5 1 4 
99 6 111 185 F: 3 2 1 
109 9 145 91 F: 2 3 4 
110 5 125 212 F: 5 
113 9 140 173 F: 4 3 2 
118 4 130 150 F: 2 2 
120 9 138 89 F: 9 
130 5 145 72 F: 5 
134 12 146 162 F: 6 6 
141 10 171 22 F: 7 3 
143 11 154 132 F: 6 5 
154 8 162 64 F: 3 5 
180 8 204 92 F: 2 4 2 
190 5 195 107 F: 2 1 2 
191 4 203 148 F: 4 
197 11 241 231 F: 5 6 
199 11 232 2 F: 5 4 2 
201 3 213 123 F: 3 
217 10 227 37 F: 6 4 
221 6 233 91 F: 3 3 
224 9 260 179 F: 4 1 4 
233 2 235 2 F: 2 
237 9 255 212 F: 4 5 
245 12 293 132 F: 12 
259 11 303 66 F: 4 4 3 
260 12 284 45 F: 7 5 
275 8 299 50 F: 2 3 3 
279 10 319 71 F: 5 4 1 
284 9 311 128 F: 4 1 4 
293 6 305 87 F: 4 1 1 
296 10 326 174 F: 10 
297 10 337 131 F: 4 6 
307 9 334 17 F: 4 5 
313 7 334 213 F: 2 4 1 
318 7 339 70 F: 4 3 
340 4 352 126 F: 2 2 
341 4 357 115 F: 3 1 
354 11 387 180 F: 5 3 3 
369 5 374 63 F: 4 1 
369 6 381 238 F: 6 
373 6 379 247 F: 2 1 3 
373 8 397 103 F: 3 2 3 
374 9 410 242 F: 5 4 
379 4 391 41 F: 2 2 
379 9 415 237 F: 3 3 3 
380 11 391 24 F: 5 6 
391 8 399 171 F: 4 4 
401 9 419 159 F: 5 4 
411 5 421 87 F: 3 2 
422 11 455 200 F: 11 
428 7 456 111 F: 5 2 
430 13 469 247 F: 7 6 
435 2 443 53 F: 2 
459 7 466 6 F: 3 4 
463 12 475 45 F: 12 
468 3 477 93 F: 2 1 
469 8 477 27 F: 2 3 3 
471 8 503 219 F: 4 4 
483 13 535 166 F: 7 6 
489 9 525 13 F: 5 4 
493 10 513 86 F: 5 5 
495 12 531 52 F: 12 
503 8 535 175 F: 4 1 3 
505 7 533 72 F: 3 4 
507 10 517 205 F: 3 4 3 
516 6 522 222 F: 6 
529 10 539 69 F: 5 1 4 
530 5 550 112 F: 5 
544 6 556 117 F: 6 
558 4 562 80 F: 3 1 
561 8 585 59 F: 8 
567 11 600 238 F: 5 3 3 
572 5 577 1 F: 2 3 
572 5 582 9 F: 5 
572 8 588 83 F: 7 1 
580 11 591 240 F: 11 
587 3 590 235 F: 3 
600 6 618 15 F: 3 3 
614 8 646 25 F: 5 3 
614 9 641 99 F: 7 2 
620 11 631 95 F: 5 3 3 
625 7 653 248 F: 3 4 
633 10 673 215 F: 2 4 4 
637 7 658 76 F: 5 2 
637 9 655 47 F: 6 3 
637 10 657 197 F: 2 4 4 
645 7 652 51 F: 3 3 1 
651 9 687 101 F: 4 5 
652 11 674 93 F: 11 
656 13 682 51 F: 13 
659 10 669 105 F: 4 6 
673 5 678 29 F: 4 1 
705 13 731 27 F: 13 
713 5 728 171 F: 4 1 
734 6 758 168 F: 2 4 
735 8 759 203 F: 4 2 2 
739 9 775 130 F: 2 3 4 
741 6 753 114 F: 2 1 3 
741 7 748 129 F: 6 1 
743 6 755 43 F: 6 
743 7 764 117 F: 3 2 2 
753 10 793 49 F: 4 6 
754 4 762 194 F: 3 1 
770 10 780 228 F: 3 4 3 
778 10 798 171 F: 2 4 4 
790 7 804 210 F: 2 4 1 
791 10 811 90 F: 10 
807 10 847 141 F: 7 3 
817 11 850 111 F: 5 2 4 
819 10 859 55 F: 5 5 
833 10 853 234 F: 5 2 3 
835 13 874 20 F: 7 6 
843 7 871 193 F: 3 2 2 
850 9 868 137 F: 9 
853 9 862 67 F: 4 3 2 
857 9 884 110 F: 7 2 
865 7 872 155 F: 5 2 
875 9 902 161 F: 3 6 
878 9 914 57 F: 5 2 2 
894 2 898 68 F: 2 
897 5 917 130 F: 5 
899 2 903 241 F: 2 
907 6 919 198 F: 2 3 1 
911 4 923 179 F: 2 2 
936 6 960 225 F: 4 1 1 
942 8 974 116 F: 6 2 
946 7 967 132 F: 7 
948 10 978 33 F: 4 4 2 
959 8 983 158 F: 3 1 4 
961 2 963 23 F: 2 
969 8 985 198 F: 5 2 1 
972 2 974 70 F: 2 
974 8 982 237 F: 3 4 1 
974 12 998 68 F: 12 
976 11 1009 171 F: 5 3 3 
978 5 998 78 F: 2 1 2 
985 7 1013 183 F: 4 1 2 
1014 5 1024 19 F: 2 2 1 
1017 12 1029 99 F: 12 
1027 6 1045 159 F: 3 1 2 
1028 8 1052 39 F: 5 3 
1039 10 1059 101 F: 6 4 
1042 5 1052 159 F: 5 
1049 8 1065 21 F: 4 2 2 
1050 10 1080 146 F: 6 4 
1055 6 1073 5 F: 2 2 2 
1067 7 1081 164 F: 6 1 
1074 7 1095 139 F: 5 1 1 
1076 13 1102 24 F: 5 4 4 
1083 8 1115 71 F: 6 2 
1095 13 1121 100 F: 13 
1098 13 1150 149 F: 13 
1108 8 1116 132 F: 2 4 2 
1112 12 1124 147 F: 6 6 
1114 13 1166 206 F: 13 
1125 10 1165 209 F: 6 4 
1127 11 1138 107 F: 5 6 
1134 6 1140 186 F: 5 1 
1139 5 1159 127 F: 3 2 
1142 6 1154 250 F: 4 2 
1148 9 1175 151 F: 3 3 3 
1149 9 1185 14 F: 4 2 3 
1169 10 1209 28 F: 3 4 3 
1177 8 1185 2 F: 8 
1182 10 1222 20 F: 4 4 2 
1185 6 1197 23 F: 2 2 2 
1188 4 1196 140 F: 3 1 
1204 6 1216 178 F: 4 2 
1215 8 1239 105 F: 2 3 3 
1218 7 1246 208 F: 2 4 1 
1244 7 1265 152 F: 7 
1245 4 1257 249 F: 4 
1246 8 1278 238 F: 8 
1246 9 1273 97 F: 3 6 
1251 11 1273 126 F: 11 
1258 9 1276 235 F: 4 5 
1260 9 1278 217 F: 4 5 
1266 8 1282 228 F: 3 2 3 
1274 7 1302 63 F: 3 3 1 
1280 6 1304 187 F: 4 2 
1292 9 1301 199 F: 3 6 
1298 10 1328 14 F: 4 4 2 
1302 10 1312 218 F: 5 5 
1306 7 1327 158 F: 7 
1313 9 1349 243 F: 9 
1317 7 1345 66 F: 2 2 3 
1318 7 1325 114 F: 5 2 
1324 10 1354 201 F: 2 4 4 
1327 8 1351 2 F: 8 
1352 5 1362 28 F: 2 2 1 
1357 10 1397 210 F: 10 
1368 11 1401 31 F: 11 
1368 13 1407 205 F: 13 
1379 7 1393 168 F: 6 1 
1380 13 1406 74 F: 13 
1392 9 1410 47 F: 7 2 
1398 12 1434 176 F: 7 5 
1402 9 1438 34 F: 5 2 2 
1407 9 1425 209 F: 2 3 4 
1416 13 1455 161 F: 13 
1434 6 1458 30 F: 2 3 1 
1440 13 1453 107 F: 13 
1450 7 1478 210 F: 4 2 1 
1458 8 1482 95 F: 6 2 
1470 7 1484 74 F: 2 5 
1474 5 1484 139 F: 2 1 2 
1475 12 1523 2 F: 12 
1476 7 1497 115 F: 4 1 2 
1481 7 1502 228 F: 3 1 3 
1486 3 1489 117 F: 2 1 
1488 6 1506 13 F: 2 1 3 
1493 8 1525 113 F: 2 6 
1511 5 1521 228 F: 5 
1536 7 1543 200 F: 4 3 
1537 9 1555 154 F: 9 
1537 10 1577 11 F: 10 
1541 10 1581 24 F: 4 3 3 
1552 7 1573 74 F: 3 1 3 
1552 9 1561 9 F: 3 6 
1555 10 1595 30 F: 5 4 1 
1557 8 1589 105 F: 6 2 
1571 12 1595 244 F: 7 5 
1573 12 1609 159 F: 6 6 
1581 7 1588 190 F: 2 5 
1594 12 1642 187 F: 7 5 
1595 6 1607 241 F: 6 
1596 4 1600 205 F: 4 
1600 5 1615 35 F: 5 
1610 8 1634 80 F: 8 
1611 5 1616 165 F: 4 1 
1613 10 1623 223 F: 3 4 3 
1617 12 1641 45 F: 4 4 4 
1631 6 1643 226 F: 2 1 3 
1635 11 1679 40 F: 3 4 4 
1636 6 1642 30 F: 4 2 
1666 3 1669 111 F: 3 
1672 2 1678 10 F: 2 
D: 7 38 
D: 15 91 
D: 18 102 
D: 20 223 
D: 22 92 
D: 42 138 
D: 47 88 
D: 53 83 
D: 59 85 
D: 59 132 
D: 60 174 
D: 62 224 
D: 67 133 
D: 76 235 
D: 82 153 
D: 116 206 
D: 130 240 
D: 131 156 
D: 144 145 
D: 172 195 
D: 172 210 
D: 184 222 
D: 197 212 
D: 200 203 
D: 201 236 
