4 12 16 106 F: 6 6 
7 7 14 36 F: 5 2 
11 5 16 20 F: 5 
19 4 31 44 F: 4 
20 11 31 119 F: 11 
24 11 46 147 F: 5 4 2 
32 8 56 111 F: 3 4 1 
38 10 48 68 F: 10 
39 7 67 152 F: 4 2 1 
42 10 82 83 F: 5 4 1 
44 9 53 112 F: 5 2 2 
58 10 78 69 F: 7 3 
88 8 104 152 F: 2 4 2 
90 10 110 50 F: 5 4 1 
97 6 115 29 F: 2 3 1 
102 6 114 191 F: 3 3 
103 9 130 25 F: 3 3 3 
107 8 131 161 F: 2 6 
109 5 129 155 F: 5 
109 9 118 46 F: 5 4 
117 3 126 51 F: 3 
117 8 149 104 F: 2 6 
123 10 133 39 F: 5 5 
128 3 134 135 F: 3 
143 8 175 81 F: 8 
151 7 158 146 F: 4 3 
162 9 198 66 F: 4 2 3 
172 9 181 33 F: 4 5 
188 13 201 58 F: 7 6 
194 5 214 139 F: 5 
211 9 220 97 F: 4 5 
226 4 242 48 F: 2 1 1 
231 12 255 185 F: 12 
232 12 268 151 F: 12 
235 5 240 170 F: 2 1 2 
235 11 268 161 F: 11 
247 8 279 132 F: 4 4 
249 12 261 16 F: 4 4 4 
251 7 258 55 F: 2 1 4 
253 8 269 147 F: 2 4 2 
262 3 271 126 F: 3 
268 11 290 125 F: 5 2 4 
275 9 302 44 F: 4 4 1 
284 6 302 120 F: 3 2 1 
290 5 295 163 F: 2 2 1 
308 7 336 24 F: 3 4 
309 9 327 63 F: 5 1 3 
310 11 332 137 F: 5 4 2 
313 4 317 92 F: 3 1 
317 9 344 132 F: 5 4 
317 10 347 3 F: 5 3 2 
320 11 331 96 F: 5 6 
330 13 343 73 F: 13 
334 10 344 140 F: 7 3 
334 11 367 127 F: 4 4 3 
339 8 371 59 F: 8 
364 8 372 65 F: 4 3 1 
375 11 408 41 F: 7 4 
380 8 388 109 F: 7 1 
386 11 408 109 F: 11 
401 6 425 185 F: 3 1 2 
404 6 428 108 F: 6 
412 10 442 34 F: 5 1 4 
424 3 433 198 F: 3 
426 7 454 95 F: 7 
426 9 462 59 F: 3 3 3 
427 3 433 170 F: 2 1 
445 8 461 199 F: 7 1 
446 10 466 43 F: 7 3 
475 2 481 156 F: 2 
475 7 489 27 F: 7 
483 8 515 10 F: 4 4 
490 12 538 101 F: 7 5 
498 9 534 165 F: 2 4 3 
499 7 527 47 F: 4 3 
509 8 533 45 F: 6 2 
511 10 551 93 F: 5 5 
528 7 556 9 F: 5 1 1 
534 3 546 90 F: 3 
534 9 570 116 F: 3 2 4 
541 8 549 76 F: 8 
550 6 568 199 F: 3 3 
550 8 582 32 F: 4 4 
552 13 604 104 F: 13 
574 9 583 139 F: 5 2 2 
575 11 586 31 F: 4 3 4 
581 7 602 14 F: 2 3 2 
587 4 603 130 F: 4 
589 13 602 123 F: 5 4 4 
593 8 617 124 F: 3 3 2 
605 10 615 8 F: 4 6 
611 9 647 32 F: 5 4 
622 9 649 52 F: 2 3 4 
632 5 642 157 F: 2 3 
657 8 665 6 F: 2 3 3 
658 10 668 168 F: 7 3 
661 10 701 160 F: 5 5 
666 11 699 165 F: 5 6 
667 6 673 4 F: 2 1 3 
667 11 700 99 F: 5 2 4 
669 6 681 10 F: 3 3 
681 10 691 87 F: 5 4 1 
688 8 720 97 F: 2 3 3 
690 9 726 111 F: 2 3 4 
690 13 742 44 F: 13 
705 9 741 93 F: 3 6 
706 13 732 17 F: 13 
709 9 718 155 F: 2 3 4 
709 11 742 104 F: 4 4 3 
711 6 723 135 F: 2 4 
713 4 729 55 F: 4 
716 8 724 161 F: 2 3 3 
726 4 738 178 F: 4 
727 10 737 154 F: 6 4 
737 8 769 94 F: 6 2 
750 12 786 141 F: 7 5 
760 9 796 196 F: 7 2 
761 7 789 69 F: 4 3 
761 10 791 100 F: 7 3 
764 9 791 42 F: 9 
804 7 818 81 F: 2 4 1 
812 10 822 28 F: 3 3 4 
813 9 831 6 F: 4 4 1 
814 4 818 119 F: 2 1 1 
821 8 845 118 F: 2 6 
825 11 836 62 F: 7 4 
830 8 854 4 F: 4 4 
848 4 860 17 F: 3 1 
859 8 883 140 F: 5 1 2 
874 4 890 138 F: 3 1 
883 11 927 133 F: 5 4 2 
885 4 897 185 F: 4 
885 5 905 177 F: 4 1 
893 8 917 60 F: 2 4 2 
896 9 905 180 F: 9 
909 6 915 128 F: 2 3 1 
909 12 921 94 F: 6 6 
933 3 936 190 F: 2 1 
948 9 966 102 F: 5 2 2 
949 8 957 126 F: 3 1 4 
950 8 966 125 F: 4 4 
955 11 977 46 F: 11 
962 8 970 156 F: 8 
971 13 1010 115 F: 13 
977 7 998 156 F: 3 4 
980 8 996 46 F: 2 3 3 
982 3 988 71 F: 3 
983 8 1007 63 F: 4 3 1 
985 11 1007 184 F: 11 
996 7 1003 93 F: 4 3 
1001 8 1009 89 F: 4 2 2 
1001 12 1049 105 F: 5 4 3 
1002 8 1026 170 F: 3 5 
1003 7 1010 159 F: 2 1 4 
1012 7 1033 17 F: 5 1 1 
1021 2 1025 8 F: 2 
1051 8 1067 5 F: 8 
1051 9 1069 157 F: 5 3 1 
1053 13 1066 19 F: 13 
1065 6 1077 138 F: 6 
1066 9 1084 140 F: 9 
1070 7 1077 178 F: 4 3 
1072 7 1079 6 F: 4 2 1 
1088 13 1127 105 F: 13 
1089 6 1107 70 F: 3 1 2 
1103 8 1127 5 F: 3 2 3 
1105 9 1132 84 F: 4 1 4 
1105 11 1127 42 F: 11 
1109 9 1118 23 F: 9 
1119 4 1123 198 F: 3 1 
1119 9 1137 33 F: 9 
1121 12 1169 71 F: 12 
1140 8 1156 84 F: 5 2 1 
1153 6 1177 16 F: 6 
1157 3 1163 77 F: 2 1 
1163 11 1185 110 F: 5 6 
1175 10 1185 162 F: 10 
1175 10 1205 116 F: 5 2 3 
1186 7 1193 97 F: 6 1 
1194 8 1226 101 F: 8 
1212 7 1219 118 F: 2 3 2 
1214 11 1225 45 F: 3 4 4 
1215 7 1243 200 F: 5 2 
1223 10 1263 135 F: 4 3 3 
1226 6 1232 61 F: 6 
1237 10 1267 196 F: 4 3 3 
1249 5 1264 53 F: 5 
1251 7 1258 6 F: 5 2 
1270 10 1280 37 F: 4 6 
1271 7 1292 40 F: 7 
1286 7 1307 80 F: 7 
1289 3 1295 131 F: 2 1 
1296 2 1300 162 F: 2 
1296 4 1308 134 F: 2 1 1 
1297 7 1304 121 F: 4 3 
1316 13 1342 26 F: 13 
1323 10 1343 100 F: 5 3 2 
1337 11 1370 64 F: 3 4 4 
1355 13 1368 198 F: 13 
1358 9 1394 177 F: 7 2 
D: 14 170 
D: 18 176 
D: 19 88 
D: 30 198 
D: 32 54 
D: 42 138 
D: 57 154 
D: 59 75 
D: 66 132 
D: 80 133 
D: 83 107 
D: 83 132 
D: 87 147 
D: 101 117 
D: 101 163 
D: 108 117 
D: 121 192 
D: 126 197 
D: 145 190 
D: 158 174 
