2 9 11 133 F: 4 1 4 
14 7 21 8 F: 2 5 
28 11 50 179 F: 5 3 3 
31 8 55 172 F: 3 3 2 
34 10 44 145 F: 10 
37 12 49 150 F: 12 
41 9 59 111 F: 5 3 1 
42 10 72 73 F: 10 
51 6 75 32 F: 2 2 2 
52 9 88 142 F: 2 3 4 
54 6 66 33 F: 6 
72 8 96 183 F: 2 3 3 
74 5 79 195 F: 2 3 
77 6 89 67 F: 2 2 2 
83 11 105 195 F: 6 5 
111 8 127 149 F: 5 2 1 
111 9 120 141 F: 9 
116 10 146 80 F: 10 
127 12 151 126 F: 6 6 
130 7 137 68 F: 4 3 
130 10 150 180 F: 5 5 
135 10 145 200 F: 7 3 
136 5 146 196 F: 3 2 
136 6 148 191 F: 6 
138 8 170 16 F: 2 6 
138 10 158 111 F: 2 4 4 
145 10 175 24 F: 4 3 3 
156 12 192 114 F: 12 
190 9 217 71 F: 4 2 3 
194 8 218 45 F: 8 
206 6 224 169 F: 3 2 1 
206 10 236 72 F: 5 4 1 
217 9 235 36 F: 7 2 
233 9 269 75 F: 4 1 4 
234 7 248 165 F: 5 2 
234 8 250 110 F: 4 4 
242 9 260 42 F: 4 1 4 
243 8 275 64 F: 3 5 
247 10 257 90 F: 3 3 4 
260 13 273 81 F: 13 
270 10 310 152 F: 5 5 
271 9 280 119 F: 9 
272 7 300 162 F: 5 2 
276 8 284 28 F: 3 1 4 
286 8 302 73 F: 5 1 2 
312 11 345 22 F: 5 6 
312 11 356 180 F: 5 3 3 
314 11 325 106 F: 5 4 2 
318 8 334 86 F: 3 3 2 
321 8 337 85 F: 5 3 
333 13 346 151 F: 13 
338 7 359 90 F: 4 1 2 
342 9 369 2 F: 9 
344 7 358 127 F: 7 
348 8 380 17 F: 2 3 3 
353 6 371 135 F: 6 
368 3 380 70 F: 3 
368 7 375 123 F: 2 3 2 
371 5 376 124 F: 5 
387 8 395 146 F: 5 1 2 
404 11 448 125 F: 11 
410 9 437 6 F: 7 2 
415 8 439 88 F: 3 4 1 
418 6 442 19 F: 5 1 
433 12 457 147 F: 6 6 
437 4 449 17 F: 2 2 
440 9 476 14 F: 9 
447 12 471 144 F: 7 5 
452 9 479 51 F: 4 5 
457 8 481 18 F: 7 1 
465 6 483 160 F: 6 
470 9 479 37 F: 4 5 
480 7 501 17 F: 7 
483 3 489 3 F: 3 
489 11 500 185 F: 5 6 
517 7 531 132 F: 3 3 1 
522 10 532 164 F: 4 6 
531 6 555 103 F: 3 3 
532 7 546 133 F: 2 5 
532 8 548 35 F: 3 1 4 
556 13 569 19 F: 13 
558 11 580 158 F: 11 
559 6 583 176 F: 6 
561 8 569 49 F: 3 1 4 
568 9 604 164 F: 9 
571 6 583 158 F: 5 1 
582 4 594 200 F: 4 
585 9 621 132 F: 9 
589 7 603 2 F: 7 
592 5 597 131 F: 2 3 
605 8 637 156 F: 2 4 2 
620 3 629 101 F: 2 1 
627 6 633 96 F: 6 
629 6 647 159 F: 2 3 1 
631 8 663 132 F: 4 3 1 
651 8 667 43 F: 4 4 
656 6 680 56 F: 6 
658 8 666 70 F: 3 1 4 
662 8 670 148 F: 4 4 
665 8 689 150 F: 4 4 
666 10 676 82 F: 10 
666 12 702 159 F: 12 
686 8 694 191 F: 4 3 1 
692 8 708 197 F: 5 1 2 
695 10 705 87 F: 5 4 1 
703 9 730 172 F: 7 2 
717 7 738 126 F: 5 1 1 
718 8 734 51 F: 2 3 3 
730 9 748 84 F: 3 4 2 
732 7 753 20 F: 2 5 
738 6 756 163 F: 2 1 3 
747 4 751 146 F: 3 1 
748 11 759 89 F: 11 
755 7 776 171 F: 5 1 1 
763 10 803 135 F: 4 4 2 
768 2 776 82 F: 2 
780 4 796 137 F: 4 
781 6 787 60 F: 4 2 
784 4 792 160 F: 4 
786 5 791 93 F: 3 2 
804 8 836 111 F: 8 
821 9 830 61 F: 4 3 2 
831 10 861 115 F: 5 3 2 
833 7 847 108 F: 7 
839 11 883 25 F: 5 3 3 
845 9 872 51 F: 4 3 2 
849 8 873 95 F: 2 3 3 
858 8 882 196 F: 4 2 2 
863 6 887 60 F: 2 2 2 
863 8 887 36 F: 6 2 
867 8 891 38 F: 8 
870 11 892 149 F: 11 
874 3 883 181 F: 3 
875 10 885 127 F: 5 3 2 
876 5 881 151 F: 4 1 
901 8 917 114 F: 3 2 3 
908 3 911 69 F: 3 
911 10 931 143 F: 4 6 
919 5 929 60 F: 5 
926 2 932 73 F: 2 
934 6 940 139 F: 4 2 
941 10 971 118 F: 5 5 
945 10 985 39 F: 5 5 
946 10 986 55 F: 10 
951 8 967 13 F: 8 
977 6 995 167 F: 2 3 1 
978 11 1022 196 F: 7 4 
980 2 982 126 F: 2 
981 6 987 25 F: 4 2 
989 10 1019 156 F: 5 2 3 
1005 4 1021 154 F: 4 
1008 11 1052 144 F: 7 4 
1010 5 1025 120 F: 2 1 2 
1011 5 1031 70 F: 3 2 
1015 9 1051 123 F: 5 2 2 
1022 10 1042 70 F: 4 4 2 
1032 7 1053 193 F: 4 3 
1036 9 1045 118 F: 9 
1051 2 1053 58 F: 2 
1057 11 1090 76 F: 5 6 
1072 4 1088 140 F: 4 
1074 13 1100 149 F: 7 6 
1078 11 1122 160 F: 7 4 
1085 11 1129 40 F: 4 4 3 
1095 10 1105 19 F: 6 4 
1114 5 1119 191 F: 5 
1114 9 1123 96 F: 4 3 2 
1124 10 1134 142 F: 6 4 
1126 8 1158 85 F: 2 6 
1126 8 1158 148 F: 5 1 2 
1131 9 1167 158 F: 5 4 
1139 6 1157 18 F: 6 
1144 10 1154 153 F: 7 3 
1151 5 1171 101 F: 5 
1158 6 1176 183 F: 3 3 
1163 7 1170 181 F: 7 
1164 12 1188 81 F: 4 4 4 
1169 8 1177 4 F: 4 4 
1189 5 1204 27 F: 5 
1198 9 1225 199 F: 3 2 4 
1212 6 1218 22 F: 5 1 
1221 11 1232 112 F: 5 4 2 
1225 5 1235 86 F: 3 2 
1232 7 1239 130 F: 2 1 4 
1232 7 1253 166 F: 7 
1236 10 1266 66 F: 4 4 2 
1251 10 1281 110 F: 4 6 
1256 5 1271 118 F: 2 3 
1260 6 1266 163 F: 2 2 2 
1261 9 1288 154 F: 3 4 2 
1264 12 1312 124 F: 12 
1266 4 1282 107 F: 3 1 
1271 12 1307 162 F: 5 3 4 
1286 9 1304 32 F: 3 2 4 
1295 9 1313 76 F: 4 1 4 
1308 8 1316 190 F: 2 4 2 
1314 6 1320 48 F: 6 
1361 10 1401 122 F: 5 3 2 
1393 13 1445 112 F: 5 4 4 
1395 10 1425 99 F: 6 4 
D: 4 183 
D: 15 62 
D: 17 152 
D: 29 157 
D: 35 118 
D: 44 67 
D: 47 118 
D: 47 132 
D: 64 193 
D: 65 120 
D: 65 125 
D: 88 118 
D: 110 196 
D: 123 187 
D: 131 174 
D: 134 145 
D: 152 198 
D: 154 160 
D: 166 194 
D: 170 182 
