6 9 42 249 F: 6 3 
14 8 46 115 F: 5 1 2 
15 8 47 165 F: 8 
18 5 38 72 F: 5 
28 11 39 45 F: 7 4 
29 10 39 131 F: 5 4 1 
43 11 76 242 F: 6 5 
49 7 77 213 F: 7 
56 4 60 82 F: 4 
61 7 89 47 F: 4 3 
77 5 97 168 F: 2 2 1 
84 5 89 74 F: 4 1 
88 12 100 19 F: 6 6 
89 10 129 182 F: 5 5 
96 10 116 40 F: 4 4 2 
105 8 121 237 F: 8 
113 8 145 51 F: 3 5 
113 11 124 28 F: 7 4 
118 8 126 151 F: 2 2 4 
123 13 162 235 F: 13 
124 6 148 192 F: 4 1 1 
124 7 145 104 F: 7 
129 9 165 226 F: 3 6 
137 10 147 44 F: 5 5 
138 8 146 168 F: 3 2 3 
144 4 152 1 F: 3 1 
151 6 157 23 F: 3 3 
157 7 164 60 F: 7 
159 4 175 180 F: 4 
198 11 242 205 F: 7 4 
202 11 224 239 F: 11 
222 6 246 102 F: 4 1 1 
223 6 229 153 F: 6 
223 8 247 129 F: 5 1 2 
224 3 233 110 F: 3 
224 5 239 27 F: 5 
237 6 261 38 F: 6 
255 7 262 154 F: 7 
258 7 265 22 F: 2 3 2 
264 8 296 85 F: 3 5 
279 9 306 197 F: 5 1 3 
281 7 302 152 F: 5 1 1 
287 9 323 15 F: 4 5 
289 8 313 178 F: 2 4 2 
290 9 299 194 F: 9 
301 7 329 59 F: 2 5 
305 9 323 192 F: 4 1 4 
322 11 366 208 F: 5 3 3 
327 6 345 208 F: 3 3 
342 9 369 129 F: 4 5 
346 8 354 154 F: 4 3 1 
348 7 355 197 F: 4 3 
352 9 388 93 F: 7 2 
355 8 363 59 F: 3 1 4 
359 12 395 230 F: 5 3 4 
374 11 418 50 F: 6 5 
379 11 390 233 F: 4 4 3 
385 8 393 76 F: 6 2 
392 7 406 14 F: 7 
393 5 408 141 F: 5 
414 8 422 185 F: 3 1 4 
428 7 442 38 F: 4 3 
432 10 452 111 F: 6 4 
433 4 449 218 F: 4 
434 10 444 183 F: 5 5 
445 9 472 108 F: 3 4 2 
447 12 495 131 F: 4 4 4 
450 11 483 66 F: 4 3 4 
450 12 462 24 F: 12 
460 8 476 20 F: 5 1 2 
463 9 490 148 F: 5 3 1 
466 6 472 174 F: 2 3 1 
474 9 510 65 F: 9 
479 8 495 207 F: 6 2 
488 8 512 144 F: 3 3 2 
508 5 518 209 F: 3 1 1 
511 4 515 178 F: 4 
520 7 534 42 F: 3 2 2 
521 7 535 34 F: 2 3 2 
535 11 579 85 F: 7 4 
539 11 583 211 F: 5 2 4 
541 7 562 229 F: 4 2 1 
546 8 554 117 F: 3 5 
552 3 561 123 F: 3 
556 2 564 185 F: 2 
556 6 568 79 F: 5 1 
568 4 584 79 F: 4 
572 12 584 29 F: 12 
578 5 583 39 F: 2 2 1 
596 7 624 128 F: 6 1 
608 5 628 228 F: 3 1 1 
620 8 652 42 F: 8 
637 8 661 42 F: 2 4 2 
644 5 659 16 F: 2 2 1 
648 6 654 33 F: 6 
649 6 655 216 F: 6 
660 4 676 14 F: 4 
671 10 701 17 F: 10 
674 9 710 205 F: 2 3 4 
686 5 701 87 F: 3 2 
691 10 721 234 F: 10 
692 9 728 246 F: 6 3 
694 5 714 82 F: 4 1 
697 9 733 62 F: 4 4 1 
699 7 713 249 F: 6 1 
700 12 712 29 F: 12 
711 7 718 207 F: 4 3 
723 10 733 182 F: 10 
742 9 778 80 F: 5 4 
746 9 755 158 F: 3 2 4 
756 9 792 214 F: 9 
769 10 779 55 F: 10 
772 12 796 2 F: 12 
779 7 793 190 F: 5 2 
780 7 801 234 F: 7 
783 4 787 235 F: 4 
785 9 794 11 F: 9 
788 7 816 96 F: 7 
789 7 810 154 F: 6 1 
795 8 819 245 F: 2 6 
800 13 826 80 F: 13 
808 6 814 214 F: 6 
809 6 815 128 F: 2 4 
819 4 835 50 F: 2 1 1 
825 2 829 248 F: 2 
832 6 850 19 F: 3 2 1 
852 2 854 65 F: 2 
854 10 884 247 F: 7 3 
856 8 864 89 F: 4 3 1 
869 12 893 46 F: 6 6 
871 4 875 182 F: 4 
879 9 906 60 F: 3 3 3 
890 7 911 122 F: 3 3 1 
892 10 932 177 F: 5 1 4 
894 9 921 72 F: 9 
908 11 952 202 F: 11 
918 7 946 89 F: 4 1 2 
920 11 942 17 F: 11 
930 9 948 162 F: 4 1 4 
931 12 955 114 F: 12 
935 6 959 83 F: 3 1 2 
939 10 959 163 F: 3 3 4 
943 5 958 12 F: 5 
954 10 964 16 F: 6 4 
955 4 959 211 F: 4 
955 8 979 152 F: 8 
957 7 964 206 F: 4 2 1 
966 12 1014 20 F: 5 4 3 
972 5 992 148 F: 3 2 
988 11 999 104 F: 4 3 4 
1012 13 1038 80 F: 7 6 
1017 2 1025 55 F: 2 
1025 12 1061 115 F: 12 
1026 7 1054 72 F: 3 1 3 
1030 10 1040 236 F: 4 6 
1032 4 1040 215 F: 4 
1034 11 1056 174 F: 4 3 4 
1042 3 1045 202 F: 2 1 
1047 2 1051 232 F: 2 
1060 9 1078 4 F: 9 
1063 10 1103 210 F: 2 4 4 
1070 6 1088 126 F: 6 
1075 11 1108 27 F: 11 
1077 10 1117 195 F: 6 4 
1083 6 1107 108 F: 6 
1104 7 1132 2 F: 2 2 3 
1112 10 1152 222 F: 3 4 3 
1120 10 1150 116 F: 6 4 
1121 7 1128 205 F: 3 3 1 
1122 10 1162 71 F: 4 6 
1124 10 1144 120 F: 10 
1129 9 1165 111 F: 9 
1136 3 1145 231 F: 3 
1142 11 1186 180 F: 11 
1148 6 1160 188 F: 2 2 2 
1149 8 1157 79 F: 5 1 2 
1166 8 1174 154 F: 6 2 
1170 8 1194 204 F: 6 2 
1185 11 1229 119 F: 4 3 4 
1190 6 1208 5 F: 3 2 1 
1203 6 1227 206 F: 4 1 1 
1213 6 1225 28 F: 3 1 2 
1222 12 1246 208 F: 12 
1228 9 1255 239 F: 3 6 
1235 8 1267 202 F: 5 2 1 
1237 3 1243 21 F: 2 1 
1237 7 1258 32 F: 7 
1242 6 1260 46 F: 2 2 2 
1257 7 1264 79 F: 3 1 3 
1260 6 1278 36 F: 6 
1268 5 1278 246 F: 3 2 
1280 11 1291 29 F: 5 6 
1282 9 1309 106 F: 5 2 2 
1287 8 1311 12 F: 4 4 
1294 8 1310 225 F: 5 3 
1300 7 1314 151 F: 5 2 
1309 5 1314 177 F: 5 
1311 3 1317 2 F: 3 
1323 8 1339 230 F: 4 1 3 
1326 12 1374 25 F: 5 3 4 
1336 10 1346 150 F: 7 3 
1339 10 1359 56 F: 10 
1348 2 1356 194 F: 2 
1353 11 1375 109 F: 11 
1354 9 1363 181 F: 4 4 1 
1368 3 1371 61 F: 3 
1370 9 1397 100 F: 5 1 3 
1372 3 1378 94 F: 2 1 
1376 7 1404 18 F: 3 1 3 
1377 6 1389 12 F: 3 3 
1412 9 1439 146 F: 9 
1412 10 1422 240 F: 5 3 2 
1425 8 1457 226 F: 8 
1426 7 1454 33 F: 7 
1429 10 1449 71 F: 10 
1430 6 1454 57 F: 2 1 3 
1437 10 1457 56 F: 4 6 
1438 9 1447 78 F: 4 2 3 
1454 12 1478 86 F: 12 
1472 2 1476 127 F: 2 
1472 6 1496 212 F: 3 1 2 
1478 6 1484 124 F: 6 
1479 10 1519 248 F: 6 4 
1491 13 1517 211 F: 13 
1492 4 1496 53 F: 2 2 
1512 13 1538 227 F: 13 
1516 7 1544 88 F: 4 3 
1525 8 1557 91 F: 2 3 3 
1526 8 1542 49 F: 4 4 
1526 10 1536 119 F: 10 
1528 9 1537 26 F: 6 3 
1536 12 1560 133 F: 12 
1537 10 1567 19 F: 5 2 3 
1554 4 1566 85 F: 2 1 1 
1560 6 1584 143 F: 6 
1567 8 1599 202 F: 4 2 2 
1567 13 1593 145 F: 13 
1579 6 1591 158 F: 3 2 1 
1586 9 1613 225 F: 5 3 1 
1590 7 1604 88 F: 5 2 
1624 5 1644 116 F: 3 2 
1629 7 1636 197 F: 4 1 2 
1631 5 1646 130 F: 5 
1647 5 1657 223 F: 5 
1651 3 1657 72 F: 3 
1655 8 1663 5 F: 4 1 3 
1660 12 1672 38 F: 7 5 
1661 11 1672 123 F: 11 
1676 10 1696 178 F: 10 
1679 7 1707 81 F: 6 1 
D: 13 64 
D: 14 247 
D: 18 170 
D: 26 143 
D: 28 32 
D: 29 161 
D: 31 106 
D: 36 236 
D: 43 65 
D: 50 84 
D: 86 80 
D: 86 197 
D: 87 235 
D: 90 214 
D: 101 225 
D: 105 119 
D: 108 182 
D: 109 157 
D: 128 131 
D: 143 214 
D: 147 151 
D: 160 194 
D: 166 169 
D: 179 193 
D: 205 226 
