4 5 9 89 F: 2 2 1 
8 4 12 6 F: 4 
8 4 12 179 F: 4 
8 10 48 46 F: 3 3 4 
10 10 50 82 F: 4 6 
14 13 66 99 F: 13 
16 6 28 151 F: 5 1 
43 7 64 196 F: 4 2 1 
44 11 88 195 F: 11 
45 8 61 4 F: 3 4 1 
57 5 77 141 F: 4 1 
73 7 94 112 F: 3 2 2 
79 9 88 92 F: 5 2 2 
85 12 121 81 F: 5 3 4 
96 8 120 119 F: 5 2 1 
109 9 127 114 F: 3 6 
113 8 121 181 F: 4 1 3 
113 12 125 188 F: 5 3 4 
116 7 123 194 F: 3 2 2 
143 6 167 139 F: 3 3 
146 5 151 18 F: 4 1 
151 4 167 63 F: 3 1 
152 7 180 89 F: 3 3 1 
162 6 168 116 F: 2 4 
171 10 211 63 F: 10 
174 8 198 172 F: 8 
187 11 220 47 F: 4 4 3 
190 7 204 180 F: 3 1 3 
194 5 209 71 F: 2 1 2 
199 6 217 27 F: 5 1 
200 5 205 163 F: 3 1 1 
205 8 213 10 F: 3 3 2 
208 9 217 134 F: 2 4 3 
213 10 233 152 F: 4 6 
222 6 240 57 F: 5 1 
225 5 245 53 F: 2 1 2 
230 9 257 105 F: 2 3 4 
231 11 275 171 F: 11 
242 10 272 49 F: 4 4 2 
244 8 252 47 F: 8 
246 4 262 168 F: 4 
257 7 285 199 F: 2 5 
267 8 275 67 F: 7 1 
275 13 288 93 F: 5 4 4 
284 11 317 149 F: 3 4 4 
308 9 335 96 F: 4 3 2 
321 8 329 166 F: 4 4 
325 12 337 194 F: 6 6 
331 5 341 193 F: 3 1 1 
332 8 356 139 F: 8 
338 9 356 58 F: 4 5 
343 8 367 159 F: 7 1 
363 6 369 147 F: 6 
369 9 378 192 F: 9 
372 5 387 41 F: 3 2 
375 9 384 182 F: 3 6 
380 7 408 91 F: 5 2 
384 7 412 86 F: 4 2 1 
393 7 407 1 F: 6 1 
393 10 433 68 F: 3 3 4 
400 6 412 67 F: 2 4 
406 7 420 136 F: 2 1 4 
420 7 448 83 F: 7 
433 13 459 183 F: 13 
434 5 449 85 F: 5 
434 8 466 160 F: 5 3 
443 6 455 80 F: 6 
443 6 467 104 F: 4 2 
451 8 467 14 F: 5 3 
456 10 476 173 F: 7 3 
457 11 479 84 F: 4 4 3 
461 9 470 40 F: 3 2 4 
491 7 512 116 F: 5 2 
491 13 504 61 F: 7 6 
492 12 504 115 F: 12 
508 7 536 97 F: 4 1 2 
519 7 533 46 F: 7 
525 6 543 48 F: 4 1 1 
526 11 559 43 F: 6 5 
527 11 538 13 F: 5 2 4 
533 7 547 79 F: 3 3 1 
559 5 574 173 F: 5 
560 7 581 79 F: 2 3 2 
568 12 616 176 F: 5 3 4 
578 3 581 52 F: 3 
579 6 597 101 F: 3 3 
581 7 588 16 F: 3 4 
591 8 623 183 F: 4 2 2 
596 7 617 120 F: 2 1 4 
599 6 611 36 F: 2 2 2 
610 7 631 33 F: 5 2 
618 9 645 102 F: 5 1 3 
632 4 648 189 F: 4 
636 11 647 82 F: 5 6 
640 8 648 2 F: 2 3 3 
641 7 662 39 F: 6 1 
647 4 663 62 F: 4 
647 11 669 16 F: 11 
654 5 669 108 F: 2 3 
658 6 682 32 F: 6 
662 9 680 160 F: 9 
664 9 682 29 F: 2 4 3 
688 6 706 136 F: 2 2 2 
689 11 733 81 F: 4 4 3 
697 4 709 49 F: 2 1 1 
701 7 708 4 F: 7 
720 3 723 19 F: 3 
724 10 734 53 F: 5 4 1 
732 3 735 83 F: 3 
733 6 739 78 F: 6 
740 4 748 153 F: 4 
741 5 761 197 F: 2 3 
747 3 750 41 F: 3 
758 6 770 162 F: 5 1 
760 6 778 100 F: 2 3 1 
760 7 767 108 F: 7 
766 7 787 58 F: 3 2 2 
783 13 822 137 F: 13 
786 9 804 33 F: 4 4 1 
790 6 796 150 F: 6 
810 4 818 147 F: 2 2 
811 4 819 139 F: 2 2 
811 11 844 182 F: 5 2 4 
818 7 832 21 F: 5 2 
818 9 854 33 F: 3 6 
843 8 859 115 F: 8 
847 10 857 3 F: 5 4 1 
851 9 878 108 F: 3 4 2 
852 8 884 100 F: 4 4 
859 2 867 91 F: 2 
861 11 872 50 F: 5 6 
865 9 883 146 F: 4 4 1 
878 11 889 77 F: 7 4 
885 6 909 68 F: 3 2 1 
896 3 905 47 F: 2 1 
928 8 944 122 F: 3 4 1 
936 8 952 24 F: 3 1 4 
938 7 952 12 F: 2 3 2 
938 8 954 129 F: 8 
939 2 941 74 F: 2 
939 5 954 25 F: 2 2 1 
939 8 971 77 F: 4 3 1 
952 10 962 199 F: 10 
964 7 992 125 F: 2 5 
965 13 1004 179 F: 7 6 
972 7 993 58 F: 3 3 1 
975 8 983 176 F: 3 4 1 
981 9 999 152 F: 6 3 
984 7 1012 146 F: 6 1 
990 3 999 132 F: 3 
1000 7 1021 53 F: 4 3 
1003 10 1033 28 F: 4 2 4 
1005 4 1013 179 F: 3 1 
1006 6 1030 47 F: 2 4 
1008 7 1029 99 F: 4 3 
1020 7 1048 125 F: 3 1 3 
1022 8 1054 199 F: 7 1 
1057 11 1090 79 F: 5 2 4 
1059 10 1069 75 F: 6 4 
1083 10 1093 114 F: 3 4 3 
1092 11 1103 14 F: 5 6 
1094 8 1102 144 F: 2 2 4 
1094 8 1110 42 F: 7 1 
1098 10 1118 12 F: 3 4 3 
1099 5 1104 134 F: 3 2 
1104 8 1112 122 F: 4 4 
1104 11 1126 32 F: 5 3 3 
1107 8 1139 113 F: 7 1 
1121 3 1127 14 F: 3 
1122 2 1124 192 F: 2 
1134 7 1141 3 F: 2 2 3 
1145 5 1155 104 F: 3 2 
1146 7 1160 27 F: 5 2 
1153 5 1173 196 F: 2 3 
1164 6 1182 39 F: 6 
1164 9 1173 91 F: 5 4 
1177 6 1183 87 F: 5 1 
1192 8 1224 21 F: 8 
1192 9 1201 3 F: 3 2 4 
1195 3 1201 174 F: 3 
1206 9 1224 158 F: 3 2 4 
1207 6 1225 55 F: 6 
1210 10 1240 72 F: 10 
1220 6 1238 100 F: 3 3 
1242 10 1252 60 F: 3 3 4 
1248 10 1278 157 F: 10 
1250 10 1270 31 F: 10 
1270 6 1288 163 F: 6 
1270 10 1310 33 F: 4 4 2 
1280 12 1316 124 F: 12 
1281 9 1290 4 F: 4 5 
1295 3 1301 60 F: 3 
1295 8 1319 67 F: 6 2 
1296 9 1314 60 F: 5 2 2 
1298 13 1337 112 F: 13 
1304 9 1340 49 F: 5 3 1 
1363 7 1370 172 F: 2 1 4 
1377 4 1381 157 F: 4 
1385 8 1417 62 F: 7 1 
1395 6 1413 9 F: 6 
D: 0 58 
D: 12 42 
D: 14 110 
D: 19 126 
D: 22 61 
D: 23 112 
D: 33 140 
D: 36 114 
D: 44 124 
D: 45 80 
D: 47 49 
D: 72 163 
D: 73 187 
D: 86 194 
D: 99 149 
D: 108 124 
D: 115 131 
D: 138 190 
D: 141 174 
D: 168 197 
