1 11 12 180 F: 6 5 
5 12 53 20 F: 12 
11 7 32 233 F: 2 5 
12 11 56 124 F: 7 4 
17 13 30 104 F: 13 
19 7 47 24 F: 2 2 3 
24 13 50 96 F: 13 
33 9 69 169 F: 2 3 4 
35 11 46 44 F: 4 4 3 
63 7 77 189 F: 2 1 4 
67 8 91 58 F: 2 3 3 
71 11 93 11 F: 11 
85 11 107 152 F: 11 
89 6 107 58 F: 6 
99 10 139 13 F: 10 
103 5 108 132 F: 5 
104 8 128 201 F: 8 
110 8 134 170 F: 8 
115 7 136 186 F: 3 1 3 
118 7 125 223 F: 7 
128 6 140 247 F: 2 3 1 
147 4 163 236 F: 4 
152 7 180 82 F: 2 5 
170 10 200 76 F: 4 4 2 
181 5 186 91 F: 3 2 
183 5 198 104 F: 3 1 1 
186 9 222 138 F: 7 2 
187 8 203 176 F: 5 1 2 
192 10 232 62 F: 4 6 
192 11 203 77 F: 3 4 4 
202 4 218 4 F: 4 
212 6 236 186 F: 5 1 
218 10 228 232 F: 10 
223 7 237 48 F: 7 
224 7 245 226 F: 2 5 
237 9 273 158 F: 3 2 4 
239 8 263 20 F: 3 5 
240 10 270 166 F: 5 1 4 
247 9 265 50 F: 4 2 3 
258 12 282 202 F: 5 4 3 
264 12 288 79 F: 7 5 
265 10 285 248 F: 10 
290 2 294 24 F: 2 
295 5 300 2 F: 2 1 2 
299 4 311 42 F: 4 
326 7 340 73 F: 4 2 1 
326 7 347 182 F: 2 3 2 
328 10 358 44 F: 10 
329 7 336 155 F: 2 3 2 
347 11 358 148 F: 11 
351 3 360 228 F: 2 1 
352 3 358 44 F: 3 
353 12 377 190 F: 12 
362 2 364 159 F: 2 
369 6 387 2 F: 4 2 
379 7 386 126 F: 7 
379 8 387 124 F: 2 2 4 
382 5 392 113 F: 3 2 
384 4 396 28 F: 4 
389 12 437 63 F: 4 4 4 
413 7 420 165 F: 5 1 1 
416 11 427 230 F: 4 3 4 
420 5 425 74 F: 3 2 
429 6 441 101 F: 2 4 
429 6 453 103 F: 5 1 
440 6 446 79 F: 6 
453 10 473 201 F: 7 3 
454 12 502 210 F: 12 
455 7 462 113 F: 2 5 
457 11 468 178 F: 7 4 
495 4 507 249 F: 4 
496 3 505 87 F: 3 
496 11 518 243 F: 7 4 
497 2 501 174 F: 2 
499 10 509 13 F: 4 3 3 
503 13 542 154 F: 5 4 4 
524 10 544 43 F: 5 2 3 
531 11 575 217 F: 4 3 4 
534 4 550 185 F: 3 1 
535 10 555 248 F: 5 4 1 
559 8 575 140 F: 3 5 
562 11 595 60 F: 6 5 
568 10 608 234 F: 10 
569 10 589 41 F: 4 3 3 
571 7 578 87 F: 7 
585 7 599 180 F: 2 4 1 
591 6 597 198 F: 2 3 1 
591 7 619 202 F: 7 
594 10 634 197 F: 7 3 
598 9 607 48 F: 5 3 1 
602 7 616 198 F: 5 2 
614 4 630 143 F: 4 
614 8 622 40 F: 8 
618 9 636 12 F: 9 
619 3 625 116 F: 3 
635 4 647 62 F: 3 1 
644 11 677 1 F: 5 4 2 
653 5 668 32 F: 2 3 
661 7 668 145 F: 7 
664 9 691 10 F: 3 6 
665 10 675 114 F: 10 
669 9 678 238 F: 3 4 2 
671 3 674 141 F: 2 1 
676 10 706 98 F: 5 3 2 
687 11 698 31 F: 5 3 3 
713 12 761 234 F: 6 6 
720 9 747 188 F: 4 5 
720 12 768 179 F: 7 5 
723 9 759 249 F: 6 3 
725 9 752 171 F: 3 6 
736 8 752 84 F: 8 
751 7 779 128 F: 7 
762 6 780 135 F: 3 1 2 
778 7 792 30 F: 7 
779 10 819 70 F: 4 2 4 
788 5 808 215 F: 5 
788 8 820 139 F: 4 4 
789 3 792 209 F: 3 
791 6 803 147 F: 6 
799 7 827 95 F: 7 
802 8 834 189 F: 3 5 
803 11 825 131 F: 6 5 
808 8 832 59 F: 2 4 2 
816 9 825 96 F: 4 4 1 
824 7 838 180 F: 5 1 1 
826 8 834 154 F: 2 3 3 
830 9 857 125 F: 9 
833 4 837 5 F: 4 
842 6 860 88 F: 4 2 
854 8 870 32 F: 2 6 
858 6 882 27 F: 3 1 2 
860 6 872 118 F: 5 1 
862 7 890 215 F: 7 
865 10 885 207 F: 7 3 
887 3 890 224 F: 3 
908 9 926 111 F: 3 4 2 
911 6 929 222 F: 6 
915 3 921 198 F: 3 
920 3 932 100 F: 3 
925 6 937 143 F: 6 
930 12 966 234 F: 7 5 
949 11 982 219 F: 11 
960 9 969 122 F: 3 6 
961 13 974 117 F: 5 4 4 
963 2 971 195 F: 2 
971 6 995 148 F: 3 3 
973 6 985 43 F: 3 1 2 
984 8 1008 59 F: 4 4 
993 8 1001 13 F: 8 
998 9 1007 181 F: 4 1 4 
1008 4 1020 11 F: 4 
1011 8 1019 22 F: 8 
1013 8 1029 61 F: 6 2 
1024 5 1029 137 F: 3 2 
1025 12 1037 248 F: 12 
1034 5 1039 120 F: 4 1 
1049 5 1069 91 F: 5 
1060 10 1070 36 F: 5 3 2 
1064 8 1080 178 F: 8 
1075 12 1099 152 F: 12 
1083 2 1089 168 F: 2 
1089 7 1103 79 F: 4 1 2 
1091 7 1112 120 F: 2 5 
1097 4 1101 42 F: 2 2 
1097 4 1105 114 F: 3 1 
1109 8 1133 23 F: 3 1 4 
1114 7 1128 154 F: 4 3 
1132 8 1156 245 F: 7 1 
1143 13 1156 212 F: 7 6 
1147 11 1169 13 F: 5 3 3 
1149 7 1170 217 F: 3 2 2 
1156 8 1172 167 F: 3 5 
1171 8 1195 142 F: 4 2 2 
1172 7 1200 46 F: 4 3 
1177 4 1189 226 F: 4 
1177 8 1201 149 F: 8 
1180 8 1196 122 F: 6 2 
1193 12 1229 149 F: 6 6 
1197 9 1224 202 F: 3 4 2 
1198 10 1228 133 F: 4 3 3 
1211 5 1226 83 F: 3 1 1 
1214 9 1232 103 F: 9 
1216 10 1256 191 F: 5 5 
1222 8 1238 161 F: 4 4 
1222 11 1266 163 F: 5 6 
1227 7 1248 211 F: 7 
1233 7 1261 57 F: 3 2 2 
1241 4 1253 209 F: 4 
1248 12 1272 38 F: 7 5 
1250 11 1272 10 F: 11 
1258 5 1263 227 F: 2 2 1 
1269 8 1277 52 F: 3 3 2 
1270 12 1294 62 F: 7 5 
1276 6 1294 164 F: 2 3 1 
1281 13 1333 98 F: 13 
1300 10 1310 63 F: 10 
1319 3 1331 160 F: 2 1 
1319 5 1324 88 F: 5 
1320 9 1347 104 F: 4 3 2 
1340 6 1358 52 F: 6 
1340 8 1364 231 F: 8 
1348 6 1360 19 F: 6 
1360 10 1380 98 F: 4 6 
1364 9 1391 148 F: 3 3 3 
1370 7 1398 153 F: 2 1 4 
1372 2 1380 64 F: 2 
1374 7 1388 169 F: 7 
1378 11 1400 218 F: 11 
1389 9 1407 44 F: 9 
1391 4 1407 140 F: 3 1 
1408 9 1417 11 F: 3 6 
1421 10 1431 17 F: 10 
1432 3 1438 211 F: 2 1 
1435 7 1456 166 F: 2 5 
1444 8 1468 229 F: 8 
1452 10 1492 102 F: 5 2 3 
1460 7 1488 20 F: 4 2 1 
1463 6 1469 218 F: 4 2 
1479 11 1523 101 F: 5 6 
1479 12 1491 106 F: 5 3 4 
1486 5 1506 102 F: 3 2 
1487 6 1505 41 F: 6 
1487 9 1523 182 F: 9 
1492 8 1524 153 F: 5 3 
1493 8 1517 113 F: 3 2 3 
1512 7 1526 145 F: 7 
1517 9 1544 132 F: 4 4 1 
1520 2 1524 132 F: 2 
1539 10 1559 187 F: 4 6 
1540 11 1584 109 F: 11 
1542 12 1578 42 F: 6 6 
1543 9 1570 51 F: 5 3 1 
1544 6 1568 225 F: 3 3 
1544 9 1571 141 F: 4 1 4 
1549 2 1551 143 F: 2 
1572 11 1594 181 F: 11 
1589 11 1622 35 F: 5 2 4 
1599 2 1607 3 F: 2 
1599 2 1607 140 F: 2 
1599 11 1632 51 F: 4 4 3 
1600 3 1603 213 F: 3 
1602 7 1630 62 F: 5 2 
1608 7 1615 29 F: 3 1 3 
1616 10 1626 41 F: 2 4 4 
1620 11 1664 28 F: 5 3 3 
1630 12 1642 247 F: 12 
1668 5 1673 106 F: 2 2 1 
1683 4 1695 191 F: 2 1 1 
1692 12 1740 151 F: 6 6 
1696 5 1701 204 F: 4 1 
D: 1 13 
D: 7 142 
D: 8 52 
D: 13 243 
D: 17 159 
D: 17 181 
D: 19 236 
D: 25 109 
D: 46 238 
D: 50 176 
D: 54 202 
D: 58 189 
D: 85 148 
D: 102 165 
D: 118 124 
D: 121 182 
D: 121 245 
D: 130 169 
D: 141 235 
D: 142 233 
D: 147 230 
D: 169 197 
D: 174 222 
D: 183 239 
D: 186 235 
