0 8 8 56 F: 8 
14 11 58 110 F: 11 
23 10 43 99 F: 10 
31 9 67 132 F: 5 3 1 
46 6 52 185 F: 6 
60 6 84 19 F: 2 1 3 
64 13 103 197 F: 13 
68 11 90 137 F: 6 5 
68 12 92 56 F: 12 
70 9 79 119 F: 5 2 2 
75 12 99 60 F: 12 
77 8 85 173 F: 3 1 4 
82 9 100 43 F: 9 
83 9 101 136 F: 4 5 
87 3 96 8 F: 3 
101 10 111 114 F: 5 2 3 
105 7 126 140 F: 5 2 
106 10 126 85 F: 5 5 
111 2 113 50 F: 2 
127 5 137 78 F: 5 
148 4 160 152 F: 3 1 
154 7 161 104 F: 2 2 3 
167 12 179 175 F: 4 4 4 
172 11 205 119 F: 5 3 3 
172 11 216 8 F: 7 4 
174 7 202 162 F: 3 4 
175 5 185 93 F: 3 2 
184 6 196 152 F: 6 
186 6 192 161 F: 6 
187 8 219 52 F: 6 2 
211 8 227 61 F: 3 2 3 
213 5 233 82 F: 3 2 
213 10 233 18 F: 10 
214 6 238 177 F: 6 
219 8 227 82 F: 3 5 
230 12 254 6 F: 12 
231 11 242 193 F: 11 
233 8 249 147 F: 6 2 
255 7 269 192 F: 3 3 1 
264 4 268 97 F: 4 
273 12 309 82 F: 7 5 
280 2 282 199 F: 2 
290 11 312 32 F: 11 
292 8 300 6 F: 3 5 
298 7 305 76 F: 2 5 
309 9 327 78 F: 9 
315 2 319 114 F: 2 
325 13 338 44 F: 13 
331 4 335 187 F: 4 
339 11 350 46 F: 11 
341 9 359 153 F: 5 3 1 
349 3 352 5 F: 2 1 
353 10 363 39 F: 5 5 
362 11 395 81 F: 5 6 
378 13 404 6 F: 13 
379 9 415 192 F: 9 
385 11 407 21 F: 11 
391 9 427 98 F: 4 3 2 
394 13 420 75 F: 13 
398 11 420 128 F: 11 
404 5 419 15 F: 4 1 
414 8 430 150 F: 2 3 3 
435 10 445 167 F: 4 3 3 
436 4 452 23 F: 4 
458 8 474 113 F: 2 2 4 
462 7 490 149 F: 7 
464 10 504 178 F: 4 4 2 
466 7 473 118 F: 6 1 
466 8 482 169 F: 2 4 2 
469 8 477 3 F: 3 5 
470 9 479 81 F: 3 6 
478 7 485 42 F: 7 
479 5 484 69 F: 3 1 1 
479 8 503 37 F: 5 3 
491 11 535 189 F: 4 4 3 
503 10 533 76 F: 10 
507 6 519 89 F: 6 
514 4 518 160 F: 2 1 1 
515 12 563 125 F: 6 6 
528 11 561 149 F: 11 
548 8 580 79 F: 3 3 2 
568 10 598 165 F: 4 4 2 
574 2 580 104 F: 2 
582 13 634 146 F: 13 
586 7 607 171 F: 7 
589 10 599 117 F: 5 5 
592 8 600 96 F: 3 3 2 
596 12 608 69 F: 12 
597 7 604 132 F: 7 
597 9 606 155 F: 7 2 
601 8 633 153 F: 5 1 2 
611 10 631 68 F: 10 
618 7 625 182 F: 2 5 
620 9 629 13 F: 9 
636 8 668 200 F: 7 1 
647 10 657 109 F: 5 1 4 
648 7 669 24 F: 6 1 
654 5 674 78 F: 4 1 
657 11 668 13 F: 3 4 4 
664 6 670 116 F: 2 1 3 
665 5 680 153 F: 2 2 1 
665 7 693 150 F: 2 5 
673 11 717 62 F: 11 
687 8 703 155 F: 3 1 4 
688 8 720 155 F: 7 1 
705 7 726 103 F: 3 4 
716 5 731 99 F: 2 3 
727 12 751 140 F: 12 
734 9 752 178 F: 5 3 1 
742 6 748 121 F: 2 4 
745 9 772 199 F: 5 2 2 
757 11 768 36 F: 11 
769 6 787 58 F: 2 4 
777 9 813 67 F: 9 
783 7 797 116 F: 4 2 1 
788 6 806 193 F: 3 1 2 
793 9 811 50 F: 4 5 
794 7 808 25 F: 2 5 
796 8 804 4 F: 3 2 3 
796 9 805 51 F: 5 2 2 
813 10 853 157 F: 10 
824 6 842 191 F: 4 2 
825 10 845 197 F: 5 2 3 
833 8 865 50 F: 4 4 
840 7 847 83 F: 7 
845 8 853 63 F: 5 3 
855 2 859 102 F: 2 
859 3 868 8 F: 2 1 
862 3 871 102 F: 3 
865 3 868 174 F: 3 
877 8 885 88 F: 2 6 
877 11 888 179 F: 5 3 3 
883 10 913 89 F: 6 4 
889 10 919 67 F: 5 4 1 
899 12 923 170 F: 5 3 4 
912 11 956 119 F: 11 
914 9 923 36 F: 5 3 1 
915 10 945 169 F: 4 4 2 
916 7 923 82 F: 2 5 
923 8 947 151 F: 4 2 2 
941 10 971 110 F: 5 2 3 
947 3 959 108 F: 3 
948 6 960 129 F: 6 
948 9 957 144 F: 4 4 1 
962 5 982 154 F: 2 3 
967 3 979 132 F: 3 
970 9 997 54 F: 3 2 4 
983 7 1004 61 F: 3 2 2 
992 8 1008 196 F: 7 1 
996 3 1002 174 F: 2 1 
1023 9 1050 109 F: 7 2 
1027 9 1036 185 F: 5 2 2 
1030 4 1046 67 F: 3 1 
1034 5 1049 83 F: 3 1 1 
1035 10 1045 60 F: 6 4 
1035 12 1071 163 F: 5 4 3 
1039 12 1087 165 F: 12 
1040 4 1052 161 F: 2 1 1 
1050 10 1080 83 F: 5 2 3 
1051 2 1057 39 F: 2 
1059 10 1069 143 F: 5 2 3 
1074 5 1084 191 F: 3 1 1 
1085 10 1115 115 F: 3 4 3 
1092 7 1113 39 F: 6 1 
1093 10 1133 115 F: 5 1 4 
1103 6 1109 130 F: 3 1 2 
1103 6 1115 102 F: 2 4 
1105 4 1117 89 F: 4 
1107 9 1125 74 F: 3 3 3 
1118 3 1124 200 F: 3 
1118 11 1162 127 F: 11 
1127 10 1157 6 F: 5 5 
1127 10 1157 173 F: 10 
1134 7 1162 134 F: 3 3 1 
1135 11 1157 96 F: 7 4 
1139 6 1157 60 F: 4 2 
1145 8 1177 105 F: 3 5 
1146 12 1194 95 F: 12 
1152 9 1179 66 F: 5 2 2 
1184 7 1205 153 F: 7 
1201 9 1228 188 F: 3 6 
1203 9 1239 133 F: 4 3 2 
1204 8 1236 155 F: 2 4 2 
1209 6 1221 12 F: 4 2 
1211 8 1235 67 F: 3 3 2 
1214 7 1228 148 F: 6 1 
1215 3 1227 125 F: 3 
1228 6 1246 136 F: 3 3 
1231 3 1237 57 F: 3 
1265 5 1280 95 F: 2 3 
1266 2 1272 14 F: 2 
1272 8 1296 124 F: 2 2 4 
1283 6 1301 111 F: 4 2 
1284 12 1332 49 F: 5 3 4 
1290 5 1310 191 F: 2 3 
1304 7 1325 93 F: 7 
1307 8 1315 155 F: 4 4 
1340 6 1352 149 F: 3 3 
1353 10 1383 34 F: 7 3 
1398 6 1422 50 F: 3 2 1 
D: 1 156 
D: 2 133 
D: 9 102 
D: 16 193 
D: 21 34 
D: 22 113 
D: 24 40 
D: 28 181 
D: 36 167 
D: 42 69 
D: 44 56 
D: 49 165 
D: 53 55 
D: 55 96 
D: 56 80 
D: 61 100 
D: 86 196 
D: 144 182 
D: 181 194 
D: 183 193 
