5 11 16 180 F: 5 4 2 
8 7 22 179 F: 6 1 
10 9 28 98 F: 4 5 
16 2 18 80 F: 2 
18 7 32 5 F: 5 2 
21 11 54 114 F: 7 4 
25 10 55 134 F: 4 6 
28 9 46 38 F: 9 
33 11 44 69 F: 5 2 4 
46 9 55 57 F: 3 2 4 
68 7 96 34 F: 4 3 
70 12 118 65 F: 12 
78 8 102 230 F: 8 
81 12 129 192 F: 5 3 4 
94 10 104 218 F: 4 4 2 
112 2 116 114 F: 2 
117 8 141 59 F: 8 
124 7 138 14 F: 5 2 
125 10 135 94 F: 5 2 3 
126 9 135 91 F: 2 3 4 
134 9 170 101 F: 7 2 
145 5 155 113 F: 2 1 2 
155 2 161 163 F: 2 
158 9 185 224 F: 9 
161 3 164 49 F: 3 
162 4 178 212 F: 3 1 
169 7 176 175 F: 7 
174 11 218 234 F: 11 
180 9 189 51 F: 3 3 3 
182 8 190 29 F: 8 
207 11 218 204 F: 5 4 2 
218 4 226 249 F: 4 
225 10 265 169 F: 4 2 4 
226 9 235 95 F: 5 4 
234 10 244 90 F: 10 
246 9 255 93 F: 4 4 1 
247 12 295 221 F: 12 
258 9 276 25 F: 9 
258 9 294 171 F: 6 3 
269 9 287 208 F: 4 5 
278 4 294 67 F: 3 1 
278 7 285 237 F: 7 
281 13 333 115 F: 13 
287 10 317 249 F: 5 5 
297 12 345 45 F: 7 5 
309 4 313 168 F: 4 
323 8 347 241 F: 3 5 
332 11 376 165 F: 3 4 4 
335 4 339 35 F: 4 
348 4 352 131 F: 4 
350 11 394 151 F: 11 
363 8 387 150 F: 8 
364 10 404 97 F: 2 4 4 
380 13 432 191 F: 7 6 
382 8 406 116 F: 8 
388 6 412 102 F: 6 
389 8 413 175 F: 3 1 4 
390 7 418 117 F: 3 3 1 
392 8 408 249 F: 5 3 
398 2 404 123 F: 2 
405 11 449 239 F: 6 5 
429 5 439 123 F: 3 1 1 
429 10 469 99 F: 7 3 
437 9 455 191 F: 9 
438 9 465 40 F: 9 
439 5 444 193 F: 2 3 
440 9 467 43 F: 9 
443 11 487 138 F: 4 3 4 
452 9 470 152 F: 4 1 4 
453 12 501 73 F: 5 4 3 
461 9 488 125 F: 3 6 
465 12 489 47 F: 12 
466 4 474 133 F: 2 2 
477 12 489 128 F: 12 
483 8 515 154 F: 3 1 4 
502 3 514 185 F: 3 
515 10 535 20 F: 7 3 
518 8 526 56 F: 4 2 2 
519 11 530 236 F: 11 
542 6 554 75 F: 2 3 1 
542 11 564 176 F: 11 
547 4 555 122 F: 4 
557 9 584 32 F: 4 5 
568 10 598 173 F: 4 2 4 
569 2 573 132 F: 2 
574 9 583 159 F: 9 
576 6 588 13 F: 6 
577 11 588 93 F: 11 
590 10 620 11 F: 4 6 
599 9 617 238 F: 4 1 4 
601 5 611 248 F: 5 
615 11 626 194 F: 11 
616 9 652 138 F: 9 
641 5 651 108 F: 5 
644 7 658 70 F: 4 1 2 
645 11 656 166 F: 3 4 4 
653 11 697 48 F: 11 
656 8 664 232 F: 3 2 3 
668 10 688 221 F: 10 
670 10 680 163 F: 10 
673 4 689 160 F: 3 1 
675 12 711 243 F: 6 6 
683 5 693 103 F: 5 
683 8 715 73 F: 2 6 
699 11 710 173 F: 11 
702 8 710 7 F: 4 4 
711 6 717 234 F: 3 1 2 
718 8 742 45 F: 6 2 
718 12 766 164 F: 12 
722 5 737 114 F: 4 1 
725 13 777 221 F: 13 
727 8 759 164 F: 8 
747 8 755 207 F: 4 1 3 
761 9 797 46 F: 5 3 1 
762 7 769 160 F: 4 1 2 
762 12 786 70 F: 12 
764 5 784 166 F: 2 3 
770 7 784 57 F: 2 3 2 
780 2 788 11 F: 2 
789 8 805 143 F: 3 4 1 
804 13 817 79 F: 13 
806 8 830 244 F: 8 
807 11 851 14 F: 5 2 4 
820 10 860 223 F: 10 
826 10 846 235 F: 5 2 3 
834 7 855 170 F: 4 3 
850 7 871 155 F: 7 
854 6 878 234 F: 4 1 1 
857 8 865 151 F: 3 2 3 
867 11 911 144 F: 6 5 
874 8 898 180 F: 4 1 3 
876 6 888 205 F: 6 
886 7 893 112 F: 7 
893 8 901 129 F: 3 1 4 
895 2 903 207 F: 2 
915 10 925 182 F: 4 2 4 
923 8 931 7 F: 2 4 2 
925 11 947 85 F: 5 2 4 
929 9 956 92 F: 4 1 4 
941 7 962 119 F: 7 
946 4 950 107 F: 4 
946 5 966 27 F: 3 2 
949 11 960 107 F: 6 5 
953 4 969 152 F: 4 
955 4 959 132 F: 4 
957 7 971 135 F: 7 
963 6 987 240 F: 2 3 1 
968 9 995 47 F: 5 2 2 
979 9 1006 26 F: 7 2 
988 9 1024 114 F: 4 3 2 
1006 8 1030 103 F: 4 4 
1012 5 1017 45 F: 2 3 
1027 6 1039 87 F: 5 1 
1027 6 1039 179 F: 3 2 1 
1027 10 1057 220 F: 7 3 
1028 10 1048 244 F: 10 
1032 8 1040 11 F: 4 1 3 
1036 5 1046 59 F: 3 1 1 
1042 11 1086 239 F: 5 3 3 
1060 7 1088 34 F: 3 2 2 
1071 6 1089 150 F: 2 2 2 
1075 4 1091 108 F: 2 1 1 
1093 3 1102 160 F: 3 
1093 5 1113 148 F: 4 1 
1094 7 1108 241 F: 3 3 1 
1101 5 1106 101 F: 4 1 
1102 7 1123 152 F: 4 3 
1121 10 1141 158 F: 4 6 
1129 11 1162 10 F: 5 2 4 
1135 6 1159 247 F: 4 2 
1135 12 1159 239 F: 12 
1137 13 1176 214 F: 7 6 
1145 6 1169 214 F: 6 
1148 9 1184 52 F: 5 2 2 
1165 12 1201 170 F: 12 
1176 10 1206 229 F: 10 
1177 7 1205 243 F: 7 
1182 8 1206 107 F: 4 4 
1191 2 1193 103 F: 2 
1195 12 1219 43 F: 7 5 
1206 12 1242 59 F: 4 4 4 
1217 5 1237 97 F: 5 
1221 9 1239 207 F: 5 1 3 
1235 5 1240 74 F: 2 1 2 
1262 8 1270 246 F: 5 2 1 
1263 6 1269 138 F: 2 1 3 
1267 11 1278 161 F: 7 4 
1269 7 1290 95 F: 3 1 3 
1270 11 1281 99 F: 11 
1271 5 1281 4 F: 4 1 
1272 8 1304 230 F: 5 3 
1274 11 1318 128 F: 11 
1276 6 1288 202 F: 3 2 1 
1283 4 1287 16 F: 2 2 
1286 5 1296 181 F: 2 1 2 
1314 5 1324 19 F: 5 
1316 8 1324 119 F: 4 2 2 
1330 10 1360 147 F: 2 4 4 
1332 10 1372 73 F: 2 4 4 
1339 9 1375 184 F: 3 6 
1344 10 1374 33 F: 10 
1356 8 1380 137 F: 5 1 2 
1374 5 1389 172 F: 3 2 
1379 4 1391 60 F: 3 1 
1380 3 1389 162 F: 3 
1381 10 1421 165 F: 5 3 2 
1386 7 1393 178 F: 3 4 
1389 7 1410 90 F: 4 3 
1390 9 1417 245 F: 4 2 3 
1399 7 1406 144 F: 2 5 
1407 9 1425 86 F: 9 
1430 8 1454 23 F: 6 2 
1434 8 1466 58 F: 3 2 3 
1453 7 1467 135 F: 7 
1456 8 1472 187 F: 4 3 1 
1456 10 1496 99 F: 4 6 
1459 11 1481 250 F: 6 5 
1460 12 1508 30 F: 12 
1465 7 1493 184 F: 2 4 1 
1470 6 1488 3 F: 2 2 2 
1475 11 1497 119 F: 11 
1476 8 1508 143 F: 2 6 
1481 6 1493 73 F: 6 
1487 2 1489 200 F: 2 
1494 2 1500 84 F: 2 
1504 10 1524 54 F: 7 3 
1507 10 1527 164 F: 4 6 
1514 7 1528 40 F: 6 1 
1525 13 1538 83 F: 13 
1529 7 1536 152 F: 4 3 
1536 10 1576 138 F: 4 3 3 
1547 5 1562 122 F: 2 3 
1557 8 1565 155 F: 3 4 1 
1569 8 1585 122 F: 6 2 
1572 13 1624 170 F: 7 6 
1573 7 1587 210 F: 7 
1584 7 1605 33 F: 2 5 
1584 7 1612 195 F: 2 4 1 
1587 13 1626 233 F: 5 4 4 
1594 4 1606 213 F: 3 1 
1613 11 1657 4 F: 11 
1616 12 1652 162 F: 7 5 
1643 11 1665 42 F: 11 
1645 7 1673 203 F: 6 1 
1655 13 1681 87 F: 13 
1658 12 1670 90 F: 12 
1659 10 1689 40 F: 3 4 3 
1666 9 1702 225 F: 7 2 
1684 9 1702 106 F: 5 3 1 
1684 12 1708 184 F: 6 6 
D: 3 145 
D: 5 225 
D: 13 50 
D: 22 115 
D: 25 126 
D: 26 151 
D: 41 205 
D: 53 52 
D: 57 60 
D: 62 84 
D: 65 227 
D: 67 100 
D: 70 146 
D: 85 90 
D: 90 226 
D: 95 161 
D: 97 136 
D: 110 125 
D: 118 212 
D: 126 163 
D: 136 223 
D: 143 161 
D: 159 188 
D: 166 238 
D: 186 230 
