7 6 13 168 F: 6 
11 10 31 224 F: 7 3 
13 3 16 178 F: 3 
25 9 43 241 F: 9 
26 7 40 66 F: 2 3 2 
28 4 40 68 F: 4 
34 4 38 210 F: 4 
39 7 53 138 F: 3 2 2 
40 6 52 101 F: 6 
50 6 74 100 F: 3 3 
51 9 60 156 F: 9 
62 9 80 6 F: 5 4 
68 6 80 120 F: 2 3 1 
79 3 91 170 F: 3 
82 13 134 16 F: 13 
102 8 118 242 F: 8 
113 8 137 228 F: 4 1 3 
119 6 137 143 F: 3 2 1 
134 3 146 160 F: 3 
134 12 146 76 F: 5 3 4 
135 13 148 7 F: 7 6 
138 9 156 13 F: 3 6 
148 8 164 143 F: 3 4 1 
149 11 160 48 F: 11 
150 8 182 237 F: 4 2 2 
151 8 175 126 F: 2 3 3 
152 9 161 128 F: 5 2 2 
154 13 206 204 F: 7 6 
192 11 225 167 F: 7 4 
197 6 215 16 F: 4 1 1 
205 8 213 138 F: 4 1 3 
209 7 237 60 F: 2 1 4 
218 6 242 68 F: 6 
219 11 263 244 F: 4 3 4 
223 11 267 17 F: 11 
224 6 248 107 F: 6 
226 6 244 62 F: 3 2 1 
235 8 259 188 F: 4 4 
253 9 271 90 F: 9 
262 10 292 84 F: 4 6 
265 10 295 8 F: 5 4 1 
266 9 293 25 F: 6 3 
267 5 282 250 F: 4 1 
274 4 290 249 F: 3 1 
290 9 326 13 F: 5 3 1 
305 5 315 25 F: 2 1 2 
305 6 317 47 F: 2 3 1 
309 11 331 189 F: 5 2 4 
315 6 321 68 F: 6 
318 6 324 149 F: 5 1 
322 4 334 141 F: 4 
323 9 332 104 F: 9 
329 5 339 89 F: 3 1 1 
329 10 349 107 F: 5 5 
331 13 370 123 F: 5 4 4 
347 12 359 143 F: 6 6 
350 11 394 76 F: 5 4 2 
357 13 383 4 F: 7 6 
362 9 371 214 F: 4 5 
378 6 390 168 F: 3 3 
401 11 445 189 F: 11 
406 10 426 75 F: 5 5 
415 10 445 233 F: 6 4 
419 7 447 133 F: 7 
419 8 435 234 F: 2 6 
420 6 444 76 F: 4 2 
430 9 457 37 F: 4 4 1 
450 10 480 246 F: 6 4 
451 13 490 118 F: 13 
471 10 511 192 F: 4 6 
479 11 512 32 F: 11 
482 6 494 240 F: 6 
487 7 515 99 F: 3 4 
493 7 507 39 F: 2 5 
495 12 507 134 F: 12 
500 7 528 14 F: 7 
502 9 511 206 F: 9 
507 6 513 157 F: 2 4 
510 5 520 72 F: 2 3 
521 12 533 20 F: 12 
544 9 580 101 F: 6 3 
545 13 584 127 F: 5 4 4 
547 6 571 163 F: 4 2 
553 6 565 197 F: 2 3 1 
555 9 582 142 F: 4 5 
558 6 576 112 F: 4 1 1 
560 7 581 14 F: 4 3 
560 10 590 145 F: 6 4 
568 7 596 58 F: 7 
584 7 591 223 F: 3 3 1 
613 8 637 155 F: 8 
614 7 628 116 F: 6 1 
618 9 627 58 F: 9 
631 11 642 117 F: 11 
634 8 650 93 F: 8 
645 9 663 84 F: 5 4 
651 10 671 13 F: 10 
655 10 695 28 F: 4 4 2 
659 11 670 121 F: 11 
660 9 696 159 F: 9 
662 7 683 245 F: 3 2 2 
662 10 702 249 F: 4 2 4 
669 7 690 27 F: 7 
684 9 720 116 F: 9 
691 6 709 82 F: 2 4 
702 6 714 243 F: 6 
708 11 719 144 F: 11 
716 10 746 143 F: 3 3 4 
717 11 761 224 F: 7 4 
718 12 766 132 F: 7 5 
725 6 737 21 F: 4 2 
731 9 749 210 F: 3 6 
741 12 777 14 F: 12 
747 8 763 5 F: 5 3 
752 5 772 170 F: 5 
762 10 782 119 F: 10 
766 7 773 72 F: 7 
778 6 796 76 F: 6 
778 10 808 185 F: 10 
795 5 800 139 F: 5 
800 10 820 163 F: 5 4 1 
811 4 823 169 F: 4 
811 9 820 117 F: 4 5 
820 10 830 65 F: 10 
826 8 850 118 F: 2 2 4 
859 8 891 26 F: 2 4 2 
860 10 900 123 F: 7 3 
863 5 878 126 F: 5 
863 8 871 96 F: 7 1 
863 8 879 247 F: 8 
863 9 899 77 F: 3 3 3 
866 7 880 174 F: 2 3 2 
871 11 893 199 F: 11 
886 12 934 144 F: 7 5 
889 2 891 61 F: 2 
900 10 930 208 F: 4 6 
949 10 989 45 F: 2 4 4 
949 13 1001 166 F: 13 
958 6 964 192 F: 6 
960 10 980 92 F: 2 4 4 
964 13 990 192 F: 13 
966 13 1018 48 F: 13 
969 6 993 180 F: 6 
973 9 982 107 F: 2 4 3 
974 4 990 248 F: 4 
980 9 1016 166 F: 9 
982 3 991 108 F: 3 
987 8 1019 43 F: 8 
989 10 999 214 F: 5 1 4 
993 9 1020 132 F: 9 
1001 7 1008 52 F: 4 3 
1021 8 1037 48 F: 4 3 1 
1023 12 1071 219 F: 12 
1036 2 1038 127 F: 2 
1041 6 1053 15 F: 5 1 
1042 13 1068 92 F: 13 
1051 5 1056 142 F: 4 1 
1054 11 1065 171 F: 3 4 4 
1061 12 1109 161 F: 4 4 4 
1063 5 1078 223 F: 2 3 
1074 7 1095 187 F: 6 1 
1075 6 1087 193 F: 2 3 1 
1081 6 1087 217 F: 2 4 
1088 6 1106 99 F: 2 4 
1091 7 1112 249 F: 2 1 4 
1104 10 1134 19 F: 4 3 3 
1106 5 1111 250 F: 5 
1113 13 1126 124 F: 13 
1126 9 1135 178 F: 3 3 3 
1135 7 1149 184 F: 4 2 1 
1136 8 1160 161 F: 2 4 2 
1137 8 1169 212 F: 7 1 
1148 3 1154 123 F: 3 
1159 3 1165 45 F: 2 1 
1162 9 1180 201 F: 6 3 
1169 9 1196 129 F: 3 6 
1171 10 1211 12 F: 5 1 4 
1181 4 1197 126 F: 4 
1191 9 1200 161 F: 5 4 
1197 10 1217 120 F: 7 3 
1200 7 1214 67 F: 2 5 
1207 7 1214 84 F: 4 1 2 
1216 6 1240 14 F: 3 2 1 
1220 6 1232 164 F: 2 1 3 
1235 4 1243 236 F: 3 1 
1238 6 1262 218 F: 6 
1240 10 1260 205 F: 7 3 
1259 5 1274 193 F: 2 1 2 
1272 9 1308 89 F: 7 2 
1277 13 1329 215 F: 5 4 4 
1288 4 1292 99 F: 3 1 
1288 12 1300 39 F: 12 
1292 4 1296 164 F: 4 
1294 5 1314 42 F: 3 2 
1299 11 1343 85 F: 5 2 4 
1302 13 1354 43 F: 5 4 4 
1303 9 1321 89 F: 4 1 4 
1305 2 1309 242 F: 2 
1305 8 1337 1 F: 8 
1305 13 1318 101 F: 13 
1332 8 1364 22 F: 8 
1335 8 1343 135 F: 8 
1336 6 1348 205 F: 3 1 2 
1340 11 1373 137 F: 7 4 
1346 8 1378 127 F: 2 4 2 
1355 8 1371 181 F: 3 5 
1369 12 1393 176 F: 4 4 4 
1384 10 1394 21 F: 5 5 
1387 8 1419 112 F: 2 4 2 
1395 11 1428 47 F: 11 
1404 6 1416 27 F: 2 4 
1415 9 1433 67 F: 7 2 
1416 11 1449 14 F: 11 
1424 6 1436 105 F: 6 
1431 7 1438 207 F: 7 
1435 10 1475 51 F: 4 4 2 
1442 11 1453 35 F: 11 
1443 6 1455 33 F: 5 1 
1448 6 1472 196 F: 3 2 1 
1454 8 1478 185 F: 6 2 
1455 9 1473 136 F: 5 4 
1477 6 1495 46 F: 2 1 3 
1490 5 1500 91 F: 2 3 
1495 11 1506 30 F: 11 
1496 6 1502 218 F: 3 2 1 
1511 8 1535 75 F: 7 1 
1514 9 1541 230 F: 2 4 3 
1514 9 1550 78 F: 3 6 
1514 9 1550 164 F: 7 2 
1523 7 1544 189 F: 4 3 
1529 5 1534 172 F: 5 
1531 9 1540 83 F: 4 4 1 
1537 12 1549 99 F: 12 
1542 6 1548 197 F: 2 4 
1542 8 1550 250 F: 4 4 
1555 12 1591 235 F: 12 
1560 9 1587 161 F: 4 3 2 
1564 5 1584 220 F: 5 
1579 12 1615 67 F: 12 
1587 4 1595 17 F: 4 
1603 6 1627 236 F: 6 
1624 2 1626 2 F: 2 
1643 9 1652 203 F: 4 2 3 
1664 9 1682 136 F: 5 4 
1671 10 1711 151 F: 4 6 
1673 3 1679 48 F: 3 
1677 3 1686 92 F: 2 1 
1681 8 1705 1 F: 4 4 
1687 8 1703 17 F: 4 3 1 
1694 9 1730 20 F: 3 6 
D: 6 193 
D: 7 88 
D: 9 38 
D: 11 193 
D: 14 17 
D: 15 188 
D: 34 109 
D: 34 244 
D: 37 132 
D: 37 138 
D: 40 171 
D: 46 53 
D: 54 159 
D: 62 177 
D: 64 232 
D: 80 122 
D: 86 102 
D: 86 167 
D: 93 140 
D: 118 133 
D: 128 169 
D: 151 190 
D: 158 197 
D: 159 174 
D: 189 230 
