11 7 32 28 F: 2 5 
13 2 21 138 F: 2 
14 3 26 35 F: 3 
19 8 43 111 F: 4 3 1 
20 8 28 151 F: 5 2 1 
30 5 40 169 F: 5 
43 8 51 19 F: 2 6 
46 10 66 175 F: 4 3 3 
48 6 60 183 F: 6 
76 8 84 26 F: 4 1 3 
76 8 92 104 F: 8 
89 3 95 194 F: 3 
93 10 103 32 F: 10 
96 7 103 25 F: 2 3 2 
99 9 108 53 F: 4 5 
102 9 111 109 F: 9 
106 10 126 202 F: 2 4 4 
111 11 144 218 F: 4 3 4 
126 9 162 68 F: 3 4 2 
132 8 140 236 F: 4 4 
142 8 174 43 F: 8 
151 12 163 227 F: 12 
173 7 194 52 F: 3 3 1 
173 11 184 159 F: 6 5 
176 4 184 189 F: 4 
177 9 213 186 F: 6 3 
178 10 218 114 F: 6 4 
185 9 221 108 F: 9 
190 10 230 21 F: 10 
194 9 212 138 F: 4 2 3 
223 10 253 165 F: 10 
230 8 246 128 F: 2 4 2 
230 10 270 46 F: 5 5 
233 3 245 94 F: 3 
234 3 243 74 F: 3 
241 11 252 219 F: 11 
260 13 286 18 F: 7 6 
262 10 282 37 F: 3 3 4 
263 9 281 100 F: 3 2 4 
265 10 275 5 F: 10 
273 11 317 9 F: 5 3 3 
276 6 300 199 F: 6 
282 2 290 164 F: 2 
282 9 309 217 F: 9 
297 12 333 196 F: 4 4 4 
306 6 312 221 F: 6 
313 6 331 242 F: 4 1 1 
321 3 330 118 F: 2 1 
335 2 343 163 F: 2 
337 12 349 152 F: 5 4 3 
354 10 364 96 F: 10 
355 8 363 167 F: 8 
357 11 390 168 F: 11 
360 6 378 113 F: 3 1 2 
360 7 381 41 F: 2 5 
366 8 390 185 F: 3 1 4 
371 7 378 33 F: 6 1 
387 10 427 70 F: 7 3 
392 12 440 230 F: 5 4 3 
396 7 403 210 F: 5 2 
402 4 410 141 F: 4 
403 7 410 16 F: 2 2 3 
415 3 424 1 F: 3 
415 7 436 124 F: 2 3 2 
417 6 441 54 F: 2 4 
424 11 435 22 F: 11 
436 13 475 94 F: 13 
444 8 468 181 F: 8 
455 13 507 153 F: 5 4 4 
460 7 474 141 F: 2 5 
461 6 485 15 F: 2 1 3 
473 6 497 208 F: 4 1 1 
492 6 516 78 F: 6 
496 2 500 197 F: 2 
496 9 532 173 F: 5 3 1 
517 10 527 178 F: 6 4 
518 12 542 187 F: 12 
520 11 564 98 F: 5 6 
523 6 541 129 F: 2 4 
537 5 542 218 F: 2 1 2 
537 8 561 226 F: 8 
537 10 547 218 F: 4 3 3 
544 4 548 94 F: 3 1 
554 7 575 110 F: 7 
563 12 587 120 F: 6 6 
572 8 604 140 F: 4 4 
574 9 592 96 F: 9 
587 9 596 47 F: 5 1 3 
590 9 599 158 F: 5 2 2 
591 3 603 154 F: 3 
604 5 614 249 F: 4 1 
613 12 637 101 F: 5 4 3 
622 2 630 31 F: 2 
629 10 639 130 F: 5 2 3 
630 12 654 23 F: 12 
633 10 643 238 F: 5 5 
656 9 674 157 F: 4 3 2 
660 6 684 47 F: 6 
663 11 685 214 F: 11 
668 12 692 47 F: 6 6 
669 5 684 240 F: 5 
674 6 692 59 F: 6 
680 7 701 113 F: 2 1 4 
683 5 703 41 F: 5 
684 5 704 184 F: 5 
706 9 715 118 F: 5 3 1 
710 9 719 82 F: 6 3 
710 10 740 63 F: 10 
714 11 736 94 F: 5 6 
758 9 785 10 F: 4 1 4 
760 6 766 8 F: 3 2 1 
767 6 785 78 F: 2 2 2 
768 8 800 144 F: 8 
777 9 813 52 F: 3 6 
783 7 804 217 F: 2 2 3 
784 3 790 119 F: 3 
786 3 789 119 F: 3 
787 8 819 62 F: 7 1 
791 9 800 218 F: 4 5 
797 13 810 212 F: 13 
812 9 848 133 F: 3 6 
813 7 820 215 F: 2 5 
815 7 843 234 F: 2 3 2 
815 12 827 71 F: 6 6 
820 10 850 50 F: 5 1 4 
832 3 835 180 F: 2 1 
834 10 854 126 F: 10 
839 6 857 187 F: 2 1 3 
856 8 864 190 F: 4 1 3 
859 13 898 161 F: 5 4 4 
864 8 880 245 F: 4 4 
866 9 893 170 F: 4 3 2 
881 3 884 33 F: 3 
882 10 922 64 F: 7 3 
888 8 920 246 F: 2 6 
925 5 945 154 F: 5 
935 11 957 208 F: 11 
935 11 979 47 F: 11 
936 4 948 143 F: 3 1 
943 9 970 7 F: 9 
951 12 975 22 F: 12 
958 7 979 44 F: 4 3 
960 3 966 161 F: 3 
972 10 982 73 F: 5 4 1 
979 6 997 155 F: 3 1 2 
986 5 1001 57 F: 4 1 
988 11 999 132 F: 11 
991 11 1035 204 F: 6 5 
992 11 1025 62 F: 11 
994 9 1003 180 F: 9 
1007 3 1016 159 F: 3 
1012 9 1048 17 F: 4 3 2 
1016 11 1049 223 F: 11 
1038 8 1062 39 F: 4 3 1 
1053 7 1081 247 F: 5 2 
1057 6 1063 130 F: 2 4 
1057 9 1093 186 F: 6 3 
1063 2 1067 68 F: 2 
1063 10 1103 86 F: 10 
1063 11 1074 168 F: 3 4 4 
1065 5 1075 25 F: 2 2 1 
1079 5 1084 121 F: 5 
1089 7 1103 227 F: 3 4 
1091 11 1102 73 F: 4 3 4 
1099 8 1115 94 F: 3 4 1 
1100 7 1114 51 F: 3 4 
1105 13 1157 229 F: 13 
1121 9 1157 155 F: 6 3 
1132 11 1154 230 F: 4 4 3 
1146 8 1178 238 F: 6 2 
1148 6 1154 148 F: 3 3 
1154 7 1161 69 F: 2 5 
1164 11 1208 130 F: 5 4 2 
1166 4 1170 48 F: 2 2 
1167 7 1195 189 F: 4 3 
1168 12 1180 131 F: 7 5 
1197 9 1233 133 F: 9 
1198 7 1226 59 F: 3 3 1 
1199 3 1202 244 F: 3 
1199 6 1205 39 F: 3 3 
1200 13 1239 237 F: 13 
1202 10 1222 36 F: 4 3 3 
1205 10 1225 157 F: 2 4 4 
1206 6 1224 243 F: 2 4 
1206 7 1220 118 F: 2 1 4 
1209 4 1213 112 F: 4 
1210 13 1249 49 F: 7 6 
1239 8 1271 204 F: 4 4 
1246 8 1270 5 F: 3 3 2 
1253 12 1289 39 F: 12 
1269 8 1277 241 F: 3 3 2 
1275 11 1319 243 F: 5 2 4 
1285 3 1291 45 F: 3 
1285 5 1290 77 F: 2 2 1 
1296 9 1305 21 F: 3 6 
1310 8 1318 16 F: 5 3 
1313 10 1353 147 F: 10 
1314 12 1362 89 F: 5 4 3 
1317 5 1322 69 F: 5 
1319 9 1337 32 F: 9 
1321 13 1360 124 F: 5 4 4 
1323 7 1344 98 F: 6 1 
1332 10 1342 55 F: 5 2 3 
1348 9 1375 83 F: 2 3 4 
1352 12 1376 240 F: 5 4 3 
1354 11 1376 208 F: 3 4 4 
1370 7 1391 31 F: 5 2 
1370 7 1398 246 F: 6 1 
1377 2 1381 43 F: 2 
1383 6 1395 123 F: 6 
1400 13 1426 178 F: 13 
1401 13 1440 23 F: 7 6 
1407 13 1459 2 F: 13 
1411 12 1435 64 F: 12 
1412 12 1448 242 F: 12 
1414 10 1444 29 F: 3 3 4 
1417 4 1433 179 F: 4 
1422 12 1434 72 F: 7 5 
1445 13 1471 38 F: 13 
1458 8 1490 104 F: 5 3 
1462 13 1488 116 F: 13 
1469 8 1485 2 F: 4 1 3 
1471 10 1511 231 F: 2 4 4 
1473 4 1481 220 F: 4 
1483 9 1501 161 F: 5 3 1 
1504 10 1534 241 F: 5 4 1 
1510 8 1542 52 F: 2 6 
1517 5 1532 155 F: 2 3 
1522 9 1549 122 F: 9 
1534 11 1578 2 F: 4 4 3 
1544 8 1568 247 F: 2 4 2 
1547 8 1579 186 F: 3 5 
1555 4 1559 206 F: 2 2 
1558 5 1563 23 F: 4 1 
1561 11 1594 144 F: 6 5 
1571 4 1575 228 F: 4 
1579 9 1606 148 F: 2 3 4 
1596 9 1632 79 F: 5 2 2 
1598 2 1604 65 F: 2 
1598 10 1628 17 F: 3 4 3 
1601 2 1603 210 F: 2 
1602 8 1634 204 F: 3 2 3 
1617 10 1657 38 F: 6 4 
1618 5 1633 132 F: 5 
1634 9 1670 127 F: 4 1 4 
1645 7 1666 144 F: 2 5 
1651 9 1678 243 F: 7 2 
1661 5 1681 94 F: 3 2 
1676 8 1692 8 F: 8 
1687 9 1714 85 F: 5 4 
D: 2 166 
D: 11 214 
D: 13 176 
D: 18 65 
D: 18 151 
D: 20 185 
D: 34 124 
D: 40 52 
D: 44 40 
D: 48 229 
D: 59 213 
D: 61 234 
D: 63 73 
D: 77 168 
D: 79 138 
D: 90 163 
D: 99 113 
D: 111 113 
D: 113 196 
D: 121 202 
D: 147 195 
D: 176 239 
D: 180 244 
D: 184 200 
D: 194 206 
