3 12 39 214 F: 7 5 
14 7 35 239 F: 2 3 2 
18 13 44 205 F: 13 
27 12 75 200 F: 12 
28 2 30 165 F: 2 
32 6 38 94 F: 3 2 1 
37 13 76 232 F: 13 
42 2 50 144 F: 2 
49 8 73 193 F: 4 1 3 
51 11 73 12 F: 6 5 
57 5 67 98 F: 3 2 
62 5 77 243 F: 5 
79 4 91 228 F: 3 1 
79 10 119 33 F: 3 3 4 
81 6 105 65 F: 3 2 1 
110 5 115 152 F: 2 3 
117 7 124 216 F: 6 1 
120 9 138 187 F: 9 
131 4 147 198 F: 4 
139 4 147 174 F: 3 1 
139 7 160 6 F: 7 
140 8 148 45 F: 3 3 2 
152 9 161 4 F: 5 2 2 
161 11 172 65 F: 6 5 
168 12 192 51 F: 5 4 3 
171 8 179 204 F: 7 1 
172 9 208 46 F: 4 4 1 
176 12 212 124 F: 7 5 
195 9 222 43 F: 4 3 2 
198 7 205 104 F: 3 3 1 
202 9 220 171 F: 9 
204 8 212 162 F: 3 4 1 
204 10 224 167 F: 10 
216 10 246 57 F: 5 1 4 
223 11 267 229 F: 7 4 
225 12 273 80 F: 4 4 4 
228 9 264 106 F: 6 3 
229 8 253 234 F: 3 5 
231 9 267 206 F: 7 2 
239 8 271 8 F: 5 1 2 
246 10 256 106 F: 4 2 4 
252 11 274 78 F: 6 5 
266 5 281 112 F: 3 2 
273 11 284 227 F: 5 3 3 
295 11 306 233 F: 11 
312 9 348 155 F: 3 6 
313 3 325 64 F: 2 1 
324 10 354 123 F: 4 4 2 
328 10 348 147 F: 5 5 
330 7 337 199 F: 2 2 3 
345 7 366 250 F: 3 2 2 
347 6 353 177 F: 2 4 
352 13 378 93 F: 13 
361 12 397 45 F: 7 5 
379 10 419 202 F: 4 2 4 
383 11 427 25 F: 6 5 
384 8 408 126 F: 2 3 3 
387 9 414 225 F: 3 2 4 
394 11 405 144 F: 4 4 3 
397 9 406 212 F: 3 4 2 
400 9 409 210 F: 4 3 2 
404 4 412 136 F: 4 
435 7 442 198 F: 7 
437 7 465 62 F: 2 3 2 
442 8 474 95 F: 4 1 3 
443 13 495 96 F: 13 
447 8 463 231 F: 6 2 
457 7 485 94 F: 2 2 3 
457 8 481 117 F: 4 1 3 
461 11 483 22 F: 11 
462 9 471 162 F: 4 5 
472 10 512 164 F: 10 
486 2 488 225 F: 2 
491 8 507 205 F: 3 5 
498 7 526 76 F: 5 1 1 
505 7 512 105 F: 7 
508 7 522 138 F: 5 1 1 
527 13 553 6 F: 13 
531 7 559 127 F: 6 1 
545 8 569 189 F: 4 1 3 
558 11 569 183 F: 6 5 
562 7 569 76 F: 7 
567 11 600 108 F: 3 4 4 
573 6 597 19 F: 6 
578 5 593 203 F: 5 
581 5 596 201 F: 3 2 
582 8 606 7 F: 3 4 1 
583 9 601 157 F: 7 2 
588 4 592 237 F: 3 1 
597 9 606 115 F: 4 1 4 
600 13 626 69 F: 5 4 4 
609 10 649 44 F: 6 4 
611 9 629 78 F: 4 4 1 
614 8 622 139 F: 5 3 
627 8 659 156 F: 3 5 
629 7 657 3 F: 2 2 3 
634 6 646 101 F: 2 4 
635 9 653 249 F: 3 6 
636 8 660 59 F: 4 3 1 
652 13 665 64 F: 13 
667 10 677 10 F: 5 3 2 
668 8 692 81 F: 8 
673 9 700 99 F: 4 5 
685 11 696 199 F: 5 3 3 
688 5 708 23 F: 2 2 1 
704 9 722 108 F: 4 1 4 
705 5 720 226 F: 2 2 1 
711 8 727 81 F: 8 
713 11 746 113 F: 5 3 3 
719 7 747 96 F: 2 4 1 
721 4 729 6 F: 4 
724 12 760 67 F: 12 
729 8 753 228 F: 4 1 3 
731 5 746 45 F: 3 1 1 
740 5 755 234 F: 3 2 
743 8 751 189 F: 8 
754 4 770 7 F: 2 2 
759 13 772 218 F: 13 
772 7 793 150 F: 6 1 
780 9 798 135 F: 4 1 4 
802 7 809 203 F: 2 2 3 
805 8 813 176 F: 5 2 1 
806 9 815 56 F: 5 4 
814 7 835 71 F: 2 3 2 
833 6 839 58 F: 6 
841 6 865 37 F: 2 3 1 
850 6 856 12 F: 3 2 1 
859 9 886 221 F: 4 1 4 
862 4 866 13 F: 4 
863 3 875 250 F: 3 
870 7 877 203 F: 3 1 3 
887 9 905 85 F: 3 3 3 
893 3 899 28 F: 3 
893 8 901 30 F: 5 2 1 
894 10 904 33 F: 7 3 
903 12 915 248 F: 12 
915 9 942 53 F: 5 4 
928 3 940 112 F: 2 1 
944 4 960 146 F: 4 
953 2 957 217 F: 2 
955 8 979 213 F: 2 6 
955 11 966 124 F: 11 
958 10 998 250 F: 5 4 1 
971 10 1011 163 F: 3 3 4 
974 3 986 89 F: 2 1 
976 12 1000 39 F: 5 4 3 
980 10 1010 194 F: 10 
982 3 991 238 F: 3 
985 8 1009 3 F: 4 4 
989 7 1003 135 F: 2 3 2 
1004 7 1032 189 F: 5 2 
1014 10 1034 231 F: 4 6 
1026 12 1062 137 F: 6 6 
1027 12 1051 108 F: 7 5 
1048 9 1084 230 F: 7 2 
1054 6 1060 128 F: 6 
1058 11 1091 1 F: 5 3 3 
1066 11 1088 115 F: 6 5 
1066 12 1114 147 F: 12 
1069 5 1089 2 F: 5 
1078 11 1089 24 F: 6 5 
1080 9 1089 101 F: 7 2 
1088 5 1108 15 F: 5 
1097 9 1106 177 F: 3 2 4 
1099 4 1103 225 F: 4 
1108 3 1117 109 F: 3 
1108 7 1115 18 F: 4 3 
1118 11 1151 40 F: 5 2 4 
1123 7 1137 175 F: 7 
1149 9 1185 28 F: 9 
1150 5 1155 248 F: 3 1 1 
1153 8 1177 229 F: 3 3 2 
1153 10 1183 22 F: 4 3 3 
1159 8 1183 80 F: 8 
1163 6 1169 102 F: 4 2 
1166 7 1194 233 F: 3 4 
1166 10 1196 30 F: 10 
1189 5 1209 110 F: 5 
1195 10 1235 197 F: 4 6 
1198 5 1218 148 F: 2 3 
1204 13 1230 150 F: 7 6 
1206 5 1221 153 F: 3 2 
1209 8 1225 231 F: 8 
1220 5 1235 205 F: 5 
1225 13 1251 23 F: 7 6 
1232 8 1240 95 F: 6 2 
1237 10 1247 207 F: 3 4 3 
1239 7 1267 90 F: 7 
1249 10 1259 109 F: 10 
1249 10 1289 59 F: 5 5 
1253 4 1257 117 F: 4 
1255 11 1277 147 F: 5 4 2 
1273 6 1279 163 F: 2 1 3 
1274 11 1307 34 F: 11 
1286 7 1300 110 F: 7 
1302 9 1329 138 F: 4 2 3 
1312 12 1324 55 F: 12 
1333 6 1357 104 F: 3 2 1 
1336 8 1352 18 F: 7 1 
1342 8 1374 25 F: 2 3 3 
1344 11 1377 96 F: 11 
1351 12 1399 9 F: 7 5 
1355 9 1373 69 F: 3 6 
1368 11 1412 237 F: 5 6 
1371 8 1403 109 F: 3 2 3 
1372 7 1379 90 F: 7 
1386 10 1406 65 F: 10 
1392 8 1416 205 F: 7 1 
1397 9 1415 121 F: 3 4 2 
1398 9 1434 165 F: 7 2 
1402 6 1408 99 F: 2 2 2 
1402 10 1422 154 F: 4 4 2 
1416 6 1434 53 F: 2 4 
1424 9 1451 28 F: 4 5 
1425 13 1464 77 F: 13 
1435 9 1462 136 F: 2 3 4 
1440 11 1473 39 F: 5 6 
1441 10 1451 112 F: 6 4 
1451 13 1477 82 F: 13 
1464 13 1516 124 F: 13 
1465 3 1474 157 F: 3 
1468 7 1475 159 F: 3 2 2 
1471 8 1503 98 F: 2 4 2 
1483 9 1501 76 F: 5 4 
1496 7 1510 207 F: 7 
1506 6 1512 128 F: 3 3 
1507 6 1519 164 F: 6 
1519 12 1555 176 F: 12 
1521 5 1541 225 F: 5 
1533 10 1563 70 F: 7 3 
1538 8 1546 207 F: 7 1 
1541 11 1585 42 F: 11 
1542 4 1558 185 F: 4 
1555 3 1564 230 F: 2 1 
1555 9 1564 217 F: 9 
1569 12 1593 105 F: 4 4 4 
1575 11 1586 242 F: 6 5 
1576 8 1584 26 F: 7 1 
1593 8 1609 29 F: 4 2 2 
1599 9 1608 197 F: 3 2 4 
1604 8 1628 154 F: 8 
1617 9 1653 42 F: 4 5 
1617 11 1639 45 F: 11 
1624 9 1642 113 F: 4 5 
1639 10 1679 19 F: 3 4 3 
1643 10 1663 177 F: 5 4 1 
1646 7 1667 84 F: 7 
1655 6 1667 21 F: 2 1 3 
1667 7 1681 6 F: 7 
1697 10 1727 46 F: 5 1 4 
D: 6 166 
D: 12 222 
D: 21 107 
D: 27 189 
D: 39 47 
D: 39 70 
D: 49 177 
D: 58 142 
D: 63 235 
D: 64 71 
D: 84 140 
D: 85 211 
D: 85 218 
D: 98 179 
D: 106 186 
D: 124 226 
D: 129 209 
D: 134 247 
D: 136 142 
D: 137 180 
D: 145 226 
D: 171 224 
D: 209 239 
D: 215 242 
D: 239 245 
