32 8 48 28 F: 8 
33 10 43 62 F: 5 5 
39 9 57 133 F: 4 5 
47 11 91 183 F: 5 6 
48 9 84 56 F: 9 
49 4 53 56 F: 4 
73 10 103 100 F: 4 4 2 
84 6 96 18 F: 4 1 1 
85 6 97 76 F: 3 3 
92 11 136 149 F: 4 3 4 
92 13 118 24 F: 13 
93 11 126 36 F: 4 4 3 
93 12 129 194 F: 12 
94 8 126 112 F: 2 6 
95 8 119 166 F: 8 
109 6 115 37 F: 3 2 1 
111 10 121 111 F: 10 
112 9 130 192 F: 3 6 
114 7 128 89 F: 2 5 
119 5 124 92 F: 3 2 
126 5 131 185 F: 4 1 
146 10 176 46 F: 10 
149 8 157 175 F: 3 5 
168 10 198 192 F: 2 4 4 
172 6 196 94 F: 3 3 
172 9 181 107 F: 7 2 
178 4 190 16 F: 3 1 
180 6 198 138 F: 3 3 
190 6 214 37 F: 3 3 
194 7 208 160 F: 3 3 1 
200 6 212 164 F: 2 3 1 
204 8 228 155 F: 4 1 3 
213 11 235 67 F: 4 3 4 
215 7 229 49 F: 6 1 
233 9 260 118 F: 5 1 3 
238 5 243 195 F: 5 
238 6 250 70 F: 6 
250 9 268 177 F: 4 2 3 
254 9 281 124 F: 4 5 
257 9 293 31 F: 3 6 
268 10 298 182 F: 5 5 
270 9 297 79 F: 4 1 4 
278 11 289 183 F: 6 5 
296 7 317 3 F: 7 
298 3 304 18 F: 2 1 
307 7 328 39 F: 2 5 
308 4 320 14 F: 2 2 
325 8 333 17 F: 4 2 2 
326 6 344 23 F: 3 3 
341 6 353 136 F: 5 1 
345 11 389 17 F: 4 3 4 
347 10 367 3 F: 10 
349 12 385 128 F: 4 4 4 
353 13 366 189 F: 13 
366 8 390 187 F: 5 2 1 
367 6 391 128 F: 2 3 1 
374 6 392 29 F: 6 
377 8 393 35 F: 3 2 3 
387 11 409 59 F: 6 5 
394 5 409 21 F: 2 1 2 
415 9 424 108 F: 6 3 
417 7 431 101 F: 2 2 3 
424 3 427 13 F: 2 1 
427 11 471 64 F: 7 4 
431 7 452 179 F: 5 2 
433 13 472 9 F: 7 6 
440 7 468 49 F: 2 4 1 
445 3 451 127 F: 3 
466 5 481 171 F: 5 
467 8 499 152 F: 6 2 
483 8 507 42 F: 4 1 3 
485 4 497 7 F: 3 1 
486 9 495 81 F: 4 2 3 
492 11 503 196 F: 5 6 
495 6 501 100 F: 6 
500 10 530 178 F: 7 3 
516 8 548 80 F: 8 
525 8 557 49 F: 4 3 1 
538 13 551 119 F: 13 
541 7 562 81 F: 7 
543 12 579 154 F: 12 
548 9 557 165 F: 9 
551 13 603 72 F: 13 
552 12 588 71 F: 5 3 4 
558 5 573 177 F: 4 1 
560 6 578 176 F: 2 2 2 
563 7 591 105 F: 7 
568 6 580 133 F: 6 
582 12 606 38 F: 12 
589 11 633 160 F: 11 
600 5 615 166 F: 3 2 
608 9 635 145 F: 9 
610 7 617 32 F: 7 
610 7 631 160 F: 4 1 2 
610 9 628 36 F: 6 3 
610 9 628 104 F: 3 6 
618 9 645 155 F: 3 2 4 
618 10 658 193 F: 5 3 2 
629 11 662 151 F: 11 
638 10 658 174 F: 10 
668 5 673 83 F: 5 
678 9 696 69 F: 5 2 2 
679 3 685 4 F: 3 
681 8 705 134 F: 4 1 3 
690 12 726 17 F: 4 4 4 
703 5 708 149 F: 5 
708 9 717 60 F: 4 3 2 
713 6 719 90 F: 2 1 3 
717 9 726 10 F: 9 
741 8 757 106 F: 7 1 
747 3 750 131 F: 3 
750 7 778 4 F: 4 2 1 
753 6 765 18 F: 5 1 
759 6 783 175 F: 6 
760 4 764 110 F: 4 
761 12 785 191 F: 12 
768 8 800 188 F: 8 
793 8 817 87 F: 2 6 
798 9 807 50 F: 4 2 3 
799 8 807 155 F: 2 2 4 
802 5 807 121 F: 2 3 
819 10 829 99 F: 10 
824 9 851 143 F: 5 2 2 
838 11 860 34 F: 4 4 3 
839 7 867 62 F: 4 3 
852 9 888 190 F: 2 4 3 
855 10 895 148 F: 7 3 
857 10 887 154 F: 5 4 1 
864 4 880 105 F: 3 1 
888 9 915 193 F: 3 6 
890 11 923 105 F: 11 
892 11 925 114 F: 5 2 4 
894 6 900 20 F: 5 1 
895 9 904 196 F: 3 6 
898 11 942 13 F: 7 4 
928 7 949 91 F: 3 3 1 
933 4 937 52 F: 4 
940 12 952 129 F: 12 
948 12 996 195 F: 12 
955 6 973 86 F: 6 
960 10 1000 200 F: 4 6 
966 7 994 170 F: 7 
982 8 990 154 F: 8 
988 9 1015 9 F: 5 4 
990 9 1017 66 F: 4 2 3 
990 11 1034 67 F: 6 5 
992 11 1036 71 F: 5 6 
993 5 1013 166 F: 4 1 
994 5 1014 158 F: 5 
999 7 1020 166 F: 5 2 
1001 7 1015 150 F: 7 
1002 8 1026 94 F: 3 1 4 
1004 8 1012 155 F: 6 2 
1008 6 1032 105 F: 6 
1019 12 1043 10 F: 5 3 4 
1038 2 1044 33 F: 2 
1072 12 1096 10 F: 6 6 
1074 5 1094 119 F: 4 1 
1077 8 1085 119 F: 6 2 
1078 9 1096 171 F: 4 1 4 
1079 8 1111 5 F: 6 2 
1079 11 1123 181 F: 4 4 3 
1084 8 1108 156 F: 5 2 1 
1095 11 1106 163 F: 6 5 
1096 9 1132 98 F: 2 3 4 
1103 5 1108 125 F: 2 3 
1116 9 1152 127 F: 3 2 4 
1129 10 1169 151 F: 4 6 
1132 12 1180 192 F: 12 
1137 10 1157 102 F: 5 5 
1142 6 1154 120 F: 5 1 
1161 10 1171 42 F: 10 
1168 8 1200 164 F: 4 4 
1174 7 1195 34 F: 3 4 
1178 8 1186 131 F: 3 5 
1181 6 1187 186 F: 6 
1181 11 1225 106 F: 6 5 
1191 12 1215 125 F: 12 
1194 12 1230 140 F: 12 
1195 5 1200 101 F: 5 
1204 6 1222 148 F: 6 
1208 10 1238 115 F: 5 1 4 
1214 11 1225 161 F: 6 5 
1216 2 1220 69 F: 2 
1220 9 1247 156 F: 5 3 1 
1223 11 1245 184 F: 11 
1230 9 1239 52 F: 2 3 4 
1234 3 1237 22 F: 3 
1252 7 1280 47 F: 2 3 2 
1261 11 1294 53 F: 7 4 
1269 10 1279 120 F: 10 
1271 11 1282 96 F: 11 
1278 7 1292 45 F: 4 2 1 
1291 6 1309 20 F: 3 2 1 
1293 12 1329 12 F: 5 3 4 
1333 12 1345 147 F: 12 
1360 2 1366 66 F: 2 
1374 6 1380 56 F: 2 2 2 
1378 4 1394 124 F: 4 
1384 10 1404 28 F: 7 3 
D: 3 106 
D: 3 178 
D: 8 15 
D: 22 35 
D: 25 97 
D: 34 137 
D: 35 49 
D: 37 98 
D: 39 95 
D: 39 195 
D: 43 109 
D: 44 80 
D: 60 84 
D: 80 167 
D: 96 124 
D: 109 199 
D: 114 164 
D: 149 170 
D: 156 182 
D: 173 176 
