5 8 21 23 F: 4 4 
8 8 24 235 F: 7 1 
8 10 48 111 F: 2 4 4 
10 11 54 81 F: 11 
16 7 23 228 F: 3 4 
24 8 56 46 F: 3 3 2 
24 11 57 196 F: 5 2 4 
40 2 42 247 F: 2 
48 9 75 21 F: 6 3 
48 12 96 57 F: 7 5 
71 9 98 115 F: 3 3 3 
74 12 86 128 F: 7 5 
78 11 122 126 F: 5 6 
80 7 108 136 F: 7 
82 6 88 232 F: 4 2 
102 8 110 208 F: 2 6 
104 9 113 85 F: 5 2 2 
120 6 138 158 F: 4 2 
121 8 129 14 F: 8 
124 7 138 23 F: 2 5 
136 7 157 113 F: 6 1 
136 12 160 38 F: 5 3 4 
149 9 185 101 F: 7 2 
153 10 193 233 F: 5 5 
155 8 179 221 F: 4 3 1 
166 8 174 218 F: 2 4 2 
169 7 176 181 F: 5 1 1 
173 11 184 174 F: 11 
182 3 191 31 F: 3 
190 9 226 179 F: 3 3 3 
201 9 219 141 F: 9 
202 12 238 154 F: 12 
207 11 240 140 F: 7 4 
212 5 227 48 F: 5 
226 10 246 151 F: 5 1 4 
230 12 242 77 F: 12 
231 2 233 225 F: 2 
241 6 265 29 F: 4 2 
245 8 253 143 F: 3 1 4 
267 10 287 150 F: 10 
275 3 287 241 F: 3 
276 10 296 176 F: 10 
280 8 288 83 F: 3 5 
280 8 288 222 F: 3 2 3 
287 13 313 192 F: 13 
301 7 322 44 F: 6 1 
302 6 308 18 F: 4 1 1 
302 9 338 204 F: 4 4 1 
303 7 310 82 F: 7 
321 4 325 226 F: 2 1 1 
321 9 330 71 F: 4 5 
326 9 362 64 F: 5 1 3 
329 10 349 173 F: 6 4 
332 2 340 187 F: 2 
334 8 342 175 F: 8 
349 4 353 25 F: 2 2 
351 10 371 141 F: 7 3 
382 2 384 69 F: 2 
384 12 408 64 F: 12 
397 2 401 14 F: 2 
405 4 417 223 F: 4 
417 9 435 80 F: 2 4 3 
418 9 454 8 F: 4 4 1 
423 4 439 186 F: 3 1 
430 5 435 144 F: 2 2 1 
439 5 454 147 F: 3 2 
465 11 476 25 F: 11 
469 5 479 31 F: 2 2 1 
469 8 501 140 F: 6 2 
478 3 484 31 F: 3 
479 9 506 91 F: 4 2 3 
480 8 504 215 F: 4 4 
494 5 514 142 F: 2 3 
496 11 540 132 F: 5 6 
498 7 519 172 F: 5 1 1 
503 10 513 99 F: 5 2 3 
512 13 564 168 F: 13 
515 2 521 182 F: 2 
533 10 563 101 F: 5 5 
535 6 547 167 F: 6 
540 8 564 44 F: 3 2 3 
543 4 547 196 F: 2 1 1 
551 13 590 2 F: 7 6 
560 3 569 23 F: 3 
561 8 569 111 F: 4 4 
567 10 607 231 F: 6 4 
572 6 584 120 F: 4 2 
581 9 590 239 F: 9 
594 11 638 114 F: 5 6 
595 8 619 96 F: 8 
608 10 648 117 F: 10 
616 4 620 89 F: 4 
621 10 641 233 F: 4 2 4 
622 8 630 159 F: 3 3 2 
635 9 662 215 F: 6 3 
637 8 653 33 F: 4 3 1 
639 4 647 20 F: 4 
646 7 660 55 F: 2 2 3 
656 4 668 192 F: 2 1 1 
659 4 675 51 F: 4 
660 13 673 41 F: 7 6 
667 9 676 87 F: 3 4 2 
678 4 690 94 F: 3 1 
680 8 704 176 F: 8 
695 5 710 82 F: 5 
703 10 723 193 F: 3 4 3 
708 9 744 55 F: 2 4 3 
724 6 742 158 F: 6 
725 5 735 61 F: 4 1 
734 5 739 148 F: 5 
737 10 747 219 F: 10 
740 6 758 105 F: 5 1 
744 13 770 136 F: 13 
759 7 787 78 F: 7 
767 9 803 182 F: 5 4 
769 13 808 57 F: 13 
770 13 822 246 F: 7 6 
773 12 797 122 F: 12 
773 13 825 179 F: 13 
795 8 819 180 F: 2 2 4 
804 6 810 87 F: 4 2 
810 6 816 112 F: 2 4 
820 9 838 232 F: 9 
828 4 844 244 F: 4 
831 7 838 168 F: 2 3 2 
843 8 875 96 F: 3 3 2 
848 13 861 88 F: 13 
851 12 875 172 F: 12 
868 8 892 247 F: 3 5 
870 9 879 34 F: 4 2 3 
871 3 880 207 F: 3 
873 5 888 170 F: 2 1 2 
876 6 882 212 F: 2 4 
892 9 901 60 F: 7 2 
896 10 906 161 F: 2 4 4 
906 5 926 146 F: 5 
922 7 943 212 F: 4 1 2 
927 8 951 136 F: 7 1 
930 10 950 86 F: 4 2 4 
950 7 957 139 F: 3 1 3 
956 7 977 205 F: 6 1 
958 9 976 141 F: 9 
965 11 987 217 F: 5 2 4 
970 6 976 150 F: 5 1 
971 10 1001 47 F: 3 4 3 
981 7 1009 140 F: 2 5 
985 9 1003 101 F: 7 2 
985 12 1021 153 F: 6 6 
996 11 1018 60 F: 4 4 3 
999 10 1009 248 F: 4 3 3 
1007 10 1037 108 F: 5 1 4 
1015 12 1027 99 F: 12 
1018 5 1023 163 F: 2 3 
1030 9 1048 178 F: 3 6 
1038 8 1054 236 F: 8 
1043 7 1057 132 F: 7 
1050 11 1083 67 F: 3 4 4 
1055 10 1065 64 F: 2 4 4 
1062 9 1089 106 F: 3 4 2 
1063 2 1067 45 F: 2 
1074 5 1089 189 F: 4 1 
1079 11 1090 107 F: 5 3 3 
1079 11 1123 21 F: 7 4 
1086 8 1118 113 F: 5 2 1 
1098 4 1114 223 F: 2 2 
1107 8 1115 65 F: 2 3 3 
1112 7 1126 205 F: 2 2 3 
1118 7 1139 134 F: 6 1 
1120 6 1126 65 F: 6 
1127 11 1138 196 F: 11 
1130 8 1146 38 F: 2 6 
1135 8 1143 156 F: 6 2 
1137 6 1161 36 F: 5 1 
1137 9 1164 137 F: 4 3 2 
1145 5 1150 214 F: 2 3 
1157 4 1161 218 F: 3 1 
1157 7 1164 187 F: 3 1 3 
1165 10 1205 208 F: 6 4 
1167 11 1178 152 F: 11 
1199 11 1210 92 F: 6 5 
1205 7 1226 150 F: 3 4 
1209 10 1229 119 F: 2 4 4 
1223 13 1236 50 F: 13 
1238 8 1254 249 F: 2 3 3 
1241 9 1268 203 F: 3 4 2 
1243 9 1252 211 F: 5 1 3 
1263 10 1303 89 F: 3 4 3 
1265 9 1283 148 F: 3 6 
1268 6 1274 248 F: 6 
1269 9 1278 249 F: 5 2 2 
1272 9 1281 23 F: 5 2 2 
1280 7 1308 219 F: 2 5 
1285 6 1303 162 F: 2 4 
1285 7 1313 75 F: 3 1 3 
1296 4 1300 123 F: 4 
1300 2 1306 224 F: 2 
1325 4 1341 24 F: 2 2 
1325 8 1333 123 F: 4 4 
1328 13 1367 130 F: 13 
1334 11 1367 20 F: 4 4 3 
1337 7 1365 124 F: 4 2 1 
1340 8 1364 224 F: 3 5 
1342 5 1357 90 F: 2 2 1 
1361 3 1364 142 F: 2 1 
1365 8 1389 249 F: 3 2 3 
1376 6 1394 172 F: 6 
1384 11 1406 53 F: 5 4 2 
1386 10 1416 167 F: 5 1 4 
1387 10 1407 110 F: 10 
1396 8 1428 105 F: 3 4 1 
1403 9 1430 230 F: 3 4 2 
1405 6 1417 5 F: 6 
1407 8 1431 224 F: 7 1 
1409 8 1433 66 F: 3 4 1 
1410 7 1438 63 F: 2 5 
1418 6 1424 141 F: 2 2 2 
1423 11 1445 227 F: 6 5 
1430 2 1436 50 F: 2 
1450 8 1482 227 F: 8 
1452 2 1454 243 F: 2 
1465 8 1481 214 F: 7 1 
1469 7 1490 86 F: 7 
1482 5 1502 171 F: 5 
1485 8 1517 87 F: 4 4 
1494 7 1522 213 F: 4 3 
1515 8 1523 125 F: 5 3 
1516 9 1525 249 F: 4 2 3 
1521 6 1545 211 F: 6 
1525 9 1543 28 F: 4 5 
1526 10 1566 231 F: 10 
1528 4 1540 134 F: 4 
1529 9 1565 31 F: 6 3 
1534 5 1549 2 F: 4 1 
1534 7 1562 106 F: 7 
1565 11 1598 169 F: 5 4 2 
1566 6 1584 168 F: 5 1 
1568 4 1572 239 F: 2 1 1 
1576 10 1596 49 F: 4 6 
1589 11 1633 26 F: 5 6 
1596 9 1623 212 F: 4 5 
1606 12 1618 64 F: 6 6 
1617 5 1632 200 F: 3 1 1 
1626 12 1650 130 F: 12 
1626 12 1662 90 F: 5 4 3 
1635 7 1642 40 F: 4 2 1 
1639 8 1663 114 F: 2 6 
1647 7 1675 163 F: 7 
1676 8 1692 50 F: 2 6 
1683 7 1697 45 F: 4 1 2 
1695 7 1716 149 F: 2 5 
D: 1 222 
D: 5 77 
D: 10 106 
D: 17 32 
D: 19 214 
D: 21 201 
D: 23 224 
D: 28 91 
D: 30 206 
D: 33 240 
D: 47 111 
D: 49 89 
D: 57 124 
D: 58 247 
D: 66 105 
D: 66 117 
D: 67 182 
D: 82 184 
D: 95 246 
D: 98 182 
D: 122 213 
D: 130 236 
D: 142 221 
D: 163 204 
D: 200 223 
