5 4 21 39 F: 4 
11 2 13 18 F: 2 
16 4 28 2 F: 4 
16 9 52 175 F: 5 2 2 
34 7 48 23 F: 3 3 1 
39 9 48 192 F: 7 2 
46 6 58 29 F: 2 2 2 
54 2 56 129 F: 2 
65 9 101 45 F: 6 3 
76 5 81 54 F: 5 
81 7 95 100 F: 2 4 1 
83 9 110 148 F: 9 
91 11 113 197 F: 4 4 3 
96 8 112 105 F: 8 
98 10 108 87 F: 4 2 4 
103 10 133 72 F: 5 5 
106 7 134 83 F: 6 1 
119 7 133 176 F: 3 3 1 
120 9 156 142 F: 9 
123 11 156 141 F: 11 
128 10 158 193 F: 4 2 4 
131 5 136 181 F: 5 
137 10 167 163 F: 4 6 
142 6 154 155 F: 6 
145 11 189 141 F: 5 6 
148 9 175 159 F: 5 2 2 
151 5 156 153 F: 5 
157 9 193 101 F: 9 
182 8 214 166 F: 3 3 2 
189 3 195 140 F: 3 
202 8 226 193 F: 2 2 4 
206 11 250 43 F: 3 4 4 
210 9 219 51 F: 2 4 3 
213 8 245 139 F: 4 4 
229 8 253 190 F: 4 4 
239 7 260 55 F: 5 2 
245 6 263 115 F: 5 1 
246 4 262 14 F: 4 
246 7 267 51 F: 4 3 
284 8 316 38 F: 3 5 
286 10 296 63 F: 5 2 3 
289 3 295 63 F: 3 
289 12 313 53 F: 5 4 3 
294 10 314 48 F: 5 5 
299 9 317 119 F: 9 
310 5 325 73 F: 2 1 2 
313 5 333 5 F: 5 
324 8 356 84 F: 3 1 4 
331 7 345 130 F: 4 3 
348 9 375 82 F: 3 4 2 
349 11 371 134 F: 4 3 4 
353 3 365 31 F: 2 1 
353 8 385 31 F: 4 1 3 
360 13 412 167 F: 5 4 4 
361 8 385 189 F: 4 3 1 
372 11 383 2 F: 5 4 2 
381 9 390 65 F: 9 
382 13 421 85 F: 7 6 
387 7 394 115 F: 7 
392 8 424 124 F: 2 6 
419 5 424 114 F: 2 2 1 
425 3 431 163 F: 3 
430 8 446 168 F: 7 1 
432 11 465 87 F: 6 5 
447 6 465 131 F: 2 2 2 
451 6 457 158 F: 4 1 1 
458 7 479 83 F: 7 
463 4 479 199 F: 4 
464 7 471 187 F: 4 3 
465 7 479 7 F: 4 3 
469 6 475 129 F: 2 4 
476 8 492 28 F: 2 2 4 
478 11 489 143 F: 5 6 
486 5 501 16 F: 5 
492 9 528 197 F: 6 3 
524 7 552 117 F: 7 
531 6 543 121 F: 4 2 
533 4 545 136 F: 2 1 1 
553 7 581 114 F: 5 1 1 
565 3 568 133 F: 3 
565 8 581 188 F: 2 4 2 
573 7 580 49 F: 6 1 
578 9 614 37 F: 6 3 
580 9 607 159 F: 3 6 
584 8 592 101 F: 2 2 4 
588 8 596 88 F: 8 
593 6 599 104 F: 2 4 
593 10 613 46 F: 3 4 3 
599 10 639 109 F: 5 1 4 
599 10 639 137 F: 6 4 
605 8 613 17 F: 5 3 
605 11 627 43 F: 11 
613 8 637 192 F: 5 2 1 
624 8 640 123 F: 6 2 
629 11 673 185 F: 5 3 3 
633 9 651 94 F: 9 
634 10 664 98 F: 5 5 
636 10 676 130 F: 5 4 1 
642 8 650 41 F: 6 2 
658 8 690 35 F: 2 4 2 
670 11 714 51 F: 5 6 
675 5 680 78 F: 2 1 2 
679 10 719 166 F: 10 
686 9 704 14 F: 4 2 3 
698 11 720 18 F: 5 6 
701 6 713 99 F: 6 
702 6 726 120 F: 3 2 1 
705 11 727 193 F: 11 
708 5 713 156 F: 3 2 
715 13 754 143 F: 13 
719 9 737 103 F: 3 6 
722 9 749 94 F: 6 3 
725 10 765 106 F: 10 
730 13 756 147 F: 13 
731 5 736 76 F: 5 
748 7 762 68 F: 3 4 
751 8 775 109 F: 4 1 3 
752 13 765 85 F: 13 
779 4 783 177 F: 3 1 
781 12 793 69 F: 12 
802 12 826 60 F: 6 6 
805 6 823 49 F: 2 4 
812 4 820 66 F: 4 
819 9 855 16 F: 9 
825 6 849 144 F: 6 
829 6 853 83 F: 3 3 
830 12 878 130 F: 6 6 
833 4 849 152 F: 2 2 
843 6 861 134 F: 5 1 
846 8 870 56 F: 4 1 3 
861 8 869 103 F: 4 4 
872 9 881 163 F: 4 1 4 
886 10 916 149 F: 4 3 3 
888 7 916 168 F: 7 
888 10 898 158 F: 10 
901 7 915 108 F: 3 2 2 
925 5 940 99 F: 3 2 
930 8 938 65 F: 3 2 3 
934 6 940 182 F: 3 3 
941 7 948 115 F: 3 1 3 
941 10 951 4 F: 3 3 4 
948 4 952 137 F: 2 1 1 
950 6 974 193 F: 4 2 
960 11 971 57 F: 7 4 
962 7 990 146 F: 7 
973 6 997 106 F: 3 3 
983 12 1007 193 F: 5 4 3 
985 6 1003 42 F: 6 
992 7 1013 107 F: 2 2 3 
998 8 1030 199 F: 2 2 4 
1001 11 1023 52 F: 6 5 
1004 6 1022 64 F: 6 
1008 12 1056 35 F: 12 
1019 12 1055 38 F: 7 5 
1027 12 1051 144 F: 5 3 4 
1029 6 1047 26 F: 6 
1038 6 1056 105 F: 2 3 1 
1038 9 1047 130 F: 9 
1045 8 1077 125 F: 8 
1046 5 1056 167 F: 2 1 2 
1046 9 1055 153 F: 4 1 4 
1058 10 1068 90 F: 10 
1063 9 1090 7 F: 4 3 2 
1066 9 1102 180 F: 3 4 2 
1089 6 1113 169 F: 4 2 
1105 2 1113 178 F: 2 
1106 6 1112 70 F: 4 2 
1110 6 1128 49 F: 6 
1110 11 1143 155 F: 5 4 2 
1116 11 1160 30 F: 7 4 
1119 6 1131 82 F: 4 2 
1123 10 1143 16 F: 6 4 
1136 11 1147 82 F: 6 5 
1143 8 1175 48 F: 5 3 
1145 8 1161 125 F: 3 1 4 
1153 6 1177 175 F: 6 
1165 7 1179 80 F: 2 1 4 
1168 2 1172 16 F: 2 
1186 6 1210 160 F: 6 
1189 8 1197 185 F: 3 1 4 
1206 8 1238 31 F: 4 3 1 
1208 2 1216 37 F: 2 
1218 7 1232 107 F: 4 1 2 
1220 6 1232 43 F: 2 3 1 
1224 9 1251 163 F: 9 
1242 4 1254 169 F: 4 
1252 2 1254 162 F: 2 
1260 12 1284 160 F: 12 
1263 8 1295 81 F: 3 1 4 
1267 2 1273 40 F: 2 
1272 2 1276 135 F: 2 
1272 7 1300 14 F: 2 5 
1281 11 1292 101 F: 3 4 4 
1288 9 1297 65 F: 5 4 
1289 11 1311 175 F: 7 4 
1305 7 1333 169 F: 7 
1329 9 1347 130 F: 6 3 
1357 4 1365 43 F: 2 2 
1372 8 1388 187 F: 8 
1396 12 1420 124 F: 12 
D: 16 20 
D: 22 126 
D: 27 142 
D: 29 167 
D: 37 180 
D: 44 84 
D: 53 179 
D: 57 170 
D: 59 108 
D: 62 186 
D: 63 187 
D: 70 164 
D: 74 155 
D: 81 131 
D: 82 168 
D: 109 181 
D: 131 184 
D: 143 158 
D: 166 187 
D: 176 188 
