10 4 18 81 F: 2 1 1 
16 6 22 177 F: 2 3 1 
16 6 40 53 F: 2 2 2 
20 9 38 20 F: 5 4 
20 10 40 191 F: 10 
46 13 98 188 F: 7 6 
53 13 66 94 F: 13 
70 5 85 150 F: 5 
80 7 101 133 F: 7 
81 12 129 47 F: 6 6 
86 6 92 40 F: 3 3 
88 8 112 93 F: 8 
95 13 147 27 F: 13 
97 6 115 10 F: 2 3 1 
98 4 110 156 F: 3 1 
105 7 126 66 F: 2 5 
106 7 120 197 F: 6 1 
114 3 123 103 F: 3 
118 6 130 35 F: 6 
124 4 132 56 F: 4 
129 2 133 18 F: 2 
134 9 152 53 F: 3 6 
142 9 178 6 F: 5 4 
144 7 151 75 F: 7 
144 11 155 39 F: 11 
145 11 156 106 F: 11 
156 10 186 11 F: 7 3 
164 8 172 136 F: 3 1 4 
174 6 186 61 F: 3 3 
197 11 241 16 F: 5 2 4 
202 7 230 166 F: 3 4 
213 8 221 103 F: 6 2 
221 10 251 111 F: 10 
234 4 242 23 F: 4 
241 8 273 36 F: 2 2 4 
249 9 276 32 F: 3 2 4 
252 6 276 166 F: 2 1 3 
254 10 294 55 F: 7 3 
267 8 275 142 F: 4 2 2 
269 10 309 166 F: 5 2 3 
277 10 307 51 F: 5 4 1 
284 7 305 191 F: 3 4 
288 7 309 145 F: 6 1 
288 10 298 10 F: 7 3 
299 10 319 62 F: 7 3 
304 2 308 110 F: 2 
305 9 323 149 F: 3 4 2 
307 12 343 199 F: 12 
326 6 338 146 F: 5 1 
327 7 355 144 F: 7 
343 8 375 72 F: 8 
345 8 369 183 F: 2 4 2 
358 9 367 124 F: 4 2 3 
374 6 392 90 F: 3 3 
378 12 426 156 F: 5 4 3 
381 6 405 76 F: 4 1 1 
381 8 397 180 F: 8 
392 11 414 10 F: 11 
392 13 405 115 F: 13 
399 10 409 115 F: 10 
402 7 423 111 F: 7 
409 8 441 10 F: 6 2 
422 7 436 180 F: 4 3 
441 6 459 28 F: 5 1 
444 8 476 85 F: 8 
449 12 461 117 F: 6 6 
460 8 476 163 F: 5 2 1 
462 9 498 26 F: 3 2 4 
463 8 487 192 F: 8 
473 11 495 163 F: 5 2 4 
476 11 520 164 F: 7 4 
478 10 518 71 F: 3 4 3 
481 6 505 117 F: 6 
493 10 533 152 F: 5 2 3 
493 11 526 128 F: 11 
506 7 520 66 F: 3 2 2 
509 6 527 84 F: 6 
518 10 548 51 F: 5 4 1 
521 10 561 39 F: 10 
528 6 552 106 F: 3 1 2 
538 9 547 177 F: 9 
559 7 580 1 F: 4 1 2 
561 8 585 142 F: 4 3 1 
572 9 590 27 F: 4 5 
583 6 601 34 F: 4 1 1 
589 7 617 12 F: 3 4 
591 10 631 134 F: 6 4 
595 11 628 187 F: 4 4 3 
596 11 618 109 F: 5 6 
597 6 621 9 F: 4 1 1 
606 3 609 177 F: 2 1 
610 9 646 32 F: 9 
610 13 662 106 F: 13 
612 6 624 74 F: 6 
620 12 632 120 F: 5 4 3 
629 7 643 161 F: 7 
631 8 639 63 F: 3 3 2 
649 5 659 31 F: 4 1 
659 6 665 145 F: 6 
673 8 697 12 F: 4 4 
674 12 686 92 F: 12 
694 3 700 106 F: 3 
695 2 701 177 F: 2 
695 7 716 190 F: 2 3 2 
697 12 721 29 F: 6 6 
703 8 735 154 F: 2 3 3 
703 10 723 40 F: 5 5 
705 12 741 36 F: 12 
717 5 737 39 F: 5 
722 4 738 110 F: 4 
729 10 759 150 F: 10 
733 5 748 168 F: 5 
741 9 759 49 F: 9 
750 9 768 34 F: 9 
764 5 779 10 F: 5 
773 4 777 76 F: 2 1 1 
775 7 789 172 F: 5 2 
781 13 794 116 F: 5 4 4 
786 5 806 60 F: 3 1 1 
788 4 792 174 F: 4 
809 11 831 4 F: 11 
816 5 831 181 F: 4 1 
819 9 846 123 F: 3 2 4 
822 7 850 5 F: 5 1 1 
823 11 856 144 F: 11 
840 13 892 16 F: 7 6 
848 10 888 38 F: 4 3 3 
849 2 851 138 F: 2 
851 12 899 103 F: 6 6 
863 12 911 174 F: 6 6 
866 6 890 170 F: 6 
880 12 928 160 F: 5 4 3 
894 9 921 29 F: 2 3 4 
897 9 924 68 F: 5 3 1 
899 11 910 82 F: 11 
900 8 932 48 F: 8 
909 11 920 147 F: 11 
910 4 926 165 F: 2 2 
910 5 930 48 F: 5 
911 7 932 111 F: 3 3 1 
915 8 939 18 F: 4 3 1 
916 9 934 69 F: 3 4 2 
923 5 943 155 F: 2 3 
958 10 988 175 F: 10 
960 7 967 92 F: 2 5 
962 11 973 141 F: 5 3 3 
973 10 1013 66 F: 4 3 3 
981 4 989 70 F: 4 
981 7 1002 122 F: 3 3 1 
990 6 1008 132 F: 2 2 2 
1011 6 1035 35 F: 6 
1027 9 1063 139 F: 4 1 4 
1028 8 1044 189 F: 3 1 4 
1031 3 1037 27 F: 2 1 
1045 13 1084 44 F: 13 
1050 4 1062 39 F: 2 1 1 
1050 5 1060 141 F: 3 2 
1053 7 1060 187 F: 7 
1056 10 1066 14 F: 3 3 4 
1057 7 1085 97 F: 2 5 
1059 7 1087 143 F: 2 1 4 
1060 8 1068 109 F: 8 
1060 9 1096 181 F: 5 1 3 
1074 10 1114 68 F: 6 4 
1080 8 1088 148 F: 4 4 
1103 6 1109 108 F: 2 1 3 
1105 7 1126 66 F: 5 1 1 
1108 9 1117 89 F: 4 4 1 
1112 7 1133 90 F: 5 2 
1113 10 1133 88 F: 4 6 
1125 11 1136 78 F: 11 
1128 12 1164 72 F: 12 
1134 10 1164 130 F: 5 2 3 
1151 9 1187 133 F: 3 6 
1154 13 1193 114 F: 13 
1155 8 1187 17 F: 8 
1163 11 1174 122 F: 11 
1179 8 1195 182 F: 8 
1187 8 1203 167 F: 4 3 1 
1189 10 1229 69 F: 4 2 4 
1220 5 1235 26 F: 5 
1225 5 1235 43 F: 4 1 
1242 9 1251 54 F: 9 
1249 8 1265 43 F: 3 3 2 
1258 10 1268 88 F: 10 
1270 10 1300 178 F: 10 
1279 11 1323 58 F: 7 4 
1281 7 1288 24 F: 4 1 2 
1285 3 1291 41 F: 3 
1288 10 1308 199 F: 10 
1289 8 1321 72 F: 3 2 3 
1293 8 1309 82 F: 8 
1296 7 1303 100 F: 4 2 1 
1297 6 1309 75 F: 6 
1298 7 1305 73 F: 3 1 3 
1300 8 1332 138 F: 2 3 3 
1304 12 1328 183 F: 7 5 
1339 10 1359 143 F: 5 1 4 
1372 7 1386 179 F: 3 2 2 
1396 10 1436 44 F: 2 4 4 
D: 0 143 
D: 1 80 
D: 8 79 
D: 10 14 
D: 12 112 
D: 20 118 
D: 20 174 
D: 24 132 
D: 27 100 
D: 31 66 
D: 37 170 
D: 45 98 
D: 72 147 
D: 73 93 
D: 86 179 
D: 95 138 
D: 97 92 
D: 100 183 
D: 116 169 
D: 126 143 
