1 7 15 5 F: 2 4 1 
5 7 12 177 F: 2 5 
7 12 31 153 F: 6 6 
23 9 32 150 F: 9 
23 9 59 250 F: 9 
58 10 98 227 F: 6 4 
60 6 66 158 F: 2 4 
72 4 76 189 F: 4 
74 4 78 163 F: 2 2 
76 4 80 125 F: 2 2 
80 10 90 115 F: 10 
82 13 121 229 F: 13 
94 6 106 152 F: 6 
95 8 111 85 F: 2 3 3 
97 6 109 103 F: 3 1 2 
100 13 126 234 F: 13 
107 11 118 209 F: 5 2 4 
108 12 120 88 F: 12 
112 8 120 184 F: 4 4 
118 8 142 48 F: 2 3 3 
139 8 155 141 F: 3 5 
142 6 148 124 F: 5 1 
143 10 183 166 F: 7 3 
153 8 169 159 F: 6 2 
165 7 186 2 F: 4 3 
166 6 190 7 F: 6 
184 8 208 145 F: 8 
190 8 206 16 F: 3 5 
194 8 210 182 F: 3 3 2 
195 6 219 202 F: 2 4 
216 10 226 172 F: 4 6 
218 7 239 238 F: 2 2 3 
233 5 248 24 F: 5 
244 10 274 56 F: 4 3 3 
262 11 306 177 F: 11 
263 11 285 10 F: 11 
264 11 286 32 F: 5 4 2 
268 12 316 155 F: 5 4 3 
273 4 281 137 F: 3 1 
283 7 304 148 F: 3 4 
287 10 307 221 F: 10 
293 5 298 247 F: 5 
294 5 304 192 F: 2 2 1 
294 6 318 41 F: 6 
298 10 318 91 F: 6 4 
307 8 339 139 F: 3 4 1 
309 8 317 135 F: 5 3 
311 3 314 226 F: 2 1 
318 8 342 10 F: 7 1 
320 9 356 80 F: 5 4 
340 8 348 106 F: 5 3 
344 11 366 86 F: 7 4 
346 6 364 32 F: 3 3 
358 11 402 108 F: 5 6 
378 11 411 119 F: 11 
381 10 401 177 F: 5 4 1 
387 12 435 88 F: 5 4 3 
392 9 401 28 F: 9 
393 5 413 74 F: 5 
394 11 438 250 F: 3 4 4 
405 8 413 196 F: 8 
409 13 448 1 F: 13 
418 5 433 79 F: 5 
427 3 436 88 F: 3 
427 5 432 46 F: 2 3 
435 9 471 218 F: 5 1 3 
436 7 464 162 F: 7 
450 7 471 162 F: 2 4 1 
479 6 491 70 F: 6 
480 4 492 215 F: 3 1 
481 8 513 129 F: 2 2 4 
483 4 499 46 F: 2 2 
484 8 492 61 F: 3 1 4 
488 5 503 186 F: 5 
494 7 508 132 F: 2 2 3 
503 6 515 228 F: 6 
508 8 540 203 F: 8 
510 4 522 52 F: 3 1 
512 7 533 233 F: 2 5 
526 5 536 202 F: 2 3 
527 3 530 218 F: 3 
531 5 541 148 F: 5 
532 4 548 104 F: 4 
547 7 575 150 F: 5 1 1 
547 11 569 204 F: 4 3 4 
552 8 584 137 F: 3 5 
578 11 600 176 F: 3 4 4 
589 11 622 26 F: 11 
591 8 599 222 F: 8 
594 7 622 181 F: 3 4 
602 11 646 87 F: 11 
610 6 622 151 F: 4 1 1 
613 3 625 146 F: 3 
653 10 683 194 F: 3 4 3 
655 10 675 134 F: 10 
661 11 705 203 F: 5 6 
663 5 678 189 F: 3 2 
668 5 678 62 F: 2 3 
677 3 683 250 F: 2 1 
680 10 720 76 F: 10 
681 8 705 131 F: 2 6 
691 3 697 144 F: 3 
691 7 698 188 F: 2 5 
692 6 698 138 F: 3 2 1 
698 4 710 80 F: 4 
705 9 714 44 F: 5 4 
705 11 727 186 F: 7 4 
747 11 758 215 F: 11 
748 7 755 140 F: 3 2 2 
751 13 764 60 F: 5 4 4 
753 12 801 107 F: 12 
756 9 774 208 F: 5 1 3 
758 11 802 146 F: 11 
759 11 781 9 F: 3 4 4 
768 8 792 72 F: 3 1 4 
770 6 788 57 F: 2 1 3 
780 10 790 149 F: 10 
789 10 819 27 F: 5 5 
790 7 818 214 F: 5 2 
794 5 799 150 F: 5 
817 11 839 151 F: 4 4 3 
819 8 843 24 F: 4 3 1 
825 5 845 141 F: 4 1 
827 7 855 113 F: 7 
830 5 835 179 F: 5 
832 11 854 178 F: 11 
846 12 870 47 F: 12 
851 10 891 51 F: 7 3 
856 11 900 80 F: 5 4 2 
861 6 885 217 F: 3 3 
866 6 890 224 F: 4 2 
869 11 913 229 F: 4 4 3 
875 10 915 86 F: 4 2 4 
885 3 891 28 F: 3 
889 5 904 249 F: 5 
910 6 928 128 F: 2 1 3 
911 8 919 223 F: 3 2 3 
911 13 963 16 F: 13 
912 9 948 201 F: 7 2 
914 11 947 231 F: 11 
917 2 921 17 F: 2 
917 9 944 35 F: 4 3 2 
929 9 956 25 F: 9 
940 8 956 41 F: 6 2 
940 9 949 159 F: 9 
963 7 970 44 F: 4 2 1 
964 8 980 177 F: 3 3 2 
972 13 1024 100 F: 13 
982 3 994 231 F: 3 
983 8 1015 137 F: 5 2 1 
1006 11 1028 240 F: 3 4 4 
1022 4 1026 7 F: 3 1 
1022 7 1050 57 F: 3 3 1 
1031 10 1071 226 F: 10 
1032 8 1040 46 F: 5 3 
1037 6 1049 48 F: 4 2 
1038 8 1070 162 F: 7 1 
1042 9 1078 165 F: 9 
1050 11 1072 76 F: 5 3 3 
1059 7 1080 48 F: 2 1 4 
1059 8 1091 81 F: 4 4 
1080 8 1112 227 F: 2 3 3 
1084 9 1093 23 F: 3 3 3 
1085 9 1112 112 F: 3 2 4 
1092 9 1128 176 F: 5 4 
1102 6 1126 59 F: 6 
1110 10 1150 209 F: 4 3 3 
1114 8 1146 97 F: 8 
1117 8 1133 227 F: 3 1 4 
1117 9 1135 233 F: 5 4 
1118 8 1126 200 F: 5 1 2 
1130 7 1137 134 F: 4 1 2 
1152 6 1170 71 F: 6 
1155 10 1185 243 F: 4 4 2 
1162 10 1172 132 F: 5 2 3 
1181 7 1202 5 F: 6 1 
1186 9 1213 83 F: 3 4 2 
1190 6 1214 131 F: 6 
1196 8 1204 180 F: 6 2 
1198 7 1212 159 F: 7 
1200 12 1224 131 F: 6 6 
1201 10 1241 136 F: 10 
1214 9 1241 81 F: 4 3 2 
1215 6 1221 199 F: 6 
1225 11 1269 169 F: 11 
1234 7 1255 187 F: 5 2 
1241 5 1246 9 F: 5 
1246 3 1252 177 F: 3 
1248 7 1269 218 F: 3 4 
1255 9 1264 149 F: 9 
1257 10 1267 166 F: 10 
1285 11 1296 40 F: 4 3 4 
1286 6 1304 30 F: 2 2 2 
1288 8 1296 230 F: 5 3 
1296 8 1328 202 F: 7 1 
1302 6 1320 184 F: 6 
1312 12 1360 113 F: 12 
1323 6 1335 166 F: 6 
1323 8 1347 215 F: 2 2 4 
1324 4 1336 155 F: 3 1 
1329 13 1342 117 F: 5 4 4 
1339 2 1343 117 F: 2 
1339 6 1357 165 F: 6 
1343 8 1375 48 F: 8 
1347 8 1379 103 F: 4 1 3 
1349 9 1367 143 F: 9 
1351 3 1354 80 F: 3 
1353 7 1360 83 F: 7 
1361 5 1381 181 F: 5 
1389 12 1437 41 F: 6 6 
1414 7 1421 46 F: 7 
1422 5 1432 197 F: 2 2 1 
1422 9 1449 154 F: 3 2 4 
1424 3 1427 213 F: 3 
1433 8 1441 200 F: 5 1 2 
1441 8 1465 42 F: 2 6 
1450 7 1457 113 F: 2 3 2 
1450 7 1471 241 F: 7 
1455 10 1475 180 F: 4 3 3 
1465 6 1471 206 F: 6 
1470 3 1482 140 F: 3 
1479 7 1486 95 F: 5 1 1 
1483 7 1511 221 F: 5 2 
1487 13 1500 193 F: 13 
1499 13 1538 82 F: 13 
1519 9 1546 41 F: 4 2 3 
1522 6 1534 221 F: 6 
1531 7 1545 31 F: 7 
1534 7 1548 112 F: 7 
1534 8 1542 146 F: 5 1 2 
1536 6 1554 204 F: 2 2 2 
1548 12 1572 22 F: 12 
1552 13 1565 77 F: 7 6 
1561 10 1591 165 F: 5 5 
1562 6 1580 91 F: 4 2 
1574 8 1598 127 F: 5 1 2 
1575 7 1596 111 F: 6 1 
1581 8 1589 117 F: 2 3 3 
1583 11 1627 212 F: 11 
1588 6 1612 97 F: 4 2 
1611 12 1623 105 F: 12 
1623 5 1633 232 F: 3 2 
1624 8 1640 130 F: 7 1 
1633 7 1647 86 F: 7 
1644 6 1668 84 F: 5 1 
1645 9 1663 137 F: 4 5 
1646 8 1654 247 F: 5 3 
1647 8 1671 63 F: 3 2 3 
1657 12 1669 106 F: 12 
1666 2 1674 42 F: 2 
D: 14 238 
D: 18 232 
D: 20 218 
D: 26 89 
D: 28 168 
D: 33 102 
D: 34 37 
D: 38 149 
D: 48 100 
D: 48 132 
D: 51 181 
D: 55 67 
D: 56 238 
D: 61 249 
D: 83 205 
D: 100 128 
D: 100 229 
D: 133 221 
D: 134 156 
D: 157 208 
D: 172 200 
D: 184 233 
D: 214 238 
D: 215 249 
D: 232 246 
