10 7 17 59 F: 3 4 
18 10 38 348 F: 10 
24 10 54 296 F: 4 3 3 
33 5 43 240 F: 3 1 1 
34 6 58 14 F: 2 1 3 
38 8 54 113 F: 5 1 2 
52 8 60 73 F: 5 2 1 
57 11 90 69 F: 7 4 
59 10 99 320 F: 5 3 2 
63 4 79 342 F: 3 1 
64 9 100 239 F: 4 4 1 
72 4 80 195 F: 4 
75 10 95 103 F: 5 5 
78 7 92 139 F: 7 
90 11 101 309 F: 5 4 2 
104 9 122 264 F: 4 5 
116 6 140 156 F: 2 3 1 
116 10 126 95 F: 10 
119 7 133 265 F: 3 4 
125 9 143 212 F: 4 5 
128 10 158 192 F: 4 2 4 
132 10 152 137 F: 4 4 2 
157 7 185 99 F: 7 
166 6 178 93 F: 4 1 1 
171 9 207 251 F: 6 3 
176 10 206 337 F: 5 4 1 
181 12 217 100 F: 4 4 4 
183 6 189 253 F: 3 1 2 
194 2 198 290 F: 2 
198 10 238 165 F: 4 6 
210 8 226 297 F: 3 5 
217 7 231 24 F: 4 3 
224 11 268 75 F: 11 
228 11 272 330 F: 11 
235 7 242 46 F: 2 1 4 
241 11 274 83 F: 5 6 
248 3 254 289 F: 2 1 
248 10 278 76 F: 4 6 
249 8 273 207 F: 6 2 
251 10 281 140 F: 4 2 4 
256 6 268 58 F: 3 3 
257 13 283 46 F: 13 
283 8 307 41 F: 5 1 2 
287 8 319 124 F: 4 3 1 
294 12 306 95 F: 7 5 
301 3 310 71 F: 3 
302 5 317 113 F: 2 3 
320 9 329 262 F: 9 
344 5 359 331 F: 3 2 
349 8 357 103 F: 3 5 
350 8 374 13 F: 8 
353 10 383 127 F: 7 3 
355 10 375 70 F: 10 
356 11 389 229 F: 11 
357 8 389 340 F: 3 5 
359 10 369 81 F: 10 
380 10 400 168 F: 5 5 
385 10 425 102 F: 10 
386 9 422 83 F: 3 3 3 
392 6 410 60 F: 2 1 3 
404 9 431 50 F: 5 4 
407 5 427 102 F: 5 
408 6 426 42 F: 6 
416 12 440 261 F: 12 
427 5 442 20 F: 4 1 
429 4 441 115 F: 2 2 
429 7 436 188 F: 3 2 2 
438 8 470 41 F: 4 3 1 
446 6 458 122 F: 5 1 
458 2 466 296 F: 2 
465 10 475 105 F: 7 3 
467 9 476 318 F: 4 2 3 
488 13 501 277 F: 13 
495 10 525 96 F: 4 3 3 
498 10 538 36 F: 10 
500 10 520 146 F: 5 2 3 
514 2 520 125 F: 2 
516 13 555 292 F: 13 
524 9 560 309 F: 3 4 2 
526 9 562 145 F: 9 
541 9 550 14 F: 9 
553 6 559 116 F: 4 1 1 
554 7 582 156 F: 5 1 1 
568 7 582 282 F: 2 4 1 
568 9 577 26 F: 3 2 4 
569 9 587 189 F: 7 2 
570 6 576 18 F: 2 4 
581 5 591 150 F: 5 
585 10 595 343 F: 5 1 4 
597 11 608 209 F: 11 
601 8 625 325 F: 3 3 2 
606 10 616 131 F: 5 1 4 
610 9 619 15 F: 2 3 4 
611 12 659 62 F: 5 3 4 
616 6 634 213 F: 4 2 
618 5 628 346 F: 4 1 
629 9 638 139 F: 3 2 4 
647 10 687 262 F: 10 
652 12 664 18 F: 7 5 
659 9 686 201 F: 7 2 
660 9 687 79 F: 7 2 
660 9 696 274 F: 3 4 2 
686 9 695 129 F: 9 
691 9 700 170 F: 5 3 1 
698 11 742 94 F: 5 3 3 
704 5 709 226 F: 5 
707 5 712 136 F: 4 1 
712 11 745 248 F: 7 4 
722 6 746 313 F: 6 
732 6 750 106 F: 5 1 
752 8 768 284 F: 5 1 2 
753 3 756 59 F: 3 
766 8 798 332 F: 4 2 2 
777 6 783 284 F: 4 1 1 
783 4 787 172 F: 4 
790 8 806 325 F: 5 3 
791 8 823 242 F: 2 3 3 
792 9 801 38 F: 3 6 
795 10 825 89 F: 10 
799 4 807 213 F: 2 2 
802 4 814 338 F: 4 
832 7 860 37 F: 7 
846 10 876 259 F: 10 
847 3 856 14 F: 2 1 
851 7 872 193 F: 2 5 
858 9 894 58 F: 4 2 3 
861 6 885 184 F: 4 2 
864 9 882 102 F: 5 4 
866 6 890 241 F: 2 1 3 
868 7 889 93 F: 4 2 1 
872 7 886 225 F: 6 1 
873 8 897 80 F: 3 2 3 
884 11 895 215 F: 5 6 
894 2 902 248 F: 2 
899 5 914 107 F: 5 
904 8 928 279 F: 2 2 4 
909 7 916 131 F: 2 2 3 
909 10 939 219 F: 5 5 
914 10 924 133 F: 10 
915 4 923 188 F: 4 
931 8 955 208 F: 8 
933 8 941 29 F: 2 6 
934 8 942 248 F: 2 3 3 
944 9 980 112 F: 5 1 3 
945 4 953 167 F: 3 1 
962 7 976 97 F: 3 4 
970 7 984 103 F: 2 3 2 
981 5 986 340 F: 5 
986 9 1004 37 F: 4 5 
999 6 1005 315 F: 2 1 3 
1000 9 1009 50 F: 9 
1004 4 1016 247 F: 2 1 1 
1004 9 1031 187 F: 9 
1010 4 1014 237 F: 4 
1011 10 1041 320 F: 5 3 2 
1019 7 1033 259 F: 4 3 
1023 7 1037 316 F: 2 4 1 
1038 8 1046 342 F: 6 2 
1044 6 1068 6 F: 3 3 
1047 5 1057 306 F: 3 2 
1056 2 1064 305 F: 2 
1061 3 1067 165 F: 3 
1061 11 1072 164 F: 5 3 3 
1070 12 1118 332 F: 5 4 3 
1088 9 1115 213 F: 4 5 
1104 8 1120 220 F: 7 1 
1111 8 1119 157 F: 2 6 
1130 10 1170 115 F: 5 5 
1137 10 1177 106 F: 3 4 3 
1153 5 1163 117 F: 2 1 2 
1161 6 1185 342 F: 3 2 1 
1162 7 1176 172 F: 2 3 2 
1167 11 1178 311 F: 6 5 
1179 12 1227 227 F: 4 4 4 
1181 4 1189 21 F: 4 
1183 8 1199 223 F: 8 
1187 10 1197 129 F: 5 5 
1192 6 1210 185 F: 4 1 1 
1197 6 1221 157 F: 3 3 
1198 9 1207 97 F: 9 
1219 7 1226 288 F: 6 1 
1222 9 1258 99 F: 5 3 1 
1224 11 1257 272 F: 5 4 2 
1229 6 1235 325 F: 6 
1230 9 1266 95 F: 9 
1232 7 1239 96 F: 6 1 
1234 6 1252 40 F: 6 
1241 5 1251 206 F: 2 1 2 
1247 11 1258 254 F: 3 4 4 
1249 6 1267 145 F: 3 1 2 
1258 4 1266 248 F: 2 1 1 
1262 7 1283 69 F: 4 2 1 
1263 9 1299 303 F: 3 4 2 
1273 6 1285 251 F: 2 3 1 
1275 8 1307 131 F: 8 
1300 10 1340 66 F: 5 5 
1306 5 1326 124 F: 3 1 1 
1306 9 1315 328 F: 4 5 
1311 4 1319 290 F: 4 
1327 6 1351 157 F: 3 2 1 
1347 2 1353 90 F: 2 
1348 12 1396 129 F: 7 5 
1370 8 1402 350 F: 7 1 
1375 12 1387 79 F: 7 5 
1377 2 1385 313 F: 2 
1377 4 1385 182 F: 4 
1377 6 1389 336 F: 5 1 
1379 8 1387 9 F: 2 6 
1391 7 1412 234 F: 2 3 2 
1391 11 1402 96 F: 11 
1410 8 1434 76 F: 8 
1419 11 1452 318 F: 11 
1423 11 1456 220 F: 11 
1428 10 1468 244 F: 3 4 3 
1435 9 1471 103 F: 3 6 
1435 12 1483 146 F: 12 
1436 4 1452 159 F: 3 1 
1440 8 1448 269 F: 6 2 
1450 6 1474 305 F: 3 1 2 
1478 8 1486 187 F: 5 3 
1482 12 1506 151 F: 4 4 4 
1489 10 1529 271 F: 4 6 
1494 6 1506 228 F: 2 1 3 
1495 12 1543 342 F: 12 
1497 5 1512 18 F: 5 
1502 12 1514 101 F: 6 6 
1511 10 1541 322 F: 4 2 4 
1519 5 1524 141 F: 2 2 1 
1525 6 1531 111 F: 2 4 
1532 8 1556 197 F: 3 2 3 
1538 10 1578 268 F: 3 3 4 
1553 6 1577 258 F: 6 
1555 2 1563 46 F: 2 
1567 13 1580 22 F: 13 
1576 7 1590 307 F: 5 2 
1586 11 1630 54 F: 5 6 
1588 8 1620 229 F: 5 3 
1592 10 1602 291 F: 4 3 3 
1594 6 1606 114 F: 3 1 2 
1596 8 1612 145 F: 5 1 2 
1600 5 1605 38 F: 3 2 
1616 9 1652 248 F: 9 
1619 7 1640 115 F: 2 1 4 
1622 3 1628 258 F: 3 
1639 11 1650 313 F: 11 
1640 11 1662 226 F: 11 
1641 11 1663 53 F: 5 6 
1647 8 1671 75 F: 3 3 2 
1655 5 1675 337 F: 5 
1666 7 1694 40 F: 4 3 
1667 9 1694 66 F: 4 5 
1679 9 1688 253 F: 5 1 3 
1680 6 1686 237 F: 6 
1690 3 1699 53 F: 2 1 
1698 11 1742 129 F: 6 5 
1703 7 1717 201 F: 4 1 2 
1705 8 1721 222 F: 8 
1706 7 1720 2 F: 6 1 
1708 9 1744 311 F: 5 4 
1708 11 1741 53 F: 4 4 3 
1709 5 1724 255 F: 5 
1734 12 1782 238 F: 5 3 4 
1744 13 1757 65 F: 13 
1745 9 1754 135 F: 5 4 
1752 7 1773 36 F: 6 1 
1758 5 1763 349 F: 4 1 
1765 11 1809 128 F: 3 4 4 
1773 13 1799 101 F: 13 
1775 2 1781 300 F: 2 
1788 9 1806 1 F: 3 3 3 
1800 3 1803 114 F: 3 
1822 9 1840 281 F: 2 3 4 
1827 11 1838 213 F: 5 2 4 
1833 3 1845 150 F: 3 
1844 8 1868 343 F: 5 3 
1850 9 1868 99 F: 5 2 2 
1853 10 1863 176 F: 5 5 
1860 9 1878 23 F: 9 
1861 9 1879 27 F: 7 2 
1876 11 1920 321 F: 11 
1880 8 1888 119 F: 3 5 
1882 5 1897 152 F: 3 1 1 
1884 10 1894 203 F: 5 1 4 
1891 9 1918 229 F: 5 1 3 
1892 7 1913 236 F: 2 3 2 
1905 6 1929 283 F: 6 
1922 6 1946 57 F: 2 2 2 
1927 10 1937 68 F: 7 3 
1936 10 1956 78 F: 4 4 2 
1941 9 1968 234 F: 3 6 
1952 7 1973 338 F: 5 1 1 
1952 10 1972 122 F: 10 
1955 9 1991 349 F: 4 3 2 
1958 3 1970 135 F: 2 1 
1962 3 1974 104 F: 2 1 
1970 11 2014 222 F: 4 4 3 
1978 11 1989 189 F: 5 4 2 
1986 13 2025 188 F: 13 
1991 4 1999 128 F: 2 1 1 
1997 6 2003 92 F: 6 
2000 5 2005 32 F: 5 
2005 12 2053 296 F: 12 
2006 10 2046 41 F: 10 
2016 9 2034 224 F: 4 2 3 
2030 8 2046 34 F: 5 3 
2043 6 2055 51 F: 5 1 
2044 5 2054 35 F: 3 2 
2051 9 2060 276 F: 4 4 1 
2055 7 2076 116 F: 2 2 3 
2064 11 2075 136 F: 5 3 3 
2069 9 2078 59 F: 2 3 4 
2076 8 2100 266 F: 2 3 3 
2079 9 2097 25 F: 6 3 
2083 11 2127 251 F: 5 6 
2093 11 2104 109 F: 5 3 3 
2108 12 2144 18 F: 4 4 4 
2128 10 2158 132 F: 2 4 4 
2129 3 2138 245 F: 2 1 
2129 7 2150 282 F: 2 4 1 
2136 7 2150 321 F: 3 4 
2139 11 2161 306 F: 4 4 3 
2143 4 2159 143 F: 3 1 
2164 10 2174 36 F: 6 4 
2170 7 2177 145 F: 4 3 
2185 12 2209 215 F: 12 
2190 10 2210 98 F: 4 2 4 
2190 10 2230 50 F: 10 
2190 12 2214 160 F: 12 
2192 7 2206 198 F: 2 3 2 
2194 11 2205 127 F: 5 2 4 
2216 10 2256 162 F: 5 1 4 
2216 11 2238 260 F: 11 
2221 10 2241 262 F: 10 
2227 9 2254 114 F: 5 1 3 
2228 5 2243 291 F: 2 1 2 
2253 6 2277 330 F: 3 1 2 
2253 8 2285 331 F: 8 
2255 7 2262 221 F: 3 4 
2263 12 2275 122 F: 12 
2264 11 2286 270 F: 11 
2272 8 2304 196 F: 4 4 
2273 7 2280 103 F: 2 5 
2279 5 2299 325 F: 3 2 
2287 7 2315 44 F: 3 4 
2287 8 2311 155 F: 8 
2328 11 2350 97 F: 4 3 4 
2341 8 2357 219 F: 6 2 
2357 9 2375 207 F: 9 
2397 2 2405 255 F: 2 
2398 10 2418 163 F: 10 
D: 16 341 
D: 21 205 
D: 25 321 
D: 26 347 
D: 43 195 
D: 57 140 
D: 57 261 
D: 58 223 
D: 59 97 
D: 65 294 
D: 74 243 
D: 78 96 
D: 82 134 
D: 87 127 
D: 89 198 
D: 94 90 
D: 96 140 
D: 97 112 
D: 122 291 
D: 142 208 
D: 147 193 
D: 157 176 
D: 160 297 
D: 180 334 
D: 187 311 
D: 207 209 
D: 207 264 
D: 214 300 
D: 220 302 
D: 221 262 
D: 222 332 
D: 223 312 
D: 227 300 
D: 240 339 
D: 281 313 
