6 7 20 259 F: 3 1 3 
10 8 18 52 F: 4 4 
17 6 29 129 F: 3 1 2 
25 10 35 239 F: 5 2 3 
31 4 39 17 F: 4 
48 11 70 273 F: 4 3 4 
54 10 94 12 F: 4 6 
56 10 86 17 F: 10 
59 10 79 212 F: 3 3 4 
62 2 70 161 F: 2 
69 12 93 15 F: 6 6 
72 10 92 95 F: 7 3 
86 12 134 71 F: 7 5 
95 3 107 58 F: 3 
95 7 116 283 F: 7 
111 6 117 153 F: 3 3 
111 12 147 199 F: 12 
116 9 134 239 F: 9 
122 9 140 157 F: 4 4 1 
136 9 154 192 F: 4 5 
141 8 173 230 F: 4 4 
142 3 148 161 F: 3 
156 5 166 300 F: 2 1 2 
166 9 193 299 F: 5 4 
171 13 197 25 F: 7 6 
174 5 179 170 F: 4 1 
182 10 212 224 F: 6 4 
183 12 219 75 F: 12 
187 6 205 188 F: 3 2 1 
198 8 222 20 F: 8 
203 9 230 180 F: 9 
207 6 225 26 F: 3 2 1 
229 12 265 29 F: 12 
238 12 286 80 F: 12 
239 8 247 81 F: 8 
249 7 263 54 F: 2 5 
254 7 268 60 F: 3 4 
259 13 298 139 F: 13 
265 9 283 175 F: 3 3 3 
271 4 279 190 F: 2 2 
271 5 286 260 F: 2 1 2 
277 6 283 298 F: 4 2 
277 11 288 46 F: 11 
285 10 295 51 F: 6 4 
288 9 324 189 F: 7 2 
306 7 313 99 F: 7 
310 12 334 254 F: 12 
327 12 351 284 F: 6 6 
338 11 360 12 F: 6 5 
344 5 359 136 F: 3 2 
351 7 379 264 F: 5 1 1 
359 7 366 163 F: 2 5 
365 5 370 88 F: 5 
366 9 375 59 F: 5 2 2 
369 10 409 193 F: 10 
370 8 402 83 F: 5 2 1 
370 11 403 24 F: 11 
373 10 413 60 F: 4 4 2 
377 3 380 284 F: 3 
387 7 408 186 F: 4 1 2 
400 12 436 285 F: 7 5 
413 11 435 125 F: 6 5 
416 9 443 59 F: 9 
418 8 434 89 F: 4 2 2 
419 7 426 249 F: 3 2 2 
438 7 452 288 F: 2 4 1 
446 8 478 113 F: 4 4 
453 4 465 266 F: 2 2 
457 5 477 297 F: 2 3 
458 5 468 201 F: 5 
464 10 484 186 F: 6 4 
476 10 506 236 F: 10 
478 2 486 88 F: 2 
482 6 506 32 F: 6 
489 12 537 37 F: 12 
507 9 543 4 F: 4 2 3 
514 5 529 10 F: 3 1 1 
523 7 544 205 F: 2 1 4 
527 10 547 64 F: 4 4 2 
530 7 558 193 F: 7 
535 12 547 119 F: 12 
541 8 549 109 F: 2 6 
541 12 553 215 F: 12 
543 7 564 8 F: 5 2 
543 11 576 181 F: 7 4 
550 7 557 243 F: 2 1 4 
553 8 585 265 F: 8 
554 8 578 30 F: 2 3 3 
557 9 593 215 F: 5 2 2 
593 8 617 155 F: 8 
606 5 626 53 F: 4 1 
616 6 634 247 F: 2 1 3 
618 9 654 189 F: 3 3 3 
618 12 642 94 F: 6 6 
652 7 673 75 F: 3 4 
653 8 685 238 F: 3 1 4 
656 7 670 178 F: 7 
662 7 676 61 F: 4 3 
669 8 701 283 F: 3 2 3 
675 8 691 189 F: 8 
675 10 705 246 F: 4 3 3 
676 8 692 85 F: 8 
678 12 714 265 F: 6 6 
695 6 707 129 F: 5 1 
698 6 722 212 F: 3 2 1 
708 4 716 45 F: 4 
711 10 751 124 F: 5 2 3 
716 12 740 219 F: 12 
722 8 730 151 F: 3 1 4 
722 8 746 166 F: 2 3 3 
725 7 732 227 F: 5 2 
755 9 773 111 F: 5 3 1 
756 4 768 95 F: 3 1 
762 6 768 213 F: 6 
770 9 788 129 F: 9 
773 10 813 239 F: 3 3 4 
777 7 784 240 F: 5 2 
789 2 791 165 F: 2 
795 3 807 256 F: 2 1 
795 10 815 96 F: 5 5 
807 8 839 42 F: 8 
814 8 822 189 F: 3 5 
817 6 823 125 F: 6 
817 9 844 296 F: 6 3 
822 10 852 300 F: 10 
838 7 845 47 F: 5 2 
843 12 891 9 F: 5 4 3 
849 7 863 262 F: 7 
861 5 866 265 F: 2 1 2 
873 2 875 95 F: 2 
874 10 884 193 F: 4 6 
880 8 896 18 F: 4 4 
885 8 893 207 F: 3 5 
887 8 895 271 F: 2 6 
894 11 905 241 F: 11 
920 8 928 169 F: 3 1 4 
920 8 944 264 F: 8 
927 4 943 46 F: 4 
927 6 933 183 F: 6 
948 12 972 288 F: 5 3 4 
951 8 967 201 F: 6 2 
951 12 975 158 F: 4 4 4 
959 9 995 73 F: 5 4 
961 8 993 134 F: 8 
964 5 974 95 F: 4 1 
970 7 991 84 F: 2 2 3 
979 8 987 63 F: 4 3 1 
980 9 998 92 F: 2 3 4 
989 4 997 106 F: 2 1 1 
991 5 996 227 F: 4 1 
1000 7 1021 242 F: 4 3 
1002 5 1022 214 F: 2 1 2 
1022 10 1062 224 F: 5 2 3 
1035 3 1041 102 F: 3 
1037 11 1059 287 F: 11 
1043 8 1051 291 F: 7 1 
1049 10 1069 86 F: 4 3 3 
1063 12 1099 102 F: 12 
1069 7 1090 58 F: 6 1 
1071 3 1080 129 F: 3 
1073 9 1082 76 F: 3 6 
1074 11 1085 124 F: 7 4 
1076 10 1106 95 F: 3 3 4 
1083 11 1105 247 F: 3 4 4 
1084 7 1112 298 F: 5 2 
1121 9 1130 8 F: 5 4 
1138 5 1143 189 F: 3 2 
1138 9 1174 73 F: 5 2 2 
1145 4 1153 58 F: 4 
1150 8 1166 124 F: 3 1 4 
1157 2 1163 164 F: 2 
1161 4 1165 262 F: 2 2 
1164 13 1190 242 F: 13 
1172 7 1186 19 F: 3 4 
1176 9 1212 115 F: 7 2 
1178 10 1188 83 F: 4 6 
1179 11 1190 104 F: 6 5 
1192 2 1200 257 F: 2 
1198 5 1203 38 F: 2 1 2 
1198 8 1206 270 F: 4 2 2 
1208 3 1214 26 F: 3 
1216 8 1232 4 F: 4 1 3 
1222 9 1240 292 F: 3 4 2 
1222 9 1249 139 F: 4 2 3 
1234 6 1240 234 F: 2 4 
1236 5 1251 71 F: 3 2 
1251 10 1281 199 F: 5 5 
1258 9 1276 98 F: 7 2 
1263 8 1271 254 F: 3 4 1 
1274 5 1294 73 F: 5 
1277 5 1297 280 F: 5 
1278 12 1314 274 F: 12 
1294 4 1306 50 F: 2 2 
1296 11 1329 213 F: 5 6 
1298 8 1330 292 F: 3 2 3 
1302 13 1328 185 F: 7 6 
1306 6 1330 125 F: 6 
1314 6 1320 77 F: 4 2 
1316 4 1328 296 F: 3 1 
1330 8 1346 56 F: 8 
1337 7 1358 32 F: 4 3 
1344 2 1346 133 F: 2 
1367 7 1395 52 F: 2 5 
1372 5 1382 141 F: 5 
1377 10 1417 63 F: 5 3 2 
1383 8 1415 96 F: 8 
1388 6 1394 107 F: 3 3 
1393 8 1401 209 F: 3 1 4 
1395 7 1416 219 F: 2 5 
1396 6 1414 8 F: 6 
1406 5 1416 296 F: 5 
1408 6 1414 108 F: 3 1 2 
1412 9 1448 282 F: 9 
1435 4 1439 156 F: 4 
1445 7 1466 136 F: 7 
1448 2 1452 251 F: 2 
1458 11 1469 39 F: 11 
1463 5 1478 252 F: 5 
1465 7 1486 238 F: 5 1 1 
1468 10 1498 268 F: 4 4 2 
1469 9 1505 226 F: 4 3 2 
1470 6 1482 263 F: 3 3 
1470 9 1497 233 F: 5 2 2 
1471 5 1476 195 F: 5 
1498 7 1519 15 F: 6 1 
1502 9 1538 160 F: 3 6 
1504 7 1525 100 F: 3 3 1 
1508 5 1523 83 F: 2 3 
1510 6 1516 113 F: 2 2 2 
1523 4 1527 232 F: 4 
1559 6 1571 56 F: 2 1 3 
1562 11 1606 290 F: 4 3 4 
1570 3 1582 299 F: 3 
1573 7 1601 65 F: 4 2 1 
1577 4 1585 202 F: 4 
1579 7 1600 174 F: 3 4 
1586 10 1606 65 F: 10 
1591 11 1602 213 F: 4 3 4 
1596 10 1606 59 F: 7 3 
1598 9 1625 242 F: 7 2 
1603 7 1631 56 F: 4 3 
1615 5 1635 212 F: 4 1 
1619 13 1658 175 F: 13 
1629 8 1653 8 F: 2 3 3 
1637 7 1651 176 F: 6 1 
1641 10 1661 278 F: 10 
1645 9 1654 35 F: 5 4 
1649 6 1661 240 F: 6 
1661 7 1689 177 F: 4 3 
1664 13 1690 287 F: 5 4 4 
1665 8 1689 155 F: 7 1 
1667 7 1695 268 F: 7 
1674 9 1701 22 F: 9 
1675 12 1723 122 F: 7 5 
1686 9 1695 182 F: 7 2 
1704 9 1740 266 F: 5 1 3 
1714 13 1753 215 F: 7 6 
1715 7 1722 8 F: 2 2 3 
1720 11 1731 38 F: 11 
1720 11 1742 6 F: 11 
1737 4 1753 227 F: 2 2 
1748 4 1752 68 F: 2 1 1 
1748 4 1760 9 F: 4 
1757 9 1775 96 F: 5 1 3 
1758 2 1766 198 F: 2 
1769 10 1779 72 F: 7 3 
1774 13 1800 106 F: 13 
1776 7 1804 21 F: 2 1 4 
1792 10 1802 169 F: 5 5 
1799 8 1815 144 F: 8 
1805 6 1811 265 F: 2 4 
1806 8 1830 94 F: 3 2 3 
1831 13 1870 204 F: 13 
1839 10 1879 200 F: 5 3 2 
1844 9 1871 70 F: 9 
1847 6 1853 3 F: 2 3 1 
1849 13 1875 64 F: 13 
1850 13 1876 23 F: 7 6 
1854 7 1861 8 F: 4 1 2 
1884 6 1902 220 F: 4 2 
1887 7 1894 167 F: 7 
1891 9 1927 103 F: 5 2 2 
1893 4 1905 272 F: 3 1 
1897 10 1927 74 F: 6 4 
1898 6 1916 84 F: 3 3 
1902 8 1918 146 F: 8 
1906 9 1915 182 F: 4 4 1 
1920 8 1944 136 F: 2 3 3 
1927 5 1947 292 F: 2 2 1 
1934 9 1970 17 F: 5 4 
1939 5 1944 52 F: 2 3 
1944 9 1971 153 F: 3 3 3 
1949 8 1981 27 F: 3 2 3 
1950 11 1961 86 F: 4 4 3 
1960 3 1963 278 F: 3 
1961 4 1973 146 F: 4 
1981 2 1983 150 F: 2 
1984 13 2036 70 F: 13 
1987 6 2005 47 F: 6 
1988 11 2021 71 F: 7 4 
D: 9 226 
D: 10 84 
D: 12 146 
D: 32 177 
D: 40 76 
D: 41 297 
D: 42 236 
D: 50 75 
D: 63 226 
D: 64 250 
D: 87 178 
D: 89 196 
D: 90 225 
D: 96 99 
D: 112 261 
D: 113 114 
D: 119 164 
D: 121 162 
D: 125 148 
D: 143 288 
D: 153 169 
D: 156 244 
D: 159 172 
D: 167 249 
D: 169 244 
D: 209 254 
D: 212 218 
D: 230 298 
D: 231 292 
D: 275 281 
