8 2 12 161 F: 2 
8 12 32 188 F: 12 
9 8 17 191 F: 2 2 4 
10 12 46 73 F: 12 
20 4 24 29 F: 4 
22 8 38 216 F: 4 4 
43 8 75 340 F: 2 3 3 
44 9 80 274 F: 5 4 
49 11 93 341 F: 11 
50 10 60 302 F: 7 3 
53 4 61 320 F: 2 2 
60 7 81 121 F: 3 3 1 
63 10 73 311 F: 10 
66 11 99 196 F: 11 
94 12 130 243 F: 12 
101 6 125 282 F: 4 2 
113 3 119 113 F: 3 
116 9 143 326 F: 7 2 
122 5 132 63 F: 5 
129 4 137 237 F: 2 2 
141 3 147 188 F: 2 1 
141 10 161 253 F: 3 3 4 
143 12 179 176 F: 12 
150 8 166 219 F: 4 3 1 
152 8 160 208 F: 8 
154 3 166 203 F: 3 
163 3 175 228 F: 3 
180 8 204 50 F: 5 3 
191 4 207 26 F: 4 
198 11 231 281 F: 5 2 4 
200 10 220 251 F: 4 2 4 
201 11 212 228 F: 4 4 3 
202 5 207 341 F: 3 2 
210 3 222 229 F: 3 
213 3 222 301 F: 2 1 
220 7 248 267 F: 7 
221 8 245 350 F: 2 4 2 
228 3 237 304 F: 2 1 
234 12 270 226 F: 5 3 4 
242 8 274 170 F: 2 4 2 
248 6 266 250 F: 5 1 
260 10 300 123 F: 4 2 4 
275 10 315 139 F: 4 6 
284 8 308 287 F: 5 1 2 
289 13 315 161 F: 5 4 4 
307 10 317 260 F: 5 2 3 
324 10 354 149 F: 7 3 
335 7 349 212 F: 4 3 
340 4 352 168 F: 3 1 
350 12 374 284 F: 12 
356 10 386 92 F: 2 4 4 
364 10 394 251 F: 10 
365 6 371 77 F: 6 
377 10 417 138 F: 7 3 
383 10 413 100 F: 4 4 2 
386 5 396 183 F: 5 
387 9 396 112 F: 5 1 3 
388 5 393 176 F: 5 
391 8 407 145 F: 6 2 
399 9 417 265 F: 9 
410 7 438 137 F: 3 3 1 
413 6 419 27 F: 4 1 1 
419 10 449 238 F: 10 
424 7 431 327 F: 2 1 4 
434 4 442 103 F: 3 1 
447 8 479 17 F: 8 
447 9 465 217 F: 4 5 
448 9 484 331 F: 9 
451 12 487 348 F: 6 6 
454 4 466 224 F: 3 1 
460 12 508 100 F: 6 6 
473 7 494 24 F: 7 
490 6 508 268 F: 2 1 3 
490 11 534 269 F: 5 4 2 
499 6 523 66 F: 6 
507 11 529 79 F: 6 5 
512 3 515 83 F: 2 1 
518 5 528 182 F: 2 1 2 
532 4 548 142 F: 4 
532 7 553 61 F: 2 4 1 
534 5 544 16 F: 3 1 1 
535 9 553 241 F: 6 3 
539 10 549 281 F: 4 6 
551 8 559 169 F: 8 
577 6 583 204 F: 5 1 
577 8 601 244 F: 5 2 1 
579 7 586 84 F: 3 1 3 
589 3 601 18 F: 2 1 
591 7 612 277 F: 3 4 
597 10 607 224 F: 10 
601 11 612 286 F: 11 
605 9 614 46 F: 9 
607 3 619 106 F: 2 1 
611 8 643 72 F: 6 2 
612 7 619 175 F: 4 3 
626 10 656 289 F: 7 3 
631 7 645 103 F: 5 2 
639 13 652 141 F: 13 
660 9 669 103 F: 3 6 
673 8 689 248 F: 5 3 
675 9 684 345 F: 7 2 
676 3 688 95 F: 2 1 
682 6 688 306 F: 6 
685 11 707 283 F: 11 
685 12 697 184 F: 12 
707 7 735 57 F: 4 2 1 
708 6 732 296 F: 2 3 1 
722 10 742 128 F: 10 
745 5 760 107 F: 5 
746 5 756 145 F: 3 2 
756 7 770 132 F: 7 
762 10 782 39 F: 5 3 2 
773 10 793 280 F: 7 3 
776 10 786 296 F: 5 5 
778 9 805 267 F: 5 4 
782 13 834 91 F: 13 
784 13 836 9 F: 13 
786 10 816 22 F: 4 6 
797 9 806 10 F: 7 2 
798 7 805 48 F: 2 2 3 
811 7 839 140 F: 6 1 
818 11 862 199 F: 5 2 4 
826 10 846 192 F: 3 4 3 
827 10 847 201 F: 10 
840 8 856 167 F: 8 
841 8 857 263 F: 8 
841 12 889 59 F: 12 
845 4 861 284 F: 4 
845 10 855 309 F: 5 2 3 
861 8 877 316 F: 3 4 1 
865 8 897 300 F: 5 1 2 
871 9 889 217 F: 6 3 
879 10 919 46 F: 5 1 4 
884 10 904 345 F: 4 4 2 
896 6 908 146 F: 5 1 
901 5 906 241 F: 5 
920 10 930 89 F: 10 
927 4 935 278 F: 4 
937 8 953 176 F: 8 
945 10 965 167 F: 5 1 4 
946 2 952 287 F: 2 
957 4 973 17 F: 3 1 
959 4 971 208 F: 2 1 1 
975 6 993 306 F: 4 2 
980 8 988 101 F: 2 2 4 
981 7 988 34 F: 7 
981 9 999 54 F: 5 1 3 
982 7 996 214 F: 5 2 
982 11 1026 297 F: 5 4 2 
985 8 1001 80 F: 2 4 2 
1001 13 1014 135 F: 5 4 4 
1003 4 1015 93 F: 2 2 
1027 10 1047 63 F: 5 2 3 
1032 7 1053 124 F: 5 1 1 
1032 9 1041 327 F: 9 
1040 11 1084 321 F: 11 
1042 2 1048 10 F: 2 
1051 6 1069 306 F: 4 1 1 
1061 3 1064 1 F: 3 
1078 8 1102 121 F: 3 5 
1083 7 1111 186 F: 3 4 
1090 5 1100 103 F: 4 1 
1092 5 1097 330 F: 3 1 1 
1093 8 1109 253 F: 3 5 
1096 8 1128 301 F: 5 2 1 
1104 8 1120 179 F: 3 5 
1110 5 1120 155 F: 3 2 
1115 8 1123 98 F: 4 3 1 
1120 8 1152 346 F: 5 1 2 
1120 10 1150 152 F: 5 4 1 
1130 10 1140 115 F: 3 4 3 
1141 8 1157 56 F: 8 
1142 8 1174 161 F: 8 
1143 9 1152 298 F: 2 3 4 
1143 12 1191 227 F: 12 
1148 7 1169 107 F: 2 5 
1161 7 1175 211 F: 3 3 1 
1184 10 1194 77 F: 4 6 
1187 7 1215 140 F: 4 2 1 
1197 9 1233 294 F: 6 3 
1222 8 1246 15 F: 5 1 2 
1226 10 1246 231 F: 5 1 4 
1228 6 1246 122 F: 6 
1232 12 1256 308 F: 12 
1247 4 1251 264 F: 4 
1251 11 1273 58 F: 7 4 
1258 4 1266 181 F: 4 
1261 11 1294 313 F: 6 5 
1262 11 1273 38 F: 5 3 3 
1267 8 1275 338 F: 5 3 
1268 8 1300 205 F: 2 3 3 
1277 7 1291 322 F: 3 4 
1294 11 1338 341 F: 7 4 
1297 6 1309 88 F: 6 
1298 10 1328 9 F: 7 3 
1312 9 1330 151 F: 3 2 4 
1321 6 1345 180 F: 2 3 1 
1325 12 1337 74 F: 6 6 
1328 6 1334 293 F: 3 1 2 
1329 7 1350 12 F: 5 2 
1338 9 1347 113 F: 2 3 4 
1339 7 1346 223 F: 7 
1359 6 1371 289 F: 4 2 
1359 8 1383 182 F: 8 
1361 6 1373 244 F: 4 2 
1362 7 1383 238 F: 7 
1364 3 1367 141 F: 3 
1369 8 1401 298 F: 3 4 1 
1390 12 1414 109 F: 5 3 4 
1396 6 1414 246 F: 2 2 2 
1400 10 1410 64 F: 7 3 
1404 3 1416 289 F: 3 
1408 8 1424 302 F: 2 6 
1414 4 1422 15 F: 4 
1431 7 1438 290 F: 4 3 
1432 2 1436 27 F: 2 
1439 12 1451 79 F: 4 4 4 
1450 6 1456 114 F: 6 
1450 9 1486 220 F: 4 5 
1465 6 1483 53 F: 4 2 
1477 5 1487 317 F: 3 2 
1481 6 1487 246 F: 4 1 1 
1483 8 1491 13 F: 7 1 
1493 13 1545 80 F: 13 
1498 3 1507 326 F: 3 
1502 12 1550 50 F: 5 3 4 
1503 12 1551 71 F: 5 3 4 
1511 9 1547 162 F: 5 2 2 
1512 8 1536 330 F: 6 2 
1522 9 1531 306 F: 5 4 
1524 10 1564 34 F: 3 4 3 
1525 8 1541 130 F: 8 
1528 8 1552 120 F: 5 3 
1538 6 1562 161 F: 4 1 1 
1564 6 1588 238 F: 6 
1570 9 1588 242 F: 5 4 
1581 6 1599 289 F: 6 
1581 7 1588 233 F: 2 2 3 
1585 12 1633 132 F: 12 
1589 10 1619 267 F: 4 2 4 
1608 10 1618 233 F: 4 3 3 
1624 5 1639 17 F: 4 1 
1638 6 1650 47 F: 2 2 2 
1639 12 1675 347 F: 6 6 
1643 2 1647 288 F: 2 
1649 10 1659 127 F: 4 6 
1652 9 1679 201 F: 4 4 1 
1655 9 1682 277 F: 4 3 2 
1657 11 1690 195 F: 3 4 4 
1658 11 1669 241 F: 5 3 3 
1675 12 1699 74 F: 7 5 
1678 12 1726 210 F: 12 
1688 9 1715 311 F: 3 4 2 
1690 6 1696 55 F: 6 
1697 5 1707 25 F: 3 1 1 
1700 2 1708 211 F: 2 
1706 7 1713 83 F: 2 3 2 
1726 11 1770 278 F: 11 
1727 5 1732 112 F: 4 1 
1729 8 1745 89 F: 3 2 3 
1739 6 1751 242 F: 4 2 
1739 8 1763 37 F: 2 6 
1745 10 1775 58 F: 5 4 1 
1747 7 1775 308 F: 3 4 
1750 6 1768 10 F: 6 
1757 8 1781 111 F: 5 3 
1762 8 1794 301 F: 8 
1775 9 1793 239 F: 9 
1796 7 1817 228 F: 7 
1798 5 1808 184 F: 2 2 1 
1801 9 1837 235 F: 3 2 4 
1815 7 1836 52 F: 5 1 1 
1822 10 1852 279 F: 10 
1827 6 1845 92 F: 6 
1833 4 1837 274 F: 4 
1835 9 1862 164 F: 4 2 3 
1839 12 1851 246 F: 5 3 4 
1843 8 1851 72 F: 6 2 
1858 10 1878 310 F: 5 2 3 
1859 8 1875 87 F: 6 2 
1870 3 1876 346 F: 3 
1874 10 1904 321 F: 10 
1887 8 1919 271 F: 8 
1896 5 1916 98 F: 5 
1896 8 1920 188 F: 3 3 2 
1906 8 1922 164 F: 2 6 
1907 7 1928 189 F: 3 2 2 
1908 4 1916 105 F: 3 1 
1911 9 1947 189 F: 3 3 3 
1912 9 1939 40 F: 4 4 1 
1916 8 1932 129 F: 8 
1933 4 1941 259 F: 2 2 
1939 13 1965 330 F: 13 
1942 9 1978 195 F: 9 
1965 10 1975 261 F: 10 
1981 7 1995 329 F: 4 3 
1988 8 1996 122 F: 2 3 3 
1994 4 2010 253 F: 4 
1997 11 2019 341 F: 11 
1998 3 2010 27 F: 3 
2004 7 2032 206 F: 3 2 2 
2008 8 2024 70 F: 2 2 4 
2011 2 2015 344 F: 2 
2015 6 2033 339 F: 4 1 1 
2018 9 2027 217 F: 4 3 2 
2018 9 2036 302 F: 5 4 
2054 5 2064 42 F: 3 2 
2055 8 2079 212 F: 5 2 1 
2058 9 2076 105 F: 4 3 2 
2059 7 2066 51 F: 7 
2064 4 2080 344 F: 2 2 
2068 6 2086 211 F: 2 4 
2080 7 2094 142 F: 2 5 
2087 7 2101 22 F: 7 
2089 11 2133 48 F: 5 6 
2103 9 2121 291 F: 4 3 2 
2115 9 2124 273 F: 5 1 3 
2116 7 2144 229 F: 3 1 3 
2126 4 2138 41 F: 4 
2127 3 2130 240 F: 3 
2134 2 2136 311 F: 2 
2134 8 2158 36 F: 7 1 
2159 5 2169 248 F: 5 
2159 8 2167 105 F: 4 4 
2168 7 2175 229 F: 3 2 2 
2173 8 2181 180 F: 4 1 3 
2178 11 2189 311 F: 5 3 3 
2181 2 2183 134 F: 2 
2181 9 2208 88 F: 5 1 3 
2186 6 2192 221 F: 3 3 
2208 11 2252 279 F: 5 2 4 
2220 10 2250 132 F: 4 4 2 
2225 8 2241 124 F: 5 3 
2230 11 2274 167 F: 4 3 4 
2238 11 2271 329 F: 5 4 2 
2245 13 2258 198 F: 5 4 4 
2253 7 2281 56 F: 5 1 1 
2254 10 2264 329 F: 10 
2255 10 2275 96 F: 10 
2260 8 2276 177 F: 5 2 1 
2269 6 2275 282 F: 4 1 1 
2271 9 2280 206 F: 3 3 3 
2286 4 2294 222 F: 4 
2289 6 2295 248 F: 6 
2295 7 2316 93 F: 7 
2347 9 2374 85 F: 6 3 
2356 5 2366 103 F: 4 1 
2356 8 2380 133 F: 8 
2383 10 2403 330 F: 5 2 3 
2398 9 2434 202 F: 2 4 3 
D: 14 320 
D: 24 219 
D: 38 124 
D: 39 50 
D: 39 248 
D: 40 86 
D: 43 206 
D: 45 218 
D: 48 113 
D: 49 180 
D: 56 316 
D: 59 73 
D: 75 92 
D: 81 138 
D: 89 237 
D: 92 179 
D: 98 321 
D: 101 243 
D: 102 137 
D: 102 211 
D: 106 317 
D: 107 112 
D: 113 290 
D: 119 144 
D: 124 311 
D: 127 281 
D: 139 155 
D: 187 266 
D: 197 335 
D: 200 202 
D: 200 347 
D: 205 336 
D: 249 247 
D: 262 303 
D: 286 285 
