16 8 32 295 F: 7 1 
28 13 80 259 F: 7 6 
31 9 58 143 F: 9 
42 7 63 293 F: 2 5 
57 10 87 69 F: 10 
57 12 93 113 F: 5 3 4 
62 9 98 47 F: 7 2 
64 11 75 222 F: 7 4 
66 2 72 265 F: 2 
69 8 77 315 F: 6 2 
69 11 91 184 F: 7 4 
91 10 111 13 F: 10 
92 11 114 210 F: 11 
94 10 134 298 F: 4 3 3 
95 8 119 108 F: 2 6 
115 5 130 257 F: 2 2 1 
118 11 151 257 F: 7 4 
121 13 173 91 F: 13 
129 10 149 101 F: 2 4 4 
138 3 150 117 F: 3 
142 10 172 36 F: 5 5 
150 4 166 326 F: 4 
151 13 203 296 F: 13 
155 12 167 224 F: 7 5 
158 9 176 166 F: 4 4 1 
167 12 215 145 F: 12 
168 8 192 309 F: 4 3 1 
172 9 208 199 F: 9 
179 8 203 254 F: 7 1 
191 9 218 169 F: 6 3 
209 6 215 262 F: 3 3 
213 5 223 332 F: 2 2 1 
225 5 230 56 F: 4 1 
227 9 245 98 F: 9 
229 8 253 232 F: 4 3 1 
230 13 269 190 F: 7 6 
236 10 276 95 F: 4 6 
239 11 272 97 F: 5 3 3 
242 6 248 208 F: 4 1 1 
242 8 266 247 F: 4 3 1 
250 7 271 84 F: 5 1 1 
269 8 285 57 F: 3 1 4 
270 7 298 57 F: 3 2 2 
272 11 305 274 F: 11 
283 7 311 272 F: 5 1 1 
319 6 343 168 F: 2 1 3 
330 8 346 58 F: 3 1 4 
341 7 369 15 F: 2 3 2 
341 10 381 88 F: 5 5 
342 12 390 244 F: 7 5 
367 9 385 277 F: 4 2 3 
369 8 385 35 F: 3 3 2 
375 5 395 176 F: 5 
379 9 388 314 F: 7 2 
379 10 409 315 F: 5 4 1 
383 8 407 256 F: 3 3 2 
384 6 408 108 F: 6 
388 8 396 208 F: 4 2 2 
393 12 441 333 F: 7 5 
398 9 425 349 F: 5 1 3 
408 4 424 105 F: 3 1 
416 8 424 158 F: 5 3 
422 8 430 337 F: 2 6 
422 12 470 293 F: 7 5 
425 6 449 126 F: 2 2 2 
441 6 447 330 F: 3 3 
459 9 495 295 F: 4 2 3 
463 5 478 221 F: 5 
465 5 485 166 F: 5 
474 7 502 131 F: 7 
474 9 483 269 F: 9 
480 4 484 121 F: 4 
486 6 498 111 F: 3 2 1 
494 4 510 296 F: 3 1 
499 11 543 151 F: 5 2 4 
500 9 509 318 F: 3 4 2 
505 9 514 73 F: 4 5 
512 4 528 290 F: 2 2 
528 6 534 297 F: 6 
530 12 578 246 F: 12 
539 6 563 64 F: 3 3 
540 9 549 189 F: 4 5 
541 4 545 79 F: 4 
541 7 562 207 F: 3 1 3 
547 7 561 158 F: 7 
555 7 569 277 F: 2 3 2 
557 10 597 64 F: 10 
558 8 582 40 F: 7 1 
577 5 587 87 F: 5 
592 5 607 45 F: 5 
603 8 619 242 F: 4 3 1 
605 7 619 335 F: 2 5 
608 4 620 23 F: 4 
615 6 639 266 F: 4 2 
617 12 653 49 F: 6 6 
632 11 654 247 F: 11 
633 9 669 107 F: 7 2 
634 8 658 95 F: 3 3 2 
645 13 658 234 F: 13 
648 11 659 314 F: 5 6 
664 9 682 290 F: 7 2 
676 9 703 349 F: 4 1 4 
688 7 702 201 F: 7 
689 8 705 216 F: 2 6 
692 8 708 21 F: 8 
705 10 725 342 F: 5 4 1 
711 9 738 20 F: 7 2 
712 8 728 22 F: 2 6 
715 8 723 176 F: 2 2 4 
736 8 752 236 F: 8 
737 5 747 74 F: 4 1 
744 5 759 259 F: 2 3 
747 8 763 144 F: 2 3 3 
759 9 768 333 F: 9 
759 9 786 113 F: 5 4 
759 12 795 52 F: 5 3 4 
768 11 801 7 F: 7 4 
774 11 785 165 F: 5 6 
779 11 790 252 F: 5 4 2 
797 9 806 347 F: 5 3 1 
800 9 827 169 F: 3 6 
802 7 809 261 F: 2 3 2 
802 10 832 103 F: 5 3 2 
805 7 819 143 F: 3 1 3 
813 10 823 251 F: 4 4 2 
819 7 826 258 F: 7 
824 5 839 253 F: 5 
828 6 834 137 F: 5 1 
828 6 846 182 F: 5 1 
829 8 845 32 F: 2 2 4 
858 10 878 22 F: 10 
859 8 883 253 F: 5 1 2 
873 9 891 48 F: 3 3 3 
883 7 897 295 F: 7 
897 11 941 197 F: 5 2 4 
912 9 939 321 F: 4 2 3 
914 9 950 11 F: 6 3 
919 2 927 310 F: 2 
930 5 935 23 F: 3 1 1 
938 8 962 142 F: 4 1 3 
942 6 948 32 F: 2 2 2 
965 9 983 296 F: 5 4 
966 5 981 289 F: 2 3 
971 4 979 223 F: 4 
987 6 999 195 F: 2 3 1 
987 9 1014 302 F: 9 
989 12 1025 135 F: 5 3 4 
991 6 1003 169 F: 2 4 
991 6 1003 246 F: 5 1 
998 11 1009 216 F: 5 6 
1015 8 1047 191 F: 2 4 2 
1027 11 1071 38 F: 4 4 3 
1028 10 1058 126 F: 4 6 
1030 10 1040 211 F: 5 2 3 
1049 5 1069 30 F: 5 
1056 8 1080 90 F: 8 
1059 10 1089 14 F: 5 4 1 
1064 11 1108 305 F: 11 
1071 8 1079 253 F: 8 
1075 5 1090 213 F: 3 1 1 
1077 6 1095 1 F: 5 1 
1077 13 1103 162 F: 13 
1080 8 1096 291 F: 8 
1088 10 1098 165 F: 4 6 
1099 6 1123 188 F: 6 
1102 9 1120 209 F: 4 5 
1102 10 1122 25 F: 10 
1118 8 1150 153 F: 2 2 4 
1136 9 1145 322 F: 3 4 2 
1139 8 1155 278 F: 2 2 4 
1140 8 1156 167 F: 4 4 
1154 12 1178 49 F: 7 5 
1158 11 1180 169 F: 7 4 
1159 9 1195 344 F: 5 4 
1162 3 1168 247 F: 2 1 
1162 7 1169 319 F: 5 1 1 
1163 7 1170 196 F: 3 4 
1187 2 1191 296 F: 2 
1187 5 1207 252 F: 5 
1198 11 1220 183 F: 6 5 
1204 9 1213 293 F: 3 6 
1213 6 1231 52 F: 4 1 1 
1214 3 1217 158 F: 3 
1226 8 1242 117 F: 8 
1228 4 1244 293 F: 4 
1242 10 1282 256 F: 5 1 4 
1251 13 1264 331 F: 13 
1256 4 1272 85 F: 4 
1258 6 1276 297 F: 3 3 
1258 9 1276 210 F: 4 1 4 
1258 11 1269 222 F: 11 
1266 11 1310 283 F: 5 4 2 
1267 9 1294 344 F: 3 3 3 
1277 9 1286 193 F: 9 
1282 7 1289 136 F: 3 1 3 
1302 4 1314 341 F: 2 2 
1308 8 1316 123 F: 4 4 
1310 7 1331 156 F: 3 3 1 
1315 13 1328 231 F: 7 6 
1318 12 1354 82 F: 12 
1325 10 1335 195 F: 10 
1332 5 1347 262 F: 4 1 
1360 9 1396 273 F: 5 4 
1361 5 1366 206 F: 5 
1364 6 1376 236 F: 6 
1371 13 1423 350 F: 13 
1373 9 1409 343 F: 5 2 2 
1374 10 1384 329 F: 7 3 
1377 2 1379 339 F: 2 
1391 7 1398 308 F: 6 1 
1400 8 1408 43 F: 3 5 
1408 5 1413 12 F: 5 
1416 8 1432 66 F: 8 
1421 9 1448 162 F: 9 
1438 3 1447 30 F: 3 
1441 3 1453 202 F: 3 
1444 8 1476 341 F: 6 2 
1445 6 1457 277 F: 6 
1446 4 1454 125 F: 2 2 
1449 7 1456 147 F: 4 3 
1453 9 1462 306 F: 4 5 
1465 9 1474 46 F: 7 2 
1467 12 1479 128 F: 6 6 
1491 8 1523 64 F: 5 3 
1497 2 1501 342 F: 2 
1500 4 1516 204 F: 3 1 
1501 2 1505 316 F: 2 
1503 7 1517 256 F: 7 
1519 10 1539 134 F: 10 
1520 4 1524 214 F: 2 2 
1520 13 1559 106 F: 7 6 
1536 10 1566 25 F: 3 4 3 
1555 13 1568 124 F: 5 4 4 
1564 4 1580 229 F: 4 
1568 10 1598 76 F: 10 
1582 2 1590 278 F: 2 
1588 9 1597 16 F: 5 2 2 
1589 10 1619 126 F: 4 6 
1591 5 1611 8 F: 3 2 
1595 9 1631 149 F: 4 3 2 
1604 7 1625 83 F: 5 2 
1609 13 1661 110 F: 13 
1619 8 1651 137 F: 2 2 4 
1636 13 1688 345 F: 5 4 4 
1643 13 1695 192 F: 13 
1645 10 1685 201 F: 6 4 
1658 4 1670 286 F: 4 
1665 5 1675 203 F: 4 1 
1667 9 1676 259 F: 3 4 2 
1673 10 1703 99 F: 3 3 4 
1678 11 1711 101 F: 5 6 
1679 2 1685 348 F: 2 
1679 3 1688 106 F: 3 
1683 6 1701 61 F: 4 2 
1683 7 1690 219 F: 5 2 
1700 9 1727 288 F: 3 3 3 
1720 8 1736 232 F: 8 
1725 12 1773 174 F: 7 5 
1727 12 1775 85 F: 5 3 4 
1728 2 1732 199 F: 2 
1730 10 1750 116 F: 5 2 3 
1731 7 1759 282 F: 2 4 1 
1737 2 1741 74 F: 2 
1740 8 1748 254 F: 8 
1741 10 1761 12 F: 6 4 
1748 8 1772 313 F: 5 1 2 
1760 11 1782 142 F: 7 4 
1763 13 1776 242 F: 13 
1775 10 1795 144 F: 10 
1786 10 1816 262 F: 3 4 3 
1804 9 1840 133 F: 9 
1809 6 1827 331 F: 4 2 
1812 8 1820 273 F: 2 4 2 
1828 7 1856 282 F: 5 2 
1829 4 1833 214 F: 2 2 
1835 10 1855 90 F: 5 1 4 
1836 9 1872 281 F: 6 3 
1844 5 1864 240 F: 5 
1848 5 1868 30 F: 5 
1853 6 1865 263 F: 2 1 3 
1855 12 1891 11 F: 12 
1874 7 1902 321 F: 5 1 1 
1888 9 1897 86 F: 5 4 
1891 11 1935 331 F: 11 
1896 8 1912 89 F: 2 6 
1907 8 1931 54 F: 8 
1908 10 1948 47 F: 6 4 
1916 7 1944 130 F: 5 2 
1917 10 1947 321 F: 4 2 4 
1919 4 1927 54 F: 4 
1924 6 1930 79 F: 2 1 3 
1924 9 1933 62 F: 5 4 
1932 6 1950 216 F: 4 1 1 
1936 7 1950 227 F: 7 
1941 12 1965 166 F: 4 4 4 
1970 8 1994 12 F: 4 3 1 
1979 8 2011 38 F: 4 1 3 
1987 7 1994 62 F: 7 
1988 8 1996 166 F: 8 
1988 10 2028 295 F: 5 3 2 
2002 11 2046 313 F: 5 4 2 
2009 8 2033 29 F: 7 1 
2010 7 2024 100 F: 4 2 1 
2011 10 2031 208 F: 10 
2038 11 2049 88 F: 3 4 4 
2046 11 2068 52 F: 4 4 3 
2051 3 2057 223 F: 3 
2054 6 2072 106 F: 6 
2054 8 2062 264 F: 7 1 
2060 7 2088 196 F: 7 
2060 9 2069 10 F: 9 
2072 10 2112 186 F: 10 
2076 10 2096 245 F: 10 
2085 10 2105 191 F: 10 
2094 6 2100 140 F: 4 2 
2101 5 2116 249 F: 5 
2106 6 2112 247 F: 5 1 
2116 6 2134 128 F: 2 4 
2121 9 2157 173 F: 4 4 1 
2136 9 2172 202 F: 9 
2141 9 2168 23 F: 3 2 4 
2143 7 2164 137 F: 3 4 
2144 7 2151 172 F: 7 
2157 10 2187 214 F: 10 
2158 8 2166 280 F: 5 1 2 
2163 8 2171 338 F: 3 2 3 
2186 5 2191 99 F: 5 
2191 12 2239 146 F: 6 6 
2196 5 2206 95 F: 3 1 1 
2199 8 2215 304 F: 7 1 
2201 8 2209 279 F: 6 2 
2205 3 2214 119 F: 2 1 
2207 3 2210 260 F: 2 1 
2223 10 2253 14 F: 5 3 2 
2224 12 2260 137 F: 12 
2225 9 2261 283 F: 9 
2235 7 2249 163 F: 7 
2239 7 2260 61 F: 3 2 2 
2240 3 2252 252 F: 2 1 
2262 9 2280 253 F: 4 1 4 
2267 5 2287 167 F: 5 
2272 8 2304 189 F: 2 3 3 
2273 8 2281 306 F: 2 6 
2278 12 2326 165 F: 12 
2279 4 2283 150 F: 4 
2327 11 2349 51 F: 11 
2329 6 2347 232 F: 4 2 
2337 2 2341 283 F: 2 
2339 10 2359 19 F: 5 3 2 
2343 10 2383 160 F: 10 
D: 7 68 
D: 15 72 
D: 30 175 
D: 31 51 
D: 37 55 
D: 47 79 
D: 51 307 
D: 53 163 
D: 58 118 
D: 62 221 
D: 64 96 
D: 67 165 
D: 73 75 
D: 84 148 
D: 84 209 
D: 96 170 
D: 101 210 
D: 110 327 
D: 126 329 
D: 127 171 
D: 135 310 
D: 139 207 
D: 152 239 
D: 163 248 
D: 164 270 
D: 184 326 
D: 190 213 
D: 197 291 
D: 197 325 
D: 221 301 
D: 248 250 
D: 254 257 
D: 268 310 
D: 300 347 
D: 313 339 
