0 9 36 112 F: 2 4 3 
2 8 18 256 F: 3 5 
4 7 11 76 F: 2 2 3 
8 5 28 255 F: 2 3 
12 10 42 123 F: 10 
19 10 49 276 F: 7 3 
20 5 35 242 F: 3 2 
22 4 26 287 F: 3 1 
39 12 87 194 F: 4 4 4 
54 10 84 86 F: 5 4 1 
58 8 90 199 F: 3 3 2 
87 11 131 179 F: 11 
89 6 113 34 F: 3 2 1 
96 9 114 47 F: 5 4 
99 6 117 14 F: 2 1 3 
101 9 119 23 F: 6 3 
111 7 139 24 F: 7 
122 10 152 215 F: 4 4 2 
123 4 139 262 F: 3 1 
126 5 131 283 F: 5 
132 10 152 287 F: 4 6 
135 7 156 36 F: 3 1 3 
146 10 156 296 F: 10 
153 13 205 182 F: 13 
161 11 205 166 F: 5 4 2 
162 7 190 104 F: 3 2 2 
175 6 187 64 F: 4 1 1 
175 11 219 93 F: 11 
189 12 225 123 F: 5 3 4 
193 10 213 228 F: 10 
204 7 225 172 F: 5 2 
204 8 236 27 F: 8 
206 9 224 59 F: 4 2 3 
211 10 241 246 F: 4 3 3 
232 7 246 280 F: 4 3 
239 9 248 76 F: 4 5 
250 9 259 12 F: 4 4 1 
261 12 297 247 F: 6 6 
269 5 289 272 F: 2 2 1 
269 8 277 143 F: 4 4 
272 11 305 292 F: 3 4 4 
286 12 322 282 F: 12 
287 10 317 121 F: 4 4 2 
296 4 300 7 F: 3 1 
297 7 311 265 F: 7 
302 3 305 84 F: 3 
302 3 311 30 F: 3 
308 10 338 273 F: 5 4 1 
313 8 321 20 F: 2 3 3 
314 10 354 116 F: 10 
327 6 345 4 F: 3 1 2 
333 10 353 133 F: 4 6 
349 4 357 23 F: 4 
352 10 392 229 F: 4 3 3 
366 7 373 235 F: 7 
379 10 389 268 F: 6 4 
383 12 431 183 F: 7 5 
386 4 402 109 F: 2 1 1 
392 12 404 295 F: 7 5 
394 10 434 253 F: 4 4 2 
409 11 453 237 F: 5 6 
416 4 420 203 F: 4 
425 13 464 211 F: 13 
426 6 432 136 F: 6 
427 4 431 78 F: 4 
441 4 457 89 F: 3 1 
442 8 458 96 F: 5 2 1 
447 5 467 104 F: 5 
451 9 469 82 F: 5 1 3 
452 5 472 216 F: 2 2 1 
458 10 468 66 F: 2 4 4 
470 10 480 33 F: 6 4 
478 9 505 133 F: 5 2 2 
484 4 496 19 F: 2 2 
493 8 509 137 F: 7 1 
501 9 528 13 F: 4 4 1 
501 10 511 23 F: 7 3 
502 6 508 105 F: 4 1 1 
503 11 514 46 F: 3 4 4 
508 7 515 163 F: 7 
517 8 541 191 F: 7 1 
535 11 557 295 F: 4 3 4 
536 13 562 183 F: 13 
540 11 551 159 F: 5 3 3 
546 2 550 235 F: 2 
549 10 579 73 F: 5 1 4 
554 11 565 188 F: 4 4 3 
557 10 597 177 F: 5 3 2 
593 11 637 64 F: 5 3 3 
597 8 621 222 F: 5 1 2 
601 8 625 254 F: 3 3 2 
602 9 629 268 F: 9 
605 6 617 162 F: 2 3 1 
608 7 629 227 F: 4 2 1 
613 10 633 274 F: 5 3 2 
614 6 632 116 F: 6 
620 12 668 156 F: 12 
627 6 645 99 F: 4 2 
651 6 663 259 F: 6 
663 5 678 82 F: 2 1 2 
664 10 674 114 F: 5 5 
668 11 690 256 F: 11 
674 6 698 131 F: 6 
688 10 698 80 F: 7 3 
691 6 697 220 F: 3 2 1 
708 7 715 159 F: 7 
709 8 741 65 F: 5 1 2 
711 8 719 32 F: 8 
720 7 727 239 F: 4 2 1 
732 7 753 243 F: 4 3 
751 3 757 22 F: 3 
752 5 772 188 F: 3 1 1 
759 9 777 33 F: 9 
776 7 797 170 F: 3 4 
782 7 803 63 F: 3 2 2 
789 9 825 87 F: 4 2 3 
790 9 799 295 F: 9 
793 6 817 66 F: 6 
793 7 821 79 F: 2 4 1 
793 10 833 37 F: 5 1 4 
810 8 834 93 F: 8 
811 8 843 173 F: 2 4 2 
812 11 856 67 F: 11 
833 6 851 178 F: 6 
836 9 872 83 F: 4 2 3 
840 5 860 168 F: 2 2 1 
846 3 852 110 F: 3 
849 9 885 213 F: 7 2 
858 7 865 16 F: 3 4 
863 7 870 244 F: 3 4 
866 7 880 177 F: 2 2 3 
880 8 904 224 F: 7 1 
882 9 918 279 F: 5 3 1 
883 9 919 92 F: 6 3 
893 8 909 235 F: 2 6 
900 6 918 289 F: 5 1 
905 3 914 166 F: 2 1 
908 9 935 128 F: 4 3 2 
918 11 940 173 F: 11 
922 5 937 79 F: 2 3 
942 8 950 22 F: 2 4 2 
959 9 968 38 F: 7 2 
961 10 981 59 F: 4 6 
964 8 972 105 F: 8 
971 6 989 45 F: 2 2 2 
975 6 981 203 F: 6 
980 10 1010 70 F: 2 4 4 
981 11 1003 124 F: 11 
996 8 1004 135 F: 4 4 
998 7 1019 294 F: 5 1 1 
1006 8 1038 297 F: 5 3 
1014 11 1025 203 F: 5 6 
1017 11 1061 203 F: 5 2 4 
1018 2 1022 140 F: 2 
1018 3 1021 266 F: 3 
1019 6 1025 33 F: 4 1 1 
1023 6 1041 135 F: 5 1 
1029 7 1057 99 F: 3 1 3 
1038 12 1074 16 F: 12 
1043 9 1061 281 F: 7 2 
1055 8 1079 247 F: 2 4 2 
1058 6 1064 42 F: 3 1 2 
1070 5 1080 39 F: 2 3 
1076 8 1100 274 F: 5 1 2 
1091 7 1112 80 F: 7 
1108 3 1111 147 F: 3 
1120 7 1148 3 F: 3 3 1 
1125 7 1132 214 F: 5 2 
1129 4 1145 137 F: 3 1 
1143 10 1163 147 F: 10 
1144 7 1158 20 F: 4 3 
1148 9 1175 300 F: 3 6 
1152 7 1166 104 F: 4 2 1 
1158 2 1162 81 F: 2 
1158 5 1168 78 F: 4 1 
1167 7 1188 278 F: 2 3 2 
1175 6 1181 167 F: 3 3 
1181 10 1201 149 F: 5 5 
1186 5 1201 220 F: 3 2 
1186 11 1230 273 F: 5 6 
1202 3 1211 44 F: 3 
1203 3 1212 125 F: 3 
1203 11 1225 217 F: 5 6 
1215 10 1255 101 F: 2 4 4 
1216 4 1228 175 F: 4 
1239 4 1251 174 F: 4 
1250 3 1259 115 F: 3 
1267 9 1303 28 F: 9 
1268 9 1277 275 F: 4 1 4 
1273 10 1283 241 F: 5 4 1 
1275 7 1303 72 F: 5 2 
1280 5 1285 107 F: 3 1 1 
1280 8 1296 16 F: 7 1 
1280 10 1310 297 F: 10 
1289 7 1310 125 F: 5 2 
1318 9 1354 244 F: 9 
1319 9 1346 9 F: 3 3 3 
1324 10 1354 291 F: 7 3 
1330 10 1370 278 F: 10 
1331 5 1341 70 F: 5 
1331 12 1379 292 F: 6 6 
1334 10 1374 8 F: 5 1 4 
1341 11 1352 80 F: 6 5 
1352 6 1358 217 F: 6 
1367 11 1378 153 F: 7 4 
1373 9 1409 171 F: 4 1 4 
1375 8 1399 73 F: 8 
1390 6 1414 63 F: 2 2 2 
1394 10 1424 42 F: 4 6 
1395 9 1422 12 F: 9 
1407 9 1443 77 F: 9 
1409 12 1433 78 F: 5 3 4 
1417 9 1453 127 F: 9 
1418 7 1432 20 F: 7 
1425 5 1435 50 F: 3 1 1 
1431 5 1451 204 F: 5 
1432 10 1472 176 F: 3 3 4 
1434 4 1446 279 F: 3 1 
1458 6 1464 186 F: 6 
1471 8 1495 130 F: 6 2 
1472 5 1482 77 F: 3 1 1 
1486 8 1494 185 F: 2 3 3 
1487 9 1496 25 F: 3 3 3 
1488 11 1499 230 F: 7 4 
1493 9 1520 273 F: 3 4 2 
1503 7 1517 85 F: 4 3 
1506 6 1518 54 F: 4 1 1 
1508 3 1517 83 F: 2 1 
1509 8 1533 284 F: 4 2 2 
1510 6 1522 53 F: 2 4 
1516 11 1549 290 F: 11 
1517 9 1526 159 F: 2 4 3 
1518 11 1540 193 F: 4 3 4 
1521 7 1528 191 F: 6 1 
1532 9 1568 192 F: 9 
1539 8 1571 18 F: 5 2 1 
1561 12 1609 47 F: 6 6 
1572 9 1581 272 F: 5 1 3 
1594 11 1605 177 F: 11 
1599 13 1651 185 F: 13 
1609 8 1641 133 F: 8 
1622 10 1642 290 F: 5 4 1 
1634 9 1643 76 F: 3 3 3 
1638 9 1656 143 F: 5 3 1 
1656 8 1672 61 F: 8 
1663 13 1702 267 F: 13 
1672 11 1716 288 F: 7 4 
1682 9 1709 259 F: 2 4 3 
1689 9 1725 202 F: 9 
1690 4 1706 80 F: 4 
1691 8 1707 247 F: 5 3 
1692 6 1698 46 F: 6 
1693 6 1711 168 F: 5 1 
1696 4 1708 211 F: 2 2 
1699 10 1739 35 F: 5 5 
1700 7 1728 88 F: 6 1 
1703 9 1730 202 F: 4 2 3 
1719 11 1752 184 F: 5 6 
1720 10 1740 57 F: 3 3 4 
1722 8 1754 211 F: 4 3 1 
1724 11 1757 83 F: 7 4 
1728 6 1752 16 F: 5 1 
1742 12 1754 217 F: 6 6 
1754 6 1760 169 F: 6 
1754 11 1765 295 F: 5 4 2 
1756 9 1792 154 F: 3 3 3 
1766 10 1776 21 F: 5 1 4 
1767 12 1803 47 F: 12 
1770 5 1785 160 F: 2 3 
1770 8 1778 115 F: 5 3 
1802 8 1834 29 F: 2 6 
1804 9 1831 65 F: 5 4 
1806 7 1813 124 F: 2 1 4 
1809 3 1818 11 F: 3 
1812 6 1824 153 F: 2 3 1 
1816 9 1843 163 F: 9 
1817 9 1844 73 F: 2 4 3 
1822 4 1838 182 F: 3 1 
1835 6 1841 122 F: 5 1 
1835 9 1844 248 F: 4 4 1 
1852 7 1866 129 F: 3 3 1 
1857 9 1884 243 F: 7 2 
1867 9 1876 246 F: 9 
1872 10 1892 42 F: 5 2 3 
1883 4 1895 67 F: 4 
1908 13 1934 280 F: 13 
1916 12 1964 152 F: 7 5 
1923 8 1947 253 F: 4 2 2 
1936 7 1950 238 F: 7 
1940 6 1964 214 F: 6 
1943 6 1955 275 F: 5 1 
1947 7 1954 244 F: 5 2 
1967 13 1980 1 F: 7 6 
1973 7 1980 47 F: 3 3 1 
1973 7 1980 101 F: 6 1 
1974 9 2001 93 F: 6 3 
1976 3 1988 200 F: 3 
1981 5 1991 187 F: 5 
1984 8 2016 244 F: 8 
1991 8 2007 263 F: 8 
D: 3 239 
D: 10 17 
D: 13 161 
D: 17 284 
D: 20 194 
D: 21 95 
D: 22 167 
D: 29 285 
D: 37 203 
D: 39 265 
D: 46 276 
D: 49 99 
D: 58 86 
D: 72 262 
D: 75 98 
D: 78 287 
D: 84 122 
D: 86 194 
D: 99 137 
D: 105 199 
D: 106 133 
D: 117 188 
D: 122 157 
D: 124 204 
D: 128 176 
D: 143 241 
D: 163 295 
D: 183 245 
D: 203 257 
D: 260 254 
