5 5 10 5 F: 2 1 2 
9 2 11 84 F: 2 
10 3 16 192 F: 2 1 
11 7 39 73 F: 3 1 3 
13 7 20 275 F: 2 4 1 
15 8 39 262 F: 5 1 2 
21 8 53 36 F: 7 1 
27 7 34 290 F: 4 1 2 
32 9 59 53 F: 4 5 
32 11 76 269 F: 3 4 4 
40 11 73 224 F: 6 5 
58 11 80 180 F: 4 4 3 
64 8 96 240 F: 2 6 
72 10 92 55 F: 6 4 
89 11 133 333 F: 5 4 2 
104 6 116 337 F: 6 
109 5 129 198 F: 2 3 
109 6 121 158 F: 4 1 1 
118 9 136 114 F: 6 3 
123 6 147 308 F: 3 1 2 
131 8 147 10 F: 2 4 2 
135 3 141 35 F: 3 
135 7 156 203 F: 7 
146 6 158 195 F: 6 
155 2 163 140 F: 2 
163 8 187 199 F: 5 3 
166 10 186 92 F: 5 3 2 
167 9 185 129 F: 2 3 4 
172 3 181 93 F: 3 
196 13 222 178 F: 7 6 
205 8 221 313 F: 3 4 1 
209 5 224 78 F: 3 1 1 
219 9 228 320 F: 2 3 4 
233 7 261 320 F: 2 2 3 
236 8 244 310 F: 5 3 
245 7 252 141 F: 5 1 1 
248 5 258 9 F: 3 2 
254 6 266 106 F: 3 3 
257 11 268 167 F: 4 4 3 
264 4 276 68 F: 4 
264 7 292 38 F: 7 
266 7 280 117 F: 2 3 2 
276 7 304 347 F: 2 5 
281 9 317 284 F: 4 5 
288 3 291 227 F: 3 
301 11 345 254 F: 11 
304 5 324 321 F: 2 3 
309 11 353 166 F: 11 
314 5 319 214 F: 3 2 
315 7 322 297 F: 3 2 2 
324 9 333 83 F: 7 2 
327 6 333 90 F: 3 2 1 
348 9 357 165 F: 9 
373 7 380 288 F: 3 4 
376 7 404 215 F: 3 4 
382 12 418 144 F: 6 6 
386 4 402 99 F: 4 
392 3 404 159 F: 3 
394 3 403 157 F: 3 
399 2 407 253 F: 2 
406 8 430 119 F: 5 2 1 
407 11 418 314 F: 3 4 4 
410 5 425 61 F: 2 3 
438 7 445 320 F: 2 1 4 
446 11 468 255 F: 3 4 4 
451 10 461 344 F: 5 2 3 
452 6 470 76 F: 6 
453 8 485 26 F: 5 3 
453 10 473 280 F: 4 6 
478 12 526 261 F: 6 6 
483 9 519 74 F: 9 
494 11 505 197 F: 7 4 
495 2 499 312 F: 2 
495 5 515 251 F: 5 
496 8 520 194 F: 7 1 
503 9 539 120 F: 9 
523 8 555 43 F: 4 4 
528 8 536 170 F: 6 2 
530 9 557 53 F: 4 3 2 
551 10 591 212 F: 3 4 3 
562 10 582 38 F: 7 3 
570 12 582 127 F: 12 
576 8 592 63 F: 4 4 
580 6 586 230 F: 6 
581 7 609 104 F: 5 1 1 
582 13 634 188 F: 13 
584 8 616 130 F: 4 2 2 
586 6 604 15 F: 3 1 2 
591 8 607 27 F: 2 6 
595 11 606 142 F: 5 6 
601 10 621 163 F: 10 
607 9 643 282 F: 3 6 
621 12 645 284 F: 5 4 3 
624 7 652 244 F: 7 
641 8 673 249 F: 8 
642 2 650 329 F: 2 
654 9 663 345 F: 3 6 
657 10 687 320 F: 10 
660 8 668 290 F: 2 4 2 
663 6 681 350 F: 6 
664 11 697 205 F: 11 
665 12 713 310 F: 6 6 
672 10 702 324 F: 7 3 
679 13 718 258 F: 7 6 
695 9 713 36 F: 3 3 3 
710 13 723 125 F: 7 6 
713 5 733 340 F: 5 
714 13 753 224 F: 13 
718 4 730 235 F: 4 
736 8 744 191 F: 4 4 
739 5 749 51 F: 2 3 
741 5 751 123 F: 2 3 
746 7 774 131 F: 3 1 3 
752 4 764 138 F: 4 
753 4 769 33 F: 2 1 1 
754 6 766 135 F: 2 4 
769 5 779 296 F: 5 
789 8 805 335 F: 6 2 
791 3 800 104 F: 2 1 
793 8 825 335 F: 3 2 3 
800 8 832 347 F: 8 
800 10 820 196 F: 4 6 
825 10 835 306 F: 5 5 
825 10 865 251 F: 10 
828 9 855 166 F: 2 3 4 
829 4 833 80 F: 4 
837 11 859 178 F: 5 4 2 
845 9 881 311 F: 3 6 
852 7 866 187 F: 2 5 
854 6 866 30 F: 2 2 2 
872 2 878 180 F: 2 
880 12 928 100 F: 12 
882 11 904 229 F: 4 3 4 
889 10 899 343 F: 3 3 4 
899 10 909 35 F: 4 2 4 
910 6 934 344 F: 5 1 
912 2 914 109 F: 2 
937 7 958 259 F: 5 1 1 
944 2 952 145 F: 2 
946 6 952 41 F: 6 
950 11 972 350 F: 4 4 3 
952 9 961 326 F: 9 
958 11 1002 98 F: 6 5 
970 9 988 10 F: 3 4 2 
973 3 985 330 F: 3 
974 5 979 93 F: 3 1 1 
975 10 1015 169 F: 3 3 4 
985 7 999 46 F: 2 4 1 
986 10 1026 196 F: 10 
995 8 1011 342 F: 8 
1000 7 1021 183 F: 4 3 
1019 7 1047 236 F: 7 
1021 3 1033 160 F: 2 1 
1025 8 1033 294 F: 3 1 4 
1040 10 1080 135 F: 10 
1043 10 1053 10 F: 6 4 
1048 12 1060 338 F: 7 5 
1056 8 1088 54 F: 3 2 3 
1062 5 1067 10 F: 2 1 2 
1067 9 1076 212 F: 3 6 
1076 12 1088 41 F: 12 
1080 8 1104 333 F: 8 
1087 8 1111 15 F: 8 
1091 10 1131 316 F: 5 1 4 
1095 9 1104 307 F: 2 3 4 
1105 9 1114 310 F: 9 
1108 6 1120 67 F: 2 4 
1124 3 1133 204 F: 3 
1124 5 1144 128 F: 5 
1128 11 1172 333 F: 11 
1129 8 1153 224 F: 2 4 2 
1129 9 1138 36 F: 4 1 4 
1136 8 1152 307 F: 3 2 3 
1141 9 1177 83 F: 4 5 
1150 9 1159 4 F: 5 3 1 
1156 12 1204 192 F: 12 
1160 9 1196 48 F: 4 5 
1176 8 1200 181 F: 3 4 1 
1186 7 1200 100 F: 2 4 1 
1187 9 1205 264 F: 9 
1200 7 1207 237 F: 6 1 
1205 7 1226 201 F: 4 1 2 
1206 7 1213 157 F: 7 
1208 11 1252 228 F: 3 4 4 
1211 7 1225 90 F: 2 2 3 
1211 7 1239 119 F: 7 
1212 6 1224 227 F: 3 3 
1216 12 1228 247 F: 12 
1219 9 1237 67 F: 9 
1225 8 1257 151 F: 8 
1235 12 1271 40 F: 12 
1275 9 1284 288 F: 2 4 3 
1280 7 1287 257 F: 3 1 3 
1284 12 1332 173 F: 5 4 3 
1285 8 1309 275 F: 5 2 1 
1300 10 1340 202 F: 5 4 1 
1304 12 1340 214 F: 6 6 
1316 10 1346 346 F: 3 3 4 
1329 11 1362 152 F: 5 6 
1333 10 1373 25 F: 4 4 2 
1346 8 1370 241 F: 8 
1354 6 1378 335 F: 6 
1357 5 1367 274 F: 4 1 
1367 5 1372 214 F: 5 
1380 8 1396 114 F: 4 4 
1382 9 1400 315 F: 9 
1386 5 1391 330 F: 5 
1386 10 1396 265 F: 7 3 
1390 8 1422 278 F: 2 2 4 
1399 7 1420 297 F: 3 2 2 
1401 5 1416 260 F: 2 1 2 
1414 13 1453 6 F: 13 
1416 10 1456 346 F: 10 
1419 10 1449 294 F: 5 1 4 
1432 7 1453 152 F: 4 3 
1449 9 1458 151 F: 4 5 
1462 7 1469 277 F: 2 2 3 
1462 11 1506 198 F: 5 6 
1465 9 1474 151 F: 7 2 
1467 10 1507 274 F: 3 3 4 
1476 5 1481 216 F: 4 1 
1486 10 1526 342 F: 5 5 
1487 9 1496 321 F: 9 
1490 11 1534 170 F: 5 6 
1496 7 1510 191 F: 3 4 
1518 13 1570 100 F: 13 
1522 4 1530 304 F: 4 
1532 7 1560 252 F: 7 
1535 9 1562 80 F: 9 
1536 9 1554 87 F: 3 3 3 
1544 8 1568 21 F: 2 6 
1545 10 1585 350 F: 6 4 
1547 5 1567 107 F: 3 2 
1553 5 1563 350 F: 3 2 
1554 8 1578 88 F: 8 
1565 4 1569 79 F: 4 
1568 10 1608 203 F: 6 4 
1579 11 1612 190 F: 4 4 3 
1582 4 1594 343 F: 4 
1593 12 1641 264 F: 7 5 
1601 5 1606 328 F: 5 
1604 9 1631 264 F: 3 4 2 
1606 10 1636 134 F: 5 2 3 
1608 12 1632 1 F: 12 
1609 9 1636 40 F: 9 
1614 10 1654 149 F: 4 3 3 
1635 9 1644 234 F: 9 
1637 9 1664 234 F: 3 2 4 
1642 9 1660 18 F: 5 4 
1658 7 1672 253 F: 3 4 
1669 4 1681 258 F: 2 1 1 
1681 7 1695 105 F: 4 1 2 
1684 3 1687 32 F: 2 1 
1696 12 1708 3 F: 5 3 4 
1697 13 1723 315 F: 7 6 
1708 4 1712 292 F: 2 1 1 
1724 3 1727 344 F: 3 
1728 8 1736 83 F: 8 
1731 3 1734 300 F: 3 
1743 9 1779 185 F: 9 
1747 3 1756 312 F: 3 
1751 7 1779 230 F: 2 5 
1757 11 1790 44 F: 11 
1773 4 1785 321 F: 4 
1781 8 1789 238 F: 3 5 
1792 5 1807 34 F: 5 
1792 9 1828 247 F: 9 
1792 10 1822 65 F: 5 4 1 
1794 2 1802 152 F: 2 
1795 12 1831 255 F: 5 3 4 
1814 3 1820 311 F: 2 1 
1817 9 1835 148 F: 2 4 3 
1819 9 1837 315 F: 2 4 3 
1824 6 1842 131 F: 5 1 
1836 6 1860 249 F: 2 1 3 
1863 10 1903 210 F: 10 
1867 2 1869 124 F: 2 
1868 6 1892 69 F: 6 
1873 8 1897 172 F: 4 4 
1879 6 1885 163 F: 2 2 2 
1882 4 1890 198 F: 3 1 
1884 10 1924 174 F: 10 
1891 6 1897 72 F: 6 
1894 2 1902 196 F: 2 
1895 8 1919 302 F: 4 2 2 
1900 10 1940 162 F: 5 4 1 
1902 6 1914 247 F: 2 1 3 
1921 7 1949 36 F: 4 3 
1923 6 1947 12 F: 2 2 2 
1925 8 1933 347 F: 8 
1926 4 1930 170 F: 3 1 
1955 2 1957 257 F: 2 
1957 6 1975 138 F: 6 
1962 5 1982 76 F: 3 2 
1963 7 1970 68 F: 5 2 
1973 11 1995 105 F: 5 3 3 
1982 7 1989 115 F: 6 1 
1996 5 2006 311 F: 3 1 1 
1997 2 1999 288 F: 2 
1999 12 2047 157 F: 7 5 
2002 7 2023 199 F: 7 
2007 5 2012 233 F: 5 
2016 10 2026 207 F: 3 4 3 
2044 8 2068 320 F: 3 3 2 
2045 12 2069 75 F: 12 
2047 11 2069 85 F: 11 
2078 3 2090 35 F: 3 
2078 8 2102 286 F: 7 1 
2084 6 2102 43 F: 6 
2085 10 2105 287 F: 4 6 
2087 10 2117 54 F: 10 
2091 6 2109 204 F: 2 4 
2094 9 2130 243 F: 2 4 3 
2096 11 2140 24 F: 6 5 
2097 6 2109 312 F: 3 3 
2103 7 2124 121 F: 7 
2124 8 2148 125 F: 5 1 2 
2128 8 2160 57 F: 5 3 
2133 8 2141 54 F: 6 2 
2136 6 2160 232 F: 6 
2137 7 2151 151 F: 3 1 3 
2142 2 2146 205 F: 2 
2149 11 2182 341 F: 4 3 4 
2151 8 2183 268 F: 8 
2152 7 2173 259 F: 4 1 2 
2154 9 2163 53 F: 9 
2162 10 2192 310 F: 3 4 3 
2169 10 2179 170 F: 5 5 
2171 7 2199 317 F: 5 2 
2183 8 2199 89 F: 7 1 
2203 7 2224 193 F: 7 
2210 5 2220 327 F: 5 
2226 5 2231 75 F: 5 
2240 5 2255 17 F: 2 3 
2242 11 2264 227 F: 5 6 
2242 13 2294 241 F: 5 4 4 
2246 9 2273 344 F: 5 3 1 
2249 7 2263 48 F: 3 4 
2256 6 2274 292 F: 3 3 
2258 3 2264 6 F: 3 
2275 8 2307 316 F: 3 4 1 
2282 8 2298 57 F: 3 5 
2284 8 2308 298 F: 8 
2284 9 2293 247 F: 5 2 2 
2289 6 2295 191 F: 6 
2323 11 2345 1 F: 7 4 
2370 12 2418 35 F: 4 4 4 
2387 7 2394 158 F: 2 3 2 
2387 8 2403 318 F: 8 
2396 10 2426 246 F: 5 5 
D: 5 240 
D: 6 215 
D: 10 262 
D: 23 184 
D: 24 41 
D: 29 219 
D: 30 211 
D: 49 313 
D: 51 304 
D: 55 286 
D: 61 210 
D: 64 226 
D: 67 322 
D: 69 314 
D: 78 216 
D: 78 273 
D: 87 231 
D: 90 156 
D: 94 227 
D: 102 253 
D: 102 325 
D: 123 257 
D: 133 152 
D: 134 306 
D: 143 148 
D: 146 335 
D: 181 205 
D: 203 343 
D: 215 303 
D: 222 314 
D: 251 294 
D: 277 286 
D: 293 308 
D: 304 333 
D: 326 342 
