3 4 7 156 F: 4 
9 9 45 144 F: 9 
16 5 31 137 F: 2 3 
19 4 27 151 F: 4 
30 7 51 210 F: 2 5 
34 2 40 231 F: 2 
51 10 71 101 F: 5 5 
52 4 64 53 F: 4 
63 12 87 261 F: 5 4 3 
74 9 83 85 F: 3 6 
77 8 109 89 F: 5 1 2 
87 10 97 107 F: 7 3 
88 3 100 229 F: 3 
96 8 128 126 F: 2 6 
97 8 129 225 F: 5 3 
111 10 151 206 F: 10 
116 8 148 179 F: 6 2 
122 10 132 92 F: 2 4 4 
128 9 155 116 F: 4 5 
135 12 159 98 F: 5 3 4 
155 2 163 90 F: 2 
155 3 167 257 F: 2 1 
155 10 175 189 F: 4 6 
171 7 192 66 F: 2 5 
174 6 180 303 F: 5 1 
187 4 203 192 F: 4 
190 9 199 349 F: 3 3 3 
191 4 199 281 F: 3 1 
193 10 213 17 F: 5 3 2 
194 10 204 58 F: 7 3 
214 7 228 180 F: 2 1 4 
214 9 223 103 F: 9 
233 8 257 201 F: 2 2 4 
241 3 253 186 F: 3 
249 7 256 45 F: 6 1 
255 9 291 77 F: 4 1 4 
258 5 268 274 F: 5 
272 12 296 88 F: 4 4 4 
274 2 276 77 F: 2 
280 6 286 177 F: 2 4 
286 12 298 215 F: 5 4 3 
287 13 313 164 F: 5 4 4 
290 2 296 177 F: 2 
293 10 333 67 F: 4 3 3 
296 8 320 19 F: 7 1 
300 9 327 172 F: 5 1 3 
305 5 310 27 F: 2 1 2 
310 9 319 32 F: 3 4 2 
314 5 329 285 F: 4 1 
315 7 343 295 F: 3 2 2 
317 10 347 237 F: 5 5 
322 6 340 324 F: 2 1 3 
326 8 358 51 F: 5 1 2 
354 12 390 213 F: 12 
360 9 369 25 F: 9 
370 9 406 222 F: 9 
385 8 409 128 F: 8 
395 3 398 314 F: 3 
399 6 405 92 F: 4 2 
399 9 417 188 F: 4 1 4 
412 12 424 45 F: 12 
413 8 429 119 F: 3 1 4 
426 4 434 32 F: 4 
430 6 454 240 F: 5 1 
437 7 444 180 F: 7 
453 10 473 221 F: 5 5 
463 5 473 133 F: 2 3 
465 8 489 213 F: 8 
475 4 487 43 F: 4 
476 4 484 349 F: 2 2 
477 5 497 182 F: 5 
481 7 502 57 F: 2 1 4 
484 13 510 148 F: 13 
487 12 511 201 F: 6 6 
492 12 504 339 F: 4 4 4 
503 6 515 232 F: 2 4 
507 12 555 250 F: 12 
508 8 532 184 F: 8 
517 12 553 5 F: 12 
524 11 568 274 F: 5 3 3 
528 2 534 81 F: 2 
537 9 555 170 F: 5 4 
565 2 567 240 F: 2 
566 5 581 294 F: 2 1 2 
567 13 606 71 F: 13 
572 8 596 293 F: 2 6 
576 8 608 226 F: 4 4 
585 5 605 328 F: 5 
587 9 614 221 F: 9 
597 10 607 39 F: 10 
604 11 615 144 F: 7 4 
607 6 631 76 F: 3 1 2 
614 11 636 288 F: 11 
635 9 644 156 F: 2 4 3 
644 5 659 347 F: 5 
656 4 660 298 F: 3 1 
658 9 694 270 F: 3 2 4 
664 10 704 242 F: 10 
665 8 681 278 F: 5 1 2 
669 11 702 312 F: 5 4 2 
672 8 704 306 F: 3 5 
673 8 681 22 F: 5 3 
677 8 701 52 F: 8 
683 11 716 158 F: 4 4 3 
688 9 724 203 F: 3 6 
713 8 745 320 F: 3 1 4 
715 8 747 178 F: 7 1 
719 10 729 206 F: 6 4 
723 4 739 91 F: 4 
724 4 736 296 F: 3 1 
736 7 743 169 F: 5 2 
738 9 765 170 F: 2 4 3 
748 7 762 267 F: 5 2 
752 9 770 105 F: 4 5 
760 5 775 116 F: 2 3 
783 9 801 298 F: 3 3 3 
785 4 789 263 F: 2 1 1 
788 9 824 143 F: 9 
796 13 809 112 F: 13 
797 6 815 74 F: 4 1 1 
804 7 811 242 F: 5 2 
813 11 846 274 F: 4 3 4 
814 8 822 10 F: 4 3 1 
821 6 839 110 F: 2 3 1 
821 7 842 285 F: 4 1 2 
849 4 861 196 F: 4 
855 3 867 176 F: 3 
863 8 887 250 F: 3 2 3 
865 5 880 49 F: 2 3 
865 10 885 86 F: 10 
870 8 894 246 F: 2 2 4 
894 4 902 270 F: 4 
894 7 901 262 F: 7 
895 2 897 178 F: 2 
896 9 923 188 F: 5 3 1 
901 6 907 75 F: 3 3 
901 10 921 136 F: 7 3 
908 3 911 155 F: 3 
910 13 923 343 F: 7 6 
914 7 935 310 F: 4 3 
914 10 924 159 F: 10 
937 7 951 41 F: 5 2 
937 10 947 89 F: 5 5 
945 9 981 161 F: 4 2 3 
947 6 953 127 F: 4 1 1 
954 7 968 164 F: 4 1 2 
958 9 976 259 F: 4 5 
964 11 1008 241 F: 4 4 3 
969 7 997 294 F: 2 3 2 
976 9 1012 28 F: 4 5 
1012 7 1040 153 F: 6 1 
1019 10 1039 325 F: 6 4 
1023 9 1050 86 F: 9 
1029 10 1049 349 F: 6 4 
1039 8 1047 26 F: 5 2 1 
1051 10 1081 3 F: 5 3 2 
1064 11 1086 273 F: 5 3 3 
1069 12 1117 304 F: 4 4 4 
1083 12 1095 108 F: 12 
1084 8 1092 212 F: 8 
1085 11 1129 118 F: 7 4 
1091 7 1105 53 F: 7 
1091 11 1135 122 F: 11 
1094 11 1138 131 F: 11 
1099 11 1121 59 F: 5 2 4 
1116 11 1160 247 F: 4 3 4 
1119 8 1143 193 F: 8 
1120 5 1140 209 F: 5 
1131 4 1143 101 F: 2 2 
1131 4 1143 253 F: 2 2 
1132 4 1140 263 F: 4 
1133 8 1157 64 F: 8 
1148 13 1187 141 F: 13 
1154 9 1181 266 F: 4 5 
1161 7 1182 320 F: 3 1 3 
1165 10 1185 13 F: 7 3 
1171 2 1175 153 F: 2 
1174 4 1178 303 F: 3 1 
1188 5 1193 276 F: 3 2 
1199 3 1202 341 F: 3 
1201 9 1210 156 F: 5 4 
1207 7 1214 148 F: 5 2 
1214 10 1224 291 F: 10 
1218 3 1221 260 F: 3 
1231 9 1258 115 F: 9 
1247 7 1268 237 F: 6 1 
1249 4 1257 167 F: 2 2 
1259 7 1266 119 F: 2 4 1 
1264 7 1271 65 F: 7 
1266 10 1286 280 F: 5 4 1 
1271 9 1280 170 F: 9 
1273 12 1321 91 F: 12 
1281 9 1308 324 F: 5 2 2 
1292 10 1322 234 F: 10 
1295 11 1339 342 F: 5 2 4 
1300 7 1314 278 F: 7 
1302 5 1307 233 F: 5 
1313 9 1322 227 F: 3 3 3 
1314 6 1338 52 F: 4 2 
1319 10 1349 162 F: 5 5 
1323 6 1347 251 F: 6 
1326 10 1366 130 F: 3 4 3 
1330 6 1354 281 F: 2 4 
1335 8 1351 162 F: 8 
1337 8 1361 183 F: 5 3 
1349 3 1361 227 F: 2 1 
1363 5 1383 96 F: 5 
1365 7 1386 335 F: 7 
1375 8 1407 122 F: 2 3 3 
1386 4 1398 285 F: 4 
1401 10 1431 265 F: 10 
1406 6 1424 46 F: 3 3 
1414 9 1441 59 F: 5 4 
1419 2 1421 341 F: 2 
1426 11 1437 6 F: 3 4 4 
1432 8 1456 25 F: 6 2 
1440 5 1450 229 F: 2 2 1 
1457 5 1462 12 F: 5 
1462 6 1474 178 F: 2 4 
1473 4 1477 113 F: 3 1 
1476 6 1500 224 F: 2 4 
1486 8 1518 6 F: 8 
1491 11 1513 123 F: 5 3 3 
1493 11 1526 291 F: 11 
1498 10 1528 74 F: 5 5 
1500 9 1518 83 F: 9 
1504 7 1532 135 F: 4 3 
1517 6 1535 65 F: 4 2 
1525 4 1541 267 F: 2 1 1 
1529 6 1553 114 F: 6 
1539 6 1545 234 F: 2 1 3 
1553 8 1569 58 F: 3 5 
1556 4 1564 119 F: 2 1 1 
1560 8 1568 220 F: 2 2 4 
1565 4 1581 146 F: 2 2 
1565 8 1589 227 F: 3 1 4 
1566 10 1606 292 F: 4 2 4 
1584 9 1611 122 F: 7 2 
1587 5 1597 229 F: 5 
1599 11 1632 289 F: 5 3 3 
1602 6 1608 55 F: 2 3 1 
1613 7 1641 50 F: 7 
1614 9 1650 230 F: 4 2 3 
1619 10 1639 239 F: 5 5 
1620 8 1652 96 F: 4 4 
1627 6 1633 24 F: 5 1 
1629 7 1643 115 F: 5 2 
1632 10 1662 18 F: 7 3 
1633 10 1653 320 F: 4 6 
1643 3 1646 335 F: 2 1 
1650 5 1660 8 F: 5 
1658 7 1665 179 F: 3 2 2 
1668 6 1692 11 F: 6 
1677 2 1683 64 F: 2 
1679 6 1703 26 F: 2 1 3 
1704 7 1718 41 F: 7 
1716 5 1726 41 F: 3 2 
1727 8 1743 343 F: 8 
1732 7 1746 313 F: 6 1 
1741 9 1768 347 F: 5 4 
1747 6 1771 88 F: 2 1 3 
1756 2 1764 322 F: 2 
1760 3 1766 38 F: 3 
1768 10 1798 1 F: 5 5 
1775 6 1787 160 F: 2 2 2 
1780 5 1785 269 F: 2 3 
1783 2 1785 71 F: 2 
1785 9 1821 242 F: 4 1 4 
1794 7 1815 269 F: 7 
1798 11 1831 268 F: 5 3 3 
1807 9 1843 208 F: 3 3 3 
1811 11 1833 248 F: 11 
1819 8 1843 240 F: 3 5 
1821 8 1853 93 F: 4 4 
1829 6 1841 344 F: 3 1 2 
1837 6 1855 18 F: 6 
1847 9 1874 88 F: 9 
1847 12 1871 349 F: 12 
1848 6 1866 80 F: 6 
1857 7 1885 137 F: 2 4 1 
1870 4 1886 89 F: 2 1 1 
1878 4 1894 155 F: 4 
1882 8 1906 78 F: 2 6 
1894 10 1924 13 F: 3 4 3 
1896 2 1904 19 F: 2 
1905 9 1932 349 F: 2 3 4 
1912 4 1924 279 F: 3 1 
1925 7 1932 108 F: 7 
1938 11 1949 346 F: 3 4 4 
1942 8 1950 139 F: 6 2 
1945 7 1952 138 F: 4 3 
1956 9 1983 87 F: 4 2 3 
1960 4 1964 156 F: 3 1 
1962 6 1968 89 F: 6 
1975 9 1984 16 F: 6 3 
1981 7 1988 121 F: 3 3 1 
1982 8 1998 146 F: 3 5 
1983 4 1999 123 F: 4 
1992 7 2013 255 F: 3 2 2 
1998 5 2003 235 F: 5 
2000 8 2016 132 F: 6 2 
2012 11 2023 241 F: 4 4 3 
2013 10 2053 252 F: 7 3 
2014 11 2036 307 F: 7 4 
2015 6 2027 95 F: 6 
2020 8 2052 325 F: 4 4 
2024 11 2046 121 F: 7 4 
2025 6 2037 292 F: 3 2 1 
2035 8 2043 19 F: 4 4 
2039 6 2045 246 F: 2 4 
2048 8 2056 297 F: 5 2 1 
2051 11 2095 83 F: 11 
2061 13 2087 246 F: 13 
2069 7 2076 313 F: 6 1 
2079 4 2083 189 F: 4 
2101 7 2115 304 F: 2 1 4 
2105 5 2120 45 F: 3 2 
2105 7 2133 135 F: 4 3 
2108 5 2123 331 F: 3 1 1 
2116 13 2142 197 F: 13 
2127 12 2139 26 F: 12 
2136 11 2147 107 F: 5 4 2 
2147 7 2161 328 F: 7 
2161 10 2191 70 F: 6 4 
2162 5 2177 250 F: 3 2 
2172 5 2192 307 F: 2 2 1 
2175 3 2187 343 F: 3 
2175 12 2211 289 F: 7 5 
2188 8 2212 308 F: 4 2 2 
2189 12 2225 317 F: 12 
2223 4 2239 224 F: 4 
2225 5 2235 290 F: 5 
2225 5 2245 19 F: 3 2 
2226 9 2253 8 F: 4 1 4 
2231 8 2255 176 F: 3 4 1 
2238 10 2268 5 F: 5 2 3 
2246 6 2264 323 F: 2 4 
2249 7 2277 240 F: 5 1 1 
2256 8 2272 151 F: 2 2 4 
2271 10 2301 165 F: 3 3 4 
2282 7 2303 124 F: 7 
2284 7 2291 100 F: 4 2 1 
2284 9 2302 203 F: 5 3 1 
2289 8 2321 42 F: 6 2 
2290 5 2305 144 F: 5 
2314 10 2344 189 F: 10 
2324 11 2346 268 F: 4 4 3 
2342 7 2356 168 F: 6 1 
2354 9 2372 222 F: 9 
2380 6 2386 331 F: 2 4 
D: 2 201 
D: 2 237 
D: 2 321 
D: 4 298 
D: 6 282 
D: 15 80 
D: 26 331 
D: 31 206 
D: 40 240 
D: 42 237 
D: 51 96 
D: 58 247 
D: 62 215 
D: 77 194 
D: 86 155 
D: 87 296 
D: 104 289 
D: 107 323 
D: 113 211 
D: 116 297 
D: 133 342 
D: 134 207 
D: 139 204 
D: 143 153 
D: 171 292 
D: 182 250 
D: 185 288 
D: 193 297 
D: 214 308 
D: 226 238 
D: 227 333 
D: 230 293 
D: 257 281 
D: 290 316 
D: 295 332 
