4 8 20 237 F: 2 6 
8 11 41 210 F: 11 
20 13 59 162 F: 7 6 
25 13 51 152 F: 5 4 4 
31 8 63 283 F: 3 2 3 
43 12 55 345 F: 12 
57 3 60 63 F: 3 
64 7 92 22 F: 4 2 1 
69 2 75 289 F: 2 
70 13 122 300 F: 13 
71 6 89 308 F: 6 
78 2 80 245 F: 2 
80 8 88 332 F: 4 2 2 
94 5 114 338 F: 5 
98 6 104 51 F: 5 1 
112 9 121 161 F: 4 4 1 
124 7 138 308 F: 7 
138 12 186 308 F: 5 4 3 
139 10 169 152 F: 5 2 3 
146 8 170 293 F: 4 1 3 
150 3 162 28 F: 3 
154 8 178 101 F: 8 
155 10 165 267 F: 5 5 
157 4 173 77 F: 3 1 
171 6 177 44 F: 2 2 2 
172 5 192 154 F: 5 
179 9 188 319 F: 9 
180 8 196 342 F: 8 
194 10 204 107 F: 4 4 2 
195 7 209 263 F: 4 3 
212 12 248 76 F: 7 5 
213 11 224 284 F: 7 4 
217 10 257 66 F: 10 
220 12 256 183 F: 5 3 4 
223 8 255 27 F: 8 
229 8 237 129 F: 8 
237 3 240 278 F: 3 
248 8 264 321 F: 8 
263 9 272 144 F: 9 
264 9 291 86 F: 2 3 4 
273 5 293 139 F: 2 3 
282 2 286 325 F: 2 
283 9 310 314 F: 2 4 3 
291 4 299 132 F: 3 1 
292 9 301 92 F: 7 2 
305 12 317 301 F: 6 6 
308 2 312 175 F: 2 
321 6 339 215 F: 2 4 
322 10 332 50 F: 6 4 
333 5 348 92 F: 5 
341 10 361 316 F: 6 4 
357 8 373 184 F: 3 5 
361 3 370 200 F: 3 
374 10 414 60 F: 10 
378 5 388 270 F: 4 1 
385 10 395 330 F: 10 
396 10 426 275 F: 7 3 
396 11 418 45 F: 6 5 
398 8 406 291 F: 2 4 2 
398 11 431 68 F: 4 3 4 
401 8 417 256 F: 2 6 
406 11 450 133 F: 6 5 
407 4 423 24 F: 4 
408 8 432 28 F: 3 4 1 
416 12 440 31 F: 4 4 4 
421 8 429 344 F: 3 4 1 
422 4 438 307 F: 2 2 
431 7 452 312 F: 3 2 2 
433 11 444 105 F: 6 5 
436 8 444 282 F: 3 4 1 
438 12 462 67 F: 6 6 
439 12 463 103 F: 12 
447 2 453 235 F: 2 
452 4 468 66 F: 3 1 
491 8 523 81 F: 3 5 
502 7 509 25 F: 6 1 
519 9 555 198 F: 7 2 
525 12 549 314 F: 6 6 
530 12 542 205 F: 12 
535 7 542 134 F: 7 
539 10 569 116 F: 5 2 3 
554 8 586 286 F: 8 
557 9 575 96 F: 2 4 3 
565 10 595 112 F: 4 4 2 
566 9 584 217 F: 3 2 4 
570 12 606 93 F: 12 
584 3 593 167 F: 3 
593 9 602 232 F: 9 
593 9 629 278 F: 9 
595 7 602 152 F: 3 2 2 
601 7 622 43 F: 4 2 1 
632 9 659 307 F: 4 3 2 
632 11 643 148 F: 6 5 
641 5 661 288 F: 2 2 1 
641 11 663 89 F: 5 6 
645 8 661 230 F: 2 2 4 
647 10 677 225 F: 5 5 
655 8 663 229 F: 2 2 4 
657 9 693 258 F: 9 
662 12 674 141 F: 5 3 4 
667 5 687 279 F: 2 2 1 
668 4 680 25 F: 4 
678 5 698 263 F: 2 1 2 
687 13 726 123 F: 7 6 
688 6 694 246 F: 4 1 1 
700 7 707 272 F: 7 
700 13 713 311 F: 13 
713 5 718 182 F: 2 3 
716 8 724 146 F: 7 1 
727 9 763 174 F: 3 3 3 
736 2 738 161 F: 2 
739 10 749 190 F: 10 
761 9 797 324 F: 3 3 3 
761 12 797 281 F: 12 
768 7 782 12 F: 2 5 
776 6 800 48 F: 6 
784 9 793 98 F: 9 
785 8 801 156 F: 5 2 1 
795 9 831 145 F: 3 4 2 
798 5 818 275 F: 4 1 
810 6 822 133 F: 5 1 
812 10 842 121 F: 10 
819 5 829 152 F: 5 
819 7 840 28 F: 2 1 4 
820 6 826 37 F: 6 
825 10 865 193 F: 5 1 4 
829 8 837 159 F: 4 3 1 
837 3 840 137 F: 3 
841 10 881 166 F: 3 3 4 
848 2 852 73 F: 2 
871 10 911 139 F: 10 
889 7 903 8 F: 2 1 4 
889 9 925 309 F: 2 3 4 
889 10 919 3 F: 4 2 4 
897 10 917 272 F: 7 3 
905 10 925 308 F: 10 
906 13 919 250 F: 5 4 4 
915 6 933 297 F: 6 
918 7 939 267 F: 6 1 
942 12 990 289 F: 12 
951 6 969 328 F: 2 2 2 
963 10 1003 85 F: 7 3 
964 6 982 79 F: 3 1 2 
974 8 982 66 F: 5 1 2 
975 12 999 59 F: 4 4 4 
976 8 984 255 F: 2 6 
978 2 980 63 F: 2 
978 6 1002 248 F: 3 2 1 
984 13 1036 262 F: 13 
998 7 1012 170 F: 5 2 
1011 12 1023 97 F: 12 
1014 8 1022 178 F: 4 3 1 
1016 6 1022 264 F: 3 3 
1016 7 1044 240 F: 3 4 
1033 8 1041 298 F: 8 
1037 10 1077 215 F: 3 4 3 
1042 6 1060 46 F: 6 
1042 8 1074 316 F: 5 3 
1043 8 1075 95 F: 4 4 
1063 12 1075 6 F: 12 
1064 8 1080 349 F: 8 
1066 8 1074 51 F: 3 2 3 
1082 8 1090 316 F: 3 4 1 
1088 7 1116 275 F: 5 1 1 
1094 10 1104 121 F: 4 6 
1102 5 1107 236 F: 5 
1112 6 1136 104 F: 4 2 
1115 12 1151 234 F: 7 5 
1121 2 1129 98 F: 2 
1126 4 1138 87 F: 4 
1145 8 1161 265 F: 8 
1148 7 1169 296 F: 4 2 1 
1163 8 1187 126 F: 2 4 2 
1176 2 1184 8 F: 2 
1186 9 1213 271 F: 4 5 
1188 8 1220 142 F: 2 2 4 
1188 10 1228 246 F: 6 4 
1190 6 1202 1 F: 6 
1197 4 1201 216 F: 2 1 1 
1197 9 1215 304 F: 3 6 
1201 6 1213 313 F: 2 3 1 
1203 8 1211 62 F: 2 2 4 
1209 9 1227 257 F: 9 
1210 5 1225 27 F: 2 2 1 
1233 7 1247 187 F: 3 3 1 
1243 12 1291 261 F: 6 6 
1244 8 1276 264 F: 8 
1249 6 1267 291 F: 3 3 
1260 6 1284 76 F: 6 
1264 3 1270 248 F: 3 
1264 5 1274 199 F: 5 
1268 8 1276 149 F: 8 
1269 4 1273 171 F: 4 
1270 7 1277 302 F: 2 5 
1274 8 1290 14 F: 4 3 1 
1309 5 1319 278 F: 4 1 
1314 12 1362 108 F: 6 6 
1319 4 1331 33 F: 2 2 
1319 7 1326 268 F: 7 
1322 8 1330 167 F: 8 
1337 7 1358 182 F: 7 
1339 6 1357 269 F: 2 4 
1339 8 1363 193 F: 6 2 
1344 9 1362 220 F: 4 4 1 
1345 9 1354 338 F: 9 
1355 9 1391 269 F: 3 3 3 
1357 3 1363 46 F: 2 1 
1363 12 1399 107 F: 12 
1369 8 1393 219 F: 8 
1378 9 1396 60 F: 4 5 
1414 4 1430 171 F: 4 
1420 8 1436 245 F: 8 
1423 10 1443 164 F: 4 6 
1426 12 1462 198 F: 12 
1445 8 1469 13 F: 7 1 
1450 7 1471 181 F: 2 3 2 
1451 11 1462 72 F: 11 
1465 10 1505 45 F: 4 3 3 
1468 7 1482 177 F: 6 1 
1472 10 1502 301 F: 6 4 
1482 9 1491 75 F: 3 3 3 
1483 4 1499 332 F: 4 
1485 4 1493 221 F: 4 
1485 8 1509 107 F: 7 1 
1491 5 1506 150 F: 5 
1504 13 1543 322 F: 13 
1506 8 1522 72 F: 4 4 
1511 4 1527 45 F: 4 
1518 7 1532 238 F: 2 4 1 
1533 8 1541 117 F: 2 4 2 
1537 2 1545 122 F: 2 
1541 8 1565 94 F: 5 3 
1553 4 1565 253 F: 4 
1553 11 1575 196 F: 11 
1557 7 1578 242 F: 2 4 1 
1563 2 1571 152 F: 2 
1574 5 1584 310 F: 5 
1578 7 1606 77 F: 2 4 1 
1594 10 1634 4 F: 4 3 3 
1595 9 1622 128 F: 5 2 2 
1612 7 1626 157 F: 7 
1613 9 1622 273 F: 4 1 4 
1620 7 1648 240 F: 4 1 2 
1639 4 1647 13 F: 4 
1642 6 1666 168 F: 5 1 
1647 7 1675 257 F: 5 2 
1647 8 1663 13 F: 6 2 
1648 12 1660 191 F: 6 6 
1661 3 1673 163 F: 2 1 
1663 9 1690 77 F: 9 
1674 10 1684 175 F: 10 
1675 4 1679 126 F: 4 
1676 9 1685 70 F: 2 3 4 
1684 3 1693 105 F: 3 
1685 9 1721 11 F: 4 5 
1707 7 1728 241 F: 3 2 2 
1711 11 1755 179 F: 11 
1713 6 1719 92 F: 4 2 
1721 8 1745 293 F: 3 1 4 
1725 7 1732 220 F: 3 4 
1729 8 1737 71 F: 8 
1742 11 1775 218 F: 5 6 
1753 6 1759 4 F: 6 
1761 10 1791 345 F: 2 4 4 
1762 5 1782 317 F: 5 
1765 3 1768 253 F: 2 1 
1766 8 1774 223 F: 5 1 2 
1769 4 1777 203 F: 4 
1788 9 1806 127 F: 7 2 
1797 8 1805 317 F: 8 
1807 6 1831 285 F: 4 1 1 
1808 3 1811 296 F: 3 
1816 10 1826 148 F: 4 4 2 
1821 10 1841 105 F: 2 4 4 
1822 6 1834 278 F: 2 4 
1822 11 1866 336 F: 11 
1827 9 1836 244 F: 9 
1845 9 1863 114 F: 9 
1849 11 1871 233 F: 5 2 4 
1850 9 1877 294 F: 5 2 2 
1853 11 1875 249 F: 4 3 4 
1864 9 1891 240 F: 3 6 
1882 5 1892 335 F: 2 1 2 
1890 11 1934 32 F: 7 4 
1897 7 1918 264 F: 5 1 1 
1906 2 1908 289 F: 2 
1924 6 1942 23 F: 6 
1927 10 1937 140 F: 10 
1932 9 1950 306 F: 5 4 
1944 13 1996 27 F: 13 
1948 6 1954 108 F: 2 4 
1955 7 1976 177 F: 2 5 
1973 10 2013 59 F: 4 2 4 
1976 6 2000 11 F: 6 
1976 9 1994 159 F: 9 
1984 10 2004 278 F: 5 4 1 
1984 11 2028 140 F: 5 4 2 
1988 9 2024 23 F: 9 
1991 5 1996 337 F: 5 
1997 6 2015 342 F: 3 1 2 
2008 7 2022 89 F: 2 3 2 
2009 8 2041 213 F: 4 2 2 
2015 4 2019 320 F: 2 2 
2017 9 2035 241 F: 4 2 3 
2018 7 2046 97 F: 6 1 
2024 8 2032 237 F: 3 5 
2036 7 2043 69 F: 2 1 4 
2040 6 2046 71 F: 5 1 
2046 11 2068 340 F: 7 4 
2051 6 2075 174 F: 2 4 
2076 8 2092 112 F: 5 1 2 
2078 7 2099 21 F: 7 
2083 8 2115 299 F: 6 2 
2086 5 2091 318 F: 3 1 1 
2090 3 2102 12 F: 3 
2103 11 2136 32 F: 11 
2114 10 2124 204 F: 4 6 
2115 11 2126 192 F: 11 
2116 8 2124 254 F: 4 1 3 
2120 4 2136 127 F: 4 
2123 3 2135 122 F: 2 1 
2127 8 2151 153 F: 3 5 
2138 10 2168 12 F: 4 2 4 
2140 5 2150 41 F: 2 3 
2145 8 2169 89 F: 3 1 4 
2161 8 2193 265 F: 2 3 3 
2176 8 2192 154 F: 4 1 3 
2188 7 2195 105 F: 6 1 
2191 7 2212 36 F: 4 2 1 
2196 10 2206 48 F: 5 3 2 
2206 7 2234 15 F: 3 4 
2210 13 2236 281 F: 5 4 4 
2220 9 2247 319 F: 2 4 3 
2222 4 2226 92 F: 4 
2229 11 2251 68 F: 7 4 
2234 11 2256 338 F: 4 3 4 
2240 5 2245 268 F: 5 
2261 7 2282 54 F: 3 2 2 
2276 8 2284 33 F: 8 
2278 13 2317 74 F: 7 6 
2285 8 2309 176 F: 8 
2291 9 2309 192 F: 4 3 2 
2294 9 2330 231 F: 7 2 
2296 9 2323 128 F: 3 6 
2299 12 2335 336 F: 5 4 3 
2315 7 2343 162 F: 7 
2371 5 2381 296 F: 2 3 
2380 9 2416 296 F: 9 
2387 11 2431 81 F: 6 5 
2392 2 2400 224 F: 2 
D: 5 65 
D: 9 98 
D: 20 324 
D: 28 204 
D: 38 227 
D: 51 277 
D: 51 283 
D: 56 202 
D: 64 142 
D: 73 332 
D: 81 212 
D: 87 216 
D: 89 88 
D: 108 128 
D: 123 265 
D: 124 337 
D: 136 329 
D: 137 303 
D: 143 218 
D: 154 344 
D: 157 219 
D: 159 201 
D: 164 344 
D: 167 210 
D: 176 307 
D: 190 247 
D: 190 320 
D: 191 264 
D: 192 250 
D: 193 220 
D: 206 247 
D: 209 271 
D: 227 336 
D: 237 251 
D: 260 311 
