3 6 9 200 F: 6 
9 2 13 153 F: 2 
14 2 16 134 F: 2 
21 8 45 296 F: 8 
21 9 39 220 F: 5 4 
27 6 51 92 F: 4 2 
31 10 41 81 F: 2 4 4 
44 12 68 125 F: 12 
50 10 90 309 F: 5 1 4 
51 8 59 26 F: 3 3 2 
52 10 72 33 F: 5 3 2 
54 11 76 168 F: 7 4 
56 10 76 22 F: 4 6 
65 3 71 46 F: 3 
95 5 100 285 F: 5 
111 11 133 271 F: 11 
118 9 145 198 F: 4 4 1 
124 12 148 168 F: 7 5 
127 9 154 108 F: 9 
131 3 134 116 F: 3 
131 10 161 13 F: 6 4 
134 9 152 16 F: 4 3 2 
136 6 148 337 F: 6 
143 6 167 349 F: 2 1 3 
147 8 155 318 F: 6 2 
154 2 156 348 F: 2 
184 12 196 22 F: 12 
186 8 202 141 F: 4 1 3 
186 9 204 142 F: 5 4 
195 10 235 327 F: 3 3 4 
212 2 220 340 F: 2 
223 8 247 189 F: 8 
227 9 263 48 F: 2 3 4 
228 11 261 134 F: 7 4 
230 10 250 263 F: 4 2 4 
239 11 250 121 F: 11 
240 10 250 158 F: 10 
255 13 294 337 F: 13 
260 7 281 278 F: 3 1 3 
263 3 275 39 F: 3 
266 9 293 74 F: 3 2 4 
274 4 282 136 F: 2 2 
279 9 315 70 F: 9 
284 8 292 150 F: 5 3 
290 8 298 326 F: 5 2 1 
307 11 340 269 F: 11 
319 6 337 16 F: 4 2 
337 13 376 219 F: 13 
344 11 366 315 F: 4 4 3 
353 10 373 24 F: 7 3 
364 9 382 335 F: 5 3 1 
368 8 392 238 F: 8 
373 9 409 296 F: 3 3 3 
374 10 414 12 F: 6 4 
377 13 429 242 F: 13 
383 9 419 124 F: 3 6 
389 5 399 229 F: 5 
390 10 400 51 F: 3 4 3 
393 11 437 205 F: 5 3 3 
397 9 424 12 F: 5 4 
400 5 420 156 F: 2 2 1 
412 6 430 72 F: 3 3 
412 8 420 93 F: 5 3 
414 3 420 315 F: 3 
436 3 442 48 F: 3 
440 3 449 126 F: 3 
440 8 472 315 F: 3 4 1 
440 9 467 13 F: 3 6 
444 10 474 173 F: 3 4 3 
466 8 474 86 F: 8 
471 8 479 268 F: 4 3 1 
476 10 516 144 F: 2 4 4 
480 12 516 240 F: 12 
493 11 537 242 F: 5 4 2 
493 13 532 105 F: 7 6 
509 13 548 260 F: 13 
524 9 560 304 F: 3 2 4 
525 5 545 102 F: 2 3 
532 7 553 187 F: 4 3 
541 10 561 177 F: 5 3 2 
541 11 552 327 F: 7 4 
545 8 561 233 F: 5 1 2 
560 10 580 208 F: 10 
562 12 610 84 F: 6 6 
564 7 578 267 F: 7 
567 10 607 182 F: 10 
579 4 583 98 F: 2 2 
583 8 599 255 F: 3 5 
592 7 599 312 F: 4 3 
597 3 603 22 F: 2 1 
612 7 633 340 F: 5 2 
622 11 644 307 F: 11 
626 13 652 44 F: 5 4 4 
636 8 652 203 F: 7 1 
638 8 670 15 F: 4 3 1 
641 9 668 294 F: 3 4 2 
655 8 679 335 F: 8 
661 8 669 325 F: 2 6 
664 8 688 154 F: 2 3 3 
666 13 705 243 F: 13 
677 8 709 99 F: 5 3 
678 6 696 81 F: 6 
678 8 694 210 F: 8 
688 10 698 2 F: 5 1 4 
698 7 726 139 F: 2 3 2 
702 10 732 168 F: 4 3 3 
717 7 731 132 F: 5 1 1 
718 6 730 147 F: 2 1 3 
726 6 732 44 F: 4 1 1 
727 12 775 82 F: 12 
728 8 752 254 F: 5 2 1 
736 2 738 226 F: 2 
742 4 754 325 F: 4 
745 11 767 148 F: 11 
747 7 754 54 F: 5 2 
760 6 778 52 F: 4 1 1 
769 3 778 41 F: 3 
769 6 793 88 F: 6 
785 12 833 65 F: 4 4 4 
795 5 810 131 F: 5 
807 7 835 176 F: 3 3 1 
823 7 844 203 F: 2 3 2 
825 3 837 243 F: 3 
833 10 873 163 F: 6 4 
845 9 863 188 F: 5 2 2 
847 12 859 185 F: 12 
849 5 854 219 F: 5 
849 12 885 179 F: 6 6 
852 4 868 182 F: 4 
857 8 881 88 F: 4 1 3 
859 6 877 338 F: 6 
871 9 898 257 F: 9 
881 6 899 235 F: 3 2 1 
895 12 907 96 F: 5 3 4 
897 8 913 220 F: 5 3 
911 5 916 265 F: 2 1 2 
912 5 917 344 F: 2 2 1 
917 6 941 217 F: 2 4 
928 12 976 301 F: 7 5 
931 4 935 278 F: 3 1 
937 10 947 184 F: 4 3 3 
938 7 952 124 F: 3 3 1 
945 8 969 242 F: 2 3 3 
955 11 977 176 F: 7 4 
963 8 971 122 F: 2 3 3 
968 11 979 17 F: 5 6 
973 13 986 319 F: 13 
974 11 985 46 F: 5 3 3 
990 10 1030 159 F: 10 
996 8 1004 222 F: 4 1 3 
1009 3 1018 280 F: 3 
1017 2 1023 69 F: 2 
1020 8 1044 309 F: 4 2 2 
1031 10 1071 39 F: 10 
1040 6 1052 73 F: 2 4 
1050 8 1074 309 F: 6 2 
1054 10 1064 213 F: 10 
1062 10 1082 46 F: 5 5 
1065 6 1077 100 F: 4 1 1 
1071 2 1075 259 F: 2 
1074 7 1102 170 F: 7 
1082 8 1106 241 F: 2 4 2 
1082 11 1104 129 F: 4 3 4 
1083 8 1099 236 F: 7 1 
1095 7 1123 95 F: 3 3 1 
1100 6 1106 280 F: 6 
1115 7 1122 65 F: 3 4 
1116 8 1132 41 F: 2 3 3 
1116 9 1125 68 F: 9 
1116 10 1126 306 F: 7 3 
1144 11 1177 165 F: 5 2 4 
1146 7 1167 342 F: 6 1 
1148 8 1172 6 F: 5 3 
1162 6 1168 208 F: 6 
1164 7 1185 177 F: 7 
1171 6 1183 45 F: 4 2 
1180 13 1206 301 F: 13 
1187 6 1211 228 F: 3 2 1 
1197 10 1237 160 F: 3 3 4 
1198 4 1214 19 F: 2 2 
1201 7 1229 66 F: 4 2 1 
1215 11 1237 247 F: 11 
1219 9 1255 183 F: 2 4 3 
1236 9 1272 282 F: 3 3 3 
1239 12 1275 142 F: 12 
1257 9 1266 336 F: 5 2 2 
1261 8 1293 93 F: 8 
1262 8 1270 309 F: 5 3 
1268 6 1280 175 F: 4 2 
1270 8 1286 268 F: 3 3 2 
1272 9 1299 95 F: 2 4 3 
1286 8 1302 168 F: 2 2 4 
1290 7 1297 178 F: 5 1 1 
1293 7 1307 86 F: 4 1 2 
1296 9 1305 292 F: 3 2 4 
1303 9 1330 153 F: 5 4 
1307 2 1309 147 F: 2 
1307 4 1323 225 F: 3 1 
1310 10 1350 314 F: 2 4 4 
1313 7 1341 331 F: 7 
1317 7 1331 123 F: 5 2 
1318 8 1334 23 F: 4 2 2 
1321 10 1331 342 F: 4 2 4 
1326 10 1356 244 F: 10 
1350 8 1358 7 F: 4 4 
1360 11 1404 267 F: 5 6 
1368 12 1404 307 F: 5 3 4 
1372 9 1408 242 F: 9 
1375 5 1390 195 F: 2 1 2 
1386 10 1396 329 F: 5 3 2 
1408 12 1456 203 F: 12 
1412 7 1419 284 F: 3 1 3 
1419 3 1422 27 F: 3 
1438 8 1454 298 F: 4 1 3 
1441 6 1459 240 F: 2 3 1 
1444 9 1462 51 F: 5 4 
1458 6 1476 24 F: 2 4 
1469 5 1479 227 F: 2 1 2 
1475 11 1508 5 F: 7 4 
1483 8 1491 227 F: 5 2 1 
1486 8 1494 67 F: 5 2 1 
1487 6 1493 280 F: 2 3 1 
1490 5 1495 175 F: 3 1 1 
1491 6 1515 68 F: 2 3 1 
1498 7 1512 343 F: 4 3 
1502 8 1510 98 F: 4 4 
1505 7 1526 232 F: 2 4 1 
1508 7 1515 20 F: 2 1 4 
1510 12 1558 68 F: 12 
1514 3 1526 147 F: 2 1 
1529 6 1553 273 F: 3 2 1 
1532 5 1547 106 F: 2 3 
1536 10 1576 327 F: 5 5 
1545 4 1561 330 F: 3 1 
1551 10 1571 229 F: 4 3 3 
1555 11 1577 160 F: 5 6 
1573 10 1583 327 F: 4 6 
1575 10 1615 172 F: 3 4 3 
1579 7 1607 156 F: 2 1 4 
1594 8 1626 155 F: 4 2 2 
1603 7 1624 71 F: 2 1 4 
1612 8 1620 5 F: 7 1 
1613 13 1665 20 F: 7 6 
1617 7 1631 225 F: 2 5 
1634 9 1652 240 F: 5 2 2 
1637 8 1645 179 F: 5 3 
1643 7 1671 166 F: 3 2 2 
1644 11 1655 79 F: 5 3 3 
1647 5 1667 258 F: 2 2 1 
1649 8 1657 53 F: 5 3 
1652 9 1670 261 F: 2 4 3 
1673 9 1700 310 F: 9 
1692 12 1728 226 F: 12 
1693 7 1700 346 F: 3 4 
1698 7 1726 138 F: 4 1 2 
1701 10 1721 236 F: 4 4 2 
1705 9 1741 316 F: 4 2 3 
1718 5 1738 300 F: 5 
1720 2 1726 221 F: 2 
1734 13 1773 255 F: 5 4 4 
1739 9 1757 64 F: 2 4 3 
1743 8 1759 16 F: 2 6 
1754 4 1766 186 F: 4 
1754 11 1765 47 F: 11 
1759 9 1777 122 F: 9 
1759 9 1795 244 F: 4 1 4 
1763 5 1768 178 F: 3 2 
1772 10 1792 323 F: 7 3 
1780 4 1792 285 F: 3 1 
1782 12 1818 165 F: 6 6 
1816 11 1838 274 F: 5 2 4 
1821 2 1827 209 F: 2 
1824 11 1868 254 F: 11 
1828 4 1832 120 F: 2 2 
1838 10 1848 45 F: 10 
1843 9 1879 67 F: 5 4 
1844 13 1883 128 F: 7 6 
1854 2 1856 27 F: 2 
1856 9 1865 295 F: 5 3 1 
1870 12 1918 93 F: 6 6 
1881 7 1902 166 F: 6 1 
1891 9 1900 258 F: 2 4 3 
1891 13 1930 104 F: 13 
1894 8 1910 185 F: 4 1 3 
1897 9 1915 128 F: 3 6 
1904 7 1918 52 F: 4 2 1 
1911 11 1933 257 F: 11 
1926 8 1950 9 F: 7 1 
1930 10 1950 293 F: 4 4 2 
1931 8 1955 79 F: 4 4 
1951 9 1969 55 F: 9 
1952 5 1967 306 F: 2 3 
1955 10 1975 292 F: 10 
1960 9 1969 180 F: 7 2 
1960 9 1996 153 F: 4 5 
1961 2 1963 201 F: 2 
1962 10 1982 133 F: 4 2 4 
1983 2 1991 204 F: 2 
1983 7 1997 32 F: 5 2 
1997 9 2015 225 F: 3 3 3 
2007 9 2025 256 F: 4 4 1 
2010 9 2019 5 F: 3 3 3 
2016 8 2032 61 F: 2 6 
2036 9 2045 345 F: 6 3 
2057 10 2097 78 F: 5 4 1 
2058 10 2068 185 F: 10 
2060 6 2084 153 F: 2 4 
2061 9 2097 163 F: 5 2 2 
2063 8 2071 168 F: 4 1 3 
2069 10 2109 46 F: 5 4 1 
2075 10 2115 224 F: 10 
2078 11 2122 175 F: 11 
2082 12 2130 112 F: 12 
2090 6 2108 139 F: 4 1 1 
2099 7 2120 243 F: 6 1 
2110 5 2120 296 F: 5 
2114 6 2138 344 F: 4 2 
2114 12 2138 200 F: 12 
2125 5 2135 350 F: 5 
2128 13 2180 2 F: 13 
2133 9 2151 229 F: 3 6 
2141 11 2174 252 F: 7 4 
2143 4 2155 214 F: 2 2 
2149 9 2185 213 F: 4 5 
2154 3 2166 45 F: 3 
2157 3 2163 290 F: 3 
2159 3 2171 249 F: 3 
2181 12 2229 187 F: 5 4 3 
2185 8 2193 247 F: 5 3 
2196 7 2203 75 F: 2 5 
2204 8 2236 40 F: 3 4 1 
2206 9 2233 9 F: 5 1 3 
2209 12 2245 246 F: 5 3 4 
2210 11 2243 134 F: 3 4 4 
2211 7 2218 148 F: 2 4 1 
2228 12 2240 323 F: 12 
2231 12 2279 209 F: 7 5 
2247 5 2252 211 F: 2 2 1 
2261 7 2268 216 F: 6 1 
2271 5 2286 145 F: 5 
2274 10 2294 172 F: 10 
2275 7 2282 166 F: 6 1 
2282 8 2306 322 F: 4 4 
2283 5 2293 48 F: 2 3 
2288 11 2310 52 F: 5 6 
2304 6 2322 23 F: 4 2 
2332 7 2353 265 F: 7 
2351 5 2366 246 F: 2 1 2 
2378 10 2418 34 F: 4 4 2 
2395 8 2427 217 F: 4 3 1 
D: 9 154 
D: 12 169 
D: 26 82 
D: 35 161 
D: 39 275 
D: 41 78 
D: 56 208 
D: 56 347 
D: 72 92 
D: 74 157 
D: 76 235 
D: 76 289 
D: 80 291 
D: 81 231 
D: 93 284 
D: 100 156 
D: 106 284 
D: 115 312 
D: 123 167 
D: 123 276 
D: 125 290 
D: 160 261 
D: 164 332 
D: 169 251 
D: 169 348 
D: 171 230 
D: 172 221 
D: 174 342 
D: 181 311 
D: 210 312 
D: 226 249 
D: 264 336 
D: 266 298 
D: 313 349 
D: 330 345 
