11 7 25 5 F: 3 1 3 
14 8 30 346 F: 2 2 4 
20 7 27 31 F: 5 2 
26 10 46 234 F: 4 2 4 
26 10 66 339 F: 10 
28 11 50 344 F: 11 
35 9 53 301 F: 9 
39 8 71 133 F: 3 3 2 
48 6 66 174 F: 2 4 
49 12 61 238 F: 5 3 4 
58 10 68 176 F: 7 3 
70 13 122 266 F: 13 
85 10 115 296 F: 6 4 
93 10 123 73 F: 5 4 1 
99 12 111 318 F: 12 
108 7 129 173 F: 7 
114 12 138 278 F: 12 
117 8 125 19 F: 3 5 
118 11 151 32 F: 11 
122 8 154 347 F: 4 4 
125 2 129 155 F: 2 
139 11 183 166 F: 5 4 2 
142 4 158 277 F: 2 2 
143 9 161 6 F: 9 
160 5 180 238 F: 5 
163 6 187 324 F: 6 
179 9 206 195 F: 4 2 3 
184 13 236 142 F: 13 
195 9 231 44 F: 9 
199 11 243 85 F: 11 
200 11 233 213 F: 6 5 
205 11 249 32 F: 5 6 
214 11 247 138 F: 5 2 4 
222 4 226 93 F: 4 
224 4 228 240 F: 4 
227 8 235 347 F: 4 3 1 
232 9 241 289 F: 5 2 2 
247 7 275 30 F: 2 5 
247 9 265 242 F: 4 1 4 
253 7 281 1 F: 5 2 
267 8 299 156 F: 2 6 
268 6 286 299 F: 3 1 2 
272 9 290 276 F: 2 4 3 
292 6 298 122 F: 6 
293 4 297 306 F: 3 1 
300 13 326 106 F: 13 
305 6 323 156 F: 3 3 
305 9 323 234 F: 3 4 2 
313 10 333 309 F: 4 2 4 
332 2 340 215 F: 2 
336 7 364 226 F: 6 1 
352 6 370 335 F: 6 
364 6 370 69 F: 2 3 1 
373 7 380 299 F: 3 4 
374 9 383 273 F: 5 3 1 
377 2 383 71 F: 2 
378 3 384 120 F: 3 
391 4 399 295 F: 4 
397 11 430 120 F: 11 
398 7 412 94 F: 2 5 
404 8 420 281 F: 2 3 3 
405 9 414 218 F: 5 2 2 
409 12 457 220 F: 12 
417 9 435 334 F: 9 
422 6 440 47 F: 3 2 1 
423 10 463 350 F: 10 
427 4 431 19 F: 2 2 
445 5 460 215 F: 2 1 2 
451 8 467 250 F: 8 
458 5 473 229 F: 3 1 1 
467 13 519 180 F: 13 
471 9 507 304 F: 3 4 2 
474 9 510 114 F: 5 4 
477 8 501 273 F: 5 2 1 
494 8 510 228 F: 6 2 
508 7 529 123 F: 2 2 3 
510 10 540 179 F: 7 3 
515 4 519 117 F: 4 
515 6 533 127 F: 3 3 
515 13 554 259 F: 7 6 
530 8 546 123 F: 2 3 3 
540 5 560 297 F: 3 1 1 
545 7 566 321 F: 2 2 3 
556 11 567 65 F: 4 4 3 
563 12 611 218 F: 12 
569 5 584 9 F: 3 2 
584 9 611 312 F: 7 2 
587 11 620 267 F: 5 3 3 
589 12 637 314 F: 6 6 
596 9 623 277 F: 6 3 
611 5 631 277 F: 3 1 1 
623 12 671 45 F: 5 4 3 
632 6 638 199 F: 3 3 
641 7 648 310 F: 3 2 2 
645 12 693 44 F: 7 5 
646 5 661 156 F: 2 3 
652 9 661 322 F: 3 2 4 
658 11 702 254 F: 5 4 2 
669 12 693 72 F: 6 6 
674 13 713 100 F: 13 
681 8 689 271 F: 8 
685 7 692 308 F: 6 1 
688 6 712 326 F: 2 4 
691 9 709 48 F: 7 2 
691 10 721 104 F: 5 1 4 
701 4 709 324 F: 2 2 
703 13 716 275 F: 13 
711 8 735 126 F: 4 3 1 
712 4 716 345 F: 4 
721 8 729 181 F: 5 3 
737 7 758 68 F: 2 1 4 
738 5 753 51 F: 2 1 2 
749 8 757 20 F: 3 5 
753 9 780 267 F: 5 1 3 
754 13 793 34 F: 7 6 
756 5 771 152 F: 5 
767 8 791 321 F: 5 3 
769 7 776 319 F: 7 
794 10 814 90 F: 4 3 3 
797 4 809 58 F: 3 1 
802 8 826 52 F: 4 4 
825 8 833 138 F: 4 2 2 
828 9 837 57 F: 9 
830 7 851 314 F: 4 3 
841 10 871 163 F: 6 4 
843 6 849 228 F: 3 3 
850 11 872 63 F: 5 3 3 
851 8 859 262 F: 3 4 1 
851 10 891 141 F: 6 4 
853 4 857 288 F: 2 1 1 
856 3 865 304 F: 2 1 
868 11 890 232 F: 5 4 2 
880 9 898 178 F: 5 3 1 
881 2 883 161 F: 2 
888 6 912 227 F: 3 3 
910 11 932 44 F: 4 4 3 
910 12 946 332 F: 5 3 4 
916 7 937 119 F: 4 2 1 
923 4 927 223 F: 4 
929 7 957 334 F: 7 
936 7 964 69 F: 3 3 1 
942 11 953 289 F: 4 3 4 
943 10 973 302 F: 10 
953 7 960 103 F: 5 1 1 
977 9 1004 70 F: 2 3 4 
991 9 1027 302 F: 4 5 
993 7 1021 254 F: 2 3 2 
993 8 1001 56 F: 5 3 
993 9 1002 16 F: 3 4 2 
994 9 1012 126 F: 3 2 4 
1013 3 1022 346 F: 2 1 
1015 7 1022 100 F: 3 3 1 
1016 7 1037 194 F: 2 5 
1017 10 1037 42 F: 4 6 
1021 9 1039 253 F: 3 3 3 
1037 8 1045 343 F: 3 5 
1048 6 1054 226 F: 2 4 
1060 9 1096 317 F: 2 3 4 
1064 6 1070 149 F: 6 
1069 5 1079 17 F: 5 
1072 10 1092 157 F: 10 
1076 6 1100 176 F: 6 
1081 10 1101 83 F: 5 1 4 
1090 7 1104 22 F: 3 2 2 
1099 9 1135 126 F: 3 6 
1106 8 1138 121 F: 2 6 
1120 11 1142 307 F: 5 6 
1122 5 1132 126 F: 3 1 1 
1124 10 1134 309 F: 7 3 
1139 9 1175 101 F: 5 1 3 
1139 12 1175 338 F: 4 4 4 
1141 13 1180 53 F: 13 
1148 7 1176 308 F: 2 5 
1150 8 1158 74 F: 4 2 2 
1150 9 1186 300 F: 3 3 3 
1167 8 1183 201 F: 4 4 
1169 4 1185 282 F: 2 2 
1188 8 1212 21 F: 5 2 1 
1198 10 1238 215 F: 4 4 2 
1199 6 1217 224 F: 3 1 2 
1205 12 1253 244 F: 12 
1220 10 1230 168 F: 6 4 
1227 8 1259 144 F: 8 
1234 4 1238 31 F: 4 
1236 8 1268 155 F: 4 1 3 
1239 13 1291 347 F: 13 
1245 5 1260 92 F: 3 1 1 
1250 10 1270 349 F: 10 
1251 7 1258 148 F: 4 1 2 
1252 6 1276 195 F: 3 3 
1254 10 1284 112 F: 2 4 4 
1256 8 1272 143 F: 4 3 1 
1267 2 1275 219 F: 2 
1281 5 1286 68 F: 5 
1292 12 1328 211 F: 7 5 
1300 11 1311 159 F: 11 
1309 8 1317 205 F: 4 4 
1309 9 1318 97 F: 6 3 
1325 8 1357 246 F: 2 2 4 
1330 5 1350 258 F: 5 
1334 6 1340 192 F: 6 
1336 13 1388 116 F: 13 
1338 11 1371 349 F: 11 
1362 6 1386 166 F: 3 2 1 
1362 8 1394 249 F: 2 6 
1365 8 1381 11 F: 4 4 
1372 10 1412 35 F: 10 
1378 9 1387 25 F: 4 1 4 
1380 7 1394 144 F: 7 
1387 5 1392 240 F: 3 2 
1403 5 1418 224 F: 2 3 
1405 13 1444 301 F: 13 
1406 8 1438 66 F: 3 5 
1410 13 1462 315 F: 7 6 
1418 8 1426 39 F: 8 
1418 12 1454 27 F: 12 
1421 10 1461 12 F: 10 
1435 6 1441 193 F: 3 3 
1444 9 1453 86 F: 9 
1457 6 1469 109 F: 4 1 1 
1457 9 1484 51 F: 4 5 
1475 12 1511 347 F: 5 4 3 
1479 8 1487 223 F: 4 4 
1488 3 1500 105 F: 3 
1496 13 1522 23 F: 13 
1503 2 1507 74 F: 2 
1519 6 1525 25 F: 6 
1521 11 1565 253 F: 7 4 
1522 6 1534 148 F: 4 2 
1532 11 1543 285 F: 5 6 
1535 8 1567 92 F: 3 2 3 
1553 3 1559 293 F: 3 
1554 6 1578 233 F: 3 1 2 
1572 7 1593 7 F: 5 2 
1572 9 1599 36 F: 5 4 
1575 6 1581 342 F: 6 
1582 11 1615 185 F: 11 
1586 10 1606 346 F: 3 4 3 
1595 9 1622 171 F: 3 4 2 
1599 5 1614 331 F: 4 1 
1612 12 1660 257 F: 5 3 4 
1614 10 1634 68 F: 4 3 3 
1622 9 1631 244 F: 5 1 3 
1625 11 1647 272 F: 5 4 2 
1644 5 1654 245 F: 2 2 1 
1645 6 1663 116 F: 6 
1648 7 1669 313 F: 5 1 1 
1649 11 1682 297 F: 6 5 
1653 10 1683 100 F: 10 
1655 3 1664 24 F: 3 
1657 6 1663 300 F: 2 1 3 
1660 9 1669 218 F: 2 4 3 
1686 7 1707 76 F: 6 1 
1692 12 1716 240 F: 5 4 3 
1698 12 1734 12 F: 5 4 3 
1703 7 1717 307 F: 7 
1709 9 1745 307 F: 7 2 
1714 10 1724 337 F: 5 4 1 
1717 9 1735 124 F: 5 4 
1726 10 1766 37 F: 7 3 
1734 6 1746 141 F: 5 1 
1735 3 1747 130 F: 3 
1737 13 1776 197 F: 5 4 4 
1740 10 1780 247 F: 6 4 
1756 12 1792 176 F: 12 
1761 8 1793 148 F: 5 3 
1768 5 1783 212 F: 5 
1771 10 1811 248 F: 5 2 3 
1775 11 1797 177 F: 11 
1785 9 1803 348 F: 4 1 4 
1802 5 1822 223 F: 2 1 2 
1814 8 1846 158 F: 8 
1833 7 1847 56 F: 2 3 2 
1841 8 1873 143 F: 4 4 
1842 7 1849 94 F: 2 5 
1854 7 1882 36 F: 6 1 
1862 10 1902 279 F: 10 
1865 8 1873 12 F: 5 3 
1872 11 1883 299 F: 5 2 4 
1876 8 1892 312 F: 6 2 
1878 10 1888 206 F: 4 2 4 
1888 9 1897 268 F: 6 3 
1891 11 1935 18 F: 11 
1897 10 1907 90 F: 2 4 4 
1899 11 1910 33 F: 7 4 
1902 9 1938 301 F: 5 1 3 
1903 10 1933 186 F: 10 
1904 9 1940 183 F: 5 1 3 
1905 9 1923 245 F: 4 3 2 
1933 6 1939 227 F: 2 4 
1936 12 1984 255 F: 12 
1944 6 1968 31 F: 6 
1946 6 1970 41 F: 3 3 
1955 11 1999 295 F: 11 
1957 9 1975 257 F: 5 3 1 
1957 9 1993 326 F: 3 2 4 
1979 3 1988 293 F: 3 
1991 6 2009 12 F: 2 3 1 
1994 10 2024 165 F: 10 
1997 8 2021 292 F: 6 2 
2001 10 2031 27 F: 10 
2008 10 2028 315 F: 10 
2010 11 2054 67 F: 11 
2012 7 2033 246 F: 2 2 3 
2024 9 2033 299 F: 3 6 
2034 10 2044 310 F: 3 3 4 
2041 13 2093 337 F: 13 
2043 9 2061 15 F: 3 3 3 
2045 12 2081 165 F: 12 
2062 7 2076 130 F: 7 
2086 5 2096 287 F: 3 2 
2086 8 2110 104 F: 3 1 4 
2092 4 2104 3 F: 4 
2092 10 2112 304 F: 10 
2098 7 2119 34 F: 2 2 3 
2101 5 2121 264 F: 3 1 1 
2102 8 2126 318 F: 5 1 2 
2118 13 2157 39 F: 13 
2124 6 2130 4 F: 4 2 
2127 12 2151 77 F: 12 
2140 2 2144 137 F: 2 
2140 10 2170 234 F: 5 2 3 
2149 3 2152 296 F: 3 
2160 9 2196 40 F: 9 
2164 7 2171 36 F: 7 
2173 2 2175 294 F: 2 
2174 5 2179 205 F: 2 1 2 
2181 3 2193 336 F: 3 
2182 4 2198 253 F: 2 2 
2189 6 2213 254 F: 3 3 
2204 3 2207 220 F: 2 1 
2210 12 2258 295 F: 12 
2214 7 2242 205 F: 7 
2225 12 2261 149 F: 12 
2244 11 2277 299 F: 11 
2252 7 2266 161 F: 2 5 
2253 9 2262 115 F: 3 3 3 
2264 7 2278 303 F: 7 
2274 8 2306 288 F: 4 4 
2275 4 2287 271 F: 4 
2279 6 2291 66 F: 6 
2280 6 2286 210 F: 6 
2289 7 2296 194 F: 3 4 
2292 13 2305 120 F: 13 
2295 10 2335 153 F: 5 1 4 
2338 8 2354 70 F: 3 5 
2366 11 2410 50 F: 6 5 
2380 9 2407 332 F: 6 3 
2385 10 2415 343 F: 5 5 
2386 9 2413 285 F: 7 2 
D: 11 217 
D: 13 277 
D: 15 225 
D: 43 173 
D: 45 152 
D: 45 257 
D: 46 108 
D: 55 253 
D: 56 320 
D: 70 166 
D: 70 281 
D: 74 196 
D: 86 135 
D: 87 347 
D: 89 335 
D: 90 279 
D: 92 168 
D: 96 138 
D: 98 119 
D: 109 115 
D: 109 293 
D: 122 234 
D: 136 290 
D: 143 163 
D: 147 237 
D: 166 210 
D: 176 337 
D: 181 226 
D: 192 283 
D: 209 321 
D: 232 303 
D: 241 255 
D: 255 332 
D: 277 296 
D: 311 340 
