15 3 24 236 F: 3 
19 2 25 133 F: 2 
27 6 39 303 F: 2 4 
28 6 46 281 F: 2 2 2 
30 8 46 246 F: 4 1 3 
37 7 65 42 F: 2 5 
38 11 82 14 F: 5 4 2 
48 4 60 48 F: 4 
51 3 57 292 F: 3 
58 8 66 325 F: 6 2 
64 6 88 5 F: 4 1 1 
71 13 123 19 F: 13 
81 10 111 202 F: 3 4 3 
92 11 114 246 F: 5 6 
98 7 105 15 F: 4 2 1 
101 4 117 50 F: 4 
109 4 125 175 F: 2 2 
127 10 157 11 F: 4 2 4 
135 10 165 327 F: 5 3 2 
137 10 177 314 F: 10 
149 9 167 32 F: 4 3 2 
157 10 197 84 F: 5 5 
159 6 177 100 F: 3 3 
162 7 176 138 F: 2 2 3 
170 9 197 45 F: 9 
171 6 195 8 F: 2 2 2 
175 12 223 292 F: 12 
183 3 195 127 F: 3 
183 11 205 15 F: 6 5 
189 8 205 66 F: 3 1 4 
201 4 217 248 F: 4 
201 10 231 98 F: 10 
212 7 226 1 F: 7 
217 5 232 67 F: 3 1 1 
217 6 241 71 F: 2 2 2 
221 6 239 233 F: 6 
223 12 235 227 F: 12 
236 5 241 72 F: 5 
246 2 250 226 F: 2 
246 12 294 148 F: 7 5 
250 5 270 237 F: 2 2 1 
262 8 294 123 F: 8 
271 2 275 41 F: 2 
289 12 313 19 F: 4 4 4 
299 7 327 344 F: 3 1 3 
323 7 330 316 F: 7 
323 11 367 17 F: 11 
331 7 338 306 F: 7 
340 4 344 102 F: 2 1 1 
346 8 362 73 F: 8 
353 8 385 171 F: 8 
355 11 377 321 F: 11 
358 12 406 207 F: 12 
362 11 373 142 F: 11 
371 11 393 166 F: 4 4 3 
372 9 381 159 F: 2 4 3 
376 7 390 67 F: 3 4 
384 7 391 173 F: 7 
386 10 406 110 F: 10 
388 4 404 40 F: 4 
410 8 426 30 F: 3 1 4 
413 12 449 200 F: 12 
415 6 433 7 F: 2 1 3 
415 9 424 70 F: 5 2 2 
425 12 437 173 F: 12 
427 12 475 66 F: 12 
437 11 448 146 F: 5 6 
456 9 483 212 F: 4 5 
461 11 483 337 F: 11 
467 9 494 157 F: 3 2 4 
475 6 499 5 F: 2 4 
479 7 507 127 F: 4 3 
484 8 492 31 F: 5 2 1 
490 5 505 270 F: 5 
491 8 499 339 F: 2 4 2 
503 4 515 13 F: 4 
507 2 509 127 F: 2 
519 11 552 2 F: 3 4 4 
520 10 560 223 F: 5 2 3 
534 2 536 187 F: 2 
545 3 554 93 F: 3 
545 7 552 241 F: 5 2 
548 8 580 91 F: 3 4 1 
550 5 560 201 F: 2 3 
550 11 572 122 F: 3 4 4 
554 10 564 145 F: 10 
562 11 573 54 F: 5 6 
586 9 595 308 F: 5 3 1 
587 9 596 119 F: 2 4 3 
589 5 609 277 F: 3 2 
606 8 622 160 F: 5 3 
630 9 648 40 F: 3 4 2 
639 12 675 165 F: 6 6 
656 9 683 34 F: 6 3 
659 7 687 106 F: 3 4 
663 10 673 75 F: 5 5 
665 3 674 55 F: 3 
672 10 682 241 F: 5 4 1 
677 7 691 32 F: 2 3 2 
684 7 698 272 F: 7 
684 10 714 106 F: 10 
687 3 699 201 F: 2 1 
687 7 694 287 F: 5 2 
692 8 700 50 F: 3 5 
698 9 725 119 F: 9 
706 11 728 174 F: 6 5 
714 9 732 139 F: 3 2 4 
719 8 727 322 F: 7 1 
734 6 752 342 F: 5 1 
734 11 745 95 F: 5 4 2 
737 6 749 115 F: 4 2 
742 4 754 270 F: 2 1 1 
747 12 783 73 F: 6 6 
753 10 793 129 F: 5 3 2 
765 8 789 32 F: 4 2 2 
768 8 776 17 F: 2 2 4 
772 4 776 198 F: 4 
784 8 792 302 F: 7 1 
790 10 830 32 F: 2 4 4 
798 8 822 295 F: 5 1 2 
805 8 837 170 F: 2 3 3 
807 6 813 4 F: 3 2 1 
816 10 846 199 F: 3 3 4 
817 8 841 264 F: 3 5 
819 10 859 121 F: 5 4 1 
829 11 862 56 F: 3 4 4 
853 9 871 256 F: 6 3 
856 8 880 303 F: 3 4 1 
864 5 869 2 F: 5 
864 12 876 309 F: 6 6 
875 6 887 41 F: 3 3 
878 4 894 286 F: 4 
883 9 901 51 F: 5 4 
888 5 908 236 F: 5 
899 5 904 89 F: 2 1 2 
901 6 907 294 F: 6 
909 6 927 298 F: 6 
910 7 931 252 F: 2 2 3 
921 12 945 138 F: 7 5 
927 11 960 325 F: 5 3 3 
949 7 970 81 F: 4 3 
953 7 981 147 F: 3 4 
953 11 997 261 F: 7 4 
965 5 980 85 F: 5 
977 9 995 203 F: 4 2 3 
986 13 1038 238 F: 13 
990 11 1034 93 F: 7 4 
992 8 1024 205 F: 2 2 4 
994 11 1027 201 F: 6 5 
996 11 1007 95 F: 7 4 
1004 7 1011 82 F: 5 2 
1022 11 1055 2 F: 11 
1022 13 1074 208 F: 7 6 
1051 7 1065 324 F: 3 1 3 
1063 8 1095 174 F: 3 3 2 
1067 9 1085 226 F: 5 4 
1070 12 1094 127 F: 4 4 4 
1073 5 1093 100 F: 5 
1076 5 1096 291 F: 5 
1087 13 1113 299 F: 13 
1090 8 1098 113 F: 3 4 1 
1091 4 1099 177 F: 4 
1095 5 1100 347 F: 2 1 2 
1096 6 1114 259 F: 3 2 1 
1096 10 1106 235 F: 2 4 4 
1101 11 1134 266 F: 5 6 
1111 12 1159 49 F: 12 
1119 10 1149 121 F: 6 4 
1122 8 1138 91 F: 2 6 
1125 8 1149 26 F: 3 3 2 
1128 10 1138 197 F: 10 
1132 6 1156 84 F: 6 
1135 7 1163 162 F: 7 
1146 8 1170 133 F: 3 3 2 
1156 8 1188 303 F: 4 4 
1165 7 1172 301 F: 6 1 
1172 9 1190 285 F: 2 3 4 
1173 5 1178 199 F: 3 1 1 
1180 8 1212 202 F: 4 3 1 
1182 2 1186 200 F: 2 
1202 8 1234 80 F: 3 1 4 
1203 11 1247 107 F: 5 2 4 
1211 7 1225 332 F: 5 2 
1216 12 1228 44 F: 7 5 
1219 9 1237 267 F: 5 3 1 
1222 11 1266 141 F: 11 
1242 8 1250 69 F: 5 3 
1253 3 1256 124 F: 3 
1261 7 1275 143 F: 2 2 3 
1273 7 1280 59 F: 7 
1274 9 1292 303 F: 3 3 3 
1279 8 1311 191 F: 8 
1290 9 1299 89 F: 3 3 3 
1290 9 1299 122 F: 2 3 4 
1298 5 1303 99 F: 4 1 
1305 8 1321 59 F: 3 3 2 
1309 4 1325 349 F: 4 
1312 8 1328 309 F: 3 5 
1315 11 1359 224 F: 5 2 4 
1322 7 1336 134 F: 2 2 3 
1326 10 1346 5 F: 4 3 3 
1331 8 1363 161 F: 5 2 1 
1339 10 1379 60 F: 3 4 3 
1355 2 1357 266 F: 2 
1365 9 1383 261 F: 9 
1370 12 1406 116 F: 12 
1372 3 1381 3 F: 3 
1382 10 1422 279 F: 4 6 
1387 10 1427 246 F: 10 
1398 10 1418 1 F: 4 3 3 
1406 12 1418 31 F: 7 5 
1410 8 1434 209 F: 6 2 
1411 11 1422 238 F: 5 2 4 
1422 8 1438 326 F: 4 4 
1436 12 1448 39 F: 12 
1450 10 1470 341 F: 4 6 
1459 9 1486 132 F: 6 3 
1459 13 1511 207 F: 13 
1462 6 1468 324 F: 3 3 
1470 11 1481 279 F: 6 5 
1475 6 1499 77 F: 2 2 2 
1482 8 1514 326 F: 8 
1490 7 1511 74 F: 2 3 2 
1492 5 1497 174 F: 5 
1493 8 1509 51 F: 2 4 2 
1511 8 1535 37 F: 2 2 4 
1512 8 1536 216 F: 3 1 4 
1518 11 1562 336 F: 5 2 4 
1523 10 1563 101 F: 4 6 
1526 5 1546 23 F: 3 2 
1552 6 1558 291 F: 6 
1553 13 1592 340 F: 13 
1554 11 1598 156 F: 7 4 
1559 3 1568 240 F: 3 
1566 6 1578 98 F: 2 4 
1569 8 1585 5 F: 7 1 
1583 13 1635 148 F: 13 
1584 7 1612 16 F: 7 
1592 8 1600 98 F: 2 4 2 
1592 9 1628 114 F: 5 1 3 
1606 5 1621 90 F: 5 
1617 7 1624 258 F: 5 2 
1618 5 1623 274 F: 4 1 
1619 10 1659 324 F: 5 5 
1621 3 1630 275 F: 3 
1622 3 1634 270 F: 3 
1626 5 1641 170 F: 2 3 
1626 7 1647 241 F: 2 4 1 
1641 13 1693 100 F: 13 
1650 5 1660 57 F: 4 1 
1660 3 1672 8 F: 2 1 
1668 6 1686 203 F: 3 2 1 
1681 7 1695 144 F: 4 2 1 
1698 8 1706 81 F: 7 1 
1699 7 1727 122 F: 3 3 1 
1711 6 1723 311 F: 2 1 3 
1712 9 1730 80 F: 4 2 3 
1722 9 1731 183 F: 4 1 4 
1730 12 1742 117 F: 7 5 
1735 10 1755 150 F: 5 4 1 
1741 6 1753 149 F: 2 3 1 
1749 13 1801 209 F: 13 
1756 5 1776 336 F: 5 
1768 6 1774 51 F: 4 1 1 
1778 4 1782 221 F: 4 
1778 8 1802 79 F: 3 4 1 
1780 10 1790 328 F: 7 3 
1789 8 1813 252 F: 5 3 
1797 5 1812 320 F: 2 3 
1798 9 1816 57 F: 4 5 
1800 8 1824 164 F: 5 3 
1801 8 1809 39 F: 7 1 
1808 10 1828 183 F: 10 
1828 10 1838 52 F: 2 4 4 
1829 6 1853 28 F: 6 
1830 5 1845 193 F: 3 2 
1832 7 1853 40 F: 2 4 1 
1844 9 1880 6 F: 3 4 2 
1856 11 1889 110 F: 7 4 
1858 3 1864 350 F: 2 1 
1862 8 1878 13 F: 3 5 
1865 7 1872 243 F: 2 4 1 
1873 6 1885 32 F: 3 3 
1873 10 1883 72 F: 5 3 2 
1877 3 1883 258 F: 3 
1900 3 1903 82 F: 3 
1903 8 1927 216 F: 2 3 3 
1912 10 1942 165 F: 4 3 3 
1914 7 1942 246 F: 4 3 
1919 11 1941 170 F: 11 
1922 3 1931 144 F: 3 
1936 2 1938 196 F: 2 
1940 12 1976 55 F: 12 
1947 4 1951 225 F: 3 1 
1957 13 1983 278 F: 13 
1967 12 1979 280 F: 6 6 
1969 11 2013 316 F: 5 6 
1980 12 1992 34 F: 7 5 
1984 8 2000 31 F: 3 2 3 
1986 9 2004 311 F: 4 1 4 
2003 8 2027 35 F: 6 2 
2026 2 2032 155 F: 2 
2028 10 2048 231 F: 5 1 4 
2036 8 2060 178 F: 4 4 
2042 7 2056 126 F: 7 
2042 9 2051 293 F: 3 4 2 
2048 9 2075 33 F: 9 
2051 10 2081 155 F: 6 4 
2061 8 2077 125 F: 3 5 
2072 8 2088 75 F: 3 2 3 
2074 10 2084 348 F: 10 
2085 13 2137 208 F: 13 
2087 13 2126 75 F: 7 6 
2091 3 2097 215 F: 3 
2096 6 2120 40 F: 3 2 1 
2114 12 2126 151 F: 5 3 4 
2122 3 2125 246 F: 3 
2126 10 2166 314 F: 10 
2127 7 2148 39 F: 5 2 
2130 12 2142 103 F: 12 
2134 5 2139 75 F: 3 2 
2135 9 2144 303 F: 9 
2137 13 2189 28 F: 7 6 
2150 7 2171 43 F: 3 4 
2151 6 2163 328 F: 3 3 
2169 9 2196 131 F: 5 2 2 
2170 4 2178 307 F: 4 
2189 6 2213 197 F: 4 2 
2191 7 2205 253 F: 7 
2193 10 2203 322 F: 10 
2206 11 2250 188 F: 11 
2213 7 2220 285 F: 7 
2231 4 2239 296 F: 4 
2239 4 2251 198 F: 4 
2255 7 2269 263 F: 6 1 
2273 11 2295 70 F: 5 2 4 
2282 9 2318 53 F: 3 2 4 
2284 10 2304 272 F: 5 4 1 
2285 7 2313 161 F: 5 2 
2285 9 2312 304 F: 7 2 
2286 5 2291 337 F: 3 2 
2291 6 2309 307 F: 4 1 1 
2293 12 2317 224 F: 6 6 
2294 10 2314 183 F: 4 2 4 
2297 8 2305 176 F: 8 
2317 11 2328 37 F: 4 3 4 
2318 13 2370 274 F: 13 
2319 9 2346 46 F: 2 3 4 
2337 6 2349 39 F: 6 
2339 11 2361 264 F: 11 
D: 0 251 
D: 3 144 
D: 5 83 
D: 6 322 
D: 11 79 
D: 25 341 
D: 32 274 
D: 36 145 
D: 41 224 
D: 45 54 
D: 68 247 
D: 69 331 
D: 71 156 
D: 73 87 
D: 74 153 
D: 74 244 
D: 79 346 
D: 85 96 
D: 86 349 
D: 95 159 
D: 95 218 
D: 103 152 
D: 104 299 
D: 123 190 
D: 123 196 
D: 135 340 
D: 159 176 
D: 161 221 
D: 167 233 
D: 196 254 
D: 206 224 
D: 218 334 
D: 255 309 
D: 280 347 
D: 285 342 
