1 11 23 157 F: 11 
6 10 26 8 F: 5 4 1 
14 8 30 299 F: 3 3 2 
17 8 49 339 F: 4 1 3 
24 10 34 47 F: 10 
50 12 98 194 F: 12 
53 7 60 110 F: 7 
57 7 85 174 F: 2 3 2 
68 8 84 255 F: 8 
71 3 74 294 F: 3 
76 2 82 132 F: 2 
84 4 88 68 F: 4 
84 8 116 60 F: 2 6 
92 6 116 136 F: 3 1 2 
93 9 120 275 F: 9 
108 10 128 43 F: 4 2 4 
110 9 119 166 F: 6 3 
116 2 120 70 F: 2 
117 6 129 258 F: 3 2 1 
132 7 153 86 F: 2 5 
146 5 161 125 F: 5 
150 10 160 343 F: 5 4 1 
157 7 185 81 F: 3 3 1 
160 4 176 116 F: 4 
160 5 180 280 F: 5 
175 12 211 321 F: 6 6 
179 6 203 298 F: 2 3 1 
181 9 199 20 F: 9 
193 8 201 125 F: 6 2 
197 8 221 192 F: 5 1 2 
223 5 238 320 F: 3 2 
228 7 242 201 F: 3 2 2 
238 5 248 6 F: 4 1 
239 10 259 202 F: 10 
243 8 275 167 F: 7 1 
244 8 260 253 F: 8 
247 11 280 278 F: 11 
249 10 279 234 F: 7 3 
258 8 282 64 F: 4 4 
272 12 308 48 F: 12 
276 2 284 105 F: 2 
287 12 311 140 F: 4 4 4 
291 9 309 24 F: 2 4 3 
295 10 325 288 F: 10 
298 9 334 345 F: 9 
302 8 334 159 F: 4 4 
305 7 326 317 F: 3 2 2 
307 6 325 37 F: 3 2 1 
308 7 336 222 F: 3 4 
313 12 361 8 F: 12 
330 8 338 218 F: 8 
334 6 352 207 F: 2 4 
341 5 356 5 F: 5 
349 2 355 255 F: 2 
352 3 361 127 F: 3 
355 11 399 201 F: 11 
356 10 376 203 F: 5 5 
365 6 371 109 F: 3 3 
365 8 373 107 F: 5 3 
380 12 404 339 F: 12 
415 11 426 239 F: 6 5 
417 9 444 30 F: 3 2 4 
421 8 453 115 F: 2 4 2 
430 6 442 237 F: 6 
431 9 458 323 F: 5 3 1 
436 12 448 201 F: 12 
458 3 464 302 F: 3 
460 8 484 68 F: 3 1 4 
467 9 476 88 F: 7 2 
467 12 503 22 F: 5 3 4 
474 5 489 59 F: 5 
475 9 511 302 F: 3 6 
476 6 500 262 F: 6 
487 6 505 309 F: 2 2 2 
489 2 497 334 F: 2 
515 5 530 112 F: 3 2 
516 11 560 349 F: 3 4 4 
523 11 534 290 F: 6 5 
524 6 548 303 F: 2 3 1 
528 12 564 289 F: 5 3 4 
531 10 561 36 F: 5 5 
535 8 551 41 F: 7 1 
537 6 561 41 F: 3 3 
546 6 558 261 F: 3 3 
551 6 557 143 F: 2 1 3 
552 12 576 176 F: 7 5 
563 5 583 304 F: 5 
575 8 583 91 F: 3 3 2 
592 8 616 28 F: 5 1 2 
597 4 613 169 F: 2 2 
600 8 608 125 F: 3 3 2 
619 5 624 165 F: 2 2 1 
621 8 645 214 F: 7 1 
622 8 630 181 F: 2 6 
622 8 630 336 F: 2 2 4 
643 4 659 340 F: 2 2 
644 10 664 154 F: 6 4 
654 7 675 45 F: 2 5 
660 5 680 332 F: 5 
662 5 682 4 F: 3 2 
667 9 676 40 F: 4 1 4 
673 3 685 90 F: 3 
690 10 700 277 F: 4 2 4 
692 12 728 327 F: 12 
694 6 712 245 F: 5 1 
705 10 715 101 F: 5 4 1 
716 8 748 299 F: 6 2 
718 5 733 70 F: 4 1 
727 13 766 62 F: 7 6 
731 12 743 122 F: 5 4 3 
731 12 743 175 F: 5 4 3 
755 7 762 106 F: 5 1 1 
755 9 773 19 F: 3 3 3 
756 6 780 283 F: 6 
777 10 797 281 F: 10 
785 8 801 167 F: 8 
788 12 836 136 F: 12 
790 5 795 185 F: 2 3 
790 10 800 77 F: 5 3 2 
798 9 834 238 F: 5 4 
804 5 809 214 F: 5 
812 8 828 301 F: 2 6 
815 10 855 132 F: 10 
826 12 850 46 F: 12 
832 7 846 57 F: 2 5 
849 8 873 81 F: 4 4 
855 4 867 102 F: 4 
855 10 865 18 F: 5 1 4 
856 11 889 241 F: 11 
857 6 863 233 F: 6 
857 8 873 187 F: 6 2 
861 8 885 125 F: 6 2 
865 6 883 224 F: 3 2 1 
867 4 875 306 F: 4 
873 7 901 47 F: 2 5 
910 10 920 144 F: 4 6 
915 6 933 174 F: 4 2 
936 11 947 290 F: 11 
957 4 969 88 F: 4 
969 13 1008 4 F: 13 
970 4 974 187 F: 2 2 
973 4 981 196 F: 3 1 
980 10 1000 241 F: 10 
986 6 992 246 F: 4 2 
988 6 1006 23 F: 2 3 1 
989 3 992 33 F: 3 
989 3 995 298 F: 3 
991 9 1009 205 F: 6 3 
994 2 996 93 F: 2 
995 6 1007 231 F: 5 1 
1002 10 1042 249 F: 5 5 
1008 5 1028 281 F: 2 3 
1011 8 1035 328 F: 3 3 2 
1026 9 1035 347 F: 5 2 2 
1030 2 1032 280 F: 2 
1050 11 1061 141 F: 3 4 4 
1054 9 1081 5 F: 6 3 
1057 8 1081 199 F: 2 2 4 
1062 6 1068 339 F: 6 
1068 4 1076 316 F: 2 2 
1073 6 1079 193 F: 3 3 
1073 8 1089 268 F: 3 3 2 
1076 9 1094 307 F: 6 3 
1083 13 1109 214 F: 13 
1094 7 1115 310 F: 6 1 
1114 8 1138 233 F: 3 5 
1118 7 1132 336 F: 3 4 
1118 8 1150 264 F: 8 
1125 5 1145 100 F: 2 2 1 
1129 6 1153 257 F: 2 4 
1142 10 1152 78 F: 3 4 3 
1148 6 1154 24 F: 3 3 
1155 8 1187 19 F: 3 4 1 
1163 9 1172 321 F: 6 3 
1165 8 1173 237 F: 3 5 
1175 13 1188 216 F: 7 6 
1185 4 1193 174 F: 2 2 
1190 7 1218 308 F: 3 4 
1198 10 1208 275 F: 4 6 
1199 6 1217 168 F: 5 1 
1202 4 1206 138 F: 4 
1212 4 1228 102 F: 2 2 
1213 9 1222 309 F: 6 3 
1214 6 1220 330 F: 6 
1239 2 1241 41 F: 2 
1246 10 1266 47 F: 4 3 3 
1254 7 1261 7 F: 7 
1260 8 1292 224 F: 8 
1260 11 1282 180 F: 11 
1271 11 1315 105 F: 5 4 2 
1283 7 1304 107 F: 4 1 2 
1283 10 1323 147 F: 4 6 
1284 9 1320 323 F: 5 4 
1286 7 1293 225 F: 2 4 1 
1296 9 1305 26 F: 9 
1300 2 1308 316 F: 2 
1305 8 1321 238 F: 8 
1315 7 1329 102 F: 3 3 1 
1316 5 1331 342 F: 2 3 
1320 8 1336 136 F: 3 5 
1324 8 1356 62 F: 4 1 3 
1329 9 1365 247 F: 9 
1342 10 1382 330 F: 4 3 3 
1352 8 1376 240 F: 7 1 
1357 13 1370 140 F: 13 
1364 8 1380 257 F: 8 
1365 11 1376 36 F: 6 5 
1368 5 1383 131 F: 3 1 1 
1379 10 1409 322 F: 10 
1399 5 1414 269 F: 3 2 
1408 7 1422 161 F: 5 2 
1409 5 1419 344 F: 4 1 
1415 8 1423 313 F: 6 2 
1422 9 1440 276 F: 3 3 3 
1436 5 1451 306 F: 2 2 1 
1438 7 1459 261 F: 3 2 2 
1439 13 1465 187 F: 13 
1442 8 1450 276 F: 4 1 3 
1444 5 1449 320 F: 2 2 1 
1461 2 1463 158 F: 2 
1482 9 1518 256 F: 6 3 
1483 7 1490 186 F: 2 1 4 
1492 7 1499 178 F: 3 4 
1493 2 1501 122 F: 2 
1496 8 1512 155 F: 3 1 4 
1500 6 1524 330 F: 3 1 2 
1502 12 1526 148 F: 12 
1507 3 1516 86 F: 2 1 
1508 9 1544 23 F: 4 2 3 
1514 7 1521 235 F: 3 2 2 
1523 10 1563 338 F: 5 5 
1555 4 1571 279 F: 4 
1562 10 1592 313 F: 5 1 4 
1563 7 1584 114 F: 2 2 3 
1564 11 1586 179 F: 11 
1572 8 1580 107 F: 5 3 
1576 9 1585 284 F: 7 2 
1576 9 1612 337 F: 4 4 1 
1577 11 1588 325 F: 3 4 4 
1595 12 1631 230 F: 12 
1600 6 1624 62 F: 3 3 
1603 9 1612 152 F: 2 4 3 
1605 9 1614 147 F: 9 
1607 10 1647 72 F: 10 
1608 8 1632 121 F: 3 2 3 
1620 10 1630 94 F: 5 5 
1625 3 1634 272 F: 3 
1631 7 1652 70 F: 4 3 
1646 7 1674 207 F: 4 2 1 
1651 9 1687 149 F: 9 
1652 6 1676 308 F: 4 1 1 
1668 5 1683 94 F: 5 
1671 6 1689 174 F: 2 2 2 
1679 9 1697 86 F: 6 3 
1679 12 1715 309 F: 5 4 3 
1716 12 1740 10 F: 12 
1725 7 1746 61 F: 7 
1729 7 1750 35 F: 2 2 3 
1731 6 1743 176 F: 5 1 
1738 5 1753 296 F: 5 
1750 5 1765 261 F: 4 1 
1766 7 1787 203 F: 7 
1774 10 1794 295 F: 3 3 4 
1776 4 1784 223 F: 2 2 
1777 12 1825 305 F: 7 5 
1784 6 1808 349 F: 2 3 1 
1784 13 1810 152 F: 7 6 
1786 10 1826 40 F: 5 4 1 
1790 11 1801 119 F: 5 6 
1796 10 1816 82 F: 10 
1808 8 1840 153 F: 8 
1815 9 1833 65 F: 5 4 
1822 9 1831 350 F: 4 1 4 
1829 7 1843 25 F: 2 1 4 
1832 9 1850 324 F: 5 3 1 
1839 7 1867 319 F: 5 1 1 
1841 2 1849 30 F: 2 
1849 11 1871 162 F: 5 4 2 
1857 8 1889 45 F: 5 3 
1858 9 1876 44 F: 2 4 3 
1873 6 1879 114 F: 3 2 1 
1873 11 1917 158 F: 11 
1879 8 1895 36 F: 8 
1881 13 1894 342 F: 13 
1891 8 1923 123 F: 4 4 
1902 6 1926 331 F: 5 1 
1911 11 1955 300 F: 11 
1916 6 1928 101 F: 4 1 1 
1926 4 1938 240 F: 4 
1926 7 1940 154 F: 2 2 3 
1938 2 1940 125 F: 2 
1940 11 1962 62 F: 5 6 
1945 7 1952 181 F: 5 1 1 
1945 7 1952 219 F: 3 1 3 
1945 8 1969 16 F: 2 3 3 
1946 8 1978 222 F: 2 2 4 
1962 3 1971 274 F: 3 
1966 8 1982 327 F: 3 4 1 
1981 8 2005 40 F: 3 4 1 
1997 3 2003 25 F: 3 
2004 9 2031 159 F: 5 3 1 
2012 6 2018 217 F: 4 1 1 
2031 4 2047 281 F: 2 2 
2039 8 2063 71 F: 5 3 
2039 11 2061 235 F: 11 
2041 5 2046 196 F: 5 
2042 9 2069 333 F: 5 2 2 
2045 8 2069 189 F: 4 4 
2065 10 2085 303 F: 5 5 
2068 5 2073 215 F: 5 
2070 8 2078 197 F: 3 5 
2079 11 2112 54 F: 6 5 
2084 12 2108 207 F: 12 
2096 6 2102 163 F: 4 1 1 
2096 9 2114 178 F: 2 4 3 
2101 8 2133 267 F: 2 3 3 
2102 8 2110 311 F: 7 1 
2111 12 2147 121 F: 12 
2115 4 2119 133 F: 4 
2116 10 2126 135 F: 6 4 
2128 6 2134 240 F: 6 
2136 10 2146 134 F: 5 1 4 
2136 12 2148 179 F: 12 
2151 10 2181 37 F: 5 4 1 
2153 12 2165 213 F: 12 
2155 10 2175 268 F: 10 
2155 11 2199 176 F: 4 4 3 
2184 7 2191 272 F: 3 2 2 
2184 9 2193 110 F: 3 2 4 
2193 10 2213 157 F: 4 6 
2200 8 2216 168 F: 2 4 2 
2208 6 2220 117 F: 3 2 1 
2212 6 2236 303 F: 3 2 1 
2213 2 2221 70 F: 2 
2216 10 2236 254 F: 5 3 2 
2227 4 2235 218 F: 2 2 
2254 7 2282 47 F: 4 2 1 
2267 7 2288 153 F: 3 3 1 
2276 9 2294 286 F: 5 2 2 
2279 11 2312 116 F: 4 4 3 
2282 8 2314 97 F: 2 3 3 
2286 11 2308 183 F: 6 5 
2288 11 2299 206 F: 11 
2290 3 2293 262 F: 3 
2290 6 2302 237 F: 2 4 
2316 9 2343 15 F: 4 2 3 
2336 9 2363 41 F: 5 4 
2354 10 2394 263 F: 5 1 4 
2362 10 2382 181 F: 5 1 4 
2386 8 2418 266 F: 2 4 2 
D: 0 84 
D: 5 77 
D: 12 130 
D: 22 336 
D: 35 138 
D: 35 262 
D: 43 232 
D: 47 336 
D: 54 69 
D: 57 151 
D: 72 149 
D: 77 192 
D: 81 310 
D: 85 147 
D: 92 222 
D: 95 179 
D: 95 332 
D: 106 308 
D: 107 110 
D: 111 198 
D: 116 322 
D: 123 250 
D: 127 256 
D: 132 205 
D: 133 145 
D: 135 281 
D: 154 252 
D: 168 252 
D: 169 243 
D: 191 305 
D: 212 225 
D: 268 299 
D: 274 279 
D: 290 317 
D: 296 302 
