2 13 15 231 F: 7 6 
3 5 18 34 F: 5 
11 8 43 42 F: 3 5 
28 7 49 99 F: 3 2 2 
35 2 37 171 F: 2 
49 13 75 143 F: 13 
50 5 55 206 F: 2 3 
62 7 90 54 F: 2 2 3 
77 11 121 20 F: 11 
81 11 125 279 F: 4 4 3 
82 12 130 237 F: 7 5 
85 12 121 172 F: 12 
91 10 111 84 F: 5 3 2 
96 11 107 233 F: 4 3 4 
98 11 109 294 F: 7 4 
104 4 112 196 F: 2 2 
115 7 129 268 F: 7 
119 5 134 240 F: 3 1 1 
119 11 152 38 F: 11 
120 13 172 141 F: 13 
127 7 148 107 F: 2 5 
127 10 137 243 F: 2 4 4 
150 11 183 30 F: 4 4 3 
155 5 175 136 F: 5 
155 9 173 201 F: 7 2 
157 4 169 52 F: 4 
159 4 167 121 F: 3 1 
159 7 166 247 F: 4 2 1 
197 4 205 133 F: 3 1 
199 4 207 159 F: 3 1 
210 4 214 14 F: 4 
212 4 224 170 F: 4 
216 12 228 92 F: 12 
222 9 249 258 F: 9 
239 8 247 102 F: 2 4 2 
244 10 254 192 F: 3 4 3 
248 7 269 271 F: 2 1 4 
270 11 314 165 F: 5 2 4 
272 5 282 81 F: 4 1 
276 6 300 152 F: 2 4 
284 10 294 266 F: 4 2 4 
285 8 317 199 F: 6 2 
285 11 329 99 F: 5 6 
286 4 302 20 F: 2 2 
294 9 312 86 F: 9 
314 10 334 288 F: 6 4 
322 5 332 22 F: 5 
324 8 356 14 F: 4 2 2 
335 5 355 278 F: 5 
337 8 361 98 F: 8 
338 6 344 243 F: 6 
342 3 345 40 F: 3 
347 8 355 297 F: 7 1 
348 8 372 152 F: 3 2 3 
359 10 379 196 F: 2 4 4 
365 5 375 191 F: 5 
372 4 388 162 F: 4 
372 7 386 44 F: 6 1 
379 5 394 3 F: 4 1 
380 9 389 32 F: 4 3 2 
403 10 433 97 F: 3 4 3 
407 9 434 228 F: 3 6 
427 7 448 272 F: 7 
429 8 461 165 F: 4 2 2 
442 8 466 39 F: 8 
446 3 458 25 F: 3 
455 7 462 89 F: 2 5 
464 4 480 185 F: 2 2 
477 10 517 105 F: 5 2 3 
478 9 514 80 F: 3 4 2 
479 9 506 176 F: 9 
484 10 494 33 F: 4 4 2 
490 10 500 106 F: 4 6 
491 7 498 117 F: 2 1 4 
495 5 500 164 F: 2 1 2 
511 2 513 207 F: 2 
512 11 545 187 F: 5 6 
515 6 533 50 F: 5 1 
542 9 569 192 F: 9 
543 8 551 286 F: 4 2 2 
547 10 577 280 F: 5 3 2 
561 8 593 294 F: 2 3 3 
564 13 590 200 F: 13 
568 7 596 223 F: 7 
576 7 604 205 F: 7 
584 8 592 30 F: 8 
584 8 616 131 F: 3 2 3 
585 6 603 104 F: 3 3 
587 3 590 42 F: 3 
597 13 623 154 F: 7 6 
600 5 620 198 F: 5 
606 10 626 201 F: 5 2 3 
611 9 638 280 F: 5 1 3 
619 8 635 133 F: 7 1 
630 10 660 284 F: 5 5 
646 10 666 138 F: 3 3 4 
670 4 686 28 F: 2 2 
673 8 705 100 F: 7 1 
673 12 709 138 F: 12 
676 12 688 214 F: 12 
678 9 696 282 F: 3 2 4 
679 10 709 285 F: 3 3 4 
683 10 723 56 F: 7 3 
687 8 719 35 F: 4 3 1 
699 10 719 238 F: 5 5 
702 12 726 55 F: 12 
704 8 720 110 F: 4 2 2 
712 12 760 153 F: 12 
733 11 766 265 F: 11 
739 6 745 177 F: 4 2 
742 8 750 108 F: 3 3 2 
744 9 753 246 F: 9 
755 10 785 101 F: 10 
756 10 786 69 F: 10 
769 3 778 119 F: 2 1 
777 6 783 235 F: 4 2 
779 5 794 154 F: 3 1 1 
794 9 812 285 F: 4 5 
798 8 830 138 F: 7 1 
799 4 815 119 F: 2 1 1 
808 10 848 273 F: 10 
812 11 834 192 F: 4 4 3 
824 12 848 299 F: 12 
836 6 854 20 F: 6 
836 8 868 35 F: 5 3 
846 8 854 279 F: 8 
850 6 862 163 F: 3 1 2 
852 8 868 139 F: 8 
867 7 895 194 F: 3 3 1 
869 5 889 152 F: 3 2 
872 11 916 2 F: 6 5 
876 6 888 162 F: 4 2 
877 8 885 175 F: 7 1 
884 8 908 100 F: 2 3 3 
887 11 898 114 F: 11 
904 6 910 178 F: 6 
906 4 914 30 F: 2 2 
923 11 945 133 F: 5 3 3 
926 9 953 216 F: 4 5 
934 5 954 68 F: 4 1 
943 5 948 262 F: 2 2 1 
947 7 975 265 F: 3 3 1 
952 7 980 72 F: 2 5 
961 7 968 35 F: 5 2 
967 8 999 134 F: 3 1 4 
972 9 999 114 F: 3 4 2 
977 7 1005 255 F: 4 3 
981 12 1017 158 F: 7 5 
984 9 1011 171 F: 9 
998 8 1014 183 F: 4 1 3 
1003 12 1015 137 F: 5 4 3 
1015 13 1041 251 F: 5 4 4 
1022 3 1034 205 F: 3 
1023 6 1041 173 F: 6 
1049 8 1057 24 F: 5 2 1 
1050 5 1065 53 F: 5 
1052 11 1074 213 F: 4 3 4 
1053 7 1067 198 F: 2 5 
1054 3 1063 7 F: 3 
1055 12 1079 220 F: 12 
1063 10 1083 214 F: 3 3 4 
1074 10 1104 239 F: 10 
1082 13 1134 75 F: 13 
1091 10 1121 124 F: 10 
1095 8 1103 155 F: 7 1 
1107 8 1139 79 F: 5 1 2 
1107 9 1125 77 F: 3 4 2 
1127 10 1147 239 F: 5 5 
1132 9 1150 235 F: 5 3 1 
1137 7 1165 102 F: 4 2 1 
1139 10 1179 36 F: 5 3 2 
1140 7 1154 183 F: 2 3 2 
1148 5 1163 200 F: 5 
1155 3 1158 42 F: 3 
1159 6 1165 60 F: 6 
1172 8 1188 156 F: 3 5 
1173 12 1197 160 F: 5 3 4 
1175 13 1188 190 F: 13 
1178 9 1187 55 F: 9 
1179 7 1207 108 F: 2 4 1 
1210 8 1234 46 F: 6 2 
1212 9 1230 239 F: 5 4 
1214 9 1241 14 F: 4 5 
1235 3 1244 104 F: 3 
1238 7 1252 255 F: 6 1 
1242 8 1250 271 F: 4 2 2 
1247 6 1265 29 F: 2 3 1 
1247 7 1261 162 F: 4 3 
1249 5 1264 14 F: 5 
1252 8 1276 12 F: 8 
1255 11 1299 283 F: 11 
1261 3 1273 80 F: 3 
1267 8 1275 220 F: 5 1 2 
1277 10 1287 110 F: 10 
1296 8 1328 35 F: 8 
1303 8 1327 103 F: 7 1 
1322 7 1336 264 F: 2 1 4 
1325 12 1361 67 F: 6 6 
1335 2 1341 231 F: 2 
1336 8 1352 264 F: 5 2 1 
1337 9 1355 132 F: 5 2 2 
1343 9 1379 292 F: 3 6 
1344 8 1368 131 F: 6 2 
1363 3 1372 50 F: 3 
1363 7 1370 76 F: 4 1 2 
1377 6 1401 133 F: 3 1 2 
1377 11 1410 117 F: 11 
1390 12 1426 63 F: 4 4 4 
1393 2 1399 128 F: 2 
1393 6 1411 44 F: 3 3 
1400 8 1424 138 F: 5 2 1 
1405 9 1423 105 F: 4 5 
1406 10 1426 53 F: 10 
1414 9 1432 152 F: 4 3 2 
1417 8 1449 298 F: 3 5 
1419 10 1449 99 F: 5 3 2 
1427 11 1438 51 F: 7 4 
1438 8 1446 289 F: 5 3 
1442 10 1482 295 F: 4 4 2 
1464 11 1508 61 F: 5 3 3 
1476 11 1509 128 F: 11 
1477 9 1495 24 F: 9 
1482 9 1509 206 F: 9 
1487 10 1507 3 F: 6 4 
1492 11 1514 196 F: 5 6 
1502 9 1538 5 F: 5 4 
1511 8 1543 124 F: 5 2 1 
1533 9 1569 124 F: 7 2 
1537 8 1545 82 F: 2 4 2 
1538 2 1544 137 F: 2 
1539 6 1563 179 F: 6 
1540 5 1555 227 F: 4 1 
1542 4 1546 51 F: 2 2 
1543 8 1567 91 F: 5 1 2 
1549 8 1565 185 F: 3 1 4 
1556 9 1574 123 F: 6 3 
1562 9 1589 213 F: 4 2 3 
1565 7 1579 264 F: 3 4 
1577 8 1585 270 F: 7 1 
1589 5 1609 17 F: 2 2 1 
1608 8 1640 231 F: 3 4 1 
1614 9 1632 112 F: 3 4 2 
1627 9 1636 89 F: 3 4 2 
1627 12 1663 159 F: 12 
1629 10 1649 64 F: 6 4 
1631 7 1638 271 F: 5 2 
1632 13 1684 154 F: 13 
1638 4 1646 264 F: 4 
1641 4 1657 127 F: 2 1 1 
1647 8 1671 48 F: 8 
1652 10 1662 26 F: 4 2 4 
1653 5 1668 85 F: 5 
1660 11 1693 21 F: 6 5 
1687 3 1693 192 F: 2 1 
1693 10 1723 257 F: 3 4 3 
1707 6 1719 8 F: 6 
1721 6 1745 209 F: 6 
1730 9 1739 78 F: 4 5 
1733 9 1751 164 F: 9 
1740 6 1764 43 F: 2 2 2 
1749 10 1759 220 F: 10 
1752 6 1764 169 F: 4 2 
1758 7 1765 153 F: 7 
1764 11 1775 15 F: 11 
1768 7 1782 255 F: 3 1 3 
1769 10 1809 181 F: 5 4 1 
1781 10 1801 56 F: 4 6 
1782 9 1791 202 F: 7 2 
1785 6 1797 250 F: 5 1 
1785 7 1792 104 F: 7 
1803 8 1827 293 F: 3 1 4 
1807 4 1823 297 F: 4 
1810 2 1812 53 F: 2 
1813 4 1829 16 F: 4 
1818 7 1832 243 F: 7 
1820 8 1852 3 F: 7 1 
1841 8 1849 228 F: 3 5 
1847 7 1861 166 F: 6 1 
1853 6 1871 130 F: 2 4 
1855 6 1879 148 F: 4 1 1 
1859 10 1889 299 F: 7 3 
1867 5 1872 223 F: 5 
1878 10 1898 233 F: 4 3 3 
1879 9 1906 102 F: 2 4 3 
1885 6 1909 50 F: 6 
1901 8 1933 181 F: 2 3 3 
1910 8 1926 258 F: 7 1 
1912 9 1948 5 F: 5 4 
1935 9 1944 223 F: 6 3 
1940 9 1967 49 F: 4 1 4 
1940 12 1952 116 F: 12 
1944 5 1959 92 F: 5 
1950 6 1968 175 F: 6 
1951 8 1983 63 F: 8 
1965 7 1972 198 F: 5 1 1 
1965 13 2017 164 F: 13 
1976 6 1994 274 F: 4 2 
1977 11 2021 137 F: 5 6 
1984 12 2032 267 F: 5 3 4 
1987 9 2005 137 F: 4 4 1 
D: 0 231 
D: 3 21 
D: 6 109 
D: 12 97 
D: 13 117 
D: 14 164 
D: 24 87 
D: 25 267 
D: 26 219 
D: 32 221 
D: 35 124 
D: 43 255 
D: 45 222 
D: 58 168 
D: 60 188 
D: 70 196 
D: 72 283 
D: 73 166 
D: 115 280 
D: 123 144 
D: 125 184 
D: 132 213 
D: 137 192 
D: 138 284 
D: 142 189 
D: 144 208 
D: 153 292 
D: 164 257 
D: 237 269 
D: 255 297 
