3 8 19 249 F: 2 2 4 
9 9 18 244 F: 5 1 3 
9 12 57 171 F: 12 
12 7 26 233 F: 3 4 
15 6 27 286 F: 2 3 1 
33 2 35 157 F: 2 
36 8 68 237 F: 3 5 
38 5 43 201 F: 2 3 
39 11 83 16 F: 4 4 3 
52 9 61 212 F: 5 1 3 
61 5 81 119 F: 5 
63 5 73 131 F: 5 
83 9 110 63 F: 3 2 4 
98 2 100 276 F: 2 
98 2 106 171 F: 2 
105 8 129 70 F: 3 5 
117 9 126 128 F: 2 3 4 
117 13 156 287 F: 13 
122 9 131 18 F: 9 
127 10 157 174 F: 5 5 
128 12 152 126 F: 7 5 
131 9 158 272 F: 4 4 1 
144 4 156 269 F: 3 1 
151 8 159 126 F: 8 
156 6 180 121 F: 5 1 
186 7 214 69 F: 5 2 
187 11 231 188 F: 11 
193 8 225 214 F: 4 4 
194 13 207 113 F: 7 6 
196 10 206 15 F: 3 3 4 
201 11 223 87 F: 11 
204 10 244 144 F: 5 1 4 
219 6 243 250 F: 4 1 1 
225 10 265 157 F: 4 3 3 
225 13 251 217 F: 7 6 
227 11 238 234 F: 7 4 
247 8 263 126 F: 3 2 3 
257 7 285 249 F: 7 
262 8 294 178 F: 7 1 
263 8 287 291 F: 2 2 4 
266 2 274 293 F: 2 
267 8 291 16 F: 6 2 
269 3 278 134 F: 3 
271 7 278 81 F: 4 1 2 
296 13 322 221 F: 13 
310 8 326 222 F: 4 4 
326 12 374 162 F: 12 
345 9 354 125 F: 2 3 4 
365 5 370 161 F: 5 
372 5 387 71 F: 4 1 
373 6 385 300 F: 6 
379 4 391 244 F: 4 
380 10 410 78 F: 6 4 
382 6 406 92 F: 5 1 
386 9 413 8 F: 5 3 1 
388 10 398 163 F: 10 
390 4 398 177 F: 4 
396 9 432 25 F: 3 3 3 
398 2 402 205 F: 2 
398 7 405 145 F: 4 2 1 
400 11 422 175 F: 6 5 
409 7 423 57 F: 2 1 4 
421 5 431 240 F: 4 1 
423 7 430 175 F: 5 2 
428 5 438 182 F: 5 
435 8 459 149 F: 2 4 2 
440 6 452 216 F: 6 
445 5 465 80 F: 2 1 2 
457 6 475 43 F: 2 3 1 
467 6 485 181 F: 4 1 1 
467 7 488 208 F: 4 3 
469 9 496 197 F: 7 2 
480 6 498 113 F: 6 
485 7 506 42 F: 7 
490 4 502 285 F: 4 
503 4 507 286 F: 4 
517 11 550 285 F: 7 4 
540 4 552 129 F: 2 1 1 
548 3 557 258 F: 3 
550 6 568 105 F: 4 2 
551 9 587 2 F: 9 
552 6 576 207 F: 6 
557 9 593 144 F: 9 
558 11 591 256 F: 4 4 3 
572 9 599 108 F: 3 3 3 
579 10 589 286 F: 5 4 1 
583 10 613 246 F: 5 3 2 
587 6 599 166 F: 6 
596 7 624 168 F: 4 2 1 
598 11 620 273 F: 6 5 
604 6 622 9 F: 4 2 
611 11 644 202 F: 3 4 4 
622 6 628 213 F: 6 
622 7 650 158 F: 7 
622 13 674 184 F: 13 
638 7 645 166 F: 2 1 4 
638 10 678 191 F: 7 3 
639 5 649 20 F: 5 
642 7 649 263 F: 2 2 3 
644 2 650 36 F: 2 
648 8 680 180 F: 8 
658 7 686 300 F: 7 
659 8 675 76 F: 3 2 3 
669 7 697 31 F: 2 2 3 
671 5 691 184 F: 5 
706 2 708 231 F: 2 
706 3 715 152 F: 3 
729 7 757 295 F: 7 
729 9 756 246 F: 4 2 3 
732 6 744 42 F: 5 1 
733 13 772 18 F: 13 
742 9 760 81 F: 9 
744 10 774 130 F: 6 4 
751 9 787 73 F: 5 4 
769 10 779 241 F: 4 6 
779 2 781 121 F: 2 
790 7 797 13 F: 2 2 3 
792 9 819 150 F: 9 
794 7 808 103 F: 6 1 
797 7 818 202 F: 7 
819 7 826 14 F: 4 3 
830 9 857 211 F: 4 1 4 
839 9 866 224 F: 4 5 
839 12 863 234 F: 5 4 3 
843 7 857 192 F: 3 1 3 
846 12 882 33 F: 7 5 
862 7 890 69 F: 3 2 2 
864 10 874 283 F: 10 
874 10 884 66 F: 5 2 3 
875 8 899 144 F: 4 3 1 
888 10 918 52 F: 7 3 
894 5 909 210 F: 2 1 2 
897 8 913 69 F: 8 
897 12 933 211 F: 5 3 4 
899 8 923 158 F: 7 1 
916 13 929 67 F: 13 
917 13 930 190 F: 13 
921 6 939 289 F: 4 2 
931 4 939 110 F: 4 
932 3 941 157 F: 3 
933 4 941 83 F: 4 
944 12 992 73 F: 12 
952 11 963 199 F: 7 4 
954 7 975 132 F: 3 4 
961 5 971 170 F: 5 
961 6 979 160 F: 2 4 
980 8 1012 232 F: 7 1 
984 7 991 150 F: 2 5 
985 11 996 299 F: 11 
991 11 1024 22 F: 7 4 
1004 5 1014 91 F: 4 1 
1024 10 1054 133 F: 10 
1028 9 1055 111 F: 6 3 
1030 9 1039 241 F: 7 2 
1038 9 1065 64 F: 6 3 
1060 6 1066 147 F: 4 2 
1067 9 1094 197 F: 5 4 
1072 5 1082 48 F: 5 
1074 9 1101 165 F: 9 
1075 8 1091 25 F: 2 4 2 
1078 5 1083 288 F: 3 1 1 
1083 6 1101 252 F: 2 1 3 
1085 7 1106 257 F: 4 2 1 
1085 11 1118 48 F: 6 5 
1097 8 1121 140 F: 2 2 4 
1104 11 1126 116 F: 5 4 2 
1106 8 1138 120 F: 4 2 2 
1111 10 1121 114 F: 5 1 4 
1114 12 1150 170 F: 12 
1121 5 1126 92 F: 5 
1127 3 1130 13 F: 3 
1128 8 1152 116 F: 8 
1132 13 1158 221 F: 13 
1138 4 1146 86 F: 3 1 
1143 9 1179 149 F: 4 3 2 
1154 8 1186 126 F: 8 
1160 9 1169 153 F: 7 2 
1173 12 1197 210 F: 7 5 
1186 6 1210 197 F: 2 1 3 
1198 12 1234 38 F: 12 
1204 6 1222 75 F: 6 
1204 8 1220 165 F: 2 2 4 
1208 10 1218 77 F: 7 3 
1223 10 1233 222 F: 10 
1224 10 1244 218 F: 7 3 
1224 10 1244 280 F: 6 4 
1229 8 1253 159 F: 2 6 
1238 11 1260 96 F: 7 4 
1240 7 1254 131 F: 7 
1240 13 1266 283 F: 5 4 4 
1251 5 1271 48 F: 4 1 
1262 6 1268 58 F: 2 3 1 
1264 7 1292 40 F: 7 
1271 8 1279 30 F: 2 2 4 
1297 7 1318 208 F: 4 1 2 
1307 8 1315 109 F: 4 4 
1317 5 1332 276 F: 5 
1330 10 1370 23 F: 3 4 3 
1332 5 1337 285 F: 2 3 
1334 6 1340 69 F: 4 2 
1339 8 1355 172 F: 2 6 
1349 6 1355 142 F: 3 3 
1350 7 1364 185 F: 2 2 3 
1354 2 1362 119 F: 2 
1368 5 1378 284 F: 3 2 
1372 3 1375 154 F: 3 
1387 12 1399 51 F: 12 
1389 11 1433 259 F: 5 6 
1392 3 1398 175 F: 3 
1398 4 1414 190 F: 3 1 
1401 9 1419 20 F: 4 5 
1403 6 1409 225 F: 5 1 
1407 9 1434 54 F: 5 4 
1408 7 1422 243 F: 7 
1408 10 1438 202 F: 7 3 
1411 5 1421 76 F: 5 
1413 8 1429 110 F: 4 4 
1424 6 1448 240 F: 6 
1428 12 1464 73 F: 12 
1433 13 1459 275 F: 7 6 
1440 8 1464 128 F: 3 5 
1447 9 1456 202 F: 9 
1453 3 1459 143 F: 3 
1458 7 1465 269 F: 2 3 2 
1478 9 1505 222 F: 3 4 2 
1507 10 1527 103 F: 5 5 
1515 12 1527 31 F: 6 6 
1525 9 1543 81 F: 9 
1526 13 1578 140 F: 13 
1536 3 1548 158 F: 3 
1539 12 1551 238 F: 12 
1543 10 1573 103 F: 7 3 
1552 8 1576 23 F: 2 3 3 
1568 9 1595 224 F: 3 2 4 
1570 6 1582 198 F: 6 
1570 7 1591 172 F: 7 
1579 6 1585 161 F: 4 2 
1580 10 1590 211 F: 5 5 
1587 10 1597 238 F: 5 4 1 
1588 10 1628 194 F: 10 
1603 4 1615 124 F: 3 1 
1611 7 1625 260 F: 2 2 3 
1614 10 1634 4 F: 5 4 1 
1616 8 1624 132 F: 3 5 
1620 9 1638 284 F: 2 4 3 
1621 8 1645 176 F: 4 4 
1627 12 1639 76 F: 6 6 
1633 12 1669 116 F: 4 4 4 
1634 10 1654 82 F: 5 1 4 
1635 5 1655 31 F: 2 2 1 
1644 9 1662 240 F: 4 5 
1680 6 1692 265 F: 2 2 2 
1686 3 1695 57 F: 3 
1686 8 1702 264 F: 3 1 4 
1696 11 1718 25 F: 11 
1704 13 1756 167 F: 13 
1721 6 1745 240 F: 3 2 1 
1722 3 1734 222 F: 3 
1731 4 1743 32 F: 2 1 1 
1734 10 1774 280 F: 5 1 4 
1738 12 1786 200 F: 4 4 4 
1742 8 1750 198 F: 7 1 
1743 11 1787 201 F: 11 
1746 4 1754 118 F: 3 1 
1757 7 1778 63 F: 2 5 
1766 2 1768 246 F: 2 
1774 6 1780 269 F: 2 4 
1776 9 1785 177 F: 4 5 
1785 9 1821 136 F: 7 2 
1786 8 1810 206 F: 5 3 
1819 6 1825 42 F: 4 2 
1829 7 1857 128 F: 7 
1832 8 1856 299 F: 5 2 1 
1834 10 1864 219 F: 6 4 
1846 9 1873 86 F: 9 
1851 5 1871 173 F: 3 2 
1852 13 1891 101 F: 7 6 
1859 10 1889 120 F: 2 4 4 
1863 4 1867 285 F: 4 
1865 8 1889 240 F: 6 2 
1870 9 1888 76 F: 3 4 2 
1871 11 1904 103 F: 5 3 3 
1873 7 1901 195 F: 7 
1896 4 1912 2 F: 4 
1899 7 1920 247 F: 2 2 3 
1914 8 1938 202 F: 5 1 2 
1916 10 1956 264 F: 7 3 
1917 10 1947 180 F: 7 3 
1922 13 1974 248 F: 13 
1938 9 1947 28 F: 7 2 
1940 8 1972 297 F: 5 3 
1953 5 1968 58 F: 3 2 
1957 8 1973 225 F: 5 1 2 
1958 11 1980 88 F: 7 4 
1967 8 1991 181 F: 4 1 3 
1968 5 1973 231 F: 5 
1973 7 1980 44 F: 5 2 
1981 7 2009 98 F: 2 2 3 
1985 8 1993 220 F: 8 
1998 7 2005 207 F: 4 1 2 
D: 0 149 
D: 1 156 
D: 8 292 
D: 9 34 
D: 12 52 
D: 30 161 
D: 30 236 
D: 31 90 
D: 31 247 
D: 32 160 
D: 43 263 
D: 44 169 
D: 44 206 
D: 46 89 
D: 51 87 
D: 57 77 
D: 64 166 
D: 72 268 
D: 86 113 
D: 117 243 
D: 144 141 
D: 145 161 
D: 145 182 
D: 148 215 
D: 151 246 
D: 179 195 
D: 191 288 
D: 240 258 
D: 255 295 
D: 273 285 
