9 7 16 303 F: 3 4 
15 6 21 248 F: 6 
16 11 27 130 F: 5 2 4 
17 10 27 240 F: 10 
34 7 48 205 F: 3 1 3 
46 12 70 349 F: 12 
47 7 68 64 F: 2 2 3 
55 9 64 227 F: 9 
58 8 74 159 F: 8 
62 11 95 138 F: 5 6 
68 6 86 196 F: 4 2 
72 11 116 52 F: 11 
76 12 100 45 F: 5 3 4 
83 6 107 317 F: 6 
84 7 98 110 F: 4 1 2 
124 7 138 182 F: 2 1 4 
125 10 155 149 F: 3 3 4 
129 6 147 178 F: 6 
139 7 160 106 F: 2 3 2 
142 6 160 344 F: 4 1 1 
152 12 200 267 F: 6 6 
154 10 194 270 F: 4 6 
155 5 170 161 F: 5 
165 8 181 55 F: 8 
174 12 210 225 F: 7 5 
177 9 195 62 F: 9 
178 12 226 315 F: 6 6 
186 8 194 308 F: 7 1 
186 10 206 267 F: 10 
187 10 197 294 F: 5 1 4 
209 4 225 29 F: 3 1 
212 3 215 314 F: 3 
212 5 222 264 F: 4 1 
215 8 247 340 F: 6 2 
216 13 242 273 F: 7 6 
224 4 240 74 F: 3 1 
226 9 262 5 F: 3 6 
235 11 257 346 F: 6 5 
255 6 279 333 F: 6 
268 9 277 221 F: 5 4 
272 11 305 235 F: 11 
275 7 303 114 F: 4 1 2 
283 3 292 323 F: 3 
283 10 323 65 F: 10 
290 5 295 103 F: 5 
311 7 332 2 F: 7 
312 11 334 268 F: 11 
316 7 323 2 F: 4 2 1 
323 4 327 264 F: 2 2 
325 8 341 83 F: 3 5 
344 3 350 11 F: 2 1 
347 3 356 22 F: 3 
353 10 383 155 F: 4 6 
357 5 377 258 F: 3 2 
358 9 367 69 F: 5 1 3 
363 3 366 132 F: 3 
366 10 376 294 F: 5 5 
367 6 385 115 F: 2 1 3 
373 7 394 302 F: 7 
374 5 384 61 F: 3 1 1 
404 9 413 37 F: 7 2 
409 10 419 10 F: 4 3 3 
414 10 434 260 F: 5 3 2 
418 4 434 23 F: 4 
418 8 434 159 F: 3 1 4 
421 12 445 182 F: 4 4 4 
436 7 457 313 F: 7 
441 8 449 134 F: 2 6 
452 9 470 73 F: 9 
455 7 483 123 F: 3 2 2 
458 12 482 243 F: 5 3 4 
473 7 487 21 F: 2 1 4 
475 10 505 301 F: 4 2 4 
486 10 516 155 F: 7 3 
491 13 543 186 F: 7 6 
502 6 526 146 F: 3 2 1 
503 9 539 316 F: 2 3 4 
518 7 525 143 F: 7 
519 9 546 156 F: 2 4 3 
546 10 566 101 F: 4 3 3 
548 9 557 97 F: 4 1 4 
549 6 573 188 F: 2 2 2 
549 8 581 27 F: 8 
558 6 564 11 F: 2 4 
565 9 574 30 F: 9 
566 7 580 211 F: 4 3 
588 9 615 5 F: 3 6 
590 8 606 201 F: 8 
591 12 627 172 F: 12 
599 5 609 194 F: 5 
606 10 626 146 F: 2 4 4 
614 11 625 294 F: 11 
617 6 623 338 F: 4 2 
626 13 652 80 F: 13 
631 6 643 253 F: 3 1 2 
633 11 677 188 F: 5 2 4 
648 9 684 189 F: 6 3 
654 8 662 222 F: 8 
664 10 704 305 F: 4 6 
668 10 688 49 F: 5 3 2 
669 10 699 324 F: 5 5 
670 12 706 22 F: 12 
673 5 693 24 F: 5 
687 6 693 59 F: 6 
689 11 711 228 F: 5 2 4 
704 8 736 242 F: 7 1 
717 3 723 278 F: 3 
730 6 736 202 F: 4 2 
735 10 745 330 F: 4 3 3 
735 11 768 136 F: 5 4 2 
740 7 747 47 F: 2 1 4 
741 6 747 4 F: 4 2 
744 12 792 146 F: 7 5 
751 12 799 223 F: 12 
758 11 780 144 F: 11 
758 13 771 230 F: 7 6 
768 4 776 304 F: 2 1 1 
769 4 785 40 F: 4 
776 12 800 266 F: 7 5 
788 5 793 281 F: 2 3 
800 9 809 292 F: 3 4 2 
809 6 833 116 F: 3 2 1 
817 9 844 58 F: 9 
821 3 824 68 F: 3 
823 11 856 243 F: 4 4 3 
832 11 876 147 F: 5 6 
835 9 844 144 F: 4 5 
836 5 851 139 F: 2 2 1 
848 11 892 203 F: 11 
870 7 898 312 F: 4 1 2 
870 13 896 158 F: 13 
872 5 892 241 F: 5 
879 5 899 144 F: 5 
883 11 905 81 F: 11 
889 2 893 200 F: 2 
900 11 944 151 F: 3 4 4 
909 8 925 263 F: 3 1 4 
916 6 928 77 F: 5 1 
916 12 952 114 F: 12 
928 7 942 69 F: 2 5 
943 10 953 17 F: 3 4 3 
945 3 954 281 F: 3 
949 8 981 201 F: 6 2 
949 11 960 30 F: 4 3 4 
955 10 965 268 F: 6 4 
958 8 990 1 F: 6 2 
966 6 984 172 F: 6 
987 6 1005 133 F: 3 3 
994 9 1030 321 F: 3 3 3 
999 8 1015 36 F: 4 4 
1005 6 1029 249 F: 6 
1007 6 1019 96 F: 2 1 3 
1012 7 1019 166 F: 4 2 1 
1020 4 1024 90 F: 3 1 
1021 13 1060 279 F: 7 6 
1024 8 1032 319 F: 5 2 1 
1030 11 1074 84 F: 6 5 
1040 12 1064 315 F: 12 
1057 2 1063 313 F: 2 
1058 5 1078 16 F: 2 3 
1067 7 1095 289 F: 2 5 
1070 9 1088 87 F: 9 
1082 4 1090 176 F: 2 2 
1087 9 1096 285 F: 4 1 4 
1089 12 1113 343 F: 12 
1108 12 1144 57 F: 5 4 3 
1115 11 1137 34 F: 11 
1124 11 1168 292 F: 4 4 3 
1129 8 1153 248 F: 5 1 2 
1136 12 1148 241 F: 5 3 4 
1137 9 1146 271 F: 5 1 3 
1143 11 1154 193 F: 6 5 
1150 4 1154 37 F: 4 
1155 10 1175 172 F: 5 2 3 
1155 10 1185 201 F: 10 
1160 8 1168 148 F: 7 1 
1162 10 1192 239 F: 4 6 
1166 4 1182 58 F: 4 
1168 9 1186 232 F: 3 6 
1188 11 1210 198 F: 11 
1212 7 1226 314 F: 4 3 
1215 9 1233 286 F: 9 
1227 8 1251 163 F: 3 5 
1230 9 1248 73 F: 5 1 3 
1240 13 1279 279 F: 13 
1257 9 1275 324 F: 3 2 4 
1261 10 1281 268 F: 3 4 3 
1270 7 1291 202 F: 7 
1273 2 1279 253 F: 2 
1283 11 1294 177 F: 11 
1284 8 1300 210 F: 4 1 3 
1292 4 1296 226 F: 4 
1295 8 1303 88 F: 6 2 
1295 8 1319 277 F: 8 
1298 11 1309 233 F: 5 6 
1305 7 1333 220 F: 7 
1311 4 1327 334 F: 2 2 
1315 11 1359 151 F: 5 6 
1330 11 1352 191 F: 3 4 4 
1341 10 1351 226 F: 5 2 3 
1347 7 1361 12 F: 4 3 
1354 7 1368 130 F: 7 
1355 13 1381 188 F: 7 6 
1357 6 1375 160 F: 5 1 
1357 12 1393 213 F: 7 5 
1363 11 1385 149 F: 5 3 3 
1364 7 1371 33 F: 6 1 
1367 12 1415 102 F: 12 
1377 4 1389 249 F: 3 1 
1389 5 1404 161 F: 2 3 
1404 3 1416 132 F: 2 1 
1406 7 1413 10 F: 3 1 3 
1408 6 1420 207 F: 6 
1411 10 1421 260 F: 3 3 4 
1420 11 1431 229 F: 5 3 3 
1423 6 1441 314 F: 2 4 
1427 8 1459 275 F: 8 
1429 7 1450 45 F: 2 3 2 
1430 10 1470 81 F: 6 4 
1434 10 1474 166 F: 4 6 
1440 5 1450 39 F: 3 1 1 
1448 6 1466 86 F: 3 3 
1458 4 1466 51 F: 4 
1482 6 1488 119 F: 2 2 2 
1488 7 1495 29 F: 2 1 4 
1505 13 1531 319 F: 13 
1510 8 1542 126 F: 2 3 3 
1518 9 1527 345 F: 4 4 1 
1521 2 1529 320 F: 2 
1524 7 1545 299 F: 2 1 4 
1524 11 1535 5 F: 5 4 2 
1530 6 1536 218 F: 3 3 
1532 9 1541 74 F: 5 3 1 
1542 11 1553 131 F: 4 4 3 
1548 5 1558 318 F: 5 
1559 5 1564 50 F: 4 1 
1561 8 1585 175 F: 4 4 
1573 9 1582 138 F: 5 2 2 
1574 13 1626 89 F: 5 4 4 
1598 8 1630 341 F: 5 2 1 
1603 10 1623 27 F: 2 4 4 
1611 11 1633 259 F: 3 4 4 
1628 9 1637 102 F: 7 2 
1629 2 1631 288 F: 2 
1629 10 1669 325 F: 4 2 4 
1631 6 1655 226 F: 3 2 1 
1631 13 1644 216 F: 7 6 
1633 7 1647 332 F: 4 1 2 
1634 12 1682 74 F: 12 
1637 4 1641 5 F: 3 1 
1642 8 1658 175 F: 4 1 3 
1657 8 1665 243 F: 3 5 
1663 4 1667 97 F: 4 
1691 9 1727 126 F: 2 3 4 
1694 9 1721 222 F: 3 3 3 
1705 9 1732 158 F: 4 5 
1708 8 1724 149 F: 8 
1717 7 1745 328 F: 3 1 3 
1721 9 1748 45 F: 6 3 
1730 2 1732 164 F: 2 
1739 10 1779 28 F: 5 5 
1744 8 1760 171 F: 5 2 1 
1747 7 1768 143 F: 5 1 1 
1752 6 1764 84 F: 6 
1761 9 1797 93 F: 6 3 
1770 10 1790 21 F: 4 6 
1772 7 1800 193 F: 5 1 1 
1780 9 1789 70 F: 3 3 3 
1788 6 1812 249 F: 6 
1796 7 1824 179 F: 7 
1816 3 1819 277 F: 2 1 
1819 8 1851 246 F: 3 2 3 
1820 8 1828 286 F: 8 
1834 8 1858 333 F: 8 
1835 9 1871 213 F: 5 1 3 
1841 9 1850 262 F: 4 4 1 
1842 10 1852 55 F: 6 4 
1843 9 1852 80 F: 3 6 
1852 7 1859 326 F: 6 1 
1855 8 1863 295 F: 3 3 2 
1861 10 1871 23 F: 5 5 
1883 8 1891 23 F: 3 4 1 
1883 13 1935 139 F: 13 
1886 5 1891 170 F: 2 3 
1897 2 1901 277 F: 2 
1905 8 1913 2 F: 3 5 
1908 11 1930 207 F: 11 
1917 9 1926 101 F: 3 4 2 
1930 9 1957 13 F: 9 
1938 8 1970 346 F: 5 3 
1939 6 1963 13 F: 4 2 
1939 11 1983 143 F: 5 4 2 
1942 13 1968 249 F: 13 
1945 7 1952 81 F: 2 1 4 
1969 9 1978 104 F: 3 3 3 
1981 10 2011 78 F: 3 4 3 
1983 10 2013 286 F: 4 6 
1986 2 1992 121 F: 2 
1986 3 1995 303 F: 2 1 
1987 7 2008 146 F: 6 1 
2008 4 2020 235 F: 4 
2021 7 2028 296 F: 4 2 1 
2026 5 2041 306 F: 3 2 
2037 8 2053 113 F: 5 1 2 
2037 10 2047 170 F: 5 5 
2051 12 2099 147 F: 12 
2063 4 2067 109 F: 4 
2070 9 2097 213 F: 4 4 1 
2075 9 2093 73 F: 4 4 1 
2076 8 2084 64 F: 5 3 
2076 11 2098 172 F: 5 2 4 
2082 9 2091 19 F: 9 
2093 8 2117 255 F: 4 3 1 
2095 5 2100 60 F: 3 1 1 
2095 9 2104 341 F: 4 4 1 
2112 10 2152 282 F: 10 
2123 8 2139 322 F: 4 4 
2124 9 2160 132 F: 4 5 
2127 8 2143 337 F: 3 5 
2139 8 2171 22 F: 8 
2148 8 2156 96 F: 4 1 3 
2154 9 2163 275 F: 9 
2158 9 2167 70 F: 2 3 4 
2162 4 2166 314 F: 3 1 
2164 10 2194 86 F: 10 
2166 2 2174 228 F: 2 
2187 6 2199 46 F: 6 
2190 5 2210 220 F: 3 2 
2196 7 2217 335 F: 7 
2197 5 2202 19 F: 2 3 
2201 6 2207 3 F: 3 3 
2216 7 2230 340 F: 5 2 
2218 7 2225 308 F: 2 5 
2223 13 2249 67 F: 13 
2225 6 2249 193 F: 4 2 
2227 11 2271 215 F: 6 5 
2230 9 2239 62 F: 3 6 
2232 6 2256 30 F: 2 1 3 
2240 11 2273 256 F: 7 4 
2243 10 2253 264 F: 6 4 
2259 7 2287 17 F: 4 2 1 
2259 11 2292 269 F: 5 6 
2269 8 2301 243 F: 3 4 1 
2280 10 2310 109 F: 10 
2286 9 2295 169 F: 5 2 2 
2313 10 2343 13 F: 5 4 1 
2333 5 2343 11 F: 5 
2371 8 2395 118 F: 5 1 2 
2377 5 2397 251 F: 3 1 1 
2385 13 2398 232 F: 13 
D: 3 253 
D: 6 211 
D: 15 131 
D: 16 289 
D: 18 50 
D: 20 76 
D: 22 183 
D: 26 44 
D: 35 317 
D: 50 280 
D: 61 139 
D: 63 215 
D: 86 304 
D: 88 292 
D: 99 174 
D: 114 342 
D: 116 255 
D: 125 230 
D: 127 165 
D: 127 229 
D: 138 263 
D: 140 321 
D: 143 258 
D: 145 189 
D: 147 340 
D: 156 284 
D: 167 205 
D: 173 261 
D: 190 315 
D: 196 271 
D: 207 251 
D: 207 291 
D: 241 254 
D: 270 340 
D: 282 339 
