2 13 28 265 F: 13 
7 8 31 181 F: 3 5 
24 8 32 207 F: 3 4 1 
27 2 29 36 F: 2 
33 3 42 207 F: 3 
38 2 40 282 F: 2 
39 5 44 39 F: 2 1 2 
52 6 64 113 F: 2 1 3 
55 10 85 14 F: 7 3 
61 10 101 1 F: 3 3 4 
65 9 74 196 F: 5 4 
66 10 96 111 F: 3 3 4 
67 9 94 149 F: 3 3 3 
91 6 97 176 F: 3 1 2 
94 10 124 271 F: 5 5 
111 9 120 147 F: 2 4 3 
115 10 155 32 F: 3 3 4 
131 8 147 31 F: 2 4 2 
146 3 149 127 F: 3 
147 10 157 97 F: 10 
152 8 168 283 F: 8 
158 9 185 182 F: 3 6 
159 5 179 13 F: 4 1 
161 6 173 171 F: 6 
162 7 176 110 F: 2 5 
182 10 212 72 F: 2 4 4 
186 12 222 59 F: 5 3 4 
189 11 222 215 F: 3 4 4 
195 12 243 107 F: 7 5 
196 6 220 11 F: 2 1 3 
206 9 242 29 F: 4 5 
208 8 240 222 F: 8 
212 12 236 66 F: 5 3 4 
221 9 257 109 F: 5 4 
228 4 240 271 F: 4 
236 7 243 145 F: 2 3 2 
242 8 266 155 F: 8 
254 5 259 162 F: 4 1 
263 8 279 116 F: 4 3 1 
280 6 304 193 F: 2 1 3 
290 5 310 157 F: 2 1 2 
292 9 328 167 F: 2 3 4 
294 10 334 158 F: 4 3 3 
295 5 305 23 F: 2 3 
298 4 306 124 F: 4 
300 10 310 154 F: 3 3 4 
314 7 342 256 F: 2 5 
316 9 343 245 F: 9 
331 8 347 222 F: 8 
332 12 344 112 F: 12 
338 6 362 72 F: 2 2 2 
340 6 364 241 F: 3 3 
342 4 358 292 F: 4 
347 8 355 206 F: 5 1 2 
364 9 400 196 F: 4 4 1 
365 2 371 54 F: 2 
377 5 392 214 F: 3 1 1 
378 4 382 113 F: 2 1 1 
381 8 413 236 F: 3 1 4 
383 9 392 56 F: 4 2 3 
404 4 420 95 F: 3 1 
406 11 428 61 F: 11 
413 11 424 198 F: 4 4 3 
427 8 459 249 F: 5 2 1 
440 7 461 79 F: 4 3 
445 11 478 258 F: 11 
447 10 457 196 F: 4 6 
452 8 460 277 F: 8 
464 7 478 68 F: 3 2 2 
465 8 473 255 F: 3 5 
477 5 492 281 F: 5 
482 8 514 251 F: 2 2 4 
485 7 513 48 F: 4 2 1 
492 8 516 258 F: 3 5 
498 11 509 163 F: 3 4 4 
501 10 541 9 F: 4 3 3 
508 9 535 2 F: 3 3 3 
526 12 550 143 F: 6 6 
529 8 561 160 F: 6 2 
536 7 550 138 F: 2 3 2 
536 12 584 210 F: 7 5 
537 11 581 205 F: 7 4 
552 13 591 81 F: 13 
566 7 573 234 F: 3 4 
568 13 594 83 F: 13 
569 7 583 149 F: 3 4 
579 9 606 102 F: 4 3 2 
581 6 593 236 F: 6 
591 3 597 96 F: 2 1 
593 11 604 299 F: 6 5 
613 9 631 278 F: 2 3 4 
618 8 650 39 F: 8 
632 9 668 119 F: 4 5 
634 6 640 279 F: 5 1 
637 9 655 70 F: 7 2 
639 7 660 156 F: 4 3 
642 10 682 248 F: 10 
651 9 669 86 F: 9 
653 13 666 51 F: 13 
654 10 674 98 F: 3 4 3 
657 7 671 265 F: 4 3 
658 10 668 268 F: 2 4 4 
660 7 674 249 F: 7 
669 11 713 87 F: 4 4 3 
675 12 699 56 F: 4 4 4 
701 11 734 103 F: 4 4 3 
703 11 725 247 F: 11 
707 4 723 96 F: 2 2 
716 5 721 229 F: 5 
719 10 749 237 F: 4 4 2 
720 11 753 143 F: 3 4 4 
721 9 748 121 F: 2 3 4 
740 3 743 49 F: 2 1 
757 5 772 220 F: 4 1 
759 10 769 198 F: 3 4 3 
762 12 798 252 F: 5 3 4 
764 9 782 296 F: 5 2 2 
776 5 781 66 F: 5 
787 8 803 82 F: 5 1 2 
799 8 831 172 F: 5 1 2 
806 5 816 118 F: 5 
806 11 850 272 F: 3 4 4 
807 4 823 150 F: 4 
811 8 843 195 F: 2 3 3 
816 5 821 40 F: 5 
825 10 865 266 F: 5 1 4 
828 5 833 11 F: 2 3 
848 8 856 45 F: 4 1 3 
852 6 876 114 F: 3 2 1 
858 7 879 135 F: 4 1 2 
870 7 891 107 F: 7 
877 7 905 62 F: 5 1 1 
881 7 909 253 F: 2 5 
881 9 917 171 F: 5 2 2 
895 8 927 87 F: 5 3 
903 3 912 108 F: 3 
916 6 934 5 F: 2 4 
920 2 924 100 F: 2 
921 7 942 159 F: 3 1 3 
925 7 953 102 F: 2 4 1 
935 6 953 186 F: 5 1 
941 8 973 44 F: 4 2 2 
941 13 967 39 F: 7 6 
959 5 974 226 F: 2 3 
964 9 973 68 F: 9 
978 9 1005 28 F: 7 2 
980 12 992 101 F: 7 5 
982 13 1021 12 F: 13 
985 3 994 261 F: 2 1 
992 7 1020 121 F: 7 
1003 7 1024 215 F: 5 2 
1012 4 1016 114 F: 2 2 
1015 8 1031 278 F: 3 2 3 
1031 5 1051 250 F: 5 
1031 9 1049 296 F: 4 2 3 
1039 8 1071 227 F: 8 
1050 9 1086 233 F: 6 3 
1061 10 1071 182 F: 10 
1070 6 1076 185 F: 6 
1071 3 1083 157 F: 2 1 
1071 8 1087 101 F: 3 4 1 
1084 6 1090 65 F: 3 3 
1093 10 1103 63 F: 7 3 
1095 8 1119 125 F: 3 5 
1099 8 1107 272 F: 3 1 4 
1106 8 1114 249 F: 8 
1114 7 1121 138 F: 5 1 1 
1116 9 1143 203 F: 3 4 2 
1116 12 1152 12 F: 12 
1119 10 1129 300 F: 4 6 
1144 13 1157 153 F: 13 
1147 4 1163 265 F: 2 2 
1149 11 1171 27 F: 5 3 3 
1160 10 1180 78 F: 6 4 
1167 11 1178 275 F: 5 6 
1170 8 1202 78 F: 5 3 
1181 5 1186 158 F: 5 
1183 10 1203 276 F: 10 
1198 7 1226 56 F: 7 
1199 11 1232 105 F: 11 
1216 5 1236 241 F: 4 1 
1218 2 1222 117 F: 2 
1222 6 1234 88 F: 3 2 1 
1225 9 1252 126 F: 4 4 1 
1247 7 1275 85 F: 7 
1247 9 1265 139 F: 9 
1253 12 1289 103 F: 6 6 
1259 11 1270 100 F: 11 
1261 12 1309 105 F: 5 4 3 
1267 10 1307 107 F: 10 
1270 9 1306 235 F: 9 
1274 6 1298 58 F: 2 3 1 
1281 7 1309 168 F: 3 2 2 
1285 3 1291 180 F: 2 1 
1290 11 1323 185 F: 11 
1311 11 1322 200 F: 3 4 4 
1317 4 1329 233 F: 4 
1327 7 1334 197 F: 7 
1344 9 1353 68 F: 5 2 2 
1352 9 1379 178 F: 4 2 3 
1357 8 1373 220 F: 4 4 
1358 9 1367 19 F: 3 3 3 
1362 11 1373 267 F: 6 5 
1364 7 1371 297 F: 5 2 
1364 7 1392 187 F: 7 
1369 9 1378 29 F: 3 6 
1372 8 1404 254 F: 4 1 3 
1390 12 1438 95 F: 12 
1396 3 1399 143 F: 2 1 
1397 6 1421 247 F: 2 4 
1401 3 1404 282 F: 3 
1409 6 1415 286 F: 3 1 2 
1414 5 1424 236 F: 3 2 
1415 3 1424 14 F: 3 
1418 7 1425 281 F: 6 1 
1426 11 1448 279 F: 11 
1432 6 1444 148 F: 6 
1435 6 1447 10 F: 6 
1435 8 1451 17 F: 2 6 
1442 12 1478 221 F: 12 
1447 3 1459 37 F: 3 
1470 2 1472 125 F: 2 
1493 3 1499 39 F: 3 
1494 9 1530 96 F: 9 
1496 10 1536 17 F: 5 5 
1505 11 1538 226 F: 11 
1506 4 1510 175 F: 4 
1507 9 1525 118 F: 3 6 
1509 8 1525 19 F: 8 
1513 5 1533 87 F: 5 
1514 7 1521 205 F: 4 3 
1517 6 1529 227 F: 4 1 1 
1521 11 1565 94 F: 5 2 4 
1524 8 1532 50 F: 4 3 1 
1528 6 1534 252 F: 4 2 
1533 6 1551 2 F: 4 1 1 
1550 8 1574 285 F: 3 3 2 
1569 7 1576 204 F: 6 1 
1572 8 1596 73 F: 8 
1593 3 1605 165 F: 3 
1603 13 1616 241 F: 13 
1607 12 1643 252 F: 6 6 
1622 9 1640 35 F: 3 4 2 
1623 9 1641 47 F: 9 
1624 7 1652 284 F: 7 
1626 3 1632 111 F: 3 
1630 10 1660 55 F: 5 5 
1635 2 1637 126 F: 2 
1650 6 1668 118 F: 3 1 2 
1663 2 1671 68 F: 2 
1665 6 1671 149 F: 3 2 1 
1669 9 1696 233 F: 9 
1691 2 1693 26 F: 2 
1694 5 1699 105 F: 5 
1699 8 1707 114 F: 2 3 3 
1701 13 1740 236 F: 13 
1705 3 1714 193 F: 3 
1707 3 1716 67 F: 3 
1712 12 1736 253 F: 12 
1740 9 1749 227 F: 5 3 1 
1743 10 1773 255 F: 5 1 4 
1747 9 1765 224 F: 4 1 4 
1751 8 1767 251 F: 3 4 1 
1753 2 1761 181 F: 2 
1761 12 1785 48 F: 12 
1763 10 1773 183 F: 2 4 4 
1765 6 1789 77 F: 6 
1778 4 1786 78 F: 4 
1783 5 1788 285 F: 5 
1785 4 1789 145 F: 4 
1800 5 1810 117 F: 4 1 
1816 8 1832 8 F: 5 1 2 
1818 8 1850 25 F: 5 3 
1819 8 1843 70 F: 2 2 4 
1842 7 1849 170 F: 2 5 
1854 6 1860 118 F: 4 2 
1861 8 1869 57 F: 8 
1865 7 1879 84 F: 3 1 3 
1870 11 1903 253 F: 5 6 
1872 3 1878 33 F: 3 
1881 6 1905 210 F: 4 2 
1890 11 1934 295 F: 5 3 3 
1892 9 1901 283 F: 2 3 4 
1895 6 1913 79 F: 5 1 
1897 3 1903 252 F: 3 
1900 5 1910 178 F: 4 1 
1904 7 1911 293 F: 7 
1915 9 1942 123 F: 9 
1916 13 1955 211 F: 13 
1919 7 1940 173 F: 5 2 
1922 11 1966 149 F: 4 4 3 
1926 9 1944 185 F: 3 4 2 
1940 8 1964 63 F: 4 4 
1943 10 1973 226 F: 10 
1947 11 1991 247 F: 4 3 4 
1957 9 1966 274 F: 9 
1957 9 1975 55 F: 4 5 
1970 7 1998 144 F: 7 
1973 9 1982 259 F: 9 
1983 4 1999 212 F: 4 
D: 17 260 
D: 18 129 
D: 22 288 
D: 25 121 
D: 27 223 
D: 36 240 
D: 39 117 
D: 41 121 
D: 41 290 
D: 43 102 
D: 48 208 
D: 51 99 
D: 61 123 
D: 69 226 
D: 81 180 
D: 94 280 
D: 99 204 
D: 110 178 
D: 124 272 
D: 127 253 
D: 148 260 
D: 169 265 
D: 179 277 
D: 182 216 
D: 189 219 
D: 192 225 
D: 201 229 
D: 215 240 
D: 217 299 
D: 252 268 
