6 7 13 83 F: 7 
20 4 28 58 F: 4 
31 5 51 218 F: 5 
35 12 47 281 F: 12 
36 4 52 256 F: 4 
45 2 49 117 F: 2 
46 11 79 289 F: 5 3 3 
49 7 63 203 F: 6 1 
50 8 66 282 F: 3 5 
52 8 84 261 F: 3 1 4 
57 9 66 133 F: 4 2 3 
63 12 111 163 F: 6 6 
68 12 116 159 F: 5 4 3 
81 7 109 311 F: 3 4 
82 11 104 176 F: 7 4 
129 12 153 159 F: 12 
144 10 174 126 F: 6 4 
145 10 155 142 F: 10 
152 6 170 52 F: 6 
153 9 162 234 F: 5 4 
157 9 166 137 F: 4 1 4 
168 9 204 31 F: 6 3 
177 4 193 2 F: 4 
185 10 195 93 F: 4 3 3 
189 4 193 103 F: 4 
192 6 198 167 F: 6 
193 7 207 177 F: 7 
194 9 203 4 F: 3 6 
197 5 202 20 F: 5 
198 6 204 336 F: 6 
204 4 220 80 F: 2 2 
208 11 241 139 F: 11 
217 11 239 24 F: 5 4 2 
224 7 252 112 F: 3 4 
225 9 261 45 F: 9 
229 7 236 75 F: 2 4 1 
230 11 263 226 F: 6 5 
261 4 277 56 F: 2 2 
272 3 284 171 F: 3 
274 3 283 346 F: 3 
280 13 306 4 F: 13 
290 8 322 109 F: 3 5 
292 11 325 174 F: 7 4 
299 8 323 104 F: 4 1 3 
299 9 326 293 F: 9 
302 7 330 256 F: 3 1 3 
303 6 315 253 F: 2 4 
321 10 331 283 F: 6 4 
324 8 340 34 F: 5 1 2 
328 11 350 170 F: 11 
344 11 388 23 F: 11 
349 4 353 210 F: 4 
359 10 369 316 F: 2 4 4 
362 7 376 152 F: 7 
372 12 396 6 F: 6 6 
384 8 400 174 F: 3 3 2 
384 9 420 76 F: 9 
386 7 407 167 F: 2 5 
395 4 399 280 F: 4 
397 12 421 102 F: 12 
401 10 431 184 F: 4 6 
403 6 427 186 F: 5 1 
404 5 424 269 F: 3 1 1 
406 7 413 335 F: 3 4 
412 5 422 111 F: 2 3 
429 5 439 293 F: 5 
430 13 469 307 F: 13 
433 7 447 124 F: 2 5 
437 7 444 169 F: 5 2 
448 9 466 253 F: 9 
461 6 473 40 F: 6 
478 3 490 190 F: 3 
487 5 492 98 F: 3 1 1 
492 5 512 66 F: 5 
492 7 499 327 F: 4 1 2 
518 5 523 341 F: 5 
532 11 554 331 F: 6 5 
543 6 555 139 F: 6 
543 6 561 131 F: 4 1 1 
560 6 572 226 F: 2 4 
563 6 587 208 F: 6 
564 8 596 264 F: 2 3 3 
566 11 599 274 F: 5 6 
575 9 602 325 F: 9 
578 6 602 42 F: 2 4 
580 9 589 102 F: 3 4 2 
590 11 612 130 F: 5 2 4 
595 7 623 246 F: 3 4 
595 8 627 234 F: 2 2 4 
598 8 614 305 F: 8 
604 7 625 258 F: 7 
621 9 657 304 F: 6 3 
624 12 636 244 F: 12 
634 8 642 242 F: 3 3 2 
636 13 675 169 F: 13 
637 7 665 150 F: 4 2 1 
640 9 658 106 F: 3 6 
651 13 677 336 F: 13 
673 8 681 227 F: 5 1 2 
682 8 698 178 F: 5 1 2 
684 9 720 155 F: 6 3 
685 8 693 1 F: 4 4 
688 9 706 193 F: 9 
694 8 726 84 F: 4 1 3 
696 10 716 106 F: 3 3 4 
702 12 714 211 F: 6 6 
707 2 711 129 F: 2 
711 10 721 308 F: 7 3 
713 5 728 101 F: 5 
732 9 768 215 F: 6 3 
734 12 782 102 F: 7 5 
746 8 754 231 F: 2 3 3 
749 10 779 270 F: 3 4 3 
754 9 781 217 F: 5 4 
766 8 782 340 F: 8 
768 2 776 331 F: 2 
772 8 796 102 F: 5 3 
775 3 784 240 F: 2 1 
776 13 802 80 F: 7 6 
790 8 822 12 F: 4 1 3 
800 7 807 20 F: 3 4 
808 3 820 58 F: 3 
814 8 838 130 F: 5 3 
830 10 840 132 F: 10 
851 9 869 323 F: 5 4 
859 8 891 252 F: 3 1 4 
860 8 884 308 F: 6 2 
869 7 890 183 F: 2 3 2 
870 9 879 273 F: 9 
877 8 909 166 F: 5 1 2 
879 9 888 125 F: 5 3 1 
882 8 914 212 F: 8 
884 5 899 263 F: 5 
887 11 898 165 F: 11 
889 10 919 303 F: 3 3 4 
906 10 926 297 F: 10 
920 12 956 87 F: 5 3 4 
931 3 940 299 F: 2 1 
937 13 950 131 F: 13 
944 13 970 316 F: 13 
948 10 958 181 F: 10 
963 9 999 118 F: 2 4 3 
965 8 973 40 F: 8 
967 5 972 51 F: 5 
976 4 984 34 F: 2 2 
978 7 985 270 F: 5 2 
980 7 987 308 F: 7 
985 8 1017 343 F: 3 5 
988 7 1002 46 F: 4 3 
989 6 1007 53 F: 5 1 
1000 6 1018 54 F: 2 4 
1010 6 1022 121 F: 5 1 
1013 5 1028 307 F: 5 
1018 4 1030 275 F: 4 
1018 5 1038 32 F: 3 2 
1026 6 1050 316 F: 5 1 
1042 7 1049 58 F: 7 
1056 5 1071 321 F: 3 2 
1059 7 1087 134 F: 4 2 1 
1073 3 1079 61 F: 3 
1078 7 1106 331 F: 3 1 3 
1078 12 1102 91 F: 6 6 
1081 6 1087 127 F: 6 
1082 9 1100 237 F: 3 6 
1086 7 1107 272 F: 3 3 1 
1109 11 1131 118 F: 3 4 4 
1112 6 1118 241 F: 4 2 
1120 11 1131 245 F: 11 
1126 11 1148 277 F: 5 6 
1128 6 1134 336 F: 3 2 1 
1134 7 1141 125 F: 7 
1136 7 1150 202 F: 5 1 1 
1139 5 1149 141 F: 2 3 
1150 13 1163 75 F: 13 
1151 6 1163 272 F: 3 3 
1163 5 1178 63 F: 2 1 2 
1172 10 1212 25 F: 5 2 3 
1176 11 1198 346 F: 5 3 3 
1180 10 1200 305 F: 2 4 4 
1198 8 1206 90 F: 5 3 
1202 6 1214 236 F: 2 2 2 
1208 9 1244 58 F: 6 3 
1215 12 1227 3 F: 7 5 
1228 9 1237 226 F: 7 2 
1229 10 1259 290 F: 5 2 3 
1241 8 1273 49 F: 2 4 2 
1250 8 1266 315 F: 4 2 2 
1260 8 1276 236 F: 7 1 
1260 8 1284 133 F: 3 4 1 
1263 10 1273 19 F: 5 5 
1267 8 1275 267 F: 2 3 3 
1271 10 1311 265 F: 2 4 4 
1272 8 1280 27 F: 4 1 3 
1289 9 1307 241 F: 5 4 
1297 7 1325 176 F: 7 
1300 11 1311 15 F: 11 
1308 4 1312 110 F: 3 1 
1310 4 1322 42 F: 4 
1314 6 1320 305 F: 6 
1325 5 1330 48 F: 2 3 
1334 6 1340 94 F: 3 3 
1336 8 1344 3 F: 4 4 
1370 13 1422 231 F: 13 
1377 4 1393 123 F: 2 1 1 
1379 13 1405 268 F: 13 
1382 9 1418 317 F: 9 
1388 12 1412 294 F: 12 
1393 5 1403 343 F: 3 1 1 
1396 8 1428 291 F: 7 1 
1399 12 1435 228 F: 12 
1406 8 1414 57 F: 8 
1407 7 1414 310 F: 6 1 
1410 7 1431 20 F: 4 3 
1427 5 1447 261 F: 5 
1428 6 1440 218 F: 4 1 1 
1433 3 1442 277 F: 2 1 
1434 7 1441 314 F: 3 4 
1437 10 1447 237 F: 7 3 
1449 13 1501 340 F: 7 6 
1466 6 1472 282 F: 6 
1466 6 1490 230 F: 2 4 
1472 10 1482 341 F: 3 3 4 
1478 9 1496 141 F: 7 2 
1480 9 1498 327 F: 7 2 
1488 3 1491 169 F: 3 
1511 10 1531 237 F: 5 2 3 
1517 12 1553 343 F: 12 
1521 8 1545 85 F: 6 2 
1523 11 1534 168 F: 6 5 
1532 8 1556 330 F: 4 4 
1533 10 1563 128 F: 2 4 4 
1549 10 1579 8 F: 4 4 2 
1556 4 1568 262 F: 4 
1561 11 1594 268 F: 11 
1564 6 1570 256 F: 3 3 
1564 10 1604 119 F: 4 2 4 
1571 11 1593 255 F: 11 
1583 7 1611 306 F: 3 1 3 
1583 8 1607 22 F: 4 2 2 
1593 8 1625 236 F: 3 1 4 
1601 13 1640 104 F: 13 
1605 2 1607 63 F: 2 
1608 12 1644 16 F: 12 
1614 13 1627 55 F: 5 4 4 
1615 6 1627 230 F: 6 
1615 11 1648 190 F: 5 4 2 
1622 8 1654 288 F: 2 6 
1635 8 1667 109 F: 3 4 1 
1649 5 1669 247 F: 5 
1653 13 1692 52 F: 13 
1681 6 1693 180 F: 2 2 2 
1691 10 1721 260 F: 5 4 1 
1694 6 1706 115 F: 4 1 1 
1695 5 1705 19 F: 5 
1698 2 1704 2 F: 2 
1703 8 1719 284 F: 4 1 3 
1717 8 1749 165 F: 8 
1719 3 1728 151 F: 3 
1724 8 1732 342 F: 4 2 2 
1725 11 1758 328 F: 3 4 4 
1732 7 1739 309 F: 2 5 
1736 2 1738 23 F: 2 
1744 8 1760 341 F: 8 
1756 7 1784 53 F: 6 1 
1756 8 1772 98 F: 2 3 3 
1766 8 1790 310 F: 4 3 1 
1767 11 1778 348 F: 11 
1776 13 1802 142 F: 13 
1778 12 1814 68 F: 12 
1780 13 1819 219 F: 7 6 
1808 9 1844 94 F: 3 3 3 
1810 10 1830 135 F: 2 4 4 
1815 8 1847 142 F: 5 1 2 
1830 5 1850 145 F: 5 
1832 7 1846 280 F: 4 3 
1842 10 1882 267 F: 4 3 3 
1851 9 1860 224 F: 2 3 4 
1853 13 1892 321 F: 7 6 
1857 11 1901 162 F: 11 
1863 7 1891 237 F: 3 3 1 
1865 7 1886 237 F: 5 2 
1870 13 1909 122 F: 13 
1875 4 1883 17 F: 4 
1881 9 1890 345 F: 9 
1884 8 1900 289 F: 5 1 2 
1917 7 1938 45 F: 6 1 
1919 6 1943 126 F: 2 4 
1930 8 1938 230 F: 5 2 1 
1933 11 1966 63 F: 7 4 
1941 5 1946 181 F: 3 1 1 
1951 6 1963 12 F: 5 1 
1957 9 1993 51 F: 2 3 4 
1959 7 1980 118 F: 5 2 
1966 5 1986 207 F: 2 3 
1967 12 2015 349 F: 5 3 4 
1969 7 1990 324 F: 4 2 1 
1980 11 1991 180 F: 6 5 
1990 8 2022 236 F: 3 3 2 
1992 12 2004 285 F: 12 
1997 9 2015 25 F: 9 
2011 6 2017 126 F: 4 1 1 
2011 10 2021 123 F: 5 3 2 
2020 10 2050 49 F: 6 4 
2023 10 2043 228 F: 5 1 4 
2023 13 2049 115 F: 13 
2032 7 2046 266 F: 7 
2032 8 2048 336 F: 8 
2036 7 2043 102 F: 2 5 
2044 10 2084 113 F: 10 
2055 10 2065 14 F: 5 5 
2056 10 2076 190 F: 3 3 4 
2074 9 2110 288 F: 4 1 4 
2077 6 2095 9 F: 4 2 
2086 6 2092 223 F: 4 2 
2094 4 2098 184 F: 2 2 
2107 10 2117 73 F: 4 3 3 
2114 7 2142 250 F: 3 2 2 
2119 8 2151 17 F: 8 
2120 6 2132 46 F: 3 2 1 
2124 4 2136 173 F: 4 
2128 8 2144 57 F: 7 1 
2132 10 2162 16 F: 10 
2142 3 2154 11 F: 2 1 
2143 5 2158 314 F: 5 
2146 5 2156 98 F: 4 1 
2152 8 2168 97 F: 2 6 
2162 11 2195 40 F: 11 
2169 6 2193 130 F: 6 
2169 9 2178 271 F: 5 3 1 
2184 13 2197 280 F: 7 6 
2201 8 2225 71 F: 8 
2204 4 2208 240 F: 4 
2206 11 2228 293 F: 11 
2212 6 2230 29 F: 4 2 
2217 9 2253 295 F: 4 3 2 
2225 13 2277 274 F: 13 
2228 5 2243 198 F: 4 1 
2235 13 2261 46 F: 13 
2242 6 2248 137 F: 4 1 1 
2266 6 2278 168 F: 2 4 
2272 3 2281 74 F: 2 1 
2274 6 2286 140 F: 2 3 1 
2285 8 2301 109 F: 8 
2287 6 2293 202 F: 2 4 
2297 5 2302 342 F: 5 
2300 9 2327 104 F: 2 3 4 
2306 10 2326 23 F: 10 
2309 10 2319 102 F: 4 6 
2352 12 2388 323 F: 12 
2376 6 2400 30 F: 6 
D: 3 67 
D: 8 282 
D: 16 311 
D: 26 93 
D: 29 245 
D: 30 169 
D: 37 127 
D: 39 61 
D: 44 316 
D: 45 178 
D: 52 68 
D: 57 109 
D: 61 161 
D: 66 118 
D: 66 165 
D: 75 100 
D: 79 248 
D: 83 271 
D: 86 137 
D: 88 96 
D: 100 288 
D: 126 207 
D: 130 290 
D: 144 198 
D: 144 338 
D: 149 179 
D: 150 282 
D: 150 349 
D: 170 249 
D: 188 233 
D: 205 277 
D: 218 307 
D: 228 299 
D: 230 295 
D: 312 318 
