4 5 9 319 F: 3 1 1 
11 6 23 226 F: 3 3 
12 13 64 341 F: 13 
14 8 46 87 F: 4 4 
16 9 34 180 F: 9 
29 9 56 300 F: 4 1 4 
33 6 57 177 F: 5 1 
38 5 58 320 F: 3 2 
39 10 49 37 F: 10 
48 3 60 172 F: 3 
69 5 84 320 F: 3 1 1 
81 10 111 60 F: 7 3 
83 10 93 18 F: 5 5 
85 3 88 62 F: 3 
98 9 107 346 F: 3 6 
113 6 137 135 F: 2 3 1 
114 7 142 337 F: 7 
119 12 143 90 F: 12 
132 9 168 78 F: 9 
139 7 160 77 F: 7 
152 7 180 331 F: 7 
152 8 160 339 F: 2 4 2 
153 10 163 151 F: 10 
155 8 163 321 F: 5 3 
157 8 165 311 F: 6 2 
164 10 184 319 F: 5 4 1 
165 9 192 293 F: 3 3 3 
168 5 173 13 F: 3 2 
178 8 186 178 F: 2 4 2 
186 5 206 177 F: 2 2 1 
218 4 230 208 F: 4 
219 11 252 219 F: 5 6 
221 13 273 9 F: 13 
230 5 245 249 F: 5 
234 4 242 83 F: 2 2 
242 4 250 95 F: 4 
246 11 257 163 F: 6 5 
247 9 274 125 F: 9 
248 4 256 128 F: 4 
256 10 266 350 F: 4 6 
273 11 295 307 F: 6 5 
276 10 286 71 F: 4 4 2 
284 12 332 180 F: 12 
286 3 292 71 F: 3 
287 9 323 273 F: 5 1 3 
307 10 337 207 F: 5 3 2 
313 8 321 263 F: 8 
321 2 329 281 F: 2 
331 7 345 11 F: 2 5 
340 5 360 230 F: 4 1 
346 10 386 130 F: 3 4 3 
350 7 378 35 F: 5 2 
351 5 366 87 F: 2 1 2 
360 8 384 261 F: 6 2 
362 7 383 315 F: 7 
362 9 398 272 F: 5 1 3 
369 9 405 29 F: 3 2 4 
371 2 373 151 F: 2 
391 7 419 122 F: 3 3 1 
399 8 415 93 F: 4 4 
401 3 407 55 F: 2 1 
404 10 424 254 F: 10 
412 5 432 240 F: 5 
413 7 441 319 F: 7 
420 10 440 276 F: 10 
422 6 428 70 F: 2 1 3 
429 3 441 40 F: 2 1 
429 7 450 17 F: 2 5 
432 11 454 338 F: 11 
436 13 475 39 F: 7 6 
437 2 441 73 F: 2 
455 6 461 85 F: 3 3 
457 10 477 153 F: 4 2 4 
464 7 471 218 F: 2 1 4 
486 7 500 210 F: 4 2 1 
503 7 524 123 F: 7 
508 8 516 107 F: 8 
519 6 531 249 F: 2 4 
525 5 540 239 F: 4 1 
527 11 549 180 F: 4 4 3 
527 13 553 307 F: 7 6 
531 8 547 79 F: 8 
550 8 566 51 F: 3 2 3 
552 9 579 271 F: 5 4 
556 7 570 296 F: 3 4 
576 6 594 299 F: 6 
576 11 598 30 F: 11 
577 12 625 202 F: 6 6 
586 9 604 195 F: 5 3 1 
592 4 596 3 F: 4 
615 3 621 185 F: 2 1 
618 2 620 121 F: 2 
626 11 648 332 F: 6 5 
640 12 676 52 F: 6 6 
641 7 648 206 F: 4 3 
651 7 672 255 F: 2 4 1 
652 9 670 92 F: 2 4 3 
658 11 669 134 F: 6 5 
659 9 668 303 F: 2 3 4 
667 10 687 196 F: 10 
678 3 687 101 F: 2 1 
678 8 702 207 F: 4 3 1 
678 10 708 14 F: 10 
691 11 735 255 F: 11 
694 2 702 236 F: 2 
702 7 716 223 F: 3 4 
705 9 714 225 F: 2 3 4 
721 4 737 219 F: 4 
734 8 758 166 F: 8 
751 8 759 329 F: 3 3 2 
753 10 793 293 F: 7 3 
756 9 774 54 F: 5 3 1 
758 5 763 87 F: 5 
772 9 790 345 F: 2 4 3 
778 12 802 30 F: 12 
779 5 789 162 F: 5 
780 7 808 172 F: 7 
783 9 810 36 F: 3 6 
787 7 808 228 F: 4 3 
797 11 841 62 F: 7 4 
808 9 817 222 F: 4 5 
821 2 829 167 F: 2 
826 13 839 35 F: 5 4 4 
829 9 856 55 F: 3 2 4 
833 10 843 290 F: 4 4 2 
834 9 852 337 F: 5 4 
836 12 848 152 F: 12 
846 3 855 92 F: 2 1 
848 6 866 274 F: 6 
862 7 883 81 F: 7 
868 10 888 100 F: 5 3 2 
876 9 903 262 F: 7 2 
877 6 883 104 F: 2 3 1 
885 9 912 46 F: 5 1 3 
886 7 914 253 F: 7 
901 13 940 134 F: 7 6 
904 9 940 127 F: 9 
913 7 927 136 F: 3 2 2 
916 11 927 1 F: 6 5 
916 11 927 42 F: 7 4 
920 3 929 137 F: 2 1 
930 3 933 118 F: 3 
930 5 935 317 F: 3 2 
941 10 981 123 F: 4 2 4 
955 9 991 118 F: 9 
958 11 980 282 F: 6 5 
964 6 976 237 F: 3 3 
965 8 989 286 F: 4 1 3 
978 11 989 138 F: 4 4 3 
995 9 1004 20 F: 9 
1007 8 1031 62 F: 3 5 
1009 10 1019 96 F: 2 4 4 
1013 7 1027 5 F: 3 4 
1016 12 1064 346 F: 12 
1024 7 1038 213 F: 3 1 3 
1025 10 1055 247 F: 7 3 
1029 11 1040 204 F: 11 
1038 7 1066 241 F: 2 5 
1058 9 1067 86 F: 7 2 
1069 8 1085 181 F: 5 3 
1071 4 1079 148 F: 4 
1073 9 1100 95 F: 3 4 2 
1080 4 1096 277 F: 4 
1089 9 1098 39 F: 9 
1099 10 1139 14 F: 2 4 4 
1103 11 1136 333 F: 5 2 4 
1105 9 1114 243 F: 3 2 4 
1106 11 1128 202 F: 11 
1108 9 1117 276 F: 3 4 2 
1110 13 1162 9 F: 5 4 4 
1116 12 1128 88 F: 12 
1120 12 1144 264 F: 6 6 
1121 7 1128 4 F: 2 5 
1128 7 1149 71 F: 2 1 4 
1129 9 1147 287 F: 5 1 3 
1138 6 1162 122 F: 3 1 2 
1140 12 1152 47 F: 4 4 4 
1147 6 1159 172 F: 2 4 
1181 7 1195 237 F: 4 2 1 
1195 4 1203 224 F: 4 
1209 6 1227 155 F: 3 2 1 
1222 13 1248 332 F: 13 
1224 11 1235 106 F: 11 
1225 8 1233 95 F: 8 
1229 6 1235 139 F: 6 
1229 9 1265 247 F: 6 3 
1236 6 1260 29 F: 2 2 2 
1249 9 1276 263 F: 6 3 
1253 11 1286 57 F: 4 3 4 
1256 4 1260 270 F: 3 1 
1270 11 1281 96 F: 3 4 4 
1288 10 1298 98 F: 4 4 2 
1291 5 1301 292 F: 3 2 
1297 8 1329 103 F: 8 
1299 2 1301 69 F: 2 
1310 7 1331 230 F: 3 4 
1312 7 1333 304 F: 4 3 
1314 6 1332 301 F: 2 4 
1331 9 1349 210 F: 4 5 
1334 5 1354 128 F: 5 
1334 11 1356 279 F: 11 
1338 3 1341 313 F: 3 
1345 10 1365 103 F: 5 5 
1349 9 1376 25 F: 2 3 4 
1354 10 1394 9 F: 5 3 2 
1358 12 1406 166 F: 5 4 3 
1374 8 1390 258 F: 2 2 4 
1397 10 1407 81 F: 5 2 3 
1399 11 1432 330 F: 5 6 
1399 12 1435 13 F: 4 4 4 
1400 9 1436 304 F: 5 4 
1425 9 1434 73 F: 4 2 3 
1433 11 1444 1 F: 11 
1435 6 1447 42 F: 4 2 
1441 7 1448 79 F: 6 1 
1448 8 1480 122 F: 5 3 
1450 12 1474 309 F: 5 3 4 
1452 7 1466 56 F: 5 2 
1456 10 1486 189 F: 4 3 3 
1466 11 1477 162 F: 11 
1467 6 1473 328 F: 6 
1474 11 1485 295 F: 5 2 4 
1478 9 1496 51 F: 5 4 
1494 7 1508 225 F: 7 
1495 4 1507 166 F: 4 
1515 4 1519 6 F: 4 
1523 9 1550 125 F: 5 4 
1524 10 1554 191 F: 3 4 3 
1534 8 1558 187 F: 2 3 3 
1536 8 1560 40 F: 8 
1543 9 1561 249 F: 4 1 4 
1554 4 1570 348 F: 2 2 
1558 9 1594 92 F: 5 4 
1560 9 1569 94 F: 9 
1571 8 1603 77 F: 2 3 3 
1578 7 1592 159 F: 7 
1581 5 1596 77 F: 5 
1588 10 1598 79 F: 5 3 2 
1591 5 1611 290 F: 2 3 
1594 9 1603 25 F: 2 4 3 
1601 6 1625 122 F: 3 3 
1605 5 1625 238 F: 4 1 
1613 9 1640 54 F: 4 2 3 
1622 9 1640 265 F: 3 3 3 
1648 10 1658 57 F: 4 6 
1649 5 1669 21 F: 5 
1649 8 1665 325 F: 8 
1655 10 1685 244 F: 4 6 
1661 5 1671 235 F: 5 
1681 7 1702 254 F: 4 2 1 
1684 9 1702 102 F: 9 
1684 9 1711 329 F: 2 4 3 
1688 10 1708 161 F: 10 
1695 7 1709 271 F: 3 3 1 
1699 5 1714 191 F: 5 
1711 10 1741 154 F: 2 4 4 
1716 2 1722 294 F: 2 
1721 8 1737 332 F: 5 2 1 
1724 2 1726 233 F: 2 
1731 9 1740 270 F: 3 6 
1746 7 1753 81 F: 3 4 
1755 9 1773 191 F: 9 
1760 10 1770 135 F: 4 2 4 
1761 3 1773 19 F: 3 
1766 7 1787 344 F: 4 3 
1766 9 1793 187 F: 4 4 1 
1790 6 1796 105 F: 3 1 2 
1793 12 1805 184 F: 6 6 
1796 11 1840 142 F: 11 
1797 11 1841 82 F: 4 4 3 
1803 11 1847 158 F: 11 
1804 12 1852 72 F: 6 6 
1814 8 1846 74 F: 8 
1814 8 1846 203 F: 4 4 
1822 9 1840 71 F: 7 2 
1826 9 1835 35 F: 2 3 4 
1827 10 1867 100 F: 10 
1838 9 1856 314 F: 5 3 1 
1843 7 1864 94 F: 2 2 3 
1854 11 1887 28 F: 6 5 
1858 5 1873 91 F: 3 1 1 
1874 8 1906 313 F: 2 2 4 
1876 7 1890 97 F: 4 1 2 
1893 7 1907 170 F: 6 1 
1897 2 1905 95 F: 2 
1901 8 1909 327 F: 2 6 
1904 2 1910 95 F: 2 
1914 13 1953 131 F: 13 
1922 2 1928 34 F: 2 
1930 5 1945 49 F: 4 1 
1938 10 1968 41 F: 10 
1939 12 1963 275 F: 4 4 4 
1944 10 1984 96 F: 4 3 3 
1948 9 1975 157 F: 5 1 3 
1959 8 1983 117 F: 6 2 
1986 2 1988 116 F: 2 
1988 5 1998 72 F: 3 1 1 
1990 8 2014 193 F: 4 4 
1995 12 2019 47 F: 4 4 4 
1998 6 2010 130 F: 3 2 1 
2002 10 2042 194 F: 4 4 2 
2006 2 2012 68 F: 2 
2008 8 2024 7 F: 4 1 3 
2012 5 2032 64 F: 2 1 2 
2018 9 2027 315 F: 4 3 2 
2024 5 2039 115 F: 4 1 
2028 8 2044 106 F: 4 3 1 
2039 3 2045 24 F: 3 
2043 7 2071 326 F: 7 
2057 10 2087 306 F: 4 6 
2060 13 2086 177 F: 5 4 4 
2078 7 2099 310 F: 2 5 
2079 13 2131 337 F: 13 
2089 5 2099 110 F: 5 
2095 11 2128 84 F: 5 4 2 
2104 9 2113 330 F: 9 
2106 2 2108 2 F: 2 
2111 9 2120 194 F: 9 
2113 12 2149 112 F: 12 
2121 12 2133 43 F: 12 
2122 7 2150 341 F: 4 3 
2124 11 2135 153 F: 6 5 
2132 10 2142 140 F: 3 3 4 
2136 7 2164 148 F: 7 
2141 8 2173 18 F: 7 1 
2175 6 2187 337 F: 2 4 
2176 6 2188 332 F: 2 3 1 
2184 9 2220 186 F: 4 3 2 
2192 11 2225 239 F: 5 6 
2198 8 2222 303 F: 8 
2201 8 2225 233 F: 7 1 
2208 6 2220 132 F: 4 2 
2218 11 2251 30 F: 5 2 4 
2223 8 2255 136 F: 4 3 1 
2226 3 2238 268 F: 2 1 
2227 6 2251 285 F: 3 3 
2231 7 2238 130 F: 4 3 
2240 3 2252 237 F: 2 1 
2240 11 2284 287 F: 6 5 
2258 13 2310 66 F: 13 
2264 2 2272 313 F: 2 
2271 4 2287 302 F: 2 1 1 
2279 7 2293 257 F: 2 5 
2283 10 2293 246 F: 3 4 3 
2291 5 2296 30 F: 3 2 
2305 7 2319 74 F: 7 
2308 12 2332 292 F: 6 6 
2315 7 2329 330 F: 3 4 
2318 9 2336 93 F: 7 2 
2355 10 2395 249 F: 10 
D: 0 303 
D: 13 205 
D: 15 121 
D: 22 268 
D: 26 146 
D: 29 258 
D: 36 53 
D: 39 202 
D: 45 130 
D: 47 307 
D: 48 98 
D: 62 116 
D: 65 68 
D: 65 222 
D: 76 249 
D: 83 340 
D: 89 113 
D: 103 140 
D: 105 265 
D: 115 206 
D: 129 218 
D: 131 174 
D: 133 267 
D: 139 223 
D: 149 242 
D: 183 257 
D: 210 280 
D: 223 249 
D: 229 309 
D: 235 246 
D: 236 319 
D: 239 317 
D: 254 261 
D: 301 304 
D: 320 330 
