4 9 40 78 F: 4 1 4 
15 11 59 382 F: 11 
17 10 27 23 F: 3 4 3 
28 7 49 253 F: 3 4 
29 4 37 400 F: 2 1 1 
34 6 58 235 F: 4 1 1 
43 9 79 92 F: 4 5 
47 12 83 197 F: 12 
48 12 96 147 F: 4 4 4 
63 12 99 134 F: 4 4 4 
75 9 84 25 F: 7 2 
78 9 114 103 F: 9 
84 8 92 174 F: 4 4 
97 8 113 373 F: 4 4 
97 10 137 86 F: 10 
101 5 121 64 F: 3 2 
105 8 113 431 F: 4 4 
115 11 159 314 F: 11 
134 6 140 53 F: 6 
135 10 155 162 F: 3 4 3 
140 12 164 187 F: 12 
157 11 201 59 F: 4 3 4 
160 9 196 325 F: 3 6 
161 10 191 222 F: 4 3 3 
163 10 193 190 F: 4 3 3 
174 6 192 135 F: 6 
178 6 196 406 F: 3 2 1 
180 12 228 252 F: 12 
187 6 211 10 F: 3 1 2 
194 11 227 439 F: 6 5 
208 9 235 203 F: 7 2 
221 6 245 201 F: 6 
234 8 250 408 F: 4 1 3 
238 2 244 427 F: 2 
255 10 285 403 F: 5 1 4 
259 2 261 407 F: 2 
262 6 280 220 F: 6 
264 9 273 272 F: 4 2 3 
266 10 286 268 F: 10 
267 2 273 140 F: 2 
271 4 283 13 F: 3 1 
274 4 278 215 F: 2 2 
279 9 315 175 F: 4 5 
284 11 328 373 F: 11 
293 11 304 61 F: 11 
307 6 319 402 F: 6 
315 6 339 277 F: 4 2 
317 4 333 4 F: 4 
323 2 331 213 F: 2 
326 10 336 26 F: 7 3 
330 13 343 442 F: 13 
336 3 339 204 F: 3 
347 9 383 149 F: 5 2 2 
348 7 362 96 F: 4 2 1 
353 13 379 293 F: 13 
354 6 372 302 F: 3 1 2 
361 5 366 245 F: 2 2 1 
384 4 392 102 F: 4 
393 10 433 262 F: 2 4 4 
398 10 428 230 F: 5 2 3 
406 8 422 304 F: 4 1 3 
409 6 421 331 F: 3 3 
415 8 439 304 F: 4 3 1 
421 11 432 437 F: 7 4 
421 11 454 364 F: 4 4 3 
432 5 447 148 F: 3 1 1 
439 5 449 447 F: 5 
444 8 468 132 F: 5 1 2 
456 10 496 316 F: 6 4 
478 7 485 281 F: 6 1 
480 11 491 246 F: 6 5 
483 13 496 373 F: 13 
491 8 499 286 F: 8 
492 11 525 414 F: 11 
498 8 514 312 F: 2 6 
501 4 517 32 F: 4 
502 13 528 37 F: 13 
528 6 546 40 F: 6 
532 9 541 200 F: 2 4 3 
533 13 559 440 F: 13 
544 8 560 102 F: 5 3 
549 10 569 159 F: 10 
555 8 579 138 F: 7 1 
557 12 581 361 F: 5 3 4 
562 6 586 20 F: 6 
570 9 606 104 F: 3 4 2 
579 2 583 107 F: 2 
580 4 588 192 F: 2 2 
581 11 614 74 F: 7 4 
597 7 604 160 F: 2 4 1 
600 9 609 189 F: 3 6 
614 10 654 277 F: 2 4 4 
617 5 632 422 F: 3 1 1 
617 7 624 205 F: 2 1 4 
631 8 647 66 F: 3 2 3 
634 9 670 351 F: 5 4 
649 5 654 244 F: 5 
654 7 668 412 F: 3 4 
663 9 672 46 F: 9 
672 7 693 428 F: 3 4 
684 11 706 279 F: 11 
685 9 694 167 F: 4 1 4 
687 11 720 244 F: 4 4 3 
688 9 706 188 F: 5 2 2 
689 7 703 199 F: 7 
702 5 712 423 F: 2 1 2 
703 11 714 233 F: 11 
710 9 746 286 F: 2 4 3 
715 12 739 112 F: 5 4 3 
719 8 727 127 F: 8 
719 8 727 314 F: 3 1 4 
720 5 730 129 F: 2 3 
722 5 732 231 F: 2 3 
727 3 730 348 F: 3 
729 7 757 49 F: 2 2 3 
733 7 761 5 F: 3 4 
736 10 766 361 F: 6 4 
757 8 773 343 F: 8 
773 7 794 86 F: 5 1 1 
778 6 796 150 F: 3 2 1 
813 12 861 392 F: 12 
815 7 836 387 F: 2 5 
817 7 831 143 F: 6 1 
825 3 834 424 F: 3 
829 5 834 48 F: 2 1 2 
835 2 841 59 F: 2 
840 10 860 14 F: 4 6 
843 9 852 102 F: 3 3 3 
857 4 869 421 F: 2 2 
874 6 898 114 F: 5 1 
879 10 889 35 F: 4 4 2 
883 8 915 352 F: 2 4 2 
892 9 919 102 F: 2 4 3 
892 11 903 156 F: 4 4 3 
893 8 901 188 F: 3 1 4 
904 6 916 104 F: 2 4 
933 6 957 237 F: 6 
934 2 942 301 F: 2 
953 10 973 85 F: 10 
956 9 974 404 F: 5 4 
956 9 974 446 F: 9 
958 6 982 110 F: 2 2 2 
958 9 967 138 F: 3 6 
959 8 991 69 F: 4 4 
967 8 999 146 F: 8 
979 10 999 354 F: 10 
980 6 998 272 F: 6 
990 11 1012 342 F: 11 
991 10 1011 44 F: 5 5 
998 13 1037 221 F: 13 
1001 6 1007 388 F: 2 4 
1014 11 1025 278 F: 5 6 
1015 5 1025 114 F: 2 2 1 
1024 7 1031 414 F: 7 
1025 10 1035 238 F: 10 
1041 8 1057 269 F: 5 3 
1042 6 1060 212 F: 4 2 
1047 5 1062 215 F: 3 2 
1047 7 1068 6 F: 3 4 
1064 6 1076 156 F: 6 
1067 6 1091 361 F: 3 3 
1074 8 1106 109 F: 2 2 4 
1074 9 1083 349 F: 4 4 1 
1097 5 1102 67 F: 5 
1098 6 1122 30 F: 6 
1102 7 1123 447 F: 7 
1105 13 1118 221 F: 13 
1130 6 1148 101 F: 6 
1130 7 1144 225 F: 6 1 
1131 8 1147 425 F: 4 4 
1156 7 1184 406 F: 6 1 
1158 8 1182 358 F: 7 1 
1168 8 1184 423 F: 5 1 2 
1172 7 1193 163 F: 7 
1173 11 1184 28 F: 4 4 3 
1177 13 1229 204 F: 13 
1180 9 1189 16 F: 4 5 
1181 6 1187 196 F: 6 
1186 10 1206 223 F: 10 
1199 10 1239 328 F: 10 
1201 10 1241 196 F: 10 
1203 9 1230 123 F: 9 
1204 10 1234 371 F: 4 6 
1208 2 1214 260 F: 2 
1219 8 1243 91 F: 4 4 
1233 4 1241 208 F: 4 
1238 9 1247 115 F: 4 4 1 
1255 8 1279 275 F: 8 
1257 4 1273 137 F: 4 
1262 2 1270 402 F: 2 
1273 9 1309 149 F: 6 3 
1280 8 1304 91 F: 2 6 
1290 7 1318 205 F: 3 2 2 
1293 9 1311 41 F: 7 2 
1296 12 1308 305 F: 5 3 4 
1307 2 1311 202 F: 2 
1313 12 1361 223 F: 12 
1324 9 1333 422 F: 3 3 3 
1325 7 1339 35 F: 2 5 
1338 12 1386 305 F: 12 
1345 3 1348 412 F: 3 
1346 9 1364 42 F: 4 2 3 
1354 9 1363 210 F: 4 1 4 
1360 9 1369 205 F: 4 5 
1360 11 1393 126 F: 5 2 4 
1363 6 1381 381 F: 4 2 
1367 13 1380 70 F: 13 
1386 3 1398 219 F: 2 1 
1388 9 1406 352 F: 3 3 3 
1398 7 1405 267 F: 2 5 
1401 4 1405 375 F: 2 2 
1412 9 1448 402 F: 3 4 2 
1419 9 1428 326 F: 4 3 2 
1421 3 1433 255 F: 3 
1430 8 1446 307 F: 2 6 
1430 13 1443 165 F: 13 
1434 12 1446 309 F: 12 
1436 4 1444 294 F: 4 
1440 7 1454 34 F: 2 5 
1441 11 1474 428 F: 5 4 2 
1445 8 1461 117 F: 6 2 
1480 7 1501 205 F: 2 2 3 
1483 2 1485 317 F: 2 
1483 3 1486 435 F: 3 
1488 7 1509 342 F: 2 4 1 
1511 9 1529 233 F: 9 
1514 7 1542 338 F: 6 1 
1515 4 1531 208 F: 4 
1521 6 1527 148 F: 3 1 2 
1524 4 1528 139 F: 2 1 1 
1537 10 1567 274 F: 4 6 
1539 4 1543 356 F: 4 
1546 7 1574 175 F: 2 5 
1554 9 1563 319 F: 7 2 
1558 8 1582 404 F: 3 4 1 
1564 8 1588 369 F: 3 1 4 
1566 9 1602 355 F: 5 1 3 
1579 7 1593 129 F: 7 
1580 7 1587 32 F: 7 
1598 8 1606 36 F: 4 3 1 
1600 5 1605 239 F: 2 2 1 
1612 2 1618 27 F: 2 
1615 9 1642 104 F: 2 4 3 
1620 4 1624 303 F: 4 
1624 4 1628 238 F: 3 1 
1625 7 1632 179 F: 7 
1630 9 1648 147 F: 4 4 1 
1635 8 1667 37 F: 8 
1674 9 1701 147 F: 3 4 2 
1678 8 1710 19 F: 4 3 1 
1680 6 1686 141 F: 5 1 
1685 10 1695 104 F: 4 3 3 
1688 3 1697 222 F: 3 
1692 12 1704 395 F: 4 4 4 
1695 7 1702 154 F: 4 3 
1705 8 1713 278 F: 8 
1705 12 1717 108 F: 4 4 4 
1708 8 1724 36 F: 7 1 
1713 5 1733 417 F: 5 
1726 5 1746 66 F: 2 2 1 
1726 10 1746 15 F: 5 3 2 
1736 11 1769 418 F: 11 
1743 4 1751 183 F: 3 1 
1746 9 1755 203 F: 9 
1750 7 1771 444 F: 7 
1759 10 1789 273 F: 5 1 4 
1764 9 1773 47 F: 3 6 
1771 6 1789 58 F: 4 2 
1796 3 1802 161 F: 3 
1799 8 1823 110 F: 4 3 1 
1800 7 1814 62 F: 6 1 
1808 5 1823 277 F: 3 2 
1809 7 1823 347 F: 4 1 2 
1818 8 1842 333 F: 4 2 2 
1840 9 1849 226 F: 2 4 3 
1847 9 1874 226 F: 5 3 1 
1851 9 1860 207 F: 7 2 
1853 8 1877 282 F: 7 1 
1857 7 1878 433 F: 5 1 1 
1862 7 1869 413 F: 3 2 2 
1866 6 1878 365 F: 3 3 
1870 7 1891 160 F: 2 4 1 
1873 2 1881 332 F: 2 
1878 5 1888 14 F: 3 1 1 
1888 3 1894 102 F: 3 
1902 8 1934 378 F: 2 3 3 
1905 7 1912 145 F: 3 2 2 
1912 10 1942 420 F: 2 4 4 
1919 8 1927 142 F: 2 4 2 
1931 10 1971 231 F: 5 5 
1933 6 1951 8 F: 2 4 
1946 12 1994 418 F: 7 5 
1947 13 1999 380 F: 13 
1948 13 1987 348 F: 13 
1958 8 1966 252 F: 3 4 1 
1966 9 1984 125 F: 7 2 
1973 8 2005 230 F: 4 4 
1976 9 1985 228 F: 9 
1987 8 2003 180 F: 3 2 3 
1994 12 2042 266 F: 12 
2001 9 2010 215 F: 5 2 2 
2001 10 2011 138 F: 7 3 
2010 6 2028 390 F: 2 2 2 
2012 9 2039 245 F: 5 4 
2021 6 2027 257 F: 6 
2021 9 2057 260 F: 9 
2022 11 2055 235 F: 6 5 
2029 12 2065 150 F: 6 6 
2032 6 2044 326 F: 3 3 
2035 8 2051 176 F: 2 2 4 
2053 6 2065 298 F: 6 
2056 10 2076 250 F: 4 6 
2084 7 2112 98 F: 7 
2088 4 2096 399 F: 3 1 
2093 12 2141 198 F: 12 
2100 10 2120 60 F: 4 2 4 
2102 13 2154 11 F: 13 
2105 4 2109 225 F: 2 2 
2109 9 2145 415 F: 9 
2117 10 2147 302 F: 7 3 
2138 5 2158 381 F: 5 
2144 10 2154 241 F: 10 
2149 13 2175 90 F: 7 6 
2150 8 2158 323 F: 5 3 
2151 12 2199 405 F: 4 4 4 
2157 13 2196 19 F: 13 
2173 4 2189 248 F: 3 1 
2174 11 2218 216 F: 6 5 
2181 5 2196 441 F: 4 1 
2186 5 2201 148 F: 3 1 1 
2204 8 2220 316 F: 3 5 
2231 4 2247 266 F: 3 1 
2243 10 2273 49 F: 4 2 4 
2248 9 2284 21 F: 4 1 4 
2250 9 2268 64 F: 9 
2262 7 2269 17 F: 4 3 
2273 10 2283 161 F: 3 4 3 
2274 2 2280 62 F: 2 
2276 5 2296 355 F: 3 1 1 
2283 8 2315 116 F: 3 3 2 
2283 9 2301 173 F: 6 3 
2286 10 2306 149 F: 3 3 4 
2289 6 2301 48 F: 5 1 
2291 9 2309 78 F: 3 6 
2294 8 2302 193 F: 3 5 
2300 10 2310 417 F: 7 3 
2300 13 2313 430 F: 7 6 
2315 13 2341 405 F: 7 6 
2320 13 2372 14 F: 13 
2335 9 2362 89 F: 5 2 2 
2339 6 2363 380 F: 6 
2352 9 2379 33 F: 5 1 3 
2353 2 2359 297 F: 2 
2357 8 2365 371 F: 2 6 
2370 13 2422 16 F: 13 
2372 7 2386 432 F: 5 1 1 
2377 12 2389 404 F: 7 5 
2389 9 2398 102 F: 3 6 
2392 7 2399 205 F: 2 3 2 
2399 8 2423 210 F: 8 
2403 12 2427 26 F: 5 3 4 
2405 7 2419 81 F: 4 3 
2420 10 2440 44 F: 10 
2425 9 2434 153 F: 3 4 2 
2443 6 2461 258 F: 6 
2444 7 2458 72 F: 4 2 1 
2446 13 2459 108 F: 13 
2449 8 2481 200 F: 8 
2461 5 2471 238 F: 5 
2463 9 2481 265 F: 2 4 3 
2486 5 2501 167 F: 5 
2487 5 2497 340 F: 5 
2488 5 2493 7 F: 2 3 
2496 4 2508 56 F: 4 
2498 12 2522 447 F: 6 6 
2522 11 2544 307 F: 5 6 
2523 6 2547 223 F: 3 3 
2532 8 2540 276 F: 7 1 
2533 5 2553 249 F: 4 1 
2535 11 2546 214 F: 11 
2554 3 2560 261 F: 3 
2556 8 2580 426 F: 2 6 
2560 5 2570 218 F: 3 2 
2562 10 2582 216 F: 2 4 4 
2565 7 2593 396 F: 7 
2566 7 2594 146 F: 4 2 1 
2579 6 2603 327 F: 4 2 
2584 2 2588 234 F: 2 
2590 3 2596 290 F: 3 
2591 8 2607 323 F: 8 
2600 2 2604 390 F: 2 
2605 10 2625 239 F: 3 3 4 
2613 9 2631 9 F: 3 2 4 
2616 11 2638 444 F: 11 
2618 7 2639 374 F: 5 2 
2618 7 2646 213 F: 3 4 
2622 3 2631 376 F: 3 
2622 8 2654 89 F: 4 4 
2645 7 2666 156 F: 3 3 1 
2660 8 2692 324 F: 4 1 3 
2669 7 2683 252 F: 4 1 2 
2670 4 2678 302 F: 3 1 
2673 12 2721 149 F: 5 4 3 
2696 9 2705 59 F: 4 2 3 
2699 9 2717 56 F: 4 4 1 
2703 3 2715 260 F: 3 
2710 9 2746 184 F: 5 2 2 
2718 10 2728 422 F: 5 4 1 
2728 6 2752 361 F: 3 1 2 
2728 8 2744 96 F: 4 1 3 
2758 10 2788 23 F: 10 
2766 6 2772 143 F: 5 1 
2766 7 2780 203 F: 7 
2766 11 2788 120 F: 3 4 4 
2770 8 2786 291 F: 3 3 2 
2772 5 2787 157 F: 2 1 2 
2774 7 2802 11 F: 7 
2776 6 2782 152 F: 4 2 
2777 13 2816 39 F: 7 6 
2788 2 2790 394 F: 2 
2802 6 2820 357 F: 3 2 1 
2808 9 2835 28 F: 6 3 
2814 2 2816 327 F: 2 
2821 6 2839 171 F: 4 2 
2822 9 2831 145 F: 2 4 3 
2825 10 2845 222 F: 10 
2826 7 2833 54 F: 7 
2845 6 2851 15 F: 4 1 1 
2852 9 2861 412 F: 9 
2861 8 2877 426 F: 2 6 
2867 11 2889 291 F: 4 3 4 
2878 7 2885 220 F: 5 1 1 
2885 10 2915 199 F: 5 4 1 
2886 11 2897 382 F: 11 
2887 7 2901 228 F: 2 5 
2905 9 2941 331 F: 2 3 4 
2913 5 2918 442 F: 2 2 1 
2916 5 2921 96 F: 5 
2918 8 2950 263 F: 4 4 
2918 10 2928 438 F: 5 2 3 
2925 8 2949 273 F: 2 6 
2944 12 2980 438 F: 12 
2947 5 2957 1 F: 5 
2959 7 2980 355 F: 2 3 2 
2965 7 2986 39 F: 6 1 
2970 6 2976 320 F: 3 2 1 
2974 11 2985 30 F: 6 5 
2980 13 3019 116 F: 5 4 4 
2995 13 3008 74 F: 5 4 4 
2998 7 3005 111 F: 5 2 
D: 9 384 
D: 10 99 
D: 12 445 
D: 15 308 
D: 18 132 
D: 19 251 
D: 23 248 
D: 23 330 
D: 24 184 
D: 36 229 
D: 44 207 
D: 54 127 
D: 55 142 
D: 57 337 
D: 68 72 
D: 73 299 
D: 75 239 
D: 75 302 
D: 86 160 
D: 106 254 
D: 127 367 
D: 128 274 
D: 133 140 
D: 136 193 
D: 138 342 
D: 146 251 
D: 150 444 
D: 151 377 
D: 159 264 
D: 160 261 
D: 199 419 
D: 200 428 
D: 203 386 
D: 223 298 
D: 242 259 
D: 257 426 
D: 261 433 
D: 273 383 
D: 274 363 
D: 274 430 
D: 285 305 
D: 311 443 
D: 330 340 
D: 354 365 
D: 385 438 
