3 3 15 15 F: 3 
23 10 43 377 F: 5 4 1 
42 5 52 132 F: 4 1 
42 12 90 342 F: 12 
53 6 71 278 F: 4 2 
55 10 75 69 F: 7 3 
60 9 96 258 F: 5 3 1 
71 6 89 132 F: 2 3 1 
73 8 105 178 F: 6 2 
74 9 92 282 F: 5 3 1 
77 8 101 317 F: 2 2 4 
85 11 96 11 F: 11 
86 9 122 367 F: 7 2 
89 10 129 360 F: 3 4 3 
96 6 120 88 F: 2 2 2 
106 9 115 312 F: 3 4 2 
109 5 129 398 F: 5 
109 6 115 327 F: 2 1 3 
114 7 128 323 F: 4 2 1 
117 7 145 383 F: 7 
124 6 136 228 F: 4 2 
124 6 148 63 F: 4 2 
130 6 154 28 F: 6 
131 10 151 45 F: 5 3 2 
145 9 181 345 F: 4 4 1 
159 8 191 87 F: 2 3 3 
171 3 177 38 F: 3 
178 5 188 264 F: 3 1 1 
194 10 214 389 F: 10 
198 6 216 171 F: 4 1 1 
204 9 213 65 F: 2 3 4 
224 9 233 301 F: 5 3 1 
230 7 251 28 F: 7 
238 3 241 87 F: 2 1 
242 12 254 227 F: 4 4 4 
257 13 296 252 F: 7 6 
259 4 271 127 F: 3 1 
260 3 263 372 F: 3 
260 3 272 218 F: 3 
277 8 301 127 F: 8 
281 6 293 241 F: 3 3 
294 8 310 70 F: 8 
295 7 302 103 F: 3 1 3 
297 6 321 96 F: 6 
298 6 322 107 F: 2 2 2 
321 5 341 237 F: 3 1 1 
328 6 340 292 F: 4 2 
333 10 373 155 F: 7 3 
338 7 359 83 F: 7 
349 10 379 154 F: 7 3 
352 8 360 340 F: 3 5 
357 5 367 254 F: 5 
362 3 371 244 F: 2 1 
370 8 394 210 F: 8 
378 3 390 335 F: 3 
380 7 408 221 F: 2 2 3 
386 13 399 383 F: 5 4 4 
391 12 439 390 F: 5 3 4 
395 11 417 305 F: 7 4 
396 7 424 369 F: 2 2 3 
400 4 416 41 F: 2 2 
400 6 412 102 F: 5 1 
402 6 426 380 F: 2 1 3 
405 6 423 15 F: 2 1 3 
406 11 450 18 F: 4 4 3 
409 3 421 204 F: 2 1 
417 8 449 74 F: 7 1 
417 11 428 296 F: 7 4 
435 9 453 56 F: 5 2 2 
442 8 458 121 F: 3 2 3 
455 8 463 180 F: 6 2 
475 13 488 49 F: 5 4 4 
478 11 500 198 F: 4 3 4 
485 8 517 242 F: 7 1 
496 10 506 241 F: 10 
502 7 516 256 F: 3 1 3 
507 10 547 139 F: 4 6 
514 11 558 33 F: 11 
517 5 532 9 F: 3 2 
537 7 551 240 F: 7 
546 5 551 153 F: 5 
546 9 555 91 F: 7 2 
546 11 590 355 F: 5 2 4 
551 7 565 161 F: 2 1 4 
564 4 572 196 F: 2 2 
564 10 604 377 F: 5 4 1 
570 7 577 34 F: 2 3 2 
575 8 607 48 F: 8 
592 4 604 190 F: 4 
598 9 616 152 F: 3 2 4 
616 5 621 134 F: 2 2 1 
619 10 629 308 F: 10 
621 5 631 239 F: 5 
625 2 633 29 F: 2 
626 3 635 82 F: 3 
651 8 683 162 F: 5 3 
653 8 677 118 F: 3 2 3 
656 12 680 233 F: 7 5 
659 13 711 341 F: 13 
682 8 690 327 F: 8 
682 9 691 48 F: 6 3 
685 6 691 103 F: 2 2 2 
688 9 724 355 F: 2 4 3 
689 9 707 80 F: 5 3 1 
694 12 730 316 F: 12 
709 7 716 365 F: 2 2 3 
714 5 724 227 F: 5 
718 10 758 147 F: 4 6 
719 8 735 1 F: 5 1 2 
728 8 744 158 F: 5 3 
730 9 739 320 F: 6 3 
736 7 757 349 F: 2 3 2 
736 12 784 276 F: 12 
740 4 748 363 F: 2 2 
746 7 753 1 F: 5 1 1 
755 10 765 313 F: 5 5 
756 13 769 26 F: 13 
760 8 784 338 F: 5 3 
772 10 812 163 F: 5 5 
786 11 819 213 F: 4 3 4 
801 3 810 47 F: 3 
807 7 814 47 F: 5 2 
809 6 833 42 F: 6 
816 6 834 225 F: 5 1 
817 7 845 66 F: 2 1 4 
818 9 854 249 F: 6 3 
820 4 836 169 F: 2 2 
833 12 845 200 F: 12 
841 7 862 390 F: 5 2 
842 8 866 332 F: 5 2 1 
856 7 877 45 F: 2 2 3 
859 7 887 247 F: 2 1 4 
872 10 902 381 F: 5 5 
875 6 887 60 F: 2 4 
876 9 894 388 F: 7 2 
900 12 924 249 F: 12 
926 6 944 190 F: 6 
935 8 943 79 F: 8 
938 7 966 251 F: 7 
938 10 978 31 F: 10 
945 9 954 353 F: 9 
947 5 952 15 F: 5 
948 13 1000 65 F: 7 6 
964 6 982 130 F: 3 3 
965 8 989 232 F: 4 2 2 
966 4 982 206 F: 3 1 
977 3 986 290 F: 2 1 
981 10 1001 291 F: 4 4 2 
992 11 1014 49 F: 3 4 4 
993 10 1003 183 F: 5 5 
1014 10 1034 105 F: 4 4 2 
1016 7 1037 176 F: 2 1 4 
1027 13 1053 332 F: 7 6 
1030 8 1046 43 F: 3 5 
1035 6 1041 223 F: 2 4 
1035 9 1044 280 F: 9 
1037 9 1064 277 F: 4 2 3 
1057 11 1090 71 F: 5 3 3 
1061 5 1076 311 F: 5 
1070 10 1110 38 F: 4 2 4 
1071 3 1083 166 F: 3 
1079 10 1099 162 F: 5 3 2 
1082 7 1110 173 F: 3 4 
1084 10 1124 339 F: 4 3 3 
1091 8 1115 232 F: 5 2 1 
1102 12 1150 210 F: 12 
1104 13 1143 153 F: 13 
1116 8 1124 199 F: 2 6 
1116 12 1140 59 F: 5 4 3 
1122 2 1128 53 F: 2 
1138 10 1178 361 F: 5 5 
1146 12 1182 368 F: 5 4 3 
1161 5 1176 82 F: 3 2 
1162 7 1176 31 F: 7 
1164 6 1182 310 F: 3 1 2 
1165 10 1195 293 F: 5 4 1 
1167 10 1207 226 F: 3 4 3 
1168 11 1212 56 F: 11 
1181 9 1190 239 F: 9 
1190 6 1214 139 F: 6 
1206 11 1217 143 F: 6 5 
1211 13 1224 364 F: 13 
1215 6 1227 157 F: 2 2 2 
1228 3 1237 388 F: 3 
1228 6 1252 77 F: 2 2 2 
1250 10 1260 287 F: 7 3 
1258 8 1274 396 F: 3 4 1 
1258 12 1270 222 F: 12 
1261 8 1285 317 F: 7 1 
1262 8 1270 350 F: 4 2 2 
1267 8 1299 362 F: 4 3 1 
1268 8 1284 347 F: 3 1 4 
1284 6 1296 311 F: 2 2 2 
1291 10 1311 249 F: 4 6 
1294 8 1326 73 F: 3 3 2 
1308 4 1320 249 F: 4 
1312 7 1333 400 F: 4 3 
1312 9 1348 28 F: 4 2 3 
1324 12 1348 244 F: 7 5 
1332 11 1365 62 F: 11 
1346 3 1355 46 F: 3 
1350 9 1386 353 F: 3 4 2 
1351 10 1391 29 F: 10 
1358 5 1363 29 F: 5 
1363 7 1384 357 F: 6 1 
1385 9 1412 304 F: 4 2 3 
1387 5 1407 330 F: 5 
1387 9 1414 239 F: 5 1 3 
1391 9 1418 182 F: 3 6 
1391 11 1413 363 F: 7 4 
1416 10 1456 323 F: 4 6 
1416 11 1460 242 F: 5 3 3 
1421 4 1429 225 F: 2 1 1 
1427 9 1463 57 F: 5 3 1 
1431 12 1479 369 F: 12 
1440 10 1480 276 F: 4 6 
1441 7 1455 220 F: 4 1 2 
1441 13 1454 38 F: 13 
1442 6 1448 71 F: 2 2 2 
1448 4 1456 319 F: 4 
1460 5 1480 116 F: 5 
1464 5 1469 295 F: 2 3 
1495 6 1513 384 F: 3 3 
1498 13 1550 142 F: 13 
1499 7 1513 388 F: 5 2 
1502 9 1520 149 F: 3 6 
1511 5 1516 190 F: 5 
1518 5 1528 246 F: 5 
1520 11 1531 76 F: 7 4 
1526 2 1530 107 F: 2 
1529 10 1539 180 F: 10 
1535 4 1547 172 F: 3 1 
1538 6 1562 201 F: 3 3 
1539 4 1543 74 F: 4 
1543 7 1557 219 F: 7 
1550 8 1574 103 F: 4 3 1 
1573 5 1578 257 F: 3 1 1 
1580 2 1584 160 F: 2 
1591 7 1619 110 F: 3 4 
1593 5 1608 364 F: 3 1 1 
1606 2 1610 269 F: 2 
1609 3 1612 325 F: 3 
1622 8 1638 290 F: 5 2 1 
1624 12 1648 25 F: 12 
1627 5 1642 332 F: 2 1 2 
1632 7 1653 183 F: 3 4 
1634 8 1650 334 F: 8 
1645 10 1655 155 F: 10 
1651 5 1666 22 F: 5 
1661 12 1685 329 F: 12 
1662 9 1698 55 F: 3 2 4 
1662 10 1682 354 F: 3 4 3 
1678 5 1693 119 F: 2 2 1 
1683 7 1690 372 F: 7 
1696 9 1714 304 F: 9 
1700 9 1709 360 F: 3 3 3 
1711 7 1739 79 F: 3 3 1 
1718 8 1726 171 F: 6 2 
1719 8 1751 113 F: 2 6 
1719 11 1741 313 F: 11 
1726 11 1770 40 F: 5 6 
1731 5 1751 391 F: 5 
1740 10 1760 210 F: 3 3 4 
1748 10 1768 90 F: 5 5 
1749 9 1767 167 F: 7 2 
1759 11 1803 214 F: 4 3 4 
1760 11 1771 286 F: 5 6 
1769 4 1785 19 F: 2 2 
1773 9 1809 275 F: 9 
1798 11 1820 370 F: 5 6 
1818 11 1862 239 F: 6 5 
1820 10 1830 324 F: 10 
1823 2 1825 178 F: 2 
1834 7 1862 125 F: 5 2 
1860 7 1874 252 F: 7 
1860 13 1899 96 F: 13 
1867 11 1889 374 F: 3 4 4 
1874 10 1914 306 F: 4 6 
1877 5 1887 177 F: 3 2 
1877 12 1901 230 F: 6 6 
1879 12 1927 25 F: 7 5 
1885 10 1905 103 F: 10 
1896 12 1932 155 F: 5 3 4 
1897 10 1907 61 F: 5 5 
1898 5 1918 233 F: 5 
1904 8 1920 362 F: 3 5 
1908 10 1928 34 F: 7 3 
1911 7 1925 291 F: 6 1 
1913 9 1949 190 F: 3 6 
1918 13 1931 185 F: 13 
1919 13 1958 288 F: 13 
1920 7 1948 100 F: 2 5 
1921 5 1926 175 F: 5 
1944 8 1960 30 F: 2 2 4 
1951 4 1955 349 F: 4 
1954 9 1990 235 F: 3 2 4 
1958 6 1964 273 F: 6 
1965 8 1989 30 F: 5 3 
1977 12 1989 289 F: 5 4 3 
1984 7 1998 370 F: 2 2 3 
2002 6 2020 348 F: 4 1 1 
2004 7 2032 232 F: 7 
2005 8 2013 387 F: 7 1 
2017 10 2057 128 F: 10 
2019 6 2031 1 F: 6 
2025 7 2032 96 F: 7 
2036 7 2043 38 F: 7 
2052 10 2092 158 F: 4 6 
2053 12 2077 258 F: 12 
2066 9 2093 250 F: 3 4 2 
2073 9 2082 291 F: 5 1 3 
2074 7 2088 46 F: 4 1 2 
2076 3 2085 39 F: 3 
2086 4 2098 141 F: 4 
2097 8 2121 210 F: 8 
2107 6 2131 319 F: 2 4 
2107 7 2114 235 F: 7 
2108 6 2114 312 F: 3 3 
2110 7 2131 199 F: 5 2 
2119 8 2143 278 F: 8 
2119 10 2159 363 F: 7 3 
2132 7 2153 258 F: 4 3 
2136 8 2144 99 F: 3 2 3 
2137 4 2149 69 F: 4 
2146 6 2164 296 F: 3 3 
2147 8 2155 123 F: 4 1 3 
2153 9 2171 353 F: 4 5 
2182 11 2193 333 F: 7 4 
2183 11 2227 160 F: 5 6 
2192 11 2214 335 F: 3 4 4 
2211 8 2219 66 F: 7 1 
2214 9 2232 35 F: 7 2 
2217 9 2253 291 F: 5 1 3 
2231 13 2270 159 F: 5 4 4 
2238 11 2271 348 F: 11 
2241 3 2250 381 F: 3 
2242 7 2270 345 F: 5 2 
2247 9 2274 48 F: 9 
2249 8 2265 314 F: 3 4 1 
2250 8 2282 106 F: 7 1 
2254 12 2266 142 F: 5 4 3 
2262 8 2286 275 F: 4 4 
2269 8 2293 19 F: 3 3 2 
2269 9 2305 159 F: 9 
2274 3 2286 245 F: 3 
2300 12 2336 65 F: 7 5 
2308 5 2313 126 F: 5 
2314 10 2354 139 F: 4 4 2 
2321 9 2348 355 F: 3 6 
2331 7 2352 230 F: 2 4 1 
2344 6 2368 295 F: 5 1 
2344 8 2376 140 F: 5 3 
2346 7 2360 311 F: 2 5 
2353 10 2383 328 F: 3 4 3 
2364 12 2412 230 F: 12 
2368 8 2384 4 F: 4 4 
2368 11 2379 32 F: 5 4 2 
2369 5 2374 314 F: 2 1 2 
2379 11 2390 397 F: 11 
2382 2 2390 9 F: 2 
2407 9 2434 257 F: 2 4 3 
2418 11 2429 159 F: 5 3 3 
2421 5 2431 288 F: 2 3 
2437 4 2449 299 F: 2 2 
2440 8 2472 158 F: 2 6 
2448 11 2481 376 F: 4 4 3 
2452 10 2482 137 F: 2 4 4 
2457 6 2481 8 F: 6 
2462 2 2468 23 F: 2 
2463 13 2489 110 F: 13 
2466 9 2475 368 F: 4 2 3 
2471 5 2486 128 F: 5 
2479 8 2503 386 F: 4 1 3 
2489 9 2498 323 F: 5 2 2 
2491 13 2543 60 F: 13 
2504 7 2525 306 F: 3 4 
2508 12 2556 87 F: 5 3 4 
2512 6 2524 219 F: 2 4 
2523 2 2531 236 F: 2 
2531 5 2551 263 F: 5 
2536 9 2554 61 F: 4 3 2 
2537 8 2553 118 F: 7 1 
2539 7 2546 268 F: 2 1 4 
2551 7 2565 146 F: 5 2 
2558 7 2565 393 F: 5 2 
2564 9 2573 332 F: 9 
2568 5 2588 17 F: 4 1 
2578 8 2610 106 F: 3 1 4 
2584 7 2605 391 F: 3 4 
2593 7 2607 184 F: 2 4 1 
2603 8 2619 52 F: 5 3 
2618 7 2632 371 F: 5 2 
2626 9 2653 154 F: 7 2 
2631 7 2645 303 F: 6 1 
2646 13 2698 74 F: 13 
2647 9 2683 12 F: 4 5 
2670 12 2706 113 F: 6 6 
2671 12 2719 105 F: 6 6 
2688 11 2732 312 F: 7 4 
2695 6 2701 264 F: 6 
D: 8 127 
D: 20 259 
D: 23 162 
D: 29 399 
D: 43 216 
D: 45 252 
D: 50 238 
D: 56 210 
D: 56 219 
D: 62 266 
D: 70 100 
D: 74 91 
D: 74 139 
D: 75 305 
D: 76 157 
D: 78 168 
D: 79 287 
D: 82 209 
D: 89 292 
D: 90 279 
D: 96 95 
D: 96 204 
D: 105 244 
D: 109 233 
D: 117 233 
D: 119 189 
D: 137 340 
D: 167 190 
D: 173 277 
D: 181 220 
D: 182 234 
D: 196 224 
D: 201 338 
D: 253 379 
D: 311 368 
D: 325 336 
D: 343 375 
D: 351 350 
D: 376 383 
D: 377 384 
