1 5 6 245 F: 5 
2 8 10 34 F: 8 
3 4 15 397 F: 4 
9 10 39 261 F: 5 4 1 
12 9 30 308 F: 9 
20 3 29 25 F: 2 1 
25 9 43 292 F: 4 2 3 
28 5 48 256 F: 5 
30 8 46 72 F: 3 4 1 
50 6 56 31 F: 2 1 3 
72 8 88 432 F: 8 
84 6 96 301 F: 4 2 
89 6 101 349 F: 3 1 2 
94 7 101 366 F: 6 1 
99 9 126 163 F: 4 5 
126 11 170 361 F: 7 4 
134 4 150 63 F: 3 1 
136 8 160 286 F: 2 2 4 
138 8 170 286 F: 2 3 3 
139 10 149 73 F: 6 4 
140 9 149 419 F: 4 2 3 
141 4 145 78 F: 4 
144 9 162 354 F: 7 2 
156 7 163 196 F: 2 5 
167 7 195 241 F: 7 
170 6 176 392 F: 6 
176 9 212 121 F: 3 6 
183 8 207 201 F: 5 1 2 
189 5 209 115 F: 3 1 1 
197 13 236 324 F: 13 
205 5 225 346 F: 2 2 1 
207 10 237 267 F: 10 
214 7 228 356 F: 2 1 4 
223 11 256 402 F: 5 2 4 
232 4 236 170 F: 4 
236 10 256 406 F: 6 4 
236 10 276 126 F: 4 6 
245 8 253 381 F: 2 4 2 
248 9 266 405 F: 4 4 1 
252 8 276 411 F: 4 4 
256 13 295 441 F: 7 6 
262 9 271 376 F: 9 
278 6 302 233 F: 4 2 
292 12 340 408 F: 12 
293 13 319 167 F: 7 6 
300 9 327 100 F: 4 1 4 
313 10 323 400 F: 10 
316 9 352 262 F: 3 2 4 
339 5 359 231 F: 2 1 2 
360 7 374 437 F: 3 4 
366 5 371 448 F: 2 2 1 
371 9 407 275 F: 4 4 1 
372 5 392 102 F: 3 1 1 
372 11 383 210 F: 7 4 
378 3 390 1 F: 3 
383 12 407 270 F: 5 4 3 
387 10 407 93 F: 10 
390 7 418 424 F: 2 3 2 
390 12 426 241 F: 4 4 4 
397 7 425 5 F: 6 1 
408 12 420 369 F: 6 6 
429 11 473 64 F: 11 
435 7 463 450 F: 3 4 
435 12 483 162 F: 12 
437 8 445 86 F: 8 
443 6 467 184 F: 6 
451 3 457 24 F: 3 
451 12 475 123 F: 7 5 
452 12 500 301 F: 12 
455 9 482 225 F: 3 6 
457 4 461 437 F: 3 1 
461 11 494 164 F: 11 
472 5 477 300 F: 4 1 
493 5 508 265 F: 2 3 
497 6 509 95 F: 4 1 1 
521 9 530 198 F: 9 
527 12 551 11 F: 12 
530 8 554 107 F: 5 3 
540 4 556 34 F: 3 1 
540 9 576 309 F: 4 5 
541 4 549 435 F: 2 1 1 
542 9 551 72 F: 4 5 
545 10 585 420 F: 4 4 2 
548 9 557 11 F: 3 6 
571 3 580 389 F: 3 
578 4 586 408 F: 4 
585 9 594 83 F: 4 2 3 
591 4 603 110 F: 4 
594 3 597 408 F: 3 
597 4 605 370 F: 4 
600 11 644 212 F: 4 3 4 
607 6 613 367 F: 5 1 
609 8 633 436 F: 3 5 
615 8 647 23 F: 3 1 4 
623 8 631 379 F: 3 1 4 
639 3 645 6 F: 3 
652 3 664 266 F: 3 
657 8 665 51 F: 4 3 1 
658 9 667 433 F: 3 4 2 
675 6 681 264 F: 6 
680 12 704 153 F: 12 
681 9 690 418 F: 3 4 2 
681 12 717 210 F: 12 
691 7 705 69 F: 5 2 
697 9 733 35 F: 5 1 3 
700 7 714 313 F: 7 
708 2 714 133 F: 2 
710 12 734 174 F: 5 4 3 
715 10 745 282 F: 4 3 3 
719 9 737 266 F: 6 3 
723 10 763 146 F: 10 
727 2 731 202 F: 2 
731 10 771 38 F: 10 
750 8 758 69 F: 4 2 2 
760 8 784 69 F: 5 1 2 
762 6 786 423 F: 3 1 2 
766 10 786 83 F: 5 1 4 
781 9 817 436 F: 5 1 3 
782 7 803 322 F: 7 
793 10 813 282 F: 10 
808 10 838 235 F: 2 4 4 
813 2 819 280 F: 2 
818 12 854 416 F: 12 
819 8 835 164 F: 5 3 
826 9 835 51 F: 3 3 3 
830 13 843 254 F: 5 4 4 
836 10 846 18 F: 4 3 3 
843 8 859 4 F: 8 
844 7 872 296 F: 2 5 
856 5 861 446 F: 2 3 
871 11 893 243 F: 5 6 
888 7 895 115 F: 4 1 2 
890 7 911 211 F: 2 1 4 
891 11 902 417 F: 5 4 2 
898 9 934 371 F: 4 2 3 
900 9 936 432 F: 9 
907 6 919 225 F: 6 
907 8 915 156 F: 2 3 3 
910 6 928 324 F: 6 
916 10 956 343 F: 4 3 3 
919 8 951 323 F: 2 6 
924 9 933 15 F: 4 4 1 
926 5 941 9 F: 2 3 
938 5 958 441 F: 5 
943 3 949 345 F: 3 
950 4 966 127 F: 2 2 
958 6 970 221 F: 6 
968 6 980 383 F: 3 2 1 
979 8 1011 433 F: 7 1 
994 10 1034 118 F: 10 
1011 4 1027 400 F: 2 2 
1015 8 1039 332 F: 4 2 2 
1020 11 1053 125 F: 5 4 2 
1021 10 1061 101 F: 4 6 
1031 9 1058 269 F: 9 
1035 7 1042 56 F: 4 3 
1040 7 1068 212 F: 7 
1056 9 1065 93 F: 9 
1063 7 1077 346 F: 2 5 
1068 8 1092 341 F: 8 
1079 8 1087 438 F: 8 
1086 7 1100 393 F: 2 1 4 
1086 9 1104 132 F: 3 2 4 
1096 5 1116 35 F: 5 
1097 9 1124 49 F: 9 
1103 4 1107 363 F: 4 
1128 13 1154 254 F: 7 6 
1129 6 1141 185 F: 2 4 
1130 10 1170 273 F: 7 3 
1131 12 1143 342 F: 7 5 
1132 6 1144 371 F: 2 4 
1140 8 1148 424 F: 7 1 
1153 11 1186 298 F: 4 3 4 
1163 3 1172 403 F: 2 1 
1179 9 1197 73 F: 4 2 3 
1186 4 1190 103 F: 4 
1187 9 1223 319 F: 3 4 2 
1195 3 1204 276 F: 2 1 
1197 11 1241 29 F: 5 6 
1199 11 1210 238 F: 5 6 
1200 5 1205 19 F: 2 2 1 
1202 2 1210 317 F: 2 
1219 9 1237 83 F: 3 2 4 
1237 12 1261 163 F: 7 5 
1242 7 1249 270 F: 7 
1250 7 1264 83 F: 6 1 
1259 11 1303 18 F: 4 3 4 
1265 5 1275 193 F: 2 1 2 
1266 5 1271 298 F: 5 
1268 3 1274 336 F: 3 
1271 11 1293 393 F: 6 5 
1279 4 1287 402 F: 4 
1280 7 1301 174 F: 7 
1283 10 1323 373 F: 7 3 
1284 8 1300 373 F: 3 5 
1302 3 1305 307 F: 3 
1310 6 1328 326 F: 6 
1318 11 1362 306 F: 4 4 3 
1331 8 1339 360 F: 5 3 
1338 8 1370 165 F: 4 4 
1342 6 1348 402 F: 3 3 
1342 8 1350 267 F: 4 4 
1346 6 1352 373 F: 6 
1346 10 1376 308 F: 5 3 2 
1351 10 1381 127 F: 3 4 3 
1354 11 1387 406 F: 11 
1363 8 1371 175 F: 8 
1381 10 1391 66 F: 4 2 4 
1386 7 1400 102 F: 5 2 
1386 8 1402 117 F: 5 3 
1400 5 1405 248 F: 2 3 
1401 8 1417 343 F: 3 5 
1401 13 1453 103 F: 13 
1409 5 1429 185 F: 3 2 
1423 7 1444 78 F: 2 5 
1423 7 1451 176 F: 6 1 
1430 7 1444 212 F: 2 1 4 
1432 9 1450 173 F: 3 6 
1444 7 1472 237 F: 6 1 
1453 10 1483 2 F: 5 5 
1457 2 1459 417 F: 2 
1467 6 1491 281 F: 6 
1470 12 1494 81 F: 12 
1474 12 1486 96 F: 5 4 3 
1489 11 1511 239 F: 11 
1502 4 1506 418 F: 4 
1506 11 1517 327 F: 11 
1508 7 1515 389 F: 4 3 
1517 2 1519 48 F: 2 
1519 8 1543 395 F: 2 3 3 
1541 5 1551 405 F: 5 
1556 13 1608 113 F: 5 4 4 
1564 9 1600 141 F: 3 6 
1576 11 1609 221 F: 11 
1579 6 1597 351 F: 2 2 2 
1581 4 1585 196 F: 4 
1584 4 1600 310 F: 4 
1588 7 1609 92 F: 7 
1593 9 1602 436 F: 3 4 2 
1595 8 1603 315 F: 2 3 3 
1602 3 1605 56 F: 3 
1607 10 1647 145 F: 10 
1611 10 1631 440 F: 7 3 
1626 4 1642 48 F: 3 1 
1635 8 1651 44 F: 5 2 1 
1643 10 1683 185 F: 6 4 
1657 10 1677 241 F: 5 5 
1669 10 1689 142 F: 5 1 4 
1671 5 1691 74 F: 3 1 1 
1674 8 1682 231 F: 2 6 
1674 9 1692 132 F: 3 6 
1674 10 1704 348 F: 5 5 
1675 8 1683 261 F: 3 1 4 
1676 2 1682 392 F: 2 
1695 10 1725 55 F: 3 3 4 
1701 12 1725 232 F: 5 4 3 
1703 11 1736 309 F: 11 
1708 11 1741 323 F: 11 
1708 12 1720 24 F: 12 
1713 10 1743 335 F: 4 2 4 
1729 10 1769 386 F: 7 3 
1730 2 1734 49 F: 2 
1736 3 1745 392 F: 2 1 
1742 7 1763 239 F: 7 
1748 9 1784 173 F: 3 4 2 
1761 11 1783 285 F: 6 5 
1764 5 1784 212 F: 5 
1790 11 1801 4 F: 4 3 4 
1794 11 1816 265 F: 6 5 
1797 6 1803 166 F: 3 3 
1802 7 1823 233 F: 4 3 
1803 9 1830 314 F: 4 2 3 
1806 6 1830 150 F: 6 
1806 11 1817 26 F: 7 4 
1808 7 1815 370 F: 6 1 
1812 5 1832 56 F: 2 3 
1816 7 1837 53 F: 4 3 
1834 7 1855 30 F: 3 3 1 
1850 7 1878 232 F: 3 3 1 
1853 6 1859 158 F: 3 3 
1868 5 1878 37 F: 4 1 
1872 4 1888 118 F: 4 
1878 8 1886 53 F: 4 1 3 
1883 10 1913 278 F: 6 4 
1884 11 1917 361 F: 5 4 2 
1903 7 1924 180 F: 3 4 
1911 9 1938 185 F: 9 
1911 12 1935 151 F: 12 
1912 9 1930 361 F: 9 
1925 5 1930 4 F: 5 
1926 8 1942 329 F: 5 3 
1937 8 1969 350 F: 4 4 
1940 2 1944 320 F: 2 
1978 10 2008 186 F: 6 4 
1978 10 2008 368 F: 10 
1980 6 1986 75 F: 2 3 1 
1988 7 2002 147 F: 3 2 2 
1989 8 2013 376 F: 2 3 3 
1992 4 2000 93 F: 4 
1993 5 2013 101 F: 5 
2000 10 2040 46 F: 10 
2004 6 2022 249 F: 2 2 2 
2010 9 2028 66 F: 3 6 
2016 7 2037 440 F: 2 5 
2020 8 2028 308 F: 4 1 3 
2020 8 2044 194 F: 2 6 
2024 13 2037 82 F: 13 
2027 5 2032 247 F: 5 
2038 6 2056 123 F: 2 4 
2059 5 2079 165 F: 5 
2060 7 2081 83 F: 4 3 
2066 9 2084 280 F: 4 1 4 
2073 6 2097 218 F: 2 3 1 
2092 12 2140 294 F: 12 
2096 13 2109 59 F: 13 
2100 7 2121 327 F: 7 
2105 8 2129 233 F: 2 2 4 
2110 9 2128 176 F: 5 2 2 
2113 8 2129 150 F: 3 5 
2119 2 2125 395 F: 2 
2122 11 2166 242 F: 11 
2129 11 2173 344 F: 11 
2131 3 2143 388 F: 3 
2131 6 2143 440 F: 2 3 1 
2165 8 2189 73 F: 4 3 1 
2166 7 2180 219 F: 7 
2188 9 2215 135 F: 5 2 2 
2188 11 2210 334 F: 4 4 3 
2189 10 2199 443 F: 5 5 
2189 10 2219 441 F: 5 2 3 
2222 9 2240 259 F: 5 4 
2228 5 2243 377 F: 5 
2240 7 2268 221 F: 6 1 
2244 11 2288 231 F: 11 
2255 10 2285 331 F: 10 
2261 10 2281 202 F: 5 2 3 
2263 8 2271 406 F: 3 4 1 
2266 7 2273 286 F: 4 2 1 
2268 3 2280 257 F: 2 1 
2271 6 2283 390 F: 6 
2279 7 2293 404 F: 2 5 
2279 10 2309 370 F: 7 3 
2287 12 2335 227 F: 7 5 
2291 9 2309 292 F: 9 
2293 7 2300 28 F: 5 2 
2304 8 2328 202 F: 4 1 3 
2315 4 2327 420 F: 4 
2329 12 2365 150 F: 12 
2339 5 2354 379 F: 4 1 
2357 10 2367 62 F: 5 1 4 
2362 8 2386 164 F: 4 4 
2363 11 2396 251 F: 11 
2367 13 2393 304 F: 13 
2368 6 2392 147 F: 2 1 3 
2369 11 2380 449 F: 4 3 4 
2372 9 2408 180 F: 3 2 4 
2375 9 2402 201 F: 4 3 2 
2388 10 2398 72 F: 6 4 
2393 10 2423 380 F: 4 6 
2397 9 2415 322 F: 4 2 3 
2400 8 2408 231 F: 4 4 
2402 8 2426 150 F: 2 3 3 
2405 6 2411 167 F: 2 4 
2405 10 2425 431 F: 10 
2415 9 2451 414 F: 6 3 
2418 7 2439 114 F: 7 
2442 10 2452 192 F: 2 4 4 
2450 4 2458 437 F: 4 
2452 11 2463 385 F: 7 4 
2459 10 2469 52 F: 5 4 1 
2476 9 2494 343 F: 3 2 4 
2478 9 2514 383 F: 4 5 
2480 8 2496 178 F: 5 2 1 
2487 11 2520 324 F: 6 5 
2490 11 2534 154 F: 3 4 4 
2510 9 2546 295 F: 4 5 
2528 6 2534 374 F: 6 
2552 8 2560 303 F: 8 
2552 8 2560 378 F: 2 2 4 
2556 3 2568 240 F: 2 1 
2558 9 2567 276 F: 7 2 
2568 7 2582 3 F: 5 1 1 
2569 10 2599 240 F: 6 4 
2574 2 2578 14 F: 2 
2577 10 2607 238 F: 4 3 3 
2578 2 2584 209 F: 2 
2581 4 2597 385 F: 4 
2585 12 2597 254 F: 12 
2589 7 2617 238 F: 3 4 
2593 12 2629 102 F: 12 
2603 5 2613 363 F: 5 
2603 12 2627 140 F: 7 5 
2607 2 2615 223 F: 2 
2610 11 2621 78 F: 7 4 
2622 11 2666 231 F: 4 3 4 
2623 8 2655 1 F: 4 3 1 
2631 9 2649 170 F: 9 
2642 5 2657 297 F: 2 3 
2648 7 2669 429 F: 3 2 2 
2654 6 2666 61 F: 6 
2662 10 2682 362 F: 5 4 1 
2665 6 2671 196 F: 5 1 
2669 10 2689 69 F: 2 4 4 
2688 10 2718 86 F: 4 2 4 
2692 10 2712 2 F: 6 4 
2705 7 2726 28 F: 2 3 2 
2709 7 2723 310 F: 2 2 3 
2709 9 2718 384 F: 9 
2710 4 2718 448 F: 4 
2712 8 2720 347 F: 2 3 3 
2720 6 2726 306 F: 2 2 2 
2747 5 2752 280 F: 5 
2750 5 2760 447 F: 5 
2757 5 2767 358 F: 5 
2757 12 2781 427 F: 5 4 3 
2765 11 2787 321 F: 11 
2769 9 2805 133 F: 3 3 3 
2782 9 2800 352 F: 5 3 1 
2798 7 2826 101 F: 7 
2799 11 2810 283 F: 3 4 4 
2803 8 2835 98 F: 3 3 2 
2807 6 2819 340 F: 3 3 
2808 8 2824 75 F: 5 3 
2813 7 2834 442 F: 6 1 
2824 9 2851 173 F: 9 
2842 10 2852 205 F: 10 
2844 5 2859 167 F: 5 
2847 7 2868 320 F: 6 1 
2861 6 2879 319 F: 2 4 
2864 9 2873 152 F: 6 3 
2865 3 2877 113 F: 3 
2882 10 2922 201 F: 4 4 2 
2886 10 2916 311 F: 2 4 4 
2896 7 2910 56 F: 7 
2899 9 2935 189 F: 6 3 
2904 7 2925 342 F: 4 3 
2913 11 2924 129 F: 5 6 
2919 8 2935 441 F: 4 2 2 
2923 6 2941 260 F: 3 1 2 
2928 11 2972 293 F: 11 
2933 8 2957 388 F: 3 1 4 
2943 6 2955 214 F: 6 
2943 7 2957 106 F: 2 1 4 
2945 12 2993 5 F: 4 4 4 
2961 7 2975 370 F: 2 1 4 
2970 9 2997 331 F: 5 4 
2976 12 3000 428 F: 5 4 3 
2979 3 2985 107 F: 3 
2983 4 2999 323 F: 4 
2990 3 2993 199 F: 3 
D: 1 34 
D: 7 235 
D: 10 336 
D: 11 134 
D: 14 192 
D: 18 193 
D: 24 278 
D: 26 320 
D: 35 282 
D: 40 345 
D: 40 380 
D: 47 252 
D: 49 381 
D: 51 233 
D: 55 383 
D: 68 330 
D: 71 345 
D: 78 127 
D: 81 239 
D: 93 436 
D: 96 122 
D: 96 427 
D: 108 181 
D: 114 155 
D: 121 186 
D: 123 409 
D: 130 402 
D: 137 282 
D: 140 196 
D: 149 345 
D: 155 237 
D: 163 321 
D: 169 340 
D: 174 330 
D: 229 419 
D: 245 356 
D: 246 297 
D: 257 372 
D: 257 438 
D: 285 447 
D: 293 406 
D: 302 367 
D: 361 412 
D: 378 388 
D: 399 419 
