5 9 23 41 F: 9 
8 7 22 10 F: 2 3 2 
13 11 57 130 F: 5 2 4 
17 8 25 11 F: 3 2 3 
17 13 30 143 F: 13 
19 5 24 280 F: 5 
20 13 46 375 F: 13 
23 8 55 273 F: 8 
29 8 37 304 F: 4 1 3 
34 3 40 203 F: 3 
41 8 65 350 F: 3 5 
67 8 75 107 F: 3 3 2 
81 8 97 303 F: 4 2 2 
83 9 110 393 F: 5 4 
96 11 118 345 F: 4 4 3 
104 8 112 210 F: 2 4 2 
108 6 132 34 F: 4 1 1 
108 10 118 75 F: 5 3 2 
116 10 156 243 F: 5 4 1 
125 5 140 298 F: 5 
127 9 154 149 F: 5 4 
138 10 168 53 F: 4 2 4 
145 9 172 263 F: 9 
147 8 179 297 F: 2 3 3 
151 11 162 23 F: 7 4 
152 9 161 352 F: 4 5 
166 9 202 368 F: 5 4 
181 10 221 150 F: 6 4 
193 6 205 316 F: 2 1 3 
196 6 208 203 F: 6 
212 8 228 314 F: 5 1 2 
226 4 234 354 F: 4 
229 8 245 314 F: 8 
235 8 243 307 F: 4 1 3 
238 12 250 332 F: 12 
246 9 282 246 F: 7 2 
263 13 315 386 F: 13 
265 8 281 256 F: 5 3 
267 10 287 363 F: 5 1 4 
270 4 286 70 F: 3 1 
273 6 297 333 F: 3 3 
283 3 292 313 F: 3 
285 8 309 70 F: 4 4 
289 11 333 245 F: 5 6 
296 6 308 81 F: 2 4 
307 7 314 35 F: 7 
312 6 330 355 F: 6 
320 12 344 254 F: 12 
323 2 325 136 F: 2 
324 5 334 300 F: 4 1 
331 5 341 178 F: 5 
331 10 361 379 F: 10 
335 9 362 195 F: 6 3 
341 6 347 356 F: 6 
344 8 352 55 F: 2 3 3 
345 10 365 390 F: 3 3 4 
348 2 356 360 F: 2 
350 7 371 15 F: 2 5 
353 11 375 279 F: 11 
355 11 366 314 F: 5 6 
403 9 430 116 F: 5 4 
407 5 412 362 F: 3 1 1 
408 6 420 24 F: 2 1 3 
409 8 425 8 F: 4 4 
413 12 425 152 F: 12 
418 5 438 156 F: 4 1 
425 10 435 267 F: 5 2 3 
430 4 438 138 F: 3 1 
432 12 456 12 F: 12 
440 11 484 245 F: 5 4 2 
452 9 461 147 F: 9 
453 4 457 357 F: 4 
484 5 489 25 F: 2 2 1 
489 5 494 202 F: 5 
495 11 517 120 F: 11 
500 12 512 166 F: 6 6 
505 8 529 272 F: 3 5 
507 9 516 264 F: 5 4 
528 8 552 311 F: 3 5 
528 11 539 200 F: 5 4 2 
545 5 565 284 F: 5 
556 7 577 108 F: 2 4 1 
568 5 588 338 F: 5 
574 9 610 374 F: 4 1 4 
583 3 595 356 F: 2 1 
588 8 596 54 F: 4 4 
593 12 617 130 F: 12 
597 11 608 400 F: 4 3 4 
598 11 620 276 F: 3 4 4 
599 7 606 362 F: 4 3 
600 7 628 379 F: 7 
607 7 621 65 F: 4 3 
608 4 620 54 F: 2 1 1 
613 7 641 71 F: 2 5 
620 8 644 390 F: 2 4 2 
626 10 666 222 F: 5 3 2 
633 9 669 308 F: 5 2 2 
634 5 649 68 F: 5 
643 3 655 228 F: 3 
643 12 655 39 F: 6 6 
655 5 660 294 F: 3 2 
656 11 689 59 F: 11 
658 9 676 279 F: 9 
662 2 668 284 F: 2 
665 7 686 209 F: 2 4 1 
703 4 719 112 F: 4 
708 7 722 252 F: 3 2 2 
719 13 745 147 F: 13 
721 11 732 18 F: 3 4 4 
722 12 734 388 F: 12 
750 8 758 74 F: 4 2 2 
755 3 764 18 F: 2 1 
755 8 787 22 F: 5 2 1 
755 12 791 312 F: 4 4 4 
759 7 780 28 F: 7 
762 12 774 305 F: 12 
767 11 800 369 F: 11 
788 11 832 400 F: 4 3 4 
799 8 807 53 F: 8 
799 12 847 242 F: 12 
805 6 829 319 F: 3 2 1 
816 11 849 389 F: 11 
816 13 868 28 F: 7 6 
817 6 835 345 F: 4 2 
825 7 839 386 F: 3 4 
829 8 861 51 F: 5 1 2 
838 3 844 97 F: 3 
848 8 864 252 F: 5 2 1 
865 7 879 344 F: 3 2 2 
871 7 878 346 F: 5 2 
873 13 912 318 F: 5 4 4 
876 6 894 387 F: 5 1 
879 8 911 122 F: 5 2 1 
879 9 906 386 F: 5 4 
899 7 913 320 F: 2 5 
903 11 925 332 F: 11 
907 5 927 147 F: 5 
908 10 938 80 F: 5 1 4 
909 6 933 350 F: 5 1 
914 8 946 318 F: 7 1 
916 10 946 80 F: 4 6 
921 7 935 36 F: 7 
928 13 941 182 F: 13 
932 7 960 296 F: 6 1 
943 8 975 160 F: 2 3 3 
946 6 970 208 F: 6 
951 9 987 318 F: 3 2 4 
956 11 989 170 F: 11 
973 11 1006 292 F: 5 6 
989 8 997 252 F: 7 1 
1008 7 1029 32 F: 2 2 3 
1010 9 1028 360 F: 4 1 4 
1018 3 1027 205 F: 3 
1018 8 1042 141 F: 5 3 
1020 9 1056 358 F: 5 2 2 
1022 11 1033 196 F: 5 4 2 
1037 5 1042 324 F: 2 2 1 
1044 8 1060 338 F: 7 1 
1046 9 1073 90 F: 4 3 2 
1048 7 1062 317 F: 2 5 
1050 12 1074 342 F: 12 
1068 9 1104 352 F: 4 4 1 
1072 7 1093 314 F: 2 2 3 
1072 11 1116 277 F: 6 5 
1077 12 1089 83 F: 12 
1112 9 1139 135 F: 3 2 4 
1123 4 1139 178 F: 4 
1124 10 1154 383 F: 6 4 
1133 4 1145 1 F: 2 1 1 
1140 10 1160 299 F: 5 1 4 
1142 9 1178 71 F: 4 4 1 
1154 11 1187 358 F: 5 3 3 
1157 7 1164 268 F: 2 1 4 
1163 4 1167 80 F: 2 2 
1163 9 1190 395 F: 9 
1164 7 1192 382 F: 2 2 3 
1169 7 1197 133 F: 7 
1171 2 1173 14 F: 2 
1180 8 1212 12 F: 5 3 
1192 7 1220 10 F: 2 5 
1201 12 1225 322 F: 5 4 3 
1225 7 1232 391 F: 4 3 
1254 8 1262 289 F: 8 
1260 7 1288 387 F: 2 5 
1266 8 1282 238 F: 2 6 
1270 9 1288 104 F: 9 
1273 11 1317 376 F: 6 5 
1278 5 1293 380 F: 2 2 1 
1278 7 1285 193 F: 3 4 
1280 4 1288 113 F: 2 1 1 
1288 9 1297 361 F: 5 3 1 
1290 7 1311 43 F: 7 
1290 12 1314 75 F: 12 
1294 6 1312 388 F: 3 2 1 
1299 10 1339 242 F: 4 2 4 
1312 10 1352 194 F: 4 6 
1312 12 1348 88 F: 12 
1316 8 1332 199 F: 2 6 
1321 6 1333 210 F: 3 3 
1322 5 1327 40 F: 5 
1323 6 1347 356 F: 6 
1328 6 1352 37 F: 2 4 
1330 4 1338 279 F: 4 
1333 6 1357 68 F: 6 
1335 10 1345 21 F: 4 4 2 
1339 7 1360 106 F: 7 
1344 7 1358 330 F: 2 5 
1350 10 1360 242 F: 10 
1367 6 1391 262 F: 6 
1373 8 1389 149 F: 8 
1407 2 1413 3 F: 2 
1409 6 1415 114 F: 5 1 
1423 11 1445 328 F: 11 
1442 12 1466 321 F: 12 
1447 3 1450 147 F: 3 
1449 2 1455 248 F: 2 
1449 9 1467 186 F: 5 3 1 
1468 10 1498 368 F: 4 3 3 
1473 6 1497 306 F: 2 2 2 
1474 8 1482 113 F: 7 1 
1474 8 1506 278 F: 2 6 
1481 8 1505 298 F: 5 3 
1481 11 1525 192 F: 5 6 
1483 9 1501 343 F: 4 1 4 
1492 8 1524 241 F: 2 4 2 
1505 12 1529 266 F: 4 4 4 
1507 4 1523 97 F: 4 
1507 10 1547 117 F: 10 
1525 7 1532 75 F: 5 1 1 
1529 9 1538 292 F: 3 3 3 
1530 8 1538 36 F: 8 
1534 10 1544 251 F: 10 
1551 7 1565 162 F: 2 5 
1554 6 1560 285 F: 4 2 
1554 9 1581 14 F: 6 3 
1560 8 1568 135 F: 4 3 1 
1576 6 1594 3 F: 2 1 3 
1582 13 1634 81 F: 7 6 
1588 3 1597 103 F: 3 
1592 13 1644 391 F: 5 4 4 
1602 6 1620 263 F: 2 1 3 
1607 10 1647 82 F: 6 4 
1609 12 1645 386 F: 12 
1619 3 1622 155 F: 3 
1626 13 1678 239 F: 13 
1650 12 1698 319 F: 6 6 
1654 4 1662 228 F: 4 
1662 3 1674 281 F: 2 1 
1663 12 1699 287 F: 12 
1665 11 1698 318 F: 4 4 3 
1666 3 1669 103 F: 3 
1666 12 1714 133 F: 12 
1671 8 1687 197 F: 8 
1686 2 1692 354 F: 2 
1690 7 1697 275 F: 3 4 
1700 12 1748 377 F: 7 5 
1701 3 1707 255 F: 3 
1706 8 1714 332 F: 4 4 
1710 7 1738 31 F: 2 1 4 
1728 6 1752 220 F: 2 1 3 
1736 7 1764 383 F: 4 2 1 
1740 7 1768 39 F: 7 
1756 5 1766 158 F: 3 2 
1757 8 1773 217 F: 2 2 4 
1762 6 1786 192 F: 6 
1763 11 1796 329 F: 4 3 4 
1778 7 1785 245 F: 7 
1780 6 1804 128 F: 2 1 3 
1786 4 1798 309 F: 2 2 
1786 9 1822 175 F: 2 4 3 
1806 11 1839 383 F: 6 5 
1810 4 1818 307 F: 4 
1813 4 1821 166 F: 2 2 
1815 4 1827 71 F: 4 
1820 8 1836 196 F: 8 
1823 8 1831 254 F: 7 1 
1838 10 1878 286 F: 6 4 
1839 6 1863 311 F: 4 2 
1843 7 1871 318 F: 7 
1863 9 1872 42 F: 4 4 1 
1865 9 1874 1 F: 7 2 
1885 13 1937 90 F: 13 
1891 11 1935 183 F: 11 
1894 12 1930 161 F: 12 
1898 8 1906 93 F: 8 
1914 5 1934 28 F: 3 1 1 
1920 9 1947 267 F: 9 
1926 8 1942 398 F: 3 5 
1938 7 1945 163 F: 6 1 
1939 9 1975 34 F: 4 5 
1943 8 1959 93 F: 3 4 1 
1948 10 1988 275 F: 10 
1950 10 1970 11 F: 10 
1956 3 1965 371 F: 3 
1956 9 1965 107 F: 5 4 
1960 7 1988 286 F: 2 5 
1962 6 1980 159 F: 3 2 1 
1965 11 1976 88 F: 5 3 3 
1990 6 2008 197 F: 6 
1999 8 2007 344 F: 8 
2001 6 2007 161 F: 5 1 
2006 8 2014 221 F: 8 
2007 8 2015 287 F: 3 3 2 
2011 7 2025 12 F: 5 2 
2012 9 2048 320 F: 3 6 
2015 8 2031 400 F: 7 1 
2018 7 2025 219 F: 6 1 
2023 5 2038 30 F: 5 
2030 10 2040 309 F: 5 1 4 
2037 8 2069 251 F: 8 
2037 10 2077 83 F: 5 4 1 
2063 9 2099 332 F: 7 2 
2063 13 2089 229 F: 13 
2083 6 2089 268 F: 2 1 3 
2086 10 2096 273 F: 7 3 
2106 11 2139 393 F: 6 5 
2112 2 2118 269 F: 2 
2119 7 2147 85 F: 5 2 
2122 7 2136 190 F: 5 2 
2134 5 2144 46 F: 2 3 
2156 4 2164 349 F: 4 
2159 9 2195 259 F: 9 
2159 12 2207 274 F: 12 
2162 8 2170 33 F: 5 2 1 
2174 6 2192 378 F: 2 3 1 
2180 4 2192 379 F: 3 1 
2182 10 2192 310 F: 5 1 4 
2188 10 2208 6 F: 5 5 
2193 13 2245 303 F: 5 4 4 
2197 8 2205 181 F: 8 
2201 8 2233 242 F: 3 2 3 
2202 8 2226 340 F: 5 3 
2218 12 2254 28 F: 12 
2226 9 2262 357 F: 4 5 
2228 9 2255 314 F: 9 
2229 8 2245 72 F: 7 1 
2231 11 2242 331 F: 5 6 
2238 7 2245 43 F: 2 5 
2243 10 2283 152 F: 7 3 
2246 6 2264 246 F: 2 1 3 
2253 7 2274 381 F: 4 3 
2264 10 2284 242 F: 10 
2269 5 2284 172 F: 5 
2288 5 2308 193 F: 3 1 1 
2294 11 2338 255 F: 5 2 4 
2300 9 2327 291 F: 5 3 1 
2309 7 2323 274 F: 2 5 
2309 12 2321 334 F: 12 
2311 7 2318 210 F: 2 5 
2314 5 2319 336 F: 3 2 
2320 5 2335 59 F: 3 2 
2339 4 2351 265 F: 2 2 
2347 2 2349 341 F: 2 
2348 7 2362 213 F: 3 3 1 
2349 9 2376 125 F: 9 
2355 11 2366 150 F: 11 
2373 9 2400 7 F: 3 6 
2375 11 2397 254 F: 11 
2377 10 2397 246 F: 3 3 4 
2387 3 2399 117 F: 3 
2400 11 2444 177 F: 11 
2401 6 2425 304 F: 2 2 2 
2416 8 2448 290 F: 3 2 3 
2430 7 2437 372 F: 2 3 2 
2432 3 2444 400 F: 3 
2443 4 2447 298 F: 2 1 1 
2447 6 2471 192 F: 6 
2454 8 2486 151 F: 8 
2457 9 2493 391 F: 2 4 3 
2457 11 2490 371 F: 11 
2460 6 2484 55 F: 2 4 
2468 6 2492 205 F: 3 2 1 
2484 4 2492 148 F: 4 
2489 4 2505 81 F: 4 
2497 3 2500 187 F: 2 1 
2503 9 2512 153 F: 4 5 
2505 6 2529 172 F: 6 
2505 8 2521 95 F: 7 1 
2527 9 2554 159 F: 3 6 
2530 7 2544 2 F: 7 
2534 10 2544 344 F: 10 
2535 10 2555 305 F: 4 6 
2536 9 2545 188 F: 3 6 
2552 9 2579 73 F: 5 3 1 
2564 10 2574 294 F: 6 4 
2566 11 2588 351 F: 6 5 
2569 8 2585 352 F: 8 
2580 9 2616 353 F: 4 5 
2583 7 2611 172 F: 4 1 2 
2587 6 2599 174 F: 6 
2611 4 2623 289 F: 4 
2613 8 2645 186 F: 8 
2615 2 2621 393 F: 2 
2628 6 2634 205 F: 6 
2647 7 2654 59 F: 7 
2648 10 2668 33 F: 7 3 
2650 6 2656 324 F: 6 
2664 6 2670 272 F: 6 
2686 5 2706 310 F: 2 2 1 
2687 5 2707 228 F: 5 
D: 4 353 
D: 5 275 
D: 8 225 
D: 10 116 
D: 10 192 
D: 12 116 
D: 25 107 
D: 30 118 
D: 45 279 
D: 54 317 
D: 58 228 
D: 61 208 
D: 62 86 
D: 67 241 
D: 68 376 
D: 74 95 
D: 88 169 
D: 103 107 
D: 108 385 
D: 113 367 
D: 120 246 
D: 122 348 
D: 136 347 
D: 148 346 
D: 161 274 
D: 166 369 
D: 182 387 
D: 211 373 
D: 221 370 
D: 225 252 
D: 237 276 
D: 239 240 
D: 240 329 
D: 247 250 
D: 257 307 
D: 268 302 
D: 294 367 
D: 342 383 
D: 343 392 
D: 354 382 
