9 10 19 212 F: 7 3 
29 7 43 435 F: 7 
30 4 34 114 F: 4 
31 13 57 367 F: 13 
34 7 55 336 F: 3 3 1 
34 13 60 230 F: 13 
36 12 84 182 F: 7 5 
48 3 54 305 F: 3 
49 7 63 45 F: 3 1 3 
63 7 84 378 F: 2 2 3 
69 8 85 35 F: 4 4 
87 8 103 34 F: 7 1 
87 8 103 52 F: 3 5 
91 12 103 211 F: 4 4 4 
93 8 109 87 F: 4 4 
113 9 140 25 F: 4 5 
117 4 121 289 F: 2 2 
117 12 153 363 F: 12 
125 11 147 407 F: 5 2 4 
129 9 165 405 F: 3 3 3 
133 6 151 96 F: 3 3 
142 3 148 427 F: 3 
149 11 182 294 F: 11 
157 10 167 240 F: 6 4 
163 3 166 303 F: 3 
164 11 175 435 F: 4 3 4 
164 11 208 183 F: 6 5 
171 8 195 419 F: 6 2 
198 9 225 36 F: 4 1 4 
199 11 210 314 F: 5 2 4 
201 10 241 417 F: 7 3 
204 13 217 430 F: 13 
206 10 216 443 F: 4 6 
225 8 249 51 F: 4 1 3 
227 9 263 122 F: 9 
228 6 234 130 F: 6 
233 8 257 73 F: 5 3 
237 10 257 155 F: 10 
252 8 260 101 F: 2 6 
253 8 285 69 F: 8 
254 5 259 51 F: 3 2 
269 13 282 175 F: 13 
280 13 332 413 F: 13 
281 2 285 96 F: 2 
283 6 289 411 F: 2 2 2 
305 10 345 343 F: 5 2 3 
332 12 356 207 F: 5 3 4 
333 7 361 311 F: 3 1 3 
333 12 381 233 F: 12 
335 10 365 60 F: 7 3 
338 8 354 217 F: 2 6 
343 10 363 104 F: 3 4 3 
345 10 355 340 F: 4 4 2 
354 7 368 387 F: 4 2 1 
363 13 376 360 F: 13 
369 11 402 380 F: 11 
376 4 392 264 F: 3 1 
387 7 408 217 F: 4 2 1 
388 9 406 260 F: 5 4 
397 9 424 313 F: 9 
411 7 439 310 F: 4 3 
419 2 427 272 F: 2 
424 6 430 87 F: 4 2 
424 7 431 291 F: 4 3 
431 11 453 284 F: 3 4 4 
431 11 464 26 F: 5 6 
433 13 459 350 F: 13 
435 4 451 134 F: 4 
445 6 451 223 F: 6 
458 10 488 27 F: 5 1 4 
475 8 483 277 F: 3 1 4 
487 2 489 211 F: 2 
494 12 506 259 F: 5 3 4 
496 13 522 125 F: 13 
497 6 509 70 F: 3 3 
506 2 508 301 F: 2 
506 7 520 224 F: 3 1 3 
531 7 552 87 F: 5 2 
533 12 581 227 F: 5 3 4 
539 5 544 214 F: 2 3 
542 6 566 137 F: 2 4 
549 6 567 372 F: 5 1 
568 10 608 214 F: 2 4 4 
570 7 577 221 F: 7 
576 6 582 361 F: 2 3 1 
578 10 618 115 F: 4 6 
583 5 588 231 F: 2 2 1 
594 9 612 330 F: 4 4 1 
595 9 604 421 F: 3 6 
599 8 623 375 F: 2 3 3 
607 8 623 251 F: 3 1 4 
609 9 645 263 F: 7 2 
610 8 642 130 F: 8 
618 9 636 350 F: 3 2 4 
629 12 665 354 F: 12 
633 8 649 442 F: 3 5 
639 6 651 424 F: 6 
650 2 654 37 F: 2 
652 8 660 187 F: 4 4 
656 13 708 200 F: 13 
659 8 675 160 F: 5 1 2 
663 7 670 348 F: 2 3 2 
663 9 699 306 F: 4 3 2 
686 4 694 79 F: 4 
697 6 709 347 F: 4 2 
700 7 728 432 F: 2 5 
719 4 727 31 F: 4 
721 12 757 218 F: 4 4 4 
722 8 738 158 F: 7 1 
726 6 738 42 F: 6 
736 8 768 164 F: 2 3 3 
746 13 759 418 F: 13 
763 9 799 42 F: 4 1 4 
768 2 776 279 F: 2 
768 12 792 399 F: 5 3 4 
770 8 786 232 F: 8 
773 12 821 398 F: 12 
775 7 782 94 F: 7 
778 9 814 111 F: 2 3 4 
798 9 807 273 F: 5 4 
808 9 817 71 F: 5 2 2 
808 12 844 174 F: 5 4 3 
815 7 822 29 F: 2 2 3 
819 13 858 31 F: 13 
827 7 834 272 F: 7 
827 9 845 232 F: 6 3 
838 11 871 234 F: 5 2 4 
840 11 873 290 F: 6 5 
842 6 866 29 F: 4 1 1 
846 10 866 248 F: 10 
847 9 856 280 F: 5 4 
863 11 885 206 F: 11 
871 9 880 443 F: 4 1 4 
878 9 887 4 F: 2 4 3 
884 4 896 158 F: 2 2 
903 9 921 290 F: 4 4 1 
915 8 947 145 F: 8 
936 9 945 134 F: 4 1 4 
941 8 949 350 F: 4 3 1 
942 5 947 375 F: 2 3 
944 9 980 387 F: 4 2 3 
954 11 998 184 F: 11 
955 4 959 393 F: 2 2 
956 6 974 240 F: 2 3 1 
963 8 995 65 F: 8 
964 9 973 205 F: 5 3 1 
966 3 972 48 F: 3 
978 6 990 157 F: 2 4 
981 7 1009 251 F: 4 3 
999 10 1039 250 F: 2 4 4 
1007 13 1020 142 F: 13 
1016 4 1024 283 F: 4 
1027 10 1047 224 F: 10 
1028 7 1035 320 F: 4 1 2 
1038 13 1090 60 F: 13 
1043 8 1067 166 F: 3 2 3 
1047 6 1071 360 F: 4 1 1 
1049 13 1088 95 F: 5 4 4 
1051 7 1058 51 F: 2 2 3 
1058 8 1090 252 F: 2 2 4 
1063 7 1070 171 F: 3 2 2 
1071 10 1091 123 F: 10 
1071 10 1111 20 F: 10 
1072 10 1092 77 F: 4 4 2 
1092 9 1119 50 F: 5 4 
1113 6 1137 375 F: 5 1 
1121 8 1129 82 F: 4 4 
1125 11 1169 66 F: 11 
1128 5 1148 26 F: 5 
1131 9 1140 265 F: 3 6 
1134 11 1178 180 F: 11 
1139 9 1175 158 F: 4 4 1 
1143 13 1182 48 F: 13 
1153 8 1161 107 F: 5 1 2 
1158 7 1186 159 F: 7 
1162 8 1170 413 F: 6 2 
1165 10 1195 41 F: 4 6 
1173 5 1178 147 F: 4 1 
1184 7 1191 313 F: 2 5 
1193 7 1207 213 F: 7 
1212 8 1236 194 F: 4 4 
1220 8 1252 295 F: 8 
1223 11 1256 368 F: 4 3 4 
1228 4 1240 154 F: 4 
1232 9 1268 450 F: 2 4 3 
1235 4 1239 242 F: 2 2 
1240 10 1260 185 F: 10 
1258 4 1274 130 F: 3 1 
1271 6 1289 83 F: 2 1 3 
1273 10 1283 243 F: 4 4 2 
1273 13 1299 98 F: 13 
1276 12 1324 195 F: 5 3 4 
1276 12 1324 374 F: 5 4 3 
1277 4 1285 443 F: 2 2 
1285 12 1321 320 F: 12 
1306 10 1336 190 F: 4 3 3 
1308 12 1356 98 F: 7 5 
1309 8 1333 72 F: 4 4 
1310 10 1340 89 F: 4 2 4 
1326 7 1347 312 F: 6 1 
1331 9 1367 52 F: 4 1 4 
1339 5 1349 267 F: 2 3 
1366 9 1375 364 F: 6 3 
1370 8 1394 447 F: 2 3 3 
1389 9 1425 258 F: 3 3 3 
1392 4 1408 426 F: 3 1 
1394 8 1418 39 F: 4 1 3 
1394 9 1412 200 F: 4 2 3 
1395 12 1431 375 F: 12 
1398 7 1405 377 F: 7 
1400 8 1408 59 F: 8 
1403 9 1421 329 F: 4 1 4 
1414 3 1426 313 F: 3 
1429 4 1445 191 F: 3 1 
1436 9 1454 225 F: 3 6 
1439 8 1471 71 F: 4 2 2 
1440 12 1476 290 F: 4 4 4 
1441 7 1455 368 F: 2 4 1 
1449 4 1465 395 F: 4 
1458 9 1494 213 F: 9 
1462 10 1492 149 F: 5 2 3 
1479 6 1485 351 F: 3 2 1 
1496 9 1532 143 F: 9 
1497 9 1524 116 F: 4 5 
1498 7 1519 402 F: 2 1 4 
1505 10 1535 10 F: 7 3 
1519 11 1563 445 F: 4 4 3 
1524 10 1534 33 F: 4 6 
1524 10 1554 35 F: 10 
1529 13 1581 26 F: 13 
1539 7 1560 390 F: 4 2 1 
1546 13 1559 96 F: 13 
1549 13 1601 22 F: 13 
1561 2 1569 325 F: 2 
1564 7 1592 40 F: 4 2 1 
1569 12 1605 263 F: 7 5 
1571 9 1580 287 F: 5 4 
1585 9 1621 367 F: 3 6 
1589 8 1621 262 F: 8 
1592 10 1612 279 F: 6 4 
1605 10 1645 21 F: 5 2 3 
1615 9 1651 265 F: 6 3 
1618 11 1629 159 F: 4 3 4 
1623 9 1641 146 F: 9 
1629 4 1637 59 F: 2 1 1 
1632 12 1668 88 F: 6 6 
1635 13 1674 180 F: 13 
1636 12 1672 7 F: 7 5 
1638 6 1662 325 F: 4 2 
1643 9 1652 120 F: 5 2 2 
1651 9 1687 143 F: 5 2 2 
1658 6 1682 352 F: 6 
1665 4 1669 81 F: 2 2 
1674 4 1682 339 F: 3 1 
1691 3 1694 118 F: 3 
1701 10 1731 4 F: 10 
1717 12 1753 416 F: 12 
1731 5 1736 172 F: 4 1 
1737 9 1773 17 F: 3 3 3 
1740 2 1748 447 F: 2 
1740 9 1767 302 F: 3 4 2 
1749 6 1761 329 F: 3 3 
1751 11 1762 413 F: 6 5 
1751 12 1787 66 F: 12 
1767 11 1800 45 F: 5 6 
1767 13 1780 262 F: 13 
1768 10 1788 372 F: 10 
1793 9 1811 251 F: 9 
1797 5 1802 310 F: 2 2 1 
1798 10 1838 420 F: 3 4 3 
1801 9 1828 294 F: 3 2 4 
1821 6 1845 257 F: 2 1 3 
1828 6 1852 189 F: 5 1 
1828 8 1844 38 F: 8 
1835 11 1879 209 F: 5 4 2 
1843 5 1863 201 F: 4 1 
1847 2 1855 42 F: 2 
1855 10 1885 224 F: 7 3 
1856 7 1877 438 F: 6 1 
1862 11 1906 319 F: 3 4 4 
1876 11 1909 114 F: 11 
1886 6 1904 190 F: 6 
1891 11 1935 377 F: 5 3 3 
1893 8 1909 132 F: 4 1 3 
1898 13 1911 402 F: 13 
1900 9 1918 345 F: 5 4 
1908 11 1952 155 F: 7 4 
1917 6 1929 397 F: 2 4 
1920 3 1929 321 F: 3 
1921 6 1933 45 F: 6 
1921 9 1939 287 F: 5 2 2 
1926 6 1932 45 F: 6 
1933 7 1961 248 F: 7 
1933 8 1941 312 F: 3 5 
1941 12 1977 164 F: 12 
1945 9 1954 413 F: 6 3 
1959 6 1971 51 F: 3 2 1 
1966 9 1975 120 F: 5 2 2 
1978 6 1990 303 F: 2 4 
1999 13 2038 97 F: 7 6 
2002 6 2026 323 F: 6 
2003 8 2027 165 F: 8 
2008 12 2044 13 F: 7 5 
2012 7 2033 421 F: 2 5 
2014 8 2046 214 F: 4 4 
2024 11 2046 376 F: 6 5 
2025 9 2061 286 F: 2 4 3 
2033 6 2051 158 F: 2 4 
2034 9 2043 79 F: 4 2 3 
2042 7 2049 64 F: 2 5 
2056 10 2096 372 F: 4 3 3 
2072 9 2108 76 F: 3 6 
2084 10 2114 393 F: 6 4 
2086 10 2126 391 F: 7 3 
2093 6 2117 345 F: 6 
2100 8 2124 197 F: 4 2 2 
2101 8 2117 398 F: 3 3 2 
2112 8 2128 297 F: 2 6 
2120 5 2130 399 F: 5 
2124 11 2135 439 F: 11 
2137 8 2153 356 F: 4 1 3 
2138 10 2168 312 F: 5 1 4 
2144 9 2153 16 F: 7 2 
2152 9 2188 87 F: 4 4 1 
2154 8 2170 448 F: 4 2 2 
2168 12 2216 197 F: 12 
2169 11 2202 313 F: 11 
2169 12 2205 270 F: 6 6 
2193 9 2229 361 F: 3 6 
2198 5 2213 185 F: 5 
2205 7 2233 397 F: 3 1 3 
2209 10 2239 250 F: 5 4 1 
2210 10 2240 93 F: 4 6 
2214 7 2242 33 F: 3 4 
2219 9 2228 184 F: 4 5 
2223 7 2237 444 F: 3 4 
2225 7 2239 5 F: 2 2 3 
2250 5 2270 346 F: 3 1 1 
2251 9 2260 289 F: 4 2 3 
2253 6 2271 92 F: 6 
2261 8 2285 27 F: 3 1 4 
2278 9 2287 115 F: 2 3 4 
2288 10 2298 63 F: 3 3 4 
2296 7 2303 320 F: 2 5 
2297 9 2306 450 F: 3 6 
2319 5 2334 236 F: 2 1 2 
2333 7 2340 210 F: 3 1 3 
2338 6 2356 68 F: 6 
2339 5 2349 247 F: 4 1 
2345 9 2363 36 F: 5 4 
2349 10 2369 272 F: 6 4 
2357 11 2401 234 F: 5 3 3 
2358 3 2361 186 F: 2 1 
2358 9 2367 122 F: 4 2 3 
2358 13 2410 65 F: 13 
2364 9 2400 296 F: 3 2 4 
2366 5 2386 14 F: 5 
2382 10 2422 98 F: 5 3 2 
2383 12 2395 121 F: 4 4 4 
2395 5 2400 201 F: 3 1 1 
2402 7 2409 369 F: 3 2 2 
2416 2 2424 219 F: 2 
2418 7 2439 99 F: 2 5 
2419 5 2434 261 F: 5 
2435 11 2446 326 F: 4 3 4 
2438 3 2450 89 F: 3 
2443 9 2470 38 F: 3 6 
2444 4 2448 376 F: 3 1 
2448 9 2475 352 F: 4 4 1 
2455 10 2495 21 F: 10 
2462 8 2478 69 F: 8 
2468 5 2483 294 F: 5 
2473 10 2493 135 F: 6 4 
2476 10 2516 360 F: 4 2 4 
2485 5 2495 409 F: 3 1 1 
2508 10 2548 191 F: 10 
2522 8 2546 82 F: 2 4 2 
2525 10 2555 282 F: 5 5 
2531 5 2546 56 F: 5 
2537 7 2558 62 F: 3 1 3 
2547 8 2563 170 F: 3 2 3 
2552 7 2573 243 F: 6 1 
2555 13 2568 433 F: 13 
2556 11 2578 330 F: 5 6 
2565 8 2581 54 F: 2 6 
2576 4 2592 311 F: 4 
2580 10 2600 385 F: 6 4 
2589 9 2616 36 F: 5 2 2 
2596 9 2614 59 F: 9 
2596 9 2623 66 F: 7 2 
2602 9 2629 125 F: 9 
2615 12 2651 112 F: 4 4 4 
2617 9 2635 271 F: 3 2 4 
2619 11 2663 183 F: 6 5 
2621 6 2639 365 F: 3 1 2 
2622 11 2644 127 F: 11 
2629 9 2665 205 F: 5 3 1 
2629 11 2662 436 F: 5 6 
2643 3 2649 12 F: 2 1 
2652 7 2666 17 F: 3 4 
2654 6 2660 409 F: 6 
2661 8 2685 153 F: 3 1 4 
2662 6 2668 391 F: 6 
2697 6 2721 175 F: 4 2 
2699 9 2726 2 F: 9 
2704 8 2728 357 F: 8 
2705 2 2711 323 F: 2 
2720 8 2752 92 F: 7 1 
2729 5 2734 301 F: 5 
2732 6 2750 173 F: 3 2 1 
2739 5 2754 229 F: 2 3 
2743 4 2751 252 F: 4 
2746 5 2766 118 F: 2 3 
2754 7 2761 140 F: 2 5 
2757 9 2793 270 F: 4 1 4 
2766 9 2775 359 F: 5 4 
2777 12 2801 339 F: 4 4 4 
2783 4 2787 340 F: 3 1 
2792 9 2828 306 F: 3 6 
2799 11 2843 107 F: 5 6 
2810 12 2858 392 F: 5 3 4 
2811 5 2826 106 F: 2 2 1 
2819 6 2825 320 F: 3 1 2 
2821 7 2849 132 F: 5 2 
2844 3 2847 219 F: 3 
2846 7 2874 306 F: 7 
2847 7 2854 69 F: 3 4 
2858 10 2878 284 F: 4 6 
2861 9 2897 133 F: 3 4 2 
2862 10 2882 125 F: 4 6 
2862 10 2882 352 F: 5 1 4 
2867 5 2887 250 F: 5 
2888 9 2915 172 F: 6 3 
2894 11 2927 112 F: 5 3 3 
2897 8 2921 74 F: 3 4 1 
2908 7 2929 139 F: 4 3 
2909 6 2933 347 F: 2 1 3 
2913 7 2934 242 F: 6 1 
2916 5 2926 280 F: 2 3 
2918 5 2938 127 F: 3 1 1 
2926 7 2933 23 F: 7 
2933 13 2946 351 F: 13 
2937 13 2963 18 F: 13 
2942 7 2970 19 F: 3 1 3 
2943 2 2949 2 F: 2 
2948 7 2962 188 F: 5 2 
2950 7 2971 449 F: 3 3 1 
2970 7 2998 311 F: 2 4 1 
2979 9 3006 383 F: 9 
2983 9 3010 101 F: 4 1 4 
D: 4 30 
D: 5 257 
D: 10 384 
D: 12 297 
D: 17 123 
D: 19 284 
D: 23 403 
D: 25 111 
D: 25 357 
D: 33 290 
D: 34 84 
D: 35 327 
D: 35 448 
D: 53 146 
D: 53 357 
D: 81 186 
D: 86 322 
D: 90 343 
D: 93 308 
D: 103 234 
D: 104 362 
D: 120 188 
D: 134 242 
D: 141 263 
D: 144 371 
D: 164 366 
D: 168 186 
D: 168 387 
D: 169 440 
D: 169 441 
D: 171 419 
D: 208 254 
D: 224 237 
D: 226 271 
D: 236 356 
D: 238 266 
D: 240 245 
D: 258 448 
D: 268 294 
D: 270 421 
D: 274 297 
D: 347 369 
D: 365 376 
D: 382 381 
D: 384 403 
