10 10 20 408 F: 10 
16 11 27 229 F: 6 5 
22 8 30 325 F: 8 
34 7 48 331 F: 2 4 1 
37 12 61 196 F: 4 4 4 
40 8 72 167 F: 7 1 
45 3 54 132 F: 3 
46 7 53 100 F: 6 1 
58 9 76 109 F: 4 4 1 
63 9 99 431 F: 4 2 3 
65 9 83 448 F: 3 3 3 
72 9 108 177 F: 4 5 
74 12 122 145 F: 12 
89 11 133 328 F: 6 5 
99 7 120 230 F: 4 3 
124 6 136 246 F: 5 1 
140 7 168 155 F: 2 5 
144 12 156 379 F: 12 
150 11 194 44 F: 11 
159 11 203 137 F: 11 
166 10 176 280 F: 6 4 
175 12 199 288 F: 7 5 
176 2 182 262 F: 2 
178 8 194 408 F: 3 4 1 
180 8 204 390 F: 2 4 2 
180 8 204 414 F: 3 1 4 
184 13 236 133 F: 13 
186 2 194 3 F: 2 
190 8 206 420 F: 3 4 1 
190 13 229 246 F: 13 
200 11 244 226 F: 4 3 4 
208 12 232 427 F: 12 
226 8 258 160 F: 3 4 1 
228 9 264 222 F: 5 1 3 
232 10 272 320 F: 4 6 
240 8 256 170 F: 2 6 
241 7 255 2 F: 4 1 2 
243 8 259 56 F: 2 2 4 
245 8 269 149 F: 5 1 2 
247 4 259 132 F: 2 2 
272 13 285 156 F: 7 6 
288 7 309 99 F: 7 
295 12 343 7 F: 12 
298 7 326 145 F: 3 2 2 
299 9 317 389 F: 4 3 2 
307 10 337 279 F: 4 3 3 
308 11 330 376 F: 7 4 
315 9 324 200 F: 2 4 3 
318 11 351 416 F: 3 4 4 
320 13 372 276 F: 13 
331 2 335 358 F: 2 
332 8 356 71 F: 2 4 2 
333 8 349 104 F: 3 5 
333 8 365 21 F: 7 1 
350 12 362 369 F: 7 5 
351 9 369 314 F: 3 6 
378 10 418 430 F: 10 
380 10 420 145 F: 4 6 
381 11 403 401 F: 5 3 3 
398 7 412 448 F: 3 4 
405 9 423 222 F: 9 
411 10 451 112 F: 6 4 
419 13 432 338 F: 13 
420 6 432 146 F: 6 
427 3 439 281 F: 3 
440 2 444 442 F: 2 
443 8 459 176 F: 5 3 
445 7 473 275 F: 7 
448 8 464 303 F: 5 3 
461 8 485 249 F: 7 1 
468 9 504 397 F: 3 6 
475 5 485 301 F: 3 1 1 
478 9 505 361 F: 9 
479 11 501 174 F: 11 
494 11 527 302 F: 6 5 
505 9 541 350 F: 9 
508 12 556 41 F: 4 4 4 
510 4 514 446 F: 2 2 
515 6 539 449 F: 2 1 3 
515 10 535 119 F: 10 
529 9 556 60 F: 3 2 4 
536 9 572 367 F: 5 4 
546 10 566 415 F: 5 5 
560 8 584 245 F: 3 3 2 
562 7 583 74 F: 5 2 
563 7 584 346 F: 4 3 
569 10 609 336 F: 5 5 
574 9 610 382 F: 4 2 3 
588 7 595 268 F: 3 4 
593 9 611 294 F: 7 2 
602 9 620 166 F: 9 
608 13 621 421 F: 5 4 4 
618 8 650 275 F: 3 5 
621 8 653 192 F: 4 3 1 
635 10 645 336 F: 4 6 
638 9 647 39 F: 6 3 
644 11 688 327 F: 11 
645 10 675 360 F: 4 3 3 
652 5 672 183 F: 2 3 
653 5 668 164 F: 2 3 
654 5 664 279 F: 3 2 
666 7 687 324 F: 2 5 
672 11 683 89 F: 5 4 2 
696 8 728 221 F: 6 2 
697 11 730 242 F: 6 5 
706 11 728 72 F: 11 
707 7 721 340 F: 3 1 3 
729 9 738 19 F: 4 5 
731 9 767 447 F: 3 4 2 
738 13 790 328 F: 13 
744 9 771 55 F: 9 
753 7 781 100 F: 2 4 1 
755 9 791 231 F: 9 
756 3 765 88 F: 3 
761 10 791 238 F: 7 3 
774 7 781 151 F: 3 3 1 
786 10 826 18 F: 6 4 
788 7 802 353 F: 2 3 2 
789 6 807 137 F: 3 3 
791 8 815 87 F: 4 1 3 
804 7 811 242 F: 3 3 1 
808 11 852 369 F: 5 6 
810 8 826 100 F: 3 3 2 
815 10 835 56 F: 6 4 
820 8 836 322 F: 7 1 
824 9 833 276 F: 9 
828 9 846 242 F: 7 2 
832 8 840 127 F: 2 6 
866 8 882 278 F: 4 1 3 
868 8 900 224 F: 8 
870 10 890 374 F: 5 5 
872 7 879 109 F: 7 
872 7 886 391 F: 3 2 2 
875 6 881 409 F: 2 4 
896 5 901 281 F: 2 1 2 
914 3 923 124 F: 3 
921 7 949 322 F: 7 
922 6 940 412 F: 5 1 
929 5 939 236 F: 2 2 1 
935 13 987 238 F: 13 
938 4 950 278 F: 4 
939 2 943 416 F: 2 
942 7 949 61 F: 2 5 
952 4 964 97 F: 3 1 
952 13 965 38 F: 13 
970 4 978 15 F: 3 1 
976 4 992 379 F: 4 
984 11 995 39 F: 3 4 4 
985 10 1005 100 F: 7 3 
988 9 1006 54 F: 9 
1000 5 1020 111 F: 5 
1002 8 1026 155 F: 2 6 
1005 7 1019 82 F: 7 
1014 11 1058 323 F: 5 3 3 
1023 7 1044 439 F: 5 2 
1024 6 1042 305 F: 5 1 
1029 3 1035 336 F: 2 1 
1036 13 1075 220 F: 13 
1040 5 1045 194 F: 2 2 1 
1041 12 1053 295 F: 12 
1054 2 1058 159 F: 2 
1057 8 1073 9 F: 8 
1059 8 1075 47 F: 8 
1078 9 1105 24 F: 9 
1097 9 1124 51 F: 3 6 
1108 13 1147 173 F: 13 
1114 10 1144 195 F: 4 3 3 
1122 8 1130 48 F: 2 6 
1127 12 1163 368 F: 7 5 
1132 9 1168 350 F: 7 2 
1137 13 1163 88 F: 13 
1138 9 1174 138 F: 7 2 
1141 6 1165 362 F: 3 3 
1148 9 1175 385 F: 2 4 3 
1151 9 1160 389 F: 6 3 
1161 9 1170 57 F: 5 3 1 
1164 9 1191 185 F: 4 1 4 
1173 10 1203 130 F: 7 3 
1183 8 1207 408 F: 4 3 1 
1190 8 1198 313 F: 4 4 
1204 4 1208 171 F: 2 2 
1207 11 1229 390 F: 4 3 4 
1213 11 1257 377 F: 3 4 4 
1214 5 1219 232 F: 5 
1219 10 1239 229 F: 2 4 4 
1222 7 1229 70 F: 4 1 2 
1226 13 1265 94 F: 13 
1247 5 1252 383 F: 5 
1258 12 1282 36 F: 7 5 
1260 10 1290 4 F: 5 5 
1262 12 1286 4 F: 12 
1265 7 1293 4 F: 7 
1285 8 1317 46 F: 2 3 3 
1292 8 1300 400 F: 2 6 
1296 5 1301 354 F: 2 1 2 
1304 11 1315 60 F: 11 
1311 8 1343 105 F: 8 
1323 9 1341 145 F: 5 1 3 
1333 6 1357 356 F: 6 
1335 10 1375 274 F: 4 2 4 
1348 4 1364 412 F: 4 
1348 12 1372 156 F: 12 
1352 8 1376 215 F: 2 6 
1357 5 1367 444 F: 5 
1358 7 1365 268 F: 6 1 
1359 8 1367 275 F: 3 3 2 
1368 6 1374 242 F: 6 
1369 7 1390 105 F: 4 3 
1369 10 1399 239 F: 7 3 
1381 9 1399 108 F: 9 
1400 8 1424 199 F: 8 
1401 11 1423 73 F: 3 4 4 
1404 5 1409 147 F: 5 
1407 6 1419 343 F: 2 2 2 
1435 11 1479 355 F: 5 3 3 
1439 11 1450 72 F: 11 
1444 6 1450 324 F: 3 3 
1449 11 1471 19 F: 4 4 3 
1458 6 1464 257 F: 3 1 2 
1459 7 1487 210 F: 6 1 
1461 8 1469 400 F: 5 1 2 
1465 2 1467 412 F: 2 
1469 7 1476 362 F: 3 4 
1486 11 1508 185 F: 4 4 3 
1495 12 1519 402 F: 4 4 4 
1508 6 1532 364 F: 6 
1510 9 1519 16 F: 6 3 
1510 9 1519 220 F: 6 3 
1533 5 1538 416 F: 5 
1540 3 1543 141 F: 2 1 
1544 9 1580 256 F: 9 
1550 8 1574 372 F: 6 2 
1562 7 1576 61 F: 2 3 2 
1565 11 1576 43 F: 4 3 4 
1566 7 1587 158 F: 7 
1567 6 1585 414 F: 2 3 1 
1574 5 1579 425 F: 5 
1589 10 1629 271 F: 4 4 2 
1592 3 1601 48 F: 3 
1594 7 1601 173 F: 4 3 
1616 10 1656 67 F: 7 3 
1620 2 1624 364 F: 2 
1635 7 1663 125 F: 5 2 
1641 3 1653 350 F: 3 
1646 12 1658 275 F: 12 
1649 7 1663 308 F: 4 3 
1658 11 1669 351 F: 11 
1661 11 1683 409 F: 5 4 2 
1663 6 1687 140 F: 4 2 
1663 11 1707 139 F: 3 4 4 
1665 7 1693 164 F: 2 2 3 
1672 8 1704 426 F: 2 4 2 
1679 8 1703 91 F: 5 2 1 
1691 10 1701 450 F: 2 4 4 
1696 12 1720 97 F: 4 4 4 
1705 9 1741 276 F: 3 2 4 
1706 11 1750 305 F: 5 6 
1716 7 1723 289 F: 3 2 2 
1720 6 1738 327 F: 2 3 1 
1721 10 1761 84 F: 10 
1725 12 1749 198 F: 12 
1728 8 1744 388 F: 3 4 1 
1731 10 1741 174 F: 6 4 
1736 13 1762 195 F: 13 
1746 8 1770 242 F: 3 5 
1752 9 1788 114 F: 5 4 
1758 10 1798 413 F: 4 2 4 
1786 10 1826 341 F: 7 3 
1791 6 1815 178 F: 6 
1798 4 1814 398 F: 2 1 1 
1819 7 1833 209 F: 6 1 
1820 6 1826 298 F: 6 
1826 6 1850 155 F: 4 2 
1837 5 1847 395 F: 2 3 
1847 8 1855 50 F: 8 
1852 10 1872 329 F: 5 4 1 
1860 11 1882 424 F: 5 3 3 
1864 10 1894 178 F: 6 4 
1866 5 1881 272 F: 3 2 
1867 8 1899 380 F: 4 2 2 
1878 13 1930 291 F: 13 
1892 9 1919 404 F: 4 5 
1893 7 1914 46 F: 4 3 
1898 9 1907 289 F: 4 2 3 
1899 6 1911 430 F: 6 
1915 10 1955 434 F: 5 2 3 
1947 8 1971 139 F: 6 2 
1956 11 1989 418 F: 4 3 4 
1957 9 1966 14 F: 6 3 
1960 7 1974 292 F: 6 1 
1966 10 1986 109 F: 4 6 
1970 7 1991 450 F: 5 1 1 
1973 11 1984 363 F: 4 4 3 
1981 3 1990 177 F: 3 
1985 10 2015 128 F: 3 4 3 
1987 10 1997 264 F: 10 
1993 11 2004 154 F: 11 
1996 7 2010 243 F: 3 2 2 
1998 6 2004 159 F: 2 4 
1999 9 2008 53 F: 6 3 
2009 9 2036 124 F: 5 4 
2009 10 2039 382 F: 5 4 1 
2017 9 2044 275 F: 4 4 1 
2022 6 2034 418 F: 2 1 3 
2033 5 2053 322 F: 5 
2042 8 2066 249 F: 3 2 3 
2049 7 2063 309 F: 5 1 1 
2050 13 2089 178 F: 13 
2055 9 2073 139 F: 9 
2056 7 2070 342 F: 3 3 1 
2075 11 2086 5 F: 7 4 
2076 9 2112 104 F: 7 2 
2079 9 2097 330 F: 2 4 3 
2081 2 2087 342 F: 2 
2097 6 2121 442 F: 4 2 
2104 6 2128 324 F: 3 3 
2105 8 2121 236 F: 8 
2107 13 2120 25 F: 7 6 
2113 10 2143 246 F: 6 4 
2119 8 2135 49 F: 5 3 
2130 6 2136 88 F: 4 2 
2131 7 2145 292 F: 4 3 
2135 10 2145 322 F: 5 5 
2148 10 2168 319 F: 3 3 4 
2153 4 2161 80 F: 3 1 
2158 4 2174 110 F: 2 1 1 
2158 9 2185 236 F: 4 2 3 
2162 6 2186 205 F: 4 2 
2193 7 2200 86 F: 6 1 
2198 7 2212 395 F: 3 4 
2200 13 2213 428 F: 5 4 4 
2209 6 2215 308 F: 4 2 
2212 5 2217 275 F: 5 
2219 12 2231 441 F: 5 4 3 
2232 8 2264 320 F: 8 
2233 7 2254 224 F: 5 2 
2253 10 2263 238 F: 5 5 
2261 2 2267 200 F: 2 
2261 10 2271 144 F: 7 3 
2262 10 2282 47 F: 5 5 
2271 11 2315 71 F: 4 4 3 
2277 13 2316 412 F: 7 6 
2278 7 2299 53 F: 2 4 1 
2278 11 2322 98 F: 5 3 3 
2280 7 2301 420 F: 4 3 
2303 9 2339 159 F: 2 4 3 
2315 12 2327 352 F: 7 5 
2316 8 2324 155 F: 2 2 4 
2317 8 2325 127 F: 7 1 
2319 6 2337 147 F: 6 
2321 3 2324 31 F: 3 
2326 12 2374 405 F: 12 
2327 7 2348 47 F: 4 3 
2349 7 2377 138 F: 5 1 1 
2350 6 2368 225 F: 4 2 
2371 8 2403 440 F: 2 6 
2373 9 2409 233 F: 9 
2391 11 2413 371 F: 7 4 
2393 2 2401 47 F: 2 
2396 10 2426 350 F: 10 
2401 7 2415 82 F: 3 4 
2412 10 2452 384 F: 3 3 4 
2424 4 2440 281 F: 4 
2424 9 2442 284 F: 4 2 3 
2425 8 2449 78 F: 3 5 
2426 6 2450 413 F: 6 
2440 13 2466 420 F: 7 6 
2441 10 2471 143 F: 5 2 3 
2445 8 2477 303 F: 2 2 4 
2462 8 2470 325 F: 2 6 
2486 4 2494 53 F: 2 1 1 
2487 9 2523 239 F: 3 6 
2489 9 2525 4 F: 4 3 2 
2491 13 2530 424 F: 13 
2492 7 2520 267 F: 5 2 
2502 10 2512 234 F: 4 2 4 
2503 4 2519 450 F: 4 
2505 8 2537 391 F: 5 2 1 
2511 9 2520 318 F: 3 6 
2512 7 2526 181 F: 7 
2519 6 2543 315 F: 6 
2525 10 2565 441 F: 5 5 
2528 3 2531 105 F: 3 
2536 8 2568 177 F: 2 2 4 
2539 12 2551 74 F: 12 
2563 12 2587 392 F: 5 3 4 
2570 7 2577 280 F: 2 5 
2579 5 2599 309 F: 2 2 1 
2588 7 2595 240 F: 5 2 
2590 5 2595 222 F: 5 
2603 5 2623 409 F: 5 
2606 6 2630 191 F: 6 
2607 6 2613 211 F: 2 1 3 
2614 11 2658 6 F: 5 6 
2623 9 2659 330 F: 4 1 4 
2623 10 2653 61 F: 5 3 2 
2626 2 2628 385 F: 2 
2651 2 2655 239 F: 2 
2653 3 2662 300 F: 3 
2663 7 2677 265 F: 2 5 
2668 7 2689 294 F: 5 2 
2671 5 2686 194 F: 2 2 1 
2678 13 2704 279 F: 5 4 4 
2692 6 2716 211 F: 6 
2692 8 2708 151 F: 8 
2703 4 2719 339 F: 2 1 1 
2703 8 2735 332 F: 3 2 3 
2715 7 2743 151 F: 7 
2719 8 2727 175 F: 8 
2724 6 2748 365 F: 5 1 
2726 8 2750 363 F: 2 2 4 
2727 8 2751 23 F: 3 5 
2760 6 2766 110 F: 6 
2763 8 2787 388 F: 8 
2773 5 2783 25 F: 5 
2775 8 2783 426 F: 4 3 1 
2783 2 2791 430 F: 2 
2784 11 2795 151 F: 5 6 
2786 2 2790 389 F: 2 
2787 13 2826 17 F: 13 
2800 9 2818 402 F: 4 3 2 
2813 9 2831 443 F: 4 2 3 
2818 11 2840 115 F: 5 3 3 
2824 12 2848 25 F: 6 6 
2825 9 2861 95 F: 5 1 3 
2833 5 2843 152 F: 5 
2835 5 2850 409 F: 3 1 1 
2836 9 2872 314 F: 3 6 
2847 6 2871 82 F: 4 2 
2854 10 2884 380 F: 6 4 
2858 12 2870 245 F: 12 
2861 7 2882 409 F: 7 
2868 10 2908 54 F: 4 2 4 
2874 11 2896 236 F: 11 
2878 8 2902 449 F: 4 1 3 
2907 5 2912 155 F: 5 
2915 8 2923 360 F: 2 2 4 
2915 8 2939 133 F: 8 
2928 13 2967 386 F: 13 
2931 6 2943 199 F: 6 
2932 6 2938 35 F: 6 
2935 9 2962 90 F: 3 6 
2946 4 2958 423 F: 4 
2951 8 2983 153 F: 5 1 2 
2971 7 2985 360 F: 7 
2978 7 2985 249 F: 7 
2982 10 3002 73 F: 2 4 4 
2988 5 3008 376 F: 3 1 1 
2990 2 2992 213 F: 2 
2993 7 3014 368 F: 3 4 
D: 3 146 
D: 4 237 
D: 16 97 
D: 22 142 
D: 32 142 
D: 40 443 
D: 43 313 
D: 49 264 
D: 49 404 
D: 54 108 
D: 58 267 
D: 82 446 
D: 88 171 
D: 91 339 
D: 96 151 
D: 98 380 
D: 101 305 
D: 113 224 
D: 114 392 
D: 118 189 
D: 147 265 
D: 150 353 
D: 153 190 
D: 160 317 
D: 164 282 
D: 180 298 
D: 181 437 
D: 183 196 
D: 183 296 
D: 192 437 
D: 205 406 
D: 212 320 
D: 232 266 
D: 249 441 
D: 265 282 
D: 273 275 
D: 275 426 
D: 291 346 
D: 307 357 
D: 310 449 
D: 333 335 
D: 333 384 
D: 359 426 
D: 380 388 
D: 415 420 
