2 6 8 19 F: 6 
16 8 40 430 F: 4 2 2 
21 6 39 25 F: 2 1 3 
22 9 31 432 F: 7 2 
33 6 57 430 F: 3 1 2 
42 7 70 228 F: 6 1 
42 7 70 237 F: 7 
43 11 87 284 F: 4 3 4 
57 9 93 196 F: 4 2 3 
66 10 106 450 F: 4 4 2 
77 12 113 148 F: 12 
78 6 90 174 F: 6 
78 7 85 306 F: 7 
89 12 113 349 F: 12 
96 2 104 289 F: 2 
100 6 118 406 F: 3 1 2 
104 3 110 192 F: 2 1 
108 5 123 15 F: 2 2 1 
112 11 145 9 F: 6 5 
119 7 126 191 F: 7 
119 9 137 241 F: 7 2 
132 8 156 195 F: 2 2 4 
146 5 156 281 F: 5 
149 6 155 277 F: 4 1 1 
158 8 174 33 F: 4 3 1 
174 9 183 253 F: 4 2 3 
179 6 185 439 F: 5 1 
179 11 223 118 F: 4 3 4 
187 6 205 355 F: 4 1 1 
191 4 207 50 F: 2 2 
202 9 229 264 F: 5 1 3 
204 6 216 346 F: 6 
217 10 237 233 F: 6 4 
230 11 274 7 F: 5 4 2 
231 7 245 115 F: 7 
233 5 248 433 F: 2 2 1 
238 8 270 332 F: 2 6 
249 7 270 128 F: 6 1 
271 6 283 5 F: 3 3 
276 7 290 88 F: 7 
289 12 313 432 F: 12 
292 8 324 48 F: 3 1 4 
292 10 322 135 F: 7 3 
295 9 313 443 F: 5 2 2 
296 6 314 12 F: 5 1 
314 11 347 377 F: 11 
320 10 350 188 F: 4 6 
332 13 358 295 F: 13 
333 8 365 206 F: 8 
335 7 349 132 F: 4 3 
337 7 344 360 F: 3 3 1 
347 6 353 184 F: 4 2 
352 9 388 392 F: 5 2 2 
361 8 385 88 F: 4 1 3 
367 11 400 197 F: 11 
371 3 380 437 F: 3 
376 8 408 436 F: 3 2 3 
382 7 389 77 F: 7 
387 10 427 136 F: 5 4 1 
392 8 408 22 F: 3 3 2 
402 8 434 292 F: 4 4 
402 9 429 13 F: 5 2 2 
402 10 432 412 F: 6 4 
408 12 456 321 F: 4 4 4 
414 7 421 410 F: 4 2 1 
419 9 428 433 F: 3 3 3 
425 13 477 110 F: 5 4 4 
428 6 446 56 F: 6 
433 7 454 371 F: 7 
448 6 460 121 F: 3 3 
451 5 466 213 F: 3 2 
481 8 489 154 F: 3 1 4 
486 10 526 171 F: 5 5 
494 5 509 14 F: 5 
499 7 520 65 F: 3 2 2 
502 4 514 62 F: 4 
504 10 524 159 F: 6 4 
504 10 534 261 F: 10 
506 11 550 377 F: 7 4 
534 10 564 142 F: 5 1 4 
536 9 572 148 F: 4 3 2 
538 7 566 129 F: 2 1 4 
539 10 569 422 F: 10 
540 8 548 157 F: 3 1 4 
546 8 578 168 F: 3 5 
560 10 590 176 F: 5 5 
561 10 571 164 F: 2 4 4 
573 9 609 3 F: 3 4 2 
576 10 616 146 F: 5 5 
592 12 616 364 F: 12 
605 12 653 232 F: 7 5 
610 2 616 179 F: 2 
616 8 624 120 F: 8 
617 10 657 63 F: 5 5 
623 9 659 187 F: 7 2 
631 7 638 285 F: 4 3 
631 10 661 194 F: 5 2 3 
639 6 657 449 F: 3 1 2 
645 6 669 224 F: 2 2 2 
648 10 678 381 F: 4 2 4 
654 3 657 2 F: 3 
657 10 667 73 F: 5 5 
675 9 702 66 F: 9 
682 12 706 360 F: 5 4 3 
696 5 711 115 F: 3 2 
706 11 728 356 F: 4 3 4 
711 3 714 83 F: 2 1 
713 11 724 79 F: 5 3 3 
714 13 727 224 F: 13 
715 5 725 62 F: 4 1 
717 10 727 248 F: 4 6 
734 8 766 25 F: 8 
745 6 769 9 F: 4 2 
751 8 775 190 F: 8 
757 6 775 348 F: 6 
763 7 791 270 F: 3 4 
767 9 776 132 F: 5 4 
775 7 803 133 F: 5 2 
789 12 813 402 F: 4 4 4 
798 5 803 5 F: 2 3 
802 8 818 164 F: 2 4 2 
802 10 842 289 F: 2 4 4 
815 10 855 283 F: 5 4 1 
818 6 824 355 F: 3 2 1 
829 11 862 278 F: 5 3 3 
832 6 850 155 F: 3 2 1 
844 7 858 227 F: 7 
851 10 891 69 F: 4 3 3 
858 8 866 349 F: 8 
861 10 871 414 F: 2 4 4 
883 5 893 69 F: 5 
886 3 892 345 F: 2 1 
888 4 892 193 F: 2 1 1 
890 13 903 28 F: 13 
894 9 912 154 F: 4 5 
900 4 908 290 F: 3 1 
913 7 934 296 F: 2 3 2 
919 5 939 111 F: 4 1 
925 8 933 39 F: 8 
932 12 980 396 F: 5 4 3 
945 2 953 278 F: 2 
953 8 961 445 F: 5 1 2 
959 8 967 4 F: 5 3 
964 9 991 361 F: 2 4 3 
973 3 985 317 F: 3 
973 7 1001 236 F: 3 3 1 
977 10 987 79 F: 5 3 2 
981 7 995 158 F: 3 3 1 
985 8 1017 239 F: 8 
995 9 1031 326 F: 5 3 1 
1018 9 1054 64 F: 4 5 
1019 10 1059 345 F: 6 4 
1031 8 1039 265 F: 2 4 2 
1032 6 1038 349 F: 2 4 
1034 6 1052 166 F: 2 4 
1036 3 1048 113 F: 3 
1045 8 1069 418 F: 8 
1046 5 1061 18 F: 5 
1046 12 1070 88 F: 4 4 4 
1049 9 1058 450 F: 2 4 3 
1069 6 1075 196 F: 6 
1075 9 1084 231 F: 4 5 
1081 7 1095 358 F: 2 4 1 
1089 7 1103 265 F: 2 2 3 
1098 7 1105 84 F: 2 5 
1107 9 1116 329 F: 2 3 4 
1109 8 1141 16 F: 4 3 1 
1115 8 1139 328 F: 3 2 3 
1119 5 1134 86 F: 4 1 
1125 6 1149 250 F: 4 2 
1126 7 1147 144 F: 2 5 
1135 4 1151 247 F: 4 
1151 9 1178 299 F: 4 1 4 
1169 8 1177 359 F: 4 3 1 
1169 13 1208 28 F: 13 
1173 10 1183 204 F: 6 4 
1175 9 1202 48 F: 9 
1176 4 1184 263 F: 4 
1177 6 1183 371 F: 2 1 3 
1191 9 1227 160 F: 7 2 
1204 8 1212 68 F: 8 
1204 9 1213 57 F: 5 4 
1210 11 1254 113 F: 5 3 3 
1218 6 1230 91 F: 6 
1218 8 1234 279 F: 2 6 
1220 10 1250 372 F: 5 1 4 
1223 5 1238 22 F: 4 1 
1254 11 1276 420 F: 5 6 
1257 10 1297 322 F: 3 4 3 
1259 8 1291 103 F: 3 5 
1260 12 1284 353 F: 4 4 4 
1265 11 1298 125 F: 5 3 3 
1268 13 1294 393 F: 13 
1271 6 1277 82 F: 3 1 2 
1293 10 1323 235 F: 5 3 2 
1307 13 1346 227 F: 7 6 
1309 8 1341 129 F: 8 
1312 2 1318 347 F: 2 
1313 6 1325 268 F: 6 
1316 10 1326 427 F: 2 4 4 
1330 11 1363 93 F: 11 
1331 7 1338 242 F: 5 1 1 
1332 11 1365 39 F: 4 3 4 
1340 10 1350 400 F: 10 
1343 4 1355 377 F: 2 2 
1358 11 1369 289 F: 3 4 4 
1376 10 1406 179 F: 5 2 3 
1380 6 1404 359 F: 5 1 
1386 9 1404 400 F: 9 
1393 7 1407 338 F: 7 
1400 3 1403 409 F: 2 1 
1401 11 1412 130 F: 5 4 2 
1402 8 1434 269 F: 5 2 1 
1406 10 1436 339 F: 3 4 3 
1410 8 1426 372 F: 7 1 
1428 11 1450 220 F: 11 
1434 8 1466 20 F: 3 3 2 
1438 7 1466 120 F: 4 2 1 
1455 4 1471 321 F: 3 1 
1468 8 1492 73 F: 4 1 3 
1473 6 1497 449 F: 2 1 3 
1484 5 1499 391 F: 5 
1488 6 1512 130 F: 6 
1494 3 1503 83 F: 2 1 
1499 8 1507 426 F: 7 1 
1503 7 1531 40 F: 6 1 
1507 9 1525 45 F: 5 4 
1509 9 1536 58 F: 9 
1518 6 1542 440 F: 2 2 2 
1521 6 1533 42 F: 5 1 
1521 7 1528 78 F: 3 2 2 
1523 6 1541 208 F: 5 1 
1528 8 1560 244 F: 3 5 
1563 5 1573 449 F: 4 1 
1581 9 1590 45 F: 5 4 
1581 12 1617 303 F: 5 4 3 
1583 10 1613 67 F: 3 3 4 
1587 8 1603 57 F: 4 2 2 
1588 9 1624 411 F: 4 1 4 
1593 8 1625 206 F: 7 1 
1609 9 1645 252 F: 7 2 
1612 8 1636 217 F: 4 2 2 
1620 5 1635 281 F: 2 1 2 
1624 6 1630 247 F: 5 1 
1631 10 1641 91 F: 7 3 
1639 6 1663 259 F: 4 2 
1644 9 1662 378 F: 7 2 
1645 9 1681 278 F: 3 6 
1649 10 1689 349 F: 4 2 4 
1653 6 1665 402 F: 5 1 
1657 12 1705 94 F: 12 
1679 9 1688 406 F: 3 6 
1680 3 1692 350 F: 3 
1696 4 1712 381 F: 4 
1696 10 1706 112 F: 2 4 4 
1702 7 1716 416 F: 7 
1707 4 1711 84 F: 2 2 
1708 12 1756 1 F: 6 6 
1718 4 1722 305 F: 4 
1734 8 1758 232 F: 3 3 2 
1736 9 1763 343 F: 3 6 
1738 7 1759 361 F: 4 3 
1766 5 1781 54 F: 5 
1771 11 1782 268 F: 5 2 4 
1773 10 1803 424 F: 3 4 3 
1785 9 1821 309 F: 4 5 
1789 5 1794 347 F: 5 
1790 5 1810 157 F: 2 1 2 
1792 10 1832 199 F: 10 
1799 4 1811 145 F: 3 1 
1802 11 1824 266 F: 11 
1803 8 1811 132 F: 4 2 2 
1809 10 1829 2 F: 10 
1812 9 1821 434 F: 3 6 
1836 8 1860 208 F: 2 3 3 
1847 7 1854 39 F: 2 5 
1847 7 1854 142 F: 2 2 3 
1860 6 1884 338 F: 6 
1861 10 1901 320 F: 4 6 
1867 9 1885 88 F: 4 2 3 
1879 8 1887 24 F: 7 1 
1880 6 1904 53 F: 3 1 2 
1883 6 1889 415 F: 6 
1897 4 1905 401 F: 2 1 1 
1897 11 1941 363 F: 6 5 
1901 10 1941 289 F: 10 
1906 9 1924 127 F: 4 1 4 
1922 11 1966 99 F: 11 
1926 10 1966 339 F: 5 5 
1929 4 1933 432 F: 4 
1932 5 1942 450 F: 5 
1938 13 1977 108 F: 7 6 
1948 6 1966 116 F: 3 1 2 
1952 4 1960 160 F: 4 
1952 9 1979 432 F: 2 4 3 
1956 8 1988 156 F: 3 3 2 
1959 13 1998 159 F: 13 
1967 4 1983 310 F: 4 
1969 5 1984 194 F: 4 1 
1998 8 2006 328 F: 7 1 
2012 3 2021 186 F: 3 
2020 5 2030 4 F: 3 2 
2028 11 2072 175 F: 6 5 
2032 4 2044 222 F: 2 2 
2036 6 2042 248 F: 2 4 
2045 11 2056 3 F: 6 5 
2048 8 2064 59 F: 4 3 1 
2051 5 2061 74 F: 5 
2053 7 2067 384 F: 4 3 
2059 9 2068 397 F: 9 
2065 3 2074 292 F: 3 
2070 9 2106 342 F: 3 2 4 
2072 7 2079 249 F: 5 1 1 
2083 8 2091 227 F: 4 1 3 
2084 4 2092 244 F: 4 
2101 10 2121 57 F: 5 3 2 
2104 10 2124 21 F: 4 3 3 
2109 4 2113 176 F: 4 
2114 7 2135 213 F: 4 3 
2124 4 2140 377 F: 4 
2125 2 2129 122 F: 2 
2128 9 2146 364 F: 6 3 
2142 11 2186 172 F: 11 
2144 6 2156 432 F: 3 2 1 
2147 7 2161 57 F: 7 
2151 13 2164 158 F: 7 6 
2168 9 2177 444 F: 4 5 
2177 4 2193 213 F: 2 2 
2197 12 2209 9 F: 7 5 
2199 8 2223 286 F: 3 5 
2202 8 2234 129 F: 3 2 3 
2206 11 2250 203 F: 7 4 
2207 9 2243 73 F: 6 3 
2209 8 2217 334 F: 4 4 
2213 7 2220 278 F: 7 
2220 7 2234 418 F: 6 1 
2227 8 2243 343 F: 4 4 
2229 11 2251 149 F: 11 
2237 13 2250 439 F: 13 
2258 7 2265 60 F: 2 1 4 
2260 11 2271 131 F: 5 6 
2264 9 2291 446 F: 9 
2273 12 2309 174 F: 12 
2287 10 2317 34 F: 10 
2290 9 2326 413 F: 3 6 
2311 10 2331 336 F: 2 4 4 
2318 5 2338 190 F: 2 1 2 
2326 4 2342 274 F: 4 
2329 9 2347 188 F: 7 2 
2349 13 2362 90 F: 13 
2353 2 2361 139 F: 2 
2355 2 2357 293 F: 2 
2355 11 2377 365 F: 6 5 
2362 11 2384 400 F: 5 3 3 
2370 3 2373 396 F: 3 
2371 6 2377 404 F: 3 1 2 
2373 9 2409 366 F: 9 
2381 2 2389 165 F: 2 
2382 3 2394 66 F: 3 
2386 11 2397 136 F: 4 3 4 
2402 7 2423 333 F: 2 1 4 
2412 9 2439 366 F: 4 3 2 
2417 10 2427 272 F: 5 3 2 
2420 8 2444 420 F: 7 1 
2422 8 2454 430 F: 7 1 
2428 7 2435 235 F: 5 2 
2433 3 2436 309 F: 3 
2433 9 2469 265 F: 4 4 1 
2439 9 2448 102 F: 5 4 
2459 8 2483 11 F: 4 3 1 
2460 8 2492 5 F: 6 2 
2469 11 2491 240 F: 4 4 3 
2475 7 2496 244 F: 2 4 1 
2491 11 2524 438 F: 4 3 4 
2498 5 2508 382 F: 2 2 1 
2513 8 2545 267 F: 3 3 2 
2516 9 2534 56 F: 3 3 3 
2519 8 2543 279 F: 3 1 4 
2519 11 2563 55 F: 5 4 2 
2534 5 2549 6 F: 2 3 
2542 12 2590 44 F: 7 5 
2544 5 2549 173 F: 5 
2548 11 2592 222 F: 5 6 
2557 8 2589 385 F: 3 5 
2558 8 2566 14 F: 4 4 
2569 9 2578 194 F: 4 4 1 
2578 6 2602 294 F: 6 
2586 7 2593 7 F: 2 5 
2589 2 2595 124 F: 2 
2595 4 2611 231 F: 4 
2606 5 2621 386 F: 4 1 
2611 11 2655 100 F: 5 6 
2622 13 2635 32 F: 5 4 4 
2625 13 2638 441 F: 7 6 
2627 7 2655 356 F: 6 1 
2631 12 2643 282 F: 6 6 
2636 3 2639 298 F: 3 
2642 6 2654 206 F: 5 1 
2644 8 2652 102 F: 3 1 4 
2649 8 2681 362 F: 3 5 
2669 8 2701 111 F: 8 
2670 12 2718 392 F: 6 6 
2681 11 2725 314 F: 11 
2697 9 2715 416 F: 4 5 
2699 13 2712 314 F: 13 
2705 9 2741 284 F: 7 2 
2719 13 2745 116 F: 13 
2736 4 2740 8 F: 4 
2738 8 2754 125 F: 5 1 2 
2739 4 2755 3 F: 4 
2744 11 2755 133 F: 5 6 
2749 7 2756 310 F: 2 5 
2755 3 2758 198 F: 3 
2760 9 2778 169 F: 4 1 4 
2766 6 2772 216 F: 2 2 2 
2782 11 2815 184 F: 7 4 
2784 13 2810 132 F: 13 
2795 7 2816 70 F: 2 5 
2797 11 2808 186 F: 6 5 
2799 10 2809 281 F: 5 1 4 
2803 3 2806 450 F: 3 
2805 8 2821 433 F: 7 1 
2805 11 2849 57 F: 4 4 3 
2813 6 2819 242 F: 4 1 1 
2826 6 2838 299 F: 4 1 1 
2833 11 2855 438 F: 11 
2836 11 2858 304 F: 5 4 2 
2844 9 2871 265 F: 4 5 
2846 6 2870 149 F: 6 
2850 6 2856 423 F: 6 
2855 5 2865 281 F: 2 1 2 
2866 3 2875 426 F: 3 
2875 2 2881 280 F: 2 
2875 3 2881 38 F: 2 1 
2876 8 2908 413 F: 8 
2912 11 2934 313 F: 3 4 4 
2916 2 2922 270 F: 2 
2917 9 2944 418 F: 9 
2922 12 2934 344 F: 6 6 
2926 6 2932 409 F: 5 1 
2935 4 2939 126 F: 4 
2938 9 2956 15 F: 9 
2966 8 2982 209 F: 8 
2971 13 3023 265 F: 7 6 
2978 7 2985 354 F: 4 1 2 
2978 8 3002 331 F: 3 3 2 
2980 9 3016 76 F: 7 2 
2983 10 3013 427 F: 6 4 
2996 11 3029 234 F: 5 6 
2999 8 3023 175 F: 5 2 1 
D: 2 270 
D: 8 414 
D: 18 290 
D: 33 322 
D: 34 394 
D: 35 64 
D: 36 247 
D: 36 248 
D: 36 297 
D: 49 45 
D: 49 368 
D: 59 104 
D: 68 333 
D: 82 134 
D: 88 300 
D: 90 273 
D: 91 134 
D: 99 250 
D: 106 322 
D: 121 237 
D: 121 396 
D: 124 428 
D: 130 309 
D: 152 401 
D: 153 398 
D: 165 281 
D: 181 320 
D: 189 298 
D: 193 311 
D: 195 300 
D: 199 340 
D: 207 329 
D: 212 339 
D: 239 241 
D: 249 267 
D: 253 269 
D: 286 355 
D: 303 338 
D: 305 397 
D: 309 314 
D: 332 389 
D: 343 437 
D: 345 372 
D: 355 426 
D: 419 446 
