4 7 11 164 F: 2 5 
15 9 24 2 F: 6 3 
25 10 65 245 F: 4 6 
33 12 69 357 F: 12 
35 3 44 415 F: 3 
42 13 55 35 F: 7 6 
47 9 74 289 F: 9 
53 8 61 361 F: 3 4 1 
55 5 65 306 F: 3 1 1 
56 10 96 18 F: 10 
59 8 75 149 F: 8 
77 7 98 71 F: 2 5 
77 7 98 77 F: 6 1 
86 12 122 8 F: 7 5 
87 8 95 330 F: 3 3 2 
100 7 121 284 F: 4 2 1 
118 5 138 257 F: 2 2 1 
120 7 141 433 F: 6 1 
121 11 165 239 F: 11 
125 7 146 228 F: 7 
129 6 153 262 F: 3 3 
131 9 149 41 F: 3 2 4 
147 7 168 47 F: 7 
150 8 174 180 F: 4 3 1 
165 4 169 308 F: 4 
167 7 188 165 F: 7 
173 9 182 66 F: 7 2 
174 5 194 176 F: 5 
178 11 211 222 F: 6 5 
189 9 216 114 F: 9 
212 7 233 430 F: 3 4 
214 6 238 395 F: 3 2 1 
218 5 238 404 F: 5 
224 7 238 296 F: 2 4 1 
225 3 228 354 F: 2 1 
245 9 263 266 F: 3 3 3 
257 8 289 374 F: 4 2 2 
264 9 273 136 F: 7 2 
274 6 298 38 F: 5 1 
278 6 302 73 F: 3 3 
278 10 298 237 F: 5 2 3 
280 8 296 301 F: 5 1 2 
286 7 307 417 F: 4 1 2 
288 9 297 211 F: 5 1 3 
298 10 308 304 F: 10 
307 12 319 331 F: 12 
314 4 330 304 F: 4 
316 6 340 83 F: 3 3 
323 6 341 143 F: 5 1 
324 2 330 182 F: 2 
325 11 358 82 F: 7 4 
343 5 363 127 F: 5 
349 10 369 84 F: 5 5 
362 8 386 139 F: 7 1 
364 8 372 448 F: 6 2 
365 7 372 62 F: 3 2 2 
366 10 396 61 F: 7 3 
367 9 376 303 F: 2 4 3 
374 8 382 416 F: 7 1 
396 8 404 99 F: 5 2 1 
411 6 435 297 F: 4 1 1 
430 9 448 262 F: 2 3 4 
432 3 444 333 F: 3 
432 4 448 137 F: 4 
433 8 449 419 F: 5 3 
441 6 447 258 F: 2 3 1 
449 12 473 365 F: 7 5 
463 3 475 367 F: 3 
467 9 485 81 F: 3 6 
469 11 502 78 F: 5 6 
475 5 485 9 F: 3 2 
475 12 523 223 F: 7 5 
479 7 507 95 F: 7 
492 10 502 115 F: 5 5 
493 6 511 171 F: 3 2 1 
517 5 537 348 F: 4 1 
517 12 529 195 F: 5 3 4 
518 8 550 427 F: 8 
528 7 542 429 F: 2 5 
530 5 550 432 F: 5 
534 6 540 352 F: 5 1 
538 6 550 59 F: 4 2 
541 11 552 157 F: 4 4 3 
547 8 563 279 F: 8 
570 10 590 249 F: 7 3 
574 6 598 144 F: 6 
578 10 588 397 F: 10 
586 7 600 82 F: 3 4 
590 9 599 92 F: 9 
599 9 617 72 F: 9 
608 12 632 408 F: 12 
624 11 668 91 F: 11 
628 8 636 91 F: 4 2 2 
633 8 657 320 F: 4 1 3 
634 11 645 132 F: 11 
642 13 655 51 F: 13 
648 9 657 130 F: 9 
666 6 690 25 F: 5 1 
668 5 678 88 F: 4 1 
669 6 675 96 F: 5 1 
670 11 692 338 F: 7 4 
678 7 692 319 F: 2 5 
684 9 693 374 F: 2 3 4 
687 5 707 409 F: 3 1 1 
699 9 717 305 F: 4 4 1 
701 7 715 143 F: 7 
705 12 753 113 F: 12 
717 7 738 157 F: 5 1 1 
720 8 728 54 F: 2 6 
721 4 725 445 F: 4 
722 4 726 249 F: 3 1 
731 11 753 341 F: 11 
740 2 744 278 F: 2 
744 8 752 40 F: 4 2 2 
760 5 765 303 F: 2 1 2 
782 9 791 99 F: 5 4 
784 5 794 4 F: 3 2 
786 8 802 210 F: 5 2 1 
790 8 798 51 F: 4 3 1 
795 2 797 14 F: 2 
804 4 808 199 F: 3 1 
805 9 814 99 F: 4 3 2 
811 10 821 399 F: 3 4 3 
825 13 851 433 F: 13 
831 6 849 293 F: 4 2 
840 11 884 316 F: 5 6 
847 4 855 273 F: 4 
849 7 856 284 F: 4 3 
854 7 882 399 F: 7 
883 10 893 292 F: 4 6 
889 10 899 209 F: 6 4 
894 9 912 39 F: 6 3 
894 9 930 14 F: 4 3 2 
897 9 906 427 F: 9 
897 10 917 267 F: 5 3 2 
903 7 910 367 F: 3 1 3 
917 6 941 97 F: 6 
925 11 958 148 F: 4 4 3 
934 10 954 266 F: 3 3 4 
938 4 946 174 F: 4 
939 2 941 413 F: 2 
944 7 958 439 F: 2 5 
952 8 968 322 F: 3 3 2 
958 11 980 109 F: 7 4 
960 10 990 216 F: 3 3 4 
966 9 984 60 F: 5 2 2 
967 9 976 405 F: 9 
973 8 1005 180 F: 3 5 
993 9 1011 161 F: 4 5 
995 7 1023 428 F: 2 5 
1011 9 1020 363 F: 9 
1013 2 1017 95 F: 2 
1029 6 1035 40 F: 5 1 
1029 6 1047 11 F: 5 1 
1041 10 1061 110 F: 6 4 
1041 10 1071 298 F: 3 3 4 
1046 8 1062 344 F: 8 
1048 13 1061 324 F: 13 
1050 10 1090 52 F: 7 3 
1052 5 1062 104 F: 3 2 
1053 8 1077 358 F: 3 5 
1063 10 1093 239 F: 5 1 4 
1066 12 1090 182 F: 4 4 4 
1068 10 1088 128 F: 10 
1098 11 1120 242 F: 5 6 
1100 8 1124 98 F: 4 4 
1100 9 1109 397 F: 5 4 
1107 7 1121 6 F: 3 2 2 
1117 5 1122 230 F: 5 
1121 9 1139 122 F: 4 1 4 
1124 8 1148 356 F: 4 1 3 
1127 13 1153 267 F: 13 
1135 5 1150 387 F: 2 3 
1136 11 1158 301 F: 11 
1147 10 1187 259 F: 10 
1153 8 1177 364 F: 3 5 
1157 11 1201 442 F: 5 6 
1174 7 1202 384 F: 2 1 4 
1181 7 1195 7 F: 7 
1182 10 1212 19 F: 4 6 
1201 10 1241 258 F: 5 5 
1223 8 1247 74 F: 8 
1228 7 1235 236 F: 4 3 
1228 12 1240 32 F: 5 3 4 
1228 12 1240 110 F: 5 3 4 
1229 6 1241 371 F: 4 1 1 
1232 8 1240 145 F: 7 1 
1241 8 1257 355 F: 5 2 1 
1247 7 1261 334 F: 2 2 3 
1250 6 1274 192 F: 3 1 2 
1259 8 1275 41 F: 5 2 1 
1271 8 1295 100 F: 8 
1276 10 1306 125 F: 10 
1293 6 1299 444 F: 6 
1299 11 1332 310 F: 5 4 2 
1300 5 1310 14 F: 5 
1307 11 1318 382 F: 6 5 
1318 9 1345 289 F: 9 
1323 11 1356 29 F: 6 5 
1325 10 1335 331 F: 10 
1325 13 1351 360 F: 13 
1333 10 1343 98 F: 5 5 
1337 6 1343 61 F: 6 
1357 4 1369 101 F: 3 1 
1366 6 1378 103 F: 4 1 1 
1367 12 1391 297 F: 12 
1377 9 1386 340 F: 9 
1386 9 1395 185 F: 9 
1388 4 1404 48 F: 3 1 
1398 6 1404 135 F: 3 1 2 
1401 3 1410 329 F: 3 
1401 12 1437 195 F: 7 5 
1412 9 1439 90 F: 3 6 
1420 8 1428 321 F: 5 1 2 
1422 13 1448 27 F: 13 
1426 11 1437 235 F: 11 
1428 4 1432 60 F: 4 
1438 12 1462 325 F: 5 3 4 
1457 8 1489 237 F: 3 5 
1467 5 1487 58 F: 2 3 
1474 10 1494 196 F: 10 
1477 7 1484 167 F: 3 2 2 
1479 5 1494 257 F: 2 2 1 
1491 7 1498 316 F: 5 2 
1492 8 1508 116 F: 8 
1504 11 1526 323 F: 5 2 4 
1534 8 1558 411 F: 4 4 
1540 5 1555 377 F: 5 
1549 8 1557 204 F: 3 1 4 
1549 9 1576 369 F: 3 4 2 
1564 9 1591 275 F: 9 
1569 9 1587 26 F: 6 3 
1572 6 1596 277 F: 5 1 
1577 10 1597 331 F: 7 3 
1578 9 1614 28 F: 9 
1586 11 1597 410 F: 11 
1587 5 1607 20 F: 4 1 
1588 7 1595 252 F: 3 4 
1592 8 1600 422 F: 4 1 3 
1592 8 1608 182 F: 7 1 
1604 11 1615 292 F: 7 4 
1610 5 1615 344 F: 4 1 
1610 10 1650 265 F: 5 5 
1612 3 1618 60 F: 2 1 
1618 7 1646 40 F: 7 
1632 5 1647 111 F: 4 1 
1645 12 1669 328 F: 12 
1646 9 1664 363 F: 5 1 3 
1651 7 1672 179 F: 7 
1651 10 1691 40 F: 4 6 
1652 6 1676 391 F: 6 
1679 12 1703 330 F: 6 6 
1692 5 1702 45 F: 4 1 
1693 10 1713 174 F: 10 
1694 4 1698 366 F: 4 
1703 8 1711 225 F: 8 
1711 6 1717 344 F: 3 3 
1714 9 1732 6 F: 5 4 
1720 7 1741 360 F: 7 
1721 10 1751 374 F: 10 
1728 9 1746 225 F: 5 2 2 
1739 8 1771 203 F: 3 2 3 
1751 4 1759 39 F: 3 1 
1759 11 1770 426 F: 3 4 4 
1760 10 1790 67 F: 7 3 
1761 5 1766 419 F: 2 1 2 
1762 9 1789 84 F: 3 6 
1779 8 1795 29 F: 2 6 
1786 8 1802 238 F: 5 1 2 
1797 13 1836 136 F: 13 
1807 2 1815 277 F: 2 
1808 2 1812 355 F: 2 
1808 9 1835 50 F: 5 4 
1808 11 1841 392 F: 6 5 
1809 6 1821 187 F: 6 
1812 9 1821 232 F: 7 2 
1815 8 1847 145 F: 2 2 4 
1815 10 1825 161 F: 3 3 4 
1846 9 1873 60 F: 4 4 1 
1850 4 1854 40 F: 4 
1862 13 1914 19 F: 13 
1871 3 1880 146 F: 3 
1877 8 1901 108 F: 8 
1884 6 1908 274 F: 4 2 
1887 10 1907 300 F: 5 4 1 
1902 10 1922 182 F: 3 3 4 
1903 3 1909 283 F: 3 
1906 11 1928 267 F: 5 2 4 
1910 4 1914 233 F: 4 
1911 12 1923 359 F: 12 
1917 9 1935 403 F: 3 6 
1957 10 1997 329 F: 5 5 
1970 7 1984 137 F: 2 4 1 
1974 7 2002 448 F: 3 1 3 
1975 8 1991 326 F: 7 1 
1990 9 2026 422 F: 5 2 2 
1990 10 2010 245 F: 2 4 4 
1993 7 2014 381 F: 2 3 2 
1995 8 2011 127 F: 6 2 
1997 7 2025 384 F: 3 4 
2000 8 2008 170 F: 5 3 
2007 7 2021 413 F: 3 3 1 
2022 6 2046 343 F: 5 1 
2027 4 2031 356 F: 4 
2037 12 2073 321 F: 12 
2042 8 2050 142 F: 2 4 2 
2045 3 2051 99 F: 3 
2046 7 2074 420 F: 7 
2064 6 2076 43 F: 5 1 
2077 6 2095 342 F: 2 1 3 
2079 9 2088 108 F: 6 3 
2088 5 2098 351 F: 4 1 
2093 10 2113 283 F: 2 4 4 
2096 7 2110 311 F: 3 4 
2097 7 2111 26 F: 2 4 1 
2100 4 2108 141 F: 2 2 
2101 8 2117 150 F: 4 1 3 
2102 3 2114 361 F: 3 
2111 5 2126 89 F: 2 3 
2116 9 2143 164 F: 3 2 4 
2121 7 2128 98 F: 5 2 
2125 5 2130 199 F: 3 1 1 
2150 6 2168 281 F: 3 3 
2160 9 2196 316 F: 2 4 3 
2161 6 2167 441 F: 5 1 
2176 8 2200 98 F: 2 2 4 
2183 10 2223 432 F: 5 5 
2198 6 2204 320 F: 6 
2198 6 2216 359 F: 3 2 1 
2198 6 2222 42 F: 6 
2215 9 2242 104 F: 4 3 2 
2233 6 2251 277 F: 6 
2233 7 2254 180 F: 7 
2238 5 2243 314 F: 5 
2238 9 2265 154 F: 3 6 
2241 6 2247 184 F: 3 1 2 
2251 4 2255 36 F: 2 2 
2256 3 2262 230 F: 3 
2267 8 2283 267 F: 2 4 2 
2271 5 2291 214 F: 2 3 
2271 10 2291 116 F: 3 3 4 
2273 6 2285 17 F: 6 
2279 9 2306 214 F: 3 6 
2287 8 2319 207 F: 8 
2288 7 2295 67 F: 7 
2304 2 2310 215 F: 2 
2320 4 2328 336 F: 4 
2320 13 2359 121 F: 13 
2321 5 2336 149 F: 5 
2323 7 2330 315 F: 3 1 3 
2329 5 2344 17 F: 5 
2334 6 2346 210 F: 2 4 
2338 6 2356 366 F: 6 
2338 11 2349 384 F: 11 
2346 8 2370 341 F: 2 2 4 
2346 8 2378 281 F: 6 2 
2347 2 2353 440 F: 2 
2359 9 2395 378 F: 9 
2364 5 2374 264 F: 5 
2372 8 2380 76 F: 8 
2402 9 2411 222 F: 5 1 3 
2425 11 2436 252 F: 11 
2427 6 2433 91 F: 6 
2429 5 2439 96 F: 3 2 
2429 6 2453 208 F: 2 4 
2429 11 2440 349 F: 7 4 
2431 8 2447 122 F: 2 3 3 
2438 5 2448 396 F: 3 1 1 
2443 10 2473 401 F: 10 
2456 9 2474 157 F: 4 1 4 
2468 7 2475 436 F: 2 5 
2478 8 2486 189 F: 8 
2483 10 2523 447 F: 5 3 2 
2489 6 2507 435 F: 2 4 
2492 5 2512 414 F: 5 
2505 9 2541 335 F: 4 3 2 
2508 7 2515 96 F: 7 
2512 7 2540 100 F: 4 3 
2514 5 2519 126 F: 5 
2515 10 2535 442 F: 6 4 
2520 7 2534 299 F: 3 3 1 
2529 12 2565 193 F: 5 3 4 
2533 13 2572 231 F: 13 
2537 5 2552 247 F: 2 2 1 
2538 7 2545 279 F: 2 5 
2549 8 2573 150 F: 2 2 4 
2557 6 2563 181 F: 4 2 
2574 5 2584 408 F: 3 2 
2580 11 2624 10 F: 3 4 4 
2598 10 2638 305 F: 4 6 
2601 5 2621 411 F: 2 3 
2606 10 2636 34 F: 5 4 1 
2607 8 2623 411 F: 8 
2617 10 2627 422 F: 4 4 2 
2618 6 2636 335 F: 6 
2625 13 2677 158 F: 5 4 4 
2630 8 2654 76 F: 5 2 1 
2641 7 2662 94 F: 2 5 
2646 3 2655 227 F: 2 1 
2661 5 2681 34 F: 2 3 
2672 7 2679 417 F: 5 2 
2672 7 2693 209 F: 4 3 
2679 7 2693 93 F: 2 4 1 
2679 7 2693 432 F: 7 
2695 5 2715 349 F: 3 2 
2702 9 2720 265 F: 4 5 
2707 2 2713 333 F: 2 
2714 6 2726 85 F: 3 1 2 
2717 2 2721 3 F: 2 
2726 7 2740 123 F: 7 
2732 8 2740 96 F: 5 3 
2743 5 2748 62 F: 3 2 
2743 11 2765 235 F: 6 5 
2758 5 2773 425 F: 5 
2758 6 2770 311 F: 3 3 
2758 11 2769 237 F: 4 3 4 
2774 11 2807 211 F: 11 
2780 8 2812 329 F: 7 1 
2783 6 2801 162 F: 6 
2793 9 2829 216 F: 3 3 3 
2806 6 2818 235 F: 4 1 1 
2829 9 2865 240 F: 2 4 3 
2834 10 2844 248 F: 4 4 2 
2838 12 2874 137 F: 12 
2839 3 2845 94 F: 3 
2852 10 2882 303 F: 4 6 
2854 5 2864 193 F: 3 2 
2855 8 2887 213 F: 4 2 2 
2870 7 2884 133 F: 2 4 1 
2872 4 2880 274 F: 3 1 
2872 7 2900 272 F: 5 2 
2877 7 2898 410 F: 5 1 1 
2887 9 2905 335 F: 4 1 4 
2893 10 2923 62 F: 6 4 
2894 9 2930 33 F: 4 4 1 
2901 11 2934 216 F: 6 5 
2905 10 2945 266 F: 5 1 4 
2908 6 2914 150 F: 6 
2914 5 2934 337 F: 5 
2922 13 2974 95 F: 5 4 4 
2934 5 2939 447 F: 2 1 2 
2939 12 2951 356 F: 12 
2944 9 2971 70 F: 6 3 
2945 10 2955 9 F: 4 6 
2952 7 2966 50 F: 2 5 
2960 6 2972 18 F: 6 
2965 7 2993 99 F: 3 1 3 
2971 3 2980 240 F: 3 
2977 9 2986 397 F: 3 6 
2994 10 3014 128 F: 6 4 
D: 5 236 
D: 6 26 
D: 13 130 
D: 16 354 
D: 19 372 
D: 30 63 
D: 40 382 
D: 47 316 
D: 53 401 
D: 60 207 
D: 64 235 
D: 67 308 
D: 78 322 
D: 81 320 
D: 85 219 
D: 96 365 
D: 97 268 
D: 97 390 
D: 102 274 
D: 108 331 
D: 109 357 
D: 116 181 
D: 132 154 
D: 137 167 
D: 146 429 
D: 155 362 
D: 156 371 
D: 167 302 
D: 172 415 
D: 179 234 
D: 181 305 
D: 205 353 
D: 227 423 
D: 241 287 
D: 252 291 
D: 253 291 
D: 277 283 
D: 279 373 
D: 288 403 
D: 306 355 
D: 344 449 
D: 347 361 
D: 354 432 
D: 376 381 
D: 401 449 
