1 9 10 32 F: 9 
4 7 32 369 F: 4 3 
7 10 47 178 F: 10 
8 7 29 206 F: 2 5 
19 13 71 30 F: 7 6 
33 11 44 261 F: 5 2 4 
39 9 66 381 F: 3 4 2 
48 7 76 171 F: 3 3 1 
54 11 87 58 F: 11 
56 6 74 60 F: 4 2 
57 3 69 299 F: 3 
65 12 89 67 F: 12 
77 10 107 234 F: 7 3 
79 9 115 134 F: 4 1 4 
89 9 107 52 F: 5 4 
107 9 125 112 F: 4 4 1 
109 7 123 186 F: 3 4 
111 9 129 151 F: 4 2 3 
117 6 123 17 F: 2 1 3 
124 7 138 201 F: 7 
131 7 138 34 F: 7 
133 10 143 113 F: 5 5 
139 5 159 205 F: 5 
151 10 171 216 F: 10 
169 4 181 398 F: 4 
171 8 203 136 F: 8 
182 4 198 315 F: 4 
188 8 220 225 F: 7 1 
197 6 203 83 F: 4 1 1 
198 8 230 95 F: 3 4 1 
208 6 226 257 F: 6 
211 6 235 399 F: 6 
216 5 221 24 F: 2 3 
223 9 250 199 F: 9 
227 13 253 55 F: 7 6 
228 5 238 259 F: 3 1 1 
235 10 265 168 F: 10 
249 8 257 114 F: 2 4 2 
259 7 273 111 F: 5 2 
270 7 277 322 F: 6 1 
275 11 286 133 F: 7 4 
281 5 296 290 F: 5 
291 6 309 241 F: 6 
295 10 315 239 F: 10 
298 10 318 379 F: 3 4 3 
300 12 312 384 F: 12 
313 9 340 362 F: 3 2 4 
313 13 339 25 F: 13 
316 7 344 317 F: 3 1 3 
335 7 356 305 F: 4 3 
343 5 353 368 F: 5 
355 7 376 311 F: 3 2 2 
362 6 374 318 F: 3 3 
371 10 411 106 F: 5 5 
371 11 404 106 F: 11 
373 8 389 272 F: 7 1 
383 10 423 320 F: 4 4 2 
392 5 397 48 F: 5 
397 9 433 214 F: 5 2 2 
399 13 412 239 F: 5 4 4 
401 8 425 378 F: 4 1 3 
405 5 415 49 F: 5 
408 11 430 366 F: 4 4 3 
410 7 438 159 F: 4 3 
414 9 450 82 F: 6 3 
432 9 459 7 F: 5 4 
433 7 440 308 F: 2 2 3 
445 11 478 229 F: 6 5 
452 9 488 32 F: 6 3 
461 7 489 60 F: 3 4 
463 6 475 398 F: 3 3 
471 10 511 100 F: 4 6 
486 2 488 45 F: 2 
491 7 519 399 F: 2 3 2 
491 12 527 120 F: 4 4 4 
502 11 524 390 F: 4 4 3 
507 10 517 320 F: 10 
508 7 529 299 F: 5 2 
515 7 529 83 F: 2 1 4 
528 11 539 266 F: 4 3 4 
537 8 553 226 F: 8 
544 5 549 191 F: 4 1 
552 12 588 277 F: 12 
560 9 578 61 F: 4 3 2 
575 8 583 3 F: 2 2 4 
578 2 580 255 F: 2 
579 10 589 61 F: 10 
582 8 614 397 F: 7 1 
591 8 623 343 F: 5 2 1 
595 2 603 288 F: 2 
608 4 624 247 F: 3 1 
616 7 623 142 F: 7 
618 4 626 310 F: 2 2 
623 11 634 23 F: 11 
625 10 655 256 F: 6 4 
634 3 637 347 F: 3 
645 12 693 19 F: 12 
647 7 661 97 F: 5 1 1 
653 5 663 250 F: 3 1 1 
676 2 684 174 F: 2 
678 9 687 322 F: 5 4 
681 8 689 335 F: 4 3 1 
688 5 693 263 F: 4 1 
693 10 733 210 F: 3 3 4 
695 6 701 359 F: 6 
710 2 712 219 F: 2 
713 13 752 255 F: 7 6 
717 8 741 312 F: 2 3 3 
717 9 753 285 F: 4 4 1 
718 4 730 88 F: 4 
725 2 727 227 F: 2 
725 8 741 121 F: 2 4 2 
734 6 758 357 F: 4 1 1 
736 12 760 333 F: 12 
744 5 749 210 F: 2 1 2 
748 6 772 122 F: 6 
758 8 782 179 F: 8 
772 8 788 272 F: 8 
777 6 783 48 F: 2 4 
781 10 811 7 F: 10 
804 6 822 306 F: 5 1 
806 9 815 123 F: 2 3 4 
809 9 836 245 F: 4 3 2 
820 8 836 158 F: 3 5 
832 4 844 318 F: 2 2 
837 12 873 104 F: 4 4 4 
854 12 866 182 F: 12 
854 13 867 205 F: 7 6 
858 9 876 360 F: 6 3 
859 8 867 367 F: 8 
866 8 890 247 F: 5 2 1 
871 11 915 201 F: 3 4 4 
875 3 881 383 F: 3 
881 10 901 368 F: 10 
883 7 911 160 F: 4 1 2 
904 10 934 53 F: 2 4 4 
906 7 927 58 F: 2 2 3 
910 8 918 143 F: 5 2 1 
917 9 935 140 F: 9 
920 9 947 287 F: 4 3 2 
935 11 957 311 F: 11 
936 7 943 37 F: 7 
938 10 958 104 F: 2 4 4 
954 12 966 104 F: 12 
956 3 962 301 F: 3 
957 11 968 88 F: 5 2 4 
964 6 988 128 F: 2 3 1 
976 8 1000 344 F: 2 3 3 
979 8 987 372 F: 8 
996 7 1010 383 F: 6 1 
1003 9 1012 22 F: 5 4 
1015 13 1067 287 F: 13 
1018 13 1031 15 F: 13 
1022 3 1028 378 F: 2 1 
1033 7 1061 255 F: 2 4 1 
1055 9 1064 198 F: 5 1 3 
1059 7 1073 93 F: 2 1 4 
1063 7 1077 324 F: 7 
1069 11 1102 329 F: 6 5 
1072 9 1108 220 F: 2 4 3 
1074 9 1083 16 F: 2 3 4 
1081 3 1090 296 F: 3 
1085 11 1096 191 F: 11 
1088 7 1095 32 F: 5 2 
1089 7 1103 268 F: 7 
1100 8 1124 396 F: 5 1 2 
1114 6 1126 278 F: 2 1 3 
1123 8 1147 198 F: 2 6 
1129 7 1136 372 F: 4 3 
1131 13 1183 113 F: 13 
1142 2 1144 111 F: 2 
1165 11 1176 65 F: 6 5 
1170 13 1183 144 F: 5 4 4 
1172 9 1190 388 F: 3 6 
1179 7 1207 360 F: 3 1 3 
1188 11 1221 163 F: 11 
1191 3 1197 314 F: 3 
1192 8 1200 111 F: 8 
1193 7 1207 201 F: 7 
1196 13 1222 394 F: 13 
1224 9 1251 97 F: 5 1 3 
1232 12 1280 5 F: 5 4 3 
1235 5 1245 328 F: 2 2 1 
1236 10 1246 6 F: 3 3 4 
1237 4 1241 185 F: 3 1 
1237 7 1244 64 F: 7 
1238 9 1274 305 F: 5 4 
1243 9 1279 320 F: 4 5 
1252 11 1296 230 F: 5 2 4 
1259 9 1295 382 F: 5 1 3 
1266 10 1276 304 F: 5 5 
1268 7 1275 394 F: 7 
1272 7 1286 307 F: 5 2 
1273 12 1285 315 F: 12 
1289 11 1322 99 F: 11 
1300 12 1324 38 F: 5 3 4 
1305 5 1310 103 F: 4 1 
1308 5 1313 256 F: 5 
1308 9 1317 322 F: 2 3 4 
1326 10 1366 110 F: 6 4 
1334 5 1339 139 F: 3 2 
1338 7 1366 81 F: 2 3 2 
1345 9 1354 383 F: 3 6 
1346 10 1366 373 F: 2 4 4 
1349 6 1367 144 F: 4 1 1 
1351 6 1369 19 F: 6 
1363 8 1371 321 F: 2 2 4 
1395 8 1411 22 F: 4 4 
1398 5 1413 123 F: 3 2 
1399 12 1435 216 F: 12 
1414 9 1450 171 F: 9 
1415 10 1425 379 F: 2 4 4 
1418 7 1432 113 F: 4 2 1 
1426 6 1432 271 F: 6 
1442 9 1451 314 F: 3 3 3 
1446 5 1456 265 F: 2 3 
1455 10 1475 26 F: 10 
1463 8 1471 190 F: 3 5 
1463 8 1487 339 F: 8 
1466 12 1490 48 F: 12 
1469 10 1489 377 F: 5 1 4 
1479 4 1487 133 F: 4 
1480 11 1491 25 F: 7 4 
1494 8 1526 22 F: 5 1 2 
1499 10 1519 22 F: 5 3 2 
1509 2 1513 105 F: 2 
1509 7 1516 91 F: 7 
1509 13 1548 78 F: 13 
1512 3 1515 117 F: 3 
1535 8 1551 183 F: 8 
1553 8 1577 211 F: 5 2 1 
1558 7 1572 64 F: 3 1 3 
1566 8 1582 337 F: 4 1 3 
1569 8 1601 376 F: 2 4 2 
1580 12 1616 132 F: 12 
1583 12 1619 126 F: 12 
1587 7 1615 285 F: 7 
1587 9 1614 128 F: 4 4 1 
1588 7 1602 258 F: 2 5 
1596 7 1603 75 F: 3 1 3 
1600 5 1610 244 F: 5 
1601 6 1625 116 F: 5 1 
1601 11 1634 362 F: 4 4 3 
1602 8 1618 322 F: 8 
1604 6 1610 73 F: 3 3 
1607 12 1655 382 F: 5 3 4 
1622 8 1654 272 F: 8 
1631 6 1637 281 F: 6 
1642 7 1670 268 F: 7 
1665 4 1681 109 F: 4 
1666 7 1680 65 F: 6 1 
1692 9 1719 369 F: 5 4 
1693 12 1729 212 F: 4 4 4 
1695 5 1710 367 F: 2 3 
1699 7 1727 394 F: 4 3 
1700 8 1724 234 F: 4 3 1 
1703 4 1711 341 F: 4 
1704 8 1728 166 F: 4 1 3 
1720 3 1732 340 F: 3 
1720 5 1740 98 F: 4 1 
1736 8 1744 383 F: 5 3 
1737 2 1741 38 F: 2 
1738 12 1762 321 F: 4 4 4 
1752 11 1796 89 F: 4 4 3 
1756 11 1800 166 F: 6 5 
1760 12 1808 348 F: 12 
1780 8 1788 367 F: 4 2 2 
1792 6 1810 78 F: 6 
1798 2 1806 189 F: 2 
1799 11 1810 334 F: 5 4 2 
1808 5 1823 212 F: 4 1 
1810 10 1850 131 F: 6 4 
1810 10 1850 240 F: 2 4 4 
1811 7 1825 88 F: 2 5 
1811 9 1838 8 F: 5 2 2 
1816 8 1824 263 F: 7 1 
1817 9 1826 61 F: 9 
1825 7 1853 119 F: 4 1 2 
1827 7 1841 298 F: 3 4 
1832 10 1862 26 F: 10 
1845 10 1865 94 F: 3 4 3 
1849 3 1852 324 F: 2 1 
1885 6 1903 4 F: 6 
1889 6 1895 30 F: 6 
1897 10 1917 32 F: 7 3 
1912 10 1932 8 F: 2 4 4 
1916 3 1928 17 F: 3 
1923 6 1929 59 F: 6 
1929 8 1937 273 F: 4 4 
1930 9 1957 35 F: 2 4 3 
1932 5 1947 296 F: 3 1 1 
1934 9 1961 174 F: 3 2 4 
1941 10 1981 234 F: 3 3 4 
1948 8 1956 294 F: 6 2 
1960 10 1970 258 F: 6 4 
1970 5 1990 347 F: 5 
1979 6 1991 344 F: 2 3 1 
1979 10 1999 142 F: 6 4 
1997 4 2001 244 F: 4 
1999 13 2012 56 F: 7 6 
2001 8 2033 212 F: 3 1 4 
2011 9 2038 33 F: 9 
2015 7 2036 347 F: 6 1 
2020 4 2036 182 F: 4 
2026 13 2039 234 F: 13 
2030 10 2050 171 F: 4 3 3 
2032 10 2052 242 F: 3 4 3 
2041 9 2077 10 F: 9 
2049 12 2085 3 F: 7 5 
2063 11 2074 298 F: 11 
2078 9 2114 387 F: 9 
2081 9 2117 306 F: 7 2 
2085 7 2099 30 F: 7 
2094 7 2101 167 F: 2 1 4 
2096 9 2114 389 F: 4 4 1 
2114 5 2119 159 F: 2 2 1 
2114 7 2121 72 F: 2 2 3 
2120 8 2128 347 F: 8 
2122 9 2131 252 F: 2 4 3 
2128 8 2144 109 F: 5 3 
2151 4 2167 393 F: 3 1 
2153 8 2177 379 F: 8 
2156 4 2172 339 F: 3 1 
2166 10 2206 268 F: 3 3 4 
2168 10 2188 137 F: 6 4 
2171 10 2201 46 F: 4 6 
2172 9 2199 272 F: 9 
2190 10 2200 351 F: 3 3 4 
2193 9 2202 143 F: 4 3 2 
2193 11 2237 368 F: 7 4 
2201 10 2221 312 F: 10 
2204 8 2228 135 F: 3 4 1 
2210 4 2222 389 F: 3 1 
2237 5 2242 290 F: 2 1 2 
2243 12 2291 387 F: 5 3 4 
2251 10 2261 23 F: 3 4 3 
2253 10 2293 368 F: 5 1 4 
2254 5 2259 257 F: 5 
2271 9 2298 260 F: 3 4 2 
2275 11 2286 350 F: 4 4 3 
2286 9 2322 373 F: 9 
2288 7 2302 175 F: 4 3 
2288 12 2300 48 F: 12 
2292 7 2313 345 F: 4 1 2 
2292 9 2310 73 F: 2 3 4 
2307 9 2325 395 F: 3 2 4 
2313 12 2361 79 F: 12 
2327 11 2360 76 F: 11 
2331 10 2361 219 F: 5 5 
2332 2 2340 118 F: 2 
2335 9 2362 325 F: 4 5 
2335 10 2365 338 F: 5 1 4 
2340 7 2354 104 F: 7 
2349 9 2367 307 F: 5 2 2 
2350 11 2394 85 F: 11 
2362 13 2414 303 F: 13 
2364 8 2396 54 F: 5 1 2 
2370 3 2379 95 F: 3 
2391 8 2399 331 F: 7 1 
2397 5 2412 187 F: 2 1 2 
2409 7 2437 60 F: 5 1 1 
2411 13 2463 3 F: 7 6 
2421 6 2427 352 F: 5 1 
2434 8 2450 58 F: 4 4 
2438 2 2440 359 F: 2 
2444 7 2465 159 F: 4 3 
2452 7 2480 83 F: 7 
2459 3 2462 262 F: 2 1 
2460 11 2493 5 F: 5 2 4 
2462 9 2471 201 F: 4 3 2 
2477 2 2483 336 F: 2 
2477 8 2493 183 F: 2 6 
2496 6 2508 55 F: 4 1 1 
2496 10 2536 40 F: 10 
2496 10 2536 298 F: 4 3 3 
2500 8 2524 182 F: 3 4 1 
2506 10 2526 362 F: 4 6 
2518 8 2542 395 F: 7 1 
2522 9 2531 12 F: 9 
2522 10 2562 357 F: 4 6 
2532 7 2539 341 F: 4 3 
2539 7 2546 312 F: 6 1 
2543 9 2552 158 F: 7 2 
2559 10 2579 290 F: 2 4 4 
2565 4 2569 328 F: 4 
2565 7 2593 356 F: 7 
2579 10 2609 312 F: 10 
2581 10 2591 33 F: 7 3 
2590 10 2610 167 F: 5 2 3 
2594 7 2608 276 F: 5 2 
2605 12 2629 341 F: 5 4 3 
2612 7 2633 176 F: 7 
2622 3 2631 360 F: 3 
2635 7 2649 266 F: 7 
2636 5 2646 131 F: 5 
2639 10 2679 166 F: 10 
2640 6 2658 372 F: 6 
2651 6 2663 355 F: 2 2 2 
2682 8 2706 94 F: 6 2 
2690 9 2708 286 F: 4 5 
D: 8 106 
D: 18 371 
D: 20 147 
D: 22 172 
D: 46 358 
D: 47 320 
D: 50 134 
D: 67 70 
D: 68 92 
D: 71 105 
D: 73 320 
D: 77 335 
D: 80 132 
D: 92 321 
D: 95 147 
D: 102 217 
D: 103 242 
D: 108 242 
D: 116 334 
D: 117 221 
D: 119 207 
D: 130 202 
D: 141 207 
D: 155 257 
D: 159 398 
D: 160 271 
D: 162 292 
D: 163 308 
D: 165 367 
D: 171 327 
D: 205 332 
D: 214 288 
D: 217 274 
D: 232 386 
D: 244 390 
D: 250 292 
D: 251 287 
D: 261 351 
D: 354 361 
D: 369 392 
