4 11 48 62 F: 3 4 4 
9 5 24 214 F: 2 1 2 
9 6 27 276 F: 4 1 1 
10 9 28 195 F: 5 1 3 
16 6 22 252 F: 5 1 
19 7 33 36 F: 2 5 
31 11 75 323 F: 11 
33 3 39 19 F: 3 
35 5 45 391 F: 5 
47 7 75 370 F: 3 4 
56 11 78 346 F: 5 6 
62 7 69 216 F: 3 3 1 
71 10 101 50 F: 5 2 3 
87 11 109 57 F: 11 
94 5 99 119 F: 5 
102 9 129 375 F: 7 2 
111 7 118 267 F: 2 1 4 
111 8 135 297 F: 7 1 
122 8 130 167 F: 5 3 
146 2 152 441 F: 2 
147 10 157 443 F: 6 4 
157 9 184 54 F: 3 4 2 
163 5 168 313 F: 4 1 
163 11 196 16 F: 3 4 4 
165 9 183 379 F: 9 
167 7 174 155 F: 2 1 4 
169 8 201 174 F: 8 
174 8 206 430 F: 3 5 
176 10 186 153 F: 4 4 2 
185 8 217 294 F: 2 4 2 
204 4 216 231 F: 4 
216 2 220 377 F: 2 
217 6 229 387 F: 3 3 
234 6 240 42 F: 2 1 3 
242 6 248 36 F: 5 1 
242 7 256 52 F: 7 
251 4 259 285 F: 4 
257 4 273 38 F: 4 
260 11 282 384 F: 5 2 4 
263 12 299 288 F: 12 
269 11 313 302 F: 11 
278 13 304 30 F: 7 6 
280 11 302 125 F: 11 
281 9 290 413 F: 4 1 4 
290 10 310 441 F: 6 4 
302 10 312 7 F: 10 
334 13 386 4 F: 7 6 
342 7 363 254 F: 4 3 
363 9 399 85 F: 2 3 4 
363 10 403 40 F: 7 3 
364 7 392 341 F: 7 
368 7 389 409 F: 4 3 
371 10 401 231 F: 5 1 4 
376 6 394 21 F: 4 2 
379 6 391 170 F: 6 
382 11 404 144 F: 3 4 4 
390 7 397 234 F: 2 1 4 
391 7 412 345 F: 5 2 
394 7 422 363 F: 7 
396 8 412 82 F: 2 3 3 
401 8 433 6 F: 4 1 3 
416 10 426 418 F: 3 4 3 
418 13 457 81 F: 13 
421 9 448 369 F: 6 3 
422 9 449 74 F: 3 2 4 
427 10 467 303 F: 3 4 3 
431 13 444 435 F: 13 
462 10 502 90 F: 5 5 
463 4 467 228 F: 3 1 
469 8 493 93 F: 7 1 
480 11 502 15 F: 11 
488 9 497 360 F: 6 3 
489 5 494 120 F: 5 
490 11 534 376 F: 11 
492 10 512 161 F: 5 2 3 
501 9 537 52 F: 4 5 
508 12 544 328 F: 12 
510 8 518 324 F: 3 2 3 
517 2 521 233 F: 2 
521 5 531 23 F: 2 3 
543 4 555 3 F: 4 
554 7 575 291 F: 7 
560 7 574 73 F: 2 4 1 
571 7 585 208 F: 7 
573 9 600 77 F: 6 3 
577 5 582 267 F: 5 
581 9 608 364 F: 3 2 4 
587 2 595 177 F: 2 
591 6 609 70 F: 4 2 
591 9 609 26 F: 4 2 3 
600 7 621 35 F: 3 3 1 
611 6 635 287 F: 6 
616 8 624 416 F: 3 3 2 
616 10 636 429 F: 7 3 
617 9 653 341 F: 3 3 3 
635 9 662 53 F: 5 4 
641 10 651 2 F: 6 4 
642 10 662 233 F: 10 
646 5 656 142 F: 2 2 1 
650 8 682 344 F: 4 4 
662 12 710 401 F: 12 
666 9 693 82 F: 4 5 
674 8 706 233 F: 6 2 
685 9 712 34 F: 4 3 2 
699 11 710 1 F: 11 
705 9 714 210 F: 3 6 
707 6 713 150 F: 2 4 
709 9 727 350 F: 5 2 2 
736 5 751 264 F: 5 
738 6 756 119 F: 4 2 
741 11 752 138 F: 11 
742 8 774 88 F: 5 3 
755 8 779 180 F: 7 1 
756 5 771 76 F: 5 
763 5 778 154 F: 3 2 
776 7 797 181 F: 7 
783 6 795 123 F: 3 1 2 
784 8 808 423 F: 4 1 3 
790 12 814 415 F: 7 5 
792 9 801 391 F: 4 1 4 
820 8 852 181 F: 8 
821 8 829 247 F: 8 
825 7 832 61 F: 4 2 1 
827 6 833 75 F: 6 
831 6 855 296 F: 3 2 1 
839 7 860 150 F: 6 1 
841 4 857 51 F: 2 2 
845 7 859 143 F: 2 2 3 
852 6 876 238 F: 4 2 
864 8 888 76 F: 3 2 3 
874 9 892 106 F: 6 3 
881 6 905 393 F: 2 4 
891 10 921 242 F: 10 
896 6 902 12 F: 2 4 
896 8 912 44 F: 2 3 3 
916 8 932 377 F: 8 
918 5 938 132 F: 2 2 1 
922 4 926 377 F: 4 
922 8 946 266 F: 4 3 1 
949 5 969 4 F: 4 1 
957 12 969 348 F: 12 
968 8 976 209 F: 2 2 4 
969 6 975 145 F: 6 
974 9 1010 179 F: 7 2 
985 2 993 223 F: 2 
989 6 1001 62 F: 3 1 2 
989 7 1003 63 F: 4 1 2 
994 6 1006 40 F: 3 1 2 
997 8 1005 74 F: 2 2 4 
999 7 1006 271 F: 5 1 1 
1004 10 1024 437 F: 10 
1006 9 1024 221 F: 9 
1007 7 1014 174 F: 2 5 
1011 10 1041 202 F: 4 3 3 
1013 10 1053 120 F: 10 
1014 11 1058 12 F: 11 
1034 7 1048 432 F: 2 1 4 
1036 6 1048 230 F: 2 2 2 
1037 11 1059 123 F: 11 
1063 9 1090 287 F: 5 3 1 
1075 7 1089 422 F: 7 
1081 7 1095 366 F: 6 1 
1083 7 1097 347 F: 4 1 2 
1085 10 1095 212 F: 4 4 2 
1096 8 1112 187 F: 3 5 
1100 9 1109 160 F: 9 
1109 11 1120 195 F: 11 
1114 7 1121 123 F: 2 5 
1124 6 1142 229 F: 4 1 1 
1131 7 1159 257 F: 6 1 
1131 10 1141 303 F: 4 6 
1138 12 1186 28 F: 5 4 3 
1138 13 1177 290 F: 13 
1160 7 1181 218 F: 3 1 3 
1168 9 1204 27 F: 4 1 4 
1177 11 1199 51 F: 5 6 
1178 9 1187 311 F: 7 2 
1180 11 1213 272 F: 11 
1183 10 1213 243 F: 7 3 
1198 10 1218 193 F: 10 
1213 8 1221 264 F: 8 
1214 12 1238 79 F: 12 
1223 12 1259 362 F: 4 4 4 
1225 13 1277 252 F: 13 
1227 9 1254 435 F: 9 
1232 5 1242 279 F: 4 1 
1235 11 1246 224 F: 11 
1237 8 1253 117 F: 2 4 2 
1241 13 1280 265 F: 13 
1246 4 1250 190 F: 2 2 
1254 8 1262 10 F: 2 2 4 
1270 10 1290 272 F: 7 3 
1271 10 1291 184 F: 4 4 2 
1284 11 1317 322 F: 4 4 3 
1296 6 1308 296 F: 2 3 1 
1322 10 1332 219 F: 3 4 3 
1332 10 1342 38 F: 10 
1335 8 1359 243 F: 8 
1336 9 1363 246 F: 5 3 1 
1348 6 1366 336 F: 6 
1349 10 1379 81 F: 4 4 2 
1355 13 1394 262 F: 13 
1356 6 1374 381 F: 6 
1357 12 1381 125 F: 12 
1368 9 1386 389 F: 7 2 
1378 8 1386 367 F: 5 1 2 
1379 4 1387 80 F: 4 
1391 10 1401 439 F: 5 2 3 
1395 9 1422 281 F: 9 
1399 9 1435 249 F: 4 3 2 
1412 7 1426 247 F: 6 1 
1417 12 1453 132 F: 12 
1418 8 1442 363 F: 3 4 1 
1423 2 1429 284 F: 2 
1433 8 1449 139 F: 2 6 
1435 10 1445 128 F: 5 5 
1442 6 1466 208 F: 4 1 1 
1453 5 1463 402 F: 2 1 2 
1454 9 1481 160 F: 2 3 4 
1466 8 1482 126 F: 2 2 4 
1482 11 1504 331 F: 3 4 4 
1483 7 1511 33 F: 3 1 3 
1492 4 1504 283 F: 4 
1498 8 1506 4 F: 4 3 1 
1499 5 1519 314 F: 5 
1501 8 1533 186 F: 4 3 1 
1502 9 1511 422 F: 7 2 
1516 8 1524 389 F: 5 3 
1534 10 1574 395 F: 10 
1540 6 1552 428 F: 6 
1545 9 1572 406 F: 5 3 1 
1548 6 1560 202 F: 4 2 
1550 7 1564 439 F: 2 3 2 
1557 8 1573 316 F: 5 3 
1564 5 1584 450 F: 5 
1567 6 1591 365 F: 3 3 
1569 9 1578 339 F: 4 5 
1570 4 1574 189 F: 2 1 1 
1578 8 1602 105 F: 3 5 
1598 13 1611 335 F: 7 6 
1601 10 1631 296 F: 4 6 
1602 10 1612 417 F: 5 3 2 
1608 11 1652 225 F: 11 
1613 7 1641 203 F: 7 
1614 8 1638 375 F: 2 6 
1616 8 1624 78 F: 4 1 3 
1619 7 1626 292 F: 5 2 
1637 8 1661 49 F: 7 1 
1639 10 1659 376 F: 3 3 4 
1640 9 1676 190 F: 3 4 2 
1643 8 1651 312 F: 4 1 3 
1649 7 1670 297 F: 3 4 
1658 11 1702 442 F: 4 4 3 
1670 5 1690 356 F: 2 3 
1686 4 1702 378 F: 2 2 
1717 8 1733 428 F: 3 3 2 
1721 8 1729 294 F: 3 4 1 
1734 7 1762 165 F: 3 2 2 
1737 13 1776 425 F: 7 6 
1740 6 1764 77 F: 5 1 
1740 7 1768 39 F: 7 
1757 12 1781 52 F: 12 
1779 7 1807 335 F: 5 2 
1780 3 1792 235 F: 3 
1780 12 1804 349 F: 12 
1781 11 1803 57 F: 5 4 2 
1786 9 1804 322 F: 2 4 3 
1791 6 1809 145 F: 6 
1799 7 1827 185 F: 2 5 
1799 8 1823 17 F: 8 
1805 11 1816 145 F: 5 4 2 
1807 6 1825 431 F: 3 2 1 
1811 8 1819 58 F: 2 6 
1814 9 1850 122 F: 4 1 4 
1831 8 1855 225 F: 2 2 4 
1841 11 1885 32 F: 5 4 2 
1845 11 1856 409 F: 6 5 
1864 2 1868 252 F: 2 
1864 11 1875 446 F: 5 6 
1865 5 1870 305 F: 2 3 
1868 10 1908 78 F: 3 4 3 
1876 10 1886 129 F: 5 2 3 
1887 12 1899 342 F: 12 
1897 9 1906 313 F: 4 4 1 
1899 13 1951 350 F: 13 
1900 11 1944 363 F: 4 3 4 
1906 7 1927 434 F: 4 3 
1918 6 1936 26 F: 3 2 1 
1924 7 1952 448 F: 4 3 
1928 10 1938 443 F: 7 3 
1953 8 1969 258 F: 3 5 
1954 7 1961 258 F: 2 2 3 
1957 4 1965 238 F: 2 1 1 
1962 8 1978 18 F: 5 2 1 
1970 7 1991 382 F: 2 2 3 
1974 4 1982 8 F: 4 
1983 7 2004 11 F: 5 2 
1984 6 1996 227 F: 3 3 
1991 6 2015 307 F: 2 1 3 
1999 8 2015 16 F: 8 
2012 5 2032 374 F: 5 
2012 6 2024 377 F: 2 1 3 
2015 6 2021 52 F: 6 
2019 8 2043 429 F: 8 
2026 6 2038 342 F: 5 1 
2033 9 2042 23 F: 4 5 
2033 12 2045 376 F: 7 5 
2066 8 2082 119 F: 5 1 2 
2069 5 2084 403 F: 4 1 
2071 10 2111 384 F: 10 
2084 9 2093 259 F: 2 3 4 
2086 9 2104 46 F: 4 5 
2094 10 2104 53 F: 10 
2095 10 2135 271 F: 6 4 
2099 6 2123 42 F: 3 3 
2100 7 2107 161 F: 5 2 
2118 5 2123 331 F: 5 
2119 10 2149 228 F: 5 2 3 
2119 13 2132 32 F: 7 6 
2125 5 2145 268 F: 5 
2129 9 2138 380 F: 4 1 4 
2137 3 2140 403 F: 2 1 
2142 10 2182 168 F: 3 3 4 
2144 10 2154 322 F: 5 2 3 
2152 7 2180 255 F: 7 
2163 6 2187 106 F: 3 2 1 
2163 8 2195 420 F: 3 5 
2188 4 2200 80 F: 3 1 
2190 11 2223 364 F: 5 4 2 
2197 11 2241 256 F: 5 4 2 
2210 4 2218 96 F: 3 1 
2214 8 2238 296 F: 4 4 
2230 9 2248 262 F: 5 2 2 
2240 9 2276 220 F: 4 3 2 
2247 9 2283 372 F: 6 3 
2248 12 2260 294 F: 7 5 
2250 4 2266 243 F: 3 1 
2257 8 2273 56 F: 2 3 3 
2258 10 2288 282 F: 5 4 1 
2266 8 2290 63 F: 4 4 
2274 9 2292 442 F: 6 3 
2275 2 2281 178 F: 2 
2280 4 2284 50 F: 2 1 1 
2285 5 2305 26 F: 3 1 1 
2291 10 2301 94 F: 10 
2303 13 2355 130 F: 13 
2331 13 2383 181 F: 13 
2333 2 2341 322 F: 2 
2339 8 2371 75 F: 3 5 
2347 9 2383 4 F: 9 
2360 9 2396 329 F: 4 5 
2365 11 2409 144 F: 4 3 4 
2366 4 2378 450 F: 4 
2367 4 2371 131 F: 4 
2369 13 2421 254 F: 13 
2372 12 2408 405 F: 5 3 4 
2382 5 2397 91 F: 2 1 2 
2382 8 2390 172 F: 4 1 3 
2383 6 2401 189 F: 3 1 2 
2398 11 2409 371 F: 11 
2409 9 2436 426 F: 4 2 3 
2427 7 2441 235 F: 2 1 4 
2432 10 2472 393 F: 5 5 
2440 7 2454 369 F: 3 1 3 
2444 9 2453 351 F: 5 1 3 
2450 11 2472 154 F: 5 3 3 
2457 12 2469 57 F: 12 
2465 7 2472 298 F: 2 4 1 
2470 6 2488 347 F: 3 3 
2473 9 2500 400 F: 3 6 
2474 2 2476 62 F: 2 
2478 10 2508 344 F: 3 4 3 
2481 11 2503 432 F: 5 2 4 
2485 7 2499 10 F: 2 1 4 
2489 13 2528 429 F: 13 
2520 7 2534 351 F: 3 3 1 
2526 8 2550 297 F: 8 
2534 10 2544 278 F: 10 
2537 4 2549 403 F: 4 
2538 9 2547 388 F: 4 5 
2539 8 2555 244 F: 3 1 4 
2548 9 2557 106 F: 4 4 1 
2549 4 2557 178 F: 4 
2550 10 2590 356 F: 10 
2556 4 2560 270 F: 4 
2556 13 2595 268 F: 13 
2563 6 2581 131 F: 3 3 
2569 11 2580 242 F: 11 
2590 4 2606 55 F: 4 
2593 12 2617 270 F: 12 
2600 11 2611 355 F: 11 
2620 6 2626 24 F: 3 2 1 
2635 5 2655 215 F: 4 1 
2640 7 2661 57 F: 7 
2645 5 2660 229 F: 3 1 1 
2645 8 2661 358 F: 7 1 
2653 8 2669 127 F: 4 3 1 
2657 5 2667 187 F: 5 
2659 6 2677 125 F: 6 
2672 8 2704 105 F: 4 4 
2676 11 2709 395 F: 11 
2681 12 2705 114 F: 4 4 4 
2683 4 2687 103 F: 4 
2687 9 2696 348 F: 9 
2692 8 2708 260 F: 8 
2700 8 2724 273 F: 3 1 4 
2700 11 2722 270 F: 7 4 
2706 11 2728 52 F: 3 4 4 
2712 8 2736 283 F: 6 2 
2715 3 2718 120 F: 3 
2719 11 2730 26 F: 5 3 3 
2722 6 2740 342 F: 4 2 
2728 8 2736 397 F: 8 
2744 8 2776 444 F: 4 3 1 
2759 7 2780 75 F: 7 
2761 9 2788 96 F: 6 3 
2763 9 2799 38 F: 3 6 
2777 4 2789 263 F: 3 1 
2777 7 2791 148 F: 2 2 3 
2795 13 2834 371 F: 13 
2813 11 2857 103 F: 6 5 
2822 6 2828 433 F: 3 1 2 
2828 6 2840 312 F: 4 1 1 
2829 11 2840 159 F: 4 4 3 
2840 3 2846 99 F: 3 
2845 7 2859 200 F: 4 3 
2849 3 2861 300 F: 3 
2857 9 2875 171 F: 5 4 
2860 5 2865 340 F: 4 1 
2863 9 2890 310 F: 5 4 
2884 12 2920 23 F: 12 
2888 7 2916 241 F: 3 2 2 
2889 10 2909 71 F: 4 2 4 
2898 5 2913 384 F: 2 1 2 
2899 12 2935 426 F: 6 6 
2903 12 2915 344 F: 6 6 
2907 10 2917 346 F: 2 4 4 
2911 10 2931 108 F: 5 1 4 
2923 11 2967 133 F: 11 
2932 7 2960 340 F: 3 3 1 
2935 9 2962 322 F: 4 1 4 
2938 2 2942 288 F: 2 
2939 7 2960 84 F: 2 4 1 
2939 10 2969 162 F: 4 3 3 
2954 7 2982 450 F: 6 1 
2958 11 2991 269 F: 5 6 
2964 13 3003 320 F: 13 
2974 4 2990 245 F: 4 
2987 10 3007 274 F: 3 4 3 
2989 9 3016 282 F: 3 2 4 
D: 2 162 
D: 7 292 
D: 11 39 
D: 12 30 
D: 24 305 
D: 33 108 
D: 54 159 
D: 54 211 
D: 56 263 
D: 58 61 
D: 61 145 
D: 84 300 
D: 85 210 
D: 90 193 
D: 97 179 
D: 105 130 
D: 106 370 
D: 115 282 
D: 121 393 
D: 130 330 
D: 144 152 
D: 149 419 
D: 159 281 
D: 164 302 
D: 165 412 
D: 177 420 
D: 178 288 
D: 180 231 
D: 180 233 
D: 187 426 
D: 194 273 
D: 199 434 
D: 204 380 
D: 206 337 
D: 214 377 
D: 215 339 
D: 218 240 
D: 235 313 
D: 248 426 
D: 257 436 
D: 281 386 
D: 283 311 
D: 283 366 
D: 332 408 
D: 347 418 
