16 10 56 25 F: 4 6 
18 10 58 284 F: 10 
22 6 40 78 F: 6 
24 10 44 45 F: 7 3 
29 13 81 408 F: 13 
65 13 117 326 F: 7 6 
70 9 97 261 F: 5 3 1 
71 10 111 265 F: 7 3 
75 6 81 149 F: 2 4 
75 10 95 65 F: 10 
77 9 95 198 F: 4 4 1 
80 7 101 434 F: 6 1 
86 7 114 75 F: 7 
95 6 113 369 F: 2 4 
95 6 119 221 F: 3 1 2 
112 10 122 251 F: 5 3 2 
117 9 126 118 F: 4 5 
124 8 156 205 F: 8 
135 8 167 4 F: 5 1 2 
137 11 148 362 F: 11 
152 5 172 444 F: 2 2 1 
152 13 178 79 F: 5 4 4 
154 9 190 431 F: 3 3 3 
161 2 163 246 F: 2 
168 12 192 140 F: 12 
169 11 191 328 F: 4 4 3 
179 10 219 445 F: 5 5 
180 10 210 426 F: 6 4 
190 7 197 420 F: 4 1 2 
192 7 213 416 F: 3 1 3 
202 11 213 125 F: 11 
211 6 229 39 F: 4 1 1 
217 12 253 375 F: 5 4 3 
224 9 251 412 F: 2 4 3 
235 5 245 446 F: 4 1 
240 11 251 327 F: 11 
243 9 252 133 F: 4 5 
244 3 253 304 F: 2 1 
246 8 278 249 F: 7 1 
247 8 255 374 F: 4 4 
263 10 273 36 F: 4 3 3 
279 12 303 185 F: 7 5 
291 7 298 62 F: 4 1 2 
291 7 312 313 F: 2 5 
291 8 323 202 F: 8 
321 8 345 269 F: 4 3 1 
325 11 347 411 F: 4 3 4 
333 5 343 311 F: 3 1 1 
351 9 360 395 F: 5 3 1 
359 6 365 449 F: 6 
359 11 392 247 F: 11 
362 13 414 56 F: 13 
366 7 394 264 F: 7 
373 8 389 342 F: 8 
374 9 401 129 F: 3 4 2 
376 8 408 234 F: 2 6 
379 6 397 439 F: 6 
385 4 389 354 F: 2 1 1 
390 8 422 380 F: 2 2 4 
396 10 416 84 F: 6 4 
409 4 413 335 F: 2 1 1 
421 5 436 131 F: 3 1 1 
423 8 455 246 F: 7 1 
424 10 434 125 F: 4 2 4 
442 2 448 291 F: 2 
450 5 465 63 F: 5 
469 6 487 94 F: 6 
471 9 498 278 F: 3 2 4 
474 6 486 96 F: 4 1 1 
478 11 511 222 F: 11 
492 12 540 76 F: 5 4 3 
494 12 530 31 F: 12 
495 4 503 350 F: 2 1 1 
495 12 519 25 F: 4 4 4 
499 13 551 235 F: 7 6 
503 9 530 281 F: 5 3 1 
511 5 531 16 F: 4 1 
515 8 539 373 F: 8 
518 4 522 295 F: 4 
522 8 546 332 F: 4 3 1 
529 5 549 217 F: 2 1 2 
529 8 537 274 F: 3 5 
529 8 545 292 F: 2 3 3 
553 9 562 143 F: 4 1 4 
558 9 567 45 F: 5 4 
563 12 599 377 F: 12 
567 10 587 177 F: 5 5 
582 10 612 13 F: 4 6 
582 10 612 215 F: 5 5 
595 7 616 434 F: 2 5 
601 12 613 128 F: 12 
606 12 618 142 F: 12 
623 7 644 351 F: 3 2 2 
631 8 647 253 F: 4 4 
640 9 649 364 F: 4 2 3 
650 6 656 337 F: 6 
659 5 669 420 F: 4 1 
661 8 685 199 F: 4 4 
665 8 697 32 F: 3 5 
670 3 679 400 F: 3 
671 4 675 425 F: 4 
672 9 708 166 F: 3 6 
675 10 685 119 F: 4 4 2 
684 3 696 396 F: 3 
696 6 720 108 F: 6 
701 10 731 148 F: 10 
708 13 760 15 F: 13 
709 4 721 27 F: 2 2 
720 5 730 78 F: 3 2 
720 11 753 212 F: 5 6 
724 8 732 204 F: 2 4 2 
724 9 742 72 F: 5 1 3 
728 5 733 313 F: 5 
735 10 775 146 F: 3 4 3 
742 8 774 293 F: 4 4 
754 10 794 269 F: 10 
758 8 774 100 F: 3 2 3 
772 9 781 295 F: 9 
791 9 827 379 F: 5 3 1 
796 10 806 440 F: 4 6 
803 9 812 92 F: 4 3 2 
807 13 859 306 F: 5 4 4 
823 3 835 139 F: 3 
833 7 847 288 F: 6 1 
835 13 861 268 F: 13 
854 11 887 341 F: 5 6 
855 12 903 250 F: 5 4 3 
859 8 875 403 F: 3 1 4 
862 4 874 324 F: 4 
871 6 883 439 F: 3 3 
874 8 898 51 F: 8 
874 10 914 10 F: 10 
881 10 921 61 F: 5 2 3 
882 8 890 344 F: 5 3 
886 8 894 198 F: 2 3 3 
913 5 933 264 F: 3 1 1 
913 9 922 91 F: 2 3 4 
919 11 930 274 F: 5 6 
922 12 934 393 F: 12 
923 2 925 140 F: 2 
937 6 949 229 F: 6 
945 11 989 391 F: 11 
949 7 956 17 F: 2 2 3 
959 10 979 256 F: 7 3 
964 4 972 303 F: 2 2 
966 5 986 217 F: 2 1 2 
971 6 989 162 F: 4 1 1 
973 2 981 417 F: 2 
989 8 1021 158 F: 4 4 
993 6 1017 86 F: 2 4 
1004 7 1011 135 F: 2 1 4 
1009 5 1024 344 F: 2 2 1 
1009 7 1037 198 F: 7 
1020 2 1026 333 F: 2 
1023 10 1063 179 F: 4 6 
1035 4 1051 383 F: 3 1 
1036 6 1060 280 F: 3 3 
1045 5 1055 216 F: 4 1 
1045 6 1069 127 F: 6 
1051 12 1087 367 F: 6 6 
1053 7 1074 20 F: 7 
1056 4 1064 409 F: 3 1 
1066 11 1099 254 F: 5 2 4 
1082 8 1090 309 F: 8 
1099 5 1109 103 F: 4 1 
1105 5 1115 118 F: 2 2 1 
1117 11 1139 336 F: 7 4 
1119 10 1149 186 F: 5 5 
1124 10 1154 273 F: 10 
1131 4 1139 378 F: 2 1 1 
1132 12 1168 94 F: 12 
1135 11 1179 292 F: 11 
1153 7 1181 84 F: 2 2 3 
1169 10 1199 442 F: 7 3 
1170 11 1181 168 F: 6 5 
1175 11 1197 288 F: 11 
1180 10 1190 123 F: 10 
1182 8 1198 297 F: 8 
1195 7 1202 395 F: 5 2 
1199 7 1227 133 F: 7 
1203 6 1215 119 F: 5 1 
1203 8 1211 374 F: 4 3 1 
1205 7 1226 212 F: 2 5 
1212 6 1224 354 F: 5 1 
1234 7 1248 77 F: 4 2 1 
1239 5 1259 413 F: 5 
1240 7 1261 164 F: 5 2 
1246 6 1252 392 F: 2 3 1 
1249 7 1256 21 F: 6 1 
1263 6 1287 25 F: 6 
1274 5 1289 306 F: 5 
1280 8 1304 215 F: 4 1 3 
1294 6 1312 186 F: 2 1 3 
1299 7 1320 23 F: 7 
1299 9 1317 37 F: 4 2 3 
1316 10 1346 249 F: 6 4 
1316 10 1346 392 F: 5 2 3 
1327 6 1333 372 F: 4 1 1 
1332 10 1352 384 F: 5 5 
1333 6 1345 336 F: 6 
1336 10 1346 377 F: 2 4 4 
1344 8 1360 68 F: 2 4 2 
1351 7 1358 265 F: 3 4 
1356 12 1392 106 F: 6 6 
1362 9 1380 9 F: 3 6 
1363 8 1395 32 F: 8 
1378 10 1398 251 F: 4 6 
1379 9 1388 93 F: 6 3 
1384 3 1387 441 F: 3 
1397 3 1406 147 F: 3 
1414 5 1424 303 F: 4 1 
1421 8 1437 22 F: 5 1 2 
1421 10 1431 96 F: 6 4 
1422 13 1474 116 F: 13 
1426 4 1442 389 F: 3 1 
1436 10 1446 171 F: 10 
1443 10 1453 94 F: 4 2 4 
1452 13 1478 375 F: 13 
1454 3 1457 19 F: 2 1 
1455 5 1470 382 F: 2 3 
1455 10 1495 61 F: 10 
1470 8 1502 242 F: 5 3 
1485 13 1524 357 F: 13 
1492 6 1516 368 F: 2 3 1 
1494 13 1507 3 F: 13 
1504 5 1514 49 F: 5 
1510 9 1546 403 F: 9 
1517 10 1557 35 F: 4 6 
1519 5 1534 422 F: 5 
1526 9 1544 245 F: 9 
1542 4 1554 254 F: 4 
1551 10 1581 201 F: 4 6 
1551 11 1584 269 F: 11 
1556 7 1570 252 F: 7 
1561 9 1588 289 F: 5 1 3 
1562 6 1580 222 F: 2 4 
1563 8 1571 380 F: 3 5 
1565 11 1598 340 F: 11 
1584 10 1624 7 F: 3 4 3 
1588 5 1608 22 F: 5 
1603 8 1627 70 F: 3 4 1 
1607 6 1631 381 F: 4 1 1 
1616 10 1636 210 F: 3 4 3 
1618 5 1638 73 F: 2 3 
1634 9 1643 356 F: 3 4 2 
1635 6 1653 39 F: 6 
1655 8 1687 391 F: 4 3 1 
1675 10 1705 280 F: 5 5 
1676 4 1684 349 F: 4 
1676 8 1700 442 F: 5 1 2 
1676 10 1706 413 F: 5 5 
1678 11 1689 25 F: 7 4 
1688 5 1708 306 F: 5 
1696 4 1712 342 F: 4 
1697 9 1706 359 F: 4 5 
1710 3 1722 361 F: 3 
1711 8 1743 375 F: 3 4 1 
1717 11 1761 238 F: 5 4 2 
1725 8 1757 130 F: 3 5 
1731 8 1739 24 F: 3 4 1 
1732 11 1765 147 F: 4 4 3 
1740 9 1758 107 F: 9 
1744 6 1768 285 F: 6 
1747 10 1767 264 F: 2 4 4 
1757 9 1793 412 F: 5 3 1 
1770 8 1802 205 F: 8 
1772 8 1780 55 F: 2 6 
1779 9 1806 141 F: 9 
1795 3 1801 138 F: 2 1 
1797 3 1800 409 F: 2 1 
1802 12 1814 390 F: 5 4 3 
1807 6 1819 144 F: 5 1 
1814 11 1847 75 F: 5 6 
1816 5 1821 22 F: 2 1 2 
1816 8 1832 134 F: 4 4 
1825 7 1839 43 F: 2 2 3 
1838 6 1844 179 F: 6 
1839 5 1849 331 F: 3 2 
1841 5 1856 345 F: 5 
1847 7 1861 142 F: 3 4 
1848 8 1856 431 F: 3 5 
1849 7 1870 5 F: 4 2 1 
1875 5 1895 197 F: 2 3 
1893 12 1941 192 F: 7 5 
1897 11 1908 110 F: 11 
1902 10 1932 215 F: 5 4 1 
1906 8 1914 59 F: 7 1 
1908 9 1917 52 F: 9 
1917 5 1937 348 F: 5 
1922 6 1946 317 F: 6 
1926 5 1941 72 F: 3 2 
1927 8 1943 412 F: 7 1 
1942 9 1978 27 F: 9 
1962 7 1990 251 F: 7 
1968 9 1986 23 F: 2 3 4 
1973 10 1983 127 F: 5 5 
1976 4 1992 206 F: 3 1 
1977 5 1987 34 F: 4 1 
1980 9 1989 173 F: 4 1 4 
1986 9 1995 309 F: 3 3 3 
2004 12 2052 317 F: 5 4 3 
2011 5 2016 219 F: 2 3 
2015 10 2045 5 F: 5 4 1 
2021 6 2045 258 F: 2 4 
2024 13 2063 205 F: 7 6 
2038 11 2049 8 F: 11 
2049 11 2060 389 F: 6 5 
2050 6 2056 448 F: 2 2 2 
2062 13 2075 411 F: 5 4 4 
2066 4 2078 393 F: 4 
2068 12 2080 263 F: 5 3 4 
2072 3 2084 184 F: 3 
2075 3 2081 148 F: 2 1 
2082 13 2121 356 F: 13 
2085 4 2097 242 F: 4 
2105 12 2141 229 F: 6 6 
2112 13 2125 228 F: 13 
2114 4 2118 8 F: 4 
2121 7 2142 172 F: 7 
2123 4 2131 73 F: 2 2 
2140 3 2146 245 F: 3 
2143 3 2146 254 F: 3 
2145 5 2155 339 F: 3 2 
2158 5 2173 340 F: 2 2 1 
2159 8 2183 417 F: 8 
2160 9 2169 102 F: 5 1 3 
2162 9 2189 212 F: 4 4 1 
2166 8 2174 147 F: 7 1 
2190 5 2200 223 F: 2 1 2 
2190 7 2211 241 F: 3 4 
2201 9 2219 176 F: 5 2 2 
2212 9 2230 194 F: 3 6 
2223 12 2271 205 F: 6 6 
2232 10 2272 53 F: 7 3 
2240 3 2243 41 F: 3 
2249 8 2257 47 F: 3 3 2 
2249 13 2288 231 F: 13 
2250 8 2282 164 F: 6 2 
2273 6 2297 316 F: 6 
2281 7 2302 206 F: 7 
2295 8 2303 433 F: 5 3 
2296 5 2311 154 F: 5 
2296 9 2314 53 F: 4 1 4 
2299 8 2323 131 F: 6 2 
2299 9 2335 166 F: 5 4 
2311 6 2335 384 F: 6 
2316 6 2322 270 F: 3 3 
2316 6 2334 294 F: 6 
2318 5 2338 208 F: 5 
2325 7 2353 13 F: 3 4 
2333 8 2357 33 F: 5 3 
2342 7 2370 183 F: 5 2 
2357 9 2366 325 F: 3 2 4 
2360 7 2367 262 F: 4 3 
2369 8 2401 310 F: 6 2 
2378 11 2411 277 F: 11 
2381 7 2409 282 F: 4 2 1 
2390 5 2405 261 F: 5 
2394 2 2398 346 F: 2 
2397 10 2407 26 F: 3 3 4 
2404 10 2424 245 F: 6 4 
2412 7 2419 76 F: 2 1 4 
2422 9 2431 310 F: 2 4 3 
2429 13 2468 143 F: 5 4 4 
2430 3 2439 14 F: 3 
2433 10 2463 73 F: 5 2 3 
2447 8 2479 289 F: 3 5 
2451 2 2455 366 F: 2 
2459 12 2507 3 F: 5 3 4 
2460 10 2500 336 F: 4 3 3 
2464 5 2484 412 F: 2 3 
2464 8 2488 404 F: 4 4 
2471 8 2503 50 F: 5 2 1 
2483 6 2507 351 F: 3 2 1 
2491 9 2518 300 F: 2 3 4 
2520 7 2548 222 F: 2 2 3 
2521 5 2536 195 F: 2 3 
2523 10 2553 171 F: 6 4 
2534 12 2546 378 F: 6 6 
2543 7 2550 425 F: 7 
2546 6 2570 186 F: 2 4 
2549 8 2573 343 F: 4 3 1 
2554 10 2584 351 F: 6 4 
2563 9 2599 184 F: 7 2 
2577 6 2583 168 F: 2 2 2 
2579 7 2607 178 F: 3 4 
2579 13 2631 93 F: 5 4 4 
2589 6 2613 28 F: 4 1 1 
2590 2 2598 63 F: 2 
2598 10 2628 254 F: 3 3 4 
2602 12 2650 250 F: 5 3 4 
2611 11 2655 246 F: 11 
2612 8 2620 259 F: 4 4 
2616 10 2646 341 F: 5 5 
2631 8 2663 251 F: 4 4 
2632 7 2653 27 F: 7 
2636 8 2652 246 F: 3 4 1 
2639 5 2654 430 F: 2 3 
2640 10 2660 37 F: 5 5 
2643 9 2661 41 F: 5 3 1 
2661 11 2705 264 F: 7 4 
2664 7 2692 67 F: 2 5 
2675 7 2682 308 F: 5 1 1 
2676 10 2696 413 F: 5 5 
2696 7 2724 165 F: 5 1 1 
2700 11 2733 397 F: 5 2 4 
2707 11 2729 322 F: 5 4 2 
2710 11 2732 174 F: 6 5 
2712 13 2738 10 F: 7 6 
2730 12 2742 98 F: 7 5 
2731 8 2739 228 F: 2 6 
2731 10 2751 183 F: 4 2 4 
2736 12 2760 141 F: 12 
2738 10 2758 104 F: 10 
2753 11 2797 308 F: 4 3 4 
2759 13 2772 397 F: 7 6 
2775 9 2784 280 F: 4 5 
2791 9 2818 42 F: 3 6 
2797 9 2815 29 F: 4 2 3 
2798 7 2805 389 F: 4 3 
2804 3 2810 358 F: 3 
2809 12 2833 124 F: 7 5 
2824 13 2863 343 F: 7 6 
2828 9 2837 314 F: 9 
2835 12 2883 81 F: 12 
2847 8 2871 57 F: 8 
2855 3 2867 403 F: 2 1 
2864 10 2904 434 F: 4 6 
2869 6 2887 40 F: 6 
2877 5 2897 428 F: 2 3 
2884 10 2914 202 F: 7 3 
2896 4 2900 297 F: 2 1 1 
2897 3 2900 232 F: 3 
2897 12 2909 138 F: 12 
2898 10 2918 340 F: 10 
2904 12 2940 256 F: 12 
2907 7 2935 339 F: 6 1 
2912 5 2917 430 F: 5 
2914 8 2922 52 F: 6 2 
2918 7 2946 167 F: 2 3 2 
2938 3 2950 111 F: 2 1 
2943 8 2959 212 F: 8 
2952 9 2970 68 F: 2 3 4 
2956 11 3000 230 F: 3 4 4 
2959 9 2968 93 F: 4 4 1 
2970 6 2982 202 F: 2 1 3 
2971 8 2979 155 F: 2 3 3 
2988 8 3020 409 F: 4 4 
2996 7 3024 35 F: 4 1 2 
2999 9 3035 289 F: 9 
D: 1 230 
D: 2 37 
D: 16 100 
D: 18 24 
D: 28 290 
D: 28 309 
D: 44 310 
D: 55 240 
D: 61 356 
D: 62 72 
D: 63 286 
D: 66 186 
D: 73 444 
D: 75 380 
D: 86 201 
D: 87 441 
D: 91 320 
D: 112 419 
D: 118 241 
D: 122 321 
D: 126 287 
D: 129 449 
D: 132 321 
D: 136 243 
D: 145 268 
D: 153 327 
D: 153 368 
D: 154 219 
D: 165 338 
D: 168 316 
D: 171 337 
D: 178 243 
D: 178 282 
D: 185 415 
D: 188 297 
D: 188 331 
D: 191 388 
D: 224 234 
D: 303 339 
D: 329 337 
D: 362 403 
D: 378 380 
D: 382 395 
D: 399 405 
D: 421 430 
