3 11 36 302 F: 11 
11 5 21 236 F: 5 
17 6 29 70 F: 2 3 1 
23 6 41 138 F: 2 3 1 
34 8 50 394 F: 3 3 2 
37 9 55 292 F: 6 3 
38 9 65 259 F: 2 3 4 
53 4 69 196 F: 3 1 
54 9 63 166 F: 5 4 
60 9 69 261 F: 9 
68 9 104 372 F: 5 2 2 
75 10 85 170 F: 5 1 4 
86 11 119 207 F: 7 4 
94 4 106 257 F: 2 1 1 
94 11 116 154 F: 4 3 4 
107 10 127 129 F: 6 4 
108 7 129 298 F: 7 
108 10 128 226 F: 5 5 
111 6 123 371 F: 4 2 
112 2 120 184 F: 2 
120 13 133 128 F: 13 
128 4 140 137 F: 4 
138 8 170 143 F: 2 6 
139 10 169 391 F: 10 
144 7 165 106 F: 7 
144 12 156 191 F: 7 5 
175 9 211 271 F: 2 3 4 
178 10 208 335 F: 7 3 
186 3 195 73 F: 3 
193 13 219 322 F: 7 6 
206 8 230 83 F: 8 
207 9 234 280 F: 4 4 1 
220 8 228 122 F: 7 1 
225 9 234 286 F: 9 
231 7 252 13 F: 3 4 
239 9 248 226 F: 2 3 4 
247 2 249 110 F: 2 
247 10 287 325 F: 10 
262 12 286 138 F: 12 
270 10 280 71 F: 10 
272 5 282 60 F: 5 
273 3 279 213 F: 3 
274 6 286 184 F: 2 1 3 
289 10 319 19 F: 4 6 
291 9 318 144 F: 3 3 3 
301 6 319 282 F: 3 3 
306 2 310 117 F: 2 
317 12 329 188 F: 12 
323 13 375 363 F: 13 
325 5 345 175 F: 5 
325 11 358 275 F: 5 3 3 
332 13 345 178 F: 5 4 4 
339 8 347 170 F: 2 2 4 
349 12 373 128 F: 5 3 4 
355 7 369 345 F: 3 4 
359 10 389 104 F: 4 2 4 
373 10 383 399 F: 10 
376 10 416 240 F: 10 
382 11 404 363 F: 4 4 3 
389 8 421 187 F: 2 2 4 
405 4 409 379 F: 3 1 
412 7 419 327 F: 2 5 
413 6 431 308 F: 2 4 
418 11 462 119 F: 5 2 4 
437 8 461 154 F: 2 3 3 
438 13 464 145 F: 5 4 4 
440 7 447 262 F: 3 3 1 
440 9 476 74 F: 9 
459 7 473 305 F: 7 
473 7 501 226 F: 6 1 
476 2 478 130 F: 2 
489 7 510 300 F: 2 3 2 
491 7 512 307 F: 5 1 1 
493 9 511 337 F: 9 
495 12 519 39 F: 12 
502 8 526 75 F: 7 1 
503 8 527 265 F: 4 4 
512 4 528 189 F: 4 
518 8 550 21 F: 5 3 
523 13 575 322 F: 13 
527 7 541 385 F: 5 2 
555 5 560 60 F: 2 3 
557 9 584 305 F: 3 6 
559 3 565 70 F: 3 
560 3 563 41 F: 3 
566 9 602 225 F: 2 3 4 
576 6 588 204 F: 6 
592 13 605 67 F: 13 
597 10 607 90 F: 4 6 
599 4 615 273 F: 4 
603 10 613 222 F: 5 2 3 
607 6 631 286 F: 2 4 
615 5 625 105 F: 3 2 
629 8 645 193 F: 2 3 3 
632 6 638 237 F: 6 
636 12 672 257 F: 4 4 4 
650 9 668 295 F: 3 2 4 
654 6 666 61 F: 3 3 
659 9 695 281 F: 9 
671 6 683 169 F: 6 
675 5 685 3 F: 5 
676 7 683 214 F: 2 5 
678 8 702 256 F: 6 2 
683 12 707 362 F: 7 5 
689 8 705 169 F: 3 2 3 
713 3 719 134 F: 3 
713 8 737 20 F: 6 2 
732 10 752 187 F: 4 6 
746 8 754 104 F: 7 1 
759 7 766 206 F: 3 3 1 
761 9 797 303 F: 9 
772 9 808 58 F: 7 2 
777 8 801 294 F: 3 1 4 
777 10 817 28 F: 6 4 
781 2 785 364 F: 2 
781 10 821 174 F: 10 
783 3 789 333 F: 3 
785 10 795 63 F: 5 5 
791 8 823 75 F: 3 5 
797 9 824 31 F: 2 4 3 
805 7 826 95 F: 2 2 3 
816 8 832 128 F: 8 
821 6 833 259 F: 3 1 2 
824 6 842 201 F: 2 2 2 
826 8 834 362 F: 5 3 
843 9 870 172 F: 4 2 3 
861 6 879 186 F: 2 1 3 
862 8 886 132 F: 3 4 1 
862 10 872 267 F: 10 
865 8 881 9 F: 3 5 
869 5 884 158 F: 4 1 
870 9 897 161 F: 3 2 4 
872 3 875 280 F: 3 
872 9 899 54 F: 4 3 2 
882 11 926 193 F: 5 2 4 
901 2 905 48 F: 2 
901 7 915 248 F: 7 
902 11 913 166 F: 5 3 3 
913 6 931 131 F: 3 1 2 
915 12 939 156 F: 7 5 
915 12 963 49 F: 12 
935 7 956 138 F: 2 5 
941 10 971 255 F: 4 6 
942 5 947 212 F: 3 2 
956 8 980 257 F: 6 2 
961 12 973 364 F: 4 4 4 
962 9 989 222 F: 4 2 3 
968 9 995 392 F: 4 1 4 
985 8 1001 31 F: 4 4 
993 10 1023 216 F: 5 5 
1005 8 1021 38 F: 8 
1005 9 1041 125 F: 9 
1017 7 1045 8 F: 4 2 1 
1025 6 1031 161 F: 5 1 
1028 5 1048 345 F: 4 1 
1033 7 1047 199 F: 3 2 2 
1034 8 1058 358 F: 8 
1053 7 1067 169 F: 3 4 
1056 2 1064 121 F: 2 
1063 6 1087 137 F: 4 1 1 
1068 9 1095 249 F: 4 5 
1072 11 1116 148 F: 5 3 3 
1074 13 1113 365 F: 13 
1081 11 1125 182 F: 11 
1083 8 1099 188 F: 7 1 
1101 10 1111 270 F: 4 6 
1104 13 1156 7 F: 13 
1113 12 1137 191 F: 12 
1115 10 1155 162 F: 10 
1117 10 1157 56 F: 7 3 
1123 7 1144 311 F: 2 2 3 
1124 7 1152 232 F: 4 1 2 
1132 2 1138 310 F: 2 
1140 9 1158 163 F: 7 2 
1145 8 1177 363 F: 2 4 2 
1146 11 1168 198 F: 7 4 
1162 9 1189 247 F: 3 6 
1182 10 1192 154 F: 7 3 
1192 10 1222 307 F: 7 3 
1198 4 1206 329 F: 3 1 
1206 9 1233 66 F: 5 1 3 
1213 7 1234 285 F: 5 2 
1218 9 1236 310 F: 3 6 
1222 9 1249 371 F: 7 2 
1223 11 1256 83 F: 11 
1226 8 1234 34 F: 4 3 1 
1227 6 1233 15 F: 4 2 
1237 9 1264 181 F: 9 
1247 7 1254 70 F: 4 3 
1272 5 1282 389 F: 3 2 
1273 9 1291 151 F: 5 2 2 
1288 8 1320 50 F: 3 5 
1293 7 1314 152 F: 4 3 
1294 8 1302 119 F: 2 2 4 
1296 11 1318 207 F: 5 2 4 
1301 4 1313 191 F: 4 
1313 9 1331 186 F: 9 
1321 13 1334 249 F: 13 
1323 6 1335 13 F: 3 2 1 
1338 7 1366 6 F: 5 1 1 
1339 6 1357 205 F: 4 2 
1342 9 1360 365 F: 5 3 1 
1348 12 1372 267 F: 12 
1352 13 1378 4 F: 13 
1367 4 1379 30 F: 2 2 
1370 11 1414 84 F: 5 6 
1371 12 1383 315 F: 12 
1373 8 1381 28 F: 3 2 3 
1378 7 1406 153 F: 3 4 
1390 4 1398 135 F: 4 
1405 7 1426 112 F: 4 2 1 
1424 8 1440 94 F: 5 1 2 
1429 9 1465 61 F: 9 
1431 13 1483 261 F: 5 4 4 
1441 9 1477 211 F: 2 4 3 
1449 7 1470 68 F: 7 
1451 10 1481 237 F: 4 4 2 
1454 9 1472 118 F: 3 3 3 
1457 8 1489 375 F: 3 2 3 
1462 6 1486 138 F: 6 
1462 9 1480 239 F: 9 
1470 7 1484 41 F: 4 2 1 
1475 10 1485 369 F: 4 4 2 
1476 13 1515 134 F: 13 
1494 9 1512 76 F: 5 3 1 
1505 9 1532 120 F: 4 5 
1506 4 1514 48 F: 2 2 
1506 13 1558 260 F: 13 
1517 9 1535 56 F: 5 4 
1524 6 1530 304 F: 3 3 
1525 6 1531 381 F: 2 3 1 
1536 7 1564 29 F: 6 1 
1547 7 1561 113 F: 5 2 
1556 8 1588 366 F: 3 5 
1561 4 1569 123 F: 2 2 
1565 10 1605 152 F: 10 
1567 13 1606 392 F: 13 
1572 4 1588 396 F: 2 2 
1579 6 1591 66 F: 3 2 1 
1583 10 1623 368 F: 5 2 3 
1608 9 1617 70 F: 9 
1608 10 1648 191 F: 6 4 
1613 9 1649 58 F: 3 2 4 
1617 10 1637 4 F: 5 3 2 
1617 13 1669 79 F: 7 6 
1619 11 1663 292 F: 11 
1621 8 1637 160 F: 7 1 
1627 8 1651 389 F: 3 2 3 
1629 8 1645 194 F: 6 2 
1652 9 1670 184 F: 2 3 4 
1678 11 1689 208 F: 5 6 
1679 8 1711 82 F: 4 4 
1682 9 1691 36 F: 5 1 3 
1688 7 1695 335 F: 2 5 
1696 7 1724 169 F: 7 
1703 6 1715 307 F: 2 4 
1714 5 1724 108 F: 3 2 
1720 11 1764 84 F: 6 5 
1721 7 1728 235 F: 2 2 3 
1722 7 1750 201 F: 7 
1724 8 1756 150 F: 4 4 
1724 9 1742 379 F: 2 3 4 
1730 2 1738 200 F: 2 
1763 8 1787 42 F: 4 3 1 
1763 12 1811 157 F: 7 5 
1772 10 1782 117 F: 5 3 2 
1773 8 1805 333 F: 4 1 3 
1775 6 1781 75 F: 5 1 
1782 9 1818 39 F: 4 5 
1794 7 1808 99 F: 2 1 4 
1815 9 1824 34 F: 5 1 3 
1817 10 1837 363 F: 4 4 2 
1818 2 1822 135 F: 2 
1827 2 1831 393 F: 2 
1840 11 1884 42 F: 4 4 3 
1840 12 1864 51 F: 12 
1841 11 1885 178 F: 6 5 
1843 5 1858 376 F: 3 1 1 
1856 4 1868 316 F: 4 
1865 8 1873 384 F: 3 5 
1870 10 1910 332 F: 5 5 
1872 9 1890 21 F: 5 2 2 
1875 8 1907 177 F: 5 3 
1878 7 1906 190 F: 7 
1893 5 1913 195 F: 2 1 2 
1905 9 1932 275 F: 3 6 
1924 10 1954 139 F: 4 2 4 
1925 12 1973 264 F: 7 5 
1929 5 1939 18 F: 5 
1929 6 1941 50 F: 6 
1933 8 1949 288 F: 3 5 
1934 9 1970 12 F: 5 2 2 
1956 2 1962 168 F: 2 
1957 8 1973 254 F: 4 2 2 
1958 10 1988 255 F: 5 2 3 
1958 10 1998 97 F: 3 3 4 
1976 7 1997 162 F: 2 2 3 
1985 13 1998 38 F: 13 
1995 4 2003 189 F: 4 
1997 6 2009 103 F: 2 1 3 
2005 6 2011 3 F: 2 1 3 
2008 10 2028 262 F: 10 
2010 13 2023 378 F: 13 
2011 3 2020 238 F: 3 
2019 11 2041 265 F: 5 4 2 
2023 10 2053 169 F: 5 3 2 
2024 2 2028 80 F: 2 
2051 8 2083 149 F: 8 
2059 4 2075 198 F: 4 
2064 9 2091 265 F: 4 4 1 
2066 7 2080 299 F: 2 1 4 
2068 8 2092 133 F: 2 3 3 
2079 13 2131 289 F: 7 6 
2089 5 2104 254 F: 3 2 
2092 7 2113 168 F: 7 
2128 6 2152 232 F: 3 2 1 
2129 11 2140 332 F: 4 4 3 
2131 12 2143 219 F: 12 
2134 7 2162 280 F: 7 
2135 12 2183 60 F: 7 5 
2143 8 2151 362 F: 3 4 1 
2146 3 2152 33 F: 3 
2147 6 2165 145 F: 2 4 
2155 5 2175 85 F: 5 
2155 11 2177 196 F: 7 4 
2163 7 2170 184 F: 3 3 1 
2181 6 2205 257 F: 6 
2186 7 2214 318 F: 4 1 2 
2190 7 2218 283 F: 5 2 
2192 11 2236 233 F: 6 5 
2212 10 2242 153 F: 6 4 
2214 9 2241 203 F: 3 6 
2219 10 2259 305 F: 5 4 1 
2221 3 2233 324 F: 3 
2221 9 2230 57 F: 4 3 2 
2223 13 2249 160 F: 5 4 4 
2226 12 2250 32 F: 6 6 
2230 13 2269 218 F: 13 
2240 4 2248 263 F: 3 1 
2259 5 2274 267 F: 5 
2267 2 2273 312 F: 2 
2270 4 2282 315 F: 4 
2279 4 2295 292 F: 2 1 1 
2286 6 2304 128 F: 6 
2290 9 2299 38 F: 9 
2303 10 2333 180 F: 5 3 2 
2305 11 2316 315 F: 11 
2318 9 2336 218 F: 9 
2319 7 2340 161 F: 7 
2320 9 2329 214 F: 4 1 4 
2321 10 2361 52 F: 4 2 4 
2325 8 2349 25 F: 2 6 
2329 6 2335 397 F: 6 
2338 11 2360 372 F: 4 4 3 
2341 3 2347 236 F: 3 
2346 6 2358 340 F: 3 3 
2357 6 2381 115 F: 5 1 
2364 6 2376 185 F: 2 1 3 
2385 7 2406 225 F: 6 1 
2388 9 2397 117 F: 4 5 
2401 13 2427 302 F: 13 
2405 6 2429 62 F: 4 2 
2408 8 2432 83 F: 5 1 2 
2411 4 2415 332 F: 2 2 
2419 11 2430 296 F: 5 6 
2420 5 2430 159 F: 5 
2427 3 2430 262 F: 3 
2435 12 2483 354 F: 5 4 3 
2440 8 2448 14 F: 8 
2449 10 2459 284 F: 5 1 4 
2455 7 2483 41 F: 6 1 
2471 11 2515 214 F: 6 5 
2475 4 2487 184 F: 2 1 1 
2475 4 2487 306 F: 4 
2480 5 2495 85 F: 4 1 
2507 11 2540 210 F: 6 5 
2513 5 2528 316 F: 3 2 
2522 6 2534 370 F: 2 4 
2526 2 2530 239 F: 2 
2531 8 2539 376 F: 8 
2531 9 2540 384 F: 5 4 
2534 5 2539 70 F: 3 2 
2535 7 2542 326 F: 7 
2537 9 2555 145 F: 5 4 
2568 8 2584 29 F: 2 2 4 
2573 3 2582 24 F: 3 
2574 3 2583 73 F: 3 
2583 8 2599 205 F: 4 1 3 
2583 10 2593 348 F: 7 3 
2599 7 2606 226 F: 3 3 1 
2601 9 2637 300 F: 5 4 
2602 10 2612 201 F: 2 4 4 
2619 8 2627 229 F: 7 1 
2631 7 2652 332 F: 5 2 
2631 7 2659 149 F: 3 1 3 
2635 10 2665 348 F: 2 4 4 
2656 9 2674 290 F: 9 
2662 10 2692 320 F: 5 3 2 
2691 2 2699 246 F: 2 
2696 7 2717 177 F: 6 1 
D: 3 9 
D: 23 219 
D: 27 345 
D: 40 183 
D: 42 101 
D: 47 120 
D: 49 184 
D: 54 315 
D: 61 173 
D: 70 390 
D: 86 286 
D: 90 386 
D: 98 303 
D: 99 316 
D: 103 242 
D: 114 158 
D: 115 166 
D: 119 159 
D: 124 355 
D: 138 200 
D: 140 306 
D: 143 239 
D: 151 273 
D: 151 275 
D: 160 245 
D: 208 298 
D: 208 336 
D: 215 359 
D: 224 352 
D: 224 384 
D: 246 293 
D: 265 325 
D: 265 376 
D: 282 376 
D: 294 333 
D: 294 359 
D: 331 392 
D: 333 365 
D: 339 358 
D: 344 348 
