0 9 18 71 F: 2 3 4 
6 10 36 114 F: 4 6 
14 12 50 239 F: 12 
15 7 29 182 F: 3 4 
19 4 27 84 F: 4 
19 10 59 47 F: 5 5 
29 8 61 343 F: 3 2 3 
31 4 39 33 F: 3 1 
32 6 44 211 F: 5 1 
41 7 48 115 F: 2 3 2 
41 7 69 141 F: 2 1 4 
47 7 75 76 F: 4 3 
66 3 75 372 F: 2 1 
78 9 96 3 F: 6 3 
78 12 126 187 F: 12 
107 5 117 136 F: 5 
107 7 121 326 F: 6 1 
116 10 136 52 F: 4 6 
118 3 121 214 F: 3 
121 10 161 117 F: 2 4 4 
121 11 132 298 F: 3 4 4 
123 9 132 173 F: 3 3 3 
127 8 135 157 F: 3 1 4 
128 7 149 36 F: 2 1 4 
132 11 176 389 F: 5 4 2 
136 11 158 184 F: 11 
142 5 147 201 F: 4 1 
148 8 156 130 F: 5 2 1 
180 8 196 365 F: 2 4 2 
190 12 238 183 F: 5 4 3 
205 7 212 57 F: 2 4 1 
219 7 226 262 F: 7 
227 2 235 226 F: 2 
228 10 248 23 F: 7 3 
235 5 240 16 F: 5 
237 10 247 287 F: 5 5 
239 5 249 287 F: 5 
243 8 251 52 F: 8 
257 11 301 255 F: 11 
261 10 291 13 F: 4 6 
263 10 303 355 F: 5 2 3 
272 9 299 383 F: 9 
275 9 293 19 F: 6 3 
278 11 289 344 F: 6 5 
298 11 342 182 F: 11 
301 5 306 179 F: 2 2 1 
304 8 312 112 F: 5 2 1 
318 5 328 257 F: 5 
320 3 329 90 F: 3 
322 7 329 40 F: 2 2 3 
322 11 366 341 F: 6 5 
339 8 363 143 F: 8 
347 10 357 312 F: 2 4 4 
351 6 363 75 F: 6 
356 9 374 230 F: 5 3 1 
370 2 376 19 F: 2 
376 5 391 158 F: 3 1 1 
377 8 409 361 F: 2 2 4 
377 13 429 283 F: 13 
396 12 408 367 F: 12 
405 10 435 366 F: 10 
432 12 444 350 F: 7 5 
433 12 457 109 F: 6 6 
459 5 464 43 F: 5 
462 11 506 38 F: 4 4 3 
466 10 506 260 F: 3 4 3 
466 10 506 262 F: 10 
468 7 489 52 F: 7 
470 8 502 56 F: 3 4 1 
471 11 482 100 F: 4 4 3 
473 9 491 90 F: 9 
479 7 500 366 F: 4 1 2 
481 7 502 26 F: 6 1 
485 12 521 66 F: 12 
496 2 504 154 F: 2 
505 9 541 8 F: 7 2 
531 7 538 181 F: 4 2 1 
531 10 551 374 F: 4 2 4 
539 9 575 369 F: 7 2 
551 9 569 226 F: 4 5 
554 8 562 114 F: 3 5 
555 11 577 125 F: 4 4 3 
560 13 573 205 F: 13 
561 7 589 58 F: 4 3 
561 12 573 115 F: 12 
563 7 577 49 F: 7 
577 2 579 173 F: 2 
584 7 598 376 F: 3 2 2 
585 2 587 71 F: 2 
592 10 602 141 F: 3 4 3 
606 2 610 341 F: 2 
606 5 616 117 F: 3 1 1 
614 10 644 192 F: 10 
618 10 648 90 F: 10 
619 8 651 36 F: 8 
619 13 658 148 F: 13 
624 8 640 234 F: 8 
645 10 685 309 F: 3 3 4 
657 9 675 37 F: 9 
668 10 688 81 F: 10 
679 5 689 260 F: 5 
684 9 720 373 F: 9 
685 6 691 168 F: 6 
687 2 691 12 F: 2 
696 4 704 351 F: 4 
715 13 754 153 F: 7 6 
717 8 725 252 F: 2 6 
717 13 756 351 F: 13 
721 7 735 59 F: 7 
730 6 736 132 F: 3 2 1 
734 9 752 61 F: 4 3 2 
737 13 750 32 F: 13 
738 11 782 274 F: 5 3 3 
740 11 751 257 F: 4 4 3 
744 11 766 37 F: 5 6 
752 3 755 393 F: 2 1 
764 4 776 185 F: 2 2 
769 11 791 22 F: 4 4 3 
771 8 787 143 F: 8 
793 4 805 339 F: 4 
800 11 811 370 F: 5 3 3 
804 8 828 68 F: 8 
826 11 848 326 F: 5 4 2 
832 6 838 95 F: 6 
835 4 843 127 F: 2 1 1 
835 13 861 378 F: 13 
839 6 863 14 F: 4 2 
847 13 873 205 F: 13 
860 7 867 254 F: 2 1 4 
881 2 887 107 F: 2 
881 8 889 328 F: 8 
884 10 904 357 F: 4 6 
886 9 922 179 F: 6 3 
889 13 941 35 F: 13 
893 9 929 390 F: 4 3 2 
901 7 908 211 F: 3 4 
911 10 951 388 F: 10 
934 6 940 373 F: 6 
955 10 975 3 F: 7 3 
963 7 984 9 F: 4 3 
970 5 980 175 F: 5 
970 7 984 60 F: 3 3 1 
974 6 986 245 F: 3 1 2 
976 2 978 388 F: 2 
979 8 1011 285 F: 3 2 3 
982 7 1010 363 F: 7 
983 5 988 59 F: 4 1 
984 3 996 76 F: 3 
986 3 995 314 F: 2 1 
991 4 1007 144 F: 2 1 1 
1007 3 1019 39 F: 2 1 
1033 6 1039 157 F: 6 
1038 3 1050 395 F: 3 
1040 6 1052 396 F: 4 2 
1041 8 1073 341 F: 4 2 2 
1046 8 1078 295 F: 3 3 2 
1048 7 1076 274 F: 5 2 
1053 8 1085 145 F: 8 
1055 8 1079 123 F: 2 6 
1059 11 1092 283 F: 7 4 
1070 3 1076 201 F: 3 
1081 8 1089 134 F: 2 2 4 
1088 12 1100 353 F: 12 
1093 6 1105 350 F: 6 
1095 6 1119 244 F: 3 2 1 
1101 8 1117 142 F: 4 3 1 
1103 9 1112 154 F: 9 
1105 4 1113 176 F: 4 
1117 13 1169 159 F: 13 
1120 7 1127 159 F: 6 1 
1135 6 1141 28 F: 6 
1141 5 1161 77 F: 5 
1141 7 1148 204 F: 7 
1141 9 1177 205 F: 4 3 2 
1165 5 1175 369 F: 5 
1167 8 1183 374 F: 8 
1168 12 1216 310 F: 6 6 
1184 9 1220 46 F: 4 3 2 
1187 8 1211 191 F: 5 3 
1193 9 1211 226 F: 4 2 3 
1202 10 1232 54 F: 5 2 3 
1202 10 1232 360 F: 3 3 4 
1217 8 1225 151 F: 2 6 
1223 6 1229 366 F: 6 
1225 9 1243 55 F: 4 5 
1229 10 1269 382 F: 4 4 2 
1233 10 1273 165 F: 3 4 3 
1234 12 1270 357 F: 6 6 
1235 7 1263 37 F: 7 
1237 8 1245 43 F: 4 4 
1240 3 1252 384 F: 3 
1267 2 1275 241 F: 2 
1273 4 1281 48 F: 4 
1291 6 1315 256 F: 2 3 1 
1299 7 1306 124 F: 6 1 
1309 10 1339 351 F: 10 
1328 11 1361 48 F: 5 2 4 
1334 8 1358 112 F: 6 2 
1335 10 1355 262 F: 10 
1338 10 1358 260 F: 4 2 4 
1343 5 1353 351 F: 4 1 
1349 5 1359 104 F: 4 1 
1350 11 1361 319 F: 4 4 3 
1360 10 1380 146 F: 5 1 4 
1372 10 1392 255 F: 4 3 3 
1383 9 1392 268 F: 4 1 4 
1387 7 1401 362 F: 3 1 3 
1387 11 1409 245 F: 7 4 
1387 13 1400 40 F: 5 4 4 
1390 8 1422 308 F: 5 3 
1404 6 1416 54 F: 2 1 3 
1412 9 1439 135 F: 5 3 1 
1418 5 1428 348 F: 5 
1418 8 1434 80 F: 6 2 
1422 6 1440 329 F: 2 3 1 
1453 9 1480 198 F: 4 4 1 
1456 5 1466 208 F: 3 2 
1459 4 1467 190 F: 4 
1466 2 1470 253 F: 2 
1471 12 1483 155 F: 12 
1487 10 1527 29 F: 10 
1492 9 1519 346 F: 6 3 
1492 9 1528 44 F: 9 
1493 12 1529 299 F: 5 3 4 
1494 10 1534 224 F: 10 
1509 8 1541 163 F: 2 3 3 
1514 9 1523 70 F: 6 3 
1526 13 1578 375 F: 13 
1534 8 1550 359 F: 3 4 1 
1535 6 1559 328 F: 3 3 
1540 8 1564 129 F: 3 5 
1544 11 1577 203 F: 11 
1546 11 1590 209 F: 11 
1549 12 1573 144 F: 6 6 
1561 3 1573 19 F: 3 
1568 11 1612 31 F: 6 5 
1574 10 1614 156 F: 4 3 3 
1577 11 1588 115 F: 5 4 2 
1583 6 1595 341 F: 6 
1587 11 1631 156 F: 11 
1600 8 1616 139 F: 3 2 3 
1634 10 1644 318 F: 3 3 4 
1649 3 1655 7 F: 2 1 
1649 11 1693 306 F: 5 6 
1650 5 1665 350 F: 2 2 1 
1655 9 1664 313 F: 4 2 3 
1665 5 1680 183 F: 5 
1666 6 1684 307 F: 6 
1669 7 1690 154 F: 5 2 
1672 8 1680 14 F: 4 4 
1682 6 1700 215 F: 2 4 
1687 5 1702 42 F: 3 2 
1689 11 1711 228 F: 11 
1689 11 1711 381 F: 3 4 4 
1699 7 1720 253 F: 6 1 
1706 11 1728 18 F: 11 
1716 6 1740 21 F: 2 4 
1724 10 1754 16 F: 4 3 3 
1726 6 1750 266 F: 4 1 1 
1734 5 1749 377 F: 2 3 
1734 9 1743 42 F: 5 4 
1746 13 1798 150 F: 13 
1749 11 1760 159 F: 5 3 3 
1761 8 1777 303 F: 3 4 1 
1767 7 1781 11 F: 3 4 
1769 3 1772 193 F: 3 
1771 8 1787 93 F: 3 5 
1783 11 1816 246 F: 11 
1795 2 1799 113 F: 2 
1795 6 1807 129 F: 2 2 2 
1801 8 1817 86 F: 3 5 
1803 6 1821 327 F: 2 3 1 
1816 6 1822 107 F: 3 2 1 
1821 11 1843 221 F: 6 5 
1833 6 1851 177 F: 5 1 
1833 8 1849 127 F: 2 4 2 
1860 9 1878 385 F: 9 
1871 8 1887 92 F: 8 
1874 7 1888 204 F: 7 
1875 10 1895 69 F: 10 
1875 10 1895 85 F: 4 3 3 
1884 8 1900 255 F: 8 
1885 9 1903 13 F: 2 3 4 
1887 9 1914 265 F: 4 3 2 
1895 5 1915 211 F: 3 1 1 
1905 9 1941 88 F: 3 6 
1907 6 1913 64 F: 3 1 2 
1909 7 1937 90 F: 3 1 3 
1912 9 1921 218 F: 2 3 4 
1912 11 1945 334 F: 5 3 3 
1916 8 1948 5 F: 4 4 
1920 11 1942 377 F: 11 
1926 10 1946 127 F: 6 4 
1939 9 1948 68 F: 4 2 3 
1941 9 1968 164 F: 4 2 3 
1943 6 1961 382 F: 5 1 
1949 8 1957 395 F: 7 1 
1960 9 1969 198 F: 3 6 
1960 11 1971 78 F: 11 
1989 2 1995 372 F: 2 
2007 10 2017 236 F: 10 
2016 5 2031 25 F: 2 3 
2022 10 2052 100 F: 5 4 1 
2023 4 2027 394 F: 2 2 
2026 12 2062 373 F: 12 
2027 5 2032 393 F: 2 3 
2032 4 2044 347 F: 4 
2041 6 2053 269 F: 6 
2056 8 2064 181 F: 5 3 
2058 7 2065 309 F: 5 2 
2058 8 2074 260 F: 2 3 3 
2074 9 2110 380 F: 9 
2079 8 2103 29 F: 6 2 
2083 9 2110 212 F: 9 
2099 8 2115 277 F: 8 
2100 10 2120 221 F: 10 
2107 9 2143 150 F: 9 
2110 9 2137 314 F: 2 3 4 
2115 9 2133 223 F: 4 5 
2151 8 2167 377 F: 7 1 
2153 12 2177 115 F: 7 5 
2155 4 2163 6 F: 2 2 
2156 8 2180 305 F: 5 3 
2156 9 2165 351 F: 4 3 2 
2164 7 2178 20 F: 7 
2166 10 2206 283 F: 4 6 
2169 5 2184 394 F: 2 3 
2181 7 2202 364 F: 5 2 
2186 3 2195 118 F: 3 
2195 6 2201 97 F: 4 2 
2201 10 2231 325 F: 4 6 
2208 11 2252 261 F: 5 3 3 
2218 12 2230 186 F: 4 4 4 
2223 8 2231 372 F: 7 1 
2225 11 2258 384 F: 7 4 
2226 7 2247 231 F: 3 2 2 
2234 6 2246 209 F: 2 2 2 
2235 6 2253 102 F: 3 2 1 
2240 5 2260 393 F: 5 
2240 7 2268 248 F: 4 3 
2250 2 2254 333 F: 2 
2250 5 2265 340 F: 3 1 1 
2279 8 2287 361 F: 4 4 
2287 2 2295 131 F: 2 
2298 12 2310 53 F: 12 
2300 5 2315 91 F: 4 1 
2303 11 2325 134 F: 6 5 
2305 10 2315 300 F: 4 3 3 
2314 8 2338 164 F: 4 3 1 
2315 6 2339 244 F: 6 
2319 13 2332 91 F: 13 
2321 12 2369 304 F: 4 4 4 
2330 9 2357 320 F: 2 4 3 
2336 9 2345 173 F: 9 
2337 3 2340 76 F: 3 
2338 11 2349 252 F: 3 4 4 
2344 12 2368 353 F: 6 6 
2346 2 2354 146 F: 2 
2359 8 2367 252 F: 8 
2368 5 2373 388 F: 3 2 
2401 12 2425 236 F: 12 
2402 12 2414 150 F: 12 
2404 6 2422 391 F: 2 1 3 
2411 11 2455 148 F: 5 3 3 
2416 10 2446 107 F: 4 6 
2432 12 2444 252 F: 12 
2437 8 2445 165 F: 7 1 
2441 10 2451 257 F: 2 4 4 
2447 5 2452 268 F: 2 3 
2459 4 2467 341 F: 2 2 
2466 7 2480 81 F: 2 5 
2474 8 2506 366 F: 4 3 1 
2478 8 2494 240 F: 8 
2481 8 2497 85 F: 3 5 
2497 6 2521 350 F: 3 3 
2510 10 2550 133 F: 10 
2514 7 2528 135 F: 2 2 3 
2516 11 2538 309 F: 6 5 
2521 6 2533 148 F: 3 2 1 
2531 8 2555 303 F: 2 6 
2531 10 2561 201 F: 5 2 3 
2536 12 2560 54 F: 5 4 3 
2555 12 2603 171 F: 12 
2560 12 2572 221 F: 6 6 
2562 9 2598 367 F: 6 3 
2564 11 2608 310 F: 5 4 2 
2572 9 2581 196 F: 9 
2582 9 2618 349 F: 9 
2584 6 2596 14 F: 5 1 
2589 6 2613 354 F: 2 4 
2601 10 2611 145 F: 3 4 3 
2611 10 2621 121 F: 10 
2612 5 2632 219 F: 3 1 1 
2622 8 2646 195 F: 5 1 2 
2640 13 2679 318 F: 13 
2644 8 2676 289 F: 3 2 3 
2661 9 2688 40 F: 4 2 3 
2666 7 2694 182 F: 5 2 
2676 10 2696 77 F: 5 2 3 
2688 7 2702 1 F: 4 1 2 
D: 5 265 
D: 21 23 
D: 24 262 
D: 31 44 
D: 32 98 
D: 51 144 
D: 55 158 
D: 58 240 
D: 58 373 
D: 59 284 
D: 68 272 
D: 84 299 
D: 92 231 
D: 99 212 
D: 102 204 
D: 105 257 
D: 117 196 
D: 118 337 
D: 130 181 
D: 138 186 
D: 140 277 
D: 142 210 
D: 144 286 
D: 156 278 
D: 158 217 
D: 179 233 
D: 184 299 
D: 193 378 
D: 204 223 
D: 204 375 
D: 239 243 
D: 242 390 
D: 255 373 
D: 259 302 
D: 269 393 
D: 280 332 
D: 284 364 
D: 294 362 
D: 320 364 
D: 378 399 
