1 11 23 33 F: 6 5 
14 13 53 388 F: 5 4 4 
22 12 46 122 F: 12 
29 9 65 163 F: 4 2 3 
38 5 53 268 F: 5 
39 9 66 217 F: 3 4 2 
42 6 48 333 F: 2 4 
59 11 70 303 F: 11 
60 9 69 115 F: 4 1 4 
77 7 105 328 F: 7 
81 9 90 160 F: 7 2 
86 9 104 63 F: 4 4 1 
93 13 106 170 F: 5 4 4 
94 7 108 117 F: 4 3 
95 8 119 285 F: 6 2 
116 8 148 228 F: 3 5 
120 6 132 158 F: 2 2 2 
120 6 132 218 F: 3 3 
122 6 146 86 F: 5 1 
125 8 133 66 F: 7 1 
129 7 150 392 F: 7 
139 8 155 258 F: 5 2 1 
145 11 167 32 F: 6 5 
146 2 150 252 F: 2 
159 9 177 395 F: 9 
161 12 209 26 F: 5 4 3 
172 8 188 389 F: 8 
181 6 193 329 F: 2 2 2 
195 9 222 83 F: 5 4 
196 7 224 260 F: 7 
206 10 226 395 F: 10 
208 8 240 173 F: 4 4 
213 5 218 16 F: 5 
216 2 224 125 F: 2 
218 3 230 241 F: 2 1 
227 5 232 230 F: 5 
228 3 234 352 F: 3 
236 5 241 74 F: 4 1 
246 8 262 377 F: 4 4 
256 8 280 81 F: 6 2 
268 11 290 355 F: 7 4 
268 13 281 153 F: 13 
277 11 321 87 F: 5 2 4 
290 5 300 244 F: 2 3 
292 10 332 69 F: 3 3 4 
310 10 350 73 F: 4 2 4 
322 10 342 262 F: 10 
336 10 376 153 F: 10 
337 9 346 215 F: 4 5 
337 9 373 171 F: 4 5 
346 6 364 255 F: 6 
349 11 393 380 F: 5 3 3 
355 2 363 173 F: 2 
361 4 365 5 F: 4 
361 8 369 102 F: 3 5 
365 11 376 141 F: 6 5 
367 11 411 83 F: 11 
377 8 409 181 F: 8 
383 9 392 346 F: 3 2 4 
387 7 415 2 F: 4 3 
403 10 423 216 F: 4 3 3 
408 8 440 52 F: 8 
411 10 441 102 F: 4 2 4 
417 10 437 222 F: 3 4 3 
422 2 424 364 F: 2 
439 5 449 139 F: 2 1 2 
446 10 476 92 F: 5 2 3 
447 6 471 201 F: 2 4 
452 7 459 398 F: 2 5 
458 10 488 9 F: 10 
469 9 487 16 F: 5 3 1 
473 11 484 145 F: 5 4 2 
483 7 511 176 F: 3 2 2 
495 6 507 201 F: 6 
499 2 503 190 F: 2 
506 11 528 178 F: 4 3 4 
524 9 533 199 F: 5 3 1 
540 5 550 317 F: 5 
546 8 570 208 F: 6 2 
551 9 569 170 F: 4 5 
553 4 569 160 F: 3 1 
555 10 565 271 F: 5 2 3 
559 12 583 191 F: 12 
563 10 603 46 F: 5 3 2 
569 6 575 97 F: 3 3 
569 10 589 237 F: 6 4 
569 10 599 310 F: 5 3 2 
571 7 578 338 F: 4 3 
581 10 591 160 F: 3 3 4 
585 11 629 107 F: 11 
600 4 612 191 F: 4 
610 13 649 5 F: 5 4 4 
611 10 621 303 F: 10 
613 9 622 66 F: 4 4 1 
622 4 626 258 F: 2 1 1 
628 9 664 376 F: 5 1 3 
631 7 659 12 F: 4 2 1 
632 5 642 114 F: 2 2 1 
633 6 651 49 F: 6 
636 5 646 375 F: 5 
637 7 644 240 F: 4 2 1 
642 12 690 9 F: 7 5 
664 5 684 39 F: 5 
669 4 685 244 F: 4 
691 8 723 326 F: 4 2 2 
704 6 722 279 F: 3 3 
723 7 730 242 F: 2 1 4 
735 7 756 209 F: 4 2 1 
740 12 788 141 F: 12 
743 5 763 291 F: 2 3 
744 11 766 35 F: 5 6 
746 9 764 33 F: 9 
758 12 782 210 F: 5 4 3 
763 12 787 97 F: 5 4 3 
767 2 775 190 F: 2 
774 8 798 386 F: 5 3 
779 8 811 28 F: 3 3 2 
786 12 798 85 F: 12 
791 5 806 82 F: 3 2 
797 13 810 276 F: 5 4 4 
806 9 824 154 F: 7 2 
807 13 846 270 F: 13 
810 7 831 333 F: 4 3 
819 11 841 222 F: 3 4 4 
825 13 838 213 F: 7 6 
828 6 840 231 F: 5 1 
850 12 898 187 F: 12 
856 8 864 16 F: 2 3 3 
863 11 885 39 F: 4 3 4 
872 10 892 51 F: 10 
873 7 880 311 F: 7 
878 2 880 34 F: 2 
879 8 911 137 F: 3 5 
884 10 924 242 F: 3 4 3 
885 9 912 18 F: 9 
906 8 914 173 F: 5 3 
920 7 927 259 F: 5 2 
920 8 944 163 F: 3 4 1 
932 8 964 389 F: 6 2 
936 8 952 176 F: 7 1 
937 7 958 20 F: 5 1 1 
945 11 978 220 F: 6 5 
957 7 971 30 F: 3 2 2 
965 12 1001 236 F: 5 3 4 
966 8 990 226 F: 2 4 2 
975 7 989 365 F: 4 2 1 
983 8 1015 126 F: 3 5 
987 9 1005 339 F: 4 2 3 
993 6 999 228 F: 4 1 1 
998 9 1025 286 F: 7 2 
1002 6 1008 374 F: 6 
1002 9 1038 79 F: 9 
1003 5 1023 190 F: 2 3 
1003 8 1019 328 F: 2 6 
1009 9 1045 206 F: 7 2 
1012 10 1052 363 F: 4 6 
1015 6 1039 144 F: 6 
1015 8 1023 261 F: 2 6 
1017 5 1032 178 F: 2 1 2 
1028 7 1049 169 F: 3 1 3 
1030 8 1038 246 F: 4 1 3 
1054 7 1082 150 F: 3 4 
1055 8 1079 120 F: 2 6 
1058 7 1065 241 F: 2 1 4 
1073 9 1100 108 F: 4 2 3 
1105 3 1111 335 F: 3 
1123 7 1130 293 F: 7 
1127 11 1160 309 F: 11 
1134 11 1156 393 F: 3 4 4 
1136 6 1160 157 F: 6 
1143 9 1161 55 F: 4 5 
1143 11 1165 298 F: 11 
1144 2 1148 386 F: 2 
1148 9 1175 315 F: 9 
1150 10 1160 173 F: 4 6 
1157 7 1185 47 F: 7 
1175 10 1205 331 F: 4 3 3 
1186 7 1200 390 F: 2 4 1 
1190 6 1202 103 F: 4 2 
1193 5 1208 353 F: 2 1 2 
1206 10 1216 74 F: 6 4 
1212 8 1236 111 F: 8 
1212 10 1232 206 F: 5 5 
1215 8 1231 212 F: 2 6 
1218 6 1242 305 F: 2 3 1 
1221 12 1233 306 F: 7 5 
1228 10 1248 322 F: 10 
1253 7 1267 14 F: 3 3 1 
1254 10 1274 84 F: 10 
1256 9 1265 288 F: 4 5 
1264 10 1274 301 F: 5 5 
1269 12 1305 71 F: 5 3 4 
1280 4 1288 157 F: 4 
1287 9 1323 38 F: 5 2 2 
1298 13 1311 320 F: 13 
1300 7 1321 54 F: 7 
1303 9 1321 102 F: 6 3 
1308 7 1336 383 F: 2 4 1 
1310 7 1317 160 F: 3 4 
1324 8 1340 313 F: 3 3 2 
1326 11 1348 338 F: 4 3 4 
1342 8 1350 178 F: 3 4 1 
1346 10 1386 178 F: 5 2 3 
1347 9 1365 65 F: 5 4 
1356 9 1365 265 F: 9 
1358 6 1382 391 F: 4 2 
1360 4 1372 396 F: 4 
1376 12 1424 223 F: 12 
1391 9 1418 209 F: 4 3 2 
1396 13 1448 323 F: 13 
1408 4 1412 66 F: 3 1 
1409 7 1437 362 F: 7 
1414 12 1462 84 F: 5 3 4 
1415 8 1423 29 F: 3 4 1 
1416 2 1418 359 F: 2 
1422 7 1450 127 F: 4 1 2 
1430 8 1454 76 F: 4 1 3 
1435 3 1438 100 F: 3 
1439 9 1475 178 F: 7 2 
1441 8 1457 143 F: 6 2 
1463 9 1499 93 F: 7 2 
1468 9 1486 345 F: 9 
1470 6 1476 201 F: 2 4 
1476 11 1487 126 F: 11 
1483 5 1493 228 F: 3 1 1 
1503 11 1514 84 F: 6 5 
1507 8 1539 267 F: 7 1 
1507 11 1529 24 F: 11 
1516 3 1525 164 F: 2 1 
1523 3 1529 94 F: 3 
1524 8 1556 329 F: 3 1 4 
1533 7 1561 387 F: 4 2 1 
1536 7 1564 17 F: 5 2 
1544 8 1552 322 F: 4 4 
1559 2 1563 317 F: 2 
1562 10 1592 307 F: 7 3 
1563 12 1575 81 F: 7 5 
1576 5 1591 16 F: 3 1 1 
1589 5 1594 49 F: 5 
1599 8 1607 14 F: 2 4 2 
1602 8 1626 325 F: 8 
1604 3 1607 235 F: 3 
1611 7 1618 226 F: 4 2 1 
1613 12 1625 163 F: 12 
1622 11 1633 310 F: 11 
1632 7 1653 120 F: 2 1 4 
1634 9 1661 70 F: 4 5 
1648 4 1652 91 F: 4 
1652 8 1676 182 F: 8 
1652 11 1663 267 F: 11 
1659 2 1665 66 F: 2 
1667 11 1689 362 F: 3 4 4 
1678 11 1700 263 F: 7 4 
1684 7 1712 201 F: 3 4 
1686 4 1694 141 F: 4 
1700 8 1708 78 F: 6 2 
1707 2 1713 162 F: 2 
1715 2 1723 134 F: 2 
1716 6 1734 308 F: 5 1 
1728 7 1742 145 F: 7 
1741 9 1750 88 F: 5 2 2 
1745 6 1763 349 F: 6 
1752 8 1776 347 F: 8 
1752 10 1782 133 F: 5 3 2 
1759 9 1795 254 F: 9 
1764 5 1784 258 F: 4 1 
1767 6 1773 252 F: 6 
1769 4 1785 135 F: 2 2 
1777 8 1809 397 F: 7 1 
1797 11 1819 187 F: 11 
1816 8 1832 50 F: 5 2 1 
1818 7 1839 167 F: 4 1 2 
1821 4 1829 228 F: 3 1 
1821 13 1860 36 F: 13 
1825 10 1865 276 F: 5 1 4 
1831 8 1839 211 F: 5 1 2 
1832 11 1843 276 F: 4 3 4 
1839 9 1848 4 F: 4 5 
1839 10 1859 8 F: 4 6 
1841 6 1853 16 F: 3 2 1 
1843 4 1859 239 F: 4 
1848 7 1855 85 F: 6 1 
1849 8 1873 8 F: 8 
1864 13 1916 83 F: 13 
1899 6 1905 102 F: 6 
1907 10 1927 47 F: 5 5 
1912 6 1936 355 F: 4 1 1 
1919 6 1925 379 F: 5 1 
1929 8 1937 324 F: 8 
1932 5 1947 78 F: 5 
1933 11 1944 48 F: 7 4 
1937 3 1943 36 F: 2 1 
1944 8 1968 274 F: 3 2 3 
1948 6 1954 183 F: 2 4 
1948 6 1966 7 F: 2 1 3 
1956 8 1980 6 F: 2 2 4 
1969 6 1993 242 F: 6 
1971 2 1979 253 F: 2 
1984 9 1993 28 F: 4 5 
1997 6 2021 225 F: 6 
2001 9 2010 252 F: 3 2 4 
2003 7 2024 144 F: 5 1 1 
2003 8 2011 103 F: 4 4 
2012 5 2022 274 F: 2 2 1 
2012 7 2033 126 F: 3 1 3 
2015 2 2019 77 F: 2 
2016 7 2037 45 F: 4 3 
2019 9 2046 75 F: 6 3 
2036 6 2042 319 F: 6 
2040 13 2079 245 F: 13 
2042 7 2049 40 F: 6 1 
2053 5 2063 390 F: 5 
2073 13 2099 228 F: 13 
2089 4 2105 9 F: 2 2 
2092 6 2110 95 F: 6 
2101 13 2114 55 F: 13 
2104 5 2124 252 F: 5 
2114 6 2126 315 F: 6 
2115 8 2139 372 F: 8 
2131 8 2147 122 F: 6 2 
2138 11 2182 339 F: 11 
2142 7 2156 181 F: 2 1 4 
2154 7 2182 368 F: 7 
2155 6 2173 87 F: 4 2 
2158 13 2171 144 F: 13 
2164 11 2197 356 F: 5 6 
2168 10 2178 21 F: 5 1 4 
2177 10 2187 85 F: 3 3 4 
2183 7 2211 51 F: 3 1 3 
2190 12 2238 282 F: 12 
2203 10 2243 177 F: 5 2 3 
2219 10 2229 23 F: 10 
2223 6 2247 349 F: 6 
2230 9 2239 400 F: 3 6 
2233 11 2244 191 F: 11 
2239 12 2263 79 F: 5 3 4 
2242 6 2254 396 F: 2 2 2 
2250 9 2259 137 F: 2 3 4 
2250 10 2290 240 F: 3 3 4 
2251 9 2287 36 F: 3 6 
2254 9 2263 223 F: 9 
2257 8 2289 186 F: 3 5 
2265 9 2274 184 F: 4 2 3 
2274 10 2314 226 F: 6 4 
2277 6 2289 8 F: 6 
2307 8 2323 215 F: 5 1 2 
2308 4 2324 194 F: 4 
2312 13 2338 150 F: 13 
2317 11 2361 288 F: 5 2 4 
2321 4 2333 328 F: 2 2 
2322 9 2340 141 F: 5 3 1 
2325 13 2377 14 F: 13 
2338 11 2382 304 F: 11 
2342 13 2381 288 F: 7 6 
2345 9 2354 189 F: 5 4 
2354 8 2370 150 F: 4 2 2 
2363 7 2384 117 F: 6 1 
2381 9 2390 75 F: 3 4 2 
2391 5 2406 205 F: 3 2 
2392 7 2406 196 F: 7 
2403 10 2443 110 F: 5 5 
2407 3 2419 56 F: 2 1 
2409 10 2449 104 F: 10 
2419 8 2451 205 F: 3 3 2 
2423 8 2431 312 F: 6 2 
2427 5 2432 244 F: 5 
2433 8 2465 234 F: 5 3 
2445 9 2463 262 F: 5 4 
2457 12 2493 29 F: 5 3 4 
2462 11 2473 112 F: 11 
2465 8 2481 101 F: 8 
2471 4 2475 195 F: 4 
2477 10 2517 245 F: 10 
2484 5 2494 206 F: 5 
2485 11 2529 257 F: 5 6 
2500 7 2507 362 F: 3 3 1 
2503 6 2509 31 F: 4 1 1 
2508 7 2522 181 F: 3 3 1 
2527 11 2538 382 F: 5 3 3 
2528 13 2580 188 F: 7 6 
2530 12 2554 101 F: 5 4 3 
2532 8 2556 9 F: 7 1 
2553 7 2567 24 F: 2 3 2 
2569 10 2579 145 F: 7 3 
2570 8 2594 204 F: 2 4 2 
2573 7 2580 72 F: 7 
2573 10 2603 181 F: 10 
2574 9 2601 276 F: 7 2 
2596 8 2604 183 F: 3 5 
2598 5 2618 352 F: 2 3 
2605 13 2631 366 F: 13 
2611 9 2629 15 F: 3 6 
2612 13 2638 37 F: 13 
2625 9 2634 339 F: 3 2 4 
2626 7 2640 55 F: 3 2 2 
2634 10 2664 74 F: 2 4 4 
2658 10 2668 115 F: 4 2 4 
2670 5 2675 182 F: 5 
2686 12 2722 284 F: 12 
2697 11 2708 397 F: 5 3 3 
D: 3 29 
D: 8 395 
D: 12 132 
D: 16 126 
D: 18 191 
D: 18 260 
D: 19 114 
D: 21 337 
D: 26 261 
D: 27 40 
D: 31 139 
D: 35 385 
D: 39 312 
D: 48 203 
D: 55 281 
D: 71 396 
D: 72 353 
D: 77 386 
D: 93 305 
D: 93 326 
D: 96 346 
D: 103 353 
D: 104 247 
D: 104 283 
D: 117 186 
D: 138 353 
D: 142 180 
D: 145 240 
D: 160 357 
D: 164 397 
D: 177 371 
D: 180 398 
D: 185 287 
D: 209 320 
D: 215 293 
D: 268 286 
D: 279 315 
D: 287 384 
D: 295 296 
D: 313 389 
