4 9 13 164 F: 2 4 3 
5 4 9 13 F: 2 2 
13 13 52 61 F: 13 
21 8 53 218 F: 2 6 
21 12 57 246 F: 12 
24 7 38 427 F: 3 4 
26 5 41 210 F: 2 1 2 
33 6 39 90 F: 2 1 3 
33 8 41 431 F: 5 3 
56 8 64 336 F: 6 2 
56 8 88 311 F: 2 6 
68 4 72 234 F: 4 
75 9 111 408 F: 6 3 
83 10 103 312 F: 7 3 
87 8 111 252 F: 8 
100 9 118 293 F: 7 2 
106 10 136 59 F: 10 
121 11 165 242 F: 5 6 
123 9 150 175 F: 5 2 2 
134 10 144 219 F: 5 5 
152 11 196 81 F: 5 6 
154 13 180 332 F: 5 4 4 
165 7 186 428 F: 2 4 1 
173 10 213 259 F: 5 5 
177 11 188 97 F: 5 6 
179 5 184 266 F: 3 2 
183 6 195 174 F: 3 1 2 
191 11 213 415 F: 5 3 3 
193 7 207 215 F: 7 
195 8 211 73 F: 5 3 
200 8 208 244 F: 2 3 3 
205 7 226 9 F: 2 5 
209 12 221 281 F: 12 
210 4 218 430 F: 4 
217 9 244 97 F: 9 
218 7 239 69 F: 7 
222 10 262 113 F: 5 1 4 
227 10 267 403 F: 10 
234 9 261 313 F: 3 6 
236 7 243 394 F: 4 3 
252 8 276 125 F: 5 3 
261 8 269 40 F: 5 2 1 
282 2 284 253 F: 2 
283 7 304 374 F: 3 4 
291 7 298 226 F: 4 2 1 
313 11 324 262 F: 5 6 
319 7 340 354 F: 5 2 
323 13 362 422 F: 7 6 
348 4 364 246 F: 4 
348 8 364 116 F: 3 3 2 
367 5 377 15 F: 2 2 1 
368 11 390 62 F: 11 
370 8 386 232 F: 2 2 4 
372 10 382 327 F: 5 3 2 
381 7 388 197 F: 7 
383 11 416 122 F: 11 
389 4 401 217 F: 4 
396 2 404 407 F: 2 
397 8 405 15 F: 8 
397 8 413 101 F: 3 5 
400 10 420 38 F: 5 1 4 
402 3 408 58 F: 3 
402 7 423 268 F: 5 2 
402 10 422 143 F: 6 4 
409 8 441 128 F: 2 6 
410 6 434 286 F: 6 
413 9 431 63 F: 9 
414 7 421 146 F: 7 
431 6 443 247 F: 2 1 3 
433 6 439 153 F: 3 3 
439 11 472 397 F: 7 4 
443 11 476 151 F: 5 4 2 
467 11 500 392 F: 5 2 4 
472 8 488 396 F: 3 2 3 
485 9 512 392 F: 9 
508 7 529 102 F: 4 2 1 
517 10 537 209 F: 4 3 3 
537 11 581 58 F: 5 4 2 
540 5 560 132 F: 4 1 
555 13 594 154 F: 5 4 4 
559 10 569 289 F: 4 3 3 
559 12 583 236 F: 12 
561 2 563 289 F: 2 
563 8 595 390 F: 2 4 2 
566 9 602 119 F: 3 2 4 
580 10 620 266 F: 5 5 
592 11 614 125 F: 3 4 4 
594 9 603 219 F: 7 2 
595 7 623 24 F: 2 4 1 
597 7 625 417 F: 7 
605 5 610 169 F: 5 
605 8 629 304 F: 8 
606 7 627 349 F: 7 
612 2 614 359 F: 2 
618 8 642 289 F: 2 6 
621 10 641 213 F: 4 2 4 
623 6 629 376 F: 6 
637 10 657 50 F: 4 2 4 
657 6 663 426 F: 6 
662 10 672 179 F: 10 
670 10 690 401 F: 4 2 4 
674 9 710 74 F: 3 4 2 
674 10 694 363 F: 10 
688 6 700 160 F: 5 1 
690 10 710 159 F: 5 2 3 
702 10 732 367 F: 5 2 3 
714 10 744 109 F: 10 
717 13 756 439 F: 13 
722 2 726 131 F: 2 
722 6 734 115 F: 4 2 
724 7 745 418 F: 5 1 1 
732 9 750 299 F: 5 4 
736 13 775 165 F: 5 4 4 
742 13 794 109 F: 7 6 
745 7 759 49 F: 4 1 2 
749 7 763 103 F: 3 2 2 
750 13 802 57 F: 13 
754 9 772 181 F: 4 1 4 
755 7 769 12 F: 3 4 
794 3 803 367 F: 2 1 
814 7 842 26 F: 2 3 2 
821 4 829 45 F: 2 2 
825 9 834 323 F: 3 4 2 
828 10 848 354 F: 6 4 
830 9 866 143 F: 3 2 4 
832 12 880 299 F: 12 
840 9 876 181 F: 4 3 2 
842 10 872 21 F: 10 
857 9 884 248 F: 2 4 3 
861 7 882 267 F: 2 2 3 
867 7 895 138 F: 2 1 4 
877 6 901 190 F: 6 
881 8 913 1 F: 2 4 2 
885 11 907 300 F: 5 2 4 
886 7 900 1 F: 7 
915 7 943 67 F: 2 4 1 
915 12 963 20 F: 5 3 4 
922 8 946 191 F: 3 5 
934 6 940 321 F: 6 
938 11 949 46 F: 11 
939 7 967 46 F: 2 4 1 
946 9 982 51 F: 4 5 
958 7 986 429 F: 7 
960 11 1004 53 F: 5 3 3 
976 12 988 425 F: 5 4 3 
985 3 994 132 F: 3 
990 4 1006 333 F: 2 2 
991 9 1018 61 F: 3 6 
998 7 1005 350 F: 5 1 1 
999 10 1039 275 F: 5 5 
1009 7 1030 267 F: 4 2 1 
1021 8 1037 146 F: 8 
1030 13 1069 316 F: 13 
1034 12 1058 414 F: 5 3 4 
1042 11 1064 247 F: 5 3 3 
1043 9 1079 344 F: 5 4 
1048 5 1058 135 F: 5 
1048 6 1054 416 F: 2 4 
1053 8 1069 312 F: 8 
1057 6 1081 3 F: 3 3 
1068 13 1107 259 F: 7 6 
1083 7 1111 392 F: 3 4 
1085 8 1109 146 F: 3 3 2 
1091 10 1101 179 F: 2 4 4 
1095 11 1117 22 F: 11 
1101 13 1140 367 F: 13 
1108 13 1147 278 F: 5 4 4 
1110 11 1121 219 F: 11 
1116 10 1136 284 F: 4 4 2 
1121 3 1127 241 F: 3 
1123 11 1156 414 F: 6 5 
1141 4 1149 263 F: 2 2 
1148 5 1163 89 F: 2 1 2 
1149 11 1171 404 F: 4 3 4 
1159 8 1175 304 F: 5 3 
1168 8 1184 97 F: 2 3 3 
1175 10 1205 61 F: 10 
1180 7 1194 331 F: 3 3 1 
1185 12 1233 186 F: 12 
1199 6 1217 95 F: 6 
1208 11 1241 218 F: 3 4 4 
1212 10 1222 206 F: 5 3 2 
1232 3 1235 39 F: 3 
1241 7 1262 220 F: 2 2 3 
1244 10 1284 300 F: 10 
1248 6 1260 94 F: 3 3 
1252 9 1288 404 F: 3 3 3 
1252 10 1282 174 F: 7 3 
1253 8 1277 415 F: 8 
1256 7 1263 274 F: 7 
1260 7 1267 92 F: 4 2 1 
1270 10 1310 41 F: 10 
1271 7 1278 249 F: 4 2 1 
1273 8 1305 226 F: 7 1 
1283 7 1304 194 F: 4 2 1 
1309 10 1349 223 F: 10 
1315 10 1325 448 F: 3 3 4 
1321 11 1343 298 F: 11 
1322 8 1346 256 F: 8 
1322 10 1332 190 F: 5 3 2 
1328 12 1364 96 F: 5 3 4 
1339 6 1351 239 F: 2 4 
1339 8 1371 157 F: 3 2 3 
1346 6 1370 315 F: 2 3 1 
1351 7 1372 340 F: 2 2 3 
1353 2 1355 270 F: 2 
1358 11 1402 365 F: 11 
1376 11 1398 308 F: 5 6 
1384 10 1394 187 F: 10 
1386 6 1410 98 F: 3 2 1 
1412 10 1442 115 F: 5 3 2 
1420 7 1441 349 F: 6 1 
1438 7 1466 8 F: 7 
1443 7 1471 58 F: 7 
1445 4 1453 385 F: 2 2 
1451 7 1472 361 F: 2 5 
1454 7 1482 76 F: 3 3 1 
1460 8 1468 207 F: 2 6 
1461 12 1473 48 F: 7 5 
1463 8 1479 20 F: 3 5 
1465 7 1493 246 F: 5 1 1 
1474 10 1504 139 F: 10 
1477 5 1497 420 F: 3 2 
1481 6 1493 433 F: 3 2 1 
1487 6 1493 279 F: 5 1 
1500 10 1540 260 F: 10 
1504 5 1524 432 F: 3 2 
1505 7 1512 301 F: 4 1 2 
1510 7 1531 253 F: 5 2 
1513 7 1520 323 F: 4 2 1 
1522 11 1533 148 F: 11 
1526 13 1565 403 F: 7 6 
1529 11 1573 21 F: 6 5 
1546 8 1554 4 F: 4 2 2 
1555 12 1579 337 F: 12 
1557 4 1573 95 F: 2 1 1 
1558 11 1580 177 F: 11 
1577 8 1593 265 F: 8 
1581 9 1599 368 F: 9 
1581 10 1601 26 F: 7 3 
1600 9 1636 432 F: 9 
1604 9 1640 156 F: 5 2 2 
1618 11 1640 434 F: 11 
1624 7 1638 14 F: 2 2 3 
1629 3 1635 358 F: 3 
1632 12 1680 358 F: 12 
1640 8 1656 140 F: 8 
1651 3 1663 239 F: 3 
1669 6 1675 220 F: 4 2 
1669 11 1680 430 F: 11 
1678 10 1708 376 F: 3 4 3 
1681 7 1702 409 F: 4 1 2 
1683 10 1723 64 F: 4 2 4 
1698 12 1734 417 F: 12 
1699 6 1711 279 F: 2 4 
1700 10 1710 152 F: 4 6 
1734 8 1758 87 F: 3 3 2 
1736 7 1757 226 F: 3 2 2 
1744 13 1770 262 F: 13 
1746 13 1759 308 F: 7 6 
1747 7 1754 217 F: 6 1 
1756 3 1762 221 F: 3 
1757 9 1784 215 F: 3 3 3 
1757 11 1801 400 F: 5 6 
1767 7 1774 371 F: 5 1 1 
1768 7 1782 178 F: 7 
1768 8 1776 53 F: 3 2 3 
1777 10 1797 236 F: 5 5 
1787 8 1819 202 F: 7 1 
1794 7 1801 442 F: 4 3 
1802 10 1832 64 F: 5 4 1 
1818 7 1832 76 F: 2 5 
1819 8 1827 329 F: 4 3 1 
1830 6 1842 343 F: 2 4 
1833 6 1857 75 F: 2 4 
1834 6 1858 312 F: 2 4 
1843 9 1852 280 F: 4 1 4 
1847 8 1855 410 F: 2 6 
1848 12 1860 70 F: 5 4 3 
1864 4 1876 102 F: 3 1 
1865 5 1870 433 F: 4 1 
1881 8 1905 126 F: 3 5 
1888 9 1906 406 F: 9 
1889 10 1919 50 F: 5 1 4 
1897 4 1913 11 F: 2 1 1 
1900 8 1908 134 F: 4 4 
1909 12 1957 235 F: 12 
1916 10 1946 7 F: 10 
1919 7 1947 122 F: 2 4 1 
1922 6 1928 389 F: 2 3 1 
1932 8 1964 15 F: 5 2 1 
1934 10 1944 69 F: 10 
1939 8 1947 117 F: 8 
1941 2 1947 254 F: 2 
1946 9 1955 165 F: 7 2 
1951 2 1957 93 F: 2 
1966 11 2010 323 F: 5 4 2 
1971 13 1997 436 F: 13 
1980 8 2004 292 F: 7 1 
1987 7 2015 196 F: 3 3 1 
2002 6 2026 359 F: 6 
2008 8 2016 205 F: 3 1 4 
2008 13 2047 388 F: 5 4 4 
2013 9 2022 324 F: 5 3 1 
2051 4 2067 105 F: 2 2 
2060 9 2096 407 F: 6 3 
2065 4 2081 50 F: 4 
2079 5 2089 201 F: 2 1 2 
2080 9 2098 322 F: 7 2 
2080 12 2104 438 F: 6 6 
2084 7 2098 134 F: 3 2 2 
2086 8 2118 268 F: 8 
2089 8 2121 401 F: 8 
2092 11 2103 94 F: 4 4 3 
2095 6 2113 300 F: 2 2 2 
2101 4 2117 27 F: 4 
2113 9 2149 424 F: 9 
2116 3 2119 299 F: 3 
2118 10 2128 365 F: 10 
2125 8 2157 276 F: 2 6 
2127 8 2159 292 F: 6 2 
2138 6 2156 268 F: 6 
2139 8 2147 310 F: 5 2 1 
2144 8 2168 163 F: 4 2 2 
2163 2 2171 218 F: 2 
2164 9 2173 153 F: 4 2 3 
2178 7 2206 167 F: 7 
2186 7 2207 204 F: 3 4 
2187 6 2211 185 F: 3 3 
2193 3 2199 50 F: 3 
2200 11 2244 118 F: 11 
2205 11 2249 353 F: 4 3 4 
2219 3 2228 347 F: 3 
2233 9 2269 31 F: 4 5 
2236 7 2243 50 F: 5 2 
2239 10 2279 130 F: 4 2 4 
2239 12 2287 199 F: 5 4 3 
2243 9 2279 59 F: 4 4 1 
2244 9 2253 236 F: 3 2 4 
2248 10 2288 338 F: 10 
2250 6 2274 343 F: 4 1 1 
2264 3 2267 42 F: 3 
2274 11 2285 429 F: 11 
2275 11 2286 40 F: 11 
2276 7 2304 27 F: 2 5 
2300 3 2312 402 F: 3 
2300 4 2304 361 F: 4 
2314 11 2358 407 F: 7 4 
2314 12 2326 374 F: 7 5 
2316 10 2326 146 F: 4 2 4 
2318 10 2348 76 F: 5 3 2 
2328 11 2372 350 F: 6 5 
2333 10 2373 144 F: 3 3 4 
2340 9 2376 416 F: 2 3 4 
2341 6 2353 356 F: 3 3 
2345 12 2381 30 F: 12 
2369 7 2376 189 F: 6 1 
2371 9 2380 52 F: 7 2 
2377 6 2383 247 F: 3 1 2 
2389 10 2429 95 F: 6 4 
2401 9 2437 426 F: 5 2 2 
2414 10 2424 390 F: 7 3 
2425 8 2457 329 F: 8 
2425 12 2437 323 F: 4 4 4 
2441 7 2448 121 F: 7 
2451 11 2462 342 F: 7 4 
2455 9 2482 267 F: 9 
2464 5 2469 404 F: 2 2 1 
2465 7 2493 434 F: 7 
2468 13 2520 20 F: 13 
2475 8 2483 174 F: 3 2 3 
2476 7 2490 275 F: 4 3 
2479 6 2491 227 F: 3 2 1 
2479 9 2515 269 F: 4 2 3 
2492 10 2512 363 F: 4 3 3 
2501 7 2508 206 F: 7 
2503 8 2519 122 F: 3 1 4 
2512 9 2539 347 F: 9 
2514 8 2530 301 F: 4 4 
2517 10 2557 21 F: 7 3 
2530 9 2557 333 F: 2 3 4 
2558 8 2574 200 F: 3 5 
2566 13 2605 444 F: 13 
2568 11 2590 18 F: 5 2 4 
2569 4 2577 398 F: 2 2 
2570 10 2590 39 F: 10 
2583 12 2607 389 F: 5 4 3 
2584 11 2628 231 F: 7 4 
2587 6 2605 83 F: 5 1 
2592 10 2622 251 F: 7 3 
2601 10 2631 257 F: 4 6 
2610 10 2630 422 F: 7 3 
2611 4 2619 247 F: 3 1 
2615 6 2621 423 F: 6 
2635 10 2665 34 F: 4 3 3 
2636 9 2663 52 F: 3 6 
2647 12 2659 42 F: 12 
2649 11 2693 194 F: 5 4 2 
2659 8 2667 148 F: 2 2 4 
2674 8 2682 2 F: 2 6 
2675 9 2684 278 F: 5 4 
2676 11 2698 109 F: 5 6 
2677 8 2701 268 F: 5 3 
2683 4 2691 21 F: 2 1 1 
2690 10 2730 252 F: 5 4 1 
2714 9 2750 444 F: 7 2 
2727 3 2736 426 F: 3 
2730 10 2760 276 F: 3 4 3 
2732 11 2743 98 F: 11 
2740 3 2749 27 F: 3 
2743 6 2761 211 F: 6 
2745 10 2755 179 F: 4 4 2 
2746 10 2766 234 F: 4 2 4 
2753 5 2763 256 F: 3 2 
2754 13 2767 232 F: 7 6 
2758 8 2782 422 F: 3 5 
2763 5 2778 93 F: 3 1 1 
2768 10 2798 297 F: 7 3 
2770 3 2779 417 F: 3 
2797 11 2841 412 F: 11 
2805 8 2829 262 F: 3 4 1 
2807 7 2814 2 F: 3 3 1 
2818 8 2834 211 F: 8 
2825 13 2851 383 F: 7 6 
2830 7 2851 52 F: 7 
2833 12 2869 171 F: 12 
2835 5 2850 296 F: 5 
2841 5 2846 47 F: 4 1 
2843 9 2861 202 F: 4 5 
2865 5 2880 313 F: 5 
2865 7 2872 330 F: 2 5 
2868 9 2904 94 F: 4 4 1 
2868 11 2890 255 F: 5 2 4 
2883 9 2910 247 F: 4 5 
2898 6 2910 71 F: 6 
2903 8 2919 122 F: 2 3 3 
2914 5 2934 168 F: 2 2 1 
2919 10 2939 49 F: 10 
2921 4 2925 235 F: 3 1 
2925 13 2951 300 F: 7 6 
2938 7 2966 183 F: 4 2 1 
2940 12 2964 91 F: 5 4 3 
2945 7 2966 91 F: 5 1 1 
2949 4 2957 208 F: 4 
2957 10 2987 120 F: 5 1 4 
2961 7 2968 142 F: 3 4 
2976 8 2984 122 F: 2 6 
2977 9 2986 3 F: 7 2 
2979 13 2992 224 F: 13 
2991 9 3018 400 F: 5 3 1 
D: 2 62 
D: 21 359 
D: 29 45 
D: 29 187 
D: 30 208 
D: 32 327 
D: 69 148 
D: 70 140 
D: 76 302 
D: 77 287 
D: 80 345 
D: 87 223 
D: 89 205 
D: 92 105 
D: 94 398 
D: 100 281 
D: 107 140 
D: 107 185 
D: 113 189 
D: 115 169 
D: 140 330 
D: 144 240 
D: 147 190 
D: 151 373 
D: 155 288 
D: 157 334 
D: 159 199 
D: 160 346 
D: 167 207 
D: 175 342 
D: 184 384 
D: 189 428 
D: 191 444 
D: 193 429 
D: 210 228 
D: 212 222 
D: 233 382 
D: 269 356 
D: 287 434 
D: 292 319 
D: 300 433 
D: 326 413 
D: 356 410 
D: 356 432 
D: 438 444 
