5 5 25 99 F: 2 1 2 
15 8 39 307 F: 6 2 
17 5 27 53 F: 2 1 2 
17 9 35 194 F: 9 
17 10 57 96 F: 5 5 
18 11 62 92 F: 3 4 4 
35 9 71 9 F: 5 2 2 
38 11 60 17 F: 11 
50 10 60 206 F: 3 4 3 
51 10 71 360 F: 5 2 3 
63 9 99 434 F: 7 2 
77 12 89 408 F: 12 
86 7 93 252 F: 3 4 
88 9 115 441 F: 2 3 4 
91 8 123 130 F: 8 
114 4 118 160 F: 4 
125 8 133 19 F: 5 1 2 
125 9 134 163 F: 9 
135 10 145 235 F: 7 3 
154 11 176 351 F: 3 4 4 
155 7 183 104 F: 2 2 3 
160 5 165 93 F: 3 1 1 
160 7 167 418 F: 2 1 4 
164 2 172 250 F: 2 
164 6 170 16 F: 2 2 2 
168 10 178 10 F: 10 
181 2 183 44 F: 2 
185 8 217 298 F: 4 4 
195 7 209 326 F: 4 1 2 
199 11 221 138 F: 4 4 3 
204 8 228 6 F: 4 4 
222 7 236 376 F: 3 4 
226 12 250 350 F: 5 3 4 
228 9 264 313 F: 3 3 3 
234 7 241 450 F: 7 
235 6 259 193 F: 5 1 
239 7 260 48 F: 4 2 1 
242 9 278 344 F: 2 4 3 
252 8 268 213 F: 5 2 1 
261 8 285 292 F: 5 1 2 
271 8 279 198 F: 2 3 3 
278 10 288 195 F: 10 
278 11 300 72 F: 11 
286 7 307 138 F: 2 3 2 
298 3 304 247 F: 3 
310 6 322 175 F: 5 1 
310 9 337 293 F: 2 3 4 
313 8 321 252 F: 5 3 
315 2 319 163 F: 2 
328 4 332 440 F: 3 1 
335 8 359 103 F: 5 1 2 
340 9 358 368 F: 5 1 3 
343 10 353 431 F: 5 4 1 
352 2 358 325 F: 2 
366 8 374 105 F: 3 3 2 
385 5 390 281 F: 5 
387 8 411 14 F: 4 2 2 
388 8 420 50 F: 5 3 
393 7 407 364 F: 7 
393 8 417 375 F: 7 1 
406 6 430 381 F: 2 4 
437 10 447 83 F: 2 4 4 
454 6 466 253 F: 2 4 
457 4 469 210 F: 3 1 
462 11 484 178 F: 5 6 
466 10 476 122 F: 5 4 1 
466 13 492 175 F: 5 4 4 
469 12 517 247 F: 12 
473 8 497 391 F: 3 5 
475 12 487 229 F: 12 
480 4 496 120 F: 4 
483 6 507 432 F: 6 
486 5 496 401 F: 4 1 
492 5 497 92 F: 2 3 
496 12 520 244 F: 12 
506 10 536 117 F: 5 5 
513 10 553 251 F: 5 3 2 
515 12 551 417 F: 7 5 
524 6 548 397 F: 3 3 
526 9 562 189 F: 9 
537 12 585 321 F: 6 6 
541 8 557 210 F: 5 2 1 
548 13 587 400 F: 5 4 4 
554 10 564 193 F: 5 2 3 
567 6 573 79 F: 6 
574 7 595 312 F: 7 
587 8 603 46 F: 6 2 
589 10 629 411 F: 6 4 
591 5 596 146 F: 5 
597 5 607 420 F: 2 3 
618 11 651 231 F: 11 
622 10 642 314 F: 10 
623 12 647 375 F: 12 
630 9 639 8 F: 5 3 1 
631 12 655 124 F: 7 5 
639 4 651 165 F: 4 
643 11 654 134 F: 5 6 
653 10 693 75 F: 5 5 
664 12 676 187 F: 5 4 3 
666 6 678 333 F: 2 4 
670 7 698 338 F: 4 1 2 
681 11 703 122 F: 4 4 3 
690 10 700 123 F: 5 4 1 
695 7 709 389 F: 3 3 1 
696 7 717 359 F: 3 1 3 
708 8 724 374 F: 7 1 
718 8 750 90 F: 2 2 4 
727 12 739 214 F: 12 
729 5 734 446 F: 5 
729 8 745 314 F: 8 
734 13 747 285 F: 13 
737 8 753 373 F: 8 
741 7 748 199 F: 3 4 
757 11 801 394 F: 11 
762 9 798 44 F: 4 2 3 
765 9 774 34 F: 9 
780 12 816 222 F: 12 
788 10 808 170 F: 10 
793 11 837 284 F: 11 
794 10 814 395 F: 10 
809 12 845 412 F: 4 4 4 
814 7 821 429 F: 3 3 1 
822 9 831 12 F: 9 
824 8 832 246 F: 5 3 
827 4 843 439 F: 2 1 1 
834 12 870 379 F: 12 
858 3 870 429 F: 2 1 
869 9 887 43 F: 4 1 4 
872 11 916 137 F: 11 
879 7 893 137 F: 2 2 3 
885 6 891 74 F: 2 4 
890 10 930 366 F: 10 
893 11 937 294 F: 5 2 4 
897 9 924 177 F: 3 4 2 
897 10 927 20 F: 10 
908 7 915 112 F: 7 
910 10 940 124 F: 7 3 
914 8 938 411 F: 4 3 1 
932 11 965 364 F: 11 
933 4 941 18 F: 2 2 
937 9 964 322 F: 9 
942 13 994 322 F: 13 
948 8 980 128 F: 2 2 4 
955 11 977 90 F: 5 2 4 
957 8 973 245 F: 5 3 
972 7 993 339 F: 3 2 2 
979 6 997 290 F: 2 2 2 
979 12 1003 322 F: 5 3 4 
980 4 992 235 F: 4 
986 4 994 209 F: 2 1 1 
1006 9 1015 104 F: 5 4 
1009 11 1053 239 F: 11 
1010 7 1017 432 F: 4 3 
1021 7 1035 241 F: 7 
1029 8 1037 248 F: 4 4 
1037 7 1051 296 F: 7 
1038 9 1056 252 F: 4 4 1 
1040 8 1064 117 F: 3 4 1 
1040 9 1058 420 F: 5 2 2 
1042 12 1054 358 F: 12 
1049 7 1056 242 F: 2 5 
1064 8 1096 137 F: 2 3 3 
1065 7 1093 138 F: 2 2 3 
1084 7 1098 234 F: 7 
1086 7 1114 77 F: 5 1 1 
1103 10 1113 367 F: 6 4 
1110 4 1114 205 F: 4 
1111 5 1116 284 F: 4 1 
1119 3 1122 335 F: 2 1 
1126 6 1150 159 F: 3 2 1 
1129 7 1136 399 F: 4 2 1 
1129 12 1141 149 F: 7 5 
1133 10 1163 400 F: 10 
1140 10 1150 105 F: 5 5 
1151 11 1195 100 F: 11 
1172 7 1193 260 F: 3 2 2 
1172 11 1183 215 F: 11 
1190 8 1222 421 F: 3 4 1 
1190 10 1200 441 F: 3 4 3 
1196 8 1204 94 F: 4 4 
1206 2 1210 404 F: 2 
1206 10 1246 357 F: 10 
1210 8 1226 122 F: 3 1 4 
1210 11 1243 41 F: 11 
1222 10 1242 119 F: 6 4 
1224 7 1231 97 F: 2 5 
1232 12 1280 121 F: 12 
1235 7 1256 221 F: 3 2 2 
1245 6 1257 46 F: 6 
1247 9 1274 200 F: 3 2 4 
1259 13 1298 302 F: 13 
1279 11 1312 79 F: 11 
1280 10 1290 208 F: 7 3 
1283 11 1305 191 F: 7 4 
1295 9 1313 168 F: 2 3 4 
1306 6 1324 347 F: 4 2 
1319 12 1331 279 F: 5 4 3 
1327 12 1339 17 F: 12 
1331 7 1338 341 F: 4 1 2 
1335 6 1353 326 F: 3 2 1 
1353 6 1365 119 F: 2 2 2 
1357 9 1384 314 F: 6 3 
1363 7 1377 353 F: 7 
1368 8 1384 148 F: 4 2 2 
1376 9 1403 220 F: 3 2 4 
1376 10 1386 152 F: 5 3 2 
1382 3 1394 26 F: 2 1 
1385 13 1411 365 F: 7 6 
1389 9 1398 81 F: 9 
1396 9 1405 223 F: 7 2 
1405 13 1457 392 F: 13 
1408 5 1423 21 F: 5 
1412 12 1448 13 F: 6 6 
1414 3 1426 108 F: 2 1 
1432 10 1452 445 F: 2 4 4 
1441 6 1459 164 F: 6 
1448 6 1472 29 F: 4 2 
1458 11 1502 110 F: 7 4 
1464 12 1476 233 F: 12 
1482 8 1514 426 F: 3 3 2 
1489 7 1496 250 F: 2 5 
1491 3 1500 440 F: 3 
1493 7 1521 199 F: 6 1 
1494 10 1534 36 F: 5 1 4 
1496 10 1536 196 F: 5 1 4 
1503 6 1509 418 F: 2 4 
1507 12 1555 440 F: 12 
1517 9 1535 379 F: 7 2 
1524 7 1545 339 F: 3 4 
1524 11 1557 351 F: 5 4 2 
1528 9 1555 443 F: 4 5 
1541 3 1550 429 F: 3 
1559 4 1567 25 F: 3 1 
1559 11 1581 374 F: 7 4 
1565 5 1570 427 F: 4 1 
1566 8 1590 382 F: 2 4 2 
1580 3 1583 146 F: 2 1 
1580 13 1632 136 F: 7 6 
1591 7 1605 75 F: 5 1 1 
1595 9 1613 19 F: 4 2 3 
1600 10 1610 45 F: 5 3 2 
1617 10 1647 122 F: 5 3 2 
1618 5 1628 72 F: 3 2 
1621 3 1627 142 F: 3 
1653 2 1659 57 F: 2 
1659 4 1675 432 F: 4 
1662 7 1690 222 F: 2 2 3 
1663 10 1683 275 F: 5 2 3 
1664 11 1686 222 F: 7 4 
1676 7 1683 193 F: 7 
1677 8 1685 98 F: 6 2 
1683 10 1693 334 F: 5 2 3 
1693 8 1725 57 F: 7 1 
1695 13 1747 16 F: 13 
1699 7 1706 377 F: 4 2 1 
1701 8 1717 411 F: 4 2 2 
1711 11 1755 168 F: 11 
1724 11 1768 414 F: 6 5 
1738 8 1754 61 F: 8 
1753 13 1805 49 F: 13 
1754 13 1780 64 F: 13 
1755 3 1761 57 F: 3 
1756 8 1780 171 F: 4 2 2 
1756 13 1795 113 F: 13 
1761 6 1767 266 F: 3 2 1 
1761 12 1773 114 F: 12 
1764 13 1816 128 F: 13 
1781 6 1805 212 F: 3 2 1 
1792 7 1806 11 F: 3 4 
1798 11 1842 286 F: 5 3 3 
1806 11 1839 373 F: 11 
1817 4 1821 437 F: 2 1 1 
1819 8 1851 171 F: 5 3 
1821 9 1839 71 F: 3 4 2 
1822 7 1843 159 F: 3 2 2 
1835 9 1862 339 F: 2 4 3 
1842 10 1882 43 F: 5 4 1 
1849 8 1865 37 F: 8 
1853 8 1861 271 F: 2 6 
1854 9 1890 62 F: 2 3 4 
1858 8 1874 301 F: 4 4 
1863 9 1890 9 F: 3 2 4 
1864 6 1870 209 F: 3 3 
1871 2 1877 38 F: 2 
1875 10 1895 128 F: 4 2 4 
1900 10 1910 259 F: 4 4 2 
1910 8 1918 407 F: 5 1 2 
1910 12 1946 91 F: 4 4 4 
1911 8 1935 428 F: 2 6 
1924 9 1942 33 F: 4 1 4 
1926 8 1950 198 F: 2 6 
1931 10 1971 145 F: 10 
1933 4 1949 413 F: 4 
1934 7 1941 113 F: 5 2 
1959 9 1986 202 F: 3 6 
1965 10 1985 420 F: 4 6 
1980 4 1996 71 F: 4 
1981 7 1988 256 F: 7 
1984 9 1993 366 F: 5 2 2 
1987 9 1996 214 F: 2 3 4 
2001 8 2017 351 F: 3 1 4 
2005 12 2053 423 F: 12 
2007 9 2034 179 F: 3 4 2 
2011 10 2041 263 F: 7 3 
2014 12 2026 409 F: 6 6 
2018 13 2044 80 F: 13 
2022 8 2046 377 F: 5 2 1 
2037 8 2069 304 F: 6 2 
2043 7 2050 402 F: 2 3 2 
2047 7 2054 427 F: 3 4 
2058 6 2076 9 F: 2 1 3 
2061 4 2069 99 F: 2 2 
2067 8 2091 388 F: 2 2 4 
2082 7 2096 20 F: 7 
2093 12 2105 447 F: 12 
2100 13 2126 437 F: 13 
2108 7 2136 153 F: 3 1 3 
2114 10 2124 37 F: 5 1 4 
2114 10 2154 50 F: 4 6 
2116 11 2160 94 F: 7 4 
2123 5 2128 274 F: 3 2 
2124 7 2145 333 F: 3 4 
2128 8 2144 361 F: 7 1 
2138 10 2168 107 F: 10 
2147 4 2163 58 F: 3 1 
2165 6 2171 79 F: 3 2 1 
2168 8 2192 432 F: 3 2 3 
2171 10 2191 186 F: 4 6 
2175 13 2227 414 F: 13 
2185 9 2212 114 F: 3 4 2 
2216 9 2234 269 F: 5 4 
2223 6 2247 226 F: 3 3 
2227 8 2259 384 F: 5 1 2 
2227 11 2260 342 F: 4 3 4 
2246 10 2276 94 F: 7 3 
2249 11 2293 198 F: 11 
2259 7 2266 155 F: 2 4 1 
2264 9 2291 139 F: 5 2 2 
2268 10 2288 153 F: 4 6 
2276 5 2281 250 F: 2 1 2 
2277 8 2301 26 F: 3 5 
2278 7 2306 68 F: 6 1 
2283 7 2304 391 F: 4 1 2 
2288 13 2314 356 F: 5 4 4 
2291 10 2301 175 F: 5 5 
2300 3 2306 338 F: 3 
2303 6 2321 57 F: 3 3 
2311 10 2321 77 F: 10 
2313 9 2322 24 F: 2 4 3 
2313 13 2326 29 F: 13 
2317 11 2339 32 F: 11 
2340 7 2361 111 F: 5 2 
2343 2 2347 28 F: 2 
2351 10 2391 400 F: 6 4 
2359 4 2375 68 F: 2 2 
2373 5 2383 260 F: 3 1 1 
2378 11 2411 9 F: 11 
2380 7 2401 135 F: 7 
2388 9 2424 400 F: 5 4 
2390 7 2418 102 F: 2 3 2 
2418 7 2439 3 F: 5 2 
2419 11 2441 93 F: 11 
2433 3 2439 234 F: 3 
2435 6 2453 280 F: 6 
2437 7 2451 317 F: 7 
2438 9 2465 421 F: 2 3 4 
2441 8 2473 26 F: 6 2 
2445 9 2454 300 F: 4 3 2 
2451 10 2481 82 F: 5 1 4 
2456 6 2468 27 F: 4 2 
2459 2 2465 89 F: 2 
2481 8 2513 331 F: 5 2 1 
2487 8 2503 141 F: 5 2 1 
2487 9 2505 282 F: 5 1 3 
2495 9 2504 383 F: 5 2 2 
2505 9 2541 108 F: 9 
2508 4 2524 434 F: 4 
2522 11 2555 423 F: 11 
2525 3 2528 304 F: 3 
2525 5 2540 408 F: 4 1 
2535 6 2559 113 F: 6 
2540 5 2545 304 F: 2 2 1 
2541 7 2562 178 F: 7 
2546 9 2582 57 F: 5 4 
2548 5 2553 176 F: 3 2 
2554 10 2564 207 F: 5 1 4 
2565 11 2598 208 F: 11 
2573 9 2600 256 F: 5 4 
2580 6 2604 318 F: 2 1 3 
2587 8 2611 300 F: 3 1 4 
2601 3 2613 327 F: 3 
2601 7 2608 148 F: 5 2 
2606 3 2612 155 F: 3 
2613 9 2640 71 F: 3 6 
2623 9 2641 381 F: 9 
2627 5 2642 302 F: 3 1 1 
2643 7 2657 216 F: 2 5 
2653 6 2671 430 F: 4 1 1 
2672 10 2702 207 F: 4 2 4 
2675 11 2686 394 F: 11 
2677 4 2685 51 F: 2 1 1 
2677 8 2693 165 F: 5 1 2 
2678 7 2692 217 F: 4 1 2 
2689 9 2707 160 F: 9 
2699 6 2711 55 F: 6 
2712 9 2739 375 F: 3 3 3 
2715 8 2731 314 F: 2 6 
2719 9 2746 191 F: 5 4 
2720 13 2746 437 F: 5 4 4 
2723 6 2735 217 F: 6 
2736 7 2757 336 F: 7 
2744 12 2768 369 F: 6 6 
2749 13 2788 391 F: 7 6 
2756 12 2804 9 F: 12 
2761 2 2767 243 F: 2 
2766 6 2778 388 F: 2 3 1 
2767 8 2783 23 F: 2 2 4 
2778 4 2782 438 F: 4 
2787 5 2792 190 F: 2 3 
2795 7 2823 25 F: 7 
2800 12 2812 212 F: 4 4 4 
2803 13 2842 44 F: 7 6 
2824 7 2852 288 F: 4 2 1 
2824 10 2834 109 F: 10 
2826 4 2830 297 F: 3 1 
2859 8 2883 376 F: 3 1 4 
2865 11 2909 54 F: 6 5 
2866 10 2896 97 F: 10 
2871 7 2885 85 F: 4 2 1 
2871 7 2892 78 F: 2 1 4 
2872 4 2880 395 F: 4 
2872 13 2924 213 F: 13 
2879 6 2897 250 F: 2 1 3 
2884 4 2900 291 F: 3 1 
2893 13 2906 21 F: 7 6 
2902 6 2926 91 F: 6 
2903 10 2913 391 F: 10 
2920 6 2944 48 F: 2 3 1 
2923 6 2929 140 F: 6 
2930 8 2946 157 F: 8 
2933 10 2963 229 F: 10 
2936 8 2960 19 F: 3 4 1 
2948 8 2956 153 F: 4 1 3 
2953 7 2974 62 F: 4 3 
2955 9 2964 345 F: 9 
2961 8 2969 82 F: 7 1 
2971 11 2982 446 F: 3 4 4 
2971 11 2993 263 F: 5 4 2 
2976 2 2984 385 F: 2 
2990 7 3018 348 F: 6 1 
D: 7 242 
D: 10 360 
D: 12 443 
D: 13 72 
D: 14 13 
D: 14 370 
D: 25 449 
D: 31 325 
D: 41 115 
D: 42 165 
D: 46 176 
D: 52 294 
D: 53 447 
D: 54 111 
D: 58 116 
D: 66 112 
D: 67 204 
D: 69 167 
D: 69 339 
D: 72 221 
D: 81 197 
D: 83 200 
D: 88 217 
D: 97 123 
D: 113 224 
D: 114 277 
D: 126 330 
D: 127 304 
D: 130 369 
D: 138 247 
D: 143 244 
D: 155 400 
D: 175 230 
D: 187 359 
D: 198 293 
D: 218 324 
D: 225 431 
D: 238 415 
D: 250 253 
D: 261 299 
D: 287 401 
D: 301 346 
D: 325 326 
D: 327 432 
D: 362 375 
