5 7 26 309 F: 7 
11 5 21 107 F: 5 
11 7 18 42 F: 7 
18 9 45 421 F: 9 
21 5 26 111 F: 3 2 
23 4 31 87 F: 4 
44 8 76 103 F: 5 1 2 
48 7 76 254 F: 2 5 
51 7 65 420 F: 2 3 2 
54 9 81 134 F: 6 3 
58 12 94 393 F: 12 
66 11 99 420 F: 7 4 
72 6 96 430 F: 4 1 1 
80 6 92 386 F: 5 1 
85 8 101 78 F: 2 6 
114 8 138 324 F: 4 1 3 
118 12 142 20 F: 12 
120 9 147 45 F: 6 3 
123 9 159 210 F: 4 5 
125 13 138 97 F: 7 6 
129 6 147 409 F: 4 1 1 
134 2 140 445 F: 2 
140 6 164 104 F: 5 1 
155 6 179 5 F: 4 1 1 
159 3 168 433 F: 3 
160 11 171 4 F: 11 
175 4 191 416 F: 2 2 
181 8 205 410 F: 3 5 
196 13 248 344 F: 7 6 
199 4 203 113 F: 3 1 
209 9 245 363 F: 4 3 2 
214 9 241 22 F: 3 4 2 
220 11 242 244 F: 3 4 4 
231 2 233 103 F: 2 
233 9 269 99 F: 6 3 
236 7 264 34 F: 3 3 1 
236 8 260 129 F: 4 2 2 
238 8 270 249 F: 3 3 2 
242 5 247 391 F: 3 2 
245 3 254 74 F: 2 1 
248 9 284 47 F: 6 3 
267 6 273 336 F: 4 1 1 
275 8 291 65 F: 3 1 4 
280 8 304 273 F: 8 
288 4 300 19 F: 4 
303 12 327 359 F: 7 5 
304 5 319 65 F: 2 3 
312 7 319 439 F: 4 2 1 
318 13 370 204 F: 13 
328 10 338 42 F: 10 
336 4 344 241 F: 4 
341 9 368 221 F: 4 3 2 
353 6 371 74 F: 3 2 1 
355 4 371 337 F: 4 
363 10 393 58 F: 10 
364 12 412 217 F: 4 4 4 
365 7 386 267 F: 2 3 2 
374 12 386 301 F: 12 
379 4 391 248 F: 4 
393 10 413 407 F: 5 1 4 
402 7 416 427 F: 7 
429 5 444 128 F: 5 
431 7 452 348 F: 7 
433 5 443 371 F: 4 1 
439 2 447 149 F: 2 
450 7 471 439 F: 4 2 1 
451 10 471 290 F: 4 6 
455 5 460 276 F: 5 
456 9 492 415 F: 3 6 
458 7 465 408 F: 6 1 
465 2 469 398 F: 2 
474 10 504 390 F: 5 5 
483 11 516 396 F: 11 
484 4 496 280 F: 4 
490 11 512 116 F: 11 
502 12 550 44 F: 5 4 3 
507 10 547 95 F: 2 4 4 
511 9 520 172 F: 9 
512 11 534 415 F: 5 6 
517 11 550 80 F: 11 
523 10 543 36 F: 7 3 
536 9 545 371 F: 9 
537 10 557 179 F: 5 5 
539 7 546 14 F: 3 2 2 
542 4 558 349 F: 4 
550 2 552 409 F: 2 
571 11 604 351 F: 11 
577 13 616 193 F: 7 6 
588 8 620 1 F: 3 5 
597 3 603 181 F: 3 
600 6 618 107 F: 6 
601 11 645 203 F: 5 3 3 
609 8 617 285 F: 3 3 2 
628 10 648 432 F: 10 
631 9 658 178 F: 4 2 3 
635 8 643 221 F: 7 1 
651 12 699 364 F: 12 
652 6 670 65 F: 6 
661 5 666 399 F: 5 
667 9 694 341 F: 5 3 1 
669 6 681 319 F: 2 2 2 
669 11 691 399 F: 5 2 4 
670 9 697 441 F: 5 1 3 
680 10 690 379 F: 5 4 1 
697 8 705 328 F: 2 2 4 
704 5 719 37 F: 5 
715 7 722 166 F: 7 
717 10 737 244 F: 5 4 1 
726 8 758 382 F: 8 
735 9 744 149 F: 3 3 3 
752 8 776 107 F: 3 2 3 
755 11 777 196 F: 5 3 3 
777 6 801 177 F: 2 4 
780 5 800 197 F: 2 1 2 
785 5 795 445 F: 3 2 
789 13 828 247 F: 13 
791 2 793 71 F: 2 
791 11 824 442 F: 11 
797 7 804 359 F: 4 1 2 
798 11 842 84 F: 6 5 
802 9 820 176 F: 2 3 4 
807 7 828 251 F: 5 1 1 
813 5 833 393 F: 5 
823 11 867 101 F: 5 6 
828 5 848 23 F: 3 2 
834 12 882 428 F: 5 3 4 
837 8 861 307 F: 3 3 2 
855 9 891 218 F: 5 1 3 
859 4 863 313 F: 4 
861 4 865 299 F: 2 1 1 
865 4 881 177 F: 2 1 1 
875 2 879 40 F: 2 
875 8 891 434 F: 3 2 3 
889 4 897 381 F: 2 2 
898 7 926 447 F: 4 1 2 
913 6 919 123 F: 6 
919 7 933 308 F: 2 3 2 
921 13 973 434 F: 5 4 4 
938 3 944 91 F: 2 1 
942 9 969 425 F: 3 6 
943 8 959 279 F: 8 
943 9 952 106 F: 4 4 1 
952 9 988 178 F: 5 4 
955 11 977 371 F: 5 3 3 
968 8 992 53 F: 3 1 4 
974 5 984 26 F: 2 3 
975 8 999 52 F: 3 5 
976 5 986 37 F: 3 2 
977 10 997 235 F: 4 4 2 
978 8 1002 344 F: 8 
1014 11 1047 85 F: 5 2 4 
1028 12 1076 407 F: 7 5 
1038 10 1078 281 F: 4 4 2 
1044 4 1048 354 F: 2 2 
1045 10 1085 143 F: 10 
1049 8 1081 384 F: 8 
1066 9 1075 202 F: 4 2 3 
1071 10 1081 279 F: 6 4 
1072 8 1080 137 F: 7 1 
1073 3 1082 258 F: 3 
1074 13 1113 262 F: 13 
1076 8 1092 315 F: 8 
1083 5 1093 311 F: 5 
1085 6 1109 422 F: 4 2 
1098 9 1107 197 F: 7 2 
1101 9 1128 281 F: 3 2 4 
1102 9 1111 31 F: 7 2 
1106 6 1118 135 F: 2 4 
1112 10 1152 442 F: 10 
1118 10 1128 418 F: 4 4 2 
1122 7 1150 133 F: 6 1 
1122 9 1158 236 F: 4 4 1 
1123 8 1147 102 F: 6 2 
1143 7 1150 426 F: 3 1 3 
1144 8 1168 421 F: 6 2 
1146 7 1160 32 F: 3 1 3 
1150 8 1174 242 F: 8 
1174 8 1206 104 F: 4 3 1 
1186 5 1206 169 F: 4 1 
1193 13 1206 38 F: 13 
1207 12 1255 231 F: 12 
1215 5 1235 387 F: 5 
1217 7 1245 147 F: 2 5 
1217 8 1225 316 F: 8 
1218 6 1236 46 F: 2 3 1 
1225 12 1273 377 F: 6 6 
1228 7 1249 246 F: 4 3 
1228 11 1239 364 F: 11 
1242 4 1250 291 F: 4 
1242 12 1278 441 F: 5 4 3 
1243 7 1264 415 F: 3 4 
1248 4 1264 87 F: 3 1 
1259 7 1280 232 F: 4 2 1 
1264 7 1292 430 F: 2 1 4 
1298 11 1320 348 F: 4 3 4 
1308 6 1320 258 F: 6 
1311 11 1344 427 F: 7 4 
1313 8 1329 298 F: 4 2 2 
1315 7 1322 328 F: 3 4 
1315 8 1339 122 F: 2 4 2 
1316 8 1324 403 F: 2 3 3 
1318 12 1330 151 F: 12 
1328 5 1333 80 F: 5 
1333 8 1357 435 F: 3 1 4 
1335 7 1349 284 F: 2 5 
1354 13 1406 144 F: 13 
1376 3 1379 53 F: 3 
1377 7 1398 46 F: 2 5 
1381 8 1405 228 F: 4 4 
1389 7 1410 323 F: 3 2 2 
1400 5 1415 193 F: 2 3 
1401 11 1412 237 F: 3 4 4 
1404 7 1425 362 F: 2 1 4 
1416 5 1421 15 F: 3 2 
1422 6 1440 315 F: 5 1 
1422 11 1466 242 F: 11 
1425 8 1449 182 F: 6 2 
1438 11 1471 183 F: 3 4 4 
1443 8 1467 107 F: 6 2 
1445 7 1459 280 F: 6 1 
1447 10 1457 89 F: 4 4 2 
1459 8 1467 16 F: 8 
1473 8 1481 287 F: 5 2 1 
1478 8 1486 268 F: 4 2 2 
1494 11 1505 314 F: 11 
1502 12 1514 98 F: 6 6 
1504 6 1522 448 F: 5 1 
1510 2 1516 221 F: 2 
1526 11 1548 346 F: 7 4 
1531 11 1575 374 F: 4 4 3 
1533 13 1546 438 F: 13 
1535 3 1538 1 F: 2 1 
1537 11 1581 262 F: 5 6 
1556 9 1583 43 F: 2 3 4 
1557 12 1605 110 F: 12 
1562 8 1578 108 F: 2 4 2 
1563 6 1581 46 F: 6 
1571 10 1581 62 F: 5 5 
1589 11 1600 340 F: 5 6 
1597 8 1629 331 F: 4 1 3 
1606 8 1638 428 F: 7 1 
1626 7 1647 264 F: 2 1 4 
1632 7 1646 82 F: 2 3 2 
1636 8 1660 235 F: 2 4 2 
1645 7 1666 375 F: 5 1 1 
1646 6 1652 327 F: 2 4 
1663 7 1677 308 F: 3 4 
1665 11 1676 409 F: 11 
1671 13 1723 279 F: 5 4 4 
1677 2 1681 212 F: 2 
1681 7 1709 448 F: 5 2 
1684 8 1692 124 F: 6 2 
1687 11 1709 193 F: 11 
1689 3 1695 12 F: 3 
1693 9 1702 431 F: 9 
1704 9 1740 24 F: 5 4 
1705 12 1753 199 F: 6 6 
1712 4 1720 139 F: 4 
1722 11 1733 22 F: 5 2 4 
1733 8 1765 400 F: 4 1 3 
1734 8 1766 311 F: 4 4 
1736 9 1745 331 F: 9 
1738 10 1768 433 F: 10 
1740 9 1749 300 F: 6 3 
1754 6 1766 78 F: 6 
1756 7 1784 28 F: 3 4 
1763 9 1790 295 F: 3 4 2 
1776 9 1785 28 F: 4 5 
1787 6 1799 377 F: 6 
1795 12 1819 414 F: 12 
1804 8 1828 397 F: 8 
1810 3 1822 277 F: 3 
1822 12 1834 283 F: 12 
1827 7 1855 312 F: 4 3 
1828 8 1860 255 F: 7 1 
1829 6 1847 334 F: 3 3 
1838 9 1874 286 F: 4 2 3 
1839 8 1847 374 F: 5 3 
1849 8 1881 168 F: 8 
1851 5 1856 267 F: 2 1 2 
1852 13 1865 413 F: 13 
1853 6 1865 30 F: 5 1 
1861 12 1909 5 F: 7 5 
1896 7 1903 203 F: 3 4 
1897 12 1945 84 F: 5 3 4 
1906 6 1918 408 F: 3 3 
1912 11 1945 274 F: 6 5 
1919 7 1926 342 F: 3 1 3 
1924 4 1932 252 F: 4 
1925 12 1973 171 F: 6 6 
1934 8 1966 306 F: 3 2 3 
1936 4 1952 416 F: 3 1 
1945 9 1954 314 F: 5 1 3 
1949 11 1982 266 F: 3 4 4 
1951 6 1963 83 F: 2 1 3 
1952 7 1973 13 F: 2 1 4 
1966 9 1984 431 F: 6 3 
1974 5 1994 406 F: 2 1 2 
1997 2 2001 270 F: 2 
1998 8 2022 201 F: 7 1 
2015 13 2054 46 F: 13 
2018 11 2029 59 F: 4 3 4 
2035 9 2071 131 F: 9 
2036 7 2064 447 F: 7 
2040 6 2058 130 F: 6 
2040 6 2064 407 F: 6 
2043 5 2058 192 F: 2 2 1 
2048 5 2058 407 F: 5 
2051 7 2079 64 F: 3 3 1 
2056 13 2095 289 F: 13 
2075 11 2086 156 F: 4 3 4 
2080 4 2084 401 F: 4 
2093 10 2133 81 F: 10 
2095 7 2123 171 F: 4 2 1 
2096 13 2135 24 F: 13 
2100 6 2112 5 F: 5 1 
2102 8 2110 23 F: 3 4 1 
2110 7 2117 170 F: 2 1 4 
2117 5 2132 349 F: 5 
2123 9 2150 372 F: 2 3 4 
2123 10 2153 63 F: 3 4 3 
2125 6 2149 144 F: 4 2 
2132 4 2148 343 F: 3 1 
2153 11 2197 405 F: 5 4 2 
2164 2 2168 389 F: 2 
2177 2 2181 233 F: 2 
2177 8 2201 348 F: 8 
2180 11 2224 165 F: 5 4 2 
2186 9 2204 314 F: 9 
2196 12 2244 400 F: 12 
2205 9 2223 263 F: 9 
2222 11 2244 376 F: 4 4 3 
2226 8 2242 167 F: 6 2 
2227 7 2234 10 F: 5 1 1 
2233 6 2245 24 F: 4 2 
2237 11 2259 424 F: 11 
2248 8 2264 187 F: 5 3 
2253 8 2269 282 F: 8 
2257 5 2267 373 F: 2 2 1 
2266 12 2278 75 F: 12 
2270 9 2306 427 F: 4 4 1 
2282 12 2330 186 F: 12 
2283 6 2301 63 F: 6 
2287 3 2299 317 F: 3 
2287 11 2331 330 F: 11 
2300 10 2310 339 F: 6 4 
2307 10 2337 20 F: 3 3 4 
2315 8 2331 4 F: 3 1 4 
2322 6 2346 121 F: 2 3 1 
2326 7 2347 114 F: 3 1 3 
2327 10 2357 386 F: 10 
2336 12 2360 304 F: 12 
2338 13 2390 229 F: 7 6 
2354 10 2384 148 F: 5 1 4 
2361 8 2393 121 F: 7 1 
2361 8 2393 184 F: 5 1 2 
2370 6 2382 133 F: 6 
2370 8 2386 132 F: 4 4 
2385 8 2417 322 F: 3 2 3 
2394 13 2446 52 F: 13 
2404 10 2424 148 F: 2 4 4 
2412 11 2445 416 F: 5 4 2 
2418 6 2424 13 F: 4 2 
2428 6 2440 4 F: 5 1 
2432 8 2440 415 F: 5 1 2 
2433 8 2457 269 F: 8 
2440 9 2449 213 F: 5 2 2 
2440 12 2464 378 F: 4 4 4 
2458 10 2468 280 F: 4 4 2 
2459 11 2492 394 F: 5 2 4 
2462 11 2495 226 F: 5 6 
2471 5 2491 388 F: 5 
2487 6 2505 112 F: 6 
2489 12 2501 316 F: 7 5 
2497 4 2501 255 F: 4 
2500 6 2506 375 F: 6 
2502 11 2513 35 F: 11 
2507 7 2521 46 F: 7 
2523 9 2559 266 F: 6 3 
2530 3 2533 100 F: 2 1 
2530 4 2534 44 F: 4 
2538 8 2554 361 F: 6 2 
2552 3 2555 367 F: 3 
2563 5 2578 181 F: 3 2 
2564 8 2572 414 F: 4 2 2 
2566 6 2584 3 F: 5 1 
2566 13 2618 32 F: 13 
2576 10 2606 326 F: 10 
2580 5 2585 250 F: 3 2 
2581 10 2591 271 F: 10 
2601 10 2631 345 F: 7 3 
2609 5 2614 246 F: 5 
2613 8 2645 425 F: 5 3 
2623 7 2644 223 F: 5 2 
2627 8 2659 13 F: 5 3 
2659 12 2671 406 F: 12 
2660 5 2670 136 F: 2 3 
2660 7 2681 344 F: 7 
2661 7 2689 342 F: 3 1 3 
2681 8 2705 379 F: 5 2 1 
2684 8 2708 378 F: 3 5 
2684 9 2702 310 F: 7 2 
2689 9 2698 29 F: 3 2 4 
2693 7 2721 320 F: 3 3 1 
2694 7 2708 153 F: 3 1 3 
2710 9 2746 37 F: 9 
2721 9 2739 333 F: 9 
2722 10 2732 103 F: 10 
2725 10 2755 325 F: 3 3 4 
2727 7 2755 253 F: 2 5 
2746 5 2761 317 F: 5 
2752 6 2776 361 F: 3 1 2 
2765 8 2781 427 F: 3 5 
2774 9 2783 370 F: 4 1 4 
2776 10 2786 268 F: 5 5 
2781 10 2791 353 F: 4 3 3 
2788 8 2812 29 F: 4 4 
2792 5 2807 392 F: 4 1 
2792 10 2822 51 F: 7 3 
2799 5 2809 12 F: 5 
2804 12 2840 245 F: 7 5 
2809 6 2815 405 F: 2 2 2 
2817 9 2835 210 F: 9 
2819 12 2867 419 F: 12 
2824 8 2840 149 F: 5 3 
2836 9 2845 326 F: 3 3 3 
2845 7 2852 143 F: 2 4 1 
2847 9 2865 351 F: 3 6 
2853 7 2860 71 F: 3 4 
2857 8 2873 46 F: 7 1 
2858 7 2886 192 F: 7 
2869 5 2874 109 F: 2 3 
2871 7 2878 34 F: 7 
2896 8 2904 378 F: 6 2 
2898 9 2925 75 F: 9 
2904 10 2924 370 F: 10 
2920 3 2932 306 F: 3 
2921 8 2953 225 F: 4 1 3 
2922 4 2934 92 F: 4 
2922 11 2944 337 F: 3 4 4 
2936 11 2958 56 F: 11 
2945 10 2955 293 F: 5 4 1 
2949 9 2985 393 F: 7 2 
2955 9 2982 61 F: 4 4 1 
2969 8 2977 194 F: 8 
2970 9 2988 254 F: 4 1 4 
2974 7 2988 187 F: 4 3 
2976 7 2990 290 F: 5 2 
2997 4 3009 354 F: 4 
2997 8 3029 448 F: 8 
D: 5 201 
D: 7 146 
D: 14 150 
D: 23 40 
D: 24 361 
D: 30 44 
D: 38 140 
D: 38 191 
D: 39 276 
D: 40 227 
D: 41 215 
D: 42 276 
D: 53 244 
D: 57 318 
D: 57 427 
D: 63 125 
D: 75 154 
D: 83 168 
D: 106 442 
D: 111 262 
D: 123 132 
D: 138 181 
D: 145 431 
D: 157 406 
D: 163 332 
D: 168 223 
D: 171 336 
D: 181 223 
D: 195 219 
D: 207 242 
D: 210 383 
D: 216 305 
D: 217 339 
D: 228 338 
D: 229 303 
D: 244 312 
D: 245 402 
D: 256 300 
D: 269 358 
D: 271 395 
D: 304 406 
D: 330 397 
D: 330 411 
D: 340 346 
D: 414 447 
