5 13 57 159 F: 13 
8 8 32 129 F: 4 4 
14 4 26 121 F: 2 1 1 
15 8 47 229 F: 8 
32 9 50 276 F: 4 1 4 
36 11 58 44 F: 4 3 4 
44 7 72 37 F: 2 4 1 
44 12 92 6 F: 12 
59 12 95 2 F: 12 
62 8 86 219 F: 5 1 2 
68 8 84 366 F: 5 3 
70 7 84 70 F: 2 5 
82 8 98 289 F: 3 5 
86 9 95 91 F: 4 2 3 
89 8 105 396 F: 8 
100 5 110 231 F: 5 
106 10 116 264 F: 10 
120 9 129 300 F: 3 6 
126 8 158 193 F: 8 
126 11 159 89 F: 5 4 2 
128 7 135 122 F: 2 1 4 
142 5 162 264 F: 4 1 
145 13 158 139 F: 13 
154 7 175 145 F: 2 5 
166 11 188 177 F: 5 3 3 
177 10 187 237 F: 7 3 
185 3 197 219 F: 2 1 
191 9 200 115 F: 9 
198 2 204 189 F: 2 
199 6 205 11 F: 2 2 2 
214 4 222 110 F: 4 
220 12 268 267 F: 12 
222 7 243 103 F: 6 1 
226 10 246 105 F: 5 2 3 
246 8 270 11 F: 2 4 2 
253 6 271 222 F: 2 3 1 
257 11 268 244 F: 4 3 4 
258 4 266 318 F: 3 1 
261 9 297 337 F: 5 4 
262 8 294 162 F: 8 
268 5 278 261 F: 2 3 
280 8 288 146 F: 3 4 1 
285 7 313 29 F: 4 1 2 
286 6 298 8 F: 6 
288 2 292 334 F: 2 
303 7 331 115 F: 2 4 1 
304 6 316 59 F: 6 
308 12 320 215 F: 7 5 
319 8 351 177 F: 5 3 
325 6 337 255 F: 6 
328 7 335 24 F: 5 1 1 
336 11 369 91 F: 11 
344 7 351 324 F: 3 1 3 
349 3 355 101 F: 3 
371 7 385 44 F: 6 1 
375 7 389 365 F: 6 1 
378 6 390 90 F: 2 2 2 
391 5 406 183 F: 5 
398 6 416 251 F: 4 1 1 
398 10 408 150 F: 3 4 3 
400 6 412 129 F: 3 3 
402 8 410 208 F: 3 2 3 
403 5 418 347 F: 4 1 
404 6 422 262 F: 5 1 
413 8 429 345 F: 6 2 
417 11 428 63 F: 6 5 
424 8 448 116 F: 3 1 4 
425 9 434 12 F: 2 3 4 
426 7 433 106 F: 4 2 1 
441 5 456 280 F: 2 3 
454 9 472 272 F: 9 
458 7 486 158 F: 2 1 4 
497 9 524 382 F: 6 3 
498 12 510 394 F: 12 
499 10 509 390 F: 5 4 1 
507 4 515 108 F: 4 
510 6 522 366 F: 3 3 
523 6 535 146 F: 6 
525 4 533 117 F: 2 2 
530 8 562 380 F: 7 1 
538 8 554 83 F: 7 1 
544 6 562 192 F: 5 1 
544 11 588 61 F: 11 
572 11 605 177 F: 3 4 4 
578 8 610 87 F: 3 4 1 
581 7 609 52 F: 4 2 1 
584 8 616 396 F: 5 2 1 
591 10 621 202 F: 5 2 3 
592 12 604 32 F: 6 6 
593 11 637 244 F: 11 
600 9 609 370 F: 2 4 3 
615 5 620 159 F: 5 
619 9 628 122 F: 9 
628 7 649 245 F: 5 2 
632 11 676 57 F: 4 4 3 
639 13 665 393 F: 5 4 4 
657 5 662 322 F: 4 1 
660 7 667 148 F: 4 2 1 
663 10 693 171 F: 4 3 3 
673 5 688 220 F: 2 2 1 
678 10 718 55 F: 3 3 4 
680 9 716 187 F: 3 6 
688 5 703 73 F: 2 3 
693 8 709 38 F: 2 2 4 
699 13 738 235 F: 5 4 4 
707 7 735 29 F: 4 3 
707 11 718 393 F: 4 3 4 
715 8 731 302 F: 8 
717 7 731 23 F: 7 
731 12 779 20 F: 7 5 
733 13 759 54 F: 13 
748 11 781 36 F: 11 
759 9 777 214 F: 4 2 3 
761 6 779 207 F: 4 2 
769 7 797 175 F: 7 
770 9 788 280 F: 9 
775 8 791 369 F: 8 
782 6 806 10 F: 6 
791 6 809 399 F: 3 2 1 
798 10 828 126 F: 2 4 4 
803 2 805 96 F: 2 
813 9 840 362 F: 2 4 3 
822 7 850 345 F: 7 
822 10 842 4 F: 3 3 4 
825 11 847 240 F: 5 6 
827 6 851 11 F: 5 1 
843 7 857 68 F: 4 3 
850 12 862 330 F: 12 
857 4 869 239 F: 4 
859 2 865 116 F: 2 
860 7 867 124 F: 3 1 3 
873 8 905 138 F: 3 5 
879 6 897 110 F: 2 1 3 
880 11 924 27 F: 5 6 
894 9 912 265 F: 5 4 
909 8 941 73 F: 5 2 1 
918 2 922 177 F: 2 
929 13 968 374 F: 13 
937 6 943 31 F: 4 2 
943 8 951 119 F: 2 2 4 
948 8 964 12 F: 5 3 
950 4 954 152 F: 4 
951 8 975 100 F: 5 2 1 
951 10 971 104 F: 5 2 3 
963 12 1011 325 F: 12 
979 12 1015 18 F: 7 5 
982 4 986 121 F: 2 2 
993 8 1009 245 F: 3 5 
995 9 1022 2 F: 7 2 
997 10 1037 339 F: 10 
1003 5 1023 155 F: 2 3 
1006 6 1012 253 F: 5 1 
1007 7 1014 24 F: 2 1 4 
1007 10 1017 76 F: 5 4 1 
1009 5 1024 10 F: 2 3 
1015 4 1023 262 F: 4 
1024 7 1031 250 F: 5 2 
1043 3 1049 269 F: 3 
1044 9 1071 21 F: 9 
1050 5 1070 70 F: 3 2 
1053 6 1065 207 F: 2 4 
1069 8 1085 260 F: 2 4 2 
1072 4 1076 25 F: 4 
1086 2 1092 131 F: 2 
1087 11 1120 400 F: 5 6 
1102 7 1130 100 F: 5 2 
1112 9 1148 25 F: 9 
1115 6 1127 285 F: 6 
1116 6 1134 318 F: 3 3 
1122 7 1150 341 F: 2 2 3 
1125 4 1141 114 F: 4 
1135 13 1174 30 F: 13 
1141 12 1189 88 F: 12 
1146 5 1166 171 F: 5 
1155 8 1171 258 F: 2 6 
1160 6 1184 98 F: 2 1 3 
1162 9 1189 128 F: 4 1 4 
1181 10 1211 218 F: 7 3 
1190 9 1217 80 F: 3 2 4 
1198 5 1213 156 F: 2 3 
1229 11 1273 35 F: 11 
1231 3 1237 183 F: 3 
1233 13 1259 389 F: 13 
1251 8 1267 105 F: 5 2 1 
1255 6 1261 370 F: 6 
1257 12 1269 196 F: 12 
1259 10 1279 96 F: 5 1 4 
1261 10 1281 147 F: 7 3 
1262 8 1286 11 F: 6 2 
1263 5 1273 37 F: 2 1 2 
1263 11 1274 8 F: 5 4 2 
1283 10 1313 106 F: 5 5 
1284 6 1290 356 F: 2 4 
1296 2 1304 61 F: 2 
1296 10 1306 190 F: 4 3 3 
1302 6 1308 236 F: 4 2 
1309 11 1342 248 F: 5 2 4 
1317 4 1333 360 F: 4 
1321 12 1333 90 F: 12 
1327 7 1341 164 F: 2 5 
1330 9 1366 316 F: 4 5 
1332 9 1368 149 F: 4 3 2 
1337 10 1347 397 F: 5 4 1 
1340 11 1384 346 F: 11 
1369 3 1381 228 F: 3 
1372 8 1388 237 F: 3 5 
1373 6 1397 69 F: 6 
1381 3 1387 361 F: 3 
1381 6 1387 92 F: 2 2 2 
1389 5 1404 293 F: 2 3 
1401 7 1422 189 F: 6 1 
1403 13 1429 263 F: 5 4 4 
1421 5 1426 275 F: 4 1 
1430 12 1478 182 F: 7 5 
1439 10 1449 79 F: 6 4 
1441 9 1459 257 F: 3 2 4 
1449 7 1463 373 F: 7 
1458 7 1472 223 F: 3 1 3 
1462 8 1486 263 F: 2 6 
1470 6 1482 262 F: 2 2 2 
1474 3 1483 43 F: 3 
1475 9 1484 169 F: 9 
1478 8 1510 219 F: 5 1 2 
1488 5 1503 262 F: 2 3 
1494 9 1521 28 F: 4 3 2 
1506 9 1515 334 F: 3 3 3 
1507 9 1516 36 F: 3 6 
1517 10 1557 159 F: 6 4 
1518 9 1527 286 F: 6 3 
1520 7 1548 341 F: 7 
1522 9 1531 230 F: 7 2 
1523 6 1529 293 F: 6 
1529 7 1557 18 F: 3 1 3 
1539 2 1541 310 F: 2 
1547 11 1580 145 F: 11 
1555 7 1562 106 F: 4 3 
1568 6 1580 199 F: 3 1 2 
1571 9 1598 110 F: 9 
1593 10 1633 379 F: 5 3 2 
1599 6 1623 282 F: 3 3 
1602 11 1624 182 F: 5 6 
1605 11 1649 152 F: 6 5 
1607 10 1627 286 F: 7 3 
1612 10 1652 138 F: 4 6 
1614 12 1650 30 F: 12 
1615 11 1626 149 F: 5 4 2 
1641 12 1665 359 F: 12 
1642 11 1653 361 F: 5 3 3 
1648 7 1655 102 F: 3 4 
1653 2 1661 95 F: 2 
1660 8 1668 22 F: 7 1 
1668 8 1684 238 F: 8 
1670 7 1677 142 F: 3 4 
1682 7 1696 245 F: 4 2 1 
1692 7 1699 108 F: 7 
1700 5 1715 130 F: 3 1 1 
1701 10 1721 378 F: 10 
1705 10 1725 389 F: 4 3 3 
1712 10 1752 318 F: 5 2 3 
1718 7 1739 392 F: 3 1 3 
1734 9 1752 348 F: 9 
1736 6 1754 199 F: 3 3 
1759 10 1769 163 F: 10 
1763 11 1796 271 F: 11 
1765 6 1771 268 F: 2 3 1 
1772 9 1781 122 F: 9 
1784 6 1790 194 F: 4 1 1 
1787 2 1789 121 F: 2 
1787 8 1811 326 F: 5 1 2 
1796 5 1816 120 F: 5 
1801 9 1810 188 F: 9 
1820 9 1856 119 F: 3 2 4 
1831 12 1879 399 F: 12 
1833 7 1840 264 F: 7 
1835 10 1865 164 F: 2 4 4 
1838 7 1852 110 F: 7 
1841 7 1855 365 F: 4 3 
1844 6 1856 147 F: 2 1 3 
1845 13 1884 393 F: 13 
1847 7 1854 22 F: 2 1 4 
1867 7 1888 400 F: 6 1 
1868 6 1886 167 F: 6 
1876 6 1888 55 F: 5 1 
1889 8 1897 26 F: 3 1 4 
1894 7 1908 250 F: 3 4 
1909 9 1945 392 F: 4 4 1 
1916 8 1948 246 F: 3 2 3 
1924 11 1968 224 F: 7 4 
1932 5 1947 151 F: 2 3 
1939 11 1983 361 F: 4 4 3 
1940 5 1960 108 F: 5 
1941 8 1973 282 F: 4 1 3 
1947 10 1967 243 F: 10 
1961 4 1973 180 F: 2 2 
1981 10 2001 230 F: 4 3 3 
1984 7 2005 342 F: 7 
1989 8 1997 90 F: 3 5 
1993 11 2015 380 F: 11 
1996 8 2028 77 F: 3 4 1 
1999 12 2035 320 F: 12 
2002 11 2013 210 F: 3 4 4 
2006 10 2026 217 F: 5 5 
2034 10 2074 258 F: 6 4 
2050 7 2078 367 F: 2 3 2 
2056 8 2088 92 F: 5 1 2 
2057 11 2090 387 F: 6 5 
2059 4 2071 133 F: 4 
2059 8 2091 150 F: 5 2 1 
2063 3 2066 339 F: 3 
2064 8 2096 104 F: 4 2 2 
2066 11 2077 95 F: 7 4 
2075 4 2083 231 F: 2 1 1 
2077 4 2093 242 F: 4 
2078 13 2130 335 F: 7 6 
2095 9 2104 372 F: 3 3 3 
2108 6 2126 160 F: 3 1 2 
2111 11 2133 144 F: 6 5 
2122 9 2140 250 F: 9 
2129 10 2149 317 F: 10 
2136 10 2156 217 F: 3 3 4 
2138 10 2158 284 F: 4 3 3 
2140 8 2172 225 F: 2 3 3 
2148 4 2152 162 F: 3 1 
2161 8 2185 243 F: 2 6 
2165 7 2179 73 F: 5 1 1 
2184 6 2208 221 F: 5 1 
2185 9 2194 370 F: 9 
2191 11 2202 71 F: 3 4 4 
2195 5 2205 213 F: 5 
2199 7 2220 160 F: 4 3 
2212 12 2224 47 F: 12 
2213 6 2225 139 F: 2 3 1 
2216 11 2238 144 F: 6 5 
2219 6 2243 369 F: 4 2 
2225 7 2239 321 F: 6 1 
2242 10 2272 251 F: 10 
2250 3 2259 223 F: 2 1 
2250 9 2259 112 F: 4 2 3 
2251 5 2261 196 F: 5 
2253 9 2280 259 F: 3 4 2 
2275 8 2291 163 F: 5 1 2 
2276 9 2303 48 F: 5 2 2 
2277 11 2310 72 F: 5 2 4 
2293 10 2303 138 F: 5 3 2 
2294 3 2297 241 F: 2 1 
2303 3 2315 158 F: 3 
2305 4 2317 325 F: 3 1 
2310 13 2362 22 F: 13 
2311 5 2316 33 F: 2 2 1 
2342 4 2346 191 F: 4 
2352 8 2376 182 F: 3 5 
2359 3 2365 183 F: 3 
2378 6 2390 287 F: 6 
2380 8 2388 290 F: 7 1 
2380 12 2428 353 F: 4 4 4 
2384 6 2396 342 F: 4 2 
2391 11 2402 61 F: 4 3 4 
2392 11 2414 378 F: 4 3 4 
2395 8 2411 355 F: 3 5 
2395 10 2435 116 F: 7 3 
2401 9 2437 187 F: 5 1 3 
2411 8 2419 265 F: 4 2 2 
2411 12 2459 326 F: 12 
2427 10 2447 255 F: 2 4 4 
2431 12 2467 142 F: 12 
2437 6 2455 315 F: 6 
2437 9 2473 105 F: 9 
2442 13 2481 208 F: 7 6 
2445 11 2467 79 F: 5 4 2 
2450 4 2458 79 F: 2 2 
2453 8 2485 294 F: 8 
2462 10 2472 228 F: 10 
2473 9 2500 336 F: 4 5 
2483 12 2519 288 F: 7 5 
2489 7 2496 11 F: 7 
2514 4 2530 228 F: 4 
2515 2 2519 241 F: 2 
2522 6 2534 241 F: 6 
2528 9 2546 108 F: 4 5 
2531 8 2547 249 F: 5 2 1 
2543 10 2553 367 F: 5 5 
2552 10 2562 249 F: 10 
2554 10 2564 100 F: 10 
2556 11 2589 61 F: 4 4 3 
2559 12 2607 210 F: 12 
2588 6 2600 10 F: 4 2 
2593 12 2617 80 F: 5 4 3 
2594 7 2622 234 F: 4 2 1 
2595 8 2611 301 F: 8 
2599 6 2623 270 F: 2 4 
2616 11 2638 277 F: 7 4 
2618 6 2636 194 F: 2 1 3 
2624 13 2676 216 F: 13 
2629 8 2637 221 F: 8 
2629 9 2665 158 F: 9 
2630 8 2654 199 F: 2 4 2 
2631 8 2647 397 F: 5 2 1 
2633 10 2673 211 F: 10 
2667 7 2674 306 F: 3 1 3 
2678 13 2691 60 F: 7 6 
D: 2 345 
D: 12 47 
D: 18 327 
D: 32 181 
D: 33 231 
D: 35 393 
D: 47 107 
D: 53 188 
D: 62 128 
D: 66 99 
D: 67 277 
D: 72 237 
D: 78 249 
D: 78 286 
D: 85 145 
D: 98 377 
D: 108 279 
D: 114 237 
D: 120 344 
D: 124 308 
D: 125 168 
D: 129 181 
D: 129 188 
D: 132 209 
D: 142 275 
D: 145 245 
D: 157 287 
D: 162 205 
D: 181 296 
D: 182 365 
D: 185 217 
D: 188 333 
D: 205 298 
D: 206 286 
D: 245 309 
D: 264 363 
D: 276 341 
D: 291 322 
D: 321 399 
D: 334 369 
