11 10 51 172 F: 10 
12 6 24 1 F: 3 3 
21 13 47 378 F: 7 6 
32 11 54 234 F: 6 5 
44 10 64 71 F: 7 3 
44 10 64 127 F: 4 4 2 
44 10 74 248 F: 5 2 3 
46 6 58 411 F: 2 3 1 
52 11 63 383 F: 3 4 4 
55 8 71 448 F: 4 1 3 
63 10 103 383 F: 4 6 
79 6 97 52 F: 4 2 
80 7 94 43 F: 7 
91 10 101 194 F: 10 
98 9 134 298 F: 9 
101 8 125 49 F: 4 3 1 
101 9 119 313 F: 9 
106 8 114 60 F: 8 
110 12 134 7 F: 12 
112 6 124 93 F: 3 2 1 
117 7 145 162 F: 2 1 4 
122 9 158 17 F: 6 3 
135 11 179 393 F: 11 
144 8 152 199 F: 8 
149 7 156 77 F: 3 4 
156 8 164 343 F: 4 4 
163 9 190 211 F: 4 2 3 
170 10 200 250 F: 5 2 3 
192 10 202 250 F: 4 2 4 
197 7 211 188 F: 4 3 
218 7 225 440 F: 2 4 1 
219 7 233 18 F: 2 1 4 
221 11 232 243 F: 11 
228 8 236 297 F: 7 1 
230 10 250 69 F: 5 2 3 
240 4 252 198 F: 2 2 
248 9 284 301 F: 3 6 
272 9 299 371 F: 3 6 
273 13 286 151 F: 13 
274 12 286 386 F: 12 
277 10 287 314 F: 7 3 
280 8 296 197 F: 8 
281 9 317 173 F: 4 3 2 
285 9 294 124 F: 5 4 
299 13 338 213 F: 13 
300 8 332 188 F: 8 
303 11 347 177 F: 11 
306 6 318 349 F: 4 2 
324 12 360 251 F: 12 
327 7 348 307 F: 2 2 3 
344 3 356 3 F: 3 
344 9 380 306 F: 9 
346 6 364 105 F: 4 1 1 
351 9 378 215 F: 2 4 3 
361 5 376 255 F: 2 2 1 
377 11 388 383 F: 5 2 4 
381 9 399 193 F: 4 4 1 
384 10 414 143 F: 10 
390 10 420 57 F: 6 4 
394 7 401 64 F: 5 2 
417 3 426 369 F: 3 
424 10 444 162 F: 3 4 3 
428 8 460 433 F: 4 4 
432 8 456 270 F: 8 
437 8 445 316 F: 2 2 4 
439 6 451 17 F: 5 1 
440 5 450 169 F: 5 
443 10 453 357 F: 6 4 
445 9 454 294 F: 3 4 2 
447 8 463 430 F: 4 2 2 
450 6 474 326 F: 6 
458 7 479 154 F: 3 4 
460 8 492 417 F: 8 
479 13 505 185 F: 7 6 
486 9 513 42 F: 3 3 3 
502 9 511 54 F: 3 3 3 
505 7 519 29 F: 4 3 
510 2 514 231 F: 2 
523 3 532 5 F: 3 
528 3 534 396 F: 3 
542 12 590 48 F: 12 
544 6 568 193 F: 2 1 3 
555 9 591 65 F: 5 3 1 
559 13 598 163 F: 13 
563 4 575 41 F: 2 1 1 
567 10 577 245 F: 2 4 4 
574 13 600 164 F: 7 6 
579 3 585 26 F: 2 1 
580 3 592 234 F: 3 
584 4 592 164 F: 2 2 
601 7 615 270 F: 4 1 2 
609 3 618 17 F: 3 
615 6 633 111 F: 5 1 
618 8 650 392 F: 5 1 2 
625 10 655 421 F: 5 4 1 
633 13 685 63 F: 13 
635 10 655 196 F: 5 3 2 
638 9 647 100 F: 9 
640 12 664 438 F: 12 
657 3 666 241 F: 3 
669 8 701 341 F: 4 2 2 
672 5 682 203 F: 3 2 
685 2 689 259 F: 2 
694 9 712 357 F: 3 4 2 
699 11 732 25 F: 7 4 
701 4 717 386 F: 3 1 
710 9 728 291 F: 5 2 2 
716 6 734 187 F: 4 2 
719 4 723 85 F: 4 
725 10 745 443 F: 4 3 3 
725 10 765 428 F: 4 4 2 
734 9 770 178 F: 7 2 
751 8 759 352 F: 4 1 3 
754 9 781 277 F: 4 1 4 
758 6 776 24 F: 2 2 2 
765 7 772 378 F: 2 2 3 
773 12 809 380 F: 12 
782 6 800 20 F: 6 
788 6 806 238 F: 2 4 
789 11 822 78 F: 5 6 
814 4 826 438 F: 2 2 
814 10 854 245 F: 10 
820 9 847 87 F: 4 5 
821 2 829 415 F: 2 
822 9 840 195 F: 7 2 
823 9 832 161 F: 9 
823 11 867 425 F: 11 
826 8 850 303 F: 5 1 2 
848 5 858 339 F: 4 1 
865 8 889 275 F: 4 4 
866 8 874 449 F: 2 6 
869 11 880 122 F: 5 6 
872 6 878 396 F: 6 
875 7 896 20 F: 2 3 2 
897 13 923 58 F: 13 
900 12 936 122 F: 12 
903 10 923 400 F: 3 3 4 
912 7 933 149 F: 7 
918 7 946 203 F: 5 1 1 
934 7 948 91 F: 2 5 
938 8 962 347 F: 5 2 1 
942 12 978 154 F: 5 4 3 
944 9 980 203 F: 4 4 1 
949 9 985 262 F: 6 3 
954 8 978 16 F: 2 2 4 
954 12 990 44 F: 6 6 
963 7 984 230 F: 5 2 
967 12 1003 119 F: 7 5 
984 10 1004 108 F: 4 6 
998 11 1031 20 F: 11 
1005 7 1019 181 F: 7 
1007 13 1020 146 F: 7 6 
1016 4 1024 222 F: 4 
1031 2 1033 120 F: 2 
1032 4 1048 422 F: 4 
1032 7 1053 240 F: 2 3 2 
1032 8 1064 72 F: 3 3 2 
1037 13 1076 8 F: 7 6 
1041 3 1044 352 F: 3 
1045 11 1078 8 F: 5 3 3 
1058 4 1070 317 F: 4 
1081 5 1101 17 F: 4 1 
1081 7 1088 136 F: 7 
1088 8 1096 239 F: 3 1 4 
1096 2 1098 282 F: 2 
1103 5 1113 69 F: 5 
1108 6 1126 415 F: 2 3 1 
1112 9 1148 25 F: 9 
1123 3 1135 252 F: 3 
1133 8 1157 318 F: 5 3 
1146 7 1167 98 F: 2 1 4 
1157 7 1185 356 F: 3 2 2 
1159 9 1195 82 F: 3 4 2 
1163 9 1181 51 F: 4 5 
1171 9 1180 429 F: 4 3 2 
1178 6 1202 298 F: 2 3 1 
1184 6 1202 366 F: 6 
1190 10 1220 352 F: 4 6 
1193 6 1199 299 F: 6 
1195 10 1225 221 F: 5 1 4 
1203 6 1227 420 F: 3 1 2 
1204 8 1228 318 F: 4 4 
1224 4 1232 251 F: 2 2 
1235 11 1246 196 F: 6 5 
1237 6 1243 295 F: 2 3 1 
1249 6 1261 40 F: 2 4 
1250 8 1274 102 F: 8 
1262 12 1286 205 F: 12 
1275 10 1285 243 F: 7 3 
1280 5 1300 194 F: 3 2 
1281 12 1317 446 F: 12 
1283 8 1315 351 F: 6 2 
1284 9 1293 314 F: 2 4 3 
1291 10 1301 77 F: 3 4 3 
1292 6 1304 438 F: 4 1 1 
1304 9 1322 206 F: 9 
1326 4 1330 403 F: 3 1 
1335 4 1347 427 F: 4 
1336 12 1360 20 F: 12 
1341 5 1346 133 F: 5 
1342 10 1372 273 F: 4 3 3 
1350 10 1380 405 F: 7 3 
1352 4 1364 211 F: 4 
1358 10 1378 17 F: 7 3 
1382 9 1418 57 F: 4 3 2 
1382 11 1415 398 F: 6 5 
1384 13 1423 440 F: 13 
1393 6 1405 55 F: 2 4 
1393 8 1425 400 F: 4 3 1 
1397 8 1421 132 F: 5 1 2 
1402 8 1434 301 F: 8 
1403 9 1421 264 F: 9 
1403 9 1439 274 F: 2 4 3 
1414 3 1417 318 F: 2 1 
1420 11 1464 92 F: 3 4 4 
1423 12 1471 66 F: 6 6 
1425 7 1439 391 F: 6 1 
1426 6 1450 317 F: 4 1 1 
1438 4 1454 117 F: 2 2 
1464 7 1485 216 F: 7 
1480 8 1488 196 F: 3 3 2 
1485 6 1503 58 F: 2 4 
1493 8 1517 216 F: 2 4 2 
1498 9 1516 442 F: 5 4 
1499 4 1507 391 F: 4 
1506 3 1512 404 F: 3 
1522 12 1546 357 F: 5 4 3 
1526 9 1562 71 F: 3 6 
1535 10 1575 248 F: 10 
1536 4 1552 369 F: 2 2 
1546 12 1582 443 F: 12 
1548 11 1592 141 F: 11 
1552 2 1556 349 F: 2 
1555 10 1585 343 F: 10 
1557 3 1569 78 F: 2 1 
1559 8 1575 207 F: 4 4 
1559 12 1595 384 F: 6 6 
1570 10 1590 386 F: 5 5 
1590 9 1617 199 F: 3 4 2 
1597 5 1607 218 F: 2 2 1 
1600 7 1628 324 F: 3 3 1 
1600 9 1627 96 F: 6 3 
1606 7 1634 295 F: 6 1 
1631 5 1636 120 F: 5 
1633 10 1653 438 F: 7 3 
1637 7 1651 356 F: 5 2 
1637 7 1651 392 F: 7 
1641 7 1655 237 F: 2 5 
1642 3 1654 86 F: 3 
1642 9 1651 266 F: 3 2 4 
1645 9 1663 388 F: 5 1 3 
1645 12 1657 118 F: 12 
1672 4 1688 72 F: 4 
1678 3 1687 236 F: 3 
1690 5 1695 334 F: 3 1 1 
1713 8 1729 379 F: 8 
1714 9 1750 42 F: 4 5 
1721 8 1745 263 F: 7 1 
1727 8 1735 142 F: 2 6 
1732 13 1758 306 F: 7 6 
1739 9 1757 199 F: 5 2 2 
1745 10 1755 252 F: 4 3 3 
1747 11 1769 393 F: 3 4 4 
1763 10 1803 197 F: 7 3 
1770 12 1794 208 F: 4 4 4 
1771 12 1807 210 F: 6 6 
1787 9 1823 343 F: 9 
1790 7 1797 300 F: 4 1 2 
1797 7 1811 36 F: 3 1 3 
1799 4 1803 231 F: 2 2 
1801 3 1810 161 F: 3 
1802 4 1818 263 F: 4 
1810 9 1846 316 F: 3 2 4 
1815 11 1837 352 F: 5 6 
1848 11 1859 432 F: 5 2 4 
1871 9 1898 153 F: 2 4 3 
1882 2 1884 114 F: 2 
1882 10 1902 282 F: 5 3 2 
1884 11 1917 321 F: 5 3 3 
1885 8 1901 304 F: 5 3 
1894 2 1900 16 F: 2 
1894 12 1906 356 F: 6 6 
1895 5 1910 310 F: 2 1 2 
1895 9 1931 309 F: 3 3 3 
1896 5 1916 334 F: 2 1 2 
1916 7 1930 293 F: 7 
1927 7 1934 257 F: 6 1 
1928 8 1952 298 F: 4 4 
1930 9 1966 65 F: 9 
1931 10 1941 232 F: 4 2 4 
1941 6 1953 73 F: 2 4 
1958 9 1976 11 F: 5 4 
1960 9 1987 5 F: 9 
1960 13 1999 204 F: 13 
1963 6 1987 210 F: 2 2 2 
1965 8 1997 182 F: 8 
1981 6 1993 185 F: 6 
1991 8 2015 127 F: 4 4 
1993 12 2005 215 F: 12 
1994 7 2022 245 F: 4 3 
2005 10 2015 17 F: 10 
2006 12 2018 43 F: 7 5 
2008 13 2021 426 F: 13 
2013 6 2031 27 F: 3 3 
2020 9 2029 385 F: 5 3 1 
2027 7 2055 88 F: 5 1 1 
2040 6 2058 406 F: 3 3 
2044 6 2068 64 F: 6 
2045 9 2072 359 F: 4 5 
2058 6 2076 45 F: 6 
2063 12 2075 91 F: 4 4 4 
2075 8 2099 76 F: 6 2 
2078 8 2086 209 F: 8 
2088 8 2112 231 F: 2 4 2 
2093 9 2120 58 F: 3 6 
2101 11 2145 133 F: 3 4 4 
2106 10 2136 445 F: 7 3 
2116 9 2134 435 F: 5 1 3 
2117 8 2141 344 F: 8 
2125 7 2139 17 F: 7 
2131 8 2147 230 F: 8 
2132 8 2156 447 F: 2 6 
2139 9 2175 415 F: 9 
2141 12 2165 132 F: 4 4 4 
2149 9 2176 260 F: 3 6 
2155 10 2185 108 F: 4 4 2 
2159 5 2179 71 F: 4 1 
2160 9 2196 339 F: 5 2 2 
2181 7 2202 313 F: 7 
2183 5 2193 310 F: 5 
2204 11 2215 340 F: 4 4 3 
2206 8 2214 324 F: 5 1 2 
2227 9 2245 228 F: 3 2 4 
2232 12 2268 374 F: 12 
2250 11 2294 292 F: 5 6 
2250 13 2302 100 F: 13 
2269 13 2295 367 F: 13 
2276 9 2294 1 F: 6 3 
2277 9 2313 426 F: 6 3 
2279 12 2315 296 F: 12 
2280 7 2287 132 F: 7 
2280 12 2316 403 F: 12 
2289 9 2307 245 F: 4 4 1 
2291 9 2327 163 F: 9 
2297 9 2315 298 F: 5 3 1 
2300 7 2328 236 F: 4 3 
2310 10 2350 22 F: 4 6 
2311 7 2332 376 F: 7 
2314 11 2336 263 F: 5 6 
2315 8 2347 398 F: 7 1 
2326 7 2354 243 F: 4 2 1 
2345 9 2381 62 F: 3 2 4 
2347 13 2373 355 F: 13 
2354 7 2361 403 F: 2 3 2 
2357 12 2369 225 F: 6 6 
2366 6 2384 153 F: 5 1 
2380 7 2394 177 F: 2 4 1 
2383 10 2393 58 F: 5 3 2 
2390 11 2401 96 F: 5 2 4 
2394 3 2397 394 F: 2 1 
2403 12 2427 180 F: 12 
2408 11 2419 238 F: 5 2 4 
2413 6 2425 172 F: 3 2 1 
2414 13 2466 156 F: 13 
2434 11 2445 219 F: 11 
2436 11 2458 433 F: 11 
2440 7 2468 27 F: 2 5 
2453 5 2463 428 F: 2 2 1 
2467 4 2479 274 F: 2 2 
2469 2 2471 227 F: 2 
2479 5 2494 124 F: 5 
2479 8 2487 201 F: 5 1 2 
2482 8 2506 113 F: 5 1 2 
2483 7 2504 96 F: 7 
2499 8 2523 243 F: 2 2 4 
2500 8 2524 71 F: 4 4 
2509 8 2525 68 F: 4 4 
2522 6 2534 412 F: 2 4 
2528 12 2576 289 F: 6 6 
2538 2 2544 263 F: 2 
2550 8 2582 274 F: 4 1 3 
2551 6 2569 70 F: 3 2 1 
2564 4 2572 202 F: 2 2 
2570 9 2579 315 F: 7 2 
2572 7 2600 17 F: 7 
2577 11 2621 14 F: 4 3 4 
2580 10 2600 394 F: 7 3 
2585 7 2599 104 F: 4 1 2 
2588 3 2600 324 F: 3 
2589 11 2600 105 F: 4 3 4 
2600 10 2640 23 F: 5 5 
2624 3 2630 58 F: 3 
2633 6 2651 72 F: 4 2 
2635 6 2641 137 F: 5 1 
2650 12 2662 177 F: 6 6 
2653 7 2681 182 F: 3 4 
2655 9 2673 445 F: 9 
2660 9 2669 194 F: 9 
2666 9 2675 335 F: 3 6 
2676 8 2692 385 F: 8 
2678 5 2698 110 F: 2 3 
2679 7 2693 417 F: 4 2 1 
2681 7 2709 53 F: 4 3 
2688 5 2698 153 F: 2 3 
2688 6 2712 259 F: 5 1 
2703 12 2727 250 F: 12 
2705 3 2708 331 F: 2 1 
2710 9 2746 47 F: 4 2 3 
2711 9 2720 315 F: 4 5 
2726 9 2762 11 F: 2 3 4 
2746 9 2782 372 F: 4 4 1 
2750 9 2786 117 F: 5 1 3 
2751 8 2767 313 F: 2 3 3 
2755 7 2769 177 F: 6 1 
2756 10 2786 223 F: 3 4 3 
2756 13 2795 368 F: 13 
2762 5 2767 327 F: 4 1 
2768 5 2778 383 F: 2 1 2 
2775 7 2796 362 F: 7 
2778 7 2806 7 F: 6 1 
2803 11 2847 83 F: 3 4 4 
2810 11 2832 204 F: 7 4 
2814 8 2830 77 F: 6 2 
2831 8 2863 253 F: 3 2 3 
2840 6 2864 325 F: 6 
2849 8 2865 23 F: 5 3 
2854 13 2893 218 F: 5 4 4 
2861 10 2901 217 F: 3 4 3 
2870 6 2882 197 F: 2 4 
2870 11 2903 309 F: 5 4 2 
2875 5 2890 167 F: 5 
2880 11 2902 162 F: 4 3 4 
2886 9 2895 110 F: 3 4 2 
2887 7 2894 121 F: 2 2 3 
2894 7 2922 70 F: 3 3 1 
2902 6 2908 258 F: 6 
2920 5 2935 9 F: 5 
2921 6 2927 112 F: 6 
2933 12 2945 192 F: 6 6 
2940 6 2946 398 F: 5 1 
2944 7 2951 375 F: 7 
2948 11 2959 157 F: 5 6 
2953 13 2966 156 F: 13 
2959 8 2983 91 F: 8 
2959 9 2986 444 F: 5 3 1 
2964 9 2982 313 F: 9 
2964 10 3004 395 F: 5 1 4 
2975 7 2996 414 F: 2 5 
2982 7 3010 11 F: 3 4 
2985 13 3037 120 F: 13 
D: 0 283 
D: 1 293 
D: 7 243 
D: 10 249 
D: 16 395 
D: 17 98 
D: 17 402 
D: 19 290 
D: 20 281 
D: 27 391 
D: 29 356 
D: 33 271 
D: 37 235 
D: 43 402 
D: 65 376 
D: 90 377 
D: 94 423 
D: 108 424 
D: 115 426 
D: 130 213 
D: 134 336 
D: 137 150 
D: 142 264 
D: 149 229 
D: 154 299 
D: 157 418 
D: 159 387 
D: 169 357 
D: 179 407 
D: 188 320 
D: 189 431 
D: 193 371 
D: 203 411 
D: 223 226 
D: 229 427 
D: 241 420 
D: 250 395 
D: 272 337 
D: 272 412 
D: 285 338 
D: 308 429 
D: 320 393 
D: 370 421 
D: 373 376 
D: 400 418 
