3 8 35 223 F: 2 3 3 
5 9 23 262 F: 5 2 2 
8 8 16 184 F: 8 
14 13 27 139 F: 13 
26 9 35 332 F: 5 4 
29 6 41 371 F: 5 1 
30 6 42 367 F: 5 1 
32 11 65 173 F: 3 4 4 
40 4 48 233 F: 2 1 1 
42 7 56 238 F: 7 
60 8 84 271 F: 3 4 1 
80 6 98 20 F: 2 3 1 
89 7 117 246 F: 4 3 
91 7 112 295 F: 3 2 2 
96 7 110 300 F: 7 
112 6 118 97 F: 6 
123 7 144 368 F: 2 5 
140 8 156 329 F: 4 4 
148 6 154 118 F: 6 
148 12 160 160 F: 6 6 
149 13 162 345 F: 7 6 
154 3 166 165 F: 3 
164 7 185 182 F: 2 4 1 
166 9 184 80 F: 3 2 4 
172 11 183 117 F: 7 4 
173 5 178 35 F: 3 1 1 
174 3 180 348 F: 3 
180 6 192 263 F: 6 
186 8 194 246 F: 8 
187 8 219 98 F: 8 
201 10 221 388 F: 2 4 4 
211 9 238 75 F: 4 5 
212 10 242 261 F: 5 3 2 
219 9 246 397 F: 3 2 4 
220 10 260 303 F: 5 4 1 
228 13 241 177 F: 13 
239 6 245 92 F: 2 3 1 
241 6 247 178 F: 5 1 
251 9 287 198 F: 9 
273 12 309 177 F: 5 4 3 
290 9 326 218 F: 9 
295 3 301 141 F: 3 
295 13 321 236 F: 13 
298 7 319 157 F: 4 2 1 
299 3 305 297 F: 3 
302 9 338 392 F: 4 4 1 
305 8 313 55 F: 8 
310 10 320 375 F: 5 5 
312 6 318 195 F: 4 1 1 
319 9 355 219 F: 4 5 
325 6 349 115 F: 2 4 
353 6 359 12 F: 3 1 2 
354 10 394 121 F: 5 2 3 
354 11 398 122 F: 6 5 
357 12 369 213 F: 6 6 
358 9 385 391 F: 4 4 1 
363 9 372 150 F: 4 4 1 
383 5 388 177 F: 4 1 
386 6 410 212 F: 2 1 3 
397 7 425 1 F: 7 
416 12 452 92 F: 7 5 
419 4 431 293 F: 4 
420 10 440 217 F: 2 4 4 
445 9 481 191 F: 2 4 3 
449 11 471 209 F: 5 4 2 
451 7 458 197 F: 6 1 
452 10 472 63 F: 5 5 
458 10 478 337 F: 5 4 1 
459 5 474 318 F: 5 
460 5 470 28 F: 4 1 
468 9 477 37 F: 9 
482 7 489 194 F: 2 3 2 
484 4 496 11 F: 2 2 
490 3 496 33 F: 3 
490 6 496 86 F: 6 
500 9 527 286 F: 9 
505 10 545 32 F: 5 5 
508 3 517 351 F: 2 1 
513 8 545 118 F: 2 2 4 
519 7 526 242 F: 5 1 1 
522 8 546 318 F: 8 
531 2 535 378 F: 2 
533 7 554 66 F: 5 1 1 
535 7 556 104 F: 3 1 3 
554 9 590 110 F: 4 1 4 
571 12 607 356 F: 12 
578 12 626 48 F: 6 6 
582 8 598 252 F: 3 2 3 
582 11 593 84 F: 7 4 
589 11 600 299 F: 5 2 4 
605 13 631 156 F: 13 
609 7 616 8 F: 5 1 1 
609 9 618 261 F: 9 
610 5 625 93 F: 5 
628 10 668 199 F: 4 2 4 
630 4 638 28 F: 2 1 1 
630 11 674 66 F: 11 
642 6 654 3 F: 4 1 1 
660 12 696 2 F: 12 
662 3 665 180 F: 3 
664 5 679 388 F: 2 2 1 
670 11 714 168 F: 7 4 
692 10 702 155 F: 5 5 
694 4 702 13 F: 2 2 
699 8 723 133 F: 2 2 4 
701 9 728 300 F: 9 
703 10 713 289 F: 7 3 
704 12 728 283 F: 12 
708 11 752 5 F: 11 
717 10 747 397 F: 4 2 4 
717 11 761 333 F: 5 2 4 
726 6 732 7 F: 4 1 1 
726 7 747 115 F: 4 1 2 
738 12 750 304 F: 5 3 4 
750 6 774 375 F: 3 1 2 
758 9 776 221 F: 4 3 2 
762 7 769 261 F: 5 2 
778 9 814 313 F: 9 
784 7 812 298 F: 7 
785 5 795 207 F: 4 1 
800 10 820 371 F: 5 5 
815 9 851 274 F: 6 3 
818 3 827 356 F: 3 
824 11 846 137 F: 5 6 
828 3 840 398 F: 2 1 
830 11 841 197 F: 6 5 
850 13 902 333 F: 7 6 
851 7 858 393 F: 7 
853 9 862 4 F: 5 4 
854 7 875 37 F: 6 1 
859 10 879 262 F: 7 3 
868 7 882 265 F: 7 
883 7 911 187 F: 7 
897 12 933 308 F: 12 
898 5 918 3 F: 2 3 
905 7 926 217 F: 7 
905 8 937 31 F: 2 6 
906 4 918 226 F: 4 
909 12 933 260 F: 7 5 
910 11 943 291 F: 6 5 
913 11 924 390 F: 7 4 
919 5 924 195 F: 5 
935 6 959 301 F: 2 2 2 
941 11 974 19 F: 5 6 
950 6 974 205 F: 2 2 2 
965 11 976 30 F: 11 
968 4 980 89 F: 2 2 
975 5 990 94 F: 2 3 
988 10 1028 150 F: 10 
995 7 1009 314 F: 2 3 2 
1005 3 1008 26 F: 2 1 
1012 9 1021 385 F: 6 3 
1031 7 1052 109 F: 6 1 
1032 6 1056 348 F: 2 2 2 
1043 11 1065 134 F: 5 3 3 
1044 13 1096 280 F: 13 
1045 4 1049 386 F: 2 2 
1061 9 1088 253 F: 5 4 
1063 13 1115 167 F: 13 
1064 9 1082 305 F: 4 1 4 
1068 2 1070 57 F: 2 
1070 8 1102 173 F: 2 2 4 
1076 7 1104 190 F: 3 1 3 
1090 9 1099 269 F: 2 3 4 
1099 7 1113 305 F: 5 2 
1113 5 1123 161 F: 2 3 
1116 7 1130 151 F: 4 3 
1124 12 1136 215 F: 12 
1126 8 1142 12 F: 8 
1135 11 1146 168 F: 5 3 3 
1148 8 1164 31 F: 3 1 4 
1151 12 1175 206 F: 12 
1155 10 1185 93 F: 5 2 3 
1158 9 1185 338 F: 6 3 
1158 10 1178 97 F: 10 
1159 9 1186 273 F: 3 4 2 
1172 8 1180 226 F: 4 4 
1194 8 1202 65 F: 8 
1194 10 1234 129 F: 5 3 2 
1198 11 1242 289 F: 5 6 
1200 11 1233 143 F: 11 
1231 11 1253 212 F: 11 
1232 11 1243 229 F: 5 4 2 
1241 9 1268 220 F: 5 1 3 
1249 6 1255 60 F: 3 3 
1258 12 1306 12 F: 7 5 
1259 7 1273 333 F: 2 5 
1261 10 1271 349 F: 10 
1265 6 1271 61 F: 3 3 
1266 10 1296 67 F: 6 4 
1271 10 1281 32 F: 10 
1289 7 1296 353 F: 4 2 1 
1290 13 1329 330 F: 13 
1293 13 1332 19 F: 13 
1295 2 1303 110 F: 2 
1305 8 1329 305 F: 3 3 2 
1310 5 1320 58 F: 3 2 
1312 5 1327 127 F: 2 3 
1312 11 1334 66 F: 5 6 
1318 6 1330 349 F: 6 
1320 11 1331 200 F: 11 
1323 8 1331 104 F: 3 5 
1326 8 1342 368 F: 3 5 
1342 9 1378 144 F: 9 
1346 12 1370 44 F: 5 4 3 
1351 12 1375 351 F: 6 6 
1366 7 1380 237 F: 4 1 2 
1367 7 1395 378 F: 7 
1395 9 1422 391 F: 3 4 2 
1398 8 1430 85 F: 5 3 
1402 10 1442 195 F: 4 6 
1411 5 1421 113 F: 4 1 
1413 4 1417 251 F: 3 1 
1430 7 1458 118 F: 7 
1435 4 1443 121 F: 2 2 
1445 8 1461 3 F: 3 4 1 
1447 8 1455 166 F: 2 3 3 
1452 9 1479 22 F: 4 4 1 
1454 11 1476 216 F: 11 
1465 8 1481 334 F: 2 6 
1469 5 1474 216 F: 3 2 
1475 10 1505 134 F: 4 3 3 
1490 4 1498 181 F: 2 2 
1494 13 1546 12 F: 13 
1498 6 1522 393 F: 2 1 3 
1513 7 1520 309 F: 7 
1520 7 1548 81 F: 4 3 
1528 9 1555 371 F: 7 2 
1532 11 1554 340 F: 11 
1566 11 1588 300 F: 7 4 
1568 4 1576 281 F: 4 
1568 11 1612 38 F: 5 6 
1571 7 1599 125 F: 2 3 2 
1571 12 1583 323 F: 12 
1574 13 1587 164 F: 7 6 
1580 11 1602 341 F: 5 3 3 
1586 7 1614 211 F: 6 1 
1593 12 1629 74 F: 6 6 
1596 10 1616 155 F: 5 1 4 
1599 5 1619 371 F: 5 
1606 9 1624 239 F: 9 
1609 11 1642 265 F: 5 6 
1612 7 1619 156 F: 4 3 
1622 4 1630 263 F: 4 
1622 13 1674 234 F: 13 
1627 7 1641 257 F: 2 2 3 
1632 7 1653 324 F: 7 
1642 7 1663 194 F: 5 1 1 
1663 5 1673 360 F: 2 2 1 
1663 10 1703 11 F: 4 2 4 
1677 6 1695 111 F: 6 
1678 12 1726 392 F: 5 4 3 
1680 7 1708 57 F: 6 1 
1692 11 1736 5 F: 11 
1697 5 1707 256 F: 3 1 1 
1701 9 1719 38 F: 4 3 2 
1704 9 1713 338 F: 7 2 
1704 9 1740 42 F: 5 4 
1707 10 1717 76 F: 5 1 4 
1707 12 1755 379 F: 4 4 4 
1721 8 1737 379 F: 8 
1723 3 1732 22 F: 2 1 
1731 9 1758 218 F: 5 2 2 
1740 6 1752 279 F: 2 4 
1747 11 1769 11 F: 11 
1751 12 1763 369 F: 7 5 
1764 8 1772 215 F: 8 
1764 10 1804 387 F: 10 
1792 11 1836 329 F: 11 
1795 8 1811 394 F: 8 
1806 6 1812 179 F: 2 3 1 
1808 12 1856 189 F: 4 4 4 
1817 9 1835 42 F: 9 
1823 4 1835 240 F: 2 1 1 
1824 6 1830 269 F: 5 1 
1837 3 1846 398 F: 2 1 
1842 4 1850 59 F: 4 
1844 9 1880 236 F: 4 1 4 
1847 11 1891 104 F: 6 5 
1858 3 1864 126 F: 3 
1859 5 1879 205 F: 4 1 
1860 9 1896 304 F: 6 3 
1884 8 1908 326 F: 2 3 3 
1892 8 1916 281 F: 4 2 2 
1895 7 1909 228 F: 3 4 
1907 13 1946 219 F: 13 
1911 10 1951 224 F: 5 1 4 
1926 7 1954 373 F: 4 3 
1936 8 1952 318 F: 7 1 
1938 8 1954 190 F: 4 4 
1945 10 1955 316 F: 10 
1949 11 1993 46 F: 7 4 
1954 9 1972 385 F: 3 6 
1958 9 1967 84 F: 6 3 
1961 12 1985 193 F: 5 4 3 
1969 5 1989 273 F: 5 
1971 5 1981 372 F: 5 
1991 8 2015 174 F: 4 2 2 
1996 11 2029 215 F: 4 3 4 
1999 4 2011 53 F: 4 
2007 7 2014 62 F: 5 2 
2007 13 2046 294 F: 13 
2010 12 2058 235 F: 12 
2021 8 2029 277 F: 4 4 
2035 9 2071 245 F: 3 4 2 
2042 8 2050 339 F: 5 2 1 
2044 11 2055 394 F: 11 
2047 5 2067 214 F: 2 3 
2047 9 2065 274 F: 2 4 3 
2054 8 2062 106 F: 2 6 
2061 8 2093 389 F: 3 5 
2061 9 2079 172 F: 9 
2066 3 2069 289 F: 3 
2075 12 2111 90 F: 5 3 4 
2089 7 2117 296 F: 3 4 
2104 9 2122 351 F: 9 
2112 10 2132 131 F: 3 3 4 
2134 12 2170 126 F: 5 4 3 
2139 12 2151 56 F: 5 3 4 
2142 6 2148 201 F: 6 
2147 2 2155 52 F: 2 
2147 3 2159 67 F: 3 
2147 7 2168 138 F: 2 2 3 
2158 13 2210 152 F: 7 6 
2163 5 2178 146 F: 4 1 
2163 12 2211 241 F: 5 4 3 
2180 10 2220 299 F: 5 5 
2184 13 2197 367 F: 7 6 
2194 8 2202 22 F: 3 3 2 
2199 12 2223 395 F: 7 5 
2206 8 2238 302 F: 2 6 
2226 4 2242 75 F: 3 1 
2236 5 2251 310 F: 4 1 
2248 7 2269 282 F: 2 3 2 
2249 8 2257 304 F: 6 2 
2253 7 2274 396 F: 7 
2258 7 2286 265 F: 7 
2258 8 2274 335 F: 8 
2260 8 2284 20 F: 4 1 3 
2272 7 2300 376 F: 4 3 
2285 4 2301 341 F: 4 
2285 6 2303 64 F: 4 2 
2291 7 2305 37 F: 2 2 3 
2297 10 2327 395 F: 10 
2299 5 2309 22 F: 5 
2306 7 2313 155 F: 5 1 1 
2316 3 2322 227 F: 3 
2319 8 2351 261 F: 8 
2320 9 2338 147 F: 4 3 2 
2321 9 2348 130 F: 3 2 4 
2329 12 2365 93 F: 12 
2334 9 2361 108 F: 4 3 2 
2334 11 2345 170 F: 11 
2337 10 2357 355 F: 10 
2367 5 2372 290 F: 2 3 
2375 9 2393 160 F: 4 3 2 
2377 13 2403 172 F: 5 4 4 
2385 12 2433 299 F: 12 
2387 10 2397 208 F: 3 3 4 
2392 9 2428 208 F: 3 2 4 
2401 11 2423 41 F: 6 5 
2402 5 2412 33 F: 4 1 
2410 10 2430 199 F: 3 3 4 
2413 5 2433 39 F: 3 1 1 
2429 8 2461 24 F: 4 4 
2441 11 2452 335 F: 11 
2444 3 2450 389 F: 3 
2456 3 2462 372 F: 2 1 
2465 8 2481 265 F: 7 1 
2478 11 2522 169 F: 11 
2485 13 2524 304 F: 7 6 
2489 6 2507 184 F: 6 
2492 9 2501 236 F: 3 2 4 
2497 8 2513 122 F: 8 
2499 5 2519 205 F: 2 2 1 
2513 4 2521 164 F: 4 
2539 2 2545 376 F: 2 
2541 13 2593 103 F: 13 
2544 4 2560 157 F: 2 1 1 
2544 10 2564 333 F: 4 6 
2547 9 2565 319 F: 5 1 3 
2550 8 2574 233 F: 4 4 
2555 12 2579 11 F: 12 
2559 8 2575 281 F: 2 6 
2560 4 2568 18 F: 4 
2565 4 2569 235 F: 4 
2571 8 2595 370 F: 2 6 
2576 3 2582 246 F: 2 1 
2576 3 2588 355 F: 3 
2578 8 2610 159 F: 2 6 
2608 12 2620 152 F: 4 4 4 
2623 7 2644 135 F: 2 4 1 
2636 7 2650 44 F: 4 2 1 
2639 6 2663 330 F: 4 1 1 
2642 11 2664 399 F: 7 4 
2649 10 2659 9 F: 4 6 
2656 6 2674 126 F: 2 3 1 
2657 7 2664 77 F: 3 4 
2686 7 2693 207 F: 7 
2696 8 2704 232 F: 2 6 
D: 15 31 
D: 20 74 
D: 26 90 
D: 26 174 
D: 29 160 
D: 32 150 
D: 35 220 
D: 40 338 
D: 50 118 
D: 59 222 
D: 73 218 
D: 83 247 
D: 84 201 
D: 113 281 
D: 120 136 
D: 121 293 
D: 121 321 
D: 132 193 
D: 136 219 
D: 155 300 
D: 163 312 
D: 163 327 
D: 164 323 
D: 168 190 
D: 186 317 
D: 212 345 
D: 213 218 
D: 248 356 
D: 250 331 
D: 252 258 
D: 260 364 
D: 270 326 
D: 286 361 
D: 290 348 
D: 291 325 
D: 292 395 
D: 297 366 
D: 330 388 
D: 342 384 
D: 354 395 
