15 9 24 2 F: 7 2 
18 7 46 228 F: 4 3 
21 7 42 290 F: 5 2 
23 9 32 105 F: 4 5 
25 4 33 58 F: 4 
27 9 63 297 F: 3 3 3 
29 9 38 167 F: 4 5 
31 12 67 247 F: 12 
37 10 57 341 F: 10 
60 10 70 70 F: 5 5 
77 10 107 342 F: 3 3 4 
84 6 96 85 F: 2 3 1 
84 8 108 374 F: 3 2 3 
88 8 96 172 F: 3 5 
92 13 144 96 F: 7 6 
106 9 133 77 F: 4 4 1 
109 8 141 159 F: 7 1 
123 6 147 340 F: 3 1 2 
127 10 157 111 F: 10 
127 13 140 210 F: 7 6 
134 4 146 319 F: 4 
135 6 147 51 F: 4 2 
136 13 175 390 F: 5 4 4 
137 5 157 221 F: 5 
138 8 154 131 F: 6 2 
148 5 168 215 F: 5 
158 10 168 96 F: 5 1 4 
164 3 170 197 F: 3 
183 10 213 256 F: 10 
194 8 218 378 F: 5 1 2 
201 9 210 383 F: 4 5 
233 11 255 14 F: 4 3 4 
238 4 250 206 F: 4 
240 4 256 145 F: 2 2 
240 7 247 112 F: 4 2 1 
260 6 266 157 F: 4 2 
261 8 277 325 F: 2 6 
265 5 275 23 F: 2 1 2 
269 10 289 368 F: 2 4 4 
271 11 282 350 F: 6 5 
272 7 279 237 F: 2 1 4 
276 8 292 224 F: 8 
279 8 311 315 F: 3 5 
288 10 318 353 F: 4 6 
294 11 327 19 F: 5 2 4 
306 5 321 348 F: 2 3 
314 11 336 337 F: 5 2 4 
317 7 331 138 F: 3 1 3 
323 9 350 294 F: 7 2 
330 8 354 81 F: 5 3 
333 9 369 22 F: 4 5 
334 8 350 379 F: 4 4 
336 9 345 375 F: 3 4 2 
355 6 379 253 F: 4 2 
356 8 380 388 F: 2 6 
371 7 399 364 F: 3 2 2 
378 8 394 40 F: 4 4 
382 9 418 208 F: 9 
383 11 405 189 F: 6 5 
386 11 408 120 F: 11 
401 4 409 231 F: 2 2 
408 3 420 384 F: 3 
411 2 417 255 F: 2 
412 12 436 137 F: 12 
424 10 444 369 F: 4 2 4 
430 6 442 335 F: 3 1 2 
444 10 474 235 F: 3 3 4 
445 9 472 46 F: 3 6 
445 13 458 111 F: 13 
456 10 496 179 F: 5 1 4 
461 2 463 368 F: 2 
462 10 482 243 F: 5 5 
465 8 481 223 F: 8 
483 11 527 57 F: 6 5 
489 11 511 146 F: 5 6 
500 10 520 15 F: 10 
503 9 521 385 F: 2 4 3 
509 12 533 61 F: 6 6 
526 10 546 382 F: 10 
540 7 547 293 F: 3 4 
553 10 583 133 F: 2 4 4 
560 13 573 123 F: 5 4 4 
570 11 603 84 F: 11 
574 5 594 198 F: 5 
576 10 596 249 F: 3 4 3 
584 10 604 140 F: 2 4 4 
588 12 624 165 F: 12 
592 9 628 67 F: 9 
595 11 617 338 F: 6 5 
597 12 609 41 F: 4 4 4 
602 2 610 93 F: 2 
602 5 622 378 F: 2 3 
616 9 625 112 F: 3 6 
619 9 628 65 F: 5 2 2 
624 8 640 202 F: 3 1 4 
630 3 639 105 F: 2 1 
630 8 654 192 F: 2 3 3 
636 11 658 314 F: 5 2 4 
638 6 644 314 F: 2 2 2 
639 5 644 296 F: 2 3 
661 8 685 61 F: 5 2 1 
669 11 680 103 F: 7 4 
674 6 698 142 F: 3 1 2 
682 12 730 61 F: 5 3 4 
693 13 706 116 F: 13 
700 7 707 232 F: 3 3 1 
702 9 738 334 F: 4 5 
704 5 714 391 F: 2 2 1 
718 6 730 211 F: 3 1 2 
724 8 756 266 F: 2 6 
727 5 747 203 F: 2 1 2 
740 7 761 40 F: 4 3 
740 10 760 43 F: 5 5 
749 7 777 320 F: 3 3 1 
759 11 792 336 F: 5 2 4 
770 6 776 336 F: 3 2 1 
773 11 784 372 F: 11 
781 2 787 242 F: 2 
791 8 823 106 F: 6 2 
793 11 815 18 F: 11 
805 8 837 130 F: 2 6 
813 7 834 233 F: 2 2 3 
823 10 853 155 F: 10 
828 3 831 274 F: 3 
830 8 838 373 F: 4 1 3 
831 5 841 133 F: 3 2 
837 10 877 100 F: 4 2 4 
841 4 853 379 F: 4 
852 8 860 194 F: 2 2 4 
864 11 875 281 F: 4 3 4 
867 5 882 125 F: 3 2 
870 7 884 279 F: 5 2 
870 10 900 154 F: 2 4 4 
874 8 890 184 F: 5 2 1 
893 7 914 366 F: 7 
902 8 926 284 F: 4 4 
906 6 930 211 F: 2 4 
917 7 945 215 F: 4 3 
921 5 931 294 F: 5 
926 12 938 272 F: 12 
927 6 933 296 F: 2 2 2 
929 8 937 223 F: 7 1 
934 11 945 94 F: 11 
948 5 963 88 F: 2 2 1 
951 12 987 365 F: 12 
970 8 1002 69 F: 8 
972 8 980 322 F: 4 3 1 
977 9 995 247 F: 5 3 1 
981 10 1001 319 F: 3 3 4 
988 11 1021 143 F: 7 4 
1001 8 1025 265 F: 2 4 2 
1005 7 1019 391 F: 7 
1008 3 1020 287 F: 2 1 
1009 8 1017 3 F: 4 1 3 
1012 11 1056 314 F: 5 6 
1037 12 1085 206 F: 12 
1048 12 1072 58 F: 12 
1053 9 1062 244 F: 4 2 3 
1055 10 1095 315 F: 6 4 
1058 9 1076 111 F: 4 2 3 
1071 2 1073 148 F: 2 
1076 11 1109 131 F: 4 4 3 
1080 12 1092 225 F: 12 
1087 9 1096 6 F: 4 1 4 
1095 11 1128 147 F: 5 2 4 
1106 10 1116 26 F: 10 
1110 10 1120 304 F: 10 
1121 10 1141 70 F: 10 
1125 6 1131 385 F: 2 4 
1126 10 1166 213 F: 2 4 4 
1133 13 1159 366 F: 13 
1147 11 1180 264 F: 3 4 4 
1159 9 1195 315 F: 5 4 
1164 8 1188 67 F: 7 1 
1165 4 1169 208 F: 4 
1166 11 1210 84 F: 5 6 
1169 8 1201 370 F: 3 5 
1176 3 1182 84 F: 2 1 
1184 2 1186 36 F: 2 
1188 9 1224 159 F: 4 1 4 
1201 5 1206 156 F: 5 
1217 4 1229 76 F: 4 
1222 8 1238 103 F: 5 3 
1229 5 1244 10 F: 2 3 
1234 4 1246 382 F: 4 
1238 6 1262 290 F: 6 
1242 10 1262 335 F: 7 3 
1251 10 1261 322 F: 5 3 2 
1253 10 1293 285 F: 7 3 
1256 7 1277 317 F: 7 
1263 4 1275 224 F: 4 
1263 6 1281 188 F: 4 2 
1287 12 1323 140 F: 12 
1290 9 1317 69 F: 4 5 
1296 7 1310 101 F: 3 3 1 
1302 12 1314 387 F: 5 3 4 
1304 12 1316 317 F: 12 
1314 9 1350 374 F: 4 1 4 
1316 5 1336 251 F: 5 
1330 10 1370 304 F: 10 
1331 12 1379 312 F: 5 4 3 
1337 7 1358 66 F: 3 4 
1339 8 1363 158 F: 8 
1354 6 1360 83 F: 3 3 
1355 8 1371 339 F: 8 
1363 6 1387 41 F: 4 1 1 
1370 12 1418 327 F: 5 4 3 
1380 6 1386 365 F: 2 1 3 
1386 9 1422 219 F: 3 3 3 
1398 12 1434 122 F: 5 4 3 
1400 8 1432 370 F: 6 2 
1402 13 1415 151 F: 5 4 4 
1405 8 1421 119 F: 3 4 1 
1406 6 1430 149 F: 6 
1423 7 1437 309 F: 4 3 
1442 8 1474 168 F: 2 6 
1452 8 1476 188 F: 5 2 1 
1452 10 1462 199 F: 5 3 2 
1457 6 1469 302 F: 3 2 1 
1458 5 1468 270 F: 5 
1465 11 1498 258 F: 11 
1470 12 1482 252 F: 4 4 4 
1471 5 1491 264 F: 3 2 
1487 2 1489 237 F: 2 
1493 9 1529 356 F: 5 3 1 
1506 10 1526 328 F: 7 3 
1528 7 1535 206 F: 3 3 1 
1528 11 1550 185 F: 6 5 
1528 13 1580 42 F: 5 4 4 
1534 8 1542 182 F: 3 3 2 
1538 3 1547 122 F: 3 
1546 9 1573 15 F: 2 4 3 
1548 3 1560 100 F: 3 
1554 13 1606 189 F: 7 6 
1556 4 1564 190 F: 3 1 
1566 13 1618 307 F: 13 
1577 8 1585 244 F: 2 4 2 
1586 10 1606 121 F: 10 
1588 10 1618 53 F: 5 5 
1596 7 1624 383 F: 7 
1611 6 1623 357 F: 6 
1617 5 1622 200 F: 4 1 
1631 6 1649 168 F: 3 3 
1637 12 1661 66 F: 12 
1642 10 1662 70 F: 3 4 3 
1658 10 1698 232 F: 4 2 4 
1658 11 1680 399 F: 5 6 
1659 10 1689 227 F: 4 6 
1667 10 1677 8 F: 10 
1671 9 1698 292 F: 4 3 2 
1677 2 1683 3 F: 2 
1677 6 1683 269 F: 3 3 
1677 7 1698 358 F: 2 5 
1679 12 1703 40 F: 12 
1682 6 1694 98 F: 6 
1710 6 1728 18 F: 5 1 
1710 8 1734 239 F: 4 4 
1719 7 1747 112 F: 7 
1734 3 1746 370 F: 3 
1742 10 1762 14 F: 3 4 3 
1743 8 1767 17 F: 8 
1747 8 1755 213 F: 4 4 
1752 10 1782 16 F: 4 3 3 
1756 13 1795 387 F: 13 
1759 2 1761 318 F: 2 
1760 10 1770 319 F: 4 6 
1777 6 1795 251 F: 2 2 2 
1780 6 1798 317 F: 4 2 
1787 5 1802 350 F: 2 3 
1787 12 1811 31 F: 12 
1802 12 1814 227 F: 7 5 
1808 8 1816 258 F: 8 
1809 6 1833 338 F: 3 3 
1813 7 1820 224 F: 5 2 
1828 12 1840 164 F: 4 4 4 
1831 7 1845 107 F: 3 3 1 
1832 12 1856 132 F: 4 4 4 
1837 7 1851 59 F: 3 3 1 
1837 13 1850 112 F: 13 
1845 11 1867 331 F: 11 
1858 8 1890 156 F: 8 
1862 5 1877 17 F: 3 2 
1883 9 1910 231 F: 5 1 3 
1890 8 1906 307 F: 3 2 3 
1896 6 1908 19 F: 4 1 1 
1910 7 1924 145 F: 7 
1916 5 1936 357 F: 3 2 
1923 8 1955 316 F: 4 3 1 
1927 8 1959 100 F: 8 
1941 7 1948 331 F: 4 3 
1951 7 1965 315 F: 7 
1956 5 1976 373 F: 2 2 1 
1959 8 1975 346 F: 3 2 3 
1960 9 1996 20 F: 5 4 
1961 13 2013 253 F: 13 
1965 8 1973 70 F: 2 3 3 
1972 9 1999 181 F: 3 6 
1976 9 1985 144 F: 5 1 3 
1980 9 2016 111 F: 4 2 3 
1989 12 2025 48 F: 7 5 
2004 9 2040 326 F: 5 3 1 
2025 13 2077 333 F: 13 
2034 11 2078 70 F: 11 
2039 6 2045 157 F: 3 1 2 
2042 11 2064 262 F: 11 
2050 7 2078 21 F: 7 
2051 2 2059 90 F: 2 
2058 9 2076 275 F: 3 4 2 
2060 12 2072 34 F: 12 
2066 4 2082 203 F: 2 1 1 
2076 9 2094 197 F: 9 
2083 8 2091 396 F: 6 2 
2087 10 2107 244 F: 4 6 
2090 6 2108 204 F: 6 
2096 8 2104 379 F: 4 3 1 
2108 2 2110 287 F: 2 
2112 6 2124 141 F: 3 2 1 
2115 6 2139 151 F: 3 3 
2116 3 2122 44 F: 3 
2120 10 2130 179 F: 6 4 
2154 6 2160 68 F: 3 3 
2156 6 2174 328 F: 6 
2163 10 2193 323 F: 7 3 
2170 7 2198 69 F: 3 2 2 
2171 9 2180 314 F: 3 3 3 
2175 2 2179 276 F: 2 
2180 13 2219 272 F: 13 
2182 6 2206 81 F: 2 4 
2190 8 2214 137 F: 8 
2195 9 2204 281 F: 6 3 
2200 8 2208 165 F: 8 
2217 11 2250 284 F: 5 6 
2219 9 2255 276 F: 5 1 3 
2227 6 2239 4 F: 4 1 1 
2235 10 2265 151 F: 5 3 2 
2241 5 2246 149 F: 5 
2241 7 2255 332 F: 3 2 2 
2243 8 2251 129 F: 5 2 1 
2251 11 2295 116 F: 5 6 
2252 4 2256 101 F: 3 1 
2257 7 2285 45 F: 2 3 2 
2260 9 2278 126 F: 9 
2277 13 2329 121 F: 13 
2278 7 2299 25 F: 7 
2278 11 2322 42 F: 6 5 
2304 6 2316 347 F: 6 
2304 8 2312 287 F: 3 4 1 
2323 8 2339 76 F: 2 4 2 
2323 10 2343 272 F: 5 5 
2325 6 2349 337 F: 2 2 2 
2331 8 2339 352 F: 7 1 
2342 6 2354 298 F: 4 1 1 
2343 5 2363 185 F: 5 
2353 5 2363 335 F: 5 
2356 7 2384 361 F: 2 4 1 
2365 10 2375 192 F: 10 
2367 10 2397 315 F: 6 4 
2374 10 2414 48 F: 6 4 
2378 5 2393 221 F: 2 3 
2378 8 2386 283 F: 2 4 2 
2400 7 2414 129 F: 7 
2409 6 2433 378 F: 3 1 2 
2410 6 2416 82 F: 2 3 1 
2410 8 2442 196 F: 8 
2415 5 2425 381 F: 5 
2427 13 2440 102 F: 13 
2444 12 2480 176 F: 12 
2448 9 2466 286 F: 5 4 
2449 10 2489 254 F: 5 1 4 
2455 11 2477 241 F: 11 
2459 6 2471 339 F: 6 
2469 9 2478 351 F: 7 2 
2472 9 2481 31 F: 9 
2475 12 2511 197 F: 12 
2498 9 2534 76 F: 3 4 2 
2512 9 2548 164 F: 5 2 2 
2514 8 2546 266 F: 4 2 2 
2521 7 2535 151 F: 2 5 
2540 9 2549 302 F: 9 
2552 10 2582 365 F: 5 2 3 
2567 13 2606 158 F: 5 4 4 
2569 8 2577 13 F: 7 1 
2570 9 2606 46 F: 4 2 3 
2581 4 2589 325 F: 2 2 
2582 9 2591 29 F: 3 3 3 
2589 10 2619 389 F: 5 1 4 
2590 12 2626 353 F: 6 6 
2591 10 2601 113 F: 5 5 
2592 10 2622 88 F: 4 2 4 
2593 5 2608 163 F: 3 2 
2617 2 2623 166 F: 2 
2618 6 2636 33 F: 6 
2619 7 2640 71 F: 6 1 
2631 5 2641 53 F: 3 2 
2636 6 2648 384 F: 4 1 1 
2642 6 2654 351 F: 6 
2672 11 2694 167 F: 11 
2675 9 2693 173 F: 9 
2681 11 2725 37 F: 7 4 
2692 3 2695 391 F: 3 
D: 0 345 
D: 1 251 
D: 6 321 
D: 8 15 
D: 8 180 
D: 9 316 
D: 19 389 
D: 26 311 
D: 29 275 
D: 33 46 
D: 57 295 
D: 63 381 
D: 64 288 
D: 79 282 
D: 88 117 
D: 93 332 
D: 111 288 
D: 116 339 
D: 116 345 
D: 129 313 
D: 132 387 
D: 136 159 
D: 179 387 
D: 188 237 
D: 206 222 
D: 206 228 
D: 221 224 
D: 234 333 
D: 235 299 
D: 267 323 
D: 270 295 
D: 280 356 
D: 284 336 
D: 287 345 
D: 291 318 
D: 293 389 
D: 315 361 
D: 335 365 
D: 355 387 
D: 384 396 
