4 10 34 368 F: 3 3 4 
29 13 68 112 F: 13 
36 9 72 347 F: 3 4 2 
46 7 67 397 F: 6 1 
54 7 68 96 F: 2 1 4 
59 7 87 56 F: 2 2 3 
60 4 64 388 F: 2 2 
73 5 78 265 F: 2 3 
78 3 87 188 F: 2 1 
85 13 111 116 F: 7 6 
92 6 110 321 F: 2 4 
92 8 116 193 F: 7 1 
93 6 117 151 F: 2 4 
94 8 118 313 F: 3 4 1 
94 9 130 225 F: 5 4 
106 5 126 36 F: 2 3 
116 6 122 124 F: 6 
117 9 144 78 F: 6 3 
124 11 135 146 F: 6 5 
124 11 157 206 F: 11 
125 8 157 360 F: 2 6 
133 11 177 305 F: 3 4 4 
141 10 151 342 F: 5 3 2 
146 4 150 115 F: 2 2 
150 8 158 338 F: 8 
153 6 159 319 F: 5 1 
166 9 184 38 F: 3 4 2 
182 4 190 277 F: 2 1 1 
192 8 224 355 F: 4 4 
196 9 205 355 F: 4 2 3 
202 6 214 296 F: 6 
204 10 244 231 F: 2 4 4 
205 8 237 93 F: 8 
206 5 216 203 F: 5 
207 9 225 177 F: 3 2 4 
211 10 251 19 F: 4 3 3 
226 7 233 52 F: 7 
230 2 232 324 F: 2 
230 10 240 247 F: 5 4 1 
236 5 246 369 F: 2 1 2 
258 10 278 134 F: 4 4 2 
285 10 295 263 F: 10 
289 9 307 19 F: 3 4 2 
291 3 303 200 F: 3 
291 5 296 74 F: 4 1 
302 5 317 345 F: 5 
309 4 325 312 F: 2 1 1 
309 7 330 258 F: 4 3 
323 6 335 114 F: 3 2 1 
333 11 344 26 F: 5 6 
352 10 382 20 F: 7 3 
353 5 358 194 F: 5 
353 8 385 205 F: 2 4 2 
354 7 361 167 F: 2 4 1 
355 10 365 248 F: 5 3 2 
358 9 385 326 F: 4 5 
362 5 382 2 F: 5 
370 6 376 349 F: 3 1 2 
381 11 403 187 F: 11 
398 7 426 68 F: 7 
407 7 435 121 F: 5 1 1 
407 12 431 385 F: 5 4 3 
416 8 432 172 F: 3 1 4 
417 6 423 212 F: 3 1 2 
424 7 452 327 F: 2 5 
434 2 436 209 F: 2 
434 11 478 262 F: 5 4 2 
443 6 449 133 F: 6 
460 5 470 276 F: 3 1 1 
466 9 493 253 F: 3 2 4 
470 4 482 318 F: 2 1 1 
471 6 495 392 F: 6 
477 8 493 272 F: 6 2 
489 10 519 180 F: 10 
497 6 515 284 F: 4 1 1 
502 6 520 256 F: 3 2 1 
514 10 544 50 F: 4 3 3 
520 6 532 256 F: 3 3 
522 3 534 28 F: 3 
538 8 562 264 F: 3 2 3 
540 9 567 167 F: 4 1 4 
541 7 555 16 F: 5 1 1 
547 4 563 289 F: 3 1 
554 8 570 262 F: 2 6 
564 6 570 389 F: 3 1 2 
574 7 588 25 F: 3 4 
578 7 606 370 F: 7 
588 7 616 23 F: 3 1 3 
588 9 615 255 F: 4 1 4 
592 10 632 336 F: 4 4 2 
601 13 640 175 F: 13 
618 8 642 196 F: 3 2 3 
618 10 648 324 F: 3 4 3 
622 8 630 105 F: 5 3 
627 11 671 268 F: 6 5 
635 2 643 189 F: 2 
640 8 656 154 F: 4 4 
640 13 679 66 F: 13 
657 7 678 112 F: 7 
667 13 693 151 F: 13 
668 2 670 93 F: 2 
677 6 683 291 F: 3 3 
687 10 717 93 F: 6 4 
688 5 703 373 F: 2 3 
699 13 725 237 F: 13 
715 7 729 17 F: 3 3 1 
720 4 736 6 F: 2 1 1 
725 8 749 13 F: 5 3 
727 9 745 32 F: 7 2 
732 10 772 132 F: 7 3 
744 2 750 339 F: 2 
754 4 762 137 F: 3 1 
758 11 802 329 F: 5 6 
761 11 805 259 F: 11 
769 9 805 166 F: 7 2 
776 6 788 179 F: 6 
778 6 790 53 F: 5 1 
778 6 802 186 F: 2 1 3 
789 10 799 241 F: 6 4 
792 10 822 107 F: 3 3 4 
800 9 836 81 F: 7 2 
810 10 820 24 F: 5 2 3 
835 8 867 7 F: 3 5 
836 10 876 261 F: 5 1 4 
840 10 860 216 F: 2 4 4 
849 10 889 212 F: 10 
849 12 897 118 F: 12 
850 5 855 166 F: 3 2 
851 4 855 318 F: 4 
853 8 869 36 F: 3 3 2 
877 13 903 167 F: 13 
878 5 893 63 F: 3 1 1 
882 8 890 220 F: 4 3 1 
892 13 905 126 F: 13 
895 9 904 171 F: 4 2 3 
904 7 925 166 F: 7 
909 11 953 4 F: 6 5 
916 7 930 139 F: 4 1 2 
940 5 955 47 F: 3 2 
940 6 946 213 F: 4 2 
942 3 954 396 F: 3 
946 2 948 342 F: 2 
948 7 955 152 F: 5 2 
952 2 958 328 F: 2 
957 9 975 306 F: 4 4 1 
961 7 989 71 F: 5 2 
970 10 990 189 F: 7 3 
974 12 998 192 F: 7 5 
976 11 1020 219 F: 11 
978 3 987 286 F: 3 
1000 13 1026 297 F: 7 6 
1001 10 1031 299 F: 7 3 
1007 7 1021 3 F: 2 4 1 
1014 9 1032 79 F: 3 2 4 
1046 8 1070 167 F: 6 2 
1058 5 1068 216 F: 5 
1059 8 1075 1 F: 6 2 
1075 7 1103 235 F: 5 2 
1081 11 1092 175 F: 6 5 
1087 4 1095 235 F: 3 1 
1090 9 1108 261 F: 4 4 1 
1090 11 1134 177 F: 5 3 3 
1093 9 1120 282 F: 5 3 1 
1096 7 1124 99 F: 7 
1096 13 1109 215 F: 13 
1105 5 1115 165 F: 5 
1110 7 1124 231 F: 2 4 1 
1115 11 1148 102 F: 11 
1132 3 1135 324 F: 3 
1146 6 1152 400 F: 3 1 2 
1148 13 1200 354 F: 13 
1152 9 1161 219 F: 5 4 
1156 12 1192 377 F: 5 4 3 
1158 7 1179 112 F: 2 2 3 
1159 5 1179 373 F: 4 1 
1159 13 1185 291 F: 7 6 
1166 7 1173 343 F: 7 
1179 2 1183 191 F: 2 
1188 8 1220 143 F: 2 2 4 
1194 3 1203 115 F: 3 
1204 6 1222 29 F: 6 
1211 8 1243 389 F: 2 2 4 
1215 8 1231 128 F: 2 2 4 
1231 3 1237 223 F: 3 
1231 6 1243 358 F: 2 4 
1234 7 1241 388 F: 2 1 4 
1253 5 1273 366 F: 3 1 1 
1259 7 1273 42 F: 3 2 2 
1263 10 1273 336 F: 3 3 4 
1268 7 1296 304 F: 3 4 
1273 9 1282 213 F: 4 1 4 
1276 7 1290 3 F: 3 4 
1281 5 1296 261 F: 2 3 
1288 4 1300 211 F: 3 1 
1290 2 1292 223 F: 2 
1303 6 1321 375 F: 2 2 2 
1303 7 1310 232 F: 5 2 
1310 10 1350 223 F: 4 2 4 
1313 4 1325 348 F: 2 2 
1317 10 1357 349 F: 5 1 4 
1318 6 1342 280 F: 4 2 
1322 6 1346 147 F: 6 
1323 8 1347 193 F: 5 2 1 
1336 2 1342 153 F: 2 
1338 12 1350 364 F: 12 
1343 10 1383 249 F: 4 4 2 
1353 7 1381 218 F: 3 4 
1357 13 1409 1 F: 7 6 
1363 12 1411 185 F: 7 5 
1380 12 1404 46 F: 4 4 4 
1409 7 1423 289 F: 5 1 1 
1411 13 1437 64 F: 7 6 
1412 9 1448 319 F: 4 5 
1417 8 1425 10 F: 8 
1424 7 1445 93 F: 5 1 1 
1427 6 1451 247 F: 2 4 
1436 6 1448 85 F: 2 3 1 
1442 7 1449 62 F: 3 2 2 
1444 9 1453 398 F: 7 2 
1450 8 1458 83 F: 5 1 2 
1462 8 1478 384 F: 4 4 
1487 7 1494 166 F: 3 3 1 
1489 8 1521 163 F: 2 4 2 
1495 10 1525 309 F: 10 
1497 7 1511 370 F: 2 5 
1510 10 1550 45 F: 5 4 1 
1514 7 1528 65 F: 3 2 2 
1515 6 1527 386 F: 6 
1517 9 1553 315 F: 3 2 4 
1525 3 1531 30 F: 3 
1526 7 1554 289 F: 7 
1527 5 1547 363 F: 2 1 2 
1530 12 1554 379 F: 12 
1538 3 1550 213 F: 2 1 
1539 8 1555 208 F: 5 2 1 
1561 4 1577 339 F: 4 
1566 5 1576 42 F: 3 2 
1577 7 1605 134 F: 3 4 
1593 12 1617 131 F: 12 
1596 8 1604 249 F: 8 
1612 11 1623 69 F: 5 3 3 
1613 9 1649 302 F: 7 2 
1614 8 1622 326 F: 5 3 
1616 6 1640 131 F: 2 4 
1621 4 1637 385 F: 4 
1626 9 1653 272 F: 4 2 3 
1627 6 1633 145 F: 6 
1632 7 1660 299 F: 4 3 
1641 13 1654 223 F: 13 
1646 10 1656 40 F: 10 
1662 13 1688 359 F: 5 4 4 
1678 5 1688 382 F: 4 1 
1680 6 1704 131 F: 6 
1684 7 1698 342 F: 7 
1699 8 1731 48 F: 2 6 
1710 9 1746 381 F: 5 2 2 
1717 8 1733 333 F: 4 3 1 
1719 7 1740 45 F: 3 4 
1726 7 1740 246 F: 7 
1738 7 1745 395 F: 2 2 3 
1739 9 1757 147 F: 4 4 1 
1742 6 1754 396 F: 2 4 
1743 9 1761 73 F: 5 2 2 
1744 7 1751 262 F: 5 2 
1747 12 1795 69 F: 12 
1770 10 1780 9 F: 4 3 3 
1771 9 1780 112 F: 9 
1776 6 1794 79 F: 2 4 
1787 4 1791 365 F: 3 1 
1789 7 1796 257 F: 6 1 
1800 9 1827 156 F: 9 
1801 7 1815 258 F: 4 3 
1806 11 1828 39 F: 11 
1824 7 1845 336 F: 4 2 1 
1824 12 1872 131 F: 12 
1830 13 1843 93 F: 13 
1832 5 1852 112 F: 2 3 
1844 7 1872 148 F: 2 3 2 
1852 8 1884 19 F: 7 1 
1853 10 1863 384 F: 6 4 
1854 10 1894 368 F: 7 3 
1869 12 1917 38 F: 6 6 
1875 5 1880 316 F: 5 
1892 5 1897 253 F: 3 2 
1899 9 1917 14 F: 5 3 1 
1904 8 1936 110 F: 4 1 3 
1906 3 1918 121 F: 3 
1912 6 1936 355 F: 2 1 3 
1916 13 1955 193 F: 13 
1927 6 1945 11 F: 2 4 
1937 3 1943 81 F: 2 1 
1944 13 1996 47 F: 13 
1958 11 1969 280 F: 5 3 3 
1962 10 1972 370 F: 10 
1963 12 1999 151 F: 12 
1969 8 1993 76 F: 3 5 
1974 6 1980 195 F: 6 
1982 6 1988 347 F: 6 
1989 8 1997 387 F: 3 4 1 
1997 11 2030 162 F: 7 4 
2002 6 2026 10 F: 5 1 
2004 9 2040 164 F: 6 3 
2011 5 2021 226 F: 5 
2013 9 2040 265 F: 4 2 3 
2025 5 2035 78 F: 3 1 1 
2033 7 2061 60 F: 6 1 
2045 10 2085 299 F: 4 6 
2047 6 2053 238 F: 2 4 
2060 9 2087 304 F: 5 3 1 
2084 8 2116 265 F: 4 2 2 
2086 9 2122 249 F: 4 5 
2087 6 2105 31 F: 6 
2090 8 2106 95 F: 8 
2090 12 2114 42 F: 7 5 
2091 3 2100 139 F: 3 
2101 7 2129 197 F: 3 3 1 
2104 12 2140 254 F: 12 
2113 9 2122 387 F: 3 2 4 
2114 8 2130 276 F: 7 1 
2118 9 2154 71 F: 4 4 1 
2134 9 2152 95 F: 4 2 3 
2135 3 2138 149 F: 3 
2135 8 2151 322 F: 4 1 3 
2139 7 2167 7 F: 4 3 
2143 9 2152 126 F: 9 
2146 11 2179 5 F: 5 3 3 
2150 7 2164 332 F: 4 2 1 
2171 9 2180 60 F: 2 3 4 
2174 8 2198 70 F: 5 2 1 
2177 11 2188 170 F: 5 3 3 
2201 9 2228 100 F: 6 3 
2203 9 2212 294 F: 5 4 
2211 2 2215 66 F: 2 
2212 6 2218 286 F: 3 1 2 
2231 12 2279 275 F: 5 3 4 
2233 6 2239 126 F: 6 
2234 9 2252 272 F: 9 
2236 9 2245 22 F: 3 2 4 
2239 8 2271 159 F: 4 4 
2246 9 2282 124 F: 3 6 
2246 10 2266 13 F: 10 
2271 12 2307 188 F: 7 5 
2272 10 2292 192 F: 3 4 3 
2273 7 2294 172 F: 3 3 1 
2292 13 2344 191 F: 5 4 4 
2304 9 2331 218 F: 9 
2312 7 2333 62 F: 5 2 
2316 7 2344 22 F: 7 
2319 10 2349 25 F: 5 3 2 
2322 12 2358 35 F: 5 3 4 
2340 8 2348 23 F: 5 3 
2347 6 2371 264 F: 4 2 
2353 8 2377 129 F: 5 3 
2382 3 2391 325 F: 3 
2383 5 2398 2 F: 3 2 
2386 9 2413 56 F: 4 1 4 
2389 8 2413 142 F: 8 
2392 5 2402 83 F: 2 1 2 
2394 8 2402 139 F: 3 4 1 
2394 9 2430 338 F: 3 6 
2412 7 2419 31 F: 7 
2414 9 2432 318 F: 9 
2422 8 2454 23 F: 3 4 1 
2426 9 2435 14 F: 9 
2438 9 2447 177 F: 5 4 
2441 11 2474 391 F: 11 
2465 11 2476 80 F: 6 5 
2468 6 2492 91 F: 6 
2476 8 2484 264 F: 5 3 
2484 6 2490 146 F: 6 
2484 8 2516 280 F: 7 1 
2492 7 2506 84 F: 2 5 
2492 13 2518 384 F: 7 6 
2493 10 2523 214 F: 3 3 4 
2493 11 2526 315 F: 11 
2504 6 2510 367 F: 3 3 
2505 3 2511 24 F: 3 
2506 8 2530 301 F: 5 2 1 
2526 10 2546 128 F: 4 2 4 
2536 7 2564 368 F: 2 5 
2553 12 2601 354 F: 12 
2561 9 2588 395 F: 9 
2565 6 2583 135 F: 3 1 2 
2568 9 2604 392 F: 5 3 1 
2574 9 2610 277 F: 3 4 2 
2575 5 2590 212 F: 3 1 1 
2580 4 2584 66 F: 4 
2583 6 2595 7 F: 2 3 1 
2585 9 2621 183 F: 5 2 2 
2587 7 2608 151 F: 2 1 4 
2601 2 2603 130 F: 2 
2608 10 2648 96 F: 5 1 4 
2619 8 2627 160 F: 3 4 1 
2629 9 2665 104 F: 4 5 
2646 11 2679 148 F: 6 5 
2661 13 2713 109 F: 5 4 4 
2678 7 2699 302 F: 3 2 2 
2688 11 2710 2 F: 11 
2693 6 2705 389 F: 6 
2699 7 2727 229 F: 4 2 1 
D: 9 141 
D: 21 183 
D: 23 242 
D: 26 138 
D: 26 222 
D: 33 112 
D: 36 399 
D: 37 126 
D: 55 335 
D: 57 155 
D: 58 226 
D: 62 372 
D: 73 163 
D: 79 318 
D: 80 158 
D: 97 123 
D: 97 368 
D: 99 395 
D: 134 202 
D: 140 361 
D: 143 239 
D: 143 256 
D: 152 231 
D: 152 295 
D: 153 390 
D: 156 249 
D: 156 264 
D: 190 276 
D: 204 299 
D: 215 292 
D: 216 284 
D: 230 371 
D: 235 391 
D: 237 379 
D: 249 307 
D: 273 338 
D: 282 329 
D: 283 375 
D: 306 384 
D: 314 324 
