0 5 5 174 F: 2 1 2 
2 12 26 220 F: 12 
5 8 29 129 F: 5 1 2 
13 7 20 107 F: 2 4 1 
37 9 46 267 F: 5 1 3 
42 2 44 340 F: 2 
43 2 49 257 F: 2 
47 8 55 254 F: 6 2 
48 8 72 343 F: 3 5 
50 9 77 116 F: 5 3 1 
64 2 66 290 F: 2 
64 12 88 234 F: 4 4 4 
74 6 98 57 F: 4 2 
81 12 105 216 F: 12 
98 9 116 270 F: 6 3 
105 9 132 330 F: 5 3 1 
114 10 144 245 F: 4 6 
123 5 143 11 F: 5 
133 5 138 290 F: 2 2 1 
141 2 149 127 F: 2 
145 11 167 327 F: 11 
165 2 169 138 F: 2 
165 4 173 330 F: 4 
167 5 187 318 F: 5 
167 7 174 123 F: 5 2 
169 12 205 339 F: 12 
172 5 182 16 F: 5 
180 3 192 194 F: 2 1 
193 11 215 15 F: 11 
194 6 206 51 F: 2 3 1 
202 9 229 293 F: 5 3 1 
203 9 230 356 F: 4 4 1 
213 7 234 22 F: 7 
220 8 228 224 F: 4 3 1 
222 6 234 214 F: 6 
229 2 231 373 F: 2 
232 4 240 369 F: 2 2 
238 6 244 296 F: 3 3 
240 7 261 167 F: 4 3 
259 8 283 82 F: 3 3 2 
276 5 291 346 F: 5 
278 8 286 127 F: 3 5 
287 8 303 311 F: 7 1 
295 9 322 309 F: 2 3 4 
296 7 317 65 F: 4 3 
300 8 316 270 F: 4 2 2 
313 11 357 51 F: 11 
322 9 340 153 F: 5 3 1 
323 9 350 313 F: 3 3 3 
334 7 362 12 F: 7 
335 9 344 326 F: 3 6 
340 5 345 112 F: 4 1 
341 5 351 190 F: 5 
343 4 347 170 F: 2 1 1 
345 7 373 248 F: 4 2 1 
347 11 358 371 F: 11 
360 11 393 28 F: 4 4 3 
373 8 397 156 F: 2 3 3 
385 12 397 151 F: 12 
397 12 421 85 F: 12 
405 6 417 142 F: 2 1 3 
411 13 450 214 F: 13 
416 12 440 19 F: 6 6 
425 8 433 137 F: 3 4 1 
432 7 460 341 F: 5 2 
452 8 468 253 F: 7 1 
459 10 469 210 F: 10 
460 10 490 301 F: 10 
461 8 485 296 F: 3 5 
463 5 473 190 F: 2 2 1 
465 7 479 46 F: 5 2 
469 8 485 93 F: 5 1 2 
470 11 503 289 F: 6 5 
486 8 494 71 F: 5 2 1 
494 5 504 131 F: 3 2 
514 12 550 183 F: 12 
518 8 526 42 F: 8 
523 7 537 141 F: 4 3 
526 9 544 126 F: 9 
531 3 534 118 F: 3 
532 2 538 301 F: 2 
548 12 560 129 F: 5 4 3 
552 7 559 19 F: 2 5 
563 6 581 4 F: 5 1 
571 11 615 56 F: 5 4 2 
579 6 603 283 F: 4 1 1 
582 8 606 252 F: 4 2 2 
584 3 590 51 F: 2 1 
589 7 603 52 F: 2 5 
592 12 640 44 F: 6 6 
609 5 614 141 F: 4 1 
609 8 617 148 F: 5 3 
617 4 633 71 F: 4 
620 12 632 48 F: 4 4 4 
623 11 667 204 F: 4 3 4 
629 5 639 315 F: 4 1 
635 11 668 265 F: 5 2 4 
639 11 672 332 F: 11 
645 6 651 193 F: 6 
652 10 682 189 F: 5 5 
664 8 680 318 F: 7 1 
672 4 680 231 F: 3 1 
672 10 692 125 F: 4 4 2 
681 12 717 308 F: 6 6 
683 13 722 161 F: 13 
704 9 740 386 F: 9 
705 7 719 184 F: 2 4 1 
718 13 731 325 F: 13 
725 4 737 326 F: 4 
739 7 753 144 F: 4 1 2 
740 13 753 377 F: 13 
751 10 761 373 F: 4 3 3 
752 8 760 190 F: 3 1 4 
753 10 763 81 F: 5 2 3 
759 11 803 94 F: 11 
776 3 785 77 F: 2 1 
787 4 791 38 F: 4 
789 11 800 74 F: 7 4 
794 6 818 367 F: 5 1 
798 8 830 191 F: 3 2 3 
807 13 846 394 F: 7 6 
813 7 841 32 F: 5 2 
825 5 845 213 F: 2 3 
829 8 837 345 F: 3 3 2 
833 9 869 115 F: 7 2 
837 9 846 243 F: 4 3 2 
849 8 873 15 F: 2 2 4 
851 10 871 307 F: 10 
851 13 890 382 F: 13 
859 11 903 348 F: 5 3 3 
862 6 880 288 F: 2 3 1 
867 8 899 309 F: 2 3 3 
869 4 885 85 F: 4 
892 8 900 93 F: 4 4 
899 7 920 196 F: 7 
902 7 916 160 F: 2 5 
904 8 920 81 F: 7 1 
905 8 921 367 F: 2 6 
909 10 939 23 F: 4 6 
915 13 928 272 F: 13 
919 5 934 239 F: 5 
920 9 956 152 F: 3 2 4 
924 6 930 79 F: 2 3 1 
939 6 963 359 F: 3 3 
941 4 945 181 F: 4 
968 13 1020 174 F: 13 
979 5 999 163 F: 3 2 
994 3 1003 251 F: 3 
994 8 1002 10 F: 5 3 
999 9 1026 167 F: 9 
1003 11 1025 394 F: 5 4 2 
1004 5 1019 332 F: 2 1 2 
1005 8 1021 124 F: 8 
1010 7 1031 90 F: 3 2 2 
1010 10 1040 345 F: 5 5 
1029 10 1069 141 F: 2 4 4 
1034 3 1040 118 F: 2 1 
1060 5 1080 345 F: 5 
1076 6 1088 40 F: 3 3 
1079 5 1084 209 F: 4 1 
1079 8 1095 84 F: 3 5 
1083 11 1116 129 F: 5 4 2 
1092 4 1096 384 F: 2 1 1 
1094 12 1118 291 F: 12 
1098 10 1128 340 F: 5 5 
1108 8 1116 285 F: 5 3 
1110 9 1119 126 F: 5 4 
1112 9 1130 271 F: 5 2 2 
1114 9 1123 322 F: 9 
1126 8 1150 70 F: 8 
1126 11 1137 47 F: 5 6 
1133 9 1169 91 F: 5 3 1 
1147 6 1159 315 F: 5 1 
1153 7 1181 53 F: 5 2 
1165 8 1189 207 F: 5 1 2 
1171 13 1223 177 F: 13 
1181 7 1209 335 F: 3 2 2 
1187 6 1205 110 F: 2 2 2 
1191 11 1202 247 F: 4 3 4 
1199 12 1211 280 F: 5 3 4 
1201 7 1222 70 F: 2 4 1 
1210 5 1215 239 F: 5 
1218 8 1234 208 F: 5 3 
1230 8 1262 275 F: 4 1 3 
1237 10 1267 15 F: 10 
1242 7 1263 385 F: 3 2 2 
1244 8 1276 361 F: 6 2 
1254 9 1263 374 F: 9 
1265 12 1289 79 F: 7 5 
1272 2 1274 101 F: 2 
1279 2 1283 218 F: 2 
1290 12 1338 388 F: 6 6 
1292 8 1308 281 F: 8 
1294 7 1322 181 F: 7 
1295 12 1331 9 F: 12 
1301 6 1319 121 F: 5 1 
1303 9 1321 149 F: 3 4 2 
1315 7 1322 168 F: 5 2 
1321 8 1353 234 F: 6 2 
1321 10 1361 181 F: 4 2 4 
1340 7 1347 83 F: 7 
1342 10 1372 225 F: 10 
1343 7 1357 235 F: 7 
1361 7 1375 119 F: 2 1 4 
1363 4 1367 146 F: 4 
1364 7 1385 389 F: 2 3 2 
1378 8 1410 204 F: 8 
1390 12 1426 107 F: 7 5 
1392 3 1401 280 F: 3 
1396 8 1428 133 F: 2 4 2 
1401 9 1410 196 F: 9 
1402 5 1407 10 F: 4 1 
1408 9 1417 34 F: 3 6 
1412 4 1428 297 F: 4 
1415 10 1455 214 F: 5 1 4 
1416 10 1426 172 F: 5 5 
1427 11 1471 97 F: 5 6 
1434 9 1452 2 F: 6 3 
1439 10 1469 98 F: 5 3 2 
1442 6 1466 275 F: 5 1 
1450 13 1502 126 F: 13 
1455 7 1469 130 F: 3 2 2 
1468 6 1474 52 F: 2 4 
1477 8 1493 380 F: 3 5 
1493 4 1497 290 F: 4 
1506 7 1520 50 F: 3 1 3 
1509 7 1516 344 F: 5 2 
1518 12 1566 97 F: 12 
1519 3 1525 231 F: 3 
1521 8 1545 18 F: 4 1 3 
1527 7 1555 218 F: 7 
1527 11 1538 129 F: 6 5 
1527 11 1571 246 F: 11 
1549 5 1559 117 F: 2 3 
1550 4 1554 18 F: 2 2 
1564 6 1570 191 F: 4 2 
1581 12 1629 242 F: 12 
1585 11 1629 201 F: 4 4 3 
1599 9 1626 202 F: 4 4 1 
1599 10 1609 320 F: 4 6 
1612 3 1621 336 F: 3 
1630 4 1634 133 F: 2 2 
1634 13 1660 359 F: 5 4 4 
1636 5 1656 227 F: 5 
1648 12 1660 199 F: 12 
1649 12 1661 179 F: 7 5 
1650 9 1686 105 F: 4 3 2 
1657 9 1684 214 F: 9 
1677 7 1705 296 F: 4 3 
1683 4 1695 205 F: 4 
1684 9 1702 198 F: 4 1 4 
1684 11 1706 327 F: 3 4 4 
1684 12 1720 77 F: 4 4 4 
1685 4 1701 107 F: 4 
1699 9 1726 235 F: 5 3 1 
1716 10 1726 120 F: 4 6 
1727 6 1745 147 F: 4 1 1 
1734 5 1754 386 F: 5 
1742 13 1768 191 F: 5 4 4 
1744 12 1780 382 F: 7 5 
1749 7 1763 13 F: 6 1 
1753 11 1786 251 F: 11 
1758 8 1790 216 F: 3 5 
1761 7 1789 325 F: 4 1 2 
1770 8 1778 244 F: 8 
1774 7 1795 274 F: 5 2 
1780 10 1790 19 F: 5 2 3 
1785 6 1791 190 F: 2 2 2 
1791 8 1799 349 F: 2 6 
1794 8 1810 365 F: 8 
1800 10 1840 19 F: 5 5 
1800 11 1822 319 F: 4 3 4 
1801 11 1834 272 F: 6 5 
1815 10 1845 312 F: 2 4 4 
1818 4 1834 345 F: 2 1 1 
1819 9 1855 96 F: 5 3 1 
1823 3 1826 290 F: 3 
1827 2 1831 220 F: 2 
1854 4 1858 302 F: 4 
1854 10 1894 94 F: 3 4 3 
1870 6 1888 258 F: 2 3 1 
1876 10 1886 12 F: 10 
1881 6 1893 333 F: 2 3 1 
1893 8 1917 244 F: 5 2 1 
1897 8 1913 82 F: 5 3 
1902 13 1954 303 F: 13 
1905 10 1915 53 F: 2 4 4 
1916 10 1946 63 F: 5 5 
1925 6 1931 318 F: 2 2 2 
1926 11 1948 367 F: 5 4 2 
1941 4 1945 282 F: 3 1 
1941 13 1967 25 F: 5 4 4 
1945 7 1952 242 F: 3 1 3 
1966 8 1998 136 F: 3 5 
1967 9 1994 297 F: 2 3 4 
1973 5 1983 190 F: 5 
1974 6 1998 43 F: 4 2 
1975 3 1978 188 F: 3 
1980 10 2000 337 F: 5 2 3 
1990 11 2023 95 F: 7 4 
2005 7 2012 398 F: 2 3 2 
2008 7 2036 240 F: 4 2 1 
2022 10 2042 292 F: 4 2 4 
2036 4 2052 141 F: 4 
2049 13 2101 372 F: 13 
2051 9 2060 302 F: 9 
2051 11 2073 40 F: 4 4 3 
2059 13 2072 64 F: 13 
2063 6 2069 116 F: 2 1 3 
2078 9 2105 220 F: 5 4 
2086 8 2118 18 F: 7 1 
2087 10 2107 99 F: 10 
2091 8 2107 73 F: 3 5 
2095 3 2107 131 F: 2 1 
2096 9 2114 109 F: 3 6 
2100 7 2121 14 F: 2 2 3 
2106 7 2120 288 F: 3 3 1 
2117 3 2123 134 F: 3 
2123 12 2171 4 F: 5 3 4 
2124 6 2148 172 F: 2 3 1 
2132 10 2142 391 F: 10 
2136 7 2157 319 F: 7 
2159 9 2195 237 F: 5 4 
2163 10 2203 395 F: 5 2 3 
2168 8 2192 358 F: 2 2 4 
2171 11 2193 87 F: 5 6 
2173 9 2209 157 F: 9 
2197 5 2207 99 F: 5 
2199 6 2205 227 F: 3 3 
2199 7 2206 301 F: 3 3 1 
2200 8 2208 235 F: 7 1 
2214 3 2223 376 F: 3 
2214 7 2221 153 F: 7 
2215 5 2225 260 F: 3 1 1 
2226 5 2246 334 F: 2 1 2 
2226 12 2274 346 F: 12 
2234 3 2240 273 F: 3 
2243 13 2282 284 F: 13 
2246 10 2256 147 F: 4 6 
2249 11 2282 135 F: 4 4 3 
2273 10 2303 59 F: 10 
2275 10 2295 117 F: 3 4 3 
2285 9 2303 192 F: 3 2 4 
2291 8 2307 178 F: 8 
2296 6 2302 237 F: 6 
2301 2 2307 381 F: 2 
2319 13 2358 282 F: 7 6 
2321 9 2339 207 F: 5 2 2 
2328 11 2372 341 F: 5 6 
2331 13 2344 183 F: 13 
2339 8 2347 280 F: 5 1 2 
2341 8 2349 24 F: 8 
2341 8 2365 230 F: 6 2 
2363 7 2370 377 F: 2 3 2 
2364 7 2378 141 F: 7 
2382 7 2410 389 F: 7 
2383 7 2411 386 F: 2 3 2 
2383 10 2413 234 F: 7 3 
2392 10 2412 346 F: 10 
2399 9 2435 341 F: 3 2 4 
2408 8 2432 212 F: 2 3 3 
2410 8 2426 82 F: 2 2 4 
2414 5 2429 245 F: 5 
2416 6 2440 92 F: 2 2 2 
2426 8 2442 75 F: 6 2 
2438 7 2445 195 F: 6 1 
2442 13 2494 12 F: 13 
2443 9 2479 366 F: 4 1 4 
2447 12 2471 88 F: 7 5 
2449 12 2473 353 F: 6 6 
2461 12 2473 192 F: 7 5 
2463 12 2475 326 F: 7 5 
2472 13 2524 202 F: 13 
2474 5 2489 314 F: 3 1 1 
2484 4 2492 395 F: 3 1 
2504 6 2528 23 F: 6 
2531 12 2579 290 F: 7 5 
2538 10 2578 251 F: 5 5 
2543 8 2559 337 F: 6 2 
2545 7 2566 351 F: 5 1 1 
2555 11 2599 19 F: 5 4 2 
2557 10 2567 86 F: 5 2 3 
2562 7 2576 302 F: 2 1 4 
2565 11 2587 209 F: 4 3 4 
2586 10 2606 291 F: 5 5 
2589 9 2616 36 F: 9 
2596 8 2620 164 F: 4 3 1 
2598 3 2607 7 F: 3 
2598 8 2614 166 F: 4 2 2 
2599 3 2602 165 F: 3 
2601 7 2615 279 F: 2 3 2 
2612 13 2638 377 F: 13 
2616 9 2634 27 F: 3 3 3 
2664 5 2669 296 F: 2 1 2 
2666 12 2678 288 F: 5 3 4 
2668 12 2680 46 F: 7 5 
2672 13 2724 254 F: 7 6 
2674 12 2698 230 F: 12 
2689 5 2709 352 F: 2 3 
2691 10 2701 219 F: 4 4 2 
D: 1 246 
D: 2 166 
D: 4 201 
D: 6 264 
D: 25 43 
D: 28 361 
D: 34 270 
D: 61 105 
D: 66 204 
D: 73 312 
D: 80 255 
D: 82 150 
D: 83 97 
D: 84 167 
D: 84 188 
D: 87 241 
D: 99 214 
D: 105 294 
D: 109 377 
D: 119 384 
D: 127 161 
D: 127 206 
D: 141 223 
D: 151 216 
D: 161 275 
D: 180 360 
D: 194 315 
D: 202 214 
D: 203 221 
D: 204 390 
D: 208 357 
D: 215 397 
D: 232 237 
D: 238 313 
D: 240 346 
D: 296 307 
D: 329 375 
D: 340 346 
D: 373 396 
D: 376 391 
