12 9 39 33 F: 3 3 3 
19 6 31 91 F: 6 
22 10 32 186 F: 6 4 
24 11 57 345 F: 11 
29 10 69 192 F: 5 3 2 
30 10 50 206 F: 3 4 3 
31 12 67 297 F: 5 4 3 
36 7 50 214 F: 4 3 
36 13 88 295 F: 7 6 
38 10 48 77 F: 7 3 
40 4 44 373 F: 4 
45 9 72 73 F: 9 
55 4 67 434 F: 2 2 
67 10 107 182 F: 3 3 4 
96 8 104 208 F: 6 2 
102 10 132 358 F: 7 3 
117 7 131 388 F: 4 1 2 
124 3 133 132 F: 3 
135 10 155 49 F: 4 2 4 
139 12 187 280 F: 6 6 
144 7 172 263 F: 3 1 3 
144 11 177 292 F: 5 3 3 
145 10 185 3 F: 5 3 2 
155 9 164 295 F: 4 4 1 
158 9 185 274 F: 2 4 3 
166 10 176 193 F: 7 3 
170 9 206 21 F: 3 6 
181 8 205 308 F: 8 
185 8 201 271 F: 3 5 
189 6 207 373 F: 6 
202 12 250 279 F: 12 
206 9 242 236 F: 9 
215 3 227 391 F: 3 
221 2 229 174 F: 2 
237 10 277 228 F: 3 4 3 
252 9 279 136 F: 4 4 1 
256 12 268 252 F: 6 6 
266 7 294 442 F: 7 
281 10 311 393 F: 10 
282 6 300 250 F: 6 
286 7 314 115 F: 2 5 
290 8 322 60 F: 4 1 3 
290 8 322 159 F: 8 
292 5 312 288 F: 5 
293 7 321 15 F: 2 5 
305 12 317 442 F: 12 
306 6 312 218 F: 6 
308 8 316 422 F: 4 1 3 
326 8 350 266 F: 8 
329 6 347 267 F: 2 4 
342 12 354 412 F: 12 
345 5 365 103 F: 3 2 
357 9 375 415 F: 5 4 
359 4 363 23 F: 4 
365 13 417 54 F: 13 
376 13 428 32 F: 13 
386 11 397 95 F: 5 3 3 
389 13 428 440 F: 13 
393 9 411 261 F: 3 4 2 
399 8 407 344 F: 2 3 3 
413 5 423 412 F: 2 3 
414 10 454 376 F: 5 1 4 
416 8 440 201 F: 3 5 
420 13 459 448 F: 7 6 
433 12 457 84 F: 5 4 3 
436 6 448 443 F: 6 
451 8 467 189 F: 4 4 
451 10 491 442 F: 5 2 3 
453 11 497 303 F: 5 2 4 
468 11 479 45 F: 7 4 
473 6 491 332 F: 2 1 3 
473 11 484 257 F: 6 5 
480 7 487 144 F: 3 1 3 
490 2 498 72 F: 2 
494 10 504 297 F: 4 6 
528 10 538 396 F: 4 3 3 
529 4 537 234 F: 4 
530 9 557 416 F: 4 1 4 
550 6 568 123 F: 3 2 1 
551 8 559 114 F: 2 4 2 
555 11 599 157 F: 7 4 
557 7 564 294 F: 3 2 2 
559 6 583 397 F: 3 3 
561 9 570 163 F: 5 4 
575 12 587 258 F: 7 5 
579 7 607 442 F: 5 2 
579 9 606 360 F: 3 6 
581 3 587 317 F: 2 1 
584 3 587 108 F: 2 1 
593 4 609 93 F: 3 1 
602 10 632 327 F: 4 6 
604 6 610 112 F: 5 1 
608 11 652 306 F: 5 6 
609 4 613 406 F: 4 
621 4 633 11 F: 4 
623 4 631 299 F: 4 
634 11 645 418 F: 5 4 2 
636 2 638 128 F: 2 
639 5 649 397 F: 5 
645 9 681 26 F: 9 
656 11 678 118 F: 5 4 2 
658 3 661 224 F: 3 
667 5 672 302 F: 3 2 
682 7 696 184 F: 3 4 
694 5 699 219 F: 4 1 
709 10 729 164 F: 10 
710 4 714 364 F: 2 1 1 
719 12 731 189 F: 12 
736 6 742 6 F: 3 3 
750 5 765 234 F: 3 2 
756 8 764 11 F: 6 2 
758 2 762 148 F: 2 
758 9 776 96 F: 4 4 1 
770 5 780 378 F: 3 2 
770 6 776 77 F: 6 
772 3 778 243 F: 3 
773 6 785 262 F: 2 1 3 
774 6 792 120 F: 2 2 2 
778 7 785 445 F: 6 1 
796 6 814 221 F: 4 2 
824 8 848 330 F: 6 2 
825 9 852 395 F: 9 
826 11 870 169 F: 5 3 3 
828 8 836 85 F: 8 
829 7 850 422 F: 4 3 
842 10 872 101 F: 7 3 
844 2 848 92 F: 2 
852 8 876 309 F: 7 1 
853 2 857 286 F: 2 
865 6 889 376 F: 2 2 2 
869 4 881 382 F: 2 2 
875 7 896 131 F: 3 2 2 
879 9 915 360 F: 7 2 
882 7 889 31 F: 4 3 
899 7 913 403 F: 2 1 4 
914 13 940 27 F: 7 6 
920 10 940 414 F: 10 
922 12 934 272 F: 6 6 
935 11 957 112 F: 11 
936 2 942 139 F: 2 
939 5 954 215 F: 5 
939 11 961 234 F: 6 5 
948 12 972 1 F: 5 4 3 
965 5 975 76 F: 4 1 
965 8 973 50 F: 2 2 4 
978 2 984 105 F: 2 
982 8 1006 403 F: 6 2 
984 8 1016 348 F: 6 2 
986 9 1022 82 F: 7 2 
990 7 1004 50 F: 3 4 
1011 5 1021 231 F: 3 2 
1027 11 1049 440 F: 7 4 
1029 7 1036 97 F: 6 1 
1029 9 1038 121 F: 3 2 4 
1030 12 1054 101 F: 6 6 
1037 13 1050 219 F: 5 4 4 
1040 13 1066 348 F: 13 
1044 8 1052 308 F: 2 2 4 
1057 11 1079 207 F: 5 6 
1058 9 1085 334 F: 3 4 2 
1060 2 1068 16 F: 2 
1061 13 1074 248 F: 7 6 
1069 10 1099 148 F: 4 6 
1072 2 1076 334 F: 2 
1075 7 1096 430 F: 4 1 2 
1100 8 1132 140 F: 4 2 2 
1101 7 1115 46 F: 7 
1101 12 1125 233 F: 7 5 
1102 8 1126 97 F: 2 6 
1103 10 1143 132 F: 10 
1125 8 1149 440 F: 2 2 4 
1140 8 1164 2 F: 8 
1151 13 1203 198 F: 13 
1154 10 1184 122 F: 5 1 4 
1159 7 1173 106 F: 3 4 
1160 12 1184 410 F: 7 5 
1164 13 1203 140 F: 13 
1175 9 1211 426 F: 5 2 2 
1186 11 1208 369 F: 11 
1199 9 1217 348 F: 2 3 4 
1203 5 1218 291 F: 5 
1207 9 1216 336 F: 3 4 2 
1213 7 1227 423 F: 7 
1213 9 1222 216 F: 9 
1215 9 1242 147 F: 4 3 2 
1215 10 1245 360 F: 5 2 3 
1216 10 1246 400 F: 6 4 
1220 6 1226 7 F: 4 2 
1223 6 1229 264 F: 2 3 1 
1225 3 1228 84 F: 3 
1231 5 1241 428 F: 2 2 1 
1243 8 1267 445 F: 3 1 4 
1268 7 1296 320 F: 2 4 1 
1272 7 1293 246 F: 6 1 
1292 7 1306 398 F: 2 2 3 
1300 8 1332 103 F: 4 3 1 
1303 10 1333 393 F: 10 
1307 10 1347 66 F: 10 
1311 7 1339 396 F: 5 1 1 
1323 9 1341 200 F: 5 3 1 
1325 9 1352 202 F: 9 
1327 7 1341 58 F: 3 2 2 
1327 9 1336 108 F: 5 3 1 
1339 11 1361 246 F: 6 5 
1360 9 1369 267 F: 2 4 3 
1362 8 1370 45 F: 8 
1364 7 1385 154 F: 7 
1365 10 1385 374 F: 5 1 4 
1394 5 1414 197 F: 5 
1395 5 1415 378 F: 3 2 
1402 6 1420 213 F: 4 2 
1407 9 1443 305 F: 7 2 
1408 10 1428 222 F: 10 
1409 12 1445 129 F: 4 4 4 
1417 7 1424 88 F: 2 4 1 
1418 7 1439 318 F: 2 1 4 
1440 11 1473 338 F: 7 4 
1445 10 1455 259 F: 10 
1462 8 1486 66 F: 6 2 
1463 4 1475 53 F: 3 1 
1468 6 1480 21 F: 4 2 
1473 9 1491 66 F: 6 3 
1478 6 1490 217 F: 4 1 1 
1486 8 1494 40 F: 8 
1486 10 1516 251 F: 5 2 3 
1502 7 1516 99 F: 2 1 4 
1518 7 1525 8 F: 7 
1521 8 1537 417 F: 2 2 4 
1552 8 1576 314 F: 2 6 
1554 11 1565 44 F: 5 4 2 
1556 8 1588 157 F: 7 1 
1557 6 1569 91 F: 6 
1559 8 1567 202 F: 6 2 
1561 9 1579 446 F: 7 2 
1571 10 1591 52 F: 4 6 
1572 10 1612 3 F: 2 4 4 
1578 6 1596 332 F: 3 3 
1582 7 1589 297 F: 3 2 2 
1585 10 1625 192 F: 6 4 
1592 12 1628 449 F: 12 
1606 10 1626 441 F: 5 5 
1611 8 1619 406 F: 3 2 3 
1611 11 1622 134 F: 5 2 4 
1614 11 1658 223 F: 5 6 
1615 7 1622 365 F: 2 2 3 
1618 10 1638 305 F: 10 
1621 9 1657 5 F: 6 3 
1623 9 1659 365 F: 5 4 
1631 5 1636 21 F: 3 2 
1639 8 1655 293 F: 4 3 1 
1645 5 1665 76 F: 3 2 
1648 9 1684 54 F: 9 
1650 4 1666 311 F: 4 
1665 12 1701 201 F: 12 
1682 11 1704 341 F: 7 4 
1703 2 1711 194 F: 2 
1705 6 1729 224 F: 5 1 
1734 10 1764 224 F: 5 5 
1735 9 1771 216 F: 4 3 2 
1736 6 1754 336 F: 2 4 
1745 4 1757 204 F: 4 
1746 10 1766 127 F: 10 
1749 3 1755 128 F: 2 1 
1763 7 1777 54 F: 2 2 3 
1767 7 1774 102 F: 7 
1768 2 1770 109 F: 2 
1768 8 1784 335 F: 6 2 
1774 9 1810 332 F: 4 4 1 
1778 2 1784 266 F: 2 
1789 6 1795 12 F: 2 3 1 
1804 11 1837 77 F: 11 
1806 5 1811 156 F: 2 1 2 
1812 11 1845 345 F: 5 6 
1820 4 1824 404 F: 4 
1823 9 1850 268 F: 5 3 1 
1824 8 1848 177 F: 3 5 
1832 10 1842 56 F: 4 6 
1833 9 1860 231 F: 5 4 
1859 7 1873 73 F: 7 
1862 8 1886 328 F: 4 2 2 
1865 13 1891 272 F: 13 
1869 5 1874 148 F: 5 
1881 9 1890 8 F: 5 3 1 
1895 8 1911 438 F: 3 5 
1899 8 1923 73 F: 4 4 
1902 9 1920 155 F: 5 1 3 
1910 11 1954 253 F: 5 3 3 
1915 8 1947 414 F: 4 4 
1917 9 1935 328 F: 3 2 4 
1937 6 1961 447 F: 2 3 1 
1945 7 1952 111 F: 7 
1947 12 1959 237 F: 7 5 
1950 9 1959 408 F: 9 
1957 6 1963 249 F: 3 3 
1960 8 1976 248 F: 6 2 
1967 11 1978 193 F: 4 3 4 
1969 9 1987 134 F: 3 3 3 
1969 10 1979 129 F: 4 4 2 
1988 10 2028 273 F: 10 
1994 8 2026 262 F: 4 4 
2005 3 2017 138 F: 3 
2005 11 2027 95 F: 4 3 4 
2027 9 2054 404 F: 4 3 2 
2034 9 2052 344 F: 6 3 
2043 9 2061 243 F: 9 
2047 8 2071 84 F: 3 3 2 
2047 10 2087 315 F: 5 2 3 
2057 9 2093 447 F: 2 3 4 
2062 7 2076 283 F: 3 1 3 
2069 4 2081 442 F: 4 
2073 9 2100 383 F: 9 
2079 8 2087 54 F: 3 2 3 
2081 5 2096 159 F: 3 2 
2081 7 2102 1 F: 7 
2082 12 2130 345 F: 5 4 3 
2102 8 2110 156 F: 4 4 
2107 4 2115 273 F: 2 2 
2111 5 2131 121 F: 4 1 
2133 5 2138 169 F: 4 1 
2134 9 2170 261 F: 3 6 
2139 11 2183 192 F: 11 
2152 7 2173 113 F: 4 3 
2153 7 2167 297 F: 5 1 1 
2154 9 2181 49 F: 5 4 
2163 7 2177 24 F: 3 4 
2166 11 2199 437 F: 11 
2169 9 2187 174 F: 7 2 
2175 10 2205 89 F: 10 
2188 5 2203 340 F: 5 
2197 9 2224 412 F: 3 6 
2200 9 2236 317 F: 9 
2201 7 2215 217 F: 5 2 
2205 7 2212 285 F: 3 1 3 
2214 7 2221 294 F: 2 3 2 
2229 10 2259 342 F: 4 6 
2229 12 2277 432 F: 12 
2240 7 2254 164 F: 3 4 
2247 4 2263 30 F: 4 
2248 10 2258 411 F: 10 
2250 7 2278 363 F: 7 
2258 8 2282 392 F: 8 
2272 7 2300 337 F: 7 
2273 5 2278 259 F: 3 1 1 
2273 6 2297 407 F: 2 4 
2295 7 2302 162 F: 3 1 3 
2302 8 2310 369 F: 3 5 
2304 8 2336 248 F: 5 2 1 
2318 6 2330 372 F: 6 
2321 9 2339 26 F: 3 2 4 
2326 6 2338 8 F: 6 
2327 12 2351 270 F: 5 4 3 
2332 9 2359 396 F: 4 1 4 
2338 8 2354 422 F: 2 2 4 
2345 11 2367 237 F: 5 2 4 
2357 7 2364 248 F: 3 3 1 
2365 6 2377 232 F: 2 2 2 
2369 10 2409 208 F: 5 1 4 
2372 8 2380 155 F: 7 1 
2382 7 2410 424 F: 2 2 3 
2396 4 2404 437 F: 3 1 
2401 6 2419 137 F: 6 
2403 9 2430 25 F: 9 
2408 8 2440 35 F: 8 
2414 7 2421 261 F: 2 2 3 
2432 6 2438 152 F: 3 1 2 
2439 7 2446 76 F: 4 3 
2447 8 2471 100 F: 4 4 
2461 13 2500 17 F: 13 
2462 11 2473 187 F: 11 
2463 5 2483 365 F: 4 1 
2466 4 2470 279 F: 4 
2466 11 2477 363 F: 5 4 2 
2480 4 2488 43 F: 3 1 
2481 9 2499 440 F: 2 4 3 
2490 10 2510 426 F: 3 4 3 
2514 7 2521 144 F: 3 3 1 
2522 6 2528 441 F: 6 
2537 2 2541 37 F: 2 
2543 5 2553 420 F: 2 3 
2544 6 2550 155 F: 2 2 2 
2545 9 2554 247 F: 9 
2554 4 2570 249 F: 2 2 
2557 5 2572 430 F: 2 2 1 
2557 9 2584 355 F: 2 4 3 
2570 12 2582 192 F: 6 6 
2577 8 2593 316 F: 8 
2579 9 2588 313 F: 4 3 2 
2587 10 2627 307 F: 7 3 
2593 8 2609 262 F: 4 3 1 
2597 7 2625 254 F: 4 2 1 
2605 4 2617 305 F: 2 2 
2611 13 2637 343 F: 5 4 4 
2623 8 2655 98 F: 4 1 3 
2624 5 2639 63 F: 2 1 2 
2625 6 2631 65 F: 2 1 3 
2637 5 2652 403 F: 5 
2641 12 2653 383 F: 6 6 
2643 10 2663 40 F: 4 6 
2648 7 2676 387 F: 3 3 1 
2649 3 2658 308 F: 3 
2655 12 2679 202 F: 12 
2660 6 2678 432 F: 5 1 
2667 7 2674 87 F: 4 1 2 
2683 11 2727 99 F: 11 
2698 8 2706 190 F: 3 1 4 
2707 13 2759 223 F: 13 
2709 7 2730 281 F: 7 
2710 12 2746 97 F: 12 
2711 10 2721 143 F: 4 6 
2712 6 2730 419 F: 6 
2729 2 2737 421 F: 2 
2732 3 2735 285 F: 3 
2738 7 2759 363 F: 4 3 
2741 5 2756 92 F: 2 3 
2744 6 2768 373 F: 3 3 
2754 11 2798 12 F: 11 
2765 8 2789 305 F: 7 1 
2786 10 2796 399 F: 10 
2793 10 2833 62 F: 6 4 
2794 9 2803 175 F: 6 3 
2815 9 2851 17 F: 5 4 
2818 6 2830 191 F: 2 3 1 
2818 8 2842 241 F: 4 3 1 
2825 11 2858 243 F: 5 6 
2827 6 2851 144 F: 4 1 1 
2828 8 2836 98 F: 7 1 
2836 5 2856 216 F: 5 
2842 8 2874 370 F: 8 
2842 11 2886 227 F: 3 4 4 
2842 13 2855 258 F: 13 
2858 13 2910 101 F: 7 6 
2864 10 2904 113 F: 7 3 
2866 5 2881 57 F: 4 1 
2877 6 2901 262 F: 6 
2885 12 2909 322 F: 7 5 
2907 8 2915 221 F: 4 4 
2908 9 2917 170 F: 5 2 2 
2911 8 2943 391 F: 5 3 
2915 7 2922 373 F: 7 
2930 7 2951 130 F: 2 1 4 
2936 9 2963 360 F: 5 4 
2940 13 2979 264 F: 13 
2949 10 2979 405 F: 4 2 4 
2962 3 2974 232 F: 3 
2967 7 2988 427 F: 2 3 2 
2971 6 2977 123 F: 6 
2971 8 2987 287 F: 5 3 
2973 2 2975 327 F: 2 
2977 5 2987 271 F: 3 2 
2985 9 3012 233 F: 2 3 4 
D: 5 120 
D: 11 42 
D: 12 108 
D: 13 59 
D: 14 232 
D: 36 245 
D: 41 184 
D: 45 120 
D: 57 249 
D: 57 257 
D: 63 163 
D: 64 102 
D: 66 234 
D: 69 103 
D: 86 111 
D: 88 297 
D: 91 379 
D: 95 268 
D: 100 380 
D: 123 244 
D: 123 417 
D: 124 204 
D: 129 196 
D: 160 376 
D: 164 272 
D: 169 257 
D: 170 261 
D: 174 389 
D: 183 194 
D: 185 265 
D: 188 290 
D: 194 362 
D: 196 278 
D: 209 339 
D: 222 416 
D: 231 297 
D: 239 442 
D: 257 424 
D: 278 371 
D: 282 413 
D: 301 335 
D: 311 420 
D: 317 433 
D: 382 449 
D: 396 427 
