5 11 38 144 F: 11 
6 7 34 163 F: 2 4 1 
8 6 32 75 F: 6 
18 5 38 97 F: 4 1 
21 5 41 159 F: 2 2 1 
23 9 59 346 F: 4 5 
25 11 58 184 F: 6 5 
26 7 40 196 F: 4 1 2 
38 7 45 229 F: 7 
47 8 63 266 F: 2 3 3 
65 3 68 172 F: 3 
69 12 81 215 F: 7 5 
79 5 89 200 F: 2 1 2 
90 6 114 102 F: 6 
99 8 115 96 F: 8 
103 4 111 449 F: 4 
110 13 149 407 F: 5 4 4 
112 9 130 264 F: 5 4 
122 6 146 57 F: 5 1 
124 6 130 286 F: 3 3 
130 5 140 329 F: 4 1 
151 3 160 104 F: 3 
151 9 160 112 F: 7 2 
152 8 168 349 F: 3 2 3 
162 12 174 40 F: 6 6 
170 4 186 3 F: 2 1 1 
172 9 190 158 F: 5 4 
181 5 186 284 F: 4 1 
181 8 213 44 F: 5 2 1 
190 2 192 306 F: 2 
204 10 234 54 F: 5 2 3 
215 8 231 342 F: 6 2 
219 9 228 109 F: 3 3 3 
221 5 226 312 F: 5 
222 2 226 402 F: 2 
222 5 237 332 F: 5 
236 10 256 109 F: 10 
261 4 269 351 F: 4 
261 8 285 201 F: 8 
263 4 267 358 F: 3 1 
270 6 276 384 F: 2 2 2 
287 8 303 395 F: 3 4 1 
290 8 306 242 F: 3 5 
293 5 308 318 F: 5 
293 9 302 341 F: 4 5 
302 10 322 262 F: 10 
303 7 331 440 F: 7 
315 8 339 221 F: 7 1 
323 9 332 362 F: 9 
327 10 367 22 F: 5 2 3 
329 3 338 339 F: 2 1 
330 9 348 1 F: 7 2 
331 5 346 20 F: 5 
336 6 360 418 F: 3 1 2 
342 11 364 427 F: 7 4 
345 11 378 251 F: 5 6 
347 12 395 140 F: 12 
352 8 384 139 F: 3 5 
371 13 410 121 F: 5 4 4 
398 6 410 343 F: 3 2 1 
419 8 427 28 F: 3 2 3 
420 12 444 183 F: 4 4 4 
426 6 444 234 F: 3 3 
430 8 462 191 F: 3 2 3 
437 7 465 135 F: 2 2 3 
446 8 478 423 F: 4 4 
456 12 504 216 F: 6 6 
463 10 503 287 F: 5 5 
467 9 494 292 F: 6 3 
473 9 482 416 F: 2 4 3 
482 8 498 338 F: 8 
483 2 487 420 F: 2 
485 11 518 6 F: 11 
485 12 509 408 F: 5 4 3 
492 11 503 430 F: 7 4 
502 7 523 118 F: 2 5 
505 8 537 49 F: 4 1 3 
526 3 538 22 F: 3 
526 6 532 348 F: 6 
537 11 559 106 F: 11 
545 2 549 58 F: 2 
551 5 561 51 F: 2 3 
556 8 564 257 F: 2 3 3 
556 10 576 114 F: 4 6 
560 9 587 17 F: 9 
578 2 586 141 F: 2 
584 7 612 281 F: 7 
584 8 600 191 F: 4 2 2 
588 7 595 225 F: 7 
595 11 606 441 F: 3 4 4 
625 9 643 214 F: 3 2 4 
631 7 645 179 F: 4 2 1 
634 7 641 140 F: 2 5 
634 10 674 335 F: 5 4 1 
636 9 654 175 F: 6 3 
643 11 654 208 F: 5 6 
653 6 665 122 F: 5 1 
663 8 679 224 F: 3 3 2 
671 9 698 450 F: 2 3 4 
673 9 709 224 F: 9 
674 13 687 413 F: 13 
683 4 699 324 F: 4 
696 9 705 165 F: 4 5 
698 3 704 422 F: 2 1 
699 8 731 230 F: 3 3 2 
705 6 723 93 F: 5 1 
709 6 727 124 F: 5 1 
719 3 725 22 F: 3 
721 6 727 79 F: 3 2 1 
739 9 757 156 F: 6 3 
744 9 753 221 F: 7 2 
744 11 766 404 F: 4 4 3 
746 10 786 306 F: 4 6 
752 6 764 246 F: 6 
754 8 778 246 F: 4 1 3 
758 8 774 425 F: 4 4 
760 6 784 381 F: 6 
763 9 781 271 F: 9 
765 7 772 146 F: 7 
780 6 798 404 F: 3 1 2 
802 9 811 385 F: 5 2 2 
809 10 819 314 F: 6 4 
810 13 836 201 F: 13 
838 2 846 293 F: 2 
846 3 852 243 F: 3 
848 7 876 32 F: 4 1 2 
858 9 885 236 F: 3 3 3 
866 10 886 69 F: 5 1 4 
868 10 888 98 F: 6 4 
871 7 885 226 F: 5 2 
872 7 900 384 F: 4 2 1 
880 2 886 439 F: 2 
886 5 891 324 F: 3 2 
898 10 908 380 F: 4 4 2 
899 5 919 57 F: 5 
908 9 935 193 F: 4 5 
908 12 956 115 F: 5 3 4 
909 8 941 322 F: 8 
918 7 925 355 F: 7 
922 4 938 158 F: 2 1 1 
923 3 935 149 F: 3 
935 10 975 247 F: 5 3 2 
938 7 959 380 F: 4 3 
945 13 971 370 F: 13 
953 12 989 18 F: 12 
971 7 985 10 F: 7 
972 12 984 77 F: 6 6 
977 4 985 315 F: 4 
994 8 1002 172 F: 7 1 
999 9 1035 392 F: 2 3 4 
1000 2 1008 171 F: 2 
1004 9 1031 186 F: 4 2 3 
1006 8 1022 188 F: 7 1 
1007 5 1027 142 F: 5 
1010 7 1038 408 F: 7 
1021 8 1045 244 F: 5 1 2 
1041 5 1051 117 F: 2 3 
1050 6 1056 265 F: 2 4 
1054 11 1076 141 F: 11 
1057 5 1072 174 F: 3 1 1 
1057 8 1081 160 F: 3 3 2 
1058 4 1074 92 F: 4 
1058 9 1085 101 F: 9 
1072 7 1086 70 F: 5 1 1 
1073 12 1109 419 F: 12 
1109 3 1115 150 F: 3 
1109 9 1145 351 F: 4 5 
1118 8 1134 88 F: 3 5 
1127 3 1133 92 F: 3 
1127 7 1148 20 F: 3 1 3 
1127 10 1157 330 F: 10 
1143 6 1149 213 F: 3 3 
1155 10 1195 251 F: 7 3 
1156 8 1180 152 F: 5 2 1 
1161 8 1169 24 F: 3 5 
1162 9 1198 169 F: 3 6 
1168 13 1220 260 F: 7 6 
1169 11 1180 280 F: 4 4 3 
1170 9 1179 47 F: 5 4 
1198 3 1207 298 F: 2 1 
1200 8 1224 281 F: 4 1 3 
1206 8 1238 140 F: 2 4 2 
1212 9 1230 340 F: 5 4 
1213 5 1218 433 F: 5 
1213 11 1224 358 F: 7 4 
1241 8 1265 444 F: 5 2 1 
1243 9 1261 147 F: 5 4 
1250 13 1289 390 F: 5 4 4 
1258 5 1268 222 F: 3 1 1 
1261 7 1282 335 F: 4 2 1 
1275 12 1311 235 F: 12 
1282 8 1306 264 F: 6 2 
1292 11 1336 7 F: 4 3 4 
1293 7 1300 291 F: 5 2 
1295 5 1300 45 F: 5 
1324 9 1351 61 F: 3 3 3 
1325 7 1346 403 F: 2 4 1 
1326 11 1370 423 F: 5 6 
1334 9 1361 240 F: 9 
1334 10 1364 42 F: 4 3 3 
1346 7 1374 445 F: 6 1 
1348 6 1366 85 F: 6 
1349 6 1373 172 F: 4 2 
1352 12 1364 11 F: 12 
1354 8 1378 56 F: 4 4 
1357 2 1359 247 F: 2 
1368 9 1377 319 F: 9 
1371 10 1411 351 F: 10 
1372 9 1381 215 F: 2 4 3 
1388 11 1421 52 F: 4 4 3 
1400 8 1408 164 F: 5 2 1 
1401 6 1419 220 F: 5 1 
1414 8 1438 159 F: 4 4 
1421 12 1469 163 F: 12 
1422 9 1440 150 F: 4 4 1 
1423 10 1433 207 F: 5 4 1 
1440 8 1456 423 F: 8 
1460 2 1462 109 F: 2 
1485 12 1509 205 F: 12 
1492 9 1528 365 F: 3 3 3 
1496 11 1540 87 F: 7 4 
1497 7 1511 41 F: 3 2 2 
1497 10 1527 277 F: 4 6 
1497 13 1549 122 F: 7 6 
1498 13 1550 339 F: 7 6 
1502 7 1530 378 F: 5 1 1 
1506 12 1542 434 F: 12 
1507 6 1519 234 F: 2 3 1 
1536 10 1566 379 F: 5 3 2 
1549 9 1585 367 F: 7 2 
1556 9 1583 106 F: 5 1 3 
1559 7 1587 277 F: 6 1 
1560 9 1569 39 F: 3 4 2 
1562 8 1594 63 F: 2 6 
1570 5 1585 399 F: 2 3 
1576 13 1602 123 F: 7 6 
1583 6 1589 361 F: 2 4 
1583 7 1611 436 F: 2 5 
1591 5 1606 381 F: 3 2 
1594 5 1609 217 F: 5 
1600 6 1624 75 F: 6 
1614 9 1632 422 F: 5 1 3 
1624 6 1642 217 F: 4 2 
1624 9 1651 183 F: 3 6 
1640 11 1684 92 F: 11 
1642 7 1656 53 F: 7 
1654 8 1662 25 F: 7 1 
1663 10 1673 424 F: 5 4 1 
1669 10 1709 264 F: 6 4 
1669 12 1705 372 F: 6 6 
1679 7 1686 53 F: 4 2 1 
1686 5 1696 51 F: 5 
1693 8 1725 339 F: 4 4 
1693 10 1733 266 F: 10 
1699 6 1723 345 F: 2 4 
1700 7 1707 192 F: 7 
1709 5 1719 221 F: 5 
1712 8 1728 93 F: 6 2 
1712 8 1744 384 F: 3 5 
1716 8 1732 296 F: 2 4 2 
1721 12 1757 195 F: 7 5 
1723 9 1732 149 F: 9 
1731 9 1740 45 F: 4 2 3 
1743 4 1751 265 F: 4 
1757 11 1779 335 F: 6 5 
1768 10 1778 242 F: 5 2 3 
1778 6 1802 102 F: 2 4 
1791 8 1823 209 F: 4 1 3 
1795 11 1817 286 F: 11 
1795 13 1834 375 F: 13 
1801 8 1809 402 F: 8 
1803 11 1825 159 F: 4 4 3 
1811 6 1823 390 F: 4 2 
1812 7 1826 390 F: 4 2 1 
1822 7 1836 2 F: 3 2 2 
1826 7 1847 310 F: 3 2 2 
1839 5 1859 333 F: 5 
1841 6 1847 280 F: 6 
1865 9 1883 167 F: 9 
1867 3 1876 211 F: 3 
1872 7 1900 33 F: 7 
1877 9 1913 169 F: 5 4 
1878 9 1914 275 F: 7 2 
1885 12 1933 239 F: 5 4 3 
1887 3 1899 203 F: 3 
1911 6 1923 166 F: 2 4 
1912 13 1925 274 F: 5 4 4 
1914 9 1923 350 F: 5 3 1 
1916 8 1924 295 F: 2 6 
1945 13 1971 148 F: 7 6 
1954 10 1984 192 F: 10 
1961 7 1975 50 F: 3 1 3 
1962 10 1992 443 F: 7 3 
1964 4 1968 10 F: 4 
1964 11 1975 56 F: 11 
1967 9 1994 264 F: 9 
1982 12 1994 193 F: 12 
1983 9 2010 41 F: 3 4 2 
1992 9 2019 64 F: 4 5 
1996 11 2018 68 F: 6 5 
2007 6 2025 426 F: 3 2 1 
2008 7 2015 36 F: 7 
2009 12 2045 69 F: 12 
2011 8 2043 238 F: 4 4 
2020 8 2036 273 F: 5 1 2 
2022 5 2032 235 F: 2 1 2 
2042 12 2090 358 F: 5 4 3 
2050 11 2083 135 F: 5 2 4 
2052 4 2060 173 F: 4 
2060 11 2104 72 F: 5 2 4 
2063 4 2075 53 F: 3 1 
2069 6 2087 273 F: 2 3 1 
2081 9 2099 384 F: 5 4 
2093 11 2104 449 F: 11 
2099 7 2127 225 F: 2 5 
2107 8 2139 104 F: 5 1 2 
2110 11 2132 51 F: 11 
2112 6 2136 181 F: 3 2 1 
2123 8 2147 175 F: 2 2 4 
2144 6 2156 365 F: 3 3 
2157 6 2181 306 F: 3 3 
2158 13 2184 21 F: 13 
2164 11 2197 154 F: 11 
2166 9 2175 397 F: 9 
2168 7 2196 429 F: 7 
2168 12 2192 402 F: 7 5 
2184 13 2236 85 F: 5 4 4 
2185 4 2201 5 F: 4 
2187 6 2199 43 F: 6 
2189 11 2211 158 F: 3 4 4 
2200 9 2218 193 F: 2 3 4 
2205 9 2241 245 F: 6 3 
2212 8 2220 372 F: 4 3 1 
2214 6 2232 235 F: 2 3 1 
2217 6 2223 121 F: 2 4 
2224 8 2232 258 F: 3 4 1 
2229 9 2247 264 F: 9 
2238 9 2256 304 F: 4 1 4 
2248 4 2260 33 F: 4 
2249 8 2273 151 F: 2 6 
2250 8 2266 177 F: 3 3 2 
2252 7 2280 389 F: 5 1 1 
2253 10 2283 177 F: 4 2 4 
2261 11 2283 135 F: 4 3 4 
2280 6 2298 163 F: 4 2 
2302 5 2317 436 F: 2 3 
2312 9 2330 202 F: 5 4 
2323 7 2330 101 F: 3 4 
2326 9 2353 39 F: 4 1 4 
2339 9 2366 85 F: 9 
2339 10 2379 160 F: 4 2 4 
2342 9 2360 121 F: 2 3 4 
2351 9 2378 4 F: 4 5 
2358 8 2390 394 F: 2 2 4 
2359 6 2371 402 F: 2 3 1 
2367 3 2376 73 F: 3 
2367 7 2374 224 F: 5 2 
2367 8 2399 232 F: 3 4 1 
2384 6 2408 77 F: 5 1 
2397 3 2403 39 F: 3 
2402 6 2408 376 F: 2 1 3 
2406 3 2412 6 F: 3 
2408 12 2456 119 F: 12 
2425 10 2435 100 F: 4 3 3 
2428 8 2460 447 F: 5 1 2 
2431 9 2467 222 F: 5 4 
2438 7 2466 383 F: 3 4 
2442 6 2460 104 F: 5 1 
2454 9 2463 332 F: 3 4 2 
2455 2 2457 426 F: 2 
2460 9 2478 59 F: 3 2 4 
2473 8 2481 301 F: 8 
2485 12 2509 106 F: 12 
2489 7 2517 109 F: 7 
2497 6 2521 72 F: 4 1 1 
2522 7 2550 305 F: 4 3 
2529 10 2549 110 F: 3 3 4 
2535 7 2556 359 F: 5 2 
2535 8 2567 61 F: 5 1 2 
2537 7 2558 433 F: 4 3 
2543 8 2567 293 F: 6 2 
2549 9 2567 1 F: 2 4 3 
2549 11 2560 311 F: 5 3 3 
2556 7 2577 124 F: 3 1 3 
2562 13 2601 240 F: 13 
2567 12 2579 21 F: 12 
2568 5 2583 436 F: 4 1 
2572 7 2600 43 F: 7 
2580 9 2616 174 F: 9 
2590 11 2601 202 F: 6 5 
2615 6 2633 239 F: 2 4 
2617 12 2629 118 F: 12 
2624 10 2634 323 F: 10 
2625 3 2628 331 F: 3 
2626 7 2647 422 F: 7 
2639 6 2663 254 F: 5 1 
2644 8 2660 355 F: 3 3 2 
2653 9 2662 70 F: 9 
2653 13 2705 294 F: 13 
2655 11 2666 5 F: 5 4 2 
2656 7 2677 73 F: 3 3 1 
2662 12 2686 133 F: 12 
2677 6 2683 238 F: 3 3 
2677 9 2695 66 F: 9 
2685 12 2697 150 F: 12 
2711 5 2721 426 F: 2 3 
2717 11 2750 69 F: 5 6 
2726 5 2746 121 F: 3 1 1 
2726 8 2734 127 F: 2 4 2 
2728 8 2744 256 F: 4 1 3 
2731 11 2764 180 F: 3 4 4 
2740 4 2744 39 F: 2 2 
2746 11 2768 15 F: 3 4 4 
2757 6 2775 408 F: 2 4 
2760 6 2778 414 F: 4 2 
2768 9 2777 7 F: 5 1 3 
2775 13 2788 3 F: 13 
2779 11 2823 162 F: 11 
2779 13 2792 205 F: 13 
2783 5 2788 434 F: 5 
2803 10 2823 142 F: 10 
2810 6 2834 448 F: 6 
2827 9 2863 239 F: 3 6 
2833 3 2842 230 F: 3 
2838 13 2864 153 F: 13 
2840 11 2873 198 F: 4 3 4 
2873 8 2897 44 F: 3 5 
2878 9 2914 270 F: 3 6 
2879 12 2891 98 F: 12 
2883 11 2905 77 F: 4 4 3 
2885 5 2895 109 F: 2 2 1 
2888 13 2927 51 F: 13 
2889 9 2925 246 F: 9 
2890 12 2914 201 F: 5 3 4 
2897 9 2933 215 F: 2 4 3 
2903 7 2931 182 F: 2 5 
2905 8 2929 242 F: 4 1 3 
2905 12 2929 285 F: 7 5 
2909 10 2939 105 F: 5 5 
2912 10 2952 286 F: 10 
2923 11 2934 337 F: 5 6 
2928 9 2937 98 F: 4 4 1 
2931 7 2952 390 F: 7 
2942 11 2986 409 F: 5 4 2 
2949 7 2970 96 F: 4 3 
2951 11 2995 337 F: 5 2 4 
2952 10 2992 353 F: 6 4 
2960 11 2971 389 F: 7 4 
2976 5 2991 301 F: 5 
2995 10 3035 386 F: 4 2 4 
D: 11 448 
D: 17 144 
D: 19 201 
D: 30 63 
D: 44 329 
D: 46 299 
D: 53 124 
D: 55 372 
D: 57 59 
D: 65 340 
D: 77 121 
D: 84 276 
D: 89 271 
D: 92 179 
D: 96 208 
D: 104 191 
D: 104 349 
D: 113 156 
D: 118 252 
D: 121 395 
D: 138 386 
D: 152 260 
D: 161 232 
D: 162 425 
D: 194 221 
D: 206 358 
D: 224 437 
D: 225 440 
D: 248 295 
D: 250 369 
D: 258 448 
D: 264 331 
D: 269 320 
D: 277 328 
D: 287 396 
D: 307 358 
D: 308 399 
D: 310 415 
D: 318 366 
D: 343 393 
D: 344 442 
D: 346 430 
D: 379 415 
D: 386 444 
D: 389 428 
