3 11 25 141 F: 3 4 4 
10 12 46 358 F: 6 6 
21 8 37 259 F: 5 2 1 
21 13 34 4 F: 7 6 
60 11 93 143 F: 6 5 
68 5 73 340 F: 2 1 2 
70 11 103 115 F: 11 
74 5 79 14 F: 2 1 2 
76 7 90 438 F: 5 2 
76 8 108 14 F: 6 2 
89 4 97 124 F: 4 
90 3 96 329 F: 3 
90 6 114 432 F: 6 
94 6 100 139 F: 2 2 2 
99 7 127 303 F: 7 
112 7 126 4 F: 3 1 3 
114 6 126 9 F: 6 
115 10 155 434 F: 6 4 
127 7 141 171 F: 3 2 2 
132 9 150 393 F: 4 5 
138 7 159 360 F: 2 3 2 
139 11 150 339 F: 5 6 
151 9 187 209 F: 4 1 4 
154 8 170 254 F: 4 4 
156 8 180 66 F: 5 1 2 
164 7 171 47 F: 5 1 1 
170 11 181 184 F: 3 4 4 
174 10 194 238 F: 2 4 4 
185 12 233 79 F: 6 6 
196 12 244 10 F: 7 5 
211 3 220 163 F: 3 
233 10 263 39 F: 5 5 
233 11 277 233 F: 11 
235 8 243 430 F: 8 
238 2 246 347 F: 2 
238 13 277 332 F: 13 
240 4 256 404 F: 4 
243 6 261 218 F: 5 1 
245 11 278 264 F: 4 4 3 
252 10 282 91 F: 4 2 4 
276 10 296 285 F: 5 3 2 
279 7 300 258 F: 3 3 1 
284 7 298 90 F: 5 2 
286 6 292 330 F: 6 
287 6 299 44 F: 2 3 1 
302 9 338 357 F: 9 
305 11 338 93 F: 11 
319 11 352 408 F: 6 5 
322 9 358 71 F: 9 
324 9 333 316 F: 4 5 
339 6 351 422 F: 4 1 1 
355 8 387 185 F: 5 2 1 
356 13 408 176 F: 13 
357 8 381 297 F: 4 1 3 
357 9 384 219 F: 4 5 
363 8 379 443 F: 8 
367 8 399 348 F: 2 2 4 
385 11 407 241 F: 11 
387 10 397 243 F: 3 4 3 
393 4 405 299 F: 2 2 
410 10 430 284 F: 4 3 3 
416 7 430 147 F: 7 
417 10 457 107 F: 10 
443 9 470 282 F: 9 
457 6 475 233 F: 5 1 
470 7 491 203 F: 3 4 
471 10 491 257 F: 10 
478 8 502 409 F: 4 4 
478 9 505 5 F: 7 2 
482 7 510 25 F: 6 1 
496 9 514 239 F: 3 2 4 
497 7 511 357 F: 2 5 
497 8 505 167 F: 2 4 2 
497 8 521 286 F: 8 
499 8 515 355 F: 3 5 
502 8 510 317 F: 7 1 
510 7 538 95 F: 4 3 
519 4 535 192 F: 3 1 
519 5 524 19 F: 5 
519 7 526 62 F: 2 1 4 
520 5 530 43 F: 5 
521 6 533 215 F: 6 
532 9 541 136 F: 3 4 2 
542 10 562 294 F: 4 2 4 
545 9 572 85 F: 9 
546 8 562 187 F: 8 
555 7 569 409 F: 4 3 
567 4 579 119 F: 3 1 
577 11 610 170 F: 5 3 3 
580 4 596 432 F: 3 1 
600 9 609 32 F: 3 2 4 
604 13 643 325 F: 13 
631 9 667 148 F: 4 3 2 
646 5 666 66 F: 2 3 
646 9 655 230 F: 3 6 
650 4 658 175 F: 2 2 
657 8 673 281 F: 5 2 1 
662 10 682 367 F: 7 3 
678 6 696 234 F: 6 
679 9 706 121 F: 9 
681 10 691 390 F: 5 2 3 
693 9 720 160 F: 2 4 3 
696 7 724 329 F: 5 2 
697 5 712 70 F: 2 3 
699 11 732 444 F: 6 5 
727 4 735 46 F: 2 2 
746 2 748 245 F: 2 
755 3 758 269 F: 2 1 
759 7 773 208 F: 2 5 
763 10 803 394 F: 7 3 
770 8 786 217 F: 3 4 1 
770 8 802 348 F: 3 4 1 
779 5 789 35 F: 2 3 
782 7 810 429 F: 4 2 1 
782 8 790 426 F: 3 5 
785 13 798 272 F: 13 
786 3 792 304 F: 3 
786 9 795 442 F: 4 5 
792 11 836 371 F: 5 3 3 
799 10 839 71 F: 5 1 4 
802 12 850 17 F: 5 4 3 
805 4 809 331 F: 4 
819 9 828 117 F: 9 
822 7 843 257 F: 7 
825 10 835 231 F: 3 4 3 
826 8 850 365 F: 8 
826 10 866 293 F: 10 
835 4 847 356 F: 4 
847 7 868 131 F: 3 4 
849 11 860 245 F: 11 
863 9 872 290 F: 9 
867 9 903 395 F: 4 4 1 
882 6 900 88 F: 2 1 3 
882 8 890 152 F: 8 
894 5 909 295 F: 5 
924 12 960 73 F: 4 4 4 
932 8 956 140 F: 7 1 
932 12 956 49 F: 5 4 3 
933 6 957 442 F: 6 
935 6 947 53 F: 2 2 2 
935 10 975 243 F: 4 4 2 
941 4 957 394 F: 4 
941 5 951 191 F: 2 3 
942 13 968 304 F: 13 
952 7 973 120 F: 4 3 
958 9 967 352 F: 4 5 
963 7 970 235 F: 7 
964 8 980 134 F: 4 4 
971 7 985 436 F: 2 3 2 
977 8 985 163 F: 3 3 2 
1002 11 1024 380 F: 11 
1004 3 1010 169 F: 3 
1008 6 1020 132 F: 2 4 
1022 10 1042 292 F: 10 
1043 13 1056 143 F: 13 
1053 11 1075 375 F: 5 2 4 
1055 8 1087 433 F: 3 5 
1068 2 1070 412 F: 2 
1068 10 1078 206 F: 4 4 2 
1074 10 1084 278 F: 6 4 
1081 8 1089 82 F: 5 1 2 
1090 12 1138 67 F: 12 
1091 4 1099 376 F: 2 2 
1095 9 1122 412 F: 3 6 
1096 8 1128 404 F: 3 1 4 
1101 11 1112 362 F: 5 4 2 
1102 11 1113 152 F: 5 6 
1103 9 1112 400 F: 4 2 3 
1106 6 1112 320 F: 5 1 
1106 10 1146 166 F: 10 
1108 6 1114 344 F: 2 4 
1120 8 1144 187 F: 2 2 4 
1150 6 1174 330 F: 5 1 
1171 7 1185 369 F: 7 
1175 6 1181 244 F: 4 1 1 
1176 5 1191 1 F: 2 3 
1180 9 1189 200 F: 3 6 
1186 9 1213 69 F: 3 2 4 
1191 13 1217 422 F: 13 
1195 10 1205 330 F: 5 5 
1203 7 1217 374 F: 7 
1219 6 1237 198 F: 3 3 
1222 4 1234 165 F: 4 
1226 10 1266 87 F: 10 
1238 10 1248 385 F: 10 
1239 3 1242 301 F: 3 
1248 5 1263 443 F: 3 2 
1250 5 1260 235 F: 5 
1253 8 1269 121 F: 4 4 
1267 8 1291 240 F: 4 3 1 
1280 6 1304 403 F: 3 2 1 
1282 7 1289 309 F: 2 5 
1285 8 1293 21 F: 3 1 4 
1294 12 1306 79 F: 5 3 4 
1298 12 1322 237 F: 12 
1308 7 1329 259 F: 2 4 1 
1312 7 1340 380 F: 2 1 4 
1312 10 1352 298 F: 5 5 
1320 7 1348 350 F: 4 1 2 
1323 9 1341 76 F: 9 
1330 7 1337 191 F: 7 
1337 8 1345 185 F: 2 4 2 
1339 6 1363 400 F: 5 1 
1341 2 1345 157 F: 2 
1345 8 1377 65 F: 3 5 
1355 11 1377 3 F: 5 4 2 
1357 8 1365 326 F: 8 
1359 7 1380 441 F: 3 2 2 
1368 4 1380 96 F: 4 
1390 12 1414 187 F: 12 
1401 5 1416 131 F: 5 
1416 5 1426 141 F: 2 3 
1418 6 1430 402 F: 4 2 
1427 10 1467 22 F: 5 4 1 
1430 9 1439 159 F: 4 5 
1435 9 1462 345 F: 3 2 4 
1437 4 1453 164 F: 3 1 
1449 7 1477 215 F: 3 3 1 
1450 7 1471 345 F: 2 2 3 
1455 7 1469 152 F: 3 4 
1460 9 1469 216 F: 9 
1467 12 1503 281 F: 6 6 
1470 12 1506 215 F: 4 4 4 
1476 11 1509 135 F: 5 3 3 
1498 7 1512 355 F: 7 
1503 11 1514 95 F: 5 3 3 
1504 8 1520 306 F: 6 2 
1506 6 1530 413 F: 3 3 
1512 2 1518 229 F: 2 
1515 7 1529 436 F: 7 
1521 11 1532 243 F: 6 5 
1523 8 1555 153 F: 3 1 4 
1546 3 1552 330 F: 3 
1551 10 1581 147 F: 10 
1557 5 1577 131 F: 3 1 1 
1559 7 1566 410 F: 3 4 
1567 10 1597 84 F: 5 5 
1575 8 1607 305 F: 8 
1579 10 1619 249 F: 10 
1582 11 1604 18 F: 4 3 4 
1602 10 1612 324 F: 4 4 2 
1603 11 1647 180 F: 3 4 4 
1620 5 1635 361 F: 4 1 
1622 13 1661 252 F: 5 4 4 
1627 10 1637 205 F: 4 4 2 
1632 11 1654 136 F: 5 6 
1633 3 1642 51 F: 3 
1637 11 1681 418 F: 11 
1642 8 1674 280 F: 4 1 3 
1643 7 1664 89 F: 4 3 
1645 4 1653 143 F: 2 1 1 
1652 9 1670 27 F: 3 6 
1680 7 1694 75 F: 7 
1692 11 1736 326 F: 4 4 3 
1699 5 1709 110 F: 5 
1710 3 1722 376 F: 3 
1710 7 1717 270 F: 4 3 
1724 8 1732 157 F: 2 6 
1743 6 1767 51 F: 4 2 
1751 10 1761 95 F: 3 4 3 
1752 2 1756 429 F: 2 
1765 7 1793 83 F: 5 1 1 
1768 8 1784 255 F: 4 2 2 
1768 9 1795 198 F: 9 
1780 10 1790 338 F: 3 4 3 
1782 9 1809 88 F: 9 
1790 7 1818 262 F: 7 
1795 11 1817 372 F: 6 5 
1799 7 1820 286 F: 7 
1799 9 1826 361 F: 5 4 
1802 4 1814 124 F: 4 
1804 6 1822 308 F: 6 
1811 9 1829 228 F: 6 3 
1843 8 1875 185 F: 7 1 
1845 3 1848 166 F: 3 
1850 8 1866 149 F: 3 5 
1851 6 1863 66 F: 6 
1853 5 1863 251 F: 5 
1855 12 1879 237 F: 12 
1862 8 1878 197 F: 3 4 1 
1877 3 1883 64 F: 3 
1879 7 1900 388 F: 4 3 
1891 12 1903 202 F: 12 
1897 8 1905 397 F: 2 6 
1899 8 1915 275 F: 3 4 1 
1911 6 1917 35 F: 6 
1917 8 1941 328 F: 2 4 2 
1917 9 1926 11 F: 6 3 
1925 7 1932 257 F: 4 2 1 
1927 12 1939 230 F: 7 5 
1929 8 1937 105 F: 4 2 2 
1931 5 1941 240 F: 3 2 
1943 8 1967 281 F: 4 3 1 
1946 3 1949 177 F: 3 
1975 11 1997 46 F: 4 4 3 
1976 6 1982 430 F: 2 3 1 
1989 4 1997 184 F: 4 
1996 6 2020 294 F: 6 
1998 4 2006 151 F: 2 2 
1999 10 2029 209 F: 5 4 1 
2007 9 2025 205 F: 4 2 3 
2011 4 2019 230 F: 4 
2011 10 2031 310 F: 5 1 4 
2015 11 2048 168 F: 5 3 3 
2026 11 2048 405 F: 3 4 4 
2034 8 2066 276 F: 6 2 
2039 11 2050 70 F: 5 2 4 
2060 5 2065 351 F: 5 
2061 5 2066 261 F: 5 
2061 13 2087 240 F: 7 6 
2064 3 2073 213 F: 3 
2067 3 2076 317 F: 3 
2092 12 2104 225 F: 6 6 
2093 9 2120 148 F: 7 2 
2099 10 2139 317 F: 5 1 4 
2101 7 2115 441 F: 2 1 4 
2104 12 2128 98 F: 5 4 3 
2112 5 2127 301 F: 2 2 1 
2115 3 2124 298 F: 2 1 
2115 10 2125 197 F: 5 3 2 
2119 4 2127 297 F: 2 1 1 
2128 8 2136 81 F: 3 5 
2136 6 2154 448 F: 3 1 2 
2136 9 2172 299 F: 5 1 3 
2138 12 2186 311 F: 4 4 4 
2141 7 2155 295 F: 6 1 
2153 9 2162 310 F: 3 4 2 
2153 9 2171 124 F: 7 2 
2192 4 2208 238 F: 4 
2199 10 2209 247 F: 10 
2203 7 2231 223 F: 2 5 
2204 9 2240 25 F: 5 3 1 
2217 13 2243 386 F: 13 
2225 7 2246 295 F: 6 1 
2228 10 2268 325 F: 6 4 
2230 7 2244 45 F: 5 1 1 
2232 9 2250 383 F: 2 4 3 
2241 5 2246 393 F: 2 1 2 
2243 10 2273 425 F: 5 5 
2254 2 2260 39 F: 2 
2255 4 2267 7 F: 2 2 
2271 6 2277 406 F: 6 
2277 7 2291 113 F: 3 1 3 
2288 11 2321 360 F: 5 6 
2297 5 2307 59 F: 4 1 
2312 8 2320 372 F: 2 3 3 
2313 9 2322 68 F: 5 4 
2328 9 2364 127 F: 6 3 
2330 8 2338 12 F: 3 4 1 
2346 7 2374 238 F: 7 
2352 9 2379 188 F: 4 4 1 
2353 10 2383 443 F: 5 2 3 
2360 12 2372 241 F: 6 6 
2369 5 2374 266 F: 2 1 2 
2373 7 2394 146 F: 2 3 2 
2379 8 2403 405 F: 8 
2384 8 2392 185 F: 5 1 2 
2390 5 2395 138 F: 4 1 
2390 6 2414 77 F: 6 
2393 9 2411 214 F: 7 2 
2417 7 2445 127 F: 7 
2427 10 2447 274 F: 2 4 4 
2430 5 2440 320 F: 2 3 
2430 7 2451 297 F: 3 3 1 
2439 4 2451 130 F: 4 
2439 5 2444 393 F: 5 
2444 7 2472 316 F: 2 4 1 
2448 8 2472 90 F: 8 
2458 6 2476 54 F: 4 2 
2465 8 2473 56 F: 8 
2467 8 2483 122 F: 5 1 2 
2470 9 2497 411 F: 5 4 
2475 6 2487 96 F: 6 
2478 9 2505 149 F: 3 6 
2488 9 2515 67 F: 4 5 
2504 5 2524 286 F: 5 
2511 7 2518 103 F: 3 4 
2519 9 2537 73 F: 7 2 
2520 11 2531 379 F: 11 
2521 9 2530 31 F: 5 4 
2525 6 2531 253 F: 3 3 
2541 10 2581 304 F: 4 3 3 
2542 8 2566 407 F: 2 6 
2554 8 2586 410 F: 3 1 4 
2554 9 2590 185 F: 4 1 4 
2560 11 2604 94 F: 11 
2562 10 2582 96 F: 2 4 4 
2585 9 2612 131 F: 6 3 
2585 10 2595 163 F: 7 3 
2590 10 2600 62 F: 5 5 
2600 6 2606 186 F: 4 2 
2605 9 2632 429 F: 9 
2606 6 2618 235 F: 6 
2608 10 2638 154 F: 4 3 3 
2626 5 2636 131 F: 2 2 1 
2632 8 2656 92 F: 4 4 
2636 9 2672 58 F: 5 2 2 
2639 8 2671 388 F: 3 4 1 
2647 6 2665 233 F: 3 1 2 
2650 9 2677 369 F: 5 3 1 
2658 8 2690 257 F: 3 1 4 
2677 8 2709 329 F: 3 5 
2679 9 2697 150 F: 7 2 
2685 3 2694 253 F: 3 
2695 9 2722 206 F: 5 3 1 
2701 13 2740 221 F: 13 
2717 9 2735 420 F: 4 3 2 
2718 8 2734 68 F: 2 3 3 
2728 8 2736 346 F: 2 2 4 
2729 12 2753 380 F: 12 
2732 6 2756 229 F: 2 1 3 
2733 4 2741 435 F: 4 
2743 10 2763 362 F: 6 4 
2760 10 2790 126 F: 5 5 
2762 6 2780 67 F: 2 4 
2767 6 2773 181 F: 3 3 
2767 11 2789 128 F: 11 
2772 5 2787 115 F: 5 
2777 3 2789 397 F: 3 
2794 5 2804 183 F: 5 
2800 6 2818 305 F: 2 3 1 
2802 10 2842 244 F: 4 4 2 
2819 7 2840 415 F: 7 
2820 8 2828 250 F: 3 5 
2828 8 2836 131 F: 6 2 
2829 8 2853 333 F: 3 3 2 
2834 10 2854 10 F: 10 
2852 10 2892 187 F: 7 3 
2856 9 2883 44 F: 3 6 
2871 4 2887 229 F: 4 
2871 12 2895 198 F: 7 5 
2875 8 2883 280 F: 3 3 2 
2882 8 2898 352 F: 3 4 1 
2895 9 2922 234 F: 3 6 
2896 8 2904 169 F: 6 2 
2906 13 2958 290 F: 7 6 
2908 10 2938 278 F: 5 3 2 
2909 11 2931 1 F: 11 
2923 9 2932 97 F: 6 3 
2938 6 2962 277 F: 2 2 2 
2947 10 2977 166 F: 4 2 4 
2954 9 2972 370 F: 5 1 3 
2963 6 2969 435 F: 5 1 
2964 10 3004 320 F: 4 3 3 
2966 9 3002 448 F: 5 3 1 
2968 4 2980 223 F: 4 
2976 11 2998 237 F: 11 
2977 6 2989 232 F: 4 2 
2984 7 3012 70 F: 2 4 1 
2998 9 3025 365 F: 2 3 4 
D: 2 143 
D: 9 301 
D: 10 101 
D: 13 448 
D: 27 137 
D: 30 388 
D: 46 276 
D: 51 335 
D: 56 317 
D: 58 281 
D: 85 168 
D: 87 111 
D: 88 179 
D: 95 156 
D: 98 299 
D: 107 180 
D: 107 339 
D: 108 363 
D: 111 328 
D: 121 425 
D: 132 362 
D: 134 379 
D: 142 287 
D: 154 395 
D: 162 415 
D: 182 279 
D: 185 357 
D: 188 281 
D: 189 213 
D: 193 317 
D: 194 198 
D: 194 211 
D: 204 275 
D: 219 248 
D: 233 249 
D: 234 396 
D: 234 412 
D: 241 325 
D: 246 299 
D: 262 292 
D: 274 284 
D: 288 429 
D: 311 391 
D: 359 388 
D: 384 398 
