8 8 24 27 F: 8 
14 12 38 27 F: 12 
15 5 20 31 F: 2 3 
19 10 39 29 F: 10 
20 4 28 37 F: 3 1 
22 10 52 40 F: 7 3 
26 7 33 32 F: 3 4 
31 11 42 48 F: 11 
34 4 42 29 F: 4 
42 5 47 45 F: 5 
50 3 62 45 F: 3 
69 3 72 14 F: 3 
69 8 93 44 F: 3 5 
87 10 117 30 F: 4 6 
98 9 125 34 F: 3 6 
102 5 112 39 F: 5 
115 7 122 45 F: 7 
123 3 126 29 F: 2 1 
139 10 149 31 F: 5 4 1 
139 12 151 18 F: 12 
142 10 182 1 F: 10 
155 10 195 24 F: 5 1 4 
171 13 210 13 F: 7 6 
175 12 211 1 F: 5 4 3 
181 6 199 27 F: 3 2 1 
183 9 201 45 F: 4 4 1 
185 9 212 1 F: 9 
186 10 206 44 F: 10 
187 6 211 8 F: 2 1 3 
195 10 225 48 F: 10 
208 3 217 14 F: 3 
217 10 247 11 F: 5 4 1 
218 2 222 13 F: 2 
220 4 236 2 F: 2 1 1 
220 10 240 14 F: 10 
227 10 257 15 F: 6 4 
234 8 250 24 F: 2 2 4 
234 10 264 3 F: 10 
251 7 258 30 F: 7 
268 10 308 44 F: 5 1 4 
269 4 281 3 F: 3 1 
281 3 284 18 F: 3 
290 11 301 19 F: 5 2 4 
291 9 318 7 F: 7 2 
292 8 316 33 F: 8 
329 9 338 23 F: 6 3 
330 6 354 34 F: 6 
343 10 383 19 F: 4 4 2 
358 6 376 46 F: 2 2 2 
388 4 400 19 F: 4 
D: 7 19 
D: 8 27 
D: 12 43 
D: 20 33 
D: 20 46 
