1 7 8 29 F: 7 
29 13 42 12 F: 13 
35 8 43 1 F: 3 2 3 
40 3 49 13 F: 2 1 
40 11 84 42 F: 5 6 
40 12 88 26 F: 6 6 
45 10 65 28 F: 3 3 4 
45 12 93 14 F: 6 6 
51 9 69 15 F: 3 3 3 
52 2 60 35 F: 2 
72 10 112 11 F: 5 2 3 
74 8 98 36 F: 8 
79 6 97 26 F: 4 1 1 
82 6 94 26 F: 3 3 
91 6 97 28 F: 6 
102 10 112 2 F: 10 
114 10 124 48 F: 10 
127 10 157 12 F: 7 3 
129 8 161 39 F: 2 6 
130 5 140 47 F: 5 
132 10 162 16 F: 6 4 
133 13 146 28 F: 13 
141 8 165 40 F: 3 1 4 
155 5 160 17 F: 4 1 
163 8 171 18 F: 4 1 3 
175 6 199 5 F: 2 3 1 
178 11 200 4 F: 5 6 
187 6 193 34 F: 3 3 
192 3 198 4 F: 3 
199 4 203 44 F: 4 
202 4 206 19 F: 4 
215 8 231 22 F: 8 
223 3 229 11 F: 3 
224 8 240 33 F: 2 2 4 
226 10 246 22 F: 4 3 3 
236 2 238 28 F: 2 
237 9 273 7 F: 3 4 2 
239 11 283 38 F: 4 3 4 
246 9 255 48 F: 4 4 1 
249 9 285 10 F: 4 5 
252 3 258 13 F: 3 
267 9 303 17 F: 7 2 
273 9 300 4 F: 9 
281 13 320 39 F: 7 6 
284 9 302 37 F: 3 2 4 
329 6 335 23 F: 6 
348 8 364 34 F: 2 6 
367 7 388 15 F: 4 3 
368 9 395 46 F: 2 4 3 
376 5 386 16 F: 5 
D: 2 11 
D: 9 16 
D: 9 20 
D: 10 28 
D: 22 38 
