4 2 6 355 F: 2 
9 10 29 130 F: 4 6 
10 8 42 349 F: 3 4 1 
24 12 48 394 F: 12 
27 9 45 182 F: 3 6 
29 8 45 90 F: 3 2 3 
40 3 52 36 F: 3 
42 8 74 48 F: 5 3 
51 4 67 201 F: 4 
55 4 67 428 F: 4 
71 9 80 42 F: 5 4 
75 10 85 127 F: 5 3 2 
76 5 91 455 F: 2 3 
80 2 88 303 F: 2 
91 12 115 308 F: 12 
104 5 119 33 F: 5 
104 9 131 492 F: 2 3 4 
130 11 174 423 F: 4 4 3 
138 3 144 370 F: 3 
144 11 177 261 F: 5 6 
145 11 167 38 F: 5 6 
149 5 154 413 F: 5 
161 8 169 331 F: 3 2 3 
165 9 174 126 F: 4 1 4 
177 6 183 452 F: 4 2 
179 12 227 466 F: 7 5 
186 8 210 246 F: 8 
187 8 211 64 F: 2 3 3 
193 7 200 487 F: 7 
198 3 210 131 F: 2 1 
206 9 224 69 F: 9 
210 11 254 25 F: 11 
220 7 227 335 F: 5 1 1 
223 9 232 51 F: 5 2 2 
242 9 278 159 F: 3 2 4 
246 2 252 354 F: 2 
249 12 285 478 F: 12 
253 9 289 34 F: 4 4 1 
258 12 294 416 F: 12 
262 9 271 85 F: 4 2 3 
272 7 279 75 F: 7 
280 13 306 287 F: 5 4 4 
281 11 314 201 F: 11 
289 2 291 53 F: 2 
295 2 303 83 F: 2 
310 10 330 253 F: 3 4 3 
311 6 317 175 F: 2 1 3 
317 8 349 391 F: 8 
318 11 351 122 F: 3 4 4 
325 3 337 207 F: 3 
335 7 342 20 F: 4 3 
352 7 359 254 F: 2 5 
357 11 368 454 F: 11 
358 3 370 108 F: 3 
361 6 385 19 F: 2 2 2 
377 9 386 224 F: 3 4 2 
377 12 401 140 F: 4 4 4 
388 8 396 276 F: 3 4 1 
393 13 432 18 F: 13 
398 10 408 250 F: 2 4 4 
402 6 420 96 F: 2 4 
402 9 420 230 F: 4 5 
410 10 430 310 F: 5 5 
411 6 435 381 F: 6 
417 8 433 257 F: 3 3 2 
424 10 444 402 F: 10 
447 9 465 225 F: 4 2 3 
452 4 460 238 F: 2 2 
455 7 469 391 F: 5 2 
467 9 494 73 F: 4 3 2 
476 10 486 411 F: 10 
484 8 516 432 F: 8 
486 7 500 256 F: 2 4 1 
491 6 509 165 F: 6 
491 8 523 475 F: 8 
515 13 567 164 F: 13 
516 9 525 79 F: 9 
521 4 529 169 F: 4 
521 6 539 370 F: 5 1 
525 8 549 462 F: 7 1 
532 10 542 131 F: 10 
534 10 574 441 F: 10 
536 11 547 267 F: 7 4 
544 11 566 253 F: 5 4 2 
545 5 560 343 F: 2 3 
552 8 560 186 F: 8 
562 10 592 202 F: 6 4 
563 7 577 135 F: 3 2 2 
571 8 603 375 F: 2 6 
574 12 598 317 F: 6 6 
601 11 634 451 F: 5 4 2 
612 7 619 117 F: 2 3 2 
617 6 623 492 F: 3 1 2 
617 7 638 314 F: 3 4 
617 11 639 309 F: 3 4 4 
623 9 650 317 F: 9 
624 6 648 199 F: 4 2 
636 4 648 308 F: 2 2 
643 10 653 8 F: 5 3 2 
644 13 683 127 F: 13 
659 2 665 229 F: 2 
660 6 672 323 F: 3 3 
662 11 706 228 F: 11 
676 5 681 133 F: 3 2 
691 6 703 343 F: 4 1 1 
715 7 736 95 F: 3 4 
726 10 736 384 F: 4 2 4 
726 13 739 198 F: 13 
735 12 783 85 F: 12 
736 8 744 255 F: 4 4 
736 9 745 389 F: 7 2 
746 7 767 312 F: 4 2 1 
752 9 788 394 F: 3 6 
756 12 780 195 F: 12 
758 8 774 369 F: 8 
767 9 785 9 F: 2 4 3 
775 13 801 183 F: 7 6 
780 8 812 453 F: 3 3 2 
790 9 808 60 F: 3 6 
793 4 797 23 F: 4 
808 10 828 122 F: 6 4 
824 9 842 394 F: 3 6 
826 13 878 33 F: 13 
827 9 854 436 F: 4 2 3 
833 5 838 258 F: 3 2 
837 6 849 345 F: 6 
847 8 879 63 F: 8 
851 6 863 387 F: 6 
853 8 869 149 F: 3 5 
856 11 878 19 F: 11 
857 5 872 11 F: 2 1 2 
866 4 878 112 F: 3 1 
870 11 892 71 F: 6 5 
889 6 895 454 F: 6 
891 4 899 268 F: 2 1 1 
900 8 924 424 F: 4 4 
910 5 925 127 F: 4 1 
910 9 946 167 F: 9 
913 8 945 2 F: 5 3 
926 10 936 460 F: 2 4 4 
927 9 963 435 F: 6 3 
932 12 944 342 F: 12 
936 4 952 34 F: 3 1 
952 5 962 136 F: 5 
960 6 984 247 F: 6 
961 6 985 390 F: 3 3 
986 12 1022 110 F: 5 4 3 
988 10 1018 92 F: 7 3 
998 6 1016 294 F: 5 1 
998 8 1030 296 F: 8 
1002 6 1026 60 F: 6 
1010 6 1028 142 F: 4 2 
1011 7 1018 34 F: 4 2 1 
1019 4 1023 420 F: 3 1 
1024 10 1034 297 F: 3 3 4 
1040 4 1044 248 F: 4 
1044 10 1054 385 F: 10 
1050 9 1086 497 F: 6 3 
1055 8 1079 26 F: 3 2 3 
1060 9 1096 44 F: 4 4 1 
1063 11 1096 64 F: 4 4 3 
1071 5 1081 227 F: 4 1 
1077 3 1086 411 F: 2 1 
1077 8 1093 43 F: 2 3 3 
1096 3 1108 241 F: 2 1 
1112 6 1124 455 F: 3 1 2 
1118 10 1158 343 F: 10 
1123 3 1132 38 F: 2 1 
1129 8 1161 258 F: 8 
1129 9 1138 214 F: 5 4 
1154 7 1182 282 F: 7 
1157 11 1168 131 F: 4 4 3 
1165 6 1189 474 F: 2 3 1 
1165 13 1191 69 F: 13 
1170 4 1182 191 F: 2 2 
1171 7 1185 24 F: 3 4 
1179 11 1190 82 F: 6 5 
1190 9 1208 162 F: 5 4 
1191 10 1201 476 F: 10 
1195 6 1219 181 F: 3 1 2 
1205 5 1215 266 F: 4 1 
1208 10 1218 152 F: 4 2 4 
1213 5 1218 57 F: 4 1 
1223 4 1239 204 F: 2 2 
1224 8 1256 298 F: 8 
1226 11 1237 193 F: 11 
1229 8 1253 360 F: 5 3 
1236 5 1246 184 F: 2 3 
1244 9 1253 28 F: 9 
1266 5 1281 397 F: 4 1 
1270 9 1288 66 F: 9 
1281 5 1301 488 F: 2 1 2 
1284 8 1300 387 F: 2 3 3 
1293 3 1302 15 F: 3 
1295 8 1311 174 F: 8 
1305 8 1337 140 F: 2 6 
1305 11 1316 207 F: 6 5 
1310 7 1317 425 F: 4 3 
1335 10 1345 133 F: 5 3 2 
1338 8 1346 123 F: 4 4 
1351 9 1360 384 F: 5 1 3 
1365 11 1387 297 F: 6 5 
1366 5 1371 136 F: 5 
1366 10 1406 211 F: 5 2 3 
1369 8 1385 118 F: 8 
1371 11 1415 119 F: 7 4 
1375 2 1379 485 F: 2 
1384 3 1393 240 F: 3 
1389 11 1400 269 F: 5 2 4 
1396 9 1432 187 F: 4 2 3 
1400 12 1424 163 F: 4 4 4 
1410 11 1432 404 F: 3 4 4 
1415 5 1425 87 F: 2 3 
1424 6 1442 481 F: 6 
1428 6 1440 280 F: 6 
1430 11 1474 49 F: 7 4 
1439 9 1457 295 F: 2 3 4 
1439 10 1449 442 F: 6 4 
1445 4 1461 233 F: 4 
1464 9 1491 232 F: 7 2 
1465 6 1477 28 F: 2 2 2 
1467 9 1485 171 F: 9 
1473 4 1489 388 F: 3 1 
1484 12 1508 129 F: 5 4 3 
1495 10 1535 296 F: 3 4 3 
1508 7 1515 455 F: 7 
1510 9 1528 424 F: 5 1 3 
1511 10 1541 5 F: 4 3 3 
1542 7 1556 450 F: 5 2 
1542 10 1562 60 F: 5 4 1 
1548 7 1555 70 F: 4 1 2 
1559 10 1589 107 F: 4 3 3 
1562 5 1577 353 F: 3 2 
1562 6 1580 328 F: 6 
1564 4 1576 180 F: 2 1 1 
1565 12 1589 162 F: 12 
1580 12 1616 261 F: 12 
1584 13 1623 287 F: 5 4 4 
1587 10 1607 446 F: 4 6 
1597 3 1609 347 F: 2 1 
1601 2 1605 478 F: 2 
1611 8 1643 426 F: 3 4 1 
1619 7 1633 299 F: 3 1 3 
1621 7 1649 240 F: 7 
1627 5 1647 327 F: 2 3 
1627 7 1641 187 F: 2 3 2 
1633 9 1651 67 F: 5 4 
1643 5 1658 431 F: 3 2 
1644 13 1657 304 F: 13 
1645 11 1678 301 F: 5 6 
1661 3 1673 190 F: 3 
1662 13 1701 421 F: 7 6 
1691 8 1723 322 F: 4 3 1 
1694 2 1698 9 F: 2 
1694 9 1703 113 F: 5 1 3 
1703 3 1712 262 F: 3 
1707 12 1743 79 F: 12 
1712 7 1719 386 F: 2 1 4 
1712 11 1723 209 F: 5 6 
1715 7 1722 1 F: 4 2 1 
1723 8 1731 106 F: 7 1 
1738 3 1741 448 F: 3 
1743 6 1755 174 F: 3 3 
1745 9 1754 359 F: 2 3 4 
1753 9 1789 404 F: 3 6 
1754 7 1761 158 F: 4 3 
1776 10 1796 412 F: 10 
1780 4 1796 258 F: 4 
1791 12 1827 96 F: 7 5 
1794 6 1806 323 F: 4 1 1 
1827 9 1845 113 F: 5 1 3 
1837 11 1870 133 F: 11 
1845 10 1885 356 F: 7 3 
1849 8 1881 478 F: 2 2 4 
1851 5 1856 217 F: 3 2 
1856 8 1880 172 F: 3 3 2 
1858 11 1880 414 F: 7 4 
1869 12 1905 246 F: 12 
1872 9 1899 90 F: 9 
1875 4 1879 34 F: 4 
1888 3 1894 103 F: 2 1 
1888 9 1897 138 F: 4 5 
1890 9 1899 455 F: 7 2 
1891 11 1902 213 F: 11 
1895 8 1919 432 F: 8 
1904 4 1908 118 F: 4 
1905 12 1917 201 F: 5 4 3 
1911 8 1927 207 F: 6 2 
1932 5 1937 392 F: 2 3 
1949 7 1963 326 F: 3 2 2 
1949 10 1959 454 F: 10 
1957 10 1967 463 F: 10 
1960 6 1984 417 F: 2 3 1 
1960 13 1986 236 F: 13 
1966 5 1981 266 F: 5 
1967 9 1994 490 F: 4 4 1 
1969 9 1978 497 F: 9 
1970 12 1994 423 F: 7 5 
1982 8 1990 45 F: 7 1 
1985 5 1995 394 F: 5 
2000 7 2014 115 F: 7 
2001 5 2006 33 F: 5 
2011 12 2023 194 F: 12 
2019 11 2052 312 F: 4 3 4 
2022 6 2046 352 F: 6 
2026 10 2066 471 F: 4 6 
2038 12 2074 472 F: 7 5 
2040 10 2050 35 F: 4 3 3 
2048 9 2057 210 F: 5 4 
2048 9 2084 473 F: 3 2 4 
2056 7 2077 337 F: 2 5 
2065 8 2073 372 F: 3 5 
2069 10 2099 69 F: 10 
2079 6 2091 94 F: 6 
2083 5 2088 439 F: 2 3 
2104 9 2122 155 F: 9 
2108 4 2116 101 F: 3 1 
2133 9 2169 479 F: 3 4 2 
2135 11 2146 55 F: 5 6 
2141 5 2151 126 F: 2 1 2 
2149 7 2177 286 F: 5 2 
2153 8 2177 310 F: 8 
2159 8 2167 163 F: 8 
2163 8 2195 271 F: 8 
2172 9 2208 277 F: 5 3 1 
2173 13 2199 388 F: 5 4 4 
2180 8 2196 10 F: 8 
2181 12 2205 27 F: 7 5 
2187 6 2205 90 F: 6 
2195 10 2225 416 F: 5 5 
2204 8 2228 394 F: 4 2 2 
2205 4 2209 253 F: 4 
2212 4 2220 310 F: 4 
2212 8 2228 354 F: 8 
2213 10 2253 173 F: 4 6 
2224 5 2239 161 F: 3 1 1 
2226 8 2250 409 F: 3 1 4 
2238 6 2250 441 F: 6 
2246 6 2264 364 F: 2 1 3 
2248 2 2254 103 F: 2 
2250 8 2274 466 F: 2 4 2 
2251 9 2260 145 F: 9 
2253 11 2286 287 F: 11 
2263 5 2278 355 F: 4 1 
2271 9 2298 414 F: 4 2 3 
2300 7 2321 362 F: 4 2 1 
2303 8 2311 379 F: 7 1 
2304 8 2312 453 F: 4 1 3 
2305 2 2313 181 F: 2 
2308 12 2356 483 F: 4 4 4 
2311 8 2319 438 F: 3 4 1 
2311 11 2344 185 F: 11 
2328 7 2342 317 F: 7 
2331 9 2367 23 F: 9 
2332 10 2362 278 F: 5 2 3 
2342 10 2382 428 F: 7 3 
2384 8 2400 67 F: 3 4 1 
2385 7 2399 446 F: 5 2 
2388 6 2412 258 F: 6 
2391 7 2405 85 F: 4 3 
2406 8 2430 66 F: 3 5 
2406 8 2438 278 F: 2 6 
2415 9 2442 276 F: 7 2 
2415 13 2441 59 F: 13 
2426 6 2432 107 F: 2 1 3 
2435 9 2453 425 F: 9 
2449 13 2488 395 F: 13 
2452 13 2504 95 F: 13 
2455 5 2465 369 F: 4 1 
2455 7 2462 464 F: 3 3 1 
2468 5 2483 192 F: 5 
2472 9 2481 265 F: 4 3 2 
2474 8 2498 74 F: 5 3 
2475 7 2503 244 F: 3 3 1 
2492 8 2524 175 F: 5 2 1 
2500 6 2512 208 F: 3 3 
2500 10 2510 218 F: 4 4 2 
2508 11 2552 477 F: 5 6 
2514 9 2532 488 F: 4 5 
2522 2 2528 64 F: 2 
2529 11 2562 243 F: 11 
2531 8 2547 319 F: 2 6 
2540 8 2556 406 F: 2 4 2 
2541 7 2562 345 F: 7 
2547 10 2587 137 F: 5 2 3 
2553 11 2564 100 F: 11 
2557 10 2577 105 F: 3 3 4 
2566 8 2598 398 F: 5 1 2 
2572 8 2604 344 F: 2 2 4 
2597 11 2608 230 F: 3 4 4 
2603 8 2627 186 F: 8 
2606 8 2614 422 F: 8 
2606 9 2642 241 F: 4 2 3 
2621 13 2673 424 F: 13 
2627 8 2659 231 F: 8 
2631 2 2639 61 F: 2 
2643 6 2655 27 F: 6 
2644 5 2659 118 F: 3 2 
2645 6 2669 160 F: 4 2 
2667 6 2691 13 F: 6 
2667 8 2683 65 F: 7 1 
2683 8 2707 61 F: 8 
2686 8 2710 452 F: 2 2 4 
2691 7 2705 189 F: 2 5 
2695 11 2706 339 F: 11 
2703 11 2725 283 F: 5 2 4 
2706 7 2720 199 F: 4 1 2 
2722 7 2743 235 F: 7 
2725 4 2733 267 F: 3 1 
2735 12 2783 27 F: 12 
2738 4 2746 381 F: 2 1 1 
2743 6 2767 494 F: 6 
2748 7 2776 254 F: 2 4 1 
2750 3 2756 386 F: 3 
2762 5 2777 406 F: 4 1 
2764 8 2772 129 F: 2 6 
2765 6 2783 70 F: 2 1 3 
2768 10 2778 112 F: 7 3 
2795 10 2825 491 F: 5 1 4 
2799 9 2808 130 F: 5 4 
2801 12 2849 56 F: 6 6 
2804 5 2814 499 F: 2 3 
2805 6 2823 257 F: 4 2 
2811 9 2820 121 F: 9 
2814 5 2829 356 F: 5 
2818 7 2825 161 F: 4 1 2 
2823 9 2832 54 F: 7 2 
2827 9 2836 459 F: 5 2 2 
2840 11 2873 451 F: 11 
2848 6 2872 493 F: 6 
2856 11 2900 181 F: 11 
2858 11 2880 428 F: 3 4 4 
2872 9 2899 144 F: 9 
2881 8 2897 432 F: 2 4 2 
2895 8 2911 351 F: 5 3 
2928 7 2942 479 F: 2 4 1 
2929 6 2941 311 F: 5 1 
2930 8 2962 373 F: 3 5 
2932 6 2950 153 F: 6 
2932 10 2942 46 F: 6 4 
2933 10 2963 223 F: 6 4 
2934 11 2978 299 F: 5 3 3 
2944 13 2983 69 F: 13 
2945 12 2981 93 F: 12 
2958 10 2998 160 F: 10 
2961 7 2982 178 F: 2 2 3 
2973 4 2977 420 F: 4 
2974 9 3010 458 F: 4 2 3 
2979 9 3015 368 F: 5 3 1 
2998 9 3034 22 F: 9 
3004 4 3016 483 F: 2 2 
3007 7 3028 413 F: 2 5 
3018 11 3062 354 F: 7 4 
3025 4 3033 179 F: 4 
3040 9 3067 282 F: 3 2 4 
3043 12 3055 59 F: 12 
3046 9 3055 64 F: 4 5 
3046 9 3073 228 F: 2 4 3 
3057 8 3065 361 F: 3 5 
3066 9 3093 239 F: 4 5 
3070 6 3094 381 F: 6 
3072 9 3108 401 F: 3 4 2 
3074 3 3086 347 F: 3 
3076 3 3079 427 F: 3 
3088 9 3124 51 F: 4 2 3 
3101 7 3108 99 F: 5 1 1 
3114 7 3121 334 F: 2 3 2 
3124 10 3134 7 F: 5 2 3 
3139 9 3157 27 F: 5 4 
3143 10 3173 217 F: 10 
3147 13 3173 489 F: 7 6 
3155 5 3170 432 F: 5 
3158 5 3163 428 F: 2 2 1 
3162 8 3194 244 F: 3 5 
3165 11 3209 431 F: 11 
3172 11 3205 346 F: 11 
3174 12 3210 465 F: 12 
3186 5 3196 467 F: 2 1 2 
3187 6 3211 139 F: 3 3 
3191 5 3206 439 F: 3 2 
3200 8 3216 131 F: 2 2 4 
3202 12 3250 439 F: 6 6 
3212 3 3224 465 F: 2 1 
3215 7 3236 208 F: 3 4 
3228 7 3235 153 F: 6 1 
3230 5 3245 355 F: 4 1 
3233 9 3269 370 F: 5 4 
3237 9 3273 351 F: 2 3 4 
3242 7 3263 188 F: 3 4 
3251 7 3265 24 F: 2 1 4 
3259 10 3289 122 F: 6 4 
3276 8 3300 178 F: 2 3 3 
3281 3 3287 472 F: 3 
3281 6 3305 298 F: 3 3 
3288 9 3297 92 F: 4 3 2 
3345 3 3348 243 F: 3 
3346 7 3360 196 F: 2 3 2 
3352 9 3370 260 F: 3 3 3 
3352 12 3376 110 F: 6 6 
3359 2 3365 485 F: 2 
D: 1 294 
D: 1 497 
D: 3 314 
D: 21 324 
D: 23 319 
D: 24 148 
D: 29 80 
D: 42 190 
D: 45 448 
D: 49 217 
D: 50 412 
D: 86 192 
D: 90 346 
D: 91 95 
D: 104 349 
D: 110 398 
D: 112 308 
D: 117 332 
D: 120 303 
D: 120 474 
D: 123 368 
D: 144 250 
D: 146 195 
D: 150 215 
D: 153 416 
D: 157 327 
D: 170 179 
D: 182 315 
D: 182 348 
D: 182 385 
D: 193 237 
D: 197 330 
D: 210 362 
D: 213 248 
D: 231 235 
D: 236 265 
D: 253 289 
D: 255 313 
D: 255 419 
D: 274 303 
D: 277 442 
D: 286 297 
D: 286 421 
D: 291 446 
D: 294 307 
D: 295 490 
D: 326 364 
D: 390 436 
D: 402 441 
D: 432 496 
