4 11 15 1 F: 5 6 
5 10 15 91 F: 10 
9 6 33 12 F: 2 1 3 
9 11 31 18 F: 6 5 
14 6 32 464 F: 6 
17 7 45 443 F: 2 1 4 
17 11 39 3 F: 4 3 4 
36 4 44 18 F: 4 
42 12 90 351 F: 12 
48 12 96 135 F: 12 
52 4 56 456 F: 3 1 
63 9 81 133 F: 5 1 3 
74 5 79 169 F: 3 1 1 
84 9 111 146 F: 2 3 4 
99 9 135 196 F: 2 3 4 
105 7 133 67 F: 3 2 2 
109 7 137 53 F: 3 3 1 
132 12 156 374 F: 6 6 
134 6 158 290 F: 2 1 3 
136 13 188 28 F: 13 
141 10 161 75 F: 6 4 
148 7 155 33 F: 6 1 
157 3 163 26 F: 2 1 
158 9 194 422 F: 5 4 
161 8 177 213 F: 8 
174 10 184 370 F: 3 4 3 
176 9 194 448 F: 9 
176 13 215 322 F: 13 
179 7 186 223 F: 2 5 
187 12 199 177 F: 4 4 4 
201 10 221 373 F: 5 2 3 
214 12 238 240 F: 12 
222 12 234 476 F: 12 
231 12 267 406 F: 12 
233 13 272 366 F: 13 
239 3 242 2 F: 3 
241 10 251 469 F: 6 4 
244 9 262 86 F: 5 4 
255 10 275 403 F: 6 4 
258 7 286 386 F: 7 
260 3 272 191 F: 3 
277 12 289 491 F: 6 6 
281 12 293 179 F: 5 3 4 
288 8 304 130 F: 5 2 1 
292 8 308 233 F: 4 4 
317 4 321 321 F: 4 
325 7 346 264 F: 5 1 1 
333 6 351 367 F: 2 4 
347 9 356 113 F: 6 3 
347 10 367 346 F: 7 3 
348 6 360 415 F: 3 3 
350 11 383 300 F: 4 4 3 
356 4 372 438 F: 2 2 
362 11 395 34 F: 3 4 4 
363 9 372 97 F: 5 4 
368 11 412 222 F: 5 3 3 
369 8 377 64 F: 4 1 3 
371 6 383 454 F: 5 1 
376 5 391 264 F: 5 
391 6 409 248 F: 4 2 
404 7 425 154 F: 7 
404 9 440 102 F: 4 5 
411 8 419 94 F: 4 4 
418 6 442 327 F: 3 1 2 
425 9 461 487 F: 5 4 
427 7 434 205 F: 4 3 
443 3 452 410 F: 3 
446 8 478 39 F: 2 6 
447 10 477 65 F: 10 
451 10 461 196 F: 5 5 
456 8 480 139 F: 3 5 
463 5 478 428 F: 5 
489 10 519 302 F: 6 4 
490 8 514 455 F: 7 1 
494 9 521 257 F: 9 
500 10 520 299 F: 10 
501 9 528 167 F: 3 4 2 
508 8 532 483 F: 5 2 1 
520 12 532 272 F: 12 
540 7 561 210 F: 2 1 4 
543 7 550 17 F: 3 3 1 
554 4 558 3 F: 4 
559 7 573 335 F: 5 2 
568 8 576 349 F: 4 3 1 
572 9 599 392 F: 6 3 
573 3 579 407 F: 3 
574 10 584 340 F: 6 4 
580 12 628 470 F: 4 4 4 
589 9 607 244 F: 9 
596 5 611 28 F: 3 2 
619 6 643 490 F: 3 3 
627 8 643 379 F: 5 3 
632 8 656 434 F: 5 3 
638 6 662 392 F: 2 2 2 
639 8 655 462 F: 2 6 
648 6 654 178 F: 2 2 2 
648 10 658 300 F: 3 3 4 
664 6 670 494 F: 2 4 
666 7 673 147 F: 7 
668 12 692 362 F: 12 
670 2 674 25 F: 2 
671 9 689 26 F: 3 3 3 
679 6 685 478 F: 6 
680 5 700 88 F: 2 3 
689 5 699 124 F: 2 3 
702 6 720 339 F: 6 
713 8 721 467 F: 5 2 1 
717 7 731 165 F: 2 1 4 
723 12 771 2 F: 5 4 3 
725 3 737 20 F: 3 
727 12 775 194 F: 7 5 
732 6 738 289 F: 3 1 2 
739 8 771 85 F: 2 2 4 
752 12 764 169 F: 5 3 4 
754 8 762 100 F: 4 4 
774 10 794 364 F: 5 5 
780 6 786 63 F: 2 4 
788 5 793 91 F: 5 
792 7 813 41 F: 6 1 
798 11 820 231 F: 7 4 
801 8 833 347 F: 2 4 2 
803 9 812 349 F: 3 2 4 
803 11 814 121 F: 5 2 4 
816 8 832 125 F: 4 3 1 
831 11 875 354 F: 5 2 4 
842 5 847 75 F: 2 2 1 
862 3 871 392 F: 3 
864 11 875 184 F: 4 3 4 
866 2 868 175 F: 2 
878 11 911 345 F: 5 3 3 
878 12 902 444 F: 12 
880 9 898 73 F: 3 4 2 
881 10 911 494 F: 4 6 
888 11 932 457 F: 4 4 3 
890 9 926 186 F: 9 
909 5 929 104 F: 2 3 
924 7 938 313 F: 3 1 3 
942 7 963 490 F: 3 4 
942 11 953 33 F: 11 
947 5 952 412 F: 5 
954 8 978 11 F: 4 4 
957 10 997 377 F: 7 3 
960 2 962 417 F: 2 
963 10 973 485 F: 5 2 3 
968 9 995 28 F: 9 
976 9 1003 395 F: 9 
980 4 984 220 F: 4 
985 4 993 465 F: 3 1 
993 12 1029 78 F: 12 
999 8 1015 209 F: 6 2 
1009 6 1021 275 F: 2 2 2 
1018 4 1022 103 F: 4 
1029 7 1043 177 F: 3 3 1 
1030 9 1039 26 F: 7 2 
1033 12 1081 81 F: 6 6 
1038 11 1082 67 F: 11 
1040 6 1046 235 F: 6 
1040 12 1052 307 F: 7 5 
1045 7 1066 144 F: 2 2 3 
1055 13 1068 329 F: 5 4 4 
1058 8 1074 4 F: 2 3 3 
1058 12 1094 104 F: 7 5 
1061 10 1081 235 F: 5 1 4 
1062 4 1066 341 F: 4 
1085 6 1097 373 F: 3 1 2 
1100 5 1105 288 F: 2 3 
1107 10 1147 384 F: 10 
1123 8 1155 86 F: 8 
1132 12 1180 391 F: 5 4 3 
1151 4 1163 137 F: 3 1 
1156 10 1176 283 F: 4 6 
1158 4 1166 330 F: 4 
1158 8 1190 131 F: 4 1 3 
1166 7 1187 450 F: 2 3 2 
1169 7 1197 27 F: 7 
1169 11 1191 148 F: 11 
1172 11 1183 352 F: 4 4 3 
1179 7 1186 48 F: 2 2 3 
1181 10 1221 376 F: 5 5 
1193 12 1217 322 F: 12 
1200 2 1206 75 F: 2 
1202 11 1213 181 F: 11 
1209 5 1224 355 F: 3 1 1 
1214 7 1235 218 F: 6 1 
1219 7 1226 107 F: 7 
1219 10 1229 189 F: 4 6 
1223 6 1235 241 F: 2 1 3 
1242 12 1266 140 F: 7 5 
1242 12 1290 323 F: 5 4 3 
1253 11 1286 415 F: 11 
1258 8 1274 311 F: 8 
1265 2 1267 316 F: 2 
1265 9 1301 212 F: 7 2 
1272 4 1280 369 F: 3 1 
1291 9 1318 250 F: 6 3 
1304 5 1319 454 F: 5 
1309 7 1323 99 F: 4 3 
1311 10 1321 221 F: 10 
1314 13 1340 251 F: 13 
1319 7 1326 333 F: 2 2 3 
1323 4 1335 324 F: 4 
1337 8 1353 24 F: 8 
1338 6 1362 371 F: 4 2 
1341 6 1353 80 F: 4 2 
1342 2 1346 235 F: 2 
1351 4 1355 393 F: 4 
1371 6 1377 424 F: 2 3 1 
1379 11 1390 130 F: 11 
1394 5 1409 386 F: 5 
1399 9 1408 387 F: 9 
1419 8 1435 268 F: 8 
1431 6 1443 219 F: 4 2 
1438 7 1466 118 F: 7 
1444 7 1458 423 F: 5 2 
1451 5 1471 453 F: 5 
1456 6 1480 427 F: 3 3 
1456 8 1488 278 F: 7 1 
1456 9 1465 222 F: 9 
1465 3 1477 91 F: 3 
1478 8 1494 44 F: 4 1 3 
1483 2 1491 457 F: 2 
1487 5 1492 276 F: 2 2 1 
1487 12 1511 482 F: 12 
1490 6 1508 482 F: 6 
1492 3 1501 189 F: 3 
1502 8 1526 281 F: 5 3 
1506 11 1550 267 F: 5 4 2 
1513 7 1541 338 F: 4 2 1 
1520 8 1544 39 F: 5 2 1 
1523 11 1556 40 F: 11 
1532 5 1542 477 F: 2 3 
1553 6 1559 373 F: 5 1 
1561 2 1567 49 F: 2 
1566 12 1602 158 F: 5 3 4 
1567 8 1575 236 F: 6 2 
1578 6 1590 85 F: 2 2 2 
1586 11 1630 349 F: 5 6 
1592 11 1625 98 F: 7 4 
1597 7 1611 9 F: 2 1 4 
1599 4 1611 273 F: 4 
1603 5 1613 318 F: 5 
1606 4 1622 140 F: 2 1 1 
1618 10 1638 410 F: 4 3 3 
1621 9 1657 492 F: 5 4 
1624 9 1642 44 F: 4 3 2 
1631 6 1649 477 F: 3 3 
1640 10 1660 340 F: 10 
1643 10 1653 247 F: 10 
1648 5 1668 270 F: 5 
1650 8 1666 6 F: 2 6 
1652 13 1704 48 F: 13 
1653 6 1677 391 F: 6 
1654 8 1678 106 F: 4 1 3 
1661 5 1676 228 F: 5 
1662 12 1698 414 F: 12 
1712 12 1736 241 F: 12 
1719 12 1755 17 F: 12 
1724 7 1745 248 F: 3 4 
1746 10 1776 271 F: 5 2 3 
1747 5 1757 255 F: 4 1 
1752 11 1796 236 F: 5 4 2 
1753 12 1801 65 F: 6 6 
1776 11 1820 218 F: 11 
1783 10 1813 267 F: 5 3 2 
1785 5 1800 226 F: 3 1 1 
1786 3 1792 339 F: 2 1 
1786 5 1791 399 F: 5 
1787 9 1823 466 F: 3 3 3 
1791 13 1830 145 F: 13 
1795 7 1802 242 F: 3 4 
1801 4 1805 94 F: 2 1 1 
1818 7 1846 83 F: 3 4 
1818 10 1838 2 F: 3 3 4 
1826 9 1862 363 F: 9 
1826 11 1837 401 F: 5 3 3 
1832 5 1852 312 F: 2 2 1 
1836 9 1872 367 F: 2 3 4 
1841 8 1857 133 F: 7 1 
1844 5 1854 332 F: 5 
1846 6 1858 287 F: 3 3 
1850 8 1882 345 F: 3 3 2 
1861 12 1873 378 F: 12 
1891 8 1907 200 F: 3 1 4 
1897 4 1913 73 F: 4 
1897 9 1924 241 F: 7 2 
1913 3 1922 287 F: 3 
1915 11 1937 185 F: 5 3 3 
1921 10 1931 34 F: 3 4 3 
1925 6 1943 387 F: 4 2 
1925 10 1955 51 F: 5 2 3 
1926 12 1950 309 F: 5 3 4 
1935 10 1965 287 F: 10 
1939 7 1953 277 F: 2 2 3 
1948 8 1956 205 F: 4 4 
1959 7 1980 160 F: 6 1 
1965 9 1983 82 F: 4 1 4 
1981 10 2021 287 F: 4 6 
1982 9 2018 237 F: 7 2 
1989 3 1992 142 F: 3 
1999 5 2004 69 F: 4 1 
2025 7 2046 24 F: 2 2 3 
2028 9 2064 398 F: 6 3 
2029 8 2053 56 F: 4 4 
2031 9 2049 413 F: 3 4 2 
2032 8 2040 185 F: 8 
2034 11 2045 10 F: 6 5 
2035 12 2071 259 F: 12 
2037 9 2046 293 F: 5 4 
2055 3 2061 103 F: 3 
2062 7 2076 346 F: 2 5 
2064 11 2086 451 F: 6 5 
2067 8 2083 327 F: 5 1 2 
2070 8 2102 375 F: 2 6 
2079 8 2095 172 F: 4 3 1 
2086 5 2101 285 F: 2 3 
2113 11 2146 273 F: 11 
2124 10 2164 252 F: 4 2 4 
2132 7 2160 79 F: 4 2 1 
2138 5 2158 312 F: 2 1 2 
2150 7 2171 415 F: 2 2 3 
2153 7 2167 328 F: 3 1 3 
2157 9 2166 280 F: 3 4 2 
2157 9 2184 286 F: 4 1 4 
2175 2 2179 410 F: 2 
2181 5 2191 364 F: 5 
2181 7 2209 338 F: 2 5 
2183 5 2193 353 F: 5 
2193 8 2225 341 F: 3 3 2 
2195 8 2203 12 F: 4 4 
2195 9 2231 77 F: 9 
2202 12 2250 346 F: 12 
2204 11 2248 411 F: 7 4 
2205 9 2241 134 F: 6 3 
2225 6 2243 312 F: 2 2 2 
2227 11 2260 326 F: 11 
2252 13 2278 270 F: 13 
2253 4 2269 386 F: 4 
2256 9 2283 24 F: 7 2 
2257 12 2293 325 F: 12 
2272 3 2275 321 F: 3 
2277 11 2310 183 F: 5 3 3 
2290 5 2310 272 F: 4 1 
2290 9 2308 496 F: 9 
2291 10 2331 68 F: 5 4 1 
2292 7 2299 66 F: 2 3 2 
2310 7 2317 399 F: 3 4 
2321 6 2339 179 F: 4 2 
2324 3 2330 379 F: 2 1 
2337 6 2343 340 F: 6 
2347 5 2367 453 F: 2 3 
2347 11 2380 295 F: 5 3 3 
2351 9 2369 492 F: 7 2 
2356 10 2376 331 F: 5 4 1 
2372 6 2390 229 F: 2 2 2 
2372 11 2383 150 F: 5 2 4 
2378 9 2396 379 F: 9 
2384 9 2411 124 F: 2 4 3 
2389 13 2428 69 F: 13 
2392 9 2428 485 F: 5 2 2 
2392 11 2425 251 F: 5 4 2 
2403 12 2439 22 F: 12 
2405 6 2423 296 F: 3 3 
2405 12 2441 314 F: 6 6 
2406 9 2415 379 F: 5 3 1 
2412 2 2418 444 F: 2 
2418 6 2430 377 F: 2 4 
2424 5 2434 83 F: 2 3 
2430 8 2446 339 F: 3 5 
2437 8 2461 276 F: 8 
2438 5 2443 351 F: 2 1 2 
2442 5 2462 281 F: 5 
2457 12 2469 263 F: 12 
2485 4 2489 453 F: 3 1 
2487 7 2508 381 F: 6 1 
2488 13 2540 483 F: 13 
2501 8 2533 294 F: 8 
2506 7 2527 334 F: 3 3 1 
2508 8 2524 298 F: 7 1 
2513 11 2546 113 F: 11 
2532 7 2539 18 F: 7 
2534 4 2542 155 F: 4 
2537 7 2558 319 F: 3 4 
2538 4 2554 477 F: 4 
2538 9 2565 304 F: 4 1 4 
2539 7 2553 185 F: 7 
2540 11 2584 84 F: 6 5 
2562 13 2575 116 F: 13 
2566 4 2582 479 F: 2 2 
2570 8 2594 103 F: 8 
2586 6 2592 174 F: 2 2 2 
2629 7 2636 30 F: 2 5 
2635 9 2653 451 F: 4 2 3 
2641 11 2674 17 F: 5 4 2 
2645 11 2656 13 F: 4 3 4 
2653 13 2679 251 F: 5 4 4 
2654 3 2663 498 F: 3 
2658 7 2679 217 F: 2 5 
2663 11 2685 13 F: 5 3 3 
2664 6 2676 368 F: 6 
2671 7 2685 326 F: 2 5 
2677 12 2725 265 F: 12 
2680 8 2704 357 F: 3 2 3 
2683 7 2690 283 F: 3 4 
2684 10 2704 299 F: 2 4 4 
2688 8 2696 108 F: 2 2 4 
2706 7 2713 313 F: 7 
2707 8 2715 316 F: 2 4 2 
2712 9 2721 57 F: 3 2 4 
2724 6 2742 31 F: 3 2 1 
2725 8 2749 189 F: 4 3 1 
2748 4 2764 302 F: 4 
2748 10 2758 220 F: 3 4 3 
2753 7 2781 370 F: 3 1 3 
2762 5 2767 486 F: 5 
2777 8 2785 42 F: 8 
2785 4 2793 383 F: 4 
2785 9 2812 148 F: 9 
2790 7 2797 334 F: 7 
2796 2 2802 255 F: 2 
2797 5 2802 281 F: 5 
2821 8 2837 456 F: 8 
2829 4 2837 392 F: 4 
2836 8 2844 72 F: 7 1 
2840 12 2876 247 F: 6 6 
2849 5 2869 320 F: 5 
2850 9 2886 441 F: 9 
2851 7 2872 440 F: 5 2 
2861 8 2893 198 F: 2 6 
2880 7 2908 458 F: 5 2 
2882 10 2892 402 F: 7 3 
2887 10 2907 249 F: 4 2 4 
2893 9 2929 394 F: 3 2 4 
2896 5 2916 443 F: 5 
2898 7 2905 186 F: 2 5 
2898 10 2908 308 F: 3 4 3 
2907 8 2939 335 F: 2 2 4 
2914 5 2934 274 F: 4 1 
2928 12 2952 167 F: 5 3 4 
2937 4 2949 401 F: 4 
2937 6 2961 470 F: 3 3 
2940 8 2964 428 F: 8 
2955 11 2966 392 F: 11 
2956 12 2980 179 F: 6 6 
2960 8 2968 200 F: 3 5 
2965 7 2979 109 F: 5 1 1 
2979 2 2981 185 F: 2 
2979 9 3006 215 F: 9 
2985 8 3009 46 F: 5 3 
2988 3 2994 461 F: 3 
2997 10 3027 421 F: 4 2 4 
3001 10 3031 167 F: 5 3 2 
3012 8 3044 335 F: 5 2 1 
3020 6 3032 470 F: 6 
3020 7 3041 425 F: 3 4 
3029 9 3065 103 F: 6 3 
3038 4 3046 476 F: 2 1 1 
3044 10 3064 427 F: 10 
3049 6 3061 386 F: 2 3 1 
3049 11 3093 499 F: 6 5 
3060 7 3067 495 F: 5 2 
3068 6 3086 381 F: 3 3 
3082 8 3090 444 F: 3 1 4 
3083 8 3115 80 F: 4 3 1 
3087 8 3103 218 F: 2 6 
3097 11 3141 24 F: 7 4 
3102 11 3135 456 F: 5 3 3 
3111 10 3141 403 F: 10 
3112 11 3123 372 F: 3 4 4 
3129 6 3141 10 F: 3 3 
3131 9 3140 30 F: 3 6 
3136 10 3166 374 F: 7 3 
3137 13 3150 112 F: 13 
3139 8 3163 127 F: 3 2 3 
3154 6 3178 431 F: 4 2 
3177 10 3207 485 F: 10 
3177 11 3199 68 F: 5 3 3 
3190 7 3211 244 F: 2 3 2 
3190 8 3222 279 F: 8 
3193 5 3198 314 F: 5 
3199 13 3212 49 F: 5 4 4 
3210 3 3213 384 F: 3 
3210 8 3242 47 F: 3 4 1 
3231 7 3252 484 F: 7 
3232 8 3248 200 F: 8 
3235 10 3265 381 F: 7 3 
3236 5 3246 335 F: 3 1 1 
3242 9 3278 60 F: 9 
3244 6 3256 76 F: 6 
3248 8 3264 313 F: 4 2 2 
3248 13 3300 38 F: 13 
3264 4 3272 183 F: 2 2 
3270 8 3278 454 F: 4 1 3 
3274 7 3295 317 F: 7 
3296 12 3308 228 F: 6 6 
3297 7 3304 14 F: 6 1 
3318 9 3336 306 F: 9 
3324 6 3342 474 F: 6 
3330 12 3366 330 F: 7 5 
3335 8 3351 281 F: 4 3 1 
3349 5 3369 202 F: 3 1 1 
D: 5 361 
D: 7 445 
D: 22 76 
D: 24 49 
D: 27 250 
D: 28 468 
D: 35 117 
D: 38 128 
D: 39 477 
D: 39 488 
D: 49 462 
D: 55 456 
D: 58 375 
D: 67 223 
D: 68 287 
D: 81 361 
D: 84 254 
D: 86 260 
D: 99 149 
D: 120 326 
D: 121 240 
D: 124 363 
D: 134 264 
D: 135 368 
D: 142 164 
D: 145 305 
D: 164 172 
D: 166 410 
D: 171 453 
D: 196 414 
D: 199 447 
D: 204 244 
D: 208 390 
D: 210 427 
D: 212 285 
D: 223 320 
D: 226 407 
D: 243 460 
D: 247 449 
D: 250 429 
D: 252 454 
D: 264 334 
D: 270 295 
D: 295 425 
D: 298 313 
D: 303 328 
D: 309 414 
D: 372 407 
D: 373 384 
D: 451 468 
