0 5 20 417 F: 5 
2 9 29 388 F: 9 
6 5 21 84 F: 2 1 2 
12 4 16 322 F: 3 1 
46 6 52 327 F: 3 3 
46 6 58 465 F: 3 2 1 
50 12 86 162 F: 12 
52 10 92 445 F: 5 3 2 
56 3 68 484 F: 3 
69 4 81 130 F: 4 
85 9 94 493 F: 4 2 3 
85 9 112 412 F: 4 5 
90 8 114 193 F: 4 1 3 
92 9 119 231 F: 4 2 3 
93 13 132 1 F: 7 6 
101 12 125 459 F: 12 
113 5 123 58 F: 4 1 
122 5 137 216 F: 2 3 
123 6 141 326 F: 4 2 
139 3 151 471 F: 3 
148 4 152 424 F: 2 1 1 
150 11 183 159 F: 7 4 
154 11 165 337 F: 5 6 
155 8 187 78 F: 5 1 2 
157 9 184 33 F: 4 4 1 
160 4 164 201 F: 3 1 
168 8 184 164 F: 2 6 
168 9 195 246 F: 2 3 4 
175 3 184 5 F: 2 1 
182 7 189 374 F: 6 1 
204 4 220 454 F: 4 
209 3 221 353 F: 2 1 
211 2 213 426 F: 2 
214 8 230 276 F: 2 6 
222 12 270 462 F: 12 
223 8 255 102 F: 2 4 2 
233 7 261 314 F: 3 4 
245 11 267 81 F: 5 6 
248 2 252 103 F: 2 
251 12 299 213 F: 12 
263 5 273 359 F: 5 
278 6 284 28 F: 6 
285 10 295 19 F: 10 
290 8 298 226 F: 2 6 
297 6 309 147 F: 6 
307 4 315 212 F: 2 2 
313 9 340 241 F: 9 
329 3 332 360 F: 2 1 
330 11 363 146 F: 7 4 
334 6 340 280 F: 3 3 
355 6 379 177 F: 5 1 
358 7 379 83 F: 4 2 1 
364 11 408 372 F: 3 4 4 
377 5 397 89 F: 2 1 2 
378 11 400 1 F: 6 5 
380 9 416 391 F: 6 3 
389 5 409 42 F: 3 1 1 
391 11 413 74 F: 11 
395 3 404 84 F: 3 
398 6 410 391 F: 4 2 
415 9 424 91 F: 9 
420 3 432 242 F: 3 
431 9 467 158 F: 7 2 
432 4 436 434 F: 4 
433 9 442 388 F: 6 3 
439 3 445 68 F: 3 
456 12 480 493 F: 6 6 
466 2 474 128 F: 2 
468 9 486 89 F: 5 4 
472 3 484 109 F: 2 1 
474 5 489 81 F: 4 1 
475 12 487 334 F: 6 6 
476 10 516 212 F: 3 4 3 
492 4 500 92 F: 3 1 
498 3 507 91 F: 2 1 
501 9 537 490 F: 4 1 4 
527 10 557 79 F: 10 
538 3 541 82 F: 2 1 
545 5 565 85 F: 2 3 
548 10 568 86 F: 5 4 1 
555 7 576 233 F: 4 2 1 
576 9 585 198 F: 3 3 3 
580 11 613 60 F: 5 2 4 
580 13 606 214 F: 13 
587 10 597 227 F: 5 5 
592 8 616 58 F: 3 4 1 
592 9 619 142 F: 9 
593 10 613 278 F: 7 3 
598 5 608 54 F: 2 3 
598 8 606 358 F: 8 
602 11 635 136 F: 3 4 4 
604 6 622 465 F: 2 3 1 
604 11 648 433 F: 6 5 
609 5 614 127 F: 2 1 2 
614 11 647 284 F: 11 
623 8 647 380 F: 7 1 
633 12 657 394 F: 12 
638 13 651 388 F: 13 
642 6 660 87 F: 6 
661 11 694 26 F: 11 
661 11 694 493 F: 5 6 
662 6 680 300 F: 5 1 
691 11 713 92 F: 7 4 
695 5 710 318 F: 4 1 
697 8 705 191 F: 4 2 2 
704 12 740 159 F: 6 6 
707 10 717 185 F: 4 6 
715 2 717 152 F: 2 
722 8 730 156 F: 5 3 
723 11 745 8 F: 11 
735 13 761 5 F: 7 6 
740 12 776 274 F: 7 5 
747 11 791 103 F: 11 
754 10 794 135 F: 4 2 4 
764 8 796 279 F: 5 1 2 
765 12 789 63 F: 12 
777 8 785 129 F: 3 5 
781 7 809 180 F: 7 
792 10 832 298 F: 4 6 
798 7 819 493 F: 2 1 4 
800 11 844 24 F: 11 
809 4 813 11 F: 4 
809 4 825 172 F: 4 
816 6 822 476 F: 6 
817 9 844 151 F: 3 4 2 
819 3 825 335 F: 3 
828 12 852 253 F: 12 
829 3 832 445 F: 2 1 
853 3 856 474 F: 3 
864 12 912 359 F: 5 3 4 
867 12 879 65 F: 5 4 3 
876 10 886 116 F: 3 3 4 
881 13 907 362 F: 13 
884 7 905 154 F: 7 
898 7 905 421 F: 2 5 
917 8 933 96 F: 8 
918 3 927 357 F: 3 
924 7 952 447 F: 5 1 1 
927 9 954 467 F: 3 4 2 
928 8 960 27 F: 3 5 
946 6 970 267 F: 6 
953 2 955 455 F: 2 
959 4 971 453 F: 2 2 
969 3 978 3 F: 3 
983 8 1007 253 F: 4 2 2 
985 10 1005 171 F: 10 
989 6 1007 196 F: 6 
990 3 1002 13 F: 2 1 
994 12 1006 426 F: 12 
995 3 1001 487 F: 3 
1021 5 1031 392 F: 2 1 2 
1023 4 1039 353 F: 2 1 1 
1047 5 1062 378 F: 5 
1048 10 1088 456 F: 5 2 3 
1051 5 1071 94 F: 4 1 
1054 5 1074 160 F: 2 3 
1066 6 1084 458 F: 5 1 
1070 6 1082 379 F: 6 
1074 9 1083 327 F: 5 2 2 
1077 7 1091 163 F: 7 
1078 10 1118 21 F: 5 4 1 
1087 11 1109 266 F: 5 2 4 
1090 7 1097 454 F: 5 2 
1093 9 1120 477 F: 7 2 
1097 10 1137 185 F: 10 
1110 9 1128 278 F: 3 3 3 
1114 11 1158 291 F: 5 6 
1130 11 1141 318 F: 4 3 4 
1151 9 1178 173 F: 4 1 4 
1154 4 1162 12 F: 4 
1154 7 1175 193 F: 7 
1155 8 1171 60 F: 2 3 3 
1158 6 1164 296 F: 6 
1168 10 1188 159 F: 5 2 3 
1169 8 1177 414 F: 2 6 
1182 6 1194 492 F: 3 3 
1190 13 1229 364 F: 13 
1192 13 1231 61 F: 13 
1195 10 1225 229 F: 5 1 4 
1199 5 1204 67 F: 2 2 1 
1225 8 1249 110 F: 4 4 
1226 3 1238 200 F: 2 1 
1229 7 1257 111 F: 3 2 2 
1232 2 1240 64 F: 2 
1235 6 1241 63 F: 4 1 1 
1248 10 1268 73 F: 4 6 
1260 13 1312 38 F: 13 
1262 6 1268 444 F: 5 1 
1262 6 1280 386 F: 6 
1262 7 1269 366 F: 7 
1262 13 1275 91 F: 13 
1269 6 1293 56 F: 6 
1286 11 1308 319 F: 11 
1287 5 1297 321 F: 3 1 1 
1298 11 1331 96 F: 4 3 4 
1316 8 1348 251 F: 4 1 3 
1316 10 1326 234 F: 7 3 
1329 9 1356 112 F: 6 3 
1329 13 1342 289 F: 13 
1330 8 1362 262 F: 2 3 3 
1331 4 1347 335 F: 4 
1331 12 1367 497 F: 6 6 
1337 7 1358 219 F: 7 
1343 10 1383 252 F: 10 
1365 12 1377 484 F: 5 4 3 
1368 6 1386 255 F: 2 1 3 
1368 11 1379 227 F: 11 
1375 10 1395 472 F: 6 4 
1388 12 1424 14 F: 12 
1394 9 1430 411 F: 5 2 2 
1406 10 1416 118 F: 4 2 4 
1419 3 1425 21 F: 2 1 
1425 6 1431 417 F: 4 1 1 
1428 10 1468 198 F: 4 3 3 
1429 9 1465 279 F: 4 1 4 
1435 9 1462 435 F: 5 3 1 
1444 6 1468 16 F: 2 2 2 
1455 5 1475 236 F: 5 
1457 4 1461 287 F: 4 
1461 8 1493 170 F: 3 4 1 
1461 11 1494 459 F: 6 5 
1471 7 1485 221 F: 5 2 
1475 4 1491 186 F: 2 1 1 
1478 13 1491 376 F: 13 
1488 7 1495 473 F: 4 3 
1504 3 1510 395 F: 3 
1506 7 1527 356 F: 5 2 
1507 9 1525 207 F: 7 2 
1522 12 1534 382 F: 6 6 
1532 6 1544 13 F: 2 4 
1535 10 1545 346 F: 5 1 4 
1538 7 1552 103 F: 7 
1545 9 1563 333 F: 2 3 4 
1553 8 1585 37 F: 3 3 2 
1568 10 1588 473 F: 10 
1583 10 1603 450 F: 10 
1590 8 1598 87 F: 5 1 2 
1591 10 1601 390 F: 5 2 3 
1596 9 1614 230 F: 4 5 
1598 10 1638 344 F: 4 3 3 
1600 7 1614 461 F: 7 
1602 11 1613 471 F: 4 4 3 
1604 9 1631 321 F: 4 4 1 
1613 6 1625 498 F: 5 1 
1617 13 1669 106 F: 13 
1620 10 1630 401 F: 4 3 3 
1626 13 1678 220 F: 13 
1644 7 1665 165 F: 2 2 3 
1644 9 1653 274 F: 5 2 2 
1665 5 1685 394 F: 5 
1671 5 1676 306 F: 2 1 2 
1688 8 1696 285 F: 4 4 
1691 9 1700 355 F: 3 6 
1691 10 1721 155 F: 10 
1695 9 1713 22 F: 2 3 4 
1705 11 1749 243 F: 7 4 
1709 10 1719 254 F: 10 
1710 4 1714 38 F: 2 2 
1710 11 1754 281 F: 4 3 4 
1712 6 1736 103 F: 6 
1722 7 1743 422 F: 3 2 2 
1725 11 1758 456 F: 11 
1729 9 1738 448 F: 2 3 4 
1732 7 1739 214 F: 7 
1739 2 1745 363 F: 2 
1741 5 1756 416 F: 5 
1745 4 1753 291 F: 4 
1745 13 1784 36 F: 13 
1761 11 1783 283 F: 5 4 2 
1781 5 1786 443 F: 5 
1800 5 1820 290 F: 2 2 1 
1807 11 1818 63 F: 11 
1811 6 1823 178 F: 6 
1827 6 1845 174 F: 3 2 1 
1828 12 1864 227 F: 12 
1838 7 1866 203 F: 2 2 3 
1845 10 1875 442 F: 6 4 
1856 9 1883 131 F: 4 2 3 
1859 8 1875 451 F: 5 3 
1873 9 1909 308 F: 9 
1873 10 1883 276 F: 3 3 4 
1874 8 1906 94 F: 5 2 1 
1875 6 1887 303 F: 5 1 
1881 8 1905 35 F: 2 6 
1891 9 1909 412 F: 2 3 4 
1907 6 1913 451 F: 2 4 
1921 8 1953 295 F: 2 3 3 
1928 8 1936 120 F: 3 3 2 
1935 11 1957 224 F: 3 4 4 
1946 10 1986 130 F: 4 6 
1952 7 1973 257 F: 5 2 
1957 12 1969 231 F: 5 4 3 
1971 12 2007 473 F: 12 
1976 8 1992 457 F: 4 2 2 
1978 12 2002 478 F: 7 5 
1987 10 2027 429 F: 3 4 3 
1987 11 2020 206 F: 3 4 4 
1991 8 2007 343 F: 4 4 
1992 7 2013 39 F: 7 
1996 9 2023 334 F: 9 
2000 6 2012 73 F: 2 1 3 
2002 7 2023 497 F: 7 
2005 10 2035 86 F: 10 
2012 10 2032 163 F: 10 
2029 10 2039 466 F: 3 4 3 
2038 9 2074 37 F: 9 
2044 12 2092 424 F: 12 
2049 7 2070 268 F: 4 1 2 
2054 11 2098 441 F: 7 4 
2056 5 2071 266 F: 5 
2074 13 2100 156 F: 5 4 4 
2075 7 2103 196 F: 6 1 
2076 6 2088 368 F: 6 
2077 10 2117 201 F: 10 
2093 3 2102 300 F: 3 
2111 7 2139 44 F: 3 4 
2126 9 2135 228 F: 9 
2126 11 2137 135 F: 5 6 
2131 10 2151 184 F: 2 4 4 
2134 12 2146 223 F: 4 4 4 
2137 8 2145 98 F: 4 4 
2139 5 2149 374 F: 5 
2143 11 2154 17 F: 5 6 
2149 10 2169 30 F: 7 3 
2156 8 2164 258 F: 5 2 1 
2168 11 2212 317 F: 11 
2170 2 2176 460 F: 2 
2171 3 2174 47 F: 3 
2173 7 2201 450 F: 7 
2195 8 2211 280 F: 8 
2209 5 2229 483 F: 5 
2209 8 2233 338 F: 2 2 4 
2210 13 2236 308 F: 13 
2211 5 2221 475 F: 3 1 1 
2215 11 2226 293 F: 5 6 
2216 7 2244 444 F: 2 2 3 
2238 8 2270 226 F: 4 4 
2244 10 2274 372 F: 5 4 1 
2245 13 2258 360 F: 5 4 4 
2256 8 2280 353 F: 5 3 
2268 10 2288 71 F: 10 
2273 5 2288 77 F: 5 
2280 11 2313 357 F: 5 6 
2283 8 2315 369 F: 8 
2294 2 2302 410 F: 2 
2305 12 2317 109 F: 12 
2309 10 2339 493 F: 3 4 3 
2309 13 2322 51 F: 13 
2314 9 2350 373 F: 4 2 3 
2320 7 2348 313 F: 5 1 1 
2329 5 2334 136 F: 4 1 
2331 8 2355 114 F: 2 4 2 
2333 12 2357 307 F: 5 4 3 
2343 4 2359 408 F: 2 2 
2351 7 2379 479 F: 3 4 
2367 7 2388 439 F: 3 4 
2384 7 2412 52 F: 4 1 2 
2385 2 2387 178 F: 2 
2393 5 2398 105 F: 2 2 1 
2394 8 2426 312 F: 6 2 
2413 13 2426 476 F: 13 
2423 8 2431 413 F: 3 1 4 
2424 5 2444 53 F: 2 3 
2425 7 2453 447 F: 6 1 
2425 10 2465 56 F: 10 
2432 9 2441 416 F: 7 2 
2434 12 2458 243 F: 7 5 
2435 10 2465 494 F: 6 4 
2440 9 2476 376 F: 3 6 
2453 12 2489 450 F: 6 6 
2454 7 2468 431 F: 7 
2471 6 2489 242 F: 3 2 1 
2480 7 2487 210 F: 5 2 
2481 9 2499 467 F: 2 3 4 
2489 12 2513 427 F: 7 5 
2517 9 2544 191 F: 7 2 
2527 2 2533 496 F: 2 
2528 12 2552 19 F: 4 4 4 
2532 5 2537 378 F: 4 1 
2532 10 2562 87 F: 10 
2533 6 2551 389 F: 4 2 
2537 6 2549 133 F: 2 3 1 
2539 8 2563 125 F: 2 6 
2544 10 2564 70 F: 7 3 
2562 7 2590 83 F: 2 4 1 
2568 7 2596 146 F: 2 3 2 
2570 8 2594 183 F: 3 4 1 
2582 10 2622 406 F: 10 
2584 10 2594 490 F: 3 3 4 
2597 8 2621 94 F: 4 2 2 
2600 7 2621 425 F: 5 2 
2605 7 2633 312 F: 4 3 
2611 10 2651 383 F: 5 4 1 
2618 11 2640 304 F: 5 4 2 
2619 5 2639 354 F: 5 
2634 6 2646 341 F: 2 4 
2646 8 2670 248 F: 4 4 
2649 8 2665 113 F: 7 1 
2665 9 2692 460 F: 3 4 2 
2667 10 2677 442 F: 5 4 1 
2668 11 2701 451 F: 11 
2669 11 2680 120 F: 11 
2691 11 2713 157 F: 7 4 
2693 10 2733 459 F: 4 2 4 
2698 7 2705 274 F: 4 3 
2706 5 2721 74 F: 5 
2708 2 2716 275 F: 2 
2713 10 2753 389 F: 3 3 4 
2718 11 2740 9 F: 4 3 4 
2721 8 2753 278 F: 3 2 3 
2724 8 2756 162 F: 2 3 3 
2727 8 2759 283 F: 8 
2735 4 2751 482 F: 4 
2738 11 2760 142 F: 11 
2755 10 2765 176 F: 10 
2770 7 2791 136 F: 3 2 2 
2786 5 2806 258 F: 4 1 
2796 9 2805 182 F: 6 3 
2796 9 2823 191 F: 4 2 3 
2798 7 2805 430 F: 7 
2803 9 2821 454 F: 9 
2808 8 2840 349 F: 4 1 3 
2811 10 2821 134 F: 5 1 4 
2812 11 2834 413 F: 6 5 
2822 5 2842 299 F: 3 2 
2830 7 2837 156 F: 7 
2841 5 2856 212 F: 5 
2856 10 2896 341 F: 10 
2856 11 2878 403 F: 7 4 
2862 10 2882 154 F: 3 4 3 
2867 8 2891 492 F: 7 1 
2883 8 2915 203 F: 4 2 2 
2889 10 2919 354 F: 4 2 4 
2889 13 2941 84 F: 13 
2896 13 2922 189 F: 13 
2900 11 2944 449 F: 3 4 4 
2911 10 2951 160 F: 7 3 
2913 5 2933 154 F: 3 2 
2918 7 2939 48 F: 3 4 
2918 9 2945 68 F: 4 5 
2922 6 2946 385 F: 3 3 
2923 5 2928 188 F: 3 1 1 
2928 10 2938 188 F: 4 6 
2931 10 2951 478 F: 3 4 3 
2936 5 2956 404 F: 4 1 
2936 10 2976 3 F: 4 6 
2942 12 2990 94 F: 5 4 3 
2950 3 2956 340 F: 2 1 
2966 9 2993 15 F: 4 3 2 
2973 12 3009 103 F: 12 
3010 10 3020 410 F: 5 1 4 
3018 9 3036 475 F: 3 4 2 
3021 11 3054 270 F: 6 5 
3023 2 3025 10 F: 2 
3028 11 3061 79 F: 4 3 4 
3031 3 3040 153 F: 3 
3031 12 3055 420 F: 4 4 4 
3033 10 3073 446 F: 3 3 4 
3044 11 3055 27 F: 3 4 4 
3048 7 3062 253 F: 3 4 
3075 7 3082 354 F: 6 1 
3083 6 3107 199 F: 5 1 
3083 13 3122 309 F: 13 
3084 8 3116 219 F: 3 4 1 
3092 11 3103 127 F: 7 4 
3102 9 3129 240 F: 9 
3112 2 3120 214 F: 2 
3113 5 3118 172 F: 5 
3113 7 3127 21 F: 2 5 
3142 8 3166 485 F: 5 2 1 
3145 12 3169 369 F: 7 5 
3150 8 3174 51 F: 2 2 4 
3164 8 3188 249 F: 4 4 
3179 11 3223 145 F: 5 2 4 
3180 7 3187 496 F: 4 3 
3184 6 3202 401 F: 6 
3185 3 3197 358 F: 3 
3195 11 3206 480 F: 11 
3196 6 3214 360 F: 6 
3199 8 3215 115 F: 3 5 
3209 4 3225 4 F: 2 1 1 
3213 11 3246 292 F: 11 
3218 7 3246 356 F: 7 
3218 9 3254 457 F: 9 
3237 12 3273 222 F: 7 5 
3242 2 3248 128 F: 2 
3244 11 3288 197 F: 11 
3245 11 3289 359 F: 11 
3256 9 3274 358 F: 3 4 2 
3262 6 3286 343 F: 6 
3268 3 3277 496 F: 3 
3268 7 3275 103 F: 3 4 
3277 4 3293 268 F: 4 
3282 12 3306 367 F: 12 
3299 8 3331 51 F: 8 
3301 9 3319 212 F: 4 5 
3311 4 3323 79 F: 2 1 1 
3322 5 3342 277 F: 2 2 1 
3327 12 3339 488 F: 12 
3329 4 3341 379 F: 3 1 
D: 4 275 
D: 13 404 
D: 21 413 
D: 25 92 
D: 26 397 
D: 36 258 
D: 51 401 
D: 52 441 
D: 74 72 
D: 76 435 
D: 79 383 
D: 85 290 
D: 87 126 
D: 91 231 
D: 99 369 
D: 102 236 
D: 110 286 
D: 112 325 
D: 112 334 
D: 115 239 
D: 116 332 
D: 127 169 
D: 138 485 
D: 147 341 
D: 148 156 
D: 153 300 
D: 155 478 
D: 157 337 
D: 164 466 
D: 174 254 
D: 180 445 
D: 192 288 
D: 213 269 
D: 231 349 
D: 232 252 
D: 241 305 
D: 241 452 
D: 249 388 
D: 284 325 
D: 308 305 
D: 313 464 
D: 318 364 
D: 353 435 
D: 367 370 
D: 378 493 
D: 400 418 
D: 415 422 
D: 430 451 
D: 435 446 
D: 445 446 
