6 4 22 98 F: 4 
6 5 26 227 F: 4 1 
22 7 50 285 F: 6 1 
31 8 47 427 F: 5 2 1 
41 5 56 478 F: 5 
42 11 53 2 F: 5 6 
42 11 75 293 F: 5 6 
56 12 92 497 F: 12 
57 11 101 428 F: 5 4 2 
66 11 99 344 F: 4 4 3 
74 11 118 499 F: 5 6 
78 9 96 130 F: 4 3 2 
86 3 92 347 F: 3 
87 3 90 173 F: 3 
94 4 98 464 F: 3 1 
117 3 129 481 F: 3 
123 7 151 83 F: 4 2 1 
128 8 144 328 F: 6 2 
136 12 160 240 F: 12 
146 5 156 240 F: 5 
150 7 164 447 F: 2 5 
160 8 192 479 F: 5 3 
164 7 185 298 F: 7 
172 8 188 215 F: 3 3 2 
179 6 197 332 F: 6 
179 8 187 419 F: 8 
181 6 187 15 F: 6 
183 5 188 463 F: 5 
192 9 201 384 F: 4 1 4 
199 10 229 182 F: 10 
210 7 231 283 F: 4 2 1 
211 12 223 455 F: 12 
216 8 232 427 F: 8 
220 7 234 361 F: 7 
222 9 240 392 F: 4 4 1 
236 3 242 322 F: 2 1 
241 9 277 18 F: 9 
260 8 284 322 F: 6 2 
266 6 290 379 F: 6 
268 9 277 455 F: 5 3 1 
273 6 285 348 F: 3 2 1 
275 7 296 417 F: 3 2 2 
282 7 310 216 F: 7 
292 3 304 166 F: 3 
298 10 328 69 F: 4 3 3 
302 10 312 23 F: 5 2 3 
302 12 314 184 F: 4 4 4 
304 10 334 197 F: 4 6 
315 8 347 394 F: 6 2 
329 8 361 10 F: 7 1 
331 5 336 25 F: 3 1 1 
335 10 345 12 F: 10 
338 4 354 169 F: 4 
340 8 364 288 F: 5 1 2 
341 10 381 152 F: 4 4 2 
351 9 369 416 F: 5 2 2 
366 7 394 89 F: 3 2 2 
367 7 388 241 F: 3 3 1 
388 4 404 62 F: 3 1 
395 8 411 65 F: 2 2 4 
405 3 414 262 F: 2 1 
412 4 416 480 F: 4 
413 12 449 141 F: 4 4 4 
419 4 427 484 F: 2 2 
422 13 448 176 F: 7 6 
441 7 455 219 F: 7 
447 9 483 165 F: 5 1 3 
482 9 509 242 F: 3 3 3 
484 13 536 186 F: 13 
491 6 503 152 F: 4 1 1 
491 8 507 360 F: 3 4 1 
491 12 515 251 F: 7 5 
492 7 506 428 F: 4 1 2 
494 5 499 67 F: 2 3 
497 9 515 402 F: 3 4 2 
512 6 530 471 F: 6 
512 6 536 252 F: 3 3 
516 7 544 332 F: 5 2 
520 7 548 343 F: 7 
520 12 532 79 F: 5 4 3 
522 6 540 27 F: 6 
525 10 535 263 F: 6 4 
536 6 542 261 F: 2 2 2 
538 7 566 500 F: 3 4 
556 10 576 412 F: 5 2 3 
569 6 587 237 F: 3 1 2 
572 7 600 12 F: 2 4 1 
583 7 597 4 F: 5 2 
588 9 615 86 F: 4 1 4 
594 5 604 171 F: 5 
611 8 643 452 F: 3 1 4 
619 11 630 214 F: 11 
621 3 624 229 F: 3 
621 11 632 154 F: 4 3 4 
626 6 650 305 F: 5 1 
639 6 657 109 F: 3 3 
644 8 668 234 F: 5 2 1 
658 7 665 198 F: 2 5 
665 6 689 380 F: 2 1 3 
671 7 692 21 F: 7 
684 6 696 389 F: 3 3 
686 9 722 127 F: 5 4 
688 10 698 460 F: 5 2 3 
694 9 703 112 F: 5 3 1 
696 7 724 58 F: 3 1 3 
707 12 755 284 F: 12 
719 9 755 178 F: 5 2 2 
723 5 738 335 F: 5 
723 9 732 304 F: 4 2 3 
727 8 759 119 F: 2 3 3 
735 9 744 273 F: 3 4 2 
736 6 760 289 F: 5 1 
737 10 777 359 F: 5 3 2 
739 6 751 492 F: 5 1 
739 9 766 377 F: 7 2 
745 5 750 14 F: 5 
763 10 773 4 F: 5 5 
773 10 793 370 F: 10 
782 6 806 382 F: 4 1 1 
797 7 818 187 F: 4 3 
808 10 828 200 F: 2 4 4 
820 8 836 427 F: 3 3 2 
825 12 849 58 F: 6 6 
852 6 858 500 F: 3 3 
856 11 889 139 F: 4 3 4 
857 12 869 265 F: 6 6 
859 9 895 190 F: 6 3 
864 4 880 203 F: 4 
864 11 908 376 F: 7 4 
883 4 895 390 F: 4 
885 9 894 347 F: 9 
885 12 921 378 F: 5 4 3 
891 8 907 243 F: 2 6 
891 10 911 46 F: 5 4 1 
892 6 904 338 F: 4 1 1 
905 7 919 262 F: 6 1 
906 12 942 296 F: 12 
908 10 948 333 F: 5 3 2 
915 12 927 437 F: 12 
918 11 962 191 F: 11 
928 7 942 7 F: 5 2 
930 11 941 304 F: 11 
940 13 979 267 F: 5 4 4 
955 2 963 458 F: 2 
957 9 966 87 F: 5 3 1 
958 11 991 338 F: 11 
979 9 1006 165 F: 9 
987 13 1013 38 F: 13 
991 12 1039 414 F: 4 4 4 
996 6 1020 317 F: 5 1 
1004 7 1018 125 F: 2 4 1 
1004 11 1015 168 F: 3 4 4 
1005 7 1026 309 F: 7 
1007 2 1011 387 F: 2 
1015 6 1039 434 F: 4 1 1 
1015 12 1027 333 F: 5 3 4 
1016 7 1044 485 F: 3 2 2 
1023 3 1029 183 F: 3 
1030 6 1054 349 F: 6 
1051 9 1087 173 F: 3 2 4 
1060 6 1078 416 F: 5 1 
1070 6 1094 296 F: 2 2 2 
1074 13 1113 394 F: 5 4 4 
1086 7 1100 401 F: 3 3 1 
1099 7 1120 85 F: 3 3 1 
1107 7 1128 326 F: 7 
1113 8 1137 472 F: 8 
1132 7 1139 332 F: 2 2 3 
1135 2 1141 60 F: 2 
1135 13 1174 127 F: 13 
1137 11 1159 124 F: 11 
1139 5 1144 308 F: 3 1 1 
1163 8 1171 436 F: 5 3 
1164 6 1188 45 F: 2 3 1 
1164 9 1200 481 F: 3 3 3 
1189 6 1195 1 F: 6 
1189 11 1200 7 F: 11 
1192 7 1213 80 F: 7 
1192 11 1214 193 F: 4 4 3 
1195 7 1209 120 F: 5 2 
1214 10 1224 33 F: 4 6 
1217 7 1224 176 F: 5 2 
1217 10 1227 239 F: 10 
1218 10 1248 445 F: 4 6 
1220 8 1228 112 F: 3 5 
1226 11 1248 21 F: 5 6 
1231 13 1257 396 F: 7 6 
1237 4 1245 445 F: 4 
1237 12 1261 485 F: 12 
1247 3 1259 270 F: 3 
1262 3 1274 238 F: 3 
1262 8 1294 320 F: 4 2 2 
1282 10 1322 65 F: 7 3 
1286 7 1293 105 F: 7 
1287 5 1297 126 F: 5 
1304 12 1316 492 F: 5 3 4 
1309 10 1319 297 F: 5 5 
1319 4 1335 421 F: 2 2 
1325 11 1336 221 F: 11 
1334 8 1358 358 F: 4 2 2 
1335 7 1349 18 F: 7 
1343 12 1367 268 F: 12 
1345 6 1351 132 F: 2 3 1 
1348 7 1362 7 F: 5 1 1 
1351 3 1357 226 F: 3 
1365 4 1377 112 F: 3 1 
1382 7 1410 347 F: 7 
1387 12 1423 407 F: 6 6 
1389 8 1397 185 F: 2 3 3 
1399 11 1410 270 F: 5 6 
1404 6 1416 440 F: 6 
1442 9 1478 223 F: 9 
1456 5 1471 370 F: 3 2 
1462 11 1484 258 F: 11 
1465 9 1492 362 F: 4 2 3 
1465 9 1501 343 F: 6 3 
1467 4 1479 124 F: 4 
1467 12 1503 241 F: 12 
1468 4 1476 271 F: 4 
1476 9 1503 340 F: 9 
1485 4 1497 382 F: 4 
1485 8 1493 292 F: 2 2 4 
1494 7 1522 132 F: 3 4 
1494 9 1503 406 F: 5 3 1 
1494 9 1512 298 F: 4 4 1 
1501 7 1508 5 F: 2 3 2 
1521 11 1543 47 F: 5 6 
1529 7 1536 21 F: 2 2 3 
1534 7 1562 29 F: 7 
1538 5 1553 199 F: 2 2 1 
1538 10 1548 432 F: 10 
1547 6 1565 370 F: 3 3 
1559 6 1571 287 F: 2 3 1 
1562 7 1569 194 F: 7 
1563 5 1583 282 F: 2 2 1 
1580 7 1601 143 F: 2 5 
1580 10 1610 147 F: 4 3 3 
1586 4 1602 225 F: 4 
1588 4 1604 480 F: 3 1 
1592 8 1600 120 F: 8 
1606 5 1611 261 F: 3 1 1 
1606 9 1615 134 F: 6 3 
1613 11 1646 122 F: 11 
1617 3 1626 48 F: 3 
1624 7 1645 446 F: 7 
1625 8 1649 61 F: 3 4 1 
1643 2 1647 46 F: 2 
1645 11 1678 412 F: 3 4 4 
1652 10 1692 495 F: 5 5 
1659 8 1683 376 F: 4 4 
1660 10 1670 101 F: 10 
1662 11 1695 406 F: 11 
1664 10 1684 138 F: 10 
1672 7 1679 82 F: 6 1 
1692 6 1710 204 F: 6 
1706 11 1728 353 F: 7 4 
1710 6 1716 85 F: 3 3 
1727 10 1747 328 F: 10 
1745 8 1769 358 F: 3 3 2 
1754 9 1772 133 F: 4 4 1 
1761 10 1791 25 F: 10 
1763 6 1787 291 F: 6 
1771 12 1795 130 F: 12 
1773 6 1791 443 F: 6 
1773 8 1789 364 F: 2 6 
1778 10 1788 253 F: 5 1 4 
1778 12 1802 484 F: 12 
1784 9 1811 256 F: 3 6 
1789 12 1801 403 F: 12 
1790 7 1804 326 F: 4 3 
1813 6 1831 303 F: 3 2 1 
1824 3 1833 167 F: 3 
1828 8 1844 57 F: 2 6 
1839 8 1863 15 F: 4 1 3 
1840 7 1861 13 F: 4 2 1 
1848 8 1864 127 F: 2 2 4 
1851 12 1899 153 F: 12 
1852 7 1873 13 F: 6 1 
1863 10 1903 465 F: 5 4 1 
1865 4 1881 470 F: 4 
1866 9 1875 105 F: 4 1 4 
1867 8 1875 23 F: 2 6 
1867 9 1903 29 F: 3 4 2 
1875 2 1879 85 F: 2 
1888 9 1897 248 F: 7 2 
1904 10 1924 315 F: 5 1 4 
1917 8 1941 202 F: 2 2 4 
1924 10 1954 55 F: 3 4 3 
1928 11 1972 26 F: 7 4 
1937 10 1957 81 F: 10 
1942 8 1974 216 F: 3 3 2 
1943 8 1959 128 F: 8 
1947 6 1953 285 F: 2 4 
1958 7 1965 352 F: 2 5 
1967 11 1989 85 F: 5 2 4 
1986 10 2026 453 F: 5 5 
1987 10 2007 397 F: 5 2 3 
1988 9 2024 236 F: 9 
1996 9 2032 136 F: 3 2 4 
1997 10 2027 199 F: 10 
2011 5 2026 434 F: 3 2 
2016 7 2030 267 F: 3 1 3 
2027 6 2033 194 F: 2 2 2 
2027 6 2051 40 F: 6 
2029 7 2057 238 F: 4 1 2 
2033 8 2057 442 F: 7 1 
2035 6 2041 440 F: 5 1 
2042 6 2066 267 F: 6 
2053 7 2074 128 F: 2 4 1 
2061 7 2089 442 F: 3 4 
2065 12 2113 101 F: 12 
2071 12 2119 370 F: 5 4 3 
2078 6 2084 350 F: 5 1 
2091 10 2101 486 F: 6 4 
2098 5 2118 204 F: 5 
2103 8 2127 472 F: 3 1 4 
2113 5 2128 59 F: 5 
2123 9 2150 355 F: 9 
2124 13 2176 441 F: 13 
2130 6 2142 198 F: 2 3 1 
2135 10 2155 498 F: 10 
2137 8 2169 250 F: 3 1 4 
2156 5 2176 353 F: 2 3 
2159 7 2173 182 F: 4 3 
2163 5 2168 475 F: 2 2 1 
2176 5 2181 137 F: 3 1 1 
2177 10 2197 65 F: 4 4 2 
2178 7 2185 170 F: 4 1 2 
2179 11 2223 356 F: 3 4 4 
2181 10 2201 194 F: 6 4 
2235 10 2265 241 F: 5 5 
2237 9 2273 229 F: 5 3 1 
2244 9 2280 34 F: 3 4 2 
2254 7 2282 156 F: 3 1 3 
2254 10 2274 383 F: 6 4 
2264 8 2272 175 F: 3 5 
2266 9 2293 280 F: 5 2 2 
2267 5 2282 263 F: 2 3 
2270 2 2274 290 F: 2 
2276 8 2300 261 F: 8 
2277 7 2284 498 F: 4 3 
2277 9 2313 262 F: 4 3 2 
2284 7 2312 87 F: 7 
2285 9 2312 126 F: 6 3 
2294 10 2334 50 F: 10 
2310 5 2320 203 F: 5 
2313 7 2327 484 F: 7 
2313 10 2333 494 F: 4 4 2 
2320 8 2336 476 F: 8 
2326 3 2335 39 F: 3 
2327 4 2331 478 F: 4 
2327 12 2363 206 F: 12 
2331 5 2341 227 F: 3 1 1 
2334 11 2367 172 F: 4 3 4 
2347 13 2399 138 F: 13 
2348 12 2396 273 F: 5 3 4 
2378 11 2400 364 F: 11 
2395 9 2422 132 F: 9 
2396 7 2424 238 F: 5 2 
2396 9 2432 216 F: 4 3 2 
2400 10 2410 378 F: 5 1 4 
2402 6 2426 363 F: 4 2 
2405 10 2435 344 F: 4 6 
2407 6 2431 53 F: 6 
2417 8 2449 89 F: 3 1 4 
2440 6 2464 146 F: 5 1 
2450 8 2474 161 F: 3 4 1 
2452 7 2480 205 F: 2 5 
2453 3 2465 126 F: 3 
2477 6 2495 32 F: 3 1 2 
2481 12 2493 80 F: 5 3 4 
2485 2 2489 257 F: 2 
2492 9 2528 258 F: 3 2 4 
2493 12 2529 101 F: 6 6 
2497 10 2507 100 F: 10 
2506 3 2509 484 F: 3 
2517 6 2541 447 F: 2 1 3 
2518 6 2536 424 F: 3 1 2 
2522 7 2543 291 F: 6 1 
2526 10 2566 449 F: 7 3 
2546 8 2562 170 F: 4 1 3 
2551 13 2603 160 F: 13 
2554 4 2562 316 F: 3 1 
2563 2 2565 185 F: 2 
2574 10 2594 495 F: 5 2 3 
2575 7 2582 66 F: 2 3 2 
2584 6 2590 8 F: 4 2 
2589 7 2596 185 F: 3 3 1 
2590 11 2634 283 F: 6 5 
2595 10 2615 277 F: 10 
2601 5 2616 338 F: 5 
2604 8 2612 43 F: 2 6 
2605 3 2611 44 F: 2 1 
2605 6 2623 197 F: 2 4 
2613 7 2620 273 F: 7 
2616 13 2642 295 F: 13 
2620 10 2630 118 F: 10 
2622 8 2654 320 F: 5 3 
2629 5 2634 345 F: 5 
2670 10 2680 436 F: 7 3 
2671 5 2686 150 F: 5 
2675 10 2705 455 F: 10 
2676 12 2712 19 F: 6 6 
2685 10 2725 210 F: 6 4 
2692 10 2722 124 F: 10 
2704 3 2710 24 F: 3 
2705 7 2733 178 F: 4 3 
2716 8 2732 13 F: 8 
2717 7 2731 274 F: 7 
2730 7 2744 252 F: 7 
2730 11 2774 355 F: 5 4 2 
2734 12 2782 399 F: 4 4 4 
2735 10 2745 7 F: 7 3 
2751 6 2763 238 F: 2 4 
2761 4 2773 94 F: 2 2 
2763 6 2781 367 F: 4 2 
2772 9 2799 91 F: 9 
2779 5 2794 41 F: 2 3 
2780 13 2819 254 F: 7 6 
2790 12 2838 489 F: 12 
2801 13 2840 488 F: 13 
2802 5 2817 306 F: 3 2 
2802 8 2818 304 F: 7 1 
2803 8 2827 61 F: 2 3 3 
2813 6 2819 180 F: 3 3 
2823 4 2831 119 F: 3 1 
2824 10 2864 311 F: 4 4 2 
2827 9 2863 375 F: 4 1 4 
2838 3 2847 175 F: 3 
2850 9 2877 111 F: 3 4 2 
2856 9 2874 284 F: 9 
2869 10 2889 264 F: 4 2 4 
2871 9 2898 254 F: 3 6 
2884 6 2896 343 F: 4 2 
2885 10 2895 139 F: 10 
2913 9 2949 89 F: 2 4 3 
2918 10 2938 248 F: 6 4 
2925 12 2961 451 F: 6 6 
2926 8 2942 406 F: 5 3 
2927 8 2943 229 F: 2 2 4 
2934 7 2955 21 F: 2 4 1 
2935 13 2961 37 F: 13 
2951 5 2971 195 F: 5 
2952 9 2979 182 F: 3 4 2 
2952 12 3000 35 F: 12 
2970 13 3009 457 F: 13 
2975 9 3011 298 F: 5 1 3 
2982 5 2992 314 F: 2 3 
2987 10 3027 56 F: 4 4 2 
2993 6 3017 37 F: 6 
3000 9 3036 232 F: 4 5 
3004 4 3012 498 F: 3 1 
3005 6 3011 13 F: 5 1 
3010 5 3015 115 F: 5 
3010 6 3034 410 F: 3 1 2 
3011 6 3017 184 F: 3 1 2 
3020 10 3060 115 F: 10 
3034 11 3056 269 F: 5 4 2 
3058 4 3070 53 F: 4 
3072 10 3092 206 F: 7 3 
3079 10 3119 462 F: 4 2 4 
3084 10 3094 441 F: 4 2 4 
3093 9 3120 104 F: 7 2 
3099 7 3120 316 F: 5 2 
3099 10 3139 219 F: 3 3 4 
3102 10 3132 107 F: 5 3 2 
3121 7 3149 162 F: 7 
3128 4 3140 311 F: 4 
3134 12 3182 478 F: 12 
3135 10 3165 323 F: 5 5 
3153 10 3193 67 F: 10 
3155 4 3167 25 F: 3 1 
3159 7 3166 352 F: 3 2 2 
3159 13 3211 153 F: 13 
3161 7 3182 214 F: 2 2 3 
3170 10 3210 432 F: 4 3 3 
3172 9 3199 161 F: 2 3 4 
3177 12 3225 188 F: 6 6 
3181 8 3189 53 F: 3 1 4 
3192 9 3210 451 F: 9 
3201 6 3213 65 F: 2 3 1 
3202 7 3230 196 F: 5 1 1 
3215 12 3239 457 F: 7 5 
3225 6 3249 257 F: 2 4 
3239 8 3255 125 F: 3 5 
3251 6 3263 201 F: 6 
3254 6 3260 328 F: 3 3 
3256 8 3264 262 F: 3 1 4 
3256 8 3280 477 F: 6 2 
3258 8 3282 482 F: 8 
3265 10 3285 408 F: 5 3 2 
3270 11 3314 126 F: 5 6 
3275 6 3281 147 F: 2 4 
3277 3 3286 277 F: 3 
3285 12 3321 456 F: 5 4 3 
3323 3 3326 8 F: 3 
3324 6 3336 239 F: 2 3 1 
3325 6 3343 488 F: 6 
3334 8 3342 274 F: 4 4 
3338 8 3354 144 F: 2 4 2 
D: 2 427 
D: 3 365 
D: 7 352 
D: 20 367 
D: 27 435 
D: 30 493 
D: 32 70 
D: 36 94 
D: 56 403 
D: 67 184 
D: 70 198 
D: 71 237 
D: 83 187 
D: 97 385 
D: 109 193 
D: 111 140 
D: 116 386 
D: 123 354 
D: 135 399 
D: 137 154 
D: 137 228 
D: 145 177 
D: 165 216 
D: 174 247 
D: 178 424 
D: 180 216 
D: 189 484 
D: 191 293 
D: 195 391 
D: 195 402 
D: 196 302 
D: 205 364 
D: 206 387 
D: 228 452 
D: 236 314 
D: 238 480 
D: 240 409 
D: 252 410 
D: 254 388 
D: 262 299 
D: 263 428 
D: 267 471 
D: 281 468 
D: 293 417 
D: 297 397 
D: 321 441 
D: 366 451 
D: 395 447 
D: 398 397 
D: 428 490 
