14 10 24 59 F: 5 1 4 
16 12 28 374 F: 4 4 4 
22 10 52 274 F: 4 6 
27 6 45 228 F: 3 2 1 
33 9 69 148 F: 5 2 2 
37 2 41 335 F: 2 
42 4 58 473 F: 3 1 
71 3 77 461 F: 3 
72 10 82 319 F: 4 4 2 
76 8 92 439 F: 8 
80 11 102 200 F: 11 
81 11 103 238 F: 5 3 3 
88 3 97 467 F: 2 1 
97 9 115 244 F: 4 4 1 
98 13 124 297 F: 13 
108 6 120 402 F: 2 1 3 
113 8 145 65 F: 6 2 
114 9 123 70 F: 3 4 2 
118 8 126 325 F: 4 1 3 
119 12 143 404 F: 4 4 4 
120 5 125 280 F: 5 
125 5 140 94 F: 3 1 1 
135 12 147 474 F: 6 6 
141 10 181 254 F: 4 4 2 
148 6 160 355 F: 6 
170 5 185 43 F: 5 
171 6 195 189 F: 2 2 2 
173 13 225 353 F: 13 
176 13 215 226 F: 13 
198 8 206 307 F: 3 5 
206 7 220 71 F: 3 2 2 
226 2 234 355 F: 2 
231 5 241 2 F: 5 
233 9 269 308 F: 5 2 2 
240 4 244 108 F: 2 2 
249 10 269 418 F: 10 
251 6 275 324 F: 2 4 
254 2 262 459 F: 2 
254 12 290 484 F: 6 6 
259 5 269 222 F: 2 1 2 
264 13 316 462 F: 13 
267 12 303 425 F: 6 6 
270 6 288 3 F: 2 2 2 
296 6 308 455 F: 5 1 
296 11 307 349 F: 11 
311 7 325 333 F: 5 1 1 
314 7 321 392 F: 3 2 2 
321 9 357 188 F: 4 3 2 
323 13 336 337 F: 13 
327 13 340 313 F: 13 
330 11 363 129 F: 11 
333 3 339 240 F: 3 
347 7 368 229 F: 2 5 
352 8 376 137 F: 3 5 
354 11 376 227 F: 11 
364 9 373 301 F: 5 4 
365 8 373 273 F: 8 
382 7 396 400 F: 7 
383 2 385 144 F: 2 
390 10 430 319 F: 10 
406 8 414 415 F: 2 3 3 
409 8 433 45 F: 3 2 3 
414 4 418 496 F: 4 
429 11 440 148 F: 5 4 2 
430 8 438 455 F: 4 1 3 
431 10 441 43 F: 7 3 
432 2 436 243 F: 2 
441 7 469 1 F: 5 1 1 
443 12 491 121 F: 12 
458 10 478 379 F: 6 4 
462 5 467 13 F: 4 1 
462 9 489 171 F: 9 
468 7 482 320 F: 2 5 
469 3 481 87 F: 3 
499 11 510 334 F: 6 5 
527 6 545 416 F: 4 2 
531 12 579 78 F: 6 6 
535 11 546 29 F: 6 5 
536 9 554 39 F: 3 6 
541 7 569 299 F: 7 
546 12 570 256 F: 12 
557 5 562 359 F: 5 
561 9 579 91 F: 4 3 2 
567 4 571 186 F: 4 
575 11 608 20 F: 11 
578 8 594 484 F: 3 5 
582 12 606 431 F: 12 
584 11 617 288 F: 3 4 4 
585 10 625 500 F: 6 4 
593 9 602 145 F: 7 2 
601 13 627 211 F: 13 
602 11 646 360 F: 11 
604 9 622 329 F: 4 1 4 
624 10 644 494 F: 2 4 4 
629 9 647 227 F: 5 3 1 
634 13 673 199 F: 13 
637 9 646 32 F: 9 
637 9 646 49 F: 4 2 3 
639 9 648 440 F: 3 6 
656 8 664 181 F: 2 3 3 
666 9 684 23 F: 9 
675 4 691 405 F: 4 
686 7 707 409 F: 2 2 3 
687 9 723 468 F: 3 6 
692 8 724 368 F: 5 3 
701 7 715 210 F: 5 2 
710 10 720 213 F: 10 
712 4 724 193 F: 3 1 
724 10 754 78 F: 5 5 
730 10 770 228 F: 4 6 
733 8 765 281 F: 8 
734 4 738 349 F: 2 2 
734 7 755 246 F: 2 3 2 
737 3 746 239 F: 3 
750 10 760 328 F: 10 
772 13 811 189 F: 13 
779 4 783 217 F: 2 2 
779 9 797 399 F: 5 4 
792 7 806 348 F: 2 4 1 
795 10 805 82 F: 5 2 3 
813 7 834 323 F: 7 
821 5 841 199 F: 4 1 
821 11 832 22 F: 11 
835 4 843 88 F: 4 
835 12 883 282 F: 12 
841 10 851 429 F: 10 
847 10 877 140 F: 3 3 4 
865 10 905 289 F: 3 4 3 
866 6 890 258 F: 6 
871 10 911 133 F: 10 
875 3 887 123 F: 2 1 
878 11 911 461 F: 11 
880 8 912 199 F: 5 2 1 
895 9 913 142 F: 6 3 
898 2 900 381 F: 2 
901 8 909 92 F: 8 
930 10 970 181 F: 4 6 
935 9 953 275 F: 3 3 3 
936 9 972 100 F: 3 6 
939 3 951 413 F: 3 
939 10 969 401 F: 5 5 
939 11 950 426 F: 4 4 3 
948 8 972 433 F: 2 6 
974 7 988 35 F: 5 2 
985 10 1015 49 F: 10 
986 4 990 255 F: 3 1 
987 8 1011 201 F: 2 6 
990 12 1026 440 F: 7 5 
992 10 1012 137 F: 4 6 
997 11 1008 147 F: 6 5 
1001 8 1017 295 F: 8 
1013 10 1043 492 F: 5 5 
1017 10 1057 321 F: 10 
1030 9 1057 94 F: 5 2 2 
1040 12 1064 445 F: 12 
1045 7 1066 460 F: 2 2 3 
1052 11 1085 60 F: 5 2 4 
1059 6 1071 471 F: 2 4 
1061 7 1068 486 F: 2 3 2 
1064 9 1091 405 F: 5 4 
1069 8 1077 446 F: 5 2 1 
1071 8 1079 27 F: 2 2 4 
1082 10 1092 122 F: 10 
1091 10 1121 391 F: 6 4 
1092 9 1110 469 F: 4 5 
1100 9 1127 155 F: 9 
1106 5 1121 36 F: 5 
1126 9 1162 35 F: 2 3 4 
1126 10 1136 10 F: 10 
1135 7 1163 316 F: 7 
1141 11 1174 187 F: 5 4 2 
1147 10 1167 278 F: 10 
1159 9 1168 140 F: 5 1 3 
1160 12 1208 431 F: 7 5 
1167 8 1199 272 F: 5 1 2 
1168 11 1190 239 F: 5 4 2 
1172 7 1193 203 F: 5 1 1 
1178 8 1210 11 F: 2 2 4 
1189 7 1217 171 F: 2 3 2 
1198 9 1225 137 F: 7 2 
1202 11 1224 233 F: 11 
1212 5 1232 379 F: 2 2 1 
1221 2 1225 25 F: 2 
1230 7 1251 186 F: 6 1 
1246 12 1258 46 F: 5 4 3 
1253 8 1277 140 F: 2 6 
1258 8 1282 49 F: 4 4 
1258 10 1278 237 F: 5 5 
1265 9 1292 422 F: 2 4 3 
1266 11 1299 403 F: 11 
1268 8 1292 53 F: 3 2 3 
1274 13 1287 415 F: 7 6 
1281 10 1321 276 F: 4 6 
1286 8 1294 321 F: 4 1 3 
1292 11 1303 225 F: 11 
1301 11 1323 115 F: 5 2 4 
1302 8 1318 279 F: 5 3 
1312 7 1326 231 F: 7 
1317 7 1338 46 F: 5 1 1 
1332 7 1360 498 F: 4 3 
1337 8 1345 180 F: 2 3 3 
1350 9 1386 378 F: 5 1 3 
1352 6 1364 428 F: 6 
1359 9 1386 457 F: 3 3 3 
1361 5 1366 391 F: 5 
1363 5 1378 243 F: 5 
1364 8 1388 366 F: 8 
1366 7 1373 364 F: 2 4 1 
1376 8 1408 467 F: 8 
1390 5 1405 395 F: 2 1 2 
1401 9 1410 7 F: 5 3 1 
1404 11 1437 301 F: 3 4 4 
1407 13 1446 455 F: 13 
1424 9 1460 57 F: 3 3 3 
1428 9 1464 445 F: 4 5 
1431 9 1449 101 F: 2 4 3 
1445 10 1475 458 F: 5 3 2 
1446 13 1498 153 F: 5 4 4 
1450 10 1460 128 F: 4 2 4 
1458 10 1478 189 F: 10 
1463 6 1469 210 F: 4 2 
1464 6 1476 250 F: 6 
1474 13 1487 201 F: 13 
1476 7 1483 439 F: 2 5 
1491 11 1524 482 F: 7 4 
1509 7 1516 445 F: 5 2 
1509 8 1541 14 F: 8 
1509 13 1522 233 F: 13 
1511 7 1532 126 F: 3 1 3 
1511 10 1541 348 F: 3 3 4 
1515 11 1548 308 F: 5 6 
1519 9 1528 104 F: 7 2 
1530 6 1542 269 F: 3 1 2 
1544 4 1552 237 F: 4 
1549 8 1565 486 F: 3 4 1 
1556 6 1568 367 F: 6 
1578 13 1617 132 F: 5 4 4 
1581 9 1599 69 F: 4 4 1 
1588 9 1624 139 F: 2 4 3 
1594 11 1627 141 F: 6 5 
1602 8 1634 155 F: 6 2 
1608 8 1624 499 F: 3 2 3 
1609 5 1619 456 F: 3 1 1 
1618 9 1636 282 F: 7 2 
1626 9 1644 97 F: 3 6 
1629 8 1661 406 F: 6 2 
1645 9 1663 343 F: 9 
1655 6 1673 385 F: 4 1 1 
1657 13 1670 250 F: 13 
1659 8 1675 51 F: 2 2 4 
1663 10 1693 107 F: 3 3 4 
1669 7 1697 412 F: 2 4 1 
1682 4 1690 251 F: 4 
1684 7 1698 25 F: 2 2 3 
1698 7 1705 20 F: 2 5 
1702 5 1707 211 F: 4 1 
1714 6 1738 385 F: 2 4 
1716 6 1740 135 F: 6 
1731 13 1757 340 F: 7 6 
1741 9 1759 483 F: 4 3 2 
1743 8 1775 342 F: 3 2 3 
1746 8 1770 6 F: 6 2 
1748 11 1792 223 F: 11 
1754 4 1766 357 F: 4 
1757 8 1773 265 F: 5 1 2 
1759 8 1767 440 F: 3 4 1 
1763 6 1787 430 F: 3 3 
1769 8 1801 65 F: 8 
1794 2 1798 477 F: 2 
1799 10 1839 180 F: 10 
1802 5 1817 69 F: 2 1 2 
1813 7 1834 367 F: 4 1 2 
1820 9 1847 173 F: 3 6 
1823 3 1829 223 F: 3 
1828 10 1858 279 F: 6 4 
1844 6 1850 367 F: 3 3 
1848 8 1864 94 F: 8 
1849 5 1854 327 F: 4 1 
1855 9 1864 484 F: 3 4 2 
1878 7 1906 6 F: 7 
1879 4 1887 480 F: 4 
1883 9 1892 300 F: 4 1 4 
1890 6 1908 361 F: 2 4 
1891 6 1909 408 F: 4 2 
1896 10 1926 59 F: 4 3 3 
1901 7 1915 408 F: 3 3 1 
1910 5 1930 369 F: 2 1 2 
1911 7 1932 480 F: 2 5 
1911 9 1947 231 F: 5 4 
1921 10 1951 49 F: 10 
1925 12 1973 467 F: 7 5 
1929 5 1949 261 F: 4 1 
1935 8 1943 25 F: 3 5 
1943 12 1967 493 F: 12 
1961 11 1972 93 F: 6 5 
1962 12 1986 487 F: 5 4 3 
1974 8 1990 56 F: 2 2 4 
1981 12 2017 1 F: 5 3 4 
1990 9 2008 271 F: 4 2 3 
1993 12 2029 337 F: 5 3 4 
2009 10 2039 367 F: 5 3 2 
2022 10 2062 194 F: 7 3 
2025 6 2037 27 F: 3 1 2 
2027 5 2042 151 F: 2 3 
2034 6 2046 338 F: 5 1 
2039 6 2063 202 F: 4 2 
2040 6 2046 488 F: 6 
2046 8 2070 381 F: 5 3 
2053 8 2085 212 F: 3 5 
2074 8 2098 142 F: 3 2 3 
2079 7 2086 404 F: 6 1 
2082 3 2088 5 F: 3 
2083 13 2109 319 F: 7 6 
2090 10 2130 158 F: 6 4 
2093 11 2104 74 F: 5 4 2 
2103 12 2139 18 F: 6 6 
2106 8 2122 209 F: 8 
2109 6 2121 470 F: 6 
2118 10 2158 382 F: 4 2 4 
2125 8 2141 175 F: 5 3 
2131 10 2161 139 F: 4 2 4 
2137 6 2155 318 F: 6 
2140 12 2188 84 F: 7 5 
2145 10 2165 145 F: 4 4 2 
2146 6 2164 472 F: 4 2 
2152 10 2192 181 F: 4 6 
2163 7 2177 437 F: 4 2 1 
2176 11 2220 464 F: 6 5 
2178 2 2180 417 F: 2 
2190 9 2226 199 F: 3 4 2 
2206 8 2238 446 F: 3 5 
2209 7 2230 40 F: 3 2 2 
2213 8 2229 398 F: 2 6 
2242 6 2254 405 F: 2 4 
2245 7 2273 161 F: 7 
2246 6 2264 415 F: 4 2 
2250 5 2265 70 F: 2 3 
2253 8 2261 132 F: 6 2 
2257 2 2263 119 F: 2 
2258 7 2272 342 F: 3 3 1 
2260 8 2292 467 F: 5 3 
2270 8 2286 201 F: 5 1 2 
2273 9 2291 139 F: 4 1 4 
2286 8 2302 368 F: 5 2 1 
2299 12 2347 337 F: 5 3 4 
2301 10 2331 250 F: 5 3 2 
2307 10 2317 245 F: 4 2 4 
2311 9 2347 418 F: 5 2 2 
2317 8 2341 20 F: 8 
2321 6 2327 424 F: 2 4 
2323 8 2331 41 F: 5 3 
2327 10 2337 119 F: 7 3 
2334 3 2340 171 F: 3 
2364 10 2394 164 F: 4 6 
2371 13 2384 277 F: 13 
2374 6 2386 6 F: 3 3 
2374 11 2418 29 F: 11 
2379 10 2409 117 F: 6 4 
2380 9 2416 220 F: 3 6 
2381 10 2391 257 F: 4 4 2 
2412 5 2422 497 F: 4 1 
2416 11 2438 10 F: 11 
2432 8 2440 42 F: 5 1 2 
2438 6 2456 264 F: 5 1 
2438 9 2465 166 F: 4 3 2 
2444 11 2477 255 F: 6 5 
2446 8 2454 237 F: 3 2 3 
2451 8 2483 398 F: 2 6 
2459 10 2499 163 F: 10 
2464 7 2492 389 F: 7 
2470 10 2510 81 F: 5 3 2 
2474 8 2498 297 F: 7 1 
2490 8 2506 481 F: 3 5 
2497 9 2524 318 F: 3 3 3 
2498 7 2505 456 F: 2 4 1 
2501 11 2512 383 F: 5 6 
2503 10 2533 328 F: 4 3 3 
2515 8 2547 393 F: 2 3 3 
2522 5 2532 326 F: 2 3 
2522 13 2574 223 F: 13 
2525 8 2533 375 F: 5 2 1 
2531 11 2542 262 F: 5 2 4 
2537 8 2561 235 F: 2 6 
2555 10 2595 378 F: 4 6 
2561 10 2601 334 F: 4 6 
2573 10 2583 325 F: 5 2 3 
2573 11 2606 280 F: 3 4 4 
2573 13 2599 248 F: 13 
2574 10 2594 493 F: 10 
2588 8 2612 8 F: 4 3 1 
2604 8 2620 36 F: 2 4 2 
2617 12 2665 231 F: 12 
2629 9 2665 374 F: 9 
2638 12 2674 271 F: 4 4 4 
2644 5 2649 400 F: 2 3 
2644 8 2676 429 F: 3 5 
2648 7 2655 34 F: 5 2 
2649 8 2681 188 F: 5 1 2 
2661 8 2677 100 F: 3 3 2 
2680 7 2687 384 F: 2 3 2 
2681 10 2721 49 F: 5 3 2 
2682 10 2712 323 F: 5 3 2 
2688 12 2712 173 F: 12 
2696 8 2720 2 F: 8 
2699 6 2717 112 F: 6 
2700 7 2721 185 F: 3 1 3 
2717 5 2727 155 F: 2 2 1 
2722 6 2728 122 F: 6 
2735 6 2741 11 F: 6 
2735 9 2753 108 F: 4 5 
2744 6 2756 432 F: 6 
2749 11 2771 113 F: 11 
2759 13 2785 213 F: 13 
2762 10 2772 445 F: 5 5 
2764 12 2776 242 F: 12 
2774 6 2780 405 F: 6 
2778 8 2810 250 F: 5 2 1 
2784 8 2792 65 F: 6 2 
2785 10 2825 132 F: 4 2 4 
2786 8 2810 416 F: 2 4 2 
2800 10 2830 424 F: 6 4 
2800 10 2830 450 F: 6 4 
2801 6 2825 231 F: 2 4 
2805 9 2841 464 F: 2 3 4 
2827 9 2836 244 F: 9 
2831 11 2853 373 F: 4 4 3 
2832 4 2844 314 F: 4 
2841 8 2849 69 F: 8 
2843 12 2855 478 F: 12 
2848 4 2864 454 F: 4 
2848 6 2866 133 F: 3 3 
2851 8 2859 296 F: 6 2 
2857 10 2897 293 F: 3 4 3 
2867 10 2887 229 F: 6 4 
2870 5 2880 260 F: 5 
2906 7 2913 380 F: 5 2 
2917 10 2927 62 F: 3 3 4 
2933 5 2938 442 F: 3 2 
2939 6 2963 352 F: 4 1 1 
2945 5 2950 170 F: 5 
2960 7 2981 466 F: 7 
2966 7 2973 284 F: 2 3 2 
2969 9 2987 100 F: 7 2 
2973 4 2977 49 F: 2 1 1 
2975 11 3008 377 F: 11 
2981 9 2990 500 F: 5 3 1 
2987 12 3011 218 F: 12 
2990 8 3006 380 F: 4 3 1 
2991 9 3018 448 F: 4 2 3 
2993 9 3002 320 F: 7 2 
3002 8 3026 152 F: 2 2 4 
3010 3 3019 225 F: 3 
3012 6 3030 134 F: 2 1 3 
3017 13 3056 478 F: 13 
3028 11 3061 94 F: 7 4 
3036 10 3066 368 F: 4 6 
3058 11 3091 143 F: 5 2 4 
3059 10 3069 251 F: 5 3 2 
3060 7 3074 438 F: 7 
3064 8 3072 372 F: 7 1 
3073 5 3083 497 F: 2 1 2 
3073 7 3094 413 F: 3 1 3 
3082 10 3112 215 F: 10 
3091 9 3109 375 F: 5 4 
3094 7 3122 256 F: 2 1 4 
3101 8 3109 373 F: 4 4 
3101 11 3112 466 F: 11 
3106 9 3133 53 F: 2 3 4 
3121 6 3145 114 F: 3 1 2 
3128 9 3164 75 F: 7 2 
3141 5 3146 109 F: 3 2 
3144 9 3153 287 F: 2 4 3 
3149 12 3173 288 F: 12 
3164 7 3185 83 F: 7 
3168 8 3184 161 F: 3 4 1 
3177 9 3213 390 F: 5 1 3 
3179 9 3188 484 F: 3 2 4 
3186 9 3222 24 F: 3 6 
3192 2 3196 44 F: 2 
3193 9 3211 367 F: 4 1 4 
3200 11 3222 306 F: 4 4 3 
3205 6 3217 1 F: 4 1 1 
3211 10 3241 173 F: 4 3 3 
3214 8 3246 100 F: 5 1 2 
3240 11 3273 241 F: 11 
3242 7 3256 273 F: 3 1 3 
3265 7 3279 356 F: 4 2 1 
3281 10 3291 227 F: 10 
3283 11 3305 52 F: 5 6 
3285 8 3309 447 F: 4 4 
3294 9 3312 206 F: 9 
3296 11 3318 467 F: 5 6 
3297 7 3325 485 F: 3 3 1 
3297 12 3309 262 F: 12 
3299 6 3305 143 F: 3 1 2 
3305 6 3329 295 F: 2 3 1 
3309 6 3327 142 F: 4 2 
3312 9 3339 339 F: 6 3 
3317 5 3322 257 F: 3 2 
3376 8 3400 267 F: 2 3 3 
D: 4 66 
D: 11 237 
D: 13 88 
D: 19 485 
D: 25 143 
D: 27 220 
D: 34 405 
D: 36 185 
D: 41 101 
D: 42 54 
D: 43 72 
D: 50 350 
D: 53 488 
D: 55 250 
D: 61 128 
D: 72 486 
D: 73 87 
D: 73 189 
D: 79 166 
D: 85 358 
D: 90 157 
D: 90 423 
D: 91 396 
D: 92 391 
D: 93 258 
D: 103 113 
D: 110 289 
D: 111 220 
D: 120 212 
D: 126 483 
D: 131 304 
D: 160 395 
D: 167 285 
D: 169 408 
D: 171 323 
D: 175 404 
D: 184 276 
D: 192 339 
D: 192 448 
D: 211 346 
D: 234 248 
D: 242 249 
D: 243 281 
D: 249 499 
D: 255 271 
D: 304 335 
D: 315 419 
D: 373 493 
D: 380 441 
D: 404 434 
