9 8 41 50 F: 5 1 2 
28 6 34 32 F: 3 2 1 
29 12 77 43 F: 12 
37 2 43 41 F: 2 
48 2 54 6 F: 2 
49 5 54 2 F: 5 
66 3 72 7 F: 3 
66 8 74 46 F: 3 1 4 
67 11 100 8 F: 3 4 4 
75 4 79 37 F: 4 
82 8 106 44 F: 3 5 
82 8 114 9 F: 8 
92 12 116 20 F: 5 4 3 
93 8 117 41 F: 2 6 
98 10 118 4 F: 4 3 3 
100 8 108 37 F: 2 4 2 
105 7 133 23 F: 2 4 1 
118 5 128 34 F: 5 
136 5 151 25 F: 2 1 2 
136 8 152 49 F: 2 6 
138 4 146 1 F: 3 1 
138 11 160 7 F: 6 5 
147 8 179 24 F: 5 3 
155 11 199 2 F: 5 4 2 
161 5 181 45 F: 5 
166 10 186 2 F: 10 
173 11 217 18 F: 5 6 
178 7 185 8 F: 4 1 2 
192 2 194 28 F: 2 
198 8 206 19 F: 2 4 2 
201 9 237 17 F: 2 4 3 
216 6 234 14 F: 4 2 
220 13 259 35 F: 13 
228 13 241 35 F: 13 
232 6 256 49 F: 6 
234 9 270 49 F: 6 3 
251 8 275 29 F: 8 
262 5 282 46 F: 4 1 
264 10 284 9 F: 4 3 3 
270 12 294 9 F: 12 
271 6 277 8 F: 4 2 
271 12 319 8 F: 12 
273 8 305 22 F: 3 4 1 
279 4 287 1 F: 4 
294 5 299 43 F: 5 
342 5 357 40 F: 5 
354 10 394 44 F: 6 4 
366 10 396 12 F: 5 1 4 
370 11 381 7 F: 11 
390 7 404 9 F: 6 1 
D: 14 31 
D: 23 34 
D: 23 41 
D: 23 42 
D: 31 36 
