8 10 48 261 F: 10 
14 12 26 146 F: 12 
22 8 38 105 F: 2 2 4 
25 10 65 76 F: 4 6 
27 9 36 13 F: 5 3 1 
41 8 57 491 F: 3 4 1 
47 6 71 421 F: 2 4 
59 12 107 89 F: 6 6 
72 12 108 154 F: 12 
76 12 100 1 F: 12 
81 3 84 106 F: 3 
82 9 118 300 F: 4 5 
85 7 99 440 F: 7 
86 7 107 128 F: 7 
86 8 94 270 F: 8 
104 7 118 198 F: 5 2 
123 9 141 391 F: 5 2 2 
136 9 172 48 F: 4 5 
140 10 150 299 F: 7 3 
141 11 174 202 F: 11 
142 9 151 295 F: 5 4 
156 4 160 219 F: 2 2 
163 9 181 133 F: 4 3 2 
165 7 172 126 F: 3 1 3 
179 13 218 309 F: 5 4 4 
182 7 203 404 F: 4 2 1 
187 9 214 323 F: 4 4 1 
188 6 212 269 F: 3 2 1 
189 8 213 333 F: 6 2 
194 6 212 112 F: 4 2 
204 8 236 182 F: 3 5 
206 4 222 117 F: 4 
217 4 233 430 F: 2 1 1 
229 8 237 192 F: 8 
242 7 249 245 F: 5 2 
252 9 279 196 F: 9 
254 10 284 5 F: 10 
270 12 282 347 F: 12 
271 6 277 218 F: 2 4 
273 9 291 297 F: 4 1 4 
279 12 315 176 F: 12 
280 8 296 245 F: 3 3 2 
286 8 302 165 F: 2 3 3 
293 13 332 232 F: 7 6 
298 7 326 233 F: 6 1 
312 7 326 326 F: 2 5 
312 9 339 388 F: 4 3 2 
317 8 333 457 F: 6 2 
320 11 331 278 F: 4 3 4 
322 4 338 108 F: 4 
322 6 328 432 F: 4 2 
338 10 348 358 F: 4 2 4 
339 7 353 107 F: 7 
349 10 379 127 F: 5 2 3 
350 10 370 353 F: 5 1 4 
352 6 376 138 F: 3 2 1 
364 5 379 170 F: 5 
374 6 380 306 F: 2 1 3 
390 12 438 307 F: 12 
397 6 403 112 F: 5 1 
400 10 430 380 F: 5 5 
406 12 418 124 F: 4 4 4 
415 11 448 354 F: 11 
415 13 428 376 F: 7 6 
425 12 473 98 F: 12 
435 10 445 44 F: 10 
437 6 455 64 F: 2 2 2 
439 10 469 276 F: 5 4 1 
446 9 473 458 F: 3 4 2 
446 12 494 429 F: 5 4 3 
452 4 456 41 F: 4 
460 11 504 239 F: 11 
462 9 489 284 F: 9 
473 7 480 467 F: 3 2 2 
484 8 516 94 F: 7 1 
500 8 508 176 F: 6 2 
501 3 513 354 F: 3 
512 8 544 171 F: 5 1 2 
515 9 533 197 F: 6 3 
518 4 530 286 F: 4 
531 10 561 183 F: 3 3 4 
542 11 553 39 F: 6 5 
551 5 561 477 F: 5 
564 7 592 448 F: 7 
572 6 590 359 F: 6 
573 13 625 58 F: 5 4 4 
588 6 594 213 F: 4 2 
590 12 638 442 F: 12 
591 8 623 314 F: 3 5 
599 8 631 215 F: 6 2 
614 8 646 110 F: 8 
616 11 660 233 F: 4 3 4 
621 3 633 335 F: 2 1 
635 10 645 77 F: 3 3 4 
637 8 661 429 F: 4 4 
638 11 649 259 F: 5 3 3 
643 5 653 119 F: 5 
646 7 653 298 F: 7 
654 10 694 458 F: 7 3 
655 9 682 67 F: 6 3 
669 6 681 386 F: 6 
672 8 688 431 F: 3 2 3 
676 9 685 82 F: 9 
696 8 720 232 F: 8 
699 7 713 145 F: 7 
700 7 714 30 F: 4 3 
706 9 715 114 F: 3 6 
725 11 758 338 F: 7 4 
735 7 749 188 F: 4 2 1 
748 11 792 10 F: 5 2 4 
749 7 777 305 F: 5 2 
750 10 790 222 F: 10 
753 7 781 195 F: 3 4 
755 3 764 475 F: 3 
757 5 767 51 F: 3 2 
758 9 776 239 F: 5 3 1 
759 3 765 393 F: 3 
770 7 798 457 F: 7 
772 9 808 267 F: 3 4 2 
788 9 824 435 F: 4 3 2 
802 11 846 96 F: 5 4 2 
806 7 820 368 F: 2 2 3 
825 6 843 88 F: 6 
825 10 865 383 F: 5 1 4 
835 8 851 457 F: 2 2 4 
841 11 863 106 F: 11 
843 8 867 371 F: 3 4 1 
854 9 881 200 F: 4 3 2 
854 9 881 369 F: 3 6 
855 8 871 424 F: 4 4 
856 2 864 378 F: 2 
856 11 889 320 F: 7 4 
887 13 939 175 F: 13 
889 7 903 239 F: 4 3 
899 8 915 29 F: 4 3 1 
904 7 925 311 F: 7 
913 7 927 185 F: 5 2 
930 6 942 377 F: 6 
932 11 943 241 F: 5 6 
939 9 966 395 F: 9 
949 3 952 439 F: 2 1 
953 8 969 233 F: 3 1 4 
960 10 1000 31 F: 4 3 3 
962 8 994 238 F: 5 3 
964 5 979 243 F: 3 2 
966 7 980 303 F: 4 1 2 
977 12 1025 316 F: 6 6 
983 10 993 296 F: 4 3 3 
990 6 996 100 F: 3 2 1 
998 9 1025 460 F: 7 2 
1004 8 1028 490 F: 4 2 2 
1009 5 1019 150 F: 5 
1016 6 1022 457 F: 6 
1018 5 1028 348 F: 5 
1018 8 1042 462 F: 4 1 3 
1021 10 1031 487 F: 10 
1024 11 1035 54 F: 6 5 
1060 4 1068 204 F: 3 1 
1061 6 1067 143 F: 4 1 1 
1064 6 1082 294 F: 6 
1065 4 1077 157 F: 4 
1067 10 1077 145 F: 3 4 3 
1068 10 1088 245 F: 10 
1072 9 1081 423 F: 3 6 
1092 10 1132 60 F: 4 4 2 
1104 9 1113 151 F: 5 2 2 
1107 8 1139 429 F: 7 1 
1113 6 1131 160 F: 2 2 2 
1130 8 1154 126 F: 8 
1132 12 1168 344 F: 5 3 4 
1136 11 1180 86 F: 5 2 4 
1141 4 1149 215 F: 3 1 
1156 13 1195 152 F: 13 
1172 11 1205 384 F: 11 
1177 9 1186 432 F: 5 3 1 
1178 7 1185 334 F: 3 4 
1178 9 1187 185 F: 7 2 
1180 11 1191 193 F: 11 
1184 7 1205 434 F: 7 
1199 13 1251 102 F: 13 
1209 3 1212 81 F: 3 
1211 9 1220 424 F: 3 4 2 
1212 9 1239 243 F: 3 4 2 
1218 3 1230 160 F: 2 1 
1218 9 1236 35 F: 5 4 
1223 10 1263 387 F: 5 2 3 
1237 10 1257 6 F: 10 
1254 6 1278 81 F: 4 2 
1275 9 1284 243 F: 5 1 3 
1276 10 1306 263 F: 10 
1280 8 1312 200 F: 8 
1284 2 1286 456 F: 2 
1286 4 1294 177 F: 4 
1289 11 1333 77 F: 11 
1290 2 1294 390 F: 2 
1301 9 1337 220 F: 3 2 4 
1308 6 1314 23 F: 4 1 1 
1315 11 1359 492 F: 11 
1319 6 1325 203 F: 3 3 
1322 11 1344 389 F: 5 2 4 
1330 7 1358 452 F: 4 2 1 
1346 7 1353 213 F: 2 2 3 
1350 5 1360 295 F: 2 3 
1350 10 1360 477 F: 5 4 1 
1362 7 1383 148 F: 7 
1364 13 1377 232 F: 13 
1372 10 1392 406 F: 5 1 4 
1376 8 1408 335 F: 3 5 
1385 10 1415 474 F: 5 5 
1388 9 1406 167 F: 9 
1413 7 1441 221 F: 7 
1414 12 1450 26 F: 4 4 4 
1414 13 1440 350 F: 13 
1427 4 1435 276 F: 3 1 
1434 11 1445 254 F: 11 
1438 6 1456 239 F: 6 
1443 3 1455 288 F: 2 1 
1446 5 1466 179 F: 2 3 
1455 8 1487 410 F: 7 1 
1457 10 1497 187 F: 10 
1469 5 1474 480 F: 5 
1474 5 1494 363 F: 5 
1478 4 1494 81 F: 2 2 
1480 10 1510 401 F: 4 2 4 
1490 5 1510 351 F: 2 3 
1501 13 1553 244 F: 13 
1503 10 1513 122 F: 2 4 4 
1505 8 1537 291 F: 5 3 
1510 8 1526 89 F: 4 1 3 
1524 10 1544 448 F: 5 3 2 
1529 8 1561 202 F: 7 1 
1550 6 1556 486 F: 3 2 1 
1551 12 1587 266 F: 5 4 3 
1560 9 1578 167 F: 4 5 
1561 8 1585 126 F: 2 4 2 
1561 8 1593 249 F: 2 2 4 
1563 9 1581 197 F: 5 4 
1577 7 1598 251 F: 5 1 1 
1582 6 1588 53 F: 3 2 1 
1590 10 1620 267 F: 10 
1600 9 1636 470 F: 5 3 1 
1600 11 1633 5 F: 11 
1611 10 1621 188 F: 4 3 3 
1613 6 1619 356 F: 4 2 
1619 10 1659 413 F: 5 1 4 
1624 2 1628 46 F: 2 
1634 8 1642 119 F: 3 3 2 
1653 4 1669 418 F: 4 
1653 9 1680 334 F: 6 3 
1656 6 1680 227 F: 6 
1658 9 1676 126 F: 4 2 3 
1671 7 1685 440 F: 4 3 
1690 8 1714 471 F: 8 
1696 10 1706 95 F: 5 3 2 
1697 8 1705 418 F: 2 3 3 
1717 9 1726 135 F: 3 3 3 
1717 9 1726 242 F: 7 2 
1720 7 1741 180 F: 4 2 1 
1722 9 1731 398 F: 6 3 
1729 8 1745 115 F: 3 3 2 
1731 13 1783 236 F: 13 
1733 4 1745 288 F: 2 2 
1749 9 1785 382 F: 9 
1755 6 1773 250 F: 2 2 2 
1767 10 1787 223 F: 6 4 
1768 11 1790 354 F: 11 
1770 7 1798 137 F: 3 2 2 
1781 5 1801 259 F: 2 3 
1791 10 1821 151 F: 5 5 
1792 8 1800 448 F: 2 6 
1808 10 1838 334 F: 6 4 
1813 9 1840 53 F: 3 2 4 
1830 8 1846 112 F: 8 
1833 10 1853 248 F: 5 1 4 
1839 2 1843 278 F: 2 
1844 6 1850 383 F: 3 1 2 
1844 7 1851 412 F: 5 2 
1848 5 1853 339 F: 2 3 
1849 8 1865 57 F: 2 6 
1852 8 1876 452 F: 4 4 
1856 5 1861 190 F: 5 
1869 13 1895 364 F: 13 
1870 11 1914 430 F: 11 
1870 13 1909 208 F: 13 
1887 9 1914 181 F: 2 4 3 
1901 8 1933 380 F: 8 
1902 9 1938 491 F: 9 
1910 3 1913 54 F: 2 1 
1911 13 1924 369 F: 13 
1919 12 1943 246 F: 6 6 
1951 7 1972 274 F: 3 3 1 
1957 6 1981 309 F: 4 2 
1959 11 1992 303 F: 5 2 4 
1967 8 1975 264 F: 7 1 
1969 7 1997 27 F: 6 1 
1974 10 1994 181 F: 7 3 
1978 8 1994 224 F: 2 6 
1991 7 2005 4 F: 2 5 
1992 8 2024 456 F: 8 
1992 12 2004 280 F: 12 
2018 7 2046 463 F: 3 1 3 
2019 6 2031 216 F: 6 
2026 9 2035 18 F: 4 2 3 
2026 9 2035 93 F: 5 1 3 
2035 7 2042 13 F: 2 2 3 
2038 13 2090 160 F: 5 4 4 
2047 8 2071 68 F: 3 1 4 
2048 12 2096 253 F: 12 
2061 12 2109 229 F: 7 5 
2063 4 2071 100 F: 2 2 
2075 7 2082 432 F: 3 1 3 
2082 6 2106 342 F: 5 1 
2090 6 2114 212 F: 3 3 
2097 10 2137 93 F: 3 3 4 
2099 6 2123 488 F: 6 
2114 3 2126 48 F: 3 
2115 10 2125 227 F: 5 2 3 
2117 9 2135 486 F: 2 3 4 
2118 2 2126 478 F: 2 
2126 8 2142 182 F: 3 4 1 
2134 10 2144 313 F: 7 3 
2143 3 2149 304 F: 2 1 
2149 8 2165 444 F: 3 1 4 
2155 10 2175 346 F: 7 3 
2158 5 2178 396 F: 3 1 1 
2169 3 2175 49 F: 3 
2185 11 2196 492 F: 5 6 
2188 7 2216 340 F: 7 
2197 7 2211 319 F: 7 
2198 2 2204 443 F: 2 
2200 9 2209 231 F: 5 3 1 
2205 10 2235 493 F: 5 4 1 
2207 6 2213 267 F: 3 3 
2210 5 2220 410 F: 5 
2212 9 2221 190 F: 9 
2217 9 2253 103 F: 7 2 
2225 7 2239 311 F: 7 
2233 8 2249 419 F: 3 4 1 
2233 8 2265 469 F: 2 4 2 
2235 10 2245 172 F: 4 4 2 
2241 7 2269 225 F: 2 3 2 
2258 5 2273 372 F: 3 1 1 
2267 8 2291 348 F: 8 
2279 10 2299 205 F: 5 5 
2299 9 2335 425 F: 9 
2305 9 2323 2 F: 9 
2315 12 2363 439 F: 12 
2327 4 2343 449 F: 4 
2328 9 2337 493 F: 9 
2337 6 2361 344 F: 3 1 2 
2342 9 2369 357 F: 6 3 
2345 11 2378 466 F: 6 5 
2347 8 2363 483 F: 2 2 4 
2347 10 2387 382 F: 4 6 
2368 5 2373 49 F: 2 1 2 
2373 3 2382 273 F: 2 1 
2385 8 2393 470 F: 3 3 2 
2386 7 2407 60 F: 7 
2394 12 2442 405 F: 5 3 4 
2398 8 2406 226 F: 8 
2412 8 2428 455 F: 3 2 3 
2421 6 2433 481 F: 4 1 1 
2422 7 2443 460 F: 2 2 3 
2429 9 2438 369 F: 5 1 3 
2436 11 2480 161 F: 11 
2438 9 2465 313 F: 2 4 3 
2444 6 2450 53 F: 3 3 
2449 2 2453 449 F: 2 
2450 7 2471 329 F: 5 2 
2481 9 2490 327 F: 4 4 1 
2487 6 2499 119 F: 2 4 
2490 8 2514 345 F: 7 1 
2490 8 2522 224 F: 3 2 3 
2498 10 2528 235 F: 10 
2499 9 2517 384 F: 3 2 4 
2504 9 2540 439 F: 9 
2522 12 2546 292 F: 5 4 3 
2526 5 2531 303 F: 3 2 
2537 8 2569 452 F: 3 3 2 
2546 13 2598 73 F: 7 6 
2556 7 2563 40 F: 4 3 
2560 9 2596 396 F: 4 3 2 
2561 9 2570 10 F: 3 4 2 
2571 8 2587 19 F: 5 3 
2574 10 2594 7 F: 6 4 
2579 7 2600 430 F: 2 3 2 
2580 5 2585 69 F: 2 1 2 
2580 11 2613 107 F: 4 4 3 
2598 6 2604 186 F: 4 2 
2599 10 2619 367 F: 5 1 4 
2600 7 2621 97 F: 2 1 4 
2606 8 2638 354 F: 5 1 2 
2610 6 2628 356 F: 2 4 
2614 7 2635 463 F: 7 
2615 10 2625 421 F: 5 5 
2620 7 2648 238 F: 2 2 3 
2626 11 2670 292 F: 5 4 2 
2646 7 2674 432 F: 3 4 
2650 9 2668 434 F: 4 5 
2667 9 2703 61 F: 9 
2668 6 2692 117 F: 4 2 
2670 4 2686 82 F: 3 1 
2672 7 2693 161 F: 3 4 
2674 6 2680 149 F: 6 
2691 5 2696 212 F: 3 2 
2731 12 2743 417 F: 5 4 3 
2732 6 2744 207 F: 3 1 2 
2733 8 2741 206 F: 4 3 1 
2743 8 2759 125 F: 5 2 1 
2746 10 2776 27 F: 4 3 3 
2750 8 2782 256 F: 6 2 
2771 11 2804 11 F: 11 
2776 10 2806 183 F: 6 4 
2777 4 2793 43 F: 3 1 
2782 6 2788 113 F: 6 
2782 9 2800 340 F: 4 1 4 
2783 8 2791 209 F: 4 2 2 
2794 6 2800 498 F: 5 1 
2796 9 2832 95 F: 9 
2797 4 2813 126 F: 3 1 
2801 7 2808 409 F: 7 
2822 7 2836 372 F: 4 1 2 
2827 3 2836 232 F: 3 
2836 9 2863 318 F: 3 6 
2840 8 2864 93 F: 2 3 3 
2841 9 2859 35 F: 3 4 2 
2866 8 2898 414 F: 2 4 2 
2867 8 2875 217 F: 5 3 
2872 10 2892 355 F: 5 2 3 
2877 9 2895 458 F: 9 
2882 4 2890 356 F: 4 
2884 4 2896 6 F: 4 
2886 2 2894 443 F: 2 
2889 13 2928 178 F: 13 
2898 11 2909 196 F: 4 3 4 
2911 5 2931 451 F: 5 
2911 8 2935 486 F: 8 
2920 8 2928 158 F: 3 4 1 
2933 3 2936 266 F: 3 
2935 8 2951 27 F: 8 
2937 5 2947 214 F: 3 2 
2939 6 2963 17 F: 3 3 
2945 8 2953 228 F: 4 1 3 
2952 8 2968 307 F: 4 1 3 
2952 10 2962 63 F: 5 5 
2963 4 2979 336 F: 4 
2965 6 2971 407 F: 6 
2973 11 2995 243 F: 11 
2977 6 3001 390 F: 6 
2980 3 2986 274 F: 3 
3019 7 3040 333 F: 3 2 2 
3029 2 3033 327 F: 2 
3034 7 3055 154 F: 4 2 1 
3035 4 3043 66 F: 4 
3038 4 3042 52 F: 4 
3042 6 3048 58 F: 2 2 2 
3044 11 3077 242 F: 6 5 
3047 12 3071 159 F: 4 4 4 
3051 6 3075 477 F: 6 
3053 12 3089 238 F: 12 
3056 7 3070 246 F: 2 2 3 
3072 5 3092 356 F: 5 
3079 5 3094 411 F: 5 
3083 9 3110 272 F: 2 4 3 
3093 12 3141 442 F: 7 5 
3108 10 3148 192 F: 10 
3112 6 3136 291 F: 6 
3113 8 3121 407 F: 3 3 2 
3124 9 3133 169 F: 7 2 
3125 7 3153 461 F: 5 1 1 
3126 6 3138 497 F: 6 
3133 10 3173 287 F: 5 2 3 
3136 10 3146 469 F: 4 6 
3147 10 3167 175 F: 10 
3163 7 3170 177 F: 3 4 
3166 10 3206 95 F: 10 
3170 12 3218 228 F: 6 6 
3176 9 3194 146 F: 4 3 2 
3187 7 3215 464 F: 6 1 
3193 8 3201 407 F: 7 1 
3214 12 3250 428 F: 5 3 4 
3215 11 3226 380 F: 4 3 4 
3237 8 3245 128 F: 8 
3237 13 3250 318 F: 13 
3246 11 3268 441 F: 7 4 
3247 8 3279 228 F: 5 3 
3247 10 3287 246 F: 7 3 
3255 11 3266 418 F: 11 
3262 9 3271 497 F: 9 
3273 6 3297 61 F: 5 1 
3273 12 3285 348 F: 5 4 3 
3287 8 3319 89 F: 5 1 2 
3289 12 3337 95 F: 12 
3293 12 3341 126 F: 12 
3299 10 3329 240 F: 5 4 1 
3326 10 3336 459 F: 5 1 4 
3376 9 3412 136 F: 2 3 4 
3382 10 3402 283 F: 3 3 4 
3384 2 3390 165 F: 2 
3386 12 3422 208 F: 12 
D: 1 196 
D: 2 495 
D: 11 415 
D: 23 65 
D: 26 252 
D: 27 236 
D: 28 352 
D: 31 329 
D: 34 290 
D: 37 172 
D: 38 395 
D: 39 203 
D: 63 329 
D: 74 309 
D: 76 336 
D: 78 112 
D: 81 345 
D: 117 378 
D: 117 404 
D: 122 344 
D: 123 195 
D: 127 383 
D: 128 143 
D: 147 324 
D: 149 172 
D: 153 191 
D: 153 213 
D: 158 325 
D: 168 312 
D: 170 456 
D: 174 324 
D: 176 310 
D: 183 437 
D: 184 332 
D: 187 198 
D: 226 324 
D: 229 341 
D: 236 446 
D: 238 369 
D: 243 446 
D: 246 302 
D: 257 292 
D: 258 478 
D: 264 421 
D: 266 270 
D: 273 302 
D: 283 287 
D: 367 484 
D: 409 456 
D: 441 449 
