25 10 35 116 F: 10 
37 5 42 74 F: 2 2 1 
44 7 58 207 F: 5 1 1 
46 12 58 340 F: 6 6 
64 5 69 159 F: 5 
72 9 81 315 F: 6 3 
79 8 87 139 F: 4 1 3 
81 4 93 411 F: 4 
82 9 100 285 F: 3 4 2 
82 9 109 133 F: 4 4 1 
87 9 123 164 F: 5 4 
90 9 108 353 F: 3 3 3 
97 11 141 50 F: 4 3 4 
98 9 125 148 F: 4 4 1 
99 6 111 197 F: 3 3 
101 9 110 159 F: 2 4 3 
103 9 112 47 F: 3 3 3 
111 7 132 213 F: 6 1 
126 5 141 466 F: 3 1 1 
126 8 150 334 F: 4 1 3 
129 5 149 393 F: 5 
135 8 143 152 F: 4 1 3 
153 9 162 206 F: 4 5 
157 5 162 116 F: 5 
164 11 208 234 F: 11 
167 6 173 135 F: 2 4 
177 10 197 231 F: 6 4 
185 12 221 454 F: 4 4 4 
188 4 192 373 F: 4 
199 3 202 19 F: 2 1 
202 10 212 381 F: 5 2 3 
205 7 219 346 F: 2 1 4 
227 7 248 394 F: 5 2 
237 9 273 444 F: 9 
243 7 271 145 F: 7 
245 9 272 89 F: 2 4 3 
246 5 266 282 F: 4 1 
249 3 252 440 F: 3 
249 10 269 83 F: 10 
253 9 280 289 F: 5 4 
257 8 289 144 F: 4 3 1 
266 7 294 56 F: 2 5 
281 9 317 358 F: 9 
296 8 312 202 F: 2 4 2 
298 4 314 268 F: 4 
303 8 327 349 F: 7 1 
303 11 314 323 F: 4 3 4 
305 6 323 83 F: 2 2 2 
316 8 340 198 F: 2 4 2 
343 8 367 155 F: 4 3 1 
345 8 377 60 F: 8 
346 10 376 15 F: 5 3 2 
347 2 351 197 F: 2 
351 7 379 163 F: 3 3 1 
373 13 425 105 F: 5 4 4 
374 10 414 110 F: 3 4 3 
377 12 389 77 F: 5 4 3 
387 10 427 377 F: 6 4 
389 12 425 198 F: 12 
396 9 414 409 F: 4 5 
405 9 414 404 F: 5 4 
408 7 422 93 F: 2 4 1 
422 2 430 208 F: 2 
424 5 439 494 F: 2 3 
449 10 459 320 F: 5 4 1 
449 11 493 126 F: 5 6 
455 11 477 22 F: 4 4 3 
458 13 510 347 F: 13 
459 5 479 188 F: 2 1 2 
473 8 497 166 F: 5 3 
474 10 514 459 F: 3 3 4 
479 7 500 381 F: 2 1 4 
483 12 519 384 F: 12 
491 11 524 2 F: 7 4 
492 9 528 498 F: 7 2 
512 6 524 196 F: 5 1 
523 9 559 35 F: 9 
525 13 538 201 F: 13 
528 8 560 13 F: 6 2 
540 7 547 71 F: 3 4 
550 9 586 363 F: 9 
553 4 569 21 F: 4 
555 8 587 444 F: 6 2 
567 6 591 379 F: 3 1 2 
570 7 577 389 F: 5 2 
574 11 585 118 F: 11 
582 9 618 11 F: 2 4 3 
585 10 605 422 F: 4 2 4 
591 13 617 394 F: 13 
593 3 605 202 F: 2 1 
601 8 633 45 F: 4 4 
613 12 649 462 F: 5 4 3 
625 7 646 426 F: 2 5 
636 4 644 334 F: 4 
640 11 684 496 F: 5 3 3 
647 5 652 281 F: 2 3 
647 6 665 440 F: 3 1 2 
664 7 692 222 F: 4 3 
668 10 698 424 F: 10 
680 11 691 282 F: 3 4 4 
681 6 705 493 F: 5 1 
689 10 729 35 F: 7 3 
692 12 740 46 F: 12 
694 9 730 289 F: 3 2 4 
695 11 717 196 F: 11 
703 12 739 165 F: 12 
710 11 743 302 F: 4 4 3 
723 2 731 221 F: 2 
743 11 765 442 F: 11 
745 10 785 360 F: 4 6 
750 9 786 247 F: 5 1 3 
753 6 777 11 F: 5 1 
757 12 769 112 F: 4 4 4 
758 8 774 308 F: 6 2 
771 10 781 440 F: 10 
775 8 799 390 F: 5 1 2 
780 6 786 356 F: 2 2 2 
780 7 794 102 F: 2 1 4 
794 4 802 172 F: 2 1 1 
797 8 805 469 F: 2 6 
806 9 842 149 F: 2 4 3 
811 11 822 349 F: 3 4 4 
811 11 833 34 F: 4 3 4 
842 7 856 205 F: 4 3 
845 8 853 489 F: 4 1 3 
847 11 891 368 F: 6 5 
869 7 897 469 F: 3 3 1 
872 7 886 112 F: 7 
879 11 923 89 F: 11 
886 6 898 463 F: 3 1 2 
887 13 913 129 F: 5 4 4 
891 10 921 336 F: 4 6 
892 6 904 167 F: 3 2 1 
894 5 914 372 F: 3 2 
898 7 905 68 F: 4 2 1 
900 12 912 409 F: 12 
908 12 956 373 F: 12 
930 8 962 268 F: 3 4 1 
930 9 957 128 F: 3 4 2 
934 10 954 471 F: 10 
945 7 966 192 F: 5 2 
954 6 960 74 F: 3 1 2 
954 8 978 389 F: 8 
954 9 972 311 F: 5 2 2 
970 13 996 401 F: 7 6 
974 12 998 478 F: 5 4 3 
981 8 997 414 F: 5 3 
985 11 996 10 F: 5 3 3 
998 10 1018 264 F: 4 6 
999 13 1038 347 F: 13 
1000 9 1009 311 F: 5 1 3 
1002 9 1029 41 F: 4 5 
1005 11 1027 200 F: 7 4 
1028 4 1044 427 F: 4 
1028 8 1052 441 F: 8 
1028 10 1038 390 F: 5 1 4 
1031 10 1061 61 F: 4 2 4 
1034 13 1047 372 F: 5 4 4 
1055 12 1103 313 F: 5 3 4 
1064 3 1070 356 F: 2 1 
1076 7 1090 26 F: 7 
1083 7 1097 150 F: 2 5 
1089 6 1101 14 F: 4 2 
1095 12 1119 149 F: 12 
1098 4 1114 438 F: 2 2 
1109 4 1125 102 F: 4 
1117 12 1129 12 F: 12 
1118 5 1128 439 F: 4 1 
1127 10 1157 41 F: 3 3 4 
1128 9 1137 281 F: 4 1 4 
1139 9 1157 146 F: 9 
1140 9 1149 315 F: 9 
1148 8 1156 410 F: 8 
1154 9 1163 133 F: 7 2 
1157 13 1209 21 F: 13 
1173 5 1193 329 F: 4 1 
1183 8 1215 477 F: 7 1 
1190 11 1234 177 F: 6 5 
1194 13 1207 140 F: 5 4 4 
1199 9 1208 397 F: 9 
1201 12 1225 126 F: 6 6 
1223 3 1226 328 F: 3 
1236 9 1263 195 F: 4 3 2 
1246 8 1270 240 F: 8 
1247 9 1274 181 F: 4 5 
1249 9 1267 318 F: 5 2 2 
1259 9 1295 376 F: 2 3 4 
1260 7 1288 13 F: 6 1 
1260 10 1280 405 F: 10 
1265 9 1283 375 F: 4 4 1 
1271 10 1281 367 F: 10 
1277 7 1298 408 F: 2 1 4 
1280 6 1304 100 F: 5 1 
1282 9 1291 59 F: 3 6 
1294 6 1306 370 F: 6 
1307 8 1315 452 F: 3 5 
1309 6 1315 132 F: 3 1 2 
1321 10 1351 154 F: 5 3 2 
1325 4 1341 23 F: 3 1 
1339 7 1353 42 F: 2 1 4 
1344 6 1350 59 F: 4 1 1 
1347 11 1369 418 F: 11 
1348 8 1372 443 F: 4 3 1 
1352 8 1368 355 F: 3 5 
1357 11 1390 96 F: 5 2 4 
1368 9 1386 453 F: 4 1 4 
1371 8 1403 396 F: 8 
1374 7 1388 349 F: 2 4 1 
1378 6 1384 386 F: 5 1 
1394 6 1406 396 F: 2 1 3 
1407 9 1434 279 F: 5 2 2 
1408 9 1444 469 F: 5 4 
1411 9 1447 225 F: 4 1 4 
1413 9 1431 338 F: 5 4 
1417 7 1431 262 F: 3 1 3 
1418 11 1451 197 F: 5 6 
1434 3 1440 453 F: 3 
1435 12 1483 173 F: 6 6 
1450 7 1471 16 F: 6 1 
1459 4 1471 201 F: 4 
1465 2 1473 247 F: 2 
1468 12 1516 363 F: 7 5 
1475 4 1491 331 F: 3 1 
1488 7 1509 387 F: 2 2 3 
1492 11 1514 443 F: 7 4 
1500 11 1544 108 F: 11 
1502 11 1524 12 F: 7 4 
1510 8 1534 479 F: 3 3 2 
1515 3 1518 489 F: 2 1 
1517 10 1537 161 F: 2 4 4 
1519 9 1528 472 F: 4 5 
1520 11 1531 237 F: 6 5 
1530 8 1554 369 F: 2 4 2 
1534 12 1582 457 F: 6 6 
1535 13 1548 203 F: 13 
1544 9 1571 239 F: 7 2 
1545 10 1585 411 F: 6 4 
1554 6 1578 75 F: 2 1 3 
1592 4 1608 162 F: 4 
1592 11 1636 291 F: 4 3 4 
1602 8 1626 212 F: 7 1 
1604 11 1626 5 F: 4 4 3 
1609 7 1623 162 F: 2 3 2 
1616 9 1634 18 F: 3 2 4 
1636 9 1645 388 F: 5 3 1 
1640 8 1656 362 F: 4 4 
1646 8 1654 290 F: 3 1 4 
1662 6 1686 189 F: 4 1 1 
1666 6 1690 176 F: 3 1 2 
1667 7 1695 52 F: 7 
1673 8 1689 120 F: 6 2 
1691 2 1693 318 F: 2 
1696 8 1720 2 F: 3 5 
1696 9 1705 463 F: 7 2 
1697 13 1749 8 F: 13 
1702 9 1729 112 F: 3 6 
1709 9 1745 140 F: 2 4 3 
1715 3 1727 126 F: 3 
1731 11 1742 142 F: 5 3 3 
1737 9 1764 220 F: 9 
1738 7 1759 45 F: 6 1 
1750 4 1766 381 F: 2 2 
1755 9 1764 7 F: 3 6 
1757 10 1767 203 F: 5 2 3 
1758 9 1776 433 F: 4 5 
1762 8 1770 446 F: 2 6 
1765 7 1793 121 F: 5 1 1 
1767 8 1783 62 F: 7 1 
1778 7 1785 79 F: 4 3 
1778 7 1806 128 F: 7 
1813 12 1825 344 F: 12 
1816 11 1860 374 F: 5 2 4 
1839 7 1867 175 F: 4 3 
1839 7 1867 268 F: 6 1 
1844 7 1865 274 F: 2 3 2 
1848 10 1878 337 F: 4 6 
1848 13 1861 30 F: 13 
1857 8 1865 284 F: 8 
1861 7 1875 25 F: 4 3 
1863 12 1899 235 F: 7 5 
1865 11 1898 163 F: 5 3 3 
1867 8 1883 1 F: 2 3 3 
1881 8 1913 250 F: 4 4 
1889 4 1901 451 F: 4 
1889 12 1925 417 F: 7 5 
1900 6 1924 175 F: 6 
1907 8 1923 348 F: 3 4 1 
1917 11 1950 279 F: 7 4 
1920 12 1932 341 F: 12 
1924 4 1940 272 F: 4 
1926 6 1938 423 F: 2 4 
1930 6 1954 63 F: 2 4 
1941 11 1963 286 F: 5 6 
1952 3 1961 492 F: 3 
1974 10 1994 91 F: 10 
1974 11 2007 477 F: 5 2 4 
1977 5 1982 38 F: 5 
1978 12 2002 293 F: 6 6 
1982 2 1990 272 F: 2 
1998 6 2016 32 F: 6 
2000 11 2044 53 F: 5 4 2 
2007 4 2011 169 F: 4 
2008 5 2018 431 F: 3 2 
2009 12 2045 128 F: 6 6 
2018 2 2022 48 F: 2 
2025 8 2049 90 F: 3 1 4 
2040 12 2088 354 F: 12 
2060 9 2087 498 F: 4 2 3 
2061 13 2100 295 F: 13 
2074 9 2101 458 F: 3 4 2 
2077 5 2082 347 F: 5 
2084 12 2096 382 F: 7 5 
2087 7 2115 258 F: 7 
2093 7 2121 369 F: 3 3 1 
2098 10 2138 416 F: 7 3 
2105 12 2129 451 F: 7 5 
2107 9 2125 289 F: 4 2 3 
2111 13 2137 63 F: 13 
2111 13 2137 241 F: 13 
2131 13 2170 202 F: 7 6 
2139 9 2148 72 F: 4 3 2 
2144 9 2162 230 F: 4 3 2 
2144 10 2184 461 F: 10 
2151 7 2165 11 F: 5 2 
2154 10 2194 153 F: 4 4 2 
2175 7 2203 25 F: 5 2 
2176 3 2185 144 F: 3 
2182 9 2200 471 F: 9 
2193 9 2220 288 F: 5 4 
2198 9 2234 212 F: 3 4 2 
2203 7 2217 414 F: 3 1 3 
2213 2 2219 79 F: 2 
2216 11 2260 130 F: 5 3 3 
2225 5 2240 205 F: 5 
2232 6 2244 196 F: 6 
2240 9 2258 287 F: 9 
2261 10 2291 37 F: 6 4 
2271 9 2307 304 F: 9 
2280 8 2296 161 F: 2 3 3 
2281 9 2308 92 F: 4 4 1 
2281 12 2329 63 F: 6 6 
2286 7 2314 32 F: 2 5 
2292 7 2306 201 F: 3 4 
2292 12 2340 261 F: 12 
2298 6 2310 440 F: 2 4 
2301 10 2331 190 F: 6 4 
2305 10 2345 474 F: 5 1 4 
2306 9 2315 249 F: 4 5 
2314 13 2340 92 F: 13 
2341 10 2361 269 F: 4 6 
2345 9 2354 484 F: 7 2 
2346 3 2358 305 F: 3 
2347 9 2365 32 F: 5 1 3 
2354 11 2387 265 F: 11 
2366 8 2390 212 F: 3 5 
2369 4 2381 7 F: 2 2 
2369 6 2387 304 F: 2 1 3 
2374 5 2389 232 F: 5 
2374 7 2402 461 F: 4 3 
2377 8 2409 173 F: 3 5 
2403 4 2411 7 F: 2 2 
2410 5 2430 148 F: 4 1 
2426 8 2450 488 F: 2 2 4 
2451 7 2472 392 F: 3 4 
2454 8 2462 112 F: 8 
2467 13 2493 442 F: 13 
2468 7 2496 369 F: 5 2 
2471 13 2510 32 F: 13 
2478 7 2492 121 F: 2 5 
2478 11 2500 42 F: 11 
2478 12 2526 379 F: 12 
2484 13 2523 239 F: 13 
2486 11 2530 313 F: 11 
2487 7 2501 76 F: 7 
2498 9 2525 362 F: 6 3 
2510 10 2520 2 F: 3 3 4 
2522 8 2546 284 F: 4 3 1 
2530 5 2550 466 F: 5 
2542 9 2560 442 F: 5 3 1 
2543 5 2548 326 F: 5 
2549 5 2554 394 F: 5 
2549 5 2554 429 F: 3 1 1 
2557 11 2590 361 F: 5 3 3 
2562 9 2598 263 F: 3 6 
2564 3 2573 142 F: 3 
2575 7 2589 362 F: 5 2 
2581 13 2607 110 F: 13 
2584 4 2588 472 F: 4 
2587 11 2620 105 F: 5 3 3 
2589 7 2603 297 F: 3 1 3 
2601 11 2645 357 F: 7 4 
2603 8 2627 66 F: 5 3 
2608 7 2636 121 F: 7 
2610 6 2634 363 F: 2 1 3 
2619 11 2663 394 F: 6 5 
2632 11 2676 419 F: 5 3 3 
2635 11 2668 393 F: 5 3 3 
2644 4 2660 391 F: 4 
2654 7 2668 88 F: 3 4 
2673 13 2712 234 F: 13 
2674 8 2690 283 F: 3 4 1 
2675 13 2727 54 F: 7 6 
2683 10 2693 116 F: 7 3 
2685 6 2703 307 F: 6 
2697 6 2721 62 F: 6 
2705 12 2729 260 F: 12 
2708 7 2736 150 F: 5 2 
2710 13 2749 333 F: 13 
2717 6 2729 401 F: 4 1 1 
2738 5 2758 70 F: 5 
2740 3 2752 122 F: 3 
2742 12 2790 87 F: 6 6 
2745 8 2753 313 F: 4 2 2 
2749 5 2769 167 F: 5 
2756 11 2778 333 F: 11 
2760 7 2781 73 F: 7 
2770 8 2794 33 F: 3 5 
2786 8 2818 55 F: 4 4 
2791 5 2811 167 F: 5 
2799 8 2823 207 F: 3 5 
2801 8 2809 330 F: 4 3 1 
2806 10 2846 285 F: 10 
2806 12 2854 27 F: 12 
2810 6 2834 362 F: 5 1 
2810 9 2819 377 F: 3 6 
2811 9 2847 222 F: 5 4 
2822 9 2840 354 F: 9 
2823 8 2855 114 F: 5 2 1 
2828 5 2833 283 F: 2 3 
2838 11 2871 310 F: 4 3 4 
2841 12 2853 361 F: 5 4 3 
2858 12 2882 361 F: 7 5 
2867 8 2883 216 F: 6 2 
2871 9 2889 298 F: 2 3 4 
2879 7 2886 264 F: 3 2 2 
2903 8 2927 61 F: 3 1 4 
2905 7 2912 463 F: 7 
2907 11 2929 422 F: 5 4 2 
2912 9 2921 174 F: 4 5 
2918 4 2926 308 F: 4 
2922 9 2949 402 F: 2 4 3 
2939 4 2955 202 F: 2 1 1 
2950 9 2959 336 F: 4 2 3 
2956 11 2978 341 F: 5 4 2 
2960 9 2969 359 F: 9 
2968 3 2980 253 F: 2 1 
2970 12 3018 248 F: 12 
2985 7 2999 400 F: 4 2 1 
2985 9 3003 61 F: 9 
2990 11 3034 243 F: 11 
3005 10 3025 244 F: 5 2 3 
3012 6 3036 160 F: 5 1 
3024 6 3030 4 F: 6 
3042 5 3057 484 F: 3 2 
3050 10 3060 453 F: 4 6 
3054 6 3066 354 F: 3 1 2 
3057 8 3065 98 F: 8 
3058 3 3070 189 F: 3 
3061 6 3085 379 F: 6 
3065 8 3089 135 F: 8 
3067 2 3073 74 F: 2 
3067 10 3087 374 F: 10 
3073 3 3076 323 F: 3 
3096 12 3120 413 F: 4 4 4 
3098 9 3107 82 F: 2 3 4 
3105 4 3113 353 F: 4 
3110 3 3119 484 F: 3 
3113 8 3121 341 F: 4 4 
3119 8 3127 323 F: 8 
3129 11 3151 63 F: 5 4 2 
3130 4 3146 222 F: 4 
3133 8 3165 21 F: 4 4 
3133 9 3169 435 F: 9 
3140 6 3152 275 F: 6 
3158 13 3210 430 F: 13 
3162 13 3214 72 F: 13 
3165 12 3201 306 F: 12 
3171 11 3204 309 F: 5 3 3 
3173 8 3181 78 F: 4 3 1 
3193 13 3245 436 F: 5 4 4 
3207 3 3213 377 F: 3 
3214 8 3246 487 F: 2 6 
3220 10 3230 407 F: 5 2 3 
3230 11 3274 277 F: 5 2 4 
3250 13 3276 403 F: 13 
3253 8 3261 289 F: 6 2 
3255 8 3263 248 F: 2 6 
3255 11 3299 267 F: 5 2 4 
3268 11 3301 494 F: 3 4 4 
3273 7 3287 11 F: 2 4 1 
3283 6 3295 175 F: 4 2 
3284 4 3292 345 F: 4 
3293 10 3323 141 F: 3 4 3 
3296 8 3328 458 F: 5 1 2 
3299 7 3320 58 F: 7 
3311 6 3317 175 F: 4 1 1 
3314 5 3319 72 F: 3 1 1 
3315 8 3339 482 F: 2 3 3 
3350 6 3356 135 F: 4 2 
3379 10 3419 358 F: 10 
D: 3 490 
D: 6 25 
D: 8 308 
D: 15 272 
D: 30 341 
D: 34 174 
D: 37 333 
D: 39 405 
D: 57 207 
D: 62 326 
D: 80 237 
D: 95 498 
D: 107 400 
D: 110 465 
D: 111 156 
D: 111 494 
D: 117 274 
D: 129 414 
D: 149 393 
D: 155 255 
D: 156 328 
D: 175 196 
D: 177 392 
D: 184 351 
D: 184 434 
D: 188 406 
D: 192 419 
D: 199 258 
D: 207 366 
D: 211 302 
D: 227 308 
D: 228 331 
D: 232 375 
D: 240 338 
D: 248 397 
D: 250 255 
D: 271 276 
D: 273 437 
D: 276 302 
D: 293 405 
D: 306 353 
D: 308 383 
D: 310 376 
D: 317 440 
D: 318 327 
D: 318 484 
D: 346 414 
D: 348 376 
D: 349 477 
D: 407 492 
