0 8 24 8 F: 8 
1 11 34 15 F: 11 
11 11 44 36 F: 5 3 3 
11 13 63 9 F: 7 6 
23 12 47 8 F: 12 
27 13 40 29 F: 13 
35 9 71 14 F: 4 2 3 
40 7 54 31 F: 2 2 3 
50 5 70 17 F: 5 
55 12 91 49 F: 12 
56 5 66 28 F: 2 1 2 
59 7 73 13 F: 7 
68 11 101 44 F: 5 2 4 
80 6 86 27 F: 5 1 
98 3 110 20 F: 3 
105 9 114 10 F: 5 1 3 
106 10 126 5 F: 5 1 4 
108 6 132 4 F: 2 4 
110 5 130 2 F: 3 1 1 
119 10 149 26 F: 6 4 
132 10 172 17 F: 4 3 3 
132 12 180 10 F: 12 
140 4 144 7 F: 4 
141 4 149 21 F: 3 1 
147 11 169 44 F: 3 4 4 
156 11 167 32 F: 11 
160 7 174 26 F: 7 
164 8 172 15 F: 5 2 1 
180 11 202 30 F: 5 6 
186 8 202 49 F: 2 6 
209 6 221 18 F: 2 1 3 
210 6 228 25 F: 3 3 
223 12 271 6 F: 12 
228 8 244 11 F: 3 5 
234 9 270 38 F: 6 3 
239 5 259 30 F: 5 
247 13 299 13 F: 7 6 
249 5 254 3 F: 3 1 1 
256 7 263 50 F: 3 2 2 
264 9 273 44 F: 9 
267 8 283 42 F: 7 1 
268 6 292 2 F: 6 
282 7 310 3 F: 7 
282 10 302 8 F: 3 3 4 
297 6 309 18 F: 2 2 2 
319 4 327 43 F: 4 
353 4 369 25 F: 4 
365 8 397 10 F: 3 3 2 
371 8 379 14 F: 7 1 
378 11 422 25 F: 11 
D: 1 49 
D: 12 32 
D: 17 21 
D: 22 31 
D: 23 27 
