1 7 8 16 F: 2 5 
2 6 20 47 F: 2 4 
18 9 27 13 F: 4 4 1 
32 2 36 39 F: 2 
39 9 75 23 F: 9 
40 6 58 46 F: 3 3 
63 9 90 14 F: 3 2 4 
66 7 87 37 F: 7 
77 8 93 28 F: 7 1 
82 11 93 9 F: 11 
87 7 115 19 F: 4 3 
87 11 109 3 F: 4 4 3 
97 5 107 5 F: 2 2 1 
99 9 126 32 F: 5 4 
99 12 135 46 F: 12 
102 11 146 21 F: 11 
103 9 130 15 F: 4 5 
107 12 155 42 F: 5 3 4 
111 10 121 8 F: 5 1 4 
118 9 136 18 F: 4 5 
130 11 152 3 F: 6 5 
133 11 144 16 F: 4 3 4 
147 8 171 31 F: 8 
181 11 214 33 F: 11 
186 10 226 34 F: 5 5 
192 8 200 20 F: 4 1 3 
192 13 244 28 F: 13 
193 11 226 37 F: 6 5 
195 8 203 50 F: 8 
196 6 220 1 F: 6 
202 8 226 5 F: 4 4 
204 7 218 11 F: 3 4 
210 7 217 44 F: 2 5 
214 13 227 11 F: 13 
228 7 249 13 F: 3 1 3 
230 5 240 46 F: 5 
233 5 243 16 F: 3 1 1 
242 11 253 26 F: 5 2 4 
249 8 265 48 F: 8 
252 6 264 30 F: 6 
258 6 276 14 F: 6 
267 4 275 26 F: 2 2 
268 8 300 45 F: 8 
278 12 326 40 F: 12 
282 10 322 49 F: 6 4 
324 9 360 20 F: 9 
347 7 368 12 F: 2 5 
380 9 407 29 F: 9 
386 11 430 14 F: 5 3 3 
396 12 432 3 F: 5 3 4 
D: 0 36 
D: 1 8 
D: 19 37 
D: 25 37 
D: 29 44 
