1 8 9 67 F: 8 
12 9 21 462 F: 4 3 2 
21 12 69 465 F: 12 
36 5 46 128 F: 5 
37 9 55 227 F: 5 4 
39 4 47 175 F: 4 
46 9 82 64 F: 9 
57 8 89 58 F: 5 2 1 
64 12 100 217 F: 6 6 
69 9 87 357 F: 5 3 1 
73 4 81 334 F: 4 
75 10 95 26 F: 5 5 
80 11 91 300 F: 4 3 4 
96 2 104 112 F: 2 
97 8 121 202 F: 2 6 
100 9 127 229 F: 3 6 
107 9 143 145 F: 5 2 2 
107 10 127 353 F: 2 4 4 
108 6 126 329 F: 2 3 1 
113 2 115 19 F: 2 
127 11 138 235 F: 5 6 
141 6 165 375 F: 3 1 2 
147 8 171 394 F: 5 1 2 
147 11 191 208 F: 6 5 
158 3 170 7 F: 3 
160 8 192 203 F: 5 3 
174 9 201 310 F: 3 4 2 
176 11 187 120 F: 4 4 3 
184 10 224 255 F: 3 3 4 
199 12 211 425 F: 12 
200 7 214 483 F: 3 1 3 
204 10 224 467 F: 10 
208 7 215 216 F: 5 1 1 
211 4 215 389 F: 3 1 
214 7 221 407 F: 7 
217 7 231 97 F: 4 1 2 
219 5 239 50 F: 2 3 
235 10 275 494 F: 6 4 
239 6 263 92 F: 6 
251 2 257 34 F: 2 
265 9 283 40 F: 5 3 1 
266 7 287 300 F: 3 1 3 
268 10 298 304 F: 6 4 
270 11 292 112 F: 7 4 
288 9 324 352 F: 4 4 1 
316 6 322 57 F: 2 1 3 
324 9 360 405 F: 5 3 1 
334 7 355 87 F: 5 2 
339 9 375 480 F: 3 4 2 
344 10 384 439 F: 4 4 2 
352 8 360 289 F: 3 5 
352 8 368 364 F: 6 2 
360 5 380 221 F: 5 
361 12 397 436 F: 12 
364 8 388 189 F: 8 
372 12 396 85 F: 12 
375 10 395 245 F: 3 3 4 
389 6 395 305 F: 2 4 
395 6 407 150 F: 2 4 
396 7 403 87 F: 2 2 3 
400 10 440 479 F: 10 
406 2 408 87 F: 2 
409 10 429 7 F: 4 2 4 
421 13 447 209 F: 13 
425 13 477 234 F: 13 
438 6 444 178 F: 6 
445 7 459 66 F: 2 1 4 
453 2 461 493 F: 2 
454 8 462 282 F: 6 2 
456 9 474 39 F: 9 
466 4 482 84 F: 2 2 
469 11 480 437 F: 4 4 3 
471 2 473 274 F: 2 
477 3 486 211 F: 3 
491 7 498 308 F: 2 5 
502 11 524 398 F: 11 
521 6 539 480 F: 4 2 
522 7 550 454 F: 7 
527 9 536 289 F: 4 4 1 
532 12 580 327 F: 12 
535 3 541 8 F: 3 
536 5 541 26 F: 3 1 1 
539 2 547 295 F: 2 
540 8 572 149 F: 2 4 2 
550 2 552 465 F: 2 
551 6 569 500 F: 4 2 
557 11 579 64 F: 11 
577 12 601 6 F: 7 5 
580 10 600 265 F: 4 2 4 
593 8 601 367 F: 4 4 
602 9 611 386 F: 4 5 
607 11 651 190 F: 4 4 3 
607 12 619 91 F: 12 
609 8 625 73 F: 2 2 4 
612 2 620 76 F: 2 
614 11 636 380 F: 6 5 
622 10 632 344 F: 6 4 
623 9 650 416 F: 5 1 3 
638 8 646 172 F: 4 2 2 
648 4 660 56 F: 4 
671 10 691 205 F: 10 
671 10 711 214 F: 7 3 
681 12 705 171 F: 12 
683 12 731 451 F: 12 
686 6 692 222 F: 6 
704 9 731 144 F: 7 2 
716 4 732 500 F: 3 1 
720 3 723 87 F: 3 
721 5 731 197 F: 4 1 
731 10 751 261 F: 5 4 1 
739 11 772 137 F: 5 4 2 
742 8 766 493 F: 3 2 3 
742 9 769 77 F: 5 1 3 
752 10 782 48 F: 4 2 4 
753 2 757 431 F: 2 
760 3 763 256 F: 3 
761 11 794 16 F: 5 4 2 
770 8 778 10 F: 7 1 
787 7 794 131 F: 5 2 
788 10 828 75 F: 10 
801 7 815 227 F: 6 1 
813 6 825 147 F: 6 
823 12 859 239 F: 4 4 4 
833 10 853 417 F: 3 3 4 
842 5 862 319 F: 3 1 1 
844 5 854 278 F: 4 1 
845 7 866 362 F: 2 5 
846 2 852 121 F: 2 
852 9 870 192 F: 9 
866 10 876 403 F: 7 3 
869 8 885 230 F: 3 3 2 
886 7 907 345 F: 5 1 1 
887 7 908 169 F: 7 
888 9 906 280 F: 5 1 3 
897 11 919 362 F: 5 6 
931 9 958 403 F: 5 3 1 
935 7 942 75 F: 3 2 2 
948 3 951 450 F: 3 
950 9 986 18 F: 3 4 2 
951 5 956 360 F: 2 3 
953 12 977 21 F: 12 
954 5 969 179 F: 3 2 
959 6 965 102 F: 6 
963 11 974 139 F: 5 6 
982 2 986 141 F: 2 
982 7 1003 88 F: 3 4 
985 13 1024 314 F: 13 
987 7 1001 255 F: 7 
990 9 1008 298 F: 5 1 3 
995 6 1013 153 F: 6 
1007 7 1028 153 F: 6 1 
1009 5 1014 500 F: 3 1 1 
1015 10 1055 300 F: 10 
1016 7 1030 175 F: 7 
1029 4 1037 139 F: 4 
1041 12 1053 94 F: 12 
1059 9 1086 263 F: 5 4 
1062 12 1110 169 F: 4 4 4 
1068 7 1075 34 F: 2 4 1 
1071 10 1111 223 F: 7 3 
1074 13 1113 295 F: 13 
1076 10 1096 57 F: 10 
1079 9 1115 235 F: 3 6 
1093 4 1101 261 F: 2 1 1 
1099 9 1108 403 F: 6 3 
1104 8 1128 217 F: 4 1 3 
1104 10 1144 455 F: 4 2 4 
1124 6 1142 206 F: 6 
1124 9 1133 163 F: 4 3 2 
1140 5 1150 120 F: 5 
1140 10 1160 317 F: 6 4 
1157 8 1189 479 F: 2 6 
1167 8 1191 463 F: 5 2 1 
1168 2 1174 90 F: 2 
1173 4 1181 238 F: 4 
1176 11 1209 259 F: 5 2 4 
1177 9 1213 99 F: 3 6 
1179 10 1209 394 F: 4 3 3 
1196 7 1203 292 F: 6 1 
1199 8 1231 12 F: 8 
1201 7 1222 249 F: 4 2 1 
1203 5 1213 500 F: 5 
1207 9 1234 370 F: 2 3 4 
1220 2 1228 246 F: 2 
1220 12 1268 465 F: 6 6 
1224 5 1229 491 F: 2 3 
1237 2 1241 80 F: 2 
1242 8 1266 468 F: 8 
1246 7 1274 170 F: 5 2 
1249 13 1301 117 F: 13 
1253 12 1265 389 F: 12 
1266 7 1280 257 F: 3 2 2 
1288 11 1310 499 F: 11 
1289 8 1313 268 F: 2 4 2 
1295 10 1315 283 F: 5 3 2 
1300 9 1336 252 F: 7 2 
1309 8 1325 36 F: 4 3 1 
1313 7 1334 280 F: 2 2 3 
1315 10 1335 100 F: 10 
1317 6 1329 72 F: 2 4 
1323 5 1328 170 F: 2 2 1 
1326 12 1338 489 F: 5 3 4 
1341 9 1350 268 F: 7 2 
1358 7 1386 456 F: 7 
1358 8 1366 71 F: 4 2 2 
1365 6 1383 119 F: 5 1 
1366 8 1398 30 F: 8 
1383 7 1390 155 F: 7 
1392 6 1410 455 F: 5 1 
1397 7 1404 240 F: 3 4 
1413 9 1440 186 F: 4 5 
1419 10 1459 86 F: 5 3 2 
1421 9 1439 20 F: 4 4 1 
1424 7 1445 488 F: 7 
1427 2 1433 385 F: 2 
1431 10 1461 32 F: 10 
1439 3 1442 310 F: 3 
1443 13 1495 392 F: 13 
1447 10 1457 476 F: 10 
1449 2 1455 237 F: 2 
1481 7 1488 99 F: 4 1 2 
1483 5 1493 74 F: 5 
1483 12 1531 443 F: 4 4 4 
1484 8 1500 402 F: 4 4 
1499 6 1517 342 F: 5 1 
1503 7 1524 296 F: 5 2 
1509 11 1542 434 F: 4 4 3 
1512 9 1539 249 F: 3 6 
1520 6 1538 488 F: 6 
1526 9 1553 117 F: 5 4 
1533 9 1569 242 F: 4 2 3 
1539 8 1555 112 F: 8 
1540 10 1580 161 F: 5 1 4 
1540 12 1588 365 F: 12 
1549 7 1556 450 F: 2 3 2 
1552 2 1556 67 F: 2 
1564 13 1616 240 F: 13 
1567 8 1591 172 F: 5 1 2 
1580 5 1590 246 F: 4 1 
1586 8 1594 349 F: 4 1 3 
1601 7 1629 482 F: 7 
1610 7 1631 188 F: 3 2 2 
1613 5 1633 47 F: 3 2 
1618 11 1640 185 F: 11 
1626 12 1662 393 F: 5 3 4 
1626 13 1678 426 F: 7 6 
1627 9 1636 355 F: 6 3 
1641 7 1648 475 F: 4 3 
1648 8 1680 424 F: 4 4 
1662 7 1690 141 F: 2 3 2 
1663 6 1687 465 F: 3 1 2 
1682 9 1718 98 F: 4 5 
1685 9 1712 217 F: 7 2 
1686 6 1692 206 F: 5 1 
1693 8 1701 53 F: 2 4 2 
1719 10 1749 97 F: 4 6 
1720 6 1726 408 F: 3 3 
1732 8 1764 7 F: 4 4 
1733 9 1760 124 F: 9 
1740 4 1744 169 F: 3 1 
1749 6 1761 385 F: 6 
1751 8 1759 475 F: 5 3 
1759 12 1795 191 F: 12 
1762 5 1772 500 F: 5 
1763 8 1771 76 F: 8 
1766 11 1788 62 F: 5 6 
1781 12 1829 387 F: 5 3 4 
1784 6 1790 11 F: 2 1 3 
1791 4 1799 388 F: 2 1 1 
1797 8 1813 478 F: 2 6 
1804 9 1822 87 F: 9 
1804 9 1831 357 F: 3 6 
1816 10 1826 278 F: 10 
1820 8 1828 452 F: 2 3 3 
1822 6 1828 232 F: 5 1 
1828 6 1852 398 F: 6 
1851 12 1875 174 F: 12 
1853 11 1886 8 F: 5 2 4 
1854 2 1858 466 F: 2 
1857 12 1905 5 F: 12 
1863 11 1907 136 F: 5 2 4 
1867 9 1876 451 F: 5 4 
1869 2 1877 182 F: 2 
1870 7 1898 82 F: 6 1 
1875 5 1890 88 F: 5 
1915 8 1947 404 F: 4 4 
1917 8 1925 14 F: 8 
1927 9 1936 336 F: 5 4 
1934 8 1950 102 F: 5 3 
1936 8 1944 1 F: 8 
1936 11 1947 136 F: 5 6 
1938 13 1964 497 F: 13 
1946 6 1952 258 F: 3 1 2 
1957 10 1977 24 F: 4 6 
1959 12 1995 257 F: 4 4 4 
1966 13 1979 15 F: 13 
1987 8 2011 221 F: 4 4 
1994 9 2012 432 F: 9 
1995 9 2031 253 F: 7 2 
1996 5 2016 154 F: 2 2 1 
2000 13 2052 491 F: 5 4 4 
2001 7 2008 329 F: 2 1 4 
2003 13 2055 466 F: 13 
2011 10 2051 446 F: 10 
2019 8 2043 150 F: 8 
2019 11 2063 150 F: 5 4 2 
2020 10 2040 90 F: 5 3 2 
2022 9 2031 293 F: 5 3 1 
2040 9 2058 105 F: 6 3 
2046 5 2066 336 F: 3 2 
2047 9 2065 456 F: 5 2 2 
2078 10 2098 394 F: 5 2 3 
2082 10 2092 255 F: 3 3 4 
2093 10 2103 342 F: 5 4 1 
2095 11 2106 399 F: 4 3 4 
2105 11 2138 389 F: 7 4 
2106 10 2126 246 F: 5 5 
2126 9 2162 328 F: 9 
2131 9 2149 478 F: 3 6 
2151 10 2181 176 F: 4 6 
2154 9 2181 287 F: 7 2 
2165 7 2179 409 F: 7 
2165 8 2189 495 F: 8 
2166 9 2175 179 F: 2 4 3 
2167 6 2191 42 F: 6 
2168 9 2186 98 F: 4 3 2 
2172 11 2216 392 F: 11 
2187 7 2215 1 F: 7 
2188 3 2197 29 F: 2 1 
2192 5 2207 105 F: 2 3 
2200 5 2210 125 F: 5 
2201 4 2217 317 F: 2 2 
2208 7 2229 236 F: 2 3 2 
2215 7 2236 296 F: 2 3 2 
2218 6 2230 303 F: 6 
2220 12 2232 310 F: 5 4 3 
2225 7 2246 296 F: 2 4 1 
2228 8 2236 407 F: 3 2 3 
2236 7 2257 69 F: 6 1 
2242 13 2255 498 F: 13 
2250 10 2290 86 F: 3 3 4 
2271 13 2284 401 F: 5 4 4 
2273 11 2306 285 F: 4 4 3 
2293 7 2307 94 F: 2 1 4 
2294 8 2302 211 F: 4 3 1 
2312 9 2348 92 F: 9 
2313 4 2325 455 F: 2 2 
2315 5 2320 74 F: 5 
2317 8 2325 290 F: 4 4 
2319 11 2330 212 F: 11 
2326 5 2336 151 F: 3 2 
2328 6 2334 387 F: 2 4 
2329 6 2335 143 F: 4 2 
2329 9 2347 491 F: 4 5 
2338 8 2346 483 F: 2 3 3 
2345 10 2385 70 F: 3 3 4 
2355 8 2363 485 F: 3 1 4 
2366 7 2380 87 F: 7 
2382 10 2402 193 F: 6 4 
2394 6 2418 9 F: 6 
2415 8 2439 414 F: 2 6 
2416 6 2434 73 F: 3 1 2 
2430 11 2441 59 F: 5 6 
2432 8 2456 348 F: 4 3 1 
2436 7 2450 310 F: 6 1 
2452 9 2470 232 F: 3 4 2 
2456 11 2489 159 F: 11 
2462 11 2506 491 F: 3 4 4 
2472 8 2488 330 F: 8 
2476 7 2504 212 F: 7 
2476 11 2520 402 F: 5 4 2 
2480 12 2516 37 F: 4 4 4 
2484 2 2492 7 F: 2 
2490 8 2498 303 F: 8 
2495 6 2519 160 F: 6 
2503 9 2521 480 F: 4 2 3 
2505 10 2535 355 F: 10 
2540 13 2553 441 F: 5 4 4 
2551 12 2599 263 F: 12 
2555 5 2570 471 F: 5 
2565 9 2574 176 F: 2 4 3 
2567 7 2588 458 F: 6 1 
2572 10 2612 391 F: 5 1 4 
2573 8 2597 297 F: 2 4 2 
2576 8 2600 110 F: 8 
2581 11 2614 213 F: 11 
2584 9 2593 402 F: 6 3 
2586 9 2613 366 F: 2 4 3 
2587 10 2617 306 F: 4 2 4 
2593 11 2615 178 F: 5 3 3 
2600 7 2628 65 F: 2 4 1 
2605 10 2625 369 F: 10 
2608 5 2623 303 F: 3 2 
2612 11 2656 364 F: 11 
2617 11 2661 217 F: 7 4 
2618 11 2651 144 F: 5 4 2 
2635 8 2651 180 F: 5 3 
2640 6 2664 389 F: 4 1 1 
2645 13 2697 6 F: 13 
2648 9 2657 40 F: 4 3 2 
2650 9 2659 340 F: 5 4 
2669 9 2687 66 F: 3 6 
2670 6 2694 338 F: 2 2 2 
2690 6 2708 469 F: 2 4 
2695 12 2731 1 F: 5 3 4 
2703 7 2731 25 F: 2 5 
2706 6 2724 326 F: 3 3 
2717 10 2727 71 F: 10 
2732 6 2738 73 F: 5 1 
2747 13 2760 240 F: 13 
2748 9 2784 100 F: 6 3 
2752 5 2767 47 F: 2 3 
2754 6 2772 151 F: 6 
2759 6 2783 74 F: 4 1 1 
2763 7 2784 59 F: 3 4 
2768 10 2788 39 F: 3 3 4 
2776 13 2815 223 F: 13 
2782 10 2822 293 F: 5 1 4 
2788 6 2794 369 F: 3 1 2 
2799 8 2815 76 F: 8 
2804 5 2824 113 F: 3 2 
2811 11 2833 232 F: 11 
2823 2 2825 419 F: 2 
2832 11 2843 393 F: 4 3 4 
2836 4 2848 389 F: 2 2 
2844 6 2850 318 F: 2 4 
2844 10 2884 61 F: 7 3 
2844 13 2857 246 F: 5 4 4 
2852 10 2892 130 F: 5 1 4 
2869 7 2897 169 F: 2 2 3 
2875 13 2901 380 F: 13 
2881 3 2890 455 F: 2 1 
2891 12 2939 186 F: 12 
2896 8 2920 134 F: 2 6 
2898 7 2912 48 F: 4 1 2 
2901 8 2925 48 F: 3 4 1 
2903 10 2933 286 F: 5 1 4 
2914 9 2941 3 F: 3 4 2 
2918 12 2930 136 F: 12 
2920 7 2948 62 F: 3 4 
2933 2 2937 62 F: 2 
2937 10 2947 147 F: 10 
2949 9 2976 309 F: 4 5 
2952 7 2980 288 F: 5 2 
2959 8 2991 8 F: 8 
2960 7 2974 288 F: 3 1 3 
2976 9 3003 172 F: 4 1 4 
2981 5 2991 201 F: 3 2 
2997 7 3011 95 F: 7 
2997 11 3019 99 F: 11 
3000 7 3014 28 F: 2 5 
3003 11 3036 84 F: 11 
3008 9 3017 90 F: 4 5 
3016 8 3032 436 F: 4 3 1 
3025 12 3037 426 F: 6 6 
3032 6 3044 442 F: 6 
3040 9 3067 97 F: 6 3 
3051 9 3060 277 F: 4 5 
3057 9 3075 481 F: 3 6 
3062 10 3082 92 F: 10 
3066 12 3090 371 F: 12 
3074 5 3089 181 F: 3 2 
3092 8 3124 23 F: 4 4 
3095 9 3122 490 F: 9 
3097 9 3106 206 F: 4 4 1 
3119 8 3135 183 F: 2 3 3 
3120 6 3144 61 F: 4 1 1 
3132 10 3172 391 F: 5 2 3 
3149 13 3188 212 F: 7 6 
3159 7 3166 367 F: 5 2 
3163 3 3172 237 F: 3 
3164 6 3188 335 F: 6 
3166 7 3173 85 F: 7 
3167 9 3194 326 F: 9 
3171 9 3207 497 F: 4 1 4 
3176 11 3220 51 F: 11 
3185 10 3215 303 F: 10 
3187 5 3197 30 F: 5 
3195 5 3205 260 F: 5 
3196 13 3222 481 F: 13 
3202 8 3210 40 F: 2 2 4 
3204 11 3237 116 F: 11 
3210 5 3225 170 F: 2 2 1 
3227 7 3234 132 F: 6 1 
3234 8 3258 427 F: 2 3 3 
3258 7 3272 488 F: 5 2 
3261 8 3269 212 F: 5 3 
3278 7 3292 144 F: 7 
3280 9 3316 412 F: 2 4 3 
3282 4 3298 383 F: 3 1 
3284 5 3289 79 F: 5 
3288 10 3328 487 F: 3 3 4 
3289 10 3299 47 F: 4 3 3 
3294 10 3314 76 F: 6 4 
3296 5 3311 479 F: 3 2 
3308 10 3318 400 F: 6 4 
3315 11 3348 198 F: 11 
3336 13 3375 8 F: 13 
3362 7 3383 441 F: 2 1 4 
3384 5 3404 73 F: 2 3 
D: 10 308 
D: 16 430 
D: 22 189 
D: 24 172 
D: 28 109 
D: 29 306 
D: 31 155 
D: 44 144 
D: 48 257 
D: 49 72 
D: 54 125 
D: 63 306 
D: 83 296 
D: 85 459 
D: 89 376 
D: 99 435 
D: 103 293 
D: 104 350 
D: 107 357 
D: 108 132 
D: 110 361 
D: 111 115 
D: 122 222 
D: 128 492 
D: 134 234 
D: 137 177 
D: 142 190 
D: 143 395 
D: 151 292 
D: 153 198 
D: 155 235 
D: 157 367 
D: 177 254 
D: 178 314 
D: 196 357 
D: 206 428 
D: 218 461 
D: 220 360 
D: 220 384 
D: 235 348 
D: 250 425 
D: 253 400 
D: 262 281 
D: 271 455 
D: 274 434 
D: 276 318 
D: 285 320 
D: 300 381 
D: 320 450 
D: 376 387 
