0 8 32 29 F: 2 2 4 
17 9 44 48 F: 3 2 4 
23 7 44 30 F: 2 5 
26 7 40 2 F: 7 
43 4 55 42 F: 4 
46 10 56 40 F: 4 4 2 
54 9 72 3 F: 4 5 
56 9 74 27 F: 9 
65 8 81 4 F: 2 4 2 
74 7 81 15 F: 3 4 
76 3 82 23 F: 3 
80 11 113 33 F: 5 2 4 
81 6 99 29 F: 4 2 
84 7 112 38 F: 2 5 
84 11 106 16 F: 11 
107 9 125 30 F: 3 2 4 
108 9 126 42 F: 5 2 2 
131 7 145 3 F: 7 
146 12 158 40 F: 12 
152 9 170 15 F: 6 3 
154 8 170 42 F: 8 
168 9 195 41 F: 4 5 
175 5 185 3 F: 3 1 1 
176 5 196 25 F: 3 2 
176 10 196 9 F: 4 6 
182 6 200 12 F: 3 3 
182 8 198 37 F: 8 
188 8 220 20 F: 4 1 3 
192 7 206 18 F: 4 2 1 
196 6 220 49 F: 5 1 
232 8 240 16 F: 7 1 
241 10 251 2 F: 5 3 2 
245 6 269 16 F: 5 1 
246 12 282 47 F: 12 
253 4 265 33 F: 3 1 
253 12 277 32 F: 12 
265 6 289 3 F: 2 2 2 
266 2 272 40 F: 2 
277 8 301 14 F: 3 5 
277 10 297 24 F: 4 3 3 
282 7 310 18 F: 3 2 2 
284 7 298 44 F: 7 
287 4 303 19 F: 4 
290 5 310 24 F: 5 
291 11 324 14 F: 5 6 
320 8 352 17 F: 8 
323 10 353 1 F: 4 4 2 
345 9 381 34 F: 9 
356 7 363 29 F: 6 1 
380 8 396 9 F: 4 2 2 
D: 7 17 
D: 8 30 
D: 21 46 
D: 21 47 
D: 24 44 
