5 8 13 391 F: 4 2 2 
8 7 36 174 F: 2 5 
8 11 41 368 F: 5 4 2 
28 13 41 343 F: 13 
35 10 75 314 F: 4 2 4 
57 5 77 61 F: 5 
66 5 81 213 F: 3 2 
71 10 81 488 F: 4 6 
72 8 80 5 F: 8 
80 10 110 475 F: 2 4 4 
81 3 84 237 F: 3 
87 8 111 393 F: 4 4 
88 7 116 431 F: 2 2 3 
94 9 103 225 F: 4 3 2 
99 8 115 343 F: 2 6 
102 5 112 265 F: 4 1 
109 2 111 312 F: 2 
110 6 116 124 F: 6 
111 12 147 236 F: 4 4 4 
135 9 162 400 F: 3 2 4 
145 11 178 252 F: 6 5 
146 9 164 87 F: 4 3 2 
149 12 197 322 F: 6 6 
154 8 178 47 F: 3 1 4 
154 13 180 412 F: 7 6 
162 8 178 365 F: 2 3 3 
165 5 170 98 F: 4 1 
171 10 181 183 F: 5 1 4 
179 9 188 315 F: 9 
189 4 205 434 F: 4 
209 7 237 122 F: 4 1 2 
222 11 266 29 F: 11 
223 7 244 52 F: 2 2 3 
235 10 245 288 F: 10 
251 11 262 41 F: 6 5 
252 8 284 20 F: 3 3 2 
268 7 282 500 F: 2 5 
268 10 288 365 F: 2 4 4 
269 4 285 3 F: 4 
274 4 282 498 F: 4 
279 9 297 310 F: 9 
280 7 287 251 F: 6 1 
280 11 302 208 F: 11 
284 13 310 102 F: 13 
298 7 319 160 F: 3 2 2 
302 13 341 51 F: 7 6 
303 7 331 495 F: 6 1 
312 6 324 36 F: 3 2 1 
318 6 342 327 F: 6 
322 11 344 479 F: 6 5 
332 12 380 449 F: 7 5 
334 11 345 30 F: 5 3 3 
356 13 382 146 F: 7 6 
358 9 376 353 F: 7 2 
359 4 375 328 F: 2 1 1 
359 12 407 182 F: 12 
371 9 389 484 F: 6 3 
390 6 396 94 F: 3 3 
391 12 427 488 F: 7 5 
392 8 424 346 F: 8 
400 9 427 340 F: 4 3 2 
403 5 413 298 F: 5 
404 8 436 10 F: 3 3 2 
406 9 415 256 F: 7 2 
421 11 432 409 F: 11 
434 7 441 41 F: 7 
447 10 477 13 F: 5 4 1 
455 9 464 436 F: 7 2 
462 10 482 424 F: 10 
463 6 481 59 F: 5 1 
480 4 492 337 F: 4 
481 5 491 183 F: 5 
484 10 514 373 F: 5 5 
489 11 500 396 F: 11 
491 12 539 250 F: 12 
501 7 522 426 F: 6 1 
501 8 525 416 F: 2 6 
504 4 512 317 F: 4 
508 11 530 90 F: 11 
527 4 543 144 F: 4 
535 6 541 246 F: 5 1 
544 7 551 129 F: 4 1 2 
549 6 573 284 F: 2 4 
556 11 567 466 F: 11 
569 2 571 156 F: 2 
580 13 606 92 F: 7 6 
584 9 611 240 F: 3 6 
585 10 595 236 F: 5 5 
586 11 630 235 F: 5 4 2 
595 8 619 257 F: 4 1 3 
620 7 634 86 F: 2 2 3 
621 9 657 149 F: 7 2 
622 8 646 345 F: 5 3 
626 7 640 329 F: 4 1 2 
630 5 645 82 F: 2 3 
634 7 655 268 F: 7 
634 9 652 71 F: 5 1 3 
644 8 676 478 F: 5 3 
647 5 652 132 F: 5 
649 6 655 397 F: 4 1 1 
649 10 689 293 F: 5 5 
650 13 676 335 F: 13 
680 11 691 184 F: 5 6 
687 9 696 283 F: 4 3 2 
696 10 726 481 F: 5 5 
700 8 732 309 F: 6 2 
701 7 715 121 F: 4 1 2 
701 7 729 212 F: 3 2 2 
706 7 713 130 F: 5 2 
714 2 718 254 F: 2 
719 10 739 373 F: 3 4 3 
721 10 761 201 F: 10 
747 5 762 296 F: 3 2 
750 10 790 26 F: 5 5 
753 11 775 357 F: 4 4 3 
761 9 779 71 F: 5 4 
771 9 789 385 F: 9 
776 8 808 190 F: 8 
793 10 833 147 F: 5 5 
798 11 842 30 F: 5 2 4 
819 6 831 496 F: 4 1 1 
821 10 851 219 F: 10 
826 8 858 500 F: 8 
839 7 853 223 F: 4 3 
844 9 880 244 F: 5 2 2 
847 10 877 186 F: 10 
854 9 863 281 F: 5 4 
864 10 874 476 F: 10 
865 6 871 375 F: 2 1 3 
866 13 892 271 F: 13 
871 8 879 80 F: 5 3 
884 7 891 461 F: 2 1 4 
894 4 906 417 F: 4 
896 6 908 196 F: 2 4 
896 10 926 264 F: 2 4 4 
906 8 930 168 F: 3 1 4 
912 5 917 484 F: 4 1 
913 5 928 45 F: 5 
914 8 938 399 F: 3 3 2 
926 12 974 213 F: 7 5 
931 10 971 323 F: 5 4 1 
960 6 984 61 F: 6 
962 6 974 68 F: 6 
963 7 970 34 F: 6 1 
974 9 983 176 F: 9 
978 5 993 133 F: 5 
978 7 1006 399 F: 2 5 
993 13 1006 179 F: 13 
994 10 1034 397 F: 5 5 
998 9 1034 371 F: 9 
1002 8 1010 407 F: 5 1 2 
1003 5 1023 315 F: 2 3 
1007 7 1035 332 F: 4 3 
1034 10 1054 243 F: 4 3 3 
1035 11 1057 221 F: 6 5 
1063 9 1081 286 F: 4 5 
1063 10 1093 438 F: 5 3 2 
1069 4 1085 495 F: 2 1 1 
1079 9 1088 177 F: 9 
1085 5 1105 383 F: 3 2 
1086 11 1108 225 F: 11 
1093 12 1117 30 F: 5 4 3 
1094 8 1126 161 F: 8 
1095 8 1127 21 F: 3 3 2 
1098 11 1109 303 F: 11 
1104 6 1128 372 F: 3 3 
1110 9 1119 495 F: 5 4 
1111 8 1143 153 F: 8 
1113 6 1125 382 F: 6 
1115 10 1135 215 F: 5 2 3 
1126 7 1140 486 F: 5 2 
1130 10 1150 88 F: 7 3 
1140 7 1154 261 F: 2 4 1 
1155 9 1164 452 F: 5 2 2 
1165 12 1189 71 F: 7 5 
1166 9 1184 479 F: 3 4 2 
1177 5 1192 346 F: 5 
1179 8 1211 367 F: 6 2 
1182 7 1196 341 F: 4 1 2 
1192 8 1200 303 F: 3 3 2 
1203 6 1215 51 F: 6 
1209 6 1215 71 F: 2 4 
1213 9 1231 82 F: 5 4 
1228 5 1243 35 F: 5 
1235 10 1265 168 F: 10 
1242 11 1264 231 F: 5 6 
1260 8 1284 232 F: 6 2 
1264 6 1282 428 F: 3 3 
1265 7 1293 228 F: 6 1 
1267 9 1303 84 F: 9 
1273 7 1287 141 F: 3 1 3 
1284 9 1311 117 F: 4 5 
1289 12 1301 97 F: 12 
1290 7 1318 469 F: 6 1 
1297 12 1309 326 F: 12 
1304 7 1332 498 F: 2 5 
1305 10 1315 407 F: 4 6 
1309 13 1348 194 F: 13 
1314 9 1332 96 F: 6 3 
1324 9 1333 232 F: 5 4 
1330 9 1366 106 F: 5 4 
1351 12 1363 367 F: 4 4 4 
1364 12 1376 212 F: 7 5 
1369 6 1381 344 F: 4 2 
1374 8 1406 226 F: 4 4 
1376 6 1394 1 F: 4 2 
1383 12 1407 435 F: 7 5 
1393 8 1409 188 F: 8 
1396 9 1423 272 F: 2 4 3 
1396 10 1426 131 F: 6 4 
1403 7 1431 220 F: 3 2 2 
1409 4 1421 36 F: 3 1 
1409 11 1453 432 F: 3 4 4 
1413 9 1422 131 F: 6 3 
1421 10 1451 86 F: 5 2 3 
1439 7 1453 407 F: 2 1 4 
1439 9 1466 119 F: 4 5 
1442 12 1454 100 F: 12 
1460 10 1470 163 F: 4 2 4 
1467 5 1472 480 F: 3 2 
1469 12 1517 357 F: 7 5 
1481 5 1501 356 F: 2 1 2 
1482 4 1490 323 F: 2 2 
1487 11 1498 315 F: 11 
1490 11 1512 263 F: 5 3 3 
1512 10 1522 9 F: 4 2 4 
1512 12 1548 381 F: 6 6 
1514 10 1544 204 F: 5 3 2 
1528 8 1544 72 F: 3 4 1 
1531 10 1571 392 F: 5 1 4 
1536 11 1569 313 F: 7 4 
1548 6 1554 202 F: 5 1 
1548 6 1566 171 F: 6 
1551 8 1567 359 F: 3 5 
1552 8 1560 246 F: 8 
1560 9 1596 479 F: 9 
1563 7 1584 22 F: 4 2 1 
1589 13 1628 140 F: 7 6 
1592 7 1599 315 F: 2 5 
1597 6 1603 213 F: 6 
1604 11 1615 479 F: 5 6 
1611 6 1623 436 F: 4 1 1 
1615 11 1626 197 F: 5 6 
1627 9 1636 222 F: 5 1 3 
1627 12 1651 294 F: 5 4 3 
1630 2 1634 14 F: 2 
1631 9 1649 472 F: 5 2 2 
1631 12 1667 63 F: 7 5 
1645 10 1665 220 F: 2 4 4 
1655 4 1667 492 F: 4 
1656 7 1670 488 F: 4 1 2 
1660 10 1680 405 F: 5 4 1 
1664 10 1684 43 F: 10 
1687 9 1696 4 F: 5 4 
1688 11 1710 276 F: 6 5 
1710 8 1726 132 F: 4 1 3 
1727 9 1763 22 F: 5 1 3 
1729 5 1744 229 F: 5 
1732 7 1746 10 F: 2 4 1 
1741 7 1769 450 F: 2 5 
1750 8 1782 358 F: 2 4 2 
1750 12 1774 276 F: 7 5 
1753 9 1789 379 F: 3 3 3 
1761 10 1781 52 F: 4 2 4 
1773 8 1789 29 F: 3 5 
1777 6 1783 361 F: 2 3 1 
1782 4 1794 219 F: 3 1 
1783 8 1791 153 F: 7 1 
1787 12 1811 415 F: 12 
1794 8 1810 130 F: 4 4 
1808 5 1823 384 F: 2 3 
1821 10 1831 329 F: 5 5 
1824 9 1860 365 F: 9 
1848 8 1872 346 F: 6 2 
1856 10 1876 470 F: 10 
1858 6 1882 406 F: 2 4 
1863 8 1887 4 F: 5 2 1 
1864 6 1876 201 F: 2 3 1 
1866 8 1890 9 F: 2 3 3 
1868 3 1874 225 F: 3 
1869 6 1875 76 F: 3 3 
1881 2 1883 441 F: 2 
1885 4 1901 31 F: 4 
1885 7 1913 385 F: 3 2 2 
1885 8 1917 30 F: 5 3 
1903 7 1931 31 F: 3 4 
1908 5 1913 303 F: 5 
1916 10 1936 125 F: 4 6 
1918 12 1930 391 F: 5 4 3 
1927 8 1935 198 F: 5 2 1 
1929 8 1953 236 F: 4 3 1 
1932 10 1952 304 F: 4 2 4 
1935 8 1967 3 F: 5 3 
1969 6 1981 71 F: 5 1 
1969 9 1978 422 F: 3 3 3 
1974 7 1995 209 F: 4 1 2 
1978 6 1984 40 F: 6 
1983 12 2007 54 F: 4 4 4 
1989 9 2016 290 F: 4 1 4 
1990 12 2002 89 F: 7 5 
2000 7 2007 317 F: 2 5 
2000 12 2012 303 F: 4 4 4 
2007 9 2043 247 F: 6 3 
2024 12 2072 86 F: 4 4 4 
2031 11 2042 447 F: 6 5 
2033 9 2069 261 F: 9 
2047 8 2055 240 F: 5 3 
2056 7 2070 15 F: 2 3 2 
2057 7 2078 409 F: 2 3 2 
2075 9 2093 15 F: 9 
2077 4 2081 477 F: 2 1 1 
2082 8 2098 253 F: 8 
2085 6 2109 183 F: 2 4 
2088 4 2096 441 F: 4 
2093 5 2098 179 F: 3 2 
2100 8 2108 401 F: 4 4 
2114 8 2130 272 F: 2 6 
2116 11 2138 39 F: 11 
2116 11 2138 237 F: 6 5 
2120 10 2150 455 F: 5 3 2 
2121 7 2142 101 F: 7 
2125 9 2152 128 F: 9 
2127 3 2136 409 F: 3 
2134 10 2144 247 F: 3 3 4 
2136 10 2146 360 F: 6 4 
2140 8 2164 436 F: 7 1 
2156 10 2166 446 F: 3 4 3 
2161 13 2213 49 F: 13 
2166 3 2169 327 F: 2 1 
2195 6 2219 401 F: 2 1 3 
2214 13 2253 232 F: 13 
2222 11 2255 108 F: 6 5 
2223 11 2267 239 F: 11 
2224 8 2248 489 F: 7 1 
2226 5 2246 428 F: 5 
2229 11 2251 285 F: 6 5 
2231 7 2238 241 F: 4 3 
2234 9 2270 348 F: 4 2 3 
2237 13 2250 455 F: 7 6 
2247 6 2253 149 F: 3 3 
2254 10 2264 27 F: 2 4 4 
2260 9 2269 352 F: 5 1 3 
2275 4 2283 52 F: 4 
2277 9 2313 333 F: 5 1 3 
2288 6 2300 313 F: 5 1 
2300 9 2336 303 F: 6 3 
2307 7 2321 102 F: 5 1 1 
2309 8 2341 355 F: 8 
2311 5 2331 151 F: 3 2 
2314 7 2342 418 F: 5 2 
2316 8 2348 280 F: 2 6 
2332 8 2348 325 F: 3 1 4 
2333 6 2339 447 F: 3 2 1 
2347 5 2362 226 F: 5 
2348 9 2375 40 F: 4 2 3 
2354 5 2364 374 F: 5 
2359 9 2386 276 F: 2 3 4 
2383 5 2388 85 F: 5 
2391 8 2423 207 F: 4 1 3 
2393 8 2425 184 F: 5 2 1 
2412 10 2442 338 F: 10 
2416 11 2449 344 F: 5 2 4 
2418 7 2446 281 F: 7 
2419 10 2429 308 F: 4 3 3 
2427 9 2436 81 F: 4 4 1 
2436 9 2454 81 F: 5 2 2 
2445 9 2481 217 F: 5 2 2 
2449 9 2476 112 F: 5 4 
2456 8 2488 434 F: 8 
2467 7 2488 204 F: 4 3 
2468 10 2488 53 F: 4 2 4 
2481 10 2491 23 F: 10 
2482 4 2490 450 F: 2 2 
2495 9 2504 368 F: 4 4 1 
2495 10 2535 466 F: 7 3 
2513 5 2523 394 F: 5 
2513 10 2523 81 F: 4 4 2 
2521 9 2557 386 F: 2 4 3 
2530 4 2538 314 F: 4 
2530 4 2538 475 F: 4 
2531 10 2571 467 F: 4 4 2 
2540 12 2588 256 F: 6 6 
2543 7 2564 44 F: 7 
2565 13 2578 461 F: 13 
2566 13 2592 2 F: 13 
2569 4 2581 9 F: 2 1 1 
2572 9 2608 85 F: 9 
2574 13 2587 137 F: 13 
2580 4 2592 174 F: 3 1 
2595 6 2601 291 F: 6 
2600 5 2605 44 F: 2 1 2 
2602 12 2638 480 F: 12 
2608 12 2620 402 F: 12 
2622 9 2631 207 F: 6 3 
2622 10 2632 40 F: 10 
2632 2 2636 462 F: 2 
2639 9 2675 250 F: 7 2 
2639 12 2687 383 F: 6 6 
2655 7 2676 458 F: 6 1 
2660 3 2669 2 F: 3 
2661 7 2668 420 F: 3 1 3 
2664 2 2670 434 F: 2 
2677 7 2698 479 F: 5 2 
2683 8 2691 307 F: 4 1 3 
2698 7 2719 396 F: 7 
2700 11 2711 362 F: 7 4 
2710 9 2737 297 F: 2 4 3 
2717 5 2722 459 F: 5 
2717 11 2728 112 F: 4 4 3 
2720 7 2741 198 F: 3 3 1 
2725 11 2736 168 F: 11 
2731 10 2771 388 F: 5 5 
2735 12 2783 287 F: 12 
2740 4 2744 345 F: 4 
2740 6 2758 451 F: 5 1 
2751 9 2760 110 F: 4 3 2 
2762 12 2810 434 F: 4 4 4 
2781 7 2802 52 F: 4 3 
2782 9 2809 195 F: 5 3 1 
2797 9 2833 265 F: 3 4 2 
2805 6 2811 69 F: 3 3 
2808 11 2830 460 F: 11 
2810 8 2834 49 F: 4 3 1 
2811 8 2819 140 F: 2 2 4 
2812 4 2824 435 F: 4 
2825 9 2843 238 F: 9 
2826 9 2835 50 F: 4 2 3 
2827 11 2838 136 F: 5 6 
2833 9 2869 151 F: 7 2 
2836 8 2844 283 F: 4 3 1 
2842 2 2846 212 F: 2 
2846 10 2866 288 F: 4 2 4 
2866 4 2878 210 F: 4 
2894 6 2900 217 F: 2 2 2 
2896 10 2916 96 F: 10 
2913 5 2933 64 F: 4 1 
2917 5 2937 322 F: 3 1 1 
2917 9 2935 391 F: 4 4 1 
2920 13 2972 132 F: 13 
2921 11 2965 89 F: 5 4 2 
2948 9 2966 380 F: 9 
2956 8 2980 133 F: 7 1 
2961 8 2977 188 F: 2 6 
2963 10 2983 220 F: 7 3 
2965 11 3009 3 F: 11 
2967 4 2975 231 F: 2 1 1 
2977 7 2991 57 F: 4 1 2 
2988 13 3040 37 F: 13 
2989 8 3005 184 F: 6 2 
2991 11 3035 212 F: 11 
3009 12 3045 208 F: 12 
3012 8 3028 299 F: 8 
3017 8 3041 360 F: 6 2 
3017 9 3053 157 F: 3 2 4 
3035 8 3059 414 F: 4 2 2 
3038 2 3044 465 F: 2 
3044 2 3052 297 F: 2 
3045 9 3072 47 F: 6 3 
3054 2 3062 188 F: 2 
3055 7 3083 18 F: 5 2 
3062 4 3078 248 F: 4 
3072 10 3082 382 F: 7 3 
3075 8 3083 126 F: 2 3 3 
3079 2 3087 343 F: 2 
3094 5 3114 432 F: 3 2 
3102 5 3117 113 F: 5 
3105 9 3123 244 F: 9 
3117 9 3144 395 F: 5 1 3 
3127 6 3151 351 F: 4 2 
3132 9 3141 358 F: 5 4 
3136 11 3158 325 F: 5 6 
3139 4 3147 230 F: 4 
3140 3 3143 100 F: 3 
3160 4 3176 47 F: 4 
3160 10 3170 139 F: 4 4 2 
3164 10 3194 259 F: 4 3 3 
3181 8 3213 387 F: 4 4 
3190 10 3210 37 F: 5 5 
3194 12 3218 8 F: 5 3 4 
3198 7 3212 149 F: 3 4 
3205 9 3223 463 F: 2 3 4 
3208 10 3228 150 F: 4 2 4 
3218 6 3242 207 F: 3 3 
3218 12 3266 454 F: 12 
3230 10 3240 176 F: 5 1 4 
3232 13 3271 278 F: 7 6 
3237 7 3251 241 F: 2 4 1 
3237 11 3259 274 F: 5 4 2 
3239 9 3248 406 F: 9 
3243 9 3270 150 F: 5 4 
3248 8 3280 4 F: 8 
3248 10 3278 180 F: 3 4 3 
3281 5 3296 236 F: 4 1 
3288 9 3306 166 F: 4 4 1 
3295 12 3307 261 F: 6 6 
3344 7 3372 174 F: 5 2 
3380 4 3384 210 F: 4 
3380 11 3424 241 F: 3 4 4 
3381 9 3399 206 F: 6 3 
3391 5 3396 395 F: 3 2 
D: 24 411 
D: 26 383 
D: 29 499 
D: 30 234 
D: 31 161 
D: 33 118 
D: 40 83 
D: 45 351 
D: 46 389 
D: 47 252 
D: 51 65 
D: 60 323 
D: 66 319 
D: 70 95 
D: 70 358 
D: 71 287 
D: 72 381 
D: 76 256 
D: 87 377 
D: 89 382 
D: 91 381 
D: 97 298 
D: 109 178 
D: 124 185 
D: 125 136 
D: 153 310 
D: 168 388 
D: 169 355 
D: 171 219 
D: 172 454 
D: 179 491 
D: 181 301 
D: 182 442 
D: 188 337 
D: 193 251 
D: 206 416 
D: 207 375 
D: 211 366 
D: 223 426 
D: 230 473 
D: 232 284 
D: 241 436 
D: 256 301 
D: 270 447 
D: 284 418 
D: 315 334 
D: 345 352 
D: 355 494 
D: 356 497 
D: 458 457 
