0 12 12 38 F: 12 
2 8 34 31 F: 3 4 1 
14 9 41 9 F: 5 2 2 
22 7 50 29 F: 4 2 1 
27 9 54 5 F: 9 
30 5 35 42 F: 2 3 
34 5 44 21 F: 2 2 1 
40 13 79 14 F: 7 6 
54 8 86 10 F: 8 
54 9 63 28 F: 5 4 
57 5 67 42 F: 5 
57 10 87 50 F: 5 2 3 
79 10 99 14 F: 5 5 
84 13 123 6 F: 13 
96 10 136 31 F: 5 5 
108 11 152 35 F: 11 
111 6 123 19 F: 4 2 
119 6 131 17 F: 5 1 
123 2 127 8 F: 2 
130 5 150 31 F: 4 1 
130 10 150 43 F: 5 2 3 
131 12 155 2 F: 5 3 4 
145 8 161 41 F: 2 4 2 
157 4 169 13 F: 4 
166 2 168 39 F: 2 
173 8 181 12 F: 4 3 1 
178 9 187 35 F: 6 3 
183 9 210 35 F: 9 
184 10 194 8 F: 3 4 3 
188 8 196 26 F: 3 1 4 
204 6 222 9 F: 2 4 
205 7 233 18 F: 3 3 1 
217 11 228 49 F: 11 
232 10 262 44 F: 10 
233 10 263 49 F: 5 4 1 
243 12 291 31 F: 5 4 3 
246 9 273 50 F: 9 
251 11 295 28 F: 3 4 4 
256 9 283 5 F: 6 3 
262 10 302 20 F: 10 
273 5 293 43 F: 4 1 
277 11 299 16 F: 7 4 
283 4 299 11 F: 4 
289 8 313 35 F: 3 5 
294 5 314 18 F: 5 
317 6 323 45 F: 2 3 1 
326 6 344 37 F: 5 1 
335 8 359 7 F: 2 4 2 
361 7 368 9 F: 4 2 1 
366 8 398 45 F: 8 
D: 1 24 
D: 2 20 
D: 4 27 
D: 13 15 
D: 14 37 
