4 7 32 65 F: 4 1 2 
31 9 49 418 F: 5 3 1 
34 9 61 393 F: 9 
38 5 58 160 F: 2 3 
38 13 51 235 F: 13 
44 6 68 62 F: 6 
47 2 55 75 F: 2 
49 13 62 211 F: 13 
53 10 73 217 F: 10 
57 13 109 296 F: 13 
60 6 72 109 F: 6 
60 6 72 110 F: 3 3 
65 13 91 392 F: 5 4 4 
66 10 96 109 F: 10 
73 5 93 1 F: 2 3 
111 9 147 179 F: 2 3 4 
114 7 128 87 F: 5 2 
114 11 125 427 F: 4 3 4 
130 4 134 462 F: 4 
133 12 181 438 F: 4 4 4 
138 12 174 472 F: 12 
138 13 190 3 F: 13 
142 7 170 213 F: 3 2 2 
143 11 176 342 F: 5 2 4 
151 7 158 128 F: 5 2 
160 5 175 397 F: 5 
169 9 205 335 F: 3 4 2 
172 6 184 424 F: 3 1 2 
178 9 196 137 F: 3 4 2 
199 7 220 91 F: 5 2 
215 10 235 491 F: 10 
218 10 258 166 F: 10 
226 11 270 174 F: 4 3 4 
232 2 240 71 F: 2 
239 10 259 310 F: 3 3 4 
244 4 256 6 F: 4 
248 9 266 38 F: 9 
256 10 266 239 F: 10 
260 7 288 224 F: 5 2 
263 9 281 463 F: 7 2 
279 9 297 478 F: 5 4 
285 10 315 61 F: 6 4 
285 12 297 256 F: 7 5 
286 10 296 396 F: 3 4 3 
292 6 310 183 F: 6 
316 9 334 101 F: 4 5 
318 12 354 181 F: 7 5 
327 7 341 192 F: 3 2 2 
328 5 338 460 F: 5 
328 12 364 269 F: 4 4 4 
331 9 340 497 F: 3 6 
331 9 349 250 F: 2 4 3 
342 10 352 65 F: 10 
351 8 367 311 F: 3 3 2 
364 11 397 7 F: 6 5 
368 8 392 398 F: 3 1 4 
369 11 380 181 F: 11 
379 7 407 36 F: 4 3 
379 8 387 198 F: 6 2 
386 3 392 302 F: 3 
400 12 424 306 F: 12 
404 3 413 459 F: 3 
408 7 436 22 F: 3 1 3 
421 6 445 389 F: 3 3 
423 11 456 379 F: 11 
441 11 463 266 F: 11 
448 10 458 398 F: 5 4 1 
452 9 470 29 F: 4 5 
455 6 479 8 F: 2 2 2 
456 7 484 60 F: 3 3 1 
465 8 481 317 F: 3 5 
470 2 474 138 F: 2 
481 5 501 84 F: 4 1 
484 7 491 75 F: 7 
497 2 505 387 F: 2 
500 13 513 83 F: 13 
501 8 525 255 F: 3 3 2 
515 4 523 398 F: 3 1 
531 8 563 66 F: 2 3 3 
531 12 555 322 F: 7 5 
534 5 539 365 F: 3 2 
537 10 567 466 F: 10 
542 9 551 313 F: 7 2 
546 11 579 398 F: 11 
549 13 575 131 F: 13 
550 6 556 466 F: 5 1 
555 8 563 14 F: 4 4 
574 11 596 151 F: 11 
575 11 597 392 F: 4 3 4 
599 10 629 318 F: 10 
604 7 611 201 F: 2 5 
604 10 614 410 F: 5 5 
610 9 637 436 F: 9 
614 10 644 70 F: 5 5 
634 2 640 26 F: 2 
634 5 639 169 F: 2 1 2 
634 9 670 259 F: 5 4 
636 6 654 71 F: 3 2 1 
637 11 659 442 F: 4 4 3 
656 9 683 122 F: 3 6 
662 9 698 285 F: 4 4 1 
665 6 677 475 F: 2 4 
679 9 697 482 F: 3 6 
681 12 729 282 F: 4 4 4 
682 9 691 269 F: 5 2 2 
704 5 714 477 F: 5 
705 9 723 263 F: 4 2 3 
706 7 734 487 F: 2 5 
712 11 745 333 F: 11 
713 6 719 462 F: 5 1 
729 8 737 471 F: 7 1 
742 9 769 343 F: 5 3 1 
747 11 769 113 F: 5 3 3 
755 12 803 227 F: 12 
761 7 775 95 F: 7 
767 4 775 178 F: 3 1 
781 5 791 106 F: 5 
781 12 817 473 F: 12 
794 7 822 202 F: 3 2 2 
795 8 811 37 F: 8 
809 10 819 492 F: 5 3 2 
824 10 864 495 F: 7 3 
831 7 838 207 F: 5 2 
833 9 851 247 F: 4 1 4 
836 8 868 203 F: 8 
838 11 871 486 F: 11 
839 8 847 141 F: 6 2 
867 7 881 430 F: 3 2 2 
882 8 906 232 F: 4 4 
883 11 927 25 F: 4 3 4 
884 10 894 59 F: 7 3 
884 10 894 85 F: 4 2 4 
885 11 896 47 F: 11 
890 3 899 99 F: 3 
892 10 932 260 F: 10 
900 11 933 70 F: 5 2 4 
901 8 925 27 F: 3 5 
917 8 933 48 F: 3 5 
923 12 947 197 F: 7 5 
934 3 946 42 F: 2 1 
944 9 971 68 F: 7 2 
947 9 965 226 F: 7 2 
956 9 974 3 F: 9 
958 7 979 253 F: 2 2 3 
959 9 986 311 F: 4 5 
961 7 982 190 F: 7 
974 12 1022 259 F: 12 
976 8 992 250 F: 6 2 
994 7 1008 218 F: 3 1 3 
996 10 1026 176 F: 4 4 2 
1003 8 1019 140 F: 3 1 4 
1019 9 1028 330 F: 9 
1020 7 1048 337 F: 4 3 
1042 6 1054 87 F: 6 
1047 10 1087 438 F: 7 3 
1055 7 1083 428 F: 3 4 
1069 10 1099 133 F: 4 6 
1072 7 1100 176 F: 4 3 
1073 8 1105 463 F: 8 
1077 3 1083 286 F: 3 
1078 10 1118 499 F: 4 2 4 
1084 2 1090 403 F: 2 
1090 9 1099 241 F: 4 3 2 
1092 9 1128 371 F: 9 
1094 7 1122 381 F: 4 2 1 
1109 11 1120 308 F: 4 4 3 
1121 12 1169 237 F: 12 
1122 9 1149 43 F: 2 4 3 
1126 10 1166 61 F: 3 4 3 
1131 8 1139 145 F: 8 
1133 12 1181 197 F: 4 4 4 
1143 12 1191 419 F: 12 
1149 13 1175 203 F: 7 6 
1169 9 1205 166 F: 4 5 
1174 7 1202 412 F: 4 1 2 
1178 9 1205 389 F: 5 3 1 
1181 7 1202 221 F: 3 1 3 
1183 12 1207 51 F: 12 
1184 9 1211 500 F: 9 
1191 5 1196 499 F: 5 
1202 4 1206 50 F: 4 
1202 12 1214 186 F: 5 4 3 
1211 3 1217 192 F: 3 
1216 7 1223 395 F: 6 1 
1230 9 1257 320 F: 5 4 
1231 12 1243 78 F: 12 
1242 4 1250 63 F: 4 
1253 7 1281 230 F: 6 1 
1256 9 1283 162 F: 3 6 
1268 10 1278 54 F: 10 
1272 9 1308 295 F: 9 
1283 2 1287 64 F: 2 
1293 6 1317 439 F: 4 1 1 
1293 9 1302 215 F: 4 4 1 
1298 12 1346 186 F: 12 
1307 5 1327 337 F: 5 
1307 11 1318 228 F: 11 
1307 12 1355 25 F: 5 4 3 
1308 11 1341 498 F: 5 4 2 
1336 3 1345 432 F: 2 1 
1352 7 1380 169 F: 6 1 
1353 9 1362 462 F: 4 1 4 
1358 9 1385 44 F: 5 1 3 
1364 8 1372 94 F: 4 2 2 
1369 5 1389 224 F: 2 3 
1369 11 1391 496 F: 5 3 3 
1371 3 1380 34 F: 3 
1376 4 1380 69 F: 4 
1386 9 1404 25 F: 9 
1392 12 1440 281 F: 5 4 3 
1400 5 1415 222 F: 4 1 
1402 9 1438 37 F: 4 5 
1407 10 1427 464 F: 5 1 4 
1409 3 1415 458 F: 3 
1436 4 1444 336 F: 3 1 
1438 7 1459 401 F: 7 
1450 8 1474 250 F: 4 2 2 
1457 7 1478 359 F: 7 
1458 12 1470 296 F: 12 
1471 3 1474 298 F: 3 
1478 13 1491 186 F: 13 
1488 7 1495 197 F: 2 4 1 
1493 7 1521 175 F: 3 4 
1493 11 1537 413 F: 4 3 4 
1495 4 1507 370 F: 4 
1514 11 1536 488 F: 5 4 2 
1516 5 1531 378 F: 5 
1516 5 1536 407 F: 5 
1523 2 1525 355 F: 2 
1525 11 1569 158 F: 6 5 
1527 7 1555 443 F: 5 2 
1533 7 1547 473 F: 7 
1537 11 1559 448 F: 11 
1544 7 1572 344 F: 4 2 1 
1551 10 1571 127 F: 10 
1552 8 1576 379 F: 7 1 
1560 4 1572 279 F: 3 1 
1570 9 1597 427 F: 5 4 
1587 8 1603 343 F: 2 6 
1599 10 1629 406 F: 3 4 3 
1604 4 1612 107 F: 4 
1610 8 1634 371 F: 4 4 
1620 8 1652 402 F: 3 5 
1624 5 1629 36 F: 5 
1625 9 1661 152 F: 4 2 3 
1637 7 1658 406 F: 2 5 
1646 7 1660 492 F: 2 3 2 
1650 5 1655 162 F: 5 
1650 6 1668 18 F: 6 
1663 13 1689 225 F: 7 6 
1667 9 1694 64 F: 9 
1674 9 1710 413 F: 9 
1676 3 1688 410 F: 3 
1695 4 1699 431 F: 2 2 
1697 11 1730 315 F: 5 6 
1709 8 1741 213 F: 4 1 3 
1714 13 1753 56 F: 13 
1716 7 1723 445 F: 7 
1724 6 1748 193 F: 4 1 1 
1730 11 1774 357 F: 6 5 
1748 8 1780 465 F: 2 6 
1757 12 1793 96 F: 6 6 
1758 2 1766 209 F: 2 
1769 12 1781 428 F: 12 
1772 10 1812 455 F: 4 6 
1774 9 1810 91 F: 9 
1780 5 1790 405 F: 4 1 
1795 4 1803 63 F: 4 
1796 10 1836 44 F: 4 6 
1799 7 1806 326 F: 3 3 1 
1811 11 1822 469 F: 5 3 3 
1812 10 1842 130 F: 4 6 
1817 4 1825 197 F: 4 
1817 7 1831 170 F: 7 
1826 11 1848 68 F: 11 
1838 7 1845 51 F: 3 2 2 
1842 9 1869 484 F: 4 2 3 
1843 12 1879 427 F: 12 
1850 10 1860 472 F: 6 4 
1851 7 1879 129 F: 3 2 2 
1854 8 1878 210 F: 7 1 
1862 13 1914 447 F: 7 6 
1875 12 1911 118 F: 12 
1879 12 1915 200 F: 12 
1882 4 1890 95 F: 2 1 1 
1918 9 1945 420 F: 5 4 
1919 12 1967 4 F: 12 
1921 7 1942 268 F: 5 1 1 
1922 8 1946 167 F: 3 4 1 
1944 6 1950 170 F: 4 2 
1956 8 1988 48 F: 3 5 
1957 6 1975 406 F: 5 1 
1962 4 1974 205 F: 4 
1963 10 1993 99 F: 10 
1965 7 1979 110 F: 4 3 
1965 8 1989 223 F: 4 4 
1966 8 1998 342 F: 4 3 1 
1991 12 2027 68 F: 4 4 4 
1994 10 2024 178 F: 3 3 4 
1999 10 2029 85 F: 4 3 3 
2000 10 2020 432 F: 10 
2001 4 2013 493 F: 4 
2006 7 2020 497 F: 2 2 3 
2013 12 2037 89 F: 12 
2024 5 2029 24 F: 5 
2024 7 2031 390 F: 5 2 
2029 9 2056 370 F: 3 4 2 
2039 3 2048 494 F: 2 1 
2060 5 2075 138 F: 3 1 1 
2066 11 2077 102 F: 5 4 2 
2078 10 2098 463 F: 10 
2082 9 2091 60 F: 4 5 
2084 9 2093 221 F: 5 1 3 
2087 5 2102 57 F: 5 
2090 8 2106 119 F: 8 
2108 7 2115 349 F: 7 
2118 12 2154 47 F: 12 
2121 11 2165 205 F: 7 4 
2122 9 2140 383 F: 7 2 
2122 12 2146 65 F: 12 
2136 4 2152 266 F: 4 
2136 8 2144 392 F: 6 2 
2136 12 2160 98 F: 12 
2140 4 2144 307 F: 4 
2152 11 2163 142 F: 7 4 
2155 6 2167 44 F: 6 
2170 9 2188 378 F: 4 1 4 
2177 9 2186 490 F: 7 2 
2192 10 2212 442 F: 5 5 
2199 11 2210 176 F: 11 
2200 7 2228 321 F: 6 1 
2219 12 2267 210 F: 5 3 4 
2220 8 2236 398 F: 5 3 
2220 11 2264 13 F: 4 3 4 
2226 9 2253 240 F: 3 2 4 
2227 6 2251 296 F: 2 4 
2234 11 2278 410 F: 11 
2235 11 2268 58 F: 11 
2237 7 2265 466 F: 5 2 
2245 11 2278 18 F: 11 
2248 12 2296 468 F: 5 3 4 
2259 8 2291 295 F: 3 2 3 
2264 6 2270 260 F: 5 1 
2285 8 2317 427 F: 3 5 
2296 5 2301 113 F: 2 1 2 
2303 9 2312 163 F: 5 1 3 
2314 9 2341 240 F: 5 3 1 
2318 13 2357 269 F: 7 6 
2319 9 2355 194 F: 4 5 
2321 4 2325 178 F: 4 
2329 11 2340 482 F: 5 6 
2332 10 2362 11 F: 4 6 
2333 9 2360 125 F: 9 
2340 12 2376 155 F: 7 5 
2352 6 2376 326 F: 5 1 
2367 5 2382 265 F: 2 2 1 
2390 5 2410 176 F: 5 
2391 9 2400 352 F: 3 3 3 
2391 9 2418 447 F: 6 3 
2394 11 2416 476 F: 5 4 2 
2403 6 2421 407 F: 2 3 1 
2407 8 2415 307 F: 4 4 
2415 11 2459 355 F: 4 3 4 
2418 3 2424 7 F: 3 
2423 9 2450 13 F: 4 5 
2441 10 2461 239 F: 6 4 
2446 11 2479 359 F: 11 
2456 8 2472 309 F: 8 
2458 11 2469 428 F: 6 5 
2465 8 2497 107 F: 8 
2466 8 2498 499 F: 5 1 2 
2472 8 2496 418 F: 6 2 
2476 4 2488 124 F: 2 2 
2482 10 2502 414 F: 10 
2494 12 2518 406 F: 12 
2505 10 2545 44 F: 2 4 4 
2516 2 2520 339 F: 2 
2523 10 2543 462 F: 10 
2527 8 2535 403 F: 2 4 2 
2533 7 2554 6 F: 2 3 2 
2547 11 2558 330 F: 7 4 
2554 9 2563 201 F: 9 
2556 10 2596 500 F: 5 2 3 
2559 2 2561 199 F: 2 
2563 7 2577 222 F: 2 4 1 
2564 10 2584 168 F: 5 2 3 
2567 8 2583 321 F: 3 1 4 
2569 7 2583 442 F: 4 2 1 
2573 6 2585 369 F: 2 2 2 
2582 13 2595 197 F: 13 
2603 6 2621 100 F: 6 
2608 13 2660 430 F: 13 
2614 8 2646 354 F: 4 1 3 
2617 12 2665 261 F: 12 
2624 13 2637 238 F: 13 
2630 10 2640 137 F: 10 
2633 10 2643 380 F: 4 4 2 
2635 5 2645 375 F: 5 
2636 11 2680 361 F: 6 5 
2638 7 2645 398 F: 3 1 3 
2649 8 2673 495 F: 8 
2665 6 2689 2 F: 4 1 1 
2677 7 2684 53 F: 6 1 
2691 10 2701 302 F: 3 4 3 
2696 12 2732 14 F: 7 5 
2700 4 2704 73 F: 4 
2717 2 2725 103 F: 2 
2722 3 2728 453 F: 3 
2727 8 2751 434 F: 5 3 
2732 9 2768 123 F: 4 2 3 
2735 7 2742 443 F: 2 5 
2740 6 2752 447 F: 5 1 
2751 3 2763 312 F: 3 
2751 8 2783 313 F: 4 3 1 
2758 8 2782 81 F: 4 4 
2776 12 2800 3 F: 12 
2778 9 2805 57 F: 4 5 
2779 8 2803 51 F: 3 5 
2780 9 2789 262 F: 5 4 
2792 7 2806 26 F: 2 5 
2801 13 2827 29 F: 7 6 
2807 7 2835 264 F: 7 
2828 7 2849 295 F: 5 1 1 
2852 6 2864 454 F: 6 
2869 9 2896 480 F: 3 3 3 
2871 11 2915 493 F: 3 4 4 
2871 12 2907 102 F: 5 3 4 
2872 9 2899 394 F: 9 
2876 8 2884 48 F: 2 6 
2878 8 2910 432 F: 8 
2882 7 2910 110 F: 3 2 2 
2890 9 2899 430 F: 9 
2895 10 2935 66 F: 3 4 3 
2897 7 2911 98 F: 3 2 2 
2897 9 2924 351 F: 9 
2903 8 2919 53 F: 5 3 
2910 4 2922 468 F: 4 
2919 3 2928 166 F: 2 1 
2930 11 2974 64 F: 7 4 
2935 4 2943 309 F: 2 2 
2939 11 2950 90 F: 11 
2940 6 2964 309 F: 3 1 2 
2940 12 2952 176 F: 12 
2951 2 2959 52 F: 2 
2952 11 2963 438 F: 11 
2956 10 2996 235 F: 10 
2976 7 2990 55 F: 2 5 
2986 9 3022 150 F: 9 
2988 6 3000 482 F: 2 1 3 
2995 2 2997 101 F: 2 
3008 11 3041 70 F: 11 
3009 8 3017 282 F: 7 1 
3013 13 3065 404 F: 13 
3042 4 3050 14 F: 2 1 1 
3044 9 3053 216 F: 5 1 3 
3047 13 3060 448 F: 13 
3056 10 3086 206 F: 6 4 
3066 9 3093 297 F: 4 2 3 
3076 7 3097 171 F: 7 
3076 13 3115 21 F: 13 
3082 10 3112 322 F: 6 4 
3083 5 3103 149 F: 5 
3086 12 3098 57 F: 12 
3092 9 3101 430 F: 9 
3092 10 3132 81 F: 4 6 
3107 8 3131 182 F: 4 4 
3120 7 3141 483 F: 2 4 1 
3120 10 3150 51 F: 7 3 
3122 5 3127 348 F: 5 
3131 6 3155 462 F: 2 3 1 
3136 8 3144 460 F: 3 5 
3143 13 3182 65 F: 7 6 
3157 11 3201 408 F: 4 3 4 
3160 6 3166 25 F: 2 4 
3181 6 3187 168 F: 2 4 
3182 4 3186 62 F: 4 
3185 13 3198 241 F: 13 
3189 11 3233 47 F: 7 4 
3194 4 3202 352 F: 4 
3198 8 3230 220 F: 3 5 
3220 4 3224 267 F: 4 
3221 5 3226 197 F: 5 
3223 4 3227 89 F: 3 1 
3226 8 3234 18 F: 5 1 2 
3235 2 3243 308 F: 2 
3235 12 3283 114 F: 5 4 3 
3263 11 3307 13 F: 11 
3265 10 3295 227 F: 7 3 
3267 4 3271 417 F: 2 1 1 
3276 8 3300 140 F: 2 6 
3281 9 3299 453 F: 6 3 
3284 5 3299 334 F: 3 2 
3289 10 3329 467 F: 4 6 
3293 6 3311 476 F: 2 4 
3298 6 3316 207 F: 3 3 
3307 6 3325 311 F: 2 4 
3315 13 3341 229 F: 13 
3342 8 3358 313 F: 8 
3382 12 3394 147 F: 4 4 4 
3397 9 3424 322 F: 5 3 1 
D: 0 252 
D: 0 479 
D: 1 168 
D: 4 397 
D: 7 452 
D: 14 198 
D: 16 415 
D: 18 87 
D: 18 104 
D: 20 162 
D: 21 41 
D: 23 146 
D: 30 263 
D: 30 399 
D: 40 114 
D: 50 203 
D: 55 322 
D: 68 120 
D: 77 124 
D: 82 339 
D: 92 182 
D: 94 285 
D: 100 327 
D: 100 438 
D: 105 300 
D: 115 479 
D: 118 426 
D: 125 391 
D: 125 444 
D: 139 161 
D: 141 144 
D: 142 186 
D: 147 419 
D: 154 428 
D: 155 496 
D: 161 226 
D: 168 467 
D: 176 438 
D: 178 381 
D: 188 497 
D: 204 323 
D: 206 460 
D: 208 242 
D: 243 322 
D: 289 313 
D: 290 344 
D: 319 443 
D: 409 437 
D: 426 454 
D: 456 468 
