1 9 37 9 F: 2 4 3 
19 5 34 14 F: 5 
37 7 51 30 F: 6 1 
39 7 46 44 F: 2 5 
39 11 83 8 F: 11 
52 11 85 39 F: 5 6 
53 7 74 49 F: 4 2 1 
54 3 63 46 F: 3 
68 4 72 11 F: 4 
72 6 84 2 F: 4 1 1 
72 10 102 12 F: 5 1 4 
79 9 88 28 F: 4 1 4 
80 5 100 15 F: 5 
90 10 110 43 F: 4 2 4 
99 4 115 21 F: 4 
104 8 128 24 F: 6 2 
104 10 144 50 F: 5 1 4 
108 11 152 45 F: 11 
111 7 139 42 F: 4 3 
118 10 148 24 F: 5 2 3 
121 9 148 43 F: 9 
130 11 174 13 F: 11 
132 7 153 16 F: 3 1 3 
142 7 163 40 F: 2 1 4 
157 9 184 11 F: 4 5 
161 13 200 11 F: 7 6 
163 6 181 27 F: 4 1 1 
163 7 184 22 F: 4 3 
164 12 212 27 F: 5 4 3 
198 11 242 47 F: 5 2 4 
203 7 231 3 F: 2 5 
207 6 231 37 F: 3 3 
207 11 218 7 F: 5 6 
214 4 218 20 F: 4 
216 7 230 36 F: 6 1 
229 9 256 14 F: 5 2 2 
240 10 280 26 F: 5 1 4 
251 7 258 13 F: 7 
264 6 276 29 F: 3 1 2 
267 8 299 13 F: 8 
267 13 293 16 F: 13 
280 2 286 11 F: 2 
282 10 292 20 F: 4 4 2 
285 10 325 20 F: 3 4 3 
286 8 310 9 F: 8 
345 9 354 8 F: 5 1 3 
348 9 357 39 F: 9 
385 5 405 13 F: 2 3 
387 9 396 11 F: 3 2 4 
393 9 420 10 F: 3 2 4 
D: 0 4 
D: 2 7 
D: 6 46 
D: 8 11 
D: 13 48 
