9 4 21 41 F: 2 2 
10 5 25 44 F: 5 
10 8 42 15 F: 4 1 3 
38 8 54 31 F: 7 1 
43 9 79 7 F: 3 4 2 
49 6 73 48 F: 4 2 
55 5 70 16 F: 2 3 
57 10 87 37 F: 10 
58 4 62 9 F: 4 
79 9 97 39 F: 3 4 2 
81 7 109 37 F: 4 3 
84 10 94 18 F: 5 1 4 
85 10 105 48 F: 10 
86 6 92 31 F: 5 1 
98 11 142 44 F: 5 3 3 
100 6 112 23 F: 2 4 
106 8 130 38 F: 2 6 
106 11 128 43 F: 5 6 
119 10 139 42 F: 10 
119 10 139 50 F: 10 
131 9 140 47 F: 3 2 4 
131 11 142 6 F: 5 4 2 
137 7 158 14 F: 7 
145 7 152 26 F: 5 2 
174 2 176 21 F: 2 
174 7 195 18 F: 2 5 
177 10 187 37 F: 4 2 4 
179 7 186 19 F: 6 1 
184 7 191 42 F: 3 4 
193 10 223 17 F: 4 4 2 
201 2 203 43 F: 2 
201 9 228 41 F: 4 3 2 
203 8 235 20 F: 4 1 3 
211 6 217 42 F: 2 2 2 
212 9 230 44 F: 9 
220 7 227 43 F: 5 2 
229 13 268 17 F: 7 6 
236 8 260 44 F: 8 
259 11 292 43 F: 5 6 
269 11 280 21 F: 5 2 4 
277 7 298 48 F: 5 2 
282 8 298 35 F: 2 6 
288 6 312 25 F: 6 
299 11 310 10 F: 11 
299 13 312 45 F: 13 
300 8 324 40 F: 7 1 
315 6 327 32 F: 3 1 2 
317 5 337 5 F: 2 3 
324 13 350 39 F: 13 
339 9 357 24 F: 5 3 1 
D: 5 44 
D: 6 46 
D: 16 47 
D: 17 33 
D: 20 29 
