14 5 24 132 F: 2 3 
29 5 44 450 F: 5 
30 13 56 131 F: 7 6 
35 5 50 456 F: 5 
35 13 61 279 F: 13 
43 7 57 256 F: 3 4 
45 4 57 230 F: 2 1 1 
55 4 59 319 F: 2 1 1 
64 10 94 146 F: 5 3 2 
65 9 83 69 F: 4 5 
73 7 80 436 F: 6 1 
80 11 113 206 F: 6 5 
89 6 107 62 F: 6 
99 8 115 172 F: 4 4 
99 12 111 251 F: 12 
108 3 111 194 F: 3 
110 5 125 318 F: 2 1 2 
121 7 135 247 F: 2 1 4 
130 9 166 348 F: 5 4 
131 6 155 258 F: 6 
150 7 178 353 F: 7 
155 11 188 225 F: 5 4 2 
158 9 194 87 F: 2 3 4 
162 13 175 168 F: 7 6 
163 7 184 99 F: 4 1 2 
167 8 183 490 F: 2 4 2 
176 2 184 406 F: 2 
187 12 223 189 F: 12 
190 2 196 368 F: 2 
194 11 238 245 F: 11 
203 4 215 290 F: 2 2 
208 8 240 11 F: 3 5 
211 10 251 213 F: 4 6 
212 6 218 113 F: 6 
226 9 253 387 F: 4 4 1 
233 6 251 476 F: 6 
254 9 281 265 F: 3 2 4 
256 5 266 488 F: 3 2 
257 12 269 235 F: 7 5 
265 10 295 56 F: 5 5 
266 10 296 33 F: 5 3 2 
275 4 283 157 F: 4 
276 10 306 12 F: 3 3 4 
285 7 292 490 F: 6 1 
295 11 306 402 F: 4 3 4 
306 11 317 149 F: 5 6 
324 5 334 326 F: 2 2 1 
324 12 372 140 F: 12 
325 9 334 485 F: 4 5 
330 8 338 388 F: 5 1 2 
330 8 338 437 F: 6 2 
335 4 347 432 F: 2 1 1 
341 5 361 84 F: 5 
343 6 361 372 F: 3 3 
361 3 364 414 F: 3 
362 8 378 467 F: 2 3 3 
373 7 401 147 F: 7 
388 4 400 3 F: 3 1 
389 5 409 195 F: 5 
390 9 417 463 F: 2 4 3 
408 13 447 346 F: 13 
415 5 430 445 F: 5 
415 10 455 257 F: 4 2 4 
421 8 453 175 F: 8 
422 7 443 441 F: 6 1 
427 11 449 498 F: 6 5 
442 11 453 484 F: 11 
446 9 464 64 F: 2 3 4 
452 2 456 293 F: 2 
453 12 489 95 F: 4 4 4 
464 12 488 489 F: 12 
475 12 487 11 F: 6 6 
481 6 487 284 F: 5 1 
482 8 490 312 F: 4 1 3 
494 4 510 410 F: 4 
516 12 540 426 F: 12 
520 11 531 245 F: 5 3 3 
528 8 536 94 F: 6 2 
532 10 572 342 F: 10 
533 8 565 384 F: 2 6 
539 2 543 381 F: 2 
539 8 547 342 F: 3 5 
542 8 574 170 F: 4 1 3 
554 10 594 64 F: 10 
555 10 595 74 F: 4 2 4 
564 7 585 55 F: 6 1 
567 4 571 315 F: 2 2 
577 9 613 281 F: 3 3 3 
589 5 599 417 F: 2 3 
590 10 600 203 F: 10 
606 13 658 256 F: 13 
608 3 620 285 F: 3 
625 11 636 303 F: 11 
640 9 676 157 F: 3 4 2 
641 3 644 290 F: 2 1 
648 6 660 228 F: 2 1 3 
649 8 673 191 F: 7 1 
660 4 664 21 F: 4 
662 10 702 274 F: 10 
662 10 702 466 F: 4 4 2 
665 6 671 222 F: 3 3 
671 5 686 407 F: 3 1 1 
672 7 686 204 F: 3 4 
674 5 684 373 F: 2 2 1 
696 10 726 329 F: 7 3 
701 7 708 60 F: 2 5 
703 8 719 62 F: 4 1 3 
704 9 713 426 F: 5 1 3 
713 6 737 400 F: 4 1 1 
727 10 737 247 F: 5 1 4 
738 3 744 33 F: 3 
739 13 778 344 F: 13 
740 9 749 31 F: 3 6 
745 7 752 389 F: 4 1 2 
758 11 769 32 F: 11 
763 11 774 326 F: 11 
771 3 777 229 F: 3 
778 6 796 317 F: 3 1 2 
784 9 802 446 F: 6 3 
788 13 827 211 F: 7 6 
801 6 819 371 F: 6 
809 3 812 448 F: 2 1 
810 7 824 452 F: 3 2 2 
821 6 827 458 F: 2 3 1 
828 8 852 59 F: 8 
832 9 868 133 F: 3 4 2 
852 7 880 66 F: 4 1 2 
855 7 869 233 F: 4 1 2 
858 13 910 55 F: 5 4 4 
861 11 883 97 F: 5 6 
881 11 925 105 F: 11 
889 4 893 343 F: 4 
890 6 914 428 F: 2 4 
892 12 904 136 F: 12 
897 13 949 335 F: 5 4 4 
909 3 921 375 F: 3 
931 7 945 44 F: 4 3 
940 5 945 444 F: 3 2 
948 8 980 464 F: 3 5 
948 11 992 153 F: 11 
955 2 957 40 F: 2 
955 10 965 400 F: 10 
956 9 965 100 F: 9 
959 9 977 147 F: 9 
964 12 988 366 F: 12 
965 8 981 465 F: 6 2 
968 7 975 164 F: 7 
977 7 1005 300 F: 7 
982 10 992 448 F: 4 3 3 
989 8 1005 184 F: 4 1 3 
1004 6 1016 487 F: 3 1 2 
1013 10 1023 60 F: 4 3 3 
1014 6 1020 322 F: 2 4 
1016 6 1028 99 F: 6 
1016 8 1032 168 F: 4 2 2 
1027 9 1036 52 F: 7 2 
1037 11 1081 256 F: 11 
1038 10 1058 30 F: 5 2 3 
1040 9 1067 116 F: 5 2 2 
1048 9 1075 487 F: 2 3 4 
1049 4 1061 465 F: 3 1 
1074 8 1090 128 F: 5 1 2 
1086 9 1095 11 F: 9 
1087 13 1126 75 F: 13 
1089 7 1117 429 F: 7 
1103 8 1135 35 F: 4 2 2 
1109 5 1119 420 F: 3 2 
1118 6 1124 208 F: 4 1 1 
1125 5 1135 404 F: 2 2 1 
1154 5 1174 236 F: 3 1 1 
1157 9 1175 88 F: 6 3 
1160 9 1169 151 F: 5 1 3 
1161 11 1183 106 F: 11 
1173 4 1181 336 F: 4 
1181 10 1221 218 F: 4 4 2 
1184 5 1204 347 F: 5 
1186 7 1193 367 F: 4 1 2 
1187 3 1199 440 F: 2 1 
1187 4 1195 191 F: 2 2 
1195 3 1207 489 F: 3 
1201 6 1207 152 F: 4 1 1 
1204 5 1214 445 F: 3 1 1 
1222 9 1249 210 F: 3 4 2 
1225 10 1255 418 F: 5 4 1 
1229 8 1245 374 F: 8 
1247 10 1267 241 F: 3 3 4 
1250 6 1256 335 F: 6 
1258 6 1270 177 F: 5 1 
1259 9 1286 290 F: 5 3 1 
1262 12 1274 483 F: 7 5 
1264 4 1280 268 F: 4 
1264 10 1284 220 F: 5 2 3 
1265 12 1301 158 F: 12 
1275 7 1282 453 F: 2 1 4 
1297 11 1308 432 F: 11 
1302 7 1330 72 F: 4 1 2 
1304 5 1324 207 F: 5 
1304 10 1324 294 F: 10 
1307 4 1311 463 F: 4 
1309 9 1318 50 F: 4 2 3 
1316 8 1324 365 F: 5 2 1 
1328 7 1342 213 F: 2 5 
1338 10 1378 449 F: 5 1 4 
1343 10 1363 161 F: 4 4 2 
1348 8 1380 65 F: 2 6 
1351 5 1366 400 F: 3 2 
1363 5 1378 257 F: 2 3 
1374 7 1388 297 F: 3 4 
1388 7 1409 399 F: 4 3 
1392 11 1403 129 F: 3 4 4 
1410 7 1417 424 F: 4 2 1 
1419 10 1429 37 F: 4 2 4 
1435 7 1442 498 F: 4 3 
1435 8 1459 56 F: 8 
1435 13 1474 469 F: 7 6 
1446 8 1462 247 F: 3 1 4 
1448 12 1496 311 F: 12 
1449 8 1465 254 F: 2 2 4 
1453 5 1458 332 F: 4 1 
1459 8 1467 37 F: 8 
1472 12 1520 463 F: 7 5 
1484 11 1528 150 F: 5 2 4 
1488 5 1493 365 F: 5 
1489 9 1498 41 F: 9 
1494 4 1502 1 F: 3 1 
1500 9 1509 470 F: 5 3 1 
1508 11 1519 467 F: 11 
1510 4 1518 412 F: 4 
1522 10 1562 390 F: 10 
1528 8 1536 305 F: 8 
1531 7 1545 271 F: 5 2 
1532 8 1556 311 F: 8 
1537 12 1561 294 F: 12 
1539 9 1548 60 F: 9 
1551 6 1575 384 F: 4 2 
1567 11 1578 461 F: 7 4 
1569 6 1587 142 F: 4 2 
1570 5 1590 135 F: 5 
1572 2 1580 88 F: 2 
1582 9 1600 312 F: 2 4 3 
1604 6 1622 361 F: 4 2 
1606 8 1622 289 F: 4 4 
1615 7 1636 294 F: 7 
1637 7 1658 241 F: 2 5 
1642 10 1672 428 F: 10 
1646 7 1660 250 F: 4 1 2 
1656 4 1664 406 F: 4 
1668 7 1682 247 F: 4 2 1 
1673 13 1686 200 F: 7 6 
1680 8 1688 454 F: 5 1 2 
1687 7 1701 208 F: 7 
1691 4 1703 234 F: 4 
1696 8 1720 170 F: 2 6 
1697 4 1701 457 F: 4 
1699 10 1739 159 F: 10 
1700 4 1712 300 F: 2 2 
1719 8 1727 305 F: 8 
1723 9 1732 397 F: 7 2 
1730 8 1754 410 F: 4 4 
1734 13 1786 227 F: 13 
1740 9 1767 47 F: 5 1 3 
1740 11 1784 272 F: 11 
1740 13 1766 464 F: 13 
1755 5 1760 451 F: 4 1 
1755 5 1775 134 F: 5 
1757 7 1785 79 F: 2 1 4 
1770 12 1782 159 F: 7 5 
1783 9 1801 413 F: 7 2 
1788 10 1808 150 F: 4 6 
1791 8 1807 390 F: 4 4 
1809 7 1816 239 F: 3 3 1 
1810 13 1823 352 F: 13 
1812 11 1834 3 F: 11 
1814 10 1834 329 F: 5 1 4 
1835 9 1862 440 F: 4 4 1 
1836 7 1843 391 F: 4 3 
1843 7 1857 421 F: 5 2 
1844 11 1866 469 F: 11 
1847 3 1850 115 F: 3 
1847 10 1887 32 F: 5 1 4 
1859 10 1879 14 F: 7 3 
1864 9 1891 270 F: 3 4 2 
1879 6 1891 320 F: 4 1 1 
1882 6 1888 26 F: 3 3 
1892 8 1916 238 F: 8 
1902 8 1926 76 F: 4 4 
1905 8 1937 25 F: 3 5 
1921 12 1969 311 F: 12 
1925 5 1945 459 F: 5 
1936 6 1960 232 F: 2 4 
1959 8 1975 330 F: 8 
1966 11 2010 22 F: 3 4 4 
1971 9 1980 120 F: 5 3 1 
1977 11 2010 50 F: 6 5 
1980 8 1988 394 F: 2 6 
1982 2 1990 402 F: 2 
1986 7 2007 257 F: 2 1 4 
1996 11 2040 54 F: 7 4 
1997 9 2033 70 F: 3 2 4 
1998 10 2028 275 F: 10 
2002 8 2010 169 F: 5 3 
2004 8 2020 282 F: 8 
2015 8 2047 76 F: 2 3 3 
2019 6 2031 324 F: 4 2 
2030 4 2042 460 F: 4 
2034 11 2067 30 F: 5 2 4 
2047 10 2077 179 F: 10 
2052 7 2059 333 F: 4 1 2 
2055 9 2064 176 F: 5 4 
2068 9 2104 52 F: 6 3 
2076 8 2100 12 F: 4 4 
2087 7 2094 185 F: 6 1 
2087 7 2115 194 F: 4 1 2 
2093 9 2111 149 F: 4 4 1 
2094 10 2134 351 F: 7 3 
2108 5 2128 8 F: 5 
2108 8 2132 258 F: 5 3 
2112 8 2128 240 F: 2 6 
2125 3 2128 56 F: 3 
2127 2 2131 213 F: 2 
2134 9 2143 4 F: 4 1 4 
2136 9 2163 77 F: 4 3 2 
2142 7 2156 493 F: 7 
2156 2 2160 97 F: 2 
2165 6 2189 323 F: 2 4 
2173 7 2187 246 F: 7 
2179 8 2203 285 F: 7 1 
2182 10 2222 212 F: 3 4 3 
2187 7 2208 411 F: 7 
2194 5 2199 74 F: 4 1 
2201 5 2216 44 F: 5 
2202 11 2246 285 F: 6 5 
2206 6 2218 348 F: 2 1 3 
2209 7 2230 112 F: 7 
2216 9 2252 116 F: 4 1 4 
2221 5 2241 128 F: 4 1 
2223 2 2231 383 F: 2 
2233 8 2249 446 F: 2 4 2 
2235 5 2255 94 F: 5 
2240 12 2264 309 F: 12 
2275 7 2289 362 F: 3 4 
2280 10 2290 54 F: 4 4 2 
2281 12 2329 321 F: 12 
2293 8 2309 468 F: 6 2 
2294 10 2304 318 F: 5 5 
2312 8 2336 150 F: 8 
2314 5 2334 37 F: 3 1 1 
2319 9 2346 361 F: 3 2 4 
2321 4 2325 217 F: 3 1 
2332 8 2340 226 F: 3 3 2 
2334 7 2355 338 F: 2 2 3 
2342 8 2366 262 F: 4 3 1 
2354 9 2372 337 F: 5 2 2 
2356 11 2400 229 F: 5 4 2 
2358 10 2368 121 F: 4 4 2 
2376 4 2388 122 F: 4 
2378 9 2396 165 F: 9 
2389 4 2397 105 F: 3 1 
2396 7 2410 473 F: 7 
2399 6 2417 492 F: 6 
2404 12 2416 123 F: 5 4 3 
2423 7 2430 47 F: 3 2 2 
2423 13 2436 113 F: 5 4 4 
2429 11 2451 186 F: 4 3 4 
2431 11 2475 118 F: 11 
2447 11 2491 237 F: 5 6 
2454 5 2464 167 F: 5 
2469 11 2513 190 F: 11 
2475 9 2502 456 F: 4 1 4 
2480 10 2490 480 F: 7 3 
2481 4 2485 163 F: 3 1 
2489 12 2501 232 F: 4 4 4 
2494 5 2504 453 F: 2 1 2 
2497 4 2509 433 F: 4 
2499 6 2517 200 F: 3 3 
2500 11 2511 128 F: 5 6 
2504 8 2520 402 F: 8 
2522 8 2554 77 F: 7 1 
2537 10 2577 109 F: 2 4 4 
2545 11 2556 439 F: 5 2 4 
2548 9 2584 433 F: 5 4 
2550 6 2574 48 F: 3 3 
2568 11 2579 364 F: 5 6 
2572 6 2584 261 F: 3 3 
2578 2 2582 115 F: 2 
2582 13 2608 268 F: 13 
2585 7 2606 413 F: 5 1 1 
2591 9 2609 148 F: 3 6 
2595 9 2613 470 F: 9 
2596 4 2612 111 F: 2 2 
2601 6 2607 118 F: 2 4 
2603 4 2619 125 F: 4 
2603 11 2647 92 F: 11 
2607 11 2618 8 F: 4 4 3 
2610 8 2642 477 F: 5 3 
2621 11 2643 460 F: 3 4 4 
2650 6 2668 100 F: 6 
2656 8 2680 74 F: 2 2 4 
2661 8 2693 347 F: 8 
2673 12 2721 237 F: 12 
2691 12 2703 418 F: 12 
2693 7 2714 94 F: 4 3 
2695 7 2716 47 F: 5 2 
2697 7 2718 129 F: 3 2 2 
2699 7 2720 267 F: 4 1 2 
2700 11 2744 404 F: 6 5 
2710 6 2722 246 F: 6 
2715 9 2724 98 F: 9 
2721 9 2730 321 F: 5 3 1 
2729 9 2756 312 F: 4 1 4 
2745 9 2754 311 F: 9 
2750 7 2757 16 F: 6 1 
2757 10 2797 356 F: 10 
2772 12 2784 9 F: 12 
2775 9 2811 405 F: 5 3 1 
2778 12 2814 445 F: 6 6 
2790 7 2818 200 F: 4 3 
2794 8 2826 180 F: 2 6 
2795 8 2803 144 F: 5 3 
2799 12 2811 152 F: 6 6 
2801 12 2837 26 F: 6 6 
2804 6 2810 383 F: 3 1 2 
2804 6 2816 327 F: 5 1 
2805 9 2832 137 F: 2 3 4 
2810 7 2831 459 F: 5 1 1 
2818 6 2824 410 F: 2 4 
2831 6 2837 21 F: 2 3 1 
2835 9 2862 11 F: 5 4 
2837 5 2842 412 F: 5 
2841 10 2851 275 F: 6 4 
2845 9 2854 440 F: 3 6 
2847 7 2861 45 F: 3 2 2 
2855 8 2871 320 F: 4 2 2 
2871 9 2880 463 F: 7 2 
2884 7 2905 407 F: 7 
2903 8 2911 252 F: 3 4 1 
2906 10 2946 152 F: 6 4 
2906 12 2954 281 F: 12 
2907 7 2928 205 F: 4 2 1 
2908 7 2915 48 F: 7 
2909 11 2942 310 F: 4 3 4 
2918 5 2928 280 F: 3 2 
2930 12 2954 358 F: 6 6 
2934 6 2940 252 F: 6 
2935 3 2947 387 F: 2 1 
2957 2 2959 163 F: 2 
2974 9 2983 282 F: 3 6 
2979 12 3027 293 F: 5 4 3 
2987 12 2999 237 F: 12 
2995 6 3019 200 F: 6 
3004 6 3022 46 F: 6 
3004 11 3037 312 F: 11 
3010 11 3032 355 F: 3 4 4 
3015 11 3048 312 F: 6 5 
3025 5 3040 34 F: 3 2 
3037 6 3055 409 F: 2 2 2 
3052 9 3070 349 F: 5 1 3 
3052 11 3063 442 F: 6 5 
3056 10 3066 134 F: 3 4 3 
3066 8 3098 318 F: 2 2 4 
3066 9 3093 176 F: 7 2 
3071 13 3097 211 F: 13 
3079 8 3111 377 F: 5 1 2 
3084 13 3097 470 F: 13 
3089 8 3121 439 F: 7 1 
3110 8 3134 286 F: 4 4 
3113 9 3131 24 F: 6 3 
3137 8 3145 435 F: 3 2 3 
3160 8 3176 360 F: 3 5 
3170 4 3186 113 F: 4 
3182 8 3214 54 F: 2 4 2 
3184 2 3190 173 F: 2 
3184 7 3191 158 F: 4 1 2 
3184 7 3198 139 F: 2 2 3 
3189 6 3207 36 F: 4 2 
3193 6 3205 190 F: 4 1 1 
3193 12 3205 287 F: 12 
3199 5 3214 472 F: 3 1 1 
3199 9 3208 76 F: 7 2 
3199 11 3221 19 F: 7 4 
3204 10 3234 319 F: 7 3 
3210 10 3240 267 F: 7 3 
3212 8 3228 148 F: 3 1 4 
3216 9 3225 409 F: 9 
3222 13 3274 68 F: 13 
3240 12 3252 32 F: 5 4 3 
3250 9 3259 405 F: 3 3 3 
3250 10 3280 156 F: 4 4 2 
3255 7 3276 363 F: 4 3 
3266 4 3270 190 F: 3 1 
3271 8 3303 378 F: 5 3 
3275 4 3279 128 F: 2 2 
3285 6 3297 125 F: 4 2 
3285 9 3303 142 F: 4 4 1 
3290 8 3314 498 F: 5 3 
3321 6 3327 222 F: 3 3 
3325 6 3331 343 F: 3 1 2 
3326 7 3347 84 F: 3 1 3 
3353 5 3368 127 F: 2 2 1 
3361 7 3389 54 F: 2 1 4 
D: 9 495 
D: 11 299 
D: 28 32 
D: 35 231 
D: 35 334 
D: 36 154 
D: 41 208 
D: 42 269 
D: 42 400 
D: 47 88 
D: 47 454 
D: 61 155 
D: 74 123 
D: 76 422 
D: 81 486 
D: 83 152 
D: 86 91 
D: 86 439 
D: 90 360 
D: 102 253 
D: 110 491 
D: 121 451 
D: 137 141 
D: 146 268 
D: 152 155 
D: 164 254 
D: 168 458 
D: 172 456 
D: 182 435 
D: 189 206 
D: 192 216 
D: 192 323 
D: 213 471 
D: 214 361 
D: 215 297 
D: 225 354 
D: 243 455 
D: 244 433 
D: 253 451 
D: 264 415 
D: 270 337 
D: 270 472 
D: 279 304 
D: 286 435 
D: 302 444 
D: 352 499 
D: 403 475 
D: 418 481 
D: 447 487 
D: 472 486 
