2 11 35 8 F: 7 4 
8 6 32 4 F: 2 2 2 
8 7 22 25 F: 5 1 1 
18 5 23 29 F: 2 3 
28 9 64 39 F: 5 4 
29 9 38 49 F: 3 3 3 
38 9 74 16 F: 5 4 
39 6 63 34 F: 3 3 
53 11 97 33 F: 11 
54 7 82 3 F: 3 2 2 
60 8 76 17 F: 8 
81 10 101 46 F: 5 5 
87 5 107 46 F: 2 1 2 
89 9 107 41 F: 7 2 
97 9 124 32 F: 7 2 
100 10 140 3 F: 4 2 4 
102 8 134 18 F: 8 
106 12 118 45 F: 6 6 
122 9 158 47 F: 4 4 1 
128 8 160 48 F: 8 
129 8 137 50 F: 4 2 2 
130 6 142 47 F: 3 3 
131 9 167 34 F: 7 2 
137 10 177 5 F: 4 2 4 
138 3 141 6 F: 3 
148 2 156 20 F: 2 
159 4 167 43 F: 2 2 
160 11 171 35 F: 11 
165 9 174 28 F: 5 3 1 
196 10 216 18 F: 4 3 3 
201 8 225 28 F: 3 1 4 
211 9 220 49 F: 4 2 3 
217 7 224 42 F: 7 
219 8 251 1 F: 5 3 
228 9 237 6 F: 4 1 4 
228 9 237 44 F: 2 3 4 
230 6 242 24 F: 2 2 2 
231 12 267 31 F: 12 
241 10 261 29 F: 3 4 3 
242 13 268 24 F: 13 
242 13 281 30 F: 13 
244 8 268 4 F: 8 
250 9 277 43 F: 3 6 
277 10 307 35 F: 10 
278 7 285 11 F: 2 3 2 
329 10 369 17 F: 4 2 4 
333 13 359 41 F: 13 
357 10 367 35 F: 10 
367 11 400 29 F: 7 4 
390 7 404 18 F: 4 3 
D: 11 18 
D: 18 37 
D: 21 34 
D: 23 29 
D: 40 45 
