1 11 12 42 F: 5 6 
6 3 15 31 F: 3 
11 11 55 49 F: 11 
13 5 23 21 F: 2 1 2 
18 8 50 22 F: 8 
22 4 30 22 F: 4 
22 6 28 33 F: 5 1 
22 11 66 5 F: 5 2 4 
24 12 72 14 F: 12 
46 7 67 48 F: 2 4 1 
49 11 93 35 F: 11 
56 8 80 17 F: 3 3 2 
58 6 76 16 F: 2 2 2 
64 8 72 33 F: 8 
68 8 100 43 F: 8 
100 7 107 49 F: 7 
110 10 140 28 F: 4 2 4 
129 5 144 28 F: 2 2 1 
144 7 165 43 F: 2 2 3 
145 9 172 22 F: 4 4 1 
149 10 159 40 F: 3 3 4 
150 5 165 2 F: 5 
151 10 161 42 F: 10 
158 13 197 41 F: 7 6 
180 13 193 23 F: 7 6 
183 8 207 47 F: 8 
184 11 228 3 F: 5 3 3 
191 8 207 9 F: 3 4 1 
196 9 205 31 F: 6 3 
197 7 211 5 F: 4 3 
200 10 230 25 F: 6 4 
202 5 222 6 F: 2 1 2 
203 5 208 48 F: 2 1 2 
211 8 227 19 F: 3 2 3 
224 12 272 5 F: 12 
228 7 235 43 F: 7 
230 4 242 10 F: 4 
233 6 251 50 F: 2 2 2 
233 7 254 3 F: 5 1 1 
234 4 250 26 F: 4 
241 8 265 35 F: 3 3 2 
252 11 296 34 F: 5 4 2 
258 6 282 44 F: 2 1 3 
290 9 317 9 F: 3 4 2 
298 10 308 46 F: 4 2 4 
317 11 328 4 F: 11 
324 10 334 37 F: 5 5 
341 12 377 27 F: 4 4 4 
348 11 381 40 F: 7 4 
375 11 397 34 F: 11 
D: 4 19 
D: 15 41 
D: 19 48 
D: 25 42 
D: 45 49 
