3 7 24 210 F: 3 1 3 
5 13 18 364 F: 13 
7 10 47 174 F: 5 4 1 
13 5 18 322 F: 5 
16 4 32 228 F: 4 
19 9 55 402 F: 5 4 
22 8 54 12 F: 6 2 
28 6 40 209 F: 4 2 
31 6 55 155 F: 3 3 
79 11 90 124 F: 11 
81 4 89 484 F: 2 2 
82 8 114 24 F: 8 
88 7 109 462 F: 3 3 1 
95 8 111 26 F: 3 2 3 
95 8 127 168 F: 4 4 
100 4 104 121 F: 2 1 1 
107 10 117 87 F: 4 6 
122 9 140 414 F: 7 2 
128 9 155 196 F: 2 4 3 
130 6 148 476 F: 6 
134 3 137 345 F: 3 
141 8 157 209 F: 7 1 
145 12 169 206 F: 12 
149 3 155 126 F: 3 
156 9 165 77 F: 9 
160 5 165 333 F: 5 
160 6 166 445 F: 6 
178 7 199 354 F: 2 4 1 
180 10 200 300 F: 10 
195 12 231 387 F: 7 5 
214 9 241 90 F: 9 
215 7 222 287 F: 7 
215 7 229 117 F: 3 3 1 
216 12 264 141 F: 7 5 
219 10 259 417 F: 5 1 4 
223 9 250 354 F: 3 2 4 
223 10 253 358 F: 7 3 
246 8 262 110 F: 3 2 3 
248 6 260 459 F: 2 2 2 
262 9 289 471 F: 3 6 
264 4 276 345 F: 2 2 
278 11 300 261 F: 5 6 
283 11 316 500 F: 4 4 3 
292 7 306 194 F: 3 3 1 
292 7 320 86 F: 2 2 3 
303 3 309 273 F: 3 
304 10 344 212 F: 10 
305 5 325 89 F: 2 1 2 
307 2 315 458 F: 2 
307 13 333 438 F: 13 
309 5 329 22 F: 5 
314 6 326 409 F: 6 
322 7 336 318 F: 2 3 2 
333 6 351 142 F: 2 3 1 
335 6 341 393 F: 2 4 
335 10 365 203 F: 3 3 4 
360 11 371 164 F: 11 
362 11 395 86 F: 7 4 
380 7 408 61 F: 4 3 
385 6 409 61 F: 4 1 1 
405 8 413 384 F: 5 2 1 
408 11 452 173 F: 7 4 
415 5 425 58 F: 3 1 1 
417 4 429 158 F: 4 
420 3 429 136 F: 3 
420 5 425 157 F: 5 
431 5 446 393 F: 4 1 
436 11 458 223 F: 7 4 
450 8 482 21 F: 8 
459 7 480 196 F: 5 2 
460 9 496 465 F: 4 5 
472 9 508 67 F: 4 1 4 
479 5 499 19 F: 5 
482 8 506 359 F: 2 4 2 
494 7 508 138 F: 3 3 1 
524 6 530 329 F: 6 
529 9 565 245 F: 4 3 2 
530 12 554 411 F: 5 3 4 
540 9 558 63 F: 3 6 
551 9 569 169 F: 9 
558 7 565 118 F: 2 2 3 
560 10 600 328 F: 7 3 
568 10 588 199 F: 10 
580 9 589 201 F: 7 2 
580 10 590 219 F: 4 4 2 
584 7 612 13 F: 3 4 
585 11 629 139 F: 11 
591 8 607 41 F: 4 1 3 
598 9 607 299 F: 5 1 3 
599 7 613 199 F: 5 2 
603 8 611 460 F: 2 6 
608 8 624 40 F: 8 
608 9 644 331 F: 9 
620 5 640 154 F: 3 1 1 
622 6 646 447 F: 6 
624 10 664 384 F: 7 3 
628 7 656 404 F: 4 1 2 
629 5 649 263 F: 5 
644 6 662 449 F: 4 1 1 
660 7 667 265 F: 2 5 
660 8 668 43 F: 8 
660 10 670 269 F: 10 
668 10 698 445 F: 4 6 
674 5 679 412 F: 4 1 
682 4 698 290 F: 3 1 
701 13 727 9 F: 13 
717 7 738 30 F: 2 5 
718 8 734 378 F: 3 1 4 
732 4 744 100 F: 4 
735 11 768 38 F: 4 4 3 
757 8 773 180 F: 8 
758 3 767 400 F: 3 
762 6 780 405 F: 3 3 
777 12 813 330 F: 12 
778 7 792 485 F: 2 5 
781 6 787 220 F: 2 2 2 
781 8 813 306 F: 4 4 
787 8 803 291 F: 2 4 2 
789 7 796 293 F: 2 1 4 
795 6 807 72 F: 3 3 
823 5 828 256 F: 2 3 
833 9 860 415 F: 7 2 
834 10 844 367 F: 7 3 
841 11 863 459 F: 5 3 3 
849 6 867 88 F: 4 2 
852 8 860 104 F: 8 
852 10 872 478 F: 10 
856 5 866 385 F: 5 
856 10 876 475 F: 5 5 
862 13 901 145 F: 5 4 4 
866 12 914 382 F: 12 
867 4 871 239 F: 4 
879 3 888 490 F: 3 
890 11 923 455 F: 11 
894 11 927 116 F: 5 2 4 
913 5 933 301 F: 5 
914 13 940 412 F: 7 6 
921 5 926 80 F: 5 
927 11 949 19 F: 11 
930 9 957 260 F: 2 3 4 
940 10 980 375 F: 5 3 2 
941 11 985 10 F: 11 
942 5 952 227 F: 5 
946 12 994 254 F: 12 
948 5 958 102 F: 4 1 
960 6 978 229 F: 5 1 
963 10 983 483 F: 5 1 4 
983 9 992 212 F: 7 2 
991 9 1009 366 F: 5 3 1 
994 8 1002 297 F: 3 1 4 
1000 13 1039 98 F: 7 6 
1004 3 1016 36 F: 2 1 
1011 7 1032 343 F: 4 3 
1022 9 1031 190 F: 3 4 2 
1023 7 1051 313 F: 4 3 
1028 2 1036 72 F: 2 
1035 8 1059 32 F: 2 3 3 
1047 2 1049 394 F: 2 
1070 10 1090 169 F: 5 4 1 
1088 3 1094 89 F: 3 
1089 8 1097 356 F: 4 2 2 
1090 10 1100 269 F: 5 1 4 
1091 10 1131 409 F: 4 6 
1092 7 1099 287 F: 2 5 
1095 9 1104 206 F: 3 2 4 
1102 5 1117 491 F: 3 2 
1107 3 1116 499 F: 3 
1113 8 1121 61 F: 6 2 
1122 7 1150 480 F: 2 5 
1133 11 1155 52 F: 4 4 3 
1144 5 1149 465 F: 5 
1148 10 1168 429 F: 5 5 
1151 9 1160 454 F: 5 2 2 
1156 7 1177 411 F: 7 
1157 3 1160 358 F: 3 
1169 4 1177 425 F: 4 
1178 10 1198 383 F: 4 6 
1179 5 1189 358 F: 5 
1181 5 1191 277 F: 3 2 
1196 10 1206 275 F: 5 3 2 
1201 2 1209 131 F: 2 
1201 9 1237 275 F: 4 5 
1215 5 1225 175 F: 5 
1218 11 1240 328 F: 3 4 4 
1219 12 1243 323 F: 7 5 
1223 9 1232 262 F: 5 4 
1231 4 1235 136 F: 4 
1260 8 1284 384 F: 6 2 
1261 6 1267 41 F: 3 1 2 
1261 9 1288 401 F: 5 4 
1266 12 1278 67 F: 7 5 
1269 11 1302 253 F: 5 2 4 
1271 8 1279 147 F: 8 
1272 8 1288 303 F: 2 4 2 
1274 8 1298 444 F: 8 
1303 10 1323 71 F: 4 6 
1305 11 1338 299 F: 11 
1313 10 1343 368 F: 6 4 
1322 3 1325 298 F: 2 1 
1325 9 1334 346 F: 9 
1325 11 1358 156 F: 5 3 3 
1329 9 1356 456 F: 2 4 3 
1335 9 1362 327 F: 9 
1355 4 1363 478 F: 4 
1369 11 1380 37 F: 5 3 3 
1375 13 1427 204 F: 13 
1378 12 1390 331 F: 12 
1382 10 1392 431 F: 4 6 
1390 8 1414 444 F: 5 2 1 
1394 7 1408 126 F: 5 2 
1402 10 1422 219 F: 5 5 
1410 9 1437 407 F: 4 5 
1417 5 1422 40 F: 2 1 2 
1419 8 1443 122 F: 7 1 
1429 9 1438 59 F: 3 3 3 
1433 11 1466 373 F: 7 4 
1439 2 1447 308 F: 2 
1448 10 1478 51 F: 10 
1456 9 1483 448 F: 5 4 
1457 7 1471 261 F: 5 2 
1478 8 1502 294 F: 5 1 2 
1485 9 1494 219 F: 4 2 3 
1490 5 1505 283 F: 4 1 
1491 6 1509 380 F: 3 1 2 
1492 10 1522 308 F: 4 3 3 
1503 13 1555 428 F: 13 
1504 8 1520 499 F: 7 1 
1505 6 1523 3 F: 6 
1510 9 1546 344 F: 9 
1521 7 1528 328 F: 7 
1525 9 1552 314 F: 9 
1532 4 1548 41 F: 4 
1535 9 1562 84 F: 5 4 
1552 6 1564 458 F: 2 1 3 
1556 8 1588 120 F: 8 
1562 4 1566 18 F: 4 
1570 10 1600 146 F: 10 
1580 9 1616 134 F: 9 
1595 13 1621 71 F: 13 
1598 4 1610 171 F: 3 1 
1600 13 1613 111 F: 13 
1612 6 1618 57 F: 4 2 
1614 9 1632 475 F: 5 3 1 
1633 10 1643 472 F: 4 6 
1635 13 1687 435 F: 7 6 
1636 8 1652 30 F: 4 2 2 
1640 5 1645 7 F: 5 
1641 6 1659 95 F: 6 
1658 6 1682 248 F: 5 1 
1658 10 1688 51 F: 6 4 
1665 7 1679 335 F: 3 1 3 
1672 8 1704 281 F: 3 1 4 
1682 9 1709 375 F: 2 3 4 
1686 7 1714 93 F: 6 1 
1694 6 1706 188 F: 6 
1705 12 1717 244 F: 12 
1709 8 1725 464 F: 8 
1726 5 1746 420 F: 3 2 
1728 8 1752 420 F: 4 2 2 
1730 9 1739 8 F: 7 2 
1735 6 1741 129 F: 6 
1736 11 1780 120 F: 5 3 3 
1746 8 1762 173 F: 7 1 
1774 8 1806 196 F: 3 5 
1779 12 1815 27 F: 12 
1780 8 1804 325 F: 4 4 
1783 9 1792 242 F: 2 3 4 
1787 12 1823 203 F: 6 6 
1792 12 1816 389 F: 12 
1794 12 1842 246 F: 12 
1803 10 1823 218 F: 5 4 1 
1812 7 1833 214 F: 4 1 2 
1828 6 1840 59 F: 5 1 
1829 11 1840 318 F: 6 5 
1835 3 1838 438 F: 3 
1837 12 1873 289 F: 7 5 
1838 3 1841 345 F: 2 1 
1840 9 1858 329 F: 3 4 2 
1857 5 1872 200 F: 5 
1864 10 1904 98 F: 6 4 
1870 7 1884 197 F: 2 2 3 
1875 3 1884 390 F: 2 1 
1878 9 1914 126 F: 4 5 
1885 7 1913 351 F: 7 
1886 2 1894 476 F: 2 
1911 8 1935 335 F: 6 2 
1911 10 1921 314 F: 4 2 4 
1912 2 1914 289 F: 2 
1920 12 1968 179 F: 6 6 
1928 8 1952 332 F: 2 4 2 
1942 8 1974 187 F: 2 6 
1943 11 1954 57 F: 6 5 
1948 7 1969 394 F: 3 2 2 
1960 10 1970 280 F: 10 
1964 9 2000 54 F: 7 2 
1967 11 1989 50 F: 11 
1970 3 1979 2 F: 3 
1986 4 2002 79 F: 3 1 
1992 13 2018 479 F: 13 
1993 11 2026 236 F: 11 
2000 6 2006 346 F: 6 
2001 5 2021 420 F: 2 3 
2005 3 2008 437 F: 3 
2010 9 2019 274 F: 9 
2012 9 2030 229 F: 5 4 
2014 5 2019 377 F: 3 1 1 
2015 4 2023 8 F: 4 
2031 12 2079 398 F: 6 6 
2034 7 2062 40 F: 6 1 
2045 7 2073 54 F: 4 1 2 
2054 9 2072 214 F: 2 4 3 
2058 9 2076 188 F: 3 6 
2070 2 2076 109 F: 2 
2084 9 2093 47 F: 2 4 3 
2093 12 2105 181 F: 6 6 
2120 9 2147 481 F: 9 
2125 9 2152 196 F: 9 
2125 10 2145 160 F: 3 4 3 
2140 5 2155 272 F: 3 1 1 
2146 8 2170 152 F: 4 2 2 
2171 11 2193 376 F: 6 5 
2172 6 2196 413 F: 4 2 
2178 12 2226 218 F: 12 
2180 7 2208 157 F: 4 1 2 
2183 8 2207 364 F: 4 4 
2192 2 2196 328 F: 2 
2194 9 2212 480 F: 9 
2195 8 2211 371 F: 2 4 2 
2197 8 2213 72 F: 2 2 4 
2198 2 2204 249 F: 2 
2203 8 2211 452 F: 6 2 
2203 11 2236 317 F: 5 6 
2204 11 2215 243 F: 11 
2206 5 2221 95 F: 3 2 
2213 9 2240 457 F: 3 6 
2215 10 2245 107 F: 4 4 2 
2233 10 2273 203 F: 3 3 4 
2238 11 2271 144 F: 5 3 3 
2239 9 2248 70 F: 3 6 
2250 9 2268 405 F: 9 
2262 5 2282 374 F: 2 2 1 
2262 8 2270 277 F: 4 3 1 
2275 12 2287 216 F: 6 6 
2295 7 2309 316 F: 3 4 
2298 7 2319 336 F: 2 5 
2312 9 2330 390 F: 9 
2313 8 2321 340 F: 8 
2319 5 2329 339 F: 2 3 
2319 12 2343 222 F: 6 6 
2321 2 2325 108 F: 2 
2328 6 2340 227 F: 6 
2349 5 2364 418 F: 4 1 
2350 5 2365 45 F: 2 1 2 
2364 4 2376 316 F: 2 2 
2366 6 2378 298 F: 6 
2377 7 2384 20 F: 3 4 
2382 11 2404 2 F: 5 6 
2383 5 2403 236 F: 5 
2392 11 2403 406 F: 11 
2395 5 2400 81 F: 5 
2409 12 2421 297 F: 7 5 
2421 13 2447 138 F: 13 
2428 10 2458 331 F: 10 
2435 10 2455 50 F: 2 4 4 
2442 13 2494 192 F: 7 6 
2450 10 2460 323 F: 10 
2453 4 2461 488 F: 2 2 
2456 8 2480 468 F: 4 4 
2457 8 2489 337 F: 6 2 
2461 8 2493 59 F: 8 
2466 9 2493 113 F: 9 
2467 7 2474 387 F: 3 1 3 
2472 9 2499 386 F: 3 3 3 
2473 9 2500 424 F: 5 4 
2484 10 2524 70 F: 5 3 2 
2500 7 2521 79 F: 5 1 1 
2503 7 2531 317 F: 3 1 3 
2509 7 2523 207 F: 6 1 
2520 3 2526 252 F: 2 1 
2535 6 2547 28 F: 2 4 
2546 7 2560 261 F: 4 2 1 
2551 4 2559 225 F: 4 
2552 9 2561 174 F: 4 3 2 
2552 10 2562 2 F: 5 5 
2562 3 2571 67 F: 2 1 
2567 3 2573 427 F: 2 1 
2577 13 2629 255 F: 5 4 4 
2590 13 2616 322 F: 13 
2591 11 2624 171 F: 5 3 3 
2594 4 2598 23 F: 4 
2601 10 2631 350 F: 10 
2610 8 2642 490 F: 2 4 2 
2615 10 2645 225 F: 7 3 
2628 2 2636 151 F: 2 
2655 7 2669 181 F: 2 2 3 
2661 10 2671 437 F: 5 3 2 
2662 8 2686 390 F: 8 
2662 11 2706 404 F: 11 
2677 11 2699 445 F: 11 
2684 4 2688 304 F: 4 
2689 5 2699 483 F: 5 
2692 7 2720 473 F: 3 4 
2694 5 2709 331 F: 5 
2696 9 2732 134 F: 4 3 2 
2699 5 2719 477 F: 2 1 2 
2711 4 2727 418 F: 3 1 
2719 7 2726 430 F: 7 
2722 10 2762 18 F: 3 3 4 
2731 9 2740 147 F: 3 3 3 
2742 5 2747 84 F: 2 3 
2743 3 2746 343 F: 3 
2743 10 2753 28 F: 10 
2746 9 2782 60 F: 9 
2751 9 2778 183 F: 9 
2754 5 2759 197 F: 3 2 
2758 12 2770 68 F: 5 4 3 
2762 11 2784 286 F: 3 4 4 
2767 9 2803 492 F: 4 5 
2773 6 2785 429 F: 5 1 
2789 8 2821 29 F: 2 2 4 
2815 5 2830 92 F: 5 
2821 7 2835 43 F: 3 2 2 
2826 8 2858 480 F: 2 4 2 
2827 5 2832 219 F: 2 3 
2832 13 2858 387 F: 5 4 4 
2843 9 2852 337 F: 9 
2855 9 2891 255 F: 9 
2860 5 2880 390 F: 5 
2870 7 2884 115 F: 3 3 1 
2872 9 2899 62 F: 7 2 
2873 6 2885 80 F: 6 
2881 9 2890 221 F: 3 6 
2888 5 2903 21 F: 3 2 
2892 9 2919 250 F: 3 2 4 
2898 12 2934 374 F: 12 
2906 10 2916 463 F: 3 4 3 
2908 12 2932 73 F: 7 5 
2932 8 2948 78 F: 5 1 2 
2945 12 2981 7 F: 12 
2948 10 2988 18 F: 5 1 4 
2949 10 2969 344 F: 4 2 4 
2954 7 2975 101 F: 4 2 1 
2956 8 2988 387 F: 3 5 
2962 12 2974 434 F: 5 3 4 
2976 7 2990 491 F: 2 4 1 
2978 9 2987 76 F: 4 5 
2983 4 2987 333 F: 2 1 1 
2986 13 3038 330 F: 13 
2991 5 3006 79 F: 3 2 
2995 12 3019 137 F: 12 
3003 7 3010 179 F: 4 1 2 
3006 5 3011 402 F: 2 2 1 
3010 11 3054 343 F: 7 4 
3041 10 3081 174 F: 5 3 2 
3044 7 3072 121 F: 2 1 4 
3049 8 3081 166 F: 4 2 2 
3055 8 3071 293 F: 7 1 
3059 8 3067 14 F: 8 
3062 3 3065 209 F: 3 
3066 7 3087 355 F: 6 1 
3071 6 3077 335 F: 6 
3073 9 3109 286 F: 9 
3078 8 3102 475 F: 4 1 3 
3082 9 3118 457 F: 5 1 3 
3091 8 3123 380 F: 5 2 1 
3115 9 3142 130 F: 3 6 
3124 3 3136 92 F: 3 
3128 11 3150 214 F: 3 4 4 
3133 6 3151 234 F: 5 1 
3137 7 3165 496 F: 2 4 1 
3139 8 3171 352 F: 3 1 4 
3159 6 3183 119 F: 3 1 2 
3161 10 3201 246 F: 5 5 
3163 4 3179 47 F: 2 1 1 
3170 10 3210 237 F: 6 4 
3183 9 3210 69 F: 3 2 4 
3188 3 3194 400 F: 3 
3188 13 3214 88 F: 5 4 4 
3191 6 3203 380 F: 3 1 2 
3192 12 3204 137 F: 12 
3200 5 3215 489 F: 2 3 
3202 9 3238 449 F: 3 3 3 
3204 10 3244 123 F: 4 6 
3207 13 3220 436 F: 13 
3231 12 3243 165 F: 6 6 
3232 11 3276 324 F: 4 3 4 
3235 6 3247 83 F: 2 4 
3241 8 3273 457 F: 3 4 1 
3250 8 3282 128 F: 6 2 
3253 5 3273 225 F: 4 1 
3262 9 3271 145 F: 4 5 
3280 2 3288 176 F: 2 
3280 8 3288 464 F: 8 
3284 13 3310 381 F: 13 
3292 2 3296 29 F: 2 
3327 7 3355 242 F: 6 1 
3352 10 3382 181 F: 3 4 3 
3370 8 3394 475 F: 6 2 
3375 8 3407 40 F: 3 2 3 
3396 6 3420 445 F: 6 
D: 11 443 
D: 13 239 
D: 15 132 
D: 15 246 
D: 21 59 
D: 21 63 
D: 22 243 
D: 28 133 
D: 50 429 
D: 53 196 
D: 66 357 
D: 77 462 
D: 80 215 
D: 80 269 
D: 89 123 
D: 89 310 
D: 98 131 
D: 102 278 
D: 105 361 
D: 106 404 
D: 116 407 
D: 117 407 
D: 131 326 
D: 136 274 
D: 141 392 
D: 142 461 
D: 150 433 
D: 153 492 
D: 157 238 
D: 158 441 
D: 160 351 
D: 170 253 
D: 192 451 
D: 197 352 
D: 202 402 
D: 205 443 
D: 207 205 
D: 209 393 
D: 215 492 
D: 219 412 
D: 222 333 
D: 232 301 
D: 245 273 
D: 245 281 
D: 249 255 
D: 279 330 
D: 294 390 
D: 311 442 
D: 360 366 
D: 434 439 
