0 12 12 226 F: 5 4 3 
5 10 25 390 F: 10 
12 6 24 427 F: 2 3 1 
23 9 50 33 F: 3 3 3 
32 10 72 221 F: 10 
37 6 43 230 F: 4 1 1 
40 11 73 30 F: 11 
45 8 61 434 F: 4 4 
50 4 66 314 F: 4 
56 10 96 332 F: 7 3 
62 8 70 473 F: 3 2 3 
68 3 71 236 F: 2 1 
74 9 101 67 F: 4 4 1 
83 8 99 490 F: 8 
95 8 119 315 F: 6 2 
109 6 133 15 F: 3 1 2 
110 4 126 492 F: 2 2 
114 7 128 136 F: 7 
114 13 166 144 F: 13 
116 9 152 382 F: 5 1 3 
118 6 136 300 F: 4 1 1 
132 10 162 211 F: 5 1 4 
142 6 166 108 F: 6 
153 9 162 457 F: 9 
153 13 166 167 F: 5 4 4 
166 7 173 147 F: 2 2 3 
177 9 186 282 F: 7 2 
182 11 226 319 F: 5 4 2 
188 9 215 90 F: 4 5 
199 8 215 85 F: 6 2 
201 8 225 197 F: 5 1 2 
203 6 209 459 F: 6 
219 9 228 64 F: 7 2 
229 10 269 164 F: 5 5 
235 10 265 50 F: 7 3 
235 10 265 212 F: 5 4 1 
236 5 246 109 F: 3 2 
246 9 273 387 F: 5 1 3 
248 6 260 215 F: 4 2 
256 6 280 311 F: 6 
256 9 292 336 F: 6 3 
269 10 299 191 F: 4 3 3 
273 6 279 10 F: 2 4 
276 7 304 260 F: 2 3 2 
296 12 320 210 F: 6 6 
304 6 310 296 F: 3 1 2 
310 8 342 55 F: 4 3 1 
311 9 338 389 F: 4 3 2 
315 11 359 112 F: 5 2 4 
317 7 345 18 F: 2 2 3 
318 12 330 387 F: 12 
320 9 329 190 F: 7 2 
335 8 359 452 F: 6 2 
341 7 369 398 F: 5 2 
357 8 389 242 F: 5 2 1 
359 8 367 17 F: 3 1 4 
381 7 388 221 F: 7 
387 6 405 416 F: 3 2 1 
387 13 400 104 F: 13 
390 13 429 268 F: 5 4 4 
430 10 470 194 F: 4 2 4 
445 6 451 480 F: 6 
445 10 475 198 F: 4 6 
453 10 473 199 F: 4 6 
454 3 466 105 F: 3 
460 7 474 285 F: 2 1 4 
466 10 476 63 F: 5 5 
475 8 483 280 F: 6 2 
476 2 482 115 F: 2 
477 6 495 242 F: 3 3 
478 12 514 29 F: 5 3 4 
490 4 498 18 F: 2 1 1 
495 2 499 264 F: 2 
496 4 508 369 F: 4 
496 9 523 264 F: 4 4 1 
511 8 543 282 F: 4 1 3 
532 12 568 282 F: 4 4 4 
537 10 547 384 F: 3 4 3 
559 8 567 6 F: 5 2 1 
569 9 587 239 F: 9 
579 4 583 371 F: 4 
580 6 604 330 F: 4 2 
584 13 597 216 F: 5 4 4 
585 11 596 326 F: 11 
587 8 619 348 F: 4 3 1 
587 11 631 101 F: 7 4 
593 8 617 84 F: 5 1 2 
596 9 614 35 F: 4 3 2 
597 6 615 180 F: 6 
597 7 625 383 F: 3 4 
604 11 626 199 F: 5 6 
608 8 624 376 F: 4 1 3 
616 4 628 482 F: 3 1 
641 4 649 347 F: 4 
648 5 668 400 F: 5 
648 9 666 459 F: 5 4 
652 12 676 232 F: 6 6 
665 11 676 439 F: 11 
668 6 686 417 F: 6 
671 7 699 31 F: 5 2 
676 7 690 163 F: 6 1 
681 7 709 98 F: 7 
681 11 703 256 F: 11 
682 10 702 338 F: 6 4 
697 10 737 244 F: 4 6 
700 10 730 294 F: 10 
709 6 727 283 F: 2 1 3 
727 3 739 153 F: 3 
742 6 760 493 F: 3 3 
749 8 757 224 F: 4 4 
749 10 759 144 F: 3 3 4 
752 8 768 195 F: 5 3 
753 9 780 158 F: 3 3 3 
755 8 771 128 F: 7 1 
776 8 800 101 F: 4 4 
781 11 825 296 F: 6 5 
783 13 835 69 F: 13 
789 11 822 264 F: 7 4 
790 7 804 117 F: 7 
790 13 803 300 F: 5 4 4 
804 7 818 282 F: 4 2 1 
819 8 851 227 F: 2 2 4 
821 9 839 383 F: 2 4 3 
834 9 870 179 F: 4 3 2 
841 4 845 382 F: 4 
861 6 873 246 F: 3 2 1 
867 11 889 297 F: 3 4 4 
868 5 888 377 F: 5 
872 3 878 130 F: 2 1 
874 6 886 7 F: 2 3 1 
876 4 892 481 F: 4 
890 8 898 212 F: 3 2 3 
893 11 904 243 F: 5 6 
895 8 927 80 F: 4 4 
898 9 934 418 F: 4 5 
904 9 931 92 F: 6 3 
905 10 915 301 F: 5 1 4 
912 11 934 31 F: 5 2 4 
921 7 942 489 F: 3 2 2 
929 7 950 202 F: 5 2 
936 10 976 222 F: 10 
940 5 960 495 F: 2 2 1 
944 5 949 281 F: 3 2 
955 6 973 453 F: 2 1 3 
961 10 981 57 F: 4 3 3 
965 4 977 218 F: 4 
965 9 983 82 F: 6 3 
987 5 1007 224 F: 5 
990 5 1000 411 F: 5 
999 8 1007 230 F: 5 1 2 
1000 9 1027 289 F: 4 1 4 
1006 8 1014 357 F: 5 3 
1008 9 1035 143 F: 3 6 
1015 7 1036 314 F: 5 2 
1033 5 1043 263 F: 2 1 2 
1040 7 1054 334 F: 7 
1042 10 1082 82 F: 3 4 3 
1054 2 1056 110 F: 2 
1061 9 1079 271 F: 6 3 
1062 9 1071 273 F: 3 6 
1065 10 1095 439 F: 7 3 
1080 6 1086 55 F: 4 2 
1081 5 1091 373 F: 5 
1089 10 1129 425 F: 4 2 4 
1098 11 1142 148 F: 3 4 4 
1102 5 1112 497 F: 3 1 1 
1127 12 1151 306 F: 12 
1130 8 1162 434 F: 4 1 3 
1134 6 1146 19 F: 4 2 
1141 11 1174 125 F: 5 6 
1150 13 1189 364 F: 13 
1155 6 1173 96 F: 6 
1160 8 1168 263 F: 3 5 
1165 6 1171 309 F: 6 
1168 5 1183 43 F: 2 3 
1179 11 1201 35 F: 3 4 4 
1186 7 1214 197 F: 4 1 2 
1187 5 1192 17 F: 3 2 
1190 8 1198 150 F: 2 2 4 
1198 6 1210 63 F: 6 
1201 10 1211 197 F: 5 5 
1212 13 1264 369 F: 13 
1216 13 1242 463 F: 7 6 
1221 3 1230 365 F: 3 
1221 5 1241 436 F: 5 
1226 11 1259 110 F: 5 3 3 
1228 8 1244 468 F: 8 
1239 3 1245 453 F: 2 1 
1239 6 1251 456 F: 3 1 2 
1246 10 1256 457 F: 5 5 
1277 13 1329 56 F: 13 
1294 13 1320 315 F: 13 
1296 5 1306 104 F: 3 2 
1296 7 1303 163 F: 2 2 3 
1296 7 1310 150 F: 6 1 
1306 7 1327 351 F: 2 4 1 
1307 9 1316 214 F: 4 5 
1319 8 1327 36 F: 2 4 2 
1319 12 1367 432 F: 12 
1323 6 1341 129 F: 6 
1346 7 1367 376 F: 4 2 1 
1350 5 1365 162 F: 3 2 
1361 8 1393 222 F: 5 2 1 
1364 4 1372 348 F: 4 
1364 7 1385 55 F: 2 1 4 
1368 12 1404 468 F: 4 4 4 
1384 7 1391 182 F: 3 1 3 
1388 8 1420 498 F: 2 2 4 
1394 8 1410 285 F: 3 1 4 
1399 8 1423 322 F: 4 4 
1406 12 1442 494 F: 5 3 4 
1425 10 1435 499 F: 10 
1429 8 1445 357 F: 6 2 
1430 8 1446 330 F: 4 4 
1435 5 1440 338 F: 5 
1437 11 1448 111 F: 5 6 
1440 5 1445 340 F: 5 
1463 12 1499 275 F: 12 
1467 5 1472 89 F: 2 1 2 
1467 9 1476 251 F: 2 3 4 
1467 11 1500 243 F: 6 5 
1469 8 1485 302 F: 3 2 3 
1482 12 1518 23 F: 12 
1483 7 1504 432 F: 5 1 1 
1498 11 1542 231 F: 3 4 4 
1511 8 1535 32 F: 3 2 3 
1511 10 1521 269 F: 5 5 
1517 13 1556 110 F: 13 
1519 3 1522 295 F: 3 
1525 8 1533 250 F: 8 
1527 9 1554 60 F: 9 
1535 2 1541 245 F: 2 
1539 8 1555 496 F: 2 3 3 
1554 9 1572 422 F: 5 2 2 
1555 8 1571 50 F: 8 
1555 10 1595 344 F: 10 
1566 7 1580 492 F: 4 3 
1573 10 1613 421 F: 5 2 3 
1597 10 1637 120 F: 4 6 
1599 9 1608 72 F: 3 6 
1613 4 1629 355 F: 3 1 
1628 9 1646 33 F: 4 3 2 
1634 10 1664 250 F: 4 3 3 
1637 9 1664 421 F: 4 3 2 
1643 9 1679 23 F: 2 4 3 
1652 4 1668 63 F: 4 
1657 4 1669 45 F: 4 
1664 11 1697 271 F: 11 
1665 2 1673 19 F: 2 
1667 8 1691 159 F: 2 3 3 
1676 9 1712 409 F: 7 2 
1678 9 1705 143 F: 2 3 4 
1689 9 1707 321 F: 6 3 
1694 7 1708 70 F: 2 1 4 
1696 7 1717 90 F: 5 1 1 
1723 9 1732 31 F: 5 2 2 
1728 2 1734 370 F: 2 
1734 7 1755 4 F: 2 1 4 
1736 11 1769 282 F: 5 3 3 
1749 10 1759 317 F: 5 5 
1759 8 1775 28 F: 4 4 
1762 10 1792 206 F: 7 3 
1763 4 1779 290 F: 4 
1768 9 1795 323 F: 5 2 2 
1779 6 1785 335 F: 4 2 
1780 7 1808 376 F: 5 1 1 
1783 5 1788 130 F: 5 
1787 6 1811 435 F: 5 1 
1791 11 1802 460 F: 5 2 4 
1794 7 1815 22 F: 5 2 
1801 11 1834 441 F: 6 5 
1823 10 1843 314 F: 4 3 3 
1831 6 1843 480 F: 6 
1835 5 1850 205 F: 4 1 
1839 9 1875 389 F: 9 
1843 5 1858 443 F: 5 
1846 9 1864 187 F: 2 4 3 
1848 8 1856 359 F: 3 2 3 
1850 10 1870 317 F: 4 4 2 
1878 8 1910 276 F: 5 1 2 
1889 8 1905 192 F: 4 4 
1889 9 1925 241 F: 2 3 4 
1894 12 1918 376 F: 5 3 4 
1895 3 1904 97 F: 2 1 
1895 7 1909 107 F: 2 2 3 
1900 10 1920 468 F: 6 4 
1908 10 1948 125 F: 10 
1910 3 1919 255 F: 2 1 
1914 11 1958 51 F: 4 4 3 
1925 7 1932 334 F: 7 
1930 7 1951 292 F: 2 2 3 
1935 12 1971 397 F: 12 
1944 12 1956 437 F: 12 
1946 5 1956 409 F: 3 1 1 
1953 8 1961 240 F: 8 
1959 3 1965 391 F: 3 
1961 7 1968 27 F: 3 4 
1967 9 1994 122 F: 3 2 4 
1970 9 1988 204 F: 3 2 4 
1991 9 2018 187 F: 5 2 2 
2006 10 2026 288 F: 4 6 
2016 11 2038 82 F: 11 
2018 8 2042 374 F: 2 4 2 
2025 4 2029 499 F: 2 1 1 
2030 2 2038 286 F: 2 
2043 10 2063 147 F: 10 
2051 11 2062 415 F: 4 3 4 
2054 8 2078 437 F: 8 
2062 8 2070 91 F: 3 2 3 
2064 12 2076 240 F: 7 5 
2068 8 2076 25 F: 8 
2081 7 2109 491 F: 7 
2088 6 2106 243 F: 6 
2088 8 2104 414 F: 2 3 3 
2093 13 2132 311 F: 13 
2105 4 2113 427 F: 2 2 
2109 8 2141 61 F: 3 3 2 
2115 2 2121 364 F: 2 
2120 11 2131 114 F: 11 
2137 6 2149 158 F: 5 1 
2146 6 2164 225 F: 6 
2161 6 2179 313 F: 6 
2164 5 2179 229 F: 2 1 2 
2168 12 2180 348 F: 5 4 3 
2171 3 2180 343 F: 3 
2183 8 2207 195 F: 7 1 
2184 9 2211 233 F: 2 3 4 
2191 13 2230 390 F: 13 
2192 5 2197 143 F: 4 1 
2195 10 2205 494 F: 3 4 3 
2201 3 2204 428 F: 3 
2205 7 2212 279 F: 5 2 
2212 7 2233 45 F: 7 
2214 11 2225 290 F: 7 4 
2216 7 2230 304 F: 2 5 
2224 12 2272 472 F: 5 4 3 
2241 10 2271 88 F: 6 4 
2269 13 2321 2 F: 7 6 
2273 10 2303 490 F: 10 
2275 8 2291 219 F: 3 5 
2278 5 2283 180 F: 5 
2281 9 2299 490 F: 4 2 3 
2288 12 2336 285 F: 5 3 4 
2295 8 2303 204 F: 8 
2299 7 2313 93 F: 3 3 1 
2313 13 2339 497 F: 7 6 
2316 12 2328 164 F: 5 4 3 
2320 10 2340 89 F: 6 4 
2320 12 2332 329 F: 12 
2325 9 2343 27 F: 5 1 3 
2337 7 2358 15 F: 6 1 
2343 9 2352 401 F: 7 2 
2344 9 2362 59 F: 4 2 3 
2351 4 2359 468 F: 4 
2354 8 2378 341 F: 5 2 1 
2365 3 2368 336 F: 2 1 
2366 6 2378 305 F: 2 4 
2384 10 2404 149 F: 5 2 3 
2393 9 2402 376 F: 4 3 2 
2397 11 2408 34 F: 5 6 
2405 12 2429 144 F: 4 4 4 
2407 7 2428 424 F: 6 1 
2408 10 2448 38 F: 10 
2417 11 2428 300 F: 11 
2423 13 2449 233 F: 7 6 
2427 10 2467 416 F: 10 
2429 8 2445 243 F: 5 3 
2435 5 2450 181 F: 5 
2442 5 2447 130 F: 3 2 
2452 12 2488 55 F: 7 5 
2455 5 2460 256 F: 5 
2462 10 2482 348 F: 5 4 1 
2465 8 2497 46 F: 3 4 1 
2471 9 2507 33 F: 4 2 3 
2487 6 2493 205 F: 2 1 3 
2500 9 2536 409 F: 2 3 4 
2503 11 2536 270 F: 4 3 4 
2506 4 2514 345 F: 3 1 
2510 7 2538 241 F: 7 
2524 7 2545 99 F: 3 3 1 
2525 7 2539 257 F: 3 1 3 
2525 7 2539 499 F: 3 4 
2531 12 2555 353 F: 6 6 
2532 10 2572 226 F: 5 1 4 
2536 6 2542 435 F: 6 
2556 10 2566 66 F: 6 4 
2576 5 2596 61 F: 4 1 
2590 11 2634 174 F: 5 2 4 
2593 11 2615 142 F: 11 
2596 2 2604 478 F: 2 
2604 6 2616 240 F: 6 
2605 10 2645 179 F: 7 3 
2606 9 2633 49 F: 4 4 1 
2613 9 2622 60 F: 5 1 3 
2613 13 2652 413 F: 13 
2626 7 2633 155 F: 2 5 
2633 7 2640 329 F: 5 1 1 
2638 10 2648 139 F: 10 
2649 7 2670 303 F: 3 4 
2651 6 2663 274 F: 2 2 2 
2658 13 2710 256 F: 7 6 
2679 11 2723 289 F: 11 
2681 11 2692 411 F: 5 3 3 
2687 10 2717 266 F: 4 2 4 
2689 4 2693 318 F: 2 2 
2709 9 2736 315 F: 6 3 
2712 9 2739 92 F: 4 3 2 
2717 8 2741 49 F: 2 2 4 
2719 8 2727 80 F: 3 5 
2722 12 2746 435 F: 5 3 4 
2728 4 2740 16 F: 2 1 1 
2733 8 2765 66 F: 2 6 
2747 13 2773 283 F: 5 4 4 
2756 13 2782 4 F: 7 6 
2771 8 2779 424 F: 2 6 
2780 8 2788 102 F: 8 
2782 8 2798 19 F: 3 2 3 
2785 2 2793 435 F: 2 
2795 13 2834 15 F: 13 
2798 12 2810 113 F: 12 
2800 9 2809 303 F: 4 3 2 
2805 6 2811 327 F: 6 
2807 8 2815 351 F: 3 5 
2807 10 2827 170 F: 5 5 
2816 6 2828 380 F: 3 2 1 
2820 9 2847 398 F: 2 4 3 
2820 10 2840 385 F: 10 
2835 7 2849 9 F: 7 
2857 6 2869 263 F: 6 
2862 9 2898 423 F: 5 1 3 
2862 10 2882 126 F: 10 
2872 7 2893 78 F: 7 
2873 7 2880 48 F: 7 
2876 12 2888 6 F: 12 
2885 3 2891 390 F: 2 1 
2917 6 2923 174 F: 3 3 
2918 4 2934 303 F: 4 
2922 5 2937 56 F: 3 1 1 
2923 8 2931 117 F: 7 1 
2924 8 2956 123 F: 8 
2930 11 2963 159 F: 11 
2959 8 2991 60 F: 4 1 3 
2971 6 2977 481 F: 5 1 
2972 5 2977 29 F: 5 
2972 6 2978 34 F: 3 3 
2972 8 2996 55 F: 5 1 2 
2976 5 2981 142 F: 5 
2992 8 3000 179 F: 3 5 
2992 12 3028 415 F: 12 
2995 9 3022 96 F: 9 
3000 8 3016 3 F: 4 4 
3001 3 3007 13 F: 3 
3010 6 3034 151 F: 3 3 
3013 9 3031 296 F: 9 
3020 2 3022 209 F: 2 
3025 12 3073 203 F: 5 3 4 
3028 9 3064 234 F: 7 2 
3046 8 3054 253 F: 8 
3050 5 3070 81 F: 3 1 1 
3052 3 3061 149 F: 2 1 
3059 8 3091 397 F: 2 6 
3062 10 3072 60 F: 4 6 
3070 8 3078 210 F: 5 1 2 
3071 7 3099 233 F: 4 1 2 
3094 11 3116 286 F: 6 5 
3101 8 3125 278 F: 3 3 2 
3102 6 3120 297 F: 6 
3106 8 3138 8 F: 8 
3117 5 3137 174 F: 2 3 
3119 13 3171 191 F: 13 
3136 13 3162 321 F: 13 
3137 4 3149 271 F: 2 1 1 
3142 6 3148 21 F: 6 
3149 7 3163 221 F: 2 5 
3162 9 3189 279 F: 4 2 3 
3162 10 3172 396 F: 5 3 2 
3182 9 3218 234 F: 4 5 
3184 10 3224 179 F: 4 4 2 
3185 12 3197 353 F: 12 
3189 8 3221 499 F: 4 2 2 
3200 6 3218 122 F: 2 2 2 
3202 9 3220 386 F: 5 4 
3204 7 3211 73 F: 4 2 1 
3207 10 3247 213 F: 5 5 
3211 10 3231 93 F: 10 
3213 5 3223 289 F: 3 1 1 
3230 5 3235 25 F: 3 2 
3236 13 3249 350 F: 7 6 
3239 8 3255 275 F: 4 4 
3261 6 3279 292 F: 6 
3262 7 3276 375 F: 2 5 
3276 8 3300 359 F: 3 5 
3285 10 3295 111 F: 10 
3295 10 3325 38 F: 3 4 3 
3297 13 3336 168 F: 13 
3314 8 3330 268 F: 3 4 1 
3331 13 3357 326 F: 13 
3377 11 3410 493 F: 3 4 4 
3388 11 3410 270 F: 11 
3389 8 3397 299 F: 4 4 
D: 17 38 
D: 20 152 
D: 21 487 
D: 23 150 
D: 38 144 
D: 51 321 
D: 55 163 
D: 58 238 
D: 60 226 
D: 68 397 
D: 69 261 
D: 75 362 
D: 76 250 
D: 86 295 
D: 89 222 
D: 94 198 
D: 94 210 
D: 94 345 
D: 97 303 
D: 117 432 
D: 118 200 
D: 143 265 
D: 147 382 
D: 151 183 
D: 151 360 
D: 168 212 
D: 168 308 
D: 169 440 
D: 173 297 
D: 192 429 
D: 200 263 
D: 202 211 
D: 202 458 
D: 217 229 
D: 223 309 
D: 224 402 
D: 227 490 
D: 241 292 
D: 268 270 
D: 269 425 
D: 275 284 
D: 278 374 
D: 291 343 
D: 305 481 
D: 306 496 
D: 330 484 
D: 340 480 
D: 379 498 
D: 399 402 
D: 455 481 
