11 8 35 41 F: 2 4 2 
15 11 37 36 F: 4 4 3 
20 10 50 1 F: 5 2 3 
23 8 47 41 F: 8 
27 9 63 19 F: 6 3 
37 10 47 10 F: 5 3 2 
43 10 73 36 F: 5 5 
46 9 64 23 F: 4 5 
47 8 79 7 F: 8 
47 12 59 11 F: 12 
48 9 75 19 F: 5 1 3 
55 9 73 38 F: 9 
57 10 87 40 F: 3 3 4 
66 3 75 26 F: 3 
75 6 99 37 F: 5 1 
110 13 136 25 F: 7 6 
131 6 143 6 F: 2 2 2 
141 7 169 45 F: 3 4 
143 13 182 2 F: 13 
158 10 198 48 F: 5 5 
158 12 170 29 F: 12 
159 9 195 4 F: 7 2 
166 12 214 14 F: 12 
168 6 186 6 F: 5 1 
170 8 186 11 F: 2 4 2 
172 10 182 46 F: 4 4 2 
180 3 183 10 F: 3 
186 10 216 42 F: 3 4 3 
188 2 192 15 F: 2 
192 7 220 29 F: 2 1 4 
202 7 216 36 F: 3 2 2 
207 7 214 7 F: 7 
210 8 242 29 F: 2 6 
226 3 238 20 F: 3 
232 9 241 50 F: 3 6 
236 10 246 15 F: 4 2 4 
244 8 276 31 F: 5 3 
248 5 268 19 F: 5 
255 2 261 17 F: 2 
255 5 265 48 F: 3 2 
259 5 264 23 F: 5 
269 8 293 46 F: 5 1 2 
269 11 280 49 F: 11 
275 5 295 5 F: 4 1 
286 8 294 45 F: 5 1 2 
311 7 332 38 F: 4 3 
320 5 325 25 F: 5 
335 12 347 17 F: 12 
362 10 382 3 F: 4 6 
390 3 396 26 F: 3 
D: 0 31 
D: 1 39 
D: 8 18 
D: 23 19 
D: 33 35 
