10 8 18 20 F: 6 2 
15 11 59 3 F: 5 3 3 
43 8 51 47 F: 4 3 1 
54 11 76 17 F: 11 
56 10 96 29 F: 4 3 3 
57 9 66 27 F: 2 3 4 
60 8 92 2 F: 2 6 
60 10 70 3 F: 10 
66 7 87 10 F: 5 1 1 
78 7 99 43 F: 4 1 2 
79 3 85 41 F: 2 1 
88 10 128 8 F: 10 
94 8 118 39 F: 5 3 
97 3 109 8 F: 3 
97 9 106 28 F: 3 6 
102 8 110 40 F: 8 
110 5 120 45 F: 5 
121 10 141 1 F: 5 4 1 
123 11 167 2 F: 11 
128 5 138 33 F: 2 3 
128 5 138 48 F: 3 1 1 
146 13 198 48 F: 13 
151 7 165 31 F: 3 4 
151 13 190 13 F: 13 
162 5 172 8 F: 2 1 2 
172 12 208 36 F: 12 
180 2 186 7 F: 2 
185 8 193 14 F: 5 1 2 
186 9 213 50 F: 9 
189 5 194 48 F: 4 1 
214 10 254 16 F: 5 2 3 
218 2 220 24 F: 2 
218 9 254 15 F: 7 2 
222 11 233 46 F: 4 3 4 
236 5 256 30 F: 4 1 
238 6 256 18 F: 6 
245 7 252 33 F: 3 1 3 
246 5 261 23 F: 2 2 1 
249 11 271 37 F: 5 6 
260 8 292 45 F: 3 2 3 
266 11 310 26 F: 11 
273 10 303 17 F: 4 6 
274 10 304 49 F: 5 4 1 
291 9 318 49 F: 5 2 2 
292 11 325 36 F: 11 
303 5 313 35 F: 3 1 1 
347 11 380 10 F: 4 3 4 
360 9 387 2 F: 9 
369 4 381 21 F: 4 
388 5 408 22 F: 5 
D: 2 27 
D: 5 13 
D: 12 27 
D: 30 38 
D: 44 46 
