11 9 38 12 F: 2 4 3 
37 10 47 45 F: 10 
43 9 52 49 F: 9 
43 11 76 2 F: 11 
49 2 53 22 F: 2 
52 7 80 10 F: 5 2 
56 4 64 6 F: 4 
62 8 86 42 F: 3 4 1 
64 10 84 38 F: 7 3 
73 5 83 32 F: 5 
73 9 109 44 F: 6 3 
74 8 82 42 F: 5 3 
80 3 89 38 F: 2 1 
88 12 100 35 F: 4 4 4 
90 8 122 17 F: 5 3 
100 9 136 34 F: 4 4 1 
106 8 130 26 F: 7 1 
107 7 135 47 F: 3 3 1 
121 4 125 49 F: 4 
126 3 132 7 F: 3 
128 6 140 37 F: 2 4 
141 8 173 21 F: 2 6 
142 9 169 14 F: 5 2 2 
143 8 175 39 F: 3 1 4 
148 8 180 31 F: 2 6 
154 5 159 46 F: 5 
172 12 196 50 F: 6 6 
176 10 186 23 F: 6 4 
181 12 205 17 F: 7 5 
187 8 195 48 F: 5 2 1 
209 9 227 1 F: 5 2 2 
209 10 219 37 F: 5 4 1 
210 8 218 27 F: 5 1 2 
214 6 232 33 F: 3 1 2 
242 9 269 26 F: 7 2 
244 3 250 1 F: 2 1 
250 9 286 24 F: 7 2 
251 13 277 47 F: 7 6 
256 10 266 13 F: 6 4 
256 10 266 19 F: 7 3 
264 5 279 30 F: 2 1 2 
267 12 291 37 F: 12 
285 11 296 22 F: 11 
292 9 319 12 F: 3 6 
293 8 301 47 F: 7 1 
302 7 330 39 F: 7 
310 4 326 11 F: 3 1 
327 6 333 6 F: 2 2 2 
330 6 348 46 F: 6 
365 6 377 2 F: 4 2 
D: 7 10 
D: 18 16 
D: 32 35 
D: 32 39 
D: 41 47 
