7 11 40 28 F: 4 3 4 
20 5 25 49 F: 5 
20 6 26 27 F: 6 
20 8 52 28 F: 3 3 2 
21 9 57 15 F: 7 2 
26 3 32 23 F: 3 
28 2 32 32 F: 2 
32 6 56 33 F: 3 3 
40 9 58 23 F: 9 
42 8 66 23 F: 5 3 
43 4 55 33 F: 3 1 
58 9 94 35 F: 7 2 
79 13 92 36 F: 7 6 
90 9 117 11 F: 9 
98 8 122 2 F: 2 4 2 
109 6 133 29 F: 4 2 
126 7 140 19 F: 2 3 2 
127 4 135 32 F: 4 
131 7 145 12 F: 3 3 1 
132 13 171 40 F: 13 
139 2 141 33 F: 2 
144 9 171 23 F: 3 4 2 
153 3 156 28 F: 3 
165 12 177 5 F: 7 5 
171 7 185 35 F: 2 5 
171 8 179 42 F: 4 1 3 
184 13 223 9 F: 7 6 
189 4 197 36 F: 2 2 
193 7 200 3 F: 3 4 
196 8 212 45 F: 3 3 2 
207 2 209 1 F: 2 
223 8 231 11 F: 8 
246 9 282 47 F: 4 5 
247 4 255 48 F: 4 
247 9 256 17 F: 3 3 3 
247 9 256 46 F: 2 3 4 
257 9 266 27 F: 6 3 
260 7 288 13 F: 4 3 
264 8 288 22 F: 4 1 3 
280 7 301 35 F: 5 2 
287 9 314 14 F: 9 
288 7 295 49 F: 3 3 1 
292 9 310 41 F: 4 5 
293 12 329 25 F: 12 
294 7 315 38 F: 2 2 3 
300 8 324 24 F: 6 2 
301 4 309 32 F: 2 2 
339 9 366 14 F: 6 3 
349 8 365 19 F: 3 5 
358 10 378 25 F: 10 
D: 2 11 
D: 2 24 
D: 9 25 
D: 10 21 
D: 41 45 
