6 4 18 301 F: 4 
21 6 27 500 F: 2 3 1 
22 7 43 262 F: 7 
23 12 47 456 F: 12 
27 12 51 173 F: 5 4 3 
33 12 45 173 F: 12 
34 12 46 271 F: 6 6 
37 5 47 326 F: 4 1 
48 2 54 95 F: 2 
48 7 55 69 F: 2 2 3 
50 5 60 144 F: 5 
69 9 96 308 F: 5 3 1 
94 7 115 405 F: 5 2 
97 5 112 498 F: 5 
99 10 139 495 F: 6 4 
105 9 114 194 F: 7 2 
110 8 126 334 F: 7 1 
112 8 128 163 F: 6 2 
128 5 133 204 F: 4 1 
137 8 145 33 F: 2 4 2 
147 9 156 192 F: 3 6 
158 10 198 137 F: 10 
159 7 166 114 F: 7 
163 12 211 356 F: 7 5 
184 6 196 267 F: 2 3 1 
184 8 216 384 F: 4 1 3 
194 7 208 438 F: 3 4 
199 9 217 488 F: 3 6 
199 9 226 356 F: 2 3 4 
199 11 243 416 F: 11 
200 9 227 343 F: 5 4 
202 7 209 273 F: 2 2 3 
205 2 207 456 F: 2 
205 9 214 481 F: 9 
225 11 269 436 F: 6 5 
228 10 248 73 F: 5 4 1 
231 10 261 114 F: 4 2 4 
242 10 272 11 F: 4 6 
244 11 277 109 F: 4 4 3 
256 7 270 14 F: 5 2 
269 2 275 285 F: 2 
276 10 316 51 F: 5 2 3 
276 11 287 393 F: 11 
277 9 295 147 F: 4 2 3 
299 9 326 324 F: 3 2 4 
305 13 357 192 F: 7 6 
307 8 315 80 F: 3 4 1 
316 7 330 22 F: 6 1 
316 11 360 395 F: 7 4 
323 11 345 212 F: 7 4 
338 10 358 289 F: 10 
342 13 381 132 F: 5 4 4 
350 8 374 326 F: 5 2 1 
356 12 392 100 F: 4 4 4 
358 13 410 373 F: 13 
363 7 370 312 F: 7 
364 6 382 194 F: 3 2 1 
369 10 379 9 F: 5 1 4 
374 10 394 67 F: 10 
393 13 432 222 F: 13 
404 5 409 112 F: 3 2 
407 7 414 320 F: 3 3 1 
411 11 455 453 F: 5 4 2 
414 7 428 16 F: 3 4 
420 5 440 413 F: 5 
428 9 455 43 F: 4 1 4 
435 6 447 321 F: 6 
450 5 460 90 F: 5 
453 7 481 105 F: 2 2 3 
462 11 495 339 F: 11 
463 4 471 90 F: 2 1 1 
463 6 481 206 F: 2 2 2 
469 12 505 7 F: 7 5 
491 10 531 401 F: 5 5 
492 8 500 31 F: 3 2 3 
500 7 528 211 F: 7 
502 3 505 287 F: 3 
518 3 524 191 F: 3 
522 9 540 419 F: 9 
525 3 528 427 F: 3 
531 9 567 208 F: 5 3 1 
531 12 567 84 F: 12 
532 10 542 148 F: 4 6 
542 8 574 451 F: 6 2 
549 2 555 182 F: 2 
554 12 566 422 F: 5 3 4 
558 3 564 384 F: 2 1 
564 4 572 457 F: 2 2 
565 11 598 460 F: 5 2 4 
566 3 572 186 F: 3 
603 4 619 168 F: 3 1 
614 10 644 113 F: 4 6 
616 10 646 108 F: 10 
617 7 624 173 F: 2 5 
635 9 653 91 F: 3 4 2 
643 5 658 361 F: 2 1 2 
648 12 696 356 F: 12 
650 13 663 453 F: 13 
656 8 688 250 F: 7 1 
658 6 664 287 F: 6 
664 8 688 191 F: 5 1 2 
673 9 700 255 F: 4 1 4 
675 12 699 283 F: 6 6 
688 4 704 449 F: 3 1 
696 13 709 12 F: 7 6 
702 7 730 211 F: 2 1 4 
713 11 757 372 F: 5 6 
727 11 771 241 F: 6 5 
738 5 753 146 F: 5 
739 8 755 61 F: 8 
754 8 786 389 F: 8 
760 4 776 61 F: 4 
761 8 793 64 F: 2 2 4 
763 4 771 112 F: 4 
767 10 807 345 F: 4 2 4 
771 13 784 442 F: 13 
775 7 782 244 F: 5 2 
784 4 792 143 F: 4 
787 5 792 121 F: 3 2 
799 8 831 336 F: 4 4 
806 8 838 6 F: 3 2 3 
814 5 829 71 F: 2 3 
815 11 859 458 F: 6 5 
821 5 836 303 F: 5 
831 11 864 183 F: 7 4 
834 11 856 212 F: 5 6 
837 11 859 195 F: 11 
845 8 861 203 F: 6 2 
858 9 867 403 F: 3 6 
866 9 893 210 F: 9 
872 7 893 420 F: 7 
877 5 897 314 F: 4 1 
883 4 895 448 F: 3 1 
887 4 903 488 F: 2 2 
894 9 921 233 F: 3 2 4 
904 7 918 296 F: 7 
910 7 931 300 F: 5 2 
919 8 935 116 F: 4 3 1 
925 8 933 56 F: 8 
927 6 951 339 F: 3 2 1 
931 5 941 359 F: 4 1 
932 11 943 205 F: 4 3 4 
950 5 965 469 F: 5 
950 8 966 12 F: 2 2 4 
953 8 977 128 F: 5 2 1 
955 7 976 175 F: 7 
962 8 986 194 F: 5 2 1 
973 10 1003 146 F: 2 4 4 
974 6 986 300 F: 3 1 2 
999 10 1009 378 F: 7 3 
1004 8 1028 446 F: 2 4 2 
1008 6 1026 130 F: 3 1 2 
1010 10 1020 499 F: 3 4 3 
1014 4 1018 299 F: 4 
1051 11 1084 499 F: 11 
1052 10 1072 136 F: 4 2 4 
1056 6 1068 45 F: 5 1 
1056 8 1088 295 F: 3 1 4 
1056 13 1095 7 F: 13 
1062 6 1068 54 F: 3 3 
1066 11 1099 89 F: 11 
1086 6 1104 247 F: 3 1 2 
1086 8 1102 375 F: 2 6 
1088 5 1098 396 F: 2 2 1 
1098 8 1106 213 F: 7 1 
1102 8 1126 343 F: 4 3 1 
1112 13 1125 429 F: 13 
1125 9 1161 277 F: 7 2 
1126 13 1139 333 F: 13 
1128 11 1172 175 F: 6 5 
1142 7 1163 183 F: 4 3 
1159 6 1177 368 F: 2 2 2 
1161 5 1176 355 F: 3 2 
1165 10 1175 234 F: 5 5 
1170 9 1188 137 F: 2 4 3 
1176 8 1208 339 F: 5 3 
1179 8 1211 381 F: 8 
1180 13 1232 453 F: 13 
1194 5 1214 6 F: 4 1 
1194 6 1206 203 F: 3 1 2 
1204 11 1237 431 F: 11 
1205 11 1216 6 F: 11 
1215 13 1254 123 F: 13 
1221 5 1236 439 F: 4 1 
1226 10 1246 384 F: 3 4 3 
1234 7 1241 322 F: 5 2 
1242 5 1262 255 F: 3 2 
1245 11 1267 414 F: 3 4 4 
1253 8 1285 426 F: 7 1 
1254 11 1298 45 F: 3 4 4 
1259 8 1267 48 F: 4 3 1 
1274 4 1282 156 F: 4 
1274 5 1294 248 F: 5 
1278 8 1302 405 F: 4 2 2 
1279 12 1291 255 F: 6 6 
1300 7 1314 148 F: 7 
1307 13 1346 77 F: 13 
1319 4 1327 71 F: 4 
1319 12 1343 140 F: 5 3 4 
1332 3 1335 266 F: 3 
1332 10 1352 104 F: 3 3 4 
1351 6 1357 290 F: 2 1 3 
1355 11 1366 145 F: 7 4 
1360 6 1378 94 F: 2 3 1 
1363 9 1381 258 F: 7 2 
1382 8 1406 229 F: 3 3 2 
1387 11 1431 130 F: 11 
1388 8 1396 314 F: 4 1 3 
1391 11 1424 176 F: 5 4 2 
1394 10 1404 393 F: 4 4 2 
1421 10 1441 365 F: 5 5 
1423 5 1433 145 F: 4 1 
1428 6 1440 166 F: 3 2 1 
1433 10 1473 8 F: 5 5 
1434 6 1452 192 F: 6 
1438 13 1464 209 F: 13 
1440 10 1470 46 F: 3 4 3 
1441 10 1481 358 F: 5 5 
1457 8 1489 340 F: 3 3 2 
1463 5 1483 152 F: 3 2 
1472 11 1516 227 F: 5 6 
1474 13 1500 408 F: 13 
1476 8 1492 106 F: 5 1 2 
1482 9 1518 360 F: 4 5 
1483 8 1499 267 F: 3 4 1 
1510 12 1534 316 F: 7 5 
1513 10 1533 306 F: 10 
1521 9 1548 36 F: 4 1 4 
1525 8 1557 297 F: 5 2 1 
1527 12 1551 188 F: 5 3 4 
1530 12 1578 20 F: 6 6 
1534 12 1582 369 F: 7 5 
1541 11 1563 408 F: 11 
1545 8 1577 477 F: 7 1 
1548 4 1552 160 F: 2 2 
1572 8 1580 363 F: 3 5 
1583 8 1599 430 F: 3 3 2 
1589 10 1619 378 F: 5 2 3 
1592 9 1619 184 F: 9 
1594 5 1614 150 F: 4 1 
1604 6 1622 166 F: 6 
1607 6 1619 242 F: 6 
1623 6 1635 185 F: 4 1 1 
1631 10 1671 426 F: 6 4 
1632 8 1640 360 F: 7 1 
1642 4 1654 234 F: 2 2 
1642 6 1666 148 F: 2 3 1 
1653 5 1668 285 F: 2 2 1 
1671 11 1715 72 F: 6 5 
1673 9 1709 79 F: 5 2 2 
1675 9 1693 86 F: 9 
1681 6 1699 104 F: 4 1 1 
1685 7 1699 306 F: 4 3 
1685 9 1721 76 F: 9 
1695 5 1705 441 F: 3 1 1 
1707 7 1735 307 F: 2 5 
1709 12 1757 176 F: 5 4 3 
1711 8 1727 408 F: 3 5 
1712 9 1739 114 F: 5 2 2 
1719 4 1735 302 F: 4 
1722 8 1746 206 F: 8 
1731 9 1740 12 F: 5 1 3 
1745 11 1778 470 F: 4 4 3 
1751 5 1771 482 F: 2 2 1 
1752 10 1762 430 F: 4 4 2 
1756 9 1765 155 F: 9 
1768 12 1792 449 F: 12 
1771 8 1779 495 F: 8 
1776 11 1787 482 F: 4 3 4 
1781 12 1817 96 F: 7 5 
1807 9 1834 120 F: 5 4 
1808 6 1814 402 F: 4 1 1 
1815 8 1839 489 F: 3 4 1 
1830 8 1846 254 F: 4 4 
1834 11 1878 453 F: 11 
1851 13 1864 64 F: 13 
1852 9 1861 387 F: 5 3 1 
1854 6 1860 339 F: 2 2 2 
1868 9 1877 224 F: 9 
1881 7 1895 101 F: 2 3 2 
1887 8 1895 456 F: 5 1 2 
1892 10 1932 43 F: 4 3 3 
1892 11 1936 8 F: 5 4 2 
1898 4 1914 62 F: 4 
1898 8 1906 183 F: 4 1 3 
1901 13 1953 193 F: 13 
1904 9 1922 162 F: 9 
1916 10 1936 429 F: 4 6 
1918 11 1951 34 F: 11 
1920 6 1944 197 F: 3 1 2 
1937 7 1965 230 F: 4 2 1 
1946 11 1979 182 F: 7 4 
1963 7 1991 96 F: 7 
1965 9 1992 363 F: 3 6 
1967 10 1987 175 F: 4 3 3 
1968 7 1975 129 F: 3 1 3 
1969 9 1996 484 F: 9 
1973 7 1994 482 F: 5 2 
1986 7 2000 468 F: 6 1 
1996 8 2012 234 F: 4 1 3 
2014 8 2030 385 F: 8 
2021 6 2033 361 F: 6 
2023 6 2047 159 F: 6 
2023 8 2047 192 F: 2 3 3 
2029 7 2057 173 F: 5 2 
2042 9 2060 164 F: 4 1 4 
2058 13 2084 17 F: 7 6 
2066 8 2082 318 F: 5 3 
2067 13 2093 444 F: 13 
2069 10 2109 383 F: 2 4 4 
2073 5 2088 347 F: 5 
2074 6 2092 217 F: 2 3 1 
2079 8 2103 22 F: 6 2 
2079 12 2115 448 F: 12 
2098 10 2128 148 F: 4 6 
2117 12 2153 16 F: 5 3 4 
2120 7 2148 230 F: 7 
2124 7 2152 177 F: 3 4 
2137 10 2177 357 F: 10 
2154 9 2163 302 F: 2 4 3 
2159 8 2175 32 F: 5 3 
2168 12 2204 14 F: 5 4 3 
2177 4 2181 394 F: 3 1 
2180 12 2216 438 F: 6 6 
2188 11 2221 379 F: 3 4 4 
2191 8 2199 214 F: 8 
2194 10 2224 326 F: 2 4 4 
2198 9 2225 99 F: 3 6 
2198 13 2237 89 F: 13 
2199 13 2238 272 F: 13 
2203 6 2215 466 F: 4 1 1 
2203 10 2243 454 F: 3 3 4 
2207 11 2229 198 F: 5 2 4 
2220 5 2240 398 F: 2 1 2 
2224 10 2254 463 F: 10 
2226 9 2253 121 F: 4 3 2 
2229 10 2249 5 F: 3 3 4 
2231 8 2247 227 F: 5 2 1 
2243 3 2246 332 F: 2 1 
2250 8 2258 91 F: 7 1 
2258 7 2286 196 F: 7 
2274 12 2298 11 F: 7 5 
2280 9 2298 423 F: 4 2 3 
2285 8 2293 34 F: 3 2 3 
2285 9 2303 249 F: 3 6 
2320 7 2334 395 F: 7 
2320 7 2341 445 F: 5 1 1 
2327 10 2337 458 F: 10 
2330 6 2354 453 F: 6 
2333 8 2357 54 F: 8 
2338 13 2351 27 F: 13 
2343 7 2350 367 F: 3 2 2 
2348 3 2354 462 F: 3 
2359 10 2379 352 F: 5 4 1 
2363 6 2369 151 F: 4 2 
2365 10 2385 331 F: 7 3 
2374 5 2389 152 F: 2 3 
2375 10 2385 371 F: 5 2 3 
2384 9 2393 26 F: 2 4 3 
2397 12 2433 124 F: 5 4 3 
2402 10 2432 458 F: 4 6 
2403 8 2419 101 F: 2 4 2 
2413 9 2422 285 F: 5 2 2 
2417 4 2425 428 F: 4 
2418 8 2426 361 F: 3 5 
2427 2 2433 235 F: 2 
2450 8 2466 158 F: 3 3 2 
2456 10 2496 358 F: 4 3 3 
2462 7 2476 270 F: 7 
2465 3 2471 62 F: 3 
2469 8 2477 499 F: 6 2 
2474 3 2486 214 F: 3 
2475 9 2511 119 F: 7 2 
2480 12 2516 103 F: 12 
2486 12 2534 403 F: 7 5 
2504 9 2513 381 F: 5 1 3 
2507 5 2527 255 F: 3 1 1 
2507 8 2515 460 F: 5 2 1 
2518 7 2539 176 F: 5 2 
2544 7 2551 248 F: 7 
2546 8 2554 430 F: 8 
2551 8 2567 361 F: 5 1 2 
2564 8 2580 307 F: 2 6 
2582 10 2592 182 F: 7 3 
2584 10 2604 112 F: 10 
2586 9 2604 478 F: 9 
2592 10 2622 493 F: 4 6 
2593 9 2602 137 F: 4 3 2 
2595 4 2607 491 F: 4 
2595 5 2605 419 F: 2 3 
2600 7 2607 445 F: 4 2 1 
2600 7 2628 63 F: 4 3 
2606 9 2642 389 F: 9 
2619 3 2622 127 F: 3 
2624 10 2644 72 F: 4 3 3 
2633 9 2651 21 F: 3 6 
2650 8 2658 20 F: 3 4 1 
2658 4 2662 464 F: 2 2 
2667 3 2679 237 F: 2 1 
2668 5 2688 257 F: 2 3 
2671 2 2677 500 F: 2 
2673 4 2677 72 F: 3 1 
2676 7 2690 436 F: 6 1 
2693 9 2702 69 F: 5 4 
2698 6 2704 184 F: 2 2 2 
2701 7 2715 320 F: 6 1 
2711 7 2739 20 F: 2 5 
2716 10 2726 38 F: 5 5 
2717 2 2723 158 F: 2 
2717 7 2724 129 F: 3 2 2 
2719 5 2724 181 F: 2 3 
2721 8 2729 36 F: 4 4 
2722 10 2762 74 F: 5 4 1 
2733 8 2757 141 F: 5 1 2 
2740 7 2761 187 F: 6 1 
2761 10 2781 109 F: 10 
2773 9 2791 99 F: 2 4 3 
2779 10 2799 66 F: 5 4 1 
2790 5 2800 467 F: 2 1 2 
2790 13 2842 169 F: 13 
2806 11 2828 429 F: 3 4 4 
2807 9 2816 293 F: 4 4 1 
2815 6 2821 255 F: 2 4 
2815 11 2859 246 F: 5 2 4 
2817 8 2825 470 F: 7 1 
2823 7 2830 49 F: 7 
2825 13 2838 386 F: 7 6 
2827 5 2832 82 F: 4 1 
2835 7 2856 11 F: 6 1 
2836 4 2844 487 F: 4 
2850 10 2890 408 F: 4 6 
2860 10 2890 376 F: 10 
2865 7 2893 295 F: 5 1 1 
2869 11 2880 429 F: 11 
2883 10 2913 411 F: 6 4 
2900 6 2912 239 F: 6 
2903 3 2915 98 F: 3 
2907 4 2915 162 F: 4 
2911 12 2935 338 F: 5 3 4 
2929 5 2944 234 F: 5 
2943 9 2970 379 F: 3 2 4 
2944 3 2950 475 F: 3 
2944 12 2956 151 F: 7 5 
2947 5 2967 240 F: 5 
2971 3 2977 199 F: 3 
2976 11 2987 103 F: 11 
2978 8 3010 276 F: 2 6 
2979 10 3019 382 F: 10 
2979 13 2992 381 F: 13 
2998 5 3013 148 F: 2 1 2 
3001 12 3025 103 F: 12 
3006 10 3046 276 F: 5 5 
3014 6 3026 296 F: 2 3 1 
3017 13 3043 107 F: 13 
3034 5 3049 483 F: 5 
3035 8 3043 121 F: 4 1 3 
3036 10 3046 17 F: 5 5 
3036 10 3066 77 F: 5 5 
3044 8 3068 13 F: 4 2 2 
3050 9 3068 12 F: 5 1 3 
3053 8 3061 199 F: 2 6 
3063 8 3087 428 F: 2 4 2 
3069 12 3117 224 F: 6 6 
3093 10 3103 329 F: 5 4 1 
3096 11 3129 440 F: 5 2 4 
3104 7 3125 417 F: 3 4 
3107 5 3117 286 F: 5 
3107 10 3147 96 F: 10 
3113 10 3123 159 F: 10 
3130 13 3169 46 F: 13 
3131 11 3153 24 F: 5 6 
3132 7 3139 185 F: 4 1 2 
3157 10 3187 264 F: 4 6 
3160 8 3184 269 F: 3 5 
3162 9 3180 80 F: 9 
3171 6 3189 265 F: 3 2 1 
3177 6 3183 60 F: 6 
3179 6 3185 461 F: 4 1 1 
3186 8 3202 106 F: 8 
3195 6 3207 82 F: 3 1 2 
3203 6 3209 449 F: 3 3 
3215 13 3254 496 F: 13 
3220 9 3256 448 F: 2 4 3 
3221 11 3243 180 F: 3 4 4 
3245 11 3289 99 F: 5 6 
3246 3 3258 464 F: 2 1 
3249 5 3264 224 F: 5 
3261 7 3275 256 F: 3 1 3 
3261 8 3277 4 F: 2 2 4 
3269 11 3280 8 F: 5 4 2 
3271 6 3277 418 F: 3 1 2 
3273 7 3287 255 F: 4 3 
3285 8 3301 417 F: 5 3 
3296 11 3329 494 F: 6 5 
3298 10 3318 235 F: 10 
3309 3 3312 494 F: 3 
3333 7 3340 132 F: 2 1 4 
3344 9 3371 294 F: 3 4 2 
3351 10 3391 190 F: 4 6 
3358 8 3382 408 F: 4 4 
D: 0 342 
D: 1 253 
D: 3 276 
D: 5 208 
D: 20 297 
D: 22 146 
D: 30 358 
D: 30 394 
D: 37 323 
D: 48 482 
D: 49 132 
D: 52 277 
D: 53 70 
D: 58 105 
D: 60 99 
D: 62 114 
D: 65 297 
D: 80 177 
D: 107 342 
D: 113 248 
D: 120 197 
D: 139 187 
D: 140 144 
D: 148 301 
D: 148 427 
D: 150 297 
D: 151 488 
D: 165 491 
D: 186 188 
D: 187 226 
D: 191 368 
D: 194 219 
D: 206 465 
D: 215 332 
D: 251 366 
D: 257 411 
D: 265 463 
D: 270 411 
D: 305 386 
D: 312 443 
D: 321 415 
D: 324 444 
D: 329 458 
D: 339 373 
D: 339 440 
D: 361 388 
D: 364 360 
D: 365 436 
D: 431 435 
D: 445 467 
