8 5 28 5 F: 2 3 
10 3 19 41 F: 2 1 
10 8 18 33 F: 8 
16 13 29 41 F: 7 6 
20 7 27 13 F: 3 2 2 
24 11 35 48 F: 5 6 
38 8 70 19 F: 2 6 
46 10 86 24 F: 3 4 3 
49 11 71 9 F: 5 6 
60 7 81 5 F: 7 
72 5 87 1 F: 5 
75 10 95 19 F: 10 
77 12 101 32 F: 4 4 4 
80 6 104 47 F: 6 
86 8 118 39 F: 4 1 3 
101 7 115 24 F: 3 1 3 
125 4 133 25 F: 4 
131 12 155 38 F: 4 4 4 
137 8 145 18 F: 8 
152 6 164 38 F: 4 2 
154 9 190 11 F: 4 5 
159 5 164 6 F: 5 
160 8 168 36 F: 5 1 2 
163 5 178 16 F: 5 
166 13 218 18 F: 13 
172 10 182 2 F: 5 5 
176 9 185 40 F: 5 1 3 
179 9 188 17 F: 9 
192 6 198 2 F: 3 3 
197 11 219 26 F: 11 
202 13 228 34 F: 13 
205 3 208 8 F: 3 
205 7 233 7 F: 7 
213 7 227 7 F: 2 2 3 
223 5 243 31 F: 3 1 1 
243 8 267 50 F: 2 2 4 
246 10 256 4 F: 6 4 
253 3 262 45 F: 3 
253 8 285 45 F: 7 1 
260 7 288 12 F: 5 1 1 
264 7 278 48 F: 3 4 
266 11 310 10 F: 7 4 
266 12 278 50 F: 6 6 
278 3 287 30 F: 3 
279 9 288 50 F: 6 3 
359 4 375 49 F: 4 
369 12 417 15 F: 12 
379 6 397 33 F: 5 1 
380 8 404 25 F: 4 1 3 
387 7 408 7 F: 2 5 
D: 9 44 
D: 14 41 
D: 17 29 
D: 18 43 
D: 39 44 
