3 10 33 7 F: 10 
6 12 30 33 F: 12 
7 7 21 7 F: 5 2 
9 3 21 37 F: 2 1 
10 9 19 50 F: 4 2 3 
19 6 43 5 F: 6 
32 3 44 24 F: 3 
49 3 55 11 F: 3 
49 8 57 47 F: 2 4 2 
50 13 76 11 F: 7 6 
53 13 92 5 F: 5 4 4 
72 12 96 49 F: 5 3 4 
76 9 103 37 F: 5 4 
83 9 101 10 F: 4 2 3 
93 11 126 3 F: 4 4 3 
110 7 117 14 F: 2 1 4 
113 7 141 43 F: 2 2 3 
117 9 135 2 F: 3 6 
125 5 145 21 F: 3 1 1 
132 8 140 20 F: 2 3 3 
147 6 153 45 F: 6 
158 4 166 35 F: 3 1 
166 9 193 34 F: 7 2 
170 7 198 16 F: 5 1 1 
174 8 182 42 F: 4 2 2 
176 6 200 24 F: 3 3 
176 7 204 25 F: 7 
184 6 196 14 F: 4 1 1 
184 7 212 43 F: 3 2 2 
194 3 197 49 F: 2 1 
201 10 221 36 F: 3 4 3 
208 12 232 15 F: 12 
211 6 217 50 F: 2 1 3 
211 7 218 49 F: 3 4 
211 8 235 47 F: 4 2 2 
217 7 231 29 F: 2 3 2 
221 6 233 45 F: 5 1 
221 6 239 19 F: 4 2 
226 12 274 25 F: 4 4 4 
227 7 255 33 F: 3 3 1 
233 8 257 35 F: 5 1 2 
241 8 257 24 F: 2 3 3 
273 7 301 11 F: 7 
291 8 299 29 F: 4 2 2 
296 8 328 10 F: 8 
302 11 313 20 F: 5 2 4 
325 6 343 31 F: 5 1 
326 11 370 23 F: 6 5 
378 10 408 12 F: 4 3 3 
395 12 419 14 F: 5 3 4 
D: 0 10 
D: 1 31 
D: 8 40 
D: 10 37 
D: 16 26 
