14 11 36 122 F: 11 
15 8 39 63 F: 3 4 1 
25 9 61 53 F: 4 4 1 
44 9 80 62 F: 5 1 3 
46 9 82 148 F: 6 3 
48 11 70 19 F: 11 
52 12 100 112 F: 12 
61 6 85 78 F: 2 4 
64 13 90 49 F: 13 
77 9 104 132 F: 6 3 
121 5 131 124 F: 3 2 
125 2 129 36 F: 2 
133 9 169 34 F: 3 6 
135 8 151 75 F: 5 2 1 
162 11 195 87 F: 11 
164 4 168 84 F: 4 
174 11 207 27 F: 5 4 2 
178 11 211 93 F: 5 4 2 
185 13 198 27 F: 13 
188 9 215 57 F: 9 
205 2 209 123 F: 2 
205 6 223 38 F: 6 
216 13 242 48 F: 13 
224 10 264 69 F: 2 4 4 
232 9 241 71 F: 9 
234 9 252 20 F: 9 
243 7 250 118 F: 5 2 
245 10 265 2 F: 4 3 3 
272 6 284 76 F: 2 3 1 
276 9 312 44 F: 3 4 2 
310 8 318 65 F: 6 2 
318 8 326 43 F: 8 
332 10 362 21 F: 3 3 4 
351 9 360 55 F: 4 2 3 
353 12 389 31 F: 5 4 3 
363 13 415 33 F: 5 4 4 
376 11 409 34 F: 5 3 3 
385 13 411 54 F: 13 
388 6 412 84 F: 6 
395 6 419 24 F: 6 
419 10 429 1 F: 10 
424 11 468 75 F: 11 
434 9 470 57 F: 4 4 1 
454 8 462 57 F: 5 3 
461 10 471 76 F: 5 5 
470 8 486 44 F: 8 
474 5 479 83 F: 5 
475 11 519 24 F: 7 4 
478 7 492 90 F: 6 1 
484 11 506 74 F: 11 
506 8 530 150 F: 8 
524 7 531 69 F: 7 
528 5 548 51 F: 4 1 
539 5 549 6 F: 4 1 
546 10 566 54 F: 4 3 3 
547 9 583 137 F: 7 2 
561 8 585 85 F: 5 1 2 
593 12 605 6 F: 12 
596 10 606 46 F: 10 
599 2 603 19 F: 2 
618 10 658 40 F: 5 2 3 
619 6 631 33 F: 4 1 1 
621 10 641 40 F: 3 4 3 
626 6 638 147 F: 5 1 
630 11 663 43 F: 6 5 
640 10 680 62 F: 5 3 2 
653 7 674 145 F: 7 
662 9 698 91 F: 3 4 2 
664 7 671 82 F: 2 5 
675 5 695 38 F: 2 2 1 
713 8 729 79 F: 4 4 
722 2 724 106 F: 2 
731 8 763 146 F: 5 3 
731 10 741 113 F: 6 4 
752 10 772 101 F: 4 2 4 
760 13 799 29 F: 13 
776 2 780 149 F: 2 
779 5 794 113 F: 5 
790 6 796 13 F: 6 
799 5 819 88 F: 2 1 2 
824 7 838 146 F: 4 2 1 
825 10 845 71 F: 5 3 2 
829 12 853 61 F: 12 
832 6 844 109 F: 5 1 
833 7 847 32 F: 4 3 
843 9 879 75 F: 3 2 4 
851 11 895 66 F: 11 
860 12 908 27 F: 6 6 
876 6 888 42 F: 5 1 
895 6 919 139 F: 2 1 3 
924 10 964 99 F: 4 3 3 
925 11 958 56 F: 4 4 3 
930 6 954 16 F: 5 1 
934 11 956 45 F: 11 
949 10 969 11 F: 4 2 4 
958 6 976 86 F: 5 1 
968 12 1016 12 F: 5 4 3 
969 8 1001 75 F: 4 4 
972 6 990 111 F: 2 4 
972 10 982 86 F: 3 4 3 
1012 7 1033 140 F: 2 3 2 
1016 3 1025 19 F: 2 1 
1037 7 1065 63 F: 2 1 4 
1068 7 1096 4 F: 2 2 3 
1081 9 1108 3 F: 9 
1083 9 1092 74 F: 5 3 1 
1087 8 1111 83 F: 5 3 
1090 10 1130 63 F: 5 5 
1090 12 1126 87 F: 12 
1091 10 1121 87 F: 4 2 4 
1102 8 1134 34 F: 4 3 1 
1114 3 1117 92 F: 2 1 
1136 13 1162 112 F: 7 6 
1137 11 1148 131 F: 5 6 
1147 10 1167 129 F: 5 1 4 
1149 7 1170 122 F: 4 1 2 
1178 5 1183 49 F: 3 1 1 
1189 9 1198 98 F: 3 3 3 
1191 13 1204 99 F: 13 
1192 10 1232 1 F: 4 3 3 
1207 9 1243 35 F: 4 1 4 
1223 8 1255 110 F: 8 
1247 3 1250 44 F: 3 
1247 7 1268 15 F: 2 4 1 
1247 8 1263 42 F: 3 4 1 
1248 7 1269 149 F: 5 2 
1266 12 1290 47 F: 4 4 4 
1276 7 1283 73 F: 7 
1293 11 1337 93 F: 11 
1297 5 1317 109 F: 2 3 
1314 10 1344 108 F: 10 
1317 7 1324 59 F: 4 2 1 
1318 9 1327 116 F: 9 
1322 7 1336 121 F: 6 1 
1337 10 1347 89 F: 5 1 4 
1352 4 1360 91 F: 4 
1357 3 1369 112 F: 2 1 
1366 10 1406 29 F: 4 6 
1390 8 1406 65 F: 4 4 
1395 11 1406 82 F: 11 
1405 6 1429 140 F: 3 1 2 
1409 10 1439 47 F: 5 2 3 
1414 4 1430 101 F: 4 
1418 8 1450 87 F: 5 1 2 
1422 2 1428 2 F: 2 
1430 7 1437 129 F: 7 
1453 10 1473 1 F: 10 
1459 4 1467 103 F: 4 
1484 8 1508 109 F: 2 6 
1486 13 1512 109 F: 7 6 
D: 6 65 
D: 12 123 
D: 21 38 
D: 24 27 
D: 25 108 
D: 26 98 
D: 30 149 
D: 31 96 
D: 31 147 
D: 37 81 
D: 38 99 
D: 57 139 
D: 66 144 
D: 84 94 
D: 117 121 
