6 11 17 100 F: 4 3 4 
8 10 28 97 F: 4 6 
21 8 29 20 F: 2 2 4 
72 10 82 62 F: 5 5 
72 11 83 8 F: 11 
76 9 85 39 F: 9 
78 6 90 48 F: 3 1 2 
88 8 112 3 F: 2 6 
92 9 101 1 F: 9 
94 9 103 78 F: 6 3 
100 9 109 99 F: 5 4 
100 13 152 3 F: 7 6 
102 6 126 77 F: 3 1 2 
115 4 131 87 F: 4 
117 12 129 44 F: 5 4 3 
150 6 156 51 F: 5 1 
169 10 179 52 F: 5 3 2 
177 8 193 91 F: 4 2 2 
181 8 189 55 F: 4 2 2 
189 6 195 99 F: 4 2 
203 6 215 79 F: 3 1 2 
219 4 235 100 F: 2 2 
219 10 229 58 F: 10 
222 6 240 65 F: 2 4 
252 11 274 69 F: 4 3 4 
263 12 299 31 F: 6 6 
265 6 289 96 F: 6 
269 11 280 73 F: 4 4 3 
287 5 302 92 F: 4 1 
296 3 299 49 F: 3 
301 5 306 12 F: 5 
307 10 327 31 F: 10 
321 9 339 4 F: 7 2 
323 12 347 85 F: 7 5 
331 8 363 61 F: 4 4 
349 12 397 27 F: 4 4 4 
363 4 371 48 F: 3 1 
367 7 374 48 F: 7 
369 6 387 32 F: 6 
381 11 392 53 F: 5 2 4 
407 11 429 83 F: 11 
409 9 418 42 F: 3 6 
414 7 428 63 F: 2 2 3 
419 12 443 7 F: 12 
424 8 456 100 F: 4 3 1 
437 9 473 84 F: 9 
466 12 478 20 F: 6 6 
468 8 484 28 F: 5 1 2 
481 8 497 4 F: 3 1 4 
484 11 517 15 F: 4 3 4 
502 10 522 81 F: 10 
504 6 522 80 F: 6 
504 8 512 71 F: 4 4 
511 7 539 77 F: 3 3 1 
522 7 543 36 F: 4 3 
539 6 563 57 F: 6 
546 7 560 30 F: 3 1 3 
562 10 582 61 F: 10 
585 10 605 12 F: 7 3 
590 10 610 5 F: 7 3 
602 5 622 53 F: 2 2 1 
602 7 630 97 F: 7 
611 8 619 8 F: 4 2 2 
641 9 677 23 F: 5 1 3 
643 11 687 79 F: 11 
656 10 686 64 F: 3 4 3 
662 10 672 55 F: 10 
684 13 710 76 F: 13 
695 6 707 58 F: 5 1 
699 8 723 39 F: 4 3 1 
701 5 716 69 F: 5 
713 8 721 69 F: 8 
736 7 757 82 F: 5 2 
741 8 773 9 F: 6 2 
750 10 770 54 F: 7 3 
761 4 777 61 F: 4 
772 8 804 33 F: 2 6 
781 11 792 27 F: 3 4 4 
788 6 806 79 F: 4 2 
791 12 815 25 F: 12 
820 11 853 76 F: 7 4 
826 5 836 46 F: 2 1 2 
836 3 839 45 F: 3 
846 2 854 80 F: 2 
847 10 887 92 F: 7 3 
847 12 883 41 F: 12 
859 6 865 50 F: 4 2 
863 3 872 35 F: 3 
875 9 893 12 F: 3 3 3 
899 8 931 52 F: 3 5 
900 8 916 64 F: 4 2 2 
905 4 921 81 F: 2 1 1 
916 10 946 59 F: 5 4 1 
918 13 944 34 F: 13 
929 10 959 88 F: 5 1 4 
936 8 944 80 F: 5 2 1 
944 12 956 33 F: 12 
962 6 980 32 F: 4 2 
977 8 985 42 F: 8 
986 11 997 17 F: 7 4 
D: 1 33 
D: 4 19 
D: 7 78 
D: 16 42 
D: 21 74 
D: 44 74 
D: 47 99 
D: 50 58 
D: 50 92 
D: 52 53 
