2 8 10 16 F: 6 2 
6 8 22 97 F: 4 2 2 
11 11 44 21 F: 4 4 3 
37 9 46 48 F: 5 4 
39 5 49 12 F: 2 2 1 
58 11 91 26 F: 6 5 
60 12 96 9 F: 4 4 4 
66 3 78 65 F: 2 1 
81 9 90 33 F: 3 3 3 
97 10 137 31 F: 10 
105 6 123 92 F: 6 
120 6 144 45 F: 3 3 
121 7 149 97 F: 6 1 
124 4 128 57 F: 4 
141 7 169 6 F: 7 
158 7 186 1 F: 7 
166 11 199 94 F: 4 4 3 
175 6 187 96 F: 2 4 
194 7 201 44 F: 2 1 4 
198 6 204 77 F: 3 2 1 
200 8 224 97 F: 5 3 
225 9 243 92 F: 9 
241 5 251 25 F: 3 2 
250 7 271 12 F: 3 4 
257 9 266 65 F: 5 4 
265 12 277 84 F: 12 
267 10 277 88 F: 3 3 4 
272 7 293 55 F: 7 
274 6 292 32 F: 6 
298 12 310 78 F: 12 
303 11 347 69 F: 5 6 
342 9 369 37 F: 4 3 2 
346 7 374 98 F: 7 
355 8 379 8 F: 8 
357 9 384 49 F: 2 3 4 
362 9 380 67 F: 5 3 1 
381 5 396 4 F: 2 1 2 
392 11 403 91 F: 6 5 
396 6 402 70 F: 5 1 
398 4 410 62 F: 2 1 1 
414 4 426 11 F: 3 1 
422 2 424 74 F: 2 
425 10 455 89 F: 4 6 
448 8 480 51 F: 3 5 
449 5 464 72 F: 4 1 
474 6 480 2 F: 2 2 2 
474 13 513 28 F: 13 
477 9 495 75 F: 9 
491 4 499 56 F: 3 1 
491 6 515 18 F: 6 
502 9 538 2 F: 3 6 
508 9 535 77 F: 5 4 
511 7 532 8 F: 2 5 
513 9 540 83 F: 3 3 3 
537 9 546 76 F: 5 3 1 
557 8 581 92 F: 2 6 
562 9 571 25 F: 3 3 3 
564 8 572 40 F: 8 
570 5 580 44 F: 5 
594 2 598 70 F: 2 
644 7 651 57 F: 7 
646 8 670 10 F: 2 4 2 
657 12 693 21 F: 6 6 
658 10 668 37 F: 5 1 4 
663 10 673 61 F: 5 4 1 
672 9 690 98 F: 4 2 3 
672 13 685 90 F: 13 
685 9 703 12 F: 4 1 4 
690 12 702 29 F: 12 
691 5 706 6 F: 5 
703 7 710 41 F: 3 2 2 
710 12 734 57 F: 12 
731 9 749 28 F: 9 
734 9 770 15 F: 4 4 1 
745 4 761 92 F: 2 2 
756 5 761 47 F: 5 
758 5 768 14 F: 5 
764 10 774 98 F: 10 
775 4 791 27 F: 2 1 1 
781 8 805 9 F: 3 3 2 
812 7 819 43 F: 3 4 
832 11 876 89 F: 4 3 4 
837 8 845 31 F: 6 2 
839 7 853 12 F: 2 5 
839 11 872 72 F: 11 
842 3 854 72 F: 2 1 
862 5 872 10 F: 3 2 
870 8 886 80 F: 5 3 
876 13 889 80 F: 13 
893 13 919 28 F: 7 6 
902 6 908 96 F: 2 1 3 
905 10 915 68 F: 5 4 1 
953 4 965 50 F: 4 
956 6 974 20 F: 2 4 
965 8 989 85 F: 3 5 
971 4 975 27 F: 4 
971 9 998 24 F: 9 
988 9 997 8 F: 7 2 
988 11 1032 99 F: 11 
992 7 1006 7 F: 4 3 
D: 1 3 
D: 1 9 
D: 17 93 
D: 26 72 
D: 28 51 
D: 29 32 
D: 37 74 
D: 42 53 
D: 52 96 
D: 85 86 
