22 10 62 56 F: 10 
23 5 38 38 F: 3 1 1 
25 5 40 43 F: 3 2 
36 7 50 60 F: 3 2 2 
44 8 68 46 F: 5 3 
56 10 66 42 F: 10 
63 12 111 59 F: 6 6 
64 8 80 70 F: 8 
71 10 91 84 F: 7 3 
94 11 127 72 F: 5 6 
114 10 124 14 F: 10 
117 9 126 15 F: 9 
123 5 143 53 F: 5 
131 4 135 55 F: 4 
160 8 168 13 F: 8 
186 10 196 14 F: 4 4 2 
189 9 225 31 F: 3 3 3 
190 12 226 21 F: 12 
196 3 202 43 F: 3 
198 11 209 14 F: 6 5 
208 9 244 47 F: 4 3 2 
213 5 218 80 F: 5 
220 7 248 81 F: 3 2 2 
231 6 249 56 F: 6 
239 6 245 5 F: 5 1 
246 12 282 48 F: 12 
250 10 280 19 F: 3 3 4 
253 12 289 54 F: 12 
285 7 313 96 F: 2 2 3 
294 8 318 10 F: 5 2 1 
302 6 314 49 F: 6 
325 11 369 22 F: 11 
335 3 338 76 F: 3 
335 9 344 83 F: 3 4 2 
340 11 362 57 F: 5 2 4 
347 11 380 55 F: 11 
349 9 367 61 F: 5 4 
378 7 399 38 F: 2 1 4 
388 7 402 31 F: 7 
399 8 431 3 F: 3 2 3 
401 7 422 5 F: 2 1 4 
408 10 418 36 F: 7 3 
409 8 441 5 F: 8 
410 7 438 54 F: 3 1 3 
411 7 418 57 F: 7 
432 12 480 67 F: 12 
451 12 487 62 F: 12 
456 12 492 78 F: 12 
462 6 486 94 F: 5 1 
497 8 505 60 F: 8 
503 11 547 58 F: 11 
518 10 558 8 F: 10 
525 10 545 16 F: 5 1 4 
556 12 580 51 F: 6 6 
569 5 584 98 F: 5 
569 10 589 58 F: 10 
580 9 607 17 F: 3 3 3 
585 8 609 67 F: 8 
591 7 605 18 F: 4 1 2 
596 10 626 16 F: 4 2 4 
601 9 619 43 F: 5 4 
614 11 625 64 F: 3 4 4 
639 3 651 19 F: 3 
641 13 693 29 F: 13 
646 9 664 77 F: 4 5 
661 9 697 92 F: 9 
663 13 676 20 F: 13 
671 12 695 83 F: 7 5 
680 5 685 4 F: 2 3 
682 8 706 42 F: 8 
702 8 734 79 F: 3 2 3 
719 4 723 22 F: 4 
720 9 738 16 F: 5 1 3 
723 11 756 21 F: 7 4 
728 7 735 55 F: 3 3 1 
757 11 779 98 F: 11 
758 8 790 61 F: 8 
759 8 783 8 F: 8 
776 7 797 98 F: 3 4 
784 8 792 74 F: 7 1 
800 9 818 98 F: 4 5 
810 7 838 43 F: 4 3 
819 7 840 77 F: 3 4 
827 4 839 12 F: 2 2 
831 11 864 89 F: 11 
833 5 848 84 F: 4 1 
839 13 878 2 F: 13 
876 9 885 98 F: 5 2 2 
897 7 904 97 F: 2 5 
897 9 933 22 F: 9 
911 10 941 82 F: 3 3 4 
913 8 937 42 F: 4 3 1 
915 9 951 84 F: 9 
934 3 940 59 F: 3 
956 11 978 96 F: 11 
958 8 966 42 F: 5 1 2 
964 7 978 85 F: 3 4 
971 8 987 91 F: 3 5 
985 6 1009 8 F: 6 
994 11 1038 98 F: 5 2 4 
D: 5 46 
D: 18 34 
D: 30 88 
D: 39 69 
D: 45 58 
D: 49 63 
D: 54 58 
D: 68 69 
D: 77 86 
D: 92 98 
