11 11 55 46 F: 11 
17 10 57 100 F: 10 
18 9 36 45 F: 5 1 3 
22 5 42 3 F: 3 1 1 
47 4 51 32 F: 3 1 
69 9 78 54 F: 5 1 3 
74 5 89 95 F: 4 1 
84 8 108 12 F: 7 1 
86 10 106 84 F: 2 4 4 
88 10 128 26 F: 10 
104 3 107 22 F: 3 
106 5 121 76 F: 5 
106 7 113 91 F: 3 3 1 
112 11 134 48 F: 6 5 
113 4 125 73 F: 4 
133 12 181 2 F: 12 
170 8 202 10 F: 6 2 
176 5 181 19 F: 5 
178 5 188 2 F: 5 
179 11 212 56 F: 11 
210 9 246 17 F: 7 2 
211 5 226 35 F: 2 3 
211 10 251 47 F: 6 4 
226 11 259 92 F: 7 4 
233 9 251 12 F: 5 1 3 
250 8 266 32 F: 8 
264 11 286 76 F: 5 3 3 
270 8 286 92 F: 4 4 
293 6 317 8 F: 3 2 1 
296 12 308 46 F: 12 
300 9 309 6 F: 9 
308 8 332 68 F: 8 
310 10 350 27 F: 5 2 3 
321 11 354 20 F: 7 4 
327 8 359 43 F: 5 3 
338 12 386 2 F: 5 4 3 
345 8 353 54 F: 8 
349 5 364 29 F: 2 2 1 
358 12 394 93 F: 12 
390 2 396 87 F: 2 
415 5 435 28 F: 2 2 1 
415 9 442 72 F: 7 2 
426 6 444 23 F: 4 2 
431 8 455 39 F: 8 
443 9 461 12 F: 5 2 2 
445 7 473 78 F: 7 
448 9 457 37 F: 3 6 
448 9 475 43 F: 9 
468 5 488 94 F: 5 
497 11 530 44 F: 11 
520 6 538 98 F: 2 1 3 
524 8 556 59 F: 7 1 
536 6 554 63 F: 6 
553 8 561 84 F: 6 2 
556 7 570 65 F: 4 2 1 
564 8 572 34 F: 5 2 1 
564 9 573 14 F: 9 
582 9 600 4 F: 9 
591 4 595 71 F: 3 1 
595 10 605 92 F: 5 1 4 
602 8 618 73 F: 2 6 
606 7 620 73 F: 7 
606 8 630 32 F: 2 2 4 
622 12 670 43 F: 12 
639 13 691 56 F: 13 
640 6 652 91 F: 5 1 
642 5 647 56 F: 2 1 2 
645 4 649 75 F: 4 
665 13 678 76 F: 13 
681 9 717 86 F: 4 2 3 
713 10 743 30 F: 4 6 
714 6 726 98 F: 5 1 
717 8 749 35 F: 4 1 3 
719 6 731 88 F: 4 2 
733 10 753 79 F: 6 4 
739 8 755 100 F: 8 
741 5 751 49 F: 5 
763 6 787 55 F: 3 1 2 
767 11 778 41 F: 5 3 3 
772 6 796 12 F: 2 2 2 
808 4 812 85 F: 4 
808 10 818 24 F: 4 6 
811 7 818 25 F: 4 2 1 
814 9 841 5 F: 7 2 
824 7 838 16 F: 4 3 
843 8 859 9 F: 7 1 
854 13 867 57 F: 7 6 
861 10 891 77 F: 3 3 4 
869 11 880 27 F: 11 
893 8 901 52 F: 2 6 
911 8 927 21 F: 4 4 
913 6 919 67 F: 2 3 1 
916 7 923 25 F: 3 1 3 
917 6 929 8 F: 2 3 1 
917 7 924 74 F: 7 
919 4 927 63 F: 2 2 
920 9 938 93 F: 4 2 3 
937 10 957 11 F: 7 3 
940 10 970 74 F: 4 4 2 
972 10 982 72 F: 6 4 
D: 19 50 
D: 23 95 
D: 28 68 
D: 36 62 
D: 37 98 
D: 39 68 
D: 41 49 
D: 56 61 
D: 60 66 
D: 90 93 
