13 10 53 87 F: 4 6 
14 3 26 2 F: 3 
23 7 37 51 F: 5 2 
62 10 82 36 F: 4 2 4 
65 10 105 100 F: 10 
68 8 76 21 F: 3 1 4 
71 3 74 19 F: 3 
82 8 106 13 F: 8 
92 10 102 92 F: 4 4 2 
98 11 109 91 F: 11 
106 6 118 27 F: 4 2 
109 5 114 100 F: 5 
115 13 128 97 F: 13 
134 13 173 54 F: 7 6 
138 13 190 82 F: 5 4 4 
147 5 157 21 F: 5 
165 10 195 84 F: 6 4 
174 4 186 14 F: 4 
179 4 191 96 F: 4 
179 13 192 44 F: 7 6 
201 9 210 80 F: 3 6 
213 10 253 65 F: 6 4 
216 8 248 78 F: 3 3 2 
244 8 252 13 F: 2 6 
244 8 252 32 F: 4 4 
252 6 264 89 F: 3 1 2 
277 2 283 94 F: 2 
281 11 292 39 F: 6 5 
289 8 297 79 F: 8 
294 11 305 100 F: 11 
316 2 322 65 F: 2 
318 7 346 95 F: 2 1 4 
325 7 339 99 F: 2 5 
351 6 369 36 F: 2 1 3 
357 11 379 40 F: 4 4 3 
359 8 391 45 F: 8 
364 8 396 58 F: 8 
374 7 395 95 F: 2 3 2 
394 10 414 30 F: 7 3 
397 11 441 89 F: 5 2 4 
401 11 434 45 F: 3 4 4 
405 10 445 56 F: 4 3 3 
414 6 420 46 F: 3 3 
419 9 437 92 F: 9 
422 6 440 99 F: 6 
453 9 462 62 F: 2 4 3 
463 11 496 97 F: 5 6 
464 5 474 53 F: 4 1 
464 6 470 38 F: 6 
480 7 494 13 F: 6 1 
507 11 529 42 F: 3 4 4 
534 9 552 69 F: 6 3 
547 2 551 63 F: 2 
560 12 596 16 F: 7 5 
561 5 571 27 F: 5 
565 9 601 96 F: 9 
569 6 575 100 F: 4 1 1 
581 4 585 34 F: 4 
585 9 612 69 F: 2 3 4 
587 7 601 27 F: 4 3 
604 8 620 15 F: 3 3 2 
611 9 629 82 F: 9 
614 11 658 90 F: 5 2 4 
619 9 646 1 F: 6 3 
638 8 670 64 F: 3 1 4 
641 6 665 52 F: 3 3 
645 7 659 76 F: 4 2 1 
674 4 686 69 F: 4 
692 12 728 70 F: 12 
697 8 729 54 F: 2 3 3 
703 13 755 78 F: 13 
714 9 750 11 F: 5 1 3 
718 7 746 1 F: 3 2 2 
730 8 754 77 F: 2 3 3 
740 9 767 64 F: 3 6 
755 4 763 59 F: 2 1 1 
756 5 776 70 F: 5 
762 4 774 50 F: 4 
770 12 806 56 F: 12 
779 11 801 8 F: 7 4 
800 11 811 47 F: 7 4 
803 4 807 62 F: 4 
832 8 848 56 F: 4 4 
833 8 849 20 F: 4 1 3 
835 8 843 97 F: 3 2 3 
836 8 868 79 F: 2 2 4 
851 5 871 44 F: 2 3 
880 10 910 18 F: 3 4 3 
886 8 918 56 F: 5 3 
898 6 904 30 F: 6 
904 5 914 38 F: 5 
908 12 944 54 F: 12 
920 10 950 29 F: 3 3 4 
929 6 953 22 F: 6 
933 6 951 30 F: 4 1 1 
934 6 940 25 F: 4 1 1 
954 11 976 10 F: 6 5 
970 5 975 14 F: 5 
986 4 994 41 F: 4 
993 13 1019 68 F: 13 
D: 1 17 
D: 4 35 
D: 5 14 
D: 24 82 
D: 37 73 
D: 38 58 
D: 39 44 
D: 40 67 
D: 54 87 
D: 70 88 
