1 10 21 28 F: 5 5 
22 11 33 14 F: 11 
24 10 64 107 F: 10 
28 9 46 1 F: 9 
45 6 63 147 F: 2 1 3 
64 7 71 33 F: 2 1 4 
70 7 84 4 F: 7 
75 10 115 39 F: 10 
92 6 110 106 F: 5 1 
99 12 111 68 F: 7 5 
103 11 114 1 F: 5 2 4 
123 13 162 93 F: 13 
132 12 168 91 F: 7 5 
140 13 192 41 F: 13 
144 10 184 54 F: 5 2 3 
145 8 153 101 F: 7 1 
177 9 213 143 F: 7 2 
180 7 187 128 F: 5 2 
182 10 202 16 F: 10 
197 4 213 77 F: 4 
203 11 236 87 F: 11 
222 5 227 48 F: 3 2 
229 7 257 144 F: 2 5 
232 10 262 36 F: 4 2 4 
238 8 254 70 F: 5 3 
254 11 265 80 F: 11 
255 7 276 76 F: 3 3 1 
267 5 287 42 F: 4 1 
270 10 310 52 F: 2 4 4 
271 8 287 89 F: 4 4 
300 12 324 15 F: 7 5 
309 6 327 27 F: 2 4 
314 9 323 62 F: 2 3 4 
314 11 336 124 F: 11 
325 6 331 76 F: 3 3 
343 5 358 85 F: 5 
353 5 358 22 F: 4 1 
364 3 367 45 F: 2 1 
384 12 396 99 F: 6 6 
389 4 405 31 F: 4 
416 9 452 59 F: 5 2 2 
421 12 469 20 F: 12 
429 4 445 92 F: 2 1 1 
429 9 438 44 F: 9 
452 3 458 70 F: 3 
466 6 478 18 F: 2 1 3 
468 12 480 28 F: 4 4 4 
470 5 485 41 F: 2 2 1 
483 12 507 106 F: 12 
495 6 519 148 F: 3 2 1 
512 9 530 11 F: 5 3 1 
515 9 542 9 F: 4 5 
519 13 545 105 F: 13 
536 9 554 69 F: 9 
541 4 545 21 F: 2 2 
561 9 588 87 F: 5 2 2 
572 11 605 16 F: 11 
574 2 580 113 F: 2 
576 6 582 113 F: 6 
585 6 609 68 F: 6 
608 9 617 71 F: 4 2 3 
610 6 634 115 F: 3 3 
615 7 643 110 F: 2 2 3 
620 12 668 133 F: 4 4 4 
633 7 661 21 F: 3 3 1 
641 11 685 13 F: 6 5 
668 8 692 115 F: 5 1 2 
675 2 681 38 F: 2 
676 10 716 134 F: 10 
697 12 709 23 F: 5 4 3 
701 10 731 131 F: 7 3 
717 11 750 30 F: 4 3 4 
725 7 746 78 F: 2 3 2 
737 2 741 42 F: 2 
768 12 780 79 F: 7 5 
773 13 786 95 F: 13 
785 9 794 89 F: 6 3 
786 10 826 101 F: 10 
789 3 801 12 F: 3 
797 3 803 40 F: 3 
802 5 817 7 F: 2 2 1 
807 8 823 126 F: 2 6 
851 5 861 43 F: 4 1 
857 5 862 133 F: 5 
881 7 902 14 F: 6 1 
886 6 904 110 F: 6 
887 6 905 135 F: 6 
892 6 910 40 F: 2 2 2 
896 12 932 80 F: 12 
899 9 935 74 F: 7 2 
906 4 922 28 F: 2 2 
917 7 931 40 F: 3 1 3 
927 3 939 100 F: 3 
932 7 960 73 F: 4 3 
936 11 947 68 F: 4 3 4 
944 4 952 74 F: 4 
944 11 988 73 F: 3 4 4 
961 4 977 27 F: 4 
970 5 985 147 F: 2 3 
999 7 1006 118 F: 3 3 1 
1026 7 1047 57 F: 2 5 
1043 5 1048 27 F: 4 1 
1050 6 1056 116 F: 5 1 
1058 10 1098 97 F: 3 4 3 
1071 10 1081 138 F: 10 
1080 13 1106 4 F: 5 4 4 
1089 7 1117 60 F: 2 5 
1090 2 1092 22 F: 2 
1091 5 1096 85 F: 2 3 
1098 8 1122 39 F: 7 1 
1116 3 1128 68 F: 3 
1116 4 1120 128 F: 4 
1136 3 1145 8 F: 3 
1136 6 1148 63 F: 3 1 2 
1142 8 1150 83 F: 2 4 2 
1152 11 1174 86 F: 3 4 4 
1162 7 1176 64 F: 7 
1185 11 1196 51 F: 11 
1192 8 1216 131 F: 8 
1195 3 1198 130 F: 3 
1201 10 1241 117 F: 10 
1208 7 1236 68 F: 3 3 1 
1210 5 1225 36 F: 3 2 
1211 6 1229 39 F: 6 
1229 8 1253 6 F: 7 1 
1243 10 1263 75 F: 2 4 4 
1259 5 1269 35 F: 3 2 
1260 6 1284 124 F: 4 1 1 
1266 6 1290 45 F: 3 2 1 
1279 2 1285 133 F: 2 
1300 5 1310 35 F: 5 
1310 9 1346 3 F: 3 3 3 
1312 6 1324 140 F: 3 1 2 
1340 13 1366 20 F: 5 4 4 
1341 10 1371 140 F: 10 
1355 11 1388 78 F: 11 
1380 12 1416 105 F: 12 
1381 7 1388 18 F: 3 4 
1385 13 1424 100 F: 13 
1392 7 1406 42 F: 4 1 2 
1412 9 1448 2 F: 3 6 
1422 8 1438 106 F: 8 
1441 5 1446 114 F: 2 3 
1447 8 1479 87 F: 6 2 
1452 3 1458 149 F: 2 1 
1458 9 1485 72 F: 4 5 
1460 8 1468 64 F: 8 
1472 10 1512 40 F: 4 6 
1473 2 1475 123 F: 2 
1491 10 1501 15 F: 3 3 4 
D: 3 18 
D: 3 83 
D: 5 85 
D: 9 32 
D: 18 139 
D: 22 41 
D: 28 129 
D: 32 44 
D: 45 78 
D: 61 94 
D: 74 110 
D: 82 131 
D: 90 147 
D: 96 119 
D: 127 139 
