19 7 33 124 F: 3 1 3 
28 8 52 40 F: 5 1 2 
31 4 35 114 F: 3 1 
31 5 46 137 F: 3 1 1 
32 8 64 149 F: 2 2 4 
39 6 63 42 F: 5 1 
42 9 60 11 F: 5 3 1 
61 10 101 66 F: 3 3 4 
81 9 90 126 F: 9 
96 7 110 71 F: 2 1 4 
116 9 125 5 F: 7 2 
118 10 138 41 F: 10 
132 8 140 131 F: 2 4 2 
135 9 171 150 F: 7 2 
141 12 189 108 F: 4 4 4 
155 10 195 41 F: 5 2 3 
155 11 166 143 F: 6 5 
161 9 197 38 F: 7 2 
181 6 193 110 F: 4 2 
183 9 219 83 F: 3 2 4 
216 6 228 143 F: 5 1 
232 4 240 58 F: 2 1 1 
241 9 268 7 F: 4 1 4 
241 12 265 128 F: 12 
262 11 295 14 F: 4 3 4 
266 6 272 117 F: 6 
274 10 314 70 F: 10 
278 8 310 3 F: 4 4 
289 9 307 101 F: 9 
292 10 322 117 F: 4 6 
307 4 315 122 F: 2 2 
318 2 322 21 F: 2 
328 5 343 118 F: 3 1 1 
335 9 371 107 F: 5 2 2 
342 4 350 70 F: 2 2 
356 9 383 7 F: 4 3 2 
368 5 378 27 F: 5 
375 7 403 66 F: 7 
379 12 403 134 F: 6 6 
385 6 397 9 F: 2 1 3 
404 12 440 71 F: 7 5 
410 10 450 146 F: 6 4 
431 10 461 145 F: 5 5 
437 13 450 143 F: 13 
453 12 489 75 F: 12 
454 8 478 21 F: 5 3 
462 8 486 72 F: 6 2 
471 4 475 76 F: 2 2 
487 8 511 33 F: 8 
497 10 527 118 F: 3 4 3 
509 3 512 110 F: 3 
529 8 561 52 F: 3 1 4 
534 7 555 129 F: 3 4 
538 7 552 32 F: 2 5 
545 10 575 44 F: 5 5 
548 6 560 130 F: 2 4 
552 11 563 139 F: 11 
563 10 603 138 F: 3 4 3 
572 10 582 90 F: 4 3 3 
587 6 605 135 F: 2 1 3 
632 10 642 116 F: 4 4 2 
650 12 698 104 F: 7 5 
660 8 684 113 F: 8 
664 7 678 148 F: 5 2 
665 6 677 83 F: 3 3 
677 10 697 65 F: 10 
677 13 729 4 F: 13 
688 7 695 33 F: 3 4 
697 5 702 132 F: 5 
697 13 749 61 F: 13 
704 11 715 58 F: 5 4 2 
708 8 732 92 F: 4 4 
717 9 744 79 F: 9 
720 10 730 34 F: 2 4 4 
728 6 746 107 F: 2 4 
735 10 765 46 F: 5 5 
738 3 750 99 F: 2 1 
742 9 778 43 F: 5 3 1 
762 9 771 80 F: 5 4 
791 8 815 1 F: 5 1 2 
813 5 818 110 F: 3 2 
814 8 846 48 F: 6 2 
831 10 841 107 F: 5 2 3 
833 10 843 17 F: 4 6 
853 8 869 16 F: 8 
855 11 888 137 F: 7 4 
871 6 883 112 F: 6 
873 9 891 119 F: 3 4 2 
880 10 890 62 F: 2 4 4 
892 7 920 120 F: 4 2 1 
904 2 912 137 F: 2 
914 12 938 49 F: 6 6 
915 7 943 88 F: 6 1 
919 11 952 69 F: 11 
930 6 954 122 F: 3 3 
930 8 954 97 F: 8 
947 6 971 80 F: 6 
974 8 982 5 F: 8 
982 13 995 89 F: 13 
984 6 1008 59 F: 5 1 
1005 9 1032 106 F: 4 1 4 
1011 12 1059 69 F: 7 5 
1028 13 1080 44 F: 7 6 
1031 10 1061 97 F: 7 3 
1034 7 1041 26 F: 7 
1035 12 1047 23 F: 5 4 3 
1055 9 1091 63 F: 4 4 1 
1064 10 1104 54 F: 6 4 
1088 4 1096 72 F: 3 1 
1094 13 1146 70 F: 7 6 
1107 4 1115 149 F: 4 
1110 7 1131 104 F: 3 1 3 
1119 10 1129 64 F: 7 3 
1132 11 1176 66 F: 11 
1138 9 1147 39 F: 6 3 
1141 11 1152 13 F: 6 5 
1156 9 1183 116 F: 5 2 2 
1160 11 1171 124 F: 11 
1167 6 1191 114 F: 6 
1175 6 1199 101 F: 6 
1212 2 1218 46 F: 2 
1212 5 1232 73 F: 4 1 
1244 5 1264 46 F: 5 
1262 5 1282 22 F: 4 1 
1275 7 1289 39 F: 5 2 
1275 12 1299 147 F: 12 
1277 6 1283 82 F: 3 1 2 
1279 5 1299 7 F: 4 1 
1288 5 1303 13 F: 5 
1290 12 1326 145 F: 5 4 3 
1305 10 1335 37 F: 4 6 
1307 13 1359 20 F: 7 6 
1314 11 1325 141 F: 5 3 3 
1315 11 1337 60 F: 7 4 
1323 10 1363 20 F: 7 3 
1324 2 1328 138 F: 2 
1325 10 1335 79 F: 10 
1352 13 1378 105 F: 13 
1369 7 1383 67 F: 3 4 
1377 7 1405 51 F: 5 1 1 
1414 6 1438 105 F: 6 
1419 12 1467 136 F: 12 
1420 12 1456 117 F: 12 
1433 8 1449 101 F: 3 3 2 
1441 9 1450 33 F: 5 2 2 
1443 6 1467 11 F: 3 3 
1445 11 1467 65 F: 7 4 
1453 13 1479 67 F: 7 6 
1482 9 1509 40 F: 2 4 3 
1492 6 1510 128 F: 3 3 
D: 6 69 
D: 10 128 
D: 13 29 
D: 21 29 
D: 23 66 
D: 25 88 
D: 29 123 
D: 29 127 
D: 40 60 
D: 46 116 
D: 57 146 
D: 67 78 
D: 69 101 
D: 78 149 
D: 99 136 
