25 6 37 142 F: 6 
66 7 94 38 F: 3 1 3 
69 12 105 136 F: 12 
70 3 76 108 F: 3 
73 13 125 105 F: 13 
74 7 95 134 F: 5 2 
77 9 86 111 F: 5 1 3 
81 7 95 103 F: 4 3 
89 11 133 147 F: 11 
96 8 128 112 F: 6 2 
101 7 129 51 F: 7 
101 8 133 112 F: 5 1 2 
120 9 147 64 F: 5 4 
127 8 159 27 F: 7 1 
129 10 139 88 F: 3 4 3 
139 11 183 99 F: 5 6 
155 11 166 146 F: 5 6 
179 8 195 23 F: 8 
187 9 223 137 F: 2 4 3 
193 10 213 127 F: 5 2 3 
206 4 218 128 F: 2 1 1 
217 13 230 117 F: 7 6 
218 6 230 24 F: 2 1 3 
226 10 236 29 F: 4 4 2 
237 9 264 95 F: 9 
245 8 269 102 F: 7 1 
255 3 267 137 F: 2 1 
255 6 273 33 F: 2 3 1 
262 3 265 150 F: 3 
294 6 306 28 F: 2 4 
300 3 312 33 F: 3 
313 11 324 106 F: 6 5 
333 7 347 47 F: 2 2 3 
337 7 358 103 F: 7 
358 10 378 116 F: 5 4 1 
360 11 404 146 F: 4 4 3 
379 7 386 50 F: 5 2 
384 10 394 94 F: 5 1 4 
390 6 414 130 F: 6 
396 6 402 119 F: 6 
401 7 429 49 F: 2 4 1 
401 10 431 113 F: 10 
422 10 462 146 F: 10 
434 8 466 45 F: 3 2 3 
436 3 442 50 F: 3 
441 7 448 67 F: 7 
442 12 490 74 F: 12 
458 13 510 128 F: 13 
482 5 487 126 F: 5 
487 6 511 110 F: 4 1 1 
511 11 555 94 F: 11 
513 8 545 90 F: 2 6 
516 6 528 2 F: 6 
518 11 529 110 F: 5 3 3 
524 9 542 45 F: 2 4 3 
543 5 563 42 F: 5 
548 6 554 86 F: 4 2 
567 10 577 93 F: 3 4 3 
590 2 596 2 F: 2 
595 8 611 30 F: 4 4 
611 6 635 51 F: 2 2 2 
615 8 639 20 F: 7 1 
618 13 631 65 F: 13 
626 6 644 18 F: 4 1 1 
634 6 640 64 F: 3 3 
639 10 669 61 F: 6 4 
660 12 708 39 F: 12 
668 8 692 51 F: 2 2 4 
688 11 732 61 F: 7 4 
688 12 736 144 F: 12 
703 8 735 16 F: 8 
707 10 747 70 F: 4 6 
710 3 716 137 F: 3 
711 12 723 20 F: 12 
718 4 726 3 F: 4 
740 5 745 15 F: 5 
769 10 789 33 F: 5 1 4 
779 11 823 31 F: 7 4 
784 8 800 89 F: 8 
798 9 816 91 F: 5 4 
805 5 815 6 F: 5 
835 7 856 85 F: 7 
840 8 872 131 F: 2 6 
850 7 878 106 F: 6 1 
862 8 886 6 F: 6 2 
864 8 896 140 F: 3 3 2 
868 8 876 145 F: 4 3 1 
876 5 896 5 F: 5 
877 9 886 13 F: 7 2 
898 10 918 60 F: 5 3 2 
904 7 925 88 F: 6 1 
933 8 965 66 F: 4 3 1 
939 8 971 10 F: 3 5 
948 8 980 47 F: 7 1 
948 8 980 92 F: 2 2 4 
961 6 973 132 F: 3 1 2 
962 4 974 24 F: 2 2 
969 7 976 2 F: 6 1 
971 6 983 82 F: 2 2 2 
975 7 989 56 F: 7 
1003 8 1027 142 F: 3 4 1 
1007 2 1009 131 F: 2 
1013 6 1025 84 F: 6 
1032 6 1056 98 F: 3 2 1 
1051 10 1081 44 F: 5 5 
1059 9 1086 94 F: 5 3 1 
1066 10 1086 54 F: 10 
1072 9 1090 53 F: 5 4 
1073 13 1112 119 F: 13 
1098 4 1106 115 F: 4 
1117 7 1138 59 F: 7 
1136 6 1154 44 F: 4 2 
1137 6 1143 107 F: 5 1 
1143 9 1152 4 F: 9 
1143 11 1154 131 F: 11 
1158 11 1180 147 F: 4 4 3 
1161 6 1173 139 F: 4 1 1 
1164 2 1172 143 F: 2 
1180 12 1228 131 F: 12 
1195 9 1231 62 F: 5 2 2 
1205 6 1211 136 F: 6 
1210 9 1228 148 F: 4 4 1 
1221 11 1243 28 F: 11 
1245 12 1281 91 F: 12 
1256 8 1264 125 F: 5 3 
1259 6 1271 139 F: 5 1 
1265 8 1273 71 F: 3 2 3 
1266 3 1278 102 F: 3 
1266 6 1272 121 F: 3 3 
1284 2 1292 143 F: 2 
1307 7 1314 119 F: 7 
1311 7 1318 117 F: 3 4 
1311 9 1347 147 F: 5 3 1 
1320 11 1353 114 F: 7 4 
1327 7 1334 37 F: 2 1 4 
1342 13 1355 22 F: 13 
1350 10 1370 23 F: 7 3 
1360 10 1380 98 F: 5 3 2 
1390 9 1426 91 F: 5 4 
1397 8 1413 117 F: 8 
1416 7 1444 18 F: 5 2 
1419 9 1437 13 F: 9 
1445 5 1450 65 F: 5 
1469 10 1479 133 F: 5 2 3 
1478 12 1490 56 F: 5 3 4 
1485 6 1509 91 F: 6 
1488 4 1504 2 F: 4 
1494 4 1506 23 F: 2 2 
1496 3 1499 136 F: 2 1 
1498 8 1530 120 F: 3 4 1 
D: 3 69 
D: 6 141 
D: 18 102 
D: 28 139 
D: 41 126 
D: 43 89 
D: 65 68 
D: 71 126 
D: 75 129 
D: 79 101 
D: 88 143 
D: 99 146 
D: 100 119 
D: 112 137 
D: 130 148 
