10 9 37 48 F: 3 3 3 
27 3 39 63 F: 3 
33 3 39 18 F: 3 
36 7 43 112 F: 7 
37 8 69 130 F: 8 
40 13 92 51 F: 7 6 
47 8 55 37 F: 5 3 
79 12 115 60 F: 7 5 
92 7 106 91 F: 4 3 
93 2 101 70 F: 2 
108 2 110 33 F: 2 
111 6 117 69 F: 3 3 
115 9 142 28 F: 9 
125 12 149 67 F: 4 4 4 
142 5 152 106 F: 5 
142 11 186 11 F: 11 
151 10 171 91 F: 10 
157 8 173 140 F: 8 
164 8 172 73 F: 5 2 1 
164 12 188 132 F: 12 
201 12 237 21 F: 6 6 
205 7 226 125 F: 7 
238 10 278 87 F: 5 5 
250 12 286 59 F: 6 6 
259 7 273 94 F: 2 5 
271 7 299 41 F: 2 2 3 
273 8 281 105 F: 2 6 
274 5 279 81 F: 2 2 1 
287 7 294 60 F: 7 
291 4 307 67 F: 4 
311 9 338 141 F: 2 3 4 
312 9 321 63 F: 5 1 3 
313 7 341 43 F: 4 1 2 
314 13 366 59 F: 13 
317 11 361 82 F: 6 5 
329 12 353 105 F: 12 
362 3 365 99 F: 3 
366 10 386 6 F: 4 2 4 
379 2 387 58 F: 2 
389 6 413 125 F: 6 
413 10 443 115 F: 5 3 2 
417 12 429 53 F: 5 3 4 
422 5 442 77 F: 2 3 
437 12 473 4 F: 12 
439 7 460 129 F: 7 
462 9 498 22 F: 3 6 
470 9 488 55 F: 9 
475 7 503 80 F: 7 
484 10 524 121 F: 4 4 2 
493 12 505 103 F: 7 5 
520 10 550 25 F: 4 3 3 
542 4 554 2 F: 4 
542 8 574 95 F: 3 2 3 
545 9 563 113 F: 9 
551 7 579 124 F: 7 
552 3 555 26 F: 3 
564 4 572 89 F: 2 1 1 
572 11 583 95 F: 5 3 3 
598 7 626 86 F: 4 2 1 
598 10 608 132 F: 4 2 4 
609 9 645 7 F: 5 4 
624 2 626 40 F: 2 
636 6 660 66 F: 3 3 
637 6 643 20 F: 3 1 2 
652 3 661 66 F: 2 1 
662 8 694 47 F: 3 5 
673 13 712 40 F: 13 
676 8 684 133 F: 5 3 
688 11 721 70 F: 4 4 3 
691 6 697 57 F: 2 1 3 
706 3 712 144 F: 3 
707 10 717 150 F: 4 4 2 
729 2 733 40 F: 2 
729 7 743 79 F: 7 
731 11 764 76 F: 11 
739 8 747 49 F: 7 1 
746 13 772 11 F: 13 
771 7 792 98 F: 3 2 2 
790 7 804 94 F: 4 2 1 
793 10 803 104 F: 10 
810 9 828 75 F: 9 
842 13 855 112 F: 13 
848 8 880 78 F: 6 2 
861 10 871 90 F: 10 
865 10 885 33 F: 4 6 
872 8 896 15 F: 5 2 1 
875 9 884 48 F: 4 1 4 
890 6 908 15 F: 6 
891 8 923 63 F: 3 3 2 
894 11 916 114 F: 3 4 4 
922 3 928 81 F: 3 
930 10 970 90 F: 2 4 4 
935 9 971 97 F: 3 3 3 
936 8 968 137 F: 3 5 
938 5 948 6 F: 3 2 
957 11 990 26 F: 11 
959 6 977 15 F: 6 
963 5 973 95 F: 2 2 1 
963 7 984 143 F: 4 2 1 
991 11 1035 108 F: 11 
1014 9 1050 136 F: 5 4 
1032 11 1054 28 F: 7 4 
1042 2 1046 99 F: 2 
1048 11 1081 46 F: 11 
1050 11 1083 98 F: 5 6 
1063 7 1070 15 F: 5 2 
1081 7 1109 88 F: 5 2 
1090 7 1104 11 F: 2 5 
1095 3 1104 93 F: 3 
1097 8 1121 83 F: 4 4 
1143 5 1148 28 F: 5 
1153 2 1157 122 F: 2 
1153 10 1183 116 F: 5 2 3 
1154 6 1178 83 F: 3 1 2 
1162 9 1189 90 F: 3 6 
1165 9 1183 43 F: 9 
1178 8 1186 138 F: 6 2 
1181 7 1202 17 F: 5 2 
1194 8 1226 28 F: 8 
1196 5 1211 46 F: 5 
1200 8 1208 43 F: 2 4 2 
1221 6 1245 57 F: 3 2 1 
1234 9 1252 121 F: 5 1 3 
1237 9 1255 125 F: 9 
1261 10 1301 105 F: 7 3 
1264 10 1274 143 F: 10 
1265 9 1283 44 F: 5 4 
1276 9 1303 117 F: 4 5 
1278 7 1299 119 F: 7 
1289 6 1307 128 F: 5 1 
1300 7 1328 145 F: 7 
1338 8 1362 127 F: 5 3 
1346 11 1357 4 F: 6 5 
1347 9 1383 66 F: 3 3 3 
1352 4 1368 30 F: 4 
1367 9 1403 112 F: 6 3 
1371 10 1381 37 F: 3 4 3 
1373 11 1384 128 F: 7 4 
1379 12 1403 72 F: 5 3 4 
1386 5 1396 29 F: 2 2 1 
1401 8 1417 7 F: 2 6 
1407 5 1422 107 F: 2 3 
1410 8 1442 92 F: 8 
1425 5 1445 114 F: 5 
1425 6 1449 88 F: 3 2 1 
1459 4 1467 137 F: 3 1 
1467 9 1476 48 F: 3 3 3 
1486 11 1519 22 F: 11 
1488 12 1524 63 F: 12 
1493 11 1504 41 F: 7 4 
D: 3 29 
D: 5 36 
D: 15 43 
D: 15 149 
D: 29 130 
D: 31 107 
D: 37 127 
D: 44 78 
D: 53 119 
D: 72 105 
D: 75 99 
D: 94 99 
D: 106 134 
D: 110 124 
D: 130 134 
