8 12 32 93 F: 7 5 
18 2 24 88 F: 2 
39 9 57 55 F: 5 2 2 
39 11 72 17 F: 11 
45 3 54 89 F: 3 
59 2 61 47 F: 2 
76 13 102 8 F: 13 
87 5 92 40 F: 2 2 1 
87 10 107 40 F: 7 3 
89 11 133 67 F: 5 3 3 
116 7 123 9 F: 4 3 
116 12 140 66 F: 12 
130 6 148 83 F: 2 2 2 
132 12 156 22 F: 12 
136 10 176 56 F: 4 6 
157 6 163 90 F: 2 4 
159 8 175 78 F: 3 5 
193 5 208 32 F: 2 2 1 
195 7 209 34 F: 2 4 1 
197 6 221 42 F: 4 2 
211 11 233 66 F: 4 4 3 
222 10 232 2 F: 3 3 4 
223 8 255 42 F: 3 3 2 
226 5 231 85 F: 5 
226 8 250 73 F: 8 
239 7 246 90 F: 3 2 2 
244 12 268 85 F: 12 
247 8 279 91 F: 7 1 
263 10 293 98 F: 10 
280 4 288 4 F: 4 
311 11 322 60 F: 11 
312 10 322 57 F: 4 3 3 
326 12 338 6 F: 5 3 4 
352 8 368 55 F: 5 1 2 
361 9 397 54 F: 9 
376 9 412 51 F: 4 2 3 
378 11 389 25 F: 4 3 4 
386 3 389 54 F: 3 
396 3 405 96 F: 2 1 
396 3 408 5 F: 3 
407 7 414 29 F: 3 3 1 
418 5 428 49 F: 5 
435 9 462 95 F: 3 6 
443 5 458 1 F: 3 2 
445 9 463 6 F: 6 3 
463 6 469 14 F: 6 
481 11 525 93 F: 4 3 4 
485 8 517 16 F: 8 
488 3 497 51 F: 3 
490 9 508 40 F: 2 3 4 
508 11 552 92 F: 7 4 
519 7 526 17 F: 4 3 
522 3 534 43 F: 3 
537 6 561 7 F: 4 2 
540 9 567 85 F: 4 2 3 
550 8 582 58 F: 2 4 2 
566 10 606 62 F: 6 4 
573 7 580 97 F: 5 2 
580 4 584 9 F: 4 
596 10 606 5 F: 7 3 
601 11 645 95 F: 6 5 
603 2 605 68 F: 2 
612 7 633 86 F: 6 1 
616 9 643 17 F: 9 
619 11 630 98 F: 6 5 
664 11 686 82 F: 5 6 
685 11 718 47 F: 5 4 2 
689 12 713 80 F: 12 
692 8 716 16 F: 2 2 4 
699 11 710 10 F: 11 
704 11 737 4 F: 11 
708 7 729 51 F: 2 5 
715 11 737 43 F: 4 4 3 
753 9 789 31 F: 3 2 4 
767 13 819 50 F: 7 6 
780 11 813 60 F: 5 4 2 
782 12 806 19 F: 12 
786 10 796 9 F: 4 6 
788 9 806 65 F: 9 
793 10 823 97 F: 7 3 
818 10 848 22 F: 3 4 3 
821 6 845 63 F: 2 4 
822 2 828 97 F: 2 
822 10 852 90 F: 10 
853 7 874 12 F: 5 2 
874 4 878 99 F: 4 
877 12 889 100 F: 12 
886 4 890 14 F: 2 1 1 
890 13 903 27 F: 7 6 
896 12 944 87 F: 12 
901 6 913 12 F: 5 1 
907 9 934 7 F: 5 4 
908 9 944 76 F: 6 3 
909 9 936 24 F: 3 6 
934 8 950 38 F: 5 2 1 
952 4 956 90 F: 3 1 
953 8 985 51 F: 2 6 
964 4 976 37 F: 2 2 
980 11 1024 56 F: 11 
997 11 1030 94 F: 5 2 4 
D: 5 70 
D: 16 69 
D: 17 44 
D: 27 84 
D: 39 76 
D: 39 87 
D: 45 80 
D: 56 65 
D: 63 97 
D: 82 86 
