11 8 19 97 F: 2 6 
30 7 37 67 F: 2 3 2 
30 10 40 19 F: 5 2 3 
37 9 64 18 F: 9 
40 7 47 54 F: 2 1 4 
55 4 63 45 F: 3 1 
75 8 91 31 F: 6 2 
90 7 97 11 F: 6 1 
90 9 117 39 F: 2 4 3 
95 10 105 29 F: 3 3 4 
104 9 113 33 F: 6 3 
107 12 131 72 F: 12 
111 5 116 49 F: 3 1 1 
118 4 126 80 F: 4 
124 2 132 85 F: 2 
129 6 135 44 F: 3 1 2 
129 11 140 69 F: 5 4 2 
132 9 141 24 F: 5 4 
135 9 162 19 F: 3 3 3 
137 8 169 45 F: 2 6 
213 10 253 44 F: 10 
238 8 262 74 F: 2 6 
243 6 267 98 F: 6 
257 8 265 90 F: 3 4 1 
257 13 283 16 F: 13 
261 7 275 78 F: 5 1 1 
291 10 321 99 F: 10 
292 12 340 44 F: 12 
293 9 329 63 F: 9 
299 3 311 62 F: 3 
301 10 341 39 F: 10 
304 5 319 86 F: 5 
314 8 346 61 F: 5 3 
315 8 339 22 F: 2 6 
315 8 347 70 F: 2 4 2 
325 9 352 86 F: 3 2 4 
338 4 350 4 F: 2 1 1 
340 6 346 94 F: 2 3 1 
362 4 366 62 F: 4 
392 11 436 4 F: 5 3 3 
414 11 447 60 F: 11 
432 6 438 56 F: 2 3 1 
436 9 454 21 F: 9 
449 8 473 45 F: 2 4 2 
463 8 495 56 F: 2 2 4 
478 5 498 92 F: 5 
478 9 505 39 F: 5 2 2 
482 10 502 31 F: 4 6 
482 10 522 55 F: 10 
495 10 505 79 F: 10 
503 10 533 2 F: 6 4 
514 2 520 93 F: 2 
523 9 550 49 F: 5 2 2 
541 6 553 56 F: 2 4 
551 7 558 82 F: 3 3 1 
553 7 581 68 F: 7 
559 4 571 25 F: 3 1 
569 5 584 92 F: 5 
576 9 603 99 F: 6 3 
589 6 613 98 F: 2 4 
611 6 629 15 F: 4 2 
623 10 653 87 F: 3 3 4 
634 9 652 30 F: 4 1 4 
637 13 650 44 F: 13 
643 8 675 44 F: 8 
644 10 684 72 F: 6 4 
662 6 674 23 F: 6 
679 5 694 56 F: 5 
686 9 695 56 F: 3 4 2 
697 7 711 37 F: 7 
705 9 732 48 F: 5 4 
709 12 733 65 F: 4 4 4 
722 8 754 94 F: 3 4 1 
725 8 757 64 F: 4 4 
729 12 753 97 F: 12 
738 8 746 99 F: 4 2 2 
741 7 769 83 F: 3 1 3 
748 13 774 73 F: 5 4 4 
772 7 800 96 F: 7 
782 5 792 57 F: 4 1 
818 4 830 6 F: 4 
820 13 846 27 F: 13 
824 13 850 88 F: 13 
833 4 837 66 F: 3 1 
835 8 859 64 F: 3 4 1 
851 7 872 17 F: 4 2 1 
858 9 867 96 F: 6 3 
864 4 868 35 F: 4 
884 7 891 14 F: 2 2 3 
891 12 915 2 F: 6 6 
907 4 923 7 F: 4 
920 2 928 37 F: 2 
926 11 948 22 F: 5 6 
930 7 937 66 F: 5 2 
936 8 968 62 F: 2 6 
940 12 952 8 F: 12 
950 11 972 32 F: 11 
971 10 981 18 F: 4 3 3 
982 10 1002 21 F: 10 
992 8 1024 1 F: 8 
D: 1 60 
D: 5 48 
D: 10 60 
D: 26 93 
D: 31 38 
D: 41 72 
D: 42 72 
D: 58 65 
D: 76 82 
D: 80 95 
