9 9 18 54 F: 5 2 2 
12 7 26 9 F: 7 
15 5 30 25 F: 2 3 
28 10 58 59 F: 10 
56 6 80 26 F: 2 3 1 
56 7 77 31 F: 2 4 1 
56 8 64 44 F: 3 2 3 
57 7 85 78 F: 4 2 1 
70 10 80 2 F: 4 2 4 
77 8 109 134 F: 2 3 3 
102 13 115 73 F: 13 
112 7 133 81 F: 3 2 2 
117 10 137 98 F: 10 
122 4 134 112 F: 4 
131 6 155 73 F: 2 1 3 
132 4 144 116 F: 4 
132 10 162 121 F: 10 
140 4 156 70 F: 3 1 
175 6 193 59 F: 5 1 
186 5 206 100 F: 2 2 1 
212 12 224 11 F: 4 4 4 
224 7 245 118 F: 7 
233 12 281 47 F: 12 
234 4 246 71 F: 3 1 
259 5 269 64 F: 4 1 
277 7 298 99 F: 7 
283 4 299 97 F: 4 
287 13 339 133 F: 13 
289 2 297 63 F: 2 
291 10 311 134 F: 4 6 
319 10 359 20 F: 6 4 
320 11 342 53 F: 5 4 2 
340 9 349 42 F: 3 4 2 
344 13 370 138 F: 5 4 4 
354 7 361 59 F: 5 2 
355 8 379 68 F: 3 5 
377 8 409 126 F: 5 3 
380 10 420 97 F: 3 4 3 
380 13 393 106 F: 13 
383 10 403 87 F: 10 
417 13 430 2 F: 13 
419 10 439 113 F: 5 3 2 
421 9 457 23 F: 4 5 
442 9 469 28 F: 7 2 
450 8 482 58 F: 3 1 4 
460 10 490 49 F: 10 
462 13 514 107 F: 13 
469 9 478 101 F: 2 3 4 
480 5 485 29 F: 2 3 
480 11 491 60 F: 11 
502 9 511 73 F: 5 4 
509 13 548 10 F: 13 
515 9 542 74 F: 6 3 
545 2 551 123 F: 2 
564 8 596 96 F: 3 2 3 
570 6 582 69 F: 3 1 2 
590 10 600 26 F: 5 5 
597 9 606 83 F: 2 3 4 
598 11 609 33 F: 11 
598 11 642 76 F: 11 
601 13 627 89 F: 5 4 4 
615 13 641 101 F: 13 
618 10 628 144 F: 6 4 
619 13 645 2 F: 13 
625 11 636 31 F: 4 3 4 
633 7 661 103 F: 3 1 3 
641 8 673 113 F: 4 1 3 
656 5 676 87 F: 4 1 
685 8 693 88 F: 4 2 2 
695 4 703 70 F: 4 
711 10 751 37 F: 10 
714 5 719 104 F: 2 2 1 
726 6 738 150 F: 2 3 1 
738 6 750 148 F: 2 1 3 
754 3 760 77 F: 3 
761 11 794 133 F: 6 5 
778 6 796 87 F: 2 2 2 
780 12 816 91 F: 12 
781 3 793 113 F: 2 1 
781 12 829 9 F: 7 5 
804 9 813 75 F: 9 
818 9 827 65 F: 3 2 4 
822 9 840 69 F: 4 2 3 
838 6 844 150 F: 2 4 
862 10 892 41 F: 10 
864 10 884 2 F: 6 4 
866 8 882 53 F: 6 2 
872 8 904 116 F: 4 3 1 
875 5 895 87 F: 4 1 
891 8 899 105 F: 3 4 1 
904 4 920 144 F: 4 
904 7 925 41 F: 3 2 2 
910 8 918 40 F: 2 2 4 
911 8 943 99 F: 8 
921 4 925 53 F: 2 2 
927 7 941 138 F: 5 2 
937 5 952 26 F: 5 
940 9 967 141 F: 4 3 2 
955 9 964 100 F: 9 
992 8 1024 116 F: 3 3 2 
1007 9 1025 105 F: 5 3 1 
1020 11 1042 6 F: 7 4 
1039 12 1063 36 F: 5 3 4 
1056 13 1069 47 F: 13 
1061 9 1097 96 F: 4 1 4 
1062 4 1066 90 F: 4 
1076 5 1086 92 F: 5 
1083 8 1115 52 F: 8 
1088 10 1118 90 F: 4 4 2 
1099 5 1119 4 F: 5 
1101 4 1117 46 F: 4 
1104 7 1118 146 F: 2 5 
1107 5 1117 122 F: 2 2 1 
1121 8 1145 71 F: 5 3 
1130 7 1151 93 F: 5 1 1 
1141 10 1161 129 F: 7 3 
1149 11 1171 94 F: 4 4 3 
1163 10 1203 77 F: 4 6 
1187 4 1203 21 F: 4 
1189 5 1209 24 F: 5 
1201 12 1249 129 F: 12 
1211 4 1219 20 F: 3 1 
1239 10 1259 123 F: 5 3 2 
1243 9 1279 21 F: 9 
1249 5 1259 23 F: 2 3 
1271 9 1289 114 F: 5 2 2 
1272 10 1312 66 F: 10 
1279 3 1282 63 F: 2 1 
1284 11 1306 11 F: 6 5 
1298 10 1308 100 F: 6 4 
1320 6 1338 42 F: 3 3 
1332 11 1365 82 F: 6 5 
1352 12 1376 124 F: 5 4 3 
1357 5 1362 28 F: 2 3 
1361 8 1377 20 F: 3 1 4 
1362 2 1366 14 F: 2 
1368 8 1376 142 F: 5 1 2 
1370 8 1378 44 F: 3 3 2 
1380 10 1390 26 F: 6 4 
1397 8 1421 106 F: 2 2 4 
1412 11 1423 21 F: 5 6 
1423 8 1439 82 F: 2 6 
1425 5 1445 37 F: 5 
1426 8 1434 50 F: 3 1 4 
1426 10 1466 8 F: 6 4 
1428 7 1442 33 F: 7 
1438 9 1456 123 F: 3 3 3 
1446 10 1476 77 F: 5 4 1 
1471 10 1511 150 F: 5 4 1 
1479 12 1503 145 F: 12 
D: 5 90 
D: 5 116 
D: 9 120 
D: 12 90 
D: 12 142 
D: 13 27 
D: 22 130 
D: 39 119 
D: 46 75 
D: 53 135 
D: 63 127 
D: 63 136 
D: 82 102 
D: 96 100 
D: 101 102 
