2 8 10 95 F: 4 4 
6 10 16 78 F: 6 4 
10 5 15 16 F: 3 2 
20 6 44 6 F: 6 
26 8 34 94 F: 8 
55 11 99 67 F: 5 6 
79 5 89 69 F: 5 
82 7 103 94 F: 7 
96 8 104 80 F: 8 
99 12 147 23 F: 4 4 4 
102 10 112 82 F: 10 
119 8 127 11 F: 4 2 2 
119 8 143 20 F: 2 6 
132 6 156 47 F: 6 
142 3 148 10 F: 3 
162 11 206 82 F: 11 
170 5 185 50 F: 4 1 
188 2 190 40 F: 2 
192 7 199 44 F: 3 4 
195 13 247 56 F: 13 
206 8 230 80 F: 2 4 2 
209 11 253 99 F: 7 4 
226 11 248 29 F: 11 
231 10 261 87 F: 7 3 
248 5 253 14 F: 4 1 
250 12 274 76 F: 12 
254 8 270 71 F: 3 4 1 
273 11 306 26 F: 11 
281 11 303 46 F: 4 4 3 
290 12 314 95 F: 12 
312 6 324 90 F: 2 4 
312 7 326 40 F: 7 
357 5 362 79 F: 4 1 
359 3 368 98 F: 3 
363 5 368 25 F: 2 3 
366 11 388 48 F: 5 3 3 
370 9 397 32 F: 9 
383 8 415 48 F: 4 4 
392 3 404 78 F: 3 
392 7 413 45 F: 4 3 
402 9 438 76 F: 6 3 
404 6 428 96 F: 6 
419 8 427 88 F: 8 
422 13 474 84 F: 13 
437 10 457 78 F: 2 4 4 
451 13 503 16 F: 13 
452 12 488 22 F: 4 4 4 
464 4 468 3 F: 3 1 
473 9 509 62 F: 6 3 
488 13 501 35 F: 13 
500 8 516 75 F: 6 2 
503 12 539 52 F: 6 6 
512 13 538 11 F: 7 6 
528 12 552 37 F: 12 
536 8 552 9 F: 7 1 
541 8 557 6 F: 3 4 1 
553 6 559 88 F: 2 1 3 
562 5 567 37 F: 5 
575 8 599 66 F: 4 1 3 
591 9 609 39 F: 7 2 
604 10 624 23 F: 7 3 
615 2 617 99 F: 2 
628 3 640 22 F: 3 
635 2 641 78 F: 2 
639 9 657 17 F: 4 1 4 
652 3 655 49 F: 3 
652 12 664 35 F: 4 4 4 
657 10 687 70 F: 10 
671 7 685 52 F: 7 
698 9 734 100 F: 9 
700 8 708 57 F: 4 2 2 
705 12 717 59 F: 12 
710 9 746 24 F: 5 4 
714 6 732 48 F: 3 1 2 
770 8 786 13 F: 8 
773 2 777 34 F: 2 
782 5 792 14 F: 5 
783 4 795 92 F: 4 
786 10 816 2 F: 10 
797 7 825 54 F: 4 1 2 
811 5 816 30 F: 2 3 
816 6 828 79 F: 6 
822 6 828 98 F: 3 2 1 
856 10 876 38 F: 7 3 
858 7 886 63 F: 7 
863 7 891 68 F: 2 5 
870 9 888 86 F: 4 4 1 
875 11 897 71 F: 5 6 
876 11 887 98 F: 11 
898 10 938 86 F: 5 5 
901 10 911 12 F: 7 3 
911 5 921 61 F: 4 1 
934 12 958 17 F: 6 6 
937 9 955 59 F: 9 
937 10 957 5 F: 2 4 4 
950 11 994 30 F: 6 5 
973 13 999 7 F: 7 6 
977 9 1013 8 F: 2 4 3 
998 11 1020 45 F: 4 3 4 
999 5 1004 31 F: 5 
D: 26 47 
D: 27 98 
D: 31 82 
D: 31 87 
D: 33 93 
D: 34 56 
D: 37 85 
D: 38 46 
D: 51 91 
D: 56 68 
