8 9 26 37 F: 6 3 
9 9 27 137 F: 9 
40 10 60 100 F: 5 3 2 
56 9 74 76 F: 4 1 4 
60 9 96 46 F: 9 
63 4 71 141 F: 4 
64 10 84 149 F: 4 6 
69 8 101 101 F: 7 1 
71 12 95 19 F: 5 3 4 
99 11 143 19 F: 7 4 
104 10 124 90 F: 4 6 
116 7 123 148 F: 2 4 1 
127 12 151 30 F: 6 6 
133 9 151 79 F: 4 2 3 
144 8 168 94 F: 2 6 
147 3 159 1 F: 2 1 
161 4 173 74 F: 2 2 
168 9 204 149 F: 4 3 2 
179 8 187 127 F: 2 2 4 
198 11 242 103 F: 11 
215 7 229 68 F: 4 2 1 
222 4 238 49 F: 4 
224 5 244 121 F: 2 3 
228 10 258 87 F: 5 3 2 
240 5 245 67 F: 5 
253 4 257 14 F: 4 
266 6 272 84 F: 2 2 2 
266 9 302 20 F: 6 3 
296 8 320 99 F: 8 
297 6 315 104 F: 3 1 2 
315 12 339 85 F: 12 
320 5 340 125 F: 4 1 
320 13 346 11 F: 13 
326 7 340 129 F: 4 3 
330 11 363 8 F: 6 5 
330 11 363 29 F: 6 5 
359 7 366 143 F: 2 1 4 
367 9 394 32 F: 3 3 3 
371 6 383 68 F: 3 3 
391 4 407 22 F: 4 
400 7 407 13 F: 2 5 
408 5 423 49 F: 4 1 
410 7 424 44 F: 3 4 
430 6 436 37 F: 6 
430 11 441 108 F: 5 4 2 
436 7 443 143 F: 4 3 
460 10 500 123 F: 4 6 
464 5 469 86 F: 3 2 
477 10 497 57 F: 7 3 
490 7 518 20 F: 4 3 
512 7 519 48 F: 4 3 
521 8 545 63 F: 2 2 4 
524 5 534 5 F: 5 
525 4 529 58 F: 4 
535 8 567 5 F: 6 2 
543 7 557 73 F: 3 1 3 
554 12 590 46 F: 12 
557 10 597 40 F: 6 4 
585 13 611 125 F: 7 6 
597 13 636 134 F: 13 
612 5 627 38 F: 5 
625 3 631 147 F: 3 
625 11 636 133 F: 4 3 4 
629 6 641 79 F: 2 1 3 
636 8 660 98 F: 3 2 3 
641 9 650 14 F: 3 4 2 
649 12 661 124 F: 12 
650 9 659 144 F: 4 2 3 
664 7 671 21 F: 3 3 1 
689 9 716 104 F: 9 
705 11 716 94 F: 11 
727 8 743 64 F: 5 3 
735 9 771 18 F: 3 6 
739 6 757 52 F: 4 2 
740 11 762 122 F: 4 3 4 
750 11 794 144 F: 6 5 
775 7 789 28 F: 7 
783 9 792 141 F: 4 4 1 
788 2 790 62 F: 2 
792 11 825 102 F: 7 4 
802 8 834 56 F: 4 1 3 
803 7 817 80 F: 2 2 3 
803 10 813 60 F: 5 4 1 
805 5 825 36 F: 3 2 
809 8 841 53 F: 3 1 4 
821 7 849 148 F: 3 4 
846 7 853 84 F: 4 1 2 
852 11 874 34 F: 11 
864 3 873 122 F: 2 1 
887 8 911 30 F: 8 
903 7 917 128 F: 5 2 
932 6 950 13 F: 2 4 
940 11 962 110 F: 6 5 
943 11 954 24 F: 6 5 
944 11 988 105 F: 5 6 
952 6 970 85 F: 5 1 
955 7 962 81 F: 3 4 
959 10 999 98 F: 7 3 
972 6 996 2 F: 6 
983 12 1031 97 F: 12 
1020 7 1041 88 F: 3 1 3 
1021 6 1027 107 F: 3 2 1 
1021 10 1041 18 F: 10 
1044 7 1051 88 F: 2 4 1 
1070 8 1094 18 F: 3 2 3 
1072 7 1100 107 F: 4 1 2 
1075 7 1096 95 F: 4 1 2 
1079 8 1111 12 F: 4 2 2 
1079 9 1115 110 F: 4 3 2 
1085 10 1115 50 F: 10 
1102 13 1128 29 F: 13 
1117 5 1122 49 F: 2 2 1 
1119 11 1163 66 F: 5 6 
1150 10 1190 138 F: 4 6 
1153 7 1174 25 F: 2 5 
1153 10 1183 144 F: 3 4 3 
1157 11 1190 136 F: 6 5 
1172 2 1180 109 F: 2 
1184 4 1196 101 F: 2 2 
1198 2 1206 107 F: 2 
1201 12 1213 106 F: 5 4 3 
1218 11 1240 79 F: 4 4 3 
1223 7 1244 6 F: 7 
1230 7 1258 42 F: 2 5 
1233 12 1257 16 F: 12 
1236 7 1250 105 F: 2 1 4 
1259 9 1268 73 F: 4 4 1 
1261 8 1277 78 F: 6 2 
1263 7 1277 120 F: 7 
1269 8 1301 4 F: 2 2 4 
1305 6 1323 67 F: 6 
1315 10 1345 85 F: 5 3 2 
1316 8 1324 69 F: 8 
1332 6 1356 8 F: 6 
1350 8 1382 45 F: 3 5 
1350 9 1368 26 F: 9 
1355 9 1364 47 F: 6 3 
1359 7 1366 62 F: 3 1 3 
1365 11 1376 114 F: 5 3 3 
1377 2 1381 66 F: 2 
1402 4 1406 8 F: 2 2 
1409 11 1431 40 F: 6 5 
1421 6 1427 132 F: 3 2 1 
1433 9 1460 113 F: 3 4 2 
1441 8 1473 137 F: 2 3 3 
1452 11 1485 58 F: 6 5 
1461 6 1485 131 F: 4 1 1 
1464 7 1478 103 F: 7 
1476 4 1480 125 F: 2 2 
1490 7 1518 86 F: 7 
D: 9 22 
D: 9 36 
D: 11 137 
D: 18 108 
D: 24 35 
D: 25 82 
D: 30 118 
D: 34 81 
D: 37 60 
D: 39 59 
D: 42 119 
D: 53 110 
D: 58 74 
D: 69 98 
D: 74 77 
