21 6 33 17 F: 6 
42 2 46 12 F: 2 
46 2 48 18 F: 2 
47 12 95 77 F: 12 
49 3 58 44 F: 2 1 
72 6 90 43 F: 6 
72 10 112 12 F: 10 
84 7 98 59 F: 5 1 1 
91 6 103 97 F: 6 
95 5 115 41 F: 2 2 1 
100 5 115 9 F: 2 2 1 
112 7 133 99 F: 3 2 2 
134 9 161 71 F: 9 
147 9 156 9 F: 7 2 
153 8 169 44 F: 3 3 2 
157 5 162 14 F: 2 2 1 
162 8 170 26 F: 3 5 
165 7 193 52 F: 7 
170 11 203 5 F: 11 
173 4 185 4 F: 4 
208 10 248 98 F: 2 4 4 
216 11 238 46 F: 11 
220 6 238 65 F: 5 1 
221 8 245 15 F: 8 
227 5 237 44 F: 5 
234 10 244 84 F: 10 
239 10 269 5 F: 10 
265 6 271 45 F: 3 3 
291 8 315 58 F: 4 4 
296 6 314 85 F: 6 
303 12 315 85 F: 12 
304 10 324 61 F: 5 1 4 
342 10 382 8 F: 5 4 1 
345 6 363 10 F: 3 3 
346 10 376 66 F: 5 2 3 
354 3 360 87 F: 3 
354 6 378 98 F: 3 3 
356 10 366 18 F: 7 3 
375 6 393 29 F: 3 2 1 
390 5 405 17 F: 5 
400 12 436 26 F: 5 4 3 
418 9 436 8 F: 9 
419 7 433 57 F: 6 1 
421 7 435 29 F: 4 1 2 
429 11 473 20 F: 11 
443 10 463 10 F: 3 3 4 
462 11 484 85 F: 5 2 4 
465 12 513 45 F: 5 3 4 
468 9 477 82 F: 3 3 3 
496 7 517 80 F: 7 
508 10 538 52 F: 6 4 
509 6 527 82 F: 2 1 3 
515 12 551 80 F: 5 4 3 
529 11 573 80 F: 7 4 
529 12 541 89 F: 5 3 4 
550 5 555 64 F: 2 3 
564 4 576 88 F: 4 
575 11 597 81 F: 11 
584 2 592 25 F: 2 
597 7 618 25 F: 5 2 
600 7 628 89 F: 3 4 
620 9 656 88 F: 6 3 
627 8 659 23 F: 2 6 
628 10 668 41 F: 10 
642 9 669 64 F: 9 
660 10 680 63 F: 10 
661 10 701 94 F: 2 4 4 
669 6 693 20 F: 2 2 2 
677 9 713 16 F: 6 3 
682 10 722 59 F: 3 3 4 
716 8 724 85 F: 7 1 
728 7 742 8 F: 3 2 2 
732 5 752 58 F: 4 1 
733 7 761 62 F: 7 
737 8 769 93 F: 2 3 3 
737 10 757 43 F: 5 5 
738 13 751 27 F: 13 
767 8 799 55 F: 4 2 2 
775 5 790 83 F: 5 
779 12 815 59 F: 6 6 
833 5 843 29 F: 5 
839 8 863 29 F: 4 3 1 
841 2 847 88 F: 2 
845 8 853 55 F: 8 
847 7 875 23 F: 7 
866 5 876 20 F: 5 
894 7 915 9 F: 4 3 
895 9 922 90 F: 5 2 2 
897 10 927 74 F: 5 2 3 
898 8 930 77 F: 3 4 1 
906 9 924 62 F: 5 4 
909 7 916 50 F: 2 5 
910 9 928 45 F: 7 2 
911 4 919 6 F: 4 
914 5 929 57 F: 3 2 
917 8 949 14 F: 5 1 2 
929 6 953 65 F: 6 
941 8 973 12 F: 4 3 1 
958 8 990 55 F: 3 5 
971 10 991 38 F: 5 4 1 
D: 2 5 
D: 3 51 
D: 5 14 
D: 6 50 
D: 8 38 
D: 12 73 
D: 13 39 
D: 14 18 
D: 17 80 
D: 80 83 
