16 10 46 99 F: 5 5 
23 6 29 40 F: 4 2 
28 6 46 21 F: 6 
44 9 80 124 F: 4 4 1 
54 13 80 19 F: 13 
55 8 79 88 F: 7 1 
69 7 97 141 F: 3 4 
79 6 103 22 F: 5 1 
80 12 116 56 F: 5 4 3 
97 6 121 131 F: 3 2 1 
120 7 134 88 F: 4 1 2 
120 10 150 146 F: 6 4 
132 8 156 131 F: 5 1 2 
140 9 176 138 F: 4 5 
143 2 149 54 F: 2 
157 6 163 36 F: 2 1 3 
175 2 179 47 F: 2 
178 11 222 2 F: 5 3 3 
191 10 221 136 F: 5 5 
199 7 227 136 F: 7 
202 11 213 53 F: 11 
206 10 216 63 F: 5 2 3 
214 6 226 115 F: 4 2 
224 7 238 113 F: 2 5 
229 10 249 72 F: 10 
253 7 267 71 F: 3 2 2 
270 10 290 73 F: 4 6 
276 9 294 58 F: 6 3 
281 8 289 25 F: 5 2 1 
288 2 296 96 F: 2 
316 8 324 134 F: 8 
319 6 343 81 F: 6 
325 6 337 111 F: 3 2 1 
326 9 353 71 F: 7 2 
334 5 344 103 F: 2 3 
374 11 418 103 F: 11 
390 9 426 104 F: 4 4 1 
392 11 414 68 F: 11 
394 8 402 101 F: 4 2 2 
397 7 418 149 F: 4 3 
415 4 423 45 F: 2 1 1 
426 9 435 137 F: 6 3 
428 10 458 75 F: 4 3 3 
462 4 466 93 F: 4 
468 7 496 76 F: 7 
480 11 513 6 F: 3 4 4 
484 8 516 13 F: 8 
496 5 506 31 F: 3 2 
496 8 504 17 F: 5 3 
498 10 518 40 F: 3 4 3 
506 4 522 21 F: 3 1 
512 4 524 102 F: 4 
526 7 554 102 F: 4 3 
530 8 546 101 F: 2 6 
543 6 549 20 F: 6 
568 9 604 108 F: 5 4 
569 10 599 150 F: 6 4 
579 12 627 31 F: 12 
580 11 591 63 F: 5 2 4 
588 8 604 133 F: 5 1 2 
607 9 616 26 F: 2 4 3 
614 10 644 120 F: 7 3 
623 7 651 135 F: 5 2 
632 2 638 9 F: 2 
638 10 668 57 F: 5 1 4 
650 8 674 119 F: 8 
658 7 686 6 F: 4 3 
662 8 686 124 F: 8 
674 4 678 95 F: 3 1 
682 3 691 9 F: 3 
706 6 730 133 F: 6 
706 12 754 73 F: 12 
709 10 739 145 F: 5 5 
720 8 752 68 F: 5 1 2 
736 11 769 132 F: 5 2 4 
737 6 743 83 F: 2 1 3 
750 9 759 118 F: 9 
759 4 767 15 F: 4 
772 4 776 12 F: 4 
779 9 806 58 F: 3 4 2 
803 5 808 45 F: 2 3 
816 7 837 112 F: 2 2 3 
817 9 844 47 F: 5 2 2 
835 11 868 97 F: 11 
837 12 861 101 F: 4 4 4 
868 10 888 11 F: 4 2 4 
890 11 901 149 F: 5 2 4 
891 9 900 111 F: 6 3 
897 12 933 87 F: 5 3 4 
899 9 908 29 F: 6 3 
901 8 933 87 F: 3 4 1 
927 7 955 92 F: 5 1 1 
932 13 971 7 F: 5 4 4 
937 8 945 51 F: 8 
938 2 940 58 F: 2 
948 8 972 69 F: 2 6 
959 3 971 42 F: 3 
969 8 993 91 F: 6 2 
979 11 1001 15 F: 6 5 
999 9 1026 89 F: 4 1 4 
1000 7 1028 125 F: 2 4 1 
1001 7 1029 90 F: 5 2 
1014 12 1050 29 F: 5 4 3 
1020 5 1040 105 F: 2 2 1 
1034 9 1061 148 F: 3 6 
1044 4 1056 139 F: 4 
1050 10 1060 103 F: 4 2 4 
1054 8 1070 21 F: 8 
1061 9 1079 103 F: 5 4 
1064 9 1091 80 F: 2 3 4 
1101 8 1125 126 F: 5 2 1 
1103 11 1136 74 F: 11 
1116 9 1143 30 F: 5 4 
1117 4 1129 37 F: 3 1 
1122 4 1138 95 F: 4 
1147 9 1156 36 F: 9 
1162 9 1198 68 F: 5 4 
1164 8 1180 126 F: 4 1 3 
1171 7 1185 8 F: 5 2 
1176 3 1188 21 F: 3 
1200 11 1222 55 F: 5 2 4 
1209 6 1233 55 F: 2 1 3 
1217 11 1261 37 F: 11 
1238 3 1247 1 F: 3 
1238 6 1244 83 F: 5 1 
1259 10 1289 102 F: 10 
1264 7 1292 65 F: 5 1 1 
1264 9 1273 93 F: 4 3 2 
1275 7 1282 122 F: 6 1 
1283 12 1331 71 F: 12 
1303 13 1316 45 F: 7 6 
1321 7 1349 84 F: 2 5 
1331 6 1349 33 F: 6 
1333 9 1369 43 F: 4 5 
1364 9 1382 126 F: 6 3 
1368 8 1400 24 F: 4 1 3 
1369 11 1380 86 F: 4 4 3 
1382 2 1388 97 F: 2 
1394 7 1422 106 F: 3 1 3 
1399 7 1420 32 F: 5 2 
1420 2 1428 145 F: 2 
1422 4 1430 133 F: 4 
1449 6 1473 149 F: 6 
1461 6 1485 5 F: 5 1 
1470 7 1491 136 F: 4 3 
1473 7 1494 64 F: 6 1 
1474 12 1510 81 F: 12 
1480 9 1489 76 F: 3 6 
1488 6 1500 34 F: 3 3 
1491 5 1506 9 F: 5 
D: 18 76 
D: 18 98 
D: 21 57 
D: 21 116 
D: 22 118 
D: 27 53 
D: 28 122 
D: 28 149 
D: 31 68 
D: 36 116 
D: 50 81 
D: 52 124 
D: 53 55 
D: 72 144 
D: 124 149 
