14 8 38 122 F: 5 2 1 
21 9 39 72 F: 3 6 
31 11 64 89 F: 5 4 2 
32 8 56 101 F: 5 1 2 
39 6 63 85 F: 4 2 
40 7 54 61 F: 2 1 4 
51 3 54 135 F: 3 
52 8 76 66 F: 2 4 2 
62 8 70 124 F: 3 5 
83 10 113 136 F: 4 2 4 
102 10 142 128 F: 10 
112 12 160 111 F: 12 
125 6 143 64 F: 2 4 
135 6 159 113 F: 4 1 1 
141 7 169 60 F: 2 5 
155 10 185 84 F: 3 3 4 
175 10 215 82 F: 7 3 
186 7 200 13 F: 3 2 2 
195 5 210 139 F: 2 3 
198 7 219 142 F: 4 3 
200 7 221 136 F: 2 3 2 
207 10 217 143 F: 5 3 2 
216 7 237 135 F: 2 5 
226 8 258 26 F: 2 2 4 
238 9 247 80 F: 9 
239 6 245 9 F: 6 
253 2 261 83 F: 2 
259 7 273 27 F: 5 1 1 
265 6 289 50 F: 2 2 2 
294 6 300 63 F: 3 2 1 
314 13 327 42 F: 5 4 4 
317 13 356 103 F: 5 4 4 
330 12 342 17 F: 12 
349 3 352 92 F: 2 1 
353 5 368 109 F: 5 
358 3 367 2 F: 3 
375 9 411 35 F: 3 3 3 
377 9 395 123 F: 9 
390 7 418 28 F: 2 3 2 
395 7 423 50 F: 4 2 1 
415 9 433 61 F: 9 
415 11 437 81 F: 5 2 4 
423 11 456 54 F: 4 3 4 
429 7 436 36 F: 7 
430 7 444 141 F: 7 
456 12 492 134 F: 12 
457 8 473 28 F: 3 4 1 
488 8 520 120 F: 4 1 3 
489 6 513 21 F: 4 1 1 
491 12 503 72 F: 7 5 
518 3 524 86 F: 3 
519 8 527 50 F: 4 4 
521 8 529 30 F: 5 3 
533 9 560 33 F: 4 1 4 
536 10 556 83 F: 10 
554 11 598 89 F: 5 4 2 
560 6 572 65 F: 3 3 
571 8 579 34 F: 3 1 4 
575 2 579 5 F: 2 
577 11 588 45 F: 6 5 
609 9 627 110 F: 5 4 
613 9 640 85 F: 3 6 
625 12 637 131 F: 12 
628 13 641 8 F: 7 6 
631 9 649 29 F: 3 6 
651 10 681 17 F: 3 4 3 
658 8 690 75 F: 6 2 
667 9 694 143 F: 9 
675 12 723 43 F: 6 6 
679 8 711 99 F: 4 2 2 
701 4 709 38 F: 3 1 
716 9 725 108 F: 6 3 
720 7 748 139 F: 5 2 
730 5 740 111 F: 2 3 
734 8 750 50 F: 3 2 3 
735 7 749 34 F: 2 5 
736 6 742 117 F: 4 1 1 
745 7 773 49 F: 5 2 
752 5 762 55 F: 2 2 1 
756 11 778 126 F: 6 5 
808 3 811 47 F: 3 
818 12 842 103 F: 5 4 3 
821 6 845 117 F: 2 1 3 
826 7 854 22 F: 3 1 3 
827 7 841 72 F: 2 5 
828 9 837 71 F: 3 6 
830 8 846 86 F: 8 
852 8 860 95 F: 8 
872 11 894 7 F: 5 3 3 
894 11 927 109 F: 3 4 4 
924 5 944 11 F: 3 2 
932 7 939 17 F: 4 2 1 
958 4 966 112 F: 4 
960 4 968 56 F: 4 
960 7 981 78 F: 6 1 
960 8 992 41 F: 6 2 
970 4 974 61 F: 3 1 
971 2 973 83 F: 2 
986 5 1001 30 F: 2 2 1 
989 9 1016 4 F: 5 1 3 
1003 12 1027 135 F: 12 
1009 8 1033 67 F: 8 
1010 3 1016 16 F: 3 
1019 9 1028 62 F: 4 4 1 
1051 10 1061 4 F: 3 4 3 
1059 5 1074 17 F: 5 
1067 10 1077 74 F: 3 4 3 
1075 6 1099 98 F: 5 1 
1097 4 1109 113 F: 2 2 
1097 13 1149 144 F: 7 6 
1133 3 1145 70 F: 3 
1146 11 1190 122 F: 11 
1150 13 1163 12 F: 13 
1155 13 1207 26 F: 13 
1161 12 1173 21 F: 12 
1163 8 1195 98 F: 2 3 3 
1167 9 1185 7 F: 4 4 1 
1179 6 1185 49 F: 2 4 
1186 9 1213 97 F: 3 6 
1189 2 1191 91 F: 2 
1228 7 1249 53 F: 7 
1233 4 1249 148 F: 4 
1248 8 1272 136 F: 3 1 4 
1251 9 1269 86 F: 5 1 3 
1251 12 1275 148 F: 5 4 3 
1259 13 1285 68 F: 13 
1260 10 1300 27 F: 10 
1292 8 1324 13 F: 5 2 1 
1294 9 1321 111 F: 6 3 
1297 11 1319 137 F: 5 6 
1310 11 1354 19 F: 11 
1328 5 1333 140 F: 5 
1345 8 1353 12 F: 8 
1354 8 1362 144 F: 7 1 
1369 8 1401 48 F: 3 5 
1383 5 1388 22 F: 3 2 
1387 7 1394 76 F: 3 2 2 
1391 2 1393 147 F: 2 
1392 12 1404 108 F: 6 6 
1396 5 1411 98 F: 5 
1405 7 1412 113 F: 4 1 2 
1408 7 1436 2 F: 4 3 
1446 10 1476 4 F: 10 
1451 10 1481 94 F: 7 3 
1468 4 1472 53 F: 4 
1476 9 1503 57 F: 4 5 
1486 8 1518 13 F: 3 5 
1488 6 1506 29 F: 2 2 2 
1494 8 1526 50 F: 3 1 4 
1495 3 1501 136 F: 3 
D: 2 128 
D: 18 143 
D: 19 138 
D: 23 24 
D: 38 125 
D: 42 148 
D: 49 115 
D: 61 77 
D: 78 134 
D: 80 116 
D: 85 97 
D: 87 96 
D: 100 132 
D: 102 142 
D: 115 122 
