16 7 23 52 F: 7 
22 4 34 74 F: 4 
22 9 40 67 F: 3 6 
42 8 66 27 F: 2 6 
47 13 86 71 F: 5 4 4 
53 7 81 73 F: 2 2 3 
55 11 99 24 F: 11 
69 6 75 85 F: 2 1 3 
71 5 86 83 F: 5 
99 10 129 52 F: 3 4 3 
101 9 119 46 F: 9 
103 6 127 27 F: 2 1 3 
111 12 147 68 F: 12 
112 4 128 2 F: 2 1 1 
144 9 180 26 F: 2 3 4 
161 8 193 1 F: 3 2 3 
176 5 196 8 F: 5 
182 9 209 93 F: 4 5 
197 7 225 85 F: 3 1 3 
199 8 223 59 F: 3 1 4 
210 8 234 21 F: 4 3 1 
221 8 245 48 F: 3 1 4 
230 12 242 30 F: 5 4 3 
262 6 280 53 F: 4 2 
269 4 273 91 F: 4 
279 7 307 43 F: 7 
279 11 323 23 F: 11 
282 10 312 79 F: 4 2 4 
290 7 311 51 F: 4 1 2 
294 6 300 99 F: 4 2 
307 5 317 3 F: 4 1 
317 9 326 35 F: 3 6 
318 11 329 15 F: 6 5 
322 10 342 79 F: 10 
322 12 334 79 F: 5 3 4 
323 8 347 46 F: 6 2 
340 11 384 58 F: 11 
375 9 384 48 F: 2 4 3 
381 9 417 33 F: 4 3 2 
393 12 405 97 F: 6 6 
413 3 416 69 F: 2 1 
414 9 423 66 F: 4 3 2 
418 9 445 25 F: 3 6 
462 5 472 91 F: 2 3 
468 7 475 33 F: 5 2 
482 9 500 100 F: 3 6 
483 5 488 28 F: 5 
483 8 515 45 F: 5 3 
483 9 501 23 F: 5 3 1 
495 10 515 26 F: 3 3 4 
511 6 523 64 F: 3 2 1 
512 8 536 69 F: 4 4 
518 10 528 12 F: 2 4 4 
522 10 532 83 F: 4 2 4 
538 7 545 35 F: 2 3 2 
543 13 582 58 F: 5 4 4 
546 13 572 67 F: 5 4 4 
553 4 561 35 F: 4 
590 5 610 40 F: 3 2 
598 11 631 97 F: 4 3 4 
612 10 642 74 F: 5 5 
643 8 675 16 F: 2 6 
651 4 655 1 F: 4 
653 13 679 29 F: 7 6 
662 10 682 59 F: 5 2 3 
671 7 692 13 F: 4 2 1 
678 11 711 18 F: 5 2 4 
684 4 696 30 F: 2 2 
687 10 717 5 F: 2 4 4 
696 5 711 73 F: 4 1 
708 6 732 61 F: 6 
718 9 754 20 F: 7 2 
724 12 748 9 F: 12 
729 8 753 22 F: 8 
747 11 758 78 F: 3 4 4 
753 11 786 64 F: 7 4 
759 9 768 28 F: 2 4 3 
770 8 778 19 F: 8 
787 6 811 10 F: 4 2 
787 11 798 59 F: 6 5 
826 10 836 13 F: 4 4 2 
828 10 868 43 F: 3 4 3 
840 4 844 12 F: 4 
842 8 858 23 F: 5 3 
859 7 880 57 F: 2 4 1 
869 7 883 11 F: 4 3 
873 8 889 52 F: 8 
877 10 907 3 F: 5 5 
878 8 910 82 F: 5 3 
893 6 911 92 F: 5 1 
907 11 940 50 F: 11 
913 2 921 4 F: 2 
923 13 962 98 F: 13 
937 8 953 62 F: 3 4 1 
959 9 968 70 F: 2 4 3 
960 10 980 55 F: 5 1 4 
965 9 983 60 F: 3 2 4 
995 7 1002 79 F: 2 3 2 
998 3 1004 2 F: 3 
998 6 1004 24 F: 2 4 
D: 7 61 
D: 14 91 
D: 20 49 
D: 26 32 
D: 28 91 
D: 33 85 
D: 37 93 
D: 38 61 
D: 43 98 
D: 71 89 
