6 9 15 114 F: 9 
7 2 13 137 F: 2 
23 8 39 48 F: 5 2 1 
40 10 80 90 F: 10 
43 5 48 51 F: 2 3 
50 6 74 99 F: 6 
52 7 66 11 F: 7 
56 12 104 12 F: 12 
57 6 81 113 F: 6 
93 3 105 100 F: 3 
107 7 128 135 F: 6 1 
111 8 143 93 F: 8 
123 11 134 72 F: 11 
141 9 177 77 F: 2 4 3 
157 11 179 131 F: 4 3 4 
158 10 178 83 F: 10 
160 9 196 87 F: 9 
164 4 168 131 F: 4 
176 6 194 80 F: 2 4 
192 9 219 39 F: 3 4 2 
215 8 247 131 F: 2 2 4 
231 10 241 54 F: 6 4 
247 12 271 75 F: 5 3 4 
254 3 257 35 F: 3 
256 9 283 37 F: 9 
262 4 266 88 F: 4 
264 7 278 91 F: 5 2 
267 10 277 56 F: 7 3 
273 2 281 111 F: 2 
290 7 297 131 F: 3 1 3 
301 6 307 132 F: 4 2 
302 8 318 36 F: 7 1 
305 10 325 80 F: 3 4 3 
314 2 322 130 F: 2 
316 7 330 137 F: 3 4 
317 7 331 113 F: 2 4 1 
323 12 359 13 F: 4 4 4 
332 8 356 73 F: 3 4 1 
367 4 383 25 F: 4 
393 11 415 50 F: 11 
407 3 413 8 F: 3 
407 10 417 119 F: 5 1 4 
431 6 449 88 F: 5 1 
435 10 475 141 F: 10 
465 12 489 62 F: 12 
469 6 481 144 F: 3 1 2 
474 8 490 15 F: 3 4 1 
476 13 515 114 F: 13 
477 6 489 110 F: 6 
481 11 514 150 F: 5 6 
503 9 539 143 F: 2 3 4 
541 9 568 10 F: 9 
545 9 563 26 F: 5 3 1 
546 8 562 133 F: 4 4 
546 13 559 84 F: 13 
568 11 579 144 F: 11 
572 9 608 75 F: 3 2 4 
572 11 594 93 F: 11 
575 7 603 83 F: 3 3 1 
584 9 593 46 F: 5 2 2 
607 9 643 9 F: 4 5 
610 3 622 47 F: 3 
614 8 622 64 F: 8 
618 9 627 119 F: 9 
621 8 629 82 F: 2 6 
664 8 672 108 F: 4 1 3 
678 7 692 23 F: 6 1 
680 6 698 89 F: 2 2 2 
685 3 694 71 F: 3 
698 8 722 61 F: 2 6 
705 3 708 145 F: 2 1 
726 5 746 58 F: 2 1 2 
727 10 757 71 F: 10 
758 13 784 126 F: 13 
773 11 817 64 F: 4 4 3 
776 11 787 145 F: 5 3 3 
778 7 806 34 F: 3 3 1 
788 8 812 134 F: 2 3 3 
789 13 828 87 F: 13 
795 9 804 63 F: 5 1 3 
801 6 813 150 F: 3 2 1 
806 9 815 61 F: 9 
821 9 839 16 F: 6 3 
827 8 851 64 F: 8 
830 11 852 15 F: 3 4 4 
847 5 852 129 F: 2 3 
855 12 879 150 F: 12 
885 11 929 145 F: 7 4 
888 8 896 128 F: 3 2 3 
889 9 907 79 F: 3 6 
900 12 936 27 F: 12 
921 5 931 56 F: 5 
938 12 962 28 F: 7 5 
958 9 994 19 F: 3 3 3 
960 8 976 101 F: 6 2 
971 10 981 44 F: 5 2 3 
972 10 982 12 F: 10 
974 10 984 94 F: 3 4 3 
975 7 989 99 F: 6 1 
997 7 1011 45 F: 5 1 1 
1023 10 1033 149 F: 5 3 2 
1028 10 1058 58 F: 10 
1040 8 1056 13 F: 6 2 
1043 8 1067 8 F: 6 2 
1050 11 1094 112 F: 11 
1057 12 1081 109 F: 7 5 
1076 10 1116 70 F: 10 
1076 11 1098 146 F: 4 4 3 
1078 13 1091 28 F: 13 
1096 9 1123 6 F: 3 3 3 
1104 10 1134 136 F: 10 
1106 8 1122 7 F: 3 5 
1107 12 1155 32 F: 12 
1139 9 1148 4 F: 4 1 4 
1151 4 1163 43 F: 4 
1151 13 1177 145 F: 7 6 
1177 10 1217 6 F: 4 6 
1183 5 1198 90 F: 4 1 
1183 7 1211 26 F: 3 4 
1186 12 1222 67 F: 7 5 
1201 8 1225 135 F: 3 5 
1205 9 1232 9 F: 4 5 
1219 10 1259 72 F: 4 3 3 
1220 6 1244 23 F: 6 
1236 8 1244 115 F: 7 1 
1251 13 1277 128 F: 5 4 4 
1280 6 1292 138 F: 5 1 
1283 8 1299 104 F: 7 1 
1284 9 1293 16 F: 5 2 2 
1292 9 1310 30 F: 3 2 4 
1301 9 1319 52 F: 4 1 4 
1305 7 1326 47 F: 2 3 2 
1313 8 1345 48 F: 8 
1325 9 1352 55 F: 5 3 1 
1351 5 1361 112 F: 4 1 
1364 7 1371 38 F: 6 1 
1364 10 1384 56 F: 3 3 4 
1367 8 1399 74 F: 4 3 1 
1369 3 1375 38 F: 3 
1375 2 1377 56 F: 2 
1403 12 1439 133 F: 12 
1409 8 1417 43 F: 2 2 4 
1433 6 1451 78 F: 3 3 
1441 9 1477 78 F: 9 
1456 9 1474 84 F: 9 
1460 8 1476 93 F: 8 
1462 5 1467 147 F: 5 
1471 11 1493 86 F: 5 2 4 
1474 13 1500 114 F: 13 
1499 8 1523 39 F: 8 
D: 4 46 
D: 12 50 
D: 21 62 
D: 28 115 
D: 31 66 
D: 46 73 
D: 46 137 
D: 60 123 
D: 63 115 
D: 69 77 
D: 90 137 
D: 98 97 
D: 101 123 
D: 114 122 
D: 131 138 
