6 3 15 49 F: 2 1 
6 8 38 70 F: 4 2 2 
18 10 38 27 F: 4 2 4 
24 3 33 68 F: 3 
41 11 63 64 F: 6 5 
57 2 59 95 F: 2 
63 10 93 80 F: 10 
65 8 73 95 F: 8 
71 6 83 77 F: 2 1 3 
95 9 131 16 F: 3 3 3 
104 8 112 44 F: 3 2 3 
120 11 153 40 F: 5 4 2 
126 10 166 13 F: 10 
134 6 140 70 F: 4 2 
136 10 176 35 F: 4 4 2 
160 5 165 2 F: 4 1 
171 9 180 55 F: 5 2 2 
187 11 209 43 F: 7 4 
193 8 201 39 F: 3 2 3 
195 8 227 7 F: 8 
204 3 210 83 F: 3 
214 4 230 9 F: 3 1 
216 7 244 95 F: 6 1 
245 5 250 55 F: 3 2 
250 8 274 38 F: 4 4 
258 6 270 89 F: 6 
262 5 277 50 F: 5 
282 7 310 1 F: 5 2 
294 11 316 62 F: 11 
299 7 313 24 F: 2 2 3 
323 9 350 63 F: 4 4 1 
337 11 370 22 F: 5 2 4 
349 11 371 61 F: 5 2 4 
364 7 371 65 F: 3 4 
369 9 396 100 F: 4 4 1 
373 9 409 9 F: 4 5 
375 8 399 28 F: 3 1 4 
383 6 407 66 F: 6 
384 11 417 91 F: 5 3 3 
395 13 408 29 F: 13 
406 12 430 2 F: 4 4 4 
408 9 435 88 F: 5 2 2 
409 11 420 54 F: 11 
414 8 438 5 F: 4 4 
425 9 452 97 F: 5 2 2 
440 9 449 35 F: 7 2 
447 11 469 12 F: 11 
486 8 494 72 F: 3 2 3 
489 13 541 9 F: 7 6 
490 9 508 74 F: 4 1 4 
500 8 516 35 F: 5 1 2 
501 2 507 32 F: 2 
526 6 550 5 F: 6 
538 11 571 9 F: 6 5 
560 6 566 51 F: 2 4 
568 7 582 29 F: 3 4 
568 9 604 72 F: 9 
571 10 591 14 F: 3 4 3 
592 6 604 47 F: 3 2 1 
597 10 637 20 F: 4 4 2 
616 8 648 68 F: 2 6 
619 5 624 85 F: 2 1 2 
631 10 671 63 F: 7 3 
635 11 646 29 F: 6 5 
637 7 665 58 F: 4 3 
648 12 672 92 F: 6 6 
652 11 685 43 F: 7 4 
663 7 684 73 F: 4 3 
678 13 691 46 F: 5 4 4 
683 10 693 65 F: 5 3 2 
709 9 718 98 F: 4 5 
715 6 727 56 F: 2 2 2 
715 7 729 32 F: 6 1 
725 5 730 70 F: 5 
725 6 731 92 F: 6 
735 8 751 71 F: 2 3 3 
747 5 752 42 F: 4 1 
748 7 769 73 F: 3 2 2 
756 7 763 97 F: 4 3 
795 3 804 70 F: 3 
800 11 822 93 F: 11 
802 7 816 87 F: 6 1 
824 3 836 39 F: 3 
838 9 874 38 F: 9 
863 8 871 50 F: 8 
867 4 879 5 F: 3 1 
874 10 914 87 F: 4 6 
877 7 905 21 F: 3 4 
890 11 912 67 F: 6 5 
896 11 918 97 F: 11 
903 9 912 26 F: 2 4 3 
905 8 929 87 F: 3 5 
934 4 942 35 F: 4 
942 4 958 1 F: 4 
956 7 977 79 F: 4 2 1 
958 8 982 2 F: 8 
964 7 985 23 F: 5 1 1 
969 9 978 44 F: 4 3 2 
985 7 992 93 F: 2 5 
992 7 999 89 F: 3 2 2 
D: 1 69 
D: 2 80 
D: 7 85 
D: 14 30 
D: 16 82 
D: 20 33 
D: 34 52 
D: 42 73 
D: 51 63 
D: 55 77 
