1 13 40 79 F: 13 
5 9 14 30 F: 4 5 
11 3 14 44 F: 3 
28 10 48 96 F: 4 2 4 
29 7 36 89 F: 2 1 4 
33 9 60 11 F: 2 4 3 
60 11 82 27 F: 11 
74 6 80 49 F: 3 3 
82 10 102 43 F: 10 
87 5 92 68 F: 5 
107 7 114 98 F: 7 
128 9 137 85 F: 5 1 3 
143 12 179 59 F: 12 
144 11 177 73 F: 5 6 
145 13 158 83 F: 13 
147 12 183 22 F: 6 6 
150 13 176 80 F: 13 
171 10 211 79 F: 7 3 
188 10 218 11 F: 6 4 
189 10 229 70 F: 5 5 
208 4 224 70 F: 3 1 
217 5 232 91 F: 5 
224 13 263 43 F: 5 4 4 
226 13 278 89 F: 13 
238 6 250 71 F: 6 
243 10 283 99 F: 4 4 2 
250 9 259 28 F: 3 4 2 
260 8 268 58 F: 2 6 
273 8 305 85 F: 8 
295 8 327 68 F: 3 3 2 
307 13 333 29 F: 13 
316 11 360 26 F: 4 3 4 
324 9 351 47 F: 4 4 1 
338 6 362 67 F: 2 4 
338 8 346 73 F: 7 1 
345 5 365 48 F: 5 
349 9 385 24 F: 9 
377 5 382 9 F: 5 
392 5 412 95 F: 5 
394 11 416 50 F: 6 5 
408 9 435 53 F: 5 1 3 
414 7 435 5 F: 7 
419 11 452 86 F: 3 4 4 
429 4 433 50 F: 4 
433 7 454 47 F: 2 5 
433 11 477 68 F: 6 5 
464 7 478 58 F: 5 2 
465 7 472 19 F: 2 3 2 
471 10 481 82 F: 10 
496 7 517 29 F: 7 
519 4 531 40 F: 2 2 
544 10 584 97 F: 4 6 
546 4 562 100 F: 4 
561 11 605 41 F: 3 4 4 
561 11 605 95 F: 7 4 
562 11 595 19 F: 11 
566 6 590 54 F: 3 2 1 
572 9 608 68 F: 9 
587 8 619 8 F: 8 
596 9 605 17 F: 4 1 4 
610 13 662 92 F: 5 4 4 
637 5 652 75 F: 2 2 1 
641 9 668 58 F: 2 3 4 
665 12 677 17 F: 12 
677 10 707 41 F: 3 4 3 
684 9 711 51 F: 4 5 
689 11 700 30 F: 11 
690 8 706 54 F: 3 3 2 
690 9 699 84 F: 9 
690 12 702 50 F: 4 4 4 
712 3 724 100 F: 3 
724 9 742 64 F: 9 
740 9 749 93 F: 5 4 
746 2 748 96 F: 2 
747 9 765 21 F: 4 1 4 
753 8 777 48 F: 8 
766 10 796 22 F: 4 4 2 
768 10 808 62 F: 3 3 4 
783 10 803 72 F: 7 3 
787 8 795 76 F: 8 
811 9 847 98 F: 2 4 3 
813 10 853 5 F: 10 
821 9 857 79 F: 9 
842 4 854 49 F: 4 
848 12 896 80 F: 12 
858 9 894 5 F: 7 2 
865 4 873 24 F: 4 
865 6 883 91 F: 3 2 1 
876 8 900 72 F: 5 1 2 
881 7 888 62 F: 7 
910 9 946 86 F: 5 3 1 
919 5 929 42 F: 4 1 
948 8 956 40 F: 6 2 
953 8 985 22 F: 2 4 2 
961 10 991 25 F: 5 3 2 
963 13 976 7 F: 13 
975 8 983 47 F: 2 6 
989 12 1001 11 F: 6 6 
992 9 1001 36 F: 3 6 
996 9 1014 44 F: 9 
D: 4 29 
D: 4 32 
D: 4 73 
D: 4 87 
D: 18 64 
D: 29 62 
D: 43 85 
D: 70 78 
D: 77 99 
D: 79 89 
