5 8 13 156 F: 2 3 3 
10 13 23 60 F: 13 
14 6 20 25 F: 3 3 
15 6 27 131 F: 3 1 2 
21 10 31 164 F: 10 
28 8 52 2 F: 4 3 1 
49 7 77 126 F: 5 2 
57 8 65 110 F: 3 4 1 
88 7 109 160 F: 7 
98 5 118 78 F: 2 1 2 
115 7 122 68 F: 2 3 2 
118 7 125 49 F: 7 
142 3 151 161 F: 2 1 
153 7 167 82 F: 4 2 1 
154 6 178 52 F: 2 4 
155 7 183 142 F: 7 
165 6 189 159 F: 2 4 
173 6 185 117 F: 4 1 1 
176 13 202 114 F: 7 6 
182 11 215 72 F: 5 3 3 
205 8 213 26 F: 3 3 2 
207 4 223 17 F: 2 1 1 
220 12 256 93 F: 12 
226 7 247 63 F: 2 5 
231 11 275 40 F: 11 
252 11 285 19 F: 11 
254 4 266 51 F: 2 2 
254 7 282 170 F: 7 
267 7 281 109 F: 3 1 3 
298 4 302 78 F: 3 1 
306 5 321 77 F: 3 2 
316 8 332 78 F: 5 3 
319 8 327 135 F: 4 4 
322 9 349 129 F: 9 
326 5 336 145 F: 2 1 2 
332 8 364 186 F: 8 
342 8 374 11 F: 8 
350 4 366 153 F: 4 
353 6 359 100 F: 2 4 
356 13 382 178 F: 13 
425 8 433 125 F: 4 2 2 
439 4 455 107 F: 2 2 
440 2 446 83 F: 2 
452 13 478 26 F: 5 4 4 
453 9 489 13 F: 3 6 
466 7 480 124 F: 2 3 2 
470 11 503 108 F: 6 5 
473 8 489 68 F: 8 
476 9 503 10 F: 7 2 
489 7 503 41 F: 5 2 
506 9 542 161 F: 6 3 
509 6 533 83 F: 3 3 
525 8 541 176 F: 2 3 3 
530 12 578 11 F: 5 3 4 
553 8 561 42 F: 4 4 
563 11 574 200 F: 4 3 4 
565 8 589 100 F: 4 4 
584 2 590 56 F: 2 
592 10 632 29 F: 6 4 
599 13 638 41 F: 13 
600 6 624 47 F: 4 2 
619 4 635 167 F: 3 1 
622 10 642 26 F: 5 1 4 
629 10 649 23 F: 4 6 
630 4 634 66 F: 4 
634 3 646 185 F: 2 1 
655 5 665 39 F: 2 3 
658 8 690 193 F: 6 2 
675 11 697 116 F: 5 4 2 
698 12 710 153 F: 6 6 
705 7 733 10 F: 4 3 
722 6 746 190 F: 2 3 1 
730 8 754 108 F: 8 
733 8 749 155 F: 3 5 
736 9 745 176 F: 6 3 
752 5 767 83 F: 5 
772 9 790 120 F: 5 1 3 
782 4 798 172 F: 4 
782 9 791 24 F: 5 4 
794 8 810 175 F: 3 1 4 
800 8 832 168 F: 3 4 1 
801 7 808 60 F: 2 4 1 
803 7 824 48 F: 2 3 2 
818 4 830 79 F: 4 
823 8 831 73 F: 3 4 1 
824 13 876 34 F: 5 4 4 
831 9 849 193 F: 5 1 3 
837 9 846 13 F: 3 6 
845 8 877 58 F: 5 3 
885 7 913 31 F: 3 4 
912 10 932 119 F: 5 3 2 
913 10 933 183 F: 6 4 
931 12 955 199 F: 5 4 3 
944 11 955 41 F: 3 4 4 
961 5 981 14 F: 5 
964 5 984 171 F: 4 1 
966 7 973 158 F: 7 
973 7 1001 163 F: 2 5 
987 6 1005 148 F: 6 
998 9 1007 118 F: 5 4 
1001 11 1034 42 F: 5 6 
1006 7 1027 173 F: 3 2 2 
1011 10 1021 7 F: 5 3 2 
1022 6 1046 160 F: 2 3 1 
1028 11 1039 17 F: 4 4 3 
1040 5 1045 19 F: 5 
1065 12 1077 197 F: 6 6 
1074 8 1090 82 F: 7 1 
1077 10 1087 78 F: 4 6 
1079 7 1093 55 F: 3 4 
1102 7 1130 168 F: 7 
1111 9 1120 65 F: 7 2 
1115 10 1145 162 F: 4 2 4 
1129 11 1151 160 F: 11 
1133 5 1138 59 F: 3 1 1 
1143 9 1170 23 F: 9 
1153 9 1171 127 F: 9 
1161 7 1182 98 F: 2 4 1 
1188 10 1228 64 F: 10 
1191 8 1199 149 F: 2 2 4 
1209 13 1235 168 F: 13 
1213 8 1237 106 F: 5 3 
1220 7 1234 143 F: 3 4 
1224 7 1238 101 F: 7 
1230 9 1266 20 F: 6 3 
1235 2 1239 176 F: 2 
1257 7 1264 78 F: 2 4 1 
1261 9 1279 192 F: 5 1 3 
1296 5 1301 29 F: 3 1 1 
1299 13 1351 36 F: 13 
1312 8 1320 179 F: 6 2 
1312 8 1328 44 F: 8 
1327 10 1337 169 F: 10 
1329 7 1357 191 F: 2 3 2 
1348 7 1376 195 F: 3 3 1 
1354 5 1374 21 F: 2 1 2 
1359 12 1383 143 F: 5 4 3 
1384 9 1411 137 F: 2 4 3 
1393 9 1411 193 F: 4 5 
1399 11 1432 59 F: 6 5 
1401 6 1413 163 F: 3 3 
1401 9 1410 152 F: 9 
1434 8 1450 109 F: 8 
1448 6 1460 178 F: 2 1 3 
1466 7 1487 125 F: 5 1 1 
1467 12 1503 173 F: 6 6 
1478 6 1502 189 F: 2 4 
1488 4 1500 19 F: 2 2 
1488 5 1498 188 F: 3 1 1 
1496 3 1508 177 F: 3 
1513 6 1537 185 F: 6 
1532 3 1538 44 F: 2 1 
1534 9 1552 196 F: 9 
1557 6 1569 9 F: 2 1 3 
1557 13 1609 81 F: 13 
1574 4 1578 124 F: 2 1 1 
1574 8 1582 95 F: 4 1 3 
1578 5 1593 174 F: 3 2 
1585 6 1603 171 F: 6 
1590 10 1600 2 F: 4 6 
1600 13 1652 39 F: 13 
1613 7 1620 11 F: 7 
1626 7 1633 48 F: 3 1 3 
1636 7 1643 127 F: 7 
1653 12 1689 136 F: 12 
1656 8 1672 24 F: 5 2 1 
1667 9 1676 194 F: 5 4 
1669 8 1685 146 F: 8 
1677 5 1682 194 F: 2 3 
1677 5 1687 179 F: 5 
1722 11 1755 198 F: 11 
1739 6 1751 142 F: 2 3 1 
1756 5 1766 62 F: 2 1 2 
1769 5 1784 178 F: 5 
1773 7 1794 44 F: 2 4 1 
1777 10 1787 76 F: 5 4 1 
1781 9 1817 55 F: 9 
1782 11 1826 32 F: 5 3 3 
1788 7 1809 150 F: 2 5 
1799 3 1805 99 F: 3 
1802 8 1818 88 F: 4 4 
1808 12 1856 140 F: 12 
1809 7 1837 174 F: 3 3 1 
1813 11 1824 185 F: 3 4 4 
1828 2 1836 119 F: 2 
1852 6 1858 15 F: 6 
1866 7 1873 20 F: 3 4 
1877 5 1897 178 F: 2 3 
1878 6 1902 93 F: 2 2 2 
1897 6 1921 36 F: 2 1 3 
1908 8 1932 124 F: 5 1 2 
1914 5 1924 130 F: 4 1 
1916 5 1931 127 F: 5 
1919 6 1931 92 F: 6 
1928 3 1934 97 F: 3 
1939 4 1951 88 F: 4 
1973 4 1977 47 F: 2 2 
1979 8 1995 70 F: 8 
1984 10 1994 19 F: 7 3 
1998 8 2014 40 F: 3 3 2 
D: 3 36 
D: 7 72 
D: 12 69 
D: 22 139 
D: 24 131 
D: 34 187 
D: 49 175 
D: 51 113 
D: 54 188 
D: 57 93 
D: 66 74 
D: 67 170 
D: 94 174 
D: 99 116 
D: 108 192 
D: 121 156 
D: 123 154 
D: 147 197 
D: 163 194 
D: 164 197 
