14 9 32 96 F: 7 2 
17 10 37 90 F: 4 3 3 
43 7 64 140 F: 7 
46 3 52 116 F: 3 
54 7 68 2 F: 2 5 
65 7 86 53 F: 7 
68 8 100 75 F: 6 2 
89 13 141 176 F: 5 4 4 
94 6 106 92 F: 3 3 
98 10 138 131 F: 4 2 4 
118 10 138 2 F: 5 1 4 
123 9 159 125 F: 3 4 2 
124 13 150 23 F: 13 
125 7 153 186 F: 7 
132 13 158 22 F: 7 6 
151 5 156 134 F: 5 
177 6 195 178 F: 2 1 3 
181 4 185 81 F: 2 2 
188 4 196 92 F: 4 
199 12 211 130 F: 12 
215 6 239 25 F: 6 
221 10 261 198 F: 4 2 4 
259 5 279 147 F: 5 
259 12 283 36 F: 6 6 
260 9 296 183 F: 4 4 1 
275 5 280 42 F: 5 
283 3 286 81 F: 3 
287 9 314 122 F: 5 4 
290 8 322 21 F: 3 3 2 
298 3 310 121 F: 3 
303 11 325 161 F: 11 
317 3 323 31 F: 3 
321 8 337 156 F: 8 
332 7 346 35 F: 5 1 1 
332 12 380 194 F: 6 6 
340 11 373 166 F: 7 4 
364 9 391 12 F: 3 2 4 
366 5 376 40 F: 2 2 1 
373 6 391 12 F: 6 
395 5 400 84 F: 2 3 
404 9 431 129 F: 7 2 
425 8 449 171 F: 4 4 
426 4 430 109 F: 4 
430 4 434 68 F: 4 
430 6 448 17 F: 4 1 1 
456 9 474 79 F: 3 2 4 
463 11 474 39 F: 4 3 4 
472 8 488 73 F: 5 1 2 
490 6 496 197 F: 2 3 1 
492 13 544 108 F: 5 4 4 
519 5 534 65 F: 3 2 
525 12 561 179 F: 12 
534 13 560 20 F: 13 
553 9 589 125 F: 5 2 2 
564 6 576 179 F: 2 4 
566 3 569 194 F: 3 
578 3 590 18 F: 3 
580 5 600 71 F: 4 1 
583 6 595 31 F: 2 1 3 
589 13 602 194 F: 13 
610 8 634 19 F: 8 
621 8 629 194 F: 4 4 
627 7 655 30 F: 3 3 1 
640 7 654 54 F: 4 3 
641 8 657 159 F: 4 4 
642 2 648 182 F: 2 
653 7 660 42 F: 4 3 
656 9 674 97 F: 9 
657 8 689 111 F: 8 
676 10 686 89 F: 5 4 1 
701 10 741 191 F: 2 4 4 
706 11 717 150 F: 5 4 2 
719 12 767 79 F: 7 5 
742 4 758 175 F: 4 
754 7 775 22 F: 2 2 3 
755 9 782 146 F: 6 3 
766 12 790 97 F: 12 
770 9 806 101 F: 3 4 2 
795 8 803 123 F: 4 4 
798 13 850 150 F: 7 6 
805 8 821 40 F: 4 2 2 
810 3 816 135 F: 3 
826 5 846 176 F: 3 2 
835 8 867 23 F: 2 2 4 
836 9 854 38 F: 9 
854 4 870 111 F: 4 
866 7 887 51 F: 2 5 
877 12 889 194 F: 4 4 4 
881 5 891 66 F: 2 3 
895 6 913 36 F: 3 3 
914 7 942 105 F: 2 5 
917 11 961 51 F: 6 5 
926 3 929 194 F: 2 1 
931 6 949 77 F: 3 1 2 
937 5 942 25 F: 2 2 1 
943 6 961 95 F: 3 1 2 
947 7 961 110 F: 4 1 2 
957 9 984 77 F: 4 4 1 
994 6 1006 83 F: 3 1 2 
994 9 1012 32 F: 4 5 
1021 9 1030 195 F: 4 1 4 
1023 2 1029 130 F: 2 
1041 7 1048 13 F: 5 2 
1042 3 1048 82 F: 2 1 
1047 6 1053 170 F: 3 1 2 
1051 6 1069 52 F: 3 3 
1071 7 1085 129 F: 2 1 4 
1072 8 1088 48 F: 4 4 
1091 11 1124 12 F: 11 
1098 5 1103 105 F: 5 
1109 4 1125 49 F: 4 
1129 6 1147 171 F: 2 1 3 
1131 12 1179 25 F: 4 4 4 
1132 8 1140 136 F: 3 1 4 
1149 9 1167 184 F: 5 2 2 
1154 6 1172 158 F: 6 
1159 7 1173 35 F: 2 2 3 
1167 7 1181 75 F: 2 5 
1173 10 1203 32 F: 10 
1199 5 1209 73 F: 5 
1224 3 1230 178 F: 3 
1229 5 1239 120 F: 3 1 1 
1235 9 1262 171 F: 4 4 1 
1240 7 1268 72 F: 7 
1247 3 1259 197 F: 3 
1269 9 1296 64 F: 4 1 4 
1278 9 1305 80 F: 3 6 
1286 13 1312 8 F: 7 6 
1289 13 1315 46 F: 13 
1299 8 1331 93 F: 2 6 
1306 6 1312 42 F: 6 
1325 6 1337 106 F: 2 4 
1338 12 1386 103 F: 12 
1339 6 1363 103 F: 6 
1346 5 1361 88 F: 5 
1361 6 1385 98 F: 2 1 3 
1362 11 1406 107 F: 4 3 4 
1365 13 1404 17 F: 13 
1370 6 1382 50 F: 6 
1394 12 1442 21 F: 12 
1409 6 1421 197 F: 3 3 
1423 5 1443 134 F: 2 2 1 
1442 9 1478 145 F: 9 
1446 6 1470 5 F: 6 
1451 11 1473 14 F: 7 4 
1453 9 1471 178 F: 5 3 1 
1459 7 1473 152 F: 3 3 1 
1462 11 1473 147 F: 5 6 
1471 9 1489 104 F: 2 4 3 
1494 6 1518 198 F: 6 
1513 9 1549 124 F: 3 2 4 
1518 5 1528 5 F: 5 
1518 5 1528 86 F: 3 2 
1518 12 1554 14 F: 5 4 3 
1522 6 1528 4 F: 6 
1523 8 1539 121 F: 5 1 2 
1529 9 1538 54 F: 5 4 
1559 4 1563 3 F: 4 
1565 8 1589 112 F: 2 3 3 
1567 10 1607 30 F: 10 
1602 9 1638 141 F: 6 3 
1645 11 1689 64 F: 4 4 3 
1657 5 1677 9 F: 2 3 
1666 9 1684 47 F: 9 
1672 12 1696 41 F: 12 
1679 5 1699 53 F: 3 2 
1679 6 1691 195 F: 4 2 
1687 8 1719 146 F: 4 3 1 
1692 9 1710 128 F: 4 1 4 
1698 7 1719 174 F: 7 
1701 10 1721 130 F: 5 4 1 
1716 9 1752 76 F: 3 2 4 
1722 6 1734 35 F: 6 
1737 2 1739 5 F: 2 
1741 9 1750 90 F: 5 4 
1743 10 1763 45 F: 4 2 4 
1744 8 1752 184 F: 8 
1780 4 1796 27 F: 3 1 
1792 6 1816 8 F: 4 2 
1792 7 1813 135 F: 2 1 4 
1806 12 1854 124 F: 12 
1810 7 1824 119 F: 5 2 
1810 9 1828 67 F: 9 
1817 11 1839 131 F: 7 4 
1824 7 1838 53 F: 7 
1844 7 1865 5 F: 4 3 
1888 5 1908 35 F: 2 2 1 
1890 7 1904 107 F: 3 1 3 
1890 10 1920 141 F: 10 
1894 12 1942 80 F: 6 6 
1901 13 1953 35 F: 13 
1923 8 1955 99 F: 4 4 
1923 9 1950 95 F: 5 4 
1923 13 1949 11 F: 13 
1945 10 1965 40 F: 5 1 4 
1952 5 1967 50 F: 5 
1960 2 1968 159 F: 2 
1974 10 2014 123 F: 10 
1980 7 2001 52 F: 6 1 
1999 7 2020 14 F: 3 1 3 
D: 2 87 
D: 31 138 
D: 45 73 
D: 45 171 
D: 46 73 
D: 61 149 
D: 63 89 
D: 68 123 
D: 79 115 
D: 80 191 
D: 83 179 
D: 86 119 
D: 88 105 
D: 88 131 
D: 92 152 
D: 100 113 
D: 142 194 
D: 165 178 
D: 169 181 
D: 179 193 
