3 6 9 89 F: 6 
15 3 27 64 F: 3 
33 4 45 45 F: 2 1 1 
42 12 66 1 F: 12 
48 5 68 108 F: 2 2 1 
52 7 66 102 F: 3 4 
64 11 108 166 F: 5 4 2 
88 11 121 44 F: 11 
93 9 111 39 F: 4 4 1 
97 11 119 170 F: 5 4 2 
111 10 121 94 F: 7 3 
122 11 144 23 F: 3 4 4 
128 12 164 27 F: 12 
128 13 167 87 F: 13 
138 7 159 31 F: 5 2 
140 4 144 66 F: 4 
145 8 153 66 F: 8 
161 9 188 55 F: 4 5 
173 6 191 133 F: 6 
191 10 221 2 F: 4 4 2 
207 12 219 30 F: 6 6 
225 13 251 56 F: 13 
226 11 237 139 F: 11 
242 2 246 27 F: 2 
259 13 311 93 F: 13 
261 8 269 173 F: 8 
263 6 269 132 F: 3 2 1 
274 12 298 22 F: 6 6 
277 10 287 139 F: 5 1 4 
294 7 301 183 F: 3 2 2 
302 12 314 6 F: 5 3 4 
307 6 325 159 F: 2 4 
311 8 343 22 F: 5 2 1 
315 8 323 125 F: 4 3 1 
317 9 335 30 F: 4 2 3 
325 12 337 69 F: 12 
345 12 357 50 F: 5 4 3 
348 8 380 164 F: 4 4 
389 9 416 90 F: 7 2 
397 8 413 3 F: 4 2 2 
408 4 416 136 F: 2 1 1 
413 10 423 177 F: 4 3 3 
415 10 455 17 F: 10 
423 8 447 106 F: 7 1 
434 7 441 118 F: 3 4 
435 11 457 188 F: 11 
445 8 469 180 F: 2 3 3 
454 9 490 183 F: 3 6 
467 2 471 128 F: 2 
487 9 505 133 F: 3 6 
503 6 527 74 F: 3 1 2 
503 8 535 187 F: 8 
520 7 534 105 F: 7 
533 10 553 137 F: 4 2 4 
556 11 589 31 F: 6 5 
566 6 572 119 F: 6 
566 13 579 145 F: 13 
593 2 595 65 F: 2 
593 13 606 184 F: 7 6 
599 7 606 89 F: 4 3 
602 11 613 146 F: 5 4 2 
604 8 612 159 F: 7 1 
608 3 617 87 F: 2 1 
620 8 644 50 F: 6 2 
640 12 664 150 F: 12 
654 5 669 154 F: 5 
655 5 660 184 F: 2 3 
665 11 698 169 F: 6 5 
666 7 680 186 F: 2 5 
676 11 698 5 F: 7 4 
719 7 740 195 F: 7 
720 11 731 161 F: 5 6 
731 5 736 50 F: 3 2 
740 11 784 127 F: 6 5 
742 8 766 36 F: 4 1 3 
743 8 767 81 F: 8 
759 11 770 93 F: 11 
771 9 780 189 F: 4 4 1 
772 6 790 44 F: 4 1 1 
785 8 801 181 F: 5 1 2 
806 10 826 44 F: 5 4 1 
810 4 814 65 F: 4 
810 10 830 151 F: 7 3 
836 9 854 98 F: 6 3 
843 5 848 45 F: 4 1 
844 11 866 98 F: 11 
858 7 886 16 F: 2 1 4 
860 8 892 95 F: 5 1 2 
876 7 904 155 F: 2 5 
890 9 899 115 F: 5 2 2 
918 10 928 86 F: 10 
930 11 974 3 F: 11 
936 8 952 149 F: 8 
936 9 963 46 F: 6 3 
946 10 976 108 F: 10 
972 9 990 187 F: 6 3 
975 12 1023 135 F: 12 
996 8 1004 199 F: 4 4 
997 5 1007 53 F: 5 
997 6 1009 24 F: 6 
1005 4 1017 198 F: 4 
1040 10 1050 133 F: 4 3 3 
1047 5 1067 143 F: 5 
1049 4 1053 77 F: 2 2 
1061 9 1079 68 F: 5 4 
1070 8 1086 182 F: 8 
1076 8 1100 109 F: 8 
1091 5 1096 180 F: 5 
1092 6 1110 145 F: 6 
1097 8 1129 151 F: 2 4 2 
1107 8 1139 165 F: 3 4 1 
1111 8 1119 116 F: 4 4 
1122 12 1146 176 F: 6 6 
1132 4 1148 178 F: 4 
1144 13 1157 183 F: 5 4 4 
1149 8 1173 45 F: 7 1 
1174 8 1190 143 F: 4 4 
1180 11 1202 18 F: 11 
1194 8 1202 6 F: 3 1 4 
1199 10 1209 96 F: 5 5 
1215 7 1243 46 F: 4 2 1 
1218 8 1250 57 F: 4 2 2 
1235 7 1249 11 F: 6 1 
1245 9 1263 170 F: 5 3 1 
1247 3 1259 160 F: 3 
1249 10 1289 117 F: 5 1 4 
1263 4 1267 111 F: 4 
1284 8 1308 5 F: 2 6 
1286 6 1304 160 F: 6 
1290 9 1317 176 F: 7 2 
1304 3 1310 105 F: 3 
1309 6 1321 97 F: 6 
1318 4 1326 90 F: 2 2 
1323 5 1328 180 F: 2 3 
1346 7 1367 98 F: 2 5 
1362 9 1371 2 F: 3 2 4 
1364 4 1380 8 F: 2 2 
1365 8 1373 23 F: 4 3 1 
1369 9 1378 196 F: 2 3 4 
1398 12 1446 67 F: 12 
1409 11 1431 55 F: 7 4 
1414 9 1423 173 F: 4 4 1 
1421 2 1423 8 F: 2 
1427 9 1463 35 F: 5 1 3 
1434 6 1446 37 F: 2 1 3 
1470 10 1480 1 F: 10 
1474 9 1510 157 F: 3 3 3 
1476 10 1496 136 F: 4 6 
1480 8 1512 161 F: 2 2 4 
1492 7 1506 148 F: 3 4 
1529 12 1577 98 F: 12 
1533 9 1560 73 F: 4 3 2 
1534 8 1542 67 F: 8 
1555 9 1582 162 F: 4 5 
1570 10 1610 189 F: 2 4 4 
1589 9 1625 51 F: 5 2 2 
1590 5 1595 175 F: 5 
1590 10 1610 80 F: 5 5 
1590 12 1614 144 F: 5 4 3 
1594 7 1622 152 F: 2 5 
1628 12 1664 180 F: 12 
1629 6 1641 6 F: 3 3 
1634 8 1642 181 F: 5 1 2 
1650 7 1678 65 F: 7 
1655 3 1661 57 F: 3 
1661 7 1689 86 F: 3 1 3 
1665 8 1681 92 F: 2 6 
1667 12 1691 176 F: 12 
1676 10 1686 131 F: 4 3 3 
1695 7 1709 132 F: 6 1 
1709 4 1721 77 F: 4 
1716 6 1734 87 F: 3 2 1 
1719 8 1743 116 F: 6 2 
1724 10 1754 89 F: 5 2 3 
1765 9 1792 114 F: 5 4 
1766 2 1770 185 F: 2 
1772 5 1777 3 F: 4 1 
1773 8 1805 14 F: 5 3 
1781 12 1805 159 F: 12 
1784 7 1812 162 F: 4 2 1 
1815 9 1851 158 F: 9 
1822 11 1866 170 F: 6 5 
1829 8 1861 104 F: 2 4 2 
1875 8 1907 58 F: 3 2 3 
1879 5 1894 132 F: 4 1 
1884 11 1895 146 F: 11 
1889 10 1919 78 F: 4 2 4 
1894 6 1906 62 F: 4 2 
1895 10 1925 114 F: 7 3 
1895 12 1919 21 F: 12 
1914 10 1934 27 F: 10 
1915 11 1948 155 F: 11 
1916 6 1940 187 F: 2 1 3 
1933 9 1960 118 F: 4 5 
1937 10 1947 58 F: 5 1 4 
1938 10 1978 147 F: 10 
1943 6 1967 51 F: 3 2 1 
1949 11 1982 13 F: 6 5 
1959 7 1980 123 F: 3 3 1 
1985 2 1993 75 F: 2 
D: 0 77 
D: 5 76 
D: 17 65 
D: 28 154 
D: 30 170 
D: 45 84 
D: 51 197 
D: 55 54 
D: 56 62 
D: 56 153 
D: 58 83 
D: 65 123 
D: 65 187 
D: 74 144 
D: 92 172 
D: 116 126 
D: 117 194 
D: 133 171 
D: 142 180 
D: 153 154 
