2 11 46 50 F: 5 4 2 
3 8 11 149 F: 2 6 
9 6 27 9 F: 6 
10 13 49 223 F: 7 6 
14 9 32 223 F: 3 6 
20 4 24 160 F: 4 
27 12 51 235 F: 5 3 4 
37 10 47 246 F: 6 4 
82 11 115 114 F: 11 
89 6 107 4 F: 3 3 
100 9 118 143 F: 4 3 2 
122 4 130 132 F: 4 
141 8 173 206 F: 8 
149 12 185 32 F: 12 
169 13 221 215 F: 13 
175 5 185 230 F: 4 1 
180 10 190 83 F: 4 2 4 
186 4 190 44 F: 4 
192 10 212 14 F: 5 2 3 
197 9 233 214 F: 6 3 
214 7 235 227 F: 4 3 
221 9 248 182 F: 4 2 3 
230 10 260 15 F: 5 4 1 
231 8 255 37 F: 4 2 2 
240 3 252 123 F: 3 
257 6 269 52 F: 6 
261 9 297 75 F: 9 
266 4 274 167 F: 4 
275 7 282 67 F: 3 2 2 
284 10 304 56 F: 5 1 4 
300 7 328 8 F: 2 4 1 
322 5 327 115 F: 3 1 1 
328 4 336 221 F: 2 2 
329 10 339 193 F: 5 4 1 
345 10 385 198 F: 5 5 
363 11 407 231 F: 3 4 4 
378 3 387 154 F: 2 1 
379 12 427 42 F: 12 
390 10 420 173 F: 5 2 3 
399 11 410 127 F: 4 3 4 
408 13 460 245 F: 7 6 
432 3 438 20 F: 2 1 
435 10 475 174 F: 5 3 2 
435 13 461 100 F: 13 
443 7 464 149 F: 3 4 
445 4 461 159 F: 4 
445 7 466 245 F: 7 
454 11 476 150 F: 11 
462 6 486 97 F: 3 3 
475 12 499 142 F: 5 4 3 
509 7 537 137 F: 7 
515 8 547 155 F: 6 2 
530 6 542 25 F: 6 
534 2 542 186 F: 2 
535 6 553 131 F: 4 1 1 
543 7 550 178 F: 4 3 
573 4 585 135 F: 3 1 
580 4 596 62 F: 4 
597 6 621 158 F: 2 4 
598 2 600 246 F: 2 
604 9 631 109 F: 6 3 
628 8 644 204 F: 4 4 
633 4 641 200 F: 4 
643 8 667 198 F: 8 
656 9 683 12 F: 2 4 3 
658 9 667 95 F: 5 2 2 
669 8 685 128 F: 7 1 
678 9 696 184 F: 3 2 4 
687 3 693 158 F: 3 
687 8 719 63 F: 3 2 3 
717 8 749 63 F: 3 1 4 
739 5 759 143 F: 5 
739 6 757 249 F: 2 4 
756 8 780 215 F: 5 3 
766 10 776 56 F: 3 4 3 
768 8 784 112 F: 4 1 3 
768 9 795 139 F: 4 2 3 
786 6 792 31 F: 2 1 3 
789 12 825 198 F: 12 
792 10 812 79 F: 6 4 
801 9 810 85 F: 3 6 
806 5 816 17 F: 4 1 
808 8 832 239 F: 5 2 1 
823 7 830 34 F: 7 
830 7 858 20 F: 2 2 3 
844 3 847 176 F: 2 1 
848 13 900 79 F: 5 4 4 
856 10 896 75 F: 4 3 3 
892 7 899 201 F: 2 1 4 
893 5 903 45 F: 3 2 
901 3 907 48 F: 3 
922 10 962 105 F: 2 4 4 
924 8 940 81 F: 3 5 
927 4 943 81 F: 2 1 1 
937 5 947 206 F: 5 
942 7 963 164 F: 7 
977 8 1001 224 F: 4 1 3 
979 10 989 45 F: 3 3 4 
981 11 1025 36 F: 5 6 
998 8 1022 152 F: 5 3 
1010 10 1020 16 F: 3 4 3 
1011 6 1035 133 F: 6 
1023 2 1025 229 F: 2 
1029 13 1055 232 F: 13 
1030 7 1058 48 F: 3 2 2 
1048 10 1058 158 F: 5 5 
1057 12 1081 235 F: 5 3 4 
1063 7 1077 5 F: 4 3 
1085 9 1094 48 F: 5 4 
1086 5 1096 243 F: 5 
1113 10 1123 123 F: 10 
1142 9 1178 200 F: 3 3 3 
1149 8 1181 244 F: 2 4 2 
1154 12 1202 56 F: 7 5 
1161 6 1185 67 F: 5 1 
1164 8 1172 226 F: 3 5 
1166 11 1177 28 F: 5 6 
1179 9 1215 100 F: 3 6 
1188 6 1206 28 F: 3 3 
1191 6 1203 1 F: 4 2 
1203 11 1214 94 F: 11 
1217 9 1253 108 F: 3 4 2 
1229 9 1247 136 F: 5 4 
1230 6 1254 242 F: 6 
1260 13 1273 21 F: 13 
1276 11 1320 52 F: 5 6 
1277 3 1283 40 F: 3 
1286 8 1294 91 F: 8 
1287 9 1296 183 F: 3 6 
1296 8 1328 136 F: 5 3 
1313 6 1319 149 F: 6 
1314 12 1326 186 F: 6 6 
1322 9 1349 185 F: 3 2 4 
1326 9 1353 3 F: 4 2 3 
1356 13 1408 196 F: 7 6 
1359 11 1381 116 F: 11 
1368 4 1380 8 F: 4 
1370 8 1378 130 F: 2 3 3 
1391 5 1411 145 F: 4 1 
1392 6 1404 160 F: 5 1 
1421 3 1427 206 F: 2 1 
1422 6 1428 10 F: 6 
1425 9 1443 210 F: 3 4 2 
1430 8 1454 237 F: 2 6 
1461 11 1472 63 F: 7 4 
1477 7 1505 202 F: 2 5 
1477 10 1507 19 F: 5 3 2 
1483 11 1494 33 F: 5 6 
1494 8 1518 213 F: 8 
1494 8 1518 239 F: 5 1 2 
1524 10 1554 141 F: 10 
1527 9 1563 43 F: 9 
1529 10 1559 28 F: 4 6 
1540 5 1555 121 F: 2 1 2 
1546 5 1561 76 F: 3 2 
1551 8 1575 199 F: 6 2 
1552 9 1588 210 F: 5 4 
1567 8 1583 76 F: 4 2 2 
1579 9 1597 178 F: 3 4 2 
1585 9 1621 99 F: 7 2 
1617 12 1665 39 F: 5 4 3 
1624 10 1664 83 F: 5 1 4 
1633 7 1640 67 F: 4 3 
1635 9 1671 60 F: 3 2 4 
1655 10 1685 109 F: 7 3 
1660 8 1668 203 F: 3 1 4 
1664 8 1672 100 F: 4 2 2 
1682 6 1688 195 F: 2 4 
1694 12 1706 78 F: 12 
1695 9 1704 167 F: 3 3 3 
1704 9 1740 144 F: 6 3 
1704 12 1716 63 F: 12 
1707 8 1715 18 F: 3 2 3 
1714 5 1734 218 F: 5 
1740 3 1743 169 F: 3 
1741 13 1754 237 F: 13 
1742 12 1790 106 F: 12 
1777 10 1787 115 F: 5 3 2 
1780 3 1792 60 F: 3 
1781 9 1817 151 F: 2 4 3 
1818 12 1854 228 F: 12 
1821 6 1833 25 F: 6 
1824 2 1830 70 F: 2 
1843 11 1865 51 F: 5 2 4 
1848 9 1884 223 F: 5 2 2 
1856 2 1862 67 F: 2 
1861 8 1893 246 F: 3 4 1 
1862 8 1886 188 F: 5 3 
1863 8 1879 146 F: 8 
1877 4 1889 207 F: 2 1 1 
1901 10 1941 160 F: 10 
1911 9 1938 209 F: 3 4 2 
1914 10 1934 123 F: 4 2 4 
1940 7 1961 209 F: 4 3 
1942 12 1990 25 F: 12 
1962 11 1995 246 F: 5 3 3 
1973 13 1986 138 F: 13 
1984 10 2014 192 F: 7 3 
1987 8 2003 246 F: 3 1 4 
1990 12 2026 2 F: 12 
2002 9 2011 104 F: 7 2 
2008 9 2035 82 F: 7 2 
2009 3 2015 73 F: 2 1 
2018 6 2024 174 F: 4 2 
2059 12 2095 85 F: 12 
2060 7 2088 228 F: 6 1 
2070 9 2097 173 F: 9 
2078 12 2102 111 F: 5 4 3 
2089 5 2109 140 F: 5 
2094 11 2127 133 F: 7 4 
2101 7 2115 182 F: 2 1 4 
2119 4 2123 220 F: 4 
2142 7 2163 168 F: 3 4 
2144 9 2180 245 F: 6 3 
2151 7 2172 240 F: 2 5 
2175 8 2183 30 F: 2 6 
2181 8 2197 200 F: 3 5 
2188 9 2197 128 F: 9 
2189 3 2198 79 F: 3 
2192 9 2228 117 F: 9 
2204 8 2228 230 F: 8 
2208 6 2220 200 F: 6 
2212 12 2248 100 F: 6 6 
2214 9 2232 132 F: 5 1 3 
2222 13 2248 13 F: 13 
2235 8 2259 147 F: 3 2 3 
2255 11 2288 72 F: 5 6 
2256 8 2264 119 F: 4 2 2 
2261 10 2291 148 F: 4 6 
2294 4 2302 72 F: 4 
2302 2 2304 77 F: 2 
2304 12 2352 216 F: 4 4 4 
2313 9 2340 25 F: 4 1 4 
2319 12 2343 102 F: 4 4 4 
2322 10 2332 116 F: 10 
2326 9 2344 137 F: 9 
2329 6 2335 243 F: 6 
2330 11 2363 206 F: 4 4 3 
2364 13 2377 87 F: 13 
2367 10 2387 80 F: 4 3 3 
2414 13 2427 202 F: 13 
2415 8 2439 55 F: 5 1 2 
2429 8 2453 37 F: 8 
2460 9 2496 118 F: 6 3 
2464 8 2496 16 F: 5 1 2 
2467 11 2478 190 F: 5 6 
2468 9 2495 12 F: 9 
2475 10 2485 127 F: 4 6 
2477 7 2484 47 F: 3 2 2 
2485 11 2518 72 F: 11 
D: 6 229 
D: 13 151 
D: 15 98 
D: 15 209 
D: 22 153 
D: 28 183 
D: 36 164 
D: 46 59 
D: 52 158 
D: 72 85 
D: 72 246 
D: 75 175 
D: 85 106 
D: 92 218 
D: 104 121 
D: 110 226 
D: 118 175 
D: 121 130 
D: 123 231 
D: 139 169 
D: 149 154 
D: 155 158 
D: 155 181 
D: 162 197 
D: 182 193 
