0 3 9 114 F: 3 
0 5 5 191 F: 5 
1 4 13 97 F: 4 
36 6 54 107 F: 6 
37 7 65 155 F: 4 1 2 
45 7 52 188 F: 2 5 
46 4 50 213 F: 2 1 1 
58 8 74 43 F: 4 1 3 
65 8 97 105 F: 8 
89 7 117 66 F: 2 3 2 
100 9 118 48 F: 9 
109 11 153 111 F: 7 4 
114 6 132 116 F: 4 2 
119 8 143 229 F: 4 3 1 
130 8 138 1 F: 4 4 
132 6 150 106 F: 4 1 1 
161 7 182 56 F: 5 1 1 
167 8 175 207 F: 2 4 2 
175 11 186 248 F: 3 4 4 
191 2 197 214 F: 2 
201 6 225 53 F: 3 1 2 
233 5 238 235 F: 3 2 
233 7 261 107 F: 5 2 
238 6 250 131 F: 6 
241 7 269 109 F: 2 1 4 
242 8 266 177 F: 2 4 2 
253 5 263 135 F: 2 3 
266 3 272 94 F: 3 
276 4 288 84 F: 4 
297 5 317 42 F: 2 1 2 
300 7 328 194 F: 7 
305 8 337 201 F: 4 4 
325 11 347 200 F: 7 4 
335 5 345 167 F: 2 1 2 
337 5 347 99 F: 3 2 
338 6 362 25 F: 3 1 2 
342 6 354 8 F: 3 2 1 
352 11 385 170 F: 4 3 4 
356 7 377 199 F: 7 
358 4 362 142 F: 4 
400 12 448 248 F: 5 3 4 
408 6 420 45 F: 6 
411 10 431 208 F: 6 4 
422 9 440 84 F: 6 3 
424 2 432 186 F: 2 
431 8 447 78 F: 8 
450 10 490 158 F: 2 4 4 
457 8 489 60 F: 3 3 2 
483 13 535 177 F: 5 4 4 
490 12 526 100 F: 12 
518 4 530 127 F: 3 1 
518 8 550 191 F: 3 1 4 
544 11 555 78 F: 11 
554 12 566 101 F: 12 
560 4 572 206 F: 4 
565 10 575 72 F: 6 4 
579 11 612 169 F: 5 4 2 
580 4 588 239 F: 2 1 1 
595 10 625 10 F: 10 
599 6 623 250 F: 6 
604 9 631 165 F: 3 3 3 
614 13 653 64 F: 5 4 4 
618 8 634 7 F: 2 4 2 
642 5 647 97 F: 3 2 
649 7 670 128 F: 7 
653 7 667 247 F: 7 
666 8 674 108 F: 5 1 2 
669 12 681 18 F: 7 5 
682 7 696 195 F: 2 5 
686 10 716 29 F: 10 
705 7 726 28 F: 6 1 
705 8 713 126 F: 8 
706 8 722 94 F: 6 2 
712 7 733 134 F: 7 
725 3 731 1 F: 3 
756 10 786 45 F: 2 4 4 
758 9 794 228 F: 9 
767 7 788 142 F: 7 
787 9 805 61 F: 7 2 
793 11 826 51 F: 11 
800 5 810 98 F: 2 1 2 
820 6 832 184 F: 6 
823 5 828 216 F: 5 
825 10 835 59 F: 4 6 
847 12 871 170 F: 12 
859 9 868 133 F: 9 
859 12 871 217 F: 6 6 
861 7 882 55 F: 2 5 
875 10 915 81 F: 3 3 4 
890 5 895 84 F: 5 
907 13 959 3 F: 13 
911 5 926 2 F: 4 1 
920 9 956 106 F: 3 6 
927 8 951 153 F: 6 2 
936 8 944 241 F: 6 2 
945 5 960 65 F: 2 3 
949 8 965 229 F: 4 3 1 
954 10 984 182 F: 5 1 4 
986 8 994 12 F: 8 
994 8 1018 206 F: 5 3 
1005 11 1049 201 F: 5 2 4 
1015 3 1024 144 F: 3 
1029 9 1065 25 F: 2 3 4 
1029 11 1073 104 F: 11 
1033 9 1051 56 F: 7 2 
1037 13 1089 108 F: 13 
1057 13 1070 139 F: 13 
1082 6 1088 134 F: 6 
1083 13 1096 168 F: 13 
1086 6 1104 129 F: 3 3 
1118 11 1140 227 F: 4 4 3 
1120 10 1160 166 F: 10 
1127 9 1136 40 F: 9 
1137 5 1157 156 F: 5 
1142 8 1158 209 F: 3 3 2 
1143 9 1179 51 F: 5 4 
1145 12 1169 101 F: 4 4 4 
1154 7 1182 23 F: 6 1 
1173 10 1183 73 F: 6 4 
1191 7 1219 45 F: 7 
1204 3 1213 60 F: 3 
1208 9 1217 86 F: 5 4 
1216 7 1237 58 F: 3 3 1 
1228 12 1240 244 F: 5 3 4 
1229 13 1268 237 F: 5 4 4 
1238 5 1258 147 F: 5 
1241 6 1259 102 F: 6 
1256 6 1280 163 F: 3 3 
1260 7 1281 171 F: 5 1 1 
1268 9 1304 56 F: 4 1 4 
1305 7 1326 114 F: 3 3 1 
1314 10 1334 27 F: 4 3 3 
1327 10 1357 215 F: 10 
1338 12 1386 98 F: 4 4 4 
1339 6 1363 138 F: 5 1 
1341 12 1377 128 F: 12 
1360 10 1370 2 F: 5 1 4 
1380 8 1396 7 F: 8 
1383 11 1427 60 F: 7 4 
1392 2 1394 18 F: 2 
1400 8 1416 204 F: 5 3 
1417 3 1423 8 F: 3 
1417 5 1432 105 F: 2 3 
1420 10 1430 136 F: 10 
1430 3 1436 155 F: 3 
1431 4 1443 52 F: 2 1 1 
1442 5 1447 43 F: 4 1 
1470 9 1479 175 F: 3 2 4 
1477 6 1501 104 F: 6 
1482 9 1491 10 F: 7 2 
1521 11 1565 50 F: 4 4 3 
1524 9 1560 246 F: 3 6 
1541 11 1552 64 F: 6 5 
1541 12 1553 246 F: 5 4 3 
1546 8 1554 212 F: 4 1 3 
1551 2 1555 20 F: 2 
1552 10 1562 149 F: 6 4 
1591 11 1613 10 F: 11 
1593 8 1617 243 F: 5 1 2 
1598 9 1616 134 F: 3 2 4 
1608 13 1634 107 F: 13 
1612 9 1639 214 F: 5 4 
1615 9 1642 207 F: 3 6 
1615 11 1626 125 F: 11 
1629 4 1637 53 F: 4 
1642 8 1674 135 F: 8 
1643 9 1679 237 F: 9 
1661 4 1673 3 F: 2 1 1 
1673 7 1680 122 F: 7 
1675 8 1699 144 F: 4 4 
1711 6 1723 129 F: 3 2 1 
1713 5 1718 80 F: 5 
1719 8 1743 114 F: 2 4 2 
1729 7 1757 178 F: 5 2 
1741 11 1752 234 F: 5 4 2 
1744 10 1764 162 F: 6 4 
1745 10 1765 41 F: 10 
1769 9 1778 47 F: 3 3 3 
1794 8 1818 5 F: 2 6 
1794 8 1826 167 F: 4 1 3 
1800 9 1809 112 F: 2 4 3 
1808 2 1810 111 F: 2 
1808 5 1823 230 F: 3 1 1 
1834 5 1839 211 F: 3 2 
1837 7 1865 130 F: 7 
1845 6 1869 64 F: 6 
1863 10 1893 217 F: 10 
1865 6 1883 130 F: 6 
1893 2 1895 144 F: 2 
1896 7 1924 42 F: 6 1 
1901 11 1912 225 F: 11 
1905 7 1919 186 F: 7 
1921 8 1953 177 F: 7 1 
1951 6 1957 244 F: 5 1 
1962 9 1980 239 F: 9 
1975 8 1991 109 F: 8 
1983 4 1995 144 F: 4 
1989 10 2029 81 F: 10 
1992 9 2010 234 F: 3 6 
1993 10 2003 151 F: 5 5 
2015 4 2027 71 F: 3 1 
2021 9 2039 178 F: 7 2 
2029 6 2047 216 F: 2 4 
2030 11 2052 248 F: 7 4 
2038 10 2058 212 F: 10 
2074 7 2088 54 F: 7 
2090 8 2122 110 F: 4 1 3 
2092 11 2114 8 F: 5 4 2 
2096 7 2117 153 F: 2 5 
2097 9 2124 111 F: 5 4 
2112 3 2115 141 F: 3 
2126 7 2133 126 F: 4 3 
2141 8 2157 141 F: 4 3 1 
2162 8 2178 248 F: 8 
2167 2 2175 229 F: 2 
2169 9 2196 145 F: 5 1 3 
2171 13 2210 18 F: 13 
2173 12 2197 220 F: 12 
2187 3 2193 225 F: 3 
2196 2 2200 84 F: 2 
2205 10 2225 228 F: 10 
2207 7 2235 90 F: 4 2 1 
2214 9 2232 137 F: 2 4 3 
2230 8 2238 59 F: 4 2 2 
2250 13 2263 178 F: 13 
2256 7 2284 164 F: 2 5 
2262 11 2273 196 F: 11 
2278 11 2311 219 F: 4 4 3 
2279 5 2284 12 F: 2 1 2 
2298 13 2337 222 F: 7 6 
2301 7 2315 224 F: 2 2 3 
2321 9 2357 236 F: 3 4 2 
2324 4 2340 22 F: 3 1 
2327 6 2345 146 F: 4 2 
2351 13 2364 186 F: 13 
2357 12 2393 247 F: 5 3 4 
2363 11 2396 159 F: 11 
2368 8 2400 58 F: 3 5 
2392 7 2413 43 F: 6 1 
2395 6 2407 1 F: 2 2 2 
2408 10 2418 126 F: 10 
2425 9 2461 48 F: 5 1 3 
2425 12 2449 31 F: 12 
2439 11 2483 152 F: 7 4 
2440 10 2460 21 F: 5 2 3 
2452 13 2478 225 F: 13 
2461 8 2485 19 F: 4 1 3 
2465 9 2474 14 F: 4 1 4 
2471 8 2487 61 F: 4 2 2 
2498 8 2506 185 F: 8 
D: 3 178 
D: 4 204 
D: 14 80 
D: 14 204 
D: 19 152 
D: 20 95 
D: 25 208 
D: 44 159 
D: 50 79 
D: 53 58 
D: 53 178 
D: 57 158 
D: 58 212 
D: 59 80 
D: 62 90 
D: 63 175 
D: 74 122 
D: 74 200 
D: 88 123 
D: 93 168 
D: 106 166 
D: 117 139 
D: 120 195 
D: 165 170 
D: 227 248 
