14 9 50 2 F: 6 3 
14 10 54 166 F: 10 
18 8 26 120 F: 2 4 2 
42 8 74 8 F: 8 
50 8 74 187 F: 2 6 
56 4 64 31 F: 2 2 
63 3 66 208 F: 2 1 
72 3 84 52 F: 3 
78 6 102 132 F: 3 1 2 
83 12 95 197 F: 7 5 
103 6 127 11 F: 4 2 
105 8 129 8 F: 8 
119 12 143 43 F: 12 
136 5 156 231 F: 5 
141 7 169 238 F: 7 
143 8 167 144 F: 8 
174 6 186 198 F: 6 
177 13 203 147 F: 13 
188 8 220 114 F: 3 3 2 
198 8 230 111 F: 4 1 3 
238 8 254 192 F: 2 4 2 
243 6 267 54 F: 6 
245 13 284 124 F: 7 6 
256 6 280 63 F: 5 1 
271 6 283 20 F: 2 3 1 
285 9 303 126 F: 5 4 
288 11 321 83 F: 3 4 4 
292 6 316 35 F: 3 2 1 
294 9 321 135 F: 4 3 2 
298 11 320 207 F: 11 
305 2 311 74 F: 2 
319 4 323 25 F: 4 
328 10 338 243 F: 4 6 
333 6 345 157 F: 2 4 
334 6 340 222 F: 3 3 
338 9 365 196 F: 4 4 1 
349 12 361 4 F: 12 
353 5 368 138 F: 5 
376 10 386 46 F: 3 3 4 
399 11 421 241 F: 5 2 4 
410 11 421 236 F: 5 2 4 
431 9 467 86 F: 9 
438 5 453 151 F: 5 
445 7 473 87 F: 5 1 1 
467 9 485 36 F: 9 
471 6 489 98 F: 4 1 1 
471 9 507 249 F: 2 3 4 
480 9 498 229 F: 9 
487 12 535 54 F: 5 3 4 
490 6 502 98 F: 3 3 
501 4 509 131 F: 2 2 
511 10 551 30 F: 7 3 
524 6 536 101 F: 3 3 
543 7 550 161 F: 4 3 
549 6 567 94 F: 6 
556 8 564 15 F: 6 2 
558 9 594 210 F: 4 2 3 
560 12 596 99 F: 12 
563 10 583 177 F: 3 3 4 
579 5 599 172 F: 5 
606 8 630 198 F: 3 5 
621 5 631 75 F: 3 2 
624 7 631 215 F: 7 
653 4 665 168 F: 2 2 
669 7 697 73 F: 2 3 2 
670 8 694 112 F: 2 3 3 
679 9 715 28 F: 9 
680 11 724 51 F: 11 
687 8 695 108 F: 4 2 2 
693 6 717 142 F: 2 1 3 
702 6 714 169 F: 2 1 3 
713 12 749 190 F: 12 
724 5 729 97 F: 2 3 
729 9 738 215 F: 9 
736 4 744 223 F: 4 
739 13 791 204 F: 7 6 
750 9 768 241 F: 6 3 
778 4 794 149 F: 2 2 
781 7 802 45 F: 2 3 2 
798 8 806 125 F: 3 2 3 
815 5 820 230 F: 2 3 
830 8 846 207 F: 5 3 
850 7 871 157 F: 5 1 1 
850 7 871 215 F: 7 
858 11 880 139 F: 11 
867 8 875 106 F: 4 4 
884 10 904 32 F: 6 4 
889 2 893 193 F: 2 
890 9 899 137 F: 3 2 4 
898 9 916 239 F: 3 3 3 
902 6 926 245 F: 6 
918 6 936 197 F: 2 4 
923 6 947 97 F: 6 
932 3 944 169 F: 3 
943 11 987 11 F: 11 
944 6 950 144 F: 6 
950 9 986 241 F: 5 2 2 
970 9 1006 234 F: 4 5 
974 4 986 120 F: 2 1 1 
975 9 1011 190 F: 5 3 1 
1014 7 1028 189 F: 4 3 
1024 2 1032 46 F: 2 
1031 7 1045 69 F: 7 
1037 10 1057 35 F: 6 4 
1046 11 1057 130 F: 11 
1057 10 1097 66 F: 4 6 
1081 12 1117 1 F: 6 6 
1085 2 1089 159 F: 2 
1085 6 1091 246 F: 4 2 
1091 6 1109 80 F: 6 
1130 6 1142 94 F: 2 1 3 
1136 7 1150 10 F: 2 5 
1142 6 1160 241 F: 6 
1151 10 1191 4 F: 5 1 4 
1152 10 1172 159 F: 4 4 2 
1155 7 1176 238 F: 7 
1170 4 1186 114 F: 3 1 
1179 7 1193 237 F: 7 
1190 4 1194 130 F: 4 
1190 13 1229 149 F: 7 6 
1206 6 1230 75 F: 6 
1228 3 1234 236 F: 2 1 
1234 10 1244 28 F: 6 4 
1242 7 1270 112 F: 2 1 4 
1244 7 1258 245 F: 4 3 
1250 8 1258 195 F: 3 4 1 
1265 7 1279 150 F: 3 4 
1277 5 1287 243 F: 4 1 
1297 9 1333 4 F: 4 5 
1297 11 1341 153 F: 5 3 3 
1326 12 1350 41 F: 12 
1334 7 1362 124 F: 7 
1335 9 1371 27 F: 4 2 3 
1348 6 1366 119 F: 3 3 
1355 11 1377 13 F: 4 3 4 
1362 10 1372 44 F: 4 6 
1362 13 1375 28 F: 13 
1369 5 1379 180 F: 2 3 
1387 12 1411 154 F: 12 
1395 7 1423 74 F: 7 
1407 9 1434 89 F: 9 
1407 13 1446 150 F: 13 
1409 4 1425 133 F: 2 1 1 
1438 7 1445 100 F: 6 1 
1439 9 1466 48 F: 4 3 2 
1471 7 1499 187 F: 7 
1472 3 1478 126 F: 3 
1484 7 1491 45 F: 3 1 3 
1485 7 1513 131 F: 2 3 2 
1493 5 1498 123 F: 3 1 1 
1533 5 1548 222 F: 2 3 
1541 7 1569 18 F: 4 3 
1555 5 1570 133 F: 2 2 1 
1568 4 1572 114 F: 4 
1572 7 1579 217 F: 5 2 
1572 8 1588 23 F: 6 2 
1573 10 1593 242 F: 5 4 1 
1577 7 1605 107 F: 3 2 2 
1586 2 1592 137 F: 2 
1589 11 1611 88 F: 5 3 3 
1600 9 1618 203 F: 7 2 
1614 12 1626 220 F: 4 4 4 
1614 12 1650 83 F: 4 4 4 
1616 6 1640 115 F: 6 
1642 6 1666 192 F: 3 3 
1644 7 1665 96 F: 6 1 
1644 12 1656 129 F: 6 6 
1682 6 1694 174 F: 2 3 1 
1688 6 1694 145 F: 6 
1691 7 1698 144 F: 2 1 4 
1720 5 1735 165 F: 5 
1728 7 1742 146 F: 7 
1734 5 1744 243 F: 5 
1748 9 1757 150 F: 3 3 3 
1750 5 1770 36 F: 5 
1758 6 1782 244 F: 2 1 3 
1764 8 1788 124 F: 8 
1770 12 1782 60 F: 4 4 4 
1771 8 1803 228 F: 5 2 1 
1780 11 1813 2 F: 11 
1816 6 1840 230 F: 4 1 1 
1822 7 1836 215 F: 3 4 
1839 8 1855 33 F: 8 
1844 13 1883 28 F: 13 
1860 10 1870 213 F: 10 
1862 8 1894 3 F: 3 2 3 
1871 10 1901 92 F: 4 2 4 
1875 8 1899 225 F: 4 3 1 
1892 5 1907 224 F: 3 1 1 
1895 12 1907 49 F: 12 
1901 9 1937 220 F: 9 
1913 8 1929 93 F: 7 1 
1915 12 1927 72 F: 4 4 4 
1928 9 1964 42 F: 3 6 
1947 6 1965 120 F: 4 2 
1955 12 1967 19 F: 12 
1961 11 1972 67 F: 11 
1982 10 2012 159 F: 4 2 4 
1984 4 2000 225 F: 4 
1988 7 2016 132 F: 7 
2000 5 2005 192 F: 3 2 
2002 10 2032 75 F: 10 
2016 4 2032 234 F: 4 
2037 9 2073 5 F: 4 3 2 
2046 5 2056 127 F: 2 3 
2052 8 2060 181 F: 4 1 3 
2052 10 2092 132 F: 10 
2057 7 2064 203 F: 7 
2062 10 2082 161 F: 5 1 4 
2085 11 2096 138 F: 5 2 4 
2108 10 2118 189 F: 7 3 
2119 12 2155 73 F: 12 
2121 12 2157 222 F: 5 3 4 
2126 6 2132 133 F: 3 3 
2130 3 2136 54 F: 3 
2144 8 2152 220 F: 5 3 
2154 7 2168 140 F: 3 3 1 
2165 8 2197 142 F: 3 1 4 
2172 10 2212 89 F: 2 4 4 
2193 11 2226 136 F: 11 
2213 5 2218 79 F: 2 3 
2229 6 2241 137 F: 6 
2231 8 2263 203 F: 8 
2236 3 2245 210 F: 3 
2236 12 2272 228 F: 12 
2241 9 2277 137 F: 6 3 
2253 11 2275 53 F: 11 
2278 12 2290 49 F: 12 
2294 2 2300 81 F: 2 
2299 12 2311 204 F: 5 3 4 
2302 4 2314 94 F: 4 
2331 7 2338 226 F: 2 5 
2334 5 2354 88 F: 2 1 2 
2341 6 2365 100 F: 3 3 
2348 8 2356 100 F: 8 
2352 2 2358 160 F: 2 
2364 9 2391 233 F: 4 4 1 
2371 5 2381 95 F: 5 
2380 7 2401 147 F: 2 3 2 
2382 3 2391 9 F: 3 
2416 11 2438 6 F: 5 4 2 
2423 7 2437 201 F: 2 5 
2427 8 2443 21 F: 2 4 2 
2436 10 2466 73 F: 10 
2447 7 2454 165 F: 4 2 1 
2459 5 2469 176 F: 5 
2460 3 2469 37 F: 2 1 
2461 8 2477 20 F: 2 6 
2473 5 2488 57 F: 5 
2490 8 2514 159 F: 2 2 4 
D: 3 184 
D: 3 230 
D: 13 30 
D: 14 89 
D: 46 91 
D: 48 212 
D: 55 111 
D: 57 107 
D: 84 88 
D: 88 137 
D: 88 225 
D: 107 219 
D: 112 148 
D: 121 194 
D: 123 233 
D: 126 174 
D: 128 228 
D: 135 186 
D: 136 156 
D: 139 233 
D: 147 185 
D: 170 216 
D: 187 190 
D: 203 220 
D: 205 238 
