6 5 16 139 F: 3 2 
22 10 42 179 F: 4 6 
26 12 50 7 F: 12 
31 8 63 155 F: 8 
51 8 59 54 F: 2 2 4 
51 9 69 109 F: 4 5 
78 4 90 53 F: 4 
91 5 111 130 F: 2 2 1 
91 7 98 43 F: 3 4 
96 4 100 37 F: 3 1 
110 8 134 20 F: 5 3 
120 8 152 100 F: 2 3 3 
127 13 140 80 F: 7 6 
136 8 168 17 F: 8 
141 10 181 58 F: 5 2 3 
142 6 166 145 F: 4 2 
151 6 169 179 F: 6 
169 7 176 120 F: 7 
172 7 186 7 F: 5 2 
187 5 207 26 F: 3 2 
201 11 223 141 F: 5 3 3 
212 5 232 4 F: 5 
221 4 233 101 F: 4 
239 10 279 78 F: 5 5 
242 8 250 198 F: 5 3 
247 6 265 189 F: 4 2 
265 13 278 175 F: 13 
273 7 280 186 F: 4 1 2 
273 11 284 166 F: 11 
277 11 310 28 F: 5 3 3 
306 9 324 71 F: 6 3 
310 9 319 168 F: 4 5 
317 11 328 14 F: 7 4 
339 8 363 145 F: 6 2 
343 12 379 125 F: 6 6 
345 10 355 8 F: 7 3 
351 12 399 103 F: 4 4 4 
354 13 367 55 F: 13 
369 10 379 135 F: 7 3 
370 8 378 189 F: 6 2 
411 6 417 83 F: 3 2 1 
412 8 444 94 F: 3 5 
414 5 429 10 F: 3 2 
419 9 446 158 F: 4 5 
432 9 468 91 F: 3 2 4 
437 7 458 197 F: 2 2 3 
441 9 477 28 F: 9 
466 10 486 27 F: 5 3 2 
482 9 509 166 F: 9 
489 12 537 166 F: 12 
502 12 526 90 F: 6 6 
508 8 540 24 F: 2 6 
534 7 548 159 F: 2 3 2 
536 6 542 200 F: 2 4 
545 12 557 158 F: 7 5 
549 10 559 60 F: 5 5 
566 9 593 159 F: 5 4 
568 12 604 178 F: 12 
590 8 622 158 F: 5 1 2 
594 4 602 165 F: 4 
602 3 614 61 F: 3 
602 8 634 193 F: 8 
620 6 638 67 F: 6 
621 8 637 80 F: 7 1 
640 11 651 14 F: 3 4 4 
643 8 667 54 F: 8 
649 5 664 3 F: 5 
656 4 664 30 F: 4 
677 6 683 31 F: 2 3 1 
698 13 737 14 F: 13 
705 7 733 83 F: 4 3 
721 12 733 47 F: 6 6 
736 8 744 161 F: 2 6 
740 9 749 194 F: 3 4 2 
755 7 776 24 F: 6 1 
756 13 795 70 F: 7 6 
777 11 821 197 F: 4 3 4 
790 5 800 172 F: 3 2 
793 6 817 191 F: 6 
795 13 847 80 F: 13 
807 3 819 90 F: 3 
819 10 849 140 F: 5 2 3 
844 3 850 88 F: 3 
848 10 868 101 F: 5 3 2 
850 9 886 144 F: 9 
859 9 886 44 F: 3 3 3 
859 11 870 51 F: 7 4 
870 4 886 168 F: 2 2 
880 6 898 128 F: 2 3 1 
887 9 914 96 F: 4 5 
916 8 940 70 F: 8 
921 13 960 49 F: 13 
938 9 965 90 F: 3 2 4 
944 7 972 158 F: 2 5 
954 9 972 112 F: 5 3 1 
960 11 1004 190 F: 11 
963 7 984 178 F: 3 3 1 
973 10 1003 190 F: 4 2 4 
992 12 1040 85 F: 12 
997 6 1003 191 F: 4 1 1 
1012 7 1033 194 F: 7 
1046 8 1078 12 F: 3 5 
1059 8 1091 145 F: 2 6 
1061 12 1109 45 F: 12 
1063 11 1096 152 F: 11 
1064 11 1075 83 F: 7 4 
1077 3 1083 76 F: 3 
1083 8 1107 184 F: 8 
1086 12 1098 182 F: 5 4 3 
1090 9 1099 165 F: 5 2 2 
1130 10 1140 97 F: 10 
1145 10 1185 178 F: 5 4 1 
1154 10 1184 154 F: 5 4 1 
1160 9 1178 1 F: 5 1 3 
1166 5 1176 147 F: 2 3 
1169 7 1183 126 F: 7 
1179 7 1186 41 F: 5 2 
1181 12 1193 142 F: 7 5 
1186 7 1193 97 F: 6 1 
1198 9 1207 108 F: 5 2 2 
1203 12 1239 23 F: 6 6 
1205 9 1223 41 F: 3 6 
1206 8 1222 96 F: 3 4 1 
1210 5 1225 34 F: 5 
1213 2 1217 6 F: 2 
1221 8 1245 121 F: 5 3 
1273 9 1291 24 F: 3 4 2 
1281 11 1314 48 F: 11 
1284 8 1292 19 F: 5 3 
1297 11 1330 139 F: 11 
1308 13 1334 188 F: 13 
1312 5 1317 23 F: 5 
1334 6 1358 137 F: 6 
1335 6 1353 91 F: 6 
1345 6 1363 127 F: 6 
1360 13 1373 118 F: 7 6 
1362 6 1374 63 F: 6 
1366 13 1392 98 F: 13 
1387 5 1402 70 F: 4 1 
1393 11 1404 56 F: 7 4 
1404 6 1410 174 F: 2 1 3 
1416 9 1434 75 F: 4 1 4 
1419 6 1431 24 F: 6 
1432 5 1437 88 F: 2 1 2 
1443 7 1471 117 F: 4 3 
1476 5 1496 156 F: 4 1 
1477 9 1486 77 F: 6 3 
1482 3 1494 90 F: 3 
1487 9 1496 172 F: 4 4 1 
1492 5 1512 167 F: 2 1 2 
1522 12 1570 43 F: 6 6 
1529 7 1543 34 F: 3 3 1 
1536 9 1545 162 F: 7 2 
1537 5 1547 188 F: 2 3 
1549 9 1567 4 F: 3 3 3 
1566 5 1576 25 F: 2 3 
1588 10 1608 49 F: 4 3 3 
1591 7 1598 151 F: 3 4 
1592 5 1607 90 F: 3 1 1 
1594 12 1642 147 F: 4 4 4 
1624 6 1636 98 F: 6 
1627 8 1643 84 F: 5 2 1 
1665 5 1675 122 F: 2 3 
1668 8 1676 112 F: 2 6 
1671 11 1682 190 F: 7 4 
1671 11 1704 189 F: 6 5 
1673 10 1693 176 F: 4 6 
1674 9 1692 36 F: 9 
1678 7 1706 20 F: 7 
1686 9 1704 134 F: 5 4 
1701 11 1745 133 F: 5 2 4 
1708 9 1744 18 F: 9 
1717 8 1733 49 F: 6 2 
1724 6 1730 146 F: 2 4 
1733 8 1741 3 F: 5 3 
1741 8 1773 137 F: 7 1 
1748 11 1781 99 F: 11 
1784 11 1817 161 F: 5 6 
1791 7 1798 146 F: 2 2 3 
1794 9 1812 191 F: 9 
1805 5 1820 117 F: 3 2 
1806 9 1833 47 F: 4 1 4 
1813 10 1823 135 F: 6 4 
1818 10 1828 66 F: 2 4 4 
1822 11 1866 2 F: 11 
1845 6 1851 89 F: 6 
1860 8 1876 63 F: 8 
1873 8 1905 174 F: 8 
1874 11 1885 102 F: 11 
1890 9 1899 100 F: 5 2 2 
1903 8 1935 127 F: 5 3 
1905 8 1937 30 F: 4 3 1 
1921 10 1931 179 F: 10 
1921 11 1943 76 F: 11 
1923 8 1947 123 F: 2 3 3 
1928 3 1931 33 F: 3 
1936 9 1963 126 F: 9 
1941 10 1961 60 F: 7 3 
1963 10 2003 60 F: 5 5 
1991 2 1993 46 F: 2 
D: 1 115 
D: 2 96 
D: 13 34 
D: 18 65 
D: 26 54 
D: 27 45 
D: 36 61 
D: 37 172 
D: 38 147 
D: 39 93 
D: 39 172 
D: 40 173 
D: 48 185 
D: 50 110 
D: 62 194 
D: 64 104 
D: 86 197 
D: 121 158 
D: 136 155 
D: 143 157 
