7 9 34 89 F: 4 1 4 
12 6 30 82 F: 2 2 2 
19 3 25 113 F: 3 
27 8 59 121 F: 2 6 
28 8 44 28 F: 4 4 
31 10 41 32 F: 10 
59 5 69 108 F: 4 1 
69 9 105 82 F: 2 4 3 
69 10 79 107 F: 5 5 
86 9 95 178 F: 4 3 2 
115 8 147 137 F: 4 4 
123 10 163 63 F: 5 5 
129 12 177 157 F: 6 6 
148 9 157 178 F: 9 
175 5 180 178 F: 5 
180 6 186 196 F: 6 
186 13 238 2 F: 13 
193 8 209 168 F: 8 
194 5 204 83 F: 3 2 
195 9 231 23 F: 9 
207 6 213 99 F: 4 2 
228 8 252 194 F: 3 5 
229 7 257 28 F: 7 
234 4 238 93 F: 2 1 1 
234 9 252 129 F: 2 3 4 
246 7 260 105 F: 3 4 
248 10 268 109 F: 6 4 
250 5 265 7 F: 5 
282 5 302 194 F: 4 1 
299 7 313 27 F: 4 3 
300 8 316 149 F: 8 
322 5 337 115 F: 5 
323 11 345 105 F: 4 4 3 
328 9 364 149 F: 7 2 
369 7 390 67 F: 4 3 
381 10 401 15 F: 10 
384 13 397 126 F: 7 6 
390 10 410 3 F: 4 3 3 
392 7 399 171 F: 4 3 
393 8 409 124 F: 7 1 
425 6 443 45 F: 2 3 1 
425 7 432 129 F: 2 1 4 
439 5 459 124 F: 5 
442 7 449 155 F: 7 
461 13 474 172 F: 13 
463 13 502 146 F: 5 4 4 
477 10 487 59 F: 5 2 3 
478 8 486 196 F: 2 6 
486 12 498 97 F: 12 
488 11 521 31 F: 4 3 4 
504 6 528 152 F: 3 1 2 
521 4 537 71 F: 2 1 1 
524 8 556 56 F: 5 3 
534 8 558 10 F: 7 1 
544 11 588 22 F: 3 4 4 
545 13 558 57 F: 7 6 
572 9 581 22 F: 3 6 
574 11 607 161 F: 5 2 4 
584 10 594 161 F: 5 2 3 
592 3 595 194 F: 3 
603 10 633 13 F: 6 4 
605 11 616 67 F: 11 
613 5 618 31 F: 5 
616 5 626 34 F: 2 3 
616 7 637 73 F: 2 1 4 
616 13 655 120 F: 13 
650 13 663 145 F: 13 
672 8 688 53 F: 8 
694 7 722 49 F: 4 2 1 
696 9 732 13 F: 2 3 4 
704 12 728 150 F: 12 
715 7 722 170 F: 3 4 
719 8 751 32 F: 8 
727 9 736 157 F: 3 6 
733 4 745 183 F: 3 1 
737 10 777 168 F: 4 6 
746 7 760 113 F: 2 1 4 
756 6 768 65 F: 6 
789 8 821 110 F: 3 4 1 
793 6 811 175 F: 6 
808 12 844 126 F: 7 5 
810 3 819 190 F: 3 
815 12 827 179 F: 12 
816 9 825 168 F: 4 1 4 
817 13 869 139 F: 13 
825 6 849 99 F: 3 2 1 
829 13 855 53 F: 13 
839 10 859 42 F: 7 3 
866 8 890 30 F: 4 4 
867 10 897 24 F: 7 3 
900 13 926 116 F: 7 6 
918 10 938 122 F: 2 4 4 
919 7 940 57 F: 7 
931 8 963 3 F: 4 1 3 
938 6 956 94 F: 4 2 
954 9 981 77 F: 5 1 3 
956 11 967 71 F: 11 
968 9 995 189 F: 3 6 
973 8 981 49 F: 5 3 
995 8 1003 29 F: 3 4 1 
1000 6 1012 112 F: 5 1 
1003 10 1023 91 F: 5 1 4 
1004 6 1016 42 F: 4 2 
1017 9 1035 155 F: 5 3 1 
1024 3 1030 46 F: 3 
1032 11 1043 107 F: 4 3 4 
1038 8 1062 96 F: 2 3 3 
1041 13 1080 66 F: 7 6 
1060 10 1070 15 F: 5 4 1 
1071 13 1110 52 F: 5 4 4 
1107 10 1127 67 F: 5 2 3 
1121 13 1134 86 F: 13 
1131 10 1171 46 F: 7 3 
1146 4 1162 176 F: 2 2 
1167 10 1187 34 F: 10 
1171 7 1192 42 F: 7 
1174 11 1218 170 F: 5 6 
1193 9 1229 114 F: 9 
1196 7 1210 152 F: 4 2 1 
1198 7 1226 75 F: 7 
1208 7 1222 76 F: 2 4 1 
1222 5 1227 154 F: 5 
1225 5 1230 173 F: 2 3 
1226 5 1241 151 F: 2 2 1 
1241 6 1265 187 F: 6 
1245 10 1275 161 F: 10 
1251 10 1291 200 F: 4 6 
1269 5 1279 51 F: 5 
1269 9 1287 32 F: 3 6 
1299 12 1311 125 F: 6 6 
1311 9 1338 102 F: 4 2 3 
1323 9 1359 17 F: 4 5 
1325 4 1337 145 F: 3 1 
1336 4 1352 24 F: 4 
1339 12 1351 175 F: 6 6 
1367 9 1394 175 F: 2 4 3 
1372 9 1390 101 F: 4 4 1 
1375 3 1381 88 F: 3 
1385 6 1391 193 F: 2 3 1 
1390 8 1422 89 F: 4 3 1 
1400 13 1452 107 F: 13 
1401 7 1429 141 F: 5 2 
1411 10 1451 67 F: 4 6 
1439 5 1454 176 F: 5 
1449 8 1481 157 F: 2 6 
1465 10 1485 41 F: 3 3 4 
1478 9 1487 185 F: 3 3 3 
1493 6 1517 23 F: 6 
1495 6 1519 191 F: 6 
1497 7 1518 114 F: 2 5 
1508 8 1532 88 F: 6 2 
1508 10 1528 154 F: 5 1 4 
1516 12 1564 49 F: 6 6 
1517 3 1526 59 F: 3 
1518 13 1557 106 F: 13 
1519 9 1546 111 F: 5 3 1 
1543 7 1557 159 F: 7 
1579 4 1587 73 F: 2 2 
1587 2 1595 9 F: 2 
1592 6 1616 32 F: 6 
1608 11 1630 196 F: 11 
1610 12 1622 103 F: 12 
1615 7 1636 81 F: 7 
1616 5 1631 140 F: 5 
1621 5 1636 159 F: 2 3 
1638 2 1640 31 F: 2 
1643 5 1663 17 F: 2 3 
1672 12 1708 89 F: 12 
1676 5 1686 177 F: 3 2 
1678 6 1702 90 F: 3 1 2 
1729 4 1733 85 F: 4 
1729 6 1753 44 F: 2 2 2 
1737 8 1761 49 F: 8 
1740 7 1747 165 F: 7 
1742 2 1748 200 F: 2 
1744 8 1760 122 F: 4 3 1 
1745 9 1754 175 F: 4 2 3 
1767 10 1787 79 F: 10 
1768 6 1786 9 F: 4 2 
1787 7 1801 38 F: 3 4 
1812 12 1848 94 F: 12 
1835 4 1847 160 F: 2 2 
1844 13 1857 59 F: 5 4 4 
1850 7 1878 150 F: 2 2 3 
1853 8 1877 5 F: 3 5 
1877 11 1888 15 F: 4 3 4 
1878 7 1899 194 F: 3 4 
1885 13 1911 189 F: 13 
1886 11 1908 95 F: 4 3 4 
1887 8 1919 64 F: 4 4 
1907 7 1935 58 F: 5 2 
1908 5 1918 89 F: 4 1 
1922 7 1929 135 F: 3 1 3 
1955 10 1975 35 F: 10 
1957 3 1966 110 F: 2 1 
1968 5 1978 2 F: 5 
1970 5 1985 181 F: 5 
1971 9 1980 75 F: 5 2 2 
1979 7 2000 65 F: 7 
1998 6 2016 65 F: 4 2 
D: 0 137 
D: 7 75 
D: 23 135 
D: 25 38 
D: 33 141 
D: 33 198 
D: 44 48 
D: 52 137 
D: 58 116 
D: 59 124 
D: 60 115 
D: 67 139 
D: 69 135 
D: 77 108 
D: 93 104 
D: 102 188 
D: 122 185 
D: 125 144 
D: 134 179 
D: 173 191 
