0 10 30 208 F: 4 2 4 
24 6 48 218 F: 3 3 
26 6 44 228 F: 2 3 1 
26 9 35 192 F: 4 2 3 
37 8 69 112 F: 3 3 2 
50 7 64 224 F: 4 3 
67 9 94 56 F: 4 3 2 
75 10 105 153 F: 6 4 
79 12 91 243 F: 7 5 
95 8 103 101 F: 3 4 1 
112 7 140 44 F: 3 1 3 
118 6 124 19 F: 6 
121 8 145 110 F: 3 2 3 
123 7 137 226 F: 2 4 1 
140 7 147 236 F: 7 
151 5 156 66 F: 4 1 
161 10 191 199 F: 5 3 2 
164 12 176 68 F: 12 
169 5 179 140 F: 3 1 1 
183 10 223 217 F: 4 3 3 
204 11 215 53 F: 5 3 3 
205 12 217 242 F: 5 4 3 
211 10 221 224 F: 7 3 
227 12 251 238 F: 6 6 
244 9 271 202 F: 3 2 4 
252 7 266 153 F: 7 
259 8 291 60 F: 3 3 2 
268 13 294 67 F: 13 
278 10 318 170 F: 5 1 4 
286 9 295 202 F: 3 6 
309 3 321 104 F: 2 1 
317 5 332 59 F: 3 2 
323 5 343 68 F: 2 3 
323 10 343 98 F: 10 
325 9 343 161 F: 6 3 
330 9 339 38 F: 3 6 
346 12 370 95 F: 7 5 
365 10 375 8 F: 3 4 3 
393 2 395 183 F: 2 
395 7 423 246 F: 2 2 3 
431 13 470 32 F: 13 
440 2 446 2 F: 2 
456 7 470 34 F: 2 5 
458 8 490 186 F: 2 4 2 
459 9 495 199 F: 9 
482 8 490 70 F: 8 
482 9 509 96 F: 2 3 4 
485 13 524 92 F: 13 
488 9 506 144 F: 4 2 3 
496 8 528 15 F: 5 3 
501 7 522 236 F: 3 1 3 
502 9 529 49 F: 4 1 4 
522 8 538 187 F: 8 
522 11 555 124 F: 5 6 
522 13 574 213 F: 13 
534 13 573 9 F: 13 
563 8 595 118 F: 7 1 
571 12 583 92 F: 6 6 
581 6 587 236 F: 6 
593 9 620 227 F: 4 5 
614 7 628 174 F: 6 1 
629 8 637 67 F: 2 3 3 
631 12 679 158 F: 12 
649 10 669 42 F: 3 4 3 
650 8 674 62 F: 6 2 
655 8 671 70 F: 8 
656 8 664 110 F: 8 
660 7 667 30 F: 6 1 
664 7 671 236 F: 7 
668 7 689 173 F: 2 3 2 
703 13 742 58 F: 13 
746 9 755 210 F: 9 
754 7 768 199 F: 7 
763 9 772 244 F: 5 1 3 
768 12 816 108 F: 12 
770 9 806 177 F: 3 6 
776 5 786 34 F: 2 1 2 
776 10 796 53 F: 7 3 
785 9 794 112 F: 9 
794 11 827 141 F: 11 
828 6 834 32 F: 4 1 1 
828 12 840 143 F: 12 
847 8 863 187 F: 3 5 
859 3 862 126 F: 3 
865 11 898 152 F: 4 3 4 
872 4 880 207 F: 3 1 
879 3 891 189 F: 3 
890 9 899 167 F: 5 1 3 
892 8 916 232 F: 5 3 
895 6 901 119 F: 2 4 
912 12 948 222 F: 12 
916 8 948 103 F: 3 5 
917 11 950 16 F: 4 3 4 
928 8 952 44 F: 2 2 4 
940 6 964 199 F: 3 3 
942 2 948 109 F: 2 
951 7 958 194 F: 6 1 
952 13 978 188 F: 5 4 4 
982 7 996 200 F: 4 1 2 
990 7 1004 204 F: 3 4 
1000 8 1016 169 F: 2 4 2 
1014 10 1054 55 F: 5 4 1 
1020 8 1044 138 F: 8 
1029 13 1068 63 F: 7 6 
1040 5 1050 249 F: 2 3 
1040 9 1049 177 F: 4 2 3 
1041 11 1052 40 F: 4 3 4 
1083 12 1131 47 F: 7 5 
1085 6 1097 158 F: 4 1 1 
1092 12 1140 226 F: 12 
1115 4 1127 159 F: 2 2 
1147 7 1161 63 F: 4 3 
1161 8 1185 135 F: 5 3 
1166 8 1198 246 F: 3 4 1 
1168 5 1183 60 F: 5 
1176 9 1203 116 F: 5 2 2 
1181 11 1203 228 F: 11 
1189 9 1216 80 F: 6 3 
1193 5 1213 84 F: 2 1 2 
1199 5 1219 247 F: 3 1 1 
1206 8 1230 219 F: 2 4 2 
1208 10 1218 167 F: 3 4 3 
1215 4 1219 160 F: 4 
1224 3 1236 95 F: 3 
1241 8 1249 240 F: 7 1 
1242 9 1260 83 F: 5 4 
1254 8 1262 69 F: 5 1 2 
1257 5 1277 181 F: 2 3 
1276 8 1292 160 F: 4 2 2 
1297 8 1313 158 F: 2 4 2 
1309 9 1327 82 F: 4 5 
1326 7 1347 90 F: 5 1 1 
1343 5 1353 159 F: 4 1 
1363 8 1379 187 F: 6 2 
1370 9 1388 217 F: 4 3 2 
1377 11 1399 177 F: 11 
1379 9 1415 142 F: 7 2 
1392 10 1432 89 F: 10 
1395 10 1415 187 F: 4 6 
1398 6 1404 179 F: 2 2 2 
1401 7 1408 132 F: 5 2 
1408 10 1438 189 F: 7 3 
1412 6 1424 150 F: 4 2 
1420 9 1429 45 F: 9 
1425 9 1452 190 F: 5 2 2 
1428 3 1440 146 F: 2 1 
1447 11 1491 199 F: 5 2 4 
1452 10 1492 152 F: 6 4 
1469 6 1493 235 F: 3 3 
1471 10 1511 156 F: 10 
1505 10 1535 42 F: 4 6 
1525 8 1557 151 F: 5 3 
1531 13 1570 80 F: 13 
1535 5 1555 221 F: 3 2 
1541 7 1548 81 F: 2 5 
1544 3 1547 184 F: 3 
1565 13 1591 120 F: 13 
1571 6 1595 67 F: 6 
1587 7 1601 79 F: 4 2 1 
1598 7 1619 235 F: 2 5 
1600 2 1604 83 F: 2 
1604 7 1625 97 F: 6 1 
1622 13 1661 7 F: 13 
1639 7 1653 137 F: 5 1 1 
1642 8 1650 144 F: 2 4 2 
1662 5 1677 240 F: 3 2 
1663 10 1673 44 F: 5 2 3 
1664 7 1671 232 F: 2 5 
1674 5 1679 92 F: 3 2 
1692 9 1719 17 F: 4 3 2 
1723 5 1733 222 F: 4 1 
1732 12 1756 31 F: 12 
1737 10 1747 107 F: 2 4 4 
1737 11 1770 248 F: 11 
1747 10 1777 2 F: 5 2 3 
1758 4 1762 118 F: 4 
1778 10 1818 116 F: 4 2 4 
1785 5 1800 58 F: 2 3 
1790 10 1830 84 F: 10 
1792 11 1836 226 F: 4 3 4 
1809 3 1815 48 F: 2 1 
1813 10 1833 146 F: 10 
1828 8 1860 197 F: 5 3 
1830 7 1851 125 F: 7 
1847 8 1863 14 F: 7 1 
1852 9 1870 20 F: 6 3 
1855 5 1860 223 F: 5 
1886 10 1926 50 F: 10 
1896 5 1901 39 F: 4 1 
1898 7 1905 231 F: 3 3 1 
1914 7 1928 112 F: 3 4 
1924 10 1934 201 F: 4 3 3 
1939 4 1955 26 F: 4 
1960 9 1996 43 F: 9 
1965 9 2001 107 F: 3 2 4 
1974 8 1990 153 F: 4 2 2 
1986 9 1995 215 F: 9 
1993 10 2013 230 F: 7 3 
1993 11 2004 36 F: 7 4 
1994 8 2002 118 F: 6 2 
2017 8 2049 151 F: 7 1 
2025 13 2051 188 F: 5 4 4 
2029 8 2045 141 F: 4 4 
2031 4 2035 188 F: 3 1 
2037 10 2057 47 F: 10 
2069 5 2084 16 F: 2 3 
2078 10 2098 185 F: 4 4 2 
2083 10 2093 84 F: 10 
2088 8 2096 198 F: 6 2 
2099 12 2147 206 F: 5 4 3 
2100 5 2120 121 F: 5 
2113 7 2127 191 F: 2 3 2 
2119 9 2155 204 F: 4 5 
2125 3 2131 136 F: 3 
2139 8 2147 238 F: 8 
2140 2 2144 32 F: 2 
2153 7 2167 69 F: 4 1 2 
2157 12 2181 8 F: 12 
2164 9 2200 30 F: 9 
2199 8 2207 164 F: 3 3 2 
2207 11 2240 249 F: 11 
2224 9 2233 36 F: 3 6 
2267 5 2272 8 F: 4 1 
2267 12 2315 249 F: 5 3 4 
2274 11 2296 205 F: 7 4 
2275 5 2280 7 F: 3 1 1 
2278 9 2287 196 F: 4 2 3 
2290 5 2310 222 F: 4 1 
2294 8 2318 41 F: 2 6 
2294 13 2307 93 F: 13 
2308 8 2324 139 F: 6 2 
2324 12 2336 32 F: 4 4 4 
2339 13 2378 201 F: 13 
2350 9 2359 123 F: 3 6 
2352 8 2384 228 F: 4 1 3 
2359 9 2395 161 F: 3 2 4 
2373 8 2397 91 F: 4 1 3 
2376 7 2390 203 F: 5 2 
2378 10 2388 32 F: 10 
2382 8 2414 156 F: 4 1 3 
2410 9 2437 231 F: 5 2 2 
2412 2 2414 119 F: 2 
2414 2 2420 69 F: 2 
2415 6 2433 179 F: 4 2 
2424 8 2432 19 F: 3 5 
2427 2 2435 55 F: 2 
2442 7 2463 207 F: 7 
2448 4 2456 24 F: 4 
2470 8 2486 38 F: 2 4 2 
2491 8 2499 92 F: 3 5 
D: 7 234 
D: 18 174 
D: 20 237 
D: 22 98 
D: 24 174 
D: 39 141 
D: 42 185 
D: 43 132 
D: 49 99 
D: 63 77 
D: 81 200 
D: 89 121 
D: 99 138 
D: 101 126 
D: 113 150 
D: 115 195 
D: 118 162 
D: 138 204 
D: 154 214 
D: 162 172 
D: 166 219 
D: 178 217 
D: 188 202 
D: 208 217 
D: 218 231 
