33 9 69 50 F: 2 4 3 
36 6 54 71 F: 2 1 3 
50 8 58 148 F: 4 2 2 
51 7 72 18 F: 6 1 
60 5 70 101 F: 2 3 
71 6 89 78 F: 2 3 1 
87 3 93 89 F: 2 1 
87 6 99 48 F: 4 2 
97 6 109 150 F: 2 3 1 
98 13 111 143 F: 7 6 
125 12 149 26 F: 12 
132 11 143 12 F: 5 6 
134 11 156 148 F: 5 2 4 
144 9 153 17 F: 4 1 4 
154 10 184 159 F: 5 1 4 
154 11 176 9 F: 5 6 
155 8 171 177 F: 3 2 3 
168 10 208 138 F: 3 3 4 
182 11 215 114 F: 5 4 2 
199 13 238 104 F: 13 
200 5 220 140 F: 3 2 
220 9 229 179 F: 3 3 3 
231 5 246 36 F: 5 
233 8 257 174 F: 8 
234 8 242 151 F: 3 4 1 
236 13 275 132 F: 13 
238 8 254 117 F: 4 2 2 
255 4 259 76 F: 2 1 1 
272 3 281 146 F: 3 
280 7 287 33 F: 7 
310 10 320 96 F: 4 6 
327 4 343 79 F: 4 
342 6 360 71 F: 6 
348 10 368 138 F: 5 5 
354 9 390 99 F: 2 3 4 
366 9 402 50 F: 6 3 
370 9 388 172 F: 5 4 
375 13 388 50 F: 7 6 
382 12 418 5 F: 5 4 3 
388 5 408 20 F: 4 1 
408 3 420 164 F: 3 
427 8 459 174 F: 3 2 3 
439 8 455 136 F: 7 1 
443 7 464 15 F: 5 2 
443 9 479 185 F: 4 5 
466 6 478 138 F: 5 1 
474 12 510 144 F: 5 4 3 
478 4 494 136 F: 2 1 1 
479 6 491 93 F: 5 1 
498 3 507 103 F: 3 
508 6 532 137 F: 6 
524 10 534 128 F: 5 5 
536 7 557 142 F: 7 
545 11 556 162 F: 4 4 3 
567 9 576 29 F: 7 2 
572 10 582 93 F: 5 2 3 
578 4 582 148 F: 2 2 
590 10 610 181 F: 4 6 
591 7 619 175 F: 7 
597 4 605 200 F: 2 2 
617 6 629 60 F: 6 
620 7 648 121 F: 3 3 1 
629 13 668 28 F: 5 4 4 
647 7 668 48 F: 7 
648 7 669 65 F: 3 4 
657 6 675 9 F: 2 2 2 
660 9 678 74 F: 6 3 
673 9 709 19 F: 2 4 3 
679 4 691 20 F: 4 
689 10 729 23 F: 4 6 
700 9 727 12 F: 4 5 
705 12 753 74 F: 12 
725 13 738 193 F: 7 6 
736 10 756 152 F: 4 6 
739 9 757 164 F: 3 6 
747 9 765 44 F: 9 
755 11 788 192 F: 11 
756 8 780 37 F: 8 
759 6 765 110 F: 3 1 2 
785 5 795 6 F: 2 2 1 
809 11 842 64 F: 5 3 3 
842 8 874 148 F: 5 3 
849 8 865 14 F: 5 3 
861 2 867 96 F: 2 
874 11 918 160 F: 11 
877 12 913 50 F: 12 
881 9 917 82 F: 5 4 
897 7 918 21 F: 7 
897 8 921 100 F: 4 2 2 
899 11 910 192 F: 3 4 4 
921 12 957 36 F: 12 
928 10 968 86 F: 5 4 1 
937 9 973 170 F: 6 3 
940 8 964 122 F: 5 1 2 
943 7 971 84 F: 3 4 
945 4 957 58 F: 4 
956 5 976 129 F: 5 
966 6 984 170 F: 5 1 
976 13 1002 11 F: 13 
979 8 995 191 F: 3 3 2 
1020 9 1056 32 F: 3 6 
1051 7 1072 89 F: 2 5 
1053 4 1057 93 F: 2 1 1 
1053 12 1089 123 F: 12 
1054 2 1060 84 F: 2 
1057 10 1077 85 F: 4 6 
1093 6 1117 40 F: 5 1 
1094 11 1105 13 F: 5 6 
1096 11 1107 12 F: 3 4 4 
1098 5 1113 1 F: 3 1 1 
1103 8 1127 114 F: 5 2 1 
1108 10 1118 66 F: 2 4 4 
1118 8 1142 84 F: 8 
1122 8 1130 187 F: 5 3 
1128 13 1154 40 F: 13 
1135 7 1156 147 F: 7 
1135 10 1165 97 F: 5 3 2 
1151 2 1159 39 F: 2 
1158 11 1169 36 F: 3 4 4 
1185 10 1195 88 F: 10 
1213 10 1253 103 F: 3 4 3 
1219 6 1243 192 F: 3 3 
1224 8 1232 13 F: 2 2 4 
1229 7 1243 24 F: 5 2 
1244 7 1258 47 F: 2 2 3 
1249 9 1276 46 F: 7 2 
1265 10 1305 60 F: 4 6 
1277 10 1287 165 F: 5 5 
1280 7 1301 42 F: 2 5 
1285 8 1309 80 F: 4 4 
1307 6 1313 199 F: 2 2 2 
1336 10 1376 24 F: 3 3 4 
1337 11 1381 153 F: 5 6 
1339 3 1348 98 F: 3 
1355 4 1371 134 F: 4 
1357 6 1381 156 F: 4 2 
1359 11 1370 7 F: 5 4 2 
1362 6 1380 70 F: 2 3 1 
1375 2 1381 23 F: 2 
1398 5 1413 86 F: 3 2 
1409 11 1420 34 F: 11 
1410 5 1425 155 F: 5 
1417 3 1423 153 F: 3 
1422 11 1444 193 F: 5 4 2 
1441 6 1459 148 F: 6 
1446 5 1456 191 F: 5 
1456 4 1468 55 F: 3 1 
1485 9 1521 77 F: 4 4 1 
1488 12 1500 78 F: 12 
1493 10 1533 84 F: 10 
1503 4 1519 180 F: 4 
1510 6 1528 69 F: 6 
1528 9 1555 129 F: 4 4 1 
1528 11 1561 73 F: 3 4 4 
1536 2 1544 96 F: 2 
1554 13 1567 120 F: 7 6 
1556 8 1572 191 F: 8 
1559 6 1571 129 F: 3 2 1 
1577 5 1587 66 F: 3 2 
1597 13 1636 135 F: 13 
1606 4 1614 165 F: 3 1 
1608 8 1616 158 F: 6 2 
1627 8 1659 175 F: 3 3 2 
1636 7 1657 8 F: 4 1 2 
1645 11 1667 11 F: 5 6 
1649 2 1651 90 F: 2 
1662 7 1676 28 F: 3 3 1 
1663 10 1703 5 F: 7 3 
1664 5 1669 42 F: 5 
1665 5 1670 107 F: 5 
1719 10 1749 182 F: 7 3 
1741 8 1773 134 F: 4 4 
1742 13 1768 17 F: 7 6 
1746 5 1756 23 F: 5 
1750 5 1770 90 F: 2 2 1 
1763 8 1787 200 F: 3 5 
1773 11 1784 12 F: 4 3 4 
1774 4 1790 175 F: 4 
1789 7 1796 84 F: 7 
1799 7 1820 168 F: 7 
1813 9 1831 126 F: 7 2 
1815 12 1863 77 F: 5 4 3 
1850 6 1856 64 F: 3 3 
1850 8 1882 45 F: 8 
1866 6 1878 13 F: 5 1 
1871 5 1881 39 F: 5 
1875 7 1903 112 F: 4 1 2 
1882 12 1894 95 F: 5 4 3 
1888 5 1898 91 F: 2 3 
1895 9 1904 141 F: 4 5 
1912 11 1956 4 F: 11 
1939 9 1966 128 F: 3 3 3 
1948 10 1988 27 F: 10 
1965 7 1972 119 F: 2 4 1 
1972 5 1977 2 F: 4 1 
1974 11 2018 56 F: 11 
1975 7 1996 199 F: 2 5 
1977 11 1988 152 F: 11 
1979 12 2003 165 F: 12 
1998 12 2010 13 F: 12 
D: 4 57 
D: 6 197 
D: 26 35 
D: 26 45 
D: 32 99 
D: 34 109 
D: 36 89 
D: 41 142 
D: 44 87 
D: 58 186 
D: 61 145 
D: 64 78 
D: 66 174 
D: 68 183 
D: 87 128 
D: 88 113 
D: 90 192 
D: 91 160 
D: 110 139 
D: 117 144 
