18 2 24 44 F: 2 
19 11 30 125 F: 11 
25 7 32 176 F: 3 4 
33 5 48 74 F: 5 
33 13 46 154 F: 13 
39 10 49 225 F: 10 
67 10 77 81 F: 3 3 4 
87 5 92 198 F: 5 
89 7 103 120 F: 3 3 1 
92 8 124 222 F: 8 
107 9 116 64 F: 9 
115 9 142 155 F: 5 4 
116 9 134 21 F: 3 6 
134 6 146 218 F: 6 
147 13 160 108 F: 13 
151 11 173 190 F: 11 
159 9 186 226 F: 3 3 3 
161 10 171 24 F: 7 3 
193 7 221 50 F: 6 1 
197 13 249 222 F: 13 
207 6 213 71 F: 2 3 1 
209 8 225 196 F: 6 2 
234 10 254 248 F: 7 3 
252 7 266 152 F: 2 2 3 
257 8 265 198 F: 8 
262 11 273 135 F: 7 4 
265 7 279 94 F: 7 
266 8 282 117 F: 8 
291 8 299 151 F: 2 3 3 
299 5 309 98 F: 5 
304 9 322 29 F: 3 3 3 
318 12 330 153 F: 7 5 
332 8 348 195 F: 4 3 1 
366 13 405 243 F: 13 
369 8 393 100 F: 5 2 1 
370 7 391 249 F: 2 2 3 
372 11 394 212 F: 5 4 2 
376 6 382 41 F: 2 4 
382 4 394 19 F: 3 1 
385 5 405 124 F: 2 2 1 
403 12 427 217 F: 5 4 3 
420 6 438 226 F: 6 
421 8 429 195 F: 3 5 
432 9 441 49 F: 2 3 4 
452 8 460 208 F: 8 
453 7 474 141 F: 3 1 3 
459 10 469 75 F: 10 
464 8 480 30 F: 2 4 2 
485 7 499 172 F: 5 2 
486 3 495 119 F: 3 
514 4 530 49 F: 4 
516 7 544 148 F: 5 2 
517 5 527 205 F: 2 1 2 
522 7 543 64 F: 5 2 
527 12 539 111 F: 7 5 
551 11 584 239 F: 6 5 
552 8 584 18 F: 3 5 
565 7 593 193 F: 7 
587 8 611 71 F: 2 3 3 
598 11 631 180 F: 5 3 3 
602 11 613 134 F: 7 4 
622 6 628 155 F: 2 4 
639 13 691 166 F: 13 
642 9 669 159 F: 5 3 1 
650 10 670 62 F: 10 
671 11 682 35 F: 11 
689 8 697 85 F: 3 3 2 
693 8 709 37 F: 3 3 2 
693 12 729 127 F: 12 
696 9 705 34 F: 2 4 3 
714 7 728 227 F: 3 4 
742 9 769 163 F: 3 3 3 
747 7 754 60 F: 2 3 2 
752 8 784 21 F: 3 2 3 
759 7 787 232 F: 3 2 2 
762 8 786 136 F: 8 
764 5 779 14 F: 3 2 
767 11 800 91 F: 5 6 
768 13 807 54 F: 13 
784 8 792 113 F: 4 4 
804 5 824 107 F: 5 
806 13 845 171 F: 13 
832 7 853 238 F: 3 2 2 
847 9 865 222 F: 2 3 4 
853 10 893 17 F: 5 3 2 
876 2 884 222 F: 2 
882 4 894 150 F: 2 2 
883 10 913 2 F: 10 
885 5 900 40 F: 5 
891 9 900 175 F: 3 6 
905 6 929 134 F: 2 4 
908 5 923 246 F: 5 
913 11 924 10 F: 4 3 4 
930 12 978 235 F: 12 
934 10 944 55 F: 10 
945 6 957 71 F: 6 
948 8 972 179 F: 3 2 3 
977 8 993 184 F: 2 2 4 
989 6 1007 152 F: 5 1 
990 6 996 82 F: 6 
1005 7 1026 40 F: 6 1 
1019 11 1052 88 F: 4 3 4 
1029 7 1050 86 F: 7 
1031 5 1036 55 F: 5 
1039 10 1069 205 F: 10 
1070 2 1076 187 F: 2 
1077 11 1099 136 F: 6 5 
1078 6 1090 46 F: 6 
1081 12 1117 236 F: 7 5 
1083 11 1116 76 F: 4 3 4 
1101 9 1137 68 F: 4 2 3 
1115 8 1147 190 F: 3 4 1 
1118 13 1131 12 F: 13 
1155 9 1182 192 F: 3 4 2 
1157 8 1173 130 F: 4 3 1 
1162 3 1168 204 F: 2 1 
1168 7 1196 70 F: 5 2 
1174 9 1210 106 F: 9 
1183 12 1207 25 F: 12 
1192 7 1206 173 F: 3 1 3 
1206 3 1209 224 F: 2 1 
1219 8 1227 105 F: 5 1 2 
1220 5 1235 178 F: 3 2 
1229 2 1231 59 F: 2 
1236 10 1276 194 F: 4 4 2 
1256 12 1280 238 F: 7 5 
1262 2 1270 60 F: 2 
1263 5 1278 129 F: 3 1 1 
1280 10 1300 191 F: 6 4 
1283 8 1307 11 F: 8 
1320 10 1360 17 F: 4 4 2 
1334 4 1350 232 F: 4 
1348 10 1358 211 F: 7 3 
1361 8 1385 11 F: 8 
1362 12 1398 181 F: 12 
1371 7 1378 201 F: 6 1 
1372 7 1386 2 F: 3 2 2 
1374 11 1407 108 F: 5 6 
1378 8 1402 74 F: 3 2 3 
1386 4 1394 141 F: 4 
1406 7 1434 89 F: 3 3 1 
1410 8 1442 206 F: 4 3 1 
1412 9 1439 122 F: 9 
1413 2 1419 19 F: 2 
1421 11 1454 242 F: 4 4 3 
1455 6 1473 234 F: 2 1 3 
1456 9 1474 130 F: 3 6 
1473 9 1509 190 F: 5 4 
1481 7 1502 228 F: 2 5 
1486 12 1498 236 F: 12 
1515 9 1533 66 F: 5 4 
1517 4 1521 230 F: 4 
1517 4 1525 125 F: 4 
1521 9 1557 32 F: 2 3 4 
1545 8 1577 8 F: 4 4 
1556 12 1604 166 F: 7 5 
1564 8 1572 3 F: 5 3 
1572 4 1580 123 F: 4 
1580 9 1598 200 F: 4 4 1 
1584 2 1590 168 F: 2 
1608 6 1632 150 F: 3 3 
1611 7 1618 114 F: 5 2 
1611 8 1619 48 F: 5 2 1 
1617 6 1635 122 F: 3 1 2 
1623 10 1663 46 F: 5 2 3 
1629 8 1637 136 F: 2 4 2 
1663 8 1695 96 F: 2 4 2 
1669 13 1708 162 F: 13 
1674 13 1700 3 F: 13 
1686 7 1700 33 F: 2 5 
1715 13 1767 186 F: 13 
1718 5 1738 152 F: 2 3 
1721 10 1751 124 F: 6 4 
1740 5 1760 217 F: 3 2 
1744 10 1764 176 F: 10 
1745 5 1750 74 F: 3 1 1 
1754 13 1806 209 F: 13 
1786 6 1798 218 F: 3 1 2 
1789 10 1829 76 F: 7 3 
1791 9 1827 248 F: 5 2 2 
1801 6 1819 234 F: 2 2 2 
1802 7 1809 113 F: 7 
1803 6 1821 17 F: 6 
1804 2 1808 204 F: 2 
1807 10 1827 95 F: 4 4 2 
1820 9 1838 56 F: 2 4 3 
1821 5 1826 200 F: 4 1 
1846 5 1866 200 F: 5 
1893 5 1913 82 F: 2 1 2 
1897 8 1929 120 F: 3 2 3 
1901 11 1923 6 F: 5 6 
1908 5 1913 153 F: 5 
1962 9 1971 162 F: 6 3 
1964 11 1986 73 F: 4 4 3 
1971 9 1989 155 F: 9 
1975 12 2011 166 F: 5 3 4 
1981 4 1985 192 F: 3 1 
1981 11 2014 13 F: 3 4 4 
1984 9 2002 74 F: 4 4 1 
1994 3 2006 148 F: 3 
2011 2 2013 249 F: 2 
2015 7 2036 194 F: 2 3 2 
2029 8 2061 197 F: 4 4 
2035 8 2043 182 F: 3 1 4 
2038 8 2046 187 F: 8 
2039 10 2049 28 F: 7 3 
2042 5 2062 118 F: 3 1 1 
2046 6 2052 83 F: 6 
2081 8 2089 123 F: 2 6 
2096 9 2123 49 F: 7 2 
2100 6 2112 163 F: 2 4 
2110 10 2140 38 F: 4 6 
2111 2 2113 199 F: 2 
2131 9 2167 28 F: 3 3 3 
2147 11 2191 218 F: 11 
2151 7 2158 237 F: 4 3 
2159 6 2177 191 F: 2 1 3 
2165 11 2176 198 F: 6 5 
2177 5 2187 227 F: 2 2 1 
2197 9 2215 195 F: 2 3 4 
2201 9 2237 207 F: 2 4 3 
2203 10 2223 81 F: 5 3 2 
2207 3 2210 140 F: 3 
2224 7 2245 233 F: 3 2 2 
2251 7 2272 41 F: 7 
2261 7 2275 31 F: 2 4 1 
2268 10 2308 183 F: 10 
2287 4 2295 154 F: 3 1 
2296 13 2335 187 F: 7 6 
2298 12 2334 57 F: 5 4 3 
2304 10 2344 44 F: 5 1 4 
2321 10 2341 38 F: 10 
2322 8 2354 26 F: 4 3 1 
2322 10 2332 108 F: 10 
2333 10 2363 148 F: 5 3 2 
2337 8 2369 148 F: 5 1 2 
2366 9 2375 7 F: 3 4 2 
2368 3 2377 138 F: 3 
2370 9 2406 57 F: 4 1 4 
2383 11 2427 38 F: 5 3 3 
2402 8 2434 94 F: 2 2 4 
2412 11 2423 243 F: 5 6 
2414 5 2429 81 F: 2 1 2 
2427 13 2466 20 F: 13 
2430 6 2436 191 F: 2 4 
2433 8 2457 196 F: 3 5 
2460 6 2484 27 F: 6 
2472 7 2493 206 F: 4 1 2 
2485 8 2517 19 F: 5 3 
2489 7 2517 232 F: 5 1 1 
D: 1 65 
D: 6 109 
D: 20 146 
D: 31 38 
D: 31 126 
D: 37 140 
D: 63 165 
D: 66 149 
D: 79 90 
D: 80 82 
D: 81 100 
D: 84 106 
D: 85 171 
D: 87 213 
D: 98 170 
D: 102 142 
D: 104 222 
D: 120 164 
D: 121 164 
D: 121 176 
D: 122 157 
D: 122 221 
D: 145 164 
D: 155 165 
D: 227 244 
