8 2 12 50 F: 2 
16 8 24 21 F: 3 5 
22 9 31 118 F: 6 3 
26 5 36 75 F: 4 1 
40 11 84 46 F: 6 5 
48 2 52 120 F: 2 
61 11 83 145 F: 7 4 
66 2 74 33 F: 2 
67 7 81 102 F: 3 3 1 
71 12 95 151 F: 7 5 
108 12 120 19 F: 12 
109 10 129 128 F: 7 3 
124 9 142 18 F: 6 3 
134 5 149 23 F: 5 
165 6 177 29 F: 6 
166 11 188 191 F: 11 
170 8 202 179 F: 4 1 3 
173 13 225 65 F: 7 6 
193 8 201 199 F: 8 
197 8 229 80 F: 7 1 
200 9 227 1 F: 3 6 
201 4 209 110 F: 2 2 
222 5 237 113 F: 3 2 
244 8 276 122 F: 5 2 1 
248 5 253 147 F: 3 2 
253 11 275 96 F: 7 4 
256 10 266 83 F: 5 1 4 
258 9 285 153 F: 9 
272 7 293 94 F: 6 1 
276 7 297 13 F: 7 
314 10 344 167 F: 2 4 4 
316 12 364 42 F: 5 4 3 
329 8 337 194 F: 7 1 
330 8 346 122 F: 5 1 2 
342 8 350 64 F: 7 1 
344 4 356 46 F: 4 
381 9 408 117 F: 5 3 1 
384 4 388 153 F: 4 
385 6 409 82 F: 6 
397 10 417 80 F: 10 
416 8 424 114 F: 3 5 
419 8 451 177 F: 5 3 
420 9 456 74 F: 5 1 3 
421 9 448 56 F: 9 
427 5 447 116 F: 2 2 1 
427 6 439 56 F: 4 2 
435 2 439 121 F: 2 
459 12 495 193 F: 12 
460 10 500 41 F: 5 5 
485 8 501 179 F: 2 6 
503 5 508 78 F: 3 2 
536 10 556 184 F: 5 5 
541 7 555 149 F: 2 5 
544 11 577 193 F: 5 4 2 
545 10 555 44 F: 4 3 3 
548 6 554 127 F: 2 2 2 
548 10 588 184 F: 10 
565 4 569 61 F: 4 
575 9 584 171 F: 3 4 2 
598 3 610 75 F: 3 
612 4 628 180 F: 4 
614 9 650 89 F: 2 4 3 
634 8 658 38 F: 4 1 3 
635 11 668 165 F: 4 4 3 
639 11 661 18 F: 11 
683 5 698 100 F: 5 
683 8 715 14 F: 5 2 1 
685 8 709 14 F: 3 2 3 
687 7 701 10 F: 2 4 1 
691 4 699 20 F: 4 
709 8 717 11 F: 8 
718 12 742 23 F: 12 
725 9 761 147 F: 6 3 
727 6 733 55 F: 6 
729 8 753 120 F: 4 4 
742 5 747 150 F: 2 2 1 
748 10 778 150 F: 4 2 4 
756 4 772 37 F: 4 
793 11 826 86 F: 7 4 
794 12 842 66 F: 12 
813 9 840 118 F: 9 
815 9 833 177 F: 4 3 2 
828 6 846 86 F: 2 4 
832 12 844 16 F: 12 
855 11 888 46 F: 5 6 
879 3 891 12 F: 3 
888 13 927 75 F: 5 4 4 
891 13 930 16 F: 7 6 
892 9 919 56 F: 9 
895 3 907 126 F: 2 1 
901 12 913 136 F: 7 5 
905 6 917 192 F: 2 1 3 
910 7 931 95 F: 7 
924 7 945 109 F: 2 5 
924 8 932 121 F: 8 
938 8 970 195 F: 8 
939 11 961 184 F: 11 
953 12 977 142 F: 7 5 
964 2 968 5 F: 2 
969 11 1013 128 F: 3 4 4 
1016 6 1022 86 F: 4 1 1 
1019 8 1027 72 F: 4 4 
1024 8 1040 89 F: 2 2 4 
1028 8 1052 113 F: 3 5 
1030 8 1038 117 F: 2 2 4 
1036 12 1060 159 F: 12 
1047 8 1079 20 F: 2 4 2 
1055 8 1087 101 F: 5 2 1 
1067 12 1091 47 F: 12 
1088 6 1106 16 F: 3 1 2 
1121 7 1149 76 F: 4 3 
1134 8 1158 159 F: 3 2 3 
1138 7 1166 94 F: 5 2 
1149 6 1173 175 F: 3 3 
1165 8 1197 193 F: 8 
1178 11 1189 98 F: 7 4 
1191 7 1198 45 F: 3 4 
1193 10 1203 192 F: 6 4 
1195 8 1219 47 F: 2 6 
1198 4 1210 93 F: 4 
1205 6 1229 122 F: 3 3 
1209 8 1241 17 F: 3 4 1 
1210 6 1222 108 F: 6 
1217 11 1250 3 F: 5 4 2 
1228 8 1236 89 F: 2 4 2 
1244 7 1251 154 F: 2 3 2 
1250 12 1298 180 F: 12 
1254 12 1302 108 F: 12 
1266 5 1286 84 F: 3 2 
1279 9 1306 191 F: 4 1 4 
1305 7 1312 121 F: 2 4 1 
1325 7 1353 186 F: 2 5 
1345 8 1353 78 F: 5 1 2 
1358 7 1386 126 F: 4 1 2 
1359 5 1374 47 F: 2 2 1 
1359 7 1387 157 F: 7 
1366 11 1388 105 F: 3 4 4 
1370 8 1402 23 F: 6 2 
1393 6 1399 2 F: 2 4 
1395 8 1427 138 F: 3 5 
1404 8 1428 84 F: 2 2 4 
1429 6 1435 79 F: 4 2 
1430 10 1470 156 F: 7 3 
1446 8 1454 39 F: 7 1 
1458 3 1470 173 F: 3 
1464 8 1488 179 F: 4 4 
1467 10 1507 84 F: 5 3 2 
1476 10 1516 130 F: 7 3 
1493 7 1507 200 F: 7 
1495 7 1509 128 F: 5 2 
1509 3 1518 110 F: 3 
1518 11 1551 53 F: 11 
1519 10 1529 65 F: 7 3 
1532 5 1537 59 F: 2 2 1 
1532 7 1553 124 F: 3 4 
1535 6 1541 126 F: 5 1 
1552 11 1596 128 F: 5 4 2 
1552 12 1600 126 F: 12 
1577 10 1597 71 F: 3 3 4 
1593 8 1601 172 F: 3 5 
1602 8 1610 58 F: 2 6 
1637 11 1681 177 F: 5 3 3 
1642 9 1651 6 F: 3 6 
1651 8 1675 122 F: 8 
1651 9 1678 53 F: 9 
1652 6 1670 196 F: 2 3 1 
1671 4 1683 49 F: 4 
1687 13 1739 193 F: 13 
1692 4 1704 32 F: 4 
1693 11 1715 106 F: 4 4 3 
1702 4 1714 91 F: 2 2 
1707 9 1725 126 F: 3 6 
1713 12 1761 106 F: 12 
1735 4 1751 109 F: 2 2 
1738 8 1770 37 F: 4 4 
1740 5 1760 128 F: 3 2 
1759 9 1768 22 F: 9 
1773 7 1780 94 F: 2 5 
1792 8 1824 35 F: 8 
1799 10 1819 2 F: 7 3 
1807 7 1828 180 F: 6 1 
1807 8 1839 142 F: 2 3 3 
1812 9 1848 184 F: 9 
1816 6 1822 77 F: 6 
1822 8 1846 58 F: 4 3 1 
1824 7 1831 119 F: 5 1 1 
1845 2 1849 6 F: 2 
1857 8 1865 40 F: 8 
1884 9 1902 110 F: 7 2 
1886 9 1913 108 F: 9 
1929 9 1956 22 F: 4 3 2 
1929 12 1941 122 F: 4 4 4 
1930 8 1962 127 F: 5 2 1 
1934 10 1974 184 F: 7 3 
1938 10 1968 86 F: 5 5 
1946 10 1986 49 F: 5 5 
1954 7 1975 57 F: 7 
1984 7 2005 85 F: 3 4 
1985 10 2015 27 F: 6 4 
1997 10 2037 179 F: 4 3 3 
D: 0 89 
D: 2 155 
D: 10 152 
D: 16 79 
D: 19 135 
D: 22 49 
D: 36 86 
D: 38 115 
D: 45 94 
D: 46 168 
D: 49 75 
D: 49 189 
D: 70 75 
D: 76 93 
D: 100 147 
D: 110 184 
D: 126 145 
D: 132 139 
D: 137 157 
D: 148 184 
