10 9 19 240 F: 6 3 
11 4 15 64 F: 4 
17 8 41 118 F: 4 1 3 
38 7 45 219 F: 5 2 
47 4 51 108 F: 2 2 
56 10 76 89 F: 3 3 4 
63 7 91 138 F: 7 
70 6 76 240 F: 4 1 1 
71 7 99 35 F: 3 3 1 
72 4 84 143 F: 2 2 
102 9 111 18 F: 3 6 
108 8 132 190 F: 8 
111 6 117 221 F: 4 1 1 
119 9 155 22 F: 5 2 2 
147 10 187 69 F: 5 5 
166 11 199 49 F: 7 4 
169 4 177 230 F: 2 1 1 
177 13 190 45 F: 13 
186 11 219 119 F: 7 4 
190 7 211 71 F: 3 4 
221 6 245 147 F: 4 1 1 
223 6 235 174 F: 6 
246 10 256 35 F: 4 6 
258 8 266 176 F: 3 5 
266 12 290 112 F: 12 
282 9 309 90 F: 3 6 
283 12 295 2 F: 4 4 4 
288 3 294 76 F: 3 
289 8 297 17 F: 4 1 3 
299 12 347 177 F: 12 
336 12 360 134 F: 6 6 
365 11 387 228 F: 4 4 3 
367 2 369 191 F: 2 
378 10 388 75 F: 6 4 
389 11 422 101 F: 11 
391 8 407 10 F: 3 5 
391 12 427 29 F: 7 5 
392 10 432 208 F: 5 3 2 
394 9 421 151 F: 3 6 
398 9 434 53 F: 9 
410 9 419 163 F: 7 2 
411 10 421 18 F: 5 3 2 
423 6 447 132 F: 6 
429 10 449 118 F: 4 2 4 
444 8 460 147 F: 8 
451 4 467 83 F: 2 2 
460 8 476 24 F: 2 2 4 
462 8 470 18 F: 3 2 3 
470 5 480 101 F: 5 
471 6 483 164 F: 2 4 
501 5 511 132 F: 5 
520 10 560 179 F: 7 3 
525 11 558 243 F: 11 
527 11 549 38 F: 7 4 
549 10 579 220 F: 3 4 3 
561 8 569 47 F: 8 
576 8 608 120 F: 5 1 2 
582 11 593 203 F: 5 6 
594 6 600 164 F: 2 1 3 
595 6 607 10 F: 2 4 
643 8 675 119 F: 8 
646 6 658 16 F: 3 3 
668 10 688 131 F: 4 2 4 
669 6 681 204 F: 2 2 2 
675 5 680 56 F: 5 
677 8 693 40 F: 5 1 2 
686 7 707 185 F: 3 2 2 
686 8 718 248 F: 5 3 
692 8 724 44 F: 3 5 
699 9 708 105 F: 9 
705 5 710 230 F: 5 
722 5 742 84 F: 2 3 
732 10 752 248 F: 6 4 
749 6 773 219 F: 4 1 1 
749 8 765 164 F: 2 2 4 
750 7 778 83 F: 7 
763 5 773 185 F: 2 3 
772 6 784 47 F: 5 1 
781 6 793 103 F: 6 
796 6 814 33 F: 4 2 
805 5 825 27 F: 4 1 
824 11 835 116 F: 4 3 4 
835 9 862 146 F: 2 3 4 
837 5 842 107 F: 3 2 
848 5 868 183 F: 3 1 1 
853 8 877 114 F: 8 
865 7 879 227 F: 2 5 
887 9 923 126 F: 5 3 1 
897 2 899 121 F: 2 
898 9 925 52 F: 4 3 2 
913 7 934 12 F: 3 4 
915 10 945 224 F: 5 4 1 
946 3 955 108 F: 3 
947 4 951 72 F: 3 1 
950 5 965 215 F: 5 
951 11 995 178 F: 11 
974 8 990 198 F: 6 2 
981 10 1021 30 F: 5 5 
982 11 1026 121 F: 6 5 
984 10 994 100 F: 10 
1013 6 1037 77 F: 6 
1043 5 1058 225 F: 2 3 
1046 10 1076 195 F: 4 2 4 
1052 8 1068 124 F: 4 3 1 
1070 3 1076 60 F: 3 
1077 12 1101 157 F: 12 
1082 9 1109 199 F: 4 5 
1084 13 1097 36 F: 13 
1094 8 1110 177 F: 4 2 2 
1096 10 1116 207 F: 5 5 
1103 7 1110 28 F: 7 
1104 6 1116 67 F: 5 1 
1116 4 1120 174 F: 4 
1120 9 1138 18 F: 5 3 1 
1121 8 1153 39 F: 5 3 
1123 13 1175 227 F: 13 
1129 10 1149 121 F: 5 5 
1146 9 1173 209 F: 4 5 
1172 8 1188 59 F: 8 
1188 6 1200 220 F: 3 3 
1201 8 1225 189 F: 5 1 2 
1206 10 1236 147 F: 4 4 2 
1216 9 1252 224 F: 5 4 
1217 9 1226 52 F: 4 1 4 
1225 11 1247 6 F: 4 4 3 
1243 7 1271 198 F: 7 
1255 10 1295 138 F: 7 3 
1264 10 1284 17 F: 5 2 3 
1266 4 1278 55 F: 2 1 1 
1284 8 1316 61 F: 3 5 
1302 4 1310 162 F: 4 
1302 5 1312 147 F: 2 1 2 
1308 7 1336 147 F: 3 3 1 
1308 8 1340 228 F: 4 1 3 
1317 11 1350 165 F: 5 2 4 
1328 7 1356 48 F: 6 1 
1330 6 1354 196 F: 2 3 1 
1341 10 1381 133 F: 5 2 3 
1362 6 1374 80 F: 2 2 2 
1377 7 1384 141 F: 3 4 
1419 8 1435 168 F: 3 3 2 
1441 8 1465 181 F: 3 3 2 
1443 4 1451 239 F: 4 
1450 4 1458 207 F: 3 1 
1450 12 1486 162 F: 12 
1451 13 1503 134 F: 13 
1457 9 1484 130 F: 5 4 
1459 7 1466 234 F: 4 2 1 
1470 13 1483 242 F: 5 4 4 
1472 10 1492 71 F: 10 
1500 10 1520 61 F: 10 
1501 2 1503 132 F: 2 
1505 11 1527 213 F: 4 4 3 
1510 8 1518 135 F: 8 
1512 9 1548 223 F: 7 2 
1518 11 1562 164 F: 5 2 4 
1518 13 1570 116 F: 13 
1526 6 1550 240 F: 6 
1541 10 1571 232 F: 7 3 
1582 13 1621 122 F: 7 6 
1623 4 1631 145 F: 4 
1630 4 1634 105 F: 4 
1641 10 1651 74 F: 5 2 3 
1656 8 1664 239 F: 7 1 
1656 10 1696 123 F: 4 2 4 
1671 5 1681 13 F: 5 
1689 12 1725 223 F: 12 
1694 7 1708 78 F: 7 
1695 6 1713 137 F: 2 4 
1697 7 1718 129 F: 7 
1703 10 1723 37 F: 5 5 
1716 9 1752 55 F: 9 
1718 5 1723 231 F: 2 1 2 
1730 7 1758 118 F: 4 3 
1732 6 1738 77 F: 5 1 
1738 9 1774 82 F: 9 
1748 11 1759 66 F: 5 3 3 
1757 11 1790 152 F: 5 6 
1765 10 1785 66 F: 3 3 4 
1773 9 1782 213 F: 4 5 
1841 12 1877 18 F: 12 
1844 8 1860 85 F: 4 2 2 
1845 6 1851 113 F: 2 4 
1861 2 1869 193 F: 2 
1869 12 1893 23 F: 12 
1887 10 1907 65 F: 4 2 4 
1888 6 1906 113 F: 2 2 2 
1892 3 1895 232 F: 3 
1899 6 1911 110 F: 6 
1899 7 1906 65 F: 4 2 1 
1918 8 1942 136 F: 4 4 
1927 9 1954 226 F: 5 1 3 
1927 12 1975 23 F: 4 4 4 
1940 9 1949 189 F: 7 2 
1945 9 1963 40 F: 5 4 
1951 10 1961 211 F: 4 4 2 
1963 11 1974 29 F: 7 4 
1967 8 1999 165 F: 8 
1970 7 1991 228 F: 3 3 1 
1971 7 1985 204 F: 3 1 3 
2019 13 2058 170 F: 13 
2024 5 2039 186 F: 5 
2032 7 2060 115 F: 5 1 1 
2042 8 2050 65 F: 4 4 
2046 10 2066 30 F: 3 4 3 
2055 9 2073 92 F: 5 3 1 
2063 8 2087 148 F: 8 
2071 13 2110 31 F: 5 4 4 
2078 8 2094 13 F: 3 1 4 
2094 7 2115 217 F: 2 3 2 
2108 8 2140 92 F: 8 
2124 5 2139 130 F: 3 2 
2127 7 2141 32 F: 7 
2136 8 2160 105 F: 8 
2139 5 2159 158 F: 5 
2155 8 2163 145 F: 2 3 3 
2158 9 2167 46 F: 5 2 2 
2163 8 2171 61 F: 3 4 1 
2176 9 2185 204 F: 5 3 1 
2191 10 2211 33 F: 10 
2201 7 2215 163 F: 4 1 2 
2224 8 2240 56 F: 6 2 
2241 5 2246 66 F: 2 2 1 
2244 6 2268 122 F: 2 1 3 
2251 9 2269 56 F: 9 
2254 9 2263 37 F: 5 4 
2261 8 2285 29 F: 2 4 2 
2268 10 2298 212 F: 5 2 3 
2283 11 2305 232 F: 7 4 
2294 10 2324 224 F: 3 4 3 
2300 7 2321 86 F: 5 2 
2314 8 2346 102 F: 6 2 
2324 7 2352 115 F: 4 3 
2339 2 2343 212 F: 2 
2341 5 2361 176 F: 5 
2341 12 2365 75 F: 7 5 
2354 9 2381 21 F: 7 2 
2362 7 2369 248 F: 4 1 2 
2366 7 2394 9 F: 2 4 1 
2395 9 2422 60 F: 3 4 2 
2410 6 2416 56 F: 3 3 
2413 6 2425 178 F: 6 
2442 3 2451 115 F: 2 1 
2469 10 2509 148 F: 5 1 4 
2474 8 2490 139 F: 3 2 3 
2474 11 2496 198 F: 11 
2478 6 2502 134 F: 3 2 1 
2490 7 2497 214 F: 7 
2490 7 2504 238 F: 4 1 2 
2492 13 2505 218 F: 13 
D: 3 11 
D: 10 155 
D: 26 123 
D: 28 135 
D: 38 105 
D: 45 148 
D: 45 187 
D: 48 65 
D: 61 76 
D: 66 86 
D: 66 184 
D: 77 126 
D: 86 234 
D: 91 215 
D: 94 239 
D: 105 111 
D: 118 168 
D: 126 225 
D: 129 165 
D: 139 145 
D: 145 168 
D: 147 182 
D: 191 240 
D: 202 219 
D: 245 248 
