0 9 18 29 F: 7 2 
20 9 38 117 F: 6 3 
31 8 47 253 F: 2 2 4 
42 8 50 248 F: 2 3 3 
55 11 77 2 F: 7 4 
66 10 76 210 F: 7 3 
71 7 92 336 F: 7 
74 7 81 186 F: 7 
76 5 91 173 F: 2 1 2 
79 10 89 350 F: 6 4 
101 9 119 217 F: 5 1 3 
115 6 139 81 F: 2 3 1 
123 4 127 266 F: 4 
136 9 145 57 F: 9 
151 8 175 120 F: 8 
169 9 187 289 F: 9 
179 12 227 81 F: 12 
181 10 191 321 F: 10 
184 4 196 56 F: 2 1 1 
185 9 212 27 F: 9 
222 10 262 167 F: 10 
246 10 276 337 F: 4 6 
255 5 260 262 F: 5 
256 9 274 129 F: 4 5 
257 8 281 198 F: 2 6 
261 8 277 285 F: 2 2 4 
274 7 288 243 F: 2 5 
286 9 322 137 F: 9 
289 5 299 295 F: 4 1 
297 9 333 309 F: 3 6 
313 3 319 62 F: 3 
319 7 326 277 F: 2 1 4 
319 8 335 185 F: 8 
331 11 353 343 F: 5 3 3 
334 10 374 210 F: 5 5 
346 12 382 233 F: 7 5 
349 10 369 172 F: 3 4 3 
357 13 409 105 F: 13 
379 9 388 311 F: 9 
386 8 394 245 F: 3 3 2 
400 8 424 126 F: 2 2 4 
409 10 419 317 F: 10 
410 10 430 166 F: 4 4 2 
429 6 435 28 F: 3 3 
435 4 451 169 F: 4 
444 10 454 69 F: 5 1 4 
448 9 466 56 F: 4 1 4 
474 11 518 88 F: 11 
475 10 495 55 F: 2 4 4 
489 11 511 59 F: 6 5 
508 2 510 249 F: 2 
508 7 515 134 F: 3 2 2 
515 11 537 345 F: 3 4 4 
516 9 543 242 F: 5 2 2 
526 7 547 64 F: 6 1 
528 11 572 92 F: 11 
530 13 556 223 F: 5 4 4 
576 9 603 201 F: 3 6 
595 9 631 103 F: 4 3 2 
597 7 625 120 F: 7 
611 8 635 59 F: 3 2 3 
621 9 648 277 F: 5 2 2 
622 3 631 336 F: 3 
635 5 640 219 F: 3 1 1 
639 3 645 53 F: 3 
644 5 659 75 F: 3 1 1 
646 12 694 195 F: 12 
653 9 680 272 F: 4 3 2 
677 8 693 217 F: 2 6 
687 12 711 269 F: 12 
747 3 756 123 F: 3 
748 12 784 32 F: 7 5 
755 7 783 50 F: 4 3 
755 11 777 43 F: 4 4 3 
769 8 785 162 F: 3 1 4 
777 13 790 177 F: 7 6 
783 12 807 201 F: 12 
787 10 797 119 F: 5 3 2 
790 7 818 101 F: 4 3 
793 11 826 249 F: 5 2 4 
800 11 844 142 F: 5 2 4 
801 9 837 45 F: 4 2 3 
814 6 838 290 F: 4 2 
820 10 860 89 F: 5 3 2 
832 9 841 321 F: 3 2 4 
871 8 879 212 F: 3 5 
888 8 912 332 F: 4 4 
890 13 942 19 F: 13 
897 7 925 292 F: 3 4 
897 11 941 28 F: 5 3 3 
902 6 926 279 F: 4 2 
914 9 932 266 F: 4 4 1 
939 9 948 201 F: 5 1 3 
951 10 981 12 F: 5 2 3 
957 8 989 107 F: 6 2 
959 11 970 279 F: 11 
975 8 1007 66 F: 2 6 
980 10 1010 118 F: 10 
987 11 998 172 F: 11 
992 6 1004 285 F: 3 1 2 
1013 11 1057 134 F: 5 6 
1022 4 1026 223 F: 4 
1037 7 1044 227 F: 6 1 
1041 6 1059 291 F: 6 
1050 12 1074 77 F: 12 
1051 10 1091 105 F: 4 6 
1054 5 1074 16 F: 5 
1078 8 1102 218 F: 4 1 3 
1079 9 1115 160 F: 5 1 3 
1082 4 1086 224 F: 2 1 1 
1101 9 1110 86 F: 3 3 3 
1117 10 1157 78 F: 6 4 
1134 7 1141 204 F: 2 5 
1137 10 1157 304 F: 3 4 3 
1142 13 1181 212 F: 13 
1143 12 1191 286 F: 12 
1164 7 1171 307 F: 5 1 1 
1181 7 1209 238 F: 6 1 
1182 10 1192 16 F: 5 1 4 
1194 5 1209 251 F: 5 
1208 4 1224 269 F: 4 
1211 7 1232 273 F: 7 
1218 13 1231 133 F: 13 
1230 8 1238 246 F: 4 3 1 
1232 11 1254 197 F: 5 2 4 
1239 6 1245 81 F: 6 
1248 7 1276 209 F: 6 1 
1282 5 1302 64 F: 3 2 
1285 8 1309 258 F: 6 2 
1298 12 1346 30 F: 7 5 
1317 8 1325 286 F: 3 3 2 
1319 6 1325 196 F: 6 
1327 10 1337 332 F: 7 3 
1336 6 1360 29 F: 4 2 
1361 9 1379 26 F: 4 5 
1364 9 1391 266 F: 4 1 4 
1365 8 1381 97 F: 3 3 2 
1376 7 1397 262 F: 2 1 4 
1389 9 1407 280 F: 4 2 3 
1395 9 1404 316 F: 2 4 3 
1407 7 1414 198 F: 7 
1437 11 1459 115 F: 6 5 
1450 4 1462 179 F: 2 2 
1455 7 1483 162 F: 2 5 
1459 12 1471 341 F: 6 6 
1466 10 1506 173 F: 4 2 4 
1471 6 1489 24 F: 3 3 
1478 5 1493 273 F: 2 1 2 
1480 7 1501 56 F: 2 3 2 
1489 9 1516 56 F: 3 4 2 
1504 13 1543 223 F: 7 6 
1505 11 1516 50 F: 7 4 
1510 4 1526 200 F: 2 1 1 
1519 6 1543 125 F: 6 
1520 6 1526 81 F: 3 3 
1522 2 1528 238 F: 2 
1537 9 1546 58 F: 3 3 3 
1541 10 1571 160 F: 7 3 
1565 8 1589 338 F: 3 2 3 
1587 6 1593 139 F: 6 
1615 8 1631 141 F: 6 2 
1621 5 1626 108 F: 3 2 
1628 8 1660 199 F: 3 1 4 
1653 9 1689 108 F: 4 4 1 
1678 12 1726 326 F: 7 5 
1684 7 1712 234 F: 2 4 1 
1686 9 1722 298 F: 2 4 3 
1689 11 1711 205 F: 7 4 
1689 12 1725 126 F: 5 4 3 
1696 3 1705 145 F: 2 1 
1709 7 1737 106 F: 5 1 1 
1731 5 1746 307 F: 4 1 
1731 7 1745 9 F: 4 3 
1747 12 1759 173 F: 12 
1757 10 1787 54 F: 7 3 
1760 6 1772 181 F: 2 4 
1763 3 1769 114 F: 2 1 
1765 12 1789 122 F: 12 
1771 11 1782 5 F: 6 5 
1786 8 1818 124 F: 4 4 
1803 8 1835 292 F: 8 
1824 8 1848 196 F: 2 4 2 
1855 9 1882 235 F: 2 3 4 
1855 11 1899 95 F: 7 4 
1856 8 1872 60 F: 5 3 
1860 11 1904 82 F: 3 4 4 
1863 10 1893 256 F: 6 4 
1888 7 1916 225 F: 6 1 
1893 2 1897 42 F: 2 
1899 10 1909 94 F: 5 5 
1903 12 1927 165 F: 4 4 4 
1937 10 1967 146 F: 5 3 2 
1949 12 1961 272 F: 12 
1950 9 1959 15 F: 2 3 4 
1956 9 1992 44 F: 3 2 4 
1972 8 1980 229 F: 2 4 2 
1974 6 1980 262 F: 3 1 2 
1975 9 2002 146 F: 7 2 
1978 9 2005 307 F: 9 
1997 6 2015 305 F: 6 
2008 5 2018 91 F: 3 2 
2021 11 2043 111 F: 3 4 4 
2024 7 2038 137 F: 5 2 
2034 6 2040 192 F: 6 
2038 9 2047 264 F: 5 1 3 
2060 10 2080 80 F: 10 
2069 13 2082 218 F: 13 
2084 8 2100 133 F: 4 1 3 
2088 3 2094 236 F: 3 
2098 11 2131 258 F: 4 3 4 
2107 4 2123 201 F: 2 1 1 
2117 10 2137 24 F: 4 2 4 
2121 8 2153 272 F: 7 1 
2124 6 2142 143 F: 6 
2124 12 2172 43 F: 12 
2135 5 2145 277 F: 4 1 
2139 8 2147 279 F: 7 1 
2152 4 2156 283 F: 2 1 1 
2174 10 2204 181 F: 4 4 2 
2193 8 2209 292 F: 2 3 3 
2202 5 2207 256 F: 4 1 
2207 12 2219 93 F: 12 
2240 10 2280 348 F: 6 4 
2241 9 2277 344 F: 9 
2245 7 2266 322 F: 5 2 
2248 4 2260 101 F: 4 
2249 7 2263 331 F: 4 2 1 
2251 6 2257 20 F: 3 1 2 
2270 11 2292 227 F: 5 4 2 
2281 8 2297 144 F: 2 2 4 
2318 9 2345 126 F: 5 4 
2325 6 2331 292 F: 2 4 
2330 12 2354 110 F: 12 
2337 12 2385 92 F: 6 6 
2341 9 2368 176 F: 4 4 1 
2342 8 2366 241 F: 5 3 
2355 8 2379 299 F: 4 4 
2359 13 2411 166 F: 13 
2377 9 2404 223 F: 9 
2380 8 2412 5 F: 8 
2401 4 2413 220 F: 4 
2412 7 2440 340 F: 5 2 
2413 10 2453 207 F: 7 3 
2414 4 2422 115 F: 4 
2432 8 2456 342 F: 2 2 4 
2445 8 2461 289 F: 2 3 3 
2470 2 2474 137 F: 2 
2487 11 2520 254 F: 3 4 4 
2492 7 2520 250 F: 4 3 
2498 6 2504 92 F: 3 2 1 
2504 3 2513 276 F: 3 
2512 9 2548 128 F: 3 6 
2513 6 2531 221 F: 2 4 
2521 11 2554 33 F: 4 4 3 
2554 2 2560 320 F: 2 
2559 7 2580 231 F: 3 4 
2580 9 2607 318 F: 4 4 1 
2585 3 2588 25 F: 3 
2589 11 2633 48 F: 11 
2599 13 2612 5 F: 7 6 
2604 8 2612 205 F: 8 
2607 11 2651 48 F: 4 4 3 
2647 11 2691 74 F: 11 
2652 7 2659 169 F: 5 1 1 
2656 3 2659 93 F: 3 
2661 8 2669 58 F: 3 4 1 
2665 7 2672 183 F: 3 4 
2667 7 2681 229 F: 7 
2681 11 2714 197 F: 6 5 
2687 7 2694 186 F: 2 3 2 
2703 10 2733 296 F: 3 4 3 
2709 10 2719 345 F: 6 4 
2721 9 2730 39 F: 3 6 
2724 10 2734 296 F: 5 1 4 
2733 11 2755 150 F: 4 3 4 
2739 8 2771 141 F: 7 1 
2747 8 2771 186 F: 2 3 3 
2750 6 2762 309 F: 3 3 
2778 10 2808 42 F: 5 2 3 
2787 10 2797 336 F: 10 
2822 8 2854 119 F: 8 
2829 3 2838 239 F: 3 
2833 11 2877 25 F: 11 
2838 12 2874 95 F: 6 6 
2857 9 2884 27 F: 9 
2859 4 2867 278 F: 3 1 
2860 10 2880 166 F: 4 2 4 
2885 11 2907 214 F: 11 
2891 10 2931 264 F: 5 5 
2893 12 2941 337 F: 4 4 4 
2907 10 2927 185 F: 4 6 
2911 8 2943 323 F: 7 1 
2915 11 2959 305 F: 6 5 
2923 5 2938 261 F: 5 
2924 7 2931 87 F: 2 5 
2940 4 2944 59 F: 4 
2962 10 2972 258 F: 5 5 
2985 8 3009 59 F: 4 1 3 
2991 12 3027 112 F: 12 
2993 4 2997 251 F: 4 
3007 11 3051 260 F: 7 4 
3011 5 3026 154 F: 2 2 1 
3035 11 3079 279 F: 11 
3041 10 3071 80 F: 4 4 2 
3056 10 3096 177 F: 7 3 
3066 12 3090 108 F: 5 3 4 
3070 7 3077 291 F: 3 1 3 
3084 4 3092 143 F: 4 
3092 11 3125 247 F: 11 
3094 8 3110 33 F: 3 4 1 
3114 7 3128 10 F: 2 4 1 
3118 9 3154 61 F: 9 
3138 9 3174 38 F: 9 
3139 8 3171 260 F: 8 
3146 7 3153 31 F: 4 1 2 
3156 6 3174 277 F: 2 4 
3156 10 3176 258 F: 6 4 
3180 11 3202 235 F: 11 
3193 9 3220 131 F: 4 3 2 
3195 9 3231 87 F: 2 4 3 
3204 3 3210 185 F: 2 1 
3209 8 3217 176 F: 4 4 
3214 8 3222 89 F: 3 5 
3217 13 3230 213 F: 13 
3227 12 3251 155 F: 12 
3239 13 3265 244 F: 7 6 
3240 13 3279 310 F: 5 4 4 
3245 7 3252 306 F: 5 1 1 
3261 11 3283 67 F: 4 3 4 
3271 3 3280 118 F: 3 
3313 6 3325 323 F: 4 1 1 
3339 7 3346 12 F: 7 
3346 7 3374 337 F: 7 
3355 9 3373 148 F: 3 6 
3355 11 3388 315 F: 5 6 
3359 2 3365 22 F: 2 
3367 9 3403 6 F: 5 3 1 
3376 8 3408 53 F: 8 
3394 12 3430 13 F: 5 3 4 
3397 8 3405 181 F: 5 3 
3401 13 3440 117 F: 7 6 
3408 13 3460 325 F: 13 
3409 9 3436 107 F: 5 1 3 
3417 8 3425 161 F: 4 2 2 
3458 7 3472 108 F: 7 
3463 6 3475 348 F: 6 
3466 10 3496 133 F: 2 4 4 
3466 12 3514 312 F: 7 5 
3487 9 3514 339 F: 7 2 
3496 9 3505 52 F: 4 5 
D: 0 251 
D: 2 254 
D: 3 156 
D: 18 276 
D: 23 34 
D: 40 266 
D: 47 303 
D: 48 322 
D: 50 63 
D: 51 108 
D: 52 274 
D: 54 172 
D: 61 335 
D: 63 294 
D: 66 163 
D: 67 203 
D: 70 134 
D: 78 102 
D: 85 223 
D: 88 89 
D: 92 166 
D: 120 158 
D: 120 228 
D: 128 174 
D: 141 300 
D: 144 159 
D: 150 217 
D: 171 262 
D: 178 325 
D: 190 191 
D: 211 220 
D: 213 222 
D: 219 231 
D: 229 290 
D: 277 285 
