2 7 30 244 F: 2 3 2 
11 11 22 121 F: 11 
28 6 34 63 F: 2 2 2 
40 8 72 23 F: 3 4 1 
45 10 85 63 F: 2 4 4 
63 9 99 117 F: 3 4 2 
64 5 79 283 F: 2 1 2 
78 6 102 292 F: 5 1 
78 7 106 50 F: 7 
96 4 108 248 F: 3 1 
108 3 117 166 F: 2 1 
133 13 185 112 F: 13 
146 10 156 40 F: 4 3 3 
148 11 170 284 F: 7 4 
161 12 197 291 F: 6 6 
165 11 209 113 F: 6 5 
173 6 191 297 F: 3 1 2 
180 10 190 247 F: 5 3 2 
181 9 190 152 F: 4 3 2 
196 5 211 111 F: 5 
203 8 227 266 F: 3 1 4 
217 6 241 198 F: 5 1 
221 12 257 204 F: 12 
224 8 248 297 F: 5 2 1 
231 8 263 180 F: 5 2 1 
241 10 281 140 F: 4 3 3 
259 6 277 85 F: 6 
273 7 280 169 F: 2 5 
288 9 315 55 F: 4 5 
297 7 304 291 F: 2 5 
312 6 336 69 F: 6 
315 3 327 224 F: 3 
323 8 355 176 F: 4 4 
338 9 374 95 F: 7 2 
359 9 377 86 F: 9 
363 11 385 265 F: 11 
373 10 413 146 F: 5 3 2 
381 4 385 296 F: 2 2 
387 5 402 253 F: 4 1 
397 5 412 93 F: 5 
406 2 414 254 F: 2 
406 8 430 231 F: 4 3 1 
439 11 472 5 F: 5 2 4 
442 8 466 278 F: 5 2 1 
449 4 461 155 F: 4 
451 6 457 290 F: 2 4 
452 9 488 273 F: 9 
459 9 486 246 F: 2 4 3 
460 3 472 154 F: 2 1 
460 6 472 144 F: 6 
513 10 523 236 F: 5 1 4 
531 5 546 87 F: 2 3 
546 7 574 152 F: 7 
557 3 560 140 F: 3 
558 3 561 34 F: 2 1 
585 8 617 52 F: 5 3 
587 10 617 14 F: 6 4 
590 9 617 283 F: 9 
593 5 608 104 F: 4 1 
598 9 634 252 F: 5 2 2 
605 9 614 220 F: 2 3 4 
635 10 645 52 F: 10 
642 2 644 64 F: 2 
642 11 675 3 F: 11 
646 7 660 201 F: 7 
646 11 679 150 F: 5 3 3 
651 8 683 135 F: 8 
670 10 710 163 F: 7 3 
671 2 677 197 F: 2 
684 7 698 102 F: 4 3 
702 6 720 32 F: 3 1 2 
715 9 724 56 F: 9 
715 9 724 272 F: 5 4 
717 4 721 223 F: 4 
736 9 772 215 F: 7 2 
740 9 749 181 F: 6 3 
745 7 752 285 F: 3 4 
745 10 765 187 F: 4 4 2 
758 9 776 104 F: 3 4 2 
782 5 792 53 F: 5 
803 8 819 249 F: 4 3 1 
810 6 822 68 F: 3 1 2 
813 11 835 12 F: 5 3 3 
814 13 866 92 F: 5 4 4 
845 6 857 76 F: 2 3 1 
858 7 879 106 F: 7 
861 9 870 280 F: 9 
887 2 895 2 F: 2 
893 7 921 283 F: 7 
897 10 917 281 F: 5 2 3 
902 11 946 64 F: 11 
906 8 930 157 F: 7 1 
922 3 934 220 F: 3 
923 9 959 113 F: 2 3 4 
932 6 950 286 F: 4 2 
943 6 949 78 F: 5 1 
959 7 973 16 F: 7 
972 2 980 16 F: 2 
978 8 1010 97 F: 6 2 
983 4 999 57 F: 4 
1000 8 1016 62 F: 3 5 
1019 5 1039 80 F: 5 
1024 3 1033 64 F: 3 
1043 8 1075 89 F: 7 1 
1057 6 1075 240 F: 4 1 1 
1072 3 1081 197 F: 3 
1077 7 1091 19 F: 3 1 3 
1082 12 1118 79 F: 12 
1095 3 1107 215 F: 3 
1098 4 1110 87 F: 4 
1106 6 1130 241 F: 4 1 1 
1109 6 1133 219 F: 3 2 1 
1117 6 1123 118 F: 3 3 
1125 6 1137 51 F: 6 
1136 5 1146 240 F: 3 1 1 
1139 7 1153 142 F: 2 3 2 
1151 7 1172 125 F: 2 3 2 
1160 10 1200 294 F: 10 
1166 7 1187 144 F: 5 2 
1192 9 1219 245 F: 2 3 4 
1200 8 1216 9 F: 4 4 
1200 10 1220 73 F: 5 5 
1214 8 1246 179 F: 7 1 
1228 10 1248 168 F: 10 
1229 9 1238 291 F: 4 5 
1230 13 1243 146 F: 13 
1239 6 1263 294 F: 4 1 1 
1264 3 1273 4 F: 3 
1285 10 1325 100 F: 5 2 3 
1286 10 1306 90 F: 5 3 2 
1311 9 1347 218 F: 9 
1316 12 1364 69 F: 5 3 4 
1337 5 1352 203 F: 3 1 1 
1345 3 1357 218 F: 3 
1361 7 1389 27 F: 3 4 
1365 11 1409 191 F: 6 5 
1371 5 1381 93 F: 5 
1373 5 1383 230 F: 5 
1389 6 1395 70 F: 6 
1394 6 1412 8 F: 5 1 
1407 6 1425 190 F: 2 2 2 
1409 6 1415 46 F: 3 3 
1420 9 1447 247 F: 9 
1435 7 1456 6 F: 3 4 
1447 6 1471 38 F: 3 1 2 
1448 9 1457 135 F: 6 3 
1464 3 1470 118 F: 3 
1467 9 1494 58 F: 6 3 
1484 9 1493 6 F: 4 3 2 
1490 7 1511 15 F: 3 2 2 
1520 7 1541 105 F: 7 
1523 3 1529 81 F: 2 1 
1541 7 1555 295 F: 7 
1548 13 1561 242 F: 13 
1548 13 1574 149 F: 7 6 
1556 9 1574 271 F: 6 3 
1558 5 1568 31 F: 5 
1558 5 1573 179 F: 5 
1570 5 1590 78 F: 5 
1570 11 1581 252 F: 5 3 3 
1601 9 1628 220 F: 5 4 
1604 7 1625 20 F: 4 2 1 
1629 7 1636 34 F: 5 2 
1647 5 1667 13 F: 5 
1668 6 1674 154 F: 2 2 2 
1675 10 1695 146 F: 10 
1676 7 1683 147 F: 7 
1687 2 1695 139 F: 2 
1687 9 1714 291 F: 3 4 2 
1688 4 1692 202 F: 4 
1702 4 1718 178 F: 3 1 
1707 9 1725 150 F: 9 
1709 11 1720 186 F: 11 
1712 8 1728 184 F: 7 1 
1723 11 1756 91 F: 4 4 3 
1741 9 1750 93 F: 3 6 
1743 11 1754 241 F: 11 
1775 7 1803 185 F: 6 1 
1787 8 1803 300 F: 3 5 
1792 13 1805 34 F: 13 
1800 9 1827 54 F: 7 2 
1807 7 1814 262 F: 7 
1817 6 1829 194 F: 6 
1846 5 1851 111 F: 4 1 
1855 3 1864 173 F: 2 1 
1857 10 1877 169 F: 4 4 2 
1871 9 1889 41 F: 4 1 4 
1879 13 1892 193 F: 13 
1882 6 1900 166 F: 6 
1899 9 1926 150 F: 9 
1905 4 1921 20 F: 3 1 
1906 5 1911 105 F: 2 2 1 
1947 7 1961 168 F: 7 
1948 7 1969 216 F: 2 2 3 
1951 8 1967 63 F: 3 4 1 
1953 9 1962 254 F: 9 
1962 11 1973 41 F: 5 4 2 
1971 7 1978 72 F: 2 5 
1971 12 1983 48 F: 12 
1984 3 1987 123 F: 3 
2033 6 2045 53 F: 6 
2042 7 2056 255 F: 2 4 1 
2050 6 2068 98 F: 3 3 
2057 9 2084 132 F: 5 2 2 
2058 9 2067 129 F: 4 5 
2060 9 2069 20 F: 7 2 
2082 2 2090 187 F: 2 
2084 9 2111 57 F: 9 
2089 10 2119 168 F: 10 
2092 11 2125 172 F: 6 5 
2100 5 2105 196 F: 2 3 
2114 5 2124 43 F: 4 1 
2118 11 2162 25 F: 11 
2119 10 2149 69 F: 2 4 4 
2128 6 2146 232 F: 3 1 2 
2142 11 2175 267 F: 5 6 
2158 9 2176 263 F: 5 1 3 
2177 6 2195 3 F: 2 3 1 
2184 3 2196 185 F: 3 
2190 8 2206 5 F: 4 4 
2201 8 2233 223 F: 2 6 
2211 9 2238 200 F: 5 2 2 
2218 7 2232 125 F: 7 
2251 9 2287 163 F: 4 1 4 
2254 11 2287 18 F: 11 
2255 8 2271 168 F: 3 5 
2262 7 2269 23 F: 3 3 1 
2265 10 2275 234 F: 10 
2291 11 2302 52 F: 11 
2292 10 2312 127 F: 5 3 2 
2303 10 2323 66 F: 5 1 4 
2307 8 2323 291 F: 4 4 
2312 5 2332 239 F: 3 1 1 
2324 6 2348 272 F: 6 
2329 8 2361 278 F: 6 2 
2342 8 2374 67 F: 5 1 2 
2350 9 2359 121 F: 4 3 2 
2370 12 2382 34 F: 7 5 
2388 12 2412 108 F: 7 5 
2399 6 2411 48 F: 2 2 2 
2419 6 2443 26 F: 6 
2426 8 2442 296 F: 4 4 
2437 4 2453 14 F: 4 
2439 8 2447 108 F: 4 1 3 
2454 9 2490 243 F: 7 2 
2473 5 2478 252 F: 2 3 
2473 9 2491 158 F: 2 4 3 
2488 10 2508 118 F: 5 3 2 
2490 6 2514 184 F: 3 3 
2495 4 2499 19 F: 4 
2510 7 2538 98 F: 2 1 4 
2510 13 2562 3 F: 13 
2512 5 2522 266 F: 5 
2530 12 2542 72 F: 5 3 4 
2535 4 2547 48 F: 4 
2542 8 2574 177 F: 6 2 
2557 7 2571 295 F: 7 
2560 10 2580 122 F: 5 5 
2575 7 2603 142 F: 4 1 2 
2590 5 2605 287 F: 2 3 
2623 11 2634 233 F: 11 
2629 11 2651 22 F: 5 3 3 
2647 8 2663 48 F: 3 2 3 
2657 7 2664 37 F: 5 1 1 
2676 10 2716 21 F: 4 4 2 
2678 8 2710 213 F: 2 4 2 
2683 9 2719 202 F: 4 2 3 
2684 9 2720 160 F: 5 3 1 
2694 10 2704 209 F: 5 2 3 
2694 11 2716 63 F: 5 6 
2709 6 2727 97 F: 5 1 
2723 12 2771 200 F: 5 3 4 
2727 5 2737 173 F: 3 2 
2760 13 2799 170 F: 13 
2766 9 2775 3 F: 5 3 1 
2766 10 2776 225 F: 2 4 4 
2768 2 2774 13 F: 2 
2772 11 2794 266 F: 4 4 3 
2780 7 2787 188 F: 6 1 
2799 2 2805 89 F: 2 
2806 10 2836 195 F: 5 1 4 
2816 7 2844 121 F: 7 
2820 10 2860 141 F: 3 3 4 
2835 10 2875 287 F: 5 2 3 
2851 7 2858 64 F: 5 1 1 
2851 10 2891 31 F: 3 4 3 
2865 10 2875 296 F: 5 2 3 
2869 7 2883 150 F: 3 2 2 
2869 11 2902 216 F: 11 
2898 10 2918 169 F: 5 5 
2900 11 2933 136 F: 4 4 3 
2905 10 2915 10 F: 5 5 
2911 4 2923 251 F: 4 
2913 10 2943 147 F: 4 3 3 
2933 5 2948 131 F: 2 3 
2955 6 2967 7 F: 6 
2957 6 2975 98 F: 4 1 1 
2981 6 2987 222 F: 6 
2982 12 3030 192 F: 12 
2987 9 3014 86 F: 5 4 
D: 12 60 
D: 12 159 
D: 14 106 
D: 21 194 
D: 30 35 
D: 30 70 
D: 36 100 
D: 50 88 
D: 56 208 
D: 56 246 
D: 68 251 
D: 71 155 
D: 95 199 
D: 98 200 
D: 103 121 
D: 104 253 
D: 108 109 
D: 115 129 
D: 126 267 
D: 129 144 
D: 132 253 
D: 134 176 
D: 136 252 
D: 151 276 
D: 161 199 
D: 164 228 
D: 174 266 
D: 212 293 
D: 223 294 
D: 262 289 
