8 9 17 256 F: 4 4 1 
19 9 55 293 F: 9 
31 7 59 103 F: 2 2 3 
32 8 56 136 F: 7 1 
41 12 65 110 F: 7 5 
48 8 64 195 F: 8 
60 3 66 249 F: 3 
60 6 72 16 F: 2 4 
80 5 85 57 F: 4 1 
92 9 119 36 F: 9 
102 4 106 237 F: 3 1 
115 10 145 110 F: 10 
131 13 157 66 F: 13 
140 10 180 227 F: 5 5 
146 7 153 14 F: 6 1 
147 9 174 272 F: 5 3 1 
189 7 217 106 F: 7 
193 13 232 195 F: 5 4 4 
194 4 210 294 F: 4 
197 5 217 7 F: 5 
229 13 242 122 F: 5 4 4 
237 9 255 22 F: 4 4 1 
238 4 250 33 F: 2 2 
242 6 248 270 F: 3 2 1 
247 7 275 87 F: 7 
247 9 283 108 F: 4 3 2 
251 7 258 217 F: 5 1 1 
273 5 293 208 F: 5 
278 8 310 79 F: 3 5 
298 7 319 217 F: 2 5 
302 3 314 217 F: 3 
306 12 354 90 F: 7 5 
312 8 320 195 F: 3 1 4 
313 12 337 1 F: 12 
323 8 331 115 F: 3 3 2 
334 3 346 113 F: 3 
342 10 352 262 F: 4 4 2 
365 9 374 287 F: 2 4 3 
366 11 410 1 F: 5 6 
371 7 385 281 F: 3 4 
400 13 413 81 F: 5 4 4 
401 8 425 256 F: 3 5 
407 3 413 108 F: 2 1 
437 6 443 94 F: 2 4 
447 9 465 246 F: 9 
448 3 451 93 F: 3 
467 4 471 107 F: 2 2 
471 3 480 48 F: 3 
488 11 521 243 F: 4 3 4 
499 6 505 203 F: 6 
514 2 520 245 F: 2 
526 7 547 9 F: 4 2 1 
528 11 550 1 F: 11 
534 8 558 130 F: 2 2 4 
536 10 556 245 F: 7 3 
556 9 583 277 F: 5 1 3 
559 7 573 32 F: 3 4 
562 5 577 77 F: 3 2 
576 10 586 100 F: 6 4 
592 10 632 232 F: 4 4 2 
608 5 628 175 F: 4 1 
622 9 658 85 F: 9 
622 13 648 174 F: 13 
640 4 644 298 F: 2 2 
653 6 671 204 F: 6 
655 10 675 254 F: 4 4 2 
657 8 665 148 F: 4 3 1 
659 11 670 70 F: 11 
686 10 726 4 F: 2 4 4 
699 2 705 67 F: 2 
712 6 724 242 F: 4 2 
713 13 752 31 F: 13 
717 9 735 175 F: 4 5 
741 8 773 191 F: 8 
759 2 763 49 F: 2 
761 11 794 145 F: 6 5 
776 8 800 132 F: 7 1 
788 2 792 116 F: 2 
796 3 802 57 F: 3 
798 9 834 196 F: 7 2 
807 4 815 190 F: 4 
813 11 824 214 F: 5 2 4 
816 6 834 204 F: 3 3 
824 11 835 189 F: 4 4 3 
830 6 848 114 F: 5 1 
830 7 851 131 F: 3 4 
830 8 854 175 F: 3 5 
867 11 911 168 F: 7 4 
880 10 890 230 F: 10 
886 4 902 48 F: 4 
903 6 921 219 F: 2 2 2 
906 8 930 209 F: 8 
911 12 959 84 F: 6 6 
913 9 931 12 F: 9 
927 11 949 50 F: 11 
931 9 967 72 F: 5 3 1 
944 5 959 62 F: 2 3 
954 12 966 219 F: 7 5 
962 6 986 33 F: 2 4 
976 11 987 294 F: 11 
1009 6 1015 295 F: 5 1 
1023 4 1031 281 F: 4 
1026 9 1053 61 F: 9 
1033 10 1073 194 F: 5 4 1 
1042 13 1068 28 F: 13 
1056 6 1080 102 F: 2 1 3 
1070 12 1106 126 F: 12 
1076 10 1106 215 F: 5 4 1 
1095 7 1123 168 F: 3 2 2 
1097 11 1108 99 F: 11 
1106 4 1122 201 F: 3 1 
1107 7 1128 64 F: 3 2 2 
1110 11 1143 259 F: 5 6 
1121 7 1128 28 F: 3 2 2 
1122 13 1148 35 F: 7 6 
1126 12 1174 288 F: 5 4 3 
1135 9 1171 219 F: 5 1 3 
1168 10 1178 225 F: 6 4 
1169 10 1189 165 F: 10 
1197 9 1206 180 F: 7 2 
1218 6 1224 145 F: 6 
1233 13 1285 285 F: 7 6 
1234 8 1250 274 F: 2 2 4 
1242 13 1255 23 F: 7 6 
1248 3 1260 74 F: 3 
1249 12 1273 124 F: 4 4 4 
1274 8 1306 217 F: 6 2 
1277 5 1287 198 F: 2 3 
1280 13 1293 3 F: 13 
1282 6 1300 14 F: 4 2 
1312 7 1340 44 F: 7 
1317 6 1341 263 F: 2 3 1 
1324 11 1335 87 F: 5 6 
1329 7 1336 233 F: 3 1 3 
1339 5 1349 62 F: 2 3 
1342 5 1357 226 F: 5 
1344 7 1372 111 F: 5 1 1 
1363 8 1379 104 F: 3 4 1 
1382 5 1402 63 F: 3 2 
1383 4 1399 157 F: 4 
1408 8 1416 159 F: 2 4 2 
1421 4 1433 37 F: 2 1 1 
1429 9 1465 297 F: 6 3 
1444 11 1466 93 F: 6 5 
1463 12 1475 33 F: 12 
1465 2 1467 197 F: 2 
1482 12 1518 267 F: 7 5 
1492 12 1504 276 F: 12 
1498 8 1514 86 F: 5 3 
1499 7 1506 51 F: 6 1 
1560 10 1600 54 F: 10 
1561 8 1569 36 F: 8 
1562 5 1577 103 F: 5 
1562 5 1582 1 F: 3 2 
1573 13 1625 40 F: 13 
1575 13 1614 151 F: 13 
1588 8 1612 197 F: 6 2 
1590 6 1614 264 F: 2 1 3 
1592 7 1599 30 F: 5 1 1 
1592 11 1625 298 F: 5 4 2 
1601 9 1619 222 F: 3 4 2 
1612 8 1620 224 F: 3 2 3 
1625 6 1643 15 F: 4 2 
1637 6 1655 141 F: 6 
1645 5 1660 95 F: 5 
1646 5 1666 39 F: 4 1 
1655 5 1665 98 F: 5 
1667 4 1675 180 F: 2 2 
1685 11 1729 270 F: 6 5 
1685 12 1721 77 F: 5 4 3 
1711 6 1729 262 F: 2 3 1 
1722 9 1749 296 F: 5 1 3 
1732 5 1737 106 F: 3 2 
1745 6 1769 67 F: 3 3 
1745 9 1754 7 F: 2 3 4 
1760 5 1780 269 F: 5 
1774 6 1786 110 F: 3 2 1 
1774 11 1796 218 F: 11 
1788 11 1799 210 F: 11 
1791 12 1839 180 F: 5 3 4 
1805 8 1813 290 F: 2 2 4 
1807 10 1817 160 F: 2 4 4 
1827 12 1863 257 F: 12 
1830 9 1848 236 F: 3 6 
1846 2 1850 159 F: 2 
1857 13 1870 270 F: 13 
1865 9 1901 225 F: 7 2 
1883 12 1919 69 F: 5 3 4 
1892 4 1900 87 F: 2 2 
1894 7 1908 130 F: 6 1 
1925 8 1957 18 F: 2 4 2 
1933 11 1977 183 F: 6 5 
1940 12 1976 18 F: 4 4 4 
1941 5 1946 172 F: 5 
1953 10 1983 299 F: 2 4 4 
1969 4 1985 267 F: 3 1 
1970 9 1988 79 F: 5 2 2 
1973 5 1988 240 F: 2 3 
1979 5 1989 257 F: 5 
1998 13 2024 57 F: 13 
2017 7 2031 4 F: 2 5 
2039 9 2048 243 F: 4 3 2 
2049 12 2073 202 F: 12 
2057 7 2085 183 F: 4 3 
2060 11 2071 183 F: 11 
2064 12 2100 75 F: 7 5 
2088 6 2100 133 F: 3 3 
2089 4 2105 229 F: 3 1 
2093 12 2105 283 F: 5 4 3 
2098 7 2119 96 F: 4 1 2 
2111 3 2117 38 F: 3 
2137 7 2144 43 F: 6 1 
2140 8 2156 5 F: 4 1 3 
2149 8 2173 53 F: 7 1 
2150 3 2159 88 F: 3 
2169 9 2187 258 F: 9 
2189 9 2216 287 F: 3 4 2 
2193 11 2204 158 F: 7 4 
2198 6 2204 110 F: 3 3 
2198 10 2228 239 F: 10 
2209 5 2214 33 F: 2 3 
2209 12 2233 151 F: 6 6 
2211 7 2232 124 F: 6 1 
2240 4 2256 242 F: 4 
2262 11 2273 106 F: 6 5 
2266 3 2269 147 F: 3 
2274 11 2296 220 F: 11 
2276 8 2284 252 F: 3 5 
2287 6 2305 56 F: 3 3 
2293 6 2311 300 F: 3 3 
2301 11 2323 179 F: 11 
2304 8 2320 192 F: 8 
2313 8 2345 29 F: 3 2 3 
2322 4 2330 178 F: 4 
2364 10 2374 151 F: 10 
2364 13 2390 136 F: 7 6 
2374 9 2392 200 F: 3 3 3 
2394 11 2438 176 F: 7 4 
2395 8 2403 275 F: 2 6 
2399 12 2447 86 F: 5 3 4 
2443 6 2467 83 F: 3 1 2 
2447 8 2471 244 F: 5 3 
2455 7 2476 75 F: 7 
2456 6 2474 151 F: 2 1 3 
2463 13 2476 169 F: 7 6 
2467 11 2500 172 F: 5 6 
2468 9 2477 213 F: 5 4 
2482 12 2506 58 F: 4 4 4 
2488 3 2500 127 F: 3 
2490 6 2514 139 F: 4 1 1 
2545 8 2553 52 F: 3 5 
2545 9 2563 33 F: 2 4 3 
2545 12 2593 160 F: 7 5 
2562 6 2574 246 F: 4 1 1 
2571 9 2598 241 F: 2 4 3 
2574 11 2607 180 F: 11 
2580 10 2620 18 F: 5 5 
2581 8 2589 283 F: 2 4 2 
2582 12 2606 121 F: 12 
2583 6 2601 89 F: 2 2 2 
2614 6 2632 109 F: 3 1 2 
2617 12 2641 98 F: 6 6 
2628 11 2650 155 F: 5 6 
2647 11 2669 259 F: 5 3 3 
2651 13 2664 125 F: 13 
2656 13 2682 43 F: 5 4 4 
2658 8 2690 57 F: 5 3 
2685 10 2705 137 F: 7 3 
2687 8 2711 210 F: 2 6 
2696 7 2724 160 F: 4 2 1 
2700 9 2736 28 F: 4 4 1 
2712 6 2736 71 F: 2 4 
2740 5 2750 164 F: 3 2 
2742 7 2770 76 F: 3 1 3 
2758 9 2785 209 F: 3 3 3 
2766 4 2778 101 F: 4 
2771 6 2789 149 F: 2 3 1 
2785 7 2813 299 F: 3 1 3 
2786 11 2830 121 F: 4 4 3 
2797 7 2811 253 F: 2 4 1 
2801 10 2811 242 F: 6 4 
2806 2 2810 89 F: 2 
2825 7 2846 172 F: 2 5 
2826 7 2854 156 F: 5 1 1 
2829 7 2857 45 F: 7 
2833 5 2843 9 F: 3 1 1 
2838 11 2871 8 F: 11 
2841 9 2850 90 F: 5 1 3 
2856 6 2880 8 F: 6 
2895 3 2898 294 F: 2 1 
2905 6 2923 236 F: 4 2 
2907 9 2943 182 F: 9 
2913 5 2918 36 F: 5 
2955 8 2979 190 F: 2 2 4 
2961 8 2977 144 F: 3 5 
2966 9 3002 199 F: 5 4 
2971 12 2995 224 F: 12 
2980 11 3002 5 F: 11 
2992 9 3010 11 F: 7 2 
2997 2 3005 139 F: 2 
D: 8 116 
D: 9 44 
D: 11 139 
D: 20 279 
D: 20 298 
D: 31 219 
D: 46 150 
D: 51 203 
D: 53 183 
D: 58 110 
D: 61 273 
D: 66 186 
D: 69 157 
D: 74 235 
D: 74 256 
D: 76 299 
D: 78 251 
D: 94 134 
D: 101 111 
D: 131 299 
D: 133 165 
D: 145 197 
D: 150 284 
D: 169 205 
D: 200 231 
D: 212 276 
D: 238 278 
D: 260 290 
D: 273 286 
D: 288 299 
