7 8 39 246 F: 5 1 2 
11 7 18 26 F: 7 
16 9 43 268 F: 3 3 3 
18 9 36 4 F: 5 3 1 
36 7 57 210 F: 4 3 
41 7 69 57 F: 7 
42 7 56 47 F: 3 4 
67 6 73 1 F: 6 
77 4 81 37 F: 2 1 1 
79 9 106 297 F: 9 
106 7 127 179 F: 2 4 1 
112 8 120 272 F: 4 3 1 
151 11 162 242 F: 11 
156 13 208 201 F: 13 
159 8 175 137 F: 8 
162 9 189 239 F: 9 
173 5 183 292 F: 3 2 
178 6 202 205 F: 2 2 2 
192 7 206 137 F: 6 1 
199 10 229 31 F: 4 2 4 
207 12 255 295 F: 12 
226 5 236 234 F: 5 
227 2 233 286 F: 2 
244 5 249 261 F: 2 3 
258 6 282 231 F: 3 3 
269 10 309 129 F: 2 4 4 
274 8 282 197 F: 8 
284 8 300 86 F: 8 
288 5 298 155 F: 3 2 
293 3 296 81 F: 3 
311 9 320 99 F: 3 3 3 
311 11 355 91 F: 11 
322 8 346 105 F: 8 
364 7 378 176 F: 4 1 2 
367 9 403 181 F: 2 4 3 
368 9 395 49 F: 3 6 
393 12 417 250 F: 5 3 4 
398 11 442 140 F: 5 3 3 
398 11 442 215 F: 7 4 
399 11 432 287 F: 11 
401 5 421 40 F: 5 
405 9 432 151 F: 4 1 4 
412 11 423 232 F: 11 
417 11 439 70 F: 11 
419 9 446 84 F: 4 4 1 
422 8 454 56 F: 7 1 
484 7 498 77 F: 4 3 
489 4 505 131 F: 2 1 1 
492 13 505 115 F: 7 6 
499 10 509 91 F: 5 5 
501 13 540 35 F: 13 
506 12 542 101 F: 6 6 
514 10 554 202 F: 6 4 
518 5 523 116 F: 2 3 
525 5 530 54 F: 2 1 2 
533 4 541 279 F: 3 1 
549 12 585 107 F: 12 
563 7 577 1 F: 7 
568 10 598 138 F: 5 1 4 
585 7 613 242 F: 2 5 
601 7 629 156 F: 7 
610 11 632 29 F: 4 4 3 
611 9 638 58 F: 2 4 3 
614 3 626 72 F: 3 
622 9 649 139 F: 6 3 
633 11 677 228 F: 4 4 3 
664 11 686 225 F: 5 6 
682 4 690 141 F: 4 
689 8 697 234 F: 3 4 1 
699 7 720 225 F: 2 5 
706 4 718 294 F: 2 2 
719 4 731 193 F: 4 
729 7 757 255 F: 7 
738 4 746 226 F: 4 
743 2 747 36 F: 2 
750 11 794 111 F: 11 
757 8 773 217 F: 4 1 3 
771 8 787 9 F: 2 4 2 
778 8 802 18 F: 5 3 
788 7 802 55 F: 5 2 
804 8 828 291 F: 7 1 
808 5 818 112 F: 5 
812 9 839 91 F: 3 6 
829 12 841 177 F: 12 
830 4 834 204 F: 3 1 
845 8 877 143 F: 8 
856 6 868 159 F: 3 1 2 
875 10 895 187 F: 2 4 4 
877 11 910 122 F: 11 
893 5 898 233 F: 5 
923 11 945 294 F: 11 
940 10 970 120 F: 2 4 4 
941 8 949 154 F: 7 1 
956 11 989 24 F: 11 
959 9 995 231 F: 3 4 2 
960 5 980 98 F: 4 1 
976 4 984 199 F: 4 
980 12 1028 261 F: 5 3 4 
980 13 1032 225 F: 5 4 4 
986 8 1002 18 F: 6 2 
1006 11 1028 184 F: 11 
1020 8 1036 68 F: 8 
1030 4 1034 5 F: 2 2 
1039 4 1047 63 F: 4 
1042 7 1049 249 F: 7 
1042 11 1053 60 F: 5 4 2 
1052 10 1082 34 F: 10 
1053 6 1065 146 F: 4 1 1 
1061 8 1077 224 F: 3 5 
1083 9 1110 165 F: 3 3 3 
1109 11 1131 221 F: 11 
1129 12 1141 234 F: 4 4 4 
1133 5 1138 216 F: 4 1 
1136 9 1145 109 F: 9 
1136 9 1163 239 F: 7 2 
1145 7 1166 299 F: 5 2 
1162 7 1169 161 F: 2 2 3 
1163 13 1176 300 F: 7 6 
1172 3 1184 179 F: 3 
1187 12 1235 2 F: 5 4 3 
1226 6 1238 110 F: 3 1 2 
1231 12 1279 39 F: 5 3 4 
1232 5 1242 101 F: 2 2 1 
1247 10 1277 152 F: 10 
1260 4 1272 115 F: 4 
1260 10 1270 218 F: 4 6 
1286 12 1334 194 F: 12 
1289 9 1316 130 F: 3 6 
1294 11 1316 88 F: 7 4 
1297 4 1305 224 F: 3 1 
1300 13 1352 55 F: 13 
1320 6 1326 113 F: 6 
1323 13 1349 224 F: 13 
1358 7 1365 80 F: 6 1 
1373 12 1397 78 F: 5 4 3 
1378 5 1398 267 F: 3 2 
1378 8 1394 208 F: 5 3 
1380 9 1407 54 F: 7 2 
1390 8 1406 270 F: 6 2 
1394 6 1412 118 F: 3 1 2 
1419 8 1443 182 F: 6 2 
1436 3 1448 291 F: 3 
1439 10 1469 260 F: 2 4 4 
1446 5 1461 179 F: 4 1 
1451 6 1463 131 F: 4 2 
1458 8 1482 179 F: 4 2 2 
1461 11 1494 218 F: 6 5 
1467 5 1482 212 F: 5 
1473 13 1525 147 F: 13 
1492 10 1522 209 F: 5 5 
1501 8 1517 16 F: 7 1 
1513 10 1553 31 F: 4 3 3 
1519 8 1535 152 F: 5 3 
1524 5 1534 214 F: 2 1 2 
1541 11 1585 93 F: 5 2 4 
1549 10 1569 41 F: 4 3 3 
1562 9 1589 66 F: 9 
1589 6 1601 9 F: 5 1 
1597 2 1601 8 F: 2 
1599 8 1623 134 F: 2 6 
1607 7 1628 134 F: 4 3 
1609 8 1633 261 F: 2 6 
1614 3 1626 273 F: 2 1 
1623 9 1641 133 F: 6 3 
1659 9 1668 245 F: 3 3 3 
1663 7 1670 86 F: 3 2 2 
1673 4 1689 275 F: 2 2 
1679 6 1691 208 F: 5 1 
1690 7 1697 172 F: 6 1 
1690 8 1706 32 F: 2 6 
1701 8 1709 126 F: 5 3 
1703 8 1727 191 F: 3 4 1 
1708 5 1728 120 F: 2 3 
1716 6 1734 59 F: 6 
1722 8 1746 210 F: 4 2 2 
1728 4 1732 220 F: 4 
1746 8 1762 119 F: 2 6 
1748 6 1754 232 F: 6 
1758 9 1794 137 F: 2 3 4 
1778 10 1798 189 F: 10 
1803 5 1813 3 F: 3 2 
1803 8 1835 182 F: 3 4 1 
1811 9 1829 271 F: 5 4 
1815 4 1831 142 F: 4 
1830 6 1854 252 F: 2 1 3 
1847 12 1871 274 F: 12 
1856 9 1874 24 F: 3 3 3 
1863 4 1867 24 F: 2 2 
1864 3 1867 265 F: 3 
1896 6 1920 189 F: 3 2 1 
1914 12 1950 193 F: 5 3 4 
1928 8 1960 26 F: 8 
1930 8 1962 268 F: 4 3 1 
1932 12 1968 218 F: 12 
1944 7 1972 194 F: 2 5 
1963 9 1999 246 F: 3 3 3 
1970 11 2014 134 F: 5 6 
1971 6 1977 148 F: 2 2 2 
1978 6 2002 67 F: 4 2 
1989 11 2011 262 F: 5 6 
2020 8 2028 38 F: 8 
2036 12 2060 262 F: 6 6 
2037 7 2058 94 F: 2 1 4 
2050 7 2057 247 F: 7 
2055 11 2066 67 F: 6 5 
2060 7 2074 182 F: 4 3 
2062 6 2074 240 F: 6 
2068 9 2104 6 F: 3 3 3 
2088 10 2128 65 F: 4 6 
2096 7 2117 243 F: 3 3 1 
2100 8 2108 275 F: 5 3 
2114 2 2116 191 F: 2 
2115 11 2137 55 F: 11 
2132 8 2148 299 F: 3 5 
2144 2 2148 283 F: 2 
2144 10 2174 16 F: 10 
2168 7 2182 216 F: 6 1 
2186 9 2213 48 F: 4 2 3 
2194 7 2222 36 F: 6 1 
2197 6 2221 242 F: 6 
2207 13 2259 142 F: 13 
2215 6 2233 238 F: 4 2 
2227 3 2233 131 F: 3 
2228 12 2264 112 F: 5 3 4 
2231 6 2237 98 F: 3 2 1 
2234 8 2266 267 F: 8 
2272 11 2294 104 F: 5 4 2 
2289 10 2329 33 F: 6 4 
2296 12 2308 286 F: 6 6 
2299 7 2313 180 F: 6 1 
2303 8 2311 159 F: 2 6 
2319 7 2326 194 F: 3 4 
2321 12 2333 226 F: 5 3 4 
2323 5 2343 135 F: 3 1 1 
2345 8 2377 42 F: 8 
2348 8 2372 144 F: 6 2 
2349 7 2370 134 F: 2 2 3 
2373 6 2397 212 F: 5 1 
2376 7 2390 233 F: 2 1 4 
2387 7 2401 94 F: 4 2 1 
2401 9 2419 149 F: 9 
2408 9 2444 244 F: 5 4 
2412 6 2424 181 F: 5 1 
2414 8 2438 130 F: 6 2 
2424 11 2468 230 F: 5 4 2 
2446 11 2457 209 F: 11 
2474 12 2486 252 F: 5 3 4 
2476 13 2502 30 F: 13 
2478 12 2514 135 F: 12 
2480 8 2488 78 F: 8 
2510 8 2526 276 F: 7 1 
2520 11 2542 246 F: 11 
2527 5 2532 259 F: 3 2 
2539 9 2557 91 F: 3 6 
2543 7 2564 239 F: 6 1 
2547 8 2571 126 F: 3 1 4 
2550 3 2562 252 F: 3 
2566 10 2586 132 F: 7 3 
2567 3 2573 225 F: 3 
2594 10 2614 285 F: 5 5 
2600 4 2612 137 F: 2 2 
2620 5 2625 258 F: 4 1 
2637 10 2657 95 F: 2 4 4 
2658 11 2669 200 F: 5 3 3 
2674 5 2689 48 F: 5 
2678 10 2688 65 F: 10 
2685 2 2687 202 F: 2 
2689 8 2697 114 F: 3 2 3 
2693 8 2717 108 F: 5 3 
2697 12 2733 52 F: 5 4 3 
2707 11 2740 212 F: 4 3 4 
2722 6 2740 250 F: 2 1 3 
2731 3 2737 237 F: 3 
2733 10 2753 83 F: 7 3 
2743 8 2751 235 F: 7 1 
2748 12 2796 173 F: 12 
2758 3 2761 178 F: 3 
2758 9 2794 97 F: 6 3 
2778 9 2805 150 F: 5 4 
2798 5 2808 120 F: 2 2 1 
2812 6 2824 59 F: 3 3 
2812 9 2830 30 F: 5 2 2 
2815 5 2820 36 F: 2 1 2 
2818 2 2824 49 F: 2 
2828 9 2855 75 F: 3 2 4 
2841 6 2853 224 F: 3 3 
2853 11 2886 290 F: 5 6 
2864 5 2874 147 F: 2 2 1 
2869 9 2878 58 F: 3 3 3 
2880 11 2902 226 F: 11 
2916 4 2928 33 F: 3 1 
2927 5 2932 151 F: 5 
2931 8 2947 228 F: 5 2 1 
2931 9 2940 41 F: 9 
2932 5 2947 198 F: 3 2 
2932 9 2941 22 F: 4 3 2 
2935 3 2938 196 F: 3 
2986 10 3006 161 F: 10 
2986 10 3016 222 F: 4 4 2 
2995 4 3011 287 F: 4 
D: 10 48 
D: 11 114 
D: 20 108 
D: 31 256 
D: 48 256 
D: 54 252 
D: 62 112 
D: 63 196 
D: 65 208 
D: 65 282 
D: 68 271 
D: 71 239 
D: 74 293 
D: 78 92 
D: 87 250 
D: 90 155 
D: 94 273 
D: 101 230 
D: 103 129 
D: 111 277 
D: 118 257 
D: 121 264 
D: 123 265 
D: 143 219 
D: 175 236 
D: 177 185 
D: 192 194 
D: 263 268 
D: 265 281 
D: 269 273 
