17 7 38 264 F: 7 
20 11 31 286 F: 6 5 
29 11 73 67 F: 11 
36 5 51 143 F: 2 2 1 
36 13 88 147 F: 13 
37 7 51 128 F: 2 2 3 
68 8 84 77 F: 7 1 
82 7 89 128 F: 3 4 
93 11 126 66 F: 7 4 
96 6 114 164 F: 3 1 2 
122 9 140 296 F: 3 2 4 
123 13 162 99 F: 13 
125 8 133 132 F: 3 2 3 
136 7 157 199 F: 3 1 3 
141 4 153 14 F: 4 
159 8 167 284 F: 4 2 2 
170 8 194 79 F: 4 4 
182 7 196 199 F: 4 1 2 
184 10 214 230 F: 7 3 
191 9 227 191 F: 4 2 3 
224 5 234 114 F: 2 2 1 
246 13 298 2 F: 7 6 
248 7 255 6 F: 7 
252 8 268 40 F: 5 1 2 
273 4 277 64 F: 3 1 
274 8 290 155 F: 2 2 4 
279 11 312 21 F: 11 
281 11 303 197 F: 11 
292 8 308 241 F: 5 3 
296 6 314 14 F: 4 2 
312 6 336 260 F: 2 3 1 
329 6 347 109 F: 6 
333 6 339 1 F: 2 1 3 
360 5 380 279 F: 5 
360 7 367 151 F: 4 1 2 
369 4 373 138 F: 4 
369 7 383 113 F: 3 4 
386 10 406 154 F: 5 3 2 
389 8 405 196 F: 4 3 1 
392 3 404 51 F: 3 
405 2 413 25 F: 2 
405 3 411 100 F: 3 
410 9 419 185 F: 9 
412 10 432 88 F: 5 3 2 
426 8 458 288 F: 8 
437 6 455 201 F: 3 2 1 
448 6 460 190 F: 4 1 1 
457 7 464 231 F: 4 2 1 
474 7 502 97 F: 2 3 2 
484 6 502 219 F: 3 2 1 
502 8 534 63 F: 2 4 2 
504 10 544 162 F: 10 
515 7 536 295 F: 6 1 
518 12 554 241 F: 6 6 
542 6 554 59 F: 3 3 
557 6 563 79 F: 4 2 
559 6 571 37 F: 4 1 1 
573 9 609 19 F: 5 4 
576 5 591 227 F: 2 3 
586 5 606 16 F: 2 3 
601 10 641 177 F: 6 4 
609 11 642 63 F: 5 3 3 
621 5 636 66 F: 4 1 
634 12 682 249 F: 12 
638 8 646 249 F: 8 
638 9 665 109 F: 3 2 4 
651 12 675 251 F: 12 
656 11 667 43 F: 5 4 2 
657 13 670 69 F: 7 6 
678 9 705 157 F: 9 
703 12 739 115 F: 12 
713 7 734 135 F: 2 5 
714 8 746 89 F: 4 4 
733 8 741 86 F: 3 5 
733 9 751 251 F: 5 3 1 
742 12 790 33 F: 12 
749 6 773 15 F: 2 3 1 
773 6 779 52 F: 3 3 
781 12 817 112 F: 12 
795 9 813 87 F: 7 2 
801 6 813 150 F: 2 3 1 
805 5 810 206 F: 5 
809 8 817 261 F: 5 2 1 
873 9 900 26 F: 5 4 
880 8 912 152 F: 8 
882 11 926 18 F: 11 
884 7 905 292 F: 4 1 2 
892 8 924 270 F: 8 
894 12 942 159 F: 5 3 4 
895 13 921 240 F: 13 
925 7 946 241 F: 2 1 4 
942 8 974 38 F: 2 2 4 
944 9 971 292 F: 9 
946 12 982 228 F: 12 
952 11 974 163 F: 7 4 
967 11 989 219 F: 5 2 4 
985 12 997 115 F: 5 4 3 
993 6 1005 141 F: 5 1 
994 5 999 70 F: 3 1 1 
994 12 1006 270 F: 12 
1001 6 1019 51 F: 4 2 
1009 10 1039 215 F: 2 4 4 
1035 10 1065 263 F: 10 
1036 4 1040 16 F: 3 1 
1036 11 1080 55 F: 4 4 3 
1047 12 1083 52 F: 6 6 
1049 8 1057 10 F: 4 1 3 
1060 11 1104 119 F: 11 
1065 9 1074 121 F: 9 
1092 9 1128 103 F: 4 3 2 
1106 8 1138 101 F: 8 
1133 11 1166 199 F: 11 
1136 2 1138 106 F: 2 
1138 10 1168 88 F: 4 6 
1144 12 1156 23 F: 12 
1158 9 1167 287 F: 6 3 
1171 8 1187 114 F: 5 3 
1177 5 1192 135 F: 5 
1185 9 1221 183 F: 4 3 2 
1194 12 1230 63 F: 5 4 3 
1209 9 1245 58 F: 7 2 
1215 9 1233 33 F: 5 1 3 
1230 3 1233 133 F: 3 
1234 6 1258 118 F: 2 4 
1238 4 1242 238 F: 4 
1256 8 1272 258 F: 6 2 
1259 12 1283 42 F: 4 4 4 
1286 10 1326 295 F: 3 4 3 
1289 8 1305 196 F: 4 2 2 
1293 6 1299 99 F: 6 
1311 4 1327 203 F: 4 
1330 11 1341 191 F: 3 4 4 
1342 6 1348 93 F: 4 2 
1345 11 1356 46 F: 11 
1355 4 1371 96 F: 4 
1357 6 1375 122 F: 3 1 2 
1371 5 1381 159 F: 3 2 
1372 13 1385 154 F: 7 6 
1374 8 1398 204 F: 2 6 
1384 4 1388 162 F: 4 
1400 12 1412 262 F: 7 5 
1405 9 1441 212 F: 9 
1427 7 1455 37 F: 4 1 2 
1438 11 1482 72 F: 6 5 
1444 11 1488 221 F: 11 
1468 5 1483 135 F: 5 
1478 11 1511 224 F: 7 4 
1494 6 1512 157 F: 6 
1494 8 1502 266 F: 4 1 3 
1498 10 1528 13 F: 5 4 1 
1501 9 1519 58 F: 7 2 
1509 8 1525 159 F: 5 2 1 
1523 6 1547 97 F: 3 1 2 
1526 10 1536 265 F: 3 3 4 
1527 12 1539 292 F: 7 5 
1529 10 1559 78 F: 4 3 3 
1530 7 1558 275 F: 4 2 1 
1552 9 1579 142 F: 7 2 
1570 12 1618 193 F: 5 3 4 
1584 10 1614 200 F: 2 4 4 
1619 9 1655 275 F: 5 2 2 
1633 9 1660 107 F: 9 
1635 7 1663 202 F: 7 
1638 10 1648 229 F: 6 4 
1640 8 1672 276 F: 3 1 4 
1647 13 1686 259 F: 7 6 
1651 4 1663 77 F: 4 
1665 6 1689 49 F: 2 4 
1676 6 1688 295 F: 2 4 
1687 6 1699 79 F: 6 
1705 10 1745 17 F: 10 
1721 9 1730 275 F: 7 2 
1738 7 1752 89 F: 3 4 
1747 9 1756 85 F: 3 3 3 
1758 12 1770 48 F: 4 4 4 
1759 5 1769 102 F: 2 1 2 
1760 10 1790 270 F: 4 3 3 
1783 9 1810 51 F: 2 3 4 
1791 8 1815 133 F: 4 4 
1799 5 1814 183 F: 2 3 
1800 7 1814 292 F: 6 1 
1804 8 1836 157 F: 3 5 
1809 9 1845 277 F: 9 
1813 6 1831 264 F: 6 
1819 4 1823 3 F: 3 1 
1819 6 1825 211 F: 3 2 1 
1855 12 1891 281 F: 6 6 
1877 3 1889 117 F: 3 
1884 4 1888 272 F: 4 
1886 9 1922 252 F: 4 5 
1909 6 1915 237 F: 3 2 1 
1910 10 1950 65 F: 5 2 3 
1913 3 1919 6 F: 3 
1920 5 1925 161 F: 2 3 
1930 7 1944 200 F: 2 3 2 
1956 12 1980 151 F: 4 4 4 
1963 9 1990 10 F: 9 
1972 6 1984 69 F: 4 1 1 
1978 6 1984 288 F: 4 2 
1992 4 2008 141 F: 3 1 
2003 12 2051 30 F: 6 6 
2020 11 2064 76 F: 5 6 
2025 9 2043 274 F: 6 3 
2027 11 2071 105 F: 11 
2032 10 2052 299 F: 10 
2053 4 2057 127 F: 4 
2056 7 2070 99 F: 3 1 3 
2065 4 2081 250 F: 3 1 
2072 5 2082 211 F: 4 1 
2092 10 2112 61 F: 10 
2101 8 2117 170 F: 8 
2103 7 2110 16 F: 3 3 1 
2118 6 2130 257 F: 6 
2146 6 2158 106 F: 3 1 2 
2148 8 2180 271 F: 3 2 3 
2154 8 2162 205 F: 2 2 4 
2160 7 2188 116 F: 7 
2175 2 2179 229 F: 2 
2185 9 2221 68 F: 4 1 4 
2187 6 2199 294 F: 4 2 
2201 9 2210 267 F: 9 
2230 6 2254 103 F: 2 1 3 
2241 6 2259 281 F: 6 
2242 7 2270 299 F: 2 4 1 
2245 7 2266 185 F: 4 3 
2251 9 2269 270 F: 5 4 
2251 10 2291 264 F: 3 3 4 
2275 4 2283 249 F: 3 1 
2281 6 2305 199 F: 6 
2291 9 2318 140 F: 6 3 
2304 12 2352 240 F: 5 3 4 
2305 9 2323 251 F: 9 
2305 12 2329 258 F: 6 6 
2313 9 2340 261 F: 2 3 4 
2353 12 2377 120 F: 5 3 4 
2355 8 2363 109 F: 5 1 2 
2365 8 2389 99 F: 3 2 3 
2375 5 2395 199 F: 5 
2375 9 2411 276 F: 4 5 
2386 11 2419 130 F: 11 
2413 3 2422 34 F: 3 
2426 8 2434 127 F: 2 4 2 
2427 8 2451 207 F: 3 2 3 
2427 9 2454 112 F: 4 5 
2452 10 2482 88 F: 4 6 
2454 7 2468 56 F: 7 
2470 9 2497 69 F: 9 
2478 8 2486 234 F: 3 2 3 
2487 4 2495 230 F: 2 2 
2497 11 2530 159 F: 5 6 
2500 8 2516 204 F: 2 6 
2505 7 2533 259 F: 7 
2523 9 2532 288 F: 3 3 3 
2527 8 2535 102 F: 8 
2532 5 2542 53 F: 5 
2533 10 2563 180 F: 10 
2541 7 2569 221 F: 6 1 
2555 9 2582 137 F: 3 6 
2595 7 2602 14 F: 7 
2599 10 2619 73 F: 5 5 
2602 9 2629 191 F: 9 
2610 10 2620 278 F: 5 1 4 
2616 6 2622 272 F: 6 
2620 5 2630 19 F: 5 
2651 10 2661 103 F: 4 3 3 
2659 10 2689 122 F: 6 4 
2664 8 2680 220 F: 3 4 1 
2685 11 2729 207 F: 11 
2691 7 2712 255 F: 4 1 2 
2691 9 2700 57 F: 4 2 3 
2714 9 2732 298 F: 4 5 
2714 10 2744 47 F: 7 3 
2735 9 2744 156 F: 4 5 
2736 12 2748 68 F: 6 6 
2781 5 2786 117 F: 4 1 
2787 10 2817 93 F: 10 
2789 12 2825 224 F: 6 6 
2795 8 2819 185 F: 2 6 
2795 11 2817 120 F: 5 6 
2795 11 2839 136 F: 5 4 2 
2800 9 2836 147 F: 6 3 
2819 9 2837 219 F: 9 
2822 10 2852 271 F: 10 
2831 2 2833 188 F: 2 
2861 7 2889 84 F: 7 
2868 6 2892 222 F: 6 
2871 5 2891 36 F: 5 
2877 10 2887 50 F: 5 5 
2885 11 2918 26 F: 4 3 4 
2890 8 2898 199 F: 8 
2920 10 2950 49 F: 10 
2930 8 2954 196 F: 7 1 
2953 10 2963 197 F: 5 3 2 
2954 13 2993 257 F: 13 
2962 10 2992 152 F: 5 5 
2970 7 2984 82 F: 2 4 1 
2985 9 3003 143 F: 6 3 
2989 9 3016 294 F: 7 2 
2992 7 3020 123 F: 4 2 1 
2999 8 3015 112 F: 8 
D: 0 133 
D: 9 223 
D: 14 275 
D: 16 181 
D: 17 208 
D: 19 295 
D: 27 48 
D: 31 236 
D: 31 265 
D: 39 179 
D: 54 197 
D: 61 89 
D: 67 271 
D: 74 199 
D: 90 91 
D: 106 176 
D: 111 263 
D: 130 237 
D: 131 157 
D: 137 250 
D: 139 239 
D: 143 193 
D: 143 286 
D: 147 251 
D: 155 192 
D: 185 239 
D: 196 247 
D: 216 289 
D: 235 284 
D: 250 288 
