0 3 6 162 F: 3 
0 11 22 184 F: 6 5 
17 5 32 238 F: 5 
20 7 48 230 F: 3 4 
30 10 70 221 F: 5 3 2 
37 7 58 12 F: 7 
50 3 59 221 F: 3 
70 5 75 185 F: 4 1 
92 12 104 165 F: 12 
96 12 144 150 F: 5 4 3 
112 3 115 294 F: 3 
147 10 167 52 F: 5 5 
153 9 171 198 F: 3 2 4 
154 8 178 198 F: 4 1 3 
165 5 170 94 F: 2 2 1 
180 10 220 202 F: 5 4 1 
193 6 211 243 F: 6 
194 4 202 135 F: 2 2 
194 5 204 83 F: 4 1 
196 6 214 16 F: 4 2 
200 8 224 76 F: 8 
201 9 210 7 F: 3 6 
206 12 218 11 F: 12 
214 12 262 24 F: 12 
221 9 257 277 F: 9 
259 2 263 295 F: 2 
260 2 264 10 F: 2 
270 9 297 274 F: 2 4 3 
271 8 295 250 F: 4 2 2 
280 9 289 254 F: 3 6 
306 3 309 86 F: 3 
311 8 319 204 F: 2 6 
311 8 335 214 F: 3 5 
354 12 390 130 F: 6 6 
364 9 391 68 F: 3 6 
370 8 378 65 F: 3 2 3 
373 10 413 166 F: 10 
386 11 419 119 F: 11 
391 10 431 264 F: 10 
392 10 432 40 F: 4 4 2 
452 6 470 94 F: 3 1 2 
455 8 463 208 F: 3 5 
456 9 492 236 F: 9 
459 8 467 175 F: 2 3 3 
461 8 485 170 F: 8 
469 10 489 227 F: 10 
475 8 499 214 F: 8 
480 10 510 2 F: 3 4 3 
489 13 502 282 F: 13 
495 2 499 209 F: 2 
510 7 538 10 F: 2 5 
528 11 539 281 F: 3 4 4 
553 2 559 263 F: 2 
553 4 557 69 F: 2 1 1 
557 8 573 1 F: 5 3 
567 4 579 47 F: 4 
574 8 598 92 F: 7 1 
575 7 596 132 F: 3 4 
581 9 608 135 F: 4 3 2 
596 3 602 228 F: 3 
601 5 621 251 F: 4 1 
605 6 617 1 F: 2 4 
607 2 613 179 F: 2 
607 4 619 50 F: 2 1 1 
608 11 630 149 F: 11 
641 3 644 214 F: 2 1 
643 12 679 241 F: 12 
665 6 671 55 F: 6 
666 12 690 174 F: 4 4 4 
677 8 693 57 F: 3 4 1 
702 7 723 133 F: 5 1 1 
702 8 726 106 F: 3 3 2 
707 6 731 11 F: 2 3 1 
723 7 751 110 F: 3 2 2 
746 11 779 271 F: 5 6 
776 8 792 287 F: 4 2 2 
784 8 808 184 F: 7 1 
789 10 819 190 F: 6 4 
797 5 812 174 F: 3 1 1 
797 7 804 65 F: 7 
807 6 819 59 F: 4 1 1 
816 6 828 183 F: 2 2 2 
817 9 835 195 F: 9 
826 5 841 190 F: 2 2 1 
846 9 855 21 F: 9 
857 9 875 147 F: 3 4 2 
860 5 870 211 F: 3 1 1 
861 12 897 45 F: 12 
895 6 901 199 F: 4 2 
898 6 904 141 F: 3 1 2 
901 10 941 183 F: 10 
907 5 917 239 F: 3 2 
910 8 942 254 F: 3 2 3 
939 7 946 128 F: 4 3 
943 5 948 66 F: 2 1 2 
944 5 959 110 F: 5 
957 2 965 243 F: 2 
958 7 965 163 F: 2 5 
979 8 1003 76 F: 3 3 2 
986 8 994 258 F: 8 
1021 9 1048 59 F: 2 4 3 
1025 7 1032 80 F: 7 
1027 8 1051 82 F: 5 2 1 
1033 7 1061 205 F: 7 
1035 8 1059 32 F: 5 2 1 
1041 8 1057 257 F: 8 
1048 9 1075 271 F: 5 2 2 
1053 11 1075 64 F: 7 4 
1061 9 1079 23 F: 9 
1095 8 1119 259 F: 2 2 4 
1117 10 1137 145 F: 5 5 
1118 8 1126 18 F: 3 2 3 
1133 5 1148 59 F: 5 
1163 9 1190 154 F: 2 4 3 
1177 4 1189 67 F: 4 
1184 6 1208 267 F: 4 2 
1185 7 1192 99 F: 3 3 1 
1194 12 1206 222 F: 12 
1195 7 1216 97 F: 4 2 1 
1198 7 1226 115 F: 2 4 1 
1205 9 1214 127 F: 4 4 1 
1206 10 1236 119 F: 10 
1217 6 1241 97 F: 6 
1227 9 1254 183 F: 3 6 
1252 7 1259 170 F: 5 2 
1255 10 1285 2 F: 7 3 
1260 7 1267 208 F: 7 
1267 3 1279 91 F: 3 
1278 13 1317 53 F: 13 
1283 4 1287 288 F: 2 2 
1300 4 1312 205 F: 2 2 
1302 8 1334 272 F: 4 4 
1311 8 1335 265 F: 8 
1329 10 1349 75 F: 3 4 3 
1334 8 1342 198 F: 8 
1368 8 1376 13 F: 5 3 
1374 5 1394 131 F: 2 1 2 
1380 9 1407 92 F: 7 2 
1384 11 1395 273 F: 6 5 
1386 10 1426 121 F: 10 
1421 11 1432 121 F: 11 
1438 9 1456 285 F: 4 3 2 
1445 13 1458 298 F: 7 6 
1454 9 1472 178 F: 9 
1464 8 1472 229 F: 3 5 
1477 11 1499 284 F: 11 
1478 13 1491 84 F: 13 
1479 11 1501 166 F: 5 3 3 
1485 5 1490 160 F: 3 2 
1491 5 1501 278 F: 2 3 
1507 9 1543 92 F: 4 1 4 
1515 11 1526 286 F: 3 4 4 
1556 4 1564 148 F: 2 1 1 
1562 11 1584 202 F: 6 5 
1567 10 1577 60 F: 3 3 4 
1569 5 1584 265 F: 5 
1576 6 1594 24 F: 6 
1583 11 1616 159 F: 11 
1589 7 1610 212 F: 5 2 
1593 8 1625 267 F: 2 6 
1600 9 1609 200 F: 6 3 
1614 9 1641 256 F: 7 2 
1616 5 1631 250 F: 2 2 1 
1622 8 1654 116 F: 2 6 
1633 10 1643 145 F: 5 4 1 
1658 2 1660 14 F: 2 
1663 10 1693 5 F: 4 3 3 
1669 5 1679 78 F: 2 2 1 
1674 6 1680 8 F: 3 1 2 
1674 11 1696 247 F: 6 5 
1702 11 1746 282 F: 7 4 
1708 5 1723 44 F: 4 1 
1713 7 1727 229 F: 4 1 2 
1734 2 1740 74 F: 2 
1736 6 1754 115 F: 6 
1736 9 1763 230 F: 6 3 
1766 9 1793 20 F: 7 2 
1779 11 1801 25 F: 6 5 
1785 9 1794 268 F: 7 2 
1788 10 1828 182 F: 4 6 
1801 8 1825 225 F: 6 2 
1802 6 1814 163 F: 2 4 
1807 11 1851 27 F: 6 5 
1808 2 1816 201 F: 2 
1826 10 1846 75 F: 5 1 4 
1843 10 1883 284 F: 5 1 4 
1853 8 1885 281 F: 4 1 3 
1877 3 1883 103 F: 3 
1889 10 1899 180 F: 10 
1897 11 1930 211 F: 11 
1915 12 1939 63 F: 7 5 
1919 9 1946 118 F: 6 3 
1919 10 1929 115 F: 6 4 
1947 9 1983 23 F: 3 4 2 
1950 9 1959 285 F: 9 
1969 9 1987 138 F: 4 1 4 
1972 9 2008 128 F: 2 4 3 
1977 10 1997 141 F: 5 4 1 
1988 9 2015 138 F: 5 4 
1992 11 2003 22 F: 6 5 
2021 8 2045 72 F: 8 
2033 5 2043 93 F: 3 2 
2035 10 2075 170 F: 3 4 3 
2038 3 2047 244 F: 3 
2045 7 2066 249 F: 3 4 
2057 8 2073 170 F: 2 3 3 
2073 10 2103 247 F: 7 3 
2077 8 2109 65 F: 5 3 
2079 10 2119 116 F: 4 2 4 
2080 9 2098 267 F: 9 
2119 12 2155 157 F: 12 
2120 7 2127 227 F: 2 5 
2129 5 2149 135 F: 3 2 
2139 7 2146 65 F: 4 2 1 
2139 9 2157 96 F: 4 1 4 
2154 8 2170 117 F: 5 1 2 
2159 8 2191 196 F: 5 1 2 
2164 2 2172 250 F: 2 
2184 10 2214 57 F: 5 1 4 
2196 10 2216 262 F: 5 5 
2200 6 2224 123 F: 2 3 1 
2203 5 2208 218 F: 5 
2215 6 2233 103 F: 6 
2251 13 2264 134 F: 5 4 4 
2259 8 2275 108 F: 8 
2269 7 2290 46 F: 3 4 
2285 8 2309 171 F: 4 2 2 
2288 12 2324 62 F: 12 
2289 13 2328 187 F: 13 
2293 7 2307 10 F: 7 
2309 8 2317 108 F: 8 
2324 11 2357 58 F: 5 4 2 
2324 11 2368 191 F: 11 
2331 7 2359 23 F: 3 3 1 
2339 10 2349 232 F: 10 
2357 2 2361 50 F: 2 
2358 9 2385 98 F: 9 
2368 8 2384 297 F: 3 4 1 
2368 12 2404 173 F: 5 4 3 
2389 5 2409 105 F: 2 3 
2413 10 2423 14 F: 5 1 4 
2417 5 2427 92 F: 4 1 
2427 6 2445 193 F: 5 1 
2431 6 2437 279 F: 4 1 1 
2432 9 2468 160 F: 3 6 
2449 9 2476 227 F: 4 3 2 
2453 4 2469 21 F: 4 
2471 8 2487 297 F: 7 1 
2474 9 2501 264 F: 5 2 2 
2491 3 2494 87 F: 3 
2512 6 2530 289 F: 2 3 1 
2531 12 2567 254 F: 7 5 
2538 9 2556 164 F: 5 3 1 
2545 8 2553 269 F: 8 
2553 5 2568 275 F: 2 2 1 
2554 9 2563 164 F: 6 3 
2557 2 2565 16 F: 2 
2564 12 2576 113 F: 7 5 
2572 8 2596 51 F: 3 4 1 
2574 13 2626 58 F: 13 
2610 10 2620 27 F: 6 4 
2635 9 2644 111 F: 9 
2638 10 2648 71 F: 5 2 3 
2640 6 2652 85 F: 5 1 
2658 10 2688 219 F: 3 4 3 
2667 13 2680 285 F: 13 
2668 5 2683 28 F: 2 3 
2668 9 2704 52 F: 5 3 1 
2669 8 2701 5 F: 4 1 3 
2684 2 2690 215 F: 2 
2701 5 2706 51 F: 4 1 
2702 11 2746 212 F: 5 6 
2706 11 2750 294 F: 11 
2717 2 2721 16 F: 2 
2733 11 2755 18 F: 5 6 
2742 9 2778 83 F: 4 3 2 
2751 8 2767 65 F: 7 1 
2756 11 2767 5 F: 11 
2765 6 2783 274 F: 4 2 
2766 9 2775 118 F: 6 3 
2813 7 2820 186 F: 6 1 
2813 9 2831 176 F: 4 5 
2826 13 2852 35 F: 13 
2828 12 2840 142 F: 12 
2834 9 2861 231 F: 4 4 1 
2857 13 2870 295 F: 13 
2859 7 2873 125 F: 2 3 2 
2872 7 2886 209 F: 7 
2888 10 2898 216 F: 5 5 
2890 10 2900 122 F: 4 3 3 
2917 12 2929 256 F: 12 
2918 5 2923 22 F: 5 
2923 11 2967 120 F: 11 
2928 7 2949 290 F: 5 2 
2930 7 2944 9 F: 2 4 1 
2943 12 2967 147 F: 12 
2959 2 2967 7 F: 2 
2970 7 2984 72 F: 7 
2994 10 3014 75 F: 5 3 2 
2998 5 3003 27 F: 4 1 
D: 1 162 
D: 2 115 
D: 5 42 
D: 5 188 
D: 22 214 
D: 30 56 
D: 36 81 
D: 39 53 
D: 39 118 
D: 51 290 
D: 56 136 
D: 57 222 
D: 59 156 
D: 76 228 
D: 81 177 
D: 82 170 
D: 93 190 
D: 101 181 
D: 122 166 
D: 127 240 
D: 130 167 
D: 131 269 
D: 142 267 
D: 156 257 
D: 165 223 
D: 175 281 
D: 192 199 
D: 224 270 
D: 226 280 
D: 274 279 
