5 5 10 286 F: 3 1 1 
5 8 29 137 F: 5 1 2 
5 9 23 204 F: 2 4 3 
10 8 42 57 F: 5 3 
13 8 37 14 F: 6 2 
58 9 76 230 F: 3 2 4 
60 5 80 238 F: 5 
62 9 89 215 F: 5 2 2 
84 8 108 113 F: 2 2 4 
89 10 109 127 F: 7 3 
115 6 121 81 F: 3 1 2 
126 9 135 163 F: 5 3 1 
152 8 176 229 F: 8 
152 10 162 254 F: 5 3 2 
158 11 169 199 F: 7 4 
178 10 208 248 F: 4 3 3 
189 9 225 174 F: 9 
193 5 198 261 F: 4 1 
196 4 200 155 F: 4 
199 7 213 9 F: 2 4 1 
220 6 244 114 F: 6 
228 9 255 253 F: 5 1 3 
238 9 247 239 F: 7 2 
246 10 286 111 F: 5 5 
253 10 263 270 F: 4 6 
268 7 289 114 F: 2 5 
275 7 303 191 F: 7 
278 7 285 231 F: 2 3 2 
286 6 292 45 F: 6 
288 8 320 270 F: 8 
309 10 319 134 F: 5 3 2 
330 10 350 193 F: 3 4 3 
341 7 362 143 F: 3 1 3 
352 8 384 101 F: 3 5 
360 7 381 289 F: 7 
360 9 378 279 F: 3 6 
378 2 384 230 F: 2 
382 5 387 223 F: 3 2 
382 11 393 207 F: 3 4 4 
398 13 424 111 F: 7 6 
400 9 409 105 F: 5 1 3 
420 10 430 116 F: 4 4 2 
421 11 443 298 F: 3 4 4 
435 12 447 128 F: 5 4 3 
438 9 447 282 F: 4 5 
450 13 476 228 F: 13 
459 7 473 145 F: 3 1 3 
479 10 499 91 F: 5 4 1 
480 10 520 5 F: 5 3 2 
497 4 505 241 F: 2 2 
502 5 512 186 F: 4 1 
507 7 521 285 F: 2 5 
533 7 540 80 F: 7 
535 9 571 37 F: 9 
542 8 550 9 F: 2 6 
545 12 557 139 F: 12 
548 9 584 204 F: 9 
575 10 585 26 F: 5 4 1 
579 6 597 226 F: 6 
579 9 597 137 F: 7 2 
616 11 660 194 F: 11 
633 8 657 158 F: 2 6 
639 10 649 282 F: 7 3 
640 4 656 110 F: 3 1 
654 6 660 97 F: 5 1 
657 9 675 130 F: 3 3 3 
664 6 688 147 F: 6 
665 3 674 61 F: 3 
681 9 690 66 F: 4 5 
689 11 722 242 F: 11 
714 12 726 210 F: 4 4 4 
739 8 763 203 F: 3 5 
747 7 754 28 F: 5 2 
752 7 766 239 F: 4 1 2 
757 11 790 115 F: 11 
761 11 794 264 F: 11 
764 8 780 256 F: 8 
777 12 813 212 F: 7 5 
786 8 810 33 F: 4 3 1 
788 8 820 142 F: 2 6 
807 8 823 268 F: 6 2 
820 8 836 235 F: 8 
832 5 847 137 F: 4 1 
835 8 867 267 F: 3 4 1 
836 8 852 227 F: 8 
852 11 896 23 F: 7 4 
862 9 871 10 F: 4 4 1 
889 7 917 26 F: 5 2 
893 8 909 208 F: 2 2 4 
898 7 912 234 F: 4 2 1 
909 3 921 261 F: 3 
930 4 946 164 F: 4 
933 2 937 95 F: 2 
933 9 942 198 F: 5 3 1 
943 13 982 164 F: 13 
951 10 971 234 F: 10 
953 2 959 107 F: 2 
965 7 993 155 F: 3 4 
991 6 1009 30 F: 3 2 1 
996 11 1040 224 F: 5 4 2 
1007 11 1018 264 F: 11 
1008 7 1036 285 F: 5 2 
1017 8 1041 189 F: 6 2 
1024 2 1028 55 F: 2 
1031 11 1053 111 F: 11 
1056 2 1064 58 F: 2 
1056 9 1065 243 F: 9 
1076 6 1082 147 F: 6 
1083 2 1085 118 F: 2 
1090 8 1098 44 F: 2 4 2 
1123 8 1131 171 F: 8 
1123 8 1147 260 F: 3 2 3 
1134 7 1148 122 F: 6 1 
1141 5 1156 149 F: 2 1 2 
1159 8 1191 132 F: 2 6 
1164 5 1184 218 F: 2 2 1 
1167 11 1189 42 F: 6 5 
1182 6 1200 214 F: 4 1 1 
1184 7 1205 167 F: 7 
1187 11 1220 98 F: 11 
1213 9 1240 229 F: 9 
1225 3 1228 156 F: 3 
1229 4 1245 274 F: 4 
1233 10 1243 91 F: 10 
1243 8 1259 200 F: 3 5 
1256 9 1265 60 F: 2 4 3 
1257 11 1290 154 F: 11 
1261 7 1282 40 F: 3 4 
1273 10 1303 188 F: 10 
1282 2 1284 95 F: 2 
1307 8 1315 87 F: 3 3 2 
1307 9 1334 102 F: 9 
1364 2 1370 179 F: 2 
1374 11 1418 40 F: 5 2 4 
1376 11 1409 217 F: 11 
1377 9 1404 106 F: 5 4 
1383 9 1401 246 F: 3 4 2 
1384 3 1396 80 F: 3 
1384 4 1392 280 F: 4 
1398 2 1400 42 F: 2 
1406 6 1412 233 F: 6 
1450 2 1454 57 F: 2 
1462 6 1468 260 F: 2 1 3 
1463 4 1479 228 F: 4 
1470 4 1482 270 F: 2 2 
1476 6 1482 300 F: 4 2 
1479 10 1489 105 F: 10 
1486 8 1494 33 F: 2 2 4 
1488 7 1516 244 F: 3 3 1 
1495 7 1502 194 F: 3 1 3 
1501 10 1541 286 F: 10 
1508 13 1534 161 F: 13 
1530 5 1540 283 F: 4 1 
1567 7 1574 164 F: 4 2 1 
1568 8 1576 58 F: 4 4 
1568 10 1588 9 F: 10 
1583 7 1604 135 F: 2 3 2 
1587 8 1619 137 F: 4 1 3 
1588 13 1601 199 F: 13 
1591 10 1621 221 F: 10 
1622 10 1662 38 F: 5 5 
1627 9 1636 254 F: 3 3 3 
1653 7 1667 271 F: 2 2 3 
1662 7 1676 135 F: 7 
1664 4 1676 70 F: 2 1 1 
1667 11 1711 206 F: 6 5 
1673 7 1680 125 F: 3 4 
1683 10 1693 236 F: 4 3 3 
1691 9 1727 177 F: 2 3 4 
1699 8 1715 200 F: 3 5 
1701 13 1740 241 F: 13 
1711 6 1723 159 F: 4 2 
1716 6 1734 215 F: 2 3 1 
1755 3 1767 65 F: 3 
1770 12 1818 149 F: 5 4 3 
1773 3 1785 249 F: 3 
1787 5 1807 235 F: 5 
1791 12 1839 249 F: 6 6 
1792 10 1802 251 F: 4 3 3 
1796 8 1812 252 F: 8 
1801 10 1841 94 F: 10 
1809 9 1818 272 F: 9 
1820 8 1844 48 F: 4 3 1 
1836 6 1854 273 F: 6 
1848 4 1852 23 F: 2 2 
1853 6 1877 244 F: 5 1 
1855 10 1885 102 F: 6 4 
1862 9 1898 175 F: 2 4 3 
1878 2 1884 220 F: 2 
1894 10 1924 190 F: 7 3 
1902 8 1926 235 F: 7 1 
1910 9 1919 184 F: 7 2 
1925 8 1941 2 F: 4 4 
1941 4 1945 69 F: 4 
1944 3 1953 238 F: 3 
1944 8 1960 86 F: 4 4 
1951 2 1955 83 F: 2 
1951 8 1959 126 F: 8 
1965 10 2005 231 F: 7 3 
1997 8 2013 40 F: 5 2 1 
2002 8 2018 271 F: 3 2 3 
2033 11 2044 48 F: 4 3 4 
2034 8 2058 81 F: 3 5 
2035 13 2074 197 F: 13 
2046 10 2056 170 F: 4 4 2 
2057 7 2085 153 F: 3 4 
2060 8 2084 75 F: 8 
2060 10 2070 277 F: 5 3 2 
2083 2 2091 125 F: 2 
2098 8 2114 13 F: 8 
2128 9 2137 283 F: 6 3 
2128 10 2158 290 F: 4 4 2 
2128 13 2180 292 F: 5 4 4 
2134 6 2146 46 F: 4 2 
2144 12 2180 84 F: 12 
2171 11 2182 140 F: 11 
2184 8 2216 27 F: 3 5 
2188 8 2212 155 F: 7 1 
2192 5 2197 180 F: 5 
2193 5 2208 134 F: 3 2 
2205 4 2213 38 F: 2 2 
2207 7 2214 260 F: 5 1 1 
2210 6 2222 212 F: 6 
2229 4 2233 237 F: 4 
2237 11 2270 118 F: 11 
2257 2 2265 136 F: 2 
2268 7 2275 210 F: 7 
2269 10 2309 101 F: 10 
2273 12 2285 269 F: 6 6 
2283 9 2310 290 F: 9 
2322 9 2349 13 F: 4 5 
2338 10 2348 54 F: 3 4 3 
2346 9 2382 96 F: 2 3 4 
2346 11 2368 186 F: 5 3 3 
2351 8 2383 98 F: 3 3 2 
2361 8 2393 50 F: 8 
2370 8 2402 106 F: 8 
2390 8 2422 33 F: 3 1 4 
2391 11 2402 188 F: 3 4 4 
2396 9 2405 84 F: 9 
2411 6 2435 214 F: 5 1 
2420 9 2447 293 F: 5 3 1 
2433 6 2445 50 F: 4 2 
2436 11 2480 266 F: 7 4 
2442 8 2458 18 F: 2 2 4 
2445 8 2461 278 F: 3 5 
2455 10 2485 10 F: 2 4 4 
2456 10 2486 258 F: 7 3 
2490 6 2508 231 F: 5 1 
2499 10 2529 277 F: 10 
2511 3 2520 225 F: 3 
2528 11 2561 143 F: 5 2 4 
2547 4 2555 13 F: 3 1 
2559 12 2595 56 F: 4 4 4 
2561 7 2568 59 F: 7 
2564 10 2574 51 F: 4 6 
2571 9 2580 184 F: 4 2 3 
2581 8 2589 129 F: 8 
2599 7 2627 273 F: 2 3 2 
2599 9 2608 95 F: 3 3 3 
2608 10 2648 76 F: 5 5 
2610 11 2643 159 F: 5 3 3 
2617 6 2635 44 F: 6 
2626 9 2653 106 F: 5 1 3 
2657 6 2675 165 F: 4 1 1 
2664 8 2688 269 F: 4 2 2 
2670 10 2690 272 F: 4 6 
2683 12 2695 27 F: 6 6 
2688 9 2697 255 F: 9 
2697 10 2727 190 F: 10 
2701 11 2712 141 F: 5 2 4 
2712 9 2730 224 F: 9 
2717 3 2729 279 F: 3 
2726 4 2734 204 F: 4 
2727 7 2741 58 F: 2 4 1 
2746 2 2754 281 F: 2 
2756 7 2784 219 F: 5 2 
2789 9 2816 37 F: 3 3 3 
2793 6 2811 267 F: 3 3 
2796 8 2828 78 F: 3 2 3 
2810 3 2813 107 F: 3 
2825 8 2833 140 F: 2 3 3 
2829 6 2841 188 F: 6 
2832 11 2876 65 F: 7 4 
2842 9 2869 279 F: 4 2 3 
2846 8 2862 7 F: 8 
2853 6 2859 8 F: 6 
2859 7 2866 182 F: 5 2 
2886 6 2910 108 F: 6 
2898 11 2931 260 F: 4 4 3 
2911 8 2943 74 F: 4 4 
2921 2 2927 150 F: 2 
2923 13 2936 205 F: 7 6 
2936 13 2962 149 F: 13 
2937 7 2958 180 F: 4 3 
2950 12 2962 273 F: 6 6 
2957 10 2967 20 F: 4 4 2 
2964 7 2971 100 F: 4 3 
2969 6 2987 278 F: 6 
2988 10 3028 41 F: 6 4 
D: 1 27 
D: 10 26 
D: 19 126 
D: 19 175 
D: 22 249 
D: 28 265 
D: 35 54 
D: 38 203 
D: 39 287 
D: 55 237 
D: 56 220 
D: 58 131 
D: 70 269 
D: 74 164 
D: 75 182 
D: 80 114 
D: 80 295 
D: 99 230 
D: 105 283 
D: 112 226 
D: 112 274 
D: 120 132 
D: 150 267 
D: 159 260 
D: 163 205 
D: 191 285 
D: 196 286 
D: 197 246 
D: 198 235 
D: 225 293 
