7 4 15 23 F: 2 2 
19 9 37 43 F: 4 3 2 
22 9 58 47 F: 9 
42 11 86 106 F: 5 4 2 
45 6 69 186 F: 6 
52 8 60 260 F: 2 6 
72 11 83 155 F: 7 4 
77 9 95 343 F: 5 2 2 
93 6 117 280 F: 2 3 1 
96 13 109 268 F: 7 6 
101 7 129 56 F: 4 1 2 
126 3 138 275 F: 2 1 
134 8 150 202 F: 7 1 
137 8 153 200 F: 4 1 3 
141 8 173 312 F: 8 
155 10 175 120 F: 10 
155 12 191 239 F: 12 
159 11 203 236 F: 5 3 3 
173 11 184 124 F: 11 
178 12 226 282 F: 12 
230 9 266 61 F: 6 3 
237 10 277 270 F: 4 3 3 
243 9 252 306 F: 3 6 
270 7 277 65 F: 7 
282 6 294 328 F: 4 1 1 
288 12 312 341 F: 6 6 
290 10 330 64 F: 10 
290 13 342 113 F: 7 6 
294 10 324 166 F: 3 4 3 
295 7 316 302 F: 2 3 2 
314 12 338 265 F: 5 4 3 
316 6 322 336 F: 2 4 
316 9 352 114 F: 3 6 
337 8 353 171 F: 2 4 2 
340 4 352 23 F: 2 2 
345 8 369 27 F: 3 4 1 
346 7 353 294 F: 6 1 
360 2 368 235 F: 2 
366 6 378 57 F: 3 2 1 
397 11 430 234 F: 11 
409 13 448 208 F: 7 6 
413 6 431 280 F: 6 
441 11 474 329 F: 5 4 2 
445 3 451 254 F: 2 1 
447 4 459 199 F: 4 
447 10 457 64 F: 6 4 
453 11 497 133 F: 11 
468 7 482 171 F: 3 3 1 
478 8 502 231 F: 5 3 
494 11 538 183 F: 6 5 
511 7 539 167 F: 7 
514 8 546 147 F: 2 4 2 
517 8 533 229 F: 2 2 4 
530 7 537 51 F: 2 5 
532 9 559 186 F: 4 4 1 
537 10 577 4 F: 10 
565 7 593 70 F: 7 
580 7 594 13 F: 2 1 4 
580 11 602 10 F: 5 3 3 
597 8 629 41 F: 2 6 
608 8 616 216 F: 3 3 2 
621 6 639 348 F: 4 1 1 
623 9 641 291 F: 5 2 2 
625 8 641 175 F: 4 3 1 
634 4 646 272 F: 4 
636 7 657 190 F: 5 1 1 
641 9 677 281 F: 9 
643 9 670 285 F: 2 3 4 
683 8 691 98 F: 5 2 1 
688 10 718 342 F: 10 
715 9 742 93 F: 4 1 4 
724 11 757 46 F: 6 5 
733 8 757 301 F: 3 2 3 
755 8 771 302 F: 4 3 1 
766 8 790 313 F: 8 
775 10 805 150 F: 5 5 
779 5 799 274 F: 3 2 
782 4 790 188 F: 3 1 
786 13 838 93 F: 13 
794 7 801 277 F: 2 3 2 
817 7 838 252 F: 4 3 
827 7 848 224 F: 7 
852 6 864 269 F: 6 
854 9 872 286 F: 4 3 2 
858 7 865 254 F: 7 
860 9 869 8 F: 4 2 3 
861 5 866 154 F: 5 
881 13 894 109 F: 13 
882 11 904 192 F: 5 6 
892 10 912 91 F: 5 4 1 
914 11 936 107 F: 5 3 3 
915 8 931 160 F: 8 
920 5 930 83 F: 2 2 1 
920 6 944 194 F: 2 3 1 
926 5 936 135 F: 2 3 
928 3 937 56 F: 3 
956 5 966 340 F: 2 2 1 
973 9 1000 64 F: 3 3 3 
974 4 990 4 F: 2 1 1 
993 5 998 243 F: 5 
1004 4 1016 180 F: 3 1 
1004 7 1018 159 F: 5 2 
1004 8 1012 314 F: 8 
1007 5 1022 205 F: 5 
1008 7 1015 147 F: 2 2 3 
1026 11 1070 8 F: 4 4 3 
1037 7 1051 149 F: 2 5 
1038 11 1082 65 F: 4 4 3 
1043 7 1057 331 F: 5 2 
1050 9 1059 83 F: 5 1 3 
1102 8 1126 109 F: 2 6 
1110 13 1123 114 F: 13 
1125 9 1143 262 F: 5 1 3 
1136 9 1172 216 F: 4 3 2 
1138 7 1145 200 F: 7 
1146 7 1174 216 F: 6 1 
1153 5 1158 117 F: 5 
1158 7 1165 10 F: 4 2 1 
1187 10 1227 180 F: 3 3 4 
1188 8 1220 158 F: 8 
1201 10 1221 221 F: 4 6 
1208 6 1220 277 F: 6 
1210 9 1228 190 F: 4 1 4 
1228 11 1239 329 F: 5 4 2 
1234 5 1244 42 F: 5 
1251 6 1269 31 F: 2 4 
1260 12 1284 163 F: 12 
1270 4 1278 213 F: 3 1 
1272 8 1296 240 F: 3 2 3 
1285 10 1305 138 F: 7 3 
1305 11 1349 177 F: 11 
1322 7 1350 24 F: 7 
1338 3 1341 344 F: 3 
1348 8 1356 249 F: 5 2 1 
1355 7 1383 28 F: 4 2 1 
1356 10 1396 246 F: 6 4 
1359 10 1369 23 F: 10 
1371 11 1382 181 F: 7 4 
1378 4 1386 225 F: 4 
1393 6 1417 332 F: 2 3 1 
1419 8 1427 195 F: 6 2 
1425 3 1437 48 F: 3 
1430 13 1469 235 F: 13 
1435 6 1453 167 F: 5 1 
1449 4 1453 327 F: 4 
1451 8 1459 172 F: 4 4 
1466 12 1514 302 F: 12 
1467 2 1475 32 F: 2 
1473 7 1487 201 F: 2 5 
1482 9 1509 344 F: 9 
1501 4 1505 157 F: 4 
1504 6 1522 141 F: 6 
1504 9 1522 281 F: 5 4 
1508 10 1538 114 F: 3 4 3 
1513 9 1522 125 F: 4 5 
1524 9 1533 287 F: 9 
1527 8 1559 123 F: 2 4 2 
1542 11 1575 216 F: 11 
1558 10 1598 163 F: 5 5 
1587 6 1611 36 F: 3 1 2 
1602 7 1616 39 F: 4 1 2 
1621 7 1649 223 F: 5 1 1 
1639 11 1683 304 F: 3 4 4 
1643 9 1670 188 F: 5 1 3 
1646 4 1654 335 F: 4 
1652 10 1692 198 F: 10 
1664 6 1670 242 F: 4 2 
1665 9 1683 35 F: 9 
1666 7 1694 55 F: 6 1 
1698 10 1738 5 F: 3 4 3 
1713 9 1722 241 F: 9 
1715 5 1735 285 F: 4 1 
1721 5 1736 89 F: 5 
1752 8 1776 269 F: 2 6 
1754 8 1786 245 F: 6 2 
1763 3 1766 194 F: 3 
1782 8 1798 178 F: 3 2 3 
1787 5 1792 214 F: 2 2 1 
1789 2 1797 27 F: 2 
1791 11 1824 200 F: 11 
1806 5 1821 43 F: 2 3 
1810 9 1828 6 F: 9 
1825 6 1837 84 F: 5 1 
1829 7 1850 136 F: 3 4 
1839 6 1845 322 F: 4 2 
1842 6 1854 149 F: 3 1 2 
1853 6 1865 286 F: 6 
1874 6 1898 305 F: 2 4 
1886 13 1925 230 F: 7 6 
1897 4 1901 174 F: 4 
1902 9 1920 167 F: 5 4 
1918 7 1939 219 F: 7 
1935 8 1967 324 F: 3 1 4 
1938 11 1949 324 F: 11 
1949 9 1985 308 F: 6 3 
1967 10 1987 144 F: 10 
1982 12 2006 73 F: 4 4 4 
1987 12 1999 342 F: 12 
1988 11 1999 346 F: 11 
1995 11 2017 270 F: 6 5 
2001 12 2025 76 F: 6 6 
2010 7 2031 143 F: 3 4 
2016 3 2025 57 F: 3 
2019 7 2026 259 F: 2 5 
2051 9 2087 148 F: 4 3 2 
2055 6 2067 57 F: 6 
2060 8 2092 156 F: 3 2 3 
2071 8 2079 283 F: 8 
2084 8 2116 322 F: 3 5 
2094 10 2134 105 F: 3 4 3 
2100 12 2136 167 F: 4 4 4 
2103 5 2118 109 F: 5 
2118 10 2158 123 F: 10 
2119 7 2126 27 F: 4 1 2 
2131 8 2163 27 F: 3 5 
2140 3 2149 82 F: 2 1 
2162 9 2189 65 F: 3 2 4 
2168 8 2200 205 F: 7 1 
2169 4 2181 111 F: 4 
2171 9 2207 303 F: 9 
2204 6 2222 186 F: 3 2 1 
2239 7 2260 105 F: 7 
2248 2 2254 38 F: 2 
2260 10 2290 317 F: 10 
2265 9 2292 257 F: 4 5 
2271 7 2278 310 F: 4 1 2 
2278 8 2310 225 F: 5 1 2 
2282 6 2306 75 F: 4 2 
2291 4 2307 39 F: 3 1 
2293 8 2317 303 F: 8 
2302 9 2311 148 F: 4 1 4 
2309 6 2321 234 F: 3 1 2 
2323 6 2335 250 F: 5 1 
2335 6 2359 179 F: 2 3 1 
2378 10 2398 127 F: 4 2 4 
2379 5 2384 80 F: 3 2 
2392 10 2422 93 F: 4 4 2 
2393 9 2402 301 F: 5 4 
2399 8 2431 137 F: 6 2 
2399 10 2429 282 F: 5 4 1 
2401 8 2417 5 F: 2 6 
2403 7 2417 341 F: 4 2 1 
2431 10 2441 287 F: 3 3 4 
2438 5 2453 193 F: 5 
2456 7 2484 199 F: 4 3 
2474 10 2514 233 F: 10 
2481 5 2486 91 F: 3 1 1 
2485 9 2512 175 F: 6 3 
2494 9 2521 217 F: 3 4 2 
2497 10 2527 193 F: 5 1 4 
2502 3 2505 22 F: 3 
2504 8 2512 291 F: 7 1 
2510 6 2534 270 F: 2 4 
2539 8 2571 86 F: 8 
2554 4 2570 343 F: 2 2 
2574 10 2594 335 F: 10 
2576 12 2600 68 F: 12 
2581 6 2593 315 F: 3 1 2 
2582 6 2606 101 F: 6 
2584 10 2604 243 F: 10 
2601 3 2610 73 F: 3 
2613 9 2640 36 F: 7 2 
2614 4 2622 202 F: 2 2 
2626 7 2647 178 F: 6 1 
2652 7 2673 345 F: 2 5 
2654 2 2656 197 F: 2 
2665 3 2674 151 F: 3 
2672 13 2698 241 F: 13 
2676 7 2697 81 F: 3 3 1 
2683 4 2695 26 F: 2 2 
2700 2 2704 349 F: 2 
2700 8 2708 7 F: 2 3 3 
2737 10 2747 7 F: 4 6 
2739 11 2750 110 F: 4 4 3 
2748 9 2757 183 F: 9 
2753 7 2767 33 F: 7 
2770 5 2775 151 F: 2 3 
2776 11 2809 146 F: 7 4 
2782 6 2788 109 F: 4 2 
2787 6 2793 257 F: 6 
2814 5 2819 127 F: 2 3 
2817 4 2833 145 F: 4 
2821 8 2829 326 F: 8 
2827 7 2855 283 F: 3 3 1 
2835 3 2838 133 F: 3 
2837 10 2857 227 F: 10 
2844 10 2884 8 F: 4 6 
2870 7 2898 213 F: 2 5 
2874 9 2901 129 F: 4 5 
2876 10 2906 53 F: 10 
2912 7 2919 164 F: 2 1 4 
2913 6 2937 85 F: 6 
2938 5 2943 252 F: 3 1 1 
2956 9 2965 339 F: 4 1 4 
2957 5 2962 13 F: 3 2 
2960 2 2962 11 F: 2 
2987 12 3035 316 F: 12 
2989 5 3004 29 F: 4 1 
2993 3 3005 177 F: 3 
2999 5 3014 134 F: 2 3 
3003 5 3023 91 F: 4 1 
3023 6 3035 291 F: 3 3 
3028 9 3064 138 F: 4 1 4 
3031 3 3034 176 F: 3 
3031 11 3075 322 F: 5 6 
3050 13 3076 200 F: 13 
3054 3 3063 272 F: 3 
3056 3 3068 301 F: 3 
3063 8 3095 226 F: 5 3 
3093 10 3123 338 F: 3 4 3 
3107 3 3113 293 F: 3 
3111 10 3121 333 F: 5 5 
3124 8 3148 2 F: 4 4 
3124 9 3133 77 F: 5 3 1 
3125 11 3158 228 F: 7 4 
3141 10 3181 204 F: 7 3 
3153 6 3159 337 F: 4 2 
3153 9 3180 259 F: 2 3 4 
3155 10 3185 342 F: 3 4 3 
3174 11 3185 216 F: 7 4 
3209 8 3217 4 F: 8 
3224 11 3257 17 F: 7 4 
3237 12 3261 11 F: 6 6 
3239 8 3271 237 F: 6 2 
3243 7 3250 232 F: 2 2 3 
3249 7 3263 136 F: 6 1 
3255 4 3267 37 F: 4 
3279 12 3327 144 F: 5 3 4 
3288 8 3320 186 F: 4 4 
3289 10 3309 280 F: 3 4 3 
3303 3 3309 175 F: 3 
3312 9 3330 324 F: 3 4 2 
3313 8 3329 162 F: 6 2 
3319 10 3359 109 F: 5 3 2 
3321 8 3337 36 F: 5 2 1 
3350 7 3371 257 F: 2 5 
3351 12 3375 325 F: 12 
3357 8 3373 290 F: 2 4 2 
3362 11 3406 74 F: 4 4 3 
3376 10 3386 255 F: 2 4 4 
3422 5 3427 100 F: 3 2 
3425 6 3449 26 F: 4 1 1 
3426 11 3448 102 F: 5 6 
3456 2 3464 55 F: 2 
3466 7 3494 106 F: 3 4 
3467 7 3481 98 F: 4 2 1 
3468 6 3492 96 F: 3 3 
3470 3 3482 54 F: 3 
3492 5 3512 10 F: 2 2 1 
3499 9 3517 11 F: 4 3 2 
D: 3 329 
D: 6 257 
D: 8 263 
D: 11 64 
D: 15 310 
D: 19 151 
D: 21 117 
D: 24 174 
D: 39 60 
D: 44 93 
D: 50 241 
D: 55 261 
D: 55 343 
D: 59 274 
D: 64 145 
D: 64 329 
D: 66 332 
D: 68 214 
D: 85 157 
D: 104 174 
D: 116 142 
D: 121 329 
D: 125 326 
D: 140 301 
D: 149 276 
D: 194 235 
D: 195 318 
D: 202 300 
D: 205 296 
D: 229 334 
D: 231 316 
D: 240 261 
D: 247 332 
D: 258 289 
D: 288 291 
