4 9 40 70 F: 6 3 
7 2 13 25 F: 2 
25 6 31 37 F: 6 
32 10 72 149 F: 7 3 
50 3 53 2 F: 3 
50 9 86 14 F: 3 3 3 
62 10 82 74 F: 10 
85 3 94 82 F: 2 1 
93 8 109 267 F: 2 2 4 
97 8 105 212 F: 2 4 2 
106 7 127 283 F: 5 2 
108 11 141 104 F: 5 2 4 
110 13 123 279 F: 13 
112 5 117 159 F: 2 2 1 
121 7 128 61 F: 4 3 
122 10 132 204 F: 3 4 3 
131 5 151 122 F: 2 3 
156 9 174 136 F: 3 6 
171 8 187 240 F: 8 
184 7 212 208 F: 7 
206 3 215 102 F: 3 
216 5 236 272 F: 5 
238 11 260 141 F: 4 3 4 
258 13 284 16 F: 7 6 
260 8 284 21 F: 2 2 4 
279 6 285 2 F: 2 1 3 
294 7 301 207 F: 3 2 2 
296 8 312 144 F: 3 4 1 
296 12 308 219 F: 5 4 3 
297 9 324 174 F: 2 3 4 
325 8 349 236 F: 7 1 
326 3 329 203 F: 3 
351 7 365 195 F: 4 2 1 
352 12 376 93 F: 12 
359 12 383 202 F: 6 6 
378 8 402 67 F: 3 2 3 
385 5 390 260 F: 2 1 2 
392 3 395 107 F: 3 
392 12 404 77 F: 12 
392 13 418 67 F: 13 
406 5 411 203 F: 5 
409 4 425 221 F: 4 
410 9 428 44 F: 5 2 2 
428 3 437 37 F: 3 
433 6 451 217 F: 2 1 3 
433 9 469 217 F: 4 5 
437 10 447 277 F: 2 4 4 
438 5 443 103 F: 3 2 
451 12 463 133 F: 12 
471 2 477 221 F: 2 
501 8 525 266 F: 4 1 3 
528 8 552 111 F: 3 3 2 
537 8 561 128 F: 8 
543 7 557 76 F: 7 
544 9 571 190 F: 3 6 
554 10 584 15 F: 10 
583 8 615 132 F: 3 4 1 
583 11 605 77 F: 4 4 3 
595 9 631 129 F: 7 2 
596 12 620 148 F: 12 
616 7 630 134 F: 7 
617 7 638 95 F: 2 2 3 
619 10 629 117 F: 3 3 4 
630 12 642 10 F: 7 5 
646 4 650 24 F: 2 2 
646 7 660 254 F: 6 1 
676 8 692 131 F: 5 3 
677 6 701 144 F: 4 1 1 
688 10 698 229 F: 10 
695 11 706 2 F: 4 3 4 
715 9 733 183 F: 4 1 4 
720 4 728 151 F: 4 
725 7 746 245 F: 4 2 1 
728 11 750 91 F: 6 5 
740 12 788 202 F: 5 3 4 
741 7 748 94 F: 2 5 
753 6 771 187 F: 2 1 3 
771 10 781 72 F: 5 3 2 
773 12 821 85 F: 5 4 3 
788 2 792 250 F: 2 
810 8 842 236 F: 4 4 
826 3 829 169 F: 2 1 
831 9 867 187 F: 5 4 
837 12 849 248 F: 12 
863 11 885 266 F: 7 4 
873 4 881 292 F: 2 1 1 
876 6 882 272 F: 6 
882 10 912 206 F: 5 3 2 
890 6 908 111 F: 2 3 1 
893 5 908 62 F: 3 2 
903 7 910 39 F: 5 2 
913 5 933 147 F: 2 3 
933 7 940 201 F: 7 
933 7 954 90 F: 6 1 
954 7 982 91 F: 2 5 
954 10 994 187 F: 5 1 4 
961 7 975 144 F: 4 3 
980 2 986 247 F: 2 
990 6 996 47 F: 2 4 
993 6 1005 55 F: 4 2 
1040 8 1048 195 F: 2 6 
1065 12 1077 208 F: 5 4 3 
1067 13 1093 252 F: 5 4 4 
1083 13 1109 169 F: 7 6 
1084 6 1102 23 F: 3 1 2 
1087 11 1109 125 F: 6 5 
1088 7 1116 33 F: 5 2 
1094 6 1100 128 F: 2 4 
1095 11 1128 71 F: 11 
1096 8 1104 148 F: 3 2 3 
1114 12 1150 90 F: 12 
1115 8 1139 230 F: 4 3 1 
1144 2 1152 52 F: 2 
1145 12 1169 186 F: 7 5 
1153 9 1189 143 F: 4 4 1 
1161 10 1191 82 F: 5 2 3 
1170 10 1180 55 F: 10 
1173 5 1188 190 F: 3 1 1 
1178 11 1189 112 F: 5 2 4 
1182 6 1200 11 F: 2 4 
1203 10 1243 250 F: 4 6 
1209 3 1215 137 F: 2 1 
1212 4 1220 283 F: 4 
1215 5 1225 249 F: 5 
1219 10 1229 285 F: 5 2 3 
1231 9 1240 96 F: 3 6 
1234 6 1240 296 F: 6 
1250 10 1290 153 F: 7 3 
1252 6 1264 131 F: 6 
1280 6 1298 233 F: 3 3 
1305 10 1345 198 F: 4 2 4 
1318 7 1332 178 F: 2 2 3 
1331 2 1337 279 F: 2 
1355 7 1376 82 F: 7 
1358 11 1369 190 F: 5 6 
1363 8 1379 247 F: 5 1 2 
1364 7 1392 269 F: 5 2 
1369 12 1417 261 F: 7 5 
1382 7 1403 109 F: 4 3 
1385 12 1421 127 F: 12 
1400 9 1427 174 F: 4 2 3 
1417 9 1444 47 F: 7 2 
1418 11 1440 106 F: 11 
1420 12 1444 145 F: 12 
1423 6 1447 49 F: 6 
1442 8 1466 273 F: 3 5 
1456 10 1486 270 F: 5 4 1 
1460 9 1469 152 F: 9 
1466 7 1480 21 F: 2 5 
1469 12 1481 184 F: 4 4 4 
1504 7 1518 263 F: 3 3 1 
1505 9 1541 150 F: 9 
1536 13 1575 88 F: 7 6 
1552 9 1561 19 F: 6 3 
1560 6 1578 114 F: 6 
1571 4 1579 162 F: 4 
1574 8 1582 50 F: 5 3 
1575 10 1615 96 F: 5 4 1 
1577 12 1613 161 F: 12 
1590 3 1599 36 F: 2 1 
1602 3 1608 186 F: 3 
1612 7 1619 261 F: 2 5 
1660 8 1692 256 F: 6 2 
1662 8 1678 42 F: 8 
1664 5 1679 291 F: 2 3 
1675 8 1683 72 F: 3 1 4 
1676 12 1700 15 F: 12 
1692 4 1704 10 F: 4 
1698 9 1716 273 F: 9 
1699 6 1717 55 F: 4 2 
1714 10 1734 83 F: 6 4 
1715 3 1721 36 F: 3 
1740 11 1762 262 F: 4 4 3 
1746 9 1782 199 F: 9 
1748 7 1755 191 F: 3 1 3 
1749 5 1759 204 F: 2 3 
1760 12 1772 133 F: 6 6 
1764 8 1772 165 F: 3 4 1 
1766 13 1779 159 F: 5 4 4 
1791 11 1813 239 F: 5 6 
1808 7 1836 114 F: 7 
1813 10 1843 197 F: 6 4 
1821 10 1841 45 F: 5 1 4 
1831 13 1857 249 F: 5 4 4 
1853 3 1859 207 F: 2 1 
1854 9 1881 247 F: 2 3 4 
1862 2 1868 265 F: 2 
1879 9 1915 267 F: 4 3 2 
1880 13 1919 30 F: 13 
1881 6 1887 99 F: 4 2 
1900 7 1907 252 F: 2 5 
1908 6 1932 205 F: 5 1 
1916 9 1952 167 F: 4 2 3 
1919 5 1934 50 F: 2 2 1 
1957 12 1981 94 F: 5 3 4 
1959 4 1975 123 F: 2 1 1 
1961 13 2013 91 F: 7 6 
1965 8 1981 33 F: 8 
1979 6 1991 194 F: 4 2 
1983 9 2001 272 F: 3 6 
2016 11 2038 46 F: 6 5 
2021 7 2049 137 F: 5 2 
2026 9 2035 162 F: 9 
2049 2 2053 16 F: 2 
2056 9 2083 230 F: 3 3 3 
2085 9 2112 256 F: 3 3 3 
2091 8 2099 95 F: 5 3 
2094 5 2114 95 F: 3 2 
2095 2 2103 93 F: 2 
2097 9 2106 39 F: 9 
2106 5 2126 234 F: 3 2 
2112 7 2119 42 F: 3 3 1 
2113 7 2120 274 F: 2 5 
2122 9 2158 200 F: 9 
2146 7 2160 181 F: 2 5 
2163 11 2196 36 F: 6 5 
2169 6 2181 118 F: 2 1 3 
2178 13 2230 166 F: 13 
2180 11 2191 198 F: 11 
2184 5 2204 62 F: 3 2 
2209 7 2230 31 F: 3 3 1 
2209 12 2257 61 F: 12 
2220 8 2252 63 F: 8 
2231 4 2247 144 F: 3 1 
2254 8 2278 253 F: 6 2 
2260 4 2272 44 F: 4 
2265 11 2298 268 F: 11 
2284 7 2305 112 F: 7 
2286 10 2296 228 F: 4 3 3 
2297 4 2301 63 F: 3 1 
2308 5 2313 292 F: 5 
2320 10 2330 237 F: 10 
2322 8 2338 164 F: 5 3 
2334 11 2345 193 F: 11 
2347 10 2387 18 F: 2 4 4 
2353 4 2357 214 F: 4 
2378 7 2399 251 F: 5 1 1 
2386 12 2434 220 F: 12 
2387 5 2407 274 F: 5 
2387 7 2401 289 F: 2 4 1 
2424 8 2456 245 F: 3 5 
2435 6 2453 139 F: 4 1 1 
2443 9 2479 107 F: 3 3 3 
2455 10 2475 133 F: 5 4 1 
2460 7 2488 131 F: 4 3 
2471 2 2477 131 F: 2 
2475 4 2479 31 F: 2 2 
2475 11 2486 169 F: 11 
2478 6 2502 34 F: 2 1 3 
2492 12 2516 51 F: 12 
2500 6 2506 194 F: 3 1 2 
2501 13 2527 291 F: 7 6 
2509 7 2523 7 F: 7 
2511 4 2523 86 F: 2 1 1 
2530 7 2551 167 F: 3 1 3 
2543 4 2547 234 F: 4 
2555 5 2575 224 F: 5 
2565 5 2580 195 F: 2 2 1 
2576 8 2600 214 F: 3 5 
2588 11 2632 53 F: 11 
2601 6 2625 129 F: 3 1 2 
2601 7 2615 177 F: 4 2 1 
2606 5 2626 244 F: 5 
2609 12 2621 175 F: 5 3 4 
2614 8 2638 267 F: 3 2 3 
2617 13 2643 103 F: 7 6 
2635 12 2683 239 F: 5 4 3 
2661 6 2685 3 F: 6 
2665 12 2713 289 F: 12 
2699 4 2715 192 F: 3 1 
2702 8 2710 231 F: 4 4 
2716 8 2724 93 F: 8 
2722 12 2746 249 F: 12 
2727 7 2755 235 F: 2 5 
2727 8 2751 57 F: 5 2 1 
2728 13 2754 183 F: 13 
2731 12 2767 7 F: 12 
2744 9 2762 185 F: 3 4 2 
2748 9 2757 62 F: 2 3 4 
2794 9 2812 25 F: 6 3 
2802 8 2810 50 F: 8 
2819 11 2863 238 F: 7 4 
2825 7 2832 234 F: 5 1 1 
2839 10 2879 47 F: 4 6 
2843 2 2851 263 F: 2 
2845 3 2848 69 F: 3 
2846 9 2882 102 F: 4 5 
2857 7 2885 152 F: 2 3 2 
2857 10 2877 225 F: 5 3 2 
2858 11 2869 207 F: 11 
2904 12 2916 114 F: 6 6 
2916 10 2926 64 F: 4 3 3 
2923 8 2931 184 F: 5 1 2 
2926 7 2940 148 F: 6 1 
2943 10 2983 127 F: 10 
2950 9 2977 194 F: 4 1 4 
2954 4 2962 255 F: 2 2 
2961 8 2985 196 F: 8 
2968 6 2986 139 F: 6 
2977 9 2995 235 F: 2 3 4 
D: 0 8 
D: 3 84 
D: 5 281 
D: 11 180 
D: 18 197 
D: 26 205 
D: 32 73 
D: 41 131 
D: 52 276 
D: 60 88 
D: 63 184 
D: 75 269 
D: 82 290 
D: 102 211 
D: 114 171 
D: 115 227 
D: 127 177 
D: 133 159 
D: 136 280 
D: 137 290 
D: 142 299 
D: 148 251 
D: 161 164 
D: 166 286 
D: 182 253 
D: 190 269 
D: 195 232 
D: 198 250 
D: 206 219 
D: 217 245 
