7 5 17 226 F: 5 
22 12 46 107 F: 7 5 
28 8 52 335 F: 8 
37 6 49 38 F: 2 3 1 
37 9 46 170 F: 4 2 3 
51 12 99 292 F: 12 
56 6 68 103 F: 4 1 1 
58 10 98 186 F: 4 6 
72 7 79 40 F: 4 1 2 
75 5 85 341 F: 2 3 
101 9 137 285 F: 5 4 
108 13 134 214 F: 7 6 
118 6 124 342 F: 2 1 3 
123 8 155 69 F: 8 
129 9 147 159 F: 3 4 2 
153 8 161 317 F: 7 1 
157 10 167 73 F: 10 
180 7 194 13 F: 7 
187 11 209 233 F: 5 3 3 
199 9 226 333 F: 9 
201 7 222 66 F: 2 4 1 
233 9 269 232 F: 3 3 3 
256 2 262 116 F: 2 
271 3 277 173 F: 3 
273 8 297 74 F: 5 2 1 
279 8 311 32 F: 3 5 
280 8 304 253 F: 8 
286 5 301 49 F: 2 2 1 
287 8 311 256 F: 2 2 4 
290 7 297 84 F: 6 1 
302 4 314 96 F: 4 
304 12 352 206 F: 12 
313 5 318 309 F: 4 1 
338 10 368 156 F: 6 4 
341 7 355 275 F: 7 
349 11 393 68 F: 5 6 
360 4 364 294 F: 4 
363 3 369 27 F: 3 
364 10 394 115 F: 4 2 4 
375 5 380 242 F: 2 2 1 
412 9 439 68 F: 7 2 
415 12 439 255 F: 12 
449 9 476 133 F: 5 1 3 
450 7 457 220 F: 6 1 
465 8 473 145 F: 2 4 2 
472 12 484 287 F: 12 
482 6 488 142 F: 6 
483 8 507 297 F: 8 
497 11 508 124 F: 7 4 
498 8 522 162 F: 7 1 
510 3 522 213 F: 3 
544 11 566 115 F: 11 
550 7 571 261 F: 3 3 1 
556 13 595 66 F: 13 
565 11 576 153 F: 5 4 2 
580 5 595 126 F: 5 
580 9 589 249 F: 5 4 
582 10 592 267 F: 5 1 4 
597 4 609 162 F: 4 
599 7 620 150 F: 6 1 
630 8 638 348 F: 3 3 2 
635 6 641 63 F: 6 
646 5 661 39 F: 2 3 
661 12 685 25 F: 12 
663 3 675 219 F: 3 
664 13 716 129 F: 13 
673 8 689 126 F: 2 6 
679 3 691 221 F: 3 
682 12 694 235 F: 6 6 
689 8 713 276 F: 2 2 4 
700 9 736 142 F: 9 
703 3 715 240 F: 3 
711 5 726 98 F: 5 
712 5 717 112 F: 4 1 
715 10 755 283 F: 10 
719 11 763 17 F: 4 3 4 
740 6 764 312 F: 6 
749 12 797 44 F: 7 5 
782 8 798 69 F: 7 1 
785 9 821 236 F: 5 2 2 
811 4 815 38 F: 4 
816 7 830 130 F: 2 5 
825 7 853 244 F: 6 1 
830 10 850 191 F: 4 3 3 
833 9 860 165 F: 5 3 1 
849 5 859 257 F: 5 
850 8 866 262 F: 8 
861 3 873 145 F: 3 
893 4 901 344 F: 4 
898 10 928 97 F: 10 
912 5 922 333 F: 3 2 
915 6 939 142 F: 2 4 
931 8 955 32 F: 3 3 2 
932 5 952 85 F: 5 
944 6 962 348 F: 4 2 
954 12 990 167 F: 12 
961 12 985 81 F: 4 4 4 
974 9 992 6 F: 7 2 
982 3 985 43 F: 3 
989 8 1005 243 F: 4 2 2 
1010 4 1022 311 F: 3 1 
1013 10 1043 223 F: 3 4 3 
1016 10 1046 31 F: 10 
1017 10 1027 314 F: 5 1 4 
1019 9 1037 232 F: 4 2 3 
1025 3 1037 92 F: 3 
1028 8 1052 237 F: 3 5 
1044 7 1058 344 F: 4 3 
1054 8 1062 60 F: 8 
1062 6 1080 287 F: 4 1 1 
1104 9 1131 29 F: 4 5 
1115 9 1133 61 F: 9 
1130 6 1142 190 F: 4 1 1 
1136 7 1157 302 F: 3 4 
1137 10 1177 241 F: 5 2 3 
1148 12 1172 320 F: 4 4 4 
1158 5 1173 321 F: 3 2 
1164 6 1176 126 F: 6 
1172 9 1208 20 F: 3 3 3 
1182 11 1193 19 F: 11 
1200 9 1218 296 F: 3 2 4 
1206 5 1226 199 F: 5 
1216 8 1240 68 F: 3 5 
1222 4 1238 339 F: 4 
1225 9 1243 193 F: 5 3 1 
1234 9 1252 175 F: 5 4 
1251 10 1271 154 F: 5 3 2 
1261 8 1269 208 F: 3 4 1 
1292 7 1306 25 F: 3 4 
1292 10 1302 120 F: 3 4 3 
1309 8 1341 39 F: 8 
1317 7 1345 301 F: 5 1 1 
1325 3 1337 133 F: 2 1 
1333 7 1340 273 F: 3 4 
1336 7 1364 18 F: 7 
1343 3 1349 253 F: 3 
1347 4 1355 252 F: 2 2 
1361 7 1368 247 F: 7 
1363 6 1375 163 F: 6 
1399 10 1409 284 F: 10 
1411 8 1435 310 F: 3 5 
1419 2 1423 109 F: 2 
1427 13 1466 93 F: 13 
1456 7 1477 136 F: 6 1 
1466 9 1502 101 F: 4 1 4 
1469 9 1478 329 F: 3 3 3 
1478 6 1484 120 F: 6 
1478 8 1510 103 F: 2 3 3 
1492 6 1516 289 F: 3 3 
1498 8 1522 74 F: 8 
1525 12 1537 33 F: 4 4 4 
1527 5 1542 140 F: 3 2 
1536 6 1542 349 F: 4 1 1 
1537 9 1555 160 F: 3 3 3 
1538 11 1560 70 F: 4 3 4 
1547 6 1565 125 F: 6 
1570 8 1586 265 F: 6 2 
1580 12 1628 221 F: 7 5 
1594 7 1601 184 F: 4 3 
1596 8 1628 293 F: 3 5 
1611 3 1620 39 F: 3 
1613 5 1618 13 F: 5 
1615 5 1630 166 F: 5 
1616 4 1624 131 F: 2 1 1 
1640 12 1688 288 F: 5 4 3 
1641 4 1657 197 F: 4 
1643 8 1651 163 F: 8 
1646 9 1673 152 F: 9 
1649 10 1679 322 F: 7 3 
1658 12 1670 260 F: 12 
1709 8 1725 301 F: 7 1 
1711 9 1720 292 F: 5 3 1 
1721 10 1731 284 F: 5 2 3 
1723 6 1735 111 F: 2 4 
1728 9 1764 193 F: 4 1 4 
1734 9 1752 75 F: 4 3 2 
1740 11 1773 79 F: 11 
1749 11 1793 224 F: 5 4 2 
1760 7 1774 61 F: 5 1 1 
1764 11 1797 106 F: 7 4 
1805 10 1825 342 F: 4 4 2 
1810 9 1828 229 F: 2 4 3 
1831 7 1859 141 F: 7 
1834 3 1837 218 F: 3 
1853 12 1865 124 F: 12 
1855 6 1879 148 F: 5 1 
1866 12 1902 224 F: 12 
1873 7 1887 209 F: 2 5 
1885 9 1912 226 F: 5 1 3 
1894 4 1902 185 F: 3 1 
1908 5 1923 93 F: 2 3 
1920 8 1944 332 F: 5 1 2 
1927 9 1936 251 F: 6 3 
1931 4 1943 139 F: 2 2 
1931 6 1955 17 F: 3 2 1 
1945 9 1963 90 F: 3 6 
1951 7 1965 113 F: 4 2 1 
1953 11 1986 325 F: 7 4 
1969 2 1975 8 F: 2 
1994 6 2000 331 F: 4 2 
2019 11 2052 284 F: 4 4 3 
2024 4 2040 107 F: 3 1 
2029 9 2047 151 F: 3 6 
2033 11 2077 192 F: 5 6 
2039 8 2055 80 F: 2 6 
2050 6 2056 171 F: 3 3 
2065 9 2083 313 F: 5 4 
2076 5 2096 27 F: 3 1 1 
2090 9 2126 273 F: 2 4 3 
2096 7 2117 290 F: 3 2 2 
2112 3 2121 120 F: 3 
2113 8 2145 105 F: 6 2 
2119 8 2151 318 F: 8 
2127 10 2157 108 F: 5 4 1 
2134 7 2141 77 F: 3 2 2 
2147 10 2187 146 F: 4 6 
2153 12 2165 301 F: 4 4 4 
2160 10 2180 288 F: 10 
2172 5 2177 100 F: 5 
2191 9 2200 37 F: 3 3 3 
2211 8 2219 126 F: 4 1 3 
2217 5 2222 87 F: 3 1 1 
2220 5 2240 316 F: 5 
2257 8 2281 237 F: 4 1 3 
2258 9 2267 312 F: 4 5 
2259 13 2285 79 F: 13 
2264 6 2270 155 F: 2 1 3 
2268 5 2278 278 F: 5 
2280 13 2319 207 F: 5 4 4 
2291 10 2331 182 F: 5 4 1 
2308 12 2344 248 F: 6 6 
2317 10 2327 107 F: 4 2 4 
2323 5 2328 289 F: 4 1 
2326 10 2346 84 F: 5 5 
2326 11 2348 281 F: 4 4 3 
2330 9 2357 271 F: 2 3 4 
2351 9 2378 282 F: 4 2 3 
2372 10 2402 130 F: 5 5 
2384 11 2395 273 F: 11 
2396 12 2432 150 F: 7 5 
2403 8 2427 102 F: 8 
2415 10 2445 39 F: 3 4 3 
2433 4 2441 70 F: 4 
2440 3 2452 78 F: 3 
2458 2 2462 327 F: 2 
2458 12 2482 212 F: 7 5 
2474 5 2479 234 F: 3 1 1 
2481 11 2525 261 F: 11 
2486 12 2522 21 F: 5 4 3 
2495 7 2509 150 F: 2 2 3 
2519 10 2549 258 F: 10 
2520 12 2544 3 F: 6 6 
2530 5 2540 47 F: 5 
2546 13 2559 336 F: 13 
2557 9 2566 7 F: 4 5 
2558 8 2582 119 F: 4 3 1 
2564 10 2584 179 F: 6 4 
2568 8 2592 106 F: 2 4 2 
2575 12 2599 107 F: 6 6 
2578 5 2593 262 F: 3 1 1 
2608 6 2632 34 F: 6 
2613 11 2635 303 F: 11 
2617 5 2637 77 F: 3 2 
2638 11 2682 7 F: 5 2 4 
2639 10 2649 184 F: 4 3 3 
2654 2 2662 180 F: 2 
2683 10 2703 235 F: 4 6 
2689 13 2728 262 F: 13 
2693 7 2721 273 F: 5 1 1 
2698 6 2710 211 F: 2 4 
2714 12 2726 213 F: 12 
2725 9 2761 1 F: 7 2 
2742 6 2748 327 F: 6 
2751 13 2764 59 F: 7 6 
2757 9 2766 280 F: 4 4 1 
2762 8 2770 79 F: 3 3 2 
2769 4 2785 287 F: 4 
2786 4 2794 171 F: 4 
2791 10 2831 233 F: 5 5 
2792 6 2804 348 F: 6 
2804 3 2810 260 F: 3 
2825 6 2837 250 F: 5 1 
2825 12 2849 25 F: 12 
2826 12 2838 159 F: 12 
2835 9 2853 159 F: 5 4 
2836 2 2842 319 F: 2 
2859 7 2887 303 F: 4 3 
2860 5 2865 213 F: 3 2 
2862 12 2886 272 F: 7 5 
2875 4 2891 92 F: 2 1 1 
2900 7 2921 204 F: 2 4 1 
2904 11 2915 158 F: 3 4 4 
2936 10 2946 133 F: 10 
2939 8 2971 290 F: 4 4 
2950 9 2977 117 F: 3 4 2 
2975 8 3007 344 F: 3 3 2 
2979 12 3015 89 F: 12 
2982 12 3018 317 F: 7 5 
2983 6 3001 319 F: 6 
2997 6 3021 292 F: 6 
3002 13 3041 11 F: 13 
3003 3 3006 92 F: 3 
3010 8 3042 199 F: 3 3 2 
3016 3 3022 16 F: 3 
3021 7 3049 265 F: 5 2 
3042 6 3054 133 F: 4 1 1 
3050 9 3068 275 F: 9 
3067 13 3093 186 F: 13 
3074 4 3082 117 F: 4 
3090 7 3097 37 F: 2 3 2 
3108 12 3132 60 F: 7 5 
3138 7 3159 248 F: 5 1 1 
3151 11 3162 319 F: 5 6 
3156 2 3158 193 F: 2 
3161 9 3197 205 F: 3 4 2 
3164 11 3208 95 F: 5 6 
3169 8 3201 307 F: 5 3 
3169 9 3178 84 F: 7 2 
3177 12 3225 342 F: 6 6 
3182 8 3198 124 F: 3 1 4 
3205 7 3233 16 F: 7 
3218 13 3270 160 F: 13 
3248 9 3284 182 F: 5 3 1 
3252 12 3264 55 F: 12 
3253 8 3269 100 F: 7 1 
3265 7 3293 145 F: 5 2 
3273 6 3291 179 F: 6 
3281 9 3299 179 F: 3 3 3 
3285 5 3295 98 F: 2 2 1 
3299 4 3307 232 F: 4 
3313 7 3327 285 F: 3 1 3 
3323 7 3344 265 F: 5 2 
3324 13 3350 326 F: 13 
3331 12 3379 194 F: 12 
3342 9 3351 294 F: 5 3 1 
3352 12 3388 65 F: 12 
3353 11 3386 92 F: 11 
3354 11 3398 79 F: 6 5 
3384 9 3402 17 F: 3 2 4 
3394 7 3422 257 F: 7 
3409 12 3457 165 F: 12 
3414 5 3419 168 F: 5 
3414 9 3432 73 F: 5 2 2 
3417 6 3429 329 F: 3 3 
3422 8 3438 292 F: 3 1 4 
3433 7 3447 218 F: 3 4 
3452 4 3460 188 F: 2 2 
3467 9 3494 177 F: 9 
3472 8 3504 104 F: 7 1 
3483 4 3495 210 F: 4 
D: 0 76 
D: 3 121 
D: 5 346 
D: 19 205 
D: 24 105 
D: 42 121 
D: 45 239 
D: 46 211 
D: 50 93 
D: 55 298 
D: 56 194 
D: 58 225 
D: 59 269 
D: 72 284 
D: 90 113 
D: 91 313 
D: 92 248 
D: 100 185 
D: 101 231 
D: 103 105 
D: 112 218 
D: 123 155 
D: 124 302 
D: 130 145 
D: 134 241 
D: 140 306 
D: 167 287 
D: 182 230 
D: 188 212 
D: 192 330 
D: 216 310 
D: 221 330 
D: 225 292 
D: 239 295 
D: 252 320 
