31 10 61 113 F: 10 
34 8 42 48 F: 4 3 1 
53 7 67 151 F: 4 3 
58 7 79 173 F: 7 
59 8 75 231 F: 5 1 2 
63 6 69 161 F: 2 2 2 
67 13 93 262 F: 7 6 
97 3 109 143 F: 3 
97 9 115 62 F: 6 3 
99 7 120 58 F: 7 
126 9 162 285 F: 3 4 2 
132 12 180 281 F: 12 
135 4 147 192 F: 4 
138 9 156 136 F: 5 3 1 
161 9 179 24 F: 3 6 
169 6 181 138 F: 4 2 
180 6 204 234 F: 4 2 
180 8 212 181 F: 7 1 
186 3 189 285 F: 3 
190 6 208 187 F: 2 4 
222 7 236 192 F: 5 2 
223 6 229 198 F: 3 1 2 
231 11 242 290 F: 5 3 3 
245 13 258 152 F: 7 6 
247 6 253 287 F: 6 
253 12 265 273 F: 12 
261 7 282 93 F: 6 1 
261 11 272 135 F: 5 2 4 
262 10 272 156 F: 6 4 
297 12 345 207 F: 12 
302 7 323 231 F: 6 1 
310 7 331 25 F: 6 1 
319 9 328 139 F: 6 3 
340 3 349 43 F: 3 
342 8 366 32 F: 2 4 2 
351 13 377 99 F: 5 4 4 
375 12 411 212 F: 12 
378 8 394 197 F: 2 3 3 
386 9 395 114 F: 5 4 
394 6 400 4 F: 6 
405 8 429 112 F: 2 3 3 
414 5 419 225 F: 3 1 1 
436 7 443 48 F: 7 
441 10 481 98 F: 10 
442 11 453 262 F: 5 3 3 
448 7 476 213 F: 2 1 4 
462 8 494 37 F: 3 1 4 
463 9 490 226 F: 3 2 4 
470 6 476 225 F: 2 4 
482 9 518 101 F: 2 3 4 
506 10 516 156 F: 2 4 4 
507 8 515 54 F: 3 1 4 
530 8 554 113 F: 8 
547 8 579 26 F: 3 4 1 
549 9 576 69 F: 3 6 
551 11 584 90 F: 11 
553 8 585 241 F: 4 1 3 
560 9 596 109 F: 9 
581 13 607 50 F: 7 6 
583 12 595 230 F: 4 4 4 
609 8 617 135 F: 3 3 2 
610 9 637 153 F: 4 1 4 
624 9 660 50 F: 3 4 2 
627 9 636 10 F: 6 3 
636 11 669 47 F: 11 
637 6 643 120 F: 6 
638 12 650 272 F: 5 3 4 
662 13 688 283 F: 5 4 4 
680 10 690 287 F: 10 
694 10 714 67 F: 10 
714 7 728 245 F: 2 5 
718 12 766 219 F: 6 6 
720 9 729 99 F: 4 3 2 
721 5 736 221 F: 5 
727 9 736 192 F: 4 2 3 
750 9 786 57 F: 3 4 2 
764 12 812 57 F: 7 5 
768 4 776 87 F: 4 
771 8 779 47 F: 2 2 4 
779 10 809 57 F: 4 3 3 
812 12 860 209 F: 6 6 
815 12 839 186 F: 12 
830 7 858 95 F: 7 
834 6 852 268 F: 2 2 2 
842 10 872 201 F: 5 2 3 
844 9 871 67 F: 5 3 1 
846 11 868 9 F: 11 
847 11 880 192 F: 11 
872 11 894 222 F: 11 
891 7 905 130 F: 4 1 2 
922 9 949 152 F: 9 
925 8 941 180 F: 5 1 2 
933 2 941 139 F: 2 
966 6 978 239 F: 3 2 1 
970 4 978 11 F: 3 1 
970 8 978 68 F: 7 1 
973 10 983 92 F: 10 
983 6 1001 17 F: 6 
987 8 1011 111 F: 2 2 4 
999 5 1014 40 F: 4 1 
1003 5 1008 168 F: 4 1 
1006 2 1012 5 F: 2 
1020 7 1027 60 F: 5 2 
1035 11 1057 279 F: 5 4 2 
1049 8 1065 50 F: 6 2 
1063 6 1087 179 F: 5 1 
1080 3 1086 282 F: 2 1 
1082 6 1106 99 F: 2 2 2 
1084 9 1102 60 F: 4 2 3 
1087 8 1095 160 F: 3 4 1 
1107 6 1131 203 F: 5 1 
1119 7 1147 269 F: 7 
1120 12 1156 181 F: 12 
1130 8 1154 32 F: 5 3 
1131 5 1136 284 F: 5 
1135 8 1143 195 F: 8 
1141 9 1159 81 F: 3 6 
1162 3 1174 63 F: 2 1 
1169 8 1185 190 F: 8 
1173 9 1209 91 F: 4 5 
1203 8 1219 148 F: 3 4 1 
1221 10 1241 297 F: 10 
1242 9 1260 248 F: 9 
1253 8 1269 91 F: 4 4 
1261 7 1275 132 F: 4 3 
1276 9 1303 66 F: 9 
1279 6 1297 50 F: 3 1 2 
1282 4 1286 286 F: 4 
1286 11 1308 171 F: 5 3 3 
1288 5 1293 14 F: 5 
1303 8 1311 265 F: 2 6 
1305 13 1331 54 F: 13 
1321 8 1345 55 F: 3 1 4 
1335 10 1355 117 F: 7 3 
1343 10 1353 243 F: 10 
1344 12 1392 264 F: 12 
1379 6 1385 67 F: 5 1 
1385 7 1392 246 F: 4 3 
1387 6 1411 293 F: 2 3 1 
1393 8 1401 178 F: 2 2 4 
1400 13 1439 232 F: 13 
1420 10 1450 34 F: 5 5 
1426 9 1462 8 F: 3 3 3 
1446 7 1467 72 F: 2 5 
1456 5 1461 36 F: 3 2 
1468 4 1476 226 F: 2 2 
1475 3 1487 90 F: 3 
1475 7 1489 80 F: 4 2 1 
1481 2 1485 267 F: 2 
1494 5 1509 2 F: 5 
1504 4 1508 283 F: 4 
1507 4 1515 83 F: 4 
1515 4 1523 250 F: 4 
1518 8 1542 5 F: 3 1 4 
1544 11 1588 183 F: 11 
1550 10 1580 64 F: 5 5 
1559 10 1589 3 F: 3 3 4 
1569 8 1585 260 F: 2 4 2 
1587 10 1627 35 F: 7 3 
1599 6 1611 96 F: 4 2 
1613 10 1643 145 F: 7 3 
1616 8 1648 47 F: 2 2 4 
1619 7 1647 245 F: 7 
1619 8 1651 95 F: 6 2 
1622 4 1630 213 F: 4 
1632 7 1646 221 F: 2 3 2 
1638 10 1668 142 F: 4 4 2 
1656 7 1677 26 F: 3 4 
1677 3 1683 234 F: 2 1 
1686 11 1719 80 F: 11 
1710 9 1719 250 F: 3 4 2 
1731 8 1755 114 F: 7 1 
1734 10 1744 225 F: 5 5 
1742 8 1774 205 F: 5 3 
1749 6 1761 153 F: 2 2 2 
1753 8 1769 181 F: 8 
1761 2 1763 34 F: 2 
1776 8 1792 286 F: 2 6 
1787 8 1795 160 F: 8 
1788 4 1800 9 F: 3 1 
1811 6 1835 92 F: 2 1 3 
1849 5 1864 156 F: 5 
1864 8 1872 213 F: 5 2 1 
1867 8 1899 76 F: 3 4 1 
1870 8 1902 188 F: 4 3 1 
1882 6 1894 2 F: 6 
1882 8 1914 166 F: 2 6 
1882 9 1900 72 F: 2 4 3 
1894 4 1898 152 F: 2 2 
1896 6 1914 37 F: 6 
1903 8 1919 23 F: 6 2 
1908 6 1926 133 F: 3 1 2 
1928 7 1942 236 F: 2 2 3 
1934 12 1958 200 F: 12 
1944 6 1956 15 F: 4 2 
1947 8 1979 175 F: 3 5 
1952 7 1959 272 F: 4 3 
1953 2 1955 226 F: 2 
1959 12 1995 144 F: 4 4 4 
1973 8 1989 126 F: 6 2 
2015 9 2042 297 F: 4 4 1 
2030 3 2039 126 F: 3 
2049 8 2073 282 F: 8 
2052 10 2062 194 F: 3 3 4 
2055 7 2069 105 F: 4 2 1 
2065 8 2073 21 F: 4 1 3 
2065 8 2073 192 F: 2 6 
2080 8 2096 85 F: 8 
2082 9 2100 214 F: 9 
2097 5 2107 35 F: 5 
2100 8 2116 86 F: 5 1 2 
2111 12 2135 223 F: 12 
2129 6 2153 4 F: 6 
2131 9 2158 222 F: 6 3 
2143 9 2161 300 F: 9 
2151 10 2191 147 F: 7 3 
2157 5 2167 115 F: 2 3 
2169 12 2217 122 F: 5 4 3 
2177 7 2198 170 F: 5 2 
2199 8 2223 24 F: 3 3 2 
2209 9 2245 155 F: 6 3 
2232 10 2252 146 F: 10 
2243 9 2279 208 F: 4 2 3 
2256 9 2265 257 F: 9 
2266 13 2292 161 F: 13 
2270 10 2290 66 F: 3 4 3 
2284 2 2292 8 F: 2 
2286 11 2308 190 F: 4 3 4 
2288 12 2300 87 F: 6 6 
2298 6 2322 147 F: 6 
2303 5 2308 225 F: 5 
2304 2 2310 30 F: 2 
2304 8 2328 252 F: 6 2 
2308 8 2332 147 F: 8 
2325 8 2333 48 F: 7 1 
2344 10 2374 182 F: 4 3 3 
2350 6 2368 102 F: 2 4 
2366 10 2406 114 F: 4 6 
2368 12 2404 54 F: 12 
2381 6 2405 156 F: 6 
2424 5 2434 281 F: 3 1 1 
2427 8 2435 95 F: 5 3 
2432 9 2450 140 F: 5 4 
2436 6 2442 215 F: 4 2 
2445 8 2453 238 F: 2 6 
2445 10 2475 152 F: 4 6 
2462 11 2495 67 F: 11 
2464 6 2482 289 F: 3 3 
2480 7 2508 113 F: 7 
2496 4 2508 149 F: 4 
2507 9 2534 143 F: 7 2 
2514 10 2544 106 F: 10 
2522 3 2531 185 F: 2 1 
2523 10 2563 225 F: 5 4 1 
2545 4 2561 298 F: 4 
2561 5 2566 36 F: 2 2 1 
2565 3 2574 224 F: 3 
2568 13 2607 166 F: 7 6 
2595 9 2622 33 F: 9 
2599 11 2643 130 F: 3 4 4 
2602 6 2608 184 F: 5 1 
2622 10 2652 46 F: 2 4 4 
2624 5 2639 281 F: 3 2 
2637 10 2667 212 F: 5 1 4 
2641 6 2659 20 F: 2 2 2 
2643 5 2648 293 F: 2 1 2 
2652 6 2676 237 F: 5 1 
2656 2 2658 77 F: 2 
2679 13 2731 288 F: 13 
2693 12 2741 125 F: 5 3 4 
2700 11 2733 43 F: 5 6 
2704 8 2728 204 F: 2 4 2 
2718 2 2720 10 F: 2 
2727 9 2736 228 F: 4 4 1 
2742 7 2756 163 F: 2 5 
2748 7 2769 60 F: 7 
2759 9 2786 263 F: 4 4 1 
2768 7 2782 85 F: 4 3 
2772 6 2790 168 F: 2 1 3 
2779 4 2791 109 F: 2 2 
2805 6 2811 250 F: 6 
2805 10 2845 274 F: 2 4 4 
2829 6 2853 254 F: 3 3 
2839 6 2845 36 F: 4 2 
2841 7 2869 249 F: 7 
2866 8 2874 6 F: 4 4 
2870 5 2880 248 F: 5 
2877 12 2925 97 F: 12 
2881 7 2895 208 F: 4 2 1 
2891 4 2895 235 F: 3 1 
2902 6 2920 200 F: 3 3 
2930 12 2954 20 F: 12 
2935 9 2971 151 F: 5 2 2 
2950 11 2994 282 F: 6 5 
2956 7 2963 216 F: 2 3 2 
2964 5 2969 117 F: 2 1 2 
2973 11 2995 168 F: 5 2 4 
2990 8 3022 104 F: 2 3 3 
2990 11 3001 115 F: 11 
2999 7 3013 106 F: 3 1 3 
D: 6 157 
D: 9 164 
D: 19 152 
D: 20 248 
D: 24 281 
D: 41 102 
D: 42 87 
D: 51 131 
D: 52 230 
D: 57 252 
D: 63 223 
D: 64 124 
D: 70 245 
D: 72 119 
D: 81 129 
D: 84 150 
D: 107 190 
D: 112 197 
D: 113 123 
D: 116 275 
D: 119 251 
D: 125 255 
D: 126 156 
D: 130 158 
D: 147 259 
D: 156 218 
D: 169 198 
D: 193 282 
D: 254 265 
D: 281 284 
