7 8 39 265 F: 6 2 
8 8 40 54 F: 3 3 2 
14 9 23 237 F: 6 3 
37 6 61 263 F: 3 3 
53 5 73 259 F: 5 
54 7 61 207 F: 2 2 3 
54 9 90 296 F: 4 2 3 
58 3 67 107 F: 2 1 
66 9 84 126 F: 3 3 3 
80 7 87 291 F: 7 
105 3 117 241 F: 2 1 
134 6 140 36 F: 4 2 
147 12 159 203 F: 7 5 
152 4 160 133 F: 2 2 
180 2 186 134 F: 2 
183 3 195 270 F: 2 1 
184 8 200 267 F: 5 3 
184 9 220 88 F: 5 2 2 
184 12 220 33 F: 4 4 4 
192 8 208 36 F: 4 1 3 
201 7 229 209 F: 4 3 
205 3 211 127 F: 2 1 
214 12 262 145 F: 5 3 4 
226 10 236 219 F: 4 6 
258 9 285 182 F: 4 2 3 
267 4 271 153 F: 3 1 
272 6 296 216 F: 6 
274 7 288 209 F: 5 2 
276 7 290 237 F: 5 2 
295 7 302 73 F: 2 5 
307 6 331 146 F: 3 3 
319 10 329 118 F: 3 3 4 
337 9 346 90 F: 3 2 4 
340 6 364 63 F: 6 
341 11 363 170 F: 7 4 
342 11 375 113 F: 11 
360 7 374 259 F: 2 5 
370 7 398 2 F: 7 
371 13 384 26 F: 5 4 4 
378 4 394 85 F: 2 2 
400 9 409 36 F: 4 4 1 
404 5 424 68 F: 2 1 2 
427 12 451 143 F: 12 
447 7 468 4 F: 4 2 1 
448 7 462 52 F: 2 2 3 
449 11 493 28 F: 5 3 3 
462 8 478 211 F: 8 
482 7 496 247 F: 3 2 2 
485 6 491 48 F: 2 2 2 
486 4 502 13 F: 4 
518 2 520 97 F: 2 
527 7 534 239 F: 2 5 
559 4 563 127 F: 2 1 1 
559 8 575 168 F: 3 5 
561 4 573 81 F: 4 
576 5 586 26 F: 5 
578 5 588 144 F: 5 
578 8 610 77 F: 3 4 1 
579 11 601 127 F: 4 4 3 
595 8 619 30 F: 2 3 3 
623 6 647 99 F: 6 
624 12 636 8 F: 7 5 
625 5 645 247 F: 3 1 1 
632 6 638 60 F: 6 
643 8 659 114 F: 2 2 4 
658 2 666 114 F: 2 
662 12 686 283 F: 4 4 4 
669 9 678 107 F: 4 2 3 
674 7 702 110 F: 4 2 1 
679 13 692 5 F: 13 
720 8 752 261 F: 4 1 3 
731 7 738 46 F: 3 3 1 
753 12 777 102 F: 7 5 
760 5 765 160 F: 3 2 
771 7 792 219 F: 2 5 
779 7 786 128 F: 3 1 3 
781 9 799 277 F: 9 
788 9 797 265 F: 3 4 2 
794 6 800 32 F: 2 1 3 
799 10 839 279 F: 6 4 
811 9 820 152 F: 4 2 3 
822 10 852 175 F: 4 3 3 
834 9 852 138 F: 4 4 1 
867 7 888 40 F: 3 2 2 
871 9 880 56 F: 5 4 
878 13 891 267 F: 13 
880 10 920 48 F: 4 4 2 
884 8 908 282 F: 3 5 
896 8 928 23 F: 4 4 
898 8 922 279 F: 6 2 
903 6 915 159 F: 6 
904 6 910 293 F: 4 2 
906 8 922 55 F: 5 2 1 
917 8 933 111 F: 4 4 
919 5 924 194 F: 2 3 
956 2 960 20 F: 2 
962 7 990 135 F: 5 2 
966 6 972 253 F: 2 4 
969 5 989 190 F: 5 
978 10 1008 16 F: 6 4 
1005 9 1032 299 F: 9 
1038 3 1041 25 F: 2 1 
1038 10 1068 187 F: 5 1 4 
1043 6 1061 145 F: 3 2 1 
1050 7 1071 239 F: 4 3 
1057 9 1075 120 F: 9 
1059 10 1079 175 F: 5 2 3 
1059 10 1099 109 F: 7 3 
1062 9 1089 108 F: 5 2 2 
1067 9 1076 211 F: 2 4 3 
1102 7 1116 173 F: 2 5 
1115 11 1159 171 F: 11 
1126 7 1147 52 F: 3 4 
1128 5 1148 255 F: 5 
1128 13 1180 43 F: 13 
1141 3 1147 283 F: 3 
1163 4 1179 75 F: 4 
1166 10 1176 258 F: 5 5 
1181 3 1187 208 F: 3 
1199 8 1207 211 F: 4 1 3 
1219 6 1225 261 F: 2 1 3 
1219 6 1237 196 F: 5 1 
1222 11 1244 139 F: 7 4 
1231 8 1255 15 F: 4 1 3 
1259 6 1271 98 F: 2 2 2 
1259 9 1295 264 F: 9 
1274 7 1281 158 F: 2 5 
1281 11 1325 130 F: 7 4 
1287 12 1323 133 F: 7 5 
1293 11 1315 249 F: 11 
1303 11 1325 138 F: 5 3 3 
1335 8 1351 234 F: 8 
1338 6 1344 146 F: 2 4 
1339 4 1351 155 F: 4 
1340 7 1368 125 F: 7 
1345 4 1361 40 F: 4 
1353 10 1383 25 F: 3 3 4 
1358 13 1397 250 F: 5 4 4 
1369 4 1377 269 F: 4 
1382 12 1406 243 F: 7 5 
1406 12 1430 218 F: 4 4 4 
1427 8 1459 248 F: 4 4 
1430 6 1448 76 F: 3 3 
1435 9 1444 58 F: 3 6 
1443 9 1452 166 F: 9 
1448 10 1468 97 F: 4 2 4 
1454 7 1475 31 F: 7 
1476 11 1509 267 F: 11 
1494 12 1518 78 F: 12 
1499 10 1529 43 F: 2 4 4 
1513 5 1533 126 F: 4 1 
1514 9 1541 227 F: 4 2 3 
1520 3 1526 165 F: 3 
1520 10 1530 281 F: 5 2 3 
1549 12 1573 258 F: 5 4 3 
1555 11 1577 207 F: 6 5 
1566 6 1572 95 F: 4 2 
1575 10 1615 215 F: 10 
1578 4 1582 50 F: 3 1 
1595 8 1611 93 F: 3 2 3 
1606 5 1626 179 F: 3 1 1 
1609 3 1621 253 F: 3 
1609 10 1649 211 F: 10 
1610 12 1622 242 F: 12 
1613 8 1621 117 F: 2 2 4 
1643 13 1695 73 F: 13 
1671 7 1699 266 F: 4 3 
1674 11 1718 159 F: 5 4 2 
1680 9 1698 4 F: 9 
1699 7 1706 94 F: 4 3 
1703 9 1712 33 F: 9 
1704 10 1714 204 F: 4 2 4 
1712 6 1718 218 F: 3 3 
1716 10 1726 184 F: 6 4 
1723 11 1734 36 F: 11 
1743 6 1767 80 F: 3 3 
1749 3 1761 238 F: 3 
1762 8 1778 235 F: 2 2 4 
1784 7 1791 135 F: 3 2 2 
1790 11 1812 70 F: 4 3 4 
1803 7 1831 265 F: 5 2 
1809 10 1849 7 F: 7 3 
1819 6 1825 242 F: 4 1 1 
1826 6 1838 52 F: 4 1 1 
1845 6 1869 176 F: 3 3 
1846 4 1858 48 F: 4 
1879 8 1903 11 F: 5 2 1 
1888 7 1909 163 F: 3 4 
1892 9 1928 160 F: 9 
1896 3 1905 273 F: 3 
1902 2 1908 115 F: 2 
1913 10 1933 3 F: 10 
1932 11 1965 193 F: 6 5 
1938 13 1951 230 F: 13 
1944 8 1952 172 F: 5 2 1 
1954 8 1962 186 F: 7 1 
1970 5 1975 234 F: 2 3 
1985 11 1996 83 F: 7 4 
1988 9 2006 117 F: 3 6 
1989 12 2013 89 F: 12 
2002 6 2014 254 F: 6 
2004 9 2013 35 F: 2 3 4 
2013 13 2026 238 F: 13 
2024 9 2042 226 F: 2 3 4 
2040 10 2050 114 F: 3 3 4 
2049 12 2085 3 F: 7 5 
2059 5 2064 18 F: 2 1 2 
2064 8 2080 231 F: 2 6 
2065 9 2092 159 F: 5 4 
2081 5 2086 147 F: 5 
2104 9 2131 190 F: 3 6 
2106 11 2128 156 F: 5 2 4 
2107 8 2123 114 F: 2 6 
2112 4 2116 154 F: 2 2 
2114 9 2123 21 F: 9 
2137 6 2161 114 F: 2 2 2 
2144 8 2176 47 F: 6 2 
2176 6 2194 42 F: 6 
2189 7 2196 145 F: 2 5 
2195 4 2211 153 F: 4 
2208 6 2226 224 F: 2 2 2 
2220 9 2247 132 F: 4 5 
2228 6 2252 251 F: 6 
2281 6 2305 277 F: 5 1 
2282 5 2297 47 F: 2 3 
2290 9 2308 94 F: 7 2 
2290 9 2326 175 F: 9 
2291 7 2305 48 F: 2 4 1 
2292 4 2308 255 F: 2 1 1 
2294 2 2302 277 F: 2 
2304 12 2340 226 F: 6 6 
2314 8 2346 251 F: 3 1 4 
2332 7 2339 10 F: 6 1 
2341 11 2385 54 F: 11 
2347 9 2365 288 F: 4 4 1 
2361 7 2382 242 F: 3 4 
2379 7 2400 244 F: 3 4 
2387 12 2411 110 F: 12 
2390 8 2398 66 F: 2 6 
2391 4 2407 228 F: 4 
2403 8 2419 232 F: 7 1 
2414 10 2454 168 F: 5 4 1 
2425 7 2446 267 F: 4 3 
2433 6 2451 59 F: 3 3 
2442 8 2450 245 F: 8 
2447 8 2455 246 F: 2 6 
2459 7 2466 71 F: 7 
2475 10 2505 279 F: 5 5 
2480 12 2528 80 F: 12 
2490 13 2516 188 F: 7 6 
2505 8 2521 200 F: 7 1 
2506 8 2522 22 F: 8 
2526 10 2536 229 F: 5 2 3 
2541 10 2561 191 F: 7 3 
2542 8 2558 66 F: 7 1 
2566 6 2590 29 F: 2 1 3 
2566 8 2590 67 F: 3 5 
2571 8 2603 169 F: 3 3 2 
2579 11 2612 191 F: 5 4 2 
2585 4 2593 32 F: 2 1 1 
2640 9 2658 212 F: 9 
2650 5 2655 96 F: 2 3 
2653 7 2667 60 F: 4 3 
2655 9 2691 137 F: 5 1 3 
2656 7 2677 30 F: 7 
2658 6 2664 11 F: 4 2 
2659 10 2679 197 F: 10 
2667 9 2703 84 F: 4 4 1 
2684 11 2717 54 F: 11 
2699 2 2701 103 F: 2 
2710 5 2730 171 F: 2 3 
2719 7 2740 246 F: 3 1 3 
2722 10 2732 123 F: 2 4 4 
2729 8 2737 225 F: 2 3 3 
2739 12 2787 202 F: 7 5 
2747 12 2783 296 F: 12 
2750 12 2786 103 F: 12 
2757 4 2761 288 F: 4 
2764 11 2808 113 F: 11 
2768 6 2792 44 F: 5 1 
2815 6 2821 227 F: 4 2 
2836 10 2866 184 F: 10 
2845 10 2875 259 F: 10 
2854 3 2857 240 F: 2 1 
2863 3 2872 6 F: 3 
2865 7 2886 51 F: 7 
2866 6 2872 21 F: 3 3 
2874 9 2892 3 F: 3 2 4 
2890 7 2904 182 F: 4 3 
2897 8 2921 116 F: 8 
2917 11 2961 256 F: 11 
2918 5 2928 87 F: 5 
2926 10 2946 211 F: 2 4 4 
2930 12 2978 16 F: 12 
2941 6 2959 143 F: 6 
2951 10 2991 275 F: 4 2 4 
2961 11 2994 134 F: 11 
2962 12 2986 45 F: 12 
2972 10 2992 280 F: 5 5 
2983 5 2998 37 F: 2 3 
D: 2 61 
D: 12 91 
D: 12 94 
D: 12 107 
D: 17 259 
D: 27 72 
D: 30 256 
D: 38 242 
D: 39 248 
D: 42 63 
D: 44 123 
D: 46 77 
D: 49 129 
D: 52 261 
D: 54 230 
D: 61 95 
D: 63 81 
D: 69 87 
D: 75 113 
D: 77 239 
D: 83 93 
D: 87 178 
D: 101 156 
D: 121 236 
D: 128 200 
D: 162 278 
D: 169 235 
D: 169 297 
D: 175 212 
D: 224 276 
