9 10 49 283 F: 3 4 3 
29 9 65 261 F: 6 3 
30 7 58 235 F: 2 2 3 
31 5 36 100 F: 5 
45 9 63 9 F: 7 2 
63 7 84 310 F: 2 1 4 
76 8 100 108 F: 7 1 
83 5 93 142 F: 5 
88 8 112 109 F: 3 4 1 
94 9 103 172 F: 4 5 
116 5 126 262 F: 4 1 
129 13 168 249 F: 13 
131 10 141 169 F: 5 3 2 
136 10 146 254 F: 4 4 2 
139 6 145 189 F: 4 2 
158 10 168 170 F: 4 6 
171 11 204 293 F: 11 
174 7 195 81 F: 3 2 2 
180 10 200 171 F: 4 2 4 
195 11 217 172 F: 11 
216 13 268 328 F: 13 
217 7 245 63 F: 2 2 3 
228 13 254 213 F: 13 
240 11 273 79 F: 7 4 
242 10 262 317 F: 2 4 4 
245 13 258 288 F: 13 
266 7 287 253 F: 4 2 1 
283 10 293 84 F: 5 2 3 
289 8 297 268 F: 2 6 
299 7 313 334 F: 3 2 2 
300 12 324 154 F: 12 
308 13 347 219 F: 13 
339 9 375 252 F: 4 2 3 
341 8 365 260 F: 8 
356 7 363 301 F: 2 2 3 
360 13 373 58 F: 13 
362 7 376 4 F: 4 1 2 
387 12 411 303 F: 12 
393 7 421 320 F: 3 1 3 
397 11 430 305 F: 5 6 
402 2 406 21 F: 2 
407 12 431 83 F: 12 
445 7 473 97 F: 7 
446 9 464 347 F: 9 
447 9 456 110 F: 2 4 3 
459 10 499 259 F: 4 2 4 
470 10 480 64 F: 4 6 
473 11 517 169 F: 11 
480 10 490 88 F: 6 4 
481 3 490 186 F: 3 
507 9 516 299 F: 9 
515 9 542 260 F: 4 1 4 
531 10 571 301 F: 5 3 2 
532 6 556 119 F: 2 3 1 
543 5 553 302 F: 5 
548 8 572 31 F: 8 
568 6 580 97 F: 6 
576 9 594 303 F: 4 4 1 
594 9 603 163 F: 4 4 1 
599 7 620 289 F: 4 1 2 
602 8 626 104 F: 5 1 2 
614 9 641 262 F: 2 3 4 
614 10 634 54 F: 10 
616 7 644 178 F: 3 3 1 
634 11 645 154 F: 6 5 
659 9 686 183 F: 3 3 3 
663 8 687 144 F: 3 3 2 
688 10 718 311 F: 10 
693 8 725 162 F: 2 2 4 
698 5 718 61 F: 5 
701 4 705 189 F: 4 
713 3 722 344 F: 2 1 
714 6 720 47 F: 6 
722 5 742 165 F: 5 
725 8 757 334 F: 8 
742 7 756 334 F: 5 1 1 
751 12 799 128 F: 7 5 
761 5 766 197 F: 3 2 
762 8 786 198 F: 3 5 
767 11 800 345 F: 3 4 4 
807 6 813 312 F: 2 2 2 
813 7 820 220 F: 2 5 
813 9 831 77 F: 9 
820 6 838 154 F: 2 4 
820 9 829 121 F: 5 1 3 
821 9 857 197 F: 3 2 4 
837 7 844 47 F: 7 
842 6 866 26 F: 2 2 2 
851 6 863 6 F: 6 
883 10 913 30 F: 3 3 4 
912 4 924 213 F: 3 1 
914 12 962 149 F: 5 4 3 
917 7 931 108 F: 4 3 
924 9 942 316 F: 2 4 3 
925 12 937 188 F: 5 4 3 
943 10 983 121 F: 10 
948 9 957 93 F: 9 
969 5 984 28 F: 4 1 
971 7 985 63 F: 3 1 3 
999 5 1019 177 F: 2 2 1 
1002 9 1038 229 F: 3 3 3 
1003 6 1009 189 F: 3 1 2 
1007 10 1027 331 F: 10 
1010 7 1038 216 F: 2 3 2 
1016 6 1034 326 F: 2 4 
1024 8 1040 267 F: 2 6 
1046 10 1066 87 F: 4 2 4 
1054 7 1075 181 F: 7 
1057 8 1065 303 F: 8 
1081 8 1089 131 F: 6 2 
1104 4 1112 55 F: 3 1 
1110 13 1136 311 F: 13 
1118 8 1134 297 F: 8 
1120 7 1127 259 F: 4 3 
1134 8 1166 238 F: 4 2 2 
1142 9 1160 284 F: 9 
1143 13 1195 199 F: 7 6 
1148 8 1156 196 F: 3 4 1 
1162 10 1192 222 F: 5 4 1 
1177 7 1191 304 F: 2 5 
1203 3 1206 240 F: 3 
1238 13 1251 73 F: 7 6 
1249 10 1279 35 F: 5 3 2 
1254 7 1275 283 F: 4 3 
1264 8 1280 315 F: 5 3 
1274 6 1298 72 F: 2 1 3 
1277 10 1307 33 F: 4 6 
1283 5 1293 331 F: 4 1 
1287 13 1300 348 F: 5 4 4 
1294 10 1314 7 F: 4 6 
1311 6 1329 78 F: 2 1 3 
1321 5 1341 321 F: 2 3 
1321 7 1335 28 F: 2 5 
1327 5 1342 119 F: 2 3 
1353 12 1365 303 F: 12 
1355 6 1367 252 F: 4 2 
1373 3 1376 23 F: 3 
1382 7 1389 307 F: 4 1 2 
1386 8 1418 7 F: 8 
1389 13 1415 161 F: 13 
1403 2 1405 160 F: 2 
1424 9 1451 135 F: 9 
1431 2 1439 149 F: 2 
1443 5 1458 249 F: 4 1 
1454 6 1466 88 F: 2 4 
1463 13 1502 307 F: 13 
1465 8 1473 21 F: 4 4 
1483 8 1491 16 F: 8 
1492 11 1525 255 F: 11 
1498 8 1530 222 F: 3 3 2 
1504 13 1530 109 F: 13 
1513 9 1549 202 F: 9 
1524 9 1560 293 F: 2 3 4 
1541 8 1557 129 F: 8 
1546 10 1576 177 F: 5 1 4 
1560 7 1588 332 F: 2 3 2 
1564 8 1580 166 F: 8 
1568 12 1580 188 F: 12 
1577 10 1597 276 F: 2 4 4 
1596 6 1602 172 F: 2 2 2 
1604 12 1640 54 F: 7 5 
1606 11 1650 61 F: 11 
1612 7 1633 176 F: 6 1 
1612 7 1633 208 F: 5 2 
1628 10 1658 155 F: 4 6 
1631 9 1667 281 F: 4 5 
1634 12 1670 279 F: 12 
1663 6 1687 55 F: 3 1 2 
1676 3 1685 210 F: 3 
1679 8 1703 192 F: 4 2 2 
1700 6 1724 293 F: 4 1 1 
1723 10 1763 21 F: 10 
1734 12 1758 243 F: 5 4 3 
1737 8 1761 260 F: 2 3 3 
1749 8 1765 258 F: 8 
1760 4 1776 283 F: 4 
1767 10 1777 184 F: 2 4 4 
1775 10 1785 255 F: 5 4 1 
1793 5 1813 297 F: 2 2 1 
1797 2 1805 348 F: 2 
1809 9 1827 256 F: 5 1 3 
1835 9 1871 26 F: 2 4 3 
1849 9 1876 329 F: 3 6 
1860 3 1872 347 F: 3 
1873 9 1900 135 F: 2 4 3 
1876 2 1884 142 F: 2 
1877 9 1904 20 F: 9 
1877 10 1907 229 F: 4 6 
1877 10 1907 277 F: 7 3 
1885 13 1937 137 F: 7 6 
1900 7 1928 264 F: 6 1 
1900 8 1932 32 F: 3 4 1 
1907 13 1959 247 F: 7 6 
1938 8 1946 279 F: 5 3 
1950 7 1971 156 F: 3 4 
1956 9 1983 296 F: 7 2 
1962 9 1980 198 F: 2 4 3 
1966 12 1990 20 F: 6 6 
1968 9 1995 196 F: 4 2 3 
1991 8 2023 124 F: 3 3 2 
2005 5 2020 264 F: 5 
2017 12 2053 71 F: 6 6 
2033 10 2053 127 F: 10 
2036 10 2046 181 F: 6 4 
2038 10 2068 194 F: 4 2 4 
2042 9 2051 154 F: 3 2 4 
2046 10 2056 24 F: 4 4 2 
2055 6 2067 52 F: 6 
2059 7 2066 299 F: 5 2 
2083 7 2097 133 F: 4 2 1 
2103 13 2155 185 F: 7 6 
2105 10 2145 108 F: 10 
2119 8 2143 169 F: 3 4 1 
2126 5 2131 160 F: 5 
2154 6 2172 122 F: 3 1 2 
2156 6 2168 337 F: 6 
2160 8 2184 48 F: 3 3 2 
2169 12 2193 7 F: 7 5 
2174 7 2195 341 F: 3 4 
2175 8 2183 93 F: 7 1 
2203 6 2209 254 F: 3 2 1 
2211 10 2251 231 F: 10 
2224 11 2246 128 F: 6 5 
2234 8 2250 146 F: 4 4 
2249 6 2273 64 F: 5 1 
2252 8 2268 206 F: 8 
2257 10 2297 292 F: 4 6 
2260 13 2273 155 F: 13 
2273 11 2317 292 F: 11 
2296 11 2318 253 F: 11 
2307 8 2339 79 F: 3 5 
2330 13 2382 22 F: 13 
2341 5 2346 228 F: 5 
2342 7 2363 325 F: 3 4 
2362 7 2376 211 F: 7 
2368 6 2392 270 F: 3 3 
2372 11 2405 339 F: 11 
2373 12 2409 64 F: 6 6 
2379 13 2405 36 F: 13 
2386 12 2434 292 F: 5 3 4 
2416 11 2427 231 F: 7 4 
2425 10 2465 121 F: 4 6 
2439 7 2460 134 F: 7 
2462 11 2473 295 F: 11 
2463 12 2487 252 F: 12 
2471 3 2474 232 F: 3 
2471 10 2481 176 F: 2 4 4 
2477 9 2504 31 F: 2 3 4 
2491 3 2500 313 F: 3 
2498 7 2526 209 F: 4 3 
2507 7 2528 293 F: 5 2 
2511 10 2531 259 F: 4 6 
2527 9 2563 265 F: 5 3 1 
2527 11 2538 313 F: 5 6 
2577 10 2617 200 F: 10 
2579 4 2587 63 F: 3 1 
2581 5 2586 104 F: 2 2 1 
2583 11 2616 86 F: 7 4 
2591 7 2605 85 F: 4 2 1 
2597 8 2613 217 F: 7 1 
2621 12 2669 194 F: 12 
2632 8 2648 21 F: 3 1 4 
2632 9 2668 204 F: 4 4 1 
2636 6 2642 289 F: 2 2 2 
2653 13 2705 76 F: 13 
2657 6 2663 211 F: 2 4 
2657 6 2675 27 F: 6 
2661 7 2668 85 F: 7 
2675 10 2685 349 F: 4 3 3 
2693 12 2729 104 F: 6 6 
2711 10 2721 265 F: 10 
2715 3 2718 154 F: 3 
2727 5 2732 164 F: 2 2 1 
2727 7 2748 101 F: 7 
2734 8 2750 153 F: 8 
2764 4 2780 213 F: 3 1 
2772 10 2802 170 F: 7 3 
2779 11 2801 318 F: 5 6 
2781 11 2792 165 F: 4 3 4 
2796 8 2820 247 F: 8 
2801 4 2809 234 F: 4 
2806 13 2845 299 F: 13 
2812 12 2860 94 F: 7 5 
2822 8 2830 308 F: 8 
2825 8 2833 268 F: 8 
2829 11 2873 57 F: 6 5 
2831 5 2851 48 F: 2 1 2 
2859 8 2867 42 F: 2 3 3 
2879 6 2885 92 F: 3 1 2 
2883 6 2907 245 F: 2 4 
2905 9 2932 266 F: 4 1 4 
2914 7 2935 169 F: 5 2 
2927 10 2957 228 F: 4 6 
2937 10 2947 190 F: 10 
2952 10 2972 22 F: 7 3 
2963 10 3003 212 F: 4 2 4 
2977 4 2993 261 F: 2 2 
2986 13 3012 16 F: 13 
2994 11 3016 75 F: 5 4 2 
2996 9 3032 316 F: 5 3 1 
3017 13 3056 27 F: 13 
3024 10 3044 223 F: 4 2 4 
3027 9 3063 116 F: 9 
3028 5 3048 156 F: 5 
3047 7 3054 17 F: 4 3 
3049 13 3075 32 F: 7 6 
3056 6 3068 74 F: 6 
3063 9 3099 169 F: 2 3 4 
3073 2 3075 166 F: 2 
3092 7 3106 215 F: 2 3 2 
3110 8 3134 11 F: 6 2 
3118 9 3154 349 F: 9 
3122 13 3174 181 F: 7 6 
3132 7 3153 224 F: 2 3 2 
3140 4 3156 62 F: 3 1 
3149 10 3159 115 F: 4 3 3 
3158 12 3194 334 F: 4 4 4 
3163 3 3169 174 F: 3 
3173 5 3183 334 F: 5 
3188 8 3212 77 F: 7 1 
3200 8 3232 99 F: 5 2 1 
3205 7 3219 211 F: 7 
3209 5 3229 132 F: 5 
3214 10 3254 15 F: 4 6 
3245 9 3281 76 F: 9 
3248 11 3281 38 F: 6 5 
3250 10 3260 232 F: 10 
3262 11 3284 197 F: 6 5 
3278 6 3302 164 F: 5 1 
3298 8 3330 129 F: 3 1 4 
3336 9 3363 120 F: 4 5 
3343 8 3359 184 F: 3 5 
3351 3 3357 15 F: 2 1 
3351 8 3359 275 F: 8 
3352 4 3368 52 F: 2 2 
3353 4 3365 234 F: 4 
3362 9 3389 139 F: 4 5 
3370 7 3377 26 F: 2 4 1 
3388 10 3408 62 F: 10 
3394 10 3424 86 F: 2 4 4 
3417 11 3439 231 F: 7 4 
3428 2 3432 125 F: 2 
3436 13 3475 97 F: 13 
3446 9 3482 141 F: 2 4 3 
3447 6 3453 319 F: 2 4 
3459 12 3471 119 F: 12 
3477 11 3510 96 F: 11 
3479 4 3491 344 F: 4 
3490 9 3499 217 F: 3 6 
3494 3 3506 229 F: 3 
D: 26 331 
D: 38 42 
D: 39 275 
D: 40 140 
D: 43 261 
D: 47 175 
D: 57 242 
D: 62 190 
D: 62 267 
D: 67 269 
D: 74 349 
D: 76 207 
D: 86 245 
D: 94 178 
D: 97 227 
D: 108 293 
D: 111 264 
D: 113 271 
D: 117 288 
D: 121 179 
D: 125 331 
D: 126 317 
D: 130 340 
D: 139 183 
D: 142 301 
D: 154 244 
D: 156 244 
D: 181 228 
D: 194 274 
D: 210 333 
D: 215 315 
D: 233 253 
D: 251 262 
D: 260 291 
D: 267 284 
