7 5 17 245 F: 5 
13 4 29 3 F: 3 1 
34 7 41 242 F: 2 1 4 
38 10 78 89 F: 10 
53 9 71 333 F: 9 
58 13 84 191 F: 13 
68 5 88 71 F: 3 1 1 
74 6 92 197 F: 6 
86 12 122 49 F: 12 
93 9 129 274 F: 3 2 4 
107 8 123 115 F: 2 6 
111 6 123 171 F: 4 1 1 
127 6 139 39 F: 6 
147 8 155 169 F: 4 3 1 
150 6 156 241 F: 3 1 2 
166 8 182 244 F: 4 4 
168 8 192 333 F: 2 4 2 
173 7 187 248 F: 7 
190 5 205 130 F: 3 2 
197 10 207 139 F: 10 
208 6 214 25 F: 6 
223 3 229 347 F: 3 
229 7 243 242 F: 3 4 
244 10 264 308 F: 4 2 4 
251 5 256 62 F: 2 1 2 
260 4 272 297 F: 4 
279 5 289 182 F: 5 
281 13 320 124 F: 7 6 
285 12 309 130 F: 12 
291 12 339 108 F: 12 
320 8 352 323 F: 2 3 3 
323 6 341 123 F: 2 1 3 
330 7 344 147 F: 4 3 
332 2 334 182 F: 2 
342 10 382 202 F: 4 4 2 
366 8 390 257 F: 4 2 2 
371 5 386 321 F: 2 3 
376 3 379 106 F: 3 
383 12 395 245 F: 12 
384 4 396 26 F: 4 
404 7 411 138 F: 3 2 2 
415 7 436 54 F: 2 1 4 
422 5 432 176 F: 5 
430 8 454 179 F: 2 6 
432 6 450 174 F: 4 1 1 
432 10 442 12 F: 10 
452 7 473 157 F: 2 5 
468 12 504 286 F: 12 
496 11 507 16 F: 11 
499 13 512 225 F: 5 4 4 
502 10 532 151 F: 10 
507 5 512 249 F: 2 1 2 
530 7 551 72 F: 5 2 
531 11 553 48 F: 6 5 
538 7 559 13 F: 3 4 
555 6 567 7 F: 6 
563 5 578 246 F: 2 2 1 
581 6 593 313 F: 2 4 
591 11 624 339 F: 4 3 4 
596 9 623 204 F: 7 2 
603 12 615 166 F: 12 
615 13 628 183 F: 13 
621 5 626 318 F: 5 
638 10 658 171 F: 4 6 
644 13 696 48 F: 13 
651 6 669 291 F: 4 1 1 
682 6 694 173 F: 3 3 
688 7 695 99 F: 2 2 3 
689 4 705 251 F: 2 1 1 
693 10 703 287 F: 10 
703 8 719 347 F: 4 4 
705 13 744 163 F: 13 
709 7 737 135 F: 2 5 
711 8 727 249 F: 8 
715 9 733 179 F: 7 2 
744 7 751 186 F: 5 2 
744 12 780 264 F: 5 3 4 
745 11 778 301 F: 11 
785 3 794 104 F: 2 1 
799 13 825 137 F: 13 
806 6 824 273 F: 4 1 1 
807 10 847 310 F: 10 
819 8 851 272 F: 8 
844 10 874 205 F: 4 3 3 
849 10 879 251 F: 10 
864 9 891 339 F: 2 4 3 
880 8 904 230 F: 5 3 
891 7 919 328 F: 4 3 
898 5 903 278 F: 5 
899 9 935 94 F: 4 5 
904 12 940 83 F: 12 
906 6 924 285 F: 3 3 
918 3 927 28 F: 3 
930 5 945 98 F: 2 2 1 
974 13 1026 26 F: 5 4 4 
977 6 989 193 F: 3 3 
982 7 1003 334 F: 7 
989 9 1025 23 F: 2 3 4 
990 11 1001 288 F: 11 
998 4 1002 184 F: 2 2 
1000 6 1012 336 F: 6 
1003 11 1025 102 F: 7 4 
1037 11 1070 144 F: 4 4 3 
1044 9 1071 49 F: 9 
1053 4 1069 232 F: 3 1 
1053 6 1065 14 F: 3 3 
1055 8 1071 65 F: 3 4 1 
1059 6 1083 227 F: 2 3 1 
1063 5 1068 328 F: 5 
1075 12 1123 158 F: 12 
1106 8 1138 48 F: 5 3 
1139 13 1178 219 F: 5 4 4 
1143 9 1179 333 F: 3 3 3 
1145 9 1181 147 F: 5 4 
1146 13 1185 260 F: 13 
1147 11 1191 249 F: 5 2 4 
1157 10 1187 327 F: 4 3 3 
1168 11 1201 11 F: 4 4 3 
1177 6 1183 142 F: 6 
1197 6 1215 110 F: 6 
1205 8 1237 162 F: 5 3 
1210 5 1225 63 F: 3 2 
1213 10 1243 204 F: 10 
1230 13 1269 331 F: 5 4 4 
1238 5 1248 256 F: 4 1 
1243 10 1283 247 F: 3 3 4 
1243 12 1255 51 F: 6 6 
1261 7 1268 314 F: 7 
1271 9 1298 242 F: 3 2 4 
1277 10 1287 200 F: 6 4 
1313 8 1345 29 F: 4 2 2 
1315 6 1321 178 F: 2 1 3 
1324 8 1332 78 F: 4 4 
1328 4 1340 51 F: 2 2 
1332 8 1348 344 F: 7 1 
1334 7 1348 41 F: 6 1 
1335 5 1355 124 F: 5 
1346 7 1353 295 F: 2 3 2 
1380 7 1408 45 F: 4 1 2 
1382 6 1388 5 F: 3 2 1 
1423 9 1441 267 F: 5 1 3 
1424 6 1448 222 F: 2 2 2 
1431 4 1447 330 F: 2 1 1 
1431 7 1459 311 F: 2 1 4 
1445 7 1452 143 F: 3 2 2 
1457 9 1484 253 F: 4 2 3 
1473 9 1509 243 F: 4 5 
1481 11 1492 20 F: 5 4 2 
1482 12 1494 172 F: 12 
1499 11 1521 131 F: 5 2 4 
1513 7 1541 26 F: 5 2 
1542 9 1560 109 F: 5 3 1 
1544 12 1580 107 F: 12 
1549 8 1573 37 F: 3 5 
1554 7 1568 201 F: 2 5 
1562 6 1568 317 F: 3 2 1 
1566 8 1574 135 F: 4 4 
1578 9 1614 77 F: 5 1 3 
1584 7 1598 318 F: 3 2 2 
1589 9 1598 74 F: 3 2 4 
1603 8 1635 245 F: 6 2 
1611 5 1631 149 F: 5 
1622 9 1649 286 F: 4 3 2 
1624 3 1636 73 F: 2 1 
1636 8 1652 22 F: 8 
1637 6 1661 302 F: 6 
1649 5 1659 50 F: 2 3 
1654 8 1670 4 F: 2 4 2 
1686 9 1704 303 F: 9 
1692 8 1724 322 F: 4 3 1 
1720 11 1731 4 F: 6 5 
1744 5 1759 188 F: 5 
1744 9 1762 8 F: 6 3 
1767 3 1770 107 F: 3 
1771 11 1793 69 F: 11 
1775 6 1781 17 F: 6 
1782 6 1806 142 F: 5 1 
1786 9 1804 28 F: 3 6 
1787 8 1819 262 F: 3 3 2 
1795 9 1813 58 F: 3 2 4 
1802 11 1846 192 F: 5 2 4 
1810 6 1816 15 F: 3 3 
1826 7 1840 82 F: 6 1 
1841 4 1857 208 F: 2 1 1 
1845 9 1881 121 F: 3 3 3 
1852 4 1868 30 F: 4 
1854 3 1860 236 F: 3 
1855 11 1899 4 F: 5 6 
1859 13 1885 350 F: 13 
1899 7 1906 302 F: 7 
1903 10 1913 5 F: 4 3 3 
1912 13 1964 319 F: 13 
1928 11 1939 19 F: 6 5 
1931 7 1945 18 F: 5 2 
1932 10 1962 144 F: 5 5 
1944 3 1947 193 F: 3 
1958 7 1979 297 F: 4 1 2 
1960 10 2000 321 F: 5 2 3 
1961 10 1971 48 F: 4 4 2 
1992 8 2000 197 F: 2 3 3 
2023 6 2041 133 F: 3 3 
2038 6 2056 92 F: 2 3 1 
2049 7 2056 187 F: 5 1 1 
2056 9 2074 321 F: 7 2 
2063 9 2099 74 F: 4 4 1 
2070 13 2122 151 F: 13 
2073 12 2121 162 F: 7 5 
2075 8 2083 168 F: 2 6 
2083 6 2089 68 F: 4 2 
2096 7 2117 29 F: 4 2 1 
2102 13 2115 265 F: 13 
2105 11 2116 245 F: 11 
2112 12 2136 229 F: 12 
2116 8 2140 46 F: 4 1 3 
2121 3 2127 60 F: 2 1 
2147 4 2155 135 F: 4 
2153 12 2177 228 F: 6 6 
2181 13 2194 124 F: 13 
2182 7 2210 259 F: 7 
2189 13 2215 269 F: 13 
2207 13 2259 102 F: 5 4 4 
2214 6 2220 214 F: 5 1 
2236 13 2262 18 F: 5 4 4 
2239 9 2266 264 F: 4 1 4 
2257 3 2260 202 F: 3 
2264 2 2270 219 F: 2 
2285 12 2321 223 F: 7 5 
2291 9 2300 83 F: 5 3 1 
2294 10 2334 292 F: 7 3 
2296 5 2316 273 F: 5 
2305 7 2312 205 F: 7 
2312 9 2348 215 F: 4 3 2 
2323 8 2339 226 F: 5 3 
2352 8 2376 218 F: 3 4 1 
2361 7 2389 10 F: 2 4 1 
2362 3 2374 289 F: 3 
2364 6 2388 127 F: 3 3 
2386 8 2402 24 F: 6 2 
2394 8 2402 50 F: 5 3 
2395 9 2413 275 F: 6 3 
2400 10 2440 94 F: 4 6 
2406 9 2415 58 F: 4 3 2 
2418 13 2470 346 F: 13 
2441 10 2481 229 F: 3 4 3 
2446 11 2490 100 F: 5 6 
2453 12 2501 241 F: 7 5 
2475 12 2523 70 F: 7 5 
2478 6 2496 193 F: 6 
2482 5 2492 219 F: 3 2 
2499 10 2519 93 F: 10 
2510 4 2522 312 F: 2 2 
2511 4 2523 293 F: 2 2 
2527 2 2533 257 F: 2 
2543 9 2579 44 F: 6 3 
2545 11 2578 36 F: 5 4 2 
2553 9 2589 20 F: 9 
2591 11 2602 268 F: 5 2 4 
2592 12 2640 126 F: 4 4 4 
2593 10 2613 125 F: 4 3 3 
2598 11 2620 56 F: 5 3 3 
2605 7 2633 6 F: 3 3 1 
2625 12 2649 277 F: 12 
2629 9 2665 312 F: 3 2 4 
2632 2 2634 56 F: 2 
2632 10 2672 111 F: 10 
2643 9 2652 142 F: 9 
2648 12 2672 42 F: 7 5 
2671 12 2683 258 F: 12 
2679 3 2685 9 F: 3 
2683 8 2699 252 F: 5 1 2 
2723 7 2751 156 F: 3 3 1 
2725 12 2749 183 F: 12 
2757 11 2779 7 F: 11 
2759 7 2787 43 F: 7 
2759 11 2803 319 F: 4 3 4 
2766 6 2778 67 F: 2 3 1 
2770 7 2791 102 F: 2 5 
2773 5 2793 203 F: 5 
2776 5 2791 81 F: 5 
2797 6 2809 313 F: 3 3 
2807 2 2815 46 F: 2 
2811 10 2851 270 F: 7 3 
2817 9 2853 42 F: 4 5 
2823 9 2850 209 F: 9 
2842 10 2852 146 F: 10 
2852 7 2859 327 F: 4 3 
2873 7 2894 34 F: 5 2 
2874 10 2914 344 F: 10 
2879 10 2899 136 F: 4 6 
2891 8 2923 206 F: 7 1 
2919 7 2947 228 F: 7 
2921 11 2954 42 F: 4 4 3 
2924 10 2964 221 F: 5 4 1 
2955 5 2975 262 F: 3 1 1 
2959 9 2986 87 F: 3 4 2 
2966 4 2970 292 F: 4 
2986 4 2998 306 F: 4 
2987 13 3013 184 F: 7 6 
2996 12 3008 95 F: 12 
2997 11 3041 348 F: 6 5 
3002 9 3011 57 F: 9 
3023 7 3030 8 F: 2 2 3 
3036 10 3066 41 F: 3 4 3 
3045 8 3077 271 F: 2 2 4 
3052 2 3056 334 F: 2 
3054 4 3070 281 F: 4 
3073 6 3091 161 F: 3 3 
3079 11 3112 158 F: 11 
3086 8 3110 245 F: 4 4 
3094 11 3138 168 F: 7 4 
3104 7 3118 195 F: 2 1 4 
3109 10 3139 264 F: 4 4 2 
3131 10 3151 317 F: 7 3 
3139 9 3166 185 F: 9 
3149 13 3201 154 F: 13 
3153 8 3177 252 F: 5 2 1 
3154 12 3202 168 F: 12 
3162 10 3172 244 F: 10 
3183 7 3197 88 F: 4 2 1 
3194 8 3218 256 F: 8 
3201 7 3215 291 F: 3 3 1 
3212 7 3240 64 F: 4 1 2 
3215 9 3251 75 F: 4 3 2 
3228 10 3238 246 F: 6 4 
3258 10 3268 63 F: 4 6 
3278 8 3310 20 F: 3 5 
3282 10 3302 222 F: 6 4 
3291 8 3315 1 F: 2 2 4 
3294 7 3322 232 F: 2 2 3 
3298 3 3304 72 F: 2 1 
3319 13 3345 63 F: 5 4 4 
3320 5 3325 85 F: 4 1 
3321 10 3351 106 F: 5 5 
3339 13 3352 215 F: 13 
3342 8 3366 161 F: 4 2 2 
3352 9 3370 286 F: 2 3 4 
3353 12 3389 295 F: 12 
3368 10 3388 7 F: 4 2 4 
3374 8 3390 255 F: 6 2 
3396 6 3414 278 F: 3 2 1 
3438 10 3478 6 F: 3 3 4 
3442 5 3457 282 F: 4 1 
3447 12 3495 259 F: 4 4 4 
3450 10 3470 40 F: 5 3 2 
3454 4 3466 27 F: 3 1 
3485 4 3501 324 F: 4 
3486 2 3490 145 F: 2 
3492 9 3519 224 F: 3 6 
3496 7 3503 268 F: 6 1 
3496 12 3532 239 F: 6 6 
D: 9 104 
D: 11 8 
D: 14 308 
D: 15 116 
D: 17 52 
D: 18 65 
D: 20 69 
D: 21 106 
D: 23 134 
D: 24 184 
D: 47 96 
D: 58 151 
D: 59 168 
D: 60 174 
D: 62 316 
D: 68 233 
D: 80 118 
D: 92 116 
D: 96 305 
D: 137 182 
D: 144 263 
D: 145 245 
D: 156 170 
D: 159 299 
D: 188 299 
D: 199 311 
D: 201 258 
D: 219 250 
D: 224 322 
D: 226 325 
D: 246 251 
D: 259 296 
D: 291 347 
D: 312 339 
D: 332 330 
