41 7 62 120 F: 5 1 1 
41 11 63 206 F: 7 4 
42 8 58 194 F: 7 1 
52 8 68 104 F: 5 3 
64 5 74 83 F: 5 
67 4 83 109 F: 3 1 
67 12 115 11 F: 7 5 
77 8 101 150 F: 3 5 
78 7 106 118 F: 5 2 
87 8 111 141 F: 5 2 1 
110 9 119 148 F: 4 5 
111 13 137 298 F: 13 
119 13 132 244 F: 13 
120 7 141 84 F: 3 4 
120 12 168 86 F: 7 5 
128 7 149 212 F: 4 3 
160 9 187 203 F: 9 
169 5 189 30 F: 2 1 2 
174 10 184 178 F: 3 3 4 
184 10 214 234 F: 3 4 3 
200 10 230 239 F: 3 3 4 
229 13 281 290 F: 7 6 
247 10 277 20 F: 4 3 3 
259 10 279 41 F: 10 
263 4 279 145 F: 4 
272 13 298 235 F: 13 
282 5 302 21 F: 3 1 1 
286 11 330 51 F: 11 
291 4 299 260 F: 4 
296 3 305 280 F: 3 
301 4 305 247 F: 2 1 1 
317 13 356 5 F: 13 
329 6 335 218 F: 2 2 2 
366 5 371 244 F: 3 1 1 
371 9 407 76 F: 9 
373 9 400 25 F: 5 4 
373 11 417 246 F: 5 2 4 
376 6 388 114 F: 4 1 1 
382 7 396 99 F: 3 2 2 
394 11 405 246 F: 4 3 4 
407 12 431 290 F: 12 
420 9 447 259 F: 3 6 
425 10 445 52 F: 4 6 
426 9 444 214 F: 5 4 
431 8 463 251 F: 7 1 
433 9 460 191 F: 9 
439 6 451 100 F: 6 
442 3 445 56 F: 2 1 
496 11 529 226 F: 5 6 
498 9 516 283 F: 9 
501 9 519 226 F: 4 3 2 
515 11 526 183 F: 4 3 4 
521 5 531 18 F: 2 2 1 
522 8 546 64 F: 7 1 
541 10 551 284 F: 5 3 2 
542 11 553 97 F: 6 5 
547 13 573 103 F: 13 
550 3 559 261 F: 3 
562 5 582 113 F: 2 3 
569 8 593 117 F: 4 4 
603 12 615 295 F: 12 
606 6 618 108 F: 2 4 
615 11 659 192 F: 4 3 4 
618 7 625 5 F: 4 2 1 
620 2 624 68 F: 2 
621 10 641 23 F: 5 4 1 
647 4 651 5 F: 2 1 1 
647 8 655 293 F: 3 5 
653 9 662 148 F: 2 4 3 
654 10 664 127 F: 4 6 
712 4 728 9 F: 3 1 
716 11 727 263 F: 5 2 4 
729 9 756 250 F: 9 
736 13 788 98 F: 13 
741 7 762 123 F: 4 2 1 
780 7 787 216 F: 2 3 2 
787 4 795 122 F: 2 2 
788 7 795 217 F: 4 1 2 
788 8 820 83 F: 6 2 
793 6 811 61 F: 3 2 1 
805 6 823 199 F: 6 
827 3 830 168 F: 3 
854 4 866 211 F: 4 
856 7 863 243 F: 7 
861 9 888 34 F: 9 
862 11 895 72 F: 6 5 
867 13 880 199 F: 13 
881 9 890 276 F: 3 2 4 
887 7 894 161 F: 7 
899 9 908 11 F: 4 2 3 
901 13 914 10 F: 5 4 4 
908 10 948 199 F: 10 
912 8 920 131 F: 2 3 3 
916 6 928 244 F: 3 1 2 
928 6 940 25 F: 6 
946 7 974 7 F: 2 3 2 
949 9 958 276 F: 7 2 
980 7 994 102 F: 2 4 1 
986 7 1014 165 F: 2 5 
987 9 1005 154 F: 4 3 2 
1012 3 1018 240 F: 2 1 
1034 9 1061 134 F: 4 2 3 
1037 11 1070 259 F: 11 
1042 9 1069 248 F: 9 
1061 4 1073 288 F: 3 1 
1064 12 1100 46 F: 6 6 
1070 9 1079 154 F: 9 
1077 9 1104 196 F: 4 5 
1078 7 1085 118 F: 3 3 1 
1097 6 1121 256 F: 3 3 
1121 7 1135 93 F: 3 4 
1131 11 1164 277 F: 6 5 
1134 10 1164 237 F: 3 3 4 
1138 6 1150 246 F: 4 1 1 
1148 3 1154 199 F: 2 1 
1152 12 1176 180 F: 12 
1161 8 1177 172 F: 8 
1174 6 1186 77 F: 4 2 
1177 7 1198 237 F: 5 2 
1177 9 1213 42 F: 2 3 4 
1205 5 1220 218 F: 5 
1216 11 1260 23 F: 7 4 
1219 10 1249 205 F: 5 3 2 
1246 7 1260 75 F: 7 
1255 4 1267 238 F: 2 2 
1265 5 1280 213 F: 2 3 
1272 7 1300 229 F: 5 1 1 
1272 10 1292 279 F: 5 2 3 
1279 7 1307 29 F: 4 3 
1287 13 1326 244 F: 13 
1320 3 1323 283 F: 2 1 
1321 7 1328 156 F: 3 1 3 
1334 4 1342 35 F: 2 1 1 
1341 6 1353 23 F: 4 2 
1345 7 1366 32 F: 3 4 
1347 10 1387 220 F: 7 3 
1355 3 1361 79 F: 3 
1357 8 1389 239 F: 4 1 3 
1378 8 1386 127 F: 5 3 
1384 10 1414 94 F: 5 5 
1400 5 1405 225 F: 3 1 1 
1427 4 1439 153 F: 2 2 
1443 6 1467 38 F: 5 1 
1446 10 1486 206 F: 7 3 
1446 10 1486 254 F: 4 3 3 
1466 13 1518 151 F: 5 4 4 
1473 6 1491 297 F: 4 2 
1475 11 1508 283 F: 11 
1492 12 1540 195 F: 12 
1495 5 1505 98 F: 2 1 2 
1515 9 1542 111 F: 9 
1521 7 1549 246 F: 7 
1526 13 1578 169 F: 7 6 
1527 13 1579 153 F: 7 6 
1549 6 1573 256 F: 5 1 
1553 7 1560 109 F: 4 2 1 
1557 7 1564 176 F: 3 3 1 
1566 10 1586 211 F: 10 
1571 11 1604 64 F: 11 
1573 4 1581 197 F: 2 1 1 
1605 9 1623 249 F: 4 5 
1624 6 1636 127 F: 3 3 
1644 8 1660 126 F: 3 3 2 
1654 5 1674 252 F: 5 
1658 10 1678 102 F: 6 4 
1661 10 1671 298 F: 4 3 3 
1662 8 1686 292 F: 6 2 
1666 7 1680 19 F: 3 1 3 
1677 9 1695 225 F: 3 6 
1694 10 1714 219 F: 6 4 
1704 2 1708 7 F: 2 
1709 9 1745 169 F: 4 5 
1713 8 1745 94 F: 2 3 3 
1716 7 1744 223 F: 2 2 3 
1716 9 1743 73 F: 4 5 
1716 13 1768 93 F: 13 
1717 8 1741 17 F: 4 4 
1721 6 1733 214 F: 3 1 2 
1758 9 1767 221 F: 7 2 
1772 6 1796 70 F: 4 2 
1807 9 1816 187 F: 9 
1818 9 1854 26 F: 5 4 
1825 4 1841 117 F: 4 
1842 6 1866 266 F: 5 1 
1846 2 1854 190 F: 2 
1853 7 1867 238 F: 7 
1854 8 1878 128 F: 2 6 
1866 4 1870 173 F: 2 2 
1885 11 1896 26 F: 6 5 
1897 8 1905 144 F: 2 6 
1911 8 1927 143 F: 6 2 
1927 8 1943 219 F: 3 5 
1934 8 1942 125 F: 7 1 
1942 7 1970 178 F: 7 
1968 2 1972 161 F: 2 
1972 12 1984 271 F: 4 4 4 
1974 7 1988 144 F: 4 3 
1977 10 1997 23 F: 10 
1982 8 2006 27 F: 3 5 
1989 9 2025 215 F: 6 3 
2009 13 2061 258 F: 13 
2010 13 2036 85 F: 13 
2019 11 2041 84 F: 5 6 
2021 4 2025 134 F: 3 1 
2024 4 2040 224 F: 2 2 
2032 10 2062 124 F: 5 5 
2045 13 2097 35 F: 7 6 
2090 3 2099 259 F: 3 
2093 5 2113 190 F: 4 1 
2093 7 2107 65 F: 2 5 
2110 8 2118 12 F: 4 3 1 
2138 8 2154 81 F: 3 5 
2141 9 2168 276 F: 9 
2153 8 2185 155 F: 4 1 3 
2159 7 2173 251 F: 2 3 2 
2160 3 2172 74 F: 2 1 
2173 6 2179 46 F: 3 3 
2173 8 2197 205 F: 8 
2179 10 2199 56 F: 3 4 3 
2192 9 2201 297 F: 9 
2204 12 2252 48 F: 7 5 
2207 10 2237 263 F: 10 
2212 5 2217 237 F: 5 
2215 2 2223 257 F: 2 
2218 10 2228 298 F: 10 
2226 7 2240 36 F: 2 1 4 
2251 8 2275 164 F: 4 3 1 
2282 8 2306 2 F: 3 3 2 
2284 8 2292 241 F: 4 4 
2287 7 2294 296 F: 4 1 2 
2324 11 2346 119 F: 11 
2335 10 2375 182 F: 3 4 3 
2338 7 2359 126 F: 3 3 1 
2343 5 2353 38 F: 4 1 
2352 10 2382 25 F: 4 2 4 
2359 12 2407 191 F: 12 
2364 4 2376 73 F: 4 
2366 10 2406 7 F: 5 4 1 
2369 8 2393 43 F: 6 2 
2371 12 2407 299 F: 12 
2400 7 2428 157 F: 2 5 
2418 9 2454 204 F: 9 
2426 5 2441 122 F: 4 1 
2470 7 2484 11 F: 2 4 1 
2472 7 2493 22 F: 2 5 
2474 8 2498 37 F: 2 2 4 
2474 8 2506 245 F: 8 
2482 10 2502 113 F: 10 
2487 8 2503 97 F: 6 2 
2497 10 2507 140 F: 10 
2502 11 2546 53 F: 11 
2511 11 2555 219 F: 6 5 
2526 3 2535 276 F: 3 
2528 8 2552 164 F: 4 1 3 
2529 8 2537 248 F: 2 6 
2542 6 2566 15 F: 3 2 1 
2545 2 2551 77 F: 2 
2555 9 2591 55 F: 9 
2585 12 2609 189 F: 12 
2596 10 2636 299 F: 7 3 
2608 8 2640 192 F: 3 2 3 
2609 8 2617 233 F: 5 2 1 
2615 11 2659 7 F: 5 6 
2618 8 2626 10 F: 7 1 
2626 7 2647 266 F: 6 1 
2635 6 2641 228 F: 3 1 2 
2639 9 2675 227 F: 4 3 2 
2647 9 2674 87 F: 2 4 3 
2658 13 2697 50 F: 5 4 4 
2682 4 2686 51 F: 3 1 
2700 9 2727 153 F: 3 2 4 
2715 12 2763 73 F: 12 
2743 13 2782 191 F: 13 
2748 6 2760 243 F: 6 
2765 6 2777 260 F: 2 4 
2767 11 2789 24 F: 4 4 3 
2771 4 2779 199 F: 4 
2775 9 2784 26 F: 6 3 
2780 7 2794 122 F: 5 2 
2787 7 2801 53 F: 7 
2803 13 2855 140 F: 7 6 
2805 12 2817 116 F: 12 
2806 2 2812 52 F: 2 
2827 6 2845 217 F: 5 1 
2843 3 2852 208 F: 3 
2846 9 2855 85 F: 5 3 1 
2854 12 2866 49 F: 4 4 4 
2855 12 2891 261 F: 12 
2866 9 2875 155 F: 4 1 4 
2880 4 2888 97 F: 4 
2916 12 2928 212 F: 12 
2958 8 2982 255 F: 7 1 
2962 10 2982 283 F: 5 5 
2973 6 2985 221 F: 3 3 
2987 10 3007 155 F: 6 4 
2988 7 2995 264 F: 7 
2989 12 3013 280 F: 5 3 4 
2990 8 3014 95 F: 6 2 
2992 7 3013 33 F: 6 1 
2999 6 3011 112 F: 2 1 3 
D: 1 220 
D: 6 236 
D: 9 61 
D: 23 168 
D: 33 178 
D: 34 102 
D: 46 295 
D: 52 83 
D: 52 160 
D: 53 262 
D: 76 267 
D: 85 92 
D: 89 129 
D: 90 218 
D: 111 291 
D: 123 242 
D: 126 186 
D: 137 158 
D: 139 283 
D: 144 280 
D: 158 180 
D: 171 180 
D: 175 211 
D: 179 185 
D: 186 285 
D: 187 255 
D: 195 249 
D: 223 276 
D: 252 293 
D: 255 270 
