13 7 41 86 F: 3 4 
30 8 54 262 F: 4 4 
33 12 57 329 F: 12 
44 12 92 307 F: 12 
45 6 63 340 F: 4 2 
47 9 56 218 F: 5 2 2 
50 9 77 251 F: 5 3 1 
58 7 79 267 F: 2 5 
71 7 99 258 F: 4 3 
76 13 128 131 F: 13 
104 9 122 35 F: 7 2 
105 11 138 130 F: 3 4 4 
108 12 132 84 F: 7 5 
119 7 133 319 F: 2 3 2 
135 8 143 22 F: 3 5 
158 2 160 231 F: 2 
161 9 188 240 F: 3 6 
167 11 211 124 F: 11 
180 6 204 123 F: 2 1 3 
180 7 201 141 F: 5 2 
200 7 221 280 F: 5 2 
208 3 211 129 F: 3 
212 9 221 190 F: 5 4 
213 11 257 72 F: 3 4 4 
230 11 263 185 F: 5 6 
251 5 266 206 F: 3 2 
261 11 294 158 F: 11 
274 7 288 6 F: 2 5 
292 9 319 92 F: 4 5 
293 10 313 78 F: 4 3 3 
313 6 337 199 F: 5 1 
315 2 319 178 F: 2 
324 13 363 67 F: 13 
335 12 347 279 F: 12 
358 10 398 107 F: 5 5 
366 4 374 191 F: 4 
366 4 374 286 F: 2 2 
386 11 397 228 F: 11 
394 10 414 9 F: 3 4 3 
397 9 415 55 F: 3 3 3 
400 8 432 98 F: 5 2 1 
400 10 410 74 F: 4 2 4 
407 10 417 79 F: 4 6 
417 6 423 47 F: 6 
421 9 448 3 F: 4 3 2 
446 4 450 314 F: 3 1 
449 8 457 99 F: 8 
480 6 486 343 F: 3 3 
488 6 512 57 F: 6 
492 9 501 242 F: 4 5 
500 7 521 11 F: 2 4 1 
510 12 546 81 F: 4 4 4 
522 7 550 183 F: 3 4 
532 6 550 194 F: 2 3 1 
538 6 550 346 F: 2 1 3 
548 9 566 57 F: 2 4 3 
561 7 589 254 F: 7 
573 11 606 115 F: 11 
590 10 620 202 F: 10 
592 7 599 283 F: 7 
601 11 645 157 F: 3 4 4 
609 9 645 95 F: 7 2 
612 11 656 52 F: 11 
632 2 634 102 F: 2 
648 11 659 258 F: 5 6 
665 7 679 68 F: 6 1 
675 7 703 62 F: 3 4 
676 11 698 237 F: 11 
677 6 695 168 F: 2 4 
682 13 695 6 F: 13 
710 5 725 106 F: 5 
715 5 730 260 F: 3 2 
721 2 723 328 F: 2 
725 8 741 204 F: 3 3 2 
729 8 761 107 F: 6 2 
739 7 746 187 F: 7 
751 7 765 248 F: 3 4 
771 13 784 295 F: 13 
782 10 812 58 F: 3 3 4 
792 12 804 255 F: 12 
822 6 834 162 F: 4 1 1 
823 7 830 206 F: 4 1 2 
835 5 845 114 F: 3 2 
866 7 887 118 F: 4 3 
877 10 897 14 F: 4 4 2 
884 6 902 167 F: 6 
888 2 892 71 F: 2 
888 8 904 237 F: 8 
892 7 899 172 F: 3 4 
893 8 917 306 F: 8 
903 13 929 241 F: 13 
908 4 916 12 F: 3 1 
908 9 944 144 F: 4 5 
923 12 947 165 F: 6 6 
928 10 948 108 F: 5 5 
937 12 973 32 F: 5 4 3 
962 4 966 341 F: 2 2 
964 12 976 261 F: 5 3 4 
973 9 1009 58 F: 9 
992 8 1000 278 F: 8 
1008 5 1028 94 F: 3 2 
1010 9 1046 77 F: 9 
1020 3 1032 37 F: 3 
1033 8 1041 133 F: 3 2 3 
1034 13 1086 63 F: 13 
1045 8 1077 224 F: 3 2 3 
1059 10 1079 98 F: 2 4 4 
1077 9 1086 125 F: 5 4 
1081 11 1114 208 F: 4 4 3 
1089 5 1109 30 F: 2 3 
1105 9 1132 240 F: 7 2 
1105 11 1116 290 F: 11 
1110 5 1130 183 F: 2 3 
1125 3 1137 244 F: 3 
1126 10 1136 1 F: 2 4 4 
1135 2 1141 157 F: 2 
1136 4 1144 87 F: 2 2 
1162 6 1174 330 F: 6 
1164 8 1172 27 F: 2 2 4 
1176 11 1198 137 F: 4 3 4 
1203 5 1223 211 F: 5 
1205 8 1229 58 F: 5 2 1 
1218 12 1266 59 F: 5 3 4 
1221 10 1261 257 F: 10 
1224 7 1245 338 F: 5 2 
1247 9 1265 8 F: 4 5 
1266 8 1282 159 F: 8 
1276 10 1286 75 F: 10 
1292 10 1312 112 F: 2 4 4 
1295 11 1306 4 F: 5 2 4 
1307 8 1339 71 F: 7 1 
1311 10 1351 349 F: 3 4 3 
1322 11 1366 204 F: 5 4 2 
1326 3 1329 322 F: 3 
1334 11 1378 170 F: 11 
1336 10 1356 324 F: 10 
1374 11 1385 30 F: 6 5 
1380 7 1401 278 F: 7 
1386 8 1410 274 F: 5 3 
1398 7 1419 337 F: 2 3 2 
1415 6 1439 344 F: 2 2 2 
1415 11 1437 37 F: 5 2 4 
1426 7 1454 21 F: 7 
1429 10 1459 18 F: 6 4 
1432 13 1471 5 F: 13 
1436 12 1472 233 F: 12 
1438 8 1462 209 F: 5 1 2 
1440 7 1454 216 F: 2 3 2 
1454 7 1482 245 F: 7 
1474 10 1514 151 F: 10 
1508 3 1511 231 F: 3 
1513 7 1541 162 F: 7 
1535 13 1587 79 F: 13 
1542 9 1569 77 F: 3 6 
1564 11 1586 271 F: 5 2 4 
1574 5 1579 199 F: 5 
1579 9 1606 220 F: 9 
1585 4 1589 114 F: 3 1 
1589 13 1602 191 F: 7 6 
1593 9 1629 236 F: 3 2 4 
1605 2 1611 69 F: 2 
1614 9 1641 336 F: 5 4 
1628 9 1637 333 F: 9 
1639 7 1653 132 F: 5 1 1 
1641 2 1645 242 F: 2 
1672 6 1678 241 F: 6 
1679 5 1694 38 F: 2 3 
1690 12 1714 280 F: 6 6 
1691 13 1704 236 F: 13 
1697 11 1719 235 F: 6 5 
1716 11 1738 13 F: 5 6 
1720 13 1733 347 F: 7 6 
1734 6 1740 75 F: 2 3 1 
1743 8 1751 251 F: 3 5 
1747 9 1765 174 F: 7 2 
1755 4 1771 98 F: 4 
1758 13 1810 262 F: 7 6 
1773 5 1793 197 F: 5 
1785 5 1795 123 F: 5 
1799 11 1821 282 F: 11 
1835 3 1838 287 F: 3 
1835 10 1865 301 F: 10 
1841 6 1859 247 F: 2 4 
1846 2 1850 280 F: 2 
1847 10 1887 173 F: 4 2 4 
1860 12 1884 169 F: 5 4 3 
1868 8 1884 126 F: 4 3 1 
1873 13 1912 283 F: 13 
1883 7 1911 69 F: 2 1 4 
1887 11 1931 221 F: 11 
1908 5 1923 334 F: 5 
1915 9 1942 223 F: 4 4 1 
1926 4 1938 287 F: 4 
1936 3 1939 94 F: 3 
1959 10 1979 178 F: 5 5 
1980 11 2013 221 F: 4 3 4 
1981 2 1985 132 F: 2 
1983 8 1991 168 F: 4 1 3 
1985 6 2009 83 F: 6 
1994 9 2003 119 F: 2 4 3 
2007 9 2043 179 F: 9 
2027 8 2035 29 F: 8 
2043 12 2079 100 F: 12 
2047 10 2057 234 F: 5 3 2 
2062 12 2074 79 F: 4 4 4 
2064 13 2103 286 F: 5 4 4 
2076 6 2100 26 F: 3 3 
2076 11 2087 28 F: 4 4 3 
2089 8 2105 76 F: 8 
2091 2 2093 345 F: 2 
2101 8 2125 341 F: 3 5 
2110 7 2124 260 F: 3 4 
2110 9 2146 346 F: 3 3 3 
2163 11 2207 83 F: 7 4 
2163 12 2199 262 F: 6 6 
2168 9 2195 79 F: 5 4 
2180 7 2201 167 F: 5 2 
2183 10 2223 151 F: 4 4 2 
2188 11 2199 331 F: 4 4 3 
2191 8 2215 78 F: 2 6 
2208 7 2229 270 F: 5 2 
2221 12 2245 77 F: 12 
2229 11 2273 59 F: 4 3 4 
2248 10 2288 183 F: 4 4 2 
2250 6 2268 137 F: 4 2 
2255 2 2259 169 F: 2 
2284 10 2294 250 F: 5 1 4 
2285 5 2295 149 F: 5 
2295 8 2311 231 F: 6 2 
2295 11 2339 229 F: 6 5 
2300 7 2328 254 F: 2 3 2 
2303 6 2315 229 F: 6 
2305 8 2313 104 F: 6 2 
2311 8 2327 193 F: 3 3 2 
2313 4 2329 99 F: 4 
2320 9 2347 168 F: 3 2 4 
2324 9 2351 334 F: 4 4 1 
2339 10 2369 172 F: 3 4 3 
2357 10 2377 30 F: 7 3 
2380 8 2404 325 F: 4 1 3 
2405 3 2408 165 F: 3 
2418 10 2448 215 F: 5 4 1 
2425 6 2449 179 F: 2 3 1 
2444 13 2496 298 F: 7 6 
2445 8 2461 245 F: 8 
2460 9 2469 156 F: 2 4 3 
2462 11 2484 71 F: 11 
2485 9 2512 204 F: 4 3 2 
2498 7 2519 129 F: 3 3 1 
2498 9 2516 208 F: 4 5 
2503 6 2521 269 F: 3 3 
2515 13 2541 179 F: 7 6 
2520 7 2527 262 F: 2 5 
2525 6 2543 193 F: 5 1 
2528 3 2534 22 F: 3 
2542 13 2555 288 F: 13 
2557 4 2569 221 F: 2 1 1 
2562 11 2606 123 F: 7 4 
2564 13 2590 259 F: 13 
2593 4 2609 182 F: 2 2 
2635 4 2647 100 F: 4 
2642 12 2678 336 F: 12 
2656 11 2667 154 F: 5 6 
2668 6 2674 183 F: 6 
2674 11 2685 324 F: 5 3 3 
2681 11 2703 15 F: 11 
2688 10 2728 266 F: 10 
2693 8 2709 192 F: 3 3 2 
2697 7 2704 325 F: 4 3 
2699 5 2704 132 F: 5 
2701 7 2722 146 F: 7 
2706 9 2715 263 F: 3 6 
2718 13 2744 125 F: 13 
2736 8 2744 86 F: 4 4 
2747 3 2750 286 F: 3 
2767 8 2799 55 F: 4 1 3 
2783 8 2807 162 F: 8 
2784 10 2814 19 F: 10 
2791 10 2831 103 F: 5 3 2 
2797 2 2799 245 F: 2 
2807 10 2827 177 F: 4 4 2 
2824 4 2840 314 F: 4 
2827 10 2847 136 F: 10 
2829 8 2853 225 F: 5 3 
2844 7 2858 123 F: 4 3 
2847 7 2875 63 F: 2 3 2 
2880 7 2908 117 F: 3 1 3 
2886 6 2898 226 F: 3 1 2 
2896 8 2912 332 F: 7 1 
2898 6 2910 63 F: 2 4 
2904 8 2928 110 F: 8 
2916 13 2955 2 F: 7 6 
2921 7 2949 81 F: 5 2 
2944 6 2968 102 F: 6 
2951 12 2987 65 F: 7 5 
2952 9 2979 219 F: 7 2 
2984 11 2995 35 F: 7 4 
2994 9 3012 140 F: 9 
2996 7 3017 108 F: 7 
2996 8 3012 53 F: 5 3 
3016 10 3046 125 F: 4 6 
3029 9 3065 295 F: 4 5 
3030 10 3050 243 F: 10 
3035 10 3065 238 F: 4 4 2 
3053 12 3101 125 F: 12 
3056 8 3088 224 F: 6 2 
3059 8 3083 26 F: 3 5 
3067 6 3073 314 F: 4 2 
3087 8 3095 124 F: 6 2 
3099 10 3129 244 F: 10 
3103 9 3130 326 F: 9 
3125 11 3147 188 F: 11 
3132 10 3172 329 F: 3 4 3 
3145 7 3152 243 F: 2 5 
3150 7 3157 16 F: 7 
3153 7 3160 339 F: 3 1 3 
3170 3 3179 256 F: 3 
3171 6 3189 259 F: 3 1 2 
3185 8 3193 348 F: 8 
3188 6 3194 176 F: 6 
3200 6 3224 56 F: 3 2 1 
3227 4 3239 155 F: 4 
3242 4 3246 63 F: 4 
3253 11 3275 213 F: 11 
3264 8 3280 26 F: 8 
3267 9 3294 12 F: 4 3 2 
3270 8 3302 45 F: 6 2 
3275 7 3296 223 F: 7 
3294 5 3304 322 F: 2 1 2 
3299 9 3317 165 F: 9 
3310 8 3318 316 F: 3 3 2 
3323 10 3353 336 F: 10 
3325 6 3343 237 F: 2 3 1 
3338 4 3342 92 F: 2 1 1 
3342 9 3351 306 F: 3 4 2 
3346 12 3394 13 F: 6 6 
3384 10 3394 108 F: 10 
3385 9 3412 115 F: 5 4 
3393 10 3403 244 F: 6 4 
3397 11 3430 261 F: 5 2 4 
3410 10 3450 213 F: 4 2 4 
3416 5 3421 99 F: 4 1 
3427 3 3433 30 F: 2 1 
3442 8 3466 147 F: 8 
3446 8 3454 80 F: 4 1 3 
3449 8 3465 149 F: 7 1 
3449 10 3459 155 F: 5 5 
3456 10 3466 180 F: 5 2 3 
3480 7 3501 332 F: 7 
3484 7 3505 333 F: 2 1 4 
D: 2 310 
D: 4 200 
D: 6 316 
D: 13 189 
D: 21 316 
D: 26 174 
D: 34 249 
D: 35 56 
D: 35 281 
D: 45 166 
D: 45 227 
D: 56 181 
D: 59 60 
D: 62 278 
D: 68 204 
D: 72 203 
D: 74 246 
D: 77 238 
D: 84 113 
D: 94 204 
D: 98 168 
D: 101 169 
D: 123 279 
D: 128 347 
D: 148 283 
D: 149 163 
D: 154 166 
D: 161 251 
D: 190 283 
D: 192 303 
D: 223 308 
D: 224 318 
D: 228 344 
D: 270 291 
D: 323 325 
