3 9 39 164 F: 6 3 
4 6 10 4 F: 2 1 3 
5 7 19 148 F: 2 3 2 
13 8 21 248 F: 7 1 
30 6 48 89 F: 2 1 3 
39 6 45 26 F: 6 
65 10 75 44 F: 5 5 
83 8 91 211 F: 7 1 
85 7 106 157 F: 2 3 2 
92 10 112 83 F: 4 4 2 
139 7 160 249 F: 7 
147 6 171 154 F: 3 2 1 
160 9 196 206 F: 4 1 4 
163 4 167 235 F: 2 2 
166 7 194 85 F: 7 
171 5 191 94 F: 5 
172 9 208 249 F: 9 
188 4 196 216 F: 4 
189 8 205 129 F: 4 4 
198 7 212 37 F: 7 
204 13 217 281 F: 13 
228 10 258 132 F: 4 4 2 
238 9 247 111 F: 3 6 
247 9 283 54 F: 9 
249 4 253 56 F: 4 
253 8 261 117 F: 3 4 1 
269 9 305 17 F: 2 4 3 
291 13 343 143 F: 13 
292 6 316 252 F: 3 3 
296 13 348 232 F: 13 
319 5 334 217 F: 5 
321 5 326 204 F: 5 
323 7 351 98 F: 4 2 1 
324 5 329 198 F: 5 
338 8 370 297 F: 3 1 4 
350 11 361 216 F: 6 5 
358 12 370 50 F: 5 3 4 
383 3 386 63 F: 2 1 
395 6 401 166 F: 3 2 1 
397 5 412 84 F: 3 2 
430 10 470 290 F: 5 1 4 
440 8 448 263 F: 2 3 3 
450 3 462 273 F: 3 
452 8 468 293 F: 4 4 
472 4 484 14 F: 4 
477 12 513 266 F: 12 
482 8 490 195 F: 2 6 
484 9 493 275 F: 4 4 1 
487 6 511 9 F: 3 2 1 
497 8 505 224 F: 2 3 3 
502 6 508 236 F: 5 1 
506 8 530 299 F: 3 3 2 
517 7 545 13 F: 3 4 
528 6 552 228 F: 5 1 
528 7 549 287 F: 2 4 1 
537 5 557 143 F: 2 3 
542 8 566 196 F: 3 5 
549 8 565 97 F: 2 2 4 
555 10 585 8 F: 6 4 
560 8 584 156 F: 3 5 
606 5 621 72 F: 3 2 
635 11 657 99 F: 6 5 
639 9 657 83 F: 2 4 3 
647 13 660 295 F: 13 
654 6 666 61 F: 6 
672 7 693 242 F: 7 
672 9 681 94 F: 9 
675 10 695 282 F: 3 4 3 
681 6 699 228 F: 2 3 1 
690 7 704 189 F: 5 2 
702 3 705 77 F: 3 
706 8 714 30 F: 4 3 1 
718 9 745 70 F: 7 2 
730 6 754 77 F: 3 3 
741 10 761 5 F: 5 5 
744 9 771 206 F: 4 4 1 
769 5 774 60 F: 2 3 
777 9 795 178 F: 2 4 3 
792 9 819 23 F: 6 3 
792 11 825 42 F: 4 3 4 
803 9 830 269 F: 3 2 4 
819 3 822 113 F: 3 
821 7 828 238 F: 2 5 
827 9 845 297 F: 3 3 3 
831 5 846 97 F: 2 2 1 
848 7 855 258 F: 2 5 
861 8 869 104 F: 3 4 1 
866 8 898 250 F: 3 3 2 
868 10 908 52 F: 10 
899 13 925 128 F: 5 4 4 
902 10 922 51 F: 5 5 
914 7 928 260 F: 4 3 
918 9 936 278 F: 7 2 
926 11 959 223 F: 6 5 
930 3 933 81 F: 3 
948 5 968 101 F: 5 
948 13 1000 150 F: 13 
957 7 978 259 F: 4 1 2 
960 6 972 222 F: 5 1 
996 10 1016 144 F: 10 
1028 5 1038 60 F: 5 
1032 8 1040 249 F: 2 3 3 
1033 7 1054 158 F: 2 5 
1052 6 1076 115 F: 6 
1052 11 1074 121 F: 5 2 4 
1054 7 1075 185 F: 2 4 1 
1054 10 1094 25 F: 6 4 
1063 8 1095 299 F: 4 4 
1070 4 1082 214 F: 2 2 
1085 11 1118 112 F: 11 
1106 7 1120 49 F: 5 2 
1129 5 1149 144 F: 3 2 
1131 6 1149 56 F: 6 
1155 11 1166 176 F: 5 3 3 
1156 6 1162 101 F: 6 
1159 9 1186 145 F: 4 2 3 
1164 13 1203 245 F: 7 6 
1169 8 1193 21 F: 8 
1182 13 1208 95 F: 13 
1185 10 1215 193 F: 5 2 3 
1224 2 1226 288 F: 2 
1227 3 1233 259 F: 2 1 
1228 6 1246 284 F: 2 1 3 
1239 8 1263 161 F: 2 6 
1243 2 1249 21 F: 2 
1245 3 1251 223 F: 2 1 
1251 8 1283 201 F: 3 2 3 
1255 4 1263 249 F: 4 
1263 6 1281 205 F: 6 
1279 6 1291 97 F: 2 2 2 
1302 7 1323 213 F: 6 1 
1307 11 1351 91 F: 3 4 4 
1310 6 1334 77 F: 2 3 1 
1325 10 1365 253 F: 5 1 4 
1329 7 1343 287 F: 3 2 2 
1339 10 1379 188 F: 5 5 
1363 9 1399 101 F: 2 3 4 
1371 5 1376 210 F: 5 
1389 8 1413 236 F: 3 1 4 
1391 10 1421 48 F: 10 
1426 9 1444 294 F: 9 
1428 7 1456 257 F: 5 1 1 
1435 10 1465 226 F: 5 4 1 
1443 11 1465 136 F: 5 6 
1452 7 1466 227 F: 4 1 2 
1453 10 1483 95 F: 5 5 
1462 9 1498 181 F: 3 4 2 
1464 8 1496 134 F: 8 
1470 6 1494 87 F: 2 4 
1482 3 1494 185 F: 3 
1500 6 1524 279 F: 2 3 1 
1502 8 1510 231 F: 3 5 
1518 4 1530 142 F: 4 
1537 9 1573 227 F: 4 4 1 
1548 9 1557 88 F: 4 5 
1553 6 1559 199 F: 2 3 1 
1554 7 1561 225 F: 2 2 3 
1564 6 1570 259 F: 5 1 
1578 8 1610 21 F: 2 2 4 
1598 7 1612 190 F: 7 
1607 13 1620 76 F: 13 
1611 8 1643 242 F: 5 1 2 
1620 12 1644 127 F: 4 4 4 
1638 3 1647 41 F: 3 
1650 6 1656 283 F: 3 1 2 
1650 8 1674 273 F: 5 3 
1683 7 1704 284 F: 4 1 2 
1685 10 1725 89 F: 3 3 4 
1691 7 1698 18 F: 3 4 
1699 8 1707 133 F: 2 2 4 
1702 11 1735 25 F: 11 
1710 7 1724 238 F: 3 2 2 
1723 6 1741 195 F: 6 
1727 7 1755 118 F: 2 1 4 
1733 8 1749 99 F: 3 5 
1743 9 1761 23 F: 6 3 
1750 7 1778 18 F: 6 1 
1768 11 1790 241 F: 6 5 
1796 7 1824 114 F: 3 2 2 
1798 12 1834 49 F: 12 
1830 11 1852 50 F: 3 4 4 
1845 11 1889 205 F: 6 5 
1856 6 1862 110 F: 6 
1859 12 1883 171 F: 7 5 
1865 3 1874 9 F: 3 
1881 6 1893 76 F: 6 
1882 8 1898 52 F: 3 2 3 
1883 12 1907 131 F: 6 6 
1886 9 1913 99 F: 2 4 3 
1897 8 1905 118 F: 4 4 
1903 7 1917 61 F: 7 
1913 13 1939 196 F: 13 
1914 9 1941 253 F: 5 4 
1914 11 1925 296 F: 5 2 4 
1935 4 1951 216 F: 2 1 1 
1945 8 1977 288 F: 3 5 
1960 11 1993 39 F: 11 
1965 10 1985 3 F: 10 
1968 8 1984 20 F: 2 6 
1997 12 2009 35 F: 12 
2008 8 2032 289 F: 6 2 
2010 9 2019 75 F: 3 2 4 
2019 8 2043 205 F: 2 3 3 
2033 11 2044 263 F: 11 
2044 6 2050 62 F: 2 1 3 
2046 3 2049 221 F: 3 
2046 10 2086 142 F: 4 6 
2064 6 2088 58 F: 3 3 
2073 6 2079 44 F: 6 
2097 7 2104 240 F: 4 1 2 
2110 9 2137 46 F: 2 3 4 
2128 8 2152 20 F: 2 6 
2132 12 2168 216 F: 12 
2160 11 2171 60 F: 6 5 
2170 7 2191 11 F: 6 1 
2172 11 2205 187 F: 3 4 4 
2178 9 2187 156 F: 3 2 4 
2188 9 2224 159 F: 3 6 
2192 6 2204 252 F: 6 
2192 11 2236 98 F: 5 3 3 
2204 7 2232 257 F: 5 2 
2214 7 2235 3 F: 7 
2219 10 2259 161 F: 10 
2220 7 2241 219 F: 3 1 3 
2221 5 2226 198 F: 2 1 2 
2239 10 2279 140 F: 10 
2246 4 2262 93 F: 3 1 
2275 7 2296 144 F: 2 2 3 
2287 3 2299 209 F: 3 
2294 10 2314 107 F: 4 4 2 
2300 12 2348 243 F: 4 4 4 
2311 10 2331 14 F: 7 3 
2318 3 2330 79 F: 3 
2321 6 2345 89 F: 6 
2333 12 2381 130 F: 12 
2341 10 2381 206 F: 5 3 2 
2343 9 2361 162 F: 2 3 4 
2355 10 2365 32 F: 6 4 
2361 6 2373 238 F: 2 4 
2395 8 2427 248 F: 3 3 2 
2407 8 2423 261 F: 3 5 
2412 10 2452 295 F: 3 4 3 
2419 8 2451 228 F: 8 
2437 10 2447 87 F: 5 1 4 
2442 4 2446 254 F: 4 
2442 9 2460 155 F: 9 
2450 2 2454 215 F: 2 
2470 9 2497 176 F: 2 4 3 
2484 4 2500 95 F: 4 
2484 10 2504 269 F: 4 4 2 
2509 11 2520 64 F: 3 4 4 
2527 9 2545 66 F: 9 
2528 6 2546 187 F: 2 2 2 
2528 10 2538 137 F: 4 2 4 
2530 10 2550 101 F: 6 4 
2531 7 2538 16 F: 3 2 2 
2533 10 2553 124 F: 10 
2541 6 2547 219 F: 4 2 
2545 13 2571 118 F: 13 
2549 3 2561 106 F: 3 
2604 6 2622 55 F: 2 4 
2605 9 2641 258 F: 9 
2635 7 2642 121 F: 5 1 1 
2667 11 2711 205 F: 4 4 3 
2670 3 2676 118 F: 3 
2674 6 2698 160 F: 5 1 
2675 4 2687 225 F: 4 
2680 7 2694 147 F: 4 2 1 
2695 5 2700 266 F: 3 1 1 
2696 8 2728 256 F: 2 6 
2706 9 2715 162 F: 6 3 
2711 9 2720 239 F: 3 4 2 
2713 11 2746 221 F: 11 
2715 9 2742 181 F: 4 5 
2726 11 2759 167 F: 11 
2731 12 2755 30 F: 5 3 4 
2737 2 2743 228 F: 2 
2740 11 2762 300 F: 5 3 3 
2776 10 2806 87 F: 6 4 
2797 6 2809 135 F: 2 4 
2827 13 2866 211 F: 5 4 4 
2846 10 2856 135 F: 5 1 4 
2849 7 2870 263 F: 4 2 1 
2856 8 2880 99 F: 2 4 2 
2857 9 2893 235 F: 4 1 4 
2871 11 2893 130 F: 5 6 
2880 4 2888 268 F: 4 
2886 5 2901 39 F: 4 1 
2892 10 2922 29 F: 10 
2896 6 2914 238 F: 2 1 3 
2904 9 2940 138 F: 5 3 1 
2923 10 2963 253 F: 10 
2929 12 2953 192 F: 12 
2936 5 2951 126 F: 5 
2951 6 2969 133 F: 6 
2954 10 2984 291 F: 5 4 1 
2964 9 2991 279 F: 2 3 4 
2982 9 3018 78 F: 3 4 2 
2999 9 3017 295 F: 4 4 1 
2999 9 3026 178 F: 4 3 2 
D: 12 72 
D: 14 140 
D: 21 39 
D: 22 274 
D: 22 296 
D: 26 253 
D: 32 78 
D: 58 210 
D: 58 227 
D: 62 186 
D: 66 88 
D: 67 228 
D: 67 276 
D: 72 296 
D: 76 254 
D: 86 89 
D: 93 110 
D: 96 154 
D: 101 250 
D: 103 142 
D: 124 234 
D: 132 186 
D: 143 175 
D: 144 269 
D: 168 198 
D: 168 242 
D: 182 297 
D: 209 254 
D: 237 245 
D: 248 287 
