27 10 47 50 F: 5 3 2 
27 10 67 116 F: 3 3 4 
28 11 39 269 F: 6 5 
31 10 51 112 F: 4 6 
32 2 38 309 F: 2 
52 7 59 48 F: 4 1 2 
55 10 75 77 F: 4 2 4 
73 7 94 154 F: 5 2 
77 9 86 73 F: 9 
84 8 116 211 F: 8 
108 8 140 315 F: 6 2 
129 11 151 42 F: 11 
144 8 176 148 F: 4 2 2 
145 9 181 302 F: 4 2 3 
147 10 157 327 F: 5 3 2 
155 9 164 104 F: 5 2 2 
170 7 184 178 F: 7 
184 7 191 115 F: 4 1 2 
186 7 207 294 F: 2 4 1 
191 7 219 315 F: 4 1 2 
207 9 243 7 F: 9 
219 8 227 124 F: 2 2 4 
232 11 243 33 F: 6 5 
235 9 262 259 F: 9 
238 8 254 295 F: 3 5 
252 10 272 10 F: 10 
256 7 263 294 F: 2 3 2 
266 6 290 276 F: 6 
270 9 297 260 F: 9 
276 13 289 181 F: 7 6 
301 10 321 100 F: 5 2 3 
312 6 336 333 F: 2 2 2 
320 4 324 204 F: 4 
336 12 360 277 F: 6 6 
358 13 371 164 F: 5 4 4 
359 12 383 42 F: 12 
363 8 395 156 F: 3 2 3 
371 6 383 31 F: 2 2 2 
372 13 411 275 F: 13 
392 8 400 51 F: 5 2 1 
401 7 415 285 F: 2 3 2 
408 9 444 55 F: 6 3 
417 11 428 132 F: 5 2 4 
422 3 425 318 F: 3 
425 13 438 129 F: 13 
438 8 462 191 F: 4 4 
444 7 458 34 F: 4 3 
449 10 469 17 F: 10 
473 6 491 19 F: 2 2 2 
485 6 503 99 F: 3 2 1 
508 6 532 23 F: 6 
517 8 541 258 F: 4 2 2 
526 8 534 118 F: 6 2 
527 11 538 27 F: 5 6 
535 8 543 341 F: 7 1 
538 5 543 117 F: 5 
545 7 573 39 F: 4 1 2 
547 9 583 307 F: 4 3 2 
557 2 559 141 F: 2 
567 7 574 77 F: 2 2 3 
613 8 621 311 F: 3 4 1 
615 6 633 227 F: 5 1 
623 8 631 226 F: 7 1 
623 8 631 310 F: 2 2 4 
625 2 629 175 F: 2 
626 9 635 280 F: 2 4 3 
634 12 682 14 F: 12 
646 7 674 207 F: 7 
668 10 688 137 F: 10 
687 9 705 92 F: 9 
716 7 730 347 F: 5 1 1 
717 5 727 156 F: 5 
718 3 727 39 F: 3 
723 12 735 112 F: 5 4 3 
730 8 746 303 F: 5 2 1 
744 9 753 100 F: 4 5 
748 7 769 62 F: 5 2 
760 10 770 211 F: 3 3 4 
785 4 801 23 F: 2 2 
799 4 803 173 F: 2 1 1 
800 2 804 47 F: 2 
800 8 808 69 F: 8 
813 10 853 147 F: 4 3 3 
814 3 820 52 F: 2 1 
851 8 875 259 F: 8 
872 7 886 56 F: 7 
876 10 896 251 F: 10 
887 2 895 65 F: 2 
892 10 912 91 F: 3 3 4 
895 8 919 158 F: 3 1 4 
922 7 929 207 F: 2 5 
930 3 939 187 F: 3 
940 7 954 61 F: 3 3 1 
940 8 956 229 F: 8 
961 9 997 132 F: 9 
964 6 988 135 F: 2 4 
967 10 997 244 F: 5 3 2 
968 2 970 123 F: 2 
992 7 1020 296 F: 7 
992 12 1004 88 F: 12 
1016 9 1025 124 F: 6 3 
1021 9 1057 148 F: 3 6 
1028 5 1038 214 F: 4 1 
1038 7 1066 72 F: 2 2 3 
1040 7 1061 219 F: 2 5 
1054 3 1060 96 F: 3 
1066 12 1078 38 F: 12 
1074 5 1089 15 F: 3 1 1 
1078 3 1084 337 F: 3 
1085 5 1105 12 F: 5 
1101 9 1137 136 F: 5 2 2 
1118 8 1134 293 F: 2 2 4 
1120 6 1138 91 F: 2 4 
1123 9 1150 50 F: 5 4 
1123 11 1167 52 F: 5 3 3 
1141 6 1147 98 F: 6 
1141 7 1169 295 F: 4 1 2 
1147 10 1187 67 F: 4 3 3 
1164 7 1185 71 F: 6 1 
1191 11 1213 277 F: 5 3 3 
1212 9 1230 127 F: 4 2 3 
1219 5 1234 212 F: 2 2 1 
1221 9 1257 275 F: 6 3 
1226 6 1250 72 F: 2 2 2 
1230 8 1246 125 F: 2 6 
1255 8 1287 96 F: 8 
1273 11 1295 78 F: 11 
1274 12 1286 308 F: 7 5 
1284 7 1298 341 F: 7 
1287 8 1295 281 F: 2 3 3 
1302 2 1306 129 F: 2 
1312 11 1345 335 F: 11 
1317 7 1345 220 F: 7 
1324 6 1342 16 F: 6 
1335 12 1359 348 F: 7 5 
1345 7 1359 280 F: 2 3 2 
1367 4 1375 342 F: 2 2 
1373 7 1380 100 F: 2 3 2 
1375 10 1405 122 F: 10 
1394 9 1430 332 F: 5 4 
1402 4 1406 4 F: 4 
1415 3 1421 236 F: 2 1 
1425 8 1441 64 F: 4 2 2 
1432 8 1464 42 F: 2 4 2 
1435 7 1449 187 F: 2 5 
1463 5 1468 170 F: 5 
1464 12 1476 319 F: 12 
1467 8 1475 201 F: 6 2 
1490 2 1498 329 F: 2 
1493 8 1501 78 F: 3 4 1 
1505 11 1527 250 F: 11 
1515 11 1526 186 F: 11 
1518 12 1554 15 F: 12 
1532 9 1568 180 F: 4 2 3 
1536 8 1568 254 F: 4 4 
1563 4 1579 164 F: 4 
1568 10 1578 180 F: 4 4 2 
1572 9 1599 323 F: 2 4 3 
1583 10 1613 191 F: 10 
1594 9 1621 170 F: 5 2 2 
1606 5 1621 333 F: 2 2 1 
1624 8 1648 105 F: 6 2 
1628 10 1648 207 F: 5 3 2 
1649 8 1673 178 F: 4 4 
1653 8 1677 327 F: 3 3 2 
1670 6 1694 31 F: 4 1 1 
1677 11 1699 211 F: 11 
1686 12 1710 60 F: 12 
1688 8 1712 116 F: 8 
1689 11 1700 223 F: 6 5 
1701 13 1714 68 F: 5 4 4 
1713 12 1737 324 F: 12 
1726 5 1746 161 F: 2 2 1 
1730 7 1744 75 F: 7 
1743 10 1753 202 F: 10 
1751 3 1754 99 F: 3 
1751 9 1778 334 F: 5 3 1 
1757 2 1759 331 F: 2 
1761 3 1770 186 F: 3 
1790 7 1797 262 F: 7 
1801 4 1813 121 F: 2 2 
1810 12 1822 349 F: 12 
1823 5 1833 116 F: 2 2 1 
1827 7 1841 246 F: 5 2 
1828 6 1834 313 F: 4 1 1 
1838 11 1849 309 F: 7 4 
1849 2 1855 208 F: 2 
1851 3 1854 278 F: 2 1 
1873 7 1887 99 F: 4 1 2 
1898 7 1912 263 F: 5 1 1 
1912 8 1936 257 F: 5 1 2 
1931 5 1936 288 F: 3 1 1 
1932 6 1950 248 F: 2 2 2 
1949 13 1988 51 F: 13 
1963 4 1967 152 F: 4 
1972 11 1994 134 F: 11 
1977 9 2013 136 F: 5 4 
1977 12 2013 136 F: 5 3 4 
1987 11 2031 191 F: 5 6 
1996 9 2032 263 F: 5 4 
2012 10 2022 228 F: 4 4 2 
2016 4 2024 200 F: 4 
2031 13 2044 255 F: 13 
2056 8 2064 108 F: 2 6 
2058 6 2064 100 F: 4 2 
2058 7 2065 56 F: 6 1 
2065 7 2086 344 F: 4 3 
2066 5 2076 128 F: 2 1 2 
2070 6 2094 70 F: 6 
2085 9 2094 230 F: 6 3 
2108 9 2117 157 F: 5 1 3 
2113 10 2143 67 F: 10 
2128 9 2164 307 F: 2 4 3 
2139 6 2157 26 F: 6 
2139 7 2160 277 F: 2 4 1 
2141 6 2153 171 F: 6 
2141 9 2150 132 F: 3 3 3 
2142 12 2178 26 F: 12 
2173 5 2188 144 F: 2 3 
2190 9 2226 8 F: 9 
2215 12 2263 340 F: 5 3 4 
2216 12 2252 33 F: 7 5 
2219 3 2222 44 F: 3 
2220 7 2234 143 F: 4 2 1 
2232 10 2252 30 F: 5 2 3 
2250 2 2252 225 F: 2 
2250 10 2280 246 F: 3 4 3 
2254 11 2298 120 F: 11 
2290 8 2306 168 F: 2 3 3 
2298 10 2318 126 F: 3 3 4 
2303 7 2317 264 F: 3 3 1 
2315 8 2323 80 F: 3 5 
2315 8 2323 219 F: 4 1 3 
2334 6 2346 51 F: 2 4 
2372 5 2382 327 F: 5 
2374 12 2386 212 F: 12 
2382 8 2414 47 F: 3 2 3 
2386 5 2396 286 F: 5 
2398 8 2430 178 F: 4 1 3 
2398 10 2438 312 F: 7 3 
2410 13 2423 287 F: 7 6 
2414 9 2441 110 F: 4 1 4 
2433 9 2442 40 F: 5 1 3 
2436 6 2460 103 F: 3 3 
2437 8 2453 98 F: 8 
2461 8 2469 349 F: 4 4 
2470 3 2479 176 F: 2 1 
2471 7 2492 190 F: 4 1 2 
2494 10 2524 311 F: 10 
2496 11 2518 160 F: 4 3 4 
2508 12 2520 1 F: 12 
2514 9 2541 317 F: 4 3 2 
2517 7 2538 122 F: 5 2 
2519 8 2543 186 F: 2 6 
2521 10 2561 286 F: 3 4 3 
2542 8 2558 25 F: 3 5 
2559 12 2571 246 F: 12 
2590 10 2630 212 F: 10 
2594 2 2598 184 F: 2 
2594 11 2605 220 F: 11 
2605 12 2617 272 F: 6 6 
2615 7 2622 160 F: 4 2 1 
2619 2 2623 199 F: 2 
2642 7 2656 64 F: 7 
2646 7 2667 33 F: 4 2 1 
2649 10 2679 324 F: 6 4 
2665 6 2671 319 F: 5 1 
2685 8 2717 266 F: 4 2 2 
2688 6 2712 11 F: 6 
2690 9 2717 39 F: 2 3 4 
2716 9 2743 349 F: 2 3 4 
2717 5 2732 147 F: 3 2 
2719 10 2739 130 F: 10 
2719 10 2759 43 F: 2 4 4 
2723 6 2741 243 F: 3 2 1 
2725 8 2741 98 F: 5 1 2 
2740 8 2764 246 F: 4 2 2 
2742 10 2762 150 F: 10 
2750 5 2760 294 F: 4 1 
2756 6 2780 12 F: 6 
2818 7 2839 32 F: 3 2 2 
2819 10 2849 54 F: 3 4 3 
2828 7 2856 223 F: 7 
2829 6 2853 327 F: 3 1 2 
2840 2 2848 159 F: 2 
2866 6 2884 61 F: 6 
2871 4 2879 148 F: 4 
2871 8 2879 55 F: 4 4 
2873 8 2897 208 F: 2 6 
2896 12 2932 57 F: 6 6 
2900 10 2920 346 F: 5 3 2 
2916 9 2934 335 F: 4 1 4 
2924 8 2940 115 F: 7 1 
2924 11 2935 84 F: 6 5 
2932 8 2956 205 F: 3 1 4 
2983 3 2995 100 F: 3 
2983 10 3013 181 F: 4 3 3 
2988 6 3012 114 F: 6 
2991 10 3001 311 F: 3 4 3 
2996 3 2999 149 F: 3 
3015 5 3020 135 F: 3 2 
3018 5 3023 47 F: 2 1 2 
3036 9 3072 191 F: 7 2 
3045 2 3051 264 F: 2 
3059 10 3069 18 F: 10 
3061 4 3069 34 F: 3 1 
3063 2 3069 130 F: 2 
3082 8 3098 18 F: 3 5 
3097 7 3104 239 F: 2 3 2 
3099 8 3115 224 F: 3 1 4 
3100 4 3116 6 F: 2 2 
3109 8 3141 330 F: 4 1 3 
3115 7 3143 43 F: 7 
3115 9 3142 150 F: 4 2 3 
3135 8 3167 332 F: 3 1 4 
3139 5 3149 27 F: 2 1 2 
3147 2 3151 5 F: 2 
3166 8 3182 249 F: 8 
3175 11 3219 144 F: 5 6 
3198 9 3234 63 F: 2 3 4 
3209 8 3225 120 F: 8 
3216 9 3252 223 F: 2 3 4 
3220 5 3235 28 F: 2 3 
3258 11 3291 259 F: 5 4 2 
3270 6 3294 272 F: 4 1 1 
3270 9 3288 221 F: 7 2 
3278 6 3284 102 F: 5 1 
3278 10 3288 5 F: 5 1 4 
3283 10 3303 17 F: 3 3 4 
3292 6 3298 88 F: 5 1 
3316 8 3340 308 F: 3 4 1 
3317 9 3335 86 F: 6 3 
3323 2 3327 145 F: 2 
3335 8 3351 171 F: 4 2 2 
3343 5 3358 172 F: 4 1 
3356 8 3364 245 F: 5 1 2 
3368 7 3375 126 F: 7 
3380 9 3389 317 F: 5 2 2 
3381 9 3399 224 F: 5 2 2 
3393 10 3433 255 F: 3 3 4 
3406 7 3413 259 F: 4 2 1 
3411 7 3425 120 F: 3 2 2 
3435 11 3457 239 F: 4 4 3 
3445 11 3467 251 F: 7 4 
3450 3 3456 140 F: 3 
3458 11 3491 228 F: 5 3 3 
3461 9 3470 49 F: 4 2 3 
3463 9 3472 111 F: 3 3 3 
3471 13 3484 345 F: 13 
3472 5 3487 252 F: 5 
D: 2 12 
D: 3 79 
D: 26 113 
D: 28 71 
D: 38 288 
D: 54 200 
D: 55 148 
D: 58 112 
D: 58 278 
D: 73 88 
D: 76 137 
D: 77 343 
D: 80 204 
D: 81 220 
D: 83 121 
D: 87 264 
D: 90 263 
D: 94 235 
D: 99 207 
D: 132 314 
D: 135 209 
D: 141 191 
D: 148 329 
D: 156 183 
D: 170 246 
D: 174 267 
D: 187 303 
D: 205 217 
D: 206 214 
D: 208 317 
D: 224 284 
D: 249 348 
D: 291 349 
D: 292 301 
D: 304 344 
