4 7 25 121 F: 7 
9 7 37 331 F: 4 2 1 
26 9 53 97 F: 5 4 
53 4 69 118 F: 2 2 
56 7 70 346 F: 2 4 1 
61 7 82 86 F: 6 1 
65 6 71 339 F: 5 1 
80 11 124 301 F: 4 4 3 
85 9 103 315 F: 3 2 4 
95 8 119 123 F: 4 4 
104 8 128 325 F: 2 6 
110 4 126 254 F: 4 
116 8 148 253 F: 2 6 
120 8 152 259 F: 5 1 2 
122 13 161 71 F: 13 
123 6 129 324 F: 2 4 
167 9 203 249 F: 4 5 
171 12 195 255 F: 12 
175 5 180 87 F: 2 2 1 
184 9 220 155 F: 5 3 1 
204 8 212 67 F: 2 2 4 
208 7 229 152 F: 2 5 
213 2 215 163 F: 2 
222 11 255 279 F: 11 
228 7 242 96 F: 7 
246 8 270 41 F: 2 2 4 
251 7 258 70 F: 7 
266 8 282 178 F: 8 
271 7 292 263 F: 2 4 1 
289 6 301 100 F: 6 
306 8 338 21 F: 2 3 3 
310 8 326 135 F: 2 6 
319 2 321 23 F: 2 
324 12 348 344 F: 6 6 
331 8 363 220 F: 2 6 
333 6 357 309 F: 3 1 2 
333 8 365 19 F: 8 
350 8 382 297 F: 5 3 
373 10 393 287 F: 5 4 1 
381 5 401 268 F: 5 
440 6 446 336 F: 4 2 
445 11 489 193 F: 6 5 
446 10 486 74 F: 7 3 
447 7 475 327 F: 7 
448 8 464 326 F: 5 2 1 
448 10 478 161 F: 10 
450 10 480 193 F: 10 
469 12 505 346 F: 5 4 3 
473 11 484 59 F: 3 4 4 
486 2 490 111 F: 2 
504 5 519 203 F: 3 1 1 
505 11 549 270 F: 11 
506 13 558 120 F: 7 6 
511 12 535 158 F: 5 4 3 
518 11 562 71 F: 4 4 3 
522 12 558 103 F: 6 6 
531 11 542 60 F: 11 
539 4 555 286 F: 4 
547 7 561 110 F: 7 
573 3 576 345 F: 3 
604 12 652 220 F: 5 4 3 
619 5 634 46 F: 2 2 1 
632 5 642 247 F: 5 
633 13 659 350 F: 5 4 4 
634 6 640 29 F: 6 
640 7 668 61 F: 5 2 
644 11 677 65 F: 7 4 
683 8 699 13 F: 6 2 
683 8 715 243 F: 3 5 
684 6 690 128 F: 6 
704 10 724 102 F: 5 5 
706 10 746 95 F: 10 
707 8 731 314 F: 2 2 4 
713 7 741 92 F: 4 1 2 
732 10 742 19 F: 4 2 4 
752 10 772 195 F: 4 6 
764 5 774 89 F: 5 
776 8 808 132 F: 2 6 
778 10 818 243 F: 7 3 
780 10 810 33 F: 5 1 4 
807 10 827 143 F: 5 3 2 
809 3 815 141 F: 3 
820 12 832 320 F: 4 4 4 
832 6 850 156 F: 6 
848 12 896 81 F: 12 
858 3 870 318 F: 3 
865 12 913 329 F: 12 
868 6 880 87 F: 6 
871 6 895 67 F: 4 2 
892 7 913 247 F: 3 3 1 
914 12 938 207 F: 6 6 
934 9 961 221 F: 3 6 
939 8 971 304 F: 4 1 3 
949 7 963 197 F: 3 1 3 
950 11 972 147 F: 4 4 3 
964 9 991 27 F: 5 3 1 
968 8 984 244 F: 2 3 3 
978 7 985 292 F: 5 2 
983 4 991 86 F: 2 2 
984 6 1002 139 F: 6 
1006 9 1024 175 F: 7 2 
1016 5 1026 274 F: 5 
1031 7 1045 338 F: 7 
1044 10 1074 330 F: 5 2 3 
1055 8 1079 214 F: 8 
1059 11 1103 246 F: 5 2 4 
1067 8 1099 61 F: 5 1 2 
1069 8 1101 274 F: 6 2 
1074 4 1090 144 F: 4 
1097 8 1129 179 F: 8 
1102 6 1114 81 F: 6 
1102 10 1112 160 F: 5 3 2 
1115 8 1131 291 F: 3 3 2 
1121 6 1127 47 F: 2 4 
1129 9 1147 20 F: 5 4 
1134 13 1160 8 F: 13 
1154 5 1174 177 F: 5 
1178 10 1188 174 F: 6 4 
1189 11 1222 194 F: 6 5 
1195 4 1203 203 F: 4 
1221 10 1261 201 F: 4 6 
1225 8 1257 109 F: 4 1 3 
1230 10 1270 332 F: 3 3 4 
1236 7 1250 306 F: 3 3 1 
1245 10 1275 52 F: 5 1 4 
1247 4 1259 268 F: 4 
1248 12 1260 91 F: 12 
1257 9 1293 343 F: 2 4 3 
1264 7 1271 258 F: 2 4 1 
1271 10 1281 57 F: 7 3 
1304 13 1356 145 F: 13 
1321 10 1351 27 F: 3 3 4 
1336 11 1358 344 F: 4 4 3 
1348 11 1370 123 F: 6 5 
1367 11 1389 174 F: 5 3 3 
1373 8 1405 316 F: 4 1 3 
1373 12 1397 247 F: 7 5 
1390 7 1397 102 F: 7 
1393 7 1407 110 F: 4 1 2 
1393 11 1426 134 F: 3 4 4 
1416 6 1422 233 F: 6 
1422 8 1438 210 F: 8 
1425 8 1457 187 F: 2 2 4 
1426 10 1436 23 F: 10 
1432 2 1436 113 F: 2 
1449 5 1464 186 F: 5 
1453 8 1469 184 F: 3 5 
1461 10 1501 84 F: 10 
1495 11 1539 47 F: 11 
1497 7 1518 235 F: 5 2 
1504 11 1526 224 F: 5 6 
1516 12 1552 68 F: 6 6 
1518 10 1558 16 F: 3 3 4 
1521 13 1547 193 F: 7 6 
1528 8 1544 78 F: 3 1 4 
1531 5 1536 169 F: 3 2 
1549 5 1564 79 F: 3 2 
1555 10 1595 261 F: 4 4 2 
1570 3 1579 60 F: 3 
1598 6 1610 58 F: 4 2 
1602 9 1611 105 F: 7 2 
1631 8 1647 340 F: 4 4 
1647 9 1656 14 F: 3 6 
1667 8 1675 74 F: 6 2 
1674 11 1696 334 F: 4 3 4 
1675 10 1715 263 F: 7 3 
1676 6 1694 67 F: 3 1 2 
1676 9 1712 299 F: 5 3 1 
1684 3 1693 51 F: 3 
1694 12 1730 131 F: 12 
1703 13 1755 312 F: 5 4 4 
1712 5 1732 343 F: 5 
1720 11 1753 300 F: 5 6 
1731 3 1740 344 F: 3 
1733 6 1751 181 F: 2 4 
1733 9 1742 16 F: 4 3 2 
1738 6 1750 130 F: 2 4 
1747 4 1759 284 F: 4 
1763 6 1769 133 F: 2 1 3 
1764 11 1775 181 F: 11 
1805 6 1823 159 F: 4 2 
1820 9 1829 143 F: 6 3 
1821 11 1854 274 F: 6 5 
1833 6 1857 126 F: 2 4 
1834 13 1886 310 F: 13 
1835 11 1879 240 F: 11 
1836 6 1860 110 F: 2 3 1 
1839 10 1849 98 F: 4 3 3 
1853 9 1880 179 F: 3 2 4 
1855 7 1862 273 F: 3 1 3 
1902 9 1938 205 F: 3 4 2 
1920 3 1932 238 F: 3 
1933 5 1943 321 F: 2 2 1 
1937 5 1957 127 F: 2 3 
1943 5 1953 306 F: 4 1 
1950 9 1968 138 F: 7 2 
1971 6 1995 78 F: 5 1 
1983 11 2005 118 F: 4 3 4 
1988 3 2000 166 F: 3 
1991 8 2023 109 F: 3 3 2 
2000 11 2011 220 F: 5 4 2 
2018 10 2048 235 F: 5 2 3 
2029 9 2038 234 F: 4 3 2 
2033 10 2073 98 F: 5 2 3 
2036 7 2043 124 F: 4 1 2 
2037 11 2070 72 F: 11 
2096 10 2136 244 F: 4 6 
2097 6 2121 216 F: 6 
2098 7 2126 81 F: 4 2 1 
2099 5 2119 330 F: 5 
2104 8 2120 300 F: 8 
2105 3 2114 277 F: 3 
2108 9 2135 13 F: 2 4 3 
2110 7 2117 344 F: 3 2 2 
2110 12 2134 325 F: 4 4 4 
2129 7 2157 25 F: 6 1 
2157 9 2184 6 F: 9 
2177 11 2210 287 F: 5 6 
2178 12 2214 274 F: 12 
2196 9 2214 71 F: 3 6 
2234 9 2270 336 F: 6 3 
2260 9 2296 249 F: 9 
2273 9 2282 170 F: 4 4 1 
2273 9 2309 115 F: 5 2 2 
2275 8 2307 81 F: 5 3 
2278 9 2287 302 F: 5 4 
2281 10 2291 124 F: 7 3 
2284 9 2293 241 F: 4 2 3 
2286 13 2338 176 F: 13 
2293 10 2313 136 F: 6 4 
2301 8 2333 338 F: 4 4 
2305 9 2314 334 F: 4 4 1 
2313 12 2361 198 F: 12 
2330 5 2335 302 F: 5 
2331 11 2364 317 F: 5 6 
2337 11 2359 322 F: 11 
2357 9 2366 242 F: 4 5 
2360 13 2412 316 F: 13 
2376 10 2406 200 F: 6 4 
2387 5 2407 183 F: 4 1 
2428 4 2436 206 F: 4 
2437 5 2457 21 F: 3 2 
2439 8 2463 331 F: 3 5 
2458 8 2466 278 F: 4 4 
2460 9 2496 324 F: 9 
2468 10 2498 209 F: 6 4 
2474 9 2510 309 F: 4 3 2 
2484 10 2504 166 F: 5 4 1 
2490 8 2514 87 F: 5 3 
2490 11 2534 215 F: 4 3 4 
2502 11 2513 153 F: 5 3 3 
2504 7 2532 194 F: 4 3 
2512 10 2552 350 F: 5 5 
2516 12 2552 188 F: 12 
2527 11 2571 95 F: 11 
2545 9 2581 163 F: 2 3 4 
2547 4 2563 103 F: 3 1 
2568 6 2574 333 F: 5 1 
2590 9 2617 60 F: 4 5 
2592 12 2640 82 F: 5 4 3 
2625 8 2633 49 F: 7 1 
2636 4 2640 51 F: 4 
2637 6 2655 115 F: 2 4 
2646 10 2686 315 F: 4 2 4 
2648 6 2660 200 F: 3 3 
2665 7 2686 155 F: 4 3 
2669 6 2675 83 F: 5 1 
2675 7 2703 219 F: 2 3 2 
2679 3 2691 146 F: 3 
2690 11 2701 242 F: 5 6 
2720 3 2729 201 F: 3 
2730 6 2742 216 F: 6 
2741 6 2747 258 F: 6 
2746 13 2772 317 F: 13 
2753 7 2781 338 F: 4 3 
2762 8 2770 175 F: 3 4 1 
2769 11 2802 263 F: 4 4 3 
2785 10 2825 295 F: 7 3 
2791 8 2799 111 F: 7 1 
2792 7 2813 296 F: 7 
2805 5 2815 92 F: 3 1 1 
2823 4 2827 183 F: 2 1 1 
2824 9 2833 198 F: 4 5 
2830 8 2846 81 F: 5 1 2 
2830 9 2848 45 F: 2 4 3 
2833 11 2844 334 F: 5 4 2 
2842 10 2872 76 F: 4 6 
2860 11 2893 318 F: 11 
2874 9 2910 336 F: 7 2 
2895 7 2916 313 F: 7 
2900 12 2912 196 F: 12 
2934 8 2942 96 F: 3 5 
2943 10 2973 279 F: 5 2 3 
2944 8 2976 169 F: 2 6 
2951 8 2975 263 F: 4 2 2 
2953 12 2977 121 F: 12 
2960 6 2984 292 F: 3 1 2 
2983 7 2990 211 F: 3 1 3 
2991 10 3001 34 F: 7 3 
2997 10 3017 14 F: 7 3 
3002 13 3015 107 F: 7 6 
3019 10 3029 246 F: 5 4 1 
3022 13 3048 330 F: 13 
3037 8 3053 4 F: 5 2 1 
3042 11 3075 153 F: 11 
3059 8 3091 44 F: 2 2 4 
3064 8 3096 38 F: 3 5 
3076 5 3096 305 F: 5 
3082 6 3088 96 F: 3 3 
3095 11 3139 166 F: 6 5 
3119 8 3135 80 F: 4 4 
3137 7 3165 262 F: 7 
3137 10 3167 65 F: 4 3 3 
3166 7 3194 60 F: 3 4 
3171 8 3187 133 F: 8 
3179 8 3211 202 F: 3 1 4 
3186 10 3196 6 F: 3 3 4 
3187 4 3199 27 F: 2 2 
3188 7 3202 93 F: 5 1 1 
3198 8 3230 87 F: 3 1 4 
3207 8 3215 52 F: 4 4 
3211 10 3221 165 F: 10 
3211 13 3263 146 F: 13 
3214 11 3236 244 F: 5 6 
3225 7 3232 309 F: 4 3 
3234 9 3261 314 F: 6 3 
3244 7 3258 33 F: 3 1 3 
3255 7 3283 262 F: 5 2 
3264 10 3274 22 F: 7 3 
3284 7 3291 192 F: 3 1 3 
3301 3 3307 165 F: 3 
3310 8 3318 207 F: 8 
3329 5 3349 131 F: 3 2 
3343 6 3355 215 F: 2 3 1 
3350 8 3358 45 F: 8 
3359 11 3403 51 F: 5 6 
3360 10 3400 297 F: 4 6 
3363 7 3391 11 F: 2 2 3 
3370 10 3400 132 F: 5 1 4 
3386 11 3419 310 F: 11 
3400 9 3427 63 F: 4 4 1 
3402 9 3411 10 F: 2 4 3 
3418 10 3428 171 F: 5 2 3 
3430 7 3458 120 F: 4 3 
3434 3 3446 86 F: 3 
3438 12 3462 178 F: 6 6 
3444 5 3459 164 F: 2 2 1 
3483 8 3515 12 F: 5 3 
3488 6 3494 116 F: 4 1 1 
3494 7 3508 139 F: 2 5 
D: 1 85 
D: 6 216 
D: 10 341 
D: 13 66 
D: 17 316 
D: 39 65 
D: 41 259 
D: 45 117 
D: 54 192 
D: 57 154 
D: 58 74 
D: 62 256 
D: 76 154 
D: 87 246 
D: 92 303 
D: 96 270 
D: 103 324 
D: 114 120 
D: 123 247 
D: 124 276 
D: 135 336 
D: 150 334 
D: 152 183 
D: 157 221 
D: 189 267 
D: 196 318 
D: 200 282 
D: 219 294 
D: 223 272 
D: 237 321 
D: 255 284 
D: 278 316 
D: 301 338 
D: 305 319 
D: 333 340 
