5 9 23 308 F: 3 6 
7 10 17 130 F: 10 
12 9 48 80 F: 9 
18 8 34 162 F: 3 3 2 
42 4 58 259 F: 2 1 1 
60 11 82 172 F: 11 
75 11 86 52 F: 7 4 
80 4 96 26 F: 4 
81 5 96 127 F: 3 2 
88 11 121 183 F: 11 
100 8 124 277 F: 8 
102 7 109 225 F: 7 
110 4 114 170 F: 4 
114 2 120 149 F: 2 
124 8 132 4 F: 4 3 1 
125 5 145 244 F: 5 
126 7 154 143 F: 3 3 1 
133 10 153 152 F: 7 3 
146 12 170 216 F: 12 
158 12 194 264 F: 4 4 4 
204 10 234 36 F: 5 5 
213 9 231 347 F: 5 3 1 
229 11 262 303 F: 4 4 3 
237 8 245 301 F: 3 2 3 
248 6 266 27 F: 2 1 3 
253 8 261 222 F: 4 4 
277 6 289 134 F: 2 4 
282 13 295 242 F: 7 6 
283 8 299 150 F: 7 1 
296 7 317 103 F: 5 2 
301 6 325 200 F: 6 
302 6 326 241 F: 6 
352 7 373 322 F: 6 1 
357 12 381 185 F: 7 5 
360 3 366 325 F: 3 
373 8 389 97 F: 3 4 1 
375 2 379 96 F: 2 
384 8 392 107 F: 6 2 
385 7 406 9 F: 5 2 
387 2 395 156 F: 2 
405 6 429 191 F: 2 4 
415 6 427 300 F: 2 4 
419 7 447 337 F: 2 3 2 
424 10 444 98 F: 5 5 
443 7 464 172 F: 3 4 
472 8 504 350 F: 2 2 4 
474 12 522 24 F: 5 4 3 
481 8 497 166 F: 7 1 
491 7 512 126 F: 4 3 
495 7 516 147 F: 3 4 
505 10 515 182 F: 5 5 
509 6 521 126 F: 6 
513 2 521 15 F: 2 
515 13 554 133 F: 13 
532 5 542 300 F: 3 2 
566 8 590 180 F: 5 1 2 
579 3 588 269 F: 2 1 
583 8 615 105 F: 4 4 
585 10 625 184 F: 6 4 
594 13 646 174 F: 13 
603 10 643 180 F: 3 3 4 
616 7 630 168 F: 7 
617 7 645 138 F: 2 3 2 
625 8 641 237 F: 2 4 2 
635 10 675 326 F: 5 1 4 
656 12 668 266 F: 5 3 4 
669 8 677 168 F: 3 5 
675 7 682 13 F: 3 3 1 
675 9 711 158 F: 2 4 3 
678 4 686 150 F: 2 1 1 
700 10 730 53 F: 5 3 2 
736 5 746 335 F: 3 2 
740 5 760 82 F: 5 
758 7 786 296 F: 7 
767 4 779 54 F: 2 2 
768 12 780 134 F: 7 5 
772 5 787 308 F: 4 1 
783 11 794 265 F: 5 6 
784 5 799 132 F: 5 
797 7 818 12 F: 5 1 1 
809 6 833 74 F: 3 1 2 
817 2 819 203 F: 2 
830 12 842 249 F: 7 5 
833 8 865 172 F: 2 6 
843 7 857 46 F: 3 4 
853 7 860 112 F: 3 2 2 
866 8 874 49 F: 8 
871 8 879 329 F: 2 3 3 
872 9 908 3 F: 9 
899 10 939 19 F: 10 
904 7 918 132 F: 3 4 
904 10 944 237 F: 4 4 2 
911 5 926 211 F: 3 1 1 
915 9 942 209 F: 3 4 2 
930 8 938 45 F: 6 2 
941 9 959 189 F: 4 3 2 
942 11 986 72 F: 7 4 
955 8 987 183 F: 2 2 4 
978 6 1002 195 F: 4 2 
981 7 995 153 F: 4 2 1 
1018 9 1045 13 F: 5 4 
1026 7 1040 93 F: 2 1 4 
1036 5 1056 345 F: 3 1 1 
1038 9 1056 189 F: 2 3 4 
1054 13 1106 254 F: 13 
1068 7 1096 134 F: 7 
1076 10 1116 181 F: 5 2 3 
1082 9 1091 57 F: 5 1 3 
1085 9 1094 71 F: 4 5 
1091 8 1115 248 F: 4 4 
1108 9 1126 320 F: 3 6 
1120 6 1138 16 F: 2 3 1 
1120 8 1144 198 F: 5 1 2 
1137 10 1177 161 F: 4 4 2 
1148 10 1158 56 F: 10 
1161 7 1175 182 F: 7 
1165 7 1193 284 F: 2 2 3 
1167 2 1171 307 F: 2 
1180 9 1207 158 F: 2 3 4 
1185 5 1190 111 F: 4 1 
1214 8 1230 136 F: 2 3 3 
1215 7 1222 71 F: 3 4 
1215 9 1233 272 F: 5 3 1 
1222 4 1234 257 F: 3 1 
1227 11 1260 282 F: 11 
1237 8 1253 138 F: 2 3 3 
1264 9 1273 328 F: 4 1 4 
1269 9 1305 118 F: 5 2 2 
1276 9 1294 116 F: 4 3 2 
1278 8 1294 295 F: 2 2 4 
1303 8 1311 318 F: 8 
1307 9 1316 82 F: 4 5 
1315 3 1327 70 F: 3 
1322 8 1346 126 F: 8 
1328 8 1336 72 F: 3 5 
1332 10 1352 20 F: 2 4 4 
1342 3 1354 78 F: 3 
1353 6 1365 83 F: 6 
1353 8 1361 32 F: 5 3 
1369 7 1390 192 F: 2 1 4 
1402 8 1410 17 F: 6 2 
1407 8 1431 305 F: 8 
1447 7 1461 23 F: 2 2 3 
1461 6 1467 341 F: 3 1 2 
1462 8 1486 60 F: 4 1 3 
1463 9 1490 303 F: 5 1 3 
1467 10 1487 169 F: 10 
1480 5 1485 201 F: 5 
1487 8 1495 195 F: 8 
1489 4 1497 115 F: 4 
1507 8 1515 80 F: 3 1 4 
1521 4 1529 294 F: 4 
1529 7 1557 320 F: 2 5 
1540 9 1567 26 F: 2 3 4 
1543 9 1552 105 F: 3 4 2 
1546 3 1558 200 F: 3 
1548 11 1570 49 F: 6 5 
1563 5 1583 274 F: 2 3 
1588 9 1597 193 F: 4 3 2 
1593 6 1611 293 F: 6 
1619 7 1640 91 F: 6 1 
1636 9 1663 331 F: 9 
1639 9 1666 299 F: 4 1 4 
1653 5 1663 52 F: 2 3 
1656 6 1668 317 F: 6 
1658 11 1680 221 F: 11 
1663 8 1687 221 F: 3 3 2 
1667 9 1685 304 F: 3 4 2 
1674 11 1718 342 F: 6 5 
1687 4 1691 43 F: 2 2 
1700 9 1736 18 F: 4 5 
1704 9 1722 248 F: 9 
1718 7 1725 309 F: 7 
1734 10 1754 48 F: 3 4 3 
1740 6 1758 78 F: 4 2 
1744 10 1784 48 F: 2 4 4 
1752 7 1766 268 F: 3 4 
1778 2 1784 337 F: 2 
1786 2 1788 145 F: 2 
1795 6 1807 188 F: 6 
1804 6 1810 331 F: 3 2 1 
1825 9 1834 92 F: 5 1 3 
1834 5 1839 227 F: 5 
1838 9 1856 306 F: 4 5 
1846 9 1855 293 F: 2 3 4 
1847 7 1854 340 F: 3 4 
1861 8 1893 236 F: 3 3 2 
1865 8 1889 219 F: 5 1 2 
1873 9 1900 115 F: 6 3 
1873 11 1884 36 F: 11 
1907 9 1934 285 F: 2 4 3 
1909 8 1933 304 F: 6 2 
1937 9 1955 164 F: 2 4 3 
1938 9 1974 133 F: 3 6 
1945 5 1955 97 F: 5 
1961 7 1968 159 F: 4 1 2 
1967 4 1975 102 F: 3 1 
1967 6 1979 276 F: 4 2 
1979 7 2000 308 F: 3 4 
1979 9 1988 180 F: 5 4 
2008 7 2029 240 F: 7 
2009 9 2027 170 F: 5 2 2 
2010 4 2026 299 F: 4 
2035 6 2059 341 F: 3 3 
2047 5 2057 233 F: 5 
2051 2 2057 334 F: 2 
2059 7 2087 218 F: 7 
2064 12 2100 184 F: 6 6 
2073 6 2079 156 F: 3 2 1 
2083 7 2111 183 F: 2 2 3 
2100 5 2120 216 F: 2 2 1 
2110 5 2130 240 F: 5 
2126 2 2130 328 F: 2 
2137 10 2177 106 F: 5 4 1 
2139 5 2159 300 F: 3 1 1 
2140 8 2156 201 F: 8 
2170 8 2194 93 F: 2 6 
2185 10 2225 98 F: 10 
2191 10 2231 331 F: 6 4 
2191 11 2235 318 F: 4 3 4 
2204 9 2213 143 F: 5 4 
2220 7 2234 257 F: 7 
2254 11 2276 43 F: 6 5 
2260 10 2270 317 F: 3 4 3 
2266 10 2296 187 F: 10 
2270 10 2290 132 F: 4 3 3 
2271 5 2276 167 F: 3 2 
2276 9 2294 173 F: 5 4 
2281 12 2305 178 F: 7 5 
2297 11 2341 248 F: 5 3 3 
2312 2 2314 327 F: 2 
2316 7 2330 161 F: 3 1 3 
2318 8 2334 254 F: 4 4 
2342 8 2350 328 F: 2 2 4 
2349 5 2354 169 F: 3 2 
2367 10 2397 307 F: 3 4 3 
2370 5 2380 43 F: 5 
2370 6 2382 204 F: 2 4 
2371 12 2419 58 F: 12 
2396 9 2423 173 F: 5 4 
2403 4 2415 89 F: 2 2 
2408 6 2420 100 F: 3 1 2 
2412 6 2418 316 F: 2 2 2 
2425 8 2433 145 F: 2 6 
2429 10 2439 44 F: 4 3 3 
2430 9 2466 216 F: 9 
2433 12 2457 102 F: 12 
2464 10 2504 105 F: 6 4 
2474 9 2510 139 F: 3 3 3 
2489 10 2519 281 F: 5 5 
2504 10 2514 28 F: 5 5 
2514 12 2538 115 F: 12 
2515 8 2523 254 F: 8 
2517 6 2535 129 F: 3 2 1 
2525 5 2540 217 F: 4 1 
2535 10 2545 21 F: 10 
2542 4 2546 344 F: 4 
2542 9 2560 313 F: 3 6 
2549 9 2576 340 F: 9 
2552 10 2582 127 F: 5 3 2 
2615 9 2642 192 F: 2 3 4 
2646 8 2670 146 F: 6 2 
2649 7 2656 29 F: 5 2 
2650 9 2659 69 F: 3 2 4 
2651 8 2667 141 F: 8 
2657 13 2709 284 F: 5 4 4 
2658 8 2674 3 F: 2 3 3 
2669 2 2675 338 F: 2 
2678 6 2684 59 F: 2 4 
2686 8 2694 174 F: 3 4 1 
2706 7 2734 108 F: 7 
2714 11 2725 318 F: 11 
2721 6 2739 259 F: 3 3 
2722 6 2734 96 F: 4 1 1 
2728 2 2736 230 F: 2 
2728 6 2740 97 F: 3 3 
2735 7 2742 83 F: 5 2 
2738 9 2774 228 F: 9 
2761 12 2797 80 F: 4 4 4 
2763 7 2791 287 F: 7 
2817 9 2844 247 F: 5 1 3 
2817 10 2847 134 F: 5 3 2 
2819 11 2841 291 F: 6 5 
2832 2 2838 3 F: 2 
2838 9 2874 104 F: 6 3 
2846 10 2856 22 F: 4 3 3 
2855 9 2882 198 F: 3 3 3 
2857 7 2885 243 F: 7 
2874 3 2883 343 F: 3 
2884 12 2896 230 F: 7 5 
2905 5 2920 323 F: 2 1 2 
2913 9 2922 19 F: 9 
2917 2 2923 6 F: 2 
2921 7 2942 185 F: 6 1 
2929 6 2935 257 F: 3 3 
2948 10 2968 39 F: 10 
2950 13 2976 66 F: 13 
2960 10 3000 224 F: 4 2 4 
2967 7 2974 32 F: 4 3 
2969 8 2985 209 F: 8 
3008 7 3022 277 F: 2 3 2 
3018 6 3042 89 F: 3 3 
3051 7 3058 72 F: 6 1 
3055 10 3065 178 F: 4 6 
3056 8 3064 212 F: 3 1 4 
3065 7 3093 237 F: 5 1 1 
3075 11 3097 179 F: 5 6 
3079 6 3103 193 F: 4 2 
3085 12 3121 153 F: 6 6 
3087 8 3111 10 F: 5 3 
3107 2 3115 219 F: 2 
3127 6 3151 117 F: 6 
3131 9 3158 316 F: 9 
3133 6 3145 298 F: 6 
3142 6 3160 265 F: 2 4 
3147 7 3154 169 F: 7 
3160 9 3196 166 F: 9 
3171 7 3178 319 F: 2 3 2 
3186 10 3196 9 F: 5 3 2 
3198 7 3205 336 F: 7 
3217 8 3249 183 F: 4 4 
3224 9 3242 155 F: 4 1 4 
3227 7 3248 148 F: 2 1 4 
3241 6 3247 159 F: 6 
3269 10 3279 104 F: 10 
3275 8 3291 29 F: 5 2 1 
3276 6 3294 118 F: 5 1 
3294 2 3298 108 F: 2 
3294 12 3330 195 F: 12 
3296 13 3348 65 F: 13 
3322 9 3331 53 F: 5 4 
3329 8 3361 115 F: 2 6 
3332 10 3352 146 F: 2 4 4 
3337 7 3344 159 F: 7 
3339 9 3357 216 F: 4 5 
3365 8 3389 238 F: 2 6 
3373 10 3403 70 F: 7 3 
3374 7 3388 52 F: 2 2 3 
3377 9 3404 337 F: 9 
3379 9 3415 108 F: 3 6 
3401 10 3411 227 F: 4 2 4 
3407 10 3427 298 F: 4 4 2 
3413 5 3423 153 F: 2 2 1 
3413 10 3453 239 F: 5 1 4 
3424 8 3456 345 F: 8 
3461 8 3477 214 F: 5 2 1 
3462 3 3465 19 F: 2 1 
3463 11 3485 284 F: 6 5 
3488 3 3491 254 F: 3 
3491 10 3511 223 F: 10 
D: 10 129 
D: 11 217 
D: 15 260 
D: 17 147 
D: 18 247 
D: 25 262 
D: 29 251 
D: 29 264 
D: 29 338 
D: 29 339 
D: 35 92 
D: 42 159 
D: 54 93 
D: 60 137 
D: 60 344 
D: 68 315 
D: 74 85 
D: 77 190 
D: 78 198 
D: 89 247 
D: 110 233 
D: 122 326 
D: 125 264 
D: 128 186 
D: 135 251 
D: 177 203 
D: 185 216 
D: 193 293 
D: 195 257 
D: 197 286 
D: 236 302 
D: 238 291 
D: 254 326 
D: 295 304 
D: 331 348 
