5 11 38 83 F: 5 4 2 
39 10 49 252 F: 5 4 1 
59 11 103 224 F: 6 5 
65 9 83 190 F: 5 4 
67 6 73 137 F: 4 1 1 
71 7 78 283 F: 3 3 1 
72 13 111 227 F: 13 
83 6 95 252 F: 2 1 3 
88 7 116 91 F: 5 1 1 
97 7 104 204 F: 3 3 1 
107 7 121 241 F: 3 4 
120 7 148 191 F: 3 4 
130 9 139 88 F: 3 3 3 
133 6 151 225 F: 3 2 1 
133 11 144 69 F: 11 
140 5 160 10 F: 5 
141 11 163 198 F: 3 4 4 
172 12 220 92 F: 12 
176 9 212 101 F: 3 2 4 
182 4 190 90 F: 4 
203 9 221 57 F: 4 1 4 
223 8 255 45 F: 8 
228 4 244 207 F: 4 
243 5 253 148 F: 5 
243 11 287 126 F: 11 
251 4 259 84 F: 4 
268 8 284 253 F: 3 1 4 
271 4 283 97 F: 2 2 
282 7 289 260 F: 3 2 2 
288 5 308 136 F: 3 2 
300 11 333 252 F: 11 
301 8 317 263 F: 7 1 
303 4 319 12 F: 4 
303 10 333 258 F: 7 3 
321 5 336 230 F: 2 3 
326 7 333 82 F: 2 5 
328 9 355 254 F: 3 4 2 
357 13 396 238 F: 7 6 
367 9 394 208 F: 5 2 2 
391 6 409 234 F: 6 
418 8 450 257 F: 4 4 
424 13 476 201 F: 13 
443 5 453 198 F: 3 1 1 
451 12 499 270 F: 7 5 
457 6 463 196 F: 6 
460 9 469 174 F: 9 
476 12 524 100 F: 12 
476 13 515 116 F: 13 
482 5 497 108 F: 2 2 1 
486 6 510 247 F: 2 4 
515 5 520 203 F: 5 
518 3 527 99 F: 3 
524 9 560 224 F: 2 4 3 
528 6 534 180 F: 2 4 
531 12 543 117 F: 4 4 4 
568 8 592 137 F: 8 
574 8 590 172 F: 3 4 1 
579 11 612 223 F: 11 
591 12 615 243 F: 7 5 
597 9 633 236 F: 9 
618 12 630 88 F: 7 5 
634 9 670 110 F: 4 5 
662 8 694 19 F: 2 6 
663 11 685 69 F: 4 3 4 
672 13 685 118 F: 13 
676 8 692 14 F: 5 2 1 
690 2 696 131 F: 2 
694 6 706 52 F: 6 
695 8 711 226 F: 8 
699 6 711 201 F: 4 2 
704 9 740 22 F: 3 2 4 
705 8 721 263 F: 3 2 3 
724 3 733 48 F: 3 
730 13 769 277 F: 13 
735 9 753 62 F: 9 
737 9 746 204 F: 4 2 3 
747 13 760 44 F: 7 6 
771 9 780 267 F: 3 4 2 
781 8 789 235 F: 5 2 1 
790 11 823 141 F: 6 5 
806 9 824 263 F: 5 2 2 
807 11 851 158 F: 5 4 2 
814 6 820 166 F: 4 2 
830 11 863 113 F: 5 6 
834 8 858 278 F: 4 1 3 
835 7 842 139 F: 2 5 
852 8 868 200 F: 3 5 
854 3 866 164 F: 3 
866 5 876 168 F: 5 
897 11 941 107 F: 5 2 4 
903 6 915 44 F: 2 2 2 
922 12 934 70 F: 12 
927 4 939 77 F: 2 1 1 
932 8 964 65 F: 2 2 4 
933 9 960 234 F: 4 4 1 
934 7 962 206 F: 7 
940 7 961 164 F: 7 
954 3 966 275 F: 3 
981 8 997 76 F: 7 1 
996 8 1020 9 F: 7 1 
1002 7 1016 79 F: 2 4 1 
1009 5 1024 65 F: 5 
1024 3 1030 69 F: 3 
1039 11 1083 38 F: 11 
1072 7 1086 193 F: 2 5 
1074 4 1090 32 F: 2 2 
1077 8 1085 215 F: 8 
1097 8 1113 294 F: 5 1 2 
1098 11 1131 87 F: 5 4 2 
1099 7 1113 253 F: 3 1 3 
1103 9 1121 205 F: 3 2 4 
1109 11 1131 293 F: 5 2 4 
1113 10 1153 52 F: 10 
1119 11 1163 22 F: 5 6 
1124 9 1151 87 F: 4 1 4 
1124 11 1146 189 F: 11 
1135 11 1157 155 F: 3 4 4 
1156 6 1162 44 F: 5 1 
1158 4 1170 266 F: 4 
1193 10 1223 201 F: 5 5 
1206 7 1220 7 F: 4 2 1 
1206 8 1238 210 F: 8 
1218 9 1254 101 F: 2 3 4 
1219 6 1237 246 F: 5 1 
1219 7 1240 241 F: 2 4 1 
1223 10 1243 21 F: 4 6 
1231 6 1249 143 F: 5 1 
1251 5 1271 161 F: 3 2 
1266 3 1278 101 F: 2 1 
1283 8 1315 92 F: 4 4 
1304 7 1318 118 F: 3 4 
1308 8 1332 292 F: 8 
1309 7 1323 9 F: 5 2 
1312 11 1334 286 F: 4 3 4 
1326 10 1336 283 F: 10 
1330 8 1354 66 F: 3 4 1 
1346 9 1364 49 F: 9 
1372 11 1383 70 F: 4 3 4 
1386 8 1410 238 F: 5 1 2 
1390 7 1404 124 F: 5 2 
1404 6 1410 204 F: 3 3 
1411 7 1439 119 F: 2 1 4 
1417 7 1438 81 F: 5 2 
1444 10 1474 31 F: 4 6 
1449 6 1467 126 F: 4 2 
1455 7 1483 49 F: 5 2 
1484 6 1490 147 F: 3 2 1 
1485 11 1496 69 F: 4 4 3 
1491 9 1509 154 F: 5 4 
1498 11 1520 5 F: 3 4 4 
1519 8 1551 300 F: 8 
1519 9 1555 170 F: 4 4 1 
1526 2 1534 285 F: 2 
1526 7 1554 83 F: 4 1 2 
1554 8 1562 294 F: 5 1 2 
1559 12 1571 189 F: 12 
1577 6 1601 189 F: 4 1 1 
1578 7 1585 182 F: 2 5 
1590 2 1598 217 F: 2 
1591 7 1619 248 F: 4 2 1 
1602 8 1610 295 F: 2 6 
1602 8 1626 184 F: 7 1 
1618 8 1626 223 F: 4 1 3 
1621 12 1645 115 F: 12 
1652 3 1655 44 F: 3 
1655 4 1671 102 F: 4 
1664 7 1678 283 F: 7 
1683 6 1695 208 F: 5 1 
1688 8 1712 16 F: 8 
1699 5 1704 262 F: 2 3 
1700 13 1713 157 F: 7 6 
1708 6 1726 56 F: 5 1 
1741 6 1747 290 F: 3 3 
1752 9 1788 55 F: 7 2 
1773 9 1782 251 F: 5 4 
1773 10 1803 252 F: 10 
1774 10 1804 78 F: 5 2 3 
1779 3 1785 254 F: 3 
1779 13 1792 105 F: 5 4 4 
1788 11 1821 212 F: 4 4 3 
1823 5 1843 149 F: 5 
1836 2 1838 270 F: 2 
1846 8 1862 298 F: 4 1 3 
1849 8 1873 126 F: 8 
1859 4 1875 222 F: 2 2 
1868 11 1912 104 F: 7 4 
1872 12 1884 273 F: 12 
1882 10 1902 28 F: 10 
1887 8 1911 52 F: 3 5 
1897 11 1908 115 F: 5 3 3 
1910 5 1915 114 F: 4 1 
1912 7 1940 63 F: 7 
1932 8 1948 65 F: 3 4 1 
1937 5 1942 240 F: 2 3 
1947 13 1986 12 F: 7 6 
1959 12 1971 10 F: 12 
1965 10 1985 199 F: 6 4 
1965 10 1995 214 F: 10 
1966 10 2006 34 F: 2 4 4 
1976 5 1986 228 F: 5 
2001 4 2013 41 F: 4 
2045 6 2057 107 F: 3 3 
2047 12 2083 99 F: 5 3 4 
2052 11 2096 37 F: 5 6 
2053 5 2068 107 F: 5 
2053 11 2075 21 F: 4 4 3 
2062 10 2072 237 F: 10 
2085 2 2093 138 F: 2 
2087 3 2090 79 F: 3 
2089 6 2101 101 F: 3 3 
2102 10 2132 79 F: 6 4 
2116 8 2124 110 F: 4 3 1 
2118 7 2132 199 F: 3 1 3 
2124 10 2164 8 F: 10 
2134 10 2164 34 F: 5 5 
2178 7 2185 5 F: 6 1 
2189 7 2217 223 F: 7 
2192 11 2203 202 F: 11 
2194 9 2221 40 F: 5 4 
2194 10 2224 215 F: 6 4 
2201 11 2212 191 F: 7 4 
2207 9 2234 84 F: 2 4 3 
2237 13 2250 93 F: 13 
2266 5 2271 177 F: 2 3 
2266 8 2290 237 F: 3 5 
2266 9 2293 276 F: 5 4 
2268 10 2288 280 F: 5 3 2 
2278 10 2288 177 F: 3 4 3 
2285 7 2306 69 F: 5 1 1 
2292 5 2297 95 F: 5 
2307 10 2317 195 F: 4 2 4 
2315 7 2343 299 F: 2 5 
2318 12 2354 146 F: 12 
2325 6 2343 66 F: 2 4 
2326 8 2350 213 F: 2 2 4 
2335 6 2347 253 F: 5 1 
2345 12 2357 99 F: 12 
2351 9 2387 116 F: 9 
2378 3 2390 268 F: 2 1 
2396 5 2416 243 F: 3 2 
2402 10 2442 284 F: 3 3 4 
2404 4 2416 300 F: 2 2 
2407 9 2434 120 F: 4 4 1 
2422 6 2434 139 F: 3 3 
2452 10 2492 283 F: 5 5 
2457 9 2484 75 F: 3 3 3 
2461 6 2485 234 F: 3 3 
2461 10 2481 251 F: 5 5 
2481 12 2505 46 F: 12 
2490 12 2514 242 F: 12 
2511 11 2555 146 F: 5 4 2 
2512 13 2551 32 F: 7 6 
2519 6 2537 25 F: 6 
2546 7 2574 122 F: 4 1 2 
2549 8 2557 259 F: 2 2 4 
2552 3 2561 74 F: 3 
2553 5 2558 254 F: 2 1 2 
2556 2 2558 124 F: 2 
2588 5 2608 42 F: 5 
2592 10 2612 113 F: 10 
2600 13 2613 100 F: 13 
2609 8 2617 136 F: 3 3 2 
2621 8 2637 112 F: 3 1 4 
2622 4 2626 59 F: 4 
2665 6 2689 194 F: 4 2 
2668 7 2696 103 F: 3 1 3 
2673 12 2697 262 F: 6 6 
2676 7 2683 196 F: 6 1 
2694 3 2706 72 F: 2 1 
2699 8 2731 84 F: 8 
2707 7 2714 3 F: 5 2 
2708 3 2717 299 F: 3 
2723 7 2730 7 F: 6 1 
2748 2 2756 118 F: 2 
2753 5 2768 243 F: 5 
2761 11 2805 4 F: 6 5 
2767 5 2787 246 F: 4 1 
2777 3 2783 134 F: 3 
2780 9 2807 298 F: 9 
2781 4 2793 252 F: 4 
2818 11 2829 46 F: 6 5 
2822 4 2826 193 F: 4 
2826 10 2836 119 F: 10 
2845 6 2851 114 F: 3 1 2 
2848 13 2861 196 F: 13 
2861 9 2897 150 F: 3 6 
2862 11 2895 32 F: 11 
2870 11 2914 86 F: 3 4 4 
2880 8 2912 239 F: 4 3 1 
2883 3 2892 19 F: 3 
2905 12 2917 23 F: 4 4 4 
2917 10 2947 125 F: 3 3 4 
2921 4 2929 33 F: 4 
2927 4 2939 240 F: 4 
2934 10 2954 110 F: 4 3 3 
2940 10 2950 25 F: 4 3 3 
2945 11 2978 137 F: 3 4 4 
2953 11 2964 113 F: 5 3 3 
2979 10 3009 161 F: 7 3 
2994 9 3003 243 F: 9 
D: 12 124 
D: 28 136 
D: 28 263 
D: 29 238 
D: 30 121 
D: 36 191 
D: 50 91 
D: 66 77 
D: 68 255 
D: 75 214 
D: 78 284 
D: 82 126 
D: 82 140 
D: 94 118 
D: 96 227 
D: 102 184 
D: 139 258 
D: 140 253 
D: 142 158 
D: 144 191 
D: 145 294 
D: 150 177 
D: 160 232 
D: 178 232 
D: 190 198 
D: 198 205 
D: 224 268 
D: 225 267 
D: 230 232 
D: 270 285 
