5 6 23 209 F: 6 
15 11 26 29 F: 7 4 
19 13 58 168 F: 7 6 
35 10 45 302 F: 10 
37 7 65 156 F: 2 1 4 
42 9 78 243 F: 2 4 3 
51 11 62 288 F: 11 
82 8 90 9 F: 5 1 2 
86 10 126 319 F: 3 3 4 
87 10 107 105 F: 5 4 1 
110 8 126 252 F: 2 6 
120 5 130 288 F: 3 2 
122 7 150 338 F: 7 
128 10 158 281 F: 4 6 
154 8 178 235 F: 8 
157 10 167 208 F: 5 5 
158 5 163 203 F: 2 3 
166 7 187 61 F: 7 
166 11 188 272 F: 11 
193 2 195 281 F: 2 
228 10 248 333 F: 4 3 3 
244 7 251 94 F: 3 1 3 
244 11 255 199 F: 11 
249 6 273 60 F: 3 3 
263 4 271 226 F: 4 
268 6 280 342 F: 3 1 2 
268 10 308 342 F: 10 
272 2 278 178 F: 2 
277 9 304 177 F: 4 3 2 
299 8 331 307 F: 3 5 
300 11 311 75 F: 4 3 4 
304 8 328 161 F: 7 1 
307 10 347 161 F: 6 4 
307 11 351 103 F: 5 2 4 
324 7 338 231 F: 3 4 
337 8 345 260 F: 2 6 
340 9 349 179 F: 3 2 4 
346 11 379 187 F: 11 
376 9 394 221 F: 4 4 1 
392 6 410 30 F: 3 2 1 
401 7 408 201 F: 3 2 2 
403 8 411 58 F: 2 6 
405 10 415 162 F: 5 5 
406 5 416 146 F: 3 2 
412 3 418 57 F: 3 
412 8 428 72 F: 3 5 
424 9 451 251 F: 5 3 1 
470 5 485 87 F: 2 3 
481 8 489 110 F: 8 
489 9 498 273 F: 3 3 3 
501 6 519 178 F: 2 1 3 
511 8 527 253 F: 3 4 1 
514 7 521 41 F: 7 
522 7 529 87 F: 2 1 4 
537 8 569 344 F: 2 6 
546 8 570 52 F: 2 6 
557 11 601 349 F: 11 
573 10 583 238 F: 5 4 1 
583 9 601 341 F: 5 3 1 
598 4 614 48 F: 3 1 
601 9 610 218 F: 3 4 2 
612 3 615 139 F: 3 
612 10 652 311 F: 5 4 1 
628 12 664 269 F: 6 6 
641 10 661 313 F: 10 
649 8 665 159 F: 6 2 
661 6 673 207 F: 6 
668 10 708 193 F: 2 4 4 
671 9 698 122 F: 6 3 
694 7 722 191 F: 3 4 
710 12 734 226 F: 12 
711 8 743 181 F: 4 2 2 
736 10 766 159 F: 4 6 
737 7 758 333 F: 3 3 1 
752 7 773 202 F: 6 1 
768 9 804 326 F: 5 1 3 
778 8 802 210 F: 2 4 2 
784 8 816 37 F: 7 1 
793 5 798 180 F: 3 2 
793 10 823 247 F: 4 6 
817 5 837 165 F: 2 2 1 
823 6 847 340 F: 3 2 1 
833 7 847 143 F: 3 1 3 
843 8 867 211 F: 8 
851 9 869 11 F: 3 6 
860 7 888 232 F: 7 
864 9 900 280 F: 4 2 3 
865 8 881 118 F: 5 1 2 
887 7 894 251 F: 7 
895 10 935 172 F: 10 
902 8 910 298 F: 3 3 2 
909 8 941 56 F: 4 4 
912 8 936 93 F: 3 1 4 
931 10 951 24 F: 10 
945 6 963 35 F: 6 
946 7 953 75 F: 2 1 4 
951 4 963 19 F: 3 1 
976 11 987 223 F: 5 3 3 
991 10 1011 147 F: 5 4 1 
995 6 1007 294 F: 6 
1005 9 1032 262 F: 9 
1022 5 1032 314 F: 2 1 2 
1031 8 1047 250 F: 8 
1047 7 1075 142 F: 2 1 4 
1049 9 1067 313 F: 9 
1052 9 1088 97 F: 9 
1071 3 1074 123 F: 3 
1088 13 1127 343 F: 13 
1093 8 1101 100 F: 7 1 
1094 2 1096 337 F: 2 
1108 3 1114 344 F: 2 1 
1110 8 1142 242 F: 2 6 
1132 7 1139 1 F: 4 3 
1138 2 1140 23 F: 2 
1141 4 1145 56 F: 3 1 
1158 11 1202 2 F: 5 2 4 
1167 5 1177 242 F: 2 3 
1177 5 1182 51 F: 2 3 
1187 10 1217 42 F: 10 
1196 10 1236 46 F: 10 
1207 4 1215 226 F: 3 1 
1213 10 1223 156 F: 5 1 4 
1214 7 1228 57 F: 3 3 1 
1236 11 1247 262 F: 11 
1246 10 1276 298 F: 5 5 
1260 9 1287 88 F: 9 
1270 4 1282 318 F: 3 1 
1271 8 1287 113 F: 8 
1272 11 1294 263 F: 6 5 
1274 5 1294 139 F: 2 2 1 
1302 11 1346 165 F: 11 
1307 3 1313 209 F: 3 
1309 7 1323 65 F: 3 4 
1369 8 1401 330 F: 4 4 
1372 3 1375 260 F: 3 
1372 5 1382 266 F: 5 
1372 6 1390 31 F: 6 
1388 12 1400 101 F: 4 4 4 
1390 10 1400 102 F: 10 
1393 7 1400 332 F: 2 4 1 
1413 6 1437 306 F: 3 3 
1421 11 1454 140 F: 11 
1431 7 1438 68 F: 7 
1445 5 1465 295 F: 5 
1446 10 1476 250 F: 10 
1448 7 1476 203 F: 6 1 
1449 9 1485 128 F: 3 2 4 
1474 9 1483 348 F: 3 6 
1494 7 1522 296 F: 3 3 1 
1495 9 1531 191 F: 5 1 3 
1528 8 1544 93 F: 2 2 4 
1534 6 1552 164 F: 3 3 
1544 5 1564 47 F: 5 
1548 11 1592 275 F: 5 2 4 
1560 5 1570 5 F: 3 2 
1562 6 1586 130 F: 6 
1567 9 1585 60 F: 9 
1573 7 1580 336 F: 5 1 1 
1580 6 1604 282 F: 6 
1583 8 1599 230 F: 2 6 
1600 8 1616 249 F: 4 4 
1601 6 1619 133 F: 4 1 1 
1601 8 1625 202 F: 8 
1609 8 1633 46 F: 3 2 3 
1616 7 1644 219 F: 7 
1646 10 1666 37 F: 4 4 2 
1647 9 1683 100 F: 9 
1653 12 1701 92 F: 4 4 4 
1665 10 1685 196 F: 6 4 
1693 9 1720 219 F: 5 4 
1707 2 1715 60 F: 2 
1715 8 1723 212 F: 8 
1718 8 1742 40 F: 2 6 
1725 4 1741 178 F: 3 1 
1729 10 1759 97 F: 4 6 
1730 6 1748 154 F: 4 2 
1766 9 1793 266 F: 4 4 1 
1781 12 1805 212 F: 6 6 
1782 3 1785 184 F: 3 
1791 9 1827 50 F: 6 3 
1800 8 1832 345 F: 8 
1802 10 1812 9 F: 5 4 1 
1803 12 1851 120 F: 12 
1827 3 1833 215 F: 2 1 
1827 7 1848 245 F: 7 
1829 10 1839 216 F: 10 
1834 12 1846 260 F: 7 5 
1851 7 1858 143 F: 3 4 
1853 10 1863 78 F: 5 4 1 
1891 10 1911 79 F: 5 5 
1902 7 1930 34 F: 2 5 
1905 9 1923 117 F: 4 2 3 
1926 11 1959 198 F: 7 4 
1942 7 1949 210 F: 7 
1951 11 1984 322 F: 6 5 
1955 7 1976 332 F: 3 4 
1972 6 1984 9 F: 3 1 2 
1975 13 2027 255 F: 13 
1987 12 2011 15 F: 12 
1995 5 2000 329 F: 5 
2019 5 2034 35 F: 3 2 
2020 10 2040 317 F: 10 
2028 6 2034 22 F: 6 
2050 10 2090 145 F: 10 
2061 8 2069 93 F: 8 
2067 9 2085 160 F: 9 
2080 12 2104 272 F: 12 
2084 8 2116 305 F: 8 
2090 9 2099 329 F: 3 6 
2092 11 2136 55 F: 6 5 
2128 10 2138 317 F: 4 2 4 
2131 6 2155 264 F: 2 4 
2135 8 2159 294 F: 3 1 4 
2140 6 2158 294 F: 5 1 
2145 8 2169 24 F: 5 3 
2160 8 2168 158 F: 3 3 2 
2182 12 2206 290 F: 5 4 3 
2183 13 2196 344 F: 13 
2196 11 2229 237 F: 4 3 4 
2198 9 2216 263 F: 5 4 
2247 8 2271 110 F: 3 2 3 
2250 8 2274 145 F: 3 1 4 
2254 11 2287 329 F: 5 3 3 
2265 7 2279 101 F: 6 1 
2266 2 2268 241 F: 2 
2274 7 2281 314 F: 3 4 
2275 10 2315 31 F: 4 6 
2283 7 2311 295 F: 3 2 2 
2291 7 2305 81 F: 2 1 4 
2293 7 2307 147 F: 7 
2300 11 2344 94 F: 4 3 4 
2308 10 2348 62 F: 5 5 
2314 9 2332 301 F: 5 1 3 
2329 8 2361 320 F: 8 
2333 9 2360 42 F: 5 1 3 
2363 9 2381 271 F: 2 4 3 
2377 5 2387 185 F: 2 3 
2384 10 2424 79 F: 10 
2391 10 2421 33 F: 3 4 3 
2393 12 2429 337 F: 12 
2401 7 2429 126 F: 6 1 
2405 5 2415 242 F: 4 1 
2405 6 2423 276 F: 4 1 1 
2406 7 2434 128 F: 2 5 
2417 4 2429 202 F: 3 1 
2418 12 2442 336 F: 7 5 
2428 10 2458 348 F: 5 2 3 
2447 9 2465 336 F: 4 2 3 
2456 5 2471 191 F: 4 1 
2481 10 2511 43 F: 10 
2504 12 2528 338 F: 12 
2516 9 2552 108 F: 9 
2518 7 2525 240 F: 5 2 
2527 12 2551 258 F: 4 4 4 
2545 8 2561 34 F: 8 
2554 4 2566 11 F: 4 
2575 2 2581 96 F: 2 
2579 5 2589 321 F: 3 2 
2593 5 2598 27 F: 4 1 
2598 4 2614 15 F: 3 1 
2608 8 2632 245 F: 5 3 
2609 9 2627 143 F: 9 
2610 10 2640 73 F: 2 4 4 
2626 8 2642 215 F: 4 3 1 
2639 9 2657 346 F: 4 4 1 
2641 4 2653 203 F: 4 
2651 5 2656 156 F: 2 3 
2664 12 2676 314 F: 12 
2684 7 2705 124 F: 2 5 
2688 8 2704 9 F: 8 
2721 7 2728 13 F: 3 1 3 
2733 9 2751 252 F: 5 1 3 
2737 13 2750 322 F: 13 
2745 7 2766 326 F: 5 2 
2756 10 2776 167 F: 6 4 
2760 5 2770 273 F: 5 
2766 9 2802 137 F: 3 3 3 
2768 5 2788 268 F: 5 
2774 3 2780 129 F: 3 
2776 12 2788 95 F: 6 6 
2818 5 2828 186 F: 2 1 2 
2823 10 2843 240 F: 5 4 1 
2826 6 2844 230 F: 2 1 3 
2830 7 2851 232 F: 2 4 1 
2842 7 2863 140 F: 7 
2844 12 2856 230 F: 12 
2851 7 2865 131 F: 6 1 
2881 11 2892 82 F: 5 2 4 
2881 12 2929 327 F: 12 
2884 8 2908 137 F: 7 1 
2904 11 2915 80 F: 11 
2907 8 2939 334 F: 3 3 2 
2908 6 2926 330 F: 4 1 1 
2923 4 2939 255 F: 3 1 
2926 11 2937 212 F: 4 4 3 
2970 9 3006 139 F: 4 4 1 
2972 5 2977 266 F: 4 1 
2980 7 2994 15 F: 5 1 1 
2986 6 2998 2 F: 4 1 1 
2991 6 3015 280 F: 6 
3004 10 3024 193 F: 6 4 
3033 12 3045 202 F: 12 
3036 9 3072 137 F: 9 
3050 6 3062 341 F: 4 2 
3063 7 3077 337 F: 2 1 4 
3064 6 3070 55 F: 3 1 2 
3075 6 3099 174 F: 3 1 2 
3081 2 3089 293 F: 2 
3085 4 3097 335 F: 4 
3089 8 3121 285 F: 5 1 2 
3101 9 3110 95 F: 5 3 1 
3102 7 3109 257 F: 3 3 1 
3118 4 3134 286 F: 3 1 
3118 10 3158 255 F: 2 4 4 
3121 7 3149 235 F: 4 3 
3134 8 3166 222 F: 4 1 3 
3145 11 3167 227 F: 3 4 4 
3167 9 3203 227 F: 5 4 
3184 9 3202 310 F: 3 4 2 
3187 10 3217 284 F: 7 3 
3209 6 3221 30 F: 2 2 2 
3211 11 3233 140 F: 7 4 
3216 8 3248 132 F: 4 4 
3231 2 3239 79 F: 2 
3235 5 3240 67 F: 5 
3242 8 3274 230 F: 3 4 1 
3242 12 3290 137 F: 6 6 
3253 5 3263 72 F: 5 
3294 5 3309 85 F: 5 
3297 6 3321 115 F: 4 2 
3303 3 3306 18 F: 3 
3305 11 3327 322 F: 4 4 3 
3318 9 3336 178 F: 7 2 
3346 7 3360 277 F: 2 3 2 
3354 8 3386 307 F: 3 3 2 
3375 12 3387 107 F: 7 5 
3378 12 3426 284 F: 5 3 4 
3391 5 3411 140 F: 2 1 2 
3393 9 3402 168 F: 7 2 
3394 6 3418 272 F: 3 2 1 
3405 5 3410 204 F: 3 1 1 
3410 5 3430 28 F: 2 1 2 
3427 6 3451 285 F: 6 
3432 11 3443 199 F: 5 6 
3446 2 3454 74 F: 2 
3466 8 3474 162 F: 4 2 2 
3474 6 3480 86 F: 3 2 1 
3477 6 3501 221 F: 2 2 2 
3477 13 3503 61 F: 13 
3479 10 3499 38 F: 4 6 
D: 5 194 
D: 10 290 
D: 10 314 
D: 15 186 
D: 19 37 
D: 19 61 
D: 20 331 
D: 40 42 
D: 40 156 
D: 47 67 
D: 51 107 
D: 52 149 
D: 54 290 
D: 66 306 
D: 67 143 
D: 82 224 
D: 82 244 
D: 86 135 
D: 90 126 
D: 91 148 
D: 92 144 
D: 108 344 
D: 109 175 
D: 121 135 
D: 151 261 
D: 183 266 
D: 198 338 
D: 203 317 
D: 210 300 
D: 222 273 
D: 223 308 
D: 236 338 
D: 244 275 
D: 284 323 
D: 292 325 
