4 10 44 127 F: 4 3 3 
4 13 30 60 F: 7 6 
11 4 15 182 F: 4 
45 8 77 283 F: 4 1 3 
48 8 56 174 F: 4 4 
54 2 62 212 F: 2 
69 10 79 270 F: 10 
71 8 87 216 F: 2 4 2 
72 2 76 217 F: 2 
80 9 89 204 F: 4 1 4 
116 10 146 250 F: 5 5 
136 2 138 92 F: 2 
139 7 153 107 F: 2 3 2 
139 11 150 72 F: 5 6 
144 9 171 100 F: 4 2 3 
146 6 164 244 F: 6 
164 2 172 178 F: 2 
169 11 191 265 F: 11 
186 11 197 239 F: 3 4 4 
190 4 198 51 F: 4 
205 9 223 60 F: 4 5 
212 8 220 47 F: 8 
216 3 222 126 F: 2 1 
225 7 232 158 F: 3 3 1 
256 11 267 67 F: 7 4 
259 9 277 186 F: 9 
270 4 274 95 F: 4 
270 13 309 201 F: 13 
273 3 276 27 F: 3 
299 6 305 107 F: 2 2 2 
301 9 337 5 F: 9 
304 7 311 16 F: 2 2 3 
306 9 333 71 F: 5 1 3 
337 8 353 176 F: 8 
342 3 345 184 F: 2 1 
354 8 362 79 F: 3 5 
382 2 386 54 F: 2 
385 6 391 140 F: 6 
387 8 395 236 F: 2 3 3 
399 9 417 242 F: 4 5 
402 6 408 183 F: 2 4 
403 8 419 15 F: 5 2 1 
404 8 436 227 F: 7 1 
415 6 427 182 F: 6 
416 13 429 147 F: 13 
428 8 460 129 F: 5 1 2 
429 4 441 291 F: 4 
434 7 455 267 F: 4 1 2 
469 11 491 247 F: 11 
480 5 490 242 F: 2 1 2 
505 9 523 134 F: 6 3 
506 11 550 175 F: 11 
540 6 564 282 F: 4 1 1 
555 12 579 233 F: 6 6 
557 7 578 16 F: 3 2 2 
562 12 610 232 F: 7 5 
572 12 584 212 F: 12 
574 8 590 35 F: 3 2 3 
580 8 588 141 F: 8 
582 6 594 298 F: 3 2 1 
633 6 645 101 F: 3 3 
633 10 663 165 F: 10 
640 8 656 49 F: 2 6 
649 10 689 158 F: 10 
653 6 671 153 F: 6 
655 8 679 49 F: 8 
667 13 719 171 F: 7 6 
668 8 700 196 F: 3 3 2 
668 11 690 111 F: 11 
690 10 700 283 F: 6 4 
705 8 713 73 F: 3 4 1 
705 11 727 69 F: 5 6 
713 4 729 233 F: 2 2 
720 9 747 214 F: 3 6 
730 4 746 166 F: 3 1 
753 5 773 236 F: 3 2 
762 10 802 134 F: 4 3 3 
785 10 815 173 F: 6 4 
797 7 818 293 F: 4 2 1 
797 10 827 42 F: 10 
805 5 810 1 F: 5 
807 6 831 164 F: 2 2 2 
810 10 840 80 F: 5 1 4 
820 7 827 275 F: 5 1 1 
842 5 847 29 F: 5 
844 2 848 300 F: 2 
866 6 872 117 F: 6 
874 3 883 9 F: 3 
895 10 905 90 F: 4 6 
898 9 925 270 F: 4 1 4 
922 9 931 159 F: 3 6 
936 6 942 207 F: 6 
937 3 946 12 F: 3 
938 11 949 115 F: 7 4 
944 5 959 69 F: 3 2 
944 7 972 205 F: 6 1 
965 3 974 97 F: 3 
986 9 995 260 F: 9 
989 9 998 159 F: 9 
995 3 1007 168 F: 2 1 
1006 9 1033 49 F: 6 3 
1032 4 1048 204 F: 4 
1037 7 1058 259 F: 3 4 
1038 10 1048 175 F: 4 6 
1044 8 1076 248 F: 2 4 2 
1048 7 1076 188 F: 7 
1050 8 1074 250 F: 8 
1055 2 1063 242 F: 2 
1089 12 1125 209 F: 12 
1099 12 1135 98 F: 7 5 
1106 9 1142 83 F: 5 1 3 
1110 7 1124 134 F: 3 2 2 
1127 8 1151 173 F: 3 5 
1138 7 1152 219 F: 3 4 
1144 8 1176 82 F: 3 1 4 
1145 12 1193 5 F: 4 4 4 
1155 12 1167 196 F: 6 6 
1167 6 1179 171 F: 3 3 
1186 11 1219 126 F: 11 
1197 3 1203 244 F: 3 
1204 9 1222 121 F: 2 4 3 
1220 6 1244 208 F: 2 4 
1220 12 1244 143 F: 5 4 3 
1222 2 1226 144 F: 2 
1230 4 1238 20 F: 2 2 
1249 8 1265 247 F: 2 6 
1254 3 1257 223 F: 3 
1272 6 1290 85 F: 2 3 1 
1279 5 1289 59 F: 3 1 1 
1280 10 1290 96 F: 4 6 
1302 9 1320 96 F: 7 2 
1315 13 1367 271 F: 13 
1325 9 1352 181 F: 6 3 
1327 5 1347 297 F: 4 1 
1335 7 1356 168 F: 7 
1336 8 1344 248 F: 7 1 
1339 12 1375 265 F: 12 
1360 10 1370 41 F: 5 4 1 
1369 4 1385 67 F: 4 
1377 7 1398 287 F: 5 2 
1406 9 1433 263 F: 5 3 1 
1408 7 1436 41 F: 5 2 
1430 10 1470 92 F: 5 1 4 
1431 7 1438 43 F: 7 
1442 2 1450 54 F: 2 
1458 5 1463 193 F: 4 1 
1470 10 1500 6 F: 7 3 
1479 7 1493 146 F: 5 1 1 
1482 12 1506 79 F: 5 4 3 
1488 11 1510 139 F: 4 3 4 
1500 4 1508 2 F: 4 
1500 7 1514 295 F: 4 2 1 
1515 8 1523 147 F: 2 6 
1526 9 1544 154 F: 9 
1552 7 1566 203 F: 5 1 1 
1555 8 1579 49 F: 8 
1556 8 1572 162 F: 8 
1557 8 1565 171 F: 6 2 
1583 6 1607 145 F: 4 2 
1591 5 1606 142 F: 2 3 
1611 7 1625 220 F: 5 2 
1620 9 1629 232 F: 4 1 4 
1634 10 1654 282 F: 3 3 4 
1650 7 1671 252 F: 7 
1655 9 1691 40 F: 9 
1656 11 1678 236 F: 11 
1661 4 1665 57 F: 2 2 
1665 6 1671 79 F: 5 1 
1668 13 1694 60 F: 13 
1684 12 1696 231 F: 7 5 
1704 4 1712 167 F: 3 1 
1709 9 1727 32 F: 3 4 2 
1721 6 1739 76 F: 4 1 1 
1722 9 1758 65 F: 4 4 1 
1731 9 1758 64 F: 4 3 2 
1744 6 1768 80 F: 6 
1763 13 1802 214 F: 13 
1766 10 1786 46 F: 10 
1791 9 1809 109 F: 9 
1793 5 1798 204 F: 5 
1806 8 1830 7 F: 8 
1814 7 1835 61 F: 7 
1818 7 1825 269 F: 3 4 
1832 6 1844 241 F: 2 3 1 
1835 8 1843 235 F: 7 1 
1844 11 1866 251 F: 5 6 
1862 10 1892 21 F: 5 2 3 
1875 9 1893 299 F: 4 3 2 
1890 9 1926 131 F: 3 6 
1892 11 1936 106 F: 7 4 
1924 11 1946 32 F: 5 6 
1933 8 1957 129 F: 4 4 
1944 8 1968 275 F: 6 2 
1948 6 1960 223 F: 2 3 1 
1955 7 1962 116 F: 2 4 1 
1956 4 1964 29 F: 4 
1958 4 1966 102 F: 3 1 
1961 7 1968 262 F: 7 
1973 9 1982 50 F: 9 
1976 10 2016 237 F: 3 4 3 
2014 6 2038 272 F: 3 3 
2017 8 2049 265 F: 4 2 2 
2020 9 2038 229 F: 9 
2031 5 2046 35 F: 4 1 
2034 4 2050 236 F: 4 
2035 8 2043 281 F: 3 3 2 
2040 6 2058 61 F: 6 
2064 13 2103 38 F: 13 
2080 11 2091 260 F: 5 3 3 
2098 6 2116 177 F: 2 3 1 
2111 7 2132 141 F: 3 2 2 
2113 13 2139 222 F: 5 4 4 
2115 8 2147 57 F: 5 3 
2134 9 2143 121 F: 3 4 2 
2150 10 2180 26 F: 6 4 
2157 8 2189 275 F: 8 
2157 10 2187 12 F: 4 2 4 
2163 4 2171 11 F: 4 
2165 6 2189 289 F: 6 
2169 10 2189 103 F: 6 4 
2248 12 2260 74 F: 12 
2250 12 2274 67 F: 12 
2252 11 2285 114 F: 4 4 3 
2263 13 2302 72 F: 7 6 
2265 5 2270 77 F: 5 
2266 10 2276 192 F: 4 2 4 
2278 13 2304 233 F: 13 
2280 7 2294 3 F: 2 3 2 
2288 7 2309 181 F: 4 3 
2291 2 2299 186 F: 2 
2303 5 2318 202 F: 2 3 
2306 9 2333 202 F: 9 
2310 9 2319 7 F: 6 3 
2310 10 2330 136 F: 2 4 4 
2325 9 2343 189 F: 3 6 
2338 7 2359 95 F: 3 3 1 
2342 11 2353 24 F: 11 
2345 11 2356 158 F: 5 6 
2368 6 2374 94 F: 2 3 1 
2373 13 2386 148 F: 13 
2405 5 2420 230 F: 3 1 1 
2405 12 2417 216 F: 4 4 4 
2416 8 2448 136 F: 8 
2448 6 2472 105 F: 3 1 2 
2448 7 2462 191 F: 2 5 
2456 9 2483 177 F: 7 2 
2461 7 2468 198 F: 2 3 2 
2461 7 2482 151 F: 7 
2479 8 2487 167 F: 7 1 
2487 9 2523 9 F: 6 3 
2514 5 2529 247 F: 5 
2518 6 2536 19 F: 4 2 
2532 9 2541 220 F: 3 3 3 
2533 11 2577 217 F: 3 4 4 
2536 3 2542 209 F: 3 
2545 9 2581 163 F: 7 2 
2549 5 2559 26 F: 2 1 2 
2576 8 2592 258 F: 2 4 2 
2593 10 2623 299 F: 10 
2598 9 2625 198 F: 7 2 
2604 10 2634 253 F: 10 
2608 2 2614 106 F: 2 
2609 6 2621 46 F: 5 1 
2634 10 2654 262 F: 7 3 
2646 2 2652 299 F: 2 
2646 8 2654 186 F: 7 1 
2656 6 2668 203 F: 3 1 2 
2662 7 2676 124 F: 2 3 2 
2669 7 2697 287 F: 3 1 3 
2670 8 2678 248 F: 8 
2708 9 2735 83 F: 3 6 
2710 4 2722 223 F: 4 
2748 13 2774 37 F: 13 
2753 3 2759 19 F: 3 
2765 5 2780 94 F: 5 
2765 6 2771 109 F: 4 2 
2768 7 2775 8 F: 3 2 2 
2777 11 2799 126 F: 6 5 
2795 9 2822 40 F: 4 5 
2796 11 2829 220 F: 5 4 2 
2820 9 2856 174 F: 4 5 
2823 12 2847 290 F: 12 
2841 10 2861 88 F: 10 
2842 8 2858 51 F: 8 
2843 11 2854 260 F: 11 
2855 9 2891 42 F: 4 1 4 
2859 8 2875 167 F: 5 2 1 
2880 7 2887 50 F: 5 2 
2880 12 2892 284 F: 5 3 4 
2886 7 2900 245 F: 3 1 3 
2931 13 2983 226 F: 13 
2933 8 2965 77 F: 7 1 
2936 9 2954 245 F: 4 2 3 
2940 7 2968 138 F: 4 1 2 
2941 8 2965 181 F: 2 4 2 
2942 11 2953 43 F: 11 
2947 9 2983 288 F: 9 
2950 11 2994 186 F: 3 4 4 
2964 9 3000 41 F: 9 
2968 9 2995 111 F: 3 6 
D: 1 123 
D: 5 171 
D: 12 136 
D: 15 24 
D: 24 233 
D: 26 116 
D: 32 101 
D: 48 226 
D: 49 235 
D: 53 76 
D: 55 82 
D: 69 79 
D: 71 174 
D: 73 98 
D: 74 176 
D: 80 104 
D: 87 240 
D: 88 207 
D: 89 112 
D: 92 203 
D: 116 136 
D: 139 183 
D: 153 221 
D: 161 200 
D: 162 190 
D: 176 211 
D: 192 249 
D: 204 289 
D: 214 232 
D: 229 277 
