11 3 23 290 F: 3 
13 8 21 209 F: 4 4 
27 5 42 66 F: 5 
28 5 43 14 F: 2 3 
33 5 38 264 F: 3 1 1 
38 9 74 270 F: 7 2 
44 7 65 17 F: 3 2 2 
52 10 72 237 F: 10 
69 12 105 218 F: 12 
78 10 118 214 F: 3 3 4 
107 7 121 217 F: 3 3 1 
108 9 126 3 F: 3 4 2 
141 7 148 51 F: 3 4 
141 8 149 160 F: 7 1 
159 11 181 207 F: 11 
161 6 179 239 F: 6 
163 10 183 151 F: 5 2 3 
165 9 174 28 F: 3 2 4 
193 6 211 114 F: 4 1 1 
193 7 214 223 F: 2 1 4 
206 9 215 31 F: 2 4 3 
218 11 262 43 F: 7 4 
219 5 239 279 F: 2 2 1 
225 12 249 254 F: 5 3 4 
239 12 263 272 F: 7 5 
243 8 267 77 F: 7 1 
250 10 280 250 F: 6 4 
266 4 270 165 F: 4 
266 8 298 48 F: 6 2 
271 7 278 213 F: 3 4 
303 4 307 48 F: 4 
311 8 335 218 F: 8 
314 6 338 238 F: 6 
318 12 342 60 F: 6 6 
324 10 344 283 F: 4 4 2 
328 8 336 81 F: 3 4 1 
355 7 369 193 F: 2 5 
382 4 394 143 F: 4 
386 9 422 139 F: 9 
397 11 408 43 F: 5 4 2 
424 10 444 124 F: 10 
425 5 440 78 F: 2 3 
428 13 480 64 F: 13 
452 10 482 60 F: 5 4 1 
453 10 463 201 F: 5 3 2 
455 10 495 246 F: 5 4 1 
461 11 505 127 F: 6 5 
467 11 478 158 F: 11 
474 8 490 269 F: 3 5 
487 7 515 119 F: 2 4 1 
508 12 544 4 F: 12 
513 9 531 128 F: 9 
520 12 544 64 F: 12 
525 12 537 151 F: 4 4 4 
535 7 556 23 F: 7 
551 5 571 262 F: 5 
554 11 598 57 F: 3 4 4 
566 7 594 128 F: 2 4 1 
585 8 609 45 F: 4 4 
588 13 601 72 F: 13 
606 6 612 163 F: 6 
606 7 620 255 F: 3 1 3 
628 7 635 101 F: 2 5 
632 12 656 1 F: 7 5 
636 7 643 35 F: 7 
643 8 651 250 F: 4 1 3 
643 8 659 197 F: 8 
669 3 672 272 F: 2 1 
689 11 733 56 F: 6 5 
694 10 704 82 F: 5 4 1 
705 2 707 200 F: 2 
729 12 753 163 F: 5 4 3 
732 4 740 159 F: 4 
755 8 771 160 F: 5 2 1 
756 3 768 115 F: 2 1 
776 6 782 193 F: 3 2 1 
783 11 827 68 F: 11 
787 6 793 239 F: 4 1 1 
793 3 805 276 F: 3 
796 6 808 238 F: 6 
821 11 832 117 F: 11 
830 7 851 169 F: 7 
855 6 867 277 F: 4 2 
862 9 871 183 F: 2 4 3 
881 10 921 44 F: 5 2 3 
885 5 905 130 F: 3 2 
885 7 892 29 F: 2 5 
888 3 900 66 F: 3 
894 10 934 1 F: 7 3 
897 9 933 109 F: 4 3 2 
900 13 926 246 F: 7 6 
904 13 930 187 F: 13 
930 6 942 280 F: 5 1 
942 8 958 176 F: 8 
961 5 976 202 F: 2 3 
980 2 986 90 F: 2 
984 4 1000 230 F: 4 
988 6 994 295 F: 6 
993 12 1029 238 F: 4 4 4 
996 8 1028 18 F: 2 6 
1002 10 1042 5 F: 10 
1012 6 1018 102 F: 3 3 
1020 10 1050 268 F: 3 4 3 
1024 8 1056 23 F: 2 3 3 
1042 7 1049 265 F: 7 
1045 10 1075 132 F: 10 
1070 9 1097 184 F: 4 1 4 
1072 10 1102 223 F: 5 5 
1077 4 1085 157 F: 4 
1080 9 1098 90 F: 9 
1105 8 1129 200 F: 8 
1107 11 1129 106 F: 11 
1120 5 1140 64 F: 5 
1134 5 1154 99 F: 3 1 1 
1146 12 1170 250 F: 12 
1159 9 1186 122 F: 9 
1170 9 1179 94 F: 4 3 2 
1172 13 1185 224 F: 7 6 
1176 7 1190 265 F: 4 3 
1181 3 1184 170 F: 3 
1200 8 1216 35 F: 2 2 4 
1203 6 1221 6 F: 6 
1206 13 1258 222 F: 13 
1224 6 1248 156 F: 2 2 2 
1239 8 1247 48 F: 8 
1252 12 1264 241 F: 6 6 
1258 8 1290 206 F: 8 
1264 5 1284 22 F: 3 2 
1272 6 1290 238 F: 5 1 
1297 8 1305 92 F: 3 5 
1303 4 1311 267 F: 4 
1311 8 1319 135 F: 4 1 3 
1326 3 1335 261 F: 2 1 
1341 9 1377 40 F: 5 1 3 
1358 6 1364 190 F: 6 
1364 8 1380 228 F: 4 4 
1377 10 1407 128 F: 5 4 1 
1387 10 1397 109 F: 10 
1389 6 1395 234 F: 2 4 
1391 10 1431 156 F: 4 4 2 
1405 2 1407 87 F: 2 
1407 3 1416 86 F: 2 1 
1410 4 1426 221 F: 2 2 
1424 5 1439 24 F: 2 3 
1426 9 1435 66 F: 3 3 3 
1458 9 1467 276 F: 7 2 
1472 12 1496 75 F: 7 5 
1473 7 1487 70 F: 2 5 
1477 10 1487 230 F: 5 3 2 
1479 5 1484 56 F: 4 1 
1502 8 1518 40 F: 4 4 
1504 8 1528 34 F: 3 3 2 
1507 8 1531 44 F: 5 3 
1519 3 1522 58 F: 3 
1546 7 1574 217 F: 3 1 3 
1571 9 1598 33 F: 3 6 
1581 7 1588 185 F: 3 3 1 
1582 8 1614 285 F: 3 5 
1589 12 1601 88 F: 12 
1590 5 1600 21 F: 5 
1616 8 1624 135 F: 2 2 4 
1624 9 1633 106 F: 7 2 
1625 12 1661 199 F: 7 5 
1635 8 1643 137 F: 3 1 4 
1645 7 1659 90 F: 5 2 
1661 10 1691 31 F: 10 
1666 11 1677 258 F: 7 4 
1686 8 1710 202 F: 8 
1692 8 1716 193 F: 4 4 
1693 8 1701 217 F: 2 4 2 
1700 8 1724 16 F: 3 5 
1722 8 1738 31 F: 4 4 
1740 12 1764 240 F: 4 4 4 
1740 12 1788 132 F: 12 
1752 11 1796 53 F: 5 2 4 
1754 9 1763 47 F: 5 4 
1761 11 1805 190 F: 5 4 2 
1780 2 1782 294 F: 2 
1794 13 1846 11 F: 5 4 4 
1797 9 1824 15 F: 5 4 
1824 6 1842 212 F: 2 3 1 
1832 13 1884 36 F: 13 
1852 10 1892 183 F: 4 3 3 
1854 10 1894 215 F: 10 
1857 8 1865 139 F: 8 
1864 12 1912 146 F: 5 3 4 
1867 10 1897 126 F: 6 4 
1871 3 1883 104 F: 3 
1871 4 1887 48 F: 4 
1876 8 1908 204 F: 8 
1915 7 1929 92 F: 3 4 
1916 7 1937 32 F: 3 1 3 
1925 9 1934 128 F: 3 6 
1933 9 1942 168 F: 3 2 4 
1944 3 1947 72 F: 3 
1955 8 1987 184 F: 5 3 
1957 9 1993 24 F: 9 
1965 7 1972 43 F: 2 5 
1968 7 1996 129 F: 6 1 
1983 7 1997 35 F: 4 1 2 
2000 12 2024 117 F: 5 4 3 
2003 11 2036 197 F: 7 4 
2020 9 2056 128 F: 5 3 1 
2028 9 2064 159 F: 7 2 
2044 12 2068 245 F: 12 
2046 7 2067 115 F: 5 1 1 
2051 10 2081 259 F: 5 5 
2062 4 2070 105 F: 4 
2070 9 2106 200 F: 4 5 
2075 12 2111 254 F: 6 6 
2101 7 2129 160 F: 2 1 4 
2110 2 2118 109 F: 2 
2122 5 2137 236 F: 5 
2123 8 2139 79 F: 5 3 
2134 10 2144 3 F: 5 5 
2164 5 2169 261 F: 2 3 
2176 8 2208 52 F: 2 6 
2176 11 2220 168 F: 6 5 
2187 8 2203 191 F: 2 2 4 
2198 8 2214 63 F: 6 2 
2213 5 2218 68 F: 3 1 1 
2222 5 2232 202 F: 2 3 
2224 12 2260 94 F: 12 
2225 8 2249 282 F: 3 3 2 
2226 7 2240 46 F: 7 
2261 4 2269 197 F: 4 
2275 10 2315 72 F: 10 
2289 12 2301 191 F: 7 5 
2296 3 2308 143 F: 3 
2299 8 2323 296 F: 2 3 3 
2316 4 2320 251 F: 4 
2324 8 2348 219 F: 3 3 2 
2326 10 2336 293 F: 4 6 
2333 6 2351 289 F: 3 1 2 
2358 11 2369 55 F: 11 
2361 6 2367 245 F: 3 2 1 
2372 7 2379 146 F: 6 1 
2382 10 2412 134 F: 4 4 2 
2385 13 2398 150 F: 13 
2386 6 2410 181 F: 6 
2412 2 2414 130 F: 2 
2437 6 2455 157 F: 6 
2440 4 2448 172 F: 4 
2451 9 2487 134 F: 2 3 4 
2453 11 2475 297 F: 11 
2467 7 2481 300 F: 3 4 
2475 9 2493 36 F: 9 
2485 7 2513 208 F: 7 
2486 11 2497 241 F: 5 6 
2491 8 2515 255 F: 2 6 
2505 6 2517 206 F: 6 
2522 10 2552 132 F: 5 3 2 
2524 10 2544 205 F: 10 
2528 5 2548 94 F: 4 1 
2531 4 2539 259 F: 4 
2536 11 2569 142 F: 5 2 4 
2545 8 2577 121 F: 7 1 
2561 10 2571 33 F: 6 4 
2580 8 2596 224 F: 3 5 
2596 11 2607 200 F: 11 
2607 8 2631 229 F: 8 
2612 12 2660 230 F: 4 4 4 
2616 13 2642 119 F: 7 6 
2617 7 2638 18 F: 5 1 1 
2625 8 2641 137 F: 5 3 
2631 6 2655 209 F: 3 2 1 
2656 5 2676 255 F: 2 1 2 
2662 9 2698 246 F: 9 
2673 8 2681 132 F: 4 4 
2692 4 2708 258 F: 4 
2711 9 2729 49 F: 4 1 4 
2723 11 2734 201 F: 11 
2757 10 2797 262 F: 5 5 
2764 2 2768 209 F: 2 
2768 11 2801 138 F: 7 4 
2769 9 2796 51 F: 6 3 
2769 9 2796 246 F: 5 4 
2772 11 2816 216 F: 7 4 
2784 7 2805 224 F: 3 3 1 
2796 13 2835 219 F: 13 
2802 7 2823 107 F: 6 1 
2821 6 2827 24 F: 5 1 
2823 10 2863 138 F: 10 
2835 11 2879 105 F: 5 3 3 
2838 13 2890 157 F: 13 
2840 7 2854 137 F: 5 1 1 
2846 9 2882 5 F: 5 4 
2870 8 2878 78 F: 4 3 1 
2878 6 2902 41 F: 2 4 
2888 9 2924 276 F: 3 6 
2911 9 2938 274 F: 3 4 2 
2937 10 2977 42 F: 10 
2939 7 2946 14 F: 4 3 
2943 9 2979 88 F: 5 4 
2947 10 2967 93 F: 4 4 2 
2954 7 2975 21 F: 2 2 3 
2958 9 2985 25 F: 4 5 
2960 11 2971 36 F: 11 
2978 9 3005 149 F: 5 3 1 
2998 8 3030 247 F: 8 
D: 2 238 
D: 3 124 
D: 4 43 
D: 11 159 
D: 18 35 
D: 29 272 
D: 38 182 
D: 38 210 
D: 48 179 
D: 58 254 
D: 66 273 
D: 68 157 
D: 75 87 
D: 77 133 
D: 81 149 
D: 91 137 
D: 110 125 
D: 123 255 
D: 134 136 
D: 134 286 
D: 158 264 
D: 161 299 
D: 166 176 
D: 168 174 
D: 183 260 
D: 186 221 
D: 199 299 
D: 252 296 
D: 263 298 
D: 288 297 
