10 8 18 289 F: 8 
11 12 35 328 F: 5 3 4 
41 9 68 168 F: 6 3 
41 11 63 110 F: 5 2 4 
49 7 70 81 F: 6 1 
64 13 103 282 F: 13 
77 10 117 79 F: 3 4 3 
78 13 117 125 F: 13 
85 7 92 340 F: 5 1 1 
95 7 109 232 F: 5 1 1 
121 5 141 189 F: 3 1 1 
130 7 151 328 F: 3 4 
144 4 160 81 F: 2 2 
150 4 154 195 F: 2 1 1 
157 2 159 340 F: 2 
175 4 187 76 F: 4 
181 9 208 145 F: 7 2 
182 12 218 98 F: 12 
190 9 226 250 F: 9 
195 5 210 266 F: 2 2 1 
202 3 211 271 F: 3 
217 4 229 218 F: 2 2 
219 6 243 190 F: 3 1 2 
233 6 251 165 F: 2 4 
235 8 267 285 F: 3 5 
250 9 268 313 F: 4 5 
269 12 305 28 F: 12 
287 7 301 157 F: 7 
288 7 295 288 F: 7 
289 9 316 127 F: 9 
319 13 345 147 F: 5 4 4 
320 4 332 230 F: 2 2 
332 9 368 315 F: 2 3 4 
336 6 348 277 F: 6 
344 13 370 138 F: 13 
361 10 371 247 F: 5 3 2 
373 12 385 52 F: 12 
381 6 405 96 F: 6 
386 4 390 105 F: 4 
396 8 412 37 F: 5 2 1 
410 10 420 339 F: 6 4 
433 7 447 162 F: 2 5 
442 9 478 242 F: 7 2 
454 6 478 235 F: 2 1 3 
454 7 461 87 F: 2 3 2 
462 7 483 4 F: 5 2 
476 6 500 302 F: 4 2 
482 8 514 165 F: 8 
483 9 492 263 F: 4 1 4 
488 2 494 203 F: 2 
502 8 526 43 F: 4 1 3 
504 9 513 10 F: 9 
508 8 540 345 F: 8 
531 8 539 81 F: 3 5 
534 11 578 292 F: 6 5 
542 13 594 275 F: 5 4 4 
552 7 573 34 F: 6 1 
552 9 561 175 F: 5 1 3 
566 13 618 105 F: 7 6 
584 9 620 173 F: 3 3 3 
602 8 618 224 F: 8 
603 10 633 294 F: 6 4 
610 8 634 75 F: 2 6 
616 11 638 322 F: 6 5 
646 4 658 153 F: 2 1 1 
657 7 671 160 F: 3 1 3 
659 7 673 61 F: 2 5 
665 7 672 185 F: 3 2 2 
673 10 693 219 F: 4 4 2 
685 9 703 241 F: 6 3 
701 9 710 293 F: 9 
703 9 730 278 F: 9 
707 9 743 335 F: 5 2 2 
726 12 750 183 F: 12 
727 7 734 41 F: 2 1 4 
731 8 763 106 F: 6 2 
738 4 750 317 F: 3 1 
751 7 779 297 F: 2 4 1 
772 9 799 80 F: 2 4 3 
785 7 813 329 F: 7 
812 10 822 50 F: 4 6 
838 7 845 58 F: 2 5 
843 8 875 37 F: 7 1 
855 10 875 117 F: 10 
867 7 895 195 F: 3 1 3 
876 11 920 323 F: 3 4 4 
877 2 881 110 F: 2 
881 11 925 299 F: 5 2 4 
881 12 929 5 F: 6 6 
894 11 905 106 F: 11 
925 8 957 203 F: 2 2 4 
925 10 965 154 F: 6 4 
932 6 950 284 F: 6 
933 8 965 67 F: 5 3 
937 8 961 311 F: 2 4 2 
950 6 962 69 F: 3 2 1 
958 7 979 187 F: 5 2 
979 8 995 143 F: 8 
990 5 1010 54 F: 5 
990 7 1018 29 F: 5 2 
1002 13 1028 89 F: 13 
1007 11 1051 149 F: 11 
1007 13 1059 157 F: 13 
1046 3 1055 114 F: 3 
1055 12 1067 338 F: 12 
1062 11 1084 34 F: 5 6 
1067 13 1093 70 F: 13 
1071 2 1077 164 F: 2 
1077 6 1083 127 F: 4 2 
1092 11 1125 343 F: 4 4 3 
1115 9 1124 105 F: 9 
1118 4 1126 277 F: 4 
1119 4 1131 259 F: 4 
1131 7 1159 90 F: 6 1 
1145 8 1161 270 F: 2 6 
1169 8 1193 81 F: 5 3 
1170 11 1192 331 F: 5 6 
1176 5 1191 56 F: 3 2 
1176 9 1194 184 F: 7 2 
1177 7 1205 41 F: 3 3 1 
1228 9 1237 249 F: 3 4 2 
1229 6 1253 205 F: 2 2 2 
1239 11 1261 348 F: 11 
1240 5 1255 65 F: 5 
1263 8 1295 83 F: 2 3 3 
1265 10 1285 335 F: 4 4 2 
1267 10 1307 309 F: 10 
1275 10 1295 25 F: 4 6 
1288 13 1314 171 F: 13 
1299 9 1335 212 F: 9 
1306 11 1339 78 F: 11 
1315 9 1333 149 F: 7 2 
1326 8 1358 68 F: 3 4 1 
1334 10 1374 212 F: 6 4 
1352 3 1364 57 F: 3 
1355 8 1379 107 F: 6 2 
1356 6 1368 46 F: 2 3 1 
1372 2 1374 176 F: 2 
1377 4 1393 279 F: 4 
1391 8 1399 296 F: 3 5 
1412 7 1419 329 F: 6 1 
1416 5 1436 126 F: 2 3 
1422 8 1430 335 F: 5 3 
1439 13 1478 210 F: 5 4 4 
1442 10 1452 322 F: 5 4 1 
1461 7 1475 59 F: 3 3 1 
1474 3 1480 139 F: 3 
1481 7 1509 115 F: 7 
1486 9 1513 287 F: 9 
1491 10 1511 167 F: 10 
1514 6 1532 49 F: 4 1 1 
1522 9 1549 198 F: 9 
1529 9 1538 199 F: 5 4 
1534 2 1540 192 F: 2 
1534 4 1538 116 F: 3 1 
1539 9 1557 61 F: 4 5 
1553 9 1571 115 F: 4 4 1 
1556 11 1578 302 F: 7 4 
1586 6 1598 271 F: 6 
1598 8 1606 205 F: 3 5 
1601 6 1613 231 F: 6 
1623 11 1645 137 F: 4 3 4 
1625 10 1665 84 F: 7 3 
1652 8 1676 330 F: 2 6 
1655 6 1667 248 F: 6 
1661 9 1679 181 F: 2 3 4 
1665 10 1705 12 F: 6 4 
1668 8 1684 198 F: 2 4 2 
1678 7 1699 45 F: 2 1 4 
1693 11 1737 117 F: 5 6 
1721 9 1757 61 F: 4 4 1 
1724 7 1745 58 F: 4 3 
1745 6 1769 124 F: 6 
1746 10 1776 302 F: 4 4 2 
1756 7 1763 215 F: 2 2 3 
1764 9 1800 54 F: 7 2 
1771 10 1801 135 F: 5 4 1 
1773 7 1780 214 F: 4 2 1 
1796 5 1816 58 F: 2 3 
1796 9 1805 9 F: 4 5 
1804 10 1824 125 F: 4 2 4 
1832 5 1852 145 F: 2 3 
1844 10 1864 146 F: 10 
1844 10 1874 156 F: 5 3 2 
1848 12 1884 111 F: 6 6 
1855 4 1863 76 F: 3 1 
1858 8 1866 145 F: 3 4 1 
1863 10 1873 142 F: 6 4 
1880 12 1916 285 F: 7 5 
1898 6 1916 89 F: 3 3 
1901 8 1933 251 F: 8 
1933 8 1957 345 F: 5 3 
1942 9 1969 117 F: 4 3 2 
1949 12 1961 293 F: 7 5 
1956 12 2004 346 F: 5 4 3 
1964 11 1986 181 F: 5 3 3 
1965 8 1989 99 F: 8 
1972 7 2000 283 F: 5 1 1 
1979 5 1999 238 F: 2 3 
1987 8 2011 197 F: 2 3 3 
2001 9 2028 61 F: 5 1 3 
2005 8 2029 266 F: 3 5 
2012 6 2036 299 F: 5 1 
2013 11 2024 148 F: 7 4 
2034 5 2054 268 F: 2 2 1 
2042 11 2064 340 F: 6 5 
2050 9 2068 290 F: 4 5 
2089 3 2098 319 F: 2 1 
2095 8 2111 88 F: 5 1 2 
2097 7 2104 292 F: 7 
2121 9 2130 172 F: 6 3 
2139 6 2157 95 F: 2 2 2 
2145 11 2167 213 F: 7 4 
2150 9 2177 334 F: 5 2 2 
2151 8 2159 117 F: 5 3 
2157 11 2168 59 F: 5 3 3 
2161 5 2171 221 F: 2 1 2 
2176 12 2188 186 F: 12 
2179 7 2200 294 F: 5 2 
2186 10 2196 66 F: 3 3 4 
2201 5 2221 200 F: 4 1 
2210 2 2212 277 F: 2 
2219 12 2243 186 F: 6 6 
2226 7 2233 252 F: 6 1 
2246 10 2286 299 F: 10 
2247 9 2283 168 F: 5 4 
2248 3 2260 38 F: 3 
2257 12 2293 269 F: 7 5 
2263 9 2281 311 F: 6 3 
2280 4 2288 322 F: 2 2 
2302 6 2308 208 F: 4 2 
2307 9 2325 329 F: 4 5 
2327 3 2330 153 F: 3 
2338 5 2343 85 F: 3 2 
2356 12 2392 349 F: 12 
2359 7 2373 110 F: 2 1 4 
2369 8 2385 131 F: 3 5 
2383 6 2395 314 F: 3 2 1 
2392 9 2401 340 F: 3 6 
2397 9 2424 125 F: 4 3 2 
2406 6 2412 283 F: 3 3 
2414 10 2434 121 F: 5 5 
2420 7 2427 63 F: 3 4 
2432 5 2442 171 F: 4 1 
2453 7 2467 249 F: 4 3 
2470 4 2474 176 F: 4 
2481 10 2491 304 F: 5 5 
2486 11 2508 348 F: 11 
2492 8 2516 156 F: 3 5 
2497 11 2541 124 F: 11 
2506 10 2516 332 F: 10 
2532 4 2548 8 F: 2 2 
2538 7 2552 331 F: 2 1 4 
2562 9 2571 134 F: 3 6 
2565 9 2592 137 F: 9 
2566 6 2572 229 F: 3 3 
2568 8 2584 30 F: 5 3 
2571 9 2598 157 F: 9 
2585 8 2617 22 F: 5 3 
2594 9 2630 255 F: 5 3 1 
2605 3 2611 27 F: 3 
2607 9 2616 272 F: 9 
2609 6 2621 208 F: 3 2 1 
2611 12 2635 110 F: 7 5 
2633 6 2645 280 F: 6 
2641 5 2651 346 F: 5 
2642 10 2662 320 F: 4 3 3 
2652 5 2672 171 F: 3 1 1 
2663 12 2711 267 F: 4 4 4 
2674 9 2692 211 F: 4 2 3 
2713 5 2733 141 F: 3 1 1 
2720 8 2736 121 F: 2 2 4 
2728 5 2743 229 F: 2 3 
2731 7 2745 178 F: 2 1 4 
2736 11 2780 161 F: 11 
2737 13 2750 158 F: 7 6 
2752 9 2779 294 F: 2 4 3 
2756 11 2800 138 F: 6 5 
2768 7 2775 269 F: 2 1 4 
2784 6 2790 64 F: 2 4 
2808 4 2820 315 F: 4 
2813 10 2843 184 F: 5 1 4 
2820 7 2827 337 F: 3 4 
2825 4 2833 174 F: 4 
2858 6 2864 226 F: 3 3 
2864 4 2868 277 F: 4 
2864 10 2884 236 F: 3 3 4 
2881 8 2889 201 F: 4 2 2 
2883 6 2907 292 F: 4 2 
2897 8 2905 124 F: 3 4 1 
2910 9 2928 124 F: 6 3 
2919 6 2937 294 F: 4 2 
2923 9 2941 299 F: 2 3 4 
2940 6 2958 51 F: 6 
2951 7 2972 293 F: 2 3 2 
2951 11 2995 33 F: 11 
2956 11 2989 132 F: 3 4 4 
2962 7 2976 9 F: 2 3 2 
2962 11 3006 216 F: 5 6 
2974 7 3002 230 F: 2 3 2 
3016 11 3038 236 F: 5 3 3 
3016 11 3060 30 F: 11 
3024 4 3032 303 F: 3 1 
3029 11 3073 296 F: 5 6 
3034 6 3040 1 F: 3 2 1 
3058 13 3110 283 F: 13 
3060 5 3075 285 F: 4 1 
3071 5 3086 164 F: 4 1 
3077 7 3084 231 F: 3 4 
3079 4 3087 192 F: 2 2 
3103 11 3136 117 F: 7 4 
3114 9 3123 342 F: 7 2 
3124 12 3148 110 F: 6 6 
3137 3 3149 267 F: 2 1 
3147 8 3179 166 F: 8 
3149 10 3179 25 F: 10 
3154 7 3161 115 F: 4 3 
3159 6 3177 240 F: 6 
3175 7 3196 316 F: 7 
3181 7 3195 266 F: 2 2 3 
3204 8 3220 156 F: 2 3 3 
3212 12 3236 301 F: 4 4 4 
3217 9 3235 116 F: 4 2 3 
3236 4 3248 185 F: 3 1 
3236 12 3284 126 F: 12 
3245 6 3257 19 F: 4 1 1 
3257 6 3281 274 F: 2 4 
3261 11 3305 292 F: 3 4 4 
3267 9 3276 73 F: 9 
3275 11 3308 89 F: 6 5 
3313 4 3325 292 F: 4 
3338 9 3356 88 F: 5 3 1 
3353 9 3362 325 F: 4 4 1 
3362 10 3372 220 F: 6 4 
3368 7 3389 135 F: 2 5 
3373 9 3400 289 F: 9 
3374 8 3382 9 F: 8 
3376 8 3408 105 F: 4 3 1 
3382 11 3426 340 F: 11 
3388 7 3416 283 F: 3 2 2 
3404 8 3412 291 F: 2 3 3 
3407 9 3434 20 F: 3 4 2 
3422 13 3435 83 F: 5 4 4 
3439 10 3459 289 F: 5 3 2 
3452 7 3459 252 F: 7 
3468 9 3504 12 F: 4 5 
3482 7 3510 315 F: 2 4 1 
3482 10 3512 326 F: 4 4 2 
3486 4 3498 181 F: 3 1 
3489 11 3522 225 F: 5 2 4 
D: 1 170 
D: 6 213 
D: 8 348 
D: 9 163 
D: 26 254 
D: 29 87 
D: 32 302 
D: 36 167 
D: 36 224 
D: 38 282 
D: 44 190 
D: 45 271 
D: 49 169 
D: 62 193 
D: 73 326 
D: 77 328 
D: 79 201 
D: 83 269 
D: 84 90 
D: 84 322 
D: 85 269 
D: 93 295 
D: 127 196 
D: 131 321 
D: 136 312 
D: 153 319 
D: 162 269 
D: 174 212 
D: 182 299 
D: 213 308 
D: 220 323 
D: 247 299 
D: 251 333 
D: 295 342 
D: 299 334 
