15 9 24 1 F: 3 6 
22 4 34 1 F: 3 1 
33 10 43 1 F: 10 
34 8 66 1 F: 5 3 
52 7 80 1 F: 4 1 2 
61 3 64 1 F: 3 
69 8 85 1 F: 5 3 
83 11 127 1 F: 11 
95 10 135 1 F: 7 3 
99 2 103 1 F: 2 
102 11 113 1 F: 11 
104 3 110 1 F: 3 
125 9 152 1 F: 4 4 1 
130 7 158 1 F: 5 1 1 
152 8 160 1 F: 3 1 4 
160 11 204 1 F: 11 
166 5 176 1 F: 2 3 
167 6 173 1 F: 2 4 
185 4 201 1 F: 2 1 1 
198 11 209 1 F: 11 
208 9 217 1 F: 7 2 
213 10 253 1 F: 10 
226 8 234 1 F: 5 3 
238 10 258 1 F: 5 5 
240 11 284 1 F: 5 2 4 
248 13 300 1 F: 13 
252 7 273 1 F: 2 5 
267 8 299 1 F: 4 1 3 
277 5 287 1 F: 3 1 1 
289 9 298 1 F: 7 2 
306 8 330 1 F: 3 3 2 
315 5 320 1 F: 5 
315 7 329 1 F: 6 1 
329 8 353 1 F: 3 5 
346 5 361 1 F: 5 
349 6 367 1 F: 4 1 1 
358 5 368 1 F: 3 2 
359 2 367 1 F: 2 
362 12 410 1 F: 12 
391 9 409 1 F: 5 1 3 
406 6 430 1 F: 6 
417 8 449 1 F: 8 
440 5 445 1 F: 5 
454 3 457 1 F: 3 
456 7 463 1 F: 7 
465 7 479 1 F: 3 1 3 
469 5 484 1 F: 3 1 1 
470 13 522 1 F: 13 
471 7 485 1 F: 2 4 1 
496 12 532 1 F: 12 
511 10 541 1 F: 5 1 4 
534 12 570 1 F: 12 
535 3 541 1 F: 2 1 
540 5 555 1 F: 5 
540 9 567 1 F: 2 3 4 
546 2 548 1 F: 2 
559 7 566 1 F: 4 2 1 
568 7 575 1 F: 3 4 
590 11 634 1 F: 11 
594 5 604 1 F: 3 1 1 
608 8 616 1 F: 8 
609 8 641 1 F: 6 2 
609 11 631 1 F: 5 4 2 
610 10 630 1 F: 5 2 3 
624 8 640 1 F: 8 
634 7 655 1 F: 5 2 
675 3 687 1 F: 3 
690 11 712 1 F: 5 6 
693 7 714 1 F: 5 2 
696 13 722 1 F: 13 
700 13 752 1 F: 13 
703 8 719 1 F: 2 2 4 
709 7 737 1 F: 3 4 
713 7 720 1 F: 6 1 
716 9 752 1 F: 5 4 
724 8 756 1 F: 4 4 
743 6 755 1 F: 3 3 
750 10 770 1 F: 4 3 3 
790 2 792 1 F: 2 
791 5 796 1 F: 4 1 
813 11 824 1 F: 5 6 
845 10 885 1 F: 5 2 3 
847 6 871 1 F: 4 2 
848 9 866 1 F: 6 3 
850 12 886 1 F: 7 5 
857 9 875 1 F: 9 
865 5 885 1 F: 5 
874 9 883 1 F: 5 4 
892 11 936 1 F: 5 4 2 
897 4 905 1 F: 4 
902 11 935 1 F: 11 
907 6 931 1 F: 6 
918 7 932 1 F: 5 1 1 
950 11 983 1 F: 5 3 3 
957 5 977 1 F: 2 3 
970 11 981 1 F: 11 
979 5 994 1 F: 2 1 2 
988 6 994 1 F: 6 
989 12 1025 1 F: 7 5 
991 10 1011 1 F: 6 4 
1009 9 1018 1 F: 6 3 
1030 6 1054 1 F: 3 2 1 
1037 7 1065 1 F: 5 1 1 
1039 7 1067 1 F: 2 1 4 
1043 5 1063 1 F: 3 2 
1055 9 1091 1 F: 6 3 
1063 10 1083 1 F: 6 4 
1072 11 1094 1 F: 11 
1084 10 1114 1 F: 5 3 2 
1098 11 1109 1 F: 5 2 4 
1113 6 1131 1 F: 3 3 
1114 7 1135 1 F: 4 3 
1133 6 1151 1 F: 4 1 1 
1146 10 1156 1 F: 5 5 
1158 7 1179 1 F: 3 3 1 
1169 2 1177 1 F: 2 
1174 6 1186 1 F: 4 2 
1178 8 1194 1 F: 6 2 
1198 5 1203 1 F: 3 1 1 
1198 5 1208 1 F: 4 1 
1207 5 1227 1 F: 2 1 2 
1213 11 1246 1 F: 7 4 
1221 7 1228 1 F: 3 3 1 
1242 5 1257 1 F: 5 
1251 7 1279 1 F: 6 1 
1251 10 1281 1 F: 10 
1252 11 1296 1 F: 6 5 
1261 6 1267 1 F: 6 
1276 7 1290 1 F: 3 2 2 
1295 5 1310 1 F: 3 2 
1309 13 1335 1 F: 13 
1333 8 1365 1 F: 4 2 2 
1353 3 1356 1 F: 3 
1371 5 1381 1 F: 3 1 1 
1383 6 1395 1 F: 3 1 2 
1385 4 1389 1 F: 4 
1388 12 1424 1 F: 12 
1395 4 1411 1 F: 4 
1396 2 1398 1 F: 2 
1398 5 1403 1 F: 3 1 1 
1403 7 1431 1 F: 4 3 
1403 8 1419 1 F: 4 3 1 
1407 6 1431 1 F: 6 
1448 11 1459 1 F: 5 4 2 
1454 5 1474 1 F: 3 2 
1454 10 1494 1 F: 5 2 3 
1456 12 1480 1 F: 12 
1459 10 1489 1 F: 5 4 1 
1467 4 1483 1 F: 4 
1487 13 1513 1 F: 13 
1530 6 1548 1 F: 3 3 
1533 10 1573 1 F: 6 4 
1540 7 1568 1 F: 5 1 1 
1548 9 1584 1 F: 7 2 
1552 8 1568 1 F: 6 2 
1569 5 1589 1 F: 2 2 1 
1581 13 1607 1 F: 13 
1582 11 1593 1 F: 5 4 2 
1585 10 1615 1 F: 4 2 4 
1593 5 1603 1 F: 5 
1615 10 1625 1 F: 10 
1620 12 1656 1 F: 12 
1626 4 1630 1 F: 4 
1627 3 1636 1 F: 3 
1631 8 1663 1 F: 3 4 1 
1631 11 1653 1 F: 3 4 4 
1646 7 1660 1 F: 5 2 
1675 10 1715 1 F: 2 4 4 
1680 5 1685 1 F: 5 
1695 4 1703 1 F: 4 
1701 11 1745 1 F: 5 2 4 
1702 6 1720 1 F: 6 
1720 7 1748 1 F: 2 3 2 
1721 5 1736 1 F: 3 2 
1734 13 1773 1 F: 13 
1741 6 1765 1 F: 6 
1749 9 1758 1 F: 4 5 
1755 6 1773 1 F: 3 2 1 
1781 3 1787 1 F: 3 
1795 9 1831 1 F: 4 1 4 
1805 2 1809 1 F: 2 
1813 8 1845 1 F: 5 2 1 
1816 4 1824 1 F: 4 
1833 6 1845 1 F: 3 2 1 
1841 5 1846 1 F: 5 
1842 2 1846 1 F: 2 
1848 13 1861 1 F: 13 
1849 3 1858 1 F: 3 
1870 8 1894 1 F: 5 1 2 
1897 7 1904 1 F: 4 2 1 
1901 7 1915 1 F: 7 
1903 9 1939 1 F: 4 1 4 
1926 10 1946 1 F: 10 
1943 6 1955 1 F: 5 1 
1947 9 1983 1 F: 4 1 4 
1966 12 1978 1 F: 12 
1978 5 1993 1 F: 3 2 
1982 6 2000 1 F: 4 2 
1989 10 1999 1 F: 6 4 
1994 9 2003 1 F: 3 4 2 
2013 6 2019 1 F: 6 
2016 6 2040 1 F: 5 1 
2026 13 2039 1 F: 13 
2031 8 2055 1 F: 3 3 2 
2038 4 2046 1 F: 4 
2062 13 2088 1 F: 5 4 4 
2063 7 2091 1 F: 2 1 4 
2066 4 2078 1 F: 4 
2070 7 2091 1 F: 5 1 1 
2074 7 2088 1 F: 7 
2102 8 2118 1 F: 3 3 2 
2112 9 2130 1 F: 7 2 
2113 11 2146 1 F: 3 4 4 
2116 5 2121 1 F: 4 1 
2135 6 2153 1 F: 5 1 
2144 6 2156 1 F: 2 4 
2146 7 2160 1 F: 7 
2166 7 2173 1 F: 2 5 
2182 8 2190 1 F: 7 1 
2194 9 2203 1 F: 6 3 
2201 9 2237 1 F: 2 3 4 
2213 11 2257 1 F: 4 4 3 
2217 10 2247 1 F: 10 
2218 6 2224 1 F: 4 2 
2221 10 2251 1 F: 5 1 4 
2270 9 2297 1 F: 4 5 
2279 10 2299 1 F: 10 
2281 5 2286 1 F: 2 3 
2292 11 2314 1 F: 3 4 4 
2293 9 2302 1 F: 9 
2334 7 2362 1 F: 2 1 4 
2343 10 2363 1 F: 7 3 
2358 11 2380 1 F: 5 6 
2359 7 2380 1 F: 4 3 
2367 9 2385 1 F: 2 3 4 
2377 4 2393 1 F: 4 
2379 2 2385 1 F: 2 
2381 10 2411 1 F: 4 6 
2388 7 2409 1 F: 7 
2395 5 2400 1 F: 2 3 
2400 6 2424 1 F: 4 2 
2407 10 2437 1 F: 5 2 3 
2416 10 2456 1 F: 10 
2446 4 2462 1 F: 2 2 
2468 12 2480 1 F: 12 
2474 5 2484 1 F: 2 3 
2481 9 2517 1 F: 9 
2486 9 2513 1 F: 4 5 
2491 10 2501 1 F: 2 4 4 
2498 7 2505 1 F: 5 2 
2517 9 2535 1 F: 2 4 3 
2536 11 2558 1 F: 5 2 4 
2537 4 2541 1 F: 4 
2537 12 2573 1 F: 7 5 
2555 12 2567 1 F: 12 
2562 8 2586 1 F: 4 4 
2564 5 2579 1 F: 5 
2565 7 2572 1 F: 7 
2590 11 2623 1 F: 6 5 
2597 4 2613 1 F: 4 
2603 7 2631 1 F: 7 
2609 11 2653 1 F: 6 5 
2619 13 2658 1 F: 13 
2622 9 2640 1 F: 3 2 4 
2642 5 2657 1 F: 5 
2643 11 2676 1 F: 5 2 4 
2651 9 2687 1 F: 9 
2652 9 2688 1 F: 5 4 
2657 4 2665 1 F: 3 1 
2670 9 2679 1 F: 3 6 
2703 10 2723 1 F: 4 4 2 
2705 7 2726 1 F: 2 4 1 
2722 8 2730 1 F: 4 4 
2723 13 2749 1 F: 13 
2732 6 2750 1 F: 2 4 
2744 9 2780 1 F: 5 4 
2744 10 2774 1 F: 4 3 3 
2753 6 2765 1 F: 6 
2780 6 2804 1 F: 6 
2780 11 2813 1 F: 7 4 
2814 8 2830 1 F: 4 2 2 
2820 11 2842 1 F: 5 4 2 
2822 11 2844 1 F: 11 
2833 5 2838 1 F: 2 3 
2833 10 2853 1 F: 10 
2844 12 2880 1 F: 12 
2854 9 2863 1 F: 2 4 3 
2872 7 2900 1 F: 7 
2873 12 2897 1 F: 5 3 4 
2886 7 2907 1 F: 2 5 
2902 4 2914 1 F: 3 1 
2911 9 2920 1 F: 4 5 
2912 10 2942 1 F: 4 6 
2917 3 2926 1 F: 3 
2922 7 2943 1 F: 7 
2934 11 2967 1 F: 11 
2938 3 2941 1 F: 2 1 
2939 7 2953 1 F: 2 1 4 
2947 10 2977 1 F: 3 4 3 
2986 6 2998 1 F: 4 2 
3000 12 3036 1 F: 12 
3018 5 3023 1 F: 5 
3032 9 3050 1 F: 9 
3043 12 3067 1 F: 5 4 3 
3056 6 3074 1 F: 2 4 
3060 7 3081 1 F: 2 5 
3067 11 3089 1 F: 6 5 
3087 11 3120 1 F: 5 6 
3091 6 3097 1 F: 4 2 
3098 9 3107 1 F: 3 4 2 
3100 8 3116 1 F: 6 2 
3126 7 3140 1 F: 7 
3134 5 3139 1 F: 5 
3139 12 3151 1 F: 6 6 
3159 9 3195 1 F: 3 6 
3165 3 3174 1 F: 3 
3172 2 3176 1 F: 2 
3175 11 3219 1 F: 5 3 3 
3186 10 3216 1 F: 4 3 3 
3191 9 3209 1 F: 5 1 3 
3200 4 3208 1 F: 3 1 
3204 10 3234 1 F: 4 6 
3210 13 3262 1 F: 13 
3229 7 3236 1 F: 3 4 
3241 7 3255 1 F: 2 5 
3253 10 3283 1 F: 3 4 3 
3259 9 3277 1 F: 9 
3266 9 3302 1 F: 9 
3274 9 3283 1 F: 3 2 4 
3287 10 3327 1 F: 4 6 
3304 8 3336 1 F: 8 
3316 5 3336 1 F: 5 
3329 5 3334 1 F: 2 2 1 
3344 7 3372 1 F: 4 3 
3344 9 3353 1 F: 3 6 
3364 12 3412 1 F: 12 
3364 13 3416 1 F: 13 
3378 9 3405 1 F: 5 3 1 
3386 11 3430 1 F: 7 4 
3389 11 3400 1 F: 11 
3401 8 3409 1 F: 8 
3434 10 3474 1 F: 4 2 4 
3439 9 3466 1 F: 7 2 
3445 9 3454 1 F: 5 3 1 
3447 7 3475 1 F: 3 4 
3456 10 3486 1 F: 3 3 4 
3463 11 3474 1 F: 11 
3480 8 3488 1 F: 4 4 
3494 13 3546 1 F: 13 
3498 6 3510 1 F: 3 3 
3511 5 3516 1 F: 5 
3512 9 3548 1 F: 3 4 2 
3515 13 3541 1 F: 13 
3525 11 3536 1 F: 11 
3531 10 3571 1 F: 3 4 3 
3557 11 3590 1 F: 11 
3576 3 3588 1 F: 3 
3582 10 3612 1 F: 10 
3587 9 3605 1 F: 4 5 
3591 8 3623 1 F: 3 1 4 
3605 9 3641 1 F: 2 4 3 
3612 3 3624 1 F: 3 
3629 8 3653 1 F: 2 2 4 
3637 7 3658 1 F: 5 2 
3641 9 3650 1 F: 3 4 2 
3648 13 3661 1 F: 13 
3651 11 3662 1 F: 5 4 2 
3680 11 3702 1 F: 11 
3683 12 3707 1 F: 12 
3694 7 3701 1 F: 7 
3704 7 3732 1 F: 2 3 2 
3717 8 3733 1 F: 3 5 
3744 3 3747 1 F: 2 1 
3753 9 3762 1 F: 2 3 4 
3768 8 3776 1 F: 5 2 1 
3770 13 3796 1 F: 7 6 
3778 8 3810 1 F: 3 2 3 
3787 10 3817 1 F: 5 4 1 
3791 8 3815 1 F: 3 2 3 
3793 8 3809 1 F: 8 
3808 9 3826 1 F: 4 2 3 
3816 5 3836 1 F: 2 2 1 
3828 7 3849 1 F: 7 
3840 10 3860 1 F: 3 3 4 
3858 8 3890 1 F: 8 
3867 9 3885 1 F: 4 4 1 
3884 13 3923 1 F: 13 
3885 10 3895 1 F: 10 
3891 7 3919 1 F: 6 1 
3891 8 3907 1 F: 3 5 
3915 6 3933 1 F: 3 1 2 
3921 3 3927 1 F: 3 
3932 10 3962 1 F: 4 6 
3936 11 3947 1 F: 4 4 3 
3953 10 3983 1 F: 4 4 2 
3962 9 3989 1 F: 2 4 3 
3963 8 3971 1 F: 8 
3965 2 3969 1 F: 2 
3983 7 3990 1 F: 3 4 
3993 7 4000 1 F: 2 5 
4014 12 4050 1 F: 12 
4016 11 4038 1 F: 5 6 
4024 12 4048 1 F: 12 
4033 8 4041 1 F: 3 3 2 
4036 7 4050 1 F: 2 4 1 
4037 6 4055 1 F: 3 2 1 
4040 11 4062 1 F: 5 3 3 
4068 10 4098 1 F: 3 4 3 
4078 11 4089 1 F: 11 
4097 9 4106 1 F: 4 4 1 
4104 3 4110 1 F: 3 
4116 7 4144 1 F: 4 3 
4121 8 4145 1 F: 5 3 
4121 9 4148 1 F: 2 3 4 
4132 8 4140 1 F: 3 3 2 
4132 8 4164 1 F: 2 4 2 
4137 8 4169 1 F: 3 5 
4145 5 4160 1 F: 4 1 
4174 6 4180 1 F: 6 
4177 11 4221 1 F: 11 
4214 7 4221 1 F: 7 
4231 9 4267 1 F: 4 3 2 
4236 10 4276 1 F: 2 4 4 
4238 12 4274 1 F: 7 5 
4250 8 4282 1 F: 8 
4260 10 4280 1 F: 6 4 
4274 10 4294 1 F: 3 3 4 
4286 6 4310 1 F: 4 2 
4290 10 4330 1 F: 4 4 2 
4291 13 4317 1 F: 13 
4308 3 4311 1 F: 3 
4313 7 4327 1 F: 3 2 2 
4330 11 4363 1 F: 7 4 
4346 7 4374 1 F: 5 2 
4357 12 4369 1 F: 12 
4361 11 4372 1 F: 6 5 
4381 9 4408 1 F: 5 3 1 
4385 11 4407 1 F: 11 
4397 13 4436 1 F: 7 6 
4399 9 4426 1 F: 4 5 
4406 8 4438 1 F: 6 2 
4434 11 4478 1 F: 5 3 3 
4438 10 4478 1 F: 10 
4445 8 4453 1 F: 3 5 
4449 7 4470 1 F: 5 2 
4462 3 4465 1 F: 2 1 
4467 11 4500 1 F: 7 4 
4476 9 4503 1 F: 9 
4476 11 4487 1 F: 3 4 4 
4484 7 4512 1 F: 7 
D: 5 388 
D: 6 138 
D: 13 405 
D: 16 354 
D: 25 357 
D: 29 89 
D: 40 311 
D: 44 126 
D: 46 250 
D: 71 233 
D: 74 174 
D: 77 240 
D: 79 201 
D: 79 340 
D: 90 213 
D: 91 156 
D: 103 195 
D: 108 152 
D: 117 224 
D: 119 443 
D: 134 187 
D: 159 398 
D: 162 201 
D: 169 274 
D: 169 385 
D: 179 312 
D: 187 379 
D: 202 359 
D: 205 216 
D: 223 438 
D: 226 261 
D: 227 247 
D: 231 346 
D: 269 402 
D: 270 441 
D: 275 381 
D: 277 376 
D: 298 423 
D: 307 343 
D: 337 401 
D: 354 386 
D: 369 387 
D: 370 406 
D: 391 421 
D: 432 445 
