10 9 19 1 F: 7 2 
15 6 33 1 F: 2 4 
37 8 69 1 F: 3 2 3 
52 8 60 1 F: 4 3 1 
63 10 93 1 F: 5 5 
65 9 92 1 F: 5 3 1 
76 7 97 1 F: 2 2 3 
81 6 87 1 F: 4 2 
85 9 103 1 F: 3 2 4 
94 9 121 1 F: 3 6 
102 6 126 1 F: 3 1 2 
105 9 132 1 F: 3 6 
109 11 142 1 F: 11 
112 7 119 1 F: 3 3 1 
113 6 137 1 F: 6 
130 6 136 1 F: 6 
134 10 154 1 F: 10 
142 11 175 1 F: 4 3 4 
146 9 155 1 F: 4 2 3 
149 7 177 1 F: 7 
217 7 231 1 F: 4 1 2 
220 9 229 1 F: 3 3 3 
230 10 240 1 F: 6 4 
236 8 268 1 F: 4 4 
238 6 244 1 F: 2 1 3 
240 11 262 1 F: 6 5 
245 11 278 1 F: 5 6 
278 12 314 1 F: 12 
282 5 287 1 F: 4 1 
296 6 308 1 F: 6 
301 2 303 1 F: 2 
305 10 335 1 F: 10 
313 2 321 1 F: 2 
317 10 337 1 F: 10 
340 7 368 1 F: 2 2 3 
371 9 407 1 F: 4 1 4 
373 12 421 1 F: 6 6 
376 8 400 1 F: 3 3 2 
381 12 417 1 F: 12 
384 4 400 1 F: 3 1 
403 4 415 1 F: 2 2 
408 10 428 1 F: 6 4 
426 10 446 1 F: 5 2 3 
440 10 450 1 F: 4 2 4 
440 13 492 1 F: 13 
442 10 452 1 F: 10 
465 7 493 1 F: 7 
476 9 512 1 F: 2 4 3 
477 9 513 1 F: 9 
486 3 492 1 F: 3 
505 9 541 1 F: 4 2 3 
509 11 553 1 F: 11 
525 4 541 1 F: 4 
550 5 560 1 F: 3 2 
566 3 578 1 F: 3 
568 11 612 1 F: 5 3 3 
576 4 584 1 F: 4 
577 12 589 1 F: 7 5 
579 6 591 1 F: 3 2 1 
599 13 625 1 F: 7 6 
606 9 633 1 F: 3 4 2 
609 9 627 1 F: 9 
620 13 633 1 F: 5 4 4 
642 10 662 1 F: 2 4 4 
655 6 667 1 F: 6 
660 9 669 1 F: 3 6 
686 9 704 1 F: 4 4 1 
687 8 711 1 F: 8 
691 13 743 1 F: 5 4 4 
698 5 713 1 F: 2 3 
711 9 738 1 F: 9 
712 11 734 1 F: 5 3 3 
721 7 728 1 F: 4 2 1 
724 6 748 1 F: 2 1 3 
724 8 740 1 F: 3 3 2 
747 8 779 1 F: 8 
748 4 764 1 F: 4 
758 6 770 1 F: 5 1 
786 6 810 1 F: 5 1 
788 13 814 1 F: 13 
813 10 823 1 F: 5 5 
827 13 879 1 F: 13 
831 5 836 1 F: 3 1 1 
837 7 865 1 F: 3 2 2 
837 10 867 1 F: 10 
854 5 864 1 F: 5 
857 8 865 1 F: 2 4 2 
885 3 891 1 F: 3 
887 9 905 1 F: 2 3 4 
899 7 913 1 F: 2 3 2 
909 7 923 1 F: 5 1 1 
916 13 955 1 F: 13 
919 9 946 1 F: 4 5 
933 7 940 1 F: 3 4 
937 8 953 1 F: 3 2 3 
939 9 948 1 F: 6 3 
951 8 983 1 F: 4 3 1 
957 10 987 1 F: 4 2 4 
966 8 974 1 F: 4 4 
978 11 1000 1 F: 5 2 4 
1009 12 1045 1 F: 7 5 
1017 11 1028 1 F: 4 4 3 
1025 10 1035 1 F: 3 4 3 
1031 5 1051 1 F: 5 
1037 8 1069 1 F: 3 4 1 
1042 5 1047 1 F: 4 1 
1055 8 1071 1 F: 3 1 4 
1080 6 1098 1 F: 3 1 2 
1085 11 1096 1 F: 11 
1086 6 1104 1 F: 2 1 3 
1107 9 1125 1 F: 4 4 1 
1113 10 1123 1 F: 5 1 4 
1129 6 1135 1 F: 2 2 2 
1160 7 1188 1 F: 2 2 3 
1163 8 1171 1 F: 5 1 2 
1175 6 1199 1 F: 2 3 1 
1175 8 1191 1 F: 3 1 4 
1194 6 1218 1 F: 4 2 
1194 8 1210 1 F: 5 3 
1197 11 1241 1 F: 6 5 
1211 11 1233 1 F: 5 2 4 
1259 13 1311 1 F: 7 6 
1262 11 1295 1 F: 7 4 
1266 10 1286 1 F: 10 
1269 12 1317 1 F: 12 
1276 9 1285 1 F: 5 3 1 
1279 3 1291 1 F: 3 
1290 8 1322 1 F: 7 1 
1297 6 1321 1 F: 6 
1299 8 1315 1 F: 4 4 
1313 11 1346 1 F: 6 5 
1327 7 1341 1 F: 2 5 
1346 9 1373 1 F: 6 3 
1349 4 1353 1 F: 4 
1349 10 1389 1 F: 4 6 
1351 11 1362 1 F: 4 3 4 
1352 3 1358 1 F: 3 
1361 8 1377 1 F: 3 2 3 
1384 4 1388 1 F: 4 
1389 10 1419 1 F: 5 3 2 
1400 8 1424 1 F: 7 1 
1403 9 1412 1 F: 2 3 4 
1420 6 1438 1 F: 6 
1436 9 1454 1 F: 4 5 
1448 13 1474 1 F: 13 
1449 3 1455 1 F: 3 
1462 10 1502 1 F: 10 
1481 7 1502 1 F: 5 2 
1493 6 1505 1 F: 6 
1495 9 1513 1 F: 3 2 4 
1508 5 1513 1 F: 4 1 
1509 7 1516 1 F: 7 
1526 8 1534 1 F: 2 3 3 
1531 12 1579 1 F: 12 
1533 8 1557 1 F: 3 5 
1535 8 1551 1 F: 5 3 
1558 11 1580 1 F: 6 5 
1580 8 1596 1 F: 8 
1593 13 1606 1 F: 13 
1597 7 1611 1 F: 5 1 1 
1600 7 1628 1 F: 4 3 
1602 11 1613 1 F: 11 
1613 6 1619 1 F: 6 
1626 8 1658 1 F: 3 4 1 
1628 8 1644 1 F: 3 4 1 
1633 7 1640 1 F: 7 
1676 10 1706 1 F: 5 1 4 
1693 3 1696 1 F: 3 
1695 2 1703 1 F: 2 
1699 8 1723 1 F: 8 
1703 6 1715 1 F: 3 3 
1716 6 1728 1 F: 6 
1718 11 1740 1 F: 5 3 3 
1723 9 1750 1 F: 4 2 3 
1747 5 1757 1 F: 4 1 
1758 8 1782 1 F: 8 
1760 3 1763 1 F: 3 
1767 7 1795 1 F: 3 3 1 
1781 11 1792 1 F: 7 4 
1795 8 1803 1 F: 3 1 4 
1808 13 1834 1 F: 13 
1822 6 1840 1 F: 6 
1838 6 1856 1 F: 6 
1841 6 1859 1 F: 6 
1842 10 1882 1 F: 10 
1862 13 1901 1 F: 13 
1871 9 1880 1 F: 9 
1872 10 1912 1 F: 10 
1874 11 1896 1 F: 11 
1893 11 1926 1 F: 11 
1904 10 1934 1 F: 4 3 3 
1906 6 1918 1 F: 6 
1918 6 1942 1 F: 2 2 2 
1922 10 1962 1 F: 3 3 4 
1929 11 1973 1 F: 5 4 2 
1956 6 1974 1 F: 5 1 
1964 9 1982 1 F: 9 
1975 3 1981 1 F: 3 
1983 9 2001 1 F: 4 5 
1985 11 2007 1 F: 5 3 3 
2017 9 2026 1 F: 7 2 
2020 8 2044 1 F: 2 3 3 
2023 8 2055 1 F: 2 4 2 
2033 3 2042 1 F: 3 
2040 13 2092 1 F: 13 
2044 8 2060 1 F: 4 1 3 
2066 7 2073 1 F: 2 3 2 
2072 10 2112 1 F: 4 3 3 
2073 11 2106 1 F: 5 4 2 
2094 4 2110 1 F: 4 
2122 7 2150 1 F: 5 2 
2122 11 2133 1 F: 3 4 4 
2140 9 2158 1 F: 5 2 2 
2140 10 2180 1 F: 6 4 
2144 9 2162 1 F: 3 6 
2154 7 2161 1 F: 2 1 4 
2168 8 2184 1 F: 7 1 
2177 7 2184 1 F: 3 3 1 
2185 7 2192 1 F: 2 5 
2195 9 2204 1 F: 6 3 
2208 9 2226 1 F: 7 2 
2215 13 2267 1 F: 7 6 
2218 3 2227 1 F: 2 1 
2223 7 2251 1 F: 2 1 4 
2237 6 2255 1 F: 3 3 
2245 2 2249 1 F: 2 
2251 8 2267 1 F: 3 1 4 
2282 11 2326 1 F: 3 4 4 
2283 8 2299 1 F: 4 2 2 
2291 3 2300 1 F: 3 
2307 6 2319 1 F: 2 3 1 
2314 10 2334 1 F: 4 3 3 
2333 12 2369 1 F: 12 
2362 10 2402 1 F: 4 3 3 
2364 9 2400 1 F: 7 2 
2378 7 2399 1 F: 7 
2386 7 2393 1 F: 5 2 
2387 4 2399 1 F: 4 
2398 8 2406 1 F: 3 5 
2399 4 2411 1 F: 3 1 
2414 5 2419 1 F: 2 3 
2417 9 2426 1 F: 3 3 3 
2427 5 2437 1 F: 3 2 
2437 3 2443 1 F: 2 1 
2452 4 2456 1 F: 3 1 
2453 8 2485 1 F: 8 
2455 7 2476 1 F: 6 1 
2459 9 2477 1 F: 4 3 2 
2483 10 2503 1 F: 6 4 
2485 12 2533 1 F: 6 6 
2500 9 2509 1 F: 7 2 
2510 9 2537 1 F: 9 
2514 9 2541 1 F: 5 4 
2524 11 2535 1 F: 5 6 
2539 3 2545 1 F: 3 
2540 4 2548 1 F: 2 2 
2552 5 2567 1 F: 4 1 
2555 4 2571 1 F: 2 2 
2555 7 2583 1 F: 7 
2587 12 2611 1 F: 4 4 4 
2611 7 2639 1 F: 7 
2617 10 2647 1 F: 5 5 
2619 12 2667 1 F: 7 5 
2627 4 2635 1 F: 4 
2629 7 2643 1 F: 3 3 1 
2632 7 2660 1 F: 3 3 1 
2647 11 2680 1 F: 6 5 
2663 7 2670 1 F: 4 2 1 
2682 2 2690 1 F: 2 
2695 11 2717 1 F: 11 
2710 9 2719 1 F: 2 3 4 
2712 5 2732 1 F: 5 
2717 8 2741 1 F: 8 
2720 8 2752 1 F: 2 4 2 
2728 9 2737 1 F: 9 
2754 8 2778 1 F: 4 1 3 
2758 9 2794 1 F: 3 2 4 
2781 5 2801 1 F: 5 
2786 6 2798 1 F: 3 1 2 
2794 10 2834 1 F: 5 5 
2805 11 2816 1 F: 4 4 3 
2806 8 2822 1 F: 2 4 2 
2815 5 2825 1 F: 5 
2826 5 2846 1 F: 5 
2829 3 2832 1 F: 3 
2832 5 2847 1 F: 2 3 
2835 8 2851 1 F: 8 
2840 7 2854 1 F: 3 3 1 
2873 8 2889 1 F: 5 1 2 
2880 9 2898 1 F: 2 4 3 
2902 9 2911 1 F: 5 4 
2907 10 2927 1 F: 10 
2945 10 2955 1 F: 4 4 2 
2952 6 2970 1 F: 6 
2952 10 2982 1 F: 7 3 
2958 5 2963 1 F: 2 2 1 
2979 11 3012 1 F: 3 4 4 
2981 7 2995 1 F: 2 2 3 
2981 7 3009 1 F: 5 2 
2992 8 3000 1 F: 7 1 
3000 8 3008 1 F: 5 3 
3000 11 3011 1 F: 4 3 4 
3009 8 3041 1 F: 3 1 4 
3012 13 3038 1 F: 5 4 4 
3014 10 3024 1 F: 6 4 
3022 2 3024 1 F: 2 
3028 9 3055 1 F: 6 3 
3052 7 3059 1 F: 6 1 
3071 10 3111 1 F: 10 
3094 11 3116 1 F: 11 
3102 8 3110 1 F: 8 
3106 5 3121 1 F: 2 2 1 
3109 10 3119 1 F: 6 4 
3122 12 3170 1 F: 6 6 
3126 7 3154 1 F: 5 2 
3128 7 3135 1 F: 7 
3162 3 3174 1 F: 2 1 
3169 10 3199 1 F: 5 2 3 
3182 8 3206 1 F: 6 2 
3191 11 3235 1 F: 4 4 3 
3213 8 3221 1 F: 8 
3214 5 3219 1 F: 2 3 
3222 9 3258 1 F: 7 2 
3234 7 3255 1 F: 4 2 1 
3246 3 3258 1 F: 3 
3254 11 3287 1 F: 4 4 3 
3255 6 3279 1 F: 2 2 2 
3270 9 3297 1 F: 4 5 
3288 8 3296 1 F: 4 4 
3290 6 3302 1 F: 3 1 2 
3316 7 3323 1 F: 2 3 2 
3324 7 3345 1 F: 7 
3325 8 3357 1 F: 3 4 1 
3355 10 3365 1 F: 10 
3361 11 3394 1 F: 6 5 
3367 13 3380 1 F: 13 
3375 12 3387 1 F: 4 4 4 
3376 5 3386 1 F: 4 1 
3380 8 3404 1 F: 5 1 2 
3380 9 3407 1 F: 4 5 
3406 9 3433 1 F: 6 3 
3412 9 3448 1 F: 4 1 4 
3431 13 3470 1 F: 13 
3439 2 3443 1 F: 2 
3442 12 3478 1 F: 4 4 4 
3447 10 3477 1 F: 5 5 
3449 10 3479 1 F: 6 4 
3454 9 3463 1 F: 9 
3455 8 3479 1 F: 7 1 
3487 9 3505 1 F: 9 
3503 7 3524 1 F: 2 5 
3510 9 3537 1 F: 4 4 1 
3533 7 3547 1 F: 4 2 1 
3539 10 3549 1 F: 7 3 
3545 6 3563 1 F: 6 
3548 6 3572 1 F: 3 2 1 
3558 9 3594 1 F: 4 3 2 
3558 10 3578 1 F: 10 
3574 10 3594 1 F: 5 5 
3585 9 3603 1 F: 5 2 2 
3622 8 3654 1 F: 8 
3632 4 3648 1 F: 4 
3635 7 3656 1 F: 4 2 1 
3661 4 3673 1 F: 2 2 
3671 13 3684 1 F: 13 
3674 9 3692 1 F: 3 6 
3676 6 3688 1 F: 6 
3676 7 3697 1 F: 6 1 
3690 11 3723 1 F: 3 4 4 
3694 9 3703 1 F: 3 6 
3700 6 3718 1 F: 2 1 3 
3701 10 3741 1 F: 10 
3702 6 3708 1 F: 2 3 1 
3705 10 3725 1 F: 4 6 
3735 9 3762 1 F: 7 2 
3737 5 3747 1 F: 5 
3750 10 3790 1 F: 4 6 
3770 4 3782 1 F: 4 
3786 2 3794 1 F: 2 
3794 6 3818 1 F: 3 3 
3805 7 3833 1 F: 7 
3809 7 3816 1 F: 7 
3833 9 3860 1 F: 9 
3836 8 3860 1 F: 5 2 1 
3844 7 3865 1 F: 2 5 
3861 9 3897 1 F: 4 2 3 
3863 11 3896 1 F: 5 3 3 
3864 7 3878 1 F: 6 1 
3874 13 3913 1 F: 13 
3881 10 3921 1 F: 5 3 2 
3908 6 3926 1 F: 2 2 2 
3910 8 3934 1 F: 7 1 
3922 9 3958 1 F: 3 3 3 
3933 8 3949 1 F: 3 1 4 
3941 9 3950 1 F: 9 
3950 11 3972 1 F: 5 6 
3956 4 3972 1 F: 4 
3969 8 4001 1 F: 4 2 2 
3984 7 4012 1 F: 4 3 
3999 11 4010 1 F: 11 
4000 7 4014 1 F: 5 2 
4019 9 4055 1 F: 5 1 3 
4020 9 4056 1 F: 4 5 
4021 10 4061 1 F: 3 4 3 
4042 8 4066 1 F: 5 3 
4050 7 4071 1 F: 3 2 2 
4063 9 4090 1 F: 3 4 2 
4068 7 4075 1 F: 5 1 1 
4073 3 4079 1 F: 3 
4092 5 4112 1 F: 2 1 2 
4107 8 4139 1 F: 3 5 
4110 8 4126 1 F: 4 1 3 
4112 9 4121 1 F: 3 3 3 
4117 5 4132 1 F: 3 1 1 
4131 4 4135 1 F: 4 
4152 11 4196 1 F: 4 3 4 
4159 13 4185 1 F: 7 6 
4171 6 4177 1 F: 2 3 1 
4177 4 4189 1 F: 3 1 
4177 9 4195 1 F: 5 1 3 
4217 2 4223 1 F: 2 
4219 4 4223 1 F: 3 1 
4224 2 4232 1 F: 2 
4238 9 4265 1 F: 2 4 3 
4239 10 4279 1 F: 4 4 2 
4255 13 4294 1 F: 13 
4258 9 4267 1 F: 7 2 
4272 5 4292 1 F: 3 1 1 
4290 9 4317 1 F: 5 4 
4291 13 4317 1 F: 13 
4302 10 4332 1 F: 10 
4314 12 4350 1 F: 12 
4318 12 4354 1 F: 12 
4332 6 4338 1 F: 6 
4347 8 4371 1 F: 7 1 
4357 7 4378 1 F: 4 3 
4360 10 4380 1 F: 10 
4367 11 4378 1 F: 11 
4379 9 4406 1 F: 4 5 
4387 13 4439 1 F: 13 
4400 10 4420 1 F: 10 
4401 5 4421 1 F: 5 
4407 11 4418 1 F: 5 2 4 
4412 9 4448 1 F: 4 4 1 
4438 5 4443 1 F: 5 
4446 9 4482 1 F: 9 
4460 8 4476 1 F: 4 4 
4477 9 4495 1 F: 2 4 3 
4490 3 4496 1 F: 3 
4496 7 4503 1 F: 7 
D: 4 318 
D: 9 349 
D: 19 140 
D: 22 90 
D: 26 363 
D: 29 63 
D: 32 312 
D: 34 291 
D: 37 379 
D: 40 419 
D: 45 85 
D: 46 78 
D: 60 161 
D: 61 91 
D: 63 82 
D: 76 172 
D: 77 183 
D: 77 352 
D: 86 370 
D: 94 382 
D: 104 143 
D: 116 201 
D: 118 314 
D: 122 216 
D: 129 424 
D: 132 380 
D: 141 338 
D: 144 441 
D: 163 197 
D: 191 244 
D: 192 370 
D: 232 378 
D: 240 298 
D: 257 396 
D: 260 336 
D: 261 373 
D: 263 407 
D: 265 363 
D: 266 311 
D: 267 377 
D: 282 376 
D: 293 334 
D: 311 374 
D: 316 353 
D: 324 386 
