20 9 47 44 F: 9 
31 10 61 49 F: 4 6 
33 9 51 161 F: 5 2 2 
49 9 67 261 F: 5 2 2 
74 3 77 179 F: 3 
84 12 108 161 F: 12 
85 8 109 176 F: 3 1 4 
87 8 95 88 F: 5 1 2 
90 4 98 378 F: 4 
99 8 123 218 F: 2 2 4 
110 10 140 294 F: 3 3 4 
117 5 137 308 F: 3 2 
119 10 159 320 F: 5 5 
146 3 152 316 F: 2 1 
148 6 166 223 F: 3 3 
168 8 200 145 F: 5 2 1 
176 10 206 85 F: 4 2 4 
183 11 194 261 F: 3 4 4 
190 10 200 75 F: 5 2 3 
198 10 228 302 F: 7 3 
201 5 211 196 F: 5 
201 6 219 287 F: 6 
207 5 217 172 F: 3 2 
210 9 237 379 F: 9 
232 10 242 79 F: 4 6 
255 6 273 373 F: 3 3 
259 13 285 356 F: 13 
269 4 277 308 F: 3 1 
279 8 311 165 F: 6 2 
279 10 299 75 F: 4 2 4 
312 8 336 71 F: 3 1 4 
317 5 332 285 F: 5 
320 8 328 261 F: 8 
334 9 352 32 F: 3 2 4 
336 13 349 9 F: 13 
371 11 382 39 F: 11 
375 9 393 140 F: 5 1 3 
387 9 423 105 F: 2 3 4 
388 2 390 118 F: 2 
395 11 406 124 F: 11 
420 11 453 19 F: 11 
421 6 445 9 F: 6 
431 9 467 6 F: 4 5 
436 8 460 316 F: 4 3 1 
451 9 469 213 F: 5 4 
470 6 476 362 F: 5 1 
470 10 510 327 F: 10 
474 8 482 138 F: 2 3 3 
478 9 487 28 F: 4 3 2 
490 10 520 80 F: 10 
513 6 525 313 F: 4 1 1 
519 8 527 209 F: 3 2 3 
520 4 532 261 F: 4 
524 7 531 52 F: 4 3 
536 7 557 373 F: 7 
548 6 554 83 F: 4 2 
552 5 557 22 F: 5 
590 4 598 178 F: 2 2 
593 10 603 190 F: 10 
596 8 620 41 F: 3 5 
602 10 622 298 F: 4 4 2 
613 9 640 137 F: 9 
615 5 635 271 F: 2 3 
623 11 634 326 F: 4 3 4 
635 7 649 349 F: 3 3 1 
668 8 692 159 F: 5 2 1 
686 7 714 283 F: 7 
688 7 695 288 F: 3 4 
690 3 702 242 F: 3 
692 9 701 6 F: 2 4 3 
701 9 719 203 F: 7 2 
705 8 721 23 F: 2 4 2 
710 11 721 38 F: 11 
724 9 733 257 F: 7 2 
725 10 755 333 F: 10 
726 10 736 167 F: 4 2 4 
727 10 757 286 F: 10 
744 11 766 81 F: 7 4 
761 10 791 122 F: 6 4 
781 6 799 361 F: 4 1 1 
804 2 808 237 F: 2 
818 12 854 165 F: 12 
824 7 831 160 F: 4 3 
829 9 865 294 F: 9 
848 10 858 341 F: 10 
849 8 865 89 F: 4 1 3 
857 6 863 173 F: 2 4 
858 13 910 27 F: 7 6 
891 9 900 128 F: 7 2 
898 10 938 88 F: 6 4 
922 8 938 118 F: 3 5 
929 8 953 86 F: 2 6 
939 8 955 130 F: 4 4 
949 10 989 207 F: 4 4 2 
961 12 973 73 F: 6 6 
969 13 1021 96 F: 13 
974 4 990 175 F: 4 
976 7 1004 141 F: 3 4 
988 2 994 90 F: 2 
991 9 1027 310 F: 6 3 
1009 8 1025 358 F: 3 5 
1021 6 1033 125 F: 6 
1024 8 1032 161 F: 8 
1027 7 1034 387 F: 2 5 
1044 7 1072 28 F: 4 3 
1051 6 1063 277 F: 3 3 
1058 5 1068 245 F: 5 
1068 10 1108 272 F: 4 6 
1069 8 1093 109 F: 2 3 3 
1093 5 1098 301 F: 3 2 
1113 3 1122 99 F: 3 
1116 6 1122 265 F: 3 2 1 
1121 6 1145 289 F: 2 2 2 
1134 9 1161 67 F: 3 3 3 
1139 4 1143 195 F: 4 
1139 10 1149 301 F: 7 3 
1142 11 1164 79 F: 11 
1144 8 1160 167 F: 4 1 3 
1156 3 1159 381 F: 3 
1166 9 1202 342 F: 5 1 3 
1209 4 1221 252 F: 4 
1215 13 1254 164 F: 13 
1261 10 1301 84 F: 5 4 1 
1270 9 1306 265 F: 4 5 
1283 11 1327 54 F: 5 2 4 
1287 9 1323 122 F: 5 3 1 
1291 7 1305 223 F: 4 2 1 
1293 12 1317 285 F: 12 
1294 8 1310 2 F: 3 1 4 
1299 12 1347 141 F: 12 
1317 9 1344 247 F: 4 3 2 
1318 12 1330 400 F: 12 
1319 12 1331 5 F: 12 
1346 9 1355 293 F: 6 3 
1359 8 1391 117 F: 8 
1369 9 1396 305 F: 9 
1374 5 1394 393 F: 2 3 
1375 9 1411 163 F: 5 3 1 
1382 6 1394 27 F: 3 2 1 
1385 4 1393 125 F: 2 2 
1403 5 1408 77 F: 3 2 
1406 9 1415 21 F: 4 5 
1427 7 1448 273 F: 5 2 
1444 10 1454 311 F: 3 4 3 
1446 9 1473 233 F: 5 1 3 
1455 10 1495 279 F: 5 1 4 
1470 11 1492 383 F: 3 4 4 
1473 2 1481 50 F: 2 
1495 8 1519 134 F: 8 
1498 4 1510 18 F: 3 1 
1512 8 1520 18 F: 4 4 
1519 7 1533 285 F: 4 1 2 
1526 7 1533 241 F: 5 1 1 
1561 9 1570 241 F: 9 
1562 7 1583 229 F: 7 
1567 13 1619 252 F: 13 
1572 10 1592 312 F: 4 6 
1577 10 1607 97 F: 3 3 4 
1580 3 1592 387 F: 3 
1584 9 1593 382 F: 9 
1606 8 1614 137 F: 3 2 3 
1607 10 1647 386 F: 10 
1627 7 1648 307 F: 3 2 2 
1639 13 1691 234 F: 13 
1645 7 1666 13 F: 4 2 1 
1654 6 1666 327 F: 2 4 
1672 13 1711 368 F: 13 
1678 10 1718 343 F: 10 
1683 7 1711 93 F: 4 3 
1689 5 1704 161 F: 4 1 
1707 9 1734 42 F: 3 4 2 
1709 6 1727 58 F: 3 3 
1723 8 1739 179 F: 2 6 
1725 10 1765 246 F: 4 6 
1731 6 1743 319 F: 6 
1766 10 1786 84 F: 6 4 
1773 2 1777 240 F: 2 
1774 4 1790 136 F: 3 1 
1785 5 1795 50 F: 5 
1799 8 1823 338 F: 8 
1811 7 1825 226 F: 4 2 1 
1816 2 1820 204 F: 2 
1822 6 1828 117 F: 6 
1830 8 1862 305 F: 7 1 
1841 8 1865 345 F: 3 5 
1859 9 1877 218 F: 5 1 3 
1863 8 1879 281 F: 2 3 3 
1873 6 1891 87 F: 4 2 
1874 5 1894 120 F: 4 1 
1895 9 1922 368 F: 9 
1907 8 1923 204 F: 5 3 
1911 5 1926 324 F: 4 1 
1918 2 1926 207 F: 2 
1935 10 1945 334 F: 10 
1938 8 1962 399 F: 4 2 2 
1944 10 1984 238 F: 4 3 3 
1948 4 1964 292 F: 4 
1949 11 1960 273 F: 5 6 
1955 9 1982 345 F: 4 1 4 
1974 4 1990 239 F: 4 
2000 13 2013 45 F: 7 6 
2004 7 2018 270 F: 2 2 3 
2019 12 2031 202 F: 7 5 
2040 10 2050 206 F: 5 5 
2041 11 2063 396 F: 11 
2050 7 2078 109 F: 6 1 
2071 7 2078 127 F: 4 2 1 
2079 8 2095 348 F: 8 
2083 6 2095 191 F: 2 3 1 
2097 8 2129 41 F: 2 3 3 
2102 5 2112 1 F: 2 3 
2106 10 2126 191 F: 5 5 
2116 13 2129 368 F: 13 
2132 9 2150 255 F: 4 3 2 
2133 12 2145 310 F: 12 
2141 11 2185 397 F: 11 
2143 7 2171 22 F: 6 1 
2158 7 2179 15 F: 6 1 
2168 9 2204 309 F: 7 2 
2177 7 2184 359 F: 4 2 1 
2226 7 2247 17 F: 7 
2228 12 2276 2 F: 4 4 4 
2256 4 2268 278 F: 3 1 
2257 7 2271 81 F: 6 1 
2262 7 2269 391 F: 4 1 2 
2263 8 2279 346 F: 6 2 
2264 11 2297 2 F: 4 3 4 
2268 12 2304 123 F: 5 3 4 
2277 3 2283 36 F: 3 
2280 10 2320 226 F: 6 4 
2303 7 2324 212 F: 3 4 
2307 3 2319 254 F: 3 
2307 12 2355 285 F: 5 4 3 
2313 9 2331 303 F: 9 
2325 6 2349 398 F: 4 2 
2343 10 2383 125 F: 4 6 
2348 8 2356 390 F: 4 4 
2365 12 2389 221 F: 12 
2371 9 2389 90 F: 5 3 1 
2387 7 2401 246 F: 7 
2406 9 2424 92 F: 4 3 2 
2410 6 2428 324 F: 3 2 1 
2418 5 2423 42 F: 2 1 2 
2441 9 2450 142 F: 9 
2455 6 2473 260 F: 2 4 
2459 4 2471 7 F: 3 1 
2473 13 2512 26 F: 13 
2479 7 2500 120 F: 6 1 
2479 11 2501 105 F: 11 
2493 7 2507 213 F: 3 1 3 
2500 6 2518 157 F: 6 
2505 7 2519 200 F: 6 1 
2527 7 2534 314 F: 4 2 1 
2530 9 2557 216 F: 5 1 3 
2534 12 2582 165 F: 6 6 
2543 3 2546 216 F: 3 
2547 10 2557 399 F: 2 4 4 
2565 5 2570 15 F: 5 
2568 7 2589 329 F: 5 1 1 
2589 9 2607 149 F: 5 3 1 
2622 8 2646 211 F: 8 
2643 7 2657 308 F: 3 3 1 
2646 7 2674 132 F: 7 
2655 9 2673 304 F: 5 4 
2658 7 2665 37 F: 3 2 2 
2667 7 2681 33 F: 2 1 4 
2670 6 2688 221 F: 2 4 
2674 5 2684 253 F: 5 
2680 7 2687 158 F: 2 5 
2682 9 2709 146 F: 4 5 
2711 11 2755 103 F: 7 4 
2712 9 2721 185 F: 9 
2719 9 2728 280 F: 4 5 
2719 10 2749 311 F: 4 6 
2727 8 2751 101 F: 7 1 
2731 6 2755 222 F: 2 4 
2755 8 2787 348 F: 2 6 
2782 8 2798 235 F: 4 4 
2784 9 2802 316 F: 5 4 
2796 10 2836 235 F: 5 2 3 
2813 12 2861 143 F: 7 5 
2822 6 2840 139 F: 4 1 1 
2829 12 2853 363 F: 12 
2861 6 2885 287 F: 3 2 1 
2861 11 2872 358 F: 11 
2867 5 2877 77 F: 2 1 2 
2871 9 2907 320 F: 3 2 4 
2883 7 2911 170 F: 7 
2885 9 2921 189 F: 5 3 1 
2898 8 2930 227 F: 5 3 
2910 9 2946 85 F: 5 2 2 
2921 10 2931 183 F: 4 4 2 
2934 10 2974 105 F: 3 4 3 
2938 7 2966 43 F: 4 2 1 
2947 5 2957 16 F: 5 
2951 2 2955 367 F: 2 
2967 7 2981 41 F: 3 4 
2970 5 2990 316 F: 4 1 
2982 7 3010 154 F: 5 2 
2985 12 3021 203 F: 12 
3000 8 3016 33 F: 3 5 
3006 2 3008 213 F: 2 
3018 7 3025 264 F: 7 
3037 9 3073 51 F: 4 2 3 
3040 9 3067 111 F: 3 3 3 
3056 8 3080 317 F: 7 1 
3060 7 3067 378 F: 7 
3069 6 3093 93 F: 3 1 2 
3083 11 3105 22 F: 5 4 2 
3090 6 3108 329 F: 3 2 1 
3116 4 3124 364 F: 4 
3118 6 3130 162 F: 2 1 3 
3118 9 3145 32 F: 3 6 
3118 10 3148 121 F: 10 
3127 9 3136 305 F: 9 
3153 4 3165 299 F: 2 1 1 
3154 6 3178 295 F: 3 1 2 
3169 9 3187 67 F: 2 3 4 
3178 6 3184 11 F: 6 
3184 4 3188 72 F: 4 
3220 8 3228 22 F: 7 1 
3221 2 3225 230 F: 2 
3222 9 3231 33 F: 3 2 4 
3241 10 3251 203 F: 4 3 3 
3251 11 3295 117 F: 6 5 
3253 4 3257 14 F: 4 
3255 7 3283 130 F: 5 2 
3264 5 3284 208 F: 2 2 1 
3288 6 3312 220 F: 5 1 
3296 11 3318 257 F: 5 6 
3300 11 3344 391 F: 5 4 2 
3306 9 3324 236 F: 5 3 1 
3308 8 3324 222 F: 5 3 
3332 10 3342 202 F: 5 2 3 
3352 9 3388 157 F: 6 3 
3364 2 3372 383 F: 2 
3374 4 3390 46 F: 3 1 
3381 9 3417 160 F: 4 4 1 
3388 6 3400 273 F: 2 4 
3397 6 3403 393 F: 3 3 
3408 10 3438 39 F: 10 
3422 7 3436 143 F: 4 3 
3425 4 3433 170 F: 3 1 
3425 8 3457 237 F: 4 1 3 
3432 8 3456 39 F: 5 1 2 
3435 5 3455 137 F: 2 1 2 
3447 9 3465 84 F: 5 4 
3460 10 3490 21 F: 3 3 4 
3461 11 3505 348 F: 6 5 
3493 8 3501 51 F: 2 4 2 
3504 4 3512 29 F: 4 
3510 11 3554 141 F: 5 6 
3520 9 3538 262 F: 2 4 3 
3527 7 3541 22 F: 2 2 3 
3542 10 3552 220 F: 4 2 4 
3566 6 3578 148 F: 3 3 
3566 13 3605 2 F: 13 
3569 8 3601 12 F: 4 2 2 
3579 9 3615 195 F: 4 4 1 
3584 11 3595 396 F: 6 5 
3629 11 3651 245 F: 5 3 3 
3631 9 3667 145 F: 6 3 
3638 8 3670 323 F: 8 
3664 4 3680 302 F: 2 2 
3669 6 3693 270 F: 4 2 
3672 12 3720 86 F: 6 6 
3673 2 3681 203 F: 2 
3673 10 3703 253 F: 3 4 3 
3679 6 3691 94 F: 2 4 
3684 8 3692 112 F: 5 3 
3707 9 3734 78 F: 6 3 
3709 13 3761 83 F: 13 
3720 12 3732 291 F: 12 
3725 9 3752 345 F: 7 2 
3729 11 3751 29 F: 4 4 3 
3738 10 3768 169 F: 7 3 
3755 11 3777 199 F: 11 
3774 7 3802 37 F: 2 2 3 
3780 5 3790 38 F: 2 2 1 
3792 8 3824 351 F: 5 2 1 
3805 7 3812 228 F: 3 3 1 
3819 8 3827 297 F: 4 4 
3843 4 3847 115 F: 3 1 
3845 10 3855 301 F: 10 
3848 10 3888 182 F: 10 
3857 12 3905 333 F: 12 
3864 6 3882 356 F: 6 
3868 10 3878 163 F: 10 
3873 9 3900 84 F: 3 4 2 
3883 5 3893 365 F: 4 1 
3912 9 3930 295 F: 5 2 2 
3918 10 3928 101 F: 3 3 4 
3929 10 3959 304 F: 10 
3933 8 3957 56 F: 4 4 
3966 10 3986 189 F: 5 4 1 
3967 10 3997 220 F: 5 5 
3969 11 4013 294 F: 11 
3977 5 3982 141 F: 2 2 1 
3980 7 3994 42 F: 2 4 1 
3997 8 4021 186 F: 3 2 3 
D: 1 255 
D: 6 41 
D: 9 165 
D: 15 22 
D: 16 264 
D: 27 140 
D: 27 286 
D: 35 211 
D: 39 242 
D: 40 359 
D: 41 125 
D: 46 274 
D: 51 314 
D: 56 81 
D: 58 61 
D: 62 391 
D: 77 161 
D: 83 291 
D: 88 118 
D: 93 354 
D: 109 398 
D: 114 126 
D: 125 139 
D: 127 316 
D: 144 347 
D: 147 254 
D: 148 299 
D: 159 185 
D: 159 248 
D: 173 338 
D: 179 281 
D: 205 267 
D: 224 365 
D: 224 398 
D: 256 338 
D: 265 342 
D: 291 311 
D: 291 386 
D: 292 378 
D: 303 390 
