2 10 32 231 F: 4 2 4 
4 9 13 149 F: 2 3 4 
12 6 30 238 F: 6 
25 11 36 46 F: 5 4 2 
39 8 55 63 F: 3 2 3 
39 12 75 385 F: 12 
40 5 55 108 F: 3 2 
40 11 62 140 F: 4 3 4 
77 11 110 277 F: 5 3 3 
91 6 109 45 F: 5 1 
104 8 136 201 F: 5 3 
129 5 134 181 F: 5 
138 3 141 282 F: 3 
140 8 164 280 F: 3 4 1 
142 13 181 151 F: 5 4 4 
152 11 174 344 F: 11 
160 9 196 305 F: 4 1 4 
163 7 170 353 F: 7 
184 8 208 94 F: 3 4 1 
187 3 193 65 F: 2 1 
209 7 223 35 F: 5 2 
220 9 256 310 F: 4 3 2 
221 12 245 309 F: 6 6 
246 9 264 184 F: 4 3 2 
253 4 265 357 F: 4 
258 6 270 263 F: 6 
265 3 274 135 F: 3 
278 2 280 385 F: 2 
278 8 286 125 F: 4 1 3 
278 9 305 220 F: 4 1 4 
349 8 373 190 F: 8 
358 8 366 348 F: 4 3 1 
361 11 394 258 F: 5 6 
362 7 390 102 F: 7 
372 7 379 56 F: 7 
375 9 384 166 F: 9 
381 6 405 264 F: 6 
383 10 393 279 F: 4 6 
393 5 408 150 F: 2 1 2 
398 10 408 64 F: 7 3 
423 8 431 110 F: 3 5 
434 10 444 216 F: 6 4 
435 13 487 119 F: 7 6 
441 13 454 211 F: 13 
466 8 474 231 F: 3 3 2 
476 9 494 16 F: 4 1 4 
477 6 501 198 F: 5 1 
478 7 499 165 F: 2 1 4 
479 8 503 173 F: 6 2 
484 8 516 176 F: 3 4 1 
504 10 534 357 F: 6 4 
507 7 535 147 F: 7 
513 6 525 274 F: 2 1 3 
515 10 535 276 F: 6 4 
518 11 551 241 F: 11 
561 9 579 247 F: 6 3 
563 2 565 374 F: 2 
583 9 619 249 F: 3 6 
585 8 593 278 F: 8 
585 9 603 161 F: 6 3 
604 6 622 126 F: 3 3 
615 7 629 331 F: 2 1 4 
620 11 642 108 F: 5 3 3 
626 12 650 138 F: 12 
650 2 658 109 F: 2 
652 8 668 132 F: 8 
653 11 686 139 F: 5 2 4 
673 9 691 300 F: 5 4 
674 4 682 214 F: 2 2 
694 8 726 66 F: 2 6 
724 4 740 257 F: 4 
724 11 768 147 F: 11 
739 6 745 264 F: 2 4 
740 11 751 341 F: 5 2 4 
752 6 764 17 F: 5 1 
763 13 815 344 F: 7 6 
772 9 790 216 F: 9 
772 11 783 358 F: 4 4 3 
789 5 809 399 F: 5 
791 12 815 292 F: 5 3 4 
811 12 847 296 F: 12 
818 8 834 87 F: 4 4 
820 8 828 220 F: 4 4 
823 5 843 77 F: 2 1 2 
853 5 873 379 F: 5 
858 5 868 339 F: 5 
860 8 892 89 F: 6 2 
876 9 912 248 F: 6 3 
889 7 896 348 F: 7 
896 7 917 159 F: 3 4 
900 13 926 58 F: 13 
906 5 926 227 F: 5 
935 3 947 193 F: 3 
943 12 955 349 F: 5 4 3 
952 10 962 145 F: 3 4 3 
958 7 979 180 F: 6 1 
965 12 1001 188 F: 4 4 4 
992 12 1040 170 F: 6 6 
995 5 1015 347 F: 5 
996 8 1004 249 F: 8 
1006 7 1013 23 F: 4 3 
1032 3 1038 124 F: 2 1 
1035 3 1044 290 F: 3 
1043 7 1064 334 F: 4 3 
1044 5 1054 125 F: 3 1 1 
1045 9 1063 233 F: 7 2 
1048 12 1096 208 F: 7 5 
1076 5 1086 397 F: 2 3 
1076 7 1083 115 F: 7 
1093 6 1111 311 F: 5 1 
1104 7 1132 306 F: 7 
1116 6 1122 386 F: 4 1 1 
1129 6 1141 392 F: 6 
1137 10 1157 150 F: 10 
1138 13 1177 113 F: 13 
1173 8 1205 134 F: 6 2 
1174 10 1214 257 F: 10 
1178 8 1202 12 F: 7 1 
1185 11 1196 275 F: 5 6 
1198 7 1219 218 F: 2 5 
1206 5 1216 296 F: 5 
1209 7 1230 251 F: 3 1 3 
1215 12 1239 265 F: 12 
1222 11 1266 23 F: 5 3 3 
1234 6 1252 201 F: 3 2 1 
1237 8 1245 129 F: 7 1 
1239 6 1257 134 F: 6 
1263 13 1302 398 F: 5 4 4 
1280 9 1298 298 F: 6 3 
1286 11 1330 74 F: 11 
1310 8 1326 358 F: 7 1 
1320 12 1332 86 F: 7 5 
1321 10 1351 345 F: 5 2 3 
1346 4 1358 295 F: 4 
1350 5 1365 15 F: 5 
1352 8 1384 360 F: 3 3 2 
1353 8 1369 343 F: 3 1 4 
1354 4 1362 311 F: 4 
1363 10 1373 281 F: 4 3 3 
1376 4 1388 56 F: 3 1 
1424 3 1436 66 F: 3 
1427 10 1447 372 F: 5 5 
1456 9 1492 321 F: 6 3 
1457 11 1468 170 F: 5 3 3 
1460 13 1512 38 F: 5 4 4 
1462 8 1494 341 F: 8 
1466 9 1484 342 F: 4 3 2 
1474 12 1510 240 F: 12 
1481 10 1491 149 F: 3 3 4 
1499 8 1523 68 F: 2 3 3 
1511 5 1521 375 F: 2 1 2 
1511 8 1527 369 F: 4 1 3 
1527 9 1545 311 F: 3 6 
1535 4 1547 105 F: 2 2 
1548 12 1584 224 F: 7 5 
1554 6 1560 121 F: 4 2 
1555 9 1591 15 F: 9 
1555 10 1585 391 F: 5 1 4 
1570 9 1597 358 F: 5 4 
1591 10 1601 391 F: 4 6 
1608 10 1618 34 F: 5 2 3 
1612 12 1660 175 F: 12 
1620 3 1632 367 F: 3 
1637 10 1677 380 F: 10 
1654 6 1666 35 F: 5 1 
1660 8 1676 388 F: 8 
1676 9 1703 47 F: 2 3 4 
1685 5 1700 50 F: 5 
1689 8 1705 259 F: 2 6 
1699 6 1717 24 F: 3 2 1 
1715 7 1736 232 F: 2 2 3 
1722 10 1732 93 F: 10 
1727 8 1735 151 F: 3 4 1 
1727 8 1751 396 F: 3 3 2 
1730 8 1762 353 F: 8 
1764 10 1774 207 F: 10 
1777 11 1810 142 F: 5 2 4 
1784 10 1814 342 F: 10 
1788 11 1810 361 F: 4 3 4 
1798 2 1800 7 F: 2 
1802 7 1823 374 F: 2 2 3 
1811 10 1821 96 F: 10 
1828 2 1832 325 F: 2 
1830 10 1850 92 F: 10 
1833 9 1842 50 F: 4 2 3 
1834 7 1848 213 F: 3 2 2 
1834 11 1867 181 F: 5 3 3 
1842 2 1844 50 F: 2 
1874 12 1922 142 F: 12 
1891 8 1899 391 F: 5 1 2 
1910 9 1937 247 F: 5 2 2 
1912 3 1921 399 F: 2 1 
1923 7 1944 307 F: 7 
1929 6 1953 251 F: 6 
1947 7 1961 123 F: 7 
1955 7 1976 89 F: 5 1 1 
1958 11 1991 75 F: 4 3 4 
1977 10 1987 389 F: 7 3 
1985 12 2009 280 F: 12 
1988 7 2002 168 F: 3 2 2 
2003 4 2007 251 F: 4 
2024 9 2060 117 F: 3 6 
2028 8 2060 155 F: 3 2 3 
2029 8 2037 165 F: 4 3 1 
2041 7 2055 7 F: 7 
2051 10 2061 33 F: 4 3 3 
2051 10 2061 54 F: 5 4 1 
2051 13 2103 60 F: 13 
2058 8 2066 302 F: 8 
2094 10 2124 189 F: 7 3 
2103 10 2113 301 F: 5 1 4 
2105 3 2111 169 F: 3 
2116 7 2137 315 F: 2 5 
2118 8 2150 324 F: 2 6 
2135 7 2142 311 F: 3 4 
2137 5 2157 343 F: 3 2 
2148 8 2156 35 F: 3 2 3 
2170 3 2182 32 F: 3 
2178 10 2198 368 F: 4 4 2 
2185 10 2205 336 F: 10 
2216 5 2221 133 F: 4 1 
2220 10 2250 111 F: 5 5 
2228 3 2231 49 F: 3 
2230 10 2240 264 F: 10 
2231 12 2255 237 F: 7 5 
2237 4 2253 386 F: 3 1 
2241 8 2273 257 F: 2 4 2 
2249 8 2281 170 F: 3 1 4 
2256 4 2260 198 F: 2 2 
2273 6 2279 223 F: 3 2 1 
2312 6 2324 154 F: 2 2 2 
2317 11 2339 319 F: 5 3 3 
2319 7 2333 337 F: 4 2 1 
2334 4 2350 371 F: 4 
2334 6 2340 155 F: 4 2 
2363 10 2383 248 F: 5 3 2 
2369 12 2393 338 F: 12 
2372 10 2402 271 F: 4 6 
2376 9 2403 94 F: 4 5 
2378 6 2390 191 F: 2 4 
2401 9 2437 70 F: 2 4 3 
2424 8 2440 138 F: 2 2 4 
2428 8 2444 95 F: 3 5 
2445 13 2497 147 F: 7 6 
2454 7 2461 314 F: 4 3 
2454 8 2478 3 F: 4 4 
2467 5 2487 363 F: 5 
2472 9 2481 5 F: 3 6 
2477 9 2495 158 F: 5 4 
2494 4 2506 249 F: 3 1 
2503 12 2515 25 F: 7 5 
2511 8 2527 155 F: 3 5 
2511 12 2547 164 F: 6 6 
2512 7 2519 72 F: 3 4 
2522 11 2533 293 F: 11 
2523 2 2531 148 F: 2 
2538 9 2547 39 F: 4 1 4 
2543 6 2561 249 F: 6 
2561 5 2581 205 F: 5 
2573 9 2582 98 F: 4 1 4 
2611 4 2619 167 F: 3 1 
2614 7 2621 380 F: 3 4 
2620 6 2626 85 F: 2 1 3 
2622 3 2625 53 F: 2 1 
2624 8 2656 393 F: 2 2 4 
2627 9 2654 134 F: 5 2 2 
2650 10 2680 145 F: 4 4 2 
2672 4 2688 222 F: 2 1 1 
2675 11 2708 195 F: 6 5 
2689 12 2737 151 F: 5 4 3 
2733 5 2753 16 F: 5 
2736 10 2756 340 F: 4 6 
2738 5 2743 192 F: 3 2 
2750 11 2794 288 F: 5 4 2 
2751 10 2761 188 F: 4 6 
2754 9 2781 300 F: 3 4 2 
2754 9 2790 192 F: 2 4 3 
2771 3 2777 138 F: 3 
2772 6 2796 293 F: 6 
2793 8 2801 107 F: 5 3 
2815 9 2842 323 F: 6 3 
2827 9 2836 82 F: 5 2 2 
2856 10 2866 353 F: 5 5 
2861 4 2869 304 F: 3 1 
2861 9 2897 306 F: 4 3 2 
2869 9 2905 282 F: 9 
2877 5 2897 134 F: 5 
2888 9 2897 255 F: 5 1 3 
2889 8 2921 281 F: 4 3 1 
2899 3 2902 154 F: 3 
2901 7 2922 77 F: 4 3 
2924 10 2954 302 F: 5 1 4 
2936 10 2966 35 F: 4 2 4 
2961 7 2968 388 F: 4 3 
2967 6 2991 83 F: 6 
2969 6 2975 213 F: 6 
2981 12 2993 177 F: 12 
2986 5 3001 369 F: 2 2 1 
2989 6 3007 187 F: 6 
2998 9 3034 138 F: 4 1 4 
3003 7 3010 20 F: 2 5 
3003 10 3013 290 F: 5 5 
3009 6 3015 6 F: 6 
3015 7 3036 73 F: 3 4 
3020 7 3041 70 F: 3 1 3 
3027 8 3059 286 F: 7 1 
3029 4 3037 244 F: 2 1 1 
3048 6 3072 110 F: 5 1 
3059 9 3068 65 F: 9 
3082 7 3103 188 F: 2 5 
3106 6 3118 392 F: 6 
3116 8 3148 163 F: 2 3 3 
3119 8 3135 2 F: 3 5 
3122 7 3143 43 F: 7 
3135 3 3144 189 F: 3 
3154 8 3186 31 F: 3 4 1 
3169 9 3187 220 F: 6 3 
3170 5 3175 370 F: 2 3 
3183 4 3199 328 F: 2 1 1 
3199 8 3207 16 F: 2 2 4 
3200 9 3227 175 F: 3 3 3 
3233 7 3240 274 F: 4 3 
3233 7 3261 191 F: 2 5 
3241 9 3250 42 F: 3 2 4 
3243 7 3264 270 F: 2 4 1 
3245 4 3249 307 F: 4 
3247 9 3265 290 F: 9 
3257 11 3290 74 F: 11 
3259 7 3273 18 F: 4 3 
3270 10 3310 385 F: 10 
3301 7 3322 230 F: 5 2 
3309 10 3319 129 F: 5 2 3 
3314 10 3334 91 F: 4 4 2 
3336 12 3372 235 F: 6 6 
3338 13 3390 70 F: 13 
3344 4 3348 377 F: 4 
3364 11 3408 277 F: 11 
3377 7 3398 64 F: 2 4 1 
3388 9 3424 205 F: 4 5 
3396 8 3428 76 F: 5 3 
3408 10 3438 5 F: 5 3 2 
3409 9 3427 310 F: 2 4 3 
3416 9 3425 113 F: 5 3 1 
3434 6 3446 78 F: 6 
3441 9 3450 277 F: 9 
3443 7 3450 132 F: 7 
3463 5 3473 279 F: 4 1 
3466 10 3486 168 F: 10 
3485 11 3507 46 F: 4 4 3 
3493 7 3514 377 F: 5 2 
3523 6 3529 203 F: 6 
3532 6 3544 289 F: 5 1 
3535 10 3555 347 F: 4 4 2 
3538 10 3568 147 F: 4 6 
3557 13 3609 56 F: 13 
3568 6 3586 354 F: 2 3 1 
3576 13 3589 198 F: 13 
3578 8 3602 139 F: 3 5 
3587 6 3605 270 F: 2 2 2 
3593 9 3602 278 F: 4 1 4 
3607 10 3627 83 F: 5 5 
3645 8 3677 7 F: 2 3 3 
3647 8 3663 264 F: 3 1 4 
3657 10 3667 399 F: 4 3 3 
3658 11 3702 350 F: 11 
3662 8 3694 245 F: 3 5 
3672 11 3694 273 F: 11 
3680 9 3689 187 F: 3 2 4 
3685 9 3694 61 F: 5 4 
3689 9 3698 144 F: 7 2 
3702 8 3718 353 F: 2 6 
3711 7 3725 66 F: 3 2 2 
3712 3 3718 390 F: 2 1 
3712 8 3744 200 F: 8 
3718 7 3739 134 F: 3 2 2 
3721 13 3734 320 F: 7 6 
3725 4 3729 300 F: 2 2 
3730 11 3752 34 F: 11 
3733 13 3785 135 F: 13 
3764 8 3796 236 F: 2 4 2 
3811 6 3817 60 F: 2 3 1 
3812 5 3822 177 F: 2 2 1 
3813 11 3835 263 F: 7 4 
3826 7 3833 54 F: 7 
3830 8 3862 236 F: 2 4 2 
3837 11 3848 342 F: 11 
3855 12 3891 305 F: 5 4 3 
3859 9 3877 391 F: 2 3 4 
3869 9 3878 201 F: 5 4 
3897 2 3899 131 F: 2 
3906 11 3939 139 F: 7 4 
3910 12 3922 188 F: 7 5 
3914 8 3938 169 F: 5 1 2 
3938 13 3990 334 F: 13 
3946 13 3985 316 F: 7 6 
3950 9 3977 88 F: 2 4 3 
3960 13 4012 31 F: 5 4 4 
3963 8 3995 73 F: 4 1 3 
3993 7 4021 314 F: 2 3 2 
3993 10 4013 185 F: 4 4 2 
D: 0 383 
D: 4 112 
D: 5 150 
D: 6 245 
D: 8 14 
D: 13 167 
D: 13 322 
D: 15 356 
D: 16 308 
D: 29 354 
D: 32 36 
D: 39 107 
D: 41 204 
D: 43 298 
D: 44 111 
D: 45 74 
D: 50 149 
D: 53 363 
D: 71 331 
D: 72 336 
D: 78 171 
D: 88 102 
D: 93 193 
D: 99 166 
D: 109 397 
D: 115 185 
D: 120 351 
D: 124 187 
D: 131 277 
D: 138 166 
D: 145 207 
D: 146 160 
D: 152 187 
D: 152 245 
D: 184 288 
D: 192 310 
D: 200 264 
D: 219 290 
D: 278 305 
D: 306 320 
