20 6 44 1 F: 2 3 1 
21 8 45 1 F: 7 1 
26 8 50 1 F: 7 1 
39 10 59 1 F: 4 6 
41 12 77 1 F: 7 5 
68 3 71 1 F: 3 
80 9 116 1 F: 9 
88 10 118 1 F: 10 
94 5 109 1 F: 3 2 
96 2 100 1 F: 2 
105 7 112 1 F: 3 3 1 
133 11 144 1 F: 5 6 
133 12 169 1 F: 12 
135 13 187 1 F: 13 
137 5 152 1 F: 2 2 1 
151 8 183 1 F: 8 
159 13 211 1 F: 13 
168 11 201 1 F: 11 
173 4 185 1 F: 4 
182 6 200 1 F: 6 
209 3 212 1 F: 2 1 
209 12 245 1 F: 7 5 
213 5 223 1 F: 2 1 2 
215 10 255 1 F: 6 4 
230 13 282 1 F: 5 4 4 
236 5 246 1 F: 5 
238 10 248 1 F: 4 3 3 
272 8 280 1 F: 8 
282 10 292 1 F: 5 3 2 
299 7 320 1 F: 4 1 2 
305 11 316 1 F: 5 6 
313 2 321 1 F: 2 
326 7 347 1 F: 3 1 3 
327 5 347 1 F: 3 2 
327 10 367 1 F: 6 4 
343 6 367 1 F: 6 
345 12 369 1 F: 12 
347 4 363 1 F: 4 
388 5 403 1 F: 2 2 1 
397 5 412 1 F: 2 2 1 
407 8 415 1 F: 2 6 
415 8 423 1 F: 8 
443 5 448 1 F: 5 
447 11 469 1 F: 11 
450 8 466 1 F: 4 2 2 
479 13 531 1 F: 13 
482 7 510 1 F: 3 2 2 
484 9 493 1 F: 9 
488 9 524 1 F: 2 3 4 
495 6 507 1 F: 2 2 2 
526 7 547 1 F: 6 1 
536 4 540 1 F: 4 
550 8 558 1 F: 3 5 
555 11 566 1 F: 5 3 3 
555 12 603 1 F: 6 6 
560 5 565 1 F: 2 3 
588 7 609 1 F: 3 1 3 
589 5 604 1 F: 2 3 
589 11 600 1 F: 11 
590 6 608 1 F: 2 4 
601 5 621 1 F: 3 1 1 
603 10 633 1 F: 6 4 
603 11 625 1 F: 11 
614 6 626 1 F: 5 1 
622 5 632 1 F: 5 
661 10 681 1 F: 6 4 
668 8 684 1 F: 8 
694 2 696 1 F: 2 
694 10 714 1 F: 5 2 3 
697 10 727 1 F: 4 4 2 
700 8 724 1 F: 6 2 
702 5 712 1 F: 2 3 
729 10 769 1 F: 10 
735 13 761 1 F: 13 
755 9 764 1 F: 2 4 3 
759 13 772 1 F: 13 
777 10 817 1 F: 10 
781 9 799 1 F: 3 4 2 
787 4 799 1 F: 2 2 
798 2 806 1 F: 2 
812 12 824 1 F: 12 
836 4 848 1 F: 4 
842 5 862 1 F: 5 
846 13 898 1 F: 7 6 
860 6 866 1 F: 2 4 
864 11 886 1 F: 4 3 4 
866 2 872 1 F: 2 
866 5 871 1 F: 3 1 1 
878 10 898 1 F: 3 4 3 
885 2 887 1 F: 2 
916 3 922 1 F: 3 
924 7 952 1 F: 7 
933 10 953 1 F: 10 
955 6 979 1 F: 2 1 3 
956 8 964 1 F: 3 4 1 
956 10 986 1 F: 5 5 
958 9 985 1 F: 3 6 
963 4 979 1 F: 2 1 1 
983 3 995 1 F: 3 
988 11 1010 1 F: 6 5 
1000 9 1036 1 F: 3 3 3 
1041 9 1059 1 F: 4 4 1 
1042 4 1058 1 F: 4 
1060 11 1082 1 F: 4 4 3 
1061 9 1097 1 F: 6 3 
1061 13 1100 1 F: 13 
1087 13 1113 1 F: 13 
1089 2 1093 1 F: 2 
1089 7 1117 1 F: 6 1 
1097 13 1149 1 F: 13 
1100 12 1112 1 F: 7 5 
1102 9 1138 1 F: 9 
1111 12 1147 1 F: 12 
1113 12 1137 1 F: 12 
1116 13 1129 1 F: 13 
1148 7 1155 1 F: 2 5 
1160 9 1196 1 F: 4 4 1 
1169 6 1193 1 F: 2 1 3 
1183 12 1207 1 F: 6 6 
1185 9 1221 1 F: 9 
1203 9 1221 1 F: 3 4 2 
1224 12 1236 1 F: 6 6 
1241 6 1253 1 F: 3 3 
1253 10 1273 1 F: 6 4 
1257 7 1285 1 F: 3 4 
1259 5 1279 1 F: 4 1 
1261 8 1269 1 F: 8 
1271 8 1279 1 F: 5 2 1 
1293 5 1298 1 F: 3 1 1 
1295 6 1307 1 F: 4 2 
1301 11 1323 1 F: 11 
1303 10 1343 1 F: 10 
1319 6 1337 1 F: 2 4 
1325 13 1377 1 F: 7 6 
1331 10 1341 1 F: 6 4 
1360 9 1387 1 F: 2 4 3 
1371 11 1393 1 F: 4 3 4 
1373 9 1382 1 F: 5 4 
1374 4 1390 1 F: 2 2 
1386 11 1419 1 F: 6 5 
1407 3 1416 1 F: 2 1 
1407 7 1414 1 F: 6 1 
1408 6 1432 1 F: 6 
1427 11 1471 1 F: 4 3 4 
1436 4 1444 1 F: 3 1 
1448 10 1458 1 F: 4 6 
1454 4 1458 1 F: 4 
1461 11 1472 1 F: 3 4 4 
1470 3 1476 1 F: 3 
1488 3 1497 1 F: 3 
1504 13 1530 1 F: 13 
1507 7 1514 1 F: 6 1 
1521 13 1547 1 F: 7 6 
1537 6 1549 1 F: 2 4 
1548 10 1568 1 F: 4 4 2 
1558 6 1582 1 F: 2 2 2 
1558 9 1594 1 F: 4 4 1 
1560 2 1562 1 F: 2 
1573 9 1582 1 F: 4 4 1 
1579 6 1585 1 F: 4 1 1 
1601 5 1606 1 F: 5 
1602 13 1654 1 F: 7 6 
1605 12 1641 1 F: 6 6 
1616 10 1636 1 F: 10 
1643 6 1667 1 F: 2 3 1 
1646 10 1656 1 F: 7 3 
1657 12 1693 1 F: 12 
1664 5 1669 1 F: 5 
1686 9 1704 1 F: 3 6 
1698 3 1710 1 F: 3 
1703 10 1713 1 F: 4 2 4 
1722 10 1762 1 F: 2 4 4 
1723 12 1759 1 F: 5 3 4 
1743 10 1783 1 F: 6 4 
1748 10 1778 1 F: 5 1 4 
1770 6 1782 1 F: 2 3 1 
1776 9 1812 1 F: 9 
1782 8 1806 1 F: 2 6 
1788 9 1824 1 F: 5 4 
1791 11 1813 1 F: 11 
1805 8 1821 1 F: 5 1 2 
1808 7 1836 1 F: 3 4 
1813 6 1825 1 F: 2 4 
1824 8 1856 1 F: 6 2 
1830 3 1833 1 F: 3 
1839 6 1851 1 F: 2 1 3 
1846 8 1854 1 F: 5 3 
1858 10 1868 1 F: 10 
1880 10 1890 1 F: 7 3 
1896 2 1902 1 F: 2 
1905 12 1917 1 F: 12 
1925 9 1934 1 F: 2 4 3 
1926 10 1946 1 F: 3 4 3 
1934 6 1952 1 F: 4 2 
1960 12 2008 1 F: 5 3 4 
1961 6 1985 1 F: 5 1 
1971 12 1983 1 F: 7 5 
1977 7 1991 1 F: 7 
1991 12 2015 1 F: 5 4 3 
1992 9 2001 1 F: 4 5 
2006 9 2015 1 F: 5 1 3 
2015 8 2023 1 F: 6 2 
2022 7 2043 1 F: 4 1 2 
2032 5 2037 1 F: 5 
2066 9 2102 1 F: 5 3 1 
2068 11 2112 1 F: 4 4 3 
2073 4 2089 1 F: 4 
2090 9 2126 1 F: 2 4 3 
2092 10 2132 1 F: 10 
2097 4 2109 1 F: 3 1 
2105 5 2120 1 F: 5 
2109 11 2120 1 F: 11 
2114 11 2158 1 F: 4 3 4 
2120 8 2144 1 F: 7 1 
2131 4 2143 1 F: 3 1 
2132 4 2144 1 F: 4 
2139 9 2166 1 F: 6 3 
2149 9 2176 1 F: 5 1 3 
2176 12 2224 1 F: 6 6 
2180 3 2186 1 F: 3 
2201 9 2228 1 F: 4 5 
2208 12 2244 1 F: 6 6 
2210 9 2228 1 F: 5 1 3 
2218 12 2254 1 F: 12 
2232 9 2250 1 F: 9 
2247 9 2274 1 F: 4 3 2 
2250 7 2264 1 F: 2 4 1 
2252 13 2304 1 F: 13 
2293 8 2301 1 F: 4 3 1 
2298 11 2331 1 F: 5 2 4 
2300 9 2318 1 F: 4 3 2 
2310 5 2320 1 F: 3 1 1 
2339 9 2375 1 F: 6 3 
2344 6 2356 1 F: 2 4 
2350 5 2360 1 F: 4 1 
2357 6 2375 1 F: 2 3 1 
2361 12 2409 1 F: 6 6 
2363 8 2371 1 F: 3 3 2 
2366 4 2374 1 F: 2 1 1 
2389 9 2416 1 F: 5 4 
2406 10 2416 1 F: 3 4 3 
2409 7 2423 1 F: 2 4 1 
2417 11 2450 1 F: 5 6 
2422 6 2434 1 F: 2 4 
2429 7 2450 1 F: 3 2 2 
2430 10 2460 1 F: 5 4 1 
2445 9 2472 1 F: 3 2 4 
2452 6 2464 1 F: 3 3 
2467 5 2487 1 F: 3 1 1 
2484 13 2523 1 F: 7 6 
2503 8 2519 1 F: 8 
2503 11 2514 1 F: 7 4 
2506 7 2527 1 F: 3 2 2 
2511 11 2522 1 F: 5 6 
2517 11 2528 1 F: 7 4 
2519 11 2541 1 F: 5 3 3 
2520 9 2538 1 F: 4 4 1 
2538 11 2582 1 F: 11 
2553 7 2567 1 F: 5 2 
2598 6 2610 1 F: 3 1 2 
2607 10 2647 1 F: 10 
2627 8 2643 1 F: 5 3 
2633 7 2640 1 F: 2 5 
2652 12 2664 1 F: 12 
2659 10 2679 1 F: 6 4 
2681 10 2701 1 F: 10 
2681 11 2692 1 F: 7 4 
2682 10 2712 1 F: 6 4 
2688 13 2740 1 F: 13 
2697 6 2703 1 F: 6 
2700 10 2740 1 F: 5 3 2 
2702 9 2720 1 F: 3 2 4 
2718 11 2762 1 F: 4 4 3 
2730 12 2778 1 F: 5 4 3 
2735 10 2775 1 F: 5 3 2 
2736 6 2742 1 F: 6 
2745 7 2766 1 F: 6 1 
2779 8 2803 1 F: 3 5 
2784 8 2792 1 F: 8 
2789 13 2802 1 F: 13 
2802 12 2814 1 F: 12 
2837 11 2848 1 F: 7 4 
2840 10 2860 1 F: 4 6 
2846 8 2878 1 F: 5 1 2 
2859 7 2866 1 F: 3 4 
2876 4 2880 1 F: 3 1 
2880 7 2901 1 F: 7 
2881 9 2899 1 F: 7 2 
2886 8 2894 1 F: 8 
2891 7 2912 1 F: 3 4 
2915 7 2929 1 F: 3 2 2 
2933 5 2938 1 F: 5 
2934 13 2947 1 F: 13 
2939 5 2944 1 F: 5 
2943 13 2995 1 F: 5 4 4 
2968 6 2974 1 F: 2 3 1 
2975 10 3015 1 F: 5 2 3 
2992 11 3025 1 F: 7 4 
2993 11 3037 1 F: 11 
2997 6 3015 1 F: 6 
3005 9 3014 1 F: 3 2 4 
3007 11 3029 1 F: 5 3 3 
3008 8 3040 1 F: 2 6 
3011 5 3016 1 F: 5 
3012 9 3039 1 F: 5 4 
3034 7 3055 1 F: 7 
3050 7 3071 1 F: 5 2 
3054 9 3081 1 F: 3 6 
3075 8 3099 1 F: 6 2 
3087 5 3097 1 F: 5 
3111 2 3119 1 F: 2 
3124 5 3144 1 F: 2 3 
3158 5 3178 1 F: 2 1 2 
3162 7 3183 1 F: 2 5 
3162 9 3198 1 F: 4 3 2 
3167 8 3183 1 F: 2 3 3 
3179 7 3193 1 F: 2 4 1 
3183 10 3203 1 F: 5 3 2 
3188 9 3206 1 F: 4 4 1 
3195 10 3225 1 F: 7 3 
3220 10 3250 1 F: 5 5 
3231 9 3249 1 F: 9 
3258 5 3273 1 F: 5 
3258 6 3270 1 F: 2 1 3 
3260 7 3274 1 F: 4 2 1 
3277 7 3284 1 F: 3 4 
3281 4 3285 1 F: 4 
3284 10 3294 1 F: 3 4 3 
3286 7 3293 1 F: 5 1 1 
3293 7 3300 1 F: 7 
3311 12 3347 1 F: 12 
3312 9 3330 1 F: 4 2 3 
3321 11 3332 1 F: 5 6 
3334 10 3364 1 F: 5 4 1 
3337 9 3346 1 F: 2 4 3 
3339 8 3371 1 F: 7 1 
3368 4 3372 1 F: 4 
3368 6 3374 1 F: 5 1 
3374 8 3390 1 F: 5 3 
3393 10 3403 1 F: 5 1 4 
3407 10 3427 1 F: 5 3 2 
3453 7 3467 1 F: 2 5 
3453 7 3467 1 F: 7 
3454 12 3466 1 F: 5 3 4 
3458 3 3470 1 F: 2 1 
3470 10 3480 1 F: 4 6 
3484 5 3494 1 F: 4 1 
3489 10 3499 1 F: 3 3 4 
3490 6 3502 1 F: 2 3 1 
3490 6 3508 1 F: 5 1 
3510 9 3537 1 F: 5 2 2 
3510 9 3546 1 F: 4 2 3 
3514 8 3546 1 F: 3 2 3 
3531 8 3563 1 F: 5 3 
3540 8 3572 1 F: 8 
3550 2 3556 1 F: 2 
3559 9 3568 1 F: 7 2 
3563 9 3590 1 F: 9 
3567 11 3578 1 F: 5 4 2 
3581 7 3602 1 F: 4 2 1 
3605 12 3653 1 F: 5 3 4 
3620 3 3629 1 F: 2 1 
3632 9 3641 1 F: 4 1 4 
3637 9 3655 1 F: 5 2 2 
3640 12 3688 1 F: 7 5 
3646 7 3674 1 F: 6 1 
3662 10 3692 1 F: 7 3 
3670 8 3678 1 F: 8 
3678 8 3694 1 F: 4 2 2 
3692 3 3704 1 F: 3 
3721 11 3743 1 F: 3 4 4 
3733 2 3739 1 F: 2 
3744 9 3753 1 F: 5 1 3 
3756 5 3771 1 F: 5 
3768 12 3804 1 F: 12 
3772 8 3780 1 F: 2 2 4 
3782 7 3803 1 F: 3 4 
3788 11 3832 1 F: 5 6 
3794 11 3838 1 F: 5 2 4 
3796 8 3828 1 F: 5 3 
3801 11 3834 1 F: 11 
3814 11 3847 1 F: 5 2 4 
3815 13 3854 1 F: 13 
3852 13 3904 1 F: 13 
3867 8 3891 1 F: 2 6 
3877 8 3885 1 F: 4 4 
3879 9 3915 1 F: 4 5 
3883 11 3905 1 F: 11 
3883 12 3895 1 F: 12 
3884 5 3894 1 F: 4 1 
3901 7 3915 1 F: 7 
3907 2 3913 1 F: 2 
3919 10 3959 1 F: 10 
3925 2 3931 1 F: 2 
3932 12 3956 1 F: 12 
3944 6 3962 1 F: 2 4 
3956 10 3986 1 F: 10 
3968 7 3989 1 F: 2 5 
3983 6 3989 1 F: 6 
3986 5 3996 1 F: 2 1 2 
4022 8 4046 1 F: 3 3 2 
4026 9 4062 1 F: 5 2 2 
4033 9 4060 1 F: 9 
4046 3 4058 1 F: 3 
4056 10 4066 1 F: 10 
4057 12 4105 1 F: 4 4 4 
4069 10 4079 1 F: 4 3 3 
4094 7 4108 1 F: 3 1 3 
4098 11 4142 1 F: 6 5 
4099 9 4135 1 F: 9 
4100 9 4109 1 F: 9 
4115 9 4133 1 F: 6 3 
4138 11 4182 1 F: 11 
4146 10 4176 1 F: 4 2 4 
4147 8 4155 1 F: 7 1 
4151 11 4195 1 F: 5 6 
4164 7 4192 1 F: 3 1 3 
4178 13 4230 1 F: 13 
4180 5 4190 1 F: 3 1 1 
4186 10 4226 1 F: 10 
4201 9 4228 1 F: 4 3 2 
4209 9 4218 1 F: 9 
4214 3 4217 1 F: 3 
4216 12 4252 1 F: 12 
4222 6 4240 1 F: 6 
4254 9 4272 1 F: 3 3 3 
4261 8 4293 1 F: 8 
4266 8 4290 1 F: 5 3 
4289 7 4296 1 F: 7 
4297 6 4309 1 F: 2 4 
4311 4 4319 1 F: 4 
4314 10 4324 1 F: 5 4 1 
4315 13 4328 1 F: 7 6 
4339 11 4361 1 F: 3 4 4 
4339 11 4372 1 F: 6 5 
4352 11 4374 1 F: 4 3 4 
4358 9 4376 1 F: 4 4 1 
4393 9 4420 1 F: 9 
4398 10 4428 1 F: 6 4 
4398 10 4428 1 F: 10 
4401 8 4409 1 F: 4 1 3 
4402 5 4417 1 F: 2 1 2 
4407 8 4439 1 F: 3 1 4 
4437 8 4469 1 F: 8 
4438 8 4470 1 F: 2 2 4 
4459 8 4491 1 F: 4 1 3 
4466 8 4482 1 F: 8 
4468 4 4480 1 F: 4 
4468 7 4482 1 F: 4 1 2 
4497 8 4513 1 F: 6 2 
D: 5 248 
D: 6 312 
D: 11 281 
D: 13 67 
D: 15 409 
D: 19 20 
D: 21 248 
D: 22 144 
D: 25 30 
D: 37 427 
D: 40 433 
D: 44 152 
D: 48 346 
D: 55 329 
D: 57 293 
D: 57 373 
D: 65 289 
D: 67 252 
D: 73 435 
D: 75 396 
D: 95 139 
D: 127 435 
D: 135 364 
D: 141 371 
D: 143 237 
D: 147 424 
D: 153 268 
D: 170 213 
D: 183 297 
D: 183 381 
D: 188 308 
D: 196 270 
D: 197 435 
D: 205 214 
D: 225 441 
D: 233 238 
D: 254 429 
D: 257 357 
D: 273 384 
D: 274 422 
D: 283 355 
D: 289 442 
D: 301 393 
D: 359 402 
D: 383 432 
