9 2 13 4 F: 2 
29 7 57 77 F: 2 5 
36 9 72 86 F: 3 6 
41 7 62 371 F: 7 
45 10 55 149 F: 10 
54 4 66 39 F: 3 1 
58 5 73 50 F: 5 
69 5 89 344 F: 5 
73 10 93 49 F: 6 4 
78 5 88 164 F: 2 1 2 
100 8 116 137 F: 3 3 2 
109 11 153 247 F: 6 5 
114 8 130 11 F: 8 
118 10 138 62 F: 7 3 
122 6 128 192 F: 4 1 1 
134 12 182 361 F: 12 
135 8 143 294 F: 2 2 4 
145 4 157 181 F: 4 
184 13 223 37 F: 13 
186 11 230 253 F: 5 6 
210 12 246 329 F: 12 
210 13 236 281 F: 13 
219 9 228 157 F: 4 5 
232 8 248 2 F: 2 6 
238 13 264 44 F: 13 
264 8 272 330 F: 4 2 2 
266 9 284 100 F: 2 4 3 
270 3 279 148 F: 3 
280 5 290 374 F: 5 
297 6 303 297 F: 4 2 
310 8 342 394 F: 8 
316 7 337 369 F: 3 4 
320 5 330 66 F: 5 
326 9 353 167 F: 3 4 2 
344 9 371 134 F: 5 1 3 
346 13 398 113 F: 13 
381 5 391 279 F: 4 1 
383 7 390 97 F: 3 1 3 
383 11 394 197 F: 6 5 
388 10 428 60 F: 4 4 2 
403 9 412 245 F: 9 
416 9 452 228 F: 6 3 
419 13 471 243 F: 13 
425 12 461 206 F: 12 
457 3 466 78 F: 3 
473 10 483 383 F: 10 
479 9 497 305 F: 9 
495 7 509 396 F: 2 4 1 
497 12 521 1 F: 12 
498 9 516 301 F: 4 5 
503 7 531 27 F: 3 3 1 
509 3 515 318 F: 2 1 
517 7 524 296 F: 3 2 2 
518 4 534 398 F: 4 
532 6 544 146 F: 5 1 
538 12 574 38 F: 6 6 
546 3 549 125 F: 3 
572 7 600 313 F: 7 
594 7 601 219 F: 2 4 1 
596 3 602 59 F: 3 
609 10 639 226 F: 5 1 4 
613 6 625 283 F: 3 3 
616 9 643 134 F: 4 5 
644 11 677 397 F: 4 3 4 
648 7 655 348 F: 5 1 1 
648 7 662 110 F: 4 3 
657 11 679 329 F: 11 
673 9 700 40 F: 9 
684 9 693 114 F: 4 1 4 
697 4 705 312 F: 4 
719 10 759 124 F: 10 
724 2 726 23 F: 2 
730 11 752 25 F: 11 
738 9 747 317 F: 2 3 4 
750 6 774 71 F: 6 
758 6 764 334 F: 3 1 2 
760 10 770 303 F: 10 
767 8 775 15 F: 3 3 2 
786 3 798 336 F: 3 
792 3 804 346 F: 3 
804 4 816 360 F: 3 1 
809 6 821 76 F: 2 4 
814 8 846 232 F: 4 2 2 
816 8 832 294 F: 2 2 4 
821 5 841 277 F: 4 1 
823 12 859 290 F: 12 
846 8 870 114 F: 8 
856 10 896 342 F: 4 2 4 
866 9 902 289 F: 9 
888 7 902 371 F: 7 
908 8 932 376 F: 3 2 3 
919 12 943 45 F: 6 6 
930 9 966 1 F: 5 3 1 
947 6 971 23 F: 2 4 
951 3 957 23 F: 3 
951 8 983 277 F: 4 4 
975 7 989 138 F: 7 
984 4 1000 283 F: 4 
987 6 993 239 F: 3 3 
990 11 1023 396 F: 5 2 4 
1013 8 1037 199 F: 3 2 3 
1019 9 1028 122 F: 3 4 2 
1035 8 1043 234 F: 5 3 
1037 3 1046 62 F: 3 
1048 11 1092 93 F: 6 5 
1061 5 1076 342 F: 3 2 
1065 5 1070 340 F: 2 3 
1069 12 1093 77 F: 7 5 
1074 8 1082 251 F: 5 2 1 
1090 9 1126 317 F: 5 3 1 
1118 12 1166 15 F: 12 
1128 4 1136 321 F: 3 1 
1131 2 1139 376 F: 2 
1140 10 1180 23 F: 3 3 4 
1146 12 1170 42 F: 12 
1153 7 1160 372 F: 6 1 
1162 8 1178 316 F: 3 2 3 
1170 11 1214 211 F: 7 4 
1178 3 1181 307 F: 3 
1198 11 1231 19 F: 5 4 2 
1207 5 1227 356 F: 5 
1208 9 1235 46 F: 5 4 
1219 11 1230 122 F: 7 4 
1228 7 1242 105 F: 7 
1241 6 1247 332 F: 4 2 
1242 11 1253 340 F: 4 4 3 
1251 11 1284 164 F: 6 5 
1278 9 1305 106 F: 3 3 3 
1284 4 1296 236 F: 2 2 
1299 11 1310 384 F: 5 3 3 
1321 9 1348 364 F: 3 4 2 
1321 11 1354 39 F: 4 3 4 
1334 7 1348 227 F: 7 
1337 8 1369 67 F: 3 4 1 
1339 13 1352 342 F: 7 6 
1341 9 1377 136 F: 4 4 1 
1354 2 1362 71 F: 2 
1370 10 1390 138 F: 3 3 4 
1375 4 1387 301 F: 4 
1389 10 1409 165 F: 10 
1406 9 1442 357 F: 4 4 1 
1410 13 1462 185 F: 13 
1411 9 1438 234 F: 9 
1423 2 1427 288 F: 2 
1431 13 1483 165 F: 13 
1434 9 1461 313 F: 5 1 3 
1440 3 1443 164 F: 3 
1445 8 1453 70 F: 3 5 
1480 7 1494 23 F: 5 2 
1498 10 1518 90 F: 10 
1504 11 1548 258 F: 11 
1510 9 1528 214 F: 5 4 
1512 8 1528 123 F: 3 4 1 
1515 8 1539 232 F: 3 5 
1533 11 1544 310 F: 11 
1533 12 1545 302 F: 4 4 4 
1558 7 1579 142 F: 4 3 
1559 10 1579 136 F: 4 6 
1560 11 1582 22 F: 11 
1575 11 1586 172 F: 11 
1607 6 1619 245 F: 3 3 
1622 6 1646 367 F: 3 3 
1623 2 1629 25 F: 2 
1628 11 1661 180 F: 4 4 3 
1629 12 1665 111 F: 5 4 3 
1630 5 1645 394 F: 2 3 
1655 10 1665 181 F: 2 4 4 
1670 8 1686 66 F: 4 2 2 
1675 10 1705 193 F: 4 3 3 
1697 9 1706 281 F: 9 
1707 5 1712 216 F: 5 
1717 8 1733 96 F: 2 6 
1721 10 1761 24 F: 4 6 
1724 8 1732 269 F: 2 2 4 
1727 4 1739 400 F: 4 
1735 9 1771 108 F: 9 
1738 3 1744 37 F: 3 
1764 12 1812 397 F: 4 4 4 
1786 6 1798 145 F: 2 2 2 
1790 10 1800 177 F: 5 4 1 
1806 9 1815 149 F: 9 
1817 6 1835 325 F: 2 1 3 
1819 5 1824 383 F: 5 
1837 10 1877 284 F: 4 2 4 
1851 5 1856 264 F: 5 
1853 5 1868 207 F: 2 3 
1862 8 1870 51 F: 5 1 2 
1865 6 1883 58 F: 2 4 
1874 13 1887 131 F: 13 
1883 11 1905 336 F: 11 
1910 7 1931 14 F: 2 5 
1923 7 1951 342 F: 3 1 3 
1928 12 1940 294 F: 12 
1934 13 1986 81 F: 13 
1946 12 1970 253 F: 12 
1960 5 1980 292 F: 5 
1970 13 1996 104 F: 5 4 4 
1971 7 1978 115 F: 5 1 1 
1986 12 2022 106 F: 12 
1991 11 2013 149 F: 4 4 3 
2013 9 2049 380 F: 9 
2027 6 2045 147 F: 4 2 
2038 11 2060 356 F: 5 2 4 
2046 6 2064 39 F: 3 2 1 
2057 9 2066 127 F: 4 1 4 
2060 11 2104 197 F: 6 5 
2072 10 2092 373 F: 10 
2077 8 2093 42 F: 5 1 2 
2077 9 2113 310 F: 5 4 
2092 13 2144 172 F: 7 6 
2133 7 2161 350 F: 5 1 1 
2135 8 2159 293 F: 3 3 2 
2142 8 2166 131 F: 2 4 2 
2165 10 2185 345 F: 4 2 4 
2166 10 2206 70 F: 2 4 4 
2174 10 2184 91 F: 4 4 2 
2182 10 2212 82 F: 5 4 1 
2186 3 2198 77 F: 3 
2188 7 2202 255 F: 4 3 
2198 5 2203 41 F: 2 3 
2200 9 2218 228 F: 9 
2205 6 2217 40 F: 6 
2219 7 2247 150 F: 7 
2225 6 2231 90 F: 6 
2246 5 2256 392 F: 5 
2253 6 2271 68 F: 5 1 
2262 11 2273 79 F: 5 4 2 
2287 6 2293 274 F: 3 2 1 
2296 8 2304 326 F: 5 3 
2299 6 2311 248 F: 6 
2326 7 2333 397 F: 3 4 
2328 2 2336 287 F: 2 
2333 10 2373 77 F: 2 4 4 
2336 9 2363 287 F: 4 1 4 
2346 6 2370 126 F: 4 1 1 
2355 8 2379 163 F: 2 6 
2360 11 2404 178 F: 5 6 
2367 11 2411 1 F: 11 
2368 7 2396 19 F: 2 5 
2398 5 2413 116 F: 5 
2400 5 2415 41 F: 3 1 1 
2405 8 2429 265 F: 2 6 
2407 6 2419 221 F: 2 1 3 
2411 8 2443 96 F: 3 2 3 
2411 9 2447 42 F: 3 4 2 
2415 10 2445 182 F: 5 1 4 
2435 13 2474 38 F: 13 
2440 9 2467 99 F: 6 3 
2451 7 2472 269 F: 7 
2497 6 2515 256 F: 4 1 1 
2510 6 2528 330 F: 6 
2531 11 2542 23 F: 4 3 4 
2538 2 2546 216 F: 2 
2546 12 2582 137 F: 5 3 4 
2550 10 2590 44 F: 4 6 
2562 13 2575 327 F: 13 
2573 12 2621 332 F: 12 
2580 5 2595 156 F: 5 
2593 11 2615 277 F: 5 2 4 
2594 8 2602 352 F: 3 4 1 
2616 8 2640 269 F: 3 5 
2618 6 2624 217 F: 2 2 2 
2621 9 2630 371 F: 9 
2636 11 2647 235 F: 11 
2639 11 2672 78 F: 11 
2646 6 2658 199 F: 5 1 
2654 10 2684 232 F: 5 3 2 
2655 4 2671 353 F: 4 
2671 9 2698 123 F: 6 3 
2689 9 2716 259 F: 5 4 
2710 9 2728 168 F: 9 
2714 10 2734 110 F: 3 3 4 
2722 11 2744 146 F: 7 4 
2729 8 2745 304 F: 4 4 
2764 6 2770 392 F: 5 1 
2775 11 2797 288 F: 11 
2777 6 2801 54 F: 6 
2780 8 2788 166 F: 5 3 
2789 8 2813 309 F: 2 4 2 
2796 11 2840 382 F: 7 4 
2807 9 2825 275 F: 9 
2813 8 2845 41 F: 3 2 3 
2856 7 2884 365 F: 6 1 
2859 9 2868 72 F: 3 6 
2861 10 2871 152 F: 5 4 1 
2861 10 2901 319 F: 2 4 4 
2877 5 2892 45 F: 2 3 
2879 6 2903 34 F: 3 3 
2890 9 2926 58 F: 2 4 3 
2893 2 2897 144 F: 2 
2900 8 2916 390 F: 2 4 2 
2912 7 2940 333 F: 7 
2913 8 2945 162 F: 8 
2933 10 2973 343 F: 5 4 1 
2939 12 2987 120 F: 7 5 
2962 8 2986 313 F: 3 5 
2962 9 2971 35 F: 9 
2966 7 2987 197 F: 6 1 
2977 13 2990 26 F: 13 
2992 7 3006 304 F: 7 
3010 5 3025 152 F: 3 1 1 
3018 5 3023 38 F: 5 
3033 4 3049 212 F: 2 2 
3044 11 3088 330 F: 5 2 4 
3051 13 3090 381 F: 7 6 
3058 8 3090 107 F: 4 3 1 
3064 10 3074 70 F: 5 3 2 
3072 11 3094 302 F: 11 
3075 9 3111 223 F: 5 4 
3099 12 3123 67 F: 12 
3104 9 3113 216 F: 7 2 
3124 6 3148 245 F: 6 
3164 9 3191 394 F: 4 2 3 
3171 9 3180 18 F: 9 
3173 9 3209 228 F: 2 3 4 
3176 3 3179 300 F: 3 
3180 11 3224 291 F: 11 
3181 7 3188 91 F: 4 3 
3184 2 3190 338 F: 2 
3195 9 3231 145 F: 7 2 
3205 10 3225 24 F: 10 
3214 7 3221 317 F: 7 
3218 5 3223 251 F: 5 
3219 8 3235 252 F: 4 3 1 
3258 8 3266 196 F: 8 
3264 6 3288 45 F: 4 2 
3276 5 3286 172 F: 5 
3287 8 3311 288 F: 2 6 
3288 9 3297 136 F: 5 4 
3293 9 3311 134 F: 5 2 2 
3309 10 3329 127 F: 5 1 4 
3329 12 3365 79 F: 12 
3332 10 3362 380 F: 5 4 1 
3335 8 3359 47 F: 8 
3344 11 3355 159 F: 5 4 2 
3355 8 3371 91 F: 8 
3378 8 3386 323 F: 2 4 2 
3378 10 3398 67 F: 3 3 4 
3385 6 3403 378 F: 2 4 
3399 13 3412 20 F: 13 
3415 8 3423 293 F: 8 
3422 6 3428 137 F: 4 1 1 
3424 13 3463 187 F: 13 
3431 9 3467 374 F: 9 
3443 9 3461 247 F: 5 3 1 
3447 9 3456 142 F: 2 3 4 
3448 10 3458 238 F: 4 2 4 
3466 3 3475 154 F: 3 
3493 7 3507 232 F: 5 2 
3497 12 3533 346 F: 6 6 
3511 8 3519 84 F: 2 2 4 
3511 10 3551 115 F: 10 
3517 9 3526 117 F: 4 5 
3519 7 3526 219 F: 6 1 
3544 5 3564 255 F: 2 1 2 
3562 9 3571 292 F: 4 4 1 
3582 6 3600 98 F: 3 3 
3585 7 3592 276 F: 2 5 
3586 5 3606 297 F: 5 
3595 11 3617 72 F: 4 3 4 
3606 4 3614 295 F: 3 1 
3620 11 3631 142 F: 11 
3637 7 3658 357 F: 2 2 3 
3659 2 3663 163 F: 2 
3662 13 3714 221 F: 13 
3663 5 3678 399 F: 2 3 
3667 10 3697 397 F: 10 
3675 6 3693 289 F: 2 3 1 
3682 6 3706 310 F: 4 1 1 
3684 8 3700 150 F: 2 6 
3703 10 3713 214 F: 5 5 
3710 9 3728 298 F: 3 6 
3712 4 3720 135 F: 4 
3737 13 3763 312 F: 5 4 4 
3755 7 3769 60 F: 3 1 3 
3760 11 3804 167 F: 5 6 
3768 4 3772 136 F: 4 
3781 13 3820 248 F: 13 
3788 4 3804 337 F: 2 1 1 
3792 12 3840 97 F: 5 3 4 
3822 11 3855 50 F: 4 4 3 
3826 4 3834 243 F: 2 2 
3837 5 3857 354 F: 2 3 
3846 6 3870 151 F: 6 
3850 12 3862 281 F: 5 3 4 
3854 8 3862 10 F: 7 1 
3872 11 3883 70 F: 7 4 
3887 11 3931 3 F: 7 4 
3888 3 3897 2 F: 3 
3896 8 3912 222 F: 5 2 1 
3902 9 3920 384 F: 5 2 2 
3914 10 3934 138 F: 5 4 1 
3923 13 3936 317 F: 7 6 
3940 8 3964 283 F: 7 1 
3951 7 3979 54 F: 4 3 
3974 6 3992 156 F: 2 2 2 
3977 7 3984 208 F: 7 
3982 8 3990 266 F: 2 6 
3987 13 4000 160 F: 5 4 4 
3989 10 4009 88 F: 10 
D: 0 346 
D: 5 120 
D: 13 273 
D: 25 110 
D: 33 251 
D: 38 193 
D: 48 102 
D: 57 114 
D: 57 123 
D: 60 266 
D: 63 323 
D: 68 323 
D: 70 231 
D: 81 353 
D: 83 367 
D: 85 120 
D: 89 138 
D: 99 320 
D: 107 331 
D: 107 397 
D: 123 125 
D: 124 391 
D: 127 346 
D: 136 338 
D: 147 380 
D: 174 221 
D: 174 371 
D: 176 258 
D: 187 243 
D: 209 329 
D: 213 399 
D: 214 223 
D: 218 345 
D: 257 309 
D: 260 374 
D: 271 298 
D: 300 313 
D: 306 381 
D: 349 361 
D: 364 388 
