26 8 58 394 F: 8 
28 11 72 216 F: 5 2 4 
33 10 73 134 F: 3 4 3 
40 2 42 342 F: 2 
40 4 48 283 F: 2 1 1 
43 9 61 250 F: 4 4 1 
47 9 56 274 F: 5 3 1 
61 2 65 27 F: 2 
73 4 81 89 F: 4 
85 5 95 41 F: 5 
103 10 133 174 F: 5 3 2 
118 9 127 30 F: 3 6 
122 12 170 90 F: 12 
126 8 142 315 F: 2 3 3 
128 9 164 163 F: 3 2 4 
131 10 161 52 F: 7 3 
138 7 159 274 F: 3 2 2 
143 9 161 292 F: 3 6 
160 10 170 49 F: 6 4 
172 5 182 388 F: 2 3 
201 10 231 387 F: 4 6 
223 11 267 127 F: 6 5 
226 8 242 212 F: 7 1 
230 8 246 81 F: 2 6 
241 6 259 27 F: 5 1 
247 4 259 19 F: 4 
254 7 261 134 F: 4 3 
267 8 283 54 F: 4 3 1 
285 7 292 177 F: 7 
289 6 301 231 F: 5 1 
305 12 353 277 F: 12 
309 7 330 105 F: 2 1 4 
311 7 318 22 F: 7 
324 8 348 21 F: 8 
339 2 347 314 F: 2 
342 5 352 295 F: 5 
347 5 362 281 F: 5 
367 10 377 78 F: 5 5 
384 7 412 281 F: 2 4 1 
390 6 408 3 F: 3 2 1 
424 11 435 200 F: 11 
430 12 454 356 F: 7 5 
443 9 452 66 F: 5 4 
450 10 470 375 F: 10 
459 8 483 145 F: 4 2 2 
459 10 469 357 F: 5 1 4 
472 8 504 95 F: 7 1 
478 8 502 380 F: 8 
481 11 525 68 F: 5 4 2 
485 8 501 147 F: 3 4 1 
505 8 513 378 F: 2 4 2 
531 4 539 57 F: 4 
539 11 583 193 F: 3 4 4 
555 8 579 134 F: 4 1 3 
575 12 587 19 F: 12 
576 5 581 116 F: 2 1 2 
577 13 616 88 F: 5 4 4 
591 7 619 274 F: 4 3 
599 6 617 8 F: 4 2 
599 7 613 312 F: 7 
600 11 611 171 F: 5 3 3 
615 10 655 274 F: 5 5 
634 8 666 361 F: 2 6 
665 9 701 289 F: 9 
670 9 679 239 F: 3 6 
682 7 703 385 F: 3 1 3 
685 12 697 171 F: 5 4 3 
687 9 705 283 F: 6 3 
690 10 720 270 F: 3 4 3 
697 5 707 254 F: 2 1 2 
707 8 715 232 F: 2 3 3 
710 11 721 347 F: 11 
712 9 721 13 F: 9 
730 12 766 18 F: 12 
735 9 762 89 F: 4 5 
743 7 764 187 F: 2 5 
747 10 777 388 F: 10 
749 12 773 310 F: 7 5 
750 12 774 339 F: 12 
796 13 822 155 F: 7 6 
805 9 823 155 F: 3 4 2 
837 6 849 191 F: 4 2 
840 6 852 364 F: 4 2 
844 11 888 224 F: 4 3 4 
854 6 860 137 F: 4 1 1 
859 9 877 138 F: 3 6 
863 8 879 266 F: 8 
881 9 899 169 F: 5 4 
890 13 903 89 F: 13 
897 6 921 365 F: 2 1 3 
917 7 924 25 F: 4 3 
922 9 931 212 F: 9 
925 4 941 302 F: 3 1 
931 10 951 87 F: 10 
941 7 948 91 F: 7 
941 11 985 164 F: 11 
946 9 955 244 F: 7 2 
969 7 976 282 F: 5 2 
983 10 1023 171 F: 10 
993 12 1005 150 F: 12 
1014 7 1035 183 F: 5 2 
1035 7 1042 398 F: 2 2 3 
1039 12 1063 352 F: 12 
1043 7 1064 143 F: 2 5 
1044 7 1072 133 F: 4 2 1 
1048 9 1057 174 F: 2 3 4 
1063 11 1085 182 F: 5 2 4 
1067 8 1083 7 F: 5 1 2 
1092 8 1124 179 F: 2 6 
1094 10 1134 101 F: 6 4 
1108 4 1116 388 F: 4 
1140 13 1166 95 F: 13 
1161 9 1170 377 F: 2 4 3 
1165 2 1167 329 F: 2 
1168 6 1174 190 F: 6 
1176 12 1224 22 F: 12 
1181 6 1199 149 F: 2 2 2 
1182 11 1204 220 F: 5 3 3 
1188 13 1227 281 F: 13 
1195 8 1203 276 F: 3 1 4 
1203 5 1208 153 F: 2 3 
1215 9 1224 336 F: 3 3 3 
1224 6 1236 291 F: 3 3 
1246 11 1268 83 F: 11 
1249 6 1261 366 F: 6 
1267 6 1273 177 F: 2 3 1 
1268 9 1277 263 F: 4 4 1 
1271 2 1273 50 F: 2 
1284 9 1302 374 F: 3 6 
1299 7 1313 241 F: 2 1 4 
1304 11 1337 187 F: 7 4 
1306 9 1333 251 F: 9 
1321 10 1341 152 F: 4 3 3 
1328 11 1350 280 F: 11 
1335 8 1367 14 F: 5 1 2 
1341 3 1347 299 F: 3 
1344 4 1360 124 F: 2 1 1 
1350 3 1362 378 F: 3 
1360 10 1370 270 F: 3 3 4 
1375 8 1391 391 F: 3 2 3 
1401 11 1423 296 F: 4 4 3 
1406 5 1426 354 F: 4 1 
1407 9 1425 31 F: 4 1 4 
1423 9 1450 393 F: 4 1 4 
1426 5 1446 73 F: 4 1 
1428 12 1476 7 F: 5 3 4 
1484 9 1493 46 F: 5 4 
1485 6 1503 238 F: 6 
1494 4 1506 336 F: 4 
1499 13 1538 164 F: 13 
1502 9 1520 386 F: 3 3 3 
1511 7 1518 271 F: 2 5 
1530 7 1544 381 F: 3 2 2 
1534 10 1574 222 F: 4 4 2 
1546 2 1554 50 F: 2 
1562 13 1575 241 F: 7 6 
1580 6 1586 210 F: 2 4 
1593 11 1637 246 F: 4 4 3 
1595 5 1615 44 F: 3 1 1 
1599 6 1617 337 F: 5 1 
1612 6 1618 115 F: 2 2 2 
1623 6 1641 225 F: 6 
1630 12 1642 136 F: 5 3 4 
1642 9 1678 273 F: 5 3 1 
1644 12 1656 383 F: 12 
1682 7 1689 390 F: 3 4 
1689 5 1694 89 F: 4 1 
1692 7 1720 203 F: 7 
1695 9 1722 215 F: 6 3 
1698 8 1706 373 F: 2 3 3 
1727 4 1735 93 F: 3 1 
1729 7 1750 105 F: 7 
1734 9 1752 220 F: 4 3 2 
1737 3 1749 58 F: 3 
1747 4 1759 351 F: 4 
1751 12 1775 311 F: 6 6 
1755 10 1795 313 F: 5 5 
1784 2 1786 135 F: 2 
1785 8 1817 295 F: 3 4 1 
1792 6 1798 185 F: 3 3 
1801 13 1853 127 F: 13 
1802 4 1814 307 F: 4 
1805 4 1817 166 F: 4 
1808 13 1860 80 F: 13 
1813 12 1837 270 F: 5 4 3 
1829 12 1865 285 F: 12 
1833 9 1851 382 F: 9 
1851 10 1871 274 F: 5 2 3 
1874 6 1880 332 F: 2 2 2 
1892 6 1910 143 F: 4 2 
1905 7 1912 380 F: 6 1 
1909 9 1936 46 F: 6 3 
1917 7 1938 206 F: 2 1 4 
1918 8 1950 363 F: 5 2 1 
1932 5 1937 293 F: 2 3 
1935 3 1938 355 F: 2 1 
1935 4 1939 89 F: 4 
1948 9 1984 312 F: 3 6 
1956 4 1960 186 F: 4 
1991 13 2030 99 F: 13 
2004 8 2012 288 F: 8 
2008 9 2026 157 F: 2 3 4 
2012 9 2048 336 F: 3 4 2 
2020 13 2033 256 F: 13 
2069 13 2095 373 F: 13 
2070 11 2103 124 F: 11 
2071 6 2095 24 F: 2 3 1 
2079 13 2092 242 F: 13 
2092 5 2097 23 F: 2 1 2 
2095 4 2099 283 F: 2 2 
2104 4 2116 52 F: 3 1 
2108 9 2117 382 F: 9 
2117 7 2124 185 F: 2 1 4 
2117 11 2128 17 F: 6 5 
2133 6 2157 17 F: 2 4 
2146 7 2153 154 F: 4 2 1 
2152 9 2161 301 F: 3 2 4 
2170 7 2198 114 F: 2 5 
2182 10 2222 164 F: 5 5 
2193 3 2205 359 F: 3 
2206 10 2246 397 F: 3 4 3 
2216 7 2237 211 F: 2 2 3 
2221 10 2231 2 F: 4 6 
2231 2 2235 95 F: 2 
2246 4 2262 4 F: 2 1 1 
2246 6 2270 166 F: 3 3 
2253 10 2293 46 F: 5 3 2 
2260 12 2296 258 F: 6 6 
2286 10 2326 206 F: 10 
2293 13 2306 391 F: 13 
2326 4 2338 150 F: 2 1 1 
2343 7 2357 139 F: 5 2 
2343 7 2371 20 F: 2 5 
2349 7 2370 157 F: 5 2 
2352 9 2379 80 F: 9 
2362 5 2377 275 F: 5 
2362 6 2380 328 F: 3 1 2 
2366 4 2378 182 F: 3 1 
2368 11 2401 342 F: 5 2 4 
2394 9 2421 164 F: 9 
2402 8 2410 122 F: 8 
2416 9 2443 321 F: 3 6 
2420 9 2447 39 F: 9 
2428 9 2446 177 F: 3 2 4 
2448 4 2452 44 F: 4 
2457 8 2489 80 F: 6 2 
2467 12 2503 308 F: 5 4 3 
2468 6 2486 88 F: 6 
2488 6 2500 64 F: 4 1 1 
2489 5 2499 382 F: 5 
2524 8 2548 151 F: 6 2 
2527 9 2536 311 F: 6 3 
2535 5 2540 159 F: 5 
2541 5 2561 18 F: 5 
2543 6 2555 27 F: 3 3 
2545 8 2577 237 F: 2 3 3 
2553 6 2559 154 F: 4 1 1 
2556 3 2568 184 F: 2 1 
2561 2 2565 147 F: 2 
2585 6 2603 133 F: 6 
2606 3 2615 152 F: 3 
2614 10 2634 14 F: 5 3 2 
2616 6 2634 262 F: 2 4 
2630 10 2660 186 F: 5 2 3 
2632 11 2654 270 F: 5 3 3 
2645 6 2669 357 F: 3 3 
2652 12 2676 300 F: 6 6 
2655 8 2679 116 F: 7 1 
2687 10 2717 398 F: 10 
2691 5 2696 327 F: 2 1 2 
2702 4 2718 79 F: 4 
2705 7 2726 325 F: 2 5 
2705 11 2727 177 F: 7 4 
2709 10 2739 209 F: 5 5 
2712 5 2732 165 F: 5 
2717 4 2725 44 F: 4 
2719 4 2731 234 F: 2 2 
2774 8 2790 327 F: 8 
2780 9 2816 217 F: 9 
2781 10 2791 230 F: 6 4 
2803 9 2830 16 F: 2 3 4 
2831 8 2847 265 F: 8 
2836 7 2843 232 F: 3 2 2 
2840 9 2867 380 F: 9 
2846 11 2857 305 F: 7 4 
2855 4 2867 317 F: 4 
2872 5 2877 236 F: 5 
2883 9 2910 288 F: 9 
2884 8 2892 342 F: 5 2 1 
2890 5 2895 43 F: 5 
2906 6 2930 39 F: 6 
2906 7 2920 191 F: 2 5 
2907 13 2920 351 F: 13 
2920 6 2932 10 F: 6 
2926 12 2962 268 F: 5 4 3 
2963 9 2981 346 F: 2 3 4 
2977 8 3001 218 F: 3 3 2 
2982 8 3014 184 F: 7 1 
2986 6 2992 210 F: 3 1 2 
2998 9 3007 190 F: 6 3 
3000 8 3016 118 F: 8 
3030 9 3057 303 F: 3 6 
3035 2 3043 100 F: 2 
3038 7 3059 388 F: 2 3 2 
3064 5 3069 389 F: 5 
3068 6 3080 170 F: 5 1 
3075 9 3084 89 F: 9 
3079 12 3127 258 F: 12 
3099 9 3126 44 F: 5 3 1 
3099 12 3123 380 F: 6 6 
3108 10 3138 333 F: 3 4 3 
3110 6 3128 271 F: 4 1 1 
3111 11 3155 12 F: 11 
3121 9 3157 175 F: 5 1 3 
3125 4 3133 298 F: 3 1 
3148 10 3178 113 F: 10 
3153 6 3177 299 F: 6 
3161 12 3185 312 F: 12 
3163 8 3195 134 F: 2 3 3 
3189 6 3201 330 F: 6 
3221 7 3235 79 F: 2 4 1 
3233 8 3241 146 F: 5 2 1 
3239 9 3266 371 F: 6 3 
3254 8 3278 218 F: 5 3 
3271 10 3291 357 F: 2 4 4 
3284 7 3312 233 F: 7 
3288 8 3320 108 F: 2 4 2 
3292 11 3336 116 F: 11 
3294 4 3306 289 F: 3 1 
3298 9 3334 180 F: 9 
3312 8 3336 166 F: 2 2 4 
3314 10 3324 395 F: 4 3 3 
3315 8 3331 350 F: 4 4 
3331 11 3342 181 F: 6 5 
3343 12 3379 226 F: 12 
3356 10 3396 391 F: 5 2 3 
3357 8 3389 246 F: 3 1 4 
3367 7 3374 41 F: 3 1 3 
3368 9 3395 358 F: 9 
3392 5 3412 149 F: 5 
3413 8 3437 281 F: 8 
3421 5 3436 65 F: 2 3 
3424 5 3429 67 F: 5 
3430 7 3458 28 F: 4 1 2 
3435 4 3443 298 F: 2 2 
3437 11 3459 129 F: 4 4 3 
3438 10 3458 325 F: 4 2 4 
3461 8 3469 256 F: 5 1 2 
3471 7 3492 93 F: 4 1 2 
3480 2 3486 214 F: 2 
3507 12 3543 131 F: 7 5 
3509 8 3541 265 F: 3 1 4 
3523 7 3544 285 F: 3 4 
3531 9 3567 139 F: 7 2 
3552 5 3572 197 F: 2 2 1 
3555 6 3561 66 F: 2 1 3 
3582 7 3589 366 F: 3 4 
3585 11 3618 290 F: 5 4 2 
3590 7 3611 253 F: 4 3 
3591 7 3605 35 F: 7 
3600 2 3606 196 F: 2 
3617 13 3643 247 F: 5 4 4 
3632 3 3635 363 F: 3 
3653 4 3661 46 F: 4 
3654 7 3668 328 F: 2 5 
3672 11 3716 129 F: 11 
3674 6 3698 233 F: 6 
3675 6 3699 279 F: 6 
3691 9 3718 166 F: 4 4 1 
3693 8 3725 128 F: 7 1 
3702 12 3750 148 F: 5 3 4 
3712 11 3723 141 F: 3 4 4 
3722 5 3742 94 F: 5 
3726 8 3758 18 F: 3 2 3 
3732 8 3740 284 F: 4 2 2 
3746 5 3761 17 F: 2 1 2 
3749 8 3765 246 F: 6 2 
3779 10 3789 331 F: 5 4 1 
3787 6 3805 12 F: 2 1 3 
3791 7 3805 298 F: 7 
3806 3 3809 107 F: 2 1 
3806 9 3824 106 F: 2 4 3 
3819 9 3855 59 F: 4 4 1 
3829 6 3847 225 F: 6 
3830 12 3842 163 F: 5 4 3 
3842 8 3858 238 F: 2 6 
3843 7 3857 27 F: 5 1 1 
3853 10 3883 361 F: 5 3 2 
3886 12 3934 308 F: 7 5 
3895 12 3931 34 F: 6 6 
3909 13 3922 349 F: 7 6 
3916 13 3968 327 F: 7 6 
3920 5 3925 102 F: 5 
3920 7 3934 31 F: 3 4 
3923 10 3943 357 F: 6 4 
3924 5 3944 305 F: 5 
3941 5 3951 156 F: 4 1 
3947 7 3954 273 F: 2 2 3 
3958 11 4002 121 F: 7 4 
3969 4 3973 291 F: 4 
D: 0 60 
D: 1 253 
D: 6 211 
D: 9 263 
D: 27 150 
D: 34 318 
D: 46 279 
D: 53 234 
D: 62 312 
D: 66 185 
D: 67 361 
D: 68 271 
D: 74 264 
D: 76 364 
D: 81 383 
D: 82 164 
D: 99 123 
D: 101 254 
D: 116 239 
D: 118 256 
D: 119 290 
D: 119 348 
D: 130 276 
D: 131 379 
D: 135 256 
D: 148 360 
D: 156 202 
D: 157 384 
D: 176 284 
D: 179 338 
D: 182 211 
D: 184 305 
D: 188 332 
D: 225 274 
D: 230 339 
D: 268 330 
D: 270 352 
D: 291 326 
D: 300 384 
D: 351 382 
