7 7 21 1 F: 7 
16 2 18 1 F: 2 
17 9 53 1 F: 2 3 4 
31 8 55 1 F: 3 2 3 
43 10 73 1 F: 4 6 
49 6 55 1 F: 6 
72 6 90 1 F: 2 4 
74 10 94 1 F: 6 4 
78 5 93 1 F: 3 2 
81 5 91 1 F: 2 2 1 
113 12 161 1 F: 7 5 
134 8 158 1 F: 3 2 3 
143 6 155 1 F: 5 1 
145 6 157 1 F: 4 1 1 
145 13 197 1 F: 7 6 
169 9 187 1 F: 3 4 2 
171 11 204 1 F: 4 3 4 
176 9 203 1 F: 6 3 
177 2 185 1 F: 2 
189 4 205 1 F: 4 
201 10 241 1 F: 7 3 
218 9 245 1 F: 5 4 
247 13 299 1 F: 13 
260 8 284 1 F: 2 2 4 
260 10 300 1 F: 5 3 2 
266 9 275 1 F: 9 
277 11 321 1 F: 7 4 
279 11 323 1 F: 11 
285 2 289 1 F: 2 
291 7 298 1 F: 4 3 
306 9 324 1 F: 9 
309 9 345 1 F: 6 3 
316 6 328 1 F: 6 
319 4 323 1 F: 3 1 
336 7 357 1 F: 7 
348 7 376 1 F: 7 
351 12 363 1 F: 6 6 
372 9 408 1 F: 9 
394 9 403 1 F: 9 
397 7 418 1 F: 2 4 1 
405 5 415 1 F: 5 
407 12 455 1 F: 12 
413 5 433 1 F: 3 2 
421 10 441 1 F: 3 3 4 
424 12 472 1 F: 12 
437 10 477 1 F: 10 
442 9 469 1 F: 4 5 
468 7 475 1 F: 2 1 4 
472 12 520 1 F: 4 4 4 
475 7 496 1 F: 4 2 1 
518 7 546 1 F: 2 1 4 
526 8 542 1 F: 5 2 1 
532 3 544 1 F: 3 
532 6 544 1 F: 4 2 
556 13 608 1 F: 5 4 4 
569 10 599 1 F: 3 3 4 
576 5 591 1 F: 5 
577 9 613 1 F: 4 5 
580 13 593 1 F: 13 
598 6 616 1 F: 6 
607 3 616 1 F: 3 
614 11 636 1 F: 11 
616 9 643 1 F: 5 4 
627 11 671 1 F: 5 4 2 
648 6 666 1 F: 2 4 
649 9 676 1 F: 9 
654 9 690 1 F: 4 2 3 
655 5 675 1 F: 5 
670 10 680 1 F: 5 1 4 
690 4 694 1 F: 2 2 
733 7 754 1 F: 3 1 3 
733 8 757 1 F: 5 1 2 
734 4 746 1 F: 4 
734 5 739 1 F: 5 
735 9 771 1 F: 9 
749 11 782 1 F: 5 3 3 
752 10 762 1 F: 7 3 
757 4 765 1 F: 3 1 
762 12 810 1 F: 5 4 3 
797 7 818 1 F: 7 
806 8 838 1 F: 2 3 3 
807 12 831 1 F: 7 5 
836 8 852 1 F: 3 3 2 
840 11 862 1 F: 4 4 3 
843 6 867 1 F: 6 
848 6 866 1 F: 3 3 
848 7 862 1 F: 2 5 
871 3 880 1 F: 2 1 
879 10 889 1 F: 4 3 3 
892 8 916 1 F: 7 1 
917 6 923 1 F: 3 2 1 
925 4 937 1 F: 4 
932 9 959 1 F: 4 2 3 
945 8 977 1 F: 3 5 
950 7 978 1 F: 3 1 3 
957 7 964 1 F: 5 2 
967 13 1006 1 F: 13 
968 6 986 1 F: 3 3 
969 10 989 1 F: 10 
979 7 986 1 F: 5 2 
1008 8 1024 1 F: 7 1 
1012 6 1036 1 F: 5 1 
1015 13 1067 1 F: 13 
1017 8 1041 1 F: 6 2 
1027 9 1063 1 F: 9 
1031 5 1041 1 F: 2 1 2 
1075 4 1087 1 F: 4 
1087 12 1111 1 F: 6 6 
1087 12 1111 1 F: 12 
1099 4 1103 1 F: 4 
1110 8 1134 1 F: 8 
1113 13 1139 1 F: 13 
1116 5 1126 1 F: 4 1 
1123 8 1131 1 F: 3 5 
1128 5 1143 1 F: 2 3 
1139 9 1175 1 F: 9 
1153 3 1162 1 F: 3 
1169 10 1199 1 F: 5 3 2 
1177 10 1207 1 F: 5 2 3 
1184 8 1208 1 F: 8 
1221 11 1232 1 F: 4 4 3 
1225 13 1251 1 F: 13 
1226 7 1254 1 F: 2 4 1 
1226 8 1242 1 F: 4 1 3 
1248 5 1263 1 F: 3 1 1 
1252 9 1270 1 F: 2 3 4 
1256 5 1271 1 F: 5 
1275 9 1293 1 F: 3 2 4 
1281 4 1289 1 F: 3 1 
1285 11 1307 1 F: 5 2 4 
1303 11 1325 1 F: 7 4 
1308 8 1340 1 F: 2 6 
1321 8 1329 1 F: 8 
1329 5 1344 1 F: 4 1 
1339 7 1353 1 F: 2 5 
1357 7 1378 1 F: 4 3 
1362 5 1372 1 F: 4 1 
1363 10 1383 1 F: 7 3 
1385 8 1401 1 F: 8 
1394 4 1402 1 F: 4 
1402 7 1409 1 F: 2 4 1 
1404 6 1422 1 F: 2 2 2 
1417 8 1449 1 F: 4 4 
1436 8 1444 1 F: 2 3 3 
1462 9 1498 1 F: 9 
1463 7 1491 1 F: 7 
1464 4 1468 1 F: 4 
1470 10 1480 1 F: 5 3 2 
1484 2 1488 1 F: 2 
1496 10 1536 1 F: 4 2 4 
1508 8 1524 1 F: 8 
1511 5 1531 1 F: 3 1 1 
1515 2 1523 1 F: 2 
1518 11 1540 1 F: 11 
1532 6 1544 1 F: 6 
1537 8 1569 1 F: 2 6 
1542 7 1563 1 F: 2 1 4 
1547 8 1563 1 F: 7 1 
1565 13 1591 1 F: 7 6 
1586 9 1613 1 F: 9 
1601 5 1606 1 F: 5 
1604 8 1612 1 F: 8 
1619 12 1655 1 F: 12 
1623 4 1635 1 F: 4 
1648 12 1696 1 F: 7 5 
1655 6 1667 1 F: 6 
1664 9 1673 1 F: 3 4 2 
1672 4 1688 1 F: 2 1 1 
1683 5 1688 1 F: 2 1 2 
1686 3 1689 1 F: 3 
1704 10 1724 1 F: 7 3 
1707 6 1719 1 F: 2 4 
1716 8 1732 1 F: 4 1 3 
1730 9 1766 1 F: 9 
1742 10 1762 1 F: 5 5 
1753 11 1764 1 F: 6 5 
1766 10 1796 1 F: 4 6 
1769 9 1778 1 F: 3 2 4 
1772 9 1790 1 F: 4 5 
1787 6 1793 1 F: 6 
1815 10 1825 1 F: 3 3 4 
1826 11 1859 1 F: 11 
1834 6 1852 1 F: 2 3 1 
1841 7 1848 1 F: 3 1 3 
1857 11 1868 1 F: 6 5 
1863 7 1884 1 F: 7 
1866 10 1886 1 F: 5 1 4 
1881 5 1886 1 F: 5 
1889 11 1922 1 F: 11 
1894 7 1922 1 F: 3 4 
1900 8 1932 1 F: 2 3 3 
1907 8 1915 1 F: 7 1 
1916 4 1920 1 F: 3 1 
1917 5 1932 1 F: 5 
1950 8 1982 1 F: 5 3 
1969 4 1977 1 F: 2 2 
1981 3 1993 1 F: 2 1 
1993 5 2003 1 F: 3 1 1 
1996 4 2008 1 F: 4 
1999 4 2007 1 F: 3 1 
2007 12 2019 1 F: 12 
2016 5 2031 1 F: 2 1 2 
2020 7 2041 1 F: 3 3 1 
2020 8 2036 1 F: 2 3 3 
2025 9 2043 1 F: 2 3 4 
2031 2 2039 1 F: 2 
2042 4 2046 1 F: 3 1 
2043 7 2071 1 F: 5 2 
2044 4 2056 1 F: 2 1 1 
2073 9 2082 1 F: 3 3 3 
2113 10 2133 1 F: 5 2 3 
2168 7 2189 1 F: 2 2 3 
2176 9 2203 1 F: 9 
2178 5 2193 1 F: 2 2 1 
2182 10 2202 1 F: 5 1 4 
2192 3 2201 1 F: 3 
2194 11 2216 1 F: 4 3 4 
2194 12 2206 1 F: 4 4 4 
2195 4 2207 1 F: 3 1 
2196 4 2208 1 F: 4 
2208 7 2222 1 F: 3 3 1 
2216 9 2243 1 F: 4 5 
2235 13 2261 1 F: 13 
2249 8 2281 1 F: 6 2 
2251 7 2258 1 F: 3 4 
2259 5 2274 1 F: 5 
2262 7 2290 1 F: 4 3 
2293 3 2305 1 F: 2 1 
2294 6 2306 1 F: 2 2 2 
2299 3 2311 1 F: 3 
2304 7 2311 1 F: 6 1 
2304 7 2325 1 F: 7 
2309 9 2345 1 F: 9 
2317 9 2344 1 F: 9 
2325 7 2339 1 F: 7 
2347 7 2354 1 F: 5 1 1 
2361 8 2369 1 F: 3 5 
2375 12 2411 1 F: 7 5 
2380 10 2410 1 F: 4 3 3 
2388 10 2398 1 F: 5 5 
2401 9 2410 1 F: 2 3 4 
2406 7 2413 1 F: 2 5 
2428 10 2458 1 F: 5 4 1 
2432 7 2453 1 F: 7 
2441 7 2462 1 F: 3 2 2 
2456 3 2459 1 F: 3 
2466 10 2486 1 F: 10 
2469 6 2493 1 F: 2 1 3 
2491 9 2518 1 F: 4 5 
2497 13 2510 1 F: 13 
2501 9 2510 1 F: 4 4 1 
2503 11 2525 1 F: 11 
2509 10 2519 1 F: 10 
2513 7 2534 1 F: 7 
2519 9 2555 1 F: 5 1 3 
2531 4 2539 1 F: 4 
2547 6 2559 1 F: 3 3 
2548 8 2580 1 F: 3 1 4 
2552 4 2564 1 F: 2 2 
2576 9 2603 1 F: 9 
2606 3 2615 1 F: 3 
2613 4 2625 1 F: 3 1 
2641 4 2649 1 F: 2 1 1 
2666 5 2676 1 F: 5 
2668 2 2670 1 F: 2 
2668 7 2689 1 F: 2 3 2 
2678 7 2706 1 F: 7 
2683 11 2705 1 F: 11 
2686 12 2734 1 F: 12 
2690 10 2700 1 F: 6 4 
2703 7 2710 1 F: 4 3 
2704 10 2724 1 F: 4 2 4 
2726 11 2759 1 F: 5 6 
2729 13 2755 1 F: 13 
2744 7 2765 1 F: 4 3 
2750 6 2762 1 F: 5 1 
2771 8 2779 1 F: 2 6 
2781 9 2808 1 F: 9 
2786 10 2806 1 F: 5 4 1 
2797 8 2821 1 F: 2 3 3 
2815 9 2824 1 F: 5 1 3 
2824 9 2851 1 F: 2 4 3 
2831 3 2837 1 F: 3 
2844 12 2892 1 F: 4 4 4 
2858 8 2890 1 F: 4 4 
2865 5 2875 1 F: 5 
2868 5 2873 1 F: 5 
2872 5 2882 1 F: 4 1 
2875 9 2884 1 F: 4 4 1 
2890 7 2904 1 F: 2 3 2 
2910 7 2924 1 F: 3 4 
2911 7 2932 1 F: 4 2 1 
2922 13 2961 1 F: 13 
2931 8 2939 1 F: 4 4 
2934 8 2942 1 F: 4 1 3 
2948 8 2980 1 F: 3 5 
2976 8 2992 1 F: 2 2 4 
2981 9 2990 1 F: 3 4 2 
2986 4 3002 1 F: 4 
2990 2 2996 1 F: 2 
3005 8 3021 1 F: 5 1 2 
3013 11 3046 1 F: 11 
3018 12 3066 1 F: 5 4 3 
3031 9 3049 1 F: 4 4 1 
3032 7 3053 1 F: 2 5 
3079 2 3087 1 F: 2 
3079 8 3087 1 F: 3 2 3 
3084 13 3136 1 F: 7 6 
3089 13 3128 1 F: 13 
3095 13 3121 1 F: 13 
3151 10 3191 1 F: 4 3 3 
3153 7 3181 1 F: 4 1 2 
3158 8 3182 1 F: 2 4 2 
3175 4 3183 1 F: 3 1 
3183 11 3205 1 F: 5 6 
3183 11 3227 1 F: 5 6 
3188 6 3194 1 F: 3 2 1 
3189 13 3215 1 F: 13 
3196 5 3201 1 F: 2 3 
3196 6 3208 1 F: 6 
3213 8 3229 1 F: 3 4 1 
3217 12 3229 1 F: 12 
3224 12 3236 1 F: 6 6 
3239 3 3242 1 F: 3 
3249 9 3276 1 F: 9 
3251 7 3279 1 F: 2 1 4 
3259 8 3283 1 F: 6 2 
3272 10 3292 1 F: 2 4 4 
3287 11 3298 1 F: 5 6 
3292 12 3316 1 F: 12 
3308 8 3340 1 F: 2 2 4 
3311 3 3314 1 F: 3 
3315 7 3329 1 F: 3 1 3 
3316 4 3324 1 F: 4 
3321 7 3342 1 F: 2 4 1 
3339 9 3375 1 F: 3 6 
3348 3 3357 1 F: 3 
3358 11 3402 1 F: 6 5 
3371 9 3380 1 F: 4 5 
3379 9 3415 1 F: 4 2 3 
3414 8 3438 1 F: 5 1 2 
3420 10 3460 1 F: 3 4 3 
3434 7 3455 1 F: 5 1 1 
3434 7 3462 1 F: 5 1 1 
3441 9 3459 1 F: 9 
3454 2 3458 1 F: 2 
3469 2 3477 1 F: 2 
3482 7 3496 1 F: 7 
3490 2 3498 1 F: 2 
3493 8 3509 1 F: 8 
3506 8 3514 1 F: 5 3 
3508 13 3560 1 F: 5 4 4 
3511 6 3517 1 F: 3 3 
3511 11 3522 1 F: 5 3 3 
3526 5 3546 1 F: 2 3 
3541 10 3571 1 F: 5 1 4 
3568 13 3581 1 F: 13 
3571 4 3579 1 F: 3 1 
3571 13 3610 1 F: 7 6 
3592 7 3620 1 F: 7 
3601 8 3633 1 F: 2 6 
3605 11 3627 1 F: 11 
3613 8 3621 1 F: 2 6 
3617 13 3630 1 F: 5 4 4 
3626 5 3646 1 F: 5 
3631 2 3633 1 F: 2 
3648 10 3688 1 F: 5 5 
3675 6 3699 1 F: 4 2 
3676 12 3724 1 F: 12 
3695 8 3711 1 F: 3 5 
3700 8 3732 1 F: 3 4 1 
3714 5 3724 1 F: 3 2 
3741 7 3769 1 F: 7 
3752 8 3760 1 F: 5 2 1 
3762 11 3795 1 F: 6 5 
3766 8 3774 1 F: 2 4 2 
3775 8 3807 1 F: 2 4 2 
3781 8 3789 1 F: 8 
3789 13 3828 1 F: 13 
3794 4 3798 1 F: 3 1 
3809 9 3827 1 F: 3 6 
3819 6 3843 1 F: 4 2 
3825 8 3833 1 F: 5 3 
3853 3 3856 1 F: 3 
3868 12 3916 1 F: 5 4 3 
3875 12 3887 1 F: 4 4 4 
3891 3 3897 1 F: 2 1 
3893 11 3915 1 F: 5 6 
3896 12 3944 1 F: 4 4 4 
3898 4 3906 1 F: 4 
3906 6 3924 1 F: 2 4 
3913 10 3953 1 F: 10 
3917 11 3939 1 F: 11 
3918 6 3942 1 F: 4 2 
3932 13 3945 1 F: 13 
3939 11 3972 1 F: 11 
3941 9 3950 1 F: 2 3 4 
3958 8 3966 1 F: 6 2 
3959 13 3998 1 F: 13 
3971 7 3992 1 F: 7 
4002 13 4028 1 F: 7 6 
4007 5 4012 1 F: 4 1 
4025 11 4069 1 F: 11 
4032 9 4050 1 F: 4 3 2 
4051 5 4071 1 F: 3 1 1 
4055 6 4061 1 F: 4 2 
4066 11 4099 1 F: 5 4 2 
4069 6 4081 1 F: 4 2 
4074 6 4086 1 F: 6 
4081 4 4093 1 F: 2 1 1 
4106 13 4119 1 F: 13 
4153 6 4177 1 F: 6 
4154 10 4164 1 F: 4 4 2 
4155 4 4171 1 F: 4 
4155 10 4185 1 F: 10 
4166 10 4186 1 F: 5 5 
4167 6 4179 1 F: 3 3 
4169 7 4197 1 F: 2 4 1 
4169 9 4205 1 F: 4 3 2 
4185 8 4217 1 F: 2 3 3 
4212 10 4222 1 F: 5 5 
4223 11 4256 1 F: 5 4 2 
4249 11 4282 1 F: 5 6 
4254 11 4298 1 F: 11 
4265 8 4289 1 F: 4 4 
4266 7 4287 1 F: 6 1 
4271 8 4303 1 F: 8 
4283 9 4292 1 F: 2 4 3 
4292 6 4310 1 F: 4 2 
4296 5 4311 1 F: 2 2 1 
4306 10 4316 1 F: 5 3 2 
4307 5 4322 1 F: 5 
4310 8 4326 1 F: 2 6 
4318 11 4362 1 F: 4 4 3 
4320 6 4326 1 F: 2 4 
4365 5 4385 1 F: 3 2 
4376 11 4398 1 F: 5 3 3 
4377 4 4389 1 F: 4 
4383 6 4389 1 F: 4 1 1 
4386 10 4426 1 F: 3 3 4 
4400 9 4409 1 F: 5 4 
4405 8 4421 1 F: 8 
4408 11 4452 1 F: 11 
4414 12 4462 1 F: 12 
4431 8 4455 1 F: 2 2 4 
4459 12 4495 1 F: 12 
4480 11 4502 1 F: 7 4 
4485 8 4493 1 F: 8 
4491 7 4498 1 F: 2 2 3 
4495 12 4519 1 F: 6 6 
D: 0 173 
D: 0 266 
D: 5 210 
D: 14 191 
D: 25 295 
D: 29 321 
D: 31 413 
D: 33 289 
D: 34 274 
D: 42 202 
D: 49 418 
D: 51 146 
D: 51 343 
D: 65 245 
D: 65 305 
D: 68 408 
D: 73 209 
D: 74 305 
D: 76 370 
D: 80 333 
D: 87 113 
D: 89 127 
D: 89 420 
D: 94 270 
D: 96 102 
D: 113 303 
D: 114 181 
D: 130 348 
D: 132 279 
D: 133 323 
D: 150 285 
D: 179 301 
D: 180 279 
D: 185 443 
D: 187 363 
D: 190 317 
D: 206 288 
D: 219 334 
D: 229 424 
D: 230 412 
D: 245 348 
D: 269 268 
D: 286 428 
D: 320 371 
D: 382 386 
