24 10 64 187 F: 4 6 
25 10 65 260 F: 3 4 3 
28 12 40 399 F: 12 
49 11 93 211 F: 11 
54 5 69 67 F: 5 
63 10 103 266 F: 10 
68 4 84 95 F: 4 
77 5 82 243 F: 5 
78 9 105 199 F: 9 
86 8 118 78 F: 3 3 2 
112 10 152 91 F: 3 3 4 
115 10 155 43 F: 6 4 
119 8 135 127 F: 8 
124 5 134 216 F: 5 
125 10 155 13 F: 5 5 
140 10 150 7 F: 3 3 4 
156 3 159 233 F: 3 
157 11 179 190 F: 11 
166 9 175 206 F: 4 1 4 
172 2 176 82 F: 2 
200 9 227 77 F: 4 5 
208 6 214 374 F: 3 2 1 
218 5 223 284 F: 5 
234 10 254 13 F: 10 
259 5 269 307 F: 3 1 1 
271 7 285 50 F: 2 5 
274 6 298 251 F: 3 2 1 
275 8 291 114 F: 3 1 4 
278 10 288 273 F: 5 5 
284 10 294 123 F: 7 3 
302 8 326 227 F: 8 
306 13 319 43 F: 13 
309 11 342 202 F: 4 4 3 
310 8 326 249 F: 4 3 1 
341 3 347 106 F: 2 1 
351 3 360 355 F: 2 1 
363 6 387 179 F: 3 3 
369 4 385 137 F: 4 
385 5 395 378 F: 5 
393 2 399 302 F: 2 
406 8 438 174 F: 4 4 
423 9 450 145 F: 5 3 1 
427 4 443 161 F: 4 
433 5 443 331 F: 5 
451 9 478 172 F: 4 4 1 
451 9 487 364 F: 9 
458 11 469 356 F: 5 6 
467 11 511 257 F: 5 2 4 
470 11 492 71 F: 4 4 3 
483 12 531 186 F: 6 6 
506 8 514 189 F: 4 1 3 
508 12 532 260 F: 7 5 
516 13 542 273 F: 7 6 
518 5 538 174 F: 5 
521 9 548 22 F: 4 4 1 
546 10 576 109 F: 3 4 3 
557 6 563 264 F: 4 1 1 
558 6 564 378 F: 3 2 1 
574 9 592 313 F: 9 
591 3 600 71 F: 2 1 
603 3 612 379 F: 3 
618 7 639 281 F: 5 1 1 
619 3 628 107 F: 3 
620 10 650 397 F: 7 3 
628 4 640 11 F: 4 
634 9 661 164 F: 9 
675 5 690 362 F: 5 
678 10 708 133 F: 5 5 
689 11 733 140 F: 11 
695 10 725 399 F: 5 5 
700 6 718 63 F: 2 1 3 
712 4 724 32 F: 4 
715 7 743 237 F: 5 2 
719 7 747 10 F: 2 1 4 
723 5 728 208 F: 2 2 1 
723 6 747 38 F: 5 1 
739 7 746 217 F: 2 5 
752 8 768 254 F: 3 1 4 
757 10 777 68 F: 5 5 
779 8 803 345 F: 3 5 
802 6 820 361 F: 3 3 
808 9 826 304 F: 4 2 3 
822 5 827 49 F: 4 1 
844 12 856 37 F: 12 
847 4 855 270 F: 2 2 
853 11 864 273 F: 4 4 3 
861 3 873 117 F: 2 1 
861 9 888 234 F: 6 3 
870 7 891 162 F: 6 1 
885 5 895 89 F: 2 2 1 
906 10 916 74 F: 5 4 1 
914 10 924 42 F: 6 4 
915 8 947 239 F: 7 1 
918 11 929 120 F: 5 6 
923 6 935 173 F: 2 4 
959 11 970 56 F: 4 4 3 
973 7 980 83 F: 7 
975 13 1014 223 F: 13 
986 10 996 127 F: 5 5 
993 4 1001 114 F: 4 
1003 8 1027 239 F: 6 2 
1014 9 1050 95 F: 4 1 4 
1025 8 1041 57 F: 2 6 
1027 6 1033 330 F: 6 
1049 4 1061 242 F: 2 2 
1051 2 1059 199 F: 2 
1051 7 1065 22 F: 7 
1081 11 1114 234 F: 11 
1082 7 1103 239 F: 4 1 2 
1089 4 1101 398 F: 4 
1112 8 1144 195 F: 8 
1128 11 1139 338 F: 5 3 3 
1129 7 1136 10 F: 3 1 3 
1133 5 1138 82 F: 3 1 1 
1150 4 1158 232 F: 2 1 1 
1167 9 1194 399 F: 9 
1177 9 1195 233 F: 3 6 
1183 5 1188 352 F: 2 3 
1185 9 1221 74 F: 3 4 2 
1190 12 1226 226 F: 12 
1214 5 1234 84 F: 2 2 1 
1215 7 1243 178 F: 2 3 2 
1215 13 1254 323 F: 5 4 4 
1219 10 1229 282 F: 5 2 3 
1219 10 1249 120 F: 6 4 
1245 4 1261 368 F: 2 2 
1251 2 1259 9 F: 2 
1276 6 1294 1 F: 2 2 2 
1288 10 1298 267 F: 4 6 
1298 4 1306 71 F: 2 1 1 
1305 7 1319 154 F: 2 2 3 
1319 10 1339 19 F: 4 3 3 
1326 6 1332 88 F: 5 1 
1329 6 1347 79 F: 6 
1350 4 1362 234 F: 4 
1357 11 1379 100 F: 11 
1366 7 1394 378 F: 4 3 
1376 7 1390 123 F: 3 3 1 
1379 8 1387 307 F: 4 3 1 
1385 9 1421 205 F: 5 4 
1410 5 1415 277 F: 3 2 
1433 13 1472 15 F: 13 
1448 13 1487 320 F: 13 
1461 13 1487 204 F: 7 6 
1467 7 1474 351 F: 3 1 3 
1474 7 1481 349 F: 3 3 1 
1475 10 1505 41 F: 7 3 
1488 10 1528 208 F: 10 
1492 13 1518 213 F: 7 6 
1499 13 1551 3 F: 13 
1537 10 1577 341 F: 3 4 3 
1546 8 1578 304 F: 3 3 2 
1549 8 1565 190 F: 2 2 4 
1551 8 1567 100 F: 3 3 2 
1558 9 1576 313 F: 3 4 2 
1569 9 1605 264 F: 3 6 
1581 9 1599 199 F: 2 3 4 
1582 11 1604 126 F: 5 2 4 
1589 10 1629 348 F: 4 2 4 
1591 5 1606 37 F: 3 1 1 
1601 13 1653 381 F: 13 
1606 10 1636 297 F: 5 4 1 
1619 12 1655 300 F: 12 
1638 9 1656 278 F: 5 4 
1658 8 1682 296 F: 2 2 4 
1663 9 1699 118 F: 3 2 4 
1666 9 1693 262 F: 4 4 1 
1673 6 1697 27 F: 2 1 3 
1680 5 1695 167 F: 2 3 
1694 12 1742 384 F: 6 6 
1700 8 1708 340 F: 8 
1705 8 1721 50 F: 4 4 
1707 8 1715 261 F: 3 1 4 
1719 6 1725 33 F: 2 3 1 
1745 7 1759 25 F: 3 4 
1752 10 1772 193 F: 5 1 4 
1755 13 1794 151 F: 13 
1760 10 1800 350 F: 4 6 
1766 10 1806 256 F: 4 2 4 
1770 7 1791 316 F: 2 2 3 
1810 10 1840 180 F: 10 
1813 10 1853 210 F: 6 4 
1815 4 1831 285 F: 2 1 1 
1815 11 1837 307 F: 7 4 
1828 4 1832 15 F: 2 2 
1840 9 1849 392 F: 7 2 
1853 8 1877 71 F: 2 6 
1866 12 1878 175 F: 7 5 
1868 13 1881 266 F: 13 
1892 8 1908 116 F: 7 1 
1910 5 1920 390 F: 3 2 
1935 9 1962 80 F: 4 2 3 
1939 11 1961 382 F: 5 6 
1941 7 1969 279 F: 5 1 1 
1944 11 1955 76 F: 11 
1971 7 1978 279 F: 3 4 
1978 3 1987 364 F: 3 
1981 9 1999 205 F: 9 
1984 6 2002 345 F: 6 
1991 7 2012 253 F: 7 
2029 8 2053 2 F: 5 3 
2044 8 2076 186 F: 4 3 1 
2054 11 2098 302 F: 7 4 
2059 4 2063 73 F: 4 
2064 7 2078 101 F: 7 
2069 5 2084 327 F: 2 3 
2073 13 2125 24 F: 13 
2074 10 2084 332 F: 5 5 
2078 8 2086 201 F: 8 
2086 10 2126 265 F: 10 
2103 7 2124 93 F: 2 3 2 
2124 11 2168 305 F: 11 
2139 8 2171 230 F: 6 2 
2152 11 2196 218 F: 11 
2175 6 2193 108 F: 4 1 1 
2180 13 2219 135 F: 13 
2190 10 2220 186 F: 3 4 3 
2191 6 2197 297 F: 4 2 
2198 3 2210 158 F: 3 
2198 10 2238 310 F: 10 
2228 10 2258 279 F: 7 3 
2235 11 2279 226 F: 11 
2241 12 2277 365 F: 4 4 4 
2242 7 2263 64 F: 4 2 1 
2262 9 2280 272 F: 4 5 
2267 7 2281 61 F: 2 3 2 
2268 12 2304 261 F: 5 3 4 
2269 11 2313 81 F: 11 
2271 11 2293 150 F: 5 4 2 
2279 8 2287 116 F: 7 1 
2316 4 2320 216 F: 2 2 
2321 7 2335 56 F: 7 
2346 4 2350 127 F: 4 
2348 8 2356 131 F: 8 
2356 6 2362 131 F: 3 1 2 
2359 3 2365 150 F: 3 
2359 6 2383 223 F: 3 1 2 
2376 10 2396 333 F: 4 2 4 
2385 6 2403 263 F: 2 4 
2395 9 2404 325 F: 3 2 4 
2417 5 2427 372 F: 3 2 
2422 8 2454 287 F: 8 
2428 13 2454 295 F: 5 4 4 
2437 7 2458 285 F: 5 2 
2441 5 2461 337 F: 5 
2462 12 2486 355 F: 6 6 
2472 7 2479 279 F: 7 
2475 5 2490 349 F: 2 1 2 
2481 7 2495 250 F: 3 4 
2497 10 2517 219 F: 4 6 
2503 3 2506 163 F: 3 
2507 7 2521 289 F: 2 2 3 
2516 8 2524 315 F: 3 5 
2524 12 2548 176 F: 12 
2526 4 2538 252 F: 2 1 1 
2548 9 2566 190 F: 3 3 3 
2549 10 2559 399 F: 6 4 
2578 12 2614 51 F: 12 
2582 3 2591 3 F: 3 
2582 12 2606 274 F: 12 
2631 7 2645 160 F: 2 4 1 
2638 7 2666 334 F: 4 2 1 
2639 11 2683 13 F: 3 4 4 
2649 11 2693 115 F: 11 
2657 7 2685 44 F: 3 3 1 
2661 7 2668 47 F: 2 4 1 
2667 4 2683 366 F: 4 
2675 7 2689 94 F: 3 1 3 
2684 8 2700 176 F: 3 2 3 
2698 8 2714 83 F: 3 4 1 
2709 7 2723 3 F: 7 
2720 4 2728 196 F: 2 2 
2727 6 2739 53 F: 3 3 
2734 9 2743 98 F: 9 
2740 8 2764 25 F: 8 
2743 8 2759 263 F: 7 1 
2751 11 2795 289 F: 7 4 
2779 7 2807 326 F: 5 2 
2779 12 2791 38 F: 12 
2792 10 2822 365 F: 3 4 3 
2807 10 2817 227 F: 6 4 
2821 8 2829 217 F: 7 1 
2831 10 2841 171 F: 4 6 
2844 7 2865 74 F: 2 2 3 
2844 12 2856 321 F: 6 6 
2862 3 2868 63 F: 3 
2870 11 2881 122 F: 11 
2877 13 2903 119 F: 5 4 4 
2887 4 2899 18 F: 2 2 
2893 7 2900 268 F: 7 
2905 11 2938 306 F: 5 2 4 
2920 10 2930 61 F: 7 3 
2935 9 2962 84 F: 7 2 
2944 7 2951 288 F: 5 2 
2945 8 2953 265 F: 2 6 
2945 10 2955 363 F: 10 
2955 2 2957 163 F: 2 
2957 5 2977 237 F: 3 1 1 
2985 8 3009 62 F: 3 5 
2989 9 3007 120 F: 4 5 
3009 3 3015 86 F: 3 
3031 10 3071 325 F: 10 
3033 5 3053 380 F: 3 2 
3045 8 3053 33 F: 5 3 
3048 6 3054 283 F: 5 1 
3059 13 3072 162 F: 13 
3087 9 3114 85 F: 4 5 
3088 4 3104 229 F: 4 
3097 9 3124 197 F: 3 3 3 
3098 8 3130 356 F: 7 1 
3101 7 3115 173 F: 2 3 2 
3111 9 3129 175 F: 5 1 3 
3125 6 3149 166 F: 3 3 
3131 8 3163 123 F: 4 2 2 
3135 3 3138 322 F: 3 
3179 13 3231 23 F: 7 6 
3182 4 3198 11 F: 4 
3191 12 3239 176 F: 7 5 
3192 10 3222 93 F: 4 6 
3193 13 3206 212 F: 13 
3201 4 3217 217 F: 4 
3208 5 3218 121 F: 2 1 2 
3254 10 3284 287 F: 5 5 
3257 7 3278 194 F: 3 1 3 
3257 11 3268 355 F: 11 
3258 13 3310 67 F: 7 6 
3261 6 3285 263 F: 4 2 
3275 11 3308 368 F: 6 5 
3276 11 3320 379 F: 4 3 4 
3297 9 3306 377 F: 4 5 
3301 11 3345 253 F: 5 6 
3314 6 3320 150 F: 4 1 1 
3323 6 3341 59 F: 4 2 
3324 10 3354 279 F: 7 3 
3331 10 3351 238 F: 6 4 
3334 12 3358 357 F: 12 
3351 3 3357 313 F: 2 1 
3353 12 3365 84 F: 12 
3358 10 3398 88 F: 4 4 2 
3387 4 3403 320 F: 4 
3418 5 3438 277 F: 5 
3426 3 3432 15 F: 2 1 
3426 5 3446 318 F: 3 1 1 
3431 9 3467 273 F: 7 2 
3433 9 3451 397 F: 3 2 4 
3475 6 3493 272 F: 2 3 1 
3478 9 3496 95 F: 4 4 1 
3478 11 3489 360 F: 7 4 
3479 8 3495 104 F: 2 4 2 
3494 4 3510 374 F: 3 1 
3509 10 3549 142 F: 3 3 4 
3517 12 3553 58 F: 12 
3523 8 3531 265 F: 4 4 
3536 10 3576 309 F: 4 3 3 
3546 9 3555 294 F: 6 3 
3547 9 3574 76 F: 5 4 
3554 11 3565 361 F: 11 
3565 10 3605 286 F: 3 3 4 
3585 9 3621 201 F: 5 2 2 
3586 7 3600 1 F: 2 2 3 
3606 9 3624 157 F: 3 2 4 
3614 8 3638 46 F: 8 
3636 8 3644 137 F: 3 4 1 
3657 6 3675 259 F: 3 3 
3664 13 3716 35 F: 13 
3672 8 3704 219 F: 2 6 
3690 8 3722 168 F: 8 
3697 8 3713 344 F: 6 2 
3697 10 3707 359 F: 3 3 4 
3697 11 3708 326 F: 4 3 4 
3705 5 3715 240 F: 2 3 
3714 10 3724 131 F: 10 
3719 3 3725 386 F: 3 
3719 7 3740 280 F: 7 
3723 6 3741 44 F: 5 1 
3732 9 3759 168 F: 3 3 3 
3763 6 3775 189 F: 2 4 
3774 4 3782 177 F: 3 1 
3784 11 3828 396 F: 3 4 4 
3799 3 3802 25 F: 3 
3804 11 3848 297 F: 5 3 3 
3805 10 3835 156 F: 10 
3808 8 3816 82 F: 2 2 4 
3823 12 3847 165 F: 12 
3846 4 3862 143 F: 4 
3856 10 3866 5 F: 5 5 
3862 10 3892 138 F: 10 
3865 8 3881 348 F: 4 1 3 
3875 9 3893 122 F: 5 1 3 
3885 5 3890 52 F: 4 1 
3901 6 3925 158 F: 3 3 
3901 7 3915 236 F: 2 4 1 
3931 7 3959 88 F: 2 4 1 
3938 7 3966 94 F: 3 2 2 
3944 7 3965 387 F: 5 2 
3975 8 4007 44 F: 3 2 3 
3977 4 3989 398 F: 2 2 
3982 2 3990 184 F: 2 
3992 8 4000 249 F: 6 2 
3995 10 4005 336 F: 5 1 4 
D: 2 250 
D: 5 356 
D: 7 6 
D: 10 61 
D: 13 399 
D: 20 22 
D: 22 359 
D: 23 67 
D: 46 193 
D: 47 222 
D: 51 302 
D: 54 176 
D: 61 316 
D: 82 161 
D: 83 122 
D: 92 134 
D: 98 321 
D: 98 362 
D: 101 166 
D: 104 363 
D: 105 146 
D: 110 359 
D: 125 351 
D: 129 368 
D: 130 391 
D: 133 338 
D: 134 292 
D: 135 332 
D: 136 284 
D: 138 209 
D: 139 257 
D: 140 154 
D: 214 262 
D: 246 397 
D: 255 306 
D: 269 343 
D: 281 374 
D: 296 327 
D: 304 359 
D: 346 371 
