3 7 24 1 F: 7 
5 2 11 1 F: 2 
21 9 57 1 F: 4 4 1 
35 9 44 1 F: 4 5 
40 9 67 1 F: 6 3 
42 8 50 1 F: 8 
61 6 85 1 F: 6 
68 7 89 1 F: 3 4 
73 10 103 1 F: 10 
97 3 100 1 F: 3 
109 7 137 1 F: 6 1 
116 10 146 1 F: 2 4 4 
141 12 189 1 F: 12 
145 11 178 1 F: 7 4 
165 9 183 1 F: 3 4 2 
168 5 178 1 F: 2 3 
175 9 211 1 F: 4 5 
178 3 187 1 F: 3 
184 8 216 1 F: 2 4 2 
190 2 192 1 F: 2 
217 5 227 1 F: 5 
218 8 234 1 F: 2 2 4 
234 8 266 1 F: 8 
239 7 260 1 F: 7 
250 9 286 1 F: 3 2 4 
251 3 263 1 F: 3 
262 9 271 1 F: 3 4 2 
267 4 271 1 F: 2 1 1 
284 8 308 1 F: 2 6 
292 4 304 1 F: 4 
338 10 348 1 F: 3 4 3 
340 8 372 1 F: 3 4 1 
342 7 349 1 F: 4 3 
342 10 382 1 F: 5 5 
360 10 400 1 F: 3 4 3 
365 7 372 1 F: 6 1 
366 7 394 1 F: 3 2 2 
366 8 382 1 F: 3 1 4 
369 10 399 1 F: 10 
396 8 420 1 F: 8 
406 5 426 1 F: 3 2 
434 9 443 1 F: 3 4 2 
434 11 467 1 F: 4 4 3 
439 5 454 1 F: 4 1 
451 9 487 1 F: 7 2 
453 10 493 1 F: 7 3 
469 7 476 1 F: 5 1 1 
475 5 480 1 F: 2 1 2 
479 6 485 1 F: 6 
499 9 508 1 F: 5 3 1 
510 9 528 1 F: 9 
519 13 558 1 F: 7 6 
544 6 556 1 F: 2 2 2 
549 7 556 1 F: 2 4 1 
551 13 577 1 F: 13 
553 12 565 1 F: 4 4 4 
555 8 563 1 F: 8 
562 3 565 1 F: 2 1 
562 11 606 1 F: 6 5 
568 8 576 1 F: 2 3 3 
605 9 614 1 F: 9 
628 7 642 1 F: 2 3 2 
634 6 646 1 F: 3 3 
653 13 705 1 F: 7 6 
657 8 665 1 F: 3 1 4 
664 11 697 1 F: 5 6 
665 3 674 1 F: 2 1 
667 9 694 1 F: 3 4 2 
674 7 702 1 F: 3 4 
679 2 681 1 F: 2 
711 9 747 1 F: 9 
714 8 722 1 F: 2 6 
720 8 736 1 F: 2 4 2 
729 6 747 1 F: 5 1 
729 13 755 1 F: 5 4 4 
732 7 739 1 F: 5 2 
736 7 757 1 F: 5 2 
743 9 779 1 F: 3 6 
764 10 784 1 F: 10 
766 9 802 1 F: 4 4 1 
826 10 846 1 F: 6 4 
827 11 871 1 F: 4 4 3 
857 7 864 1 F: 2 2 3 
862 6 880 1 F: 4 1 1 
866 6 872 1 F: 3 3 
869 6 881 1 F: 4 2 
869 7 897 1 F: 5 2 
879 5 899 1 F: 5 
886 8 910 1 F: 3 1 4 
899 7 906 1 F: 7 
916 9 943 1 F: 5 4 
936 9 963 1 F: 6 3 
950 11 994 1 F: 5 4 2 
956 2 964 1 F: 2 
956 7 970 1 F: 6 1 
961 10 981 1 F: 5 1 4 
965 8 981 1 F: 8 
980 6 992 1 F: 2 2 2 
993 7 1007 1 F: 7 
998 7 1005 1 F: 7 
1011 8 1027 1 F: 3 2 3 
1020 9 1029 1 F: 4 5 
1023 6 1035 1 F: 4 1 1 
1024 7 1052 1 F: 5 1 1 
1032 9 1059 1 F: 4 3 2 
1036 9 1063 1 F: 2 4 3 
1038 2 1042 1 F: 2 
1039 3 1051 1 F: 3 
1056 8 1080 1 F: 3 3 2 
1089 3 1092 1 F: 2 1 
1117 10 1127 1 F: 4 3 3 
1121 4 1125 1 F: 2 1 1 
1121 9 1139 1 F: 3 3 3 
1131 5 1151 1 F: 3 2 
1152 6 1158 1 F: 3 2 1 
1172 12 1208 1 F: 5 3 4 
1180 6 1198 1 F: 4 2 
1185 10 1195 1 F: 4 6 
1186 4 1202 1 F: 4 
1192 7 1206 1 F: 2 5 
1201 11 1223 1 F: 5 2 4 
1217 10 1237 1 F: 10 
1242 11 1264 1 F: 5 3 3 
1252 5 1272 1 F: 3 2 
1252 13 1291 1 F: 7 6 
1261 9 1297 1 F: 9 
1269 7 1276 1 F: 7 
1275 11 1286 1 F: 4 4 3 
1286 7 1293 1 F: 5 1 1 
1291 8 1323 1 F: 3 5 
1302 6 1314 1 F: 3 3 
1304 7 1311 1 F: 6 1 
1326 7 1347 1 F: 4 1 2 
1335 6 1341 1 F: 2 4 
1353 8 1361 1 F: 4 2 2 
1359 9 1386 1 F: 4 2 3 
1365 2 1367 1 F: 2 
1384 9 1411 1 F: 6 3 
1392 9 1428 1 F: 3 6 
1395 10 1425 1 F: 10 
1402 10 1412 1 F: 4 3 3 
1425 10 1465 1 F: 4 2 4 
1436 5 1441 1 F: 5 
1441 2 1445 1 F: 2 
1442 6 1448 1 F: 4 2 
1444 5 1449 1 F: 5 
1448 10 1478 1 F: 7 3 
1455 5 1475 1 F: 5 
1472 2 1476 1 F: 2 
1474 12 1498 1 F: 12 
1501 8 1509 1 F: 4 3 1 
1510 11 1554 1 F: 11 
1512 7 1519 1 F: 4 3 
1527 13 1553 1 F: 13 
1574 8 1582 1 F: 4 4 
1586 7 1607 1 F: 2 3 2 
1586 11 1608 1 F: 11 
1589 9 1616 1 F: 3 6 
1596 7 1617 1 F: 4 1 2 
1596 10 1636 1 F: 5 3 2 
1606 11 1628 1 F: 5 2 4 
1630 10 1660 1 F: 5 5 
1644 11 1688 1 F: 4 3 4 
1647 7 1654 1 F: 2 5 
1652 2 1656 1 F: 2 
1656 8 1688 1 F: 4 3 1 
1667 8 1691 1 F: 8 
1681 6 1687 1 F: 3 2 1 
1681 7 1709 1 F: 2 5 
1693 7 1714 1 F: 7 
1711 7 1725 1 F: 2 3 2 
1711 7 1732 1 F: 6 1 
1717 10 1757 1 F: 4 6 
1728 7 1749 1 F: 4 2 1 
1732 7 1760 1 F: 7 
1732 12 1768 1 F: 7 5 
1741 9 1750 1 F: 4 2 3 
1746 5 1756 1 F: 5 
1764 11 1775 1 F: 11 
1779 5 1784 1 F: 2 3 
1823 11 1834 1 F: 11 
1829 9 1838 1 F: 4 1 4 
1835 8 1843 1 F: 3 3 2 
1838 2 1844 1 F: 2 
1844 6 1850 1 F: 2 4 
1848 6 1860 1 F: 3 1 2 
1857 3 1860 1 F: 3 
1859 13 1885 1 F: 7 6 
1868 10 1908 1 F: 10 
1893 13 1919 1 F: 13 
1921 3 1930 1 F: 3 
1924 5 1929 1 F: 4 1 
1925 10 1945 1 F: 10 
1928 9 1946 1 F: 7 2 
1956 7 1977 1 F: 5 2 
1960 6 1972 1 F: 3 1 2 
1969 8 1985 1 F: 8 
1976 7 1997 1 F: 3 2 2 
1978 8 2002 1 F: 5 3 
1989 8 1997 1 F: 2 6 
2007 7 2028 1 F: 2 3 2 
2007 13 2046 1 F: 13 
2024 6 2042 1 F: 4 2 
2025 7 2053 1 F: 2 2 3 
2025 8 2057 1 F: 8 
2038 7 2059 1 F: 7 
2038 11 2082 1 F: 6 5 
2040 4 2056 1 F: 2 2 
2077 6 2101 1 F: 2 3 1 
2092 11 2125 1 F: 11 
2106 2 2114 1 F: 2 
2112 7 2133 1 F: 7 
2123 4 2131 1 F: 4 
2124 9 2142 1 F: 9 
2159 7 2180 1 F: 2 1 4 
2164 10 2174 1 F: 2 4 4 
2167 5 2172 1 F: 3 1 1 
2170 7 2191 1 F: 7 
2174 8 2190 1 F: 7 1 
2179 5 2184 1 F: 4 1 
2203 5 2208 1 F: 5 
2206 8 2238 1 F: 8 
2224 7 2238 1 F: 3 2 2 
2225 7 2253 1 F: 4 2 1 
2226 5 2231 1 F: 2 1 2 
2236 4 2252 1 F: 4 
2243 6 2267 1 F: 4 2 
2286 7 2293 1 F: 5 1 1 
2286 12 2334 1 F: 4 4 4 
2294 11 2305 1 F: 11 
2313 9 2349 1 F: 9 
2314 4 2326 1 F: 4 
2314 9 2323 1 F: 2 4 3 
2319 9 2346 1 F: 3 3 3 
2320 8 2352 1 F: 3 4 1 
2336 10 2346 1 F: 6 4 
2361 12 2397 1 F: 4 4 4 
2369 7 2383 1 F: 7 
2377 13 2429 1 F: 13 
2394 4 2406 1 F: 3 1 
2401 12 2413 1 F: 5 4 3 
2426 10 2436 1 F: 3 3 4 
2438 9 2474 1 F: 9 
2438 13 2464 1 F: 13 
2440 5 2450 1 F: 5 
2458 7 2479 1 F: 7 
2462 7 2483 1 F: 2 1 4 
2479 2 2481 1 F: 2 
2481 9 2490 1 F: 5 3 1 
2492 7 2499 1 F: 7 
2504 7 2518 1 F: 3 3 1 
2532 6 2556 1 F: 4 2 
2538 13 2577 1 F: 13 
2541 6 2547 1 F: 2 1 3 
2563 11 2607 1 F: 3 4 4 
2574 6 2580 1 F: 6 
2575 8 2583 1 F: 4 4 
2591 8 2607 1 F: 5 2 1 
2594 2 2598 1 F: 2 
2599 7 2613 1 F: 7 
2610 7 2617 1 F: 3 3 1 
2610 8 2626 1 F: 6 2 
2631 2 2635 1 F: 2 
2636 9 2654 1 F: 4 5 
2645 5 2655 1 F: 3 2 
2649 8 2681 1 F: 5 3 
2660 8 2676 1 F: 5 2 1 
2663 3 2666 1 F: 3 
2686 6 2710 1 F: 3 1 2 
2698 7 2719 1 F: 4 3 
2718 7 2732 1 F: 5 2 
2719 11 2763 1 F: 6 5 
2724 5 2729 1 F: 4 1 
2731 3 2737 1 F: 3 
2731 7 2745 1 F: 6 1 
2736 12 2772 1 F: 5 4 3 
2764 4 2776 1 F: 4 
2764 9 2800 1 F: 3 6 
2775 8 2807 1 F: 8 
2792 5 2812 1 F: 2 3 
2811 8 2827 1 F: 8 
2825 3 2831 1 F: 2 1 
2831 8 2839 1 F: 4 1 3 
2857 7 2878 1 F: 2 4 1 
2861 8 2885 1 F: 5 3 
2867 10 2897 1 F: 5 3 2 
2869 10 2889 1 F: 10 
2885 9 2921 1 F: 2 4 3 
2886 12 2910 1 F: 12 
2891 9 2918 1 F: 9 
2910 10 2930 1 F: 10 
2917 11 2939 1 F: 11 
2919 7 2940 1 F: 6 1 
2935 3 2941 1 F: 3 
2947 9 2974 1 F: 6 3 
2953 3 2965 1 F: 3 
2956 9 2992 1 F: 9 
2962 7 2976 1 F: 2 4 1 
2988 12 3012 1 F: 12 
2992 11 3003 1 F: 11 
3009 6 3027 1 F: 6 
3011 7 3025 1 F: 3 2 2 
3016 7 3037 1 F: 2 3 2 
3021 8 3053 1 F: 5 3 
3026 2 3030 1 F: 2 
3046 13 3072 1 F: 7 6 
3062 3 3065 1 F: 3 
3070 8 3102 1 F: 2 6 
3079 13 3131 1 F: 7 6 
3080 5 3090 1 F: 5 
3100 6 3106 1 F: 6 
3114 8 3130 1 F: 8 
3115 8 3123 1 F: 2 4 2 
3124 8 3140 1 F: 4 1 3 
3126 2 3130 1 F: 2 
3126 9 3144 1 F: 5 2 2 
3148 13 3174 1 F: 13 
3152 13 3165 1 F: 13 
3179 8 3203 1 F: 3 2 3 
3188 11 3232 1 F: 11 
3223 6 3241 1 F: 2 3 1 
3236 4 3244 1 F: 2 2 
3237 7 3251 1 F: 2 1 4 
3251 9 3287 1 F: 4 3 2 
3261 3 3264 1 F: 3 
3263 10 3293 1 F: 7 3 
3270 2 3272 1 F: 2 
3277 9 3313 1 F: 4 4 1 
3284 8 3292 1 F: 4 4 
3293 7 3300 1 F: 3 1 3 
3309 6 3333 1 F: 2 1 3 
3312 7 3326 1 F: 5 1 1 
3316 8 3348 1 F: 6 2 
3319 11 3363 1 F: 11 
3331 5 3336 1 F: 4 1 
3334 13 3386 1 F: 13 
3353 11 3386 1 F: 7 4 
3374 3 3380 1 F: 2 1 
3380 7 3401 1 F: 7 
3389 6 3401 1 F: 5 1 
3404 6 3410 1 F: 3 2 1 
3425 4 3433 1 F: 3 1 
3427 13 3453 1 F: 13 
3438 8 3454 1 F: 2 6 
3448 12 3460 1 F: 6 6 
3458 7 3479 1 F: 4 1 2 
3474 5 3479 1 F: 5 
3475 9 3502 1 F: 9 
3477 9 3495 1 F: 2 4 3 
3491 7 3505 1 F: 7 
3515 4 3519 1 F: 2 1 1 
3515 6 3527 1 F: 3 1 2 
3527 10 3567 1 F: 4 6 
3545 3 3551 1 F: 2 1 
3549 2 3553 1 F: 2 
3553 6 3559 1 F: 6 
3568 9 3604 1 F: 3 6 
3571 6 3577 1 F: 2 3 1 
3590 2 3594 1 F: 2 
3590 12 3626 1 F: 12 
3614 7 3628 1 F: 4 3 
3648 9 3675 1 F: 3 6 
3654 13 3693 1 F: 13 
3656 6 3674 1 F: 3 3 
3669 13 3721 1 F: 13 
3676 8 3684 1 F: 5 3 
3677 9 3713 1 F: 2 4 3 
3680 7 3687 1 F: 3 1 3 
3692 8 3716 1 F: 3 5 
3694 9 3703 1 F: 3 6 
3713 10 3743 1 F: 10 
3714 13 3753 1 F: 13 
3731 9 3758 1 F: 4 5 
3731 10 3771 1 F: 3 4 3 
3740 8 3748 1 F: 2 2 4 
3746 12 3794 1 F: 5 3 4 
3753 12 3801 1 F: 4 4 4 
3771 9 3780 1 F: 4 5 
3792 10 3832 1 F: 10 
3795 5 3810 1 F: 5 
3806 10 3826 1 F: 3 3 4 
3817 8 3849 1 F: 8 
3834 10 3874 1 F: 4 6 
3849 7 3863 1 F: 4 3 
3863 8 3871 1 F: 3 5 
3863 11 3896 1 F: 11 
3871 7 3878 1 F: 7 
3873 3 3885 1 F: 3 
3875 7 3889 1 F: 2 4 1 
3882 11 3904 1 F: 6 5 
3908 9 3944 1 F: 9 
3910 8 3926 1 F: 3 2 3 
3921 9 3939 1 F: 4 1 4 
3925 10 3945 1 F: 10 
3927 7 3955 1 F: 4 2 1 
3973 8 3981 1 F: 8 
3979 6 3997 1 F: 2 4 
3980 7 3987 1 F: 2 2 3 
3986 7 3993 1 F: 5 2 
3997 6 4003 1 F: 6 
4007 9 4025 1 F: 3 2 4 
4011 7 4032 1 F: 2 3 2 
4012 7 4033 1 F: 4 3 
4017 8 4033 1 F: 4 2 2 
4019 13 4045 1 F: 13 
4032 6 4038 1 F: 5 1 
4038 13 4064 1 F: 13 
4051 8 4083 1 F: 3 5 
4061 7 4089 1 F: 3 3 1 
4074 9 4110 1 F: 5 1 3 
4102 8 4118 1 F: 4 1 3 
4117 7 4145 1 F: 2 1 4 
4117 9 4144 1 F: 5 4 
4117 11 4150 1 F: 5 4 2 
4120 11 4164 1 F: 11 
4159 11 4192 1 F: 6 5 
4180 9 4216 1 F: 3 4 2 
4184 10 4194 1 F: 6 4 
4185 9 4203 1 F: 5 1 3 
4195 5 4205 1 F: 5 
4200 5 4205 1 F: 3 1 1 
4205 13 4231 1 F: 13 
4211 13 4263 1 F: 7 6 
4217 5 4237 1 F: 3 2 
4220 3 4229 1 F: 3 
4221 7 4249 1 F: 4 2 1 
4259 9 4295 1 F: 5 4 
4275 9 4284 1 F: 4 3 2 
4291 6 4303 1 F: 4 1 1 
4292 10 4312 1 F: 4 3 3 
4309 9 4336 1 F: 3 2 4 
4319 9 4337 1 F: 3 4 2 
4323 9 4332 1 F: 4 4 1 
4344 11 4355 1 F: 11 
4351 7 4365 1 F: 3 4 
4354 8 4378 1 F: 3 5 
4363 2 4369 1 F: 2 
4366 9 4384 1 F: 5 4 
4388 7 4395 1 F: 2 5 
4394 2 4396 1 F: 2 
4411 7 4439 1 F: 7 
4432 5 4452 1 F: 3 1 1 
4433 10 4443 1 F: 5 3 2 
4434 8 4450 1 F: 5 3 
4436 5 4441 1 F: 3 1 1 
4438 8 4470 1 F: 4 4 
4440 9 4449 1 F: 7 2 
4462 7 4476 1 F: 5 2 
4464 11 4497 1 F: 3 4 4 
4466 2 4472 1 F: 2 
D: 6 287 
D: 6 358 
D: 22 248 
D: 24 178 
D: 27 404 
D: 29 72 
D: 37 268 
D: 38 261 
D: 44 97 
D: 45 47 
D: 48 158 
D: 54 169 
D: 67 382 
D: 68 201 
D: 70 319 
D: 72 153 
D: 75 145 
D: 81 140 
D: 88 260 
D: 92 134 
D: 96 230 
D: 107 119 
D: 109 363 
D: 113 215 
D: 126 241 
D: 131 240 
D: 154 294 
D: 158 245 
D: 164 207 
D: 167 321 
D: 208 430 
D: 216 283 
D: 221 266 
D: 233 353 
D: 238 300 
D: 243 405 
D: 253 438 
D: 263 283 
D: 266 301 
D: 275 368 
D: 279 391 
D: 297 439 
D: 302 307 
D: 354 428 
D: 395 406 
