7 6 25 1 F: 6 
7 8 15 1 F: 8 
9 13 48 1 F: 13 
64 2 66 1 F: 2 
64 12 112 1 F: 7 5 
78 6 96 1 F: 5 1 
80 8 88 1 F: 3 5 
84 5 94 1 F: 2 2 1 
91 7 105 1 F: 5 2 
93 7 121 1 F: 2 3 2 
105 7 119 1 F: 5 2 
109 5 124 1 F: 3 2 
114 8 146 1 F: 8 
135 7 156 1 F: 2 3 2 
155 7 169 1 F: 7 
170 9 188 1 F: 5 1 3 
179 8 211 1 F: 5 2 1 
181 7 188 1 F: 3 1 3 
186 9 222 1 F: 3 4 2 
190 8 206 1 F: 8 
202 13 215 1 F: 13 
218 9 254 1 F: 3 2 4 
222 12 234 1 F: 4 4 4 
225 12 249 1 F: 7 5 
269 11 302 1 F: 4 3 4 
283 5 288 1 F: 5 
285 8 301 1 F: 8 
286 8 302 1 F: 5 2 1 
289 9 307 1 F: 5 4 
293 7 307 1 F: 2 3 2 
303 8 335 1 F: 4 4 
311 7 332 1 F: 6 1 
322 8 338 1 F: 2 6 
325 9 334 1 F: 9 
331 7 338 1 F: 6 1 
361 6 367 1 F: 4 2 
364 7 385 1 F: 3 1 3 
382 8 414 1 F: 8 
398 10 428 1 F: 10 
399 11 443 1 F: 11 
400 11 411 1 F: 11 
409 7 430 1 F: 2 4 1 
440 4 456 1 F: 4 
452 5 472 1 F: 5 
455 2 461 1 F: 2 
462 11 484 1 F: 5 6 
483 10 493 1 F: 10 
492 7 499 1 F: 5 2 
492 10 522 1 F: 7 3 
494 12 506 1 F: 12 
502 3 514 1 F: 3 
503 12 539 1 F: 12 
512 6 518 1 F: 6 
523 10 553 1 F: 10 
524 12 536 1 F: 12 
526 10 546 1 F: 3 4 3 
544 8 568 1 F: 4 4 
551 13 590 1 F: 13 
555 9 591 1 F: 9 
559 9 586 1 F: 7 2 
605 10 645 1 F: 10 
606 11 628 1 F: 11 
641 3 653 1 F: 2 1 
643 9 670 1 F: 4 5 
644 7 665 1 F: 7 
645 6 657 1 F: 3 3 
648 8 664 1 F: 6 2 
656 11 700 1 F: 5 6 
677 3 686 1 F: 2 1 
683 11 705 1 F: 7 4 
709 8 725 1 F: 8 
716 5 736 1 F: 3 2 
717 9 753 1 F: 9 
721 5 741 1 F: 5 
738 10 758 1 F: 5 1 4 
756 6 780 1 F: 2 2 2 
764 7 792 1 F: 3 4 
766 7 780 1 F: 4 1 2 
771 10 781 1 F: 4 4 2 
774 8 806 1 F: 8 
810 13 862 1 F: 13 
813 10 823 1 F: 4 4 2 
827 2 833 1 F: 2 
846 8 878 1 F: 2 6 
859 10 879 1 F: 5 5 
862 8 894 1 F: 8 
862 10 882 1 F: 4 4 2 
863 10 903 1 F: 5 2 3 
866 10 876 1 F: 4 6 
888 5 898 1 F: 2 1 2 
906 8 922 1 F: 4 2 2 
907 7 921 1 F: 7 
932 10 942 1 F: 4 3 3 
934 9 961 1 F: 4 2 3 
959 10 989 1 F: 5 5 
969 9 987 1 F: 9 
970 9 988 1 F: 5 1 3 
980 8 1012 1 F: 8 
981 12 1017 1 F: 6 6 
996 4 1008 1 F: 2 2 
1011 11 1044 1 F: 6 5 
1013 8 1045 1 F: 3 1 4 
1029 9 1065 1 F: 3 6 
1037 3 1043 1 F: 3 
1046 3 1049 1 F: 3 
1049 13 1075 1 F: 7 6 
1060 12 1072 1 F: 6 6 
1073 8 1081 1 F: 3 5 
1079 13 1092 1 F: 13 
1095 4 1111 1 F: 4 
1110 9 1128 1 F: 4 4 1 
1112 8 1120 1 F: 7 1 
1124 3 1130 1 F: 3 
1136 13 1162 1 F: 5 4 4 
1144 7 1158 1 F: 2 2 3 
1158 10 1168 1 F: 6 4 
1161 12 1197 1 F: 12 
1176 7 1183 1 F: 2 3 2 
1183 8 1191 1 F: 4 3 1 
1188 9 1215 1 F: 9 
1214 11 1225 1 F: 5 6 
1225 13 1277 1 F: 7 6 
1230 7 1258 1 F: 4 3 
1237 10 1267 1 F: 10 
1240 12 1276 1 F: 12 
1252 3 1258 1 F: 3 
1273 10 1303 1 F: 4 6 
1275 12 1299 1 F: 12 
1289 11 1322 1 F: 11 
1292 4 1308 1 F: 2 2 
1328 8 1336 1 F: 3 5 
1328 13 1354 1 F: 13 
1356 8 1380 1 F: 3 5 
1358 4 1362 1 F: 4 
1358 7 1379 1 F: 2 3 2 
1360 10 1390 1 F: 7 3 
1369 6 1381 1 F: 6 
1379 10 1399 1 F: 5 4 1 
1385 11 1418 1 F: 11 
1388 3 1400 1 F: 3 
1402 5 1417 1 F: 5 
1409 8 1417 1 F: 4 2 2 
1417 6 1429 1 F: 4 2 
1423 10 1463 1 F: 4 6 
1456 13 1508 1 F: 13 
1468 8 1484 1 F: 4 4 
1472 6 1478 1 F: 4 1 1 
1473 9 1491 1 F: 7 2 
1482 8 1506 1 F: 5 2 1 
1490 9 1526 1 F: 9 
1516 12 1528 1 F: 12 
1523 9 1532 1 F: 7 2 
1527 7 1548 1 F: 7 
1549 11 1560 1 F: 5 6 
1551 12 1599 1 F: 4 4 4 
1555 9 1573 1 F: 3 6 
1563 8 1579 1 F: 5 3 
1573 7 1601 1 F: 2 3 2 
1574 9 1601 1 F: 4 1 4 
1590 11 1601 1 F: 6 5 
1605 9 1623 1 F: 4 1 4 
1620 6 1632 1 F: 2 4 
1622 11 1655 1 F: 4 4 3 
1625 10 1635 1 F: 7 3 
1626 4 1634 1 F: 3 1 
1670 11 1692 1 F: 11 
1675 9 1711 1 F: 3 6 
1681 6 1705 1 F: 3 3 
1689 8 1705 1 F: 6 2 
1698 5 1713 1 F: 4 1 
1707 9 1743 1 F: 5 1 3 
1711 4 1723 1 F: 2 2 
1712 3 1721 1 F: 3 
1717 13 1730 1 F: 13 
1722 4 1738 1 F: 4 
1741 3 1744 1 F: 3 
1753 12 1789 1 F: 12 
1754 2 1756 1 F: 2 
1755 4 1771 1 F: 4 
1763 11 1774 1 F: 6 5 
1811 6 1823 1 F: 4 2 
1813 9 1822 1 F: 7 2 
1815 7 1836 1 F: 2 2 3 
1821 10 1841 1 F: 3 4 3 
1824 13 1876 1 F: 13 
1825 9 1843 1 F: 2 4 3 
1867 8 1899 1 F: 2 6 
1893 8 1901 1 F: 8 
1896 10 1916 1 F: 4 2 4 
1896 12 1932 1 F: 7 5 
1900 12 1936 1 F: 6 6 
1915 4 1919 1 F: 3 1 
1918 6 1924 1 F: 2 2 2 
1936 13 1949 1 F: 13 
1937 12 1949 1 F: 6 6 
1939 5 1949 1 F: 5 
1958 4 1970 1 F: 4 
1961 10 1991 1 F: 5 1 4 
1988 6 2000 1 F: 6 
1989 8 1997 1 F: 3 1 4 
2023 8 2047 1 F: 6 2 
2027 4 2039 1 F: 4 
2039 11 2050 1 F: 11 
2052 5 2057 1 F: 2 2 1 
2054 7 2075 1 F: 3 1 3 
2055 9 2064 1 F: 3 2 4 
2059 10 2089 1 F: 10 
2063 8 2079 1 F: 3 3 2 
2083 7 2090 1 F: 3 1 3 
2099 2 2101 1 F: 2 
2117 12 2129 1 F: 6 6 
2121 8 2153 1 F: 5 3 
2135 8 2151 1 F: 4 4 
2136 9 2163 1 F: 5 3 1 
2138 12 2162 1 F: 4 4 4 
2150 7 2164 1 F: 3 4 
2152 11 2185 1 F: 7 4 
2175 6 2199 1 F: 2 4 
2184 8 2216 1 F: 8 
2196 10 2236 1 F: 2 4 4 
2202 11 2224 1 F: 11 
2209 9 2218 1 F: 4 5 
2215 9 2224 1 F: 2 4 3 
2226 10 2256 1 F: 6 4 
2234 10 2244 1 F: 5 3 2 
2245 13 2297 1 F: 7 6 
2268 8 2300 1 F: 8 
2284 8 2300 1 F: 8 
2293 9 2329 1 F: 9 
2297 9 2333 1 F: 5 3 1 
2309 6 2327 1 F: 5 1 
2312 13 2364 1 F: 7 6 
2335 8 2367 1 F: 4 3 1 
2337 6 2343 1 F: 4 2 
2358 5 2373 1 F: 2 2 1 
2359 6 2371 1 F: 2 3 1 
2379 10 2389 1 F: 10 
2382 8 2390 1 F: 4 1 3 
2387 13 2439 1 F: 7 6 
2392 8 2416 1 F: 5 2 1 
2405 12 2417 1 F: 7 5 
2406 7 2427 1 F: 4 1 2 
2416 6 2422 1 F: 6 
2420 7 2434 1 F: 6 1 
2445 5 2465 1 F: 3 2 
2454 8 2462 1 F: 4 2 2 
2464 9 2491 1 F: 6 3 
2465 11 2476 1 F: 6 5 
2482 10 2502 1 F: 10 
2495 13 2521 1 F: 13 
2503 9 2530 1 F: 4 3 2 
2508 4 2524 1 F: 4 
2509 7 2516 1 F: 7 
2514 5 2524 1 F: 5 
2515 3 2527 1 F: 3 
2539 7 2567 1 F: 6 1 
2550 12 2586 1 F: 12 
2555 10 2565 1 F: 5 2 3 
2557 6 2563 1 F: 4 1 1 
2571 9 2607 1 F: 4 3 2 
2609 11 2631 1 F: 3 4 4 
2626 4 2642 1 F: 4 
2642 9 2660 1 F: 5 4 
2643 3 2655 1 F: 3 
2656 13 2695 1 F: 7 6 
2663 10 2693 1 F: 3 3 4 
2673 6 2691 1 F: 5 1 
2676 7 2683 1 F: 3 2 2 
2681 9 2708 1 F: 3 6 
2693 2 2697 1 F: 2 
2703 9 2730 1 F: 9 
2709 10 2739 1 F: 7 3 
2717 7 2724 1 F: 3 1 3 
2726 6 2732 1 F: 4 2 
2740 10 2770 1 F: 4 6 
2749 8 2765 1 F: 6 2 
2777 10 2787 1 F: 5 1 4 
2786 6 2798 1 F: 6 
2787 7 2815 1 F: 7 
2794 9 2821 1 F: 4 2 3 
2804 9 2822 1 F: 7 2 
2806 3 2815 1 F: 3 
2829 5 2834 1 F: 2 3 
2837 10 2857 1 F: 5 5 
2847 5 2857 1 F: 5 
2852 7 2859 1 F: 2 5 
2866 2 2874 1 F: 2 
2876 10 2916 1 F: 2 4 4 
2878 12 2926 1 F: 6 6 
2889 7 2910 1 F: 7 
2914 2 2918 1 F: 2 
2929 7 2943 1 F: 3 1 3 
2947 8 2971 1 F: 8 
2947 13 2986 1 F: 5 4 4 
2948 4 2952 1 F: 4 
2960 11 2993 1 F: 7 4 
2961 11 2994 1 F: 11 
2968 8 2976 1 F: 6 2 
2979 10 2999 1 F: 7 3 
2994 10 3014 1 F: 10 
3021 12 3057 1 F: 5 3 4 
3029 9 3038 1 F: 4 1 4 
3044 13 3096 1 F: 13 
3045 10 3075 1 F: 7 3 
3063 2 3071 1 F: 2 
3076 10 3106 1 F: 5 5 
3079 10 3119 1 F: 10 
3090 12 3114 1 F: 4 4 4 
3090 12 3126 1 F: 5 3 4 
3091 5 3101 1 F: 2 1 2 
3101 6 3119 1 F: 2 2 2 
3101 6 3119 1 F: 3 3 
3104 7 3118 1 F: 7 
3121 8 3153 1 F: 3 2 3 
3129 9 3165 1 F: 4 1 4 
3139 9 3166 1 F: 7 2 
3142 5 3147 1 F: 5 
3175 5 3185 1 F: 2 3 
3190 7 3211 1 F: 3 2 2 
3199 9 3235 1 F: 9 
3201 8 3233 1 F: 3 1 4 
3203 6 3215 1 F: 3 2 1 
3205 10 3215 1 F: 5 2 3 
3210 6 3222 1 F: 3 2 1 
3210 9 3228 1 F: 7 2 
3217 11 3250 1 F: 11 
3259 11 3292 1 F: 4 4 3 
3287 11 3331 1 F: 11 
3293 12 3317 1 F: 4 4 4 
3295 12 3319 1 F: 5 4 3 
3303 6 3321 1 F: 6 
3305 10 3325 1 F: 4 3 3 
3307 8 3339 1 F: 3 2 3 
3309 4 3321 1 F: 4 
3313 9 3322 1 F: 9 
3335 10 3375 1 F: 3 3 4 
3337 13 3376 1 F: 7 6 
3353 5 3363 1 F: 5 
3398 12 3446 1 F: 12 
3399 13 3425 1 F: 7 6 
3413 8 3437 1 F: 2 2 4 
3418 3 3427 1 F: 3 
3432 8 3440 1 F: 8 
3439 9 3466 1 F: 6 3 
3439 9 3475 1 F: 3 6 
3449 9 3467 1 F: 4 1 4 
3457 4 3461 1 F: 3 1 
3477 11 3488 1 F: 11 
3486 10 3516 1 F: 3 4 3 
3488 8 3496 1 F: 8 
3509 8 3533 1 F: 5 3 
3516 5 3536 1 F: 5 
3553 8 3569 1 F: 2 4 2 
3554 13 3567 1 F: 13 
3559 10 3599 1 F: 5 2 3 
3564 13 3616 1 F: 13 
3577 6 3595 1 F: 5 1 
3577 8 3593 1 F: 2 3 3 
3588 9 3606 1 F: 4 1 4 
3594 13 3646 1 F: 13 
3604 5 3609 1 F: 5 
3607 10 3627 1 F: 3 3 4 
3609 2 3613 1 F: 2 
3610 8 3642 1 F: 4 4 
3626 7 3633 1 F: 4 1 2 
3638 6 3662 1 F: 2 2 2 
3649 10 3659 1 F: 6 4 
3663 9 3672 1 F: 3 2 4 
3669 5 3684 1 F: 5 
3675 13 3701 1 F: 13 
3715 9 3751 1 F: 4 5 
3717 10 3737 1 F: 5 1 4 
3725 9 3743 1 F: 5 3 1 
3732 10 3762 1 F: 5 3 2 
3743 9 3779 1 F: 3 4 2 
3774 2 3780 1 F: 2 
3786 9 3795 1 F: 9 
3787 8 3803 1 F: 4 4 
3791 3 3803 1 F: 3 
3799 8 3831 1 F: 6 2 
3809 10 3819 1 F: 5 3 2 
3818 12 3854 1 F: 6 6 
3833 4 3849 1 F: 4 
3837 6 3861 1 F: 2 2 2 
3841 4 3857 1 F: 3 1 
3864 3 3873 1 F: 2 1 
3867 9 3894 1 F: 7 2 
3875 9 3902 1 F: 3 2 4 
3878 4 3882 1 F: 2 2 
3881 8 3889 1 F: 5 2 1 
3900 11 3944 1 F: 3 4 4 
3902 8 3910 1 F: 2 3 3 
3903 3 3906 1 F: 2 1 
3908 6 3920 1 F: 4 2 
3923 6 3929 1 F: 2 3 1 
3959 8 3975 1 F: 4 4 
3962 3 3965 1 F: 3 
3973 8 3997 1 F: 8 
3974 10 4014 1 F: 5 2 3 
3984 9 4020 1 F: 3 3 3 
4004 9 4022 1 F: 5 3 1 
4008 9 4035 1 F: 7 2 
4032 7 4046 1 F: 3 1 3 
4054 5 4064 1 F: 5 
4061 5 4076 1 F: 5 
4065 8 4089 1 F: 3 5 
4071 10 4111 1 F: 4 6 
4084 8 4108 1 F: 8 
4094 9 4112 1 F: 9 
4099 12 4147 1 F: 4 4 4 
4101 8 4133 1 F: 2 4 2 
4103 7 4124 1 F: 4 2 1 
4121 8 4153 1 F: 3 5 
4141 5 4146 1 F: 5 
4147 12 4159 1 F: 12 
4149 8 4181 1 F: 4 2 2 
4150 10 4180 1 F: 7 3 
4161 7 4182 1 F: 2 3 2 
4164 10 4204 1 F: 3 3 4 
4180 6 4192 1 F: 6 
4202 5 4217 1 F: 4 1 
4204 2 4212 1 F: 2 
4209 10 4249 1 F: 5 5 
4216 2 4222 1 F: 2 
4220 11 4264 1 F: 5 6 
4223 9 4241 1 F: 9 
4239 9 4248 1 F: 5 4 
4285 8 4309 1 F: 6 2 
4287 11 4320 1 F: 11 
4294 7 4315 1 F: 3 3 1 
4303 8 4335 1 F: 5 1 2 
4328 12 4352 1 F: 7 5 
4344 6 4350 1 F: 6 
4351 11 4373 1 F: 5 6 
4357 5 4362 1 F: 5 
4359 8 4391 1 F: 5 1 2 
4375 11 4386 1 F: 5 3 3 
4391 4 4407 1 F: 4 
4393 10 4413 1 F: 7 3 
4394 11 4405 1 F: 11 
4419 9 4455 1 F: 5 4 
4437 9 4464 1 F: 3 2 4 
4443 10 4483 1 F: 4 6 
4444 9 4462 1 F: 9 
4445 9 4463 1 F: 5 1 3 
4453 4 4461 1 F: 3 1 
4457 7 4485 1 F: 4 3 
4476 12 4512 1 F: 12 
4483 2 4489 1 F: 2 
4497 7 4518 1 F: 3 1 3 
D: 12 295 
D: 13 176 
D: 15 183 
D: 15 226 
D: 17 420 
D: 53 180 
D: 66 246 
D: 71 308 
D: 77 304 
D: 84 132 
D: 88 111 
D: 90 446 
D: 97 358 
D: 99 155 
D: 103 441 
D: 107 164 
D: 109 165 
D: 111 195 
D: 124 226 
D: 129 208 
D: 132 134 
D: 141 229 
D: 151 291 
D: 152 406 
D: 160 172 
D: 162 258 
D: 170 306 
D: 171 189 
D: 173 261 
D: 173 262 
D: 175 283 
D: 181 279 
D: 231 279 
D: 233 445 
D: 247 281 
D: 260 313 
D: 270 276 
D: 310 397 
D: 313 436 
D: 316 326 
D: 325 437 
D: 345 448 
D: 371 388 
D: 378 447 
D: 418 429 
