0 13 13 1 F: 13 
16 10 56 1 F: 10 
38 13 64 1 F: 7 6 
50 8 66 1 F: 2 6 
59 7 73 1 F: 3 1 3 
65 7 86 1 F: 2 5 
68 7 75 1 F: 2 3 2 
79 10 89 1 F: 4 2 4 
82 7 110 1 F: 7 
97 7 104 1 F: 5 2 
115 10 135 1 F: 3 3 4 
122 8 130 1 F: 5 3 
129 12 153 1 F: 12 
131 11 153 1 F: 5 3 3 
145 9 172 1 F: 3 6 
146 10 186 1 F: 5 5 
150 5 155 1 F: 2 1 2 
155 2 159 1 F: 2 
185 11 207 1 F: 7 4 
198 12 234 1 F: 5 3 4 
209 8 241 1 F: 3 1 4 
224 9 233 1 F: 9 
232 6 250 1 F: 6 
244 10 274 1 F: 5 1 4 
245 11 256 1 F: 6 5 
246 7 274 1 F: 3 3 1 
258 9 267 1 F: 9 
283 8 299 1 F: 8 
284 8 292 1 F: 2 4 2 
298 4 302 1 F: 2 2 
309 6 321 1 F: 6 
313 11 324 1 F: 3 4 4 
314 6 338 1 F: 3 2 1 
318 4 330 1 F: 4 
335 13 387 1 F: 13 
344 5 364 1 F: 2 3 
349 11 382 1 F: 7 4 
355 3 367 1 F: 3 
389 7 403 1 F: 3 2 2 
394 10 414 1 F: 10 
410 4 426 1 F: 4 
418 8 434 1 F: 2 4 2 
429 7 457 1 F: 2 3 2 
440 8 448 1 F: 2 6 
440 9 449 1 F: 9 
466 6 490 1 F: 4 2 
480 5 490 1 F: 5 
487 9 505 1 F: 7 2 
495 6 513 1 F: 2 1 3 
498 9 516 1 F: 3 2 4 
506 9 515 1 F: 2 4 3 
507 7 521 1 F: 7 
508 9 526 1 F: 4 4 1 
514 8 546 1 F: 5 3 
534 10 564 1 F: 5 5 
535 12 559 1 F: 5 3 4 
545 9 554 1 F: 9 
555 4 559 1 F: 2 1 1 
562 4 574 1 F: 2 1 1 
564 10 594 1 F: 4 3 3 
601 11 634 1 F: 7 4 
604 9 613 1 F: 2 3 4 
628 9 664 1 F: 5 2 2 
643 8 675 1 F: 5 2 1 
646 4 662 1 F: 4 
654 7 661 1 F: 4 3 
659 10 689 1 F: 7 3 
669 4 673 1 F: 4 
685 8 717 1 F: 4 4 
694 2 702 1 F: 2 
720 8 728 1 F: 4 4 
735 12 759 1 F: 7 5 
738 9 747 1 F: 4 5 
745 12 793 1 F: 6 6 
752 4 768 1 F: 4 
757 8 773 1 F: 4 1 3 
772 11 816 1 F: 11 
781 3 790 1 F: 3 
790 10 800 1 F: 7 3 
792 8 824 1 F: 4 4 
824 10 844 1 F: 4 6 
824 10 844 1 F: 6 4 
841 13 893 1 F: 13 
847 5 857 1 F: 5 
854 4 870 1 F: 2 2 
855 7 862 1 F: 7 
856 6 862 1 F: 4 1 1 
857 12 905 1 F: 12 
876 6 894 1 F: 2 4 
887 3 893 1 F: 2 1 
913 10 923 1 F: 4 6 
918 10 958 1 F: 6 4 
922 6 946 1 F: 2 1 3 
924 5 929 1 F: 5 
937 8 961 1 F: 4 1 3 
942 3 945 1 F: 3 
943 12 991 1 F: 12 
945 8 953 1 F: 4 1 3 
950 8 958 1 F: 6 2 
978 7 999 1 F: 7 
1010 10 1050 1 F: 6 4 
1016 10 1046 1 F: 7 3 
1050 6 1068 1 F: 5 1 
1053 4 1069 1 F: 2 2 
1060 10 1100 1 F: 6 4 
1067 7 1088 1 F: 4 3 
1067 12 1103 1 F: 12 
1068 3 1080 1 F: 3 
1083 8 1099 1 F: 2 6 
1099 8 1131 1 F: 3 1 4 
1101 12 1125 1 F: 7 5 
1109 8 1125 1 F: 5 2 1 
1129 8 1161 1 F: 5 3 
1140 10 1150 1 F: 10 
1141 6 1147 1 F: 4 2 
1181 4 1193 1 F: 2 2 
1185 5 1190 1 F: 5 
1186 12 1198 1 F: 12 
1190 9 1199 1 F: 4 5 
1194 9 1221 1 F: 5 1 3 
1207 10 1237 1 F: 3 4 3 
1221 12 1245 1 F: 12 
1222 8 1254 1 F: 2 4 2 
1263 10 1283 1 F: 5 5 
1265 10 1305 1 F: 10 
1277 5 1292 1 F: 5 
1288 7 1309 1 F: 6 1 
1290 7 1318 1 F: 3 2 2 
1292 4 1304 1 F: 4 
1292 6 1304 1 F: 3 1 2 
1315 8 1339 1 F: 4 2 2 
1324 6 1330 1 F: 6 
1333 3 1336 1 F: 2 1 
1350 5 1355 1 F: 5 
1355 6 1379 1 F: 6 
1355 11 1366 1 F: 5 6 
1373 7 1394 1 F: 4 2 1 
1375 3 1384 1 F: 3 
1395 8 1427 1 F: 4 4 
1399 11 1443 1 F: 11 
1412 10 1432 1 F: 7 3 
1420 10 1460 1 F: 10 
1425 11 1469 1 F: 5 2 4 
1432 6 1438 1 F: 3 1 2 
1433 4 1437 1 F: 3 1 
1434 7 1455 1 F: 7 
1435 10 1465 1 F: 3 3 4 
1444 11 1488 1 F: 4 3 4 
1464 7 1492 1 F: 5 2 
1468 7 1482 1 F: 7 
1500 3 1512 1 F: 3 
1500 10 1530 1 F: 5 4 1 
1511 8 1543 1 F: 8 
1519 6 1525 1 F: 6 
1541 4 1545 1 F: 4 
1555 13 1607 1 F: 13 
1573 7 1594 1 F: 6 1 
1588 9 1615 1 F: 9 
1591 12 1627 1 F: 4 4 4 
1596 8 1628 1 F: 8 
1601 8 1617 1 F: 3 2 3 
1614 11 1625 1 F: 4 4 3 
1617 5 1637 1 F: 5 
1620 11 1642 1 F: 11 
1639 12 1663 1 F: 5 4 3 
1658 6 1670 1 F: 2 2 2 
1658 11 1702 1 F: 5 2 4 
1666 10 1706 1 F: 5 2 3 
1667 7 1695 1 F: 3 3 1 
1695 8 1727 1 F: 8 
1704 2 1710 1 F: 2 
1705 5 1720 1 F: 3 1 1 
1732 8 1764 1 F: 7 1 
1736 10 1766 1 F: 4 6 
1746 8 1754 1 F: 5 3 
1757 13 1770 1 F: 13 
1762 12 1786 1 F: 12 
1774 4 1790 1 F: 2 1 1 
1779 4 1783 1 F: 2 2 
1787 8 1811 1 F: 8 
1804 12 1828 1 F: 12 
1812 6 1830 1 F: 4 1 1 
1829 5 1849 1 F: 3 2 
1842 9 1851 1 F: 5 4 
1849 6 1867 1 F: 6 
1852 11 1874 1 F: 7 4 
1853 4 1857 1 F: 4 
1858 7 1886 1 F: 4 1 2 
1867 9 1876 1 F: 9 
1879 9 1915 1 F: 9 
1900 6 1912 1 F: 6 
1914 11 1947 1 F: 4 4 3 
1921 6 1933 1 F: 5 1 
1934 9 1943 1 F: 5 3 1 
1946 8 1962 1 F: 4 2 2 
1972 9 1990 1 F: 9 
1976 9 2012 1 F: 5 2 2 
1977 5 1987 1 F: 5 
1982 12 2006 1 F: 5 4 3 
1989 5 1994 1 F: 5 
2003 8 2035 1 F: 3 2 3 
2038 5 2053 1 F: 5 
2044 6 2068 1 F: 5 1 
2046 12 2058 1 F: 4 4 4 
2062 9 2080 1 F: 3 3 3 
2064 9 2100 1 F: 9 
2065 8 2097 1 F: 4 2 2 
2079 5 2089 1 F: 5 
2084 7 2091 1 F: 4 3 
2093 4 2101 1 F: 4 
2101 7 2129 1 F: 5 1 1 
2123 8 2155 1 F: 7 1 
2125 11 2169 1 F: 11 
2145 7 2152 1 F: 2 1 4 
2146 8 2154 1 F: 6 2 
2150 10 2160 1 F: 10 
2164 6 2188 1 F: 2 4 
2196 7 2224 1 F: 2 4 1 
2197 7 2204 1 F: 2 2 3 
2197 11 2208 1 F: 7 4 
2200 12 2212 1 F: 7 5 
2205 8 2229 1 F: 2 4 2 
2207 4 2223 1 F: 4 
2207 11 2251 1 F: 11 
2213 11 2246 1 F: 5 3 3 
2216 7 2223 1 F: 7 
2226 4 2234 1 F: 2 2 
2245 9 2263 1 F: 4 1 4 
2278 4 2286 1 F: 2 1 1 
2279 10 2309 1 F: 7 3 
2300 13 2326 1 F: 13 
2301 5 2321 1 F: 2 1 2 
2304 10 2334 1 F: 10 
2309 4 2325 1 F: 2 2 
2310 8 2342 1 F: 5 1 2 
2318 7 2332 1 F: 3 2 2 
2328 4 2336 1 F: 4 
2370 11 2381 1 F: 5 6 
2383 3 2392 1 F: 2 1 
2398 11 2409 1 F: 5 4 2 
2407 5 2427 1 F: 5 
2421 4 2433 1 F: 4 
2421 8 2445 1 F: 2 2 4 
2428 3 2440 1 F: 2 1 
2449 7 2456 1 F: 3 4 
2456 13 2508 1 F: 13 
2480 7 2487 1 F: 7 
2483 12 2507 1 F: 12 
2493 9 2520 1 F: 9 
2499 8 2531 1 F: 2 2 4 
2516 11 2560 1 F: 4 3 4 
2523 4 2539 1 F: 4 
2531 12 2555 1 F: 5 4 3 
2532 10 2552 1 F: 5 3 2 
2534 8 2542 1 F: 2 4 2 
2537 8 2561 1 F: 8 
2537 8 2569 1 F: 3 2 3 
2541 12 2553 1 F: 12 
2561 8 2593 1 F: 8 
2565 9 2574 1 F: 2 3 4 
2601 5 2616 1 F: 5 
2609 11 2642 1 F: 11 
2613 9 2640 1 F: 3 4 2 
2619 6 2631 1 F: 4 2 
2630 10 2640 1 F: 10 
2638 8 2662 1 F: 3 2 3 
2657 10 2697 1 F: 3 4 3 
2682 5 2702 1 F: 2 2 1 
2686 10 2706 1 F: 7 3 
2690 5 2705 1 F: 4 1 
2702 3 2708 1 F: 3 
2731 9 2740 1 F: 5 4 
2738 7 2766 1 F: 2 2 3 
2742 12 2754 1 F: 7 5 
2743 5 2748 1 F: 4 1 
2743 8 2775 1 F: 2 4 2 
2751 8 2767 1 F: 7 1 
2774 8 2806 1 F: 8 
2775 8 2783 1 F: 8 
2778 10 2798 1 F: 10 
2807 8 2839 1 F: 8 
2815 8 2839 1 F: 4 2 2 
2818 5 2823 1 F: 3 2 
2828 8 2836 1 F: 5 3 
2829 10 2849 1 F: 3 3 4 
2839 3 2848 1 F: 3 
2848 7 2869 1 F: 5 2 
2875 12 2887 1 F: 12 
2882 13 2934 1 F: 7 6 
2892 2 2898 1 F: 2 
2903 6 2927 1 F: 2 1 3 
2910 9 2946 1 F: 3 6 
2918 6 2930 1 F: 2 4 
2931 11 2975 1 F: 5 6 
2935 3 2941 1 F: 2 1 
2948 13 2974 1 F: 7 6 
2956 6 2980 1 F: 2 3 1 
2957 9 2966 1 F: 4 1 4 
2973 8 2989 1 F: 2 2 4 
2979 11 3023 1 F: 11 
3000 5 3005 1 F: 5 
3010 6 3016 1 F: 2 2 2 
3016 6 3022 1 F: 6 
3021 3 3027 1 F: 3 
3029 7 3036 1 F: 2 4 1 
3058 4 3066 1 F: 4 
3084 11 3106 1 F: 5 6 
3098 9 3107 1 F: 5 1 3 
3099 7 3106 1 F: 2 5 
3099 7 3106 1 F: 5 2 
3110 11 3121 1 F: 3 4 4 
3112 8 3136 1 F: 4 1 3 
3150 8 3182 1 F: 4 4 
3151 4 3167 1 F: 4 
3164 4 3168 1 F: 4 
3164 8 3188 1 F: 6 2 
3175 2 3181 1 F: 2 
3184 4 3200 1 F: 4 
3186 9 3222 1 F: 7 2 
3189 12 3225 1 F: 12 
3216 10 3236 1 F: 2 4 4 
3229 13 3242 1 F: 13 
3232 7 3239 1 F: 6 1 
3241 13 3267 1 F: 13 
3246 8 3254 1 F: 2 2 4 
3252 10 3292 1 F: 10 
3253 5 3258 1 F: 5 
3253 9 3271 1 F: 4 3 2 
3287 4 3303 1 F: 2 2 
3291 7 3305 1 F: 7 
3319 4 3327 1 F: 2 1 1 
3324 8 3348 1 F: 8 
3326 11 3370 1 F: 7 4 
3369 4 3373 1 F: 4 
3371 11 3404 1 F: 11 
3373 10 3403 1 F: 4 6 
3383 6 3389 1 F: 6 
3392 8 3424 1 F: 4 3 1 
3395 8 3419 1 F: 3 3 2 
3399 3 3402 1 F: 3 
3411 4 3415 1 F: 2 1 1 
3416 3 3428 1 F: 2 1 
3418 8 3450 1 F: 3 1 4 
3438 10 3468 1 F: 4 3 3 
3452 7 3459 1 F: 6 1 
3466 10 3496 1 F: 4 2 4 
3470 5 3490 1 F: 3 2 
3485 6 3491 1 F: 6 
3491 7 3498 1 F: 2 1 4 
3498 12 3534 1 F: 5 3 4 
3503 8 3535 1 F: 3 5 
3506 5 3511 1 F: 2 1 2 
3517 12 3565 1 F: 4 4 4 
3521 2 3529 1 F: 2 
3521 9 3530 1 F: 6 3 
3525 8 3533 1 F: 6 2 
3534 10 3574 1 F: 10 
3572 9 3581 1 F: 5 4 
3580 8 3604 1 F: 2 6 
3589 11 3622 1 F: 3 4 4 
3604 9 3640 1 F: 4 5 
3605 7 3619 1 F: 2 2 3 
3610 9 3619 1 F: 2 3 4 
3616 6 3628 1 F: 2 4 
3617 12 3665 1 F: 4 4 4 
3621 8 3653 1 F: 4 4 
3632 11 3665 1 F: 4 3 4 
3667 4 3679 1 F: 4 
3671 6 3689 1 F: 3 1 2 
3688 11 3721 1 F: 11 
3701 8 3725 1 F: 4 1 3 
3738 7 3752 1 F: 2 5 
3740 3 3749 1 F: 3 
3746 7 3760 1 F: 7 
3747 5 3762 1 F: 5 
3757 5 3762 1 F: 5 
3759 7 3766 1 F: 4 2 1 
3762 5 3777 1 F: 4 1 
3776 4 3780 1 F: 4 
3793 10 3833 1 F: 5 5 
3800 10 3810 1 F: 3 4 3 
3806 6 3818 1 F: 6 
3823 9 3832 1 F: 5 2 2 
3835 7 3863 1 F: 5 2 
3840 6 3864 1 F: 2 2 2 
3857 12 3893 1 F: 4 4 4 
3862 8 3894 1 F: 8 
3865 5 3875 1 F: 3 1 1 
3897 6 3921 1 F: 2 3 1 
3897 7 3925 1 F: 2 2 3 
3910 11 3954 1 F: 6 5 
3922 10 3942 1 F: 4 2 4 
3941 2 3943 1 F: 2 
3974 7 4002 1 F: 5 1 1 
3976 6 3994 1 F: 6 
3978 4 3982 1 F: 4 
3979 11 4001 1 F: 5 2 4 
3985 10 4015 1 F: 2 4 4 
3988 5 4008 1 F: 5 
3988 7 3995 1 F: 7 
4007 5 4012 1 F: 5 
4007 8 4031 1 F: 4 4 
4014 12 4062 1 F: 6 6 
4021 12 4033 1 F: 12 
4039 9 4066 1 F: 6 3 
4061 9 4097 1 F: 7 2 
4066 8 4098 1 F: 8 
4081 6 4099 1 F: 6 
4095 6 4107 1 F: 6 
4099 9 4135 1 F: 3 6 
4106 7 4120 1 F: 2 5 
4119 7 4133 1 F: 6 1 
4125 10 4135 1 F: 5 2 3 
4135 5 4140 1 F: 5 
4157 8 4181 1 F: 2 3 3 
4173 11 4217 1 F: 3 4 4 
4176 8 4184 1 F: 7 1 
4176 8 4200 1 F: 4 2 2 
4184 7 4205 1 F: 6 1 
4187 4 4199 1 F: 3 1 
4202 11 4213 1 F: 6 5 
4204 7 4225 1 F: 2 1 4 
4210 7 4231 1 F: 2 5 
4215 8 4223 1 F: 7 1 
4221 6 4227 1 F: 3 3 
4226 9 4235 1 F: 2 3 4 
4241 10 4281 1 F: 4 4 2 
4277 12 4289 1 F: 12 
4278 8 4302 1 F: 7 1 
4297 10 4337 1 F: 4 3 3 
4319 12 4331 1 F: 7 5 
4337 11 4348 1 F: 3 4 4 
4354 5 4374 1 F: 3 2 
4358 9 4394 1 F: 4 4 1 
4360 9 4396 1 F: 2 3 4 
4362 8 4378 1 F: 8 
4369 6 4387 1 F: 3 2 1 
4380 8 4412 1 F: 8 
4382 6 4406 1 F: 6 
4393 6 4399 1 F: 2 1 3 
4415 4 4427 1 F: 2 2 
4420 4 4424 1 F: 4 
4423 8 4447 1 F: 8 
4428 13 4454 1 F: 13 
4443 4 4455 1 F: 4 
4454 8 4478 1 F: 4 4 
4455 9 4491 1 F: 2 3 4 
4465 2 4467 1 F: 2 
4480 4 4492 1 F: 2 1 1 
4486 6 4504 1 F: 3 3 
D: 0 333 
D: 2 28 
D: 18 100 
D: 18 432 
D: 22 267 
D: 24 83 
D: 26 184 
D: 29 265 
D: 42 77 
D: 42 176 
D: 43 103 
D: 46 237 
D: 56 348 
D: 65 81 
D: 66 426 
D: 78 95 
D: 78 338 
D: 79 429 
D: 93 375 
D: 105 274 
D: 123 256 
D: 135 200 
D: 139 428 
D: 141 365 
D: 154 380 
D: 156 225 
D: 186 361 
D: 205 214 
D: 209 442 
D: 210 266 
D: 212 264 
D: 215 439 
D: 216 230 
D: 225 275 
D: 236 392 
D: 240 417 
D: 253 363 
D: 264 273 
D: 274 378 
D: 289 380 
D: 316 367 
D: 339 401 
D: 340 390 
D: 347 441 
D: 364 414 
