15 7 43 213 F: 7 
18 3 21 134 F: 2 1 
33 8 57 219 F: 8 
42 5 62 356 F: 2 1 2 
48 6 72 60 F: 6 
49 10 59 151 F: 3 3 4 
64 12 76 15 F: 5 3 4 
69 10 79 374 F: 7 3 
79 5 94 397 F: 3 2 
99 13 151 93 F: 13 
107 10 117 290 F: 4 6 
111 6 135 201 F: 2 4 
117 6 123 221 F: 5 1 
121 10 151 308 F: 10 
130 9 139 240 F: 4 3 2 
134 7 148 111 F: 2 2 3 
137 11 170 35 F: 11 
156 7 184 200 F: 3 2 2 
170 7 191 252 F: 4 3 
173 10 183 127 F: 4 6 
205 9 214 347 F: 5 2 2 
210 9 246 57 F: 3 2 4 
220 9 229 132 F: 4 2 3 
231 7 252 400 F: 3 3 1 
235 9 253 135 F: 6 3 
235 9 271 140 F: 9 
243 7 264 26 F: 2 5 
255 7 276 365 F: 2 1 4 
284 11 317 198 F: 3 4 4 
287 9 314 17 F: 4 3 2 
308 7 315 166 F: 5 2 
348 5 363 242 F: 4 1 
349 11 393 117 F: 11 
355 4 363 12 F: 2 2 
362 4 378 366 F: 2 2 
363 12 375 112 F: 12 
364 12 412 366 F: 12 
390 10 410 84 F: 5 1 4 
396 4 408 9 F: 4 
399 11 432 92 F: 6 5 
403 11 425 63 F: 7 4 
405 7 426 197 F: 7 
410 6 434 36 F: 6 
415 11 426 89 F: 5 3 3 
415 11 426 138 F: 5 6 
418 5 428 282 F: 3 1 1 
437 10 457 29 F: 4 6 
445 7 466 110 F: 7 
453 8 485 173 F: 3 3 2 
479 13 492 44 F: 13 
502 9 511 78 F: 5 4 
507 3 516 276 F: 3 
528 5 548 377 F: 5 
543 11 565 86 F: 6 5 
550 4 558 307 F: 4 
550 8 582 330 F: 3 3 2 
553 2 561 320 F: 2 
560 5 570 94 F: 3 2 
567 4 575 233 F: 4 
573 6 597 120 F: 3 1 2 
621 8 653 66 F: 8 
654 9 672 397 F: 3 6 
662 6 668 235 F: 4 1 1 
666 10 696 191 F: 2 4 4 
670 11 703 368 F: 11 
678 13 704 215 F: 13 
685 11 707 346 F: 11 
693 12 717 314 F: 5 3 4 
695 7 723 59 F: 3 2 2 
695 9 731 188 F: 5 1 3 
701 8 709 298 F: 3 2 3 
708 4 712 353 F: 2 2 
713 3 725 28 F: 3 
722 8 730 392 F: 3 1 4 
725 4 729 157 F: 2 1 1 
732 8 740 208 F: 4 4 
734 7 748 229 F: 4 2 1 
737 7 744 43 F: 3 2 2 
751 2 759 87 F: 2 
759 8 783 320 F: 4 2 2 
805 7 819 132 F: 4 2 1 
809 9 836 83 F: 4 5 
823 10 843 191 F: 4 6 
826 7 833 232 F: 4 3 
838 8 870 395 F: 3 1 4 
846 2 854 98 F: 2 
850 8 874 248 F: 4 3 1 
857 6 863 218 F: 3 1 2 
875 7 882 160 F: 2 1 4 
888 8 896 212 F: 3 2 3 
912 4 916 251 F: 2 1 1 
914 8 946 5 F: 2 6 
942 9 969 17 F: 3 6 
950 8 982 73 F: 2 4 2 
953 8 969 63 F: 4 3 1 
963 8 971 347 F: 2 4 2 
970 9 979 57 F: 3 2 4 
971 8 979 270 F: 2 6 
992 9 1019 364 F: 4 1 4 
999 10 1029 86 F: 5 4 1 
1000 10 1020 120 F: 5 1 4 
1002 6 1026 16 F: 6 
1010 8 1042 73 F: 8 
1022 11 1033 29 F: 6 5 
1023 6 1029 378 F: 2 4 
1026 9 1053 313 F: 5 4 
1030 10 1040 169 F: 4 2 4 
1043 8 1075 259 F: 7 1 
1052 6 1064 225 F: 2 3 1 
1079 12 1127 219 F: 12 
1103 13 1155 328 F: 13 
1113 10 1153 124 F: 7 3 
1116 10 1156 354 F: 5 2 3 
1128 6 1152 48 F: 6 
1140 6 1146 123 F: 4 2 
1156 7 1184 203 F: 2 5 
1166 7 1180 389 F: 5 2 
1176 8 1192 133 F: 8 
1180 4 1196 62 F: 4 
1193 5 1203 398 F: 5 
1200 5 1205 283 F: 3 2 
1201 8 1225 45 F: 2 3 3 
1212 10 1222 39 F: 7 3 
1218 13 1231 46 F: 13 
1228 10 1258 197 F: 5 2 3 
1264 9 1273 382 F: 7 2 
1281 5 1291 82 F: 5 
1285 6 1303 370 F: 4 1 1 
1286 5 1301 391 F: 5 
1298 9 1307 283 F: 3 6 
1300 3 1309 125 F: 3 
1306 6 1318 388 F: 6 
1306 6 1324 160 F: 6 
1307 9 1343 292 F: 3 6 
1339 9 1366 223 F: 3 3 3 
1343 7 1371 234 F: 5 2 
1366 8 1398 24 F: 4 2 2 
1379 10 1389 270 F: 4 3 3 
1387 9 1423 197 F: 5 2 2 
1392 12 1404 130 F: 7 5 
1404 7 1418 99 F: 4 2 1 
1406 6 1418 144 F: 4 2 
1421 4 1429 231 F: 4 
1424 2 1430 295 F: 2 
1440 7 1468 80 F: 5 1 1 
1451 7 1472 368 F: 2 5 
1467 10 1487 233 F: 10 
1469 8 1493 337 F: 8 
1474 2 1482 386 F: 2 
1490 9 1508 38 F: 3 6 
1509 11 1531 277 F: 11 
1523 3 1535 166 F: 3 
1523 10 1553 242 F: 5 4 1 
1530 5 1540 358 F: 2 1 2 
1532 13 1558 173 F: 13 
1547 6 1571 6 F: 6 
1567 12 1615 125 F: 4 4 4 
1571 7 1585 329 F: 6 1 
1584 11 1617 52 F: 5 3 3 
1597 8 1621 266 F: 5 3 
1607 8 1639 99 F: 2 2 4 
1623 11 1667 400 F: 6 5 
1628 10 1648 281 F: 10 
1629 9 1638 103 F: 6 3 
1640 10 1670 233 F: 4 4 2 
1650 8 1666 212 F: 8 
1658 6 1676 261 F: 3 3 
1663 10 1693 291 F: 3 3 4 
1672 10 1702 371 F: 5 4 1 
1677 9 1713 54 F: 4 1 4 
1707 9 1743 213 F: 6 3 
1710 3 1716 325 F: 3 
1724 7 1738 168 F: 3 3 1 
1738 11 1760 73 F: 5 2 4 
1739 8 1755 350 F: 7 1 
1782 11 1804 191 F: 11 
1789 8 1813 151 F: 5 2 1 
1791 8 1799 98 F: 8 
1792 9 1819 224 F: 9 
1799 3 1808 193 F: 3 
1801 10 1841 197 F: 2 4 4 
1808 6 1820 291 F: 3 3 
1815 13 1841 377 F: 13 
1843 8 1875 363 F: 4 1 3 
1845 10 1875 5 F: 5 1 4 
1856 9 1892 150 F: 3 6 
1865 12 1889 309 F: 4 4 4 
1868 9 1895 394 F: 9 
1877 6 1883 206 F: 5 1 
1884 5 1899 22 F: 5 
1905 6 1917 80 F: 6 
1926 7 1954 315 F: 4 1 2 
1940 6 1946 228 F: 6 
1943 9 1952 16 F: 4 2 3 
1948 10 1978 210 F: 5 1 4 
1961 6 1979 241 F: 2 3 1 
1961 9 1970 54 F: 5 4 
1964 8 1996 345 F: 3 4 1 
1969 4 1973 97 F: 4 
1973 9 2000 274 F: 3 6 
2021 8 2045 225 F: 8 
2026 6 2050 292 F: 5 1 
2027 6 2033 121 F: 4 2 
2039 6 2063 302 F: 4 2 
2048 7 2062 305 F: 2 3 2 
2073 8 2089 106 F: 3 3 2 
2077 4 2093 33 F: 2 1 1 
2083 3 2089 35 F: 3 
2088 8 2120 79 F: 2 6 
2095 8 2111 182 F: 7 1 
2121 5 2131 122 F: 5 
2121 9 2148 393 F: 3 6 
2123 8 2139 236 F: 7 1 
2126 9 2162 385 F: 4 5 
2129 7 2157 261 F: 4 3 
2138 9 2156 133 F: 5 4 
2169 11 2180 160 F: 5 3 3 
2174 6 2192 321 F: 3 1 2 
2189 5 2204 290 F: 3 2 
2189 9 2216 387 F: 4 2 3 
2206 5 2211 258 F: 5 
2207 7 2221 233 F: 2 5 
2213 5 2218 259 F: 4 1 
2222 9 2231 357 F: 5 4 
2226 9 2244 180 F: 3 6 
2240 7 2261 348 F: 5 2 
2242 4 2250 343 F: 2 1 1 
2257 8 2289 344 F: 5 3 
2268 13 2307 49 F: 13 
2274 8 2290 358 F: 8 
2308 6 2314 203 F: 2 4 
2316 8 2348 154 F: 6 2 
2321 8 2337 115 F: 2 6 
2323 12 2371 167 F: 12 
2342 7 2363 69 F: 3 1 3 
2367 10 2377 380 F: 5 2 3 
2370 10 2400 238 F: 10 
2373 8 2389 184 F: 6 2 
2379 6 2397 185 F: 6 
2393 10 2413 55 F: 5 3 2 
2400 10 2430 365 F: 4 2 4 
2422 6 2440 208 F: 6 
2424 5 2439 47 F: 2 3 
2428 8 2444 351 F: 8 
2430 11 2463 160 F: 5 2 4 
2454 9 2490 226 F: 7 2 
2464 9 2473 345 F: 4 2 3 
2491 10 2501 121 F: 7 3 
2496 9 2505 138 F: 7 2 
2496 9 2532 161 F: 2 3 4 
2514 6 2526 166 F: 2 4 
2524 7 2538 397 F: 4 2 1 
2537 12 2549 288 F: 7 5 
2539 7 2567 261 F: 5 2 
2555 7 2562 356 F: 5 2 
2556 9 2574 184 F: 3 4 2 
2568 8 2584 299 F: 3 1 4 
2577 10 2587 346 F: 4 2 4 
2579 8 2595 79 F: 8 
2596 9 2605 321 F: 4 5 
2600 9 2618 187 F: 4 5 
2605 5 2615 384 F: 5 
2608 9 2644 7 F: 4 1 4 
2635 10 2665 272 F: 10 
2644 11 2655 398 F: 11 
2649 4 2657 344 F: 4 
2652 10 2662 242 F: 10 
2670 5 2685 22 F: 4 1 
2678 9 2705 165 F: 5 3 1 
2695 11 2717 28 F: 3 4 4 
2700 8 2716 232 F: 4 1 3 
2703 5 2723 218 F: 3 2 
2706 8 2714 109 F: 5 2 1 
2706 11 2750 191 F: 11 
2728 6 2734 55 F: 2 3 1 
2743 11 2754 156 F: 11 
2744 3 2753 105 F: 3 
2745 8 2761 114 F: 3 3 2 
2752 8 2760 293 F: 4 1 3 
2777 9 2804 155 F: 9 
2806 7 2834 24 F: 2 5 
2809 8 2817 119 F: 4 2 2 
2810 2 2814 43 F: 2 
2815 3 2821 108 F: 3 
2854 8 2878 341 F: 2 6 
2864 10 2904 217 F: 3 4 3 
2880 9 2916 94 F: 3 3 3 
2888 4 2892 246 F: 4 
2899 7 2913 100 F: 5 1 1 
2899 8 2915 224 F: 5 1 2 
2907 4 2911 205 F: 4 
2918 7 2925 195 F: 3 3 1 
2919 7 2940 154 F: 7 
2940 8 2964 9 F: 3 2 3 
2941 10 2981 65 F: 5 5 
2942 11 2953 383 F: 11 
2955 8 2971 57 F: 5 2 1 
2973 8 2997 319 F: 8 
2980 8 2988 100 F: 2 3 3 
2993 6 3005 234 F: 2 4 
3007 6 3031 259 F: 2 3 1 
3021 3 3027 389 F: 3 
3027 8 3051 341 F: 8 
3027 9 3054 39 F: 9 
3048 11 3081 50 F: 3 4 4 
3053 12 3101 256 F: 4 4 4 
3055 11 3099 69 F: 5 3 3 
3061 7 3068 270 F: 2 3 2 
3068 7 3096 369 F: 4 3 
3091 2 3093 384 F: 2 
3107 5 3127 165 F: 2 1 2 
3128 11 3150 256 F: 6 5 
3139 9 3166 137 F: 9 
3141 10 3161 139 F: 5 5 
3144 4 3156 335 F: 4 
3148 8 3164 27 F: 6 2 
3156 8 3180 243 F: 4 3 1 
3178 10 3188 10 F: 3 4 3 
3190 10 3230 205 F: 4 2 4 
3194 8 3202 182 F: 3 3 2 
3201 6 3207 264 F: 5 1 
3205 7 3226 19 F: 4 3 
3215 9 3251 268 F: 7 2 
3230 11 3263 163 F: 5 6 
3231 8 3255 30 F: 4 2 2 
3242 7 3270 274 F: 7 
3249 8 3265 257 F: 5 2 1 
3250 10 3290 121 F: 4 6 
3280 8 3304 339 F: 8 
3294 6 3306 234 F: 6 
3336 13 3388 51 F: 13 
3340 7 3361 25 F: 5 2 
3349 5 3354 318 F: 3 2 
3353 11 3375 388 F: 4 4 3 
3359 11 3403 207 F: 4 4 3 
3365 8 3381 141 F: 4 4 
3374 10 3404 10 F: 10 
3376 4 3392 165 F: 4 
3388 8 3412 373 F: 2 6 
3392 13 3418 212 F: 7 6 
3416 3 3425 230 F: 3 
3423 9 3432 52 F: 9 
3428 10 3468 108 F: 5 2 3 
3446 9 3482 90 F: 9 
3447 6 3465 162 F: 4 2 
3461 4 3469 328 F: 4 
3468 11 3490 400 F: 4 3 4 
3470 9 3497 335 F: 9 
3471 9 3498 63 F: 5 2 2 
3481 13 3507 73 F: 13 
3502 10 3542 153 F: 10 
3515 11 3548 326 F: 6 5 
3517 5 3532 23 F: 5 
3518 5 3538 211 F: 3 2 
3546 6 3558 56 F: 5 1 
3552 9 3579 21 F: 9 
3573 10 3613 121 F: 10 
3574 8 3590 340 F: 2 6 
3577 8 3609 298 F: 5 3 
3590 6 3614 228 F: 4 2 
3602 5 3612 320 F: 4 1 
3602 5 3617 99 F: 3 2 
3605 10 3615 169 F: 5 3 2 
3609 4 3625 142 F: 4 
3632 6 3650 142 F: 2 2 2 
3645 13 3671 373 F: 7 6 
3650 5 3665 136 F: 2 3 
3674 8 3682 135 F: 3 2 3 
3685 8 3709 96 F: 8 
3697 6 3721 289 F: 3 3 
3714 8 3738 347 F: 3 1 4 
3727 9 3736 67 F: 4 1 4 
3730 11 3752 16 F: 11 
3734 7 3755 370 F: 4 3 
3745 11 3789 125 F: 6 5 
3755 7 3776 176 F: 2 5 
3767 9 3785 363 F: 3 6 
3771 10 3811 63 F: 4 6 
3781 4 3789 187 F: 3 1 
3786 8 3818 228 F: 6 2 
3809 9 3818 400 F: 9 
3812 9 3830 370 F: 5 2 2 
3813 2 3821 254 F: 2 
3818 8 3826 299 F: 5 3 
3831 9 3858 19 F: 4 2 3 
3831 12 3879 1 F: 12 
3842 4 3858 132 F: 4 
3857 7 3885 219 F: 2 4 1 
3877 8 3901 258 F: 8 
3889 4 3901 290 F: 2 2 
3903 7 3917 201 F: 5 2 
3922 8 3946 185 F: 3 3 2 
3935 9 3971 14 F: 3 6 
3947 13 3960 378 F: 13 
3950 11 3972 393 F: 11 
3952 7 3966 249 F: 3 4 
3955 11 3988 336 F: 5 6 
3965 9 3974 241 F: 3 2 4 
3968 4 3980 10 F: 2 2 
3975 9 3984 392 F: 9 
D: 31 252 
D: 36 127 
D: 36 163 
D: 38 66 
D: 39 210 
D: 39 354 
D: 46 393 
D: 54 387 
D: 55 161 
D: 55 261 
D: 59 122 
D: 67 299 
D: 68 333 
D: 71 216 
D: 73 132 
D: 81 367 
D: 84 380 
D: 89 291 
D: 93 278 
D: 97 326 
D: 108 383 
D: 124 304 
D: 130 158 
D: 149 345 
D: 154 172 
D: 160 315 
D: 166 188 
D: 171 394 
D: 175 319 
D: 182 259 
D: 209 374 
D: 212 244 
D: 223 330 
D: 256 280 
D: 261 321 
D: 271 368 
D: 288 325 
D: 350 384 
D: 352 385 
D: 358 379 
