3 2 7 400 F: 2 
9 5 29 104 F: 3 2 
12 2 14 284 F: 2 
13 7 41 145 F: 2 3 2 
25 10 65 67 F: 5 4 1 
38 8 70 224 F: 2 6 
56 10 96 387 F: 4 3 3 
62 8 94 331 F: 2 3 3 
75 10 105 370 F: 5 3 2 
98 13 111 298 F: 13 
101 4 117 368 F: 4 
104 11 148 116 F: 11 
108 8 124 17 F: 7 1 
122 10 142 88 F: 5 2 3 
158 5 178 276 F: 2 2 1 
170 9 197 362 F: 9 
170 9 206 124 F: 4 2 3 
172 10 212 174 F: 7 3 
180 8 196 79 F: 4 2 2 
194 11 216 121 F: 4 4 3 
205 10 225 109 F: 5 1 4 
206 7 234 347 F: 2 2 3 
206 9 233 73 F: 4 3 2 
216 10 226 87 F: 7 3 
218 7 232 136 F: 6 1 
222 8 238 160 F: 8 
224 12 248 89 F: 12 
253 6 271 88 F: 3 3 
272 13 298 74 F: 7 6 
292 9 328 155 F: 4 5 
301 8 325 150 F: 2 6 
304 3 307 283 F: 2 1 
337 12 373 99 F: 12 
340 7 354 43 F: 4 2 1 
340 8 372 117 F: 4 3 1 
343 11 365 155 F: 5 6 
349 5 359 58 F: 3 2 
354 8 386 380 F: 3 5 
369 5 389 177 F: 3 2 
393 4 401 109 F: 2 2 
421 10 461 77 F: 10 
423 7 444 215 F: 2 1 4 
430 4 446 275 F: 4 
456 7 477 373 F: 3 4 
460 10 490 152 F: 4 2 4 
474 8 490 291 F: 5 3 
485 10 515 279 F: 3 4 3 
487 4 491 253 F: 4 
487 12 499 399 F: 12 
491 7 498 323 F: 4 1 2 
501 12 513 347 F: 12 
521 6 539 382 F: 2 2 2 
531 7 545 123 F: 2 1 4 
531 9 558 22 F: 4 2 3 
534 8 542 144 F: 4 1 3 
535 5 555 287 F: 2 3 
541 7 569 314 F: 3 2 2 
566 10 586 88 F: 6 4 
571 6 589 209 F: 6 
580 7 594 303 F: 3 3 1 
617 10 627 241 F: 10 
645 9 663 368 F: 3 6 
656 9 683 67 F: 2 3 4 
661 7 668 234 F: 4 2 1 
669 2 671 359 F: 2 
673 11 695 374 F: 5 6 
687 6 693 222 F: 6 
689 3 698 22 F: 3 
691 10 701 16 F: 2 4 4 
697 3 706 124 F: 3 
702 8 718 280 F: 7 1 
721 8 737 206 F: 7 1 
737 9 755 129 F: 2 4 3 
747 10 787 168 F: 4 3 3 
769 2 777 378 F: 2 
769 6 793 207 F: 3 3 
773 2 775 398 F: 2 
778 9 814 386 F: 3 6 
783 10 793 273 F: 5 1 4 
796 7 824 379 F: 4 3 
801 2 805 189 F: 2 
801 6 807 176 F: 3 2 1 
803 6 815 350 F: 2 4 
808 8 832 287 F: 4 4 
814 7 828 261 F: 3 3 1 
819 5 834 134 F: 5 
821 4 825 64 F: 3 1 
832 8 840 220 F: 5 3 
856 6 868 283 F: 2 4 
870 8 894 40 F: 3 1 4 
912 10 952 326 F: 5 1 4 
915 10 925 68 F: 10 
928 10 948 31 F: 5 2 3 
941 4 953 294 F: 4 
941 10 981 212 F: 4 6 
942 12 966 19 F: 5 4 3 
951 13 990 67 F: 13 
952 13 965 230 F: 13 
970 5 990 36 F: 2 2 1 
979 12 1003 217 F: 5 3 4 
1002 5 1012 159 F: 4 1 
1005 5 1020 93 F: 5 
1008 4 1024 44 F: 3 1 
1027 13 1053 127 F: 13 
1047 7 1054 75 F: 4 1 2 
1048 12 1060 231 F: 4 4 4 
1055 3 1064 80 F: 3 
1071 6 1077 7 F: 6 
1075 9 1084 88 F: 4 2 3 
1092 9 1110 308 F: 4 5 
1111 8 1127 56 F: 5 3 
1131 7 1152 159 F: 6 1 
1136 13 1149 340 F: 7 6 
1142 6 1154 205 F: 2 2 2 
1151 12 1175 225 F: 4 4 4 
1153 11 1186 294 F: 11 
1155 7 1183 68 F: 3 3 1 
1167 8 1199 386 F: 7 1 
1175 8 1191 192 F: 4 2 2 
1188 2 1190 293 F: 2 
1201 8 1233 236 F: 7 1 
1204 12 1240 322 F: 12 
1206 7 1234 29 F: 7 
1224 7 1238 20 F: 3 2 2 
1246 6 1270 114 F: 6 
1251 9 1287 39 F: 4 1 4 
1276 8 1308 293 F: 5 3 
1289 7 1310 244 F: 4 3 
1296 9 1305 312 F: 3 6 
1299 7 1320 127 F: 2 2 3 
1307 4 1323 197 F: 3 1 
1315 10 1325 60 F: 5 5 
1328 8 1344 153 F: 8 
1337 3 1343 44 F: 3 
1346 7 1367 121 F: 3 4 
1357 8 1365 268 F: 3 4 1 
1363 8 1371 270 F: 4 2 2 
1379 13 1431 43 F: 7 6 
1381 12 1417 155 F: 12 
1399 2 1407 340 F: 2 
1405 8 1421 24 F: 5 1 2 
1407 6 1425 356 F: 3 3 
1410 11 1454 2 F: 5 6 
1413 11 1435 360 F: 5 3 3 
1422 13 1435 70 F: 13 
1455 8 1471 15 F: 2 2 4 
1457 7 1478 130 F: 2 4 1 
1460 10 1480 269 F: 4 6 
1475 7 1496 22 F: 2 5 
1498 10 1528 213 F: 5 5 
1505 9 1541 45 F: 2 4 3 
1533 5 1538 289 F: 4 1 
1537 9 1546 29 F: 2 3 4 
1546 9 1564 88 F: 4 5 
1554 7 1575 157 F: 2 4 1 
1557 8 1565 129 F: 5 3 
1560 9 1587 366 F: 9 
1566 7 1580 233 F: 7 
1584 11 1617 361 F: 6 5 
1588 13 1627 302 F: 13 
1606 5 1611 52 F: 5 
1616 8 1648 22 F: 8 
1627 6 1645 31 F: 3 3 
1628 12 1664 44 F: 6 6 
1654 7 1668 134 F: 2 2 3 
1664 12 1712 249 F: 6 6 
1673 9 1682 315 F: 4 5 
1682 13 1708 198 F: 5 4 4 
1684 8 1700 243 F: 2 3 3 
1698 8 1722 52 F: 8 
1708 5 1713 135 F: 5 
1713 10 1743 240 F: 4 6 
1713 13 1765 206 F: 13 
1715 11 1737 17 F: 4 3 4 
1745 11 1756 69 F: 5 3 3 
1760 9 1796 314 F: 9 
1769 9 1796 230 F: 7 2 
1773 3 1782 208 F: 3 
1782 10 1822 104 F: 4 4 2 
1795 5 1810 304 F: 3 2 
1803 12 1827 104 F: 6 6 
1811 9 1829 223 F: 2 3 4 
1820 8 1852 312 F: 4 3 1 
1830 8 1862 159 F: 8 
1840 8 1872 214 F: 8 
1844 12 1868 111 F: 12 
1854 5 1859 306 F: 2 3 
1889 9 1916 195 F: 7 2 
1892 7 1913 229 F: 2 4 1 
1894 8 1918 44 F: 3 3 2 
1912 4 1928 17 F: 2 1 1 
1925 8 1933 246 F: 5 1 2 
1938 8 1970 169 F: 2 6 
1957 12 1969 48 F: 6 6 
1964 6 1976 315 F: 3 3 
1967 12 1991 245 F: 5 4 3 
1969 7 1997 274 F: 3 2 2 
1971 5 1991 250 F: 5 
1978 11 1989 147 F: 4 4 3 
1999 10 2039 307 F: 4 2 4 
2008 7 2022 150 F: 2 2 3 
2008 8 2040 288 F: 8 
2025 4 2029 145 F: 4 
2038 9 2065 53 F: 6 3 
2074 10 2114 262 F: 4 6 
2080 11 2124 169 F: 7 4 
2082 7 2110 36 F: 6 1 
2087 9 2123 51 F: 9 
2090 9 2126 248 F: 4 1 4 
2091 7 2112 356 F: 3 4 
2100 9 2127 9 F: 5 3 1 
2122 7 2150 347 F: 7 
2134 5 2154 97 F: 2 1 2 
2147 3 2153 166 F: 3 
2148 9 2166 50 F: 4 3 2 
2156 9 2183 314 F: 3 6 
2161 6 2167 8 F: 3 3 
2169 9 2178 164 F: 3 4 2 
2178 10 2208 210 F: 5 1 4 
2183 6 2189 204 F: 6 
2212 12 2260 317 F: 12 
2217 5 2232 381 F: 5 
2219 8 2227 223 F: 7 1 
2221 11 2254 229 F: 5 6 
2237 12 2261 166 F: 6 6 
2254 7 2268 112 F: 2 4 1 
2268 7 2275 139 F: 3 4 
2271 8 2287 222 F: 5 3 
2273 4 2289 124 F: 2 2 
2276 2 2284 234 F: 2 
2307 8 2315 119 F: 4 1 3 
2313 5 2333 1 F: 5 
2314 10 2334 212 F: 5 4 1 
2345 13 2358 74 F: 13 
2353 12 2389 156 F: 12 
2364 8 2396 35 F: 3 2 3 
2371 3 2383 359 F: 2 1 
2373 9 2382 335 F: 3 6 
2386 12 2398 298 F: 5 4 3 
2399 13 2412 111 F: 13 
2408 12 2456 245 F: 7 5 
2410 3 2416 67 F: 2 1 
2420 11 2431 237 F: 11 
2425 10 2445 66 F: 7 3 
2446 10 2476 73 F: 7 3 
2452 8 2460 303 F: 4 4 
2452 10 2482 347 F: 4 6 
2485 11 2507 318 F: 6 5 
2488 6 2494 136 F: 4 2 
2491 2 2495 216 F: 2 
2523 9 2550 108 F: 5 4 
2526 6 2538 170 F: 3 2 1 
2539 5 2559 318 F: 2 3 
2540 8 2556 388 F: 3 4 1 
2541 9 2568 165 F: 4 3 2 
2547 7 2568 108 F: 4 3 
2548 6 2560 86 F: 2 3 1 
2553 6 2571 382 F: 6 
2567 9 2603 143 F: 4 4 1 
2590 9 2626 93 F: 6 3 
2606 8 2630 152 F: 6 2 
2608 8 2640 167 F: 5 3 
2629 9 2665 146 F: 4 5 
2636 8 2652 216 F: 6 2 
2656 3 2659 316 F: 3 
2661 7 2668 281 F: 5 2 
2666 12 2702 21 F: 12 
2673 7 2687 346 F: 2 4 1 
2681 9 2717 9 F: 3 3 3 
2686 5 2691 304 F: 5 
2718 11 2751 148 F: 6 5 
2720 5 2730 123 F: 5 
2725 9 2761 33 F: 3 2 4 
2729 6 2747 327 F: 3 2 1 
2735 2 2741 152 F: 2 
2741 10 2751 168 F: 5 1 4 
2750 2 2758 218 F: 2 
2770 7 2798 88 F: 3 4 
2793 10 2813 309 F: 5 4 1 
2797 4 2801 170 F: 2 2 
2816 5 2826 128 F: 5 
2830 6 2842 127 F: 4 1 1 
2832 6 2844 98 F: 4 2 
2832 8 2856 4 F: 6 2 
2838 3 2841 32 F: 2 1 
2851 8 2883 57 F: 5 3 
2863 4 2875 367 F: 3 1 
2867 8 2875 61 F: 3 1 4 
2877 10 2907 256 F: 2 4 4 
2882 12 2906 391 F: 6 6 
2904 6 2928 154 F: 6 
2904 11 2937 79 F: 6 5 
2928 5 2938 264 F: 5 
2940 12 2976 115 F: 5 3 4 
2942 5 2962 328 F: 4 1 
2953 7 2967 26 F: 3 4 
2975 4 2979 303 F: 4 
2989 8 3005 145 F: 2 4 2 
2997 3 3009 254 F: 2 1 
2998 10 3028 256 F: 10 
3004 9 3013 223 F: 9 
3007 6 3025 197 F: 3 3 
3009 9 3036 373 F: 3 2 4 
3014 7 3021 167 F: 2 1 4 
3026 9 3044 105 F: 4 3 2 
3064 9 3100 199 F: 3 6 
3079 12 3127 28 F: 4 4 4 
3083 11 3127 6 F: 7 4 
3088 9 3097 21 F: 2 3 4 
3095 9 3131 330 F: 4 5 
3107 6 3125 232 F: 3 2 1 
3109 8 3133 81 F: 5 1 2 
3114 8 3122 88 F: 4 1 3 
3126 10 3156 178 F: 7 3 
3128 6 3152 17 F: 3 1 2 
3134 9 3161 245 F: 7 2 
3135 5 3150 43 F: 3 1 1 
3139 2 3143 273 F: 2 
3153 10 3183 334 F: 4 3 3 
3160 2 3166 152 F: 2 
3209 9 3245 209 F: 9 
3224 10 3244 138 F: 4 4 2 
3234 4 3250 248 F: 3 1 
3234 7 3262 273 F: 6 1 
3235 6 3241 199 F: 6 
3246 8 3270 340 F: 3 5 
3262 7 3269 250 F: 2 5 
3281 8 3313 7 F: 7 1 
3295 6 3307 349 F: 4 2 
3295 8 3303 189 F: 2 3 3 
3300 10 3320 39 F: 5 2 3 
3312 9 3339 94 F: 3 4 2 
3349 8 3357 72 F: 6 2 
3351 11 3373 247 F: 11 
3352 13 3404 315 F: 5 4 4 
3372 7 3393 92 F: 7 
3373 5 3388 9 F: 2 3 
3379 9 3388 78 F: 6 3 
3379 10 3389 26 F: 5 3 2 
3389 9 3407 254 F: 4 5 
3412 13 3438 53 F: 13 
3413 7 3441 212 F: 7 
3413 10 3433 252 F: 5 5 
3424 8 3448 44 F: 8 
3429 11 3462 32 F: 3 4 4 
3431 2 3439 111 F: 2 
3475 4 3479 99 F: 4 
3489 8 3513 93 F: 8 
3491 2 3499 299 F: 2 
3492 5 3507 366 F: 5 
3509 10 3549 72 F: 2 4 4 
3529 6 3547 307 F: 4 2 
3531 7 3552 356 F: 6 1 
3536 6 3548 71 F: 2 1 3 
3540 13 3566 373 F: 13 
3547 11 3591 226 F: 11 
3553 9 3571 400 F: 3 2 4 
3568 7 3582 324 F: 5 1 1 
3584 4 3596 59 F: 2 2 
3592 10 3622 33 F: 10 
3601 4 3617 144 F: 4 
3602 10 3632 247 F: 3 4 3 
3627 7 3641 26 F: 3 1 3 
3643 5 3653 276 F: 5 
3645 6 3669 278 F: 3 3 
3658 12 3670 204 F: 7 5 
3667 9 3694 183 F: 5 1 3 
3675 8 3691 137 F: 8 
3680 7 3694 5 F: 7 
3688 12 3724 154 F: 6 6 
3701 10 3731 47 F: 3 3 4 
3706 7 3734 58 F: 7 
3717 11 3761 186 F: 11 
3720 12 3756 346 F: 12 
3738 9 3765 265 F: 4 3 2 
3742 10 3782 385 F: 10 
3742 12 3754 351 F: 5 4 3 
3776 4 3788 134 F: 4 
3777 6 3795 372 F: 6 
3791 7 3819 13 F: 5 2 
3809 11 3853 175 F: 6 5 
3841 6 3859 110 F: 6 
3845 8 3853 247 F: 3 5 
3852 12 3864 345 F: 12 
3855 9 3864 297 F: 9 
3857 7 3885 89 F: 7 
3867 13 3893 306 F: 13 
3869 6 3875 98 F: 3 3 
3873 12 3909 124 F: 12 
3878 6 3890 210 F: 4 2 
3929 13 3942 208 F: 7 6 
3934 3 3943 162 F: 3 
3944 13 3970 365 F: 13 
3948 7 3955 86 F: 3 2 2 
3976 10 4016 34 F: 4 2 4 
3984 6 3996 268 F: 3 1 2 
3985 5 3990 267 F: 3 2 
3989 11 4000 14 F: 5 6 
3990 10 4020 232 F: 3 3 4 
3997 6 4009 255 F: 4 1 1 
D: 3 358 
D: 13 62 
D: 17 243 
D: 17 310 
D: 22 260 
D: 25 65 
D: 30 81 
D: 34 356 
D: 35 117 
D: 53 213 
D: 54 335 
D: 57 276 
D: 60 219 
D: 63 193 
D: 80 347 
D: 82 205 
D: 105 349 
D: 109 291 
D: 110 134 
D: 115 196 
D: 117 136 
D: 118 176 
D: 127 193 
D: 128 237 
D: 135 183 
D: 148 220 
D: 157 188 
D: 172 355 
D: 179 250 
D: 181 239 
D: 181 270 
D: 190 323 
D: 192 245 
D: 203 367 
D: 219 298 
D: 287 356 
D: 310 362 
D: 341 398 
D: 353 371 
D: 369 381 
