4 9 22 229 F: 9 
25 13 51 177 F: 5 4 4 
34 6 40 58 F: 4 1 1 
44 2 46 99 F: 2 
60 4 72 354 F: 4 
73 13 125 247 F: 7 6 
76 11 87 19 F: 11 
79 12 91 135 F: 12 
92 8 116 18 F: 7 1 
93 8 109 343 F: 7 1 
107 8 131 284 F: 8 
112 9 121 236 F: 2 4 3 
125 8 133 108 F: 3 5 
145 12 157 318 F: 5 4 3 
147 8 163 356 F: 8 
166 5 171 48 F: 2 3 
188 10 208 329 F: 3 3 4 
194 11 227 302 F: 5 3 3 
196 9 205 53 F: 9 
197 8 221 255 F: 3 1 4 
207 9 243 148 F: 6 3 
210 9 219 199 F: 7 2 
212 4 228 373 F: 2 1 1 
228 10 258 158 F: 7 3 
233 6 257 360 F: 3 2 1 
234 6 258 302 F: 6 
287 6 293 49 F: 3 2 1 
289 8 321 306 F: 2 6 
296 10 336 126 F: 7 3 
298 12 346 22 F: 7 5 
310 6 334 34 F: 4 1 1 
310 8 342 244 F: 4 4 
311 4 327 24 F: 4 
329 6 335 35 F: 3 1 2 
333 8 349 118 F: 3 4 1 
359 7 373 367 F: 5 2 
374 11 418 181 F: 4 4 3 
382 7 403 396 F: 6 1 
387 9 423 93 F: 6 3 
394 8 402 145 F: 8 
407 8 431 138 F: 5 2 1 
418 6 436 167 F: 2 4 
425 12 461 129 F: 12 
429 12 465 267 F: 12 
430 6 448 252 F: 5 1 
438 11 460 175 F: 7 4 
464 6 488 130 F: 4 2 
483 6 501 310 F: 2 3 1 
487 7 515 144 F: 3 2 2 
487 13 513 72 F: 7 6 
521 4 533 277 F: 4 
537 5 542 379 F: 4 1 
537 8 569 119 F: 5 3 
542 8 566 36 F: 2 2 4 
546 7 553 89 F: 4 3 
547 10 557 156 F: 4 6 
569 6 593 250 F: 4 2 
571 11 604 183 F: 5 4 2 
595 9 613 15 F: 4 1 4 
598 11 642 392 F: 5 6 
605 8 637 386 F: 4 4 
625 7 632 338 F: 2 2 3 
625 10 665 160 F: 5 2 3 
628 11 650 120 F: 11 
631 10 661 138 F: 10 
645 9 681 311 F: 9 
658 8 674 136 F: 3 5 
674 8 698 72 F: 5 3 
674 12 698 326 F: 12 
682 9 700 148 F: 5 4 
702 10 722 10 F: 6 4 
723 10 733 13 F: 5 4 1 
724 4 736 59 F: 4 
741 12 753 115 F: 12 
742 11 753 99 F: 5 3 3 
748 6 772 379 F: 6 
766 7 773 53 F: 7 
787 7 794 3 F: 2 4 1 
792 5 797 269 F: 3 2 
796 11 807 349 F: 5 3 3 
800 10 840 5 F: 5 3 2 
821 9 830 189 F: 9 
829 10 869 47 F: 7 3 
830 6 836 199 F: 4 2 
838 9 874 376 F: 9 
862 8 870 345 F: 3 4 1 
862 11 906 10 F: 7 4 
877 7 891 165 F: 7 
884 5 899 183 F: 5 
886 2 894 280 F: 2 
917 9 953 116 F: 4 5 
919 6 937 280 F: 3 1 2 
927 10 957 347 F: 7 3 
937 8 961 339 F: 4 1 3 
942 7 956 114 F: 4 2 1 
956 6 968 306 F: 3 1 2 
966 5 971 117 F: 5 
971 4 975 141 F: 4 
973 11 984 265 F: 11 
985 3 994 359 F: 3 
1023 9 1059 99 F: 7 2 
1026 12 1050 330 F: 12 
1035 8 1059 159 F: 8 
1039 4 1051 94 F: 2 1 1 
1041 2 1043 196 F: 2 
1042 3 1045 158 F: 3 
1061 12 1073 147 F: 12 
1078 6 1084 90 F: 2 3 1 
1083 3 1095 229 F: 3 
1089 10 1129 328 F: 4 6 
1115 12 1163 32 F: 4 4 4 
1122 2 1130 245 F: 2 
1129 9 1156 274 F: 9 
1149 8 1157 50 F: 8 
1177 5 1187 208 F: 2 3 
1178 4 1190 80 F: 4 
1179 10 1209 217 F: 5 5 
1180 12 1216 379 F: 7 5 
1191 6 1215 72 F: 3 3 
1192 8 1224 348 F: 3 5 
1237 6 1255 69 F: 2 3 1 
1239 8 1263 29 F: 4 2 2 
1250 10 1260 290 F: 2 4 4 
1258 12 1270 291 F: 12 
1259 10 1299 329 F: 4 6 
1263 3 1275 283 F: 3 
1268 6 1286 137 F: 4 1 1 
1268 8 1284 247 F: 3 5 
1270 6 1294 313 F: 2 1 3 
1271 3 1283 32 F: 3 
1305 10 1315 1 F: 5 1 4 
1313 5 1328 397 F: 5 
1338 9 1374 53 F: 5 3 1 
1354 7 1368 196 F: 4 2 1 
1355 9 1364 104 F: 4 4 1 
1365 8 1373 342 F: 4 4 
1376 9 1403 107 F: 5 4 
1377 8 1401 309 F: 2 2 4 
1393 12 1417 316 F: 12 
1397 12 1421 165 F: 6 6 
1407 10 1417 286 F: 10 
1410 10 1430 332 F: 10 
1437 9 1446 94 F: 6 3 
1457 5 1477 343 F: 5 
1466 7 1473 207 F: 7 
1466 8 1474 343 F: 5 2 1 
1470 8 1478 381 F: 8 
1479 3 1482 73 F: 2 1 
1495 11 1517 318 F: 11 
1499 7 1520 297 F: 4 2 1 
1501 11 1545 332 F: 4 3 4 
1504 3 1507 7 F: 3 
1526 4 1542 322 F: 4 
1526 6 1532 15 F: 6 
1533 5 1543 264 F: 3 2 
1570 7 1584 173 F: 7 
1574 2 1582 258 F: 2 
1577 11 1588 115 F: 5 2 4 
1582 8 1598 281 F: 3 3 2 
1595 6 1607 343 F: 2 1 3 
1605 10 1645 185 F: 4 3 3 
1609 7 1623 277 F: 6 1 
1629 6 1635 370 F: 6 
1639 4 1643 216 F: 4 
1642 6 1648 193 F: 4 2 
1655 12 1667 254 F: 7 5 
1660 8 1676 245 F: 2 6 
1666 9 1693 128 F: 4 3 2 
1687 5 1702 287 F: 2 1 2 
1695 10 1735 165 F: 5 5 
1711 9 1720 170 F: 5 1 3 
1727 5 1747 207 F: 5 
1744 7 1751 72 F: 7 
1745 9 1754 332 F: 3 3 3 
1750 9 1777 189 F: 5 1 3 
1754 7 1782 142 F: 6 1 
1760 7 1781 230 F: 2 3 2 
1768 6 1786 79 F: 2 4 
1775 13 1827 140 F: 5 4 4 
1782 7 1810 200 F: 2 1 4 
1813 5 1828 175 F: 4 1 
1831 3 1840 362 F: 3 
1857 9 1884 380 F: 9 
1860 8 1892 249 F: 8 
1871 8 1903 211 F: 4 4 
1874 12 1898 296 F: 12 
1876 11 1887 72 F: 7 4 
1880 6 1892 6 F: 3 3 
1885 9 1921 352 F: 4 5 
1889 6 1901 256 F: 3 3 
1903 9 1912 221 F: 6 3 
1917 4 1933 30 F: 2 1 1 
1946 10 1976 131 F: 10 
1948 8 1964 18 F: 4 4 
1959 6 1977 232 F: 5 1 
1968 8 2000 3 F: 2 3 3 
1979 3 1985 40 F: 3 
1994 5 1999 2 F: 5 
1996 9 2005 145 F: 3 6 
1997 9 2033 73 F: 4 4 1 
2000 8 2024 329 F: 4 3 1 
2015 10 2045 393 F: 4 6 
2027 8 2059 268 F: 8 
2032 6 2050 52 F: 4 1 1 
2034 10 2054 223 F: 6 4 
2042 12 2066 133 F: 12 
2057 2 2061 141 F: 2 
2068 7 2096 391 F: 2 5 
2070 12 2106 136 F: 12 
2090 9 2126 348 F: 4 3 2 
2110 10 2120 272 F: 7 3 
2114 6 2126 156 F: 2 3 1 
2119 9 2128 306 F: 9 
2122 9 2140 302 F: 4 5 
2137 7 2165 157 F: 7 
2144 8 2168 250 F: 5 3 
2150 3 2153 373 F: 3 
2185 8 2209 317 F: 8 
2191 7 2219 205 F: 2 5 
2198 10 2218 255 F: 5 3 2 
2209 6 2221 130 F: 5 1 
2223 12 2271 53 F: 12 
2226 12 2274 95 F: 12 
2233 8 2241 290 F: 8 
2239 10 2269 220 F: 3 4 3 
2246 10 2286 141 F: 4 6 
2246 12 2270 162 F: 12 
2253 3 2259 227 F: 3 
2258 13 2297 275 F: 13 
2270 4 2274 104 F: 2 2 
2302 7 2309 287 F: 5 1 1 
2323 10 2353 305 F: 6 4 
2326 7 2340 76 F: 2 5 
2332 4 2336 192 F: 4 
2346 7 2353 274 F: 3 3 1 
2350 9 2386 91 F: 4 4 1 
2366 10 2396 266 F: 5 3 2 
2387 8 2419 342 F: 8 
2392 8 2400 137 F: 5 3 
2393 2 2395 192 F: 2 
2419 9 2455 55 F: 7 2 
2440 8 2472 236 F: 2 6 
2444 7 2472 393 F: 7 
2453 10 2493 334 F: 10 
2461 7 2468 138 F: 3 2 2 
2464 5 2479 262 F: 2 3 
2465 10 2505 215 F: 4 4 2 
2478 7 2485 18 F: 5 1 1 
2482 10 2492 132 F: 3 3 4 
2494 12 2506 333 F: 12 
2519 7 2547 56 F: 7 
2520 8 2528 46 F: 3 4 1 
2523 2 2529 13 F: 2 
2526 4 2530 56 F: 4 
2527 8 2535 4 F: 7 1 
2566 4 2574 337 F: 3 1 
2572 13 2598 243 F: 7 6 
2581 8 2605 88 F: 8 
2589 9 2625 348 F: 9 
2598 10 2638 161 F: 4 6 
2601 5 2606 95 F: 3 2 
2604 10 2624 122 F: 5 4 1 
2616 9 2643 290 F: 7 2 
2616 12 2652 201 F: 12 
2644 7 2651 54 F: 2 5 
2655 8 2671 349 F: 5 3 
2658 11 2680 366 F: 5 6 
2668 3 2674 248 F: 3 
2673 8 2705 255 F: 3 5 
2680 6 2698 172 F: 2 4 
2702 9 2738 215 F: 9 
2704 8 2712 375 F: 2 2 4 
2741 7 2748 307 F: 6 1 
2744 12 2792 146 F: 5 4 3 
2754 7 2782 369 F: 6 1 
2757 8 2773 316 F: 3 5 
2758 7 2786 281 F: 2 1 4 
2773 8 2781 91 F: 8 
2779 6 2803 277 F: 6 
2790 5 2800 101 F: 5 
2807 11 2840 155 F: 11 
2809 2 2811 48 F: 2 
2819 8 2827 119 F: 2 2 4 
2828 7 2849 223 F: 7 
2835 2 2841 240 F: 2 
2840 12 2876 186 F: 12 
2851 7 2879 235 F: 5 2 
2855 5 2860 321 F: 2 2 1 
2871 10 2911 223 F: 10 
2883 6 2907 144 F: 2 4 
2915 10 2925 388 F: 3 3 4 
2918 9 2927 109 F: 9 
2930 8 2946 267 F: 5 3 
2946 9 2973 205 F: 4 4 1 
2955 7 2962 352 F: 5 1 1 
2958 2 2964 259 F: 2 
2963 7 2970 308 F: 7 
2965 9 2974 365 F: 3 2 4 
2974 10 2994 13 F: 5 3 2 
2975 6 2999 365 F: 6 
3002 9 3038 313 F: 5 4 
3034 6 3040 184 F: 4 2 
3048 5 3068 393 F: 2 2 1 
3056 8 3088 273 F: 4 4 
3057 13 3083 391 F: 13 
3078 2 3080 360 F: 2 
3083 2 3091 214 F: 2 
3084 10 3094 330 F: 5 5 
3089 7 3103 133 F: 2 4 1 
3095 6 3101 51 F: 6 
3106 3 3112 276 F: 3 
3107 5 3127 187 F: 5 
3110 5 3130 259 F: 5 
3111 8 3135 212 F: 2 4 2 
3121 5 3141 370 F: 2 3 
3122 3 3128 117 F: 3 
3144 4 3160 182 F: 4 
3147 4 3155 234 F: 4 
3159 10 3189 101 F: 5 4 1 
3174 11 3207 86 F: 5 4 2 
3211 6 3235 33 F: 5 1 
3220 8 3236 236 F: 2 4 2 
3222 3 3234 222 F: 2 1 
3234 8 3250 311 F: 8 
3242 6 3260 72 F: 6 
3256 4 3264 220 F: 3 1 
3259 9 3277 149 F: 9 
3269 10 3289 112 F: 5 5 
3286 7 3300 127 F: 6 1 
3290 10 3320 58 F: 10 
3301 2 3303 265 F: 2 
3308 9 3335 295 F: 2 4 3 
3310 10 3330 360 F: 10 
3340 7 3368 87 F: 2 5 
3352 12 3376 170 F: 4 4 4 
3360 8 3376 118 F: 4 4 
3367 6 3385 96 F: 4 2 
3371 6 3389 82 F: 3 2 1 
3384 6 3402 75 F: 6 
3389 6 3413 13 F: 2 4 
3427 9 3463 114 F: 2 3 4 
3431 8 3447 192 F: 4 3 1 
3436 8 3468 394 F: 2 2 4 
3440 10 3460 377 F: 10 
3443 7 3450 324 F: 2 1 4 
3453 7 3460 44 F: 2 3 2 
3469 10 3499 2 F: 3 4 3 
3473 4 3485 282 F: 4 
3481 9 3490 54 F: 5 3 1 
3499 11 3543 55 F: 5 6 
3505 11 3549 274 F: 5 4 2 
3505 12 3553 232 F: 6 6 
3511 9 3547 93 F: 6 3 
3526 7 3547 302 F: 2 4 1 
3528 10 3568 114 F: 10 
3529 8 3561 288 F: 4 2 2 
3534 9 3543 328 F: 5 1 3 
3542 3 3551 306 F: 3 
3549 11 3560 267 F: 6 5 
3572 10 3602 54 F: 5 2 3 
3608 11 3652 84 F: 11 
3624 9 3633 338 F: 7 2 
3624 11 3646 222 F: 3 4 4 
3648 12 3696 265 F: 7 5 
3649 7 3663 132 F: 4 3 
3660 6 3666 342 F: 6 
3663 5 3678 118 F: 5 
3676 8 3708 293 F: 7 1 
3677 11 3699 81 F: 3 4 4 
3699 4 3703 272 F: 4 
3702 7 3730 325 F: 4 3 
3706 10 3736 177 F: 10 
3722 10 3732 167 F: 5 2 3 
3727 9 3754 143 F: 3 2 4 
3733 8 3765 210 F: 2 6 
3735 10 3765 377 F: 3 3 4 
3738 12 3762 194 F: 7 5 
3768 8 3776 178 F: 4 4 
3779 9 3788 267 F: 6 3 
3792 6 3816 212 F: 2 4 
3800 6 3824 100 F: 2 4 
3832 5 3847 227 F: 5 
3833 11 3866 211 F: 5 4 2 
3844 13 3857 84 F: 7 6 
3854 4 3858 22 F: 2 2 
3854 9 3881 364 F: 3 6 
3856 7 3870 52 F: 7 
3874 7 3888 231 F: 3 3 1 
3881 7 3909 58 F: 2 3 2 
3889 9 3907 114 F: 2 3 4 
3910 8 3918 336 F: 4 4 
3915 8 3939 176 F: 2 4 2 
3915 11 3948 102 F: 5 6 
3924 11 3935 218 F: 4 4 3 
3938 12 3962 17 F: 6 6 
3945 3 3948 368 F: 3 
3952 13 3965 208 F: 7 6 
3962 9 3998 117 F: 3 2 4 
3976 13 3989 169 F: 13 
3988 13 4014 271 F: 13 
D: 3 300 
D: 6 83 
D: 7 105 
D: 7 362 
D: 8 19 
D: 16 180 
D: 21 316 
D: 27 364 
D: 47 102 
D: 55 339 
D: 61 316 
D: 66 254 
D: 73 347 
D: 74 151 
D: 87 331 
D: 92 396 
D: 100 194 
D: 103 385 
D: 109 129 
D: 115 206 
D: 117 217 
D: 122 234 
D: 127 216 
D: 131 353 
D: 137 184 
D: 137 278 
D: 139 208 
D: 148 216 
D: 161 315 
D: 172 247 
D: 172 309 
D: 178 338 
D: 192 370 
D: 219 330 
D: 225 313 
D: 239 293 
D: 241 318 
D: 257 285 
D: 327 382 
D: 371 373 
