2 6 8 31 F: 2 2 2 
22 10 42 5 F: 10 
26 7 54 24 F: 5 2 
32 11 54 19 F: 7 4 
36 7 43 26 F: 7 
70 13 83 8 F: 13 
76 10 116 40 F: 5 1 4 
83 10 123 42 F: 4 4 2 
91 6 103 16 F: 6 
97 5 112 30 F: 5 
100 10 120 20 F: 10 
111 11 133 30 F: 5 2 4 
119 10 129 28 F: 2 4 4 
122 10 152 48 F: 7 3 
130 9 148 13 F: 5 1 3 
158 4 174 8 F: 4 
158 11 169 30 F: 7 4 
164 7 192 37 F: 3 3 1 
184 13 210 28 F: 7 6 
198 7 219 12 F: 3 3 1 
205 10 235 39 F: 4 3 3 
206 10 246 43 F: 10 
215 8 239 18 F: 2 2 4 
215 10 245 19 F: 10 
237 6 261 33 F: 6 
244 5 264 21 F: 2 3 
249 13 275 20 F: 13 
273 7 301 24 F: 3 3 1 
275 4 287 47 F: 4 
298 5 318 28 F: 4 1 
309 10 319 35 F: 5 2 3 
323 7 337 14 F: 2 4 1 
327 4 343 45 F: 4 
333 9 369 10 F: 5 1 3 
350 9 377 1 F: 5 4 
352 8 360 14 F: 5 1 2 
353 10 393 28 F: 3 4 3 
355 10 365 19 F: 4 2 4 
360 11 393 45 F: 11 
380 8 404 3 F: 5 3 
439 5 454 41 F: 5 
446 7 474 21 F: 4 1 2 
449 10 489 30 F: 2 4 4 
450 9 486 41 F: 7 2 
456 8 480 9 F: 3 5 
469 7 476 24 F: 2 5 
489 5 509 49 F: 5 
497 5 512 15 F: 5 
497 9 506 17 F: 6 3 
499 7 527 8 F: 4 1 2 
D: 6 36 
D: 7 26 
D: 7 47 
D: 17 30 
D: 30 43 
