0 10 10 37 F: 2 4 4 
4 9 31 25 F: 9 
15 13 28 19 F: 13 
18 8 42 30 F: 7 1 
21 7 35 36 F: 6 1 
21 11 54 30 F: 3 4 4 
27 7 55 40 F: 3 3 1 
33 2 41 9 F: 2 
56 8 80 15 F: 7 1 
95 7 102 41 F: 7 
107 10 117 45 F: 6 4 
111 8 127 3 F: 5 2 1 
114 7 128 36 F: 6 1 
143 11 187 15 F: 11 
144 10 164 19 F: 7 3 
157 10 167 32 F: 10 
166 3 175 48 F: 2 1 
166 7 180 48 F: 6 1 
181 7 188 30 F: 2 4 1 
188 6 212 15 F: 3 2 1 
211 6 229 10 F: 2 1 3 
236 8 244 49 F: 3 3 2 
249 4 261 22 F: 4 
250 10 260 4 F: 10 
252 4 268 22 F: 4 
255 11 277 5 F: 11 
262 5 272 39 F: 3 2 
266 8 274 1 F: 8 
278 6 284 27 F: 4 2 
295 6 301 12 F: 3 1 2 
304 8 312 41 F: 3 3 2 
310 8 326 30 F: 4 4 
312 3 315 31 F: 3 
319 11 330 7 F: 3 4 4 
340 4 344 44 F: 4 
358 4 374 47 F: 2 1 1 
365 9 383 34 F: 4 5 
385 5 395 23 F: 3 1 1 
391 4 395 49 F: 4 
395 5 400 5 F: 5 
400 7 428 41 F: 3 4 
408 11 430 43 F: 5 2 4 
411 5 431 49 F: 4 1 
411 13 424 24 F: 13 
412 8 444 16 F: 8 
424 4 432 44 F: 4 
424 7 445 40 F: 3 4 
458 2 460 7 F: 2 
485 5 505 29 F: 3 2 
492 13 505 44 F: 13 
D: 2 45 
D: 3 25 
D: 18 32 
D: 37 39 
D: 38 46 
