16 8 48 237 F: 4 3 1 
36 6 48 84 F: 6 
41 9 50 285 F: 3 6 
46 9 64 351 F: 5 4 
55 10 65 483 F: 5 5 
65 9 74 29 F: 3 6 
69 9 78 279 F: 4 4 1 
75 12 111 428 F: 4 4 4 
82 9 109 82 F: 4 3 2 
88 2 92 470 F: 2 
109 13 135 408 F: 13 
152 12 164 148 F: 7 5 
168 12 204 103 F: 7 5 
171 8 203 450 F: 4 2 2 
171 9 198 284 F: 9 
174 10 204 292 F: 5 3 2 
181 13 207 368 F: 7 6 
183 8 199 189 F: 2 2 4 
189 8 221 41 F: 5 3 
198 10 208 113 F: 5 5 
202 6 214 450 F: 6 
202 9 220 351 F: 6 3 
216 10 246 121 F: 7 3 
228 7 242 477 F: 7 
235 8 259 251 F: 7 1 
239 7 267 273 F: 6 1 
263 10 273 463 F: 10 
279 12 327 308 F: 12 
283 8 291 248 F: 4 4 
290 8 322 80 F: 2 3 3 
310 7 324 328 F: 7 
326 2 332 442 F: 2 
337 6 361 219 F: 5 1 
341 5 351 196 F: 2 3 
362 7 376 140 F: 5 2 
362 10 382 436 F: 5 4 1 
382 9 391 461 F: 3 6 
388 7 402 92 F: 7 
390 9 426 114 F: 5 2 2 
390 12 402 304 F: 12 
401 6 425 288 F: 3 2 1 
414 7 442 435 F: 2 5 
418 6 442 62 F: 3 1 2 
422 11 466 455 F: 4 3 4 
429 9 447 348 F: 4 1 4 
431 7 438 254 F: 4 3 
467 6 491 330 F: 4 2 
478 7 485 128 F: 2 5 
489 9 507 490 F: 3 6 
492 9 501 156 F: 3 4 2 
500 4 512 234 F: 4 
514 9 523 110 F: 3 6 
514 13 553 398 F: 13 
521 8 537 376 F: 8 
537 12 549 245 F: 12 
539 10 569 307 F: 5 5 
543 8 567 223 F: 2 4 2 
544 9 571 179 F: 5 3 1 
597 8 629 400 F: 6 2 
597 10 627 472 F: 3 4 3 
601 9 610 434 F: 9 
601 10 621 90 F: 5 1 4 
603 8 619 283 F: 5 3 
613 10 653 365 F: 5 2 3 
616 8 640 471 F: 5 2 1 
630 9 648 42 F: 3 2 4 
649 4 661 18 F: 3 1 
664 9 700 80 F: 4 5 
669 13 695 287 F: 13 
674 8 690 308 F: 2 2 4 
723 11 734 303 F: 11 
741 3 753 420 F: 3 
741 9 777 65 F: 4 4 1 
760 8 768 451 F: 5 3 
762 5 782 230 F: 5 
769 9 805 241 F: 4 1 4 
770 9 806 169 F: 6 3 
774 10 784 202 F: 10 
779 8 811 69 F: 2 6 
790 10 800 135 F: 5 5 
804 4 812 481 F: 4 
823 7 837 422 F: 4 3 
826 8 842 408 F: 8 
838 10 868 199 F: 6 4 
842 7 849 28 F: 5 1 1 
842 11 853 336 F: 4 4 3 
856 8 880 247 F: 7 1 
859 3 862 113 F: 2 1 
863 10 903 225 F: 10 
899 11 921 419 F: 4 3 4 
903 6 927 96 F: 6 
906 11 917 452 F: 6 5 
911 3 923 322 F: 2 1 
934 9 961 354 F: 6 3 
940 9 958 199 F: 7 2 
941 12 977 257 F: 12 
963 8 979 264 F: 2 6 
967 5 977 251 F: 5 
973 7 1001 16 F: 7 
991 5 1011 147 F: 5 
1008 7 1022 349 F: 5 1 1 
1028 6 1040 10 F: 6 
1054 4 1062 321 F: 3 1 
1055 3 1058 269 F: 3 
1056 4 1072 435 F: 4 
1056 10 1096 271 F: 3 3 4 
1073 5 1078 334 F: 5 
1077 6 1083 178 F: 3 2 1 
1083 3 1086 382 F: 3 
1092 2 1100 463 F: 2 
1143 13 1156 464 F: 13 
1151 7 1179 317 F: 7 
1157 13 1183 140 F: 13 
1159 10 1199 393 F: 5 5 
1162 10 1202 482 F: 6 4 
1176 9 1212 146 F: 9 
1181 6 1205 271 F: 4 2 
1182 9 1200 406 F: 4 4 1 
1187 4 1191 20 F: 4 
1188 7 1202 134 F: 2 1 4 
1201 9 1237 340 F: 5 4 
1209 5 1214 121 F: 4 1 
1211 3 1223 458 F: 3 
1213 13 1265 440 F: 7 6 
1239 13 1278 275 F: 13 
1251 9 1269 271 F: 9 
1261 12 1297 356 F: 4 4 4 
1265 13 1317 226 F: 13 
1277 2 1283 295 F: 2 
1299 7 1320 8 F: 5 2 
1300 13 1326 464 F: 13 
1318 10 1338 148 F: 6 4 
1325 6 1349 367 F: 4 1 1 
1349 9 1358 255 F: 3 2 4 
1354 8 1378 342 F: 5 3 
1356 9 1365 341 F: 9 
1358 9 1394 203 F: 6 3 
1363 8 1395 269 F: 5 3 
1382 5 1397 495 F: 4 1 
1391 5 1396 347 F: 2 1 2 
1417 8 1433 260 F: 5 3 
1421 5 1426 34 F: 3 2 
1422 6 1434 149 F: 6 
1423 3 1435 172 F: 3 
1429 2 1435 43 F: 2 
1429 11 1451 493 F: 5 3 3 
1451 5 1456 184 F: 3 2 
1477 8 1501 135 F: 4 4 
1488 3 1497 217 F: 3 
1490 9 1526 261 F: 3 6 
1507 7 1528 130 F: 4 1 2 
1510 5 1525 146 F: 3 1 1 
1525 13 1577 348 F: 13 
1527 5 1547 36 F: 5 
1529 9 1556 218 F: 5 2 2 
1547 9 1556 404 F: 2 3 4 
1574 11 1618 346 F: 11 
1582 6 1606 228 F: 4 2 
1586 7 1614 168 F: 5 1 1 
1587 9 1596 338 F: 6 3 
1601 8 1633 120 F: 2 6 
1624 10 1664 290 F: 10 
1651 7 1672 90 F: 6 1 
1656 8 1688 192 F: 3 5 
1659 9 1668 135 F: 7 2 
1665 5 1675 185 F: 5 
1672 8 1704 261 F: 2 2 4 
1678 8 1702 16 F: 6 2 
1684 9 1693 147 F: 2 4 3 
1690 12 1738 226 F: 7 5 
1716 6 1722 400 F: 6 
1721 11 1765 294 F: 6 5 
1726 8 1758 44 F: 7 1 
1733 12 1757 48 F: 12 
1744 5 1749 477 F: 5 
1747 11 1769 401 F: 11 
1748 8 1764 165 F: 2 6 
1766 9 1784 466 F: 3 6 
1776 6 1782 246 F: 6 
1778 8 1802 194 F: 2 3 3 
1809 5 1824 358 F: 2 3 
1825 3 1831 43 F: 3 
1832 9 1868 204 F: 3 3 3 
1860 3 1869 239 F: 3 
1862 9 1880 58 F: 3 4 2 
1867 5 1882 97 F: 5 
1867 9 1876 460 F: 6 3 
1868 7 1875 83 F: 3 4 
1868 10 1908 11 F: 10 
1887 7 1894 269 F: 3 4 
1902 6 1926 497 F: 3 2 1 
1907 9 1934 360 F: 5 3 1 
1908 9 1944 209 F: 3 4 2 
1967 13 2019 20 F: 7 6 
1977 7 2005 199 F: 3 3 1 
1978 4 1986 453 F: 2 2 
1982 6 1994 351 F: 4 1 1 
1983 3 1989 237 F: 3 
1985 7 1999 44 F: 2 4 1 
1996 11 2007 191 F: 4 3 4 
2023 5 2028 302 F: 4 1 
2033 10 2053 322 F: 5 4 1 
2036 9 2063 500 F: 3 3 3 
2052 7 2073 427 F: 7 
2066 6 2072 187 F: 2 1 3 
2067 5 2072 414 F: 5 
2078 8 2086 28 F: 4 3 1 
2088 12 2112 331 F: 7 5 
2090 2 2092 211 F: 2 
2093 3 2105 442 F: 3 
2100 6 2118 381 F: 6 
2102 13 2141 78 F: 13 
2103 8 2119 271 F: 2 4 2 
2108 11 2119 205 F: 5 6 
2150 10 2170 295 F: 6 4 
2177 12 2213 17 F: 12 
2179 10 2219 410 F: 6 4 
2186 6 2198 85 F: 2 3 1 
2192 13 2205 413 F: 7 6 
2198 11 2220 409 F: 4 3 4 
2204 11 2248 118 F: 11 
2206 2 2208 20 F: 2 
2206 11 2228 196 F: 5 2 4 
2226 7 2254 227 F: 3 3 1 
2235 12 2271 194 F: 12 
2264 6 2270 76 F: 6 
2267 12 2315 249 F: 12 
2277 13 2290 468 F: 5 4 4 
2282 10 2322 352 F: 5 1 4 
2299 6 2323 466 F: 5 1 
2315 10 2345 309 F: 2 4 4 
2316 4 2324 103 F: 4 
2347 10 2377 214 F: 4 6 
2350 12 2398 423 F: 12 
2357 4 2373 87 F: 2 1 1 
2360 9 2396 366 F: 3 6 
2374 9 2410 319 F: 9 
2379 3 2385 469 F: 3 
2382 8 2390 491 F: 2 6 
2392 11 2414 453 F: 11 
2407 10 2437 238 F: 10 
2424 7 2452 160 F: 3 4 
2430 12 2442 468 F: 12 
2445 5 2465 35 F: 2 2 1 
2447 8 2479 215 F: 3 1 4 
2478 2 2482 479 F: 2 
2482 6 2500 310 F: 6 
2485 10 2495 174 F: 4 3 3 
2491 5 2511 92 F: 3 2 
2493 10 2513 454 F: 3 3 4 
2500 11 2522 276 F: 6 5 
2504 6 2522 43 F: 2 3 1 
2513 8 2521 384 F: 8 
2523 4 2527 133 F: 4 
2554 7 2582 104 F: 4 3 
2556 3 2565 65 F: 3 
2566 11 2599 248 F: 6 5 
2572 9 2599 359 F: 7 2 
2581 12 2629 301 F: 6 6 
2583 3 2589 363 F: 3 
2600 6 2612 38 F: 3 1 2 
2601 9 2610 170 F: 4 4 1 
2614 10 2644 374 F: 10 
2626 10 2646 206 F: 10 
2654 6 2678 170 F: 2 4 
2663 2 2667 273 F: 2 
2666 8 2674 191 F: 3 3 2 
2666 8 2674 203 F: 6 2 
2675 8 2699 405 F: 8 
2693 9 2729 202 F: 4 3 2 
2707 11 2751 336 F: 3 4 4 
2712 10 2752 127 F: 5 2 3 
2713 6 2737 499 F: 5 1 
2716 8 2740 362 F: 2 6 
2740 5 2760 283 F: 3 1 1 
2748 11 2759 403 F: 4 4 3 
2751 3 2760 464 F: 2 1 
2764 2 2770 165 F: 2 
2787 2 2795 361 F: 2 
2794 6 2812 318 F: 3 3 
2802 8 2810 500 F: 4 4 
2813 13 2826 11 F: 7 6 
2819 9 2828 257 F: 9 
2846 9 2864 107 F: 4 4 1 
2851 11 2873 231 F: 5 6 
2857 7 2878 491 F: 2 4 1 
2858 13 2884 394 F: 13 
2860 11 2904 256 F: 5 6 
2875 8 2891 326 F: 8 
2895 12 2931 440 F: 7 5 
2909 6 2927 460 F: 5 1 
2928 2 2932 377 F: 2 
2934 9 2943 12 F: 9 
2940 10 2980 479 F: 5 1 4 
2946 8 2978 348 F: 7 1 
2952 9 2970 373 F: 9 
2957 9 2984 23 F: 3 6 
2970 3 2976 6 F: 3 
2988 5 2998 87 F: 2 3 
2992 10 3002 220 F: 5 3 2 
3017 8 3041 500 F: 3 3 2 
3017 11 3039 448 F: 4 3 4 
3049 9 3067 286 F: 2 4 3 
3052 4 3056 307 F: 4 
3067 7 3074 362 F: 5 2 
3082 10 3092 52 F: 5 2 3 
3087 7 3115 474 F: 2 1 4 
3090 9 3126 117 F: 7 2 
3091 5 3106 284 F: 5 
3098 13 3150 96 F: 7 6 
3102 3 3105 356 F: 3 
3127 5 3137 83 F: 2 3 
3132 5 3147 425 F: 2 3 
3147 4 3163 388 F: 4 
3147 9 3156 342 F: 4 2 3 
3158 5 3173 364 F: 3 2 
3158 13 3210 1 F: 13 
3162 12 3210 444 F: 6 6 
3182 12 3230 194 F: 12 
3194 4 3198 23 F: 4 
3203 11 3214 171 F: 11 
3237 5 3252 27 F: 4 1 
3243 9 3270 165 F: 7 2 
3244 8 3260 434 F: 8 
3272 11 3294 74 F: 5 4 2 
3274 11 3307 345 F: 5 4 2 
3284 6 3308 299 F: 6 
3287 10 3307 43 F: 6 4 
3290 9 3326 348 F: 9 
3299 9 3317 344 F: 7 2 
3300 8 3332 332 F: 6 2 
3311 9 3329 357 F: 4 5 
3320 10 3340 379 F: 10 
3322 10 3362 300 F: 7 3 
3346 9 3355 251 F: 3 4 2 
3360 9 3387 126 F: 9 
3372 9 3399 296 F: 2 4 3 
3380 2 3386 194 F: 2 
3384 11 3428 205 F: 7 4 
3396 7 3417 198 F: 6 1 
3409 4 3413 413 F: 4 
3409 4 3421 452 F: 2 1 1 
3428 10 3468 330 F: 3 4 3 
3445 7 3466 125 F: 2 3 2 
3448 5 3463 233 F: 3 2 
3453 5 3463 487 F: 3 2 
3453 8 3461 398 F: 2 4 2 
3480 12 3528 259 F: 12 
3482 10 3512 135 F: 6 4 
3492 10 3522 465 F: 5 2 3 
3524 3 3530 308 F: 3 
3539 7 3567 234 F: 2 3 2 
3541 5 3551 251 F: 5 
3542 10 3582 352 F: 5 4 1 
3554 9 3581 463 F: 5 4 
3563 10 3583 60 F: 4 6 
3570 4 3586 15 F: 4 
3573 13 3586 396 F: 13 
3574 9 3583 329 F: 3 3 3 
3582 6 3600 164 F: 3 3 
3614 12 3662 362 F: 12 
3623 9 3632 140 F: 6 3 
3627 12 3663 315 F: 12 
3636 7 3650 175 F: 3 3 1 
3638 5 3643 225 F: 3 2 
3641 8 3673 440 F: 8 
3646 2 3650 8 F: 2 
3646 13 3685 67 F: 13 
3681 5 3696 156 F: 3 2 
3683 7 3697 366 F: 6 1 
3704 12 3752 68 F: 6 6 
3730 9 3757 137 F: 7 2 
3730 12 3766 319 F: 5 3 4 
3742 8 3766 241 F: 3 1 4 
3744 3 3756 208 F: 3 
3762 8 3770 199 F: 2 4 2 
3762 10 3792 89 F: 6 4 
3777 5 3792 47 F: 5 
3784 5 3804 34 F: 3 1 1 
3798 6 3816 45 F: 3 1 2 
3801 9 3837 169 F: 2 3 4 
3817 13 3830 199 F: 13 
3818 6 3842 494 F: 2 2 2 
3828 9 3846 332 F: 5 4 
3853 13 3879 131 F: 5 4 4 
3855 2 3863 319 F: 2 
3861 11 3883 352 F: 7 4 
3864 7 3871 311 F: 5 1 1 
3878 13 3904 292 F: 13 
3898 7 3905 239 F: 6 1 
3900 8 3924 90 F: 3 2 3 
3928 4 3932 36 F: 4 
3932 8 3940 328 F: 5 2 1 
3940 3 3946 170 F: 3 
3943 9 3961 352 F: 7 2 
3970 6 3982 120 F: 2 2 2 
3992 10 4002 317 F: 6 4 
3994 8 4026 11 F: 5 3 
3997 8 4021 461 F: 2 6 
3998 12 4034 22 F: 7 5 
4006 11 4039 379 F: 5 6 
4009 6 4033 72 F: 6 
4011 9 4047 231 F: 4 5 
4041 8 4049 77 F: 3 3 2 
4043 2 4049 328 F: 2 
4059 5 4064 120 F: 2 2 1 
4065 4 4073 363 F: 4 
4085 8 4109 370 F: 2 2 4 
4089 6 4101 243 F: 3 3 
4092 3 4101 385 F: 3 
4101 8 4109 175 F: 2 3 3 
4132 9 4150 447 F: 3 4 2 
4142 8 4158 491 F: 2 6 
4151 8 4167 88 F: 8 
4164 12 4212 178 F: 7 5 
4170 11 4214 314 F: 6 5 
4181 5 4196 203 F: 5 
4190 12 4238 450 F: 5 3 4 
4193 11 4226 359 F: 7 4 
4194 4 4210 441 F: 3 1 
4201 9 4210 110 F: 3 6 
4205 8 4229 428 F: 4 4 
4218 6 4224 117 F: 2 1 3 
4235 10 4265 272 F: 4 4 2 
4237 10 4247 21 F: 3 4 3 
4257 7 4264 428 F: 7 
4270 11 4292 206 F: 11 
4271 8 4303 145 F: 4 3 1 
4287 12 4311 271 F: 12 
4288 8 4304 36 F: 5 3 
4300 11 4322 230 F: 6 5 
4306 9 4315 234 F: 4 1 4 
4310 8 4342 148 F: 3 1 4 
4323 11 4345 136 F: 6 5 
4335 7 4363 346 F: 7 
4343 4 4355 432 F: 4 
4365 8 4381 162 F: 5 3 
4380 4 4384 394 F: 3 1 
4383 6 4389 237 F: 5 1 
4394 10 4434 23 F: 4 6 
4405 8 4437 163 F: 7 1 
4414 6 4420 452 F: 3 3 
4414 13 4440 198 F: 7 6 
4423 6 4441 87 F: 6 
4437 7 4451 435 F: 2 1 4 
4445 10 4455 297 F: 10 
4467 9 4503 218 F: 6 3 
4471 10 4511 120 F: 2 4 4 
4478 10 4518 40 F: 10 
4480 6 4492 98 F: 6 
4516 7 4523 97 F: 7 
4522 13 4574 287 F: 13 
4527 4 4535 56 F: 2 2 
4528 7 4556 319 F: 6 1 
4533 7 4540 409 F: 3 2 2 
4545 11 4567 421 F: 11 
4546 6 4558 481 F: 3 3 
4557 12 4605 471 F: 12 
4561 6 4567 371 F: 2 4 
4574 5 4584 330 F: 5 
4615 2 4619 347 F: 2 
4622 12 4634 334 F: 12 
4625 7 4653 100 F: 7 
4644 9 4653 58 F: 3 2 4 
4645 9 4672 17 F: 5 3 1 
4647 10 4677 129 F: 10 
4649 8 4681 445 F: 7 1 
4683 4 4687 166 F: 2 2 
4689 6 4695 397 F: 3 2 1 
4692 6 4704 75 F: 4 2 
4700 6 4706 486 F: 3 2 1 
4703 8 4711 41 F: 3 5 
4720 5 4740 435 F: 2 3 
4722 2 4726 248 F: 2 
4727 5 4737 231 F: 5 
4742 13 4755 319 F: 13 
4769 9 4796 17 F: 9 
4770 5 4775 222 F: 3 2 
4776 3 4782 154 F: 3 
4785 13 4798 193 F: 5 4 4 
4827 11 4838 378 F: 5 4 2 
4830 9 4848 389 F: 3 4 2 
4831 10 4861 257 F: 5 2 3 
4840 9 4849 429 F: 9 
4850 5 4860 398 F: 4 1 
4854 13 4893 317 F: 13 
4859 9 4895 399 F: 9 
4872 8 4888 371 F: 2 6 
4873 2 4877 154 F: 2 
4874 11 4885 247 F: 3 4 4 
4913 6 4937 54 F: 3 1 2 
4918 8 4926 201 F: 4 4 
4918 10 4958 175 F: 5 5 
4927 8 4951 339 F: 3 5 
4940 7 4968 401 F: 2 5 
4940 12 4952 239 F: 12 
4951 6 4969 11 F: 4 1 1 
4971 13 4984 168 F: 13 
4985 7 4992 154 F: 3 1 3 
4988 5 4993 394 F: 5 
D: 2 70 
D: 6 43 
D: 7 230 
D: 12 51 
D: 15 280 
D: 27 91 
D: 29 106 
D: 29 456 
D: 32 128 
D: 41 189 
D: 56 315 
D: 57 120 
D: 57 412 
D: 58 308 
D: 59 144 
D: 61 487 
D: 62 144 
D: 69 315 
D: 69 483 
D: 70 112 
D: 76 445 
D: 97 484 
D: 98 482 
D: 106 264 
D: 109 156 
D: 120 388 
D: 138 470 
D: 154 351 
D: 158 182 
D: 160 191 
D: 171 293 
D: 172 300 
D: 180 237 
D: 185 430 
D: 192 375 
D: 193 237 
D: 204 271 
D: 205 316 
D: 211 217 
D: 248 365 
D: 249 376 
D: 279 373 
D: 279 446 
D: 283 414 
D: 314 475 
D: 315 462 
D: 321 410 
D: 347 477 
D: 359 484 
D: 366 466 
