4 8 20 122 F: 4 4 
30 4 34 432 F: 2 2 
38 8 54 231 F: 5 3 
41 8 57 388 F: 2 2 4 
42 6 66 65 F: 3 3 
55 12 91 494 F: 5 4 3 
58 3 67 366 F: 3 
71 12 83 230 F: 12 
92 9 128 56 F: 4 5 
96 10 136 254 F: 3 4 3 
110 7 117 447 F: 7 
112 9 139 407 F: 9 
116 12 140 37 F: 12 
132 10 172 24 F: 10 
145 9 163 399 F: 5 3 1 
175 9 202 291 F: 2 3 4 
181 13 220 381 F: 13 
185 9 221 335 F: 9 
186 5 196 492 F: 5 
197 10 227 16 F: 5 5 
206 6 212 499 F: 4 2 
214 10 244 455 F: 5 4 1 
231 11 242 318 F: 5 3 3 
237 4 241 402 F: 3 1 
243 7 271 276 F: 3 3 1 
247 3 259 270 F: 3 
259 8 267 138 F: 6 2 
271 12 283 411 F: 12 
279 7 307 463 F: 3 1 3 
294 11 305 213 F: 6 5 
311 11 344 260 F: 11 
315 6 339 432 F: 5 1 
328 5 343 378 F: 5 
335 5 355 430 F: 3 2 
340 7 368 257 F: 2 1 4 
363 5 368 225 F: 3 1 1 
368 7 396 146 F: 5 2 
373 11 406 233 F: 7 4 
381 10 421 63 F: 4 4 2 
386 11 430 254 F: 11 
417 6 423 489 F: 3 2 1 
430 4 438 183 F: 4 
434 9 461 380 F: 3 6 
440 12 488 80 F: 12 
448 10 468 57 F: 4 3 3 
451 10 471 129 F: 10 
468 2 470 120 F: 2 
484 5 489 178 F: 3 2 
488 8 520 145 F: 6 2 
489 5 504 155 F: 5 
504 7 511 48 F: 7 
505 10 515 311 F: 5 5 
514 7 535 270 F: 3 1 3 
514 10 534 185 F: 6 4 
536 8 560 466 F: 4 2 2 
545 9 572 350 F: 9 
577 5 582 261 F: 2 3 
579 11 612 459 F: 5 2 4 
589 12 613 288 F: 5 4 3 
597 10 637 135 F: 2 4 4 
607 6 631 84 F: 2 2 2 
622 10 662 262 F: 7 3 
628 12 664 204 F: 7 5 
645 4 649 114 F: 4 
646 12 670 2 F: 12 
655 10 675 57 F: 7 3 
662 9 680 204 F: 4 3 2 
665 12 713 171 F: 12 
669 13 695 157 F: 13 
676 9 685 163 F: 3 2 4 
703 3 706 2 F: 3 
711 9 738 336 F: 3 6 
717 8 749 353 F: 2 4 2 
726 4 734 407 F: 4 
730 7 751 175 F: 5 2 
734 7 748 358 F: 3 4 
744 11 777 308 F: 6 5 
750 10 780 307 F: 6 4 
770 10 810 353 F: 2 4 4 
794 12 830 293 F: 6 6 
809 13 861 134 F: 5 4 4 
820 9 829 238 F: 4 4 1 
844 11 855 51 F: 4 3 4 
848 8 864 225 F: 7 1 
860 6 872 256 F: 3 2 1 
863 9 899 3 F: 9 
879 11 923 372 F: 6 5 
888 7 902 186 F: 5 2 
892 7 899 372 F: 4 3 
896 9 914 125 F: 4 5 
907 4 923 437 F: 2 1 1 
908 10 938 465 F: 7 3 
909 7 937 222 F: 3 3 1 
916 4 920 391 F: 4 
942 6 966 80 F: 6 
950 9 968 258 F: 3 6 
963 11 1007 461 F: 11 
964 12 1000 1 F: 5 4 3 
992 9 1028 389 F: 4 3 2 
994 10 1024 131 F: 7 3 
1000 8 1024 30 F: 4 4 
1013 4 1021 367 F: 2 2 
1028 8 1036 197 F: 2 6 
1037 6 1061 418 F: 4 1 1 
1040 9 1067 360 F: 9 
1056 7 1070 282 F: 3 4 
1063 4 1079 266 F: 3 1 
1069 8 1085 184 F: 5 3 
1081 7 1109 142 F: 3 1 3 
1095 8 1111 245 F: 2 6 
1110 7 1138 254 F: 3 4 
1120 7 1141 441 F: 5 2 
1130 10 1150 298 F: 10 
1136 11 1169 388 F: 11 
1148 9 1166 236 F: 9 
1162 7 1176 48 F: 4 3 
1174 3 1180 40 F: 3 
1175 7 1189 409 F: 5 1 1 
1183 9 1192 498 F: 9 
1192 7 1220 216 F: 6 1 
1212 13 1225 302 F: 13 
1215 13 1241 299 F: 13 
1216 12 1252 407 F: 5 4 3 
1228 10 1258 65 F: 5 5 
1234 8 1266 35 F: 4 1 3 
1241 12 1277 120 F: 12 
1249 8 1257 321 F: 7 1 
1257 10 1277 258 F: 7 3 
1259 5 1269 217 F: 5 
1280 11 1291 215 F: 5 4 2 
1304 6 1310 227 F: 6 
1319 11 1330 114 F: 5 3 3 
1330 5 1340 474 F: 5 
1333 7 1340 231 F: 7 
1350 6 1368 214 F: 5 1 
1374 8 1390 470 F: 2 6 
1377 12 1413 212 F: 12 
1381 6 1399 51 F: 4 2 
1387 10 1397 126 F: 6 4 
1399 10 1409 217 F: 5 1 4 
1404 9 1440 234 F: 4 5 
1405 3 1408 153 F: 3 
1441 13 1454 272 F: 13 
1443 11 1454 269 F: 11 
1449 13 1501 34 F: 7 6 
1451 3 1460 354 F: 3 
1458 10 1488 352 F: 7 3 
1491 12 1539 235 F: 7 5 
1495 9 1531 481 F: 4 2 3 
1499 11 1532 422 F: 5 6 
1514 12 1538 405 F: 5 4 3 
1516 13 1568 323 F: 13 
1520 7 1548 51 F: 4 3 
1535 5 1545 252 F: 2 3 
1546 13 1572 376 F: 13 
1561 11 1594 161 F: 11 
1566 3 1578 320 F: 2 1 
1566 7 1594 390 F: 5 2 
1575 3 1587 219 F: 3 
1598 3 1607 114 F: 3 
1600 8 1616 173 F: 4 3 1 
1611 5 1631 196 F: 5 
1630 7 1637 252 F: 5 2 
1636 8 1660 478 F: 6 2 
1643 5 1658 278 F: 5 
1662 4 1678 290 F: 2 1 1 
1674 6 1680 116 F: 2 3 1 
1677 5 1687 325 F: 5 
1687 11 1709 11 F: 7 4 
1688 9 1724 251 F: 5 2 2 
1700 9 1736 142 F: 6 3 
1723 4 1727 372 F: 4 
1732 7 1753 386 F: 3 3 1 
1734 5 1739 112 F: 2 3 
1734 8 1742 364 F: 5 1 2 
1753 12 1789 336 F: 12 
1758 8 1782 331 F: 8 
1764 8 1772 192 F: 4 3 1 
1783 10 1793 282 F: 4 2 4 
1798 9 1807 377 F: 4 4 1 
1805 2 1811 448 F: 2 
1808 9 1826 354 F: 3 3 3 
1819 8 1851 443 F: 2 6 
1826 8 1834 135 F: 5 2 1 
1839 7 1846 80 F: 4 2 1 
1842 9 1869 93 F: 3 3 3 
1844 7 1858 18 F: 4 1 2 
1848 7 1862 202 F: 4 2 1 
1873 6 1885 279 F: 4 1 1 
1885 6 1891 412 F: 6 
1906 3 1912 274 F: 3 
1924 8 1932 194 F: 2 6 
1946 8 1962 437 F: 8 
1947 10 1987 8 F: 10 
1953 11 1964 153 F: 5 3 3 
1958 10 1988 364 F: 7 3 
1964 8 1972 426 F: 2 2 4 
1973 9 1991 449 F: 9 
1979 7 2007 321 F: 2 3 2 
1979 13 2018 408 F: 13 
2013 8 2029 316 F: 7 1 
2028 10 2058 48 F: 6 4 
2033 10 2053 361 F: 10 
2038 7 2066 184 F: 7 
2047 12 2083 129 F: 5 3 4 
2049 5 2059 435 F: 5 
2062 10 2082 226 F: 7 3 
2077 5 2082 225 F: 2 3 
2093 10 2103 439 F: 4 4 2 
2096 7 2103 271 F: 5 1 1 
2126 10 2136 116 F: 10 
2136 8 2168 281 F: 5 3 
2137 11 2159 348 F: 5 6 
2143 9 2161 82 F: 4 5 
2156 6 2168 138 F: 6 
2163 10 2183 494 F: 3 3 4 
2174 10 2184 391 F: 6 4 
2175 11 2219 298 F: 6 5 
2187 10 2217 481 F: 2 4 4 
2194 8 2226 267 F: 8 
2220 8 2252 270 F: 6 2 
2220 8 2252 272 F: 5 1 2 
2224 6 2230 54 F: 6 
2232 4 2244 62 F: 4 
2271 4 2275 494 F: 4 
2272 10 2302 385 F: 4 6 
2279 6 2297 432 F: 3 2 1 
2282 8 2314 253 F: 7 1 
2289 4 2293 38 F: 4 
2297 9 2324 55 F: 5 2 2 
2304 11 2337 64 F: 11 
2310 11 2343 72 F: 7 4 
2322 6 2340 104 F: 6 
2330 9 2339 425 F: 4 2 3 
2333 4 2337 32 F: 4 
2351 9 2378 489 F: 5 2 2 
2369 6 2381 170 F: 6 
2369 8 2393 72 F: 4 1 3 
2376 7 2383 233 F: 7 
2391 8 2407 414 F: 5 2 1 
2404 6 2428 375 F: 5 1 
2406 9 2442 221 F: 3 3 3 
2415 6 2427 100 F: 6 
2417 9 2444 138 F: 7 2 
2430 8 2438 38 F: 4 1 3 
2430 9 2457 207 F: 5 3 1 
2463 10 2473 249 F: 4 6 
2463 10 2483 5 F: 6 4 
2493 11 2526 462 F: 11 
2499 4 2507 62 F: 4 
2502 12 2538 398 F: 7 5 
2524 8 2556 286 F: 7 1 
2526 9 2553 141 F: 9 
2528 9 2564 143 F: 2 4 3 
2542 13 2555 10 F: 7 6 
2543 10 2553 148 F: 6 4 
2543 11 2576 264 F: 4 3 4 
2550 9 2568 455 F: 5 4 
2577 12 2625 336 F: 12 
2597 11 2641 116 F: 4 3 4 
2620 5 2630 8 F: 2 3 
2622 9 2658 110 F: 4 4 1 
2625 10 2655 181 F: 7 3 
2630 11 2641 467 F: 3 4 4 
2634 7 2655 93 F: 3 2 2 
2636 6 2648 448 F: 3 2 1 
2666 6 2678 115 F: 2 4 
2678 5 2688 97 F: 3 2 
2693 8 2709 453 F: 5 3 
2699 11 2710 42 F: 7 4 
2714 10 2724 191 F: 3 4 3 
2722 11 2766 357 F: 11 
2723 9 2750 500 F: 9 
2761 6 2773 236 F: 4 2 
2775 10 2795 414 F: 7 3 
2776 11 2809 451 F: 4 4 3 
2777 3 2780 105 F: 3 
2779 12 2803 284 F: 12 
2786 9 2813 433 F: 7 2 
2795 10 2825 348 F: 5 5 
2807 10 2847 312 F: 6 4 
2813 7 2827 59 F: 2 5 
2834 10 2864 239 F: 2 4 4 
2834 11 2845 464 F: 7 4 
2842 8 2866 410 F: 8 
2847 7 2875 495 F: 7 
2867 9 2876 315 F: 9 
2890 11 2923 493 F: 6 5 
2893 11 2937 25 F: 5 3 3 
2898 8 2914 440 F: 2 4 2 
2907 8 2931 340 F: 4 2 2 
2934 9 2943 110 F: 9 
2946 11 2957 84 F: 3 4 4 
2956 8 2980 467 F: 3 4 1 
2963 6 2969 286 F: 4 1 1 
2966 9 2975 45 F: 9 
2974 13 2987 275 F: 13 
2976 10 2996 361 F: 5 1 4 
2980 11 2991 38 F: 11 
2997 5 3017 55 F: 3 2 
3010 8 3042 475 F: 3 5 
3011 2 3017 474 F: 2 
3020 7 3034 323 F: 7 
3034 11 3056 171 F: 11 
3050 10 3080 422 F: 5 5 
3058 8 3074 441 F: 7 1 
3066 5 3071 403 F: 5 
3075 6 3093 182 F: 3 3 
3089 2 3091 412 F: 2 
3089 4 3097 168 F: 4 
3119 9 3155 283 F: 4 3 2 
3128 7 3149 20 F: 3 2 2 
3132 7 3153 25 F: 5 1 1 
3133 8 3149 123 F: 4 2 2 
3136 8 3144 215 F: 6 2 
3150 10 3160 95 F: 5 1 4 
3168 9 3204 114 F: 9 
3171 12 3195 213 F: 6 6 
3193 10 3213 232 F: 5 2 3 
3194 7 3201 271 F: 2 2 3 
3206 6 3218 210 F: 5 1 
3220 8 3252 198 F: 8 
3227 5 3242 446 F: 5 
3234 10 3274 248 F: 10 
3251 8 3259 430 F: 8 
3260 12 3308 69 F: 12 
3262 10 3292 292 F: 10 
3264 8 3296 52 F: 7 1 
3291 8 3315 302 F: 3 5 
3297 10 3307 376 F: 3 3 4 
3304 8 3320 472 F: 4 2 2 
3317 7 3331 354 F: 2 3 2 
3326 12 3374 371 F: 7 5 
3336 11 3380 135 F: 5 6 
3342 9 3369 236 F: 9 
3351 9 3360 272 F: 4 5 
3359 13 3372 104 F: 13 
3374 4 3386 24 F: 4 
3396 8 3420 242 F: 8 
3399 9 3426 473 F: 4 3 2 
3426 11 3470 404 F: 5 4 2 
3430 10 3450 108 F: 5 1 4 
3439 7 3446 336 F: 4 3 
3440 4 3456 194 F: 4 
3450 6 3474 232 F: 2 4 
3465 7 3479 402 F: 3 4 
3473 7 3480 481 F: 2 5 
3492 4 3504 417 F: 3 1 
3494 6 3512 399 F: 2 3 1 
3497 9 3515 131 F: 4 4 1 
3510 7 3531 100 F: 7 
3522 9 3558 431 F: 3 6 
3529 8 3561 180 F: 8 
3530 7 3544 254 F: 3 2 2 
3532 10 3552 352 F: 5 4 1 
3541 9 3550 239 F: 4 5 
3542 8 3558 4 F: 2 6 
3551 12 3575 317 F: 12 
3571 3 3583 107 F: 3 
3588 6 3606 256 F: 6 
3615 13 3667 235 F: 7 6 
3622 8 3630 99 F: 3 4 1 
3635 7 3649 253 F: 7 
3635 8 3643 322 F: 8 
3639 9 3657 324 F: 3 2 4 
3639 10 3679 365 F: 10 
3664 10 3694 186 F: 6 4 
3675 10 3695 455 F: 5 2 3 
3679 8 3711 178 F: 3 3 2 
3680 10 3690 151 F: 5 1 4 
3709 6 3721 216 F: 2 4 
3712 11 3756 311 F: 5 6 
3724 7 3738 34 F: 3 4 
3748 5 3768 491 F: 5 
3771 7 3799 305 F: 7 
3771 9 3789 238 F: 7 2 
3771 12 3795 367 F: 5 3 4 
3792 6 3810 225 F: 6 
3795 13 3834 85 F: 7 6 
3799 3 3805 393 F: 3 
3801 8 3833 192 F: 8 
3818 8 3834 197 F: 5 1 2 
3820 10 3840 465 F: 7 3 
3825 9 3834 282 F: 3 4 2 
3826 3 3838 404 F: 3 
3830 9 3839 437 F: 9 
3842 9 3851 384 F: 9 
3855 8 3887 156 F: 2 6 
3880 5 3890 384 F: 5 
3896 11 3929 164 F: 5 2 4 
3911 7 3925 476 F: 4 3 
3918 4 3934 156 F: 4 
3946 10 3956 131 F: 3 3 4 
3954 6 3960 459 F: 6 
3962 9 3971 438 F: 7 2 
3963 8 3979 404 F: 4 4 
3969 12 3993 138 F: 6 6 
3975 5 3995 323 F: 2 1 2 
3980 7 4001 436 F: 7 
3999 7 4027 168 F: 6 1 
4048 7 4076 190 F: 4 2 1 
4060 11 4082 473 F: 11 
4063 10 4103 409 F: 5 1 4 
4070 10 4080 336 F: 5 4 1 
4074 9 4092 329 F: 9 
4076 11 4120 339 F: 5 6 
4081 7 4095 131 F: 7 
4081 12 4093 123 F: 12 
4086 11 4108 246 F: 5 3 3 
4095 4 4103 175 F: 4 
4101 12 4149 225 F: 5 3 4 
4104 9 4140 367 F: 6 3 
4117 8 4149 104 F: 8 
4129 6 4135 209 F: 2 4 
4138 8 4146 211 F: 4 4 
4149 11 4193 58 F: 5 3 3 
4150 10 4180 111 F: 3 4 3 
4155 6 4161 159 F: 6 
4159 7 4166 300 F: 4 2 1 
4188 10 4208 139 F: 6 4 
4220 4 4224 6 F: 2 1 1 
4221 9 4230 210 F: 7 2 
4227 8 4251 354 F: 2 2 4 
4229 11 4251 258 F: 4 3 4 
4260 13 4286 89 F: 13 
4266 6 4290 186 F: 4 2 
4273 11 4306 481 F: 11 
4282 4 4290 32 F: 4 
4283 6 4301 227 F: 3 1 2 
4297 9 4315 129 F: 5 2 2 
4315 9 4324 404 F: 4 4 1 
4320 8 4352 187 F: 4 3 1 
4324 8 4332 388 F: 3 3 2 
4337 7 4365 306 F: 7 
4340 9 4358 254 F: 9 
4352 9 4361 58 F: 4 5 
4358 10 4388 262 F: 3 3 4 
4360 7 4388 330 F: 2 1 4 
4361 3 4367 150 F: 3 
4384 11 4417 461 F: 7 4 
4404 8 4412 351 F: 3 1 4 
4410 9 4428 194 F: 9 
4418 13 4457 196 F: 13 
4438 3 4441 144 F: 2 1 
4443 10 4473 238 F: 7 3 
4445 8 4477 498 F: 5 3 
4445 9 4472 481 F: 2 3 4 
4462 6 4480 159 F: 5 1 
4471 10 4501 500 F: 10 
4474 3 4483 400 F: 3 
4501 7 4508 234 F: 2 1 4 
4509 10 4529 413 F: 10 
4518 11 4540 122 F: 6 5 
4533 6 4557 351 F: 2 2 2 
4536 11 4547 440 F: 11 
4538 9 4547 110 F: 7 2 
4550 7 4564 451 F: 5 2 
4578 8 4602 353 F: 3 5 
4582 8 4614 409 F: 5 2 1 
4594 10 4604 462 F: 4 2 4 
4607 7 4628 498 F: 2 5 
4608 8 4632 58 F: 4 1 3 
4613 8 4629 204 F: 7 1 
4615 9 4642 438 F: 5 2 2 
4631 4 4639 149 F: 4 
4636 7 4650 161 F: 4 2 1 
4656 3 4665 334 F: 3 
4659 8 4683 275 F: 4 2 2 
4664 8 4696 118 F: 8 
4681 6 4687 175 F: 3 3 
4707 12 4755 45 F: 5 4 3 
4716 8 4724 320 F: 2 2 4 
4726 12 4762 59 F: 12 
4728 9 4737 204 F: 4 5 
4750 10 4780 120 F: 6 4 
4757 6 4769 103 F: 2 2 2 
4773 4 4777 162 F: 4 
4784 8 4816 278 F: 3 5 
4793 4 4801 483 F: 4 
4794 2 4798 89 F: 2 
4818 7 4825 379 F: 2 2 3 
4846 8 4854 109 F: 5 3 
4851 3 4860 479 F: 3 
4851 6 4869 56 F: 6 
4858 9 4885 232 F: 4 1 4 
4868 11 4912 410 F: 11 
4870 13 4896 19 F: 13 
4881 7 4888 381 F: 7 
4884 11 4906 4 F: 11 
4896 12 4944 260 F: 4 4 4 
4905 7 4912 189 F: 2 1 4 
4907 6 4925 279 F: 6 
4918 8 4934 357 F: 2 2 4 
4923 9 4932 120 F: 7 2 
4932 6 4938 220 F: 4 2 
4932 6 4944 420 F: 3 3 
4957 11 5001 255 F: 11 
4968 9 4995 103 F: 6 3 
4976 4 4984 474 F: 3 1 
4987 13 5013 404 F: 7 6 
D: 3 151 
D: 9 67 
D: 11 92 
D: 17 152 
D: 23 85 
D: 24 470 
D: 25 402 
D: 26 70 
D: 29 302 
D: 35 487 
D: 49 191 
D: 50 148 
D: 57 475 
D: 61 253 
D: 86 218 
D: 87 121 
D: 89 222 
D: 91 106 
D: 92 225 
D: 92 450 
D: 107 201 
D: 117 362 
D: 119 439 
D: 124 178 
D: 143 208 
D: 147 250 
D: 150 422 
D: 173 295 
D: 176 286 
D: 193 234 
D: 201 367 
D: 228 411 
D: 231 397 
D: 237 397 
D: 241 457 
D: 243 492 
D: 262 361 
D: 263 372 
D: 291 434 
D: 300 408 
D: 307 348 
D: 329 397 
D: 347 460 
D: 369 436 
D: 380 471 
D: 387 486 
D: 397 453 
D: 402 448 
D: 424 460 
D: 457 476 
