11 10 31 23 F: 10 
28 9 64 432 F: 9 
31 7 38 353 F: 7 
37 7 58 468 F: 2 5 
46 8 54 373 F: 4 4 
53 10 73 149 F: 4 6 
54 9 81 138 F: 7 2 
73 9 82 101 F: 9 
80 4 84 62 F: 4 
91 7 119 329 F: 2 2 3 
102 7 116 190 F: 2 2 3 
106 11 139 295 F: 5 4 2 
116 2 124 32 F: 2 
132 4 140 242 F: 2 2 
156 7 177 293 F: 3 3 1 
160 4 172 320 F: 4 
171 13 197 194 F: 13 
186 5 191 450 F: 3 2 
190 12 202 280 F: 12 
199 4 207 454 F: 2 2 
215 8 239 407 F: 4 3 1 
230 8 238 381 F: 4 3 1 
231 9 240 417 F: 6 3 
233 7 254 154 F: 4 3 
236 12 260 166 F: 6 6 
251 6 269 349 F: 6 
252 4 268 453 F: 4 
258 8 282 464 F: 3 2 3 
275 6 299 466 F: 6 
278 7 285 483 F: 4 3 
310 5 325 435 F: 3 2 
318 10 348 209 F: 5 5 
326 2 334 356 F: 2 
337 12 349 365 F: 12 
351 7 372 20 F: 3 2 2 
362 4 378 105 F: 2 1 1 
367 10 407 1 F: 5 4 1 
367 10 407 73 F: 6 4 
377 10 417 282 F: 2 4 4 
383 11 405 362 F: 11 
400 9 409 48 F: 5 4 
414 2 416 198 F: 2 
427 4 431 419 F: 2 2 
432 8 448 277 F: 2 6 
437 8 453 61 F: 2 3 3 
437 13 450 269 F: 7 6 
442 12 454 427 F: 12 
452 11 474 123 F: 11 
474 9 492 294 F: 9 
475 10 495 488 F: 10 
506 7 520 436 F: 4 3 
534 11 578 290 F: 4 4 3 
541 10 551 446 F: 5 5 
541 13 567 444 F: 13 
543 4 559 16 F: 2 1 1 
547 12 583 228 F: 6 6 
579 6 597 87 F: 5 1 
583 4 595 170 F: 2 2 
590 10 610 309 F: 4 4 2 
599 2 607 494 F: 2 
618 5 623 120 F: 3 2 
621 8 637 278 F: 8 
629 6 653 242 F: 6 
632 9 641 441 F: 4 5 
641 7 662 211 F: 7 
648 13 700 357 F: 13 
668 6 692 301 F: 6 
691 7 705 100 F: 6 1 
692 6 710 427 F: 4 2 
693 7 714 93 F: 7 
702 4 718 221 F: 2 2 
716 8 740 68 F: 4 4 
727 11 771 431 F: 11 
734 10 754 496 F: 10 
743 4 759 407 F: 4 
763 8 787 207 F: 3 3 2 
768 5 773 188 F: 4 1 
777 2 783 235 F: 2 
780 8 788 460 F: 5 3 
787 7 794 437 F: 4 3 
812 8 820 176 F: 2 2 4 
851 3 860 171 F: 3 
860 9 878 470 F: 9 
870 5 880 391 F: 4 1 
871 9 889 319 F: 5 2 2 
874 6 886 214 F: 3 3 
875 9 911 435 F: 9 
878 10 898 294 F: 10 
887 11 909 57 F: 5 4 2 
889 8 905 248 F: 3 1 4 
905 9 923 471 F: 3 2 4 
909 8 925 445 F: 8 
911 10 941 360 F: 10 
926 9 962 102 F: 5 2 2 
928 10 948 449 F: 4 6 
939 5 944 461 F: 3 1 1 
960 8 968 442 F: 2 6 
961 9 970 350 F: 4 2 3 
972 6 996 115 F: 6 
987 6 999 5 F: 5 1 
1021 13 1060 267 F: 13 
1025 11 1069 160 F: 7 4 
1031 7 1052 274 F: 6 1 
1044 2 1052 260 F: 2 
1056 7 1077 366 F: 3 4 
1056 9 1065 155 F: 3 4 2 
1062 2 1066 158 F: 2 
1080 8 1096 380 F: 8 
1082 5 1097 443 F: 3 2 
1087 5 1107 469 F: 3 2 
1105 12 1129 369 F: 4 4 4 
1127 7 1155 289 F: 2 4 1 
1135 6 1141 421 F: 2 3 1 
1136 12 1148 2 F: 12 
1163 11 1207 351 F: 11 
1167 12 1191 409 F: 6 6 
1179 7 1193 226 F: 6 1 
1190 4 1202 184 F: 4 
1191 9 1200 395 F: 7 2 
1198 9 1207 450 F: 4 4 1 
1208 9 1217 292 F: 9 
1213 9 1240 28 F: 5 4 
1228 10 1238 482 F: 5 1 4 
1230 6 1236 362 F: 6 
1252 7 1273 387 F: 5 1 1 
1255 8 1279 105 F: 3 3 2 
1259 11 1270 326 F: 6 5 
1263 7 1277 20 F: 4 1 2 
1279 3 1282 308 F: 3 
1299 9 1335 275 F: 9 
1307 3 1316 36 F: 3 
1315 3 1327 489 F: 3 
1329 9 1338 131 F: 4 5 
1350 2 1352 149 F: 2 
1354 8 1378 236 F: 3 5 
1360 4 1376 487 F: 3 1 
1371 5 1386 282 F: 5 
1387 8 1411 477 F: 8 
1390 7 1411 22 F: 3 4 
1396 2 1398 196 F: 2 
1401 12 1413 393 F: 12 
1425 6 1437 77 F: 2 1 3 
1431 13 1457 190 F: 13 
1448 4 1456 191 F: 4 
1451 10 1471 413 F: 4 6 
1458 8 1474 12 F: 8 
1458 8 1474 299 F: 3 4 1 
1463 10 1493 447 F: 5 2 3 
1465 11 1487 104 F: 6 5 
1486 13 1525 465 F: 5 4 4 
1501 11 1512 387 F: 11 
1509 6 1533 128 F: 2 4 
1511 12 1535 293 F: 12 
1533 13 1559 175 F: 13 
1539 10 1549 473 F: 4 6 
1561 12 1573 111 F: 12 
1562 12 1598 80 F: 12 
1574 2 1576 472 F: 2 
1584 7 1612 369 F: 3 1 3 
1587 5 1607 152 F: 2 3 
1611 8 1635 477 F: 4 4 
1614 9 1650 9 F: 4 1 4 
1619 8 1643 163 F: 3 2 3 
1621 8 1653 497 F: 8 
1633 8 1665 256 F: 8 
1638 12 1686 369 F: 12 
1662 8 1686 437 F: 3 2 3 
1666 8 1690 398 F: 4 4 
1667 10 1687 392 F: 5 5 
1696 7 1710 202 F: 7 
1701 12 1737 56 F: 4 4 4 
1720 2 1726 240 F: 2 
1752 10 1782 434 F: 5 4 1 
1756 4 1760 48 F: 2 1 1 
1775 13 1788 373 F: 13 
1778 6 1790 430 F: 2 3 1 
1784 2 1792 454 F: 2 
1792 6 1816 119 F: 2 4 
1795 12 1807 376 F: 7 5 
1799 3 1811 163 F: 2 1 
1802 7 1809 282 F: 3 3 1 
1808 13 1847 76 F: 7 6 
1819 6 1843 145 F: 2 4 
1819 9 1855 15 F: 9 
1819 13 1871 336 F: 5 4 4 
1828 6 1834 170 F: 3 1 2 
1844 7 1872 137 F: 4 1 2 
1857 9 1893 291 F: 9 
1898 13 1911 144 F: 13 
1899 10 1929 457 F: 5 3 2 
1913 6 1925 53 F: 4 2 
1936 9 1954 24 F: 6 3 
1946 11 1968 428 F: 11 
1951 8 1967 287 F: 5 2 1 
1963 13 2002 436 F: 13 
1976 9 2003 104 F: 6 3 
1983 9 1992 114 F: 4 4 1 
1989 7 2017 327 F: 6 1 
1989 10 2019 28 F: 4 6 
1997 9 2015 133 F: 5 4 
2011 12 2059 25 F: 12 
2014 12 2026 349 F: 7 5 
2020 7 2034 108 F: 5 1 1 
2039 13 2052 247 F: 7 6 
2045 10 2065 388 F: 10 
2054 11 2076 199 F: 11 
2061 10 2101 74 F: 4 6 
2071 5 2076 247 F: 4 1 
2080 7 2094 276 F: 7 
2089 13 2141 434 F: 13 
2112 7 2133 400 F: 3 4 
2116 7 2123 463 F: 4 1 2 
2119 8 2143 111 F: 6 2 
2123 9 2141 212 F: 5 1 3 
2123 10 2143 42 F: 10 
2126 9 2153 278 F: 9 
2147 6 2165 405 F: 5 1 
2152 10 2162 215 F: 2 4 4 
2168 8 2192 311 F: 7 1 
2197 9 2206 333 F: 4 5 
2230 10 2240 347 F: 6 4 
2231 6 2249 214 F: 3 1 2 
2232 3 2244 392 F: 2 1 
2239 13 2252 481 F: 7 6 
2243 9 2270 327 F: 3 4 2 
2259 10 2269 439 F: 4 3 3 
2265 6 2277 51 F: 5 1 
2265 8 2281 155 F: 7 1 
2266 4 2278 126 F: 4 
2272 8 2304 261 F: 7 1 
2303 12 2339 386 F: 12 
2319 7 2347 147 F: 4 3 
2321 3 2327 344 F: 2 1 
2335 9 2353 390 F: 5 2 2 
2339 10 2369 67 F: 10 
2358 7 2365 276 F: 2 5 
2364 12 2388 54 F: 5 3 4 
2366 7 2380 452 F: 7 
2367 11 2411 262 F: 5 2 4 
2393 10 2403 255 F: 5 5 
2407 3 2419 102 F: 3 
2415 5 2430 99 F: 5 
2416 10 2426 107 F: 10 
2436 12 2484 138 F: 5 4 3 
2440 13 2492 216 F: 13 
2467 7 2481 374 F: 3 4 
2469 11 2480 283 F: 5 3 3 
2472 3 2481 472 F: 3 
2478 6 2490 351 F: 2 2 2 
2493 6 2511 391 F: 2 1 3 
2509 6 2533 457 F: 4 2 
2511 9 2520 168 F: 4 3 2 
2538 13 2590 55 F: 5 4 4 
2550 6 2556 451 F: 2 4 
2554 10 2564 78 F: 3 3 4 
2561 9 2570 188 F: 7 2 
2592 8 2616 204 F: 7 1 
2592 9 2601 487 F: 3 6 
2593 2 2597 487 F: 2 
2595 12 2631 292 F: 12 
2618 10 2658 135 F: 7 3 
2619 8 2627 252 F: 2 2 4 
2621 9 2630 410 F: 9 
2621 12 2657 62 F: 12 
2634 2 2636 47 F: 2 
2643 13 2656 283 F: 13 
2649 10 2679 107 F: 10 
2664 3 2673 247 F: 3 
2681 8 2713 75 F: 3 5 
2682 6 2706 127 F: 2 3 1 
2702 6 2714 87 F: 6 
2715 12 2751 483 F: 12 
2721 4 2737 7 F: 4 
2722 6 2740 232 F: 3 3 
2733 10 2773 484 F: 10 
2750 8 2782 244 F: 2 3 3 
2751 2 2759 421 F: 2 
2763 8 2771 417 F: 8 
2764 10 2784 161 F: 4 3 3 
2766 12 2802 28 F: 12 
2806 8 2822 361 F: 5 1 2 
2813 6 2819 197 F: 2 1 3 
2823 8 2839 128 F: 3 1 4 
2840 7 2861 408 F: 4 2 1 
2851 8 2859 169 F: 2 3 3 
2859 9 2868 48 F: 6 3 
2881 5 2886 428 F: 5 
2884 12 2920 130 F: 6 6 
2889 11 2900 84 F: 3 4 4 
2898 3 2901 13 F: 3 
2903 13 2942 384 F: 5 4 4 
2908 9 2944 193 F: 6 3 
2921 10 2931 164 F: 10 
2926 6 2932 26 F: 5 1 
2929 11 2962 141 F: 11 
2934 7 2941 449 F: 3 2 2 
2938 3 2941 369 F: 2 1 
2942 6 2966 90 F: 4 2 
2962 6 2986 21 F: 6 
2989 2 2997 10 F: 2 
3011 2 3013 38 F: 2 
3012 2 3018 491 F: 2 
3016 11 3027 481 F: 6 5 
3018 9 3036 394 F: 6 3 
3021 5 3041 239 F: 3 2 
3048 8 3080 203 F: 3 2 3 
3064 11 3086 461 F: 6 5 
3077 3 3080 243 F: 3 
3089 6 3107 254 F: 2 1 3 
3091 11 3135 59 F: 5 3 3 
3108 10 3128 1 F: 10 
3115 13 3128 300 F: 13 
3145 7 3166 298 F: 2 5 
3149 9 3176 60 F: 3 4 2 
3149 9 3185 171 F: 9 
3159 7 3166 435 F: 5 1 1 
3181 10 3221 442 F: 10 
3184 11 3217 360 F: 4 4 3 
3192 8 3216 151 F: 2 3 3 
3199 13 3212 453 F: 13 
3200 8 3208 41 F: 8 
3203 10 3223 431 F: 3 3 4 
3217 6 3223 122 F: 6 
3235 3 3241 306 F: 2 1 
3256 4 3268 45 F: 4 
3267 8 3283 433 F: 4 3 1 
3284 4 3292 274 F: 2 1 1 
3294 5 3309 415 F: 5 
3294 6 3300 1 F: 6 
3299 8 3331 467 F: 8 
3316 8 3348 474 F: 7 1 
3325 11 3369 345 F: 5 6 
3340 4 3356 146 F: 4 
3343 10 3383 199 F: 3 3 4 
3358 8 3382 373 F: 3 2 3 
3364 5 3384 92 F: 3 1 1 
3366 4 3378 41 F: 4 
3379 9 3388 247 F: 9 
3386 9 3413 297 F: 3 3 3 
3390 6 3408 425 F: 6 
3417 6 3435 275 F: 4 1 1 
3418 6 3436 204 F: 2 3 1 
3422 7 3443 26 F: 5 2 
3427 7 3434 334 F: 7 
3429 9 3456 437 F: 2 3 4 
3462 9 3471 468 F: 3 3 3 
3470 8 3502 227 F: 3 1 4 
3492 8 3500 331 F: 8 
3497 9 3524 2 F: 4 5 
3498 10 3508 198 F: 3 3 4 
3510 13 3536 429 F: 13 
3524 9 3560 450 F: 6 3 
3533 9 3542 306 F: 9 
3538 9 3547 111 F: 3 3 3 
3559 10 3599 75 F: 3 4 3 
3569 2 3571 359 F: 2 
3572 8 3604 27 F: 4 4 
3588 7 3595 325 F: 3 3 1 
3590 8 3614 376 F: 3 5 
3594 8 3626 351 F: 4 4 
3628 11 3639 16 F: 11 
3635 7 3656 358 F: 7 
3649 8 3673 495 F: 6 2 
3652 9 3661 333 F: 5 1 3 
3653 6 3671 69 F: 6 
3663 7 3670 61 F: 2 4 1 
3668 9 3677 387 F: 3 3 3 
3672 7 3693 335 F: 5 2 
3674 10 3694 404 F: 5 2 3 
3687 5 3697 88 F: 5 
3700 9 3736 33 F: 4 1 4 
3703 3 3712 226 F: 2 1 
3708 3 3717 328 F: 3 
3710 9 3728 34 F: 4 3 2 
3714 8 3730 425 F: 3 5 
3727 8 3759 136 F: 2 6 
3729 2 3735 229 F: 2 
3748 4 3764 371 F: 4 
3772 2 3776 334 F: 2 
3772 7 3800 354 F: 3 2 2 
3804 5 3814 11 F: 2 3 
3813 9 3840 153 F: 5 4 
3815 4 3831 234 F: 2 1 1 
3815 8 3839 445 F: 3 4 1 
3817 12 3853 313 F: 7 5 
3849 4 3865 298 F: 2 2 
3886 10 3926 2 F: 4 4 2 
3892 5 3912 416 F: 2 3 
3892 11 3903 436 F: 11 
3893 10 3933 10 F: 5 5 
3903 10 3933 110 F: 7 3 
3912 10 3942 302 F: 4 2 4 
3921 8 3937 151 F: 2 2 4 
3923 11 3956 353 F: 5 2 4 
3935 5 3955 28 F: 5 
3936 10 3956 220 F: 3 4 3 
3948 8 3964 14 F: 4 4 
3951 3 3963 12 F: 3 
3955 9 3973 45 F: 4 4 1 
3971 9 3980 401 F: 3 6 
4014 7 4028 243 F: 2 2 3 
4030 7 4037 246 F: 2 2 3 
4032 9 4050 289 F: 9 
4033 8 4049 427 F: 3 2 3 
4062 9 4080 232 F: 3 3 3 
4064 11 4108 254 F: 11 
4072 5 4087 126 F: 5 
4075 11 4086 446 F: 7 4 
4091 10 4111 286 F: 5 3 2 
4095 9 4131 10 F: 4 3 2 
4111 7 4118 431 F: 3 2 2 
4133 8 4165 413 F: 5 1 2 
4138 13 4151 164 F: 13 
4139 5 4149 159 F: 3 2 
4139 9 4166 90 F: 4 5 
4144 3 4156 4 F: 3 
4158 11 4180 243 F: 3 4 4 
4161 4 4177 493 F: 2 1 1 
4170 8 4202 313 F: 3 2 3 
4198 5 4203 130 F: 5 
4207 8 4223 410 F: 8 
4216 9 4252 88 F: 9 
4226 11 4259 490 F: 5 3 3 
4235 12 4283 286 F: 5 3 4 
4238 10 4268 269 F: 4 6 
4256 9 4283 171 F: 9 
4262 9 4271 208 F: 2 4 3 
4276 6 4300 484 F: 4 1 1 
4289 8 4305 499 F: 2 2 4 
4295 5 4305 403 F: 2 3 
4305 12 4317 428 F: 7 5 
4324 8 4332 465 F: 7 1 
4343 7 4350 42 F: 4 1 2 
4356 7 4363 84 F: 2 2 3 
4356 9 4383 21 F: 9 
4370 12 4418 389 F: 12 
4371 13 4384 64 F: 5 4 4 
4375 6 4399 327 F: 6 
4382 3 4394 199 F: 2 1 
4392 13 4418 239 F: 13 
4404 8 4412 308 F: 2 6 
4412 7 4433 3 F: 5 1 1 
4431 12 4479 335 F: 12 
4432 9 4441 194 F: 4 5 
4448 8 4480 264 F: 5 1 2 
4453 10 4483 336 F: 4 6 
4456 3 4462 362 F: 3 
4457 7 4478 344 F: 5 1 1 
4464 4 4480 376 F: 3 1 
4478 10 4488 305 F: 5 4 1 
4507 2 4509 456 F: 2 
4514 12 4562 253 F: 12 
4531 8 4539 340 F: 2 3 3 
4545 12 4593 499 F: 5 3 4 
4558 9 4567 29 F: 3 2 4 
4559 10 4589 96 F: 4 4 2 
4565 10 4585 175 F: 10 
4582 11 4593 337 F: 11 
4586 8 4594 261 F: 2 3 3 
4591 10 4631 312 F: 2 4 4 
4600 7 4628 475 F: 2 5 
4611 8 4643 223 F: 2 6 
4613 6 4625 6 F: 6 
4618 9 4636 354 F: 4 5 
4621 13 4673 322 F: 7 6 
4644 8 4676 351 F: 8 
4645 10 4665 446 F: 4 3 3 
4651 2 4657 487 F: 2 
4673 10 4683 17 F: 2 4 4 
4681 9 4708 345 F: 9 
4715 11 4726 352 F: 7 4 
4718 10 4748 467 F: 4 3 3 
4733 7 4754 500 F: 3 4 
4739 9 4748 108 F: 6 3 
4748 7 4776 119 F: 5 2 
4763 8 4795 19 F: 5 1 2 
4771 7 4792 344 F: 5 1 1 
4771 11 4815 452 F: 5 6 
4776 4 4780 140 F: 4 
4782 2 4786 383 F: 2 
4802 9 4829 328 F: 4 2 3 
4806 8 4814 184 F: 4 4 
4810 10 4820 299 F: 7 3 
4816 6 4834 479 F: 2 2 2 
4834 10 4854 60 F: 10 
4836 10 4846 237 F: 10 
4838 11 4871 132 F: 11 
4839 5 4849 216 F: 5 
4880 6 4898 123 F: 6 
4893 11 4926 399 F: 11 
4920 9 4947 30 F: 4 1 4 
4924 11 4968 347 F: 11 
4925 4 4933 296 F: 4 
4935 10 4965 41 F: 4 3 3 
4965 7 4993 500 F: 4 3 
4967 5 4977 320 F: 3 1 1 
4972 7 5000 17 F: 2 3 2 
4976 10 4986 402 F: 4 6 
4983 9 5010 236 F: 4 2 3 
4999 11 5010 21 F: 3 4 4 
D: 8 377 
D: 13 109 
D: 14 121 
D: 16 215 
D: 28 84 
D: 31 296 
D: 39 284 
D: 42 166 
D: 49 386 
D: 51 437 
D: 51 453 
D: 55 234 
D: 58 322 
D: 60 490 
D: 63 196 
D: 64 229 
D: 68 419 
D: 70 176 
D: 80 308 
D: 80 462 
D: 100 466 
D: 112 381 
D: 116 287 
D: 118 141 
D: 137 461 
D: 138 452 
D: 142 362 
D: 145 263 
D: 156 177 
D: 159 167 
D: 172 213 
D: 180 226 
D: 184 220 
D: 187 365 
D: 188 274 
D: 197 299 
D: 203 352 
D: 210 442 
D: 220 463 
D: 231 471 
D: 251 337 
D: 252 415 
D: 266 441 
D: 311 384 
D: 311 420 
D: 339 392 
D: 345 457 
D: 359 465 
D: 370 492 
D: 429 472 
