4 13 56 9 F: 13 
45 8 53 10 F: 3 2 3 
47 9 74 39 F: 4 2 3 
54 12 78 2 F: 12 
59 8 67 33 F: 6 2 
67 9 85 21 F: 4 5 
68 13 81 3 F: 13 
69 11 102 47 F: 5 3 3 
80 11 124 2 F: 5 3 3 
88 13 140 38 F: 13 
102 9 120 49 F: 3 3 3 
104 4 120 15 F: 2 2 
105 10 145 12 F: 10 
108 4 116 1 F: 2 2 
108 5 128 36 F: 5 
119 8 143 34 F: 8 
123 7 144 41 F: 5 2 
159 13 172 9 F: 13 
172 5 182 44 F: 2 3 
193 11 204 7 F: 6 5 
203 12 239 35 F: 12 
210 7 238 25 F: 2 1 4 
230 9 239 8 F: 6 3 
250 7 278 47 F: 4 3 
255 10 265 9 F: 4 6 
269 9 305 29 F: 4 5 
276 5 291 38 F: 3 2 
292 2 294 10 F: 2 
295 9 313 41 F: 7 2 
298 12 310 50 F: 5 3 4 
300 12 324 11 F: 12 
316 13 355 40 F: 5 4 4 
333 13 385 36 F: 13 
348 9 366 49 F: 2 4 3 
365 7 372 48 F: 4 1 2 
367 4 379 13 F: 2 2 
368 13 420 6 F: 13 
374 6 398 41 F: 2 2 2 
383 8 415 34 F: 2 4 2 
384 5 389 3 F: 5 
400 9 418 23 F: 3 6 
408 9 435 1 F: 2 4 3 
414 8 430 31 F: 4 4 
415 8 431 26 F: 6 2 
428 7 449 8 F: 2 5 
435 7 442 50 F: 6 1 
456 9 474 5 F: 5 1 3 
461 9 497 8 F: 4 3 2 
474 11 507 21 F: 5 2 4 
489 10 519 28 F: 5 5 
D: 1 42 
D: 6 24 
D: 8 37 
D: 26 40 
D: 37 49 
