2 10 22 39 F: 5 1 4 
14 2 16 30 F: 2 
14 6 38 6 F: 2 4 
24 7 38 50 F: 2 1 4 
56 9 83 21 F: 9 
66 8 82 7 F: 8 
71 4 75 15 F: 2 1 1 
78 5 93 44 F: 2 3 
81 5 96 20 F: 2 2 1 
92 11 136 19 F: 5 3 3 
109 3 121 24 F: 3 
116 2 124 21 F: 2 
116 7 137 39 F: 6 1 
130 8 162 11 F: 3 4 1 
137 6 143 30 F: 3 2 1 
153 2 159 17 F: 2 
164 12 176 25 F: 6 6 
166 9 175 4 F: 9 
187 8 203 36 F: 3 5 
197 9 233 23 F: 5 1 3 
215 2 217 42 F: 2 
221 10 231 14 F: 5 5 
231 9 267 19 F: 9 
239 11 272 21 F: 11 
254 9 263 42 F: 5 1 3 
258 8 282 11 F: 2 3 3 
270 4 282 22 F: 2 1 1 
271 6 283 39 F: 6 
291 5 296 47 F: 3 2 
296 8 328 19 F: 2 3 3 
302 10 312 36 F: 5 2 3 
305 11 338 24 F: 4 4 3 
305 11 349 26 F: 4 4 3 
308 10 318 6 F: 4 4 2 
326 11 348 30 F: 4 3 4 
336 11 369 28 F: 11 
359 4 367 5 F: 2 1 1 
373 8 397 25 F: 7 1 
378 11 422 15 F: 5 3 3 
394 8 426 35 F: 4 4 
410 2 416 40 F: 2 
411 9 429 42 F: 6 3 
417 9 435 8 F: 9 
435 3 441 26 F: 3 
439 11 461 23 F: 11 
441 13 493 26 F: 13 
445 8 461 33 F: 4 4 
447 6 459 5 F: 2 3 1 
450 12 462 14 F: 5 3 4 
498 10 508 11 F: 5 3 2 
D: 1 19 
D: 1 23 
D: 6 44 
D: 7 26 
D: 28 48 
