3 6 15 153 F: 2 4 
5 7 12 171 F: 2 4 1 
9 12 33 319 F: 12 
21 7 28 387 F: 3 4 
25 6 43 457 F: 3 1 2 
46 7 67 31 F: 2 4 1 
73 12 109 285 F: 5 3 4 
82 5 87 213 F: 3 1 1 
86 10 116 16 F: 7 3 
91 9 127 187 F: 9 
102 8 134 79 F: 4 4 
111 13 124 354 F: 13 
118 13 131 498 F: 13 
167 6 185 412 F: 3 1 2 
170 11 214 350 F: 7 4 
177 6 201 450 F: 2 1 3 
186 9 222 342 F: 4 5 
191 6 197 130 F: 2 1 3 
193 7 207 434 F: 7 
197 12 233 197 F: 4 4 4 
201 8 209 23 F: 8 
208 12 256 53 F: 7 5 
213 5 218 244 F: 2 3 
223 8 255 237 F: 2 6 
230 6 248 141 F: 6 
258 7 272 118 F: 2 2 3 
262 8 270 50 F: 4 2 2 
268 7 275 183 F: 4 2 1 
271 10 281 249 F: 4 6 
275 6 287 478 F: 2 2 2 
303 4 319 468 F: 4 
331 8 347 157 F: 4 4 
349 9 367 407 F: 2 3 4 
350 7 378 141 F: 5 2 
352 11 363 121 F: 4 4 3 
356 12 380 192 F: 6 6 
371 8 379 77 F: 8 
387 9 405 86 F: 3 4 2 
393 6 411 170 F: 2 3 1 
395 4 399 472 F: 4 
404 9 413 388 F: 5 3 1 
415 8 423 201 F: 5 2 1 
416 12 452 75 F: 12 
420 5 430 486 F: 3 1 1 
447 4 451 311 F: 2 1 1 
450 2 452 18 F: 2 
454 2 458 81 F: 2 
478 3 484 249 F: 2 1 
484 6 502 337 F: 6 
498 6 504 17 F: 3 2 1 
527 11 571 323 F: 3 4 4 
545 8 553 317 F: 2 6 
550 9 577 214 F: 3 4 2 
570 6 594 225 F: 5 1 
576 8 592 319 F: 3 2 3 
577 8 585 183 F: 3 4 1 
584 10 594 347 F: 5 1 4 
590 8 614 470 F: 8 
595 8 611 428 F: 5 2 1 
599 6 617 48 F: 6 
615 7 636 167 F: 2 5 
619 7 626 61 F: 4 3 
626 6 644 417 F: 3 1 2 
643 5 658 423 F: 2 2 1 
645 11 689 346 F: 11 
653 4 661 478 F: 2 1 1 
661 5 666 302 F: 3 2 
666 7 694 14 F: 3 4 
681 5 701 493 F: 3 2 
683 4 699 11 F: 2 2 
709 4 721 188 F: 4 
714 9 723 294 F: 4 1 4 
728 11 750 409 F: 6 5 
745 4 757 48 F: 4 
764 4 768 492 F: 4 
770 4 778 140 F: 4 
775 6 787 160 F: 5 1 
780 8 812 45 F: 7 1 
792 9 819 111 F: 7 2 
795 9 813 283 F: 6 3 
800 9 827 421 F: 4 2 3 
811 2 813 417 F: 2 
814 7 842 54 F: 5 1 1 
833 4 849 46 F: 4 
851 4 859 205 F: 2 2 
860 10 870 211 F: 5 5 
873 13 899 257 F: 13 
877 11 921 256 F: 4 3 4 
882 8 898 16 F: 6 2 
884 12 920 413 F: 12 
903 7 917 195 F: 4 3 
905 3 911 185 F: 2 1 
907 8 939 204 F: 7 1 
940 5 950 452 F: 5 
942 8 950 59 F: 5 3 
957 2 959 311 F: 2 
963 12 1011 350 F: 12 
969 7 976 428 F: 4 3 
981 8 989 336 F: 5 2 1 
996 9 1032 379 F: 4 5 
1013 11 1057 97 F: 6 5 
1028 6 1034 367 F: 3 3 
1030 7 1058 75 F: 3 2 2 
1035 8 1067 195 F: 8 
1057 6 1081 301 F: 6 
1060 4 1072 72 F: 2 2 
1063 4 1075 366 F: 4 
1074 2 1078 342 F: 2 
1084 8 1092 422 F: 8 
1089 6 1113 117 F: 4 2 
1112 13 1125 91 F: 13 
1114 7 1135 304 F: 7 
1117 9 1153 326 F: 5 2 2 
1121 4 1125 499 F: 4 
1121 11 1165 128 F: 11 
1122 2 1130 251 F: 2 
1149 6 1155 287 F: 6 
1156 6 1162 178 F: 3 3 
1185 9 1203 291 F: 4 3 2 
1198 11 1242 485 F: 7 4 
1213 9 1240 334 F: 5 2 2 
1241 6 1259 498 F: 3 3 
1246 7 1253 490 F: 2 3 2 
1252 4 1260 471 F: 4 
1254 6 1260 234 F: 3 1 2 
1262 9 1298 188 F: 9 
1264 13 1303 497 F: 7 6 
1275 8 1283 439 F: 5 1 2 
1275 12 1311 133 F: 12 
1283 8 1307 210 F: 8 
1311 8 1319 30 F: 4 4 
1311 10 1331 198 F: 7 3 
1311 13 1350 473 F: 13 
1318 8 1326 201 F: 8 
1328 9 1355 489 F: 4 3 2 
1341 9 1368 302 F: 9 
1366 7 1394 225 F: 5 2 
1374 10 1404 13 F: 3 3 4 
1378 7 1392 295 F: 4 3 
1381 4 1393 286 F: 2 1 1 
1401 4 1409 203 F: 4 
1402 9 1411 446 F: 5 3 1 
1415 10 1435 85 F: 5 5 
1426 7 1454 109 F: 5 1 1 
1439 8 1447 110 F: 8 
1440 9 1458 150 F: 5 1 3 
1464 7 1478 386 F: 6 1 
1467 9 1485 308 F: 5 2 2 
1475 11 1519 392 F: 3 4 4 
1486 3 1489 120 F: 3 
1500 2 1506 397 F: 2 
1508 11 1552 392 F: 3 4 4 
1528 10 1558 25 F: 7 3 
1539 4 1547 471 F: 3 1 
1539 9 1575 71 F: 4 2 3 
1547 9 1565 2 F: 6 3 
1565 7 1579 30 F: 4 3 
1573 3 1582 409 F: 3 
1575 12 1599 69 F: 7 5 
1596 8 1612 86 F: 8 
1632 9 1650 344 F: 3 2 4 
1644 6 1656 23 F: 2 1 3 
1646 5 1651 334 F: 3 2 
1655 9 1691 412 F: 4 5 
1656 10 1696 491 F: 2 4 4 
1658 7 1679 318 F: 7 
1665 6 1671 342 F: 6 
1678 9 1705 398 F: 3 6 
1692 5 1702 475 F: 4 1 
1693 11 1704 422 F: 7 4 
1700 10 1740 440 F: 5 3 2 
1718 12 1754 448 F: 6 6 
1728 4 1732 165 F: 3 1 
1737 11 1748 43 F: 5 4 2 
1742 6 1766 103 F: 2 4 
1753 5 1763 87 F: 3 2 
1762 8 1770 169 F: 3 1 4 
1775 9 1811 290 F: 9 
1776 11 1798 327 F: 11 
1793 9 1811 167 F: 9 
1803 3 1806 338 F: 3 
1812 6 1824 144 F: 5 1 
1819 11 1863 53 F: 6 5 
1832 12 1868 174 F: 12 
1841 10 1861 127 F: 4 4 2 
1842 4 1858 215 F: 4 
1852 7 1880 34 F: 2 3 2 
1870 8 1886 359 F: 2 3 3 
1872 11 1894 41 F: 11 
1899 8 1915 213 F: 2 4 2 
1928 6 1952 473 F: 2 2 2 
1930 13 1943 113 F: 5 4 4 
1942 3 1951 464 F: 3 
1945 8 1961 258 F: 3 5 
1949 8 1981 398 F: 3 4 1 
1950 6 1974 164 F: 3 2 1 
1965 9 1992 56 F: 7 2 
1968 9 1977 491 F: 5 4 
1991 13 2030 157 F: 7 6 
1999 5 2014 132 F: 4 1 
2001 2 2009 41 F: 2 
2009 9 2045 149 F: 9 
2012 10 2022 493 F: 10 
2024 7 2038 71 F: 5 1 1 
2052 8 2060 376 F: 8 
2062 8 2094 167 F: 2 6 
2063 9 2099 161 F: 5 3 1 
2064 6 2070 113 F: 6 
2084 12 2108 79 F: 12 
2091 9 2109 326 F: 9 
2100 9 2127 38 F: 4 3 2 
2106 5 2121 145 F: 4 1 
2109 7 2130 123 F: 2 5 
2126 9 2153 406 F: 5 4 
2139 11 2150 277 F: 11 
2147 12 2171 435 F: 12 
2149 2 2157 137 F: 2 
2168 11 2201 470 F: 11 
2197 10 2217 369 F: 10 
2198 10 2218 434 F: 4 2 4 
2201 6 2219 222 F: 5 1 
2215 3 2227 475 F: 3 
2234 8 2266 475 F: 4 2 2 
2237 9 2255 476 F: 5 4 
2239 10 2279 21 F: 4 4 2 
2241 7 2248 9 F: 7 
2244 9 2280 112 F: 9 
2259 6 2283 92 F: 2 1 3 
2277 7 2298 74 F: 2 5 
2286 11 2319 391 F: 4 3 4 
2314 7 2321 221 F: 7 
2320 7 2327 42 F: 7 
2334 7 2362 79 F: 3 2 2 
2354 10 2374 92 F: 10 
2361 4 2373 168 F: 2 2 
2362 7 2383 279 F: 3 4 
2367 5 2387 306 F: 2 3 
2367 10 2407 161 F: 4 2 4 
2385 11 2429 390 F: 5 2 4 
2394 10 2424 278 F: 3 3 4 
2409 9 2445 459 F: 3 6 
2420 8 2436 159 F: 8 
2423 10 2443 274 F: 10 
2428 6 2446 382 F: 6 
2432 3 2435 383 F: 2 1 
2439 12 2451 17 F: 12 
2459 11 2503 427 F: 7 4 
2464 9 2500 56 F: 3 6 
2468 10 2508 164 F: 6 4 
2470 9 2497 393 F: 5 4 
2533 7 2547 224 F: 2 4 1 
2535 6 2553 256 F: 2 4 
2535 7 2556 447 F: 4 1 2 
2564 5 2579 176 F: 2 3 
2571 13 2610 276 F: 13 
2573 9 2609 391 F: 9 
2573 13 2586 28 F: 13 
2576 7 2590 488 F: 3 4 
2589 6 2601 358 F: 2 2 2 
2596 11 2607 191 F: 11 
2600 7 2621 54 F: 3 1 3 
2618 3 2621 336 F: 3 
2630 8 2646 174 F: 2 2 4 
2635 7 2642 108 F: 6 1 
2650 12 2686 335 F: 7 5 
2670 7 2691 187 F: 3 4 
2683 8 2715 437 F: 3 5 
2685 8 2709 296 F: 2 2 4 
2693 6 2717 232 F: 5 1 
2698 7 2712 148 F: 4 3 
2707 6 2731 72 F: 2 2 2 
2716 4 2732 242 F: 3 1 
2717 2 2723 264 F: 2 
2720 11 2731 233 F: 4 3 4 
2764 8 2788 303 F: 4 4 
2767 4 2783 80 F: 3 1 
2771 3 2783 185 F: 3 
2782 7 2810 430 F: 2 5 
2786 6 2792 240 F: 6 
2791 3 2797 309 F: 2 1 
2804 6 2810 331 F: 6 
2808 8 2824 1 F: 3 5 
2810 6 2816 478 F: 4 1 1 
2824 7 2852 194 F: 5 1 1 
2843 8 2851 462 F: 4 2 2 
2872 6 2890 452 F: 6 
2872 7 2886 459 F: 2 5 
2876 5 2896 376 F: 5 
2879 13 2918 464 F: 13 
2886 9 2922 240 F: 5 4 
2904 8 2928 5 F: 2 2 4 
2929 8 2937 455 F: 8 
2933 8 2965 154 F: 6 2 
2945 5 2955 225 F: 5 
2946 12 2982 257 F: 6 6 
2965 3 2968 498 F: 3 
2966 9 3002 492 F: 2 3 4 
2973 8 3005 131 F: 8 
2982 6 2994 419 F: 5 1 
2997 6 3015 418 F: 5 1 
3018 12 3054 123 F: 12 
3023 10 3033 126 F: 5 3 2 
3048 8 3056 98 F: 5 3 
3055 9 3091 97 F: 3 2 4 
3055 13 3081 27 F: 5 4 4 
3066 2 3074 487 F: 2 
3067 10 3087 279 F: 5 4 1 
3073 12 3085 105 F: 6 6 
3084 10 3124 246 F: 5 2 3 
3092 10 3102 114 F: 10 
3108 4 3124 154 F: 4 
3112 7 3126 367 F: 7 
3127 10 3157 282 F: 5 3 2 
3134 13 3160 233 F: 7 6 
3136 7 3157 406 F: 4 2 1 
3138 8 3154 36 F: 2 2 4 
3154 9 3163 416 F: 9 
3162 6 3168 290 F: 6 
3180 9 3207 438 F: 2 4 3 
3189 9 3207 134 F: 5 4 
3206 9 3233 324 F: 6 3 
3208 4 3220 125 F: 4 
3208 9 3217 110 F: 4 1 4 
3221 12 3269 66 F: 12 
3226 9 3235 276 F: 7 2 
3252 7 3259 270 F: 7 
3259 7 3273 277 F: 5 2 
3279 6 3285 81 F: 3 2 1 
3281 13 3307 352 F: 13 
3282 11 3315 344 F: 4 4 3 
3303 3 3306 135 F: 3 
3308 3 3311 301 F: 3 
3337 4 3349 27 F: 4 
3353 6 3365 57 F: 3 2 1 
3358 11 3369 434 F: 5 4 2 
3373 5 3383 104 F: 2 3 
3387 5 3407 140 F: 2 2 1 
3389 7 3410 313 F: 6 1 
3390 5 3395 145 F: 5 
3391 7 3405 7 F: 7 
3408 12 3444 473 F: 7 5 
3412 8 3436 152 F: 3 5 
3424 4 3432 191 F: 4 
3440 9 3467 497 F: 2 4 3 
3451 13 3464 426 F: 13 
3461 3 3467 182 F: 3 
3466 11 3488 437 F: 6 5 
3467 7 3474 42 F: 3 3 1 
3469 5 3479 456 F: 2 3 
3473 3 3482 364 F: 3 
3505 10 3545 398 F: 5 3 2 
3512 9 3539 469 F: 3 3 3 
3520 10 3530 7 F: 7 3 
3527 8 3551 293 F: 2 3 3 
3533 12 3545 211 F: 7 5 
3539 5 3554 418 F: 2 2 1 
3566 9 3602 75 F: 9 
3572 11 3594 467 F: 5 4 2 
3574 8 3598 439 F: 2 6 
3594 10 3624 401 F: 10 
3604 8 3612 388 F: 5 1 2 
3606 8 3630 289 F: 2 6 
3613 9 3631 306 F: 9 
3627 11 3671 469 F: 11 
3642 7 3663 434 F: 2 4 1 
3645 8 3677 291 F: 7 1 
3666 10 3686 291 F: 5 5 
3688 7 3716 154 F: 4 3 
3690 12 3702 221 F: 12 
3696 10 3716 137 F: 4 6 
3707 6 3731 32 F: 2 1 3 
3722 7 3743 224 F: 5 2 
3729 4 3745 28 F: 4 
3729 9 3765 98 F: 9 
3749 8 3765 463 F: 2 2 4 
3766 4 3778 8 F: 4 
3768 8 3800 470 F: 2 6 
3769 9 3796 434 F: 5 1 3 
3772 13 3785 271 F: 13 
3781 6 3805 354 F: 6 
3805 11 3816 229 F: 5 6 
3807 6 3831 16 F: 4 2 
3818 3 3821 35 F: 3 
3831 8 3839 153 F: 4 2 2 
3877 2 3885 95 F: 2 
3883 11 3894 131 F: 11 
3892 9 3919 279 F: 2 3 4 
3893 11 3937 217 F: 11 
3895 8 3903 365 F: 8 
3898 8 3922 4 F: 3 4 1 
3931 5 3946 211 F: 5 
3933 6 3945 54 F: 3 3 
3938 8 3954 363 F: 8 
3946 5 3966 103 F: 4 1 
3951 11 3973 108 F: 4 4 3 
3951 12 3987 71 F: 5 3 4 
3960 10 4000 45 F: 6 4 
3961 12 3985 406 F: 6 6 
3985 6 4003 423 F: 6 
3986 6 4010 10 F: 6 
4036 9 4072 148 F: 2 3 4 
4039 11 4050 375 F: 5 6 
4041 8 4065 209 F: 2 2 4 
4044 9 4080 102 F: 9 
4045 12 4093 113 F: 6 6 
4048 7 4069 74 F: 4 1 2 
4053 9 4089 203 F: 3 2 4 
4071 6 4089 316 F: 4 1 1 
4072 3 4084 338 F: 2 1 
4078 8 4086 338 F: 4 3 1 
4110 10 4140 419 F: 4 4 2 
4114 12 4150 155 F: 5 4 3 
4118 9 4127 117 F: 7 2 
4122 4 4126 418 F: 2 1 1 
4132 8 4140 317 F: 8 
4135 7 4142 313 F: 3 3 1 
4161 8 4193 129 F: 8 
4172 10 4182 331 F: 2 4 4 
4176 6 4200 303 F: 3 2 1 
4180 13 4206 118 F: 13 
4210 7 4238 486 F: 5 2 
4218 11 4262 386 F: 6 5 
4231 7 4252 34 F: 5 2 
4242 6 4248 194 F: 6 
4249 8 4273 399 F: 4 2 2 
4251 6 4257 80 F: 3 3 
4256 11 4278 328 F: 11 
4278 10 4298 352 F: 5 2 3 
4289 12 4325 260 F: 5 4 3 
4293 7 4300 317 F: 4 3 
4318 10 4348 483 F: 4 3 3 
4329 11 4340 134 F: 5 3 3 
4339 8 4371 134 F: 4 3 1 
4346 5 4361 50 F: 4 1 
4347 11 4369 334 F: 11 
4373 7 4387 140 F: 7 
4383 9 4419 439 F: 7 2 
4386 7 4393 429 F: 2 2 3 
4388 3 4400 136 F: 3 
4388 11 4421 94 F: 5 4 2 
4402 7 4416 325 F: 6 1 
4437 7 4465 214 F: 3 2 2 
4444 9 4480 437 F: 3 2 4 
4445 8 4461 71 F: 8 
4447 8 4455 191 F: 5 2 1 
4459 7 4487 62 F: 2 3 2 
4463 6 4469 393 F: 4 2 
4475 11 4486 295 F: 11 
4496 13 4509 477 F: 5 4 4 
4499 12 4523 4 F: 6 6 
4510 8 4534 422 F: 5 3 
4514 8 4546 319 F: 7 1 
4515 9 4551 215 F: 4 1 4 
4520 11 4542 220 F: 5 2 4 
4527 2 4535 500 F: 2 
4527 10 4567 394 F: 5 1 4 
4548 6 4560 307 F: 3 1 2 
4558 9 4585 63 F: 4 4 1 
4561 7 4582 368 F: 3 4 
4562 11 4595 102 F: 11 
4608 9 4617 111 F: 5 2 2 
4613 10 4633 263 F: 3 4 3 
4621 4 4633 184 F: 2 2 
4621 9 4648 307 F: 4 4 1 
4648 9 4666 388 F: 4 4 1 
4651 6 4669 103 F: 5 1 
4673 10 4683 100 F: 4 3 3 
4681 8 4697 249 F: 6 2 
4682 7 4710 274 F: 6 1 
4688 8 4704 320 F: 5 3 
4708 4 4716 379 F: 4 
4709 4 4721 361 F: 3 1 
4745 9 4772 315 F: 3 4 2 
4756 13 4808 142 F: 13 
4769 11 4813 394 F: 6 5 
4782 12 4830 68 F: 12 
4788 9 4797 430 F: 2 4 3 
4791 10 4831 241 F: 5 1 4 
4792 6 4810 167 F: 6 
4792 11 4836 238 F: 4 4 3 
4800 8 4832 417 F: 7 1 
4816 8 4840 95 F: 2 2 4 
4820 5 4825 87 F: 2 3 
4824 2 4826 244 F: 2 
4841 8 4873 12 F: 2 3 3 
4845 12 4857 45 F: 12 
4847 13 4886 10 F: 13 
4866 10 4896 193 F: 4 6 
4872 2 4874 199 F: 2 
4890 10 4930 157 F: 2 4 4 
4906 6 4912 35 F: 5 1 
4922 8 4938 144 F: 2 2 4 
4923 6 4941 323 F: 2 4 
4936 10 4966 393 F: 10 
4953 10 4993 76 F: 6 4 
4964 6 4976 244 F: 4 2 
4983 6 4989 450 F: 3 2 1 
4990 6 5014 353 F: 6 
4990 13 5003 385 F: 7 6 
4999 9 5017 342 F: 9 
D: 5 331 
D: 7 84 
D: 10 192 
D: 11 112 
D: 17 53 
D: 17 128 
D: 23 388 
D: 29 58 
D: 35 394 
D: 45 156 
D: 47 148 
D: 55 62 
D: 91 475 
D: 93 476 
D: 96 276 
D: 97 152 
D: 101 164 
D: 102 243 
D: 114 425 
D: 115 331 
D: 122 210 
D: 144 447 
D: 144 489 
D: 151 447 
D: 189 443 
D: 191 361 
D: 192 252 
D: 194 488 
D: 197 273 
D: 197 331 
D: 219 338 
D: 230 352 
D: 235 309 
D: 236 472 
D: 248 486 
D: 263 266 
D: 283 478 
D: 322 394 
D: 327 414 
D: 331 371 
D: 356 498 
D: 371 417 
D: 375 449 
D: 375 467 
D: 400 443 
D: 401 471 
D: 407 412 
D: 408 485 
D: 429 430 
D: 473 495 
