41 3 47 266 F: 2 1 
46 9 55 377 F: 5 1 3 
56 10 96 234 F: 4 6 
66 11 99 67 F: 4 4 3 
70 5 85 97 F: 2 1 2 
70 13 122 389 F: 5 4 4 
72 9 90 270 F: 3 4 2 
79 7 86 21 F: 3 4 
79 10 119 416 F: 4 3 3 
88 11 110 477 F: 5 2 4 
105 4 109 84 F: 2 1 1 
105 8 129 380 F: 5 2 1 
116 6 140 401 F: 2 4 
122 8 138 81 F: 3 1 4 
131 10 171 293 F: 4 6 
145 7 173 46 F: 6 1 
171 11 215 303 F: 5 6 
184 8 216 271 F: 5 3 
197 11 208 6 F: 5 6 
198 7 226 406 F: 7 
203 9 212 113 F: 9 
219 8 227 262 F: 2 3 3 
242 5 257 50 F: 5 
262 4 274 400 F: 4 
264 2 268 348 F: 2 
264 7 292 291 F: 2 4 1 
272 13 324 31 F: 13 
275 11 308 401 F: 5 6 
288 5 303 376 F: 5 
292 5 312 383 F: 2 1 2 
301 8 333 244 F: 4 2 2 
304 3 313 271 F: 2 1 
308 13 347 446 F: 7 6 
311 5 316 68 F: 3 2 
319 12 367 477 F: 12 
334 12 370 253 F: 12 
348 13 361 201 F: 7 6 
352 10 372 241 F: 2 4 4 
374 8 398 192 F: 2 6 
377 2 381 251 F: 2 
427 12 475 291 F: 4 4 4 
431 5 436 74 F: 5 
435 8 443 116 F: 4 1 3 
442 7 463 45 F: 2 4 1 
448 2 450 399 F: 2 
453 3 459 54 F: 2 1 
456 8 464 405 F: 5 2 1 
481 6 487 447 F: 4 1 1 
491 9 500 58 F: 9 
498 12 546 162 F: 12 
502 8 526 29 F: 2 2 4 
511 9 538 264 F: 9 
525 5 545 172 F: 2 3 
528 11 539 23 F: 5 6 
531 7 552 234 F: 5 1 1 
538 10 558 295 F: 6 4 
551 10 581 218 F: 2 4 4 
562 4 566 327 F: 4 
571 9 589 449 F: 2 4 3 
576 8 592 427 F: 3 2 3 
616 7 630 221 F: 7 
621 9 648 99 F: 4 5 
631 6 643 401 F: 4 2 
636 6 654 8 F: 2 4 
662 4 670 339 F: 2 2 
669 11 691 131 F: 4 4 3 
670 7 684 384 F: 4 1 2 
673 12 709 195 F: 4 4 4 
687 8 711 338 F: 3 4 1 
694 2 696 353 F: 2 
709 7 737 418 F: 2 3 2 
710 8 726 233 F: 5 3 
712 12 748 6 F: 6 6 
717 9 735 147 F: 2 3 4 
745 13 784 174 F: 13 
747 8 755 79 F: 5 1 2 
757 5 767 258 F: 5 
771 8 803 249 F: 3 2 3 
782 9 809 202 F: 7 2 
797 13 836 346 F: 13 
802 12 838 282 F: 12 
803 3 812 98 F: 3 
837 6 861 52 F: 2 2 2 
842 6 854 373 F: 3 1 2 
859 5 864 120 F: 3 2 
861 8 885 489 F: 8 
862 7 890 239 F: 7 
876 5 891 239 F: 5 
878 7 899 357 F: 4 1 2 
893 12 941 31 F: 12 
900 5 910 181 F: 2 1 2 
913 5 933 203 F: 3 2 
921 9 939 21 F: 7 2 
929 8 961 473 F: 6 2 
950 8 982 252 F: 8 
953 9 971 383 F: 3 2 4 
960 9 996 93 F: 5 3 1 
965 13 1017 101 F: 13 
982 8 990 45 F: 4 4 
999 10 1039 474 F: 4 3 3 
1000 11 1011 60 F: 11 
1006 7 1020 294 F: 6 1 
1035 7 1042 231 F: 3 4 
1047 6 1053 450 F: 5 1 
1053 6 1059 303 F: 6 
1066 3 1069 108 F: 2 1 
1084 10 1114 329 F: 4 3 3 
1089 11 1111 494 F: 3 4 4 
1090 8 1122 417 F: 5 3 
1094 9 1130 141 F: 9 
1108 3 1114 369 F: 2 1 
1109 3 1112 39 F: 3 
1118 6 1142 305 F: 2 4 
1136 11 1147 40 F: 11 
1147 6 1159 349 F: 2 1 3 
1155 12 1167 318 F: 7 5 
1157 6 1169 265 F: 2 1 3 
1182 9 1209 387 F: 6 3 
1198 8 1214 343 F: 4 4 
1199 2 1203 8 F: 2 
1212 6 1236 290 F: 2 1 3 
1214 10 1224 180 F: 5 3 2 
1234 10 1274 414 F: 6 4 
1248 8 1280 148 F: 2 6 
1248 13 1300 85 F: 7 6 
1261 9 1270 316 F: 5 4 
1276 3 1285 311 F: 3 
1285 10 1325 398 F: 7 3 
1296 3 1299 428 F: 2 1 
1299 6 1305 54 F: 6 
1301 6 1313 469 F: 5 1 
1309 12 1333 66 F: 12 
1311 11 1333 237 F: 5 6 
1314 5 1319 493 F: 3 2 
1345 7 1352 301 F: 3 1 3 
1348 5 1353 36 F: 3 1 1 
1358 9 1394 59 F: 4 4 1 
1368 7 1396 90 F: 3 4 
1381 7 1402 297 F: 7 
1397 8 1429 71 F: 4 3 1 
1406 6 1430 94 F: 6 
1411 10 1441 172 F: 7 3 
1412 7 1440 428 F: 2 3 2 
1417 8 1425 26 F: 6 2 
1453 8 1485 171 F: 2 2 4 
1465 12 1501 392 F: 12 
1484 11 1495 197 F: 6 5 
1492 9 1528 190 F: 6 3 
1493 9 1511 412 F: 3 2 4 
1495 9 1513 184 F: 5 2 2 
1511 9 1538 405 F: 5 2 2 
1517 7 1531 436 F: 7 
1518 11 1551 123 F: 7 4 
1519 8 1551 480 F: 4 4 
1519 9 1555 401 F: 4 4 1 
1525 7 1546 410 F: 2 5 
1553 6 1559 358 F: 5 1 
1565 9 1583 103 F: 5 4 
1569 7 1583 268 F: 7 
1575 13 1588 303 F: 7 6 
1605 10 1625 147 F: 10 
1618 7 1625 65 F: 3 2 2 
1631 4 1643 424 F: 3 1 
1647 7 1661 464 F: 2 2 3 
1657 9 1666 101 F: 9 
1660 9 1696 497 F: 4 5 
1690 9 1708 263 F: 5 1 3 
1691 8 1699 404 F: 7 1 
1691 11 1713 223 F: 3 4 4 
1695 9 1722 141 F: 4 5 
1715 10 1745 110 F: 5 4 1 
1719 6 1743 60 F: 4 1 1 
1724 7 1731 250 F: 6 1 
1728 9 1764 368 F: 2 3 4 
1731 5 1736 231 F: 3 2 
1758 7 1765 231 F: 5 2 
1769 3 1772 122 F: 3 
1778 12 1814 407 F: 12 
1794 5 1799 25 F: 5 
1797 13 1823 210 F: 5 4 4 
1811 11 1855 309 F: 4 3 4 
1817 11 1850 273 F: 7 4 
1820 12 1832 235 F: 12 
1822 5 1832 206 F: 5 
1828 11 1850 436 F: 11 
1835 9 1853 416 F: 9 
1847 7 1868 426 F: 5 2 
1875 8 1891 494 F: 4 2 2 
1885 4 1893 131 F: 3 1 
1887 9 1905 220 F: 7 2 
1902 11 1924 377 F: 5 6 
1919 9 1946 322 F: 4 5 
1935 9 1962 176 F: 6 3 
1954 7 1968 62 F: 3 1 3 
1979 7 2007 180 F: 5 2 
1982 11 2026 303 F: 6 5 
1990 13 2042 253 F: 5 4 4 
1991 9 2009 252 F: 4 4 1 
1992 10 2002 339 F: 10 
1995 5 2005 197 F: 3 2 
2004 7 2018 362 F: 3 2 2 
2007 3 2010 28 F: 2 1 
2012 10 2052 360 F: 4 6 
2013 12 2037 203 F: 6 6 
2025 10 2045 285 F: 10 
2036 7 2064 451 F: 5 1 1 
2044 10 2084 256 F: 6 4 
2052 10 2062 104 F: 4 3 3 
2073 8 2097 269 F: 3 1 4 
2095 11 2139 431 F: 11 
2101 9 2119 26 F: 9 
2127 3 2133 254 F: 3 
2134 11 2167 322 F: 6 5 
2137 10 2167 155 F: 5 3 2 
2148 11 2192 434 F: 5 3 3 
2152 13 2191 207 F: 13 
2159 9 2195 357 F: 4 5 
2166 6 2172 222 F: 2 1 3 
2174 13 2226 151 F: 13 
2186 11 2219 148 F: 4 3 4 
2221 12 2257 324 F: 6 6 
2223 12 2271 406 F: 12 
2226 7 2254 208 F: 5 2 
2231 8 2239 424 F: 4 3 1 
2253 10 2283 209 F: 7 3 
2257 6 2275 497 F: 2 3 1 
2258 11 2302 6 F: 11 
2262 13 2314 130 F: 13 
2280 7 2308 85 F: 3 2 2 
2294 6 2318 234 F: 4 2 
2304 7 2332 256 F: 4 3 
2323 12 2335 454 F: 4 4 4 
2328 9 2346 61 F: 7 2 
2349 7 2377 487 F: 7 
2352 6 2358 97 F: 2 3 1 
2356 9 2374 8 F: 3 6 
2370 3 2376 460 F: 2 1 
2376 6 2400 130 F: 2 3 1 
2384 7 2398 313 F: 4 3 
2398 5 2408 266 F: 5 
2425 5 2430 487 F: 5 
2437 10 2467 54 F: 10 
2438 12 2450 327 F: 5 4 3 
2454 11 2476 327 F: 5 2 4 
2454 12 2466 167 F: 6 6 
2468 9 2477 342 F: 5 1 3 
2476 11 2520 413 F: 5 2 4 
2490 9 2508 478 F: 6 3 
2491 4 2495 458 F: 2 2 
2491 10 2521 213 F: 10 
2501 8 2533 365 F: 3 3 2 
2505 3 2514 187 F: 3 
2513 8 2521 375 F: 5 3 
2515 10 2535 195 F: 7 3 
2517 11 2539 458 F: 7 4 
2547 12 2571 297 F: 4 4 4 
2548 6 2566 425 F: 4 1 1 
2552 11 2574 284 F: 11 
2557 4 2565 346 F: 4 
2594 3 2597 376 F: 3 
2616 5 2631 20 F: 5 
2618 9 2654 116 F: 7 2 
2625 3 2631 41 F: 3 
2627 4 2643 325 F: 4 
2633 10 2643 414 F: 3 3 4 
2637 8 2661 263 F: 2 6 
2645 7 2666 81 F: 2 4 1 
2659 10 2699 101 F: 7 3 
2673 3 2685 271 F: 3 
2698 6 2704 83 F: 6 
2712 11 2723 435 F: 3 4 4 
2724 3 2727 411 F: 3 
2727 11 2760 304 F: 6 5 
2728 6 2752 23 F: 3 3 
2741 6 2747 364 F: 3 1 2 
2747 11 2769 327 F: 4 3 4 
2759 4 2771 427 F: 4 
2763 9 2772 392 F: 7 2 
2790 2 2796 361 F: 2 
2793 2 2799 465 F: 2 
2815 6 2839 142 F: 6 
2827 7 2855 278 F: 4 3 
2829 8 2845 339 F: 8 
2831 5 2846 156 F: 2 3 
2835 12 2871 30 F: 12 
2848 12 2884 129 F: 7 5 
2850 13 2876 287 F: 13 
2856 11 2867 201 F: 11 
2858 9 2867 462 F: 9 
2866 9 2884 332 F: 9 
2915 4 2919 394 F: 4 
2925 9 2934 21 F: 3 3 3 
2941 7 2969 74 F: 4 1 2 
2942 9 2951 266 F: 7 2 
2964 7 2985 210 F: 3 3 1 
2970 6 2982 192 F: 2 2 2 
2977 9 3004 90 F: 3 6 
2987 9 3014 171 F: 3 3 3 
2987 13 3026 34 F: 5 4 4 
2990 5 3000 437 F: 3 2 
3003 3 3006 271 F: 3 
3017 3 3026 64 F: 3 
3023 10 3043 409 F: 4 3 3 
3043 8 3051 283 F: 6 2 
3043 8 3075 64 F: 4 2 2 
3058 10 3088 465 F: 7 3 
3075 8 3091 318 F: 4 4 
3080 9 3116 374 F: 7 2 
3080 10 3110 77 F: 4 4 2 
3094 13 3146 403 F: 13 
3114 2 3122 107 F: 2 
3129 9 3156 385 F: 3 2 4 
3138 2 3140 298 F: 2 
3146 8 3170 433 F: 4 3 1 
3149 5 3169 24 F: 2 1 2 
3152 9 3170 423 F: 4 4 1 
3160 8 3184 209 F: 8 
3170 6 3176 291 F: 6 
3191 8 3223 7 F: 7 1 
3192 8 3224 305 F: 5 3 
3208 8 3216 155 F: 7 1 
3210 7 3231 212 F: 3 3 1 
3220 7 3234 195 F: 3 4 
3226 13 3252 169 F: 13 
3248 12 3296 137 F: 12 
3263 4 3267 256 F: 4 
3267 8 3299 323 F: 4 1 3 
3279 9 3297 346 F: 5 4 
3283 9 3310 25 F: 4 1 4 
3289 8 3305 34 F: 3 2 3 
3318 5 3333 400 F: 5 
3337 8 3353 95 F: 3 2 3 
3348 11 3359 424 F: 4 4 3 
3350 3 3359 342 F: 3 
3358 7 3372 243 F: 2 5 
3361 13 3374 306 F: 13 
3364 3 3373 57 F: 3 
3378 11 3411 25 F: 5 3 3 
3387 11 3409 195 F: 5 2 4 
3387 12 3399 478 F: 6 6 
3401 6 3407 54 F: 4 2 
3409 11 3442 337 F: 11 
3444 2 3448 247 F: 2 
3449 2 3457 469 F: 2 
3457 10 3487 436 F: 7 3 
3465 9 3501 400 F: 3 2 4 
3467 6 3491 54 F: 3 1 2 
3472 12 3496 355 F: 6 6 
3486 5 3506 487 F: 2 3 
3490 6 3502 428 F: 3 3 
3500 6 3506 237 F: 2 3 1 
3504 10 3514 5 F: 3 4 3 
3513 11 3535 476 F: 5 2 4 
3515 9 3542 118 F: 3 4 2 
3518 3 3521 392 F: 3 
3518 5 3533 243 F: 5 
3540 4 3556 432 F: 4 
3543 8 3567 316 F: 5 3 
3549 11 3571 379 F: 4 4 3 
3553 12 3601 320 F: 7 5 
3605 5 3625 119 F: 3 1 1 
3608 9 3644 190 F: 5 3 1 
3616 12 3628 116 F: 6 6 
3627 11 3638 177 F: 7 4 
3642 9 3660 66 F: 5 2 2 
3656 10 3686 136 F: 10 
3666 10 3676 156 F: 5 1 4 
3674 8 3690 27 F: 2 6 
3678 11 3700 307 F: 5 2 4 
3693 11 3704 192 F: 11 
3711 13 3724 230 F: 7 6 
3713 11 3735 311 F: 4 3 4 
3716 6 3740 18 F: 4 2 
3717 6 3741 347 F: 2 4 
3721 5 3731 390 F: 4 1 
3746 8 3754 53 F: 4 4 
3763 3 3766 246 F: 3 
3766 6 3790 334 F: 6 
3779 7 3786 257 F: 4 3 
3790 8 3806 340 F: 3 1 4 
3810 2 3814 73 F: 2 
3813 9 3831 193 F: 7 2 
3820 9 3829 343 F: 6 3 
3827 8 3851 300 F: 4 3 1 
3831 7 3838 56 F: 7 
3846 11 3868 84 F: 11 
3853 2 3861 174 F: 2 
3858 6 3870 23 F: 5 1 
3867 6 3891 202 F: 3 2 1 
3881 11 3903 357 F: 5 2 4 
3909 9 3927 482 F: 2 3 4 
3913 11 3924 309 F: 7 4 
3914 10 3924 389 F: 7 3 
3921 9 3939 485 F: 5 3 1 
3928 10 3958 65 F: 5 3 2 
3933 10 3953 290 F: 10 
3945 9 3981 166 F: 4 5 
3950 3 3962 250 F: 2 1 
3971 8 4003 446 F: 4 2 2 
3972 4 3980 367 F: 4 
4005 8 4029 415 F: 3 5 
4007 8 4015 206 F: 3 4 1 
4012 2 4018 403 F: 2 
4042 8 4074 160 F: 4 2 2 
4044 9 4062 351 F: 7 2 
4045 12 4093 293 F: 12 
4053 13 4092 483 F: 13 
4062 12 4074 2 F: 12 
4072 9 4090 340 F: 5 1 3 
4078 10 4118 327 F: 4 6 
4106 3 4112 189 F: 3 
4108 6 4114 342 F: 3 3 
4110 11 4154 427 F: 6 5 
4128 10 4158 476 F: 10 
4134 8 4150 476 F: 2 6 
4155 11 4177 422 F: 11 
4156 8 4188 464 F: 6 2 
4168 9 4204 427 F: 3 4 2 
4186 5 4196 100 F: 5 
4198 6 4216 235 F: 3 1 2 
4213 8 4245 385 F: 2 4 2 
4215 10 4225 496 F: 4 3 3 
4224 8 4240 175 F: 5 1 2 
4227 11 4238 132 F: 6 5 
4242 9 4278 158 F: 7 2 
4253 9 4289 254 F: 5 1 3 
4257 10 4267 106 F: 3 4 3 
4257 10 4297 301 F: 6 4 
4265 13 4317 115 F: 13 
4287 3 4293 220 F: 3 
4304 2 4310 384 F: 2 
4305 9 4341 130 F: 6 3 
4311 13 4324 429 F: 13 
4319 12 4355 30 F: 12 
4323 12 4371 340 F: 6 6 
4326 6 4338 379 F: 3 3 
4333 6 4357 111 F: 6 
4346 5 4361 85 F: 2 2 1 
4352 8 4368 49 F: 6 2 
4372 9 4399 373 F: 7 2 
4415 8 4447 472 F: 6 2 
4430 6 4454 195 F: 6 
4434 5 4454 151 F: 2 3 
4440 5 4450 452 F: 5 
4445 9 4472 175 F: 7 2 
4454 5 4459 327 F: 3 2 
4460 11 4504 107 F: 3 4 4 
4475 5 4480 361 F: 2 2 1 
4477 3 4483 289 F: 3 
4487 13 4500 178 F: 5 4 4 
4509 7 4530 48 F: 7 
4512 9 4539 100 F: 2 4 3 
4551 13 4603 258 F: 13 
4560 8 4576 263 F: 6 2 
4574 7 4588 365 F: 3 4 
4575 13 4627 140 F: 13 
4579 10 4609 369 F: 5 3 2 
4582 12 4606 181 F: 6 6 
4590 5 4610 493 F: 5 
4593 11 4626 366 F: 4 3 4 
4605 12 4641 71 F: 12 
4610 8 4626 65 F: 4 4 
4634 6 4652 429 F: 4 2 
4644 9 4653 361 F: 3 6 
4646 2 4648 128 F: 2 
4652 7 4666 440 F: 4 3 
4654 10 4664 249 F: 4 6 
4665 9 4701 453 F: 9 
4673 8 4689 281 F: 3 1 4 
4683 8 4699 460 F: 8 
4702 10 4712 277 F: 3 3 4 
4710 11 4721 217 F: 11 
4713 10 4753 292 F: 10 
4723 10 4763 119 F: 4 3 3 
4729 3 4741 20 F: 2 1 
4729 7 4743 420 F: 4 2 1 
4734 10 4754 236 F: 10 
4746 10 4756 332 F: 5 2 3 
4771 7 4799 321 F: 2 5 
4798 11 4809 154 F: 7 4 
4800 5 4820 44 F: 5 
4815 12 4827 194 F: 12 
4833 13 4872 495 F: 5 4 4 
4839 8 4847 379 F: 4 2 2 
4847 7 4875 283 F: 5 1 1 
4860 12 4884 49 F: 12 
4869 8 4893 179 F: 6 2 
4873 9 4882 262 F: 9 
4896 10 4926 394 F: 10 
4897 2 4899 314 F: 2 
4902 8 4918 351 F: 2 2 4 
4911 5 4921 367 F: 2 3 
4914 6 4920 20 F: 4 1 1 
4918 8 4942 384 F: 5 1 2 
4922 10 4952 84 F: 3 3 4 
4932 5 4942 455 F: 4 1 
4938 8 4954 496 F: 8 
4941 13 4967 157 F: 13 
4960 5 4980 208 F: 4 1 
4991 8 5015 397 F: 2 3 3 
D: 3 203 
D: 8 102 
D: 8 287 
D: 16 340 
D: 18 136 
D: 28 410 
D: 30 248 
D: 39 98 
D: 47 49 
D: 51 130 
D: 53 490 
D: 55 265 
D: 57 261 
D: 77 332 
D: 90 252 
D: 98 232 
D: 99 425 
D: 101 240 
D: 103 480 
D: 107 439 
D: 110 390 
D: 117 243 
D: 121 353 
D: 123 453 
D: 150 357 
D: 164 352 
D: 178 461 
D: 181 409 
D: 195 249 
D: 196 485 
D: 197 334 
D: 224 348 
D: 238 306 
D: 243 253 
D: 248 321 
D: 256 299 
D: 258 306 
D: 266 429 
D: 273 445 
D: 274 331 
D: 274 411 
D: 336 497 
D: 356 368 
D: 374 406 
D: 379 498 
D: 397 477 
D: 398 486 
D: 401 490 
D: 404 473 
D: 410 432 
