6 13 45 11 F: 5 4 4 
8 10 48 22 F: 10 
10 10 40 7 F: 10 
29 10 69 27 F: 5 4 1 
56 6 68 48 F: 6 
61 12 73 13 F: 6 6 
70 4 78 44 F: 4 
72 12 108 46 F: 5 4 3 
78 10 118 41 F: 10 
91 9 127 27 F: 7 2 
119 9 146 46 F: 5 3 1 
125 8 149 29 F: 3 1 4 
127 4 131 48 F: 4 
128 8 144 25 F: 2 4 2 
145 8 177 49 F: 3 4 1 
150 11 172 15 F: 4 3 4 
166 10 186 50 F: 7 3 
167 6 185 37 F: 4 1 1 
184 8 200 18 F: 2 4 2 
188 2 196 39 F: 2 
209 6 215 43 F: 4 2 
223 9 259 29 F: 9 
225 9 243 13 F: 2 3 4 
243 9 261 16 F: 7 2 
249 9 276 48 F: 4 5 
250 7 257 20 F: 3 4 
261 9 288 42 F: 7 2 
273 10 283 14 F: 7 3 
292 8 300 7 F: 4 4 
297 12 345 38 F: 5 3 4 
312 7 340 41 F: 3 1 3 
314 11 336 49 F: 6 5 
328 7 349 44 F: 2 5 
332 10 352 25 F: 5 4 1 
349 8 373 32 F: 8 
356 9 392 14 F: 6 3 
362 6 380 32 F: 6 
381 7 395 46 F: 6 1 
383 10 413 24 F: 5 5 
393 4 409 43 F: 4 
400 11 444 31 F: 3 4 4 
404 11 437 26 F: 3 4 4 
422 8 454 9 F: 7 1 
435 7 463 29 F: 3 4 
439 9 466 16 F: 5 1 3 
440 11 451 31 F: 11 
473 10 513 34 F: 7 3 
483 4 491 29 F: 3 1 
487 6 493 42 F: 6 
499 6 505 23 F: 2 4 
D: 3 10 
D: 4 23 
D: 11 43 
D: 20 49 
D: 40 38 
