14 5 29 54 F: 5 
18 6 24 254 F: 2 4 
38 6 50 488 F: 2 4 
40 4 48 430 F: 2 2 
43 8 59 481 F: 5 1 2 
46 8 78 486 F: 4 2 2 
55 8 63 202 F: 8 
59 6 77 214 F: 2 4 
62 2 64 263 F: 2 
92 2 94 490 F: 2 
103 7 117 263 F: 3 2 2 
118 6 142 115 F: 3 2 1 
133 6 157 270 F: 2 4 
134 12 158 487 F: 6 6 
151 10 171 220 F: 3 3 4 
152 4 164 35 F: 2 1 1 
174 9 201 488 F: 4 2 3 
194 10 214 283 F: 10 
195 3 198 418 F: 2 1 
198 13 237 113 F: 13 
200 2 206 433 F: 2 
204 9 240 194 F: 3 4 2 
222 9 249 291 F: 4 3 2 
225 4 241 381 F: 4 
231 6 237 133 F: 5 1 
270 4 282 479 F: 2 2 
270 5 275 303 F: 4 1 
277 4 281 257 F: 4 
279 4 295 497 F: 3 1 
280 8 288 423 F: 3 5 
332 9 368 9 F: 5 3 1 
333 7 347 82 F: 7 
348 10 378 209 F: 5 1 4 
354 7 375 344 F: 2 1 4 
370 2 374 356 F: 2 
374 12 410 261 F: 4 4 4 
375 9 411 339 F: 4 5 
384 8 408 115 F: 7 1 
388 8 404 124 F: 3 3 2 
399 4 407 129 F: 4 
413 10 443 36 F: 7 3 
423 11 434 187 F: 5 4 2 
431 8 463 424 F: 8 
438 10 478 421 F: 10 
452 5 472 209 F: 5 
453 7 474 65 F: 3 1 3 
459 11 503 317 F: 3 4 4 
483 9 510 59 F: 9 
489 11 500 20 F: 11 
494 8 518 59 F: 3 2 3 
509 9 527 182 F: 3 6 
511 11 522 354 F: 11 
514 10 534 85 F: 5 3 2 
521 8 529 70 F: 7 1 
529 7 543 444 F: 2 3 2 
548 6 566 310 F: 2 2 2 
552 7 559 411 F: 2 2 3 
578 4 594 127 F: 2 1 1 
582 3 588 136 F: 3 
584 9 611 309 F: 7 2 
609 7 623 284 F: 3 4 
626 8 642 53 F: 5 1 2 
631 8 663 70 F: 4 3 1 
634 8 666 341 F: 5 1 2 
641 2 647 331 F: 2 
651 13 703 104 F: 13 
655 6 679 319 F: 2 4 
658 9 676 206 F: 3 3 3 
680 7 708 411 F: 2 2 3 
695 8 727 399 F: 8 
701 9 728 344 F: 3 6 
714 6 732 21 F: 6 
722 7 736 426 F: 7 
727 9 736 241 F: 9 
732 12 744 113 F: 4 4 4 
733 6 757 259 F: 2 1 3 
755 5 775 168 F: 2 1 2 
763 6 769 260 F: 6 
776 8 784 62 F: 8 
792 13 805 280 F: 13 
801 9 828 214 F: 4 4 1 
814 9 841 281 F: 7 2 
823 6 841 367 F: 5 1 
850 4 858 274 F: 4 
851 9 887 49 F: 9 
858 13 884 209 F: 13 
869 10 909 335 F: 5 2 3 
872 2 878 260 F: 2 
879 4 887 500 F: 2 2 
883 8 891 108 F: 3 3 2 
901 12 913 433 F: 12 
902 6 926 364 F: 2 1 3 
914 4 930 136 F: 4 
946 4 954 57 F: 2 2 
950 11 983 71 F: 11 
958 11 980 427 F: 6 5 
959 8 967 363 F: 2 2 4 
961 11 972 422 F: 7 4 
988 12 1012 299 F: 6 6 
994 12 1018 337 F: 7 5 
1000 7 1028 94 F: 4 1 2 
1013 10 1043 75 F: 10 
1030 5 1050 467 F: 4 1 
1036 13 1075 462 F: 7 6 
1046 9 1073 313 F: 9 
1051 2 1053 148 F: 2 
1077 2 1085 2 F: 2 
1078 6 1084 11 F: 2 4 
1081 7 1109 402 F: 2 5 
1082 11 1115 448 F: 11 
1108 10 1128 354 F: 10 
1111 8 1127 280 F: 3 5 
1120 7 1148 425 F: 7 
1133 5 1138 64 F: 5 
1140 6 1152 299 F: 6 
1162 9 1171 442 F: 3 6 
1163 9 1172 431 F: 3 2 4 
1163 12 1211 195 F: 4 4 4 
1191 8 1207 283 F: 8 
1198 8 1206 224 F: 4 3 1 
1208 12 1256 445 F: 5 3 4 
1208 13 1247 111 F: 13 
1219 8 1235 291 F: 2 6 
1225 3 1234 309 F: 3 
1244 12 1280 64 F: 12 
1250 9 1277 413 F: 2 3 4 
1272 4 1276 138 F: 4 
1275 9 1302 213 F: 5 1 3 
1277 12 1289 46 F: 12 
1291 8 1315 318 F: 5 3 
1333 7 1340 360 F: 7 
1338 8 1362 266 F: 5 1 2 
1342 9 1351 347 F: 5 4 
1348 7 1369 71 F: 2 1 4 
1349 10 1369 222 F: 10 
1350 10 1360 396 F: 3 4 3 
1355 9 1382 336 F: 6 3 
1355 12 1403 437 F: 7 5 
1380 13 1393 69 F: 13 
1397 10 1437 404 F: 7 3 
1402 7 1409 17 F: 4 3 
1403 13 1455 285 F: 7 6 
1423 11 1445 329 F: 11 
1433 8 1457 449 F: 8 
1434 6 1458 151 F: 3 1 2 
1443 12 1455 480 F: 7 5 
1447 8 1471 421 F: 5 2 1 
1450 8 1458 262 F: 5 3 
1454 7 1468 190 F: 4 1 2 
1498 10 1508 243 F: 3 3 4 
1536 6 1554 442 F: 2 4 
1539 9 1548 231 F: 5 3 1 
1541 7 1569 415 F: 2 3 2 
1549 9 1558 482 F: 6 3 
1555 5 1565 489 F: 2 3 
1557 10 1577 112 F: 4 2 4 
1580 8 1596 371 F: 3 5 
1583 9 1619 181 F: 7 2 
1594 8 1602 446 F: 4 4 
1598 10 1628 210 F: 5 2 3 
1605 7 1633 258 F: 3 1 3 
1617 5 1627 414 F: 5 
1632 8 1656 115 F: 8 
1635 8 1659 256 F: 7 1 
1636 9 1645 152 F: 3 2 4 
1643 8 1651 468 F: 8 
1646 11 1657 34 F: 7 4 
1649 5 1654 97 F: 2 2 1 
1668 10 1688 363 F: 10 
1680 9 1707 182 F: 9 
1716 5 1726 26 F: 3 2 
1720 11 1753 44 F: 11 
1725 11 1736 234 F: 11 
1744 6 1750 330 F: 3 1 2 
1752 6 1776 399 F: 3 3 
1755 8 1771 103 F: 2 3 3 
1758 11 1780 103 F: 4 3 4 
1759 10 1779 94 F: 10 
1778 8 1786 474 F: 5 3 
1794 12 1842 221 F: 5 4 3 
1803 7 1831 328 F: 7 
1823 7 1830 241 F: 7 
1841 9 1850 175 F: 3 2 4 
1842 8 1866 242 F: 5 2 1 
1855 6 1873 476 F: 3 1 2 
1864 7 1885 113 F: 7 
1867 8 1875 422 F: 2 3 3 
1869 7 1890 5 F: 3 3 1 
1876 5 1896 473 F: 3 1 1 
1878 6 1890 407 F: 3 2 1 
1900 8 1908 84 F: 4 4 
1902 9 1911 383 F: 5 2 2 
1907 4 1915 52 F: 4 
1914 3 1917 79 F: 3 
1921 7 1928 317 F: 7 
1938 4 1954 7 F: 2 2 
1947 7 1975 229 F: 4 3 
1950 9 1986 112 F: 9 
1952 7 1973 140 F: 6 1 
1982 5 1992 228 F: 3 1 1 
2004 5 2014 63 F: 5 
2009 13 2061 459 F: 7 6 
2015 6 2027 434 F: 5 1 
2027 9 2036 38 F: 4 4 1 
2036 4 2044 499 F: 4 
2051 7 2058 95 F: 4 2 1 
2088 7 2095 470 F: 7 
2088 8 2096 221 F: 8 
2092 8 2116 313 F: 4 2 2 
2094 9 2130 484 F: 5 2 2 
2100 9 2109 475 F: 3 3 3 
2115 6 2127 244 F: 2 2 2 
2119 8 2127 286 F: 2 4 2 
2119 8 2143 210 F: 3 1 4 
2123 6 2147 397 F: 6 
2144 3 2147 315 F: 2 1 
2154 7 2161 105 F: 5 2 
2164 9 2182 10 F: 2 4 3 
2170 8 2186 13 F: 3 1 4 
2183 5 2198 260 F: 2 2 1 
2202 5 2222 196 F: 5 
2213 8 2237 28 F: 3 1 4 
2213 9 2222 275 F: 3 3 3 
2231 3 2234 166 F: 3 
2243 6 2267 3 F: 2 1 3 
2243 9 2252 349 F: 5 2 2 
2289 8 2313 290 F: 4 1 3 
2294 4 2310 340 F: 2 1 1 
2296 10 2316 99 F: 10 
2296 13 2322 206 F: 7 6 
2317 13 2330 109 F: 5 4 4 
2318 5 2323 232 F: 3 2 
2338 6 2362 487 F: 6 
2360 6 2384 412 F: 5 1 
2370 9 2397 430 F: 2 3 4 
2374 10 2404 493 F: 3 3 4 
2381 5 2401 109 F: 5 
2383 6 2401 97 F: 2 4 
2395 11 2417 132 F: 11 
2398 11 2442 14 F: 3 4 4 
2411 6 2423 113 F: 4 1 1 
2426 8 2458 454 F: 3 3 2 
2430 9 2466 276 F: 9 
2449 8 2457 235 F: 6 2 
2454 10 2474 308 F: 5 2 3 
2454 10 2484 18 F: 5 5 
2463 7 2484 15 F: 4 2 1 
2473 9 2491 459 F: 4 5 
2488 13 2501 403 F: 13 
2492 4 2504 292 F: 4 
2503 10 2513 233 F: 10 
2516 7 2544 230 F: 5 1 1 
2520 12 2532 104 F: 12 
2522 8 2554 9 F: 2 6 
2531 6 2543 428 F: 3 3 
2531 10 2561 160 F: 3 4 3 
2542 8 2574 114 F: 2 4 2 
2542 10 2582 94 F: 10 
2543 12 2567 164 F: 7 5 
2560 13 2612 370 F: 13 
2607 12 2619 251 F: 12 
2618 7 2639 115 F: 2 2 3 
2619 11 2630 200 F: 3 4 4 
2633 5 2643 461 F: 2 3 
2642 11 2686 393 F: 6 5 
2646 9 2682 264 F: 3 2 4 
2650 7 2671 305 F: 2 5 
2655 7 2669 447 F: 7 
2662 11 2706 299 F: 11 
2693 10 2713 253 F: 4 2 4 
2724 5 2729 176 F: 4 1 
2725 7 2732 39 F: 7 
2730 2 2736 309 F: 2 
2737 13 2763 302 F: 13 
2744 10 2764 445 F: 10 
2749 12 2773 280 F: 4 4 4 
2763 5 2773 355 F: 5 
2765 12 2789 314 F: 12 
2776 3 2782 250 F: 3 
2777 6 2783 484 F: 2 4 
2816 3 2828 122 F: 3 
2834 5 2854 111 F: 5 
2834 9 2870 13 F: 9 
2846 6 2864 496 F: 6 
2846 8 2870 41 F: 4 2 2 
2850 9 2877 453 F: 7 2 
2851 11 2895 13 F: 7 4 
2856 11 2867 74 F: 5 6 
2866 9 2902 183 F: 9 
2888 5 2893 200 F: 2 1 2 
2905 3 2914 201 F: 3 
2913 12 2949 137 F: 12 
2938 3 2941 220 F: 3 
2940 9 2976 48 F: 5 1 3 
2954 4 2970 120 F: 4 
2955 11 2999 409 F: 4 4 3 
2957 12 3005 132 F: 12 
2968 10 3008 398 F: 6 4 
2978 8 2994 319 F: 6 2 
2985 10 3015 474 F: 4 4 2 
3000 8 3024 433 F: 6 2 
3002 7 3030 203 F: 2 1 4 
3023 4 3035 83 F: 4 
3042 12 3090 47 F: 12 
3068 9 3104 387 F: 9 
3073 12 3097 244 F: 12 
3075 10 3115 499 F: 10 
3076 2 3080 403 F: 2 
3079 8 3087 58 F: 3 4 1 
3087 8 3119 357 F: 3 5 
3110 9 3128 114 F: 2 3 4 
3119 5 3139 346 F: 5 
3122 12 3158 5 F: 6 6 
3123 12 3135 461 F: 6 6 
3126 6 3132 43 F: 6 
3142 5 3162 328 F: 2 3 
3143 10 3173 309 F: 5 3 2 
3164 8 3196 220 F: 5 1 2 
3181 9 3190 105 F: 3 4 2 
3198 11 3220 85 F: 3 4 4 
3223 11 3245 77 F: 5 4 2 
3251 5 3261 10 F: 2 1 2 
3253 6 3265 147 F: 4 2 
3257 8 3273 12 F: 3 2 3 
3265 10 3285 84 F: 4 2 4 
3274 6 3292 65 F: 3 1 2 
3286 7 3314 162 F: 4 3 
3287 7 3315 126 F: 2 1 4 
3293 12 3317 347 F: 12 
3297 8 3305 293 F: 8 
3304 5 3319 307 F: 3 2 
3315 7 3329 195 F: 4 3 
3335 5 3350 389 F: 2 2 1 
3356 4 3368 266 F: 2 2 
3356 13 3382 467 F: 5 4 4 
3357 10 3397 18 F: 4 4 2 
3362 9 3380 494 F: 2 4 3 
3372 4 3376 189 F: 3 1 
3377 13 3429 206 F: 13 
3390 10 3420 308 F: 10 
3408 11 3452 120 F: 3 4 4 
3409 8 3441 472 F: 2 3 3 
3415 2 3423 129 F: 2 
3431 7 3438 45 F: 3 3 1 
3442 8 3458 310 F: 6 2 
3444 9 3471 393 F: 4 5 
3448 4 3464 139 F: 4 
3464 8 3472 68 F: 8 
3473 13 3499 147 F: 7 6 
3487 8 3519 280 F: 4 2 2 
3507 5 3517 309 F: 5 
3518 11 3529 355 F: 7 4 
3519 4 3535 117 F: 4 
3533 7 3540 367 F: 2 1 4 
3537 10 3557 441 F: 3 4 3 
3549 5 3564 49 F: 2 1 2 
3566 11 3588 249 F: 7 4 
3572 9 3590 356 F: 4 4 1 
3574 6 3592 423 F: 2 1 3 
3586 12 3634 412 F: 12 
3602 9 3611 82 F: 2 4 3 
3613 10 3653 267 F: 6 4 
3619 6 3631 74 F: 2 2 2 
3624 9 3633 191 F: 2 3 4 
3652 12 3664 97 F: 6 6 
3655 7 3669 195 F: 5 1 1 
3668 11 3690 158 F: 5 2 4 
3677 4 3685 62 F: 3 1 
3688 5 3698 455 F: 5 
3690 13 3716 473 F: 13 
3702 12 3738 35 F: 12 
3717 9 3726 292 F: 3 2 4 
3736 13 3749 125 F: 7 6 
3741 6 3765 312 F: 6 
3756 9 3783 275 F: 5 2 2 
3774 10 3814 355 F: 2 4 4 
3781 10 3821 338 F: 3 3 4 
3782 13 3821 2 F: 13 
3790 11 3812 416 F: 7 4 
3799 10 3809 446 F: 4 6 
3819 3 3828 268 F: 3 
3823 7 3837 247 F: 4 2 1 
3850 12 3886 97 F: 5 4 3 
3852 5 3857 105 F: 3 2 
3860 6 3878 479 F: 5 1 
3864 4 3880 165 F: 4 
3869 2 3877 216 F: 2 
3879 8 3911 66 F: 2 3 3 
3883 2 3889 318 F: 2 
3892 6 3910 152 F: 4 2 
3904 7 3925 387 F: 5 2 
3917 5 3932 249 F: 2 1 2 
3918 7 3925 267 F: 7 
3937 10 3977 174 F: 4 2 4 
3938 4 3950 53 F: 3 1 
3955 7 3976 199 F: 2 3 2 
3970 8 3994 404 F: 2 6 
3972 5 3987 182 F: 5 
3980 8 4012 136 F: 3 4 1 
3998 11 4031 336 F: 11 
4008 8 4032 145 F: 2 4 2 
4027 8 4043 423 F: 4 4 
4028 11 4050 55 F: 11 
4052 9 4061 23 F: 3 3 3 
4053 12 4065 375 F: 4 4 4 
4072 10 4102 455 F: 5 1 4 
4081 7 4095 341 F: 4 3 
4094 9 4103 431 F: 5 4 
4099 6 4111 330 F: 3 1 2 
4099 7 4113 277 F: 3 3 1 
4102 8 4110 428 F: 3 3 2 
4114 5 4119 296 F: 4 1 
4122 3 4125 445 F: 3 
4128 5 4143 146 F: 4 1 
4133 8 4165 12 F: 4 3 1 
4138 6 4150 197 F: 6 
4166 8 4174 213 F: 2 4 2 
4169 9 4196 258 F: 4 5 
4179 5 4194 395 F: 5 
4182 4 4194 4 F: 4 
4209 8 4217 55 F: 7 1 
4219 10 4229 9 F: 3 3 4 
4230 6 4248 407 F: 4 1 1 
4236 9 4263 297 F: 4 1 4 
4248 4 4252 57 F: 2 2 
4255 9 4273 119 F: 4 5 
4261 7 4275 294 F: 7 
4263 9 4290 374 F: 5 4 
4276 5 4281 492 F: 3 2 
4285 4 4301 36 F: 4 
4318 7 4332 391 F: 5 2 
4322 7 4336 428 F: 3 4 
4325 5 4330 121 F: 5 
4333 12 4369 266 F: 6 6 
4337 9 4355 298 F: 5 4 
4343 13 4395 317 F: 7 6 
4346 8 4354 81 F: 8 
4359 10 4369 167 F: 5 4 1 
4385 6 4403 260 F: 2 1 3 
4397 10 4427 459 F: 4 4 2 
4400 11 4444 396 F: 6 5 
4408 7 4436 372 F: 3 2 2 
4412 7 4426 179 F: 7 
4417 8 4441 434 F: 3 2 3 
4419 2 4423 491 F: 2 
4422 7 4429 106 F: 2 3 2 
4447 12 4459 215 F: 7 5 
4465 7 4479 375 F: 3 2 2 
4467 9 4494 7 F: 9 
4493 8 4525 369 F: 3 5 
4503 13 4542 405 F: 13 
4529 9 4556 463 F: 5 2 2 
4538 9 4556 156 F: 3 4 2 
4546 10 4566 244 F: 10 
4556 8 4564 298 F: 2 6 
4569 7 4583 378 F: 7 
4576 13 4602 263 F: 13 
4593 9 4620 86 F: 4 3 2 
4595 7 4602 400 F: 7 
4596 9 4614 395 F: 9 
4617 8 4649 52 F: 3 5 
4627 12 4663 133 F: 6 6 
4636 11 4669 60 F: 11 
4665 10 4695 360 F: 6 4 
4672 11 4683 361 F: 5 6 
4678 8 4702 286 F: 8 
4679 2 4687 321 F: 2 
4681 2 4689 14 F: 2 
4690 12 4726 318 F: 4 4 4 
4699 10 4719 387 F: 5 3 2 
4700 12 4748 272 F: 5 3 4 
4727 5 4737 114 F: 5 
4730 7 4758 426 F: 3 3 1 
4735 2 4737 386 F: 2 
4738 12 4786 129 F: 7 5 
4743 9 4752 254 F: 9 
4743 10 4783 368 F: 5 1 4 
4767 8 4791 312 F: 4 2 2 
4789 7 4803 470 F: 7 
4791 8 4807 269 F: 3 2 3 
4801 10 4821 317 F: 2 4 4 
4824 7 4831 175 F: 7 
4825 9 4861 248 F: 3 4 2 
4845 6 4869 353 F: 2 3 1 
4857 5 4877 442 F: 5 
4864 7 4885 81 F: 4 3 
4867 10 4877 154 F: 10 
4885 11 4918 187 F: 11 
4894 9 4912 442 F: 3 3 3 
4899 7 4920 346 F: 6 1 
4907 7 4935 229 F: 4 1 2 
4908 5 4918 21 F: 5 
4909 7 4937 48 F: 7 
4936 5 4941 366 F: 3 2 
4937 8 4961 79 F: 2 4 2 
4953 8 4969 260 F: 8 
4957 8 4989 469 F: 2 2 4 
4958 4 4966 208 F: 2 1 1 
4972 10 5002 374 F: 6 4 
4997 8 5013 56 F: 4 1 3 
D: 0 256 
D: 3 392 
D: 9 47 
D: 17 193 
D: 35 340 
D: 38 205 
D: 41 147 
D: 41 426 
D: 52 228 
D: 53 68 
D: 66 418 
D: 77 176 
D: 81 88 
D: 81 374 
D: 89 124 
D: 90 162 
D: 91 179 
D: 94 156 
D: 94 182 
D: 102 451 
D: 107 237 
D: 112 417 
D: 120 180 
D: 122 226 
D: 122 466 
D: 134 287 
D: 141 299 
D: 144 158 
D: 147 255 
D: 151 231 
D: 159 432 
D: 161 387 
D: 165 444 
D: 166 331 
D: 170 485 
D: 173 497 
D: 200 395 
D: 205 334 
D: 218 278 
D: 225 233 
D: 239 392 
D: 246 262 
D: 254 304 
D: 258 380 
D: 259 476 
D: 260 491 
D: 265 469 
D: 274 429 
D: 372 458 
D: 417 491 
