3 6 27 25 F: 3 2 1 
13 8 37 49 F: 2 6 
41 10 71 40 F: 10 
41 13 80 7 F: 7 6 
51 10 71 44 F: 10 
54 7 75 17 F: 3 3 1 
60 6 84 42 F: 4 2 
67 7 95 27 F: 7 
70 12 82 24 F: 12 
79 10 89 30 F: 2 4 4 
100 8 132 33 F: 7 1 
116 6 140 3 F: 3 2 1 
119 11 152 12 F: 4 3 4 
134 9 170 11 F: 7 2 
164 7 178 19 F: 2 1 4 
165 3 168 38 F: 2 1 
166 11 199 11 F: 5 3 3 
176 6 188 28 F: 3 3 
178 13 217 43 F: 13 
188 6 206 2 F: 6 
200 7 214 36 F: 2 5 
203 7 217 5 F: 6 1 
208 6 214 11 F: 3 1 2 
209 12 221 49 F: 12 
213 5 223 18 F: 2 3 
220 10 250 13 F: 4 3 3 
249 12 273 17 F: 7 5 
257 10 297 50 F: 4 2 4 
280 4 288 10 F: 2 2 
282 8 298 23 F: 6 2 
306 9 333 20 F: 9 
311 8 327 41 F: 6 2 
321 7 342 15 F: 2 5 
330 9 348 36 F: 9 
332 10 362 16 F: 5 2 3 
355 10 375 41 F: 10 
363 3 366 11 F: 2 1 
378 7 406 38 F: 7 
381 6 405 18 F: 6 
384 9 393 23 F: 7 2 
404 2 408 48 F: 2 
410 7 438 6 F: 4 2 1 
437 4 445 13 F: 3 1 
444 8 476 35 F: 5 1 2 
447 9 474 20 F: 5 2 2 
450 11 494 1 F: 5 6 
451 11 484 44 F: 11 
457 8 465 15 F: 4 4 
489 6 495 42 F: 2 4 
491 3 494 18 F: 3 
D: 0 11 
D: 2 22 
D: 12 26 
D: 31 40 
D: 37 41 
