9 7 23 433 F: 7 
12 11 45 379 F: 7 4 
17 9 35 347 F: 3 6 
38 8 70 271 F: 4 2 2 
43 11 65 485 F: 5 4 2 
55 13 81 409 F: 13 
58 6 64 52 F: 3 1 2 
66 3 75 106 F: 3 
78 7 92 168 F: 7 
83 7 90 154 F: 4 3 
105 5 115 146 F: 5 
110 7 131 103 F: 4 3 
116 8 140 278 F: 4 4 
120 10 160 452 F: 5 3 2 
164 10 204 389 F: 10 
167 7 174 435 F: 7 
170 6 194 392 F: 2 4 
182 8 206 209 F: 3 5 
190 9 226 435 F: 5 3 1 
194 6 206 101 F: 6 
225 10 245 426 F: 10 
236 10 256 80 F: 5 4 1 
237 9 273 432 F: 9 
246 11 290 436 F: 5 2 4 
261 6 273 361 F: 6 
265 13 317 38 F: 7 6 
267 8 291 296 F: 3 1 4 
267 12 315 17 F: 12 
279 7 293 49 F: 2 1 4 
285 7 299 452 F: 7 
305 4 317 193 F: 4 
326 7 340 302 F: 6 1 
326 9 335 457 F: 9 
337 13 350 482 F: 7 6 
347 4 355 50 F: 4 
350 11 361 376 F: 5 6 
351 5 361 201 F: 5 
360 7 388 371 F: 3 4 
381 9 390 391 F: 5 4 
386 11 408 267 F: 3 4 4 
401 8 425 3 F: 7 1 
403 10 423 263 F: 4 6 
419 4 431 83 F: 4 
440 8 456 61 F: 3 5 
440 12 464 84 F: 6 6 
445 7 459 326 F: 3 1 3 
451 8 483 325 F: 2 2 4 
453 12 501 155 F: 4 4 4 
455 12 467 54 F: 6 6 
485 5 495 253 F: 3 2 
509 5 524 206 F: 4 1 
510 6 522 282 F: 2 4 
519 11 563 62 F: 4 4 3 
529 11 540 112 F: 11 
532 7 560 266 F: 3 4 
554 7 582 219 F: 2 4 1 
562 9 589 424 F: 5 4 
576 8 600 28 F: 5 1 2 
583 8 599 394 F: 3 5 
598 10 608 221 F: 4 3 3 
615 5 625 426 F: 4 1 
619 7 640 392 F: 2 5 
625 10 645 343 F: 4 4 2 
638 7 666 381 F: 5 1 1 
649 13 662 397 F: 13 
658 10 698 498 F: 5 5 
665 10 675 472 F: 10 
684 8 692 341 F: 3 5 
697 6 715 466 F: 2 3 1 
699 6 711 206 F: 2 4 
702 7 730 472 F: 2 2 3 
734 5 744 267 F: 3 1 1 
755 10 775 170 F: 5 5 
756 4 760 173 F: 2 1 1 
780 7 801 440 F: 5 2 
781 5 801 81 F: 5 
792 9 828 224 F: 3 3 3 
795 8 811 124 F: 4 3 1 
797 7 825 275 F: 5 2 
799 10 809 58 F: 10 
833 7 854 147 F: 2 3 2 
849 10 859 431 F: 7 3 
863 10 903 494 F: 7 3 
873 8 889 172 F: 2 2 4 
879 11 890 376 F: 5 6 
881 6 899 100 F: 5 1 
885 7 892 402 F: 4 3 
886 6 892 145 F: 4 2 
890 8 906 415 F: 7 1 
894 11 927 179 F: 3 4 4 
901 7 908 178 F: 4 1 2 
920 6 944 76 F: 2 3 1 
925 13 977 364 F: 13 
929 8 961 278 F: 3 5 
947 3 953 249 F: 3 
958 7 979 235 F: 4 1 2 
958 11 1002 253 F: 11 
970 13 1022 464 F: 13 
992 9 1019 320 F: 3 2 4 
995 9 1013 298 F: 5 3 1 
1000 8 1032 121 F: 3 1 4 
1000 9 1009 389 F: 6 3 
1008 6 1014 399 F: 5 1 
1020 7 1041 173 F: 6 1 
1036 13 1088 120 F: 13 
1043 7 1050 155 F: 2 4 1 
1055 6 1067 303 F: 3 2 1 
1067 12 1079 18 F: 6 6 
1089 4 1101 340 F: 4 
1093 8 1109 344 F: 7 1 
1104 11 1126 32 F: 4 4 3 
1107 8 1123 393 F: 2 6 
1116 9 1152 160 F: 3 6 
1133 9 1160 382 F: 9 
1138 10 1158 294 F: 2 4 4 
1145 9 1154 366 F: 5 4 
1153 7 1160 319 F: 3 3 1 
1176 7 1204 83 F: 2 3 2 
1178 11 1189 121 F: 5 6 
1197 4 1209 20 F: 2 2 
1201 9 1210 195 F: 9 
1211 8 1235 271 F: 8 
1222 11 1255 301 F: 5 4 2 
1247 6 1259 341 F: 6 
1257 5 1277 442 F: 2 1 2 
1265 12 1301 461 F: 7 5 
1283 8 1315 204 F: 3 3 2 
1291 10 1321 44 F: 10 
1297 2 1305 303 F: 2 
1299 13 1338 99 F: 13 
1304 5 1314 20 F: 2 3 
1318 13 1344 230 F: 13 
1330 8 1338 384 F: 8 
1343 6 1361 216 F: 4 2 
1348 11 1370 441 F: 4 4 3 
1352 8 1376 387 F: 4 2 2 
1359 7 1373 415 F: 7 
1374 10 1394 276 F: 5 5 
1382 6 1406 176 F: 2 4 
1382 10 1422 240 F: 10 
1406 11 1428 475 F: 7 4 
1427 6 1433 252 F: 2 3 1 
1432 4 1440 353 F: 4 
1435 11 1479 241 F: 6 5 
1438 9 1456 315 F: 9 
1462 12 1486 79 F: 5 4 3 
1470 12 1518 153 F: 12 
1475 5 1480 37 F: 3 1 1 
1484 9 1511 190 F: 4 3 2 
1498 13 1524 208 F: 5 4 4 
1502 5 1507 26 F: 3 1 1 
1503 8 1519 7 F: 5 3 
1507 9 1534 63 F: 3 6 
1512 9 1539 486 F: 9 
1517 13 1543 426 F: 13 
1518 11 1551 329 F: 6 5 
1547 5 1552 213 F: 2 2 1 
1559 6 1577 120 F: 3 2 1 
1583 5 1598 27 F: 2 3 
1598 8 1630 297 F: 8 
1609 6 1633 53 F: 6 
1620 7 1627 1 F: 3 2 2 
1644 7 1665 193 F: 4 3 
1648 7 1655 134 F: 5 2 
1654 9 1663 265 F: 4 2 3 
1654 9 1690 119 F: 4 3 2 
1662 12 1698 428 F: 12 
1673 9 1709 158 F: 4 5 
1679 9 1715 242 F: 3 2 4 
1696 4 1700 114 F: 2 2 
1710 9 1746 266 F: 9 
1725 10 1745 42 F: 10 
1729 6 1735 350 F: 3 3 
1736 11 1747 164 F: 7 4 
1752 13 1778 88 F: 5 4 4 
1757 13 1783 315 F: 13 
1766 6 1772 75 F: 6 
1773 6 1785 482 F: 6 
1782 8 1814 424 F: 5 2 1 
1798 9 1834 47 F: 6 3 
1804 6 1816 337 F: 2 4 
1839 12 1887 240 F: 7 5 
1840 7 1854 127 F: 2 1 4 
1844 5 1859 343 F: 5 
1845 9 1881 31 F: 3 6 
1853 9 1871 122 F: 9 
1860 13 1899 317 F: 13 
1875 11 1919 2 F: 4 4 3 
1879 11 1912 333 F: 11 
1886 7 1900 317 F: 2 4 1 
1910 9 1946 395 F: 9 
1928 3 1940 34 F: 3 
1938 2 1940 222 F: 2 
1946 7 1953 232 F: 2 5 
1950 8 1958 322 F: 2 6 
1951 3 1954 23 F: 3 
1956 9 1965 262 F: 4 5 
1982 12 2006 257 F: 7 5 
1986 4 1990 477 F: 3 1 
1998 8 2022 279 F: 8 
2006 10 2026 469 F: 10 
2023 11 2045 320 F: 11 
2040 10 2070 129 F: 10 
2048 9 2075 499 F: 3 2 4 
2053 4 2061 159 F: 3 1 
2063 11 2074 310 F: 11 
2067 5 2082 66 F: 4 1 
2076 13 2128 114 F: 5 4 4 
2089 8 2113 162 F: 4 4 
2097 8 2121 303 F: 2 6 
2110 6 2128 356 F: 3 1 2 
2113 6 2137 349 F: 6 
2113 8 2145 379 F: 2 6 
2123 2 2125 170 F: 2 
2128 12 2176 306 F: 12 
2133 7 2154 463 F: 3 3 1 
2135 8 2151 135 F: 2 3 3 
2174 10 2204 136 F: 2 4 4 
2175 9 2193 296 F: 3 4 2 
2190 13 2242 216 F: 13 
2214 8 2230 259 F: 2 6 
2251 9 2287 65 F: 4 2 3 
2256 6 2274 452 F: 6 
2261 8 2293 279 F: 3 1 4 
2275 12 2299 460 F: 5 4 3 
2288 13 2340 290 F: 5 4 4 
2290 6 2308 71 F: 2 4 
2293 9 2311 343 F: 5 1 3 
2293 12 2329 267 F: 12 
2294 8 2310 381 F: 4 3 1 
2303 10 2343 92 F: 3 3 4 
2313 4 2329 486 F: 4 
2322 13 2348 366 F: 5 4 4 
2324 5 2339 70 F: 2 3 
2340 2 2346 423 F: 2 
2345 4 2357 288 F: 3 1 
2355 8 2379 292 F: 4 4 
2359 10 2399 167 F: 10 
2389 4 2401 190 F: 4 
2399 6 2417 214 F: 3 3 
2404 10 2434 4 F: 5 5 
2410 11 2421 256 F: 5 6 
2426 11 2470 434 F: 11 
2430 6 2436 196 F: 3 2 1 
2447 5 2467 289 F: 4 1 
2447 10 2487 253 F: 4 2 4 
2454 5 2469 324 F: 4 1 
2476 8 2508 79 F: 4 3 1 
2482 6 2500 115 F: 4 2 
2489 4 2501 411 F: 3 1 
2502 2 2504 93 F: 2 
2502 8 2518 184 F: 8 
2515 8 2523 174 F: 3 4 1 
2518 5 2528 108 F: 3 2 
2519 5 2524 460 F: 2 2 1 
2520 2 2524 490 F: 2 
2529 12 2577 463 F: 4 4 4 
2546 10 2576 299 F: 10 
2577 7 2605 364 F: 5 2 
2595 11 2617 202 F: 5 4 2 
2604 9 2613 111 F: 4 2 3 
2609 7 2616 365 F: 2 5 
2631 2 2635 131 F: 2 
2636 8 2652 255 F: 5 3 
2646 8 2678 361 F: 4 4 
2647 10 2667 137 F: 10 
2669 10 2709 485 F: 2 4 4 
2673 9 2709 402 F: 5 4 
2676 5 2686 108 F: 3 2 
2695 3 2701 143 F: 3 
2702 9 2738 376 F: 3 2 4 
2707 8 2723 324 F: 8 
2718 9 2745 95 F: 3 3 3 
2724 7 2745 210 F: 2 1 4 
2747 8 2771 316 F: 2 4 2 
2749 13 2775 286 F: 13 
2761 7 2768 440 F: 7 
2767 4 2783 351 F: 4 
2776 8 2808 240 F: 8 
2793 9 2802 392 F: 9 
2801 8 2809 226 F: 7 1 
2816 11 2838 83 F: 7 4 
2831 10 2861 330 F: 3 3 4 
2835 10 2855 138 F: 4 3 3 
2844 11 2866 337 F: 7 4 
2854 6 2866 394 F: 6 
2857 7 2878 300 F: 5 1 1 
2881 6 2905 107 F: 3 3 
2881 11 2914 245 F: 4 4 3 
2890 9 2899 203 F: 6 3 
2914 6 2920 276 F: 5 1 
2919 6 2931 467 F: 2 1 3 
2919 9 2928 163 F: 3 3 3 
2935 8 2943 346 F: 3 1 4 
2941 12 2965 84 F: 12 
2950 6 2956 56 F: 4 2 
2963 12 2987 163 F: 12 
2975 3 2984 61 F: 2 1 
2996 6 3014 475 F: 2 1 3 
2997 10 3027 51 F: 5 1 4 
3002 2 3004 246 F: 2 
3005 7 3033 461 F: 2 2 3 
3008 10 3038 82 F: 5 1 4 
3019 10 3059 176 F: 10 
3021 6 3033 256 F: 6 
3022 10 3032 97 F: 7 3 
3029 13 3042 317 F: 5 4 4 
3030 7 3037 10 F: 5 2 
3055 13 3068 369 F: 13 
3070 8 3102 67 F: 4 4 
3112 6 3130 180 F: 6 
3115 12 3151 222 F: 5 3 4 
3160 2 3168 372 F: 2 
3161 12 3185 106 F: 12 
3164 11 3197 74 F: 4 4 3 
3165 7 3172 155 F: 7 
3167 6 3173 214 F: 2 2 2 
3182 6 3194 26 F: 2 1 3 
3190 9 3199 66 F: 5 4 
3192 11 3236 370 F: 5 6 
3203 5 3208 441 F: 3 2 
3219 4 3227 26 F: 4 
3238 11 3249 282 F: 4 4 3 
3259 11 3292 172 F: 4 3 4 
3265 12 3313 296 F: 12 
3267 3 3270 436 F: 3 
3286 9 3295 469 F: 9 
3288 7 3309 337 F: 2 3 2 
3294 8 3310 93 F: 3 5 
3296 5 3306 487 F: 5 
3300 9 3318 405 F: 3 3 3 
3306 6 3318 38 F: 5 1 
3316 2 3322 177 F: 2 
3329 10 3369 107 F: 10 
3335 12 3359 132 F: 12 
3344 6 3350 366 F: 3 2 1 
3344 10 3354 396 F: 6 4 
3349 6 3373 16 F: 3 3 
3369 5 3374 235 F: 2 3 
3390 3 3396 147 F: 2 1 
3404 6 3428 276 F: 6 
3405 10 3425 493 F: 4 4 2 
3417 8 3441 254 F: 2 2 4 
3425 9 3452 367 F: 6 3 
3442 6 3466 473 F: 2 4 
3457 12 3469 289 F: 12 
3483 9 3492 119 F: 3 6 
3486 6 3510 11 F: 3 1 2 
3488 8 3512 412 F: 3 5 
3498 9 3507 494 F: 4 4 1 
3506 10 3526 198 F: 10 
3512 10 3552 76 F: 5 5 
3513 13 3552 409 F: 5 4 4 
3551 6 3569 256 F: 6 
3559 9 3586 443 F: 4 5 
3573 8 3581 18 F: 3 5 
3579 6 3603 496 F: 3 1 2 
3581 2 3589 451 F: 2 
3586 5 3601 336 F: 2 3 
3589 9 3625 316 F: 4 4 1 
3617 7 3638 443 F: 2 2 3 
3620 8 3644 479 F: 8 
3621 12 3645 89 F: 5 3 4 
3626 8 3658 146 F: 3 2 3 
3627 9 3654 281 F: 3 6 
3648 6 3654 194 F: 3 2 1 
3655 7 3669 237 F: 5 1 1 
3674 8 3690 355 F: 4 3 1 
3680 9 3689 494 F: 4 4 1 
3694 7 3701 360 F: 4 3 
3719 12 3767 359 F: 6 6 
3727 9 3763 244 F: 4 5 
3737 8 3769 133 F: 5 3 
3751 13 3803 444 F: 13 
3759 6 3771 104 F: 6 
3764 9 3782 25 F: 9 
3764 12 3776 394 F: 5 3 4 
3766 8 3798 346 F: 8 
3779 6 3791 468 F: 2 4 
3796 2 3798 481 F: 2 
3803 9 3839 482 F: 4 3 2 
3855 9 3882 294 F: 9 
3855 12 3879 380 F: 5 3 4 
3859 10 3869 439 F: 5 1 4 
3860 4 3876 95 F: 4 
3863 10 3893 264 F: 2 4 4 
3870 4 3878 7 F: 3 1 
3881 6 3905 207 F: 6 
3885 13 3937 458 F: 13 
3893 4 3905 363 F: 4 
3908 5 3918 369 F: 5 
3920 13 3959 223 F: 13 
3931 3 3934 411 F: 3 
3933 7 3947 132 F: 7 
3936 9 3954 398 F: 4 5 
3941 13 3967 350 F: 5 4 4 
3946 7 3960 463 F: 3 4 
3949 13 4001 261 F: 5 4 4 
3974 8 3990 102 F: 3 2 3 
3980 9 3998 228 F: 4 4 1 
4046 12 4058 67 F: 4 4 4 
4055 8 4063 496 F: 2 6 
4057 9 4075 42 F: 3 3 3 
4057 9 4093 404 F: 4 5 
4061 10 4101 334 F: 10 
4075 8 4099 149 F: 2 6 
4081 6 4105 484 F: 2 4 
4084 8 4100 376 F: 3 5 
4086 9 4104 195 F: 2 4 3 
4098 8 4130 169 F: 2 4 2 
4103 4 4115 56 F: 4 
4105 12 4129 375 F: 5 3 4 
4112 9 4121 145 F: 5 3 1 
4118 8 4126 63 F: 4 1 3 
4118 12 4166 110 F: 5 4 3 
4125 9 4134 216 F: 5 1 3 
4141 11 4174 153 F: 11 
4188 7 4216 210 F: 2 5 
4190 8 4222 10 F: 5 3 
4196 8 4212 149 F: 2 4 2 
4204 6 4222 214 F: 6 
4212 9 4239 446 F: 9 
4217 11 4228 64 F: 11 
4245 5 4250 386 F: 5 
4254 8 4278 486 F: 8 
4264 11 4308 279 F: 11 
4270 6 4294 110 F: 2 4 
4271 9 4280 476 F: 4 3 2 
4291 4 4307 415 F: 4 
4296 8 4304 390 F: 8 
4305 9 4332 393 F: 3 6 
4329 8 4361 273 F: 3 5 
4350 8 4382 16 F: 3 3 2 
4357 10 4397 81 F: 10 
4360 5 4365 109 F: 3 2 
4361 4 4365 391 F: 2 1 1 
4364 6 4382 281 F: 4 2 
4384 10 4414 240 F: 4 3 3 
4395 7 4416 272 F: 7 
4399 2 4405 388 F: 2 
4419 8 4443 430 F: 3 2 3 
4429 12 4441 285 F: 12 
4431 10 4471 126 F: 10 
4434 9 4452 485 F: 3 4 2 
4436 6 4460 281 F: 2 3 1 
4439 8 4455 191 F: 7 1 
4448 7 4462 342 F: 3 2 2 
4458 7 4465 283 F: 4 3 
4479 13 4518 426 F: 13 
4494 7 4501 296 F: 3 3 1 
4524 12 4536 329 F: 12 
4542 6 4548 484 F: 4 1 1 
4550 10 4560 488 F: 5 2 3 
4551 8 4575 329 F: 3 4 1 
4551 11 4573 114 F: 5 3 3 
4553 12 4601 280 F: 4 4 4 
4559 2 4563 45 F: 2 
4565 2 4567 424 F: 2 
4586 9 4595 282 F: 5 2 2 
4587 10 4597 78 F: 5 4 1 
4600 2 4606 445 F: 2 
4613 6 4625 444 F: 6 
4614 12 4662 93 F: 12 
4629 8 4653 139 F: 8 
4642 7 4670 137 F: 2 4 1 
4646 9 4682 120 F: 5 3 1 
4664 12 4676 484 F: 4 4 4 
4674 7 4688 410 F: 3 1 3 
4677 11 4710 352 F: 7 4 
4681 8 4689 122 F: 2 6 
4706 9 4724 97 F: 4 1 4 
4711 9 4738 443 F: 2 4 3 
4713 8 4729 63 F: 8 
4751 5 4756 237 F: 3 2 
4751 10 4781 89 F: 4 6 
4757 3 4766 381 F: 3 
4758 11 4791 394 F: 11 
4760 5 4770 192 F: 3 2 
4768 7 4789 156 F: 2 3 2 
4796 11 4829 310 F: 11 
4803 6 4821 178 F: 5 1 
4804 9 4822 190 F: 3 4 2 
4814 4 4826 488 F: 4 
4827 11 4860 260 F: 5 6 
4851 7 4865 430 F: 4 2 1 
4859 5 4869 116 F: 5 
4864 12 4900 430 F: 12 
4871 5 4876 211 F: 3 1 1 
4878 13 4904 48 F: 13 
4899 10 4909 269 F: 4 6 
4921 9 4939 61 F: 5 4 
4931 8 4939 418 F: 2 4 2 
4941 4 4945 50 F: 2 2 
4942 6 4960 34 F: 2 4 
4949 4 4957 337 F: 4 
4950 11 4972 231 F: 11 
4951 8 4975 50 F: 2 2 4 
4951 10 4971 168 F: 5 2 3 
4953 5 4973 12 F: 2 3 
4982 9 5009 438 F: 5 4 
D: 2 383 
D: 3 441 
D: 5 136 
D: 9 220 
D: 9 441 
D: 12 80 
D: 12 229 
D: 16 204 
D: 20 392 
D: 21 371 
D: 39 172 
D: 54 437 
D: 59 296 
D: 68 426 
D: 69 425 
D: 72 103 
D: 82 268 
D: 83 94 
D: 86 369 
D: 109 124 
D: 111 204 
D: 117 139 
D: 119 263 
D: 122 286 
D: 127 289 
D: 135 300 
D: 150 245 
D: 151 347 
D: 187 235 
D: 188 430 
D: 207 340 
D: 208 267 
D: 208 495 
D: 214 246 
D: 214 461 
D: 221 261 
D: 222 310 
D: 248 279 
D: 261 490 
D: 262 434 
D: 272 435 
D: 274 369 
D: 311 414 
D: 326 389 
D: 379 481 
D: 385 435 
D: 387 445 
D: 420 434 
D: 420 499 
D: 483 499 
