6 10 16 258 F: 7 3 
14 13 66 328 F: 13 
24 9 51 72 F: 3 4 2 
29 7 57 10 F: 7 
52 8 76 388 F: 8 
53 13 92 87 F: 13 
72 13 98 496 F: 13 
91 9 118 279 F: 4 5 
93 5 98 122 F: 5 
93 11 115 378 F: 5 3 3 
100 2 108 78 F: 2 
118 9 154 40 F: 4 3 2 
119 9 137 218 F: 2 3 4 
126 12 150 291 F: 7 5 
130 8 154 265 F: 4 4 
138 6 150 188 F: 6 
144 13 183 442 F: 13 
157 7 171 427 F: 5 2 
176 4 188 88 F: 2 2 
185 9 194 278 F: 3 3 3 
211 11 244 101 F: 11 
236 11 247 432 F: 6 5 
247 4 259 250 F: 3 1 
247 9 283 144 F: 9 
247 13 273 29 F: 13 
254 7 275 185 F: 4 3 
262 11 306 152 F: 11 
278 6 296 253 F: 6 
294 5 299 401 F: 5 
295 6 301 20 F: 4 1 1 
321 6 345 286 F: 6 
324 12 348 291 F: 7 5 
326 7 347 326 F: 3 1 3 
332 12 356 168 F: 12 
343 10 373 273 F: 3 4 3 
346 8 362 54 F: 7 1 
363 8 395 388 F: 4 2 2 
369 11 391 33 F: 11 
386 6 404 450 F: 2 2 2 
396 10 406 227 F: 4 4 2 
433 11 455 138 F: 11 
437 8 461 39 F: 4 3 1 
448 9 457 241 F: 9 
452 13 504 92 F: 13 
455 7 469 331 F: 2 5 
464 10 504 85 F: 10 
477 5 492 406 F: 5 
485 12 509 180 F: 12 
486 6 504 364 F: 3 3 
488 6 506 168 F: 6 
513 7 520 398 F: 4 2 1 
520 11 531 179 F: 6 5 
526 3 535 419 F: 3 
540 7 568 392 F: 4 2 1 
549 8 565 92 F: 8 
561 6 585 230 F: 3 3 
577 13 590 352 F: 13 
595 6 619 335 F: 6 
597 8 621 402 F: 2 6 
597 9 615 250 F: 5 4 
612 3 615 23 F: 3 
652 2 654 14 F: 2 
656 10 686 429 F: 4 4 2 
659 10 699 135 F: 5 5 
668 4 676 294 F: 2 2 
668 10 698 361 F: 5 2 3 
678 5 698 428 F: 5 
680 7 687 38 F: 5 2 
693 11 715 309 F: 7 4 
697 4 701 282 F: 2 1 1 
703 8 711 346 F: 2 6 
732 6 750 417 F: 3 3 
740 8 772 100 F: 5 3 
760 2 768 71 F: 2 
761 9 797 499 F: 4 5 
762 5 777 466 F: 3 2 
766 9 784 105 F: 4 4 1 
774 6 792 89 F: 2 1 3 
794 10 814 500 F: 5 5 
798 4 806 89 F: 3 1 
816 6 834 96 F: 2 4 
829 7 857 399 F: 4 3 
829 8 861 42 F: 7 1 
830 7 851 346 F: 7 
835 5 855 130 F: 3 1 1 
855 10 895 479 F: 3 3 4 
859 4 875 23 F: 4 
878 12 890 442 F: 12 
891 9 927 486 F: 4 1 4 
892 9 901 490 F: 3 6 
901 10 931 94 F: 5 1 4 
901 11 934 432 F: 5 4 2 
916 3 922 422 F: 3 
924 5 944 489 F: 5 
954 5 964 259 F: 2 2 1 
954 8 978 262 F: 5 3 
956 9 974 269 F: 7 2 
975 12 987 299 F: 12 
985 3 994 347 F: 3 
989 6 1013 136 F: 6 
1006 9 1042 237 F: 5 4 
1009 7 1023 335 F: 4 3 
1011 8 1019 116 F: 3 2 3 
1033 5 1043 268 F: 2 3 
1043 10 1073 344 F: 10 
1056 10 1086 296 F: 6 4 
1079 13 1092 32 F: 13 
1082 12 1130 255 F: 4 4 4 
1085 5 1090 390 F: 5 
1092 4 1100 362 F: 2 2 
1109 7 1130 448 F: 3 3 1 
1127 5 1142 483 F: 3 1 1 
1139 4 1147 320 F: 3 1 
1143 8 1159 318 F: 2 4 2 
1160 4 1176 302 F: 3 1 
1160 9 1178 240 F: 4 3 2 
1166 7 1180 359 F: 3 4 
1175 2 1183 82 F: 2 
1193 10 1233 421 F: 4 6 
1197 8 1221 337 F: 3 2 3 
1202 10 1242 328 F: 5 3 2 
1205 6 1217 488 F: 3 1 2 
1210 9 1246 118 F: 9 
1217 3 1223 107 F: 3 
1224 6 1248 139 F: 2 2 2 
1249 8 1281 281 F: 2 3 3 
1252 8 1268 315 F: 2 2 4 
1285 3 1291 47 F: 3 
1288 4 1300 391 F: 3 1 
1290 9 1326 142 F: 7 2 
1304 8 1328 414 F: 3 1 4 
1305 12 1317 168 F: 12 
1308 8 1324 421 F: 5 1 2 
1323 10 1333 328 F: 10 
1330 7 1344 85 F: 2 3 2 
1339 7 1346 316 F: 2 4 1 
1344 5 1359 186 F: 2 1 2 
1366 7 1380 68 F: 3 1 3 
1374 12 1386 150 F: 5 3 4 
1395 7 1409 319 F: 4 1 2 
1404 6 1416 300 F: 5 1 
1407 4 1423 42 F: 3 1 
1421 9 1439 19 F: 9 
1445 8 1461 145 F: 6 2 
1462 9 1498 121 F: 5 4 
1464 6 1476 494 F: 2 1 3 
1467 3 1476 415 F: 3 
1468 4 1472 175 F: 4 
1470 11 1481 378 F: 11 
1494 10 1524 332 F: 5 4 1 
1500 6 1506 118 F: 6 
1524 3 1530 33 F: 2 1 
1526 5 1541 290 F: 5 
1550 6 1556 374 F: 2 4 
1566 10 1586 278 F: 5 5 
1569 5 1574 27 F: 3 2 
1588 12 1612 142 F: 12 
1588 13 1601 369 F: 13 
1594 9 1603 108 F: 2 3 4 
1596 9 1632 308 F: 3 6 
1601 4 1609 377 F: 4 
1612 10 1622 86 F: 5 3 2 
1615 9 1633 382 F: 5 4 
1616 5 1626 105 F: 4 1 
1637 11 1659 158 F: 3 4 4 
1640 8 1648 303 F: 5 3 
1678 9 1687 63 F: 3 4 2 
1688 8 1704 417 F: 4 4 
1690 7 1718 117 F: 6 1 
1698 13 1750 387 F: 13 
1706 4 1710 1 F: 4 
1711 3 1717 459 F: 3 
1727 10 1747 236 F: 10 
1733 11 1766 340 F: 4 4 3 
1742 5 1757 22 F: 2 2 1 
1750 12 1786 398 F: 12 
1764 12 1800 150 F: 12 
1768 4 1780 317 F: 2 2 
1786 4 1794 236 F: 4 
1789 5 1794 424 F: 4 1 
1800 8 1816 464 F: 5 3 
1801 5 1806 307 F: 3 2 
1807 7 1828 168 F: 7 
1822 2 1828 455 F: 2 
1838 9 1847 267 F: 4 1 4 
1855 7 1862 272 F: 3 2 2 
1864 13 1916 71 F: 7 6 
1867 3 1870 409 F: 3 
1873 8 1889 319 F: 6 2 
1898 9 1907 77 F: 9 
1910 8 1934 31 F: 8 
1916 3 1922 55 F: 3 
1917 3 1929 62 F: 3 
1919 5 1924 239 F: 4 1 
1943 9 1952 91 F: 3 3 3 
1950 7 1978 211 F: 3 4 
1957 8 1973 379 F: 8 
1960 11 2004 17 F: 7 4 
1974 12 1986 285 F: 6 6 
1987 8 2011 402 F: 4 2 2 
2007 10 2027 187 F: 3 3 4 
2012 6 2036 390 F: 4 2 
2032 10 2072 51 F: 4 6 
2051 12 2087 411 F: 12 
2059 13 2072 76 F: 13 
2063 4 2075 477 F: 2 2 
2081 12 2105 62 F: 12 
2085 9 2094 281 F: 7 2 
2090 5 2110 414 F: 4 1 
2099 10 2109 48 F: 10 
2114 6 2120 368 F: 4 1 1 
2128 12 2164 285 F: 12 
2131 12 2155 378 F: 12 
2146 9 2164 57 F: 5 1 3 
2155 11 2166 442 F: 11 
2160 13 2212 412 F: 13 
2187 13 2226 26 F: 7 6 
2195 2 2197 322 F: 2 
2198 10 2228 414 F: 5 3 2 
2198 10 2238 201 F: 3 3 4 
2200 12 2212 179 F: 6 6 
2201 6 2207 192 F: 2 4 
2201 11 2223 325 F: 11 
2219 9 2246 383 F: 4 3 2 
2239 10 2279 435 F: 3 4 3 
2243 13 2256 264 F: 5 4 4 
2262 9 2289 24 F: 5 1 3 
2263 9 2272 252 F: 5 4 
2266 8 2274 444 F: 8 
2268 10 2308 155 F: 7 3 
2302 12 2314 287 F: 12 
2305 12 2341 86 F: 5 4 3 
2314 7 2328 375 F: 3 4 
2314 8 2322 58 F: 7 1 
2330 6 2342 328 F: 6 
2338 12 2350 62 F: 5 4 3 
2370 10 2390 419 F: 4 2 4 
2376 5 2396 133 F: 3 1 1 
2393 5 2398 202 F: 3 2 
2395 11 2417 262 F: 5 2 4 
2401 7 2429 318 F: 4 2 1 
2413 8 2437 85 F: 3 5 
2419 6 2443 222 F: 6 
2420 10 2440 165 F: 10 
2421 8 2429 242 F: 4 2 2 
2437 7 2444 326 F: 7 
2460 13 2473 478 F: 13 
2465 8 2481 330 F: 5 3 
2469 7 2476 408 F: 3 4 
2498 10 2528 354 F: 6 4 
2511 7 2525 100 F: 4 2 1 
2512 7 2526 287 F: 5 2 
2545 10 2575 126 F: 7 3 
2561 8 2593 216 F: 3 5 
2566 9 2602 92 F: 2 4 3 
2569 8 2585 203 F: 2 6 
2590 6 2596 426 F: 2 3 1 
2594 6 2612 52 F: 4 2 
2595 4 2611 144 F: 2 2 
2599 7 2606 399 F: 2 3 2 
2612 8 2644 64 F: 8 
2645 6 2669 111 F: 2 4 
2658 10 2678 53 F: 7 3 
2664 7 2692 334 F: 7 
2669 10 2699 43 F: 4 4 2 
2678 8 2694 58 F: 8 
2680 11 2702 481 F: 11 
2686 2 2688 339 F: 2 
2694 2 2696 342 F: 2 
2695 4 2703 204 F: 4 
2723 6 2729 63 F: 2 4 
2723 7 2730 152 F: 4 3 
2727 3 2730 272 F: 3 
2729 7 2757 283 F: 3 1 3 
2730 13 2769 102 F: 13 
2740 13 2792 445 F: 7 6 
2741 6 2753 6 F: 2 2 2 
2743 9 2761 23 F: 5 4 
2777 2 2783 429 F: 2 
2785 2 2787 150 F: 2 
2814 13 2827 375 F: 13 
2824 12 2872 246 F: 12 
2836 13 2849 350 F: 13 
2856 10 2886 264 F: 10 
2858 5 2873 147 F: 4 1 
2862 9 2871 136 F: 4 3 2 
2868 6 2892 169 F: 3 3 
2873 10 2883 32 F: 5 5 
2877 13 2890 85 F: 7 6 
2878 8 2902 214 F: 8 
2922 9 2931 391 F: 6 3 
2922 10 2942 52 F: 5 1 4 
2930 8 2946 20 F: 4 1 3 
2940 8 2972 205 F: 3 3 2 
2943 8 2967 73 F: 3 2 3 
2951 6 2975 252 F: 4 1 1 
2960 7 2967 412 F: 3 4 
2962 9 2971 298 F: 9 
2986 8 3018 193 F: 8 
2999 10 3009 167 F: 5 4 1 
3002 7 3009 124 F: 3 1 3 
3006 11 3017 422 F: 11 
3033 9 3060 115 F: 4 2 3 
3043 8 3051 155 F: 2 6 
3051 7 3065 188 F: 2 4 1 
3063 3 3066 226 F: 3 
3069 7 3083 442 F: 7 
3084 5 3094 1 F: 2 3 
3097 4 3101 11 F: 4 
3099 12 3135 156 F: 12 
3100 5 3110 428 F: 3 2 
3105 13 3118 41 F: 7 6 
3109 8 3133 375 F: 5 1 2 
3109 9 3127 282 F: 4 5 
3109 9 3145 432 F: 5 4 
3151 7 3158 252 F: 5 1 1 
3159 12 3207 115 F: 12 
3161 5 3176 83 F: 4 1 
3169 8 3177 336 F: 4 4 
3186 12 3210 63 F: 5 4 3 
3210 7 3231 120 F: 3 3 1 
3214 10 3234 123 F: 10 
3215 7 3243 330 F: 5 2 
3222 12 3246 128 F: 5 4 3 
3249 7 3263 323 F: 5 2 
3250 7 3264 300 F: 4 3 
3255 6 3267 488 F: 5 1 
3268 5 3283 171 F: 2 2 1 
3272 9 3290 341 F: 2 4 3 
3273 6 3297 451 F: 6 
3310 7 3338 225 F: 3 1 3 
3310 12 3358 405 F: 5 4 3 
3312 2 3316 75 F: 2 
3332 10 3352 417 F: 4 3 3 
3335 9 3353 342 F: 9 
3348 8 3372 143 F: 6 2 
3371 8 3387 405 F: 5 2 1 
3371 8 3395 22 F: 3 3 2 
3380 4 3396 477 F: 4 
3386 4 3398 293 F: 2 1 1 
3404 8 3428 79 F: 2 2 4 
3407 8 3423 124 F: 2 3 3 
3437 13 3463 380 F: 7 6 
3441 8 3465 112 F: 8 
3458 12 3470 172 F: 4 4 4 
3460 7 3488 182 F: 6 1 
3469 13 3495 304 F: 13 
3471 10 3491 68 F: 5 5 
3477 8 3493 388 F: 3 4 1 
3495 10 3515 430 F: 6 4 
3513 7 3527 420 F: 6 1 
3522 9 3549 250 F: 3 6 
3539 5 3544 137 F: 5 
3550 9 3568 35 F: 3 2 4 
3555 10 3585 482 F: 4 2 4 
3568 11 3590 457 F: 5 6 
3575 7 3596 92 F: 2 5 
3575 11 3619 163 F: 11 
3593 9 3629 430 F: 9 
3594 8 3626 161 F: 2 3 3 
3602 3 3614 142 F: 3 
3624 8 3648 265 F: 8 
3636 10 3666 246 F: 5 5 
3642 8 3658 178 F: 3 1 4 
3644 4 3656 159 F: 4 
3652 4 3660 104 F: 4 
3656 3 3668 244 F: 3 
3662 9 3671 8 F: 3 3 3 
3680 6 3698 275 F: 5 1 
3688 12 3700 449 F: 12 
3725 7 3746 319 F: 6 1 
3725 8 3741 387 F: 2 6 
3745 9 3763 497 F: 9 
3753 4 3757 178 F: 4 
3761 6 3767 498 F: 3 2 1 
3765 12 3801 321 F: 12 
3767 12 3815 494 F: 12 
3768 6 3774 285 F: 4 1 1 
3768 9 3804 5 F: 7 2 
3779 11 3790 168 F: 4 4 3 
3826 3 3832 59 F: 3 
3827 7 3834 304 F: 3 2 2 
3875 11 3908 321 F: 4 4 3 
3875 11 3919 411 F: 4 3 4 
3876 6 3888 106 F: 2 1 3 
3877 9 3913 125 F: 5 4 
3888 11 3921 163 F: 7 4 
3889 10 3929 435 F: 2 4 4 
3895 9 3904 380 F: 4 5 
3896 7 3903 102 F: 5 1 1 
3918 4 3922 372 F: 4 
3926 9 3962 446 F: 4 1 4 
3928 4 3940 122 F: 4 
3931 5 3951 470 F: 5 
3940 7 3961 60 F: 3 4 
3948 2 3956 146 F: 2 
3950 8 3982 331 F: 5 1 2 
3961 12 3985 338 F: 5 3 4 
3978 8 3986 125 F: 4 2 2 
3997 11 4041 415 F: 5 3 3 
4002 12 4038 232 F: 6 6 
4005 7 4026 222 F: 4 3 
4027 7 4048 194 F: 7 
4043 11 4076 152 F: 11 
4062 2 4064 69 F: 2 
4070 9 4088 371 F: 9 
4071 5 4086 38 F: 2 2 1 
4078 8 4102 324 F: 2 6 
4079 8 4087 385 F: 8 
4083 6 4101 452 F: 3 2 1 
4107 6 4113 312 F: 6 
4121 7 4149 487 F: 6 1 
4127 2 4131 2 F: 2 
4129 5 4149 375 F: 2 3 
4137 6 4155 480 F: 6 
4139 7 4146 495 F: 7 
4146 6 4170 174 F: 6 
4152 8 4160 252 F: 3 3 2 
4170 6 4182 59 F: 6 
4187 9 4196 320 F: 3 6 
4214 3 4217 203 F: 2 1 
4222 7 4229 444 F: 2 1 4 
4235 8 4243 476 F: 5 3 
4263 7 4291 39 F: 4 3 
4264 9 4300 162 F: 9 
4269 6 4287 211 F: 6 
4278 5 4283 427 F: 5 
4278 12 4302 329 F: 12 
4281 11 4292 186 F: 11 
4282 5 4292 272 F: 3 2 
4300 8 4316 329 F: 3 1 4 
4305 10 4325 94 F: 4 2 4 
4310 5 4330 218 F: 2 2 1 
4314 9 4350 36 F: 6 3 
4325 3 4328 194 F: 3 
4337 11 4381 198 F: 11 
4387 3 4396 467 F: 3 
4393 6 4411 391 F: 5 1 
4397 7 4411 244 F: 4 3 
4399 8 4407 494 F: 2 4 2 
4400 7 4407 401 F: 2 1 4 
4420 7 4427 238 F: 5 2 
4441 11 4485 154 F: 3 4 4 
4462 8 4470 144 F: 8 
4465 4 4469 170 F: 2 2 
4486 6 4492 45 F: 6 
4492 9 4510 61 F: 4 2 3 
4492 11 4536 429 F: 7 4 
4498 5 4513 339 F: 5 
4499 12 4535 19 F: 12 
4525 8 4549 178 F: 3 2 3 
4530 11 4574 37 F: 5 3 3 
4535 11 4557 32 F: 11 
4539 7 4560 166 F: 7 
4549 4 4565 151 F: 4 
4554 11 4565 349 F: 5 6 
4555 2 4559 366 F: 2 
4560 12 4572 413 F: 12 
4571 8 4595 280 F: 5 1 2 
4587 5 4607 136 F: 5 
4602 8 4626 3 F: 2 4 2 
4623 6 4635 218 F: 3 3 
4625 3 4634 80 F: 3 
4631 5 4646 318 F: 2 3 
4631 12 4667 150 F: 6 6 
4641 12 4677 295 F: 12 
4646 7 4667 396 F: 2 2 3 
4652 11 4696 47 F: 7 4 
4678 8 4686 141 F: 2 4 2 
4695 4 4699 72 F: 4 
4715 13 4728 109 F: 7 6 
4739 7 4746 357 F: 4 2 1 
4743 4 4759 134 F: 4 
4755 11 4799 378 F: 3 4 4 
4759 10 4799 318 F: 4 6 
4771 6 4777 354 F: 6 
4772 4 4784 318 F: 2 2 
4787 7 4801 360 F: 4 2 1 
4798 7 4826 242 F: 2 4 1 
4799 2 4805 10 F: 2 
4806 10 4846 320 F: 3 4 3 
4826 8 4858 244 F: 3 2 3 
4842 10 4862 443 F: 6 4 
4856 4 4868 145 F: 4 
4868 7 4889 81 F: 3 1 3 
4875 8 4899 68 F: 2 2 4 
4879 7 4886 24 F: 5 2 
4884 9 4893 184 F: 9 
4889 9 4898 244 F: 5 2 2 
4890 9 4926 426 F: 9 
4906 8 4938 21 F: 2 2 4 
4909 5 4914 468 F: 2 2 1 
4923 7 4930 243 F: 3 4 
4935 6 4953 74 F: 6 
4942 7 4956 87 F: 7 
4945 8 4969 65 F: 4 4 
4981 10 5011 257 F: 7 3 
4982 9 5000 23 F: 9 
4985 5 4990 104 F: 5 
4994 5 5009 155 F: 5 
D: 5 149 
D: 15 207 
D: 24 191 
D: 28 32 
D: 30 335 
D: 32 47 
D: 40 370 
D: 46 110 
D: 47 289 
D: 48 71 
D: 52 177 
D: 53 320 
D: 59 367 
D: 71 330 
D: 73 170 
D: 80 326 
D: 91 444 
D: 96 358 
D: 98 258 
D: 101 270 
D: 104 302 
D: 106 350 
D: 133 279 
D: 138 250 
D: 152 486 
D: 158 250 
D: 161 339 
D: 179 245 
D: 181 265 
D: 191 227 
D: 198 232 
D: 202 296 
D: 208 334 
D: 223 483 
D: 239 419 
D: 250 335 
D: 256 473 
D: 260 471 
D: 262 458 
D: 268 427 
D: 274 384 
D: 277 308 
D: 278 295 
D: 278 310 
D: 287 439 
D: 302 378 
D: 312 366 
D: 321 458 
D: 322 454 
D: 342 488 
