2 4 6 288 F: 4 
4 7 32 100 F: 4 3 
10 10 30 145 F: 7 3 
25 8 33 452 F: 2 2 4 
27 9 36 243 F: 7 2 
60 7 88 415 F: 2 4 1 
66 7 87 433 F: 2 4 1 
76 9 85 82 F: 2 4 3 
93 9 120 469 F: 6 3 
96 6 120 379 F: 6 
101 7 129 306 F: 3 1 3 
104 11 126 34 F: 11 
112 9 121 185 F: 5 1 3 
118 12 130 333 F: 6 6 
128 5 143 433 F: 3 2 
145 12 193 462 F: 12 
153 7 167 471 F: 2 5 
154 8 186 456 F: 4 4 
165 8 173 468 F: 8 
184 7 205 314 F: 3 3 1 
204 7 218 206 F: 2 4 1 
218 6 236 136 F: 3 3 
225 6 237 73 F: 4 2 
241 12 277 198 F: 5 4 3 
253 8 285 283 F: 8 
254 11 298 401 F: 5 2 4 
260 6 272 291 F: 3 3 
267 8 283 369 F: 8 
272 13 285 489 F: 5 4 4 
283 6 301 407 F: 6 
315 5 335 304 F: 4 1 
320 8 344 49 F: 3 1 4 
350 8 382 57 F: 4 1 3 
352 9 361 225 F: 2 3 4 
356 3 362 268 F: 3 
356 9 365 186 F: 9 
357 10 397 27 F: 6 4 
365 8 373 114 F: 2 6 
381 7 402 429 F: 2 4 1 
398 13 411 250 F: 13 
403 4 415 440 F: 2 2 
409 6 415 452 F: 6 
423 2 427 4 F: 2 
436 8 452 372 F: 5 1 2 
452 12 500 115 F: 7 5 
455 9 464 186 F: 9 
463 9 499 469 F: 5 3 1 
471 3 480 116 F: 3 
473 9 509 484 F: 3 3 3 
496 11 518 334 F: 11 
506 10 516 173 F: 10 
507 6 519 132 F: 4 2 
522 9 540 426 F: 5 3 1 
526 5 546 315 F: 2 3 
529 10 569 224 F: 10 
569 9 587 149 F: 9 
571 10 611 387 F: 3 3 4 
584 8 600 181 F: 3 3 2 
591 7 598 4 F: 3 2 2 
592 11 614 134 F: 11 
607 7 628 472 F: 7 
609 8 625 13 F: 2 6 
614 7 628 141 F: 7 
633 10 663 339 F: 4 4 2 
660 10 670 281 F: 5 1 4 
683 12 731 315 F: 12 
686 9 695 61 F: 7 2 
687 10 707 260 F: 4 4 2 
697 8 721 402 F: 4 3 1 
697 11 719 238 F: 7 4 
717 11 728 139 F: 11 
724 11 735 28 F: 5 2 4 
726 7 754 470 F: 2 4 1 
740 3 752 291 F: 3 
750 11 794 383 F: 4 3 4 
774 9 783 184 F: 9 
777 4 785 465 F: 4 
790 9 799 500 F: 9 
794 5 809 121 F: 5 
797 8 829 151 F: 4 3 1 
815 12 839 128 F: 5 4 3 
822 10 832 160 F: 5 2 3 
839 6 863 150 F: 2 4 
842 8 866 106 F: 4 1 3 
842 12 878 213 F: 12 
850 5 860 28 F: 4 1 
851 6 863 445 F: 6 
868 5 883 278 F: 5 
873 8 881 6 F: 3 5 
892 10 932 243 F: 4 3 3 
926 4 930 124 F: 3 1 
933 5 938 312 F: 3 2 
940 8 964 61 F: 2 6 
951 13 964 46 F: 13 
952 10 962 408 F: 6 4 
956 12 968 240 F: 4 4 4 
958 11 980 211 F: 6 5 
990 6 996 383 F: 6 
992 10 1032 494 F: 5 3 2 
999 4 1003 364 F: 4 
1016 8 1040 42 F: 2 6 
1034 5 1054 424 F: 2 3 
1038 5 1048 276 F: 3 2 
1042 5 1047 385 F: 3 2 
1045 7 1066 271 F: 4 1 2 
1046 10 1056 71 F: 5 5 
1053 7 1081 456 F: 3 4 
1063 12 1099 37 F: 6 6 
1064 6 1076 242 F: 6 
1088 11 1110 201 F: 6 5 
1101 13 1153 295 F: 13 
1109 11 1153 146 F: 11 
1116 11 1138 176 F: 6 5 
1121 11 1154 386 F: 7 4 
1140 10 1150 61 F: 3 4 3 
1149 11 1193 263 F: 11 
1150 11 1194 372 F: 5 2 4 
1156 8 1164 335 F: 8 
1162 3 1174 340 F: 3 
1187 12 1199 11 F: 7 5 
1236 11 1280 133 F: 11 
1240 13 1292 2 F: 13 
1258 3 1261 472 F: 2 1 
1274 6 1286 486 F: 2 1 3 
1276 6 1294 91 F: 6 
1277 10 1317 326 F: 10 
1283 9 1301 312 F: 3 3 3 
1286 12 1334 407 F: 5 3 4 
1289 9 1298 38 F: 3 6 
1291 7 1305 323 F: 2 5 
1305 12 1317 308 F: 5 4 3 
1310 6 1322 109 F: 6 
1311 13 1337 40 F: 7 6 
1322 11 1333 179 F: 5 3 3 
1325 5 1345 494 F: 2 1 2 
1327 2 1333 334 F: 2 
1356 5 1371 138 F: 5 
1362 8 1386 98 F: 7 1 
1392 10 1402 381 F: 3 4 3 
1397 6 1409 396 F: 6 
1423 8 1447 123 F: 2 4 2 
1431 12 1479 429 F: 12 
1432 7 1446 115 F: 2 5 
1445 4 1453 455 F: 4 
1445 9 1454 102 F: 4 4 1 
1450 3 1456 345 F: 3 
1457 10 1467 313 F: 10 
1461 8 1469 22 F: 8 
1465 12 1489 474 F: 12 
1495 8 1511 345 F: 4 1 3 
1504 5 1509 355 F: 3 2 
1506 3 1509 325 F: 3 
1517 7 1545 402 F: 5 1 1 
1522 4 1526 65 F: 2 1 1 
1531 8 1547 86 F: 8 
1531 8 1563 274 F: 4 3 1 
1538 11 1560 156 F: 11 
1554 4 1558 184 F: 3 1 
1559 5 1579 268 F: 4 1 
1588 12 1624 183 F: 7 5 
1605 4 1621 395 F: 2 2 
1620 9 1629 398 F: 4 3 2 
1627 8 1659 408 F: 8 
1638 8 1670 250 F: 8 
1640 7 1668 478 F: 2 5 
1656 5 1676 208 F: 5 
1657 5 1662 465 F: 2 3 
1659 11 1681 272 F: 11 
1687 13 1700 246 F: 7 6 
1697 5 1707 282 F: 2 3 
1727 8 1735 473 F: 3 3 2 
1743 9 1770 335 F: 4 1 4 
1749 4 1757 84 F: 3 1 
1754 13 1806 86 F: 13 
1758 6 1770 469 F: 2 3 1 
1760 7 1767 5 F: 4 3 
1762 8 1786 416 F: 8 
1766 12 1802 159 F: 12 
1775 8 1799 334 F: 7 1 
1782 12 1818 29 F: 12 
1807 7 1835 153 F: 3 2 2 
1817 5 1822 41 F: 5 
1818 12 1866 345 F: 4 4 4 
1833 6 1845 464 F: 4 2 
1835 6 1847 191 F: 4 1 1 
1855 10 1875 419 F: 4 6 
1857 12 1905 212 F: 4 4 4 
1865 5 1885 280 F: 5 
1877 2 1881 44 F: 2 
1891 9 1909 9 F: 3 6 
1913 8 1921 101 F: 2 2 4 
1934 8 1942 386 F: 6 2 
1937 2 1941 371 F: 2 
1948 3 1954 146 F: 3 
1948 8 1972 326 F: 3 3 2 
1949 10 1989 253 F: 2 4 4 
1972 6 1990 52 F: 6 
1980 10 2020 234 F: 7 3 
1991 4 2003 59 F: 3 1 
1998 11 2031 484 F: 4 3 4 
2008 10 2018 169 F: 10 
2020 9 2029 382 F: 4 5 
2021 11 2054 127 F: 11 
2025 7 2053 159 F: 6 1 
2035 9 2044 195 F: 6 3 
2038 10 2078 163 F: 5 5 
2051 8 2067 51 F: 6 2 
2067 12 2103 465 F: 6 6 
2077 13 2129 422 F: 13 
2094 9 2130 87 F: 2 3 4 
2111 7 2132 115 F: 2 5 
2113 8 2137 9 F: 5 1 2 
2143 9 2161 203 F: 6 3 
2160 5 2170 262 F: 2 3 
2170 7 2191 478 F: 5 1 1 
2178 11 2211 159 F: 5 6 
2179 10 2209 283 F: 4 2 4 
2188 5 2208 236 F: 5 
2193 9 2211 430 F: 3 6 
2195 7 2202 129 F: 7 
2204 6 2228 362 F: 5 1 
2210 13 2249 332 F: 13 
2215 13 2267 190 F: 13 
2225 13 2264 400 F: 13 
2230 12 2278 145 F: 5 3 4 
2234 5 2239 38 F: 2 3 
2236 9 2245 82 F: 2 3 4 
2288 5 2303 493 F: 4 1 
2289 10 2309 97 F: 4 6 
2294 7 2301 156 F: 4 3 
2331 9 2349 369 F: 5 4 
2334 13 2360 57 F: 7 6 
2337 9 2355 31 F: 5 3 1 
2345 5 2355 175 F: 3 1 1 
2351 12 2375 332 F: 5 3 4 
2359 8 2367 459 F: 8 
2370 9 2397 71 F: 5 4 
2372 12 2396 355 F: 12 
2379 10 2419 5 F: 10 
2383 11 2394 326 F: 11 
2440 8 2472 86 F: 8 
2446 12 2458 323 F: 6 6 
2447 7 2468 115 F: 7 
2458 11 2491 386 F: 11 
2460 7 2474 486 F: 2 5 
2466 11 2499 391 F: 5 3 3 
2479 7 2486 18 F: 2 5 
2481 8 2505 448 F: 4 2 2 
2489 6 2513 451 F: 2 2 2 
2492 8 2524 317 F: 8 
2503 7 2531 297 F: 4 3 
2507 9 2516 255 F: 4 4 1 
2511 7 2525 252 F: 3 2 2 
2512 6 2524 155 F: 3 3 
2512 10 2542 204 F: 10 
2537 4 2549 498 F: 4 
2539 7 2567 372 F: 4 1 2 
2584 3 2593 467 F: 3 
2587 6 2611 196 F: 5 1 
2588 6 2606 288 F: 6 
2612 11 2634 456 F: 6 5 
2630 12 2678 186 F: 6 6 
2631 9 2667 263 F: 4 5 
2636 4 2648 18 F: 4 
2649 9 2658 416 F: 2 3 4 
2650 8 2674 218 F: 4 3 1 
2657 9 2684 186 F: 3 4 2 
2669 6 2675 213 F: 2 4 
2671 8 2703 95 F: 6 2 
2693 11 2737 22 F: 11 
2722 11 2766 44 F: 7 4 
2745 9 2772 371 F: 9 
2752 9 2761 429 F: 3 6 
2754 8 2778 94 F: 8 
2769 3 2775 347 F: 3 
2775 8 2791 237 F: 3 4 1 
2781 8 2797 430 F: 2 2 4 
2783 8 2799 105 F: 5 3 
2785 6 2803 255 F: 6 
2791 9 2800 364 F: 9 
2812 6 2830 255 F: 6 
2828 6 2852 29 F: 6 
2832 7 2846 175 F: 5 1 1 
2835 7 2856 83 F: 3 4 
2843 7 2857 353 F: 2 1 4 
2850 5 2855 175 F: 5 
2854 8 2878 406 F: 8 
2855 6 2873 125 F: 6 
2866 12 2914 42 F: 12 
2885 10 2905 492 F: 10 
2902 8 2910 114 F: 4 2 2 
2902 10 2922 248 F: 5 5 
2920 3 2926 176 F: 2 1 
2927 10 2967 45 F: 5 3 2 
2939 11 2972 395 F: 11 
2946 6 2964 117 F: 6 
2963 9 2999 499 F: 6 3 
2965 3 2968 304 F: 3 
2965 8 2973 156 F: 8 
2992 6 2998 416 F: 6 
3006 8 3014 169 F: 4 4 
3015 8 3047 29 F: 2 6 
3027 10 3037 285 F: 5 5 
3034 2 3038 283 F: 2 
3044 7 3065 198 F: 3 4 
3052 7 3059 459 F: 7 
3055 6 3067 92 F: 2 1 3 
3075 7 3096 63 F: 7 
3077 6 3101 173 F: 2 3 1 
3098 9 3125 190 F: 3 4 2 
3104 11 3148 144 F: 3 4 4 
3109 12 3121 137 F: 5 3 4 
3121 13 3160 407 F: 7 6 
3124 7 3145 128 F: 3 2 2 
3144 8 3152 214 F: 2 6 
3146 8 3178 54 F: 8 
3147 13 3199 491 F: 13 
3155 10 3175 386 F: 5 4 1 
3181 8 3189 243 F: 2 6 
3191 11 3213 12 F: 11 
3237 6 3255 395 F: 2 3 1 
3248 13 3261 132 F: 7 6 
3261 3 3264 231 F: 3 
3261 6 3267 364 F: 6 
3261 6 3273 382 F: 6 
3263 10 3303 199 F: 5 1 4 
3282 10 3322 8 F: 5 5 
3285 9 3312 448 F: 7 2 
3291 7 3319 274 F: 3 4 
3292 9 3301 156 F: 9 
3316 10 3326 96 F: 10 
3324 10 3364 107 F: 10 
3328 9 3364 343 F: 9 
3339 9 3366 498 F: 4 1 4 
3350 13 3389 253 F: 5 4 4 
3357 9 3366 357 F: 7 2 
3361 8 3369 393 F: 3 5 
3364 5 3384 99 F: 2 1 2 
3372 5 3377 232 F: 2 2 1 
3379 11 3412 447 F: 11 
3410 8 3442 304 F: 4 2 2 
3433 9 3469 224 F: 9 
3440 8 3456 197 F: 7 1 
3446 9 3464 56 F: 3 4 2 
3449 12 3497 26 F: 12 
3450 5 3465 421 F: 2 3 
3451 7 3465 32 F: 7 
3468 6 3474 458 F: 4 2 
3473 11 3506 156 F: 4 4 3 
3482 8 3490 286 F: 4 2 2 
3546 11 3568 81 F: 4 4 3 
3555 9 3582 60 F: 6 3 
3557 4 3561 6 F: 3 1 
3557 10 3577 372 F: 5 5 
3564 8 3580 474 F: 3 1 4 
3572 5 3592 195 F: 4 1 
3574 9 3601 286 F: 4 5 
3582 8 3614 266 F: 4 1 3 
3594 10 3624 150 F: 7 3 
3598 9 3634 152 F: 2 3 4 
3602 9 3611 1 F: 5 2 2 
3606 7 3620 341 F: 2 5 
3608 8 3632 478 F: 2 6 
3611 4 3627 391 F: 3 1 
3613 4 3621 489 F: 4 
3615 10 3645 212 F: 5 1 4 
3630 11 3663 460 F: 5 3 3 
3653 9 3662 79 F: 4 5 
3667 7 3681 318 F: 7 
3683 11 3694 366 F: 11 
3700 4 3708 359 F: 2 2 
3703 9 3730 55 F: 3 6 
3704 9 3731 438 F: 5 4 
3720 2 3722 122 F: 2 
3729 9 3765 70 F: 5 3 1 
3735 12 3783 188 F: 5 3 4 
3743 8 3759 352 F: 4 1 3 
3755 5 3775 448 F: 3 1 1 
3765 8 3773 12 F: 2 2 4 
3799 2 3807 256 F: 2 
3805 9 3814 96 F: 4 5 
3809 12 3845 453 F: 7 5 
3822 12 3858 386 F: 12 
3832 12 3880 86 F: 12 
3839 7 3853 168 F: 4 1 2 
3842 3 3848 79 F: 3 
3851 9 3887 268 F: 6 3 
3854 8 3886 42 F: 2 6 
3880 11 3913 190 F: 11 
3891 13 3943 76 F: 13 
3912 7 3933 450 F: 2 4 1 
3913 10 3923 281 F: 10 
3914 6 3932 470 F: 3 3 
3928 4 3936 72 F: 4 
3931 8 3939 175 F: 5 1 2 
3935 7 3956 192 F: 6 1 
3944 5 3959 138 F: 2 3 
3953 11 3997 335 F: 7 4 
3972 2 3976 382 F: 2 
3982 7 4003 393 F: 2 4 1 
4002 9 4011 484 F: 3 6 
4021 7 4035 203 F: 2 4 1 
4032 7 4046 72 F: 4 3 
4034 10 4074 402 F: 4 3 3 
4047 6 4059 358 F: 6 
4050 10 4070 289 F: 10 
4058 8 4090 252 F: 4 1 3 
4066 8 4090 223 F: 6 2 
4071 4 4083 250 F: 4 
4087 12 4111 293 F: 6 6 
4101 11 4123 16 F: 6 5 
4110 4 4126 288 F: 3 1 
4149 13 4175 392 F: 7 6 
4154 11 4187 393 F: 5 6 
4155 8 4187 236 F: 5 3 
4167 9 4203 309 F: 6 3 
4174 9 4192 252 F: 7 2 
4177 7 4198 31 F: 5 1 1 
4185 12 4221 29 F: 7 5 
4196 9 4232 239 F: 9 
4209 13 4235 111 F: 5 4 4 
4217 7 4231 103 F: 4 3 
4220 4 4224 176 F: 4 
4227 5 4237 443 F: 3 2 
4240 6 4258 303 F: 2 2 2 
4250 7 4264 17 F: 4 3 
4253 7 4260 168 F: 4 3 
4266 5 4281 114 F: 3 1 1 
4290 11 4323 399 F: 11 
4297 6 4303 352 F: 4 2 
4300 5 4320 283 F: 3 2 
4325 7 4353 436 F: 3 2 2 
4340 6 4346 456 F: 2 2 2 
4348 6 4372 431 F: 6 
4352 2 4358 418 F: 2 
4356 13 4395 173 F: 7 6 
4358 8 4374 337 F: 3 5 
4367 12 4403 9 F: 12 
4373 12 4421 85 F: 12 
4391 10 4421 234 F: 4 2 4 
4414 9 4441 442 F: 9 
4419 8 4427 174 F: 8 
4425 10 4445 324 F: 10 
4437 10 4477 217 F: 4 6 
4441 9 4459 168 F: 7 2 
4443 10 4473 66 F: 3 3 4 
4474 10 4484 151 F: 6 4 
4478 9 4505 496 F: 6 3 
4492 10 4512 241 F: 4 4 2 
4499 11 4510 219 F: 5 6 
4503 10 4513 240 F: 5 2 3 
4505 12 4517 192 F: 12 
4506 11 4550 357 F: 11 
4510 7 4517 117 F: 2 5 
4512 2 4520 178 F: 2 
4529 11 4562 311 F: 5 6 
4537 11 4559 373 F: 11 
4550 4 4554 223 F: 2 1 1 
4568 7 4589 350 F: 5 1 1 
4577 11 4588 440 F: 5 6 
4610 7 4617 228 F: 5 1 1 
4616 10 4656 67 F: 5 5 
4626 9 4644 435 F: 9 
4632 11 4676 159 F: 11 
4634 8 4650 403 F: 7 1 
4642 10 4672 359 F: 5 1 4 
4648 11 4670 29 F: 7 4 
4668 8 4676 271 F: 2 6 
4670 8 4702 417 F: 4 1 3 
4679 6 4691 267 F: 2 4 
4700 8 4708 274 F: 3 3 2 
4705 5 4725 254 F: 5 
4707 11 4718 150 F: 11 
4722 3 4731 147 F: 2 1 
4730 3 4739 471 F: 2 1 
4745 3 4751 496 F: 2 1 
4751 6 4775 409 F: 2 2 2 
4760 7 4774 394 F: 3 4 
4767 13 4780 470 F: 7 6 
4778 10 4798 146 F: 4 6 
4804 9 4813 92 F: 4 4 1 
4810 6 4828 278 F: 3 3 
4812 2 4816 195 F: 2 
4822 8 4854 351 F: 8 
4824 9 4842 159 F: 4 2 3 
4832 4 4844 8 F: 4 
4851 7 4872 49 F: 3 3 1 
4868 6 4874 7 F: 2 3 1 
4874 8 4906 262 F: 5 3 
4876 9 4885 223 F: 5 3 1 
4906 10 4926 307 F: 4 6 
4910 10 4920 108 F: 5 5 
4945 8 4961 247 F: 4 1 3 
4949 9 4958 162 F: 9 
4958 8 4974 460 F: 2 4 2 
4964 8 4996 330 F: 8 
4968 11 4990 112 F: 5 2 4 
4983 6 5007 395 F: 5 1 
4984 6 4990 293 F: 5 1 
4998 13 5050 120 F: 7 6 
D: 6 208 
D: 7 197 
D: 11 302 
D: 15 314 
D: 17 333 
D: 24 407 
D: 30 212 
D: 34 428 
D: 39 441 
D: 47 414 
D: 58 297 
D: 61 248 
D: 65 338 
D: 74 444 
D: 77 321 
D: 78 441 
D: 90 336 
D: 109 188 
D: 119 488 
D: 121 351 
D: 128 343 
D: 134 463 
D: 144 370 
D: 153 203 
D: 157 205 
D: 168 221 
D: 189 456 
D: 193 242 
D: 193 464 
D: 195 325 
D: 219 326 
D: 242 446 
D: 246 351 
D: 246 424 
D: 263 499 
D: 265 401 
D: 289 435 
D: 311 471 
D: 312 337 
D: 334 435 
D: 349 381 
D: 377 419 
D: 381 421 
D: 386 473 
D: 386 481 
D: 387 412 
D: 400 414 
D: 419 476 
D: 446 454 
D: 452 481 
