16 13 55 273 F: 5 4 4 
28 5 38 498 F: 4 1 
62 10 92 164 F: 5 5 
62 12 74 32 F: 12 
64 8 72 258 F: 5 1 2 
66 2 74 296 F: 2 
74 9 101 418 F: 3 6 
83 9 92 236 F: 4 2 3 
83 12 107 254 F: 12 
98 11 109 441 F: 5 6 
106 11 139 53 F: 5 6 
109 6 133 377 F: 6 
123 5 143 163 F: 4 1 
126 9 153 381 F: 2 3 4 
129 8 161 132 F: 4 1 3 
152 13 204 284 F: 13 
155 4 163 168 F: 2 2 
156 10 186 8 F: 4 6 
187 3 193 381 F: 3 
195 7 209 329 F: 2 3 2 
224 7 238 69 F: 7 
230 12 242 7 F: 7 5 
251 11 273 137 F: 4 3 4 
268 5 273 393 F: 2 1 2 
268 8 292 143 F: 8 
276 7 283 54 F: 2 1 4 
283 10 293 498 F: 10 
283 10 323 229 F: 7 3 
288 11 310 26 F: 4 3 4 
293 3 299 110 F: 3 
304 8 336 252 F: 3 5 
313 10 353 378 F: 10 
323 10 343 206 F: 7 3 
331 7 352 450 F: 4 2 1 
338 9 356 415 F: 4 5 
340 10 360 472 F: 5 5 
363 4 375 375 F: 4 
378 8 402 285 F: 2 3 3 
378 9 414 263 F: 4 5 
395 9 431 61 F: 6 3 
404 10 424 379 F: 3 3 4 
409 8 441 269 F: 2 2 4 
433 5 453 490 F: 5 
436 8 468 53 F: 8 
438 10 468 86 F: 5 5 
442 5 452 108 F: 5 
443 13 495 295 F: 13 
447 9 483 53 F: 6 3 
463 9 499 58 F: 4 3 2 
476 6 488 37 F: 6 
514 9 532 343 F: 9 
517 7 524 77 F: 2 3 2 
519 12 567 261 F: 12 
535 9 553 24 F: 9 
545 7 559 300 F: 7 
577 10 597 343 F: 6 4 
578 7 592 12 F: 7 
580 10 590 301 F: 10 
589 5 594 2 F: 2 3 
589 8 621 252 F: 2 4 2 
608 12 656 174 F: 6 6 
616 9 625 256 F: 4 5 
616 10 646 242 F: 6 4 
618 5 623 464 F: 5 
619 9 628 116 F: 4 5 
650 12 698 152 F: 5 3 4 
668 8 684 82 F: 8 
676 8 692 282 F: 8 
678 10 718 160 F: 2 4 4 
692 7 720 86 F: 3 1 3 
710 4 714 434 F: 4 
711 7 739 464 F: 5 2 
735 13 761 60 F: 7 6 
742 8 774 326 F: 2 6 
748 2 754 16 F: 2 
750 8 774 34 F: 5 2 1 
769 13 821 198 F: 13 
776 9 794 443 F: 3 6 
788 13 827 249 F: 13 
795 11 839 223 F: 11 
800 8 824 317 F: 3 4 1 
840 8 848 485 F: 8 
842 9 878 11 F: 9 
847 9 883 354 F: 5 1 3 
848 11 870 456 F: 5 3 3 
854 9 863 362 F: 4 1 4 
857 7 885 274 F: 2 3 2 
857 11 901 94 F: 5 3 3 
863 10 903 345 F: 10 
872 8 880 329 F: 6 2 
925 7 932 57 F: 4 1 2 
926 11 937 204 F: 7 4 
944 5 959 90 F: 2 3 
944 8 968 110 F: 6 2 
946 7 967 435 F: 2 5 
948 6 960 375 F: 6 
956 10 996 216 F: 4 4 2 
961 6 979 435 F: 2 4 
993 5 1013 157 F: 4 1 
999 8 1031 52 F: 4 3 1 
1012 8 1044 247 F: 8 
1027 5 1047 180 F: 5 
1032 8 1064 172 F: 3 3 2 
1042 11 1086 264 F: 4 3 4 
1052 7 1066 227 F: 4 3 
1057 7 1078 459 F: 2 4 1 
1065 8 1097 81 F: 3 3 2 
1072 8 1088 166 F: 8 
1090 10 1100 145 F: 10 
1094 12 1142 421 F: 6 6 
1104 8 1128 413 F: 3 1 4 
1108 6 1132 320 F: 6 
1113 10 1153 261 F: 5 1 4 
1118 11 1162 3 F: 5 3 3 
1130 4 1142 256 F: 3 1 
1145 3 1157 453 F: 3 
1168 10 1188 307 F: 3 3 4 
1178 4 1182 497 F: 3 1 
1186 6 1192 478 F: 2 2 2 
1191 8 1215 136 F: 6 2 
1204 3 1216 246 F: 2 1 
1213 8 1229 494 F: 7 1 
1216 9 1225 68 F: 7 2 
1232 7 1246 260 F: 5 2 
1242 12 1266 451 F: 12 
1257 8 1273 405 F: 6 2 
1266 6 1284 249 F: 3 3 
1277 10 1317 480 F: 3 3 4 
1286 7 1307 241 F: 7 
1297 4 1305 88 F: 2 1 1 
1301 9 1310 152 F: 5 3 1 
1302 8 1310 369 F: 3 5 
1308 5 1318 362 F: 5 
1320 11 1342 121 F: 11 
1334 8 1358 162 F: 2 3 3 
1337 13 1376 303 F: 7 6 
1341 10 1351 267 F: 5 1 4 
1342 9 1360 354 F: 2 4 3 
1349 6 1367 348 F: 4 2 
1371 8 1387 188 F: 4 4 
1404 5 1424 27 F: 5 
1405 8 1437 393 F: 8 
1415 10 1455 248 F: 4 3 3 
1426 10 1466 25 F: 5 4 1 
1434 9 1443 197 F: 9 
1441 11 1474 12 F: 5 6 
1445 8 1477 86 F: 3 2 3 
1457 9 1475 392 F: 5 4 
1470 12 1494 465 F: 12 
1484 13 1536 391 F: 13 
1512 9 1548 32 F: 5 4 
1518 7 1546 275 F: 7 
1522 9 1531 105 F: 3 6 
1538 4 1542 302 F: 3 1 
1538 12 1562 339 F: 5 3 4 
1540 6 1546 320 F: 4 2 
1550 12 1586 100 F: 5 3 4 
1570 7 1584 244 F: 7 
1571 2 1579 6 F: 2 
1593 10 1623 482 F: 5 5 
1609 8 1625 115 F: 7 1 
1610 8 1634 179 F: 3 5 
1610 8 1642 208 F: 2 6 
1626 6 1650 477 F: 2 4 
1628 6 1646 214 F: 6 
1656 9 1665 256 F: 4 1 4 
1665 8 1673 322 F: 2 3 3 
1685 12 1733 287 F: 6 6 
1686 2 1688 458 F: 2 
1688 5 1703 62 F: 5 
1702 8 1726 40 F: 5 3 
1716 8 1740 444 F: 4 1 3 
1741 6 1747 140 F: 4 2 
1747 13 1786 359 F: 13 
1751 3 1763 64 F: 3 
1751 9 1778 329 F: 9 
1761 13 1774 247 F: 13 
1764 8 1788 272 F: 8 
1770 4 1782 43 F: 4 
1771 9 1789 413 F: 5 2 2 
1804 4 1816 474 F: 2 2 
1805 6 1829 64 F: 5 1 
1816 10 1836 423 F: 4 3 3 
1832 11 1865 56 F: 11 
1834 11 1878 280 F: 11 
1838 7 1859 365 F: 5 2 
1865 12 1901 84 F: 5 4 3 
1889 12 1901 29 F: 12 
1897 7 1904 356 F: 6 1 
1899 6 1905 135 F: 4 2 
1901 10 1911 192 F: 10 
1904 9 1940 404 F: 4 4 1 
1923 6 1929 118 F: 3 3 
1929 10 1969 259 F: 4 6 
1930 10 1960 377 F: 4 3 3 
1939 7 1953 451 F: 3 2 2 
1959 11 2003 436 F: 5 4 2 
1975 2 1981 350 F: 2 
1984 9 2002 74 F: 4 4 1 
1988 4 2000 423 F: 3 1 
2007 8 2039 41 F: 3 2 3 
2033 7 2061 37 F: 2 5 
2033 8 2065 65 F: 8 
2046 7 2074 415 F: 4 2 1 
2062 8 2070 336 F: 4 4 
2063 9 2072 342 F: 5 4 
2077 10 2087 154 F: 6 4 
2083 2 2085 111 F: 2 
2085 5 2105 112 F: 2 2 1 
2097 7 2104 458 F: 4 2 1 
2101 8 2125 53 F: 2 4 2 
2150 8 2166 474 F: 5 2 1 
2155 6 2161 101 F: 3 3 
2162 7 2169 196 F: 7 
2167 6 2191 253 F: 2 4 
2183 4 2191 77 F: 2 2 
2183 8 2207 131 F: 3 2 3 
2189 8 2213 421 F: 4 4 
2193 9 2229 122 F: 3 3 3 
2197 3 2209 468 F: 3 
2200 7 2207 272 F: 7 
2216 9 2234 357 F: 3 6 
2230 13 2256 445 F: 13 
2264 9 2300 27 F: 9 
2276 2 2280 258 F: 2 
2276 8 2308 375 F: 5 2 1 
2285 7 2313 45 F: 5 1 1 
2296 11 2307 477 F: 11 
2296 12 2344 177 F: 12 
2297 8 2329 111 F: 3 3 2 
2308 10 2328 294 F: 10 
2315 9 2324 124 F: 5 1 3 
2319 6 2337 373 F: 2 1 3 
2327 10 2357 344 F: 5 1 4 
2330 8 2338 488 F: 3 3 2 
2340 8 2364 17 F: 2 6 
2352 4 2364 152 F: 4 
2356 12 2404 453 F: 5 4 3 
2358 2 2364 47 F: 2 
2372 6 2378 135 F: 6 
2407 10 2447 339 F: 5 4 1 
2408 10 2418 425 F: 5 5 
2428 12 2440 234 F: 12 
2441 9 2468 3 F: 9 
2460 8 2492 238 F: 5 3 
2474 7 2488 189 F: 7 
2475 7 2489 26 F: 7 
2482 4 2494 28 F: 2 2 
2485 11 2507 323 F: 3 4 4 
2491 11 2513 232 F: 7 4 
2508 7 2522 390 F: 7 
2512 8 2520 116 F: 4 1 3 
2538 5 2548 409 F: 2 3 
2553 10 2563 392 F: 5 4 1 
2555 9 2591 277 F: 5 3 1 
2555 11 2577 247 F: 11 
2557 10 2577 166 F: 7 3 
2558 7 2572 131 F: 4 1 2 
2567 11 2578 24 F: 6 5 
2572 9 2581 411 F: 3 3 3 
2612 11 2645 494 F: 5 3 3 
2613 9 2649 22 F: 3 4 2 
2616 11 2627 268 F: 11 
2628 9 2646 479 F: 5 1 3 
2630 4 2642 429 F: 2 1 1 
2647 9 2656 346 F: 5 4 
2669 10 2679 284 F: 6 4 
2681 9 2690 498 F: 5 3 1 
2693 8 2717 301 F: 2 6 
2698 3 2704 448 F: 3 
2703 7 2717 461 F: 2 2 3 
2705 6 2711 127 F: 2 4 
2712 8 2728 101 F: 6 2 
2730 7 2758 378 F: 6 1 
2730 8 2746 55 F: 6 2 
2770 7 2798 60 F: 7 
2773 10 2803 248 F: 4 6 
2779 9 2788 259 F: 3 3 3 
2787 9 2814 251 F: 7 2 
2792 11 2825 354 F: 3 4 4 
2806 9 2842 147 F: 3 4 2 
2817 6 2829 52 F: 6 
2834 10 2864 144 F: 5 4 1 
2847 6 2859 287 F: 3 3 
2851 8 2875 364 F: 7 1 
2851 10 2881 308 F: 10 
2868 4 2872 372 F: 3 1 
2883 8 2915 202 F: 4 4 
2891 9 2909 207 F: 5 4 
2892 13 2944 221 F: 7 6 
2906 11 2917 184 F: 11 
2918 8 2934 302 F: 6 2 
2921 8 2945 410 F: 3 5 
2922 8 2946 440 F: 3 4 1 
2931 6 2943 204 F: 2 4 
2952 8 2984 147 F: 7 1 
2958 3 2970 299 F: 3 
2961 8 2993 5 F: 3 3 2 
2961 9 2988 77 F: 7 2 
2984 9 2993 245 F: 9 
3011 8 3043 156 F: 5 2 1 
3019 9 3046 492 F: 9 
3032 13 3071 45 F: 7 6 
3036 5 3046 407 F: 3 1 1 
3047 8 3079 186 F: 3 1 4 
3049 3 3061 143 F: 3 
3062 6 3086 465 F: 2 1 3 
3077 8 3085 102 F: 4 2 2 
3092 11 3103 204 F: 5 6 
3099 7 3127 120 F: 5 2 
3108 10 3118 498 F: 4 3 3 
3109 5 3129 310 F: 4 1 
3141 9 3159 176 F: 2 3 4 
3143 8 3151 394 F: 3 5 
3147 13 3160 220 F: 13 
3164 6 3176 303 F: 4 2 
3188 12 3212 328 F: 12 
3190 8 3198 169 F: 4 1 3 
3198 10 3228 178 F: 6 4 
3199 11 3243 335 F: 11 
3209 2 3217 289 F: 2 
3210 12 3234 296 F: 7 5 
3214 5 3219 494 F: 5 
3223 6 3247 466 F: 6 
3226 9 3244 390 F: 3 4 2 
3236 6 3254 149 F: 6 
3250 8 3258 248 F: 2 6 
3259 12 3271 24 F: 7 5 
3288 4 3300 120 F: 2 1 1 
3298 13 3337 470 F: 5 4 4 
3308 7 3322 27 F: 4 3 
3309 8 3317 293 F: 2 2 4 
3314 13 3353 148 F: 5 4 4 
3337 8 3361 114 F: 2 3 3 
3340 5 3360 211 F: 2 3 
3347 8 3379 44 F: 2 3 3 
3360 2 3362 96 F: 2 
3366 6 3384 341 F: 6 
3378 8 3402 124 F: 2 4 2 
3396 9 3405 270 F: 3 3 3 
3412 5 3422 258 F: 5 
3433 10 3443 409 F: 3 4 3 
3434 6 3458 340 F: 4 2 
3440 11 3473 310 F: 5 3 3 
3462 3 3465 220 F: 3 
3465 9 3501 207 F: 6 3 
3470 6 3476 52 F: 4 2 
3490 6 3508 72 F: 6 
3495 3 3501 235 F: 3 
3498 6 3522 415 F: 2 2 2 
3508 6 3526 139 F: 6 
3512 9 3521 424 F: 5 2 2 
3513 13 3552 161 F: 13 
3517 8 3549 210 F: 8 
3538 8 3562 388 F: 6 2 
3546 4 3558 300 F: 3 1 
3548 8 3580 58 F: 6 2 
3554 9 3572 125 F: 7 2 
3585 3 3591 124 F: 3 
3590 8 3606 408 F: 2 4 2 
3606 12 3654 457 F: 12 
3610 13 3649 120 F: 7 6 
3626 13 3639 452 F: 7 6 
3627 6 3633 434 F: 5 1 
3632 4 3640 92 F: 4 
3671 5 3681 305 F: 5 
3679 13 3731 135 F: 7 6 
3687 7 3708 144 F: 3 4 
3687 9 3714 139 F: 3 6 
3687 12 3723 337 F: 12 
3701 4 3717 110 F: 4 
3734 8 3750 160 F: 2 6 
3750 7 3764 258 F: 7 
3767 10 3797 367 F: 3 3 4 
3771 9 3798 429 F: 5 4 
3773 11 3817 397 F: 3 4 4 
3775 8 3791 473 F: 8 
3776 6 3800 491 F: 4 2 
3777 5 3797 121 F: 2 1 2 
3777 8 3809 337 F: 4 4 
3803 6 3821 392 F: 5 1 
3812 8 3820 135 F: 4 3 1 
3828 8 3860 53 F: 6 2 
3860 12 3908 195 F: 12 
3863 10 3873 369 F: 10 
3864 11 3897 266 F: 5 6 
3875 9 3902 161 F: 5 2 2 
3879 2 3887 190 F: 2 
3896 8 3920 380 F: 5 3 
3898 11 3942 210 F: 5 4 2 
3903 8 3911 344 F: 5 3 
3913 6 3931 411 F: 6 
3920 4 3928 349 F: 2 2 
3922 10 3962 113 F: 4 6 
3925 3 3937 7 F: 2 1 
3963 4 3979 267 F: 4 
3967 9 3994 135 F: 3 6 
3970 6 3976 417 F: 6 
3971 5 3981 68 F: 3 1 1 
3988 10 4028 128 F: 5 2 3 
4012 4 4024 204 F: 3 1 
4018 8 4050 247 F: 2 4 2 
4041 8 4049 438 F: 2 4 2 
4041 11 4052 184 F: 3 4 4 
4057 7 4064 192 F: 2 2 3 
4057 12 4105 54 F: 5 4 3 
4064 7 4078 144 F: 7 
4068 8 4084 233 F: 7 1 
4075 10 4095 498 F: 10 
4078 8 4086 200 F: 3 2 3 
4112 9 4130 196 F: 9 
4114 5 4134 245 F: 5 
4125 7 4139 59 F: 7 
4129 10 4169 252 F: 4 6 
4137 10 4167 239 F: 10 
4141 7 4162 63 F: 4 1 2 
4160 8 4184 467 F: 4 1 3 
4177 10 4207 308 F: 5 4 1 
4184 6 4196 484 F: 5 1 
4195 4 4199 310 F: 4 
4205 11 4249 58 F: 11 
4206 9 4233 377 F: 9 
4207 8 4239 153 F: 8 
4214 5 4229 492 F: 4 1 
4230 8 4254 453 F: 8 
4271 3 4274 67 F: 3 
4275 7 4282 379 F: 2 1 4 
4281 7 4302 236 F: 2 4 1 
4284 9 4293 423 F: 4 4 1 
4298 4 4314 352 F: 4 
4330 7 4358 222 F: 2 1 4 
4331 12 4343 106 F: 5 4 3 
4333 2 4341 212 F: 2 
4336 8 4344 297 F: 3 1 4 
4360 2 4362 82 F: 2 
4366 12 4378 487 F: 5 4 3 
4373 2 4377 246 F: 2 
4382 9 4391 361 F: 9 
4391 3 4400 166 F: 3 
4395 13 4434 460 F: 13 
4406 6 4424 209 F: 6 
4418 10 4428 267 F: 2 4 4 
4423 7 4444 383 F: 6 1 
4437 5 4447 374 F: 3 2 
4446 11 4479 383 F: 6 5 
4461 9 4488 60 F: 9 
4461 11 4483 254 F: 5 2 4 
4467 9 4503 263 F: 9 
4483 10 4523 257 F: 7 3 
4485 10 4525 449 F: 5 5 
4517 5 4532 370 F: 4 1 
4536 10 4576 215 F: 2 4 4 
4543 11 4565 8 F: 5 6 
4546 11 4557 141 F: 5 2 4 
4562 9 4571 448 F: 6 3 
4581 11 4614 285 F: 7 4 
4582 12 4630 171 F: 6 6 
4585 9 4603 404 F: 4 3 2 
4587 7 4608 163 F: 4 1 2 
4596 3 4599 289 F: 2 1 
4614 9 4641 338 F: 9 
4622 2 4628 22 F: 2 
4629 7 4657 263 F: 2 5 
4634 10 4674 298 F: 6 4 
4638 13 4677 194 F: 7 6 
4640 5 4645 418 F: 3 1 1 
4641 11 4663 443 F: 6 5 
4664 8 4680 24 F: 2 4 2 
4671 11 4682 367 F: 4 3 4 
4691 13 4730 346 F: 7 6 
4718 9 4736 288 F: 3 6 
4721 9 4748 16 F: 3 6 
4723 11 4767 303 F: 5 2 4 
4725 9 4734 496 F: 3 3 3 
4726 12 4774 105 F: 12 
4735 3 4744 160 F: 3 
4745 3 4748 359 F: 3 
4754 12 4778 337 F: 12 
4761 10 4781 109 F: 10 
4794 8 4818 120 F: 8 
4804 10 4844 226 F: 6 4 
4805 9 4832 16 F: 3 3 3 
4812 5 4822 385 F: 2 1 2 
4820 9 4856 403 F: 5 3 1 
4825 11 4847 389 F: 5 2 4 
4828 7 4835 439 F: 2 5 
4852 8 4860 233 F: 4 2 2 
4860 9 4887 123 F: 5 1 3 
4862 9 4880 319 F: 6 3 
4885 9 4921 14 F: 3 6 
4900 6 4912 463 F: 6 
4925 3 4937 387 F: 3 
4925 10 4935 102 F: 3 3 4 
4926 6 4938 400 F: 6 
4931 10 4971 194 F: 5 5 
4941 10 4971 353 F: 2 4 4 
4982 8 4998 433 F: 7 1 
4983 11 4994 9 F: 4 3 4 
4997 10 5007 75 F: 10 
4999 10 5039 181 F: 10 
D: 0 87 
D: 2 212 
D: 5 381 
D: 8 148 
D: 11 459 
D: 12 320 
D: 20 162 
D: 23 372 
D: 30 262 
D: 32 438 
D: 36 303 
D: 42 240 
D: 43 112 
D: 46 270 
D: 50 449 
D: 79 242 
D: 82 313 
D: 97 129 
D: 98 299 
D: 104 149 
D: 111 484 
D: 114 376 
D: 132 362 
D: 137 331 
D: 138 194 
D: 147 192 
D: 157 201 
D: 158 163 
D: 168 472 
D: 178 494 
D: 182 442 
D: 189 267 
D: 197 269 
D: 198 397 
D: 204 215 
D: 213 387 
D: 223 368 
D: 223 455 
D: 295 299 
D: 304 479 
D: 325 468 
D: 328 474 
D: 334 356 
D: 336 406 
D: 349 466 
D: 380 471 
D: 406 473 
D: 409 489 
D: 419 456 
D: 421 437 
