12 12 24 49 F: 12 
16 4 28 2 F: 2 2 
17 9 26 16 F: 9 
27 7 48 30 F: 5 2 
51 9 69 19 F: 9 
53 9 62 9 F: 5 4 
60 9 96 37 F: 4 5 
64 7 78 9 F: 7 
71 10 81 4 F: 5 1 4 
84 7 112 21 F: 5 2 
112 10 152 42 F: 7 3 
127 7 148 27 F: 7 
132 5 147 11 F: 4 1 
141 4 149 50 F: 3 1 
156 3 168 40 F: 3 
156 5 161 9 F: 4 1 
159 7 173 2 F: 7 
162 6 174 10 F: 6 
191 5 211 4 F: 2 2 1 
199 11 243 47 F: 5 3 3 
205 3 211 9 F: 2 1 
209 10 219 27 F: 7 3 
213 11 246 25 F: 7 4 
215 8 223 24 F: 6 2 
227 2 235 4 F: 2 
241 3 253 10 F: 3 
241 7 255 33 F: 7 
265 6 283 33 F: 2 1 3 
283 8 315 36 F: 4 1 3 
293 7 314 12 F: 7 
321 9 339 43 F: 9 
330 6 348 37 F: 4 1 1 
333 13 346 35 F: 7 6 
348 13 374 1 F: 13 
362 10 402 21 F: 4 4 2 
364 5 379 18 F: 2 2 1 
365 9 401 12 F: 5 4 
374 4 378 48 F: 4 
388 8 396 32 F: 4 2 2 
399 8 415 44 F: 8 
408 5 418 7 F: 2 1 2 
410 3 416 3 F: 3 
412 8 420 42 F: 8 
448 12 484 37 F: 7 5 
450 9 486 38 F: 2 4 3 
455 11 466 1 F: 3 4 4 
458 9 467 39 F: 4 5 
460 4 468 17 F: 2 2 
482 12 518 23 F: 12 
493 9 529 35 F: 9 
D: 7 24 
D: 12 20 
D: 12 26 
D: 16 23 
D: 41 47 
