8 2 16 20 F: 2 
22 7 50 48 F: 3 1 3 
29 9 47 47 F: 3 4 2 
32 10 62 46 F: 3 4 3 
58 5 78 36 F: 2 2 1 
60 7 74 19 F: 3 2 2 
63 10 73 44 F: 5 4 1 
69 5 74 20 F: 2 3 
77 9 95 38 F: 3 4 2 
89 8 97 6 F: 4 2 2 
104 11 137 12 F: 6 5 
106 4 118 5 F: 4 
134 9 143 37 F: 4 3 2 
135 12 159 50 F: 5 4 3 
151 7 165 47 F: 4 2 1 
167 9 176 28 F: 2 4 3 
169 5 174 15 F: 4 1 
172 12 208 31 F: 12 
177 3 186 6 F: 3 
178 6 184 30 F: 4 1 1 
200 10 230 25 F: 10 
209 10 229 34 F: 5 4 1 
215 6 227 33 F: 6 
240 8 248 28 F: 4 1 3 
252 11 274 50 F: 11 
258 4 266 47 F: 4 
261 7 275 31 F: 2 3 2 
274 10 304 45 F: 4 6 
276 7 297 2 F: 6 1 
277 6 283 5 F: 5 1 
303 10 323 9 F: 4 3 3 
305 4 313 43 F: 2 2 
322 11 344 32 F: 7 4 
336 8 368 6 F: 3 2 3 
363 5 368 47 F: 5 
364 10 384 26 F: 4 2 4 
380 5 400 16 F: 4 1 
382 6 406 38 F: 3 1 2 
385 7 399 41 F: 3 3 1 
399 7 406 34 F: 2 2 3 
406 3 412 18 F: 3 
411 3 417 10 F: 3 
414 9 432 10 F: 6 3 
426 11 437 41 F: 3 4 4 
452 13 491 4 F: 7 6 
465 10 475 43 F: 10 
480 9 498 7 F: 9 
481 4 489 27 F: 4 
495 10 515 2 F: 3 4 3 
499 6 511 9 F: 2 4 
D: 0 10 
D: 17 25 
D: 21 40 
D: 22 41 
D: 28 31 
