12 12 60 115 F: 7 5 
24 9 42 270 F: 5 1 3 
38 10 68 179 F: 10 
39 9 57 79 F: 6 3 
50 8 66 421 F: 2 4 2 
58 5 63 82 F: 5 
60 13 73 88 F: 5 4 4 
67 10 77 130 F: 10 
75 8 83 197 F: 2 6 
90 5 105 302 F: 5 
106 10 116 14 F: 10 
111 8 119 455 F: 2 6 
130 11 174 5 F: 11 
132 8 140 301 F: 4 2 2 
136 10 156 125 F: 5 5 
140 8 164 351 F: 4 3 1 
143 10 153 19 F: 5 4 1 
168 8 176 363 F: 4 3 1 
169 2 175 122 F: 2 
190 11 212 38 F: 11 
205 9 232 35 F: 4 5 
212 5 222 210 F: 5 
214 9 241 260 F: 5 2 2 
218 9 254 471 F: 3 4 2 
222 4 230 179 F: 4 
222 8 254 93 F: 8 
226 6 232 352 F: 4 2 
229 5 244 430 F: 5 
285 12 333 196 F: 12 
287 10 317 249 F: 5 5 
305 12 353 357 F: 4 4 4 
317 8 325 378 F: 4 2 2 
322 10 342 422 F: 3 4 3 
326 12 338 17 F: 12 
339 8 371 237 F: 2 4 2 
349 9 385 344 F: 5 3 1 
385 4 393 166 F: 4 
388 10 408 428 F: 3 3 4 
392 11 425 31 F: 11 
395 8 411 261 F: 8 
401 11 423 46 F: 5 4 2 
435 13 448 4 F: 13 
458 12 506 410 F: 7 5 
459 6 477 52 F: 6 
464 6 488 24 F: 2 4 
465 10 475 425 F: 6 4 
472 6 484 393 F: 2 4 
487 3 490 481 F: 3 
488 12 512 15 F: 12 
492 6 516 74 F: 3 1 2 
520 2 522 23 F: 2 
521 10 541 375 F: 10 
527 7 548 116 F: 5 1 1 
529 11 540 397 F: 6 5 
529 11 573 105 F: 5 3 3 
530 5 550 438 F: 2 3 
533 6 557 96 F: 2 3 1 
535 9 544 151 F: 4 2 3 
552 11 585 348 F: 6 5 
570 3 576 407 F: 3 
603 4 619 235 F: 4 
610 9 619 14 F: 5 4 
614 10 654 393 F: 5 5 
629 7 650 476 F: 2 2 3 
638 9 656 355 F: 7 2 
640 8 664 207 F: 3 2 3 
654 7 668 16 F: 4 2 1 
668 9 677 455 F: 9 
669 10 689 435 F: 10 
688 8 712 48 F: 8 
709 12 745 431 F: 12 
716 12 764 428 F: 4 4 4 
718 8 734 474 F: 3 2 3 
719 8 727 311 F: 3 4 1 
748 8 756 107 F: 2 4 2 
753 8 769 87 F: 3 1 4 
757 8 781 53 F: 5 1 2 
757 10 797 334 F: 5 4 1 
764 8 780 460 F: 3 5 
766 2 774 350 F: 2 
803 10 833 80 F: 10 
810 6 822 322 F: 3 2 1 
834 8 842 311 F: 5 3 
835 10 865 238 F: 5 2 3 
838 8 846 457 F: 2 6 
844 2 850 305 F: 2 
848 7 862 138 F: 6 1 
866 7 873 139 F: 3 3 1 
883 6 895 187 F: 6 
883 8 915 363 F: 7 1 
904 11 926 62 F: 11 
905 9 941 241 F: 4 2 3 
916 5 926 119 F: 2 3 
926 5 931 239 F: 5 
931 10 951 113 F: 4 3 3 
938 10 948 24 F: 10 
944 4 948 498 F: 3 1 
945 8 961 263 F: 4 3 1 
963 7 970 102 F: 2 2 3 
984 12 1020 373 F: 6 6 
1002 10 1022 495 F: 4 6 
1010 13 1036 187 F: 5 4 4 
1017 8 1033 328 F: 5 3 
1027 9 1036 192 F: 4 3 2 
1051 10 1061 197 F: 6 4 
1055 5 1060 234 F: 3 1 1 
1078 9 1114 97 F: 7 2 
1081 11 1114 133 F: 11 
1085 11 1118 461 F: 4 4 3 
1096 8 1112 431 F: 5 2 1 
1103 10 1133 370 F: 4 6 
1109 6 1115 226 F: 4 2 
1115 7 1143 467 F: 7 
1128 6 1134 188 F: 2 2 2 
1134 7 1162 334 F: 4 2 1 
1136 8 1144 224 F: 7 1 
1160 10 1200 319 F: 4 3 3 
1176 8 1184 137 F: 3 1 4 
1184 10 1194 37 F: 5 5 
1190 8 1222 353 F: 2 2 4 
1200 10 1240 436 F: 5 1 4 
1201 3 1213 25 F: 3 
1215 9 1251 174 F: 3 6 
1222 10 1252 393 F: 5 2 3 
1243 9 1261 207 F: 6 3 
1249 11 1293 163 F: 6 5 
1256 8 1264 335 F: 3 4 1 
1265 8 1289 176 F: 2 3 3 
1282 12 1318 110 F: 6 6 
1296 4 1312 356 F: 4 
1304 8 1328 440 F: 3 3 2 
1309 8 1341 394 F: 2 3 3 
1344 6 1356 435 F: 3 3 
1354 7 1375 14 F: 2 1 4 
1364 2 1368 482 F: 2 
1364 5 1369 151 F: 2 1 2 
1370 5 1390 236 F: 3 1 1 
1371 7 1399 463 F: 2 1 4 
1377 9 1413 451 F: 4 3 2 
1397 9 1424 69 F: 3 6 
1424 9 1460 227 F: 7 2 
1427 12 1475 382 F: 12 
1428 4 1440 403 F: 4 
1432 8 1456 216 F: 4 1 3 
1453 4 1461 281 F: 4 
1458 4 1466 470 F: 2 2 
1478 2 1482 427 F: 2 
1478 12 1514 419 F: 12 
1481 10 1521 191 F: 5 2 3 
1496 5 1506 8 F: 5 
1517 9 1553 460 F: 3 2 4 
1542 8 1566 27 F: 8 
1546 5 1561 129 F: 5 
1549 11 1571 102 F: 11 
1568 6 1574 235 F: 3 2 1 
1582 6 1606 315 F: 4 2 
1582 7 1610 270 F: 4 3 
1585 11 1596 262 F: 11 
1589 8 1597 8 F: 3 5 
1595 7 1609 386 F: 2 4 1 
1600 7 1614 428 F: 7 
1602 12 1626 470 F: 12 
1623 5 1638 447 F: 4 1 
1632 12 1680 265 F: 12 
1637 7 1658 465 F: 7 
1638 3 1647 372 F: 3 
1673 9 1700 119 F: 7 2 
1673 10 1713 95 F: 7 3 
1676 13 1728 94 F: 13 
1691 8 1707 406 F: 5 3 
1705 10 1735 72 F: 10 
1716 7 1723 249 F: 2 1 4 
1716 9 1752 416 F: 9 
1729 7 1743 68 F: 2 5 
1741 7 1769 157 F: 7 
1741 9 1768 240 F: 9 
1745 7 1759 59 F: 5 2 
1761 12 1797 217 F: 6 6 
1788 11 1832 141 F: 5 4 2 
1795 5 1800 187 F: 3 2 
1812 7 1833 461 F: 2 4 1 
1813 8 1845 65 F: 3 4 1 
1816 10 1856 368 F: 2 4 4 
1822 9 1849 101 F: 3 6 
1845 5 1865 70 F: 3 1 1 
1846 8 1878 333 F: 7 1 
1849 6 1873 293 F: 3 3 
1856 10 1886 270 F: 2 4 4 
1875 9 1884 220 F: 3 3 3 
1893 9 1902 390 F: 2 3 4 
1908 6 1926 357 F: 6 
1911 2 1919 442 F: 2 
1926 7 1954 56 F: 3 3 1 
1937 11 1959 435 F: 5 3 3 
1937 12 1961 49 F: 5 4 3 
1942 11 1975 462 F: 5 6 
1953 5 1958 62 F: 5 
1972 9 2008 117 F: 3 6 
1989 10 2029 255 F: 3 3 4 
1998 12 2022 102 F: 6 6 
2000 9 2009 423 F: 7 2 
2006 7 2034 10 F: 5 2 
2008 2 2014 10 F: 2 
2012 9 2039 116 F: 2 4 3 
2023 13 2036 35 F: 7 6 
2045 9 2054 52 F: 9 
2047 10 2057 68 F: 10 
2048 8 2080 303 F: 8 
2079 12 2091 146 F: 12 
2097 4 2101 109 F: 2 2 
2119 4 2135 151 F: 4 
2121 10 2151 113 F: 5 1 4 
2138 6 2162 317 F: 3 1 2 
2143 9 2152 106 F: 4 3 2 
2150 9 2159 358 F: 5 1 3 
2164 8 2196 439 F: 3 5 
2176 8 2192 215 F: 5 2 1 
2184 8 2216 369 F: 6 2 
2189 6 2201 48 F: 3 1 2 
2194 8 2218 206 F: 5 2 1 
2204 3 2213 302 F: 3 
2244 6 2256 240 F: 2 3 1 
2251 4 2267 416 F: 4 
2260 7 2274 65 F: 3 4 
2264 7 2285 153 F: 4 3 
2266 3 2272 252 F: 3 
2267 8 2291 56 F: 8 
2283 7 2290 21 F: 3 4 
2293 11 2337 98 F: 3 4 4 
2297 11 2319 317 F: 5 2 4 
2300 10 2330 72 F: 3 3 4 
2302 10 2342 216 F: 6 4 
2304 9 2331 462 F: 4 4 1 
2304 10 2334 382 F: 10 
2304 13 2343 214 F: 13 
2325 7 2353 279 F: 4 2 1 
2335 9 2344 27 F: 2 4 3 
2338 5 2353 394 F: 5 
2355 8 2387 180 F: 3 3 2 
2369 3 2381 290 F: 3 
2405 8 2437 428 F: 8 
2411 6 2429 414 F: 5 1 
2413 10 2443 388 F: 10 
2417 8 2425 372 F: 3 1 4 
2435 8 2467 307 F: 5 3 
2440 7 2468 476 F: 2 5 
2445 8 2461 127 F: 5 3 
2462 9 2489 239 F: 5 1 3 
2483 2 2487 10 F: 2 
2485 9 2503 312 F: 5 1 3 
2511 6 2535 300 F: 6 
2533 12 2581 232 F: 7 5 
2535 10 2565 432 F: 2 4 4 
2562 8 2570 151 F: 6 2 
2568 7 2596 178 F: 2 3 2 
2577 5 2597 185 F: 2 1 2 
2579 13 2618 13 F: 13 
2583 9 2601 39 F: 3 3 3 
2590 8 2598 53 F: 2 3 3 
2598 9 2607 249 F: 9 
2610 9 2637 128 F: 9 
2616 7 2630 60 F: 3 2 2 
2629 7 2643 286 F: 3 4 
2634 12 2646 165 F: 12 
2643 12 2691 323 F: 6 6 
2661 10 2691 277 F: 7 3 
2671 7 2699 411 F: 4 3 
2675 8 2691 400 F: 8 
2684 9 2711 199 F: 4 5 
2689 5 2704 40 F: 3 1 1 
2704 10 2724 231 F: 5 1 4 
2705 12 2717 187 F: 7 5 
2711 12 2723 229 F: 7 5 
2725 9 2734 251 F: 5 2 2 
2731 12 2767 403 F: 12 
2737 7 2751 466 F: 2 1 4 
2754 7 2782 18 F: 3 4 
2755 8 2763 68 F: 6 2 
2759 9 2777 447 F: 4 1 4 
2799 12 2823 385 F: 12 
2811 8 2819 228 F: 5 2 1 
2812 6 2818 467 F: 6 
2829 6 2853 470 F: 6 
2837 8 2845 90 F: 4 4 
2845 9 2854 163 F: 6 3 
2856 11 2878 403 F: 5 6 
2865 3 2871 105 F: 3 
2867 12 2879 222 F: 12 
2869 9 2887 148 F: 3 3 3 
2870 10 2880 366 F: 2 4 4 
2900 6 2918 131 F: 2 3 1 
2915 8 2923 368 F: 3 5 
2927 11 2960 440 F: 4 3 4 
2928 5 2943 194 F: 5 
2934 6 2952 361 F: 2 2 2 
2942 4 2954 308 F: 4 
2945 10 2985 300 F: 3 3 4 
2967 6 2973 187 F: 6 
2971 11 2982 107 F: 11 
2989 2 2997 82 F: 2 
3003 4 3011 112 F: 4 
3015 9 3033 27 F: 4 1 4 
3031 4 3047 383 F: 2 1 1 
3055 4 3071 102 F: 4 
3070 7 3091 88 F: 7 
3073 12 3085 465 F: 4 4 4 
3077 13 3090 107 F: 5 4 4 
3079 11 3101 265 F: 4 3 4 
3091 8 3123 265 F: 8 
3098 10 3118 100 F: 2 4 4 
3110 4 3118 188 F: 3 1 
3112 13 3125 125 F: 13 
3113 4 3129 51 F: 4 
3124 4 3140 494 F: 2 2 
3149 7 3177 3 F: 2 4 1 
3154 9 3163 3 F: 3 4 2 
3159 9 3195 117 F: 5 3 1 
3160 5 3170 108 F: 5 
3166 2 3170 298 F: 2 
3193 6 3205 457 F: 2 1 3 
3222 7 3243 254 F: 2 5 
3227 10 3257 479 F: 3 4 3 
3243 7 3257 208 F: 4 3 
3249 7 3256 186 F: 2 2 3 
3254 10 3284 306 F: 5 3 2 
3261 11 3294 347 F: 6 5 
3268 12 3292 421 F: 12 
3270 11 3314 314 F: 6 5 
3278 5 3288 164 F: 5 
3283 11 3327 316 F: 5 2 4 
3316 6 3328 490 F: 5 1 
3327 5 3332 357 F: 5 
3327 7 3348 196 F: 7 
3347 5 3352 7 F: 2 2 1 
3350 6 3362 1 F: 6 
3353 6 3365 29 F: 2 2 2 
3368 13 3394 69 F: 13 
3374 7 3395 388 F: 5 2 
3383 8 3415 139 F: 2 3 3 
3388 7 3416 258 F: 2 5 
3405 11 3427 385 F: 11 
3407 3 3419 460 F: 3 
3431 8 3447 456 F: 2 3 3 
3438 7 3452 209 F: 7 
3457 8 3489 294 F: 4 4 
3467 7 3481 480 F: 3 1 3 
3467 7 3488 485 F: 7 
3477 11 3499 266 F: 5 2 4 
3488 9 3524 445 F: 4 5 
3492 11 3536 163 F: 11 
3506 6 3530 476 F: 3 3 
3530 5 3545 359 F: 4 1 
3538 9 3547 211 F: 7 2 
3544 5 3564 58 F: 2 3 
3544 7 3558 34 F: 4 1 2 
3559 8 3583 160 F: 4 4 
3564 8 3596 321 F: 4 2 2 
3566 9 3575 404 F: 5 2 2 
3592 3 3601 138 F: 3 
3595 8 3611 97 F: 5 3 
3600 9 3609 11 F: 4 2 3 
3607 2 3613 172 F: 2 
3608 10 3618 65 F: 4 4 2 
3609 5 3624 57 F: 2 2 1 
3610 9 3637 12 F: 7 2 
3612 2 3618 134 F: 2 
3619 7 3626 481 F: 2 2 3 
3662 7 3683 159 F: 2 5 
3663 9 3690 250 F: 2 4 3 
3693 8 3709 426 F: 3 5 
3708 5 3718 206 F: 2 3 
3723 3 3729 466 F: 3 
3752 4 3768 344 F: 4 
3755 7 3776 500 F: 2 1 4 
3779 7 3807 349 F: 2 4 1 
3788 8 3796 198 F: 5 2 1 
3790 9 3799 2 F: 4 1 4 
3795 7 3802 255 F: 2 1 4 
3797 10 3817 149 F: 5 3 2 
3798 7 3812 324 F: 7 
3807 11 3829 28 F: 11 
3823 8 3847 118 F: 8 
3824 7 3838 54 F: 2 2 3 
3826 11 3870 27 F: 7 4 
3835 4 3843 233 F: 4 
3842 2 3846 446 F: 2 
3863 11 3896 234 F: 11 
3871 11 3915 289 F: 6 5 
3874 10 3904 341 F: 10 
3894 7 3901 447 F: 2 2 3 
3925 7 3932 351 F: 2 4 1 
3968 11 3979 86 F: 6 5 
3982 3 3988 294 F: 3 
3983 9 4010 353 F: 3 4 2 
3984 7 4012 240 F: 2 3 2 
3985 7 4013 189 F: 5 1 1 
3986 11 4030 233 F: 7 4 
3991 4 4007 153 F: 4 
3993 8 4001 293 F: 4 4 
3996 5 4011 61 F: 2 3 
4005 5 4025 467 F: 5 
4005 6 4017 206 F: 2 1 3 
4008 11 4030 61 F: 7 4 
4012 9 4048 481 F: 2 3 4 
4025 9 4043 392 F: 5 3 1 
4029 8 4061 262 F: 8 
4038 9 4056 213 F: 3 6 
4043 5 4058 445 F: 2 3 
4076 6 4082 89 F: 6 
4086 8 4094 40 F: 4 4 
4100 4 4104 110 F: 4 
4111 9 4120 59 F: 7 2 
4117 7 4145 239 F: 5 2 
4120 10 4160 105 F: 6 4 
4122 3 4131 373 F: 2 1 
4155 8 4171 360 F: 3 1 4 
4165 10 4175 488 F: 4 3 3 
4168 5 4183 245 F: 4 1 
4171 9 4198 268 F: 6 3 
4185 7 4213 6 F: 2 5 
4211 5 4216 368 F: 5 
4233 9 4260 153 F: 3 6 
4242 6 4248 182 F: 2 2 2 
4243 11 4265 421 F: 6 5 
4250 9 4277 439 F: 4 2 3 
4259 8 4283 339 F: 2 6 
4260 12 4296 187 F: 6 6 
4265 13 4291 132 F: 7 6 
4279 10 4299 391 F: 7 3 
4289 8 4313 432 F: 8 
4323 8 4331 26 F: 3 4 1 
4327 10 4357 366 F: 4 4 2 
4334 5 4349 258 F: 3 2 
4352 13 4365 380 F: 13 
4356 13 4408 109 F: 7 6 
4361 6 4373 357 F: 2 4 
4363 12 4411 108 F: 12 
4371 8 4403 392 F: 5 1 2 
4379 9 4406 238 F: 9 
4393 8 4409 415 F: 8 
4400 7 4421 168 F: 7 
4418 10 4448 167 F: 5 4 1 
4447 11 4469 446 F: 4 4 3 
4449 6 4455 493 F: 6 
4454 10 4464 174 F: 10 
4460 8 4484 152 F: 8 
4461 10 4481 26 F: 6 4 
4468 13 4507 264 F: 7 6 
4472 2 4478 407 F: 2 
4498 10 4528 93 F: 10 
4503 6 4515 214 F: 2 3 1 
4539 2 4541 196 F: 2 
4546 10 4586 17 F: 5 2 3 
4555 10 4565 348 F: 3 4 3 
4561 9 4588 65 F: 5 4 
4577 8 4601 36 F: 4 1 3 
4583 8 4607 186 F: 3 1 4 
4592 5 4612 206 F: 2 2 1 
4597 9 4624 336 F: 9 
4599 6 4611 286 F: 4 2 
4600 5 4620 327 F: 2 1 2 
4611 10 4621 335 F: 4 2 4 
4619 4 4623 103 F: 4 
4626 8 4634 222 F: 5 3 
4639 7 4667 212 F: 7 
4656 11 4689 481 F: 11 
4670 9 4679 213 F: 9 
4671 9 4680 311 F: 9 
4682 7 4703 399 F: 4 3 
4693 12 4729 368 F: 7 5 
4703 9 4721 68 F: 5 3 1 
4706 6 4718 395 F: 6 
4717 6 4741 225 F: 2 4 
4740 6 4752 436 F: 2 3 1 
4746 6 4752 144 F: 6 
4749 8 4773 219 F: 5 2 1 
4756 9 4792 259 F: 2 4 3 
4761 5 4766 197 F: 5 
4777 13 4829 300 F: 5 4 4 
4791 4 4807 301 F: 4 
4805 6 4823 34 F: 6 
4823 2 4829 274 F: 2 
4839 12 4851 359 F: 12 
4846 10 4886 457 F: 5 5 
4860 13 4899 493 F: 13 
4863 8 4879 430 F: 2 6 
4864 7 4892 381 F: 2 3 2 
4876 9 4903 492 F: 3 2 4 
4881 9 4908 368 F: 3 6 
4884 8 4892 452 F: 4 3 1 
4901 4 4905 137 F: 4 
4919 5 4934 227 F: 2 1 2 
4927 5 4947 203 F: 5 
4947 6 4971 153 F: 4 2 
4948 7 4969 487 F: 2 3 2 
4956 8 4988 56 F: 5 3 
4971 10 4991 98 F: 4 3 3 
4974 3 4983 355 F: 3 
4995 12 5043 299 F: 12 
4999 13 5038 182 F: 13 
D: 0 153 
D: 8 470 
D: 9 70 
D: 15 87 
D: 17 188 
D: 18 263 
D: 19 419 
D: 49 409 
D: 53 188 
D: 61 244 
D: 62 134 
D: 74 254 
D: 74 274 
D: 96 413 
D: 102 226 
D: 116 182 
D: 120 149 
D: 122 247 
D: 124 412 
D: 128 364 
D: 141 209 
D: 141 460 
D: 142 425 
D: 146 420 
D: 153 457 
D: 160 231 
D: 187 394 
D: 201 335 
D: 205 265 
D: 211 214 
D: 214 343 
D: 232 483 
D: 255 285 
D: 256 498 
D: 266 433 
D: 268 313 
D: 269 310 
D: 273 341 
D: 274 410 
D: 293 496 
D: 301 409 
D: 315 376 
D: 335 445 
D: 337 492 
D: 364 454 
D: 365 367 
D: 378 479 
D: 379 449 
D: 423 425 
D: 454 458 
