5 10 45 27 F: 4 6 
11 10 51 41 F: 4 6 
13 3 19 24 F: 3 
20 9 38 44 F: 4 5 
24 6 48 1 F: 4 2 
30 2 32 15 F: 2 
76 8 108 34 F: 3 5 
79 10 89 31 F: 5 5 
83 9 92 19 F: 5 2 2 
88 2 90 45 F: 2 
101 6 107 40 F: 3 2 1 
110 3 122 9 F: 3 
117 10 147 43 F: 10 
122 11 166 42 F: 11 
135 4 139 8 F: 2 2 
141 8 149 33 F: 8 
141 9 150 37 F: 9 
156 12 192 31 F: 12 
176 12 224 36 F: 4 4 4 
183 9 210 2 F: 9 
217 11 261 37 F: 6 5 
224 9 260 13 F: 4 5 
227 7 241 38 F: 2 5 
227 13 266 25 F: 7 6 
243 6 255 17 F: 5 1 
270 6 294 14 F: 2 4 
271 10 291 29 F: 10 
276 6 288 46 F: 2 1 3 
279 10 309 3 F: 6 4 
282 12 306 7 F: 12 
307 8 315 37 F: 8 
308 9 326 28 F: 3 6 
330 9 366 27 F: 4 1 4 
333 5 353 27 F: 5 
346 4 354 50 F: 4 
351 6 363 1 F: 6 
354 3 360 6 F: 3 
365 10 405 41 F: 4 4 2 
383 12 407 37 F: 12 
394 7 408 12 F: 6 1 
405 3 414 10 F: 3 
418 9 445 11 F: 3 3 3 
433 10 443 36 F: 2 4 4 
436 5 446 1 F: 5 
453 9 462 31 F: 4 5 
465 11 509 42 F: 5 2 4 
466 12 502 36 F: 7 5 
479 9 497 15 F: 9 
484 8 492 4 F: 3 1 4 
488 8 504 8 F: 2 3 3 
D: 8 16 
D: 23 49 
D: 27 29 
D: 30 48 
D: 31 43 
