4 8 20 380 F: 4 4 
55 4 71 93 F: 4 
81 9 108 43 F: 9 
82 12 130 299 F: 6 6 
83 11 105 257 F: 6 5 
86 2 88 361 F: 2 
86 9 95 203 F: 3 6 
89 9 116 432 F: 9 
94 2 102 140 F: 2 
99 9 126 151 F: 4 5 
105 8 113 461 F: 2 3 3 
117 9 135 74 F: 7 2 
119 6 143 109 F: 2 4 
143 7 150 449 F: 2 2 3 
145 7 166 453 F: 4 3 
149 12 161 364 F: 7 5 
153 11 186 359 F: 5 2 4 
173 5 183 275 F: 2 1 2 
180 6 204 446 F: 6 
182 9 209 380 F: 5 1 3 
205 5 210 165 F: 3 2 
258 6 264 434 F: 2 4 
259 10 299 69 F: 5 3 2 
262 9 280 110 F: 9 
267 12 315 458 F: 6 6 
272 6 296 416 F: 2 1 3 
273 4 289 298 F: 2 1 1 
276 8 292 287 F: 4 3 1 
285 7 306 399 F: 4 1 2 
290 2 296 9 F: 2 
300 8 316 499 F: 3 5 
315 12 339 239 F: 12 
317 7 324 443 F: 7 
319 9 337 483 F: 9 
324 3 333 91 F: 3 
329 6 353 358 F: 4 2 
334 13 373 404 F: 13 
339 7 367 254 F: 3 1 3 
353 9 389 129 F: 9 
366 2 374 301 F: 2 
412 8 436 257 F: 5 3 
412 11 434 103 F: 5 4 2 
419 11 463 78 F: 5 2 4 
426 9 453 287 F: 7 2 
426 13 439 400 F: 7 6 
447 9 456 407 F: 3 2 4 
455 10 465 16 F: 10 
463 8 487 451 F: 8 
469 8 493 477 F: 8 
480 5 495 273 F: 2 2 1 
523 4 535 419 F: 2 2 
524 7 538 473 F: 2 4 1 
525 11 547 228 F: 5 6 
536 8 552 470 F: 2 4 2 
561 8 569 420 F: 4 2 2 
563 11 607 126 F: 11 
566 7 580 358 F: 4 1 2 
577 8 585 136 F: 5 3 
589 4 593 419 F: 4 
591 11 602 467 F: 11 
610 8 626 479 F: 6 2 
610 8 642 159 F: 2 3 3 
645 10 655 490 F: 5 1 4 
659 2 661 84 F: 2 
674 10 714 362 F: 5 1 4 
678 10 688 5 F: 6 4 
688 6 712 166 F: 2 4 
691 11 713 331 F: 5 3 3 
698 3 704 19 F: 3 
699 10 719 8 F: 10 
700 3 709 156 F: 3 
717 10 747 174 F: 4 2 4 
719 8 727 337 F: 8 
721 10 751 333 F: 4 6 
725 6 749 77 F: 6 
758 8 782 448 F: 3 2 3 
768 10 808 466 F: 3 4 3 
773 7 794 177 F: 7 
775 9 793 483 F: 4 4 1 
781 8 805 237 F: 4 2 2 
811 5 821 176 F: 2 1 2 
833 12 845 77 F: 5 4 3 
844 4 860 333 F: 4 
845 4 861 264 F: 4 
851 10 871 1 F: 10 
857 4 861 42 F: 2 2 
858 10 888 34 F: 3 4 3 
858 12 906 495 F: 6 6 
894 4 898 273 F: 2 1 1 
895 3 901 468 F: 3 
916 13 929 112 F: 5 4 4 
934 8 950 158 F: 8 
945 6 963 455 F: 4 2 
949 9 967 85 F: 9 
950 10 970 327 F: 6 4 
958 12 1006 454 F: 5 4 3 
960 13 986 53 F: 13 
976 5 986 257 F: 3 1 1 
979 4 995 349 F: 2 1 1 
981 9 1017 462 F: 2 3 4 
1003 9 1012 470 F: 3 3 3 
1019 11 1030 9 F: 11 
1022 12 1034 139 F: 5 3 4 
1033 10 1073 489 F: 5 1 4 
1037 10 1067 215 F: 3 4 3 
1040 8 1064 60 F: 5 2 1 
1050 11 1072 78 F: 7 4 
1061 2 1065 122 F: 2 
1087 9 1105 13 F: 4 1 4 
1089 8 1113 161 F: 7 1 
1108 9 1117 479 F: 3 3 3 
1117 8 1141 417 F: 8 
1119 7 1126 412 F: 4 2 1 
1120 4 1128 201 F: 4 
1138 10 1158 351 F: 4 3 3 
1142 6 1148 460 F: 2 4 
1142 8 1174 36 F: 3 2 3 
1148 13 1174 55 F: 13 
1162 8 1170 97 F: 8 
1168 9 1177 233 F: 7 2 
1217 5 1227 91 F: 3 2 
1218 11 1240 367 F: 11 
1221 8 1245 325 F: 3 5 
1223 8 1239 154 F: 5 3 
1231 7 1245 282 F: 2 5 
1241 9 1277 434 F: 4 3 2 
1247 5 1252 313 F: 5 
1256 4 1272 181 F: 2 2 
1265 9 1292 103 F: 5 3 1 
1273 5 1288 243 F: 2 3 
1308 10 1348 77 F: 10 
1318 8 1326 87 F: 6 2 
1321 9 1330 161 F: 4 1 4 
1329 12 1365 433 F: 7 5 
1333 6 1351 56 F: 4 2 
1335 6 1359 381 F: 5 1 
1336 7 1357 200 F: 3 1 3 
1340 6 1358 77 F: 5 1 
1368 11 1379 411 F: 4 4 3 
1386 6 1392 225 F: 5 1 
1425 7 1439 339 F: 3 2 2 
1427 9 1436 7 F: 3 3 3 
1437 4 1445 180 F: 4 
1442 10 1462 317 F: 4 2 4 
1447 7 1461 180 F: 2 2 3 
1449 8 1457 382 F: 8 
1460 8 1484 76 F: 3 3 2 
1477 8 1509 440 F: 5 3 
1478 9 1487 201 F: 3 2 4 
1480 10 1520 343 F: 5 4 1 
1517 7 1531 405 F: 2 1 4 
1517 8 1525 69 F: 3 2 3 
1518 10 1558 149 F: 10 
1526 9 1544 132 F: 4 4 1 
1535 7 1549 129 F: 5 2 
1550 10 1590 245 F: 10 
1579 5 1599 237 F: 5 
1590 12 1638 130 F: 12 
1596 7 1610 285 F: 3 4 
1599 3 1611 340 F: 3 
1617 10 1637 489 F: 5 5 
1637 7 1658 260 F: 3 3 1 
1645 7 1666 404 F: 2 2 3 
1646 9 1664 103 F: 3 6 
1649 12 1685 273 F: 12 
1653 13 1705 456 F: 13 
1669 10 1699 354 F: 3 4 3 
1674 8 1690 267 F: 3 5 
1678 10 1688 238 F: 4 4 2 
1689 9 1725 452 F: 9 
1706 9 1733 306 F: 2 4 3 
1733 11 1744 176 F: 5 6 
1752 7 1780 237 F: 6 1 
1758 5 1773 476 F: 2 1 2 
1771 2 1777 498 F: 2 
1778 12 1790 104 F: 12 
1785 6 1791 127 F: 3 3 
1787 8 1811 277 F: 5 2 1 
1791 9 1800 125 F: 4 3 2 
1797 10 1827 429 F: 6 4 
1808 6 1820 410 F: 6 
1811 6 1817 321 F: 2 3 1 
1814 7 1828 140 F: 2 5 
1832 4 1844 4 F: 3 1 
1841 8 1865 264 F: 2 2 4 
1852 9 1888 267 F: 9 
1868 7 1889 223 F: 6 1 
1876 8 1892 84 F: 4 2 2 
1896 8 1904 461 F: 2 2 4 
1897 8 1905 451 F: 3 4 1 
1905 6 1923 98 F: 6 
1914 13 1953 68 F: 13 
1916 2 1918 263 F: 2 
1926 12 1962 384 F: 4 4 4 
1930 6 1936 246 F: 3 3 
1952 6 1976 471 F: 6 
1955 4 1963 410 F: 2 2 
1971 8 2003 391 F: 2 4 2 
1972 10 2012 299 F: 5 5 
1997 11 2041 470 F: 6 5 
2007 10 2037 332 F: 10 
2023 9 2059 236 F: 5 1 3 
2030 3 2036 411 F: 2 1 
2040 10 2060 389 F: 3 4 3 
2052 8 2068 459 F: 5 1 2 
2055 7 2062 386 F: 2 5 
2071 5 2086 229 F: 2 3 
2078 6 2084 243 F: 6 
2098 6 2110 153 F: 3 1 2 
2099 2 2105 140 F: 2 
2110 8 2118 90 F: 4 3 1 
2111 9 2120 90 F: 5 1 3 
2113 4 2121 469 F: 4 
2116 9 2152 334 F: 4 3 2 
2134 8 2158 154 F: 8 
2161 9 2188 393 F: 2 4 3 
2174 11 2185 11 F: 6 5 
2185 7 2192 2 F: 3 3 1 
2187 12 2199 303 F: 5 3 4 
2198 9 2207 85 F: 3 2 4 
2205 10 2225 314 F: 4 4 2 
2217 9 2226 103 F: 3 3 3 
2255 11 2277 284 F: 6 5 
2256 12 2304 346 F: 12 
2263 3 2272 129 F: 3 
2266 11 2310 198 F: 11 
2279 2 2287 82 F: 2 
2284 10 2294 227 F: 6 4 
2287 8 2311 158 F: 5 3 
2297 9 2306 112 F: 9 
2302 3 2305 74 F: 3 
2313 6 2319 389 F: 5 1 
2317 12 2353 86 F: 12 
2318 9 2345 44 F: 5 2 2 
2319 2 2327 212 F: 2 
2353 7 2367 42 F: 5 2 
2370 7 2391 121 F: 2 2 3 
2389 13 2415 233 F: 13 
2390 6 2408 495 F: 6 
2399 9 2435 3 F: 4 2 3 
2415 11 2437 368 F: 5 3 3 
2420 8 2444 340 F: 3 1 4 
2427 6 2433 104 F: 5 1 
2444 11 2455 76 F: 5 2 4 
2453 9 2480 52 F: 9 
2461 9 2470 402 F: 4 1 4 
2469 4 2473 230 F: 4 
2470 10 2500 291 F: 10 
2488 7 2516 80 F: 6 1 
2492 12 2528 326 F: 12 
2518 10 2558 246 F: 5 2 3 
2534 7 2555 351 F: 2 3 2 
2545 10 2565 249 F: 10 
2570 6 2582 17 F: 3 3 
2574 8 2606 228 F: 4 3 1 
2574 12 2586 321 F: 6 6 
2575 10 2605 201 F: 3 4 3 
2578 10 2608 286 F: 10 
2579 9 2606 319 F: 4 5 
2591 9 2609 230 F: 5 2 2 
2620 11 2653 62 F: 7 4 
2643 6 2667 368 F: 6 
2648 5 2658 234 F: 5 
2648 7 2655 222 F: 5 2 
2653 10 2673 217 F: 10 
2659 9 2677 189 F: 5 4 
2672 5 2692 284 F: 5 
2690 8 2698 266 F: 2 2 4 
2695 9 2713 320 F: 5 3 1 
2696 6 2714 299 F: 5 1 
2702 4 2706 324 F: 4 
2705 6 2729 469 F: 4 1 1 
2711 11 2755 54 F: 11 
2727 10 2767 110 F: 10 
2742 6 2754 51 F: 2 4 
2747 9 2765 202 F: 4 5 
2750 11 2783 54 F: 11 
2757 11 2801 463 F: 11 
2757 13 2796 267 F: 13 
2764 9 2773 250 F: 5 4 
2827 11 2849 36 F: 6 5 
2834 10 2864 208 F: 4 2 4 
2838 10 2858 405 F: 5 5 
2851 7 2879 84 F: 4 3 
2855 7 2862 298 F: 2 2 3 
2866 9 2893 361 F: 9 
2866 11 2910 307 F: 3 4 4 
2889 11 2900 289 F: 4 4 3 
2896 8 2928 149 F: 8 
2898 5 2908 465 F: 2 3 
2931 3 2940 354 F: 3 
2952 9 2961 438 F: 5 2 2 
2966 6 2972 377 F: 3 2 1 
2969 13 3021 412 F: 13 
2970 12 2982 111 F: 12 
2973 8 2981 261 F: 2 2 4 
2978 10 3018 404 F: 7 3 
2980 12 3028 173 F: 7 5 
2992 6 2998 70 F: 6 
2995 4 2999 101 F: 4 
3001 10 3031 460 F: 3 4 3 
3007 8 3023 65 F: 3 4 1 
3010 6 3034 491 F: 5 1 
3010 10 3040 369 F: 5 3 2 
3019 8 3043 418 F: 3 5 
3019 11 3041 56 F: 7 4 
3024 6 3030 300 F: 6 
3078 5 3098 126 F: 5 
3091 8 3115 24 F: 3 5 
3098 5 3103 456 F: 5 
3105 6 3129 70 F: 6 
3108 9 3135 363 F: 6 3 
3110 4 3118 186 F: 2 1 1 
3129 8 3137 132 F: 3 1 4 
3162 11 3184 246 F: 6 5 
3163 9 3190 314 F: 2 4 3 
3167 2 3169 472 F: 2 
3168 10 3208 259 F: 5 5 
3178 4 3182 87 F: 4 
3197 10 3207 150 F: 7 3 
3221 4 3229 243 F: 4 
3237 7 3251 443 F: 7 
3248 11 3270 314 F: 11 
3264 10 3294 63 F: 6 4 
3266 8 3282 5 F: 7 1 
3269 9 3305 382 F: 7 2 
3270 7 3284 373 F: 6 1 
3271 6 3277 327 F: 3 3 
3273 7 3287 109 F: 7 
3287 4 3299 454 F: 4 
3309 4 3325 363 F: 4 
3328 6 3340 344 F: 4 1 1 
3342 7 3349 461 F: 5 2 
3359 9 3395 364 F: 3 6 
3371 12 3395 418 F: 12 
3375 9 3384 88 F: 4 1 4 
3380 8 3404 23 F: 5 3 
3388 5 3408 130 F: 5 
3393 8 3417 497 F: 3 3 2 
3396 9 3405 229 F: 5 1 3 
3406 13 3445 324 F: 13 
3429 4 3445 426 F: 4 
3429 6 3435 454 F: 3 3 
3431 11 3442 420 F: 6 5 
3437 7 3444 280 F: 7 
3452 11 3496 220 F: 6 5 
3463 8 3479 137 F: 5 1 2 
3472 6 3490 358 F: 3 3 
3479 5 3484 272 F: 2 3 
3486 9 3513 493 F: 2 4 3 
3503 9 3512 446 F: 9 
3519 5 3524 38 F: 5 
3528 6 3546 384 F: 2 3 1 
3534 13 3547 241 F: 13 
3563 4 3567 322 F: 4 
3567 8 3575 496 F: 2 2 4 
3569 6 3593 334 F: 6 
3574 9 3601 296 F: 2 3 4 
3582 6 3600 397 F: 2 4 
3584 7 3591 225 F: 4 1 2 
3603 13 3655 118 F: 13 
3614 9 3650 177 F: 9 
3630 5 3650 46 F: 5 
3630 7 3658 482 F: 4 3 
3646 10 3676 84 F: 3 4 3 
3654 12 3702 381 F: 5 4 3 
3659 8 3683 470 F: 3 1 4 
3661 10 3681 351 F: 10 
3670 8 3702 159 F: 2 3 3 
3674 9 3701 272 F: 3 4 2 
3705 7 3726 277 F: 2 2 3 
3708 7 3722 294 F: 3 3 1 
3737 7 3751 175 F: 7 
3763 7 3777 209 F: 5 1 1 
3773 5 3793 320 F: 5 
3781 8 3813 259 F: 5 1 2 
3790 9 3808 443 F: 3 2 4 
3793 8 3801 311 F: 2 6 
3798 6 3816 479 F: 5 1 
3799 3 3811 485 F: 2 1 
3801 4 3809 94 F: 4 
3807 10 3817 303 F: 5 5 
3812 12 3836 42 F: 12 
3821 8 3837 57 F: 5 2 1 
3856 13 3882 176 F: 7 6 
3860 6 3884 193 F: 5 1 
3865 8 3897 129 F: 6 2 
3878 4 3890 45 F: 2 2 
3883 10 3913 394 F: 10 
3890 8 3922 430 F: 8 
3921 4 3937 129 F: 4 
3923 8 3947 301 F: 4 2 2 
3932 3 3944 144 F: 3 
3937 2 3943 62 F: 2 
3943 6 3955 332 F: 2 4 
3955 11 3999 481 F: 11 
3956 10 3976 444 F: 2 4 4 
3992 5 4012 389 F: 5 
3995 7 4002 49 F: 2 1 4 
3995 10 4005 441 F: 10 
4009 8 4041 428 F: 3 4 1 
4010 5 4020 330 F: 5 
4018 10 4028 118 F: 6 4 
4023 9 4041 67 F: 3 3 3 
4026 2 4032 238 F: 2 
4028 3 4037 193 F: 3 
4030 9 4057 262 F: 3 6 
4032 3 4044 114 F: 3 
4046 5 4061 111 F: 5 
4080 9 4098 51 F: 5 1 3 
4101 6 4119 82 F: 4 2 
4101 7 4129 189 F: 7 
4105 6 4123 97 F: 3 2 1 
4129 4 4141 56 F: 3 1 
4140 4 4156 306 F: 2 1 1 
4158 8 4182 249 F: 2 3 3 
4159 10 4179 84 F: 5 5 
4162 7 4183 209 F: 4 3 
4176 13 4215 367 F: 7 6 
4189 11 4233 159 F: 11 
4200 11 4244 185 F: 11 
4204 8 4236 212 F: 7 1 
4238 8 4254 192 F: 8 
4245 6 4257 71 F: 2 4 
4267 8 4299 117 F: 5 2 1 
4270 12 4294 152 F: 6 6 
4278 9 4305 261 F: 3 2 4 
4282 8 4306 195 F: 5 2 1 
4287 6 4305 176 F: 6 
4292 3 4295 7 F: 2 1 
4300 7 4321 23 F: 5 1 1 
4305 8 4329 188 F: 4 4 
4337 5 4347 274 F: 3 2 
4347 10 4357 332 F: 10 
4360 10 4370 208 F: 5 1 4 
4369 10 4389 102 F: 5 3 2 
4378 9 4405 105 F: 7 2 
4386 9 4422 130 F: 6 3 
4389 12 4401 394 F: 12 
4395 6 4419 387 F: 2 1 3 
4412 7 4426 376 F: 2 2 3 
4418 5 4433 185 F: 2 3 
4427 12 4451 365 F: 7 5 
4433 10 4453 424 F: 10 
4438 2 4444 395 F: 2 
4451 3 4454 227 F: 3 
4453 10 4493 464 F: 10 
4457 8 4473 137 F: 2 2 4 
4474 9 4492 270 F: 4 2 3 
4499 5 4519 450 F: 5 
4525 3 4537 337 F: 3 
4534 8 4542 336 F: 2 3 3 
4544 9 4571 202 F: 5 1 3 
4568 8 4576 404 F: 2 6 
4579 8 4611 327 F: 3 3 2 
4581 9 4599 284 F: 9 
4584 8 4608 153 F: 6 2 
4588 9 4606 83 F: 3 4 2 
4599 8 4623 438 F: 2 4 2 
4599 12 4611 354 F: 4 4 4 
4612 9 4648 15 F: 3 2 4 
4642 7 4670 119 F: 2 1 4 
4647 4 4663 285 F: 2 1 1 
4650 11 4661 160 F: 11 
4660 8 4692 16 F: 8 
4665 9 4674 220 F: 9 
4690 8 4714 310 F: 7 1 
4692 10 4732 4 F: 4 4 2 
4694 10 4724 322 F: 4 3 3 
4695 10 4735 192 F: 3 3 4 
4706 4 4710 35 F: 4 
4709 8 4725 149 F: 2 4 2 
4712 10 4732 18 F: 7 3 
4736 13 4762 75 F: 13 
4740 9 4776 45 F: 3 4 2 
4779 10 4819 179 F: 10 
4781 12 4805 121 F: 5 3 4 
4782 7 4810 10 F: 4 3 
4793 6 4805 412 F: 5 1 
4794 12 4806 279 F: 7 5 
4803 3 4806 488 F: 3 
4813 6 4825 235 F: 2 2 2 
4842 5 4847 370 F: 5 
4859 5 4864 350 F: 5 
4868 9 4895 435 F: 5 2 2 
4868 13 4920 404 F: 13 
4875 8 4883 147 F: 3 1 4 
4875 11 4919 292 F: 6 5 
4885 9 4894 266 F: 4 3 2 
4898 12 4946 187 F: 7 5 
4909 3 4912 143 F: 3 
4912 6 4924 370 F: 4 2 
4929 2 4931 389 F: 2 
4941 11 4963 187 F: 4 4 3 
4944 7 4958 476 F: 7 
4948 6 4960 54 F: 3 2 1 
4964 2 4970 412 F: 2 
4964 6 4982 162 F: 3 1 2 
4972 10 4992 422 F: 5 3 2 
4987 2 4993 38 F: 2 
D: 0 185 
D: 0 332 
D: 4 286 
D: 5 26 
D: 10 432 
D: 30 391 
D: 31 98 
D: 42 389 
D: 47 190 
D: 47 348 
D: 54 239 
D: 65 87 
D: 80 296 
D: 85 468 
D: 95 226 
D: 96 406 
D: 103 426 
D: 104 320 
D: 110 111 
D: 133 339 
D: 134 241 
D: 138 343 
D: 146 270 
D: 162 174 
D: 174 402 
D: 180 468 
D: 184 241 
D: 185 454 
D: 204 296 
D: 219 439 
D: 227 410 
D: 238 263 
D: 253 448 
D: 264 475 
D: 267 458 
D: 280 444 
D: 282 411 
D: 283 290 
D: 303 337 
D: 304 309 
D: 310 393 
D: 317 385 
D: 322 446 
D: 333 476 
D: 345 427 
D: 346 432 
D: 352 364 
D: 409 488 
D: 416 462 
D: 428 450 
