4 10 14 258 F: 6 4 
9 9 27 88 F: 4 3 2 
15 4 23 488 F: 3 1 
19 11 41 455 F: 7 4 
27 3 33 97 F: 3 
29 8 37 44 F: 5 3 
37 9 64 390 F: 9 
60 9 78 15 F: 9 
63 2 67 28 F: 2 
87 7 101 366 F: 4 1 2 
103 8 111 19 F: 3 3 2 
103 9 121 55 F: 4 2 3 
107 8 115 111 F: 2 6 
117 10 157 366 F: 5 2 3 
123 9 159 52 F: 4 1 4 
124 6 130 159 F: 2 4 
126 13 152 256 F: 5 4 4 
130 4 146 140 F: 4 
154 8 186 381 F: 4 1 3 
176 7 197 115 F: 2 4 1 
203 6 221 374 F: 2 3 1 
217 12 253 1 F: 12 
220 9 229 150 F: 3 2 4 
222 11 255 457 F: 5 6 
227 11 271 192 F: 11 
230 12 266 322 F: 12 
239 8 247 30 F: 4 3 1 
262 13 301 35 F: 7 6 
278 5 293 383 F: 5 
296 11 307 303 F: 6 5 
305 11 349 116 F: 11 
329 12 377 308 F: 6 6 
360 2 362 192 F: 2 
367 7 395 12 F: 5 1 1 
367 13 380 438 F: 13 
375 8 407 408 F: 3 2 3 
375 10 405 156 F: 5 5 
390 11 401 198 F: 5 2 4 
394 11 438 431 F: 5 3 3 
396 3 402 378 F: 2 1 
401 5 411 426 F: 5 
419 4 423 95 F: 4 
422 11 433 56 F: 6 5 
432 7 460 429 F: 4 3 
436 10 466 233 F: 3 4 3 
442 7 470 337 F: 3 3 1 
451 8 483 404 F: 5 2 1 
462 5 477 486 F: 2 2 1 
479 7 500 13 F: 7 
491 5 496 495 F: 3 2 
501 12 549 155 F: 7 5 
502 6 508 260 F: 3 2 1 
522 6 546 420 F: 6 
538 5 553 434 F: 5 
539 11 561 197 F: 5 6 
563 10 583 124 F: 10 
569 12 617 86 F: 12 
577 6 589 226 F: 3 3 
580 8 604 228 F: 8 
592 8 624 99 F: 2 6 
615 6 639 247 F: 2 3 1 
621 13 647 460 F: 13 
629 4 645 297 F: 2 2 
630 7 651 352 F: 3 4 
649 10 689 316 F: 5 4 1 
664 5 684 475 F: 3 2 
666 7 694 81 F: 3 4 
688 9 724 417 F: 3 6 
690 6 708 471 F: 4 1 1 
695 8 727 500 F: 2 3 3 
705 3 714 79 F: 3 
705 11 727 379 F: 6 5 
714 3 723 30 F: 2 1 
714 6 726 252 F: 2 4 
726 8 758 494 F: 3 1 4 
729 10 739 397 F: 7 3 
738 2 746 164 F: 2 
751 8 783 98 F: 8 
752 2 756 487 F: 2 
761 11 772 130 F: 5 3 3 
807 3 810 152 F: 3 
818 13 844 211 F: 13 
825 9 843 150 F: 5 2 2 
833 5 853 272 F: 5 
834 11 856 306 F: 5 6 
853 10 883 43 F: 6 4 
859 5 879 455 F: 3 2 
869 8 877 148 F: 7 1 
876 11 887 384 F: 11 
896 11 907 220 F: 11 
917 8 949 404 F: 4 2 2 
935 8 967 2 F: 5 2 1 
937 8 961 426 F: 2 3 3 
944 9 971 310 F: 4 1 4 
955 7 983 169 F: 4 3 
971 8 979 421 F: 3 4 1 
977 2 979 28 F: 2 
977 8 1009 106 F: 3 5 
985 4 993 88 F: 4 
986 8 994 452 F: 3 3 2 
1018 2 1024 52 F: 2 
1023 11 1067 84 F: 11 
1032 10 1052 82 F: 5 4 1 
1033 6 1045 88 F: 3 3 
1034 8 1058 223 F: 7 1 
1056 5 1071 139 F: 5 
1071 4 1075 342 F: 4 
1080 12 1116 497 F: 6 6 
1098 10 1128 193 F: 4 4 2 
1099 10 1119 414 F: 7 3 
1112 5 1132 229 F: 3 2 
1128 2 1134 195 F: 2 
1131 8 1155 56 F: 2 6 
1143 12 1167 291 F: 12 
1158 8 1182 15 F: 2 6 
1164 6 1170 484 F: 4 2 
1172 9 1190 126 F: 3 6 
1180 5 1200 399 F: 2 3 
1182 7 1196 477 F: 3 3 1 
1195 8 1227 107 F: 2 2 4 
1214 8 1230 93 F: 4 3 1 
1217 13 1256 299 F: 7 6 
1221 9 1230 422 F: 3 4 2 
1223 4 1239 155 F: 3 1 
1239 4 1243 229 F: 2 2 
1250 6 1268 470 F: 3 2 1 
1252 4 1268 455 F: 4 
1277 4 1293 12 F: 2 2 
1281 10 1321 451 F: 5 5 
1297 9 1315 363 F: 9 
1300 6 1312 459 F: 3 2 1 
1301 8 1325 101 F: 7 1 
1309 5 1329 201 F: 4 1 
1344 8 1360 347 F: 4 3 1 
1345 12 1357 155 F: 12 
1358 9 1394 38 F: 5 3 1 
1364 9 1373 132 F: 9 
1365 6 1383 251 F: 6 
1379 5 1384 389 F: 5 
1385 13 1437 443 F: 13 
1407 10 1437 33 F: 10 
1416 6 1434 417 F: 6 
1431 7 1445 163 F: 4 1 2 
1450 8 1474 355 F: 5 2 1 
1458 12 1470 475 F: 12 
1464 10 1484 389 F: 10 
1468 9 1477 468 F: 9 
1485 6 1491 18 F: 5 1 
1487 7 1501 286 F: 6 1 
1494 13 1520 159 F: 13 
1501 11 1534 321 F: 7 4 
1509 11 1520 131 F: 11 
1523 11 1556 210 F: 5 4 2 
1550 8 1582 210 F: 4 3 1 
1553 8 1561 15 F: 8 
1554 4 1562 25 F: 4 
1556 3 1562 311 F: 2 1 
1559 9 1586 422 F: 3 4 2 
1563 6 1569 399 F: 3 1 2 
1594 2 1602 201 F: 2 
1630 6 1642 39 F: 2 4 
1633 5 1643 135 F: 2 3 
1635 8 1667 38 F: 3 3 2 
1640 7 1654 456 F: 7 
1648 12 1684 246 F: 6 6 
1657 3 1669 440 F: 3 
1658 13 1671 459 F: 13 
1668 8 1692 11 F: 3 4 1 
1673 8 1689 129 F: 4 3 1 
1688 8 1696 222 F: 3 1 4 
1703 8 1727 404 F: 7 1 
1706 8 1730 17 F: 8 
1715 8 1739 214 F: 5 2 1 
1716 5 1731 429 F: 2 1 2 
1719 4 1727 400 F: 3 1 
1723 8 1755 428 F: 8 
1746 12 1770 268 F: 6 6 
1761 9 1797 426 F: 3 2 4 
1785 2 1789 90 F: 2 
1788 12 1836 196 F: 6 6 
1800 9 1827 300 F: 4 1 4 
1802 11 1824 456 F: 7 4 
1807 10 1847 105 F: 5 1 4 
1819 7 1840 291 F: 5 1 1 
1825 12 1861 35 F: 5 3 4 
1831 8 1847 284 F: 2 6 
1846 4 1858 311 F: 2 2 
1873 11 1895 384 F: 11 
1880 7 1908 30 F: 4 2 1 
1886 8 1918 211 F: 3 5 
1904 9 1922 394 F: 4 5 
1912 3 1924 429 F: 3 
1941 12 1965 29 F: 5 3 4 
1970 9 1979 319 F: 9 
1980 6 1992 21 F: 6 
1987 9 2005 225 F: 3 2 4 
1988 8 1996 410 F: 8 
1990 9 2008 48 F: 7 2 
1992 12 2028 195 F: 12 
1999 8 2031 473 F: 3 1 4 
2007 11 2040 400 F: 5 6 
2026 3 2038 144 F: 2 1 
2041 8 2065 471 F: 8 
2047 7 2061 155 F: 7 
2050 8 2074 391 F: 4 2 2 
2055 8 2063 407 F: 8 
2059 10 2099 404 F: 4 3 3 
2079 9 2088 385 F: 9 
2085 10 2095 15 F: 6 4 
2093 6 2099 75 F: 3 3 
2107 6 2131 244 F: 4 1 1 
2139 6 2151 318 F: 2 1 3 
2142 6 2166 286 F: 2 2 2 
2144 10 2174 100 F: 3 4 3 
2157 8 2181 419 F: 3 4 1 
2174 7 2181 342 F: 6 1 
2186 11 2197 397 F: 4 4 3 
2192 5 2212 167 F: 4 1 
2195 6 2219 25 F: 5 1 
2195 8 2203 479 F: 2 2 4 
2211 7 2232 197 F: 7 
2211 13 2224 126 F: 13 
2213 9 2222 491 F: 4 5 
2220 13 2272 280 F: 13 
2229 11 2251 125 F: 4 4 3 
2257 3 2260 235 F: 3 
2260 9 2287 491 F: 9 
2273 8 2297 402 F: 8 
2282 4 2290 416 F: 2 1 1 
2294 8 2318 362 F: 7 1 
2302 11 2313 100 F: 3 4 4 
2306 2 2308 485 F: 2 
2316 9 2325 139 F: 5 2 2 
2320 8 2336 317 F: 4 4 
2325 7 2353 440 F: 7 
2354 7 2361 165 F: 7 
2356 9 2383 145 F: 5 4 
2359 8 2375 52 F: 8 
2388 10 2428 463 F: 4 2 4 
2394 7 2408 28 F: 5 2 
2405 8 2437 353 F: 8 
2412 8 2420 88 F: 2 4 2 
2433 13 2472 374 F: 13 
2442 4 2458 92 F: 4 
2444 10 2484 205 F: 5 3 2 
2467 9 2485 219 F: 4 3 2 
2482 9 2509 458 F: 4 4 1 
2486 6 2510 191 F: 4 2 
2492 5 2507 450 F: 2 1 2 
2497 12 2545 178 F: 12 
2513 2 2517 126 F: 2 
2517 9 2544 280 F: 6 3 
2526 11 2559 428 F: 11 
2541 2 2545 437 F: 2 
2544 8 2576 399 F: 7 1 
2544 11 2555 24 F: 4 3 4 
2547 6 2553 473 F: 3 2 1 
2564 7 2592 267 F: 4 1 2 
2571 8 2579 408 F: 8 
2596 6 2602 351 F: 6 
2604 4 2608 8 F: 4 
2609 11 2653 430 F: 3 4 4 
2610 9 2628 64 F: 3 4 2 
2616 9 2643 126 F: 6 3 
2622 9 2658 467 F: 6 3 
2623 11 2645 397 F: 5 6 
2647 6 2665 271 F: 6 
2663 10 2703 381 F: 4 3 3 
2666 11 2677 45 F: 11 
2672 6 2678 193 F: 2 4 
2705 5 2725 189 F: 5 
2716 11 2760 438 F: 5 6 
2722 9 2740 34 F: 3 4 2 
2724 10 2734 55 F: 5 4 1 
2739 6 2763 327 F: 4 2 
2752 7 2766 33 F: 3 4 
2758 10 2778 289 F: 6 4 
2780 9 2816 118 F: 5 1 3 
2789 5 2794 274 F: 5 
2794 7 2808 207 F: 7 
2801 6 2825 459 F: 6 
2839 8 2871 460 F: 2 6 
2843 7 2850 297 F: 2 5 
2856 11 2900 467 F: 11 
2862 7 2890 220 F: 4 3 
2862 11 2884 373 F: 6 5 
2867 9 2894 71 F: 4 3 2 
2875 7 2903 46 F: 2 5 
2886 9 2904 204 F: 4 2 3 
2891 13 2917 61 F: 13 
2900 11 2933 141 F: 11 
2913 3 2922 238 F: 3 
2920 9 2938 136 F: 3 3 3 
2921 5 2926 218 F: 5 
2922 4 2938 122 F: 4 
2932 11 2976 415 F: 5 3 3 
2947 11 2991 239 F: 11 
2963 9 2972 498 F: 7 2 
2978 5 2983 61 F: 4 1 
2979 11 2990 75 F: 11 
3001 9 3019 96 F: 6 3 
3016 8 3040 362 F: 6 2 
3016 10 3036 283 F: 4 4 2 
3026 3 3029 473 F: 3 
3059 7 3073 88 F: 7 
3061 8 3077 6 F: 2 6 
3066 4 3082 417 F: 3 1 
3075 10 3095 212 F: 3 4 3 
3076 2 3084 194 F: 2 
3079 11 3112 182 F: 5 6 
3124 5 3139 48 F: 4 1 
3130 8 3146 331 F: 3 1 4 
3130 9 3148 165 F: 4 2 3 
3139 8 3171 116 F: 3 3 2 
3150 3 3156 365 F: 2 1 
3161 7 3189 264 F: 2 4 1 
3168 10 3198 448 F: 3 3 4 
3175 13 3214 37 F: 7 6 
3187 7 3208 476 F: 5 1 1 
3199 7 3227 459 F: 5 2 
3205 7 3233 446 F: 5 2 
3210 11 3221 86 F: 7 4 
3223 9 3232 372 F: 4 5 
3224 10 3264 164 F: 10 
3231 6 3255 73 F: 6 
3243 12 3291 39 F: 12 
3247 7 3268 206 F: 6 1 
3258 3 3270 441 F: 3 
3261 9 3270 431 F: 3 4 2 
3267 13 3306 329 F: 13 
3311 4 3327 173 F: 4 
3322 6 3340 356 F: 2 4 
3326 5 3346 213 F: 5 
3328 7 3342 191 F: 3 1 3 
3328 12 3340 52 F: 12 
3340 10 3350 220 F: 6 4 
3341 9 3359 279 F: 5 1 3 
3343 5 3348 483 F: 4 1 
3381 7 3402 258 F: 7 
3384 8 3400 348 F: 5 3 
3402 7 3409 27 F: 5 1 1 
3422 10 3462 377 F: 3 4 3 
3428 4 3444 169 F: 4 
3428 9 3464 239 F: 5 4 
3447 10 3467 162 F: 2 4 4 
3485 8 3493 56 F: 6 2 
3487 7 3515 133 F: 6 1 
3490 6 3502 297 F: 2 4 
3491 11 3513 250 F: 11 
3493 7 3521 30 F: 3 4 
3504 8 3512 151 F: 3 3 2 
3517 6 3529 127 F: 2 2 2 
3529 7 3550 467 F: 2 2 3 
3555 5 3565 3 F: 5 
3559 8 3575 26 F: 3 5 
3570 7 3584 19 F: 7 
3574 11 3607 436 F: 4 3 4 
3584 7 3598 184 F: 7 
3596 7 3610 159 F: 4 3 
3598 9 3625 246 F: 9 
3618 7 3646 479 F: 2 1 4 
3632 7 3653 135 F: 3 1 3 
3642 2 3650 133 F: 2 
3648 9 3675 438 F: 5 4 
3652 12 3700 101 F: 12 
3656 8 3664 205 F: 3 3 2 
3659 6 3683 196 F: 6 
3663 8 3679 63 F: 5 1 2 
3668 12 3716 245 F: 12 
3677 9 3686 64 F: 3 6 
3700 8 3716 193 F: 7 1 
3702 9 3738 380 F: 4 2 3 
3705 6 3711 326 F: 4 1 1 
3707 6 3731 336 F: 3 2 1 
3708 4 3724 255 F: 4 
3741 4 3757 13 F: 4 
3764 10 3774 437 F: 10 
3769 7 3783 420 F: 7 
3772 7 3793 206 F: 3 2 2 
3795 13 3821 435 F: 13 
3804 9 3813 299 F: 5 3 1 
3805 6 3829 190 F: 2 3 1 
3814 5 3824 286 F: 5 
3815 7 3822 17 F: 4 3 
3819 8 3827 141 F: 5 1 2 
3830 10 3840 92 F: 5 3 2 
3850 3 3853 255 F: 2 1 
3866 7 3880 242 F: 7 
3880 5 3900 95 F: 5 
3898 10 3908 99 F: 10 
3913 10 3943 104 F: 6 4 
3914 10 3924 472 F: 3 4 3 
3921 5 3926 386 F: 5 
3933 10 3963 347 F: 2 4 4 
3954 5 3959 173 F: 4 1 
3962 12 4010 451 F: 7 5 
3971 4 3987 221 F: 4 
3978 10 3998 75 F: 4 2 4 
3985 6 3997 373 F: 6 
3997 9 4006 418 F: 4 5 
4003 7 4024 279 F: 6 1 
4014 4 4030 2 F: 4 
4056 6 4074 131 F: 2 1 3 
4059 6 4071 81 F: 6 
4070 8 4078 440 F: 5 3 
4081 12 4093 409 F: 12 
4089 8 4121 373 F: 4 4 
4096 9 4114 383 F: 5 4 
4097 10 4107 296 F: 3 3 4 
4097 11 4141 388 F: 5 4 2 
4118 10 4138 442 F: 4 4 2 
4122 9 4158 273 F: 3 6 
4131 3 4137 485 F: 2 1 
4131 11 4142 52 F: 11 
4132 9 4150 125 F: 9 
4152 7 4159 267 F: 7 
4172 6 4196 196 F: 2 4 
4175 7 4182 72 F: 4 1 2 
4181 3 4190 71 F: 3 
4191 3 4197 323 F: 3 
4202 10 4232 338 F: 10 
4227 6 4233 10 F: 6 
4230 10 4240 416 F: 4 4 2 
4235 12 4247 211 F: 6 6 
4238 4 4242 492 F: 4 
4248 4 4252 423 F: 4 
4254 10 4294 134 F: 10 
4274 9 4283 363 F: 9 
4288 3 4300 421 F: 3 
4291 8 4299 428 F: 2 4 2 
4304 6 4310 366 F: 5 1 
4328 6 4346 152 F: 2 1 3 
4329 8 4345 2 F: 2 6 
4334 11 4345 262 F: 7 4 
4348 10 4368 352 F: 4 2 4 
4363 12 4375 427 F: 12 
4366 9 4375 121 F: 2 4 3 
4374 10 4394 448 F: 3 4 3 
4396 13 4448 116 F: 7 6 
4399 7 4406 263 F: 2 5 
4416 4 4420 324 F: 2 1 1 
4422 10 4432 492 F: 3 3 4 
4431 6 4449 109 F: 4 2 
4434 8 4442 484 F: 8 
4440 8 4456 24 F: 3 1 4 
4455 3 4467 360 F: 3 
4469 2 4471 310 F: 2 
4491 3 4494 321 F: 3 
4493 11 4504 496 F: 5 2 4 
4497 10 4527 320 F: 6 4 
4514 8 4546 84 F: 8 
4519 8 4527 438 F: 6 2 
4535 4 4539 421 F: 2 1 1 
4547 11 4558 498 F: 11 
4553 8 4585 414 F: 4 4 
4558 13 4597 67 F: 7 6 
4564 9 4600 18 F: 4 5 
4565 10 4585 65 F: 10 
4593 7 4621 481 F: 2 2 3 
4599 8 4615 493 F: 2 6 
4622 5 4632 310 F: 3 2 
4627 9 4645 256 F: 2 4 3 
4629 5 4634 477 F: 3 2 
4638 9 4656 336 F: 9 
4650 8 4682 193 F: 4 3 1 
4651 5 4661 435 F: 5 
4652 8 4668 200 F: 2 6 
4673 10 4713 384 F: 4 6 
4686 8 4694 183 F: 5 3 
4693 4 4701 251 F: 4 
4707 9 4734 195 F: 9 
4711 8 4735 152 F: 3 5 
4720 2 4726 432 F: 2 
4733 9 4742 348 F: 2 4 3 
4739 11 4761 442 F: 11 
4744 6 4750 186 F: 2 3 1 
4765 6 4777 440 F: 3 3 
4766 6 4778 152 F: 3 2 1 
4783 7 4804 100 F: 7 
4799 5 4814 342 F: 5 
4800 12 4836 54 F: 5 4 3 
4806 12 4818 22 F: 12 
4815 11 4837 48 F: 4 4 3 
4817 8 4833 356 F: 8 
4834 8 4842 144 F: 3 1 4 
4849 11 4882 385 F: 5 2 4 
4853 9 4871 60 F: 5 1 3 
4878 10 4898 434 F: 10 
4890 3 4902 283 F: 3 
4896 7 4924 324 F: 4 3 
4901 4 4913 312 F: 4 
4913 4 4917 401 F: 2 2 
4913 6 4931 95 F: 4 2 
4913 9 4949 53 F: 9 
4919 8 4951 158 F: 2 6 
4922 7 4929 270 F: 4 1 2 
4943 7 4950 172 F: 6 1 
4946 6 4958 272 F: 3 1 2 
4984 10 5004 441 F: 4 3 3 
4987 10 5017 247 F: 7 3 
D: 1 169 
D: 1 450 
D: 11 287 
D: 11 347 
D: 13 307 
D: 13 465 
D: 25 456 
D: 27 356 
D: 35 94 
D: 37 476 
D: 38 71 
D: 43 299 
D: 48 341 
D: 57 226 
D: 60 121 
D: 75 369 
D: 82 141 
D: 91 303 
D: 98 102 
D: 101 296 
D: 102 259 
D: 104 274 
D: 126 478 
D: 155 316 
D: 158 212 
D: 174 241 
D: 174 395 
D: 183 255 
D: 185 499 
D: 196 235 
D: 210 231 
D: 213 381 
D: 214 441 
D: 215 348 
D: 219 260 
D: 220 327 
D: 227 249 
D: 264 421 
D: 273 289 
D: 276 488 
D: 277 335 
D: 300 457 
D: 323 382 
D: 325 337 
D: 349 444 
D: 360 408 
D: 377 464 
D: 392 430 
D: 410 428 
D: 444 494 
