5 7 33 7 F: 7 
7 3 13 17 F: 3 
13 11 24 46 F: 5 6 
21 8 37 20 F: 4 4 
26 6 50 25 F: 3 2 1 
28 9 55 47 F: 3 3 3 
39 7 67 32 F: 5 1 1 
45 5 55 3 F: 3 1 1 
81 2 85 21 F: 2 
87 9 114 12 F: 9 
100 6 124 6 F: 6 
112 7 119 29 F: 3 4 
114 9 141 10 F: 5 4 
136 12 160 3 F: 12 
150 3 153 39 F: 2 1 
155 9 191 43 F: 5 2 2 
176 10 196 19 F: 10 
182 6 206 10 F: 3 2 1 
183 8 215 17 F: 4 1 3 
193 10 203 26 F: 4 6 
204 3 213 3 F: 3 
224 2 228 45 F: 2 
232 3 244 27 F: 3 
237 8 245 5 F: 3 5 
246 11 279 26 F: 11 
247 11 269 20 F: 5 4 2 
251 8 283 38 F: 2 6 
252 10 282 12 F: 10 
271 13 297 22 F: 7 6 
286 7 293 7 F: 7 
307 8 315 9 F: 3 5 
317 7 324 36 F: 6 1 
323 9 350 24 F: 3 3 3 
335 6 359 11 F: 3 3 
359 8 375 12 F: 6 2 
368 8 384 43 F: 6 2 
370 9 406 38 F: 6 3 
388 6 412 47 F: 3 2 1 
390 8 398 19 F: 2 6 
398 4 402 4 F: 2 1 1 
400 6 406 23 F: 3 1 2 
402 9 429 44 F: 4 1 4 
435 3 438 36 F: 3 
441 5 456 21 F: 5 
443 6 449 13 F: 4 2 
445 7 473 36 F: 7 
455 11 499 39 F: 5 3 3 
462 9 471 44 F: 3 6 
462 11 495 30 F: 6 5 
481 9 490 46 F: 9 
D: 2 6 
D: 5 14 
D: 19 25 
D: 37 43 
D: 42 44 
