16 8 48 351 F: 8 
21 7 35 148 F: 7 
22 9 49 412 F: 5 4 
42 10 82 74 F: 5 5 
59 6 77 442 F: 2 4 
64 9 73 290 F: 5 3 1 
73 9 100 435 F: 2 4 3 
77 8 93 79 F: 7 1 
85 6 91 125 F: 2 4 
97 6 103 163 F: 6 
102 11 135 227 F: 11 
114 5 119 45 F: 5 
121 12 169 489 F: 7 5 
137 8 153 58 F: 6 2 
155 5 175 300 F: 4 1 
155 10 185 93 F: 5 5 
164 9 173 306 F: 5 4 
166 6 190 4 F: 2 4 
183 12 195 415 F: 5 4 3 
199 9 226 266 F: 7 2 
205 6 223 130 F: 3 1 2 
206 6 224 96 F: 6 
221 6 233 492 F: 6 
226 8 234 456 F: 2 3 3 
240 7 247 373 F: 2 3 2 
256 5 271 345 F: 2 2 1 
285 10 305 462 F: 5 1 4 
287 4 299 419 F: 4 
291 7 305 68 F: 4 3 
292 9 328 385 F: 6 3 
303 10 333 335 F: 10 
317 9 335 402 F: 2 4 3 
343 5 363 62 F: 3 2 
353 7 381 277 F: 7 
368 13 420 330 F: 5 4 4 
374 6 398 310 F: 2 1 3 
376 8 400 99 F: 4 1 3 
381 13 420 361 F: 13 
384 8 408 149 F: 5 3 
385 3 391 289 F: 3 
401 4 409 425 F: 4 
403 4 419 288 F: 4 
403 8 419 342 F: 8 
423 7 451 203 F: 2 1 4 
425 8 441 54 F: 3 5 
425 10 435 242 F: 2 4 4 
443 8 475 296 F: 2 4 2 
455 10 495 407 F: 10 
465 7 472 412 F: 2 4 1 
483 8 491 166 F: 2 4 2 
510 6 528 100 F: 6 
521 10 551 432 F: 10 
526 2 534 103 F: 2 
538 3 544 314 F: 2 1 
540 5 545 320 F: 3 1 1 
563 9 590 205 F: 4 3 2 
568 12 604 65 F: 7 5 
570 11 603 124 F: 11 
580 12 604 289 F: 6 6 
588 12 612 156 F: 12 
605 5 625 464 F: 5 
607 8 615 38 F: 8 
612 3 615 146 F: 3 
614 5 624 289 F: 2 3 
643 7 664 369 F: 2 3 2 
645 8 661 106 F: 3 2 3 
646 5 661 49 F: 3 2 
647 8 655 231 F: 3 3 2 
654 11 698 53 F: 7 4 
686 12 710 180 F: 12 
700 7 714 436 F: 2 1 4 
706 6 730 121 F: 6 
717 5 722 275 F: 5 
727 9 745 482 F: 4 1 4 
730 6 736 437 F: 4 1 1 
741 12 777 83 F: 4 4 4 
750 8 782 133 F: 8 
755 4 763 82 F: 2 2 
756 10 786 424 F: 2 4 4 
785 8 809 435 F: 4 4 
810 8 826 416 F: 4 4 
818 11 829 45 F: 11 
834 11 878 323 F: 3 4 4 
836 12 848 371 F: 12 
843 12 867 145 F: 6 6 
845 8 877 496 F: 3 1 4 
860 7 888 178 F: 3 1 3 
867 10 907 142 F: 3 4 3 
879 5 894 389 F: 3 2 
881 11 925 54 F: 4 3 4 
910 6 928 202 F: 4 1 1 
910 13 962 45 F: 13 
917 6 941 444 F: 3 3 
926 8 942 324 F: 5 1 2 
935 11 979 184 F: 11 
948 2 954 14 F: 2 
964 8 980 2 F: 5 2 1 
978 4 986 148 F: 2 1 1 
980 9 998 150 F: 9 
991 12 1027 193 F: 12 
1002 10 1012 38 F: 5 1 4 
1002 10 1032 69 F: 10 
1008 10 1048 256 F: 4 2 4 
1020 12 1044 191 F: 5 4 3 
1032 8 1048 289 F: 2 6 
1038 7 1052 368 F: 2 2 3 
1048 6 1060 189 F: 3 1 2 
1057 12 1081 457 F: 5 3 4 
1074 13 1126 252 F: 13 
1091 10 1131 206 F: 10 
1100 6 1118 441 F: 2 1 3 
1106 11 1150 33 F: 6 5 
1107 11 1151 72 F: 11 
1115 12 1151 118 F: 6 6 
1119 5 1129 450 F: 4 1 
1144 6 1168 309 F: 4 2 
1166 10 1206 449 F: 5 1 4 
1167 8 1183 235 F: 4 2 2 
1178 8 1202 453 F: 3 5 
1198 8 1230 410 F: 4 4 
1207 9 1225 465 F: 4 5 
1213 8 1245 40 F: 2 6 
1218 10 1228 17 F: 6 4 
1237 12 1285 289 F: 4 4 4 
1238 8 1262 397 F: 4 3 1 
1252 11 1263 124 F: 11 
1260 4 1268 400 F: 4 
1261 13 1274 126 F: 13 
1265 12 1289 203 F: 5 4 3 
1283 9 1292 133 F: 6 3 
1314 11 1336 289 F: 5 3 3 
1315 7 1322 482 F: 3 4 
1326 10 1346 330 F: 3 4 3 
1329 7 1357 124 F: 3 3 1 
1331 10 1351 457 F: 7 3 
1334 7 1355 143 F: 2 5 
1365 6 1383 475 F: 3 3 
1379 9 1406 278 F: 3 2 4 
1391 10 1431 148 F: 5 1 4 
1398 13 1437 122 F: 13 
1403 6 1421 35 F: 3 3 
1403 8 1435 278 F: 8 
1404 12 1440 233 F: 7 5 
1408 6 1432 40 F: 4 1 1 
1415 11 1459 243 F: 7 4 
1419 4 1427 332 F: 3 1 
1419 6 1431 262 F: 6 
1422 11 1444 486 F: 5 6 
1431 2 1437 269 F: 2 
1433 3 1442 479 F: 3 
1500 9 1536 4 F: 9 
1515 12 1527 152 F: 12 
1533 10 1553 500 F: 7 3 
1535 11 1546 259 F: 11 
1538 12 1574 402 F: 4 4 4 
1545 8 1577 171 F: 2 3 3 
1546 11 1557 211 F: 11 
1568 5 1583 296 F: 4 1 
1587 4 1595 476 F: 4 
1588 8 1596 221 F: 2 6 
1601 9 1637 20 F: 3 6 
1613 6 1619 196 F: 2 2 2 
1625 11 1647 449 F: 11 
1627 8 1643 129 F: 3 3 2 
1631 7 1659 181 F: 4 3 
1659 5 1669 336 F: 5 
1662 7 1676 466 F: 7 
1668 8 1684 382 F: 5 1 2 
1681 7 1702 434 F: 3 3 1 
1698 10 1738 439 F: 10 
1703 8 1711 93 F: 2 3 3 
1712 9 1739 18 F: 3 6 
1717 8 1749 268 F: 2 6 
1727 5 1747 242 F: 2 3 
1735 12 1759 449 F: 12 
1746 8 1754 485 F: 8 
1771 7 1792 141 F: 7 
1772 8 1788 247 F: 2 3 3 
1793 9 1829 438 F: 4 4 1 
1795 10 1815 151 F: 5 5 
1806 3 1809 369 F: 3 
1808 9 1817 41 F: 5 3 1 
1812 6 1818 34 F: 6 
1831 11 1853 34 F: 7 4 
1831 13 1883 59 F: 5 4 4 
1840 10 1870 331 F: 4 4 2 
1856 10 1866 259 F: 4 6 
1869 6 1887 450 F: 4 1 1 
1874 4 1890 217 F: 2 2 
1881 10 1911 57 F: 10 
1901 9 1919 189 F: 9 
1949 7 1977 164 F: 3 2 2 
1950 9 1968 50 F: 2 4 3 
1952 9 1988 172 F: 3 2 4 
1962 10 1982 359 F: 5 3 2 
1976 8 2000 336 F: 2 3 3 
1978 10 2008 231 F: 3 4 3 
1981 6 1993 7 F: 3 1 2 
1997 8 2021 225 F: 5 2 1 
1998 10 2028 13 F: 5 2 3 
2006 12 2042 133 F: 5 4 3 
2023 9 2059 274 F: 6 3 
2026 11 2037 178 F: 5 3 3 
2037 2 2039 471 F: 2 
2041 9 2059 224 F: 9 
2055 6 2067 435 F: 4 1 1 
2055 9 2082 432 F: 5 4 
2083 9 2101 314 F: 9 
2090 8 2098 495 F: 3 5 
2092 3 2101 342 F: 3 
2119 11 2163 367 F: 5 6 
2122 10 2132 189 F: 6 4 
2131 4 2143 51 F: 4 
2134 10 2144 208 F: 4 6 
2137 11 2148 470 F: 5 4 2 
2162 8 2186 90 F: 4 2 2 
2168 12 2192 394 F: 6 6 
2181 12 2205 238 F: 4 4 4 
2182 9 2209 100 F: 4 5 
2191 2 2199 467 F: 2 
2212 7 2233 492 F: 7 
2219 8 2243 459 F: 6 2 
2221 3 2233 486 F: 3 
2228 12 2252 4 F: 4 4 4 
2250 8 2258 145 F: 7 1 
2251 6 2263 218 F: 2 1 3 
2252 8 2260 257 F: 8 
2258 9 2276 211 F: 5 2 2 
2269 6 2275 205 F: 5 1 
2289 11 2333 217 F: 6 5 
2328 7 2349 16 F: 4 3 
2337 7 2358 369 F: 2 4 1 
2337 10 2367 157 F: 3 3 4 
2343 6 2355 130 F: 6 
2349 8 2373 139 F: 2 4 2 
2350 5 2360 218 F: 3 1 1 
2350 10 2380 467 F: 5 2 3 
2370 7 2384 130 F: 2 5 
2375 9 2411 400 F: 9 
2399 11 2421 17 F: 7 4 
2406 12 2442 129 F: 6 6 
2411 10 2451 129 F: 5 5 
2419 13 2471 289 F: 7 6 
2429 12 2477 479 F: 6 6 
2431 7 2438 378 F: 2 2 3 
2441 4 2457 476 F: 2 2 
2454 7 2461 176 F: 3 4 
2464 6 2470 280 F: 2 2 2 
2469 7 2490 224 F: 5 1 1 
2495 11 2517 454 F: 5 4 2 
2514 5 2524 423 F: 5 
2514 5 2529 9 F: 2 2 1 
2524 4 2536 406 F: 4 
2541 6 2559 180 F: 3 3 
2542 9 2560 129 F: 3 4 2 
2545 6 2569 109 F: 2 2 2 
2547 7 2568 257 F: 5 2 
2547 12 2595 164 F: 12 
2561 8 2593 161 F: 6 2 
2590 10 2630 391 F: 4 4 2 
2607 9 2625 108 F: 6 3 
2616 11 2638 118 F: 5 2 4 
2640 11 2651 172 F: 5 3 3 
2666 6 2684 149 F: 6 
2674 9 2683 16 F: 5 4 
2677 10 2717 15 F: 4 4 2 
2685 8 2701 207 F: 4 4 
2690 4 2706 255 F: 2 2 
2691 5 2706 39 F: 5 
2695 9 2731 109 F: 9 
2706 10 2716 260 F: 5 1 4 
2708 9 2717 475 F: 4 1 4 
2712 6 2736 417 F: 4 1 1 
2733 9 2769 170 F: 5 2 2 
2742 7 2763 354 F: 7 
2744 11 2788 430 F: 5 3 3 
2756 8 2780 265 F: 3 4 1 
2766 8 2798 195 F: 8 
2781 7 2795 336 F: 2 1 4 
2797 9 2806 41 F: 6 3 
2802 3 2808 234 F: 3 
2819 2 2827 388 F: 2 
2833 9 2869 94 F: 4 2 3 
2843 6 2849 303 F: 5 1 
2844 6 2862 17 F: 6 
2856 8 2888 440 F: 8 
2857 4 2861 92 F: 4 
2871 12 2895 151 F: 12 
2892 13 2944 420 F: 13 
2898 4 2902 73 F: 3 1 
2911 8 2927 248 F: 4 3 1 
2919 9 2946 344 F: 2 4 3 
2921 8 2945 336 F: 6 2 
2925 8 2957 65 F: 8 
2945 9 2981 317 F: 2 4 3 
2947 6 2971 199 F: 3 1 2 
2949 9 2985 77 F: 4 1 4 
2971 11 3004 459 F: 11 
2972 10 2992 269 F: 6 4 
2989 6 3001 295 F: 5 1 
3000 12 3012 90 F: 12 
3019 6 3031 154 F: 2 1 3 
3026 7 3033 319 F: 2 2 3 
3038 8 3070 398 F: 3 1 4 
3052 10 3092 138 F: 5 1 4 
3073 7 3080 252 F: 3 2 2 
3075 2 3081 293 F: 2 
3080 9 3089 472 F: 5 3 1 
3084 8 3092 52 F: 8 
3086 10 3106 197 F: 2 4 4 
3116 11 3149 197 F: 6 5 
3122 6 3134 23 F: 2 1 3 
3129 4 3137 115 F: 4 
3132 8 3164 8 F: 3 3 2 
3143 5 3158 268 F: 3 1 1 
3155 3 3158 201 F: 2 1 
3158 10 3168 145 F: 4 6 
3160 9 3178 193 F: 5 2 2 
3178 6 3202 35 F: 6 
3197 8 3213 388 F: 5 3 
3210 12 3258 466 F: 4 4 4 
3218 8 3242 141 F: 8 
3240 6 3246 92 F: 3 3 
3245 7 3273 186 F: 4 3 
3269 6 3281 125 F: 2 3 1 
3270 10 3300 368 F: 7 3 
3272 8 3288 462 F: 6 2 
3279 10 3299 412 F: 5 5 
3283 13 3322 279 F: 7 6 
3284 11 3328 113 F: 11 
3313 8 3321 301 F: 8 
3322 10 3342 476 F: 4 4 2 
3325 4 3337 31 F: 4 
3335 6 3359 423 F: 6 
3342 8 3358 338 F: 5 2 1 
3349 7 3377 229 F: 4 1 2 
3365 9 3401 418 F: 5 3 1 
3381 4 3385 429 F: 4 
3387 9 3423 216 F: 9 
3397 5 3407 179 F: 5 
3417 7 3438 13 F: 2 5 
3418 11 3440 144 F: 11 
3421 7 3449 95 F: 6 1 
3423 8 3455 232 F: 3 3 2 
3442 7 3449 278 F: 2 1 4 
3444 10 3484 493 F: 5 4 1 
3463 10 3493 458 F: 10 
3471 8 3487 176 F: 6 2 
3493 2 3495 351 F: 2 
3494 3 3503 132 F: 2 1 
3509 10 3529 318 F: 5 2 3 
3516 9 3552 235 F: 9 
3519 3 3522 388 F: 3 
3552 3 3561 446 F: 3 
3553 8 3577 80 F: 8 
3553 11 3575 467 F: 11 
3569 9 3578 57 F: 4 5 
3593 7 3607 437 F: 3 1 3 
3595 6 3601 135 F: 2 3 1 
3595 11 3606 9 F: 5 3 3 
3626 7 3654 166 F: 5 2 
3636 5 3646 399 F: 2 1 2 
3658 7 3686 478 F: 2 1 4 
3671 8 3703 42 F: 3 5 
3671 10 3711 433 F: 10 
3672 9 3690 488 F: 7 2 
3675 8 3707 177 F: 6 2 
3679 9 3697 2 F: 5 4 
3686 10 3696 13 F: 6 4 
3692 5 3697 488 F: 2 3 
3714 9 3723 357 F: 5 4 
3723 12 3771 361 F: 12 
3749 10 3789 113 F: 5 1 4 
3751 8 3783 352 F: 8 
3753 11 3775 143 F: 5 6 
3756 6 3768 53 F: 5 1 
3758 5 3768 203 F: 2 3 
3759 10 3799 7 F: 6 4 
3775 8 3807 103 F: 8 
3781 5 3786 371 F: 5 
3804 12 3816 183 F: 7 5 
3816 10 3836 429 F: 10 
3828 2 3832 132 F: 2 
3840 12 3852 108 F: 7 5 
3847 6 3865 170 F: 6 
3854 6 3878 482 F: 3 1 2 
3867 7 3895 469 F: 7 
3870 11 3892 408 F: 7 4 
3876 13 3928 409 F: 13 
3887 8 3919 218 F: 5 1 2 
3901 9 3928 414 F: 9 
3922 6 3940 487 F: 2 3 1 
3934 8 3958 280 F: 2 2 4 
3935 7 3963 297 F: 6 1 
3958 8 3982 140 F: 8 
3966 5 3986 149 F: 4 1 
3974 8 3998 422 F: 2 6 
3981 9 4008 228 F: 7 2 
3989 9 4007 150 F: 4 5 
3999 12 4023 210 F: 12 
4003 9 4030 205 F: 5 4 
4004 7 4025 38 F: 3 2 2 
4013 11 4035 102 F: 6 5 
4020 4 4032 302 F: 2 2 
4036 11 4047 363 F: 11 
4048 9 4084 134 F: 4 3 2 
4056 5 4061 318 F: 5 
4068 3 4077 415 F: 3 
4072 11 4094 96 F: 7 4 
4094 11 4105 70 F: 11 
4104 10 4124 449 F: 3 3 4 
4112 6 4136 17 F: 2 2 2 
4117 9 4153 238 F: 3 4 2 
4121 12 4145 499 F: 7 5 
4133 7 4140 111 F: 7 
4150 4 4162 404 F: 4 
4164 7 4171 168 F: 2 5 
4176 11 4187 181 F: 5 2 4 
4177 7 4205 324 F: 4 1 2 
4197 9 4233 494 F: 4 2 3 
4203 10 4233 479 F: 10 
4223 8 4255 62 F: 4 1 3 
4225 13 4277 312 F: 13 
4232 5 4242 432 F: 2 1 2 
4234 10 4264 363 F: 5 5 
4241 8 4249 331 F: 6 2 
4272 7 4279 74 F: 3 1 3 
4285 5 4305 327 F: 3 2 
4289 11 4322 344 F: 4 3 4 
4297 11 4308 442 F: 11 
4312 13 4364 410 F: 5 4 4 
4315 6 4339 93 F: 6 
4329 9 4338 384 F: 5 1 3 
4330 8 4362 328 F: 4 2 2 
4337 8 4353 77 F: 2 4 2 
4342 5 4347 214 F: 5 
4352 11 4363 341 F: 11 
4359 7 4366 107 F: 2 5 
4393 13 4419 172 F: 7 6 
4395 7 4423 282 F: 7 
4401 11 4423 41 F: 11 
4402 12 4438 270 F: 12 
4405 9 4414 230 F: 9 
4407 9 4434 38 F: 4 2 3 
4415 6 4439 280 F: 6 
4416 7 4437 31 F: 3 4 
4446 8 4478 201 F: 7 1 
4453 6 4471 154 F: 6 
4469 9 4487 406 F: 3 4 2 
4490 12 4502 257 F: 12 
4518 10 4548 280 F: 7 3 
4531 10 4551 424 F: 3 4 3 
4534 6 4540 12 F: 4 1 1 
4538 7 4552 254 F: 6 1 
4538 11 4549 491 F: 11 
4566 11 4577 139 F: 4 4 3 
4585 9 4612 131 F: 2 3 4 
4586 13 4599 469 F: 13 
4592 5 4597 355 F: 5 
4593 11 4604 393 F: 6 5 
4605 9 4614 454 F: 9 
4615 8 4639 128 F: 4 1 3 
4623 4 4639 256 F: 2 1 1 
4635 7 4663 32 F: 4 3 
4639 12 4687 300 F: 4 4 4 
4653 8 4677 25 F: 8 
4674 12 4686 221 F: 6 6 
4676 5 4691 469 F: 5 
4677 9 4686 156 F: 9 
4691 7 4719 30 F: 7 
4703 9 4712 136 F: 4 2 3 
4731 7 4745 308 F: 4 1 2 
4733 5 4748 297 F: 5 
4733 8 4757 240 F: 4 1 3 
4739 10 4749 38 F: 4 6 
4745 10 4755 485 F: 6 4 
4751 7 4765 267 F: 5 2 
4752 5 4757 62 F: 5 
4768 3 4774 115 F: 3 
4792 5 4812 466 F: 5 
4806 11 4817 27 F: 11 
4819 11 4863 380 F: 7 4 
4828 7 4849 142 F: 7 
4846 8 4878 74 F: 4 4 
4847 5 4867 131 F: 2 2 1 
4853 13 4866 109 F: 13 
4861 2 4867 156 F: 2 
4876 10 4886 149 F: 5 4 1 
4881 12 4917 251 F: 4 4 4 
4882 3 4885 97 F: 3 
4903 4 4911 143 F: 4 
4921 8 4929 21 F: 3 3 2 
4921 8 4945 235 F: 4 4 
4925 10 4965 205 F: 7 3 
4937 10 4977 56 F: 10 
4939 11 4972 249 F: 4 4 3 
4945 12 4969 110 F: 12 
4954 7 4975 69 F: 2 1 4 
4963 9 4981 143 F: 3 2 4 
4993 13 5032 196 F: 13 
D: 10 104 
D: 11 423 
D: 15 473 
D: 18 471 
D: 19 171 
D: 19 380 
D: 20 475 
D: 22 414 
D: 26 302 
D: 35 305 
D: 41 421 
D: 50 444 
D: 51 462 
D: 55 243 
D: 55 353 
D: 55 489 
D: 59 143 
D: 76 290 
D: 77 346 
D: 77 471 
D: 87 398 
D: 88 468 
D: 95 303 
D: 100 161 
D: 120 341 
D: 148 309 
D: 151 287 
D: 162 380 
D: 165 356 
D: 165 482 
D: 171 295 
D: 177 286 
D: 178 285 
D: 199 481 
D: 204 377 
D: 219 497 
D: 227 301 
D: 231 264 
D: 244 325 
D: 263 424 
D: 268 350 
D: 299 493 
D: 301 306 
D: 310 486 
D: 315 486 
D: 321 396 
D: 331 392 
D: 339 376 
D: 441 471 
D: 482 487 
