0 8 32 142 F: 5 3 
1 5 16 402 F: 5 
32 10 52 236 F: 7 3 
50 13 63 241 F: 13 
51 4 59 116 F: 2 2 
62 10 102 120 F: 4 6 
67 9 103 38 F: 3 3 3 
67 13 106 412 F: 13 
73 7 80 206 F: 4 2 1 
76 4 92 241 F: 4 
107 5 127 271 F: 5 
118 3 124 31 F: 3 
128 8 136 282 F: 4 3 1 
130 5 140 105 F: 2 3 
137 8 169 135 F: 2 2 4 
149 8 173 106 F: 8 
168 10 208 318 F: 4 3 3 
183 12 195 283 F: 12 
189 5 199 492 F: 2 3 
193 6 217 19 F: 2 1 3 
216 9 252 127 F: 9 
223 5 233 65 F: 2 1 2 
261 4 273 300 F: 4 
263 10 293 57 F: 10 
265 11 276 359 F: 7 4 
270 5 285 284 F: 5 
274 8 282 196 F: 3 2 3 
288 4 296 459 F: 2 2 
290 8 314 242 F: 4 3 1 
298 6 316 46 F: 2 1 3 
306 10 336 77 F: 4 4 2 
320 7 341 441 F: 2 3 2 
330 11 374 474 F: 5 3 3 
332 13 371 45 F: 7 6 
353 7 381 227 F: 3 2 2 
357 8 373 313 F: 4 2 2 
358 9 385 116 F: 3 6 
362 9 398 419 F: 9 
369 13 421 16 F: 7 6 
377 9 404 194 F: 3 2 4 
402 11 413 370 F: 5 2 4 
413 10 423 269 F: 10 
421 9 448 48 F: 3 2 4 
425 5 445 356 F: 2 2 1 
440 8 456 406 F: 5 3 
447 11 458 32 F: 11 
459 8 467 22 F: 4 4 
462 5 472 495 F: 2 3 
470 8 502 208 F: 2 4 2 
487 7 501 465 F: 3 2 2 
507 8 523 271 F: 8 
536 10 566 195 F: 10 
557 9 584 212 F: 3 3 3 
563 6 575 4 F: 3 1 2 
569 5 584 483 F: 4 1 
572 11 594 257 F: 6 5 
574 9 592 227 F: 3 6 
580 11 602 427 F: 5 4 2 
584 9 602 396 F: 4 2 3 
593 6 605 160 F: 4 2 
608 7 636 321 F: 3 4 
615 4 631 206 F: 3 1 
637 11 681 134 F: 5 6 
647 4 655 129 F: 4 
655 7 669 298 F: 5 1 1 
660 7 681 128 F: 2 5 
672 9 681 358 F: 4 2 3 
688 6 694 162 F: 6 
696 11 729 392 F: 6 5 
697 10 707 490 F: 4 6 
707 2 709 426 F: 2 
707 8 715 7 F: 4 1 3 
712 9 739 45 F: 3 6 
718 13 770 238 F: 13 
730 12 766 360 F: 4 4 4 
731 11 753 359 F: 6 5 
738 4 746 282 F: 3 1 
740 12 764 135 F: 6 6 
754 9 781 33 F: 5 3 1 
769 7 790 202 F: 4 3 
817 5 827 467 F: 2 3 
819 10 859 229 F: 6 4 
841 8 857 192 F: 2 2 4 
843 8 851 152 F: 5 2 1 
849 13 862 232 F: 13 
855 8 887 438 F: 4 1 3 
857 6 875 410 F: 5 1 
865 10 885 74 F: 10 
867 8 875 214 F: 5 2 1 
878 3 887 185 F: 3 
905 8 921 78 F: 8 
911 7 925 447 F: 6 1 
915 13 954 428 F: 13 
921 2 927 402 F: 2 
945 2 953 286 F: 2 
965 6 983 239 F: 2 2 2 
972 12 1020 133 F: 4 4 4 
990 8 998 348 F: 8 
993 7 1014 414 F: 5 1 1 
994 7 1022 79 F: 2 3 2 
1001 7 1022 53 F: 7 
1011 7 1025 58 F: 7 
1016 5 1031 367 F: 5 
1017 4 1021 439 F: 4 
1027 10 1067 226 F: 4 6 
1044 9 1053 324 F: 9 
1061 6 1085 362 F: 6 
1062 3 1071 80 F: 2 1 
1068 8 1076 392 F: 3 3 2 
1093 7 1121 302 F: 7 
1101 5 1106 163 F: 4 1 
1117 10 1127 152 F: 10 
1130 4 1142 117 F: 4 
1131 8 1163 43 F: 4 4 
1140 9 1167 153 F: 4 1 4 
1147 7 1154 242 F: 2 1 4 
1165 11 1187 24 F: 5 6 
1181 8 1197 297 F: 3 1 4 
1192 11 1236 283 F: 7 4 
1196 3 1208 407 F: 3 
1200 8 1232 350 F: 8 
1201 5 1221 255 F: 5 
1207 8 1231 295 F: 8 
1213 6 1219 145 F: 2 4 
1218 13 1270 47 F: 13 
1225 2 1227 436 F: 2 
1230 7 1258 255 F: 2 2 3 
1237 7 1265 75 F: 2 5 
1264 8 1280 186 F: 5 2 1 
1283 3 1286 90 F: 3 
1303 4 1319 22 F: 2 2 
1325 12 1337 422 F: 7 5 
1327 8 1343 491 F: 5 2 1 
1328 12 1364 77 F: 12 
1332 3 1335 78 F: 2 1 
1349 11 1371 305 F: 11 
1355 7 1362 341 F: 6 1 
1365 9 1401 91 F: 9 
1370 11 1403 92 F: 4 3 4 
1372 9 1399 367 F: 7 2 
1405 8 1429 158 F: 3 4 1 
1409 12 1433 24 F: 7 5 
1410 12 1458 344 F: 4 4 4 
1419 7 1440 370 F: 5 2 
1432 4 1444 334 F: 4 
1448 7 1476 14 F: 5 1 1 
1465 10 1485 279 F: 4 6 
1481 6 1505 344 F: 3 3 
1493 7 1507 257 F: 2 3 2 
1497 10 1537 146 F: 10 
1500 3 1506 335 F: 3 
1515 11 1526 187 F: 5 2 4 
1523 8 1531 389 F: 8 
1536 7 1543 105 F: 7 
1541 7 1555 425 F: 4 3 
1549 6 1567 255 F: 2 2 2 
1581 7 1609 201 F: 7 
1582 9 1609 261 F: 9 
1585 8 1609 347 F: 3 5 
1596 5 1601 341 F: 5 
1613 6 1619 499 F: 3 3 
1630 9 1657 23 F: 9 
1642 7 1663 252 F: 4 2 1 
1649 8 1673 14 F: 3 4 1 
1651 12 1699 395 F: 12 
1654 9 1681 16 F: 9 
1656 7 1663 35 F: 2 5 
1657 10 1677 238 F: 10 
1686 9 1713 245 F: 4 2 3 
1690 12 1738 316 F: 6 6 
1701 12 1713 449 F: 12 
1720 11 1731 267 F: 3 4 4 
1739 9 1757 367 F: 9 
1744 6 1750 227 F: 3 3 
1753 9 1789 250 F: 5 1 3 
1754 5 1774 266 F: 4 1 
1769 7 1783 460 F: 2 2 3 
1775 12 1811 499 F: 12 
1797 7 1818 105 F: 7 
1798 10 1838 49 F: 4 6 
1814 13 1853 411 F: 13 
1817 6 1829 114 F: 6 
1819 9 1846 16 F: 5 1 3 
1834 6 1852 483 F: 4 1 1 
1837 9 1846 500 F: 7 2 
1842 7 1849 260 F: 3 1 3 
1872 10 1902 29 F: 4 4 2 
1887 12 1923 215 F: 12 
1892 6 1910 326 F: 4 2 
1899 8 1923 324 F: 3 3 2 
1916 6 1922 283 F: 3 3 
1926 12 1950 433 F: 12 
1947 8 1971 48 F: 4 4 
1950 2 1956 261 F: 2 
1951 10 1971 23 F: 5 3 2 
1961 12 2009 455 F: 12 
1963 8 1979 112 F: 2 4 2 
1978 2 1982 447 F: 2 
1983 11 2016 475 F: 5 6 
1991 7 2019 275 F: 7 
2007 8 2031 237 F: 7 1 
2013 5 2018 89 F: 5 
2016 3 2028 27 F: 3 
2018 10 2058 372 F: 10 
2038 9 2047 429 F: 6 3 
2038 11 2049 268 F: 4 4 3 
2039 10 2069 294 F: 4 3 3 
2051 7 2058 386 F: 5 2 
2053 9 2071 48 F: 5 1 3 
2068 5 2088 17 F: 4 1 
2107 5 2122 12 F: 5 
2119 6 2131 115 F: 5 1 
2131 6 2137 59 F: 3 1 2 
2155 9 2173 11 F: 4 1 4 
2166 9 2202 225 F: 5 3 1 
2178 12 2202 183 F: 12 
2179 6 2203 473 F: 3 3 
2183 3 2192 249 F: 2 1 
2190 7 2204 206 F: 3 3 1 
2192 11 2214 165 F: 11 
2204 6 2228 165 F: 3 3 
2218 10 2258 445 F: 5 5 
2239 8 2263 422 F: 2 3 3 
2240 11 2262 175 F: 5 6 
2244 10 2284 37 F: 3 4 3 
2248 6 2266 127 F: 3 3 
2259 8 2267 305 F: 3 5 
2274 11 2296 147 F: 6 5 
2285 2 2291 460 F: 2 
2294 12 2306 421 F: 12 
2301 6 2307 460 F: 3 3 
2304 8 2328 32 F: 2 6 
2305 9 2332 291 F: 7 2 
2314 11 2325 397 F: 11 
2329 12 2353 384 F: 12 
2348 5 2368 125 F: 4 1 
2356 9 2365 23 F: 3 3 3 
2388 9 2415 109 F: 4 3 2 
2394 5 2399 356 F: 2 3 
2394 6 2418 54 F: 5 1 
2402 12 2450 441 F: 12 
2404 2 2408 478 F: 2 
2406 10 2416 85 F: 3 4 3 
2416 11 2460 190 F: 11 
2426 6 2450 360 F: 3 3 
2434 7 2455 436 F: 2 3 2 
2443 9 2470 352 F: 9 
2480 11 2524 222 F: 6 5 
2497 7 2504 294 F: 3 4 
2499 5 2504 422 F: 5 
2513 7 2527 333 F: 7 
2525 11 2558 200 F: 7 4 
2525 13 2538 500 F: 13 
2528 7 2535 54 F: 2 5 
2536 6 2554 88 F: 3 3 
2541 5 2546 218 F: 3 2 
2580 9 2607 328 F: 4 1 4 
2584 12 2632 140 F: 5 3 4 
2585 10 2625 134 F: 3 3 4 
2597 11 2641 153 F: 6 5 
2603 10 2613 73 F: 3 3 4 
2606 11 2617 91 F: 11 
2611 6 2635 355 F: 5 1 
2619 6 2643 196 F: 3 3 
2621 9 2630 37 F: 4 5 
2643 3 2646 114 F: 2 1 
2676 8 2700 496 F: 7 1 
2683 7 2704 367 F: 4 3 
2685 6 2703 159 F: 3 2 1 
2687 7 2701 421 F: 7 
2703 2 2711 113 F: 2 
2703 7 2724 57 F: 3 4 
2704 11 2748 478 F: 4 4 3 
2707 9 2734 292 F: 5 3 1 
2730 2 2732 498 F: 2 
2755 4 2763 203 F: 3 1 
2778 6 2790 104 F: 6 
2780 11 2824 2 F: 7 4 
2786 6 2810 311 F: 3 2 1 
2786 8 2802 25 F: 8 
2816 8 2840 119 F: 4 2 2 
2830 9 2839 356 F: 2 4 3 
2837 8 2853 473 F: 3 5 
2858 9 2885 410 F: 6 3 
2863 7 2870 149 F: 3 4 
2864 13 2890 451 F: 7 6 
2867 6 2873 139 F: 4 2 
2882 4 2886 496 F: 4 
2884 8 2900 28 F: 2 4 2 
2894 12 2906 46 F: 5 3 4 
2901 7 2908 185 F: 7 
2911 2 2917 220 F: 2 
2918 10 2938 331 F: 10 
2928 8 2960 323 F: 5 1 2 
2929 5 2934 70 F: 5 
2953 11 2975 210 F: 11 
2955 7 2969 369 F: 7 
2957 10 2987 25 F: 2 4 4 
2963 9 2981 202 F: 5 2 2 
2976 8 2992 109 F: 2 6 
3002 10 3022 242 F: 2 4 4 
3012 8 3044 65 F: 8 
3024 7 3031 97 F: 7 
3026 5 3036 258 F: 5 
3038 4 3046 250 F: 3 1 
3050 3 3053 62 F: 3 
3051 11 3073 190 F: 6 5 
3056 10 3076 335 F: 5 5 
3064 7 3085 423 F: 7 
3082 3 3094 434 F: 3 
3108 11 3119 106 F: 7 4 
3122 10 3142 249 F: 10 
3126 7 3140 266 F: 3 1 3 
3149 4 3165 125 F: 4 
3160 5 3165 227 F: 3 2 
3167 6 3185 137 F: 2 3 1 
3173 8 3181 324 F: 3 5 
3194 12 3218 43 F: 12 
3195 6 3207 493 F: 4 2 
3197 7 3225 396 F: 7 
3203 9 3239 122 F: 3 3 3 
3209 3 3218 36 F: 3 
3216 13 3268 226 F: 13 
3248 9 3257 220 F: 7 2 
3248 10 3288 111 F: 5 2 3 
3252 6 3270 100 F: 4 2 
3272 9 3281 392 F: 2 3 4 
3279 5 3289 249 F: 3 1 1 
3281 6 3293 154 F: 2 2 2 
3291 12 3315 107 F: 7 5 
3300 8 3316 45 F: 3 3 2 
3311 10 3331 439 F: 10 
3323 8 3347 19 F: 8 
3339 2 3345 378 F: 2 
3361 6 3367 272 F: 2 2 2 
3387 8 3419 388 F: 7 1 
3393 12 3417 485 F: 7 5 
3394 2 3402 286 F: 2 
3398 7 3405 217 F: 3 4 
3399 13 3438 342 F: 5 4 4 
3400 10 3440 282 F: 10 
3438 8 3454 492 F: 8 
3441 11 3452 72 F: 11 
3446 3 3458 460 F: 3 
3446 6 3452 356 F: 5 1 
3472 5 3482 469 F: 4 1 
3483 12 3507 41 F: 12 
3484 6 3496 32 F: 3 2 1 
3487 9 3514 43 F: 3 3 3 
3495 9 3504 356 F: 5 4 
3507 11 3540 441 F: 11 
3531 3 3537 359 F: 2 1 
3540 13 3579 159 F: 13 
3545 8 3553 177 F: 3 5 
3552 8 3584 35 F: 8 
3583 6 3589 35 F: 4 1 1 
3588 6 3612 282 F: 6 
3594 4 3602 4 F: 4 
3597 10 3637 456 F: 10 
3599 6 3611 195 F: 6 
3602 10 3612 42 F: 10 
3605 8 3621 336 F: 8 
3614 6 3620 452 F: 6 
3618 8 3642 163 F: 6 2 
3644 13 3696 366 F: 13 
3646 8 3662 31 F: 2 2 4 
3676 4 3680 272 F: 2 2 
3678 12 3690 37 F: 7 5 
3685 11 3718 83 F: 11 
3691 7 3705 109 F: 4 3 
3702 4 3710 139 F: 4 
3708 8 3732 62 F: 3 5 
3724 10 3764 116 F: 5 3 2 
3734 9 3743 137 F: 4 5 
3743 4 3755 104 F: 3 1 
3743 4 3759 29 F: 4 
3777 6 3789 215 F: 6 
3779 8 3811 59 F: 3 2 3 
3791 6 3803 127 F: 5 1 
3792 8 3800 280 F: 2 6 
3826 9 3844 452 F: 9 
3833 9 3851 89 F: 9 
3851 9 3860 269 F: 6 3 
3862 11 3884 475 F: 11 
3881 8 3913 455 F: 4 2 2 
3882 10 3892 317 F: 4 2 4 
3891 9 3909 476 F: 4 2 3 
3893 13 3945 45 F: 5 4 4 
3896 8 3928 72 F: 8 
3899 4 3911 350 F: 4 
3900 4 3912 300 F: 2 2 
3915 8 3923 115 F: 7 1 
3924 10 3934 441 F: 10 
3932 5 3942 267 F: 2 3 
3934 10 3954 278 F: 3 3 4 
3948 8 3972 370 F: 8 
3955 13 3968 415 F: 13 
3972 11 3983 36 F: 4 4 3 
3980 10 4020 499 F: 4 4 2 
3997 8 4013 500 F: 8 
4005 11 4049 181 F: 6 5 
4011 8 4027 224 F: 2 4 2 
4015 6 4039 230 F: 6 
4019 9 4055 129 F: 4 3 2 
4027 5 4047 266 F: 5 
4048 9 4066 381 F: 2 3 4 
4066 10 4106 453 F: 4 2 4 
4077 5 4082 439 F: 4 1 
4081 8 4097 263 F: 7 1 
4089 7 4096 128 F: 2 5 
4112 8 4128 12 F: 7 1 
4116 7 4130 20 F: 4 1 2 
4117 7 4145 12 F: 3 2 2 
4120 8 4136 289 F: 8 
4135 9 4171 277 F: 4 4 1 
4154 12 4190 217 F: 12 
4164 8 4180 363 F: 2 4 2 
4170 10 4190 455 F: 7 3 
4189 5 4204 104 F: 5 
4199 3 4208 221 F: 3 
4203 7 4210 121 F: 4 3 
4209 11 4242 294 F: 5 6 
4216 8 4240 364 F: 5 3 
4240 9 4276 484 F: 7 2 
4251 6 4275 392 F: 6 
4256 3 4265 166 F: 2 1 
4272 13 4311 329 F: 13 
4284 6 4302 309 F: 5 1 
4285 5 4290 197 F: 5 
4298 5 4303 432 F: 3 1 1 
4313 8 4337 64 F: 2 4 2 
4333 7 4347 75 F: 3 1 3 
4333 13 4346 227 F: 13 
4334 9 4370 177 F: 9 
4336 9 4363 37 F: 9 
4342 8 4366 109 F: 4 3 1 
4386 12 4434 265 F: 12 
4393 8 4417 391 F: 6 2 
4393 12 4405 457 F: 12 
4396 8 4420 457 F: 4 3 1 
4404 7 4411 256 F: 7 
4405 10 4435 43 F: 3 4 3 
4430 8 4438 487 F: 8 
4464 2 4468 143 F: 2 
4478 10 4498 94 F: 4 2 4 
4479 6 4503 278 F: 4 2 
4485 11 4496 17 F: 5 3 3 
4497 6 4503 375 F: 3 3 
4497 7 4511 173 F: 3 2 2 
4497 8 4513 345 F: 5 3 
4506 4 4518 392 F: 4 
4507 13 4533 236 F: 7 6 
4518 8 4534 445 F: 3 3 2 
4518 9 4554 217 F: 4 1 4 
4527 7 4555 478 F: 3 3 1 
4539 9 4566 11 F: 3 2 4 
4576 10 4586 97 F: 5 4 1 
4580 5 4590 167 F: 5 
4582 10 4592 477 F: 4 4 2 
4593 8 4625 306 F: 4 1 3 
4624 5 4644 54 F: 2 3 
4625 12 4661 154 F: 12 
4628 9 4655 54 F: 5 4 
4650 3 4662 216 F: 3 
4659 10 4669 17 F: 3 4 3 
4660 12 4684 425 F: 12 
4663 5 4673 484 F: 5 
4663 9 4681 114 F: 5 1 3 
4672 7 4686 445 F: 2 5 
4682 5 4702 169 F: 5 
4700 6 4706 109 F: 6 
4709 12 4733 380 F: 5 3 4 
4713 7 4720 455 F: 7 
4713 13 4739 455 F: 13 
4733 10 4743 16 F: 3 3 4 
4734 6 4746 366 F: 3 3 
4743 10 4783 444 F: 10 
4767 5 4787 443 F: 3 1 1 
4767 13 4793 455 F: 13 
4773 11 4817 223 F: 7 4 
4820 10 4840 19 F: 5 3 2 
4822 6 4828 338 F: 3 3 
4828 10 4868 144 F: 4 3 3 
4831 9 4840 222 F: 4 3 2 
4847 4 4859 34 F: 2 2 
4868 9 4877 282 F: 4 5 
4872 6 4896 15 F: 2 3 1 
4889 10 4909 401 F: 4 4 2 
4893 9 4911 184 F: 6 3 
4898 6 4904 228 F: 3 3 
4939 7 4960 12 F: 4 1 2 
4941 8 4949 260 F: 2 4 2 
4948 10 4968 332 F: 6 4 
4950 10 4960 306 F: 4 6 
4959 10 4969 322 F: 10 
4975 10 5005 402 F: 4 4 2 
4982 9 5018 322 F: 2 3 4 
4988 13 5001 410 F: 13 
4991 8 5015 171 F: 8 
4992 6 5016 117 F: 6 
D: 2 433 
D: 6 176 
D: 9 369 
D: 11 19 
D: 24 77 
D: 46 60 
D: 48 462 
D: 52 372 
D: 52 402 
D: 55 478 
D: 58 210 
D: 60 70 
D: 66 216 
D: 73 173 
D: 75 203 
D: 82 297 
D: 84 224 
D: 94 281 
D: 100 146 
D: 101 435 
D: 109 397 
D: 112 392 
D: 116 179 
D: 123 490 
D: 130 408 
D: 134 465 
D: 137 212 
D: 139 242 
D: 143 169 
D: 173 471 
D: 184 247 
D: 188 394 
D: 202 251 
D: 204 347 
D: 224 369 
D: 227 316 
D: 230 444 
D: 243 428 
D: 254 485 
D: 262 405 
D: 264 277 
D: 287 461 
D: 290 360 
D: 292 481 
D: 298 478 
D: 307 328 
D: 310 401 
D: 321 357 
D: 338 360 
D: 354 399 
